geotop/1.0zi/1.0Montebello/Templates/testdem/maps/_Eocsand3910.asc
ncols         21
nrows         20
xllcorner     100.000000
yllcorner     100.000000
cellsize      50.000000
NODATA_value  -9999.0
0.000000 0.000000 0.000000 0.000000 0.000000 0.000000 0.000000 0.000000 0.000000 0.000000 0.000000 0.000000 0.000000 0.000000 0.000000 0.000000 0.000000 0.000000 0.000000 0.000000 0.000000
0.000000 0.000000 0.300098 0.300098 0.300097 0.300097 0.300097 0.300097 0.300098 0.300097 0.300097 0.300097 0.300097 0.300097 0.300097 0.300097 0.300098 0.300098 0.300098 0.000000 0.000000
0.000000 0.000000 0.300005 0.300004 0.300004 0.300004 0.300004 0.300003 0.300003 0.300004 0.300004 0.300004 0.300003 0.300003 0.300004 0.300004 0.300006 0.300006 0.300005 0.000000 0.000000
0.000000 0.000000 0.299972 0.299973 0.299974 0.299976 0.299973 0.299975 0.299973 0.299974 0.299973 0.299975 0.299975 0.299977 0.299976 0.299972 0.299972 0.299971 0.299972 0.000000 0.000000
0.000000 0.000000 0.299290 0.299283 0.299288 0.299289 0.299297 0.299303 0.299304 0.299308 0.299307 0.299305 0.299305 0.299305 0.299298 0.299299 0.299298 0.299294 0.299289 0.000000 0.000000
0.000000 0.000000 0.297108 0.297105 0.297114 0.297129 0.297139 0.297161 0.297162 0.297171 0.297163 0.297162 0.297159 0.297156 0.297151 0.297139 0.297133 0.297130 0.297125 0.000000 0.000000
0.000000 0.000000 0.293916 0.293917 0.293925 0.293951 0.293984 0.294021 0.294021 0.294028 0.294021 0.294022 0.294019 0.294009 0.293976 0.293947 0.293939 0.293934 0.293925 0.000000 0.000000
0.000000 0.000000 0.290309 0.290312 0.290322 0.290355 0.290391 0.290429 0.290426 0.290433 0.290431 0.290432 0.290430 0.290421 0.290379 0.290349 0.290335 0.290332 0.290322 0.000000 0.000000
0.000000 0.000000 0.286701 0.286706 0.286722 0.286747 0.286782 0.286826 0.286824 0.286832 0.286830 0.286828 0.286826 0.286815 0.286776 0.286742 0.286731 0.286727 0.286713 0.000000 0.000000
0.000000 0.000000 0.283119 0.283125 0.283137 0.283164 0.283205 0.283244 0.283240 0.283246 0.283245 0.283244 0.283243 0.283235 0.283192 0.283157 0.283147 0.283143 0.283133 0.000000 0.000000
0.000000 0.000000 0.279510 0.279516 0.279529 0.279551 0.279583 0.279630 0.279626 0.279636 0.279635 0.279633 0.279631 0.279622 0.279585 0.279560 0.279545 0.279540 0.279528 0.000000 0.000000
0.000000 0.000000 0.275798 0.275804 0.275819 0.275850 0.275885 0.275930 0.275931 0.275938 0.275936 0.275937 0.275933 0.275925 0.275877 0.275848 0.275834 0.275831 0.275789 0.000000 0.000000
0.000000 0.000000 0.272062 0.272069 0.272085 0.272110 0.272150 0.272233 0.272233 0.272241 0.272241 0.272240 0.272238 0.272227 0.272151 0.272116 0.272103 0.272098 0.272072 0.000000 0.000000
0.000000 0.000000 0.268139 0.268151 0.268164 0.268190 0.268277 0.268305 0.268318 0.268325 0.268323 0.268323 0.268322 0.268311 0.268278 0.268201 0.268187 0.268173 0.268157 0.000000 0.000000
0.000000 0.000000 0.263941 0.263951 0.263980 0.264052 0.264101 0.264155 0.264181 0.264191 0.264201 0.264201 0.264192 0.264190 0.264143 0.264085 0.264007 0.264012 0.264000 0.000000 0.000000
0.000000 0.000000 0.259644 0.259654 0.259738 0.259762 0.259797 0.259829 0.259836 0.259839 0.259835 0.259836 0.259840 0.259816 0.259793 0.259766 0.259765 0.259686 0.259664 0.000000 0.000000
0.000000 0.000000 0.254916 0.255012 0.255091 0.255129 0.255194 0.255229 0.255237 0.255242 0.255252 0.255251 0.255244 0.255240 0.255211 0.255147 0.255112 0.255067 0.254969 0.000000 0.000000
0.000000 0.000000 0.251159 0.251189 0.251139 0.251187 0.251249 0.251353 0.251364 0.251376 0.251372 0.251373 0.251371 0.251355 0.251258 0.251199 0.251140 0.251227 0.251179 0.000000 0.000000
0.000000 0.000000 0.300000 0.300000 0.300000 0.300000 0.300000 0.300000 0.300000 0.300000 0.300000 0.300000 0.300000 0.300000 0.300000 0.300000 0.300000 0.300000 0.300000 0.000000 0.000000
0.000000 0.000000 0.000000 0.000000 0.000000 0.000000 0.000000 0.000000 0.000000 0.000000 0.000000 0.000000 0.000000 0.000000 0.000000 0.000000 0.000000 0.000000 0.000000 0.000000 0.000000