geotop/1.0zi/1.0Montebello/Templates/testdem/maps/_Eocclay6813.asc
ncols         21
nrows         20
xllcorner     100.000000
yllcorner     100.000000
cellsize      50.000000
NODATA_value  -9999.0
0.000000 0.000000 0.000000 0.000000 0.000000 0.000000 0.000000 0.000000 0.000000 0.000000 0.000000 0.000000 0.000000 0.000000 0.000000 0.000000 0.000000 0.000000 0.000000 0.000000 0.000000
0.000000 0.000000 0.349697 0.349698 0.349698 0.349697 0.349699 0.349699 0.349698 0.349698 0.349697 0.349698 0.349698 0.349698 0.349699 0.349698 0.349697 0.349697 0.349698 0.000000 0.000000
0.000000 0.000000 0.349988 0.349988 0.349988 0.349989 0.349987 0.349987 0.349987 0.349987 0.349987 0.349987 0.349988 0.349986 0.349988 0.349988 0.349989 0.349989 0.349986 0.000000 0.000000
0.000000 0.000000 0.349979 0.349984 0.349981 0.349981 0.349983 0.349983 0.349984 0.349981 0.349986 0.349983 0.349983 0.349983 0.349982 0.349984 0.349982 0.349984 0.349983 0.000000 0.000000
0.000000 0.000000 0.350658 0.350656 0.350653 0.350651 0.350638 0.350636 0.350636 0.350638 0.350635 0.350636 0.350632 0.350635 0.350643 0.350643 0.350647 0.350649 0.350656 0.000000 0.000000
0.000000 0.000000 0.352702 0.352701 0.352692 0.352668 0.352659 0.352639 0.352640 0.352634 0.352638 0.352638 0.352640 0.352640 0.352647 0.352664 0.352675 0.352687 0.352693 0.000000 0.000000
0.000000 0.000000 0.355672 0.355669 0.355662 0.355643 0.355618 0.355587 0.355587 0.355581 0.355584 0.355585 0.355585 0.355585 0.355610 0.355635 0.355647 0.355657 0.355665 0.000000 0.000000
0.000000 0.000000 0.359230 0.359229 0.359223 0.359199 0.359174 0.359141 0.359141 0.359138 0.359138 0.359136 0.359134 0.359141 0.359167 0.359189 0.359209 0.359216 0.359228 0.000000 0.000000
0.000000 0.000000 0.362920 0.362916 0.362904 0.362890 0.362865 0.362832 0.362834 0.362827 0.362825 0.362824 0.362824 0.362823 0.362855 0.362883 0.362898 0.362904 0.362914 0.000000 0.000000
0.000000 0.000000 0.366724 0.366716 0.366711 0.366698 0.366662 0.366632 0.366633 0.366628 0.366624 0.366628 0.366633 0.366629 0.366656 0.366688 0.366705 0.366710 0.366718 0.000000 0.000000
0.000000 0.000000 0.370745 0.370740 0.370734 0.370706 0.370682 0.370647 0.370655 0.370636 0.370638 0.370639 0.370633 0.370644 0.370666 0.370686 0.370708 0.370719 0.370737 0.000000 0.000000
0.000000 0.000000 0.375051 0.375041 0.375028 0.375008 0.374984 0.374942 0.374942 0.374933 0.374944 0.374931 0.374933 0.374937 0.374977 0.374998 0.375014 0.375021 0.375062 0.000000 0.000000
0.000000 0.000000 0.379570 0.379558 0.379552 0.379529 0.379507 0.379411 0.379410 0.379403 0.379381 0.379393 0.379399 0.379407 0.379479 0.379501 0.379536 0.379540 0.379566 0.000000 0.000000
0.000000 0.000000 0.384617 0.384612 0.384594 0.384576 0.384474 0.384459 0.384437 0.384436 0.384435 0.384434 0.384433 0.384429 0.384434 0.384543 0.384569 0.384596 0.384626 0.000000 0.000000
0.000000 0.000000 0.390327 0.390319 0.390294 0.390177 0.390156 0.390099 0.390062 0.390055 0.390036 0.390022 0.390035 0.390029 0.390081 0.390114 0.390273 0.390257 0.390271 0.000000 0.000000
0.000000 0.000000 0.396503 0.396494 0.396331 0.396328 0.396321 0.396289 0.396335 0.396313 0.396336 0.396319 0.396298 0.396335 0.396352 0.396364 0.396314 0.396526 0.396528 0.000000 0.000000
0.000000 0.000000 0.403901 0.403662 0.403630 0.403559 0.403442 0.403399 0.403363 0.403368 0.403310 0.403310 0.403339 0.403318 0.403378 0.403468 0.403618 0.403600 0.403845 0.000000 0.000000
0.000000 0.000000 0.408543 0.408642 0.408869 0.408829 0.408782 0.408567 0.408571 0.408519 0.408577 0.408562 0.408567 0.408581 0.408775 0.408813 0.408908 0.408688 0.408601 0.000000 0.000000
0.000000 0.000000 0.350000 0.350000 0.350000 0.350000 0.350000 0.350000 0.350000 0.350000 0.350000 0.350000 0.350000 0.350000 0.350000 0.350000 0.350000 0.350000 0.350000 0.000000 0.000000
0.000000 0.000000 0.000000 0.000000 0.000000 0.000000 0.000000 0.000000 0.000000 0.000000 0.000000 0.000000 0.000000 0.000000 0.000000 0.000000 0.000000 0.000000 0.000000 0.000000 0.000000