geotop/1.0zi/1.0Montebello/Templates/testdem/maps/_Eocsand4400.asc
ncols         21
nrows         20
xllcorner     100.000000
yllcorner     100.000000
cellsize      50.000000
NODATA_value  -9999.0
0.000000 0.000000 0.000000 0.000000 0.000000 0.000000 0.000000 0.000000 0.000000 0.000000 0.000000 0.000000 0.000000 0.000000 0.000000 0.000000 0.000000 0.000000 0.000000 0.000000 0.000000
0.000000 0.000000 0.300108 0.300107 0.300107 0.300107 0.300107 0.300107 0.300107 0.300107 0.300107 0.300107 0.300107 0.300107 0.300107 0.300107 0.300107 0.300107 0.300108 0.000000 0.000000
0.000000 0.000000 0.300005 0.300004 0.300004 0.300004 0.300004 0.300004 0.300004 0.300004 0.300004 0.300004 0.300004 0.300004 0.300004 0.300004 0.300006 0.300006 0.300005 0.000000 0.000000
0.000000 0.000000 0.299974 0.299973 0.299976 0.299979 0.299977 0.299979 0.299977 0.299978 0.299977 0.299979 0.299979 0.299980 0.299976 0.299972 0.299973 0.299971 0.299973 0.000000 0.000000
0.000000 0.000000 0.299286 0.299285 0.299289 0.299288 0.299296 0.299300 0.299301 0.299304 0.299306 0.299301 0.299305 0.299304 0.299300 0.299300 0.299301 0.299296 0.299291 0.000000 0.000000
0.000000 0.000000 0.296977 0.296975 0.296983 0.296998 0.297002 0.297024 0.297025 0.297035 0.297027 0.297025 0.297021 0.297027 0.297028 0.297017 0.297008 0.297004 0.296997 0.000000 0.000000
0.000000 0.000000 0.293432 0.293437 0.293442 0.293461 0.293486 0.293520 0.293518 0.293524 0.293518 0.293520 0.293524 0.293524 0.293501 0.293473 0.293461 0.293451 0.293440 0.000000 0.000000
0.000000 0.000000 0.289314 0.289318 0.289320 0.289341 0.289364 0.289397 0.289392 0.289399 0.289398 0.289399 0.289406 0.289411 0.289380 0.289351 0.289334 0.289330 0.289318 0.000000 0.000000
0.000000 0.000000 0.285155 0.285162 0.285170 0.285183 0.285206 0.285244 0.285240 0.285248 0.285247 0.285246 0.285253 0.285255 0.285226 0.285192 0.285179 0.285173 0.285158 0.000000 0.000000
0.000000 0.000000 0.281009 0.281016 0.281020 0.281035 0.281064 0.281097 0.281090 0.281096 0.281096 0.281095 0.281103 0.281110 0.281076 0.281042 0.281030 0.281024 0.281013 0.000000 0.000000
0.000000 0.000000 0.276807 0.276814 0.276819 0.276827 0.276847 0.276888 0.276882 0.276892 0.276892 0.276890 0.276898 0.276903 0.276876 0.276852 0.276835 0.276828 0.276814 0.000000 0.000000
0.000000 0.000000 0.272463 0.272471 0.272478 0.272495 0.272517 0.272557 0.272556 0.272562 0.272561 0.272563 0.272569 0.272575 0.272538 0.272508 0.272493 0.272487 0.272442 0.000000 0.000000
0.000000 0.000000 0.268064 0.268072 0.268080 0.268091 0.268118 0.268204 0.268201 0.268209 0.268210 0.268209 0.268218 0.268222 0.268148 0.268113 0.268098 0.268092 0.268064 0.000000 0.000000
0.000000 0.000000 0.263414 0.263429 0.263434 0.263445 0.263530 0.263550 0.263562 0.263568 0.263568 0.263568 0.263578 0.263583 0.263562 0.263474 0.263457 0.263440 0.263424 0.000000 0.000000
0.000000 0.000000 0.258407 0.258419 0.258441 0.258511 0.258548 0.258600 0.258626 0.258635 0.258649 0.258650 0.258651 0.258666 0.258627 0.258566 0.258470 0.258475 0.258462 0.000000 0.000000
0.000000 0.000000 0.253244 0.253256 0.253350 0.253358 0.253379 0.253403 0.253405 0.253407 0.253403 0.253405 0.253423 0.253412 0.253402 0.253377 0.253377 0.253275 0.253250 0.000000 0.000000
0.000000 0.000000 0.247515 0.247642 0.247721 0.247747 0.247806 0.247837 0.247843 0.247848 0.247863 0.247863 0.247866 0.247882 0.247862 0.247788 0.247742 0.247690 0.247565 0.000000 0.000000
0.000000 0.000000 0.243029 0.243059 0.242979 0.243017 0.243068 0.243190 0.243199 0.243211 0.243207 0.243209 0.243222 0.243220 0.243112 0.243048 0.242977 0.243085 0.243033 0.000000 0.000000
0.000000 0.000000 0.300000 0.300000 0.300000 0.300000 0.300000 0.300000 0.300000 0.300000 0.300000 0.300000 0.300000 0.300000 0.300000 0.300000 0.300000 0.300000 0.300000 0.000000 0.000000
0.000000 0.000000 0.000000 0.000000 0.000000 0.000000 0.000000 0.000000 0.000000 0.000000 0.000000 0.000000 0.000000 0.000000 0.000000 0.000000 0.000000 0.000000 0.000000 0.000000 0.000000