geotop/1.0zi/1.0Montebello/Templates/testdem/maps/_Eocsand1708.asc
ncols         21
nrows         20
xllcorner     100.000000
yllcorner     100.000000
cellsize      50.000000
NODATA_value  -9999.0
0.000000 0.000000 0.000000 0.000000 0.000000 0.000000 0.000000 0.000000 0.000000 0.000000 0.000000 0.000000 0.000000 0.000000 0.000000 0.000000 0.000000 0.000000 0.000000 0.000000 0.000000
0.000000 0.000000 0.300052 0.300052 0.300052 0.300052 0.300052 0.300052 0.300052 0.300052 0.300052 0.300052 0.300052 0.300052 0.300052 0.300052 0.300052 0.300052 0.300052 0.000000 0.000000
0.000000 0.000000 0.300008 0.300008 0.300009 0.300008 0.300008 0.300008 0.300008 0.300008 0.300008 0.300008 0.300008 0.300008 0.300008 0.300008 0.300009 0.300008 0.300008 0.000000 0.000000
0.000000 0.000000 0.298721 0.298722 0.298727 0.298724 0.298721 0.298721 0.298722 0.298721 0.298721 0.298721 0.298722 0.298721 0.298721 0.298724 0.298727 0.298722 0.298721 0.000000 0.000000
0.000000 0.000000 0.293804 0.293805 0.293809 0.293808 0.293802 0.293803 0.293803 0.293801 0.293802 0.293801 0.293803 0.293803 0.293802 0.293808 0.293809 0.293805 0.293804 0.000000 0.000000
0.000000 0.000000 0.287997 0.287998 0.288001 0.288001 0.287995 0.287997 0.287997 0.287996 0.287996 0.287996 0.287997 0.287997 0.287995 0.288001 0.288001 0.287998 0.287997 0.000000 0.000000
0.000000 0.000000 0.282582 0.282582 0.282585 0.282584 0.282580 0.282581 0.282581 0.282580 0.282580 0.282580 0.282581 0.282581 0.282580 0.282584 0.282585 0.282582 0.282582 0.000000 0.000000
0.000000 0.000000 0.277601 0.277602 0.277605 0.277604 0.277600 0.277601 0.277601 0.277600 0.277600 0.277600 0.277601 0.277601 0.277600 0.277604 0.277605 0.277602 0.277601 0.000000 0.000000
0.000000 0.000000 0.272937 0.272937 0.272940 0.272939 0.272936 0.272936 0.272937 0.272936 0.272936 0.272936 0.272937 0.272936 0.272936 0.272939 0.272940 0.272937 0.272937 0.000000 0.000000
0.000000 0.000000 0.268474 0.268474 0.268477 0.268476 0.268473 0.268474 0.268474 0.268473 0.268473 0.268473 0.268474 0.268474 0.268473 0.268476 0.268477 0.268474 0.268474 0.000000 0.000000
0.000000 0.000000 0.264166 0.264166 0.264169 0.264168 0.264165 0.264166 0.264166 0.264165 0.264165 0.264165 0.264166 0.264166 0.264165 0.264168 0.264169 0.264166 0.264166 0.000000 0.000000
0.000000 0.000000 0.259973 0.259973 0.259976 0.259975 0.259972 0.259973 0.259973 0.259972 0.259972 0.259972 0.259973 0.259973 0.259972 0.259975 0.259976 0.259973 0.259973 0.000000 0.000000
0.000000 0.000000 0.255864 0.255865 0.255867 0.255866 0.255864 0.255864 0.255864 0.255864 0.255864 0.255864 0.255864 0.255864 0.255864 0.255866 0.255867 0.255865 0.255864 0.000000 0.000000
0.000000 0.000000 0.251839 0.251839 0.251842 0.251840 0.251838 0.251838 0.251838 0.251838 0.251838 0.251838 0.251838 0.251838 0.251838 0.251840 0.251842 0.251839 0.251839 0.000000 0.000000
0.000000 0.000000 0.247875 0.247875 0.247878 0.247877 0.247874 0.247875 0.247875 0.247874 0.247874 0.247874 0.247875 0.247875 0.247874 0.247877 0.247878 0.247875 0.247875 0.000000 0.000000
0.000000 0.000000 0.243960 0.243961 0.243963 0.243962 0.243960 0.243960 0.243960 0.243960 0.243960 0.243960 0.243960 0.243960 0.243960 0.243962 0.243963 0.243961 0.243960 0.000000 0.000000
0.000000 0.000000 0.240094 0.240095 0.240097 0.240096 0.240093 0.240094 0.240094 0.240093 0.240094 0.240093 0.240094 0.240094 0.240093 0.240096 0.240097 0.240095 0.240094 0.000000 0.000000
0.000000 0.000000 0.236202 0.236202 0.236204 0.236203 0.236200 0.236201 0.236201 0.236200 0.236200 0.236200 0.236201 0.236201 0.236200 0.236203 0.236204 0.236202 0.236201 0.000000 0.000000
0.000000 0.000000 0.300000 0.300000 0.300000 0.300000 0.300000 0.300000 0.300000 0.300000 0.300000 0.300000 0.300000 0.300000 0.300000 0.300000 0.300000 0.300000 0.300000 0.000000 0.000000
0.000000 0.000000 0.000000 0.000000 0.000000 0.000000 0.000000 0.000000 0.000000 0.000000 0.000000 0.000000 0.000000 0.000000 0.000000 0.000000 0.000000 0.000000 0.000000 0.000000 0.000000