geotop/1.0zi/1.0Montebello/Templates/testdem/maps/_Eocsand8024.asc
ncols         21
nrows         20
xllcorner     100.000000
yllcorner     100.000000
cellsize      50.000000
NODATA_value  -9999.0
0.000000 0.000000 0.000000 0.000000 0.000000 0.000000 0.000000 0.000000 0.000000 0.000000 0.000000 0.000000 0.000000 0.000000 0.000000 0.000000 0.000000 0.000000 0.000000 0.000000 0.000000
0.000000 0.000000 0.300205 0.300203 0.300203 0.300203 0.300202 0.300202 0.300202 0.300202 0.300203 0.300202 0.300203 0.300203 0.300202 0.300203 0.300204 0.300204 0.300204 0.000000 0.000000
0.000000 0.000000 0.300011 0.300012 0.300011 0.300010 0.300011 0.300012 0.300011 0.300011 0.300012 0.300012 0.300011 0.300011 0.300011 0.300011 0.300012 0.300013 0.300013 0.000000 0.000000
0.000000 0.000000 0.299894 0.299893 0.299898 0.299906 0.299901 0.299909 0.299904 0.299906 0.299906 0.299906 0.299906 0.299908 0.299903 0.299898 0.299896 0.299893 0.299893 0.000000 0.000000
0.000000 0.000000 0.297978 0.297976 0.297984 0.298000 0.298023 0.298032 0.298039 0.298037 0.298041 0.298040 0.298044 0.298038 0.298014 0.298007 0.297996 0.297984 0.297975 0.000000 0.000000
0.000000 0.000000 0.292463 0.292464 0.292487 0.292532 0.292567 0.292614 0.292614 0.292627 0.292619 0.292620 0.292616 0.292616 0.292593 0.292559 0.292531 0.292508 0.292497 0.000000 0.000000
0.000000 0.000000 0.284740 0.284747 0.284768 0.284819 0.284883 0.284956 0.284957 0.284967 0.284964 0.284966 0.284969 0.284963 0.284899 0.284842 0.284807 0.284780 0.284765 0.000000 0.000000
0.000000 0.000000 0.275602 0.275607 0.275623 0.275681 0.275743 0.275823 0.275824 0.275833 0.275835 0.275841 0.275845 0.275830 0.275761 0.275706 0.275654 0.275638 0.275614 0.000000 0.000000
0.000000 0.000000 0.265858 0.265874 0.265904 0.265942 0.266008 0.266095 0.266091 0.266110 0.266115 0.266119 0.266117 0.266119 0.266034 0.265965 0.265923 0.265903 0.265883 0.000000 0.000000
0.000000 0.000000 0.255582 0.255601 0.255617 0.255655 0.255750 0.255829 0.255829 0.255839 0.255851 0.255845 0.255833 0.255838 0.255766 0.255687 0.255638 0.255622 0.255607 0.000000 0.000000
0.000000 0.000000 0.244448 0.244461 0.244480 0.244561 0.244628 0.244720 0.244701 0.244750 0.244744 0.244747 0.244764 0.244731 0.244666 0.244616 0.244554 0.244521 0.244480 0.000000 0.000000
0.000000 0.000000 0.232123 0.232156 0.232196 0.232248 0.232323 0.232439 0.232446 0.232460 0.232434 0.232474 0.232463 0.232456 0.232337 0.232276 0.232233 0.232210 0.232106 0.000000 0.000000
0.000000 0.000000 0.218830 0.218863 0.218879 0.218954 0.219020 0.219318 0.219322 0.219340 0.219418 0.219378 0.219361 0.219334 0.219107 0.219045 0.218931 0.218919 0.218868 0.000000 0.000000
0.000000 0.000000 0.203304 0.203315 0.203378 0.203431 0.203801 0.203780 0.203857 0.203856 0.203835 0.203857 0.203867 0.203883 0.203912 0.203529 0.203464 0.203364 0.203292 0.000000 0.000000
0.000000 0.000000 0.185056 0.185090 0.185168 0.185633 0.185607 0.185837 0.185945 0.185971 0.186048 0.186105 0.186054 0.186064 0.185841 0.185839 0.185224 0.185315 0.185302 0.000000 0.000000
0.000000 0.000000 0.165039 0.165070 0.165742 0.165579 0.165628 0.165701 0.165456 0.165536 0.165409 0.165460 0.165567 0.165400 0.165377 0.165341 0.165802 0.164846 0.164861 0.000000 0.000000
0.000000 0.000000 0.140169 0.141228 0.141042 0.141430 0.141964 0.142119 0.142396 0.142332 0.142641 0.142617 0.142443 0.142610 0.142345 0.141952 0.141081 0.141612 0.140515 0.000000 0.000000
0.000000 0.000000 0.130492 0.129534 0.128617 0.128625 0.128600 0.129478 0.129344 0.129598 0.129195 0.129279 0.129335 0.129200 0.128462 0.128482 0.128450 0.129184 0.130121 0.000000 0.000000
0.000000 0.000000 0.300000 0.300000 0.300000 0.300000 0.300000 0.300000 0.300000 0.300000 0.300000 0.300000 0.300000 0.300000 0.300000 0.300000 0.300000 0.300000 0.300000 0.000000 0.000000
0.000000 0.000000 0.000000 0.000000 0.000000 0.000000 0.000000 0.000000 0.000000 0.000000 0.000000 0.000000 0.000000 0.000000 0.000000 0.000000 0.000000 0.000000 0.000000 0.000000 0.000000