geotop/1.0zi/1.0Montebello/Templates/testdem/maps/_Eocclay7740.asc
ncols         21
nrows         20
xllcorner     100.000000
yllcorner     100.000000
cellsize      50.000000
NODATA_value  -9999.0
0.000000 0.000000 0.000000 0.000000 0.000000 0.000000 0.000000 0.000000 0.000000 0.000000 0.000000 0.000000 0.000000 0.000000 0.000000 0.000000 0.000000 0.000000 0.000000 0.000000 0.000000
0.000000 0.000000 0.349645 0.349647 0.349647 0.349646 0.349648 0.349648 0.349647 0.349648 0.349646 0.349648 0.349648 0.349647 0.349648 0.349647 0.349645 0.349646 0.349646 0.000000 0.000000
0.000000 0.000000 0.349985 0.349984 0.349985 0.349986 0.349984 0.349984 0.349984 0.349984 0.349983 0.349983 0.349984 0.349983 0.349984 0.349985 0.349985 0.349984 0.349983 0.000000 0.000000
0.000000 0.000000 0.350003 0.350008 0.350004 0.350004 0.350007 0.350004 0.350006 0.350003 0.350006 0.350004 0.350004 0.350003 0.350005 0.350007 0.350006 0.350009 0.350008 0.000000 0.000000
0.000000 0.000000 0.350958 0.350955 0.350951 0.350946 0.350930 0.350928 0.350926 0.350929 0.350925 0.350926 0.350922 0.350926 0.350935 0.350937 0.350945 0.350947 0.350953 0.000000 0.000000
0.000000 0.000000 0.353608 0.353606 0.353594 0.353566 0.353552 0.353529 0.353530 0.353522 0.353526 0.353525 0.353528 0.353530 0.353540 0.353560 0.353574 0.353589 0.353594 0.000000 0.000000
0.000000 0.000000 0.357273 0.357269 0.357261 0.357237 0.357207 0.357170 0.357169 0.357163 0.357165 0.357166 0.357166 0.357167 0.357199 0.357227 0.357243 0.357256 0.357264 0.000000 0.000000
0.000000 0.000000 0.361633 0.361630 0.361622 0.361593 0.361564 0.361524 0.361524 0.361519 0.361519 0.361516 0.361514 0.361522 0.361556 0.361581 0.361606 0.361615 0.361627 0.000000 0.000000
0.000000 0.000000 0.366231 0.366224 0.366210 0.366192 0.366161 0.366120 0.366123 0.366113 0.366111 0.366109 0.366110 0.366109 0.366149 0.366182 0.366201 0.366211 0.366220 0.000000 0.000000
0.000000 0.000000 0.371072 0.371062 0.371055 0.371037 0.370992 0.370955 0.370955 0.370950 0.370944 0.370947 0.370953 0.370951 0.370985 0.371023 0.371046 0.371054 0.371061 0.000000 0.000000
0.000000 0.000000 0.376306 0.376299 0.376291 0.376253 0.376222 0.376178 0.376187 0.376163 0.376166 0.376165 0.376157 0.376173 0.376204 0.376227 0.376256 0.376272 0.376292 0.000000 0.000000
0.000000 0.000000 0.382059 0.382044 0.382026 0.382000 0.381966 0.381912 0.381909 0.381901 0.381914 0.381895 0.381899 0.381903 0.381959 0.381987 0.382007 0.382019 0.382068 0.000000 0.000000
0.000000 0.000000 0.388233 0.388217 0.388210 0.388175 0.388144 0.388008 0.388006 0.387997 0.387962 0.387980 0.387988 0.388001 0.388106 0.388134 0.388186 0.388192 0.388218 0.000000 0.000000
0.000000 0.000000 0.395381 0.395374 0.395347 0.395321 0.395157 0.395159 0.395125 0.395124 0.395131 0.395123 0.395119 0.395113 0.395105 0.395276 0.395308 0.395353 0.395388 0.000000 0.000000
0.000000 0.000000 0.403731 0.403716 0.403680 0.403476 0.403479 0.403380 0.403329 0.403317 0.403284 0.403259 0.403281 0.403275 0.403373 0.403384 0.403653 0.403617 0.403626 0.000000 0.000000
0.000000 0.000000 0.412918 0.412903 0.412611 0.412666 0.412648 0.412611 0.412713 0.412677 0.412729 0.412704 0.412659 0.412732 0.412748 0.412763 0.412583 0.412994 0.412988 0.000000 0.000000
0.000000 0.000000 0.424386 0.423919 0.423973 0.423809 0.423576 0.423508 0.423398 0.423422 0.423292 0.423300 0.423372 0.423306 0.423421 0.423593 0.423954 0.423764 0.424245 0.000000 0.000000
0.000000 0.000000 0.429504 0.429898 0.430325 0.430308 0.430301 0.429900 0.429949 0.429837 0.430006 0.429969 0.429951 0.430006 0.430349 0.430353 0.430401 0.430044 0.429661 0.000000 0.000000
0.000000 0.000000 0.350000 0.350000 0.350000 0.350000 0.350000 0.350000 0.350000 0.350000 0.350000 0.350000 0.350000 0.350000 0.350000 0.350000 0.350000 0.350000 0.350000 0.000000 0.000000
0.000000 0.000000 0.000000 0.000000 0.000000 0.000000 0.000000 0.000000 0.000000 0.000000 0.000000 0.000000 0.000000 0.000000 0.000000 0.000000 0.000000 0.000000 0.000000 0.000000 0.000000