geotop/1.0zi/1.0Montebello/Templates/testdem/maps/_Eocsilt9144.asc
ncols         21
nrows         20
xllcorner     100.000000
yllcorner     100.000000
cellsize      50.000000
NODATA_value  -9999.0
0.000000 0.000000 0.000000 0.000000 0.000000 0.000000 0.000000 0.000000 0.000000 0.000000 0.000000 0.000000 0.000000 0.000000 0.000000 0.000000 0.000000 0.000000 0.000000 0.000000 0.000000
0.000000 0.000000 0.350194 0.350194 0.350194 0.350195 0.350194 0.350194 0.350194 0.350194 0.350194 0.350194 0.350194 0.350194 0.350194 0.350194 0.350195 0.350195 0.350194 0.000000 0.000000
0.000000 0.000000 0.350005 0.350005 0.350006 0.350005 0.350006 0.350006 0.350006 0.350006 0.350006 0.350006 0.350007 0.350007 0.350006 0.350005 0.350004 0.350004 0.350005 0.000000 0.000000
0.000000 0.000000 0.350123 0.350119 0.350114 0.350109 0.350109 0.350104 0.350107 0.350108 0.350104 0.350107 0.350107 0.350107 0.350110 0.350114 0.350119 0.350119 0.350122 0.000000 0.000000
0.000000 0.000000 0.351266 0.351271 0.351260 0.351244 0.351234 0.351230 0.351231 0.351228 0.351228 0.351230 0.351234 0.351232 0.351246 0.351252 0.351255 0.351259 0.351261 0.000000 0.000000
0.000000 0.000000 0.354523 0.354517 0.354502 0.354483 0.354454 0.354433 0.354430 0.354424 0.354428 0.354428 0.354432 0.354429 0.354444 0.354462 0.354472 0.354476 0.354483 0.000000 0.000000
0.000000 0.000000 0.359160 0.359150 0.359134 0.359102 0.359064 0.359016 0.359020 0.359017 0.359015 0.359014 0.359011 0.359017 0.359054 0.359082 0.359101 0.359112 0.359120 0.000000 0.000000
0.000000 0.000000 0.364638 0.364626 0.364614 0.364580 0.364541 0.364498 0.364500 0.364494 0.364492 0.364489 0.364486 0.364494 0.364530 0.364563 0.364593 0.364595 0.364609 0.000000 0.000000
0.000000 0.000000 0.370605 0.370588 0.370568 0.370543 0.370498 0.370446 0.370451 0.370440 0.370436 0.370433 0.370435 0.370434 0.370486 0.370523 0.370546 0.370553 0.370566 0.000000 0.000000
0.000000 0.000000 0.377058 0.377039 0.377023 0.376996 0.376938 0.376890 0.376892 0.376885 0.376876 0.376880 0.376886 0.376885 0.376925 0.376974 0.377000 0.377006 0.377013 0.000000 0.000000
0.000000 0.000000 0.384226 0.384211 0.384198 0.384134 0.384097 0.384035 0.384051 0.384017 0.384022 0.384017 0.384005 0.384026 0.384070 0.384099 0.384135 0.384147 0.384176 0.000000 0.000000
0.000000 0.000000 0.392410 0.392378 0.392342 0.392311 0.392257 0.392182 0.392183 0.392177 0.392191 0.392161 0.392174 0.392174 0.392251 0.392293 0.392312 0.392320 0.392383 0.000000 0.000000
0.000000 0.000000 0.401471 0.401442 0.401432 0.401365 0.401320 0.401107 0.401107 0.401095 0.401029 0.401067 0.401074 0.401095 0.401257 0.401295 0.401370 0.401372 0.401396 0.000000 0.000000
0.000000 0.000000 0.412476 0.412463 0.412403 0.412360 0.412066 0.412137 0.412079 0.412080 0.412111 0.412079 0.412072 0.412048 0.411982 0.412297 0.412318 0.412387 0.412436 0.000000 0.000000
0.000000 0.000000 0.425441 0.425401 0.425334 0.424950 0.425055 0.424842 0.424775 0.424754 0.424677 0.424639 0.424682 0.424681 0.424879 0.424788 0.425289 0.425177 0.425170 0.000000 0.000000
0.000000 0.000000 0.438689 0.438658 0.438146 0.438367 0.438297 0.438298 0.438515 0.438454 0.438567 0.438541 0.438449 0.438573 0.438530 0.438589 0.438079 0.438834 0.438822 0.000000 0.000000
0.000000 0.000000 0.452621 0.452040 0.452233 0.451975 0.451685 0.451595 0.451401 0.451446 0.451250 0.451272 0.451385 0.451267 0.451424 0.451636 0.452197 0.451754 0.452354 0.000000 0.000000
0.000000 0.000000 0.456944 0.457284 0.457653 0.457617 0.457604 0.457245 0.457291 0.457191 0.457344 0.457310 0.457293 0.457340 0.457640 0.457652 0.457696 0.457376 0.457037 0.000000 0.000000
0.000000 0.000000 0.350000 0.350000 0.350000 0.350000 0.350000 0.350000 0.350000 0.350000 0.350000 0.350000 0.350000 0.350000 0.350000 0.350000 0.350000 0.350000 0.350000 0.000000 0.000000
0.000000 0.000000 0.000000 0.000000 0.000000 0.000000 0.000000 0.000000 0.000000 0.000000 0.000000 0.000000 0.000000 0.000000 0.000000 0.000000 0.000000 0.000000 0.000000 0.000000 0.000000