geotop/1.0zi/1.0Montebello/Templates/testdem/maps/_Eocclay2570.asc
ncols         21
nrows         20
xllcorner     100.000000
yllcorner     100.000000
cellsize      50.000000
NODATA_value  -9999.0
0.000000 0.000000 0.000000 0.000000 0.000000 0.000000 0.000000 0.000000 0.000000 0.000000 0.000000 0.000000 0.000000 0.000000 0.000000 0.000000 0.000000 0.000000 0.000000 0.000000 0.000000
0.000000 0.000000 0.349863 0.349863 0.349863 0.349863 0.349863 0.349863 0.349863 0.349863 0.349862 0.349863 0.349863 0.349863 0.349863 0.349863 0.349863 0.349863 0.349863 0.000000 0.000000
0.000000 0.000000 0.349990 0.349990 0.349989 0.349990 0.349990 0.349990 0.349990 0.349990 0.349990 0.349990 0.349990 0.349990 0.349990 0.349990 0.349989 0.349990 0.349990 0.000000 0.000000
0.000000 0.000000 0.350800 0.350800 0.350798 0.350799 0.350800 0.350800 0.350800 0.350800 0.350800 0.350800 0.350800 0.350800 0.350800 0.350799 0.350798 0.350800 0.350800 0.000000 0.000000
0.000000 0.000000 0.354494 0.354493 0.354491 0.354491 0.354495 0.354494 0.354494 0.354495 0.354496 0.354495 0.354494 0.354494 0.354495 0.354491 0.354491 0.354493 0.354494 0.000000 0.000000
0.000000 0.000000 0.358755 0.358754 0.358753 0.358753 0.358756 0.358755 0.358755 0.358756 0.358756 0.358756 0.358755 0.358755 0.358756 0.358753 0.358753 0.358754 0.358755 0.000000 0.000000
0.000000 0.000000 0.362798 0.362797 0.362796 0.362796 0.362798 0.362797 0.362797 0.362798 0.362799 0.362798 0.362797 0.362797 0.362798 0.362796 0.362796 0.362797 0.362798 0.000000 0.000000
0.000000 0.000000 0.366509 0.366509 0.366508 0.366508 0.366510 0.366509 0.366509 0.366510 0.366510 0.366510 0.366509 0.366509 0.366510 0.366508 0.366508 0.366509 0.366509 0.000000 0.000000
0.000000 0.000000 0.369969 0.369969 0.369968 0.369968 0.369970 0.369969 0.369969 0.369970 0.369970 0.369970 0.369969 0.369969 0.369970 0.369968 0.369968 0.369969 0.369969 0.000000 0.000000
0.000000 0.000000 0.373256 0.373255 0.373254 0.373255 0.373256 0.373255 0.373255 0.373256 0.373256 0.373256 0.373255 0.373255 0.373256 0.373255 0.373254 0.373255 0.373256 0.000000 0.000000
0.000000 0.000000 0.376408 0.376407 0.376406 0.376407 0.376408 0.376407 0.376408 0.376408 0.376408 0.376408 0.376408 0.376407 0.376408 0.376407 0.376406 0.376407 0.376408 0.000000 0.000000
0.000000 0.000000 0.379454 0.379454 0.379453 0.379453 0.379455 0.379454 0.379454 0.379455 0.379455 0.379455 0.379454 0.379454 0.379455 0.379453 0.379453 0.379454 0.379454 0.000000 0.000000
0.000000 0.000000 0.382418 0.382417 0.382416 0.382417 0.382418 0.382417 0.382417 0.382418 0.382418 0.382418 0.382417 0.382417 0.382418 0.382417 0.382416 0.382417 0.382418 0.000000 0.000000
0.000000 0.000000 0.385312 0.385311 0.385310 0.385311 0.385312 0.385311 0.385311 0.385312 0.385312 0.385312 0.385311 0.385311 0.385312 0.385311 0.385310 0.385311 0.385312 0.000000 0.000000
0.000000 0.000000 0.388147 0.388146 0.388145 0.388146 0.388147 0.388147 0.388147 0.388147 0.388147 0.388147 0.388147 0.388147 0.388147 0.388146 0.388145 0.388146 0.388147 0.000000 0.000000
0.000000 0.000000 0.390928 0.390928 0.390927 0.390927 0.390928 0.390928 0.390928 0.390928 0.390929 0.390928 0.390928 0.390928 0.390928 0.390927 0.390927 0.390928 0.390928 0.000000 0.000000
0.000000 0.000000 0.393658 0.393658 0.393657 0.393658 0.393659 0.393658 0.393658 0.393659 0.393659 0.393659 0.393658 0.393658 0.393659 0.393658 0.393657 0.393658 0.393658 0.000000 0.000000
0.000000 0.000000 0.396379 0.396379 0.396378 0.396378 0.396380 0.396379 0.396379 0.396380 0.396380 0.396380 0.396379 0.396379 0.396380 0.396378 0.396378 0.396379 0.396379 0.000000 0.000000
0.000000 0.000000 0.350000 0.350000 0.350000 0.350000 0.350000 0.350000 0.350000 0.350000 0.350000 0.350000 0.350000 0.350000 0.350000 0.350000 0.350000 0.350000 0.350000 0.000000 0.000000
0.000000 0.000000 0.000000 0.000000 0.000000 0.000000 0.000000 0.000000 0.000000 0.000000 0.000000 0.000000 0.000000 0.000000 0.000000 0.000000 0.000000 0.000000 0.000000 0.000000 0.000000