geotop/1.0zi/1.0Montebello/Templates/testdem/maps/_Eocsilt6171.asc
ncols         21
nrows         20
xllcorner     100.000000
yllcorner     100.000000
cellsize      50.000000
NODATA_value  -9999.0
0.000000 0.000000 0.000000 0.000000 0.000000 0.000000 0.000000 0.000000 0.000000 0.000000 0.000000 0.000000 0.000000 0.000000 0.000000 0.000000 0.000000 0.000000 0.000000 0.000000 0.000000
0.000000 0.000000 0.350120 0.350120 0.350121 0.350121 0.350120 0.350121 0.350121 0.350120 0.350121 0.350120 0.350120 0.350120 0.350120 0.350121 0.350121 0.350121 0.350120 0.000000 0.000000
0.000000 0.000000 0.350002 0.350002 0.350002 0.350003 0.350003 0.350003 0.350003 0.350003 0.350003 0.350003 0.350004 0.350004 0.350003 0.350003 0.350001 0.350001 0.350002 0.000000 0.000000
0.000000 0.000000 0.350047 0.350046 0.350045 0.350040 0.350041 0.350039 0.350041 0.350042 0.350040 0.350039 0.350040 0.350039 0.350042 0.350045 0.350046 0.350048 0.350047 0.000000 0.000000
0.000000 0.000000 0.350550 0.350553 0.350553 0.350548 0.350545 0.350540 0.350539 0.350537 0.350535 0.350537 0.350539 0.350539 0.350544 0.350547 0.350546 0.350555 0.350559 0.000000 0.000000
0.000000 0.000000 0.352143 0.352146 0.352140 0.352126 0.352115 0.352098 0.352096 0.352092 0.352097 0.352099 0.352100 0.352096 0.352103 0.352110 0.352119 0.352123 0.352128 0.000000 0.000000
0.000000 0.000000 0.354594 0.354591 0.354585 0.354566 0.354543 0.354519 0.354520 0.354518 0.354520 0.354519 0.354516 0.354520 0.354539 0.354559 0.354568 0.354579 0.354586 0.000000 0.000000
0.000000 0.000000 0.357602 0.357602 0.357600 0.357582 0.357560 0.357533 0.357533 0.357530 0.357530 0.357529 0.357528 0.357531 0.357553 0.357574 0.357590 0.357593 0.357604 0.000000 0.000000
0.000000 0.000000 0.360766 0.360761 0.360752 0.360740 0.360718 0.360687 0.360689 0.360683 0.360680 0.360682 0.360682 0.360680 0.360709 0.360731 0.360747 0.360752 0.360762 0.000000 0.000000
0.000000 0.000000 0.363964 0.363959 0.363955 0.363947 0.363916 0.363889 0.363891 0.363887 0.363883 0.363886 0.363890 0.363887 0.363910 0.363936 0.363951 0.363954 0.363960 0.000000 0.000000
0.000000 0.000000 0.367264 0.367261 0.367259 0.367236 0.367216 0.367186 0.367192 0.367178 0.367178 0.367179 0.367175 0.367183 0.367202 0.367219 0.367236 0.367245 0.367259 0.000000 0.000000
0.000000 0.000000 0.370755 0.370747 0.370737 0.370722 0.370703 0.370667 0.370668 0.370660 0.370668 0.370659 0.370661 0.370664 0.370698 0.370714 0.370726 0.370731 0.370766 0.000000 0.000000
0.000000 0.000000 0.374359 0.374352 0.374348 0.374330 0.374313 0.374238 0.374237 0.374231 0.374215 0.374223 0.374228 0.374234 0.374291 0.374306 0.374333 0.374336 0.374360 0.000000 0.000000
0.000000 0.000000 0.378304 0.378299 0.378288 0.378277 0.378201 0.378185 0.378167 0.378167 0.378162 0.378163 0.378164 0.378161 0.378170 0.378246 0.378268 0.378287 0.378312 0.000000 0.000000
0.000000 0.000000 0.382682 0.382676 0.382659 0.382579 0.382558 0.382512 0.382484 0.382480 0.382465 0.382456 0.382465 0.382459 0.382495 0.382529 0.382642 0.382632 0.382647 0.000000 0.000000
0.000000 0.000000 0.387352 0.387346 0.387239 0.387225 0.387220 0.387193 0.387216 0.387203 0.387213 0.387202 0.387189 0.387211 0.387229 0.387239 0.387223 0.387361 0.387364 0.000000 0.000000
0.000000 0.000000 0.392764 0.392615 0.392573 0.392531 0.392460 0.392426 0.392411 0.392410 0.392376 0.392373 0.392388 0.392381 0.392422 0.392476 0.392563 0.392581 0.392734 0.000000 0.000000
0.000000 0.000000 0.396568 0.396592 0.396727 0.396694 0.396646 0.396510 0.396509 0.396477 0.396502 0.396493 0.396501 0.396506 0.396631 0.396667 0.396749 0.396611 0.396597 0.000000 0.000000
0.000000 0.000000 0.350000 0.350000 0.350000 0.350000 0.350000 0.350000 0.350000 0.350000 0.350000 0.350000 0.350000 0.350000 0.350000 0.350000 0.350000 0.350000 0.350000 0.000000 0.000000
0.000000 0.000000 0.000000 0.000000 0.000000 0.000000 0.000000 0.000000 0.000000 0.000000 0.000000 0.000000 0.000000 0.000000 0.000000 0.000000 0.000000 0.000000 0.000000 0.000000 0.000000