geotop/1.0zi/1.0Montebello/Templates/testdem/maps/_Eocsand1202.asc
ncols         21
nrows         20
xllcorner     100.000000
yllcorner     100.000000
cellsize      50.000000
NODATA_value  -9999.0
0.000000 0.000000 0.000000 0.000000 0.000000 0.000000 0.000000 0.000000 0.000000 0.000000 0.000000 0.000000 0.000000 0.000000 0.000000 0.000000 0.000000 0.000000 0.000000 0.000000 0.000000
0.000000 0.000000 0.300042 0.300042 0.300042 0.300042 0.300042 0.300042 0.300042 0.300042 0.300042 0.300042 0.300042 0.300042 0.300042 0.300042 0.300042 0.300042 0.300042 0.000000 0.000000
0.000000 0.000000 0.300006 0.300006 0.300006 0.300006 0.300006 0.300006 0.300006 0.300006 0.300006 0.300006 0.300006 0.300006 0.300006 0.300006 0.300006 0.300006 0.300006 0.000000 0.000000
0.000000 0.000000 0.299054 0.299055 0.299059 0.299057 0.299054 0.299054 0.299054 0.299054 0.299054 0.299054 0.299054 0.299054 0.299054 0.299057 0.299059 0.299055 0.299054 0.000000 0.000000
0.000000 0.000000 0.295596 0.295598 0.295602 0.295602 0.295596 0.295597 0.295597 0.295596 0.295596 0.295596 0.295597 0.295597 0.295596 0.295602 0.295602 0.295598 0.295596 0.000000 0.000000
0.000000 0.000000 0.291517 0.291518 0.291522 0.291521 0.291516 0.291517 0.291517 0.291516 0.291516 0.291516 0.291517 0.291517 0.291516 0.291521 0.291522 0.291518 0.291517 0.000000 0.000000
0.000000 0.000000 0.287693 0.287694 0.287697 0.287696 0.287693 0.287693 0.287693 0.287692 0.287692 0.287692 0.287693 0.287693 0.287693 0.287696 0.287697 0.287694 0.287693 0.000000 0.000000
0.000000 0.000000 0.284172 0.284172 0.284176 0.284175 0.284172 0.284172 0.284172 0.284171 0.284171 0.284171 0.284172 0.284172 0.284172 0.284175 0.284176 0.284172 0.284172 0.000000 0.000000
0.000000 0.000000 0.280872 0.280873 0.280876 0.280875 0.280872 0.280872 0.280872 0.280872 0.280872 0.280872 0.280872 0.280872 0.280872 0.280875 0.280876 0.280873 0.280872 0.000000 0.000000
0.000000 0.000000 0.277712 0.277713 0.277716 0.277715 0.277712 0.277712 0.277712 0.277712 0.277712 0.277712 0.277712 0.277712 0.277712 0.277715 0.277716 0.277713 0.277712 0.000000 0.000000
0.000000 0.000000 0.274658 0.274658 0.274661 0.274660 0.274658 0.274658 0.274658 0.274657 0.274657 0.274657 0.274658 0.274658 0.274658 0.274660 0.274661 0.274658 0.274658 0.000000 0.000000
0.000000 0.000000 0.271675 0.271676 0.271679 0.271678 0.271675 0.271676 0.271675 0.271675 0.271675 0.271675 0.271675 0.271676 0.271675 0.271678 0.271679 0.271676 0.271675 0.000000 0.000000
0.000000 0.000000 0.268743 0.268744 0.268747 0.268746 0.268743 0.268744 0.268744 0.268743 0.268743 0.268743 0.268744 0.268744 0.268743 0.268746 0.268747 0.268744 0.268743 0.000000 0.000000
0.000000 0.000000 0.265864 0.265865 0.265867 0.265866 0.265864 0.265864 0.265864 0.265864 0.265864 0.265864 0.265864 0.265864 0.265864 0.265866 0.265867 0.265865 0.265864 0.000000 0.000000
0.000000 0.000000 0.263018 0.263018 0.263021 0.263020 0.263018 0.263018 0.263018 0.263018 0.263018 0.263018 0.263018 0.263018 0.263018 0.263020 0.263021 0.263018 0.263018 0.000000 0.000000
0.000000 0.000000 0.260194 0.260195 0.260198 0.260197 0.260194 0.260195 0.260195 0.260194 0.260194 0.260194 0.260195 0.260195 0.260194 0.260197 0.260198 0.260195 0.260194 0.000000 0.000000
0.000000 0.000000 0.257403 0.257404 0.257407 0.257406 0.257403 0.257404 0.257404 0.257403 0.257403 0.257403 0.257404 0.257404 0.257403 0.257406 0.257407 0.257404 0.257403 0.000000 0.000000
0.000000 0.000000 0.254571 0.254571 0.254574 0.254573 0.254570 0.254571 0.254570 0.254570 0.254570 0.254570 0.254570 0.254571 0.254570 0.254573 0.254574 0.254571 0.254570 0.000000 0.000000
0.000000 0.000000 0.300000 0.300000 0.300000 0.300000 0.300000 0.300000 0.300000 0.300000 0.300000 0.300000 0.300000 0.300000 0.300000 0.300000 0.300000 0.300000 0.300000 0.000000 0.000000
0.000000 0.000000 0.000000 0.000000 0.000000 0.000000 0.000000 0.000000 0.000000 0.000000 0.000000 0.000000 0.000000 0.000000 0.000000 0.000000 0.000000 0.000000 0.000000 0.000000 0.000000