geotop/1.0zi/1.0Montebello/Templates/testdem/maps/_Eocsilt7509.asc
ncols         21
nrows         20
xllcorner     100.000000
yllcorner     100.000000
cellsize      50.000000
NODATA_value  -9999.0
0.000000 0.000000 0.000000 0.000000 0.000000 0.000000 0.000000 0.000000 0.000000 0.000000 0.000000 0.000000 0.000000 0.000000 0.000000 0.000000 0.000000 0.000000 0.000000 0.000000 0.000000
0.000000 0.000000 0.350152 0.350153 0.350153 0.350153 0.350153 0.350153 0.350153 0.350153 0.350153 0.350153 0.350153 0.350153 0.350153 0.350153 0.350153 0.350153 0.350153 0.000000 0.000000
0.000000 0.000000 0.350005 0.350004 0.350004 0.350004 0.350004 0.350004 0.350004 0.350004 0.350005 0.350005 0.350005 0.350005 0.350004 0.350004 0.350002 0.350002 0.350004 0.000000 0.000000
0.000000 0.000000 0.350103 0.350099 0.350097 0.350090 0.350093 0.350087 0.350090 0.350090 0.350087 0.350089 0.350089 0.350089 0.350092 0.350095 0.350098 0.350098 0.350099 0.000000 0.000000
0.000000 0.000000 0.350959 0.350965 0.350961 0.350951 0.350945 0.350938 0.350935 0.350934 0.350933 0.350934 0.350934 0.350936 0.350949 0.350954 0.350956 0.350966 0.350968 0.000000 0.000000
0.000000 0.000000 0.353347 0.353348 0.353339 0.353323 0.353305 0.353284 0.353284 0.353278 0.353282 0.353282 0.353283 0.353282 0.353294 0.353306 0.353318 0.353325 0.353331 0.000000 0.000000
0.000000 0.000000 0.356768 0.356765 0.356754 0.356730 0.356700 0.356668 0.356669 0.356665 0.356666 0.356665 0.356661 0.356666 0.356694 0.356719 0.356736 0.356750 0.356757 0.000000 0.000000
0.000000 0.000000 0.360842 0.360841 0.360835 0.360810 0.360781 0.360746 0.360746 0.360742 0.360741 0.360738 0.360736 0.360742 0.360773 0.360799 0.360824 0.360830 0.360841 0.000000 0.000000
0.000000 0.000000 0.365190 0.365182 0.365168 0.365151 0.365121 0.365081 0.365083 0.365075 0.365072 0.365070 0.365071 0.365070 0.365110 0.365141 0.365161 0.365171 0.365181 0.000000 0.000000
0.000000 0.000000 0.369707 0.369700 0.369692 0.369677 0.369634 0.369599 0.369600 0.369595 0.369589 0.369592 0.369597 0.369595 0.369627 0.369663 0.369685 0.369692 0.369699 0.000000 0.000000
0.000000 0.000000 0.374518 0.374513 0.374505 0.374470 0.374441 0.374401 0.374410 0.374388 0.374390 0.374389 0.374381 0.374396 0.374425 0.374447 0.374474 0.374489 0.374508 0.000000 0.000000
0.000000 0.000000 0.379775 0.379761 0.379745 0.379723 0.379691 0.379640 0.379638 0.379631 0.379642 0.379626 0.379630 0.379634 0.379686 0.379711 0.379730 0.379741 0.379787 0.000000 0.000000
0.000000 0.000000 0.385364 0.385350 0.385344 0.385313 0.385285 0.385163 0.385161 0.385154 0.385123 0.385137 0.385145 0.385156 0.385250 0.385276 0.385323 0.385329 0.385354 0.000000 0.000000
0.000000 0.000000 0.391761 0.391755 0.391732 0.391710 0.391566 0.391563 0.391533 0.391534 0.391537 0.391531 0.391527 0.391522 0.391519 0.391668 0.391698 0.391738 0.391770 0.000000 0.000000
0.000000 0.000000 0.399153 0.399141 0.399110 0.398937 0.398931 0.398846 0.398802 0.398793 0.398764 0.398741 0.398760 0.398754 0.398837 0.398856 0.399086 0.399058 0.399068 0.000000 0.000000
0.000000 0.000000 0.407232 0.407219 0.406975 0.407010 0.406995 0.406958 0.407039 0.407009 0.407049 0.407028 0.406991 0.407051 0.407071 0.407085 0.406953 0.407291 0.407288 0.000000 0.000000
0.000000 0.000000 0.417170 0.416790 0.416811 0.416684 0.416493 0.416434 0.416353 0.416371 0.416267 0.416272 0.416326 0.416278 0.416374 0.416515 0.416796 0.416673 0.417065 0.000000 0.000000
0.000000 0.000000 0.422114 0.422397 0.422748 0.422721 0.422697 0.422367 0.422399 0.422310 0.422435 0.422406 0.422397 0.422436 0.422723 0.422740 0.422811 0.422506 0.422235 0.000000 0.000000
0.000000 0.000000 0.350000 0.350000 0.350000 0.350000 0.350000 0.350000 0.350000 0.350000 0.350000 0.350000 0.350000 0.350000 0.350000 0.350000 0.350000 0.350000 0.350000 0.000000 0.000000
0.000000 0.000000 0.000000 0.000000 0.000000 0.000000 0.000000 0.000000 0.000000 0.000000 0.000000 0.000000 0.000000 0.000000 0.000000 0.000000 0.000000 0.000000 0.000000 0.000000 0.000000