geotop/1.0zi/1.0Montebello/Templates/testdem/maps/_Eocsilt9883.asc
ncols         21
nrows         20
xllcorner     100.000000
yllcorner     100.000000
cellsize      50.000000
NODATA_value  -9999.0
0.000000 0.000000 0.000000 0.000000 0.000000 0.000000 0.000000 0.000000 0.000000 0.000000 0.000000 0.000000 0.000000 0.000000 0.000000 0.000000 0.000000 0.000000 0.000000 0.000000 0.000000
0.000000 0.000000 0.350209 0.350209 0.350209 0.350209 0.350208 0.350208 0.350209 0.350208 0.350209 0.350208 0.350208 0.350208 0.350208 0.350209 0.350209 0.350209 0.350209 0.000000 0.000000
0.000000 0.000000 0.350008 0.350008 0.350008 0.350007 0.350009 0.350008 0.350008 0.350009 0.350009 0.350008 0.350009 0.350009 0.350008 0.350008 0.350006 0.350006 0.350007 0.000000 0.000000
0.000000 0.000000 0.350150 0.350147 0.350141 0.350137 0.350137 0.350131 0.350135 0.350136 0.350133 0.350136 0.350137 0.350137 0.350139 0.350142 0.350147 0.350149 0.350150 0.000000 0.000000
0.000000 0.000000 0.351497 0.351503 0.351493 0.351473 0.351463 0.351456 0.351459 0.351456 0.351456 0.351458 0.351464 0.351462 0.351476 0.351485 0.351488 0.351495 0.351498 0.000000 0.000000
0.000000 0.000000 0.355194 0.355188 0.355173 0.355148 0.355114 0.355087 0.355085 0.355079 0.355080 0.355081 0.355086 0.355083 0.355101 0.355125 0.355137 0.355145 0.355152 0.000000 0.000000
0.000000 0.000000 0.360439 0.360428 0.360411 0.360373 0.360331 0.360277 0.360279 0.360275 0.360270 0.360269 0.360267 0.360271 0.360316 0.360348 0.360369 0.360385 0.360392 0.000000 0.000000
0.000000 0.000000 0.366669 0.366655 0.366640 0.366597 0.366551 0.366502 0.366503 0.366496 0.366490 0.366487 0.366485 0.366493 0.366535 0.366573 0.366607 0.366613 0.366627 0.000000 0.000000
0.000000 0.000000 0.373542 0.373522 0.373497 0.373463 0.373411 0.373349 0.373355 0.373343 0.373334 0.373332 0.373336 0.373332 0.373393 0.373438 0.373464 0.373476 0.373488 0.000000 0.000000
0.000000 0.000000 0.381131 0.381105 0.381084 0.381047 0.380991 0.380927 0.380928 0.380919 0.380906 0.380911 0.380918 0.380915 0.380964 0.381022 0.381053 0.381064 0.381070 0.000000 0.000000
0.000000 0.000000 0.389757 0.389734 0.389715 0.389632 0.389605 0.389520 0.389538 0.389496 0.389499 0.389492 0.389478 0.389501 0.389556 0.389593 0.389635 0.389650 0.389687 0.000000 0.000000
0.000000 0.000000 0.399842 0.399796 0.399745 0.399706 0.399661 0.399552 0.399550 0.399545 0.399557 0.399520 0.399537 0.399531 0.399630 0.399686 0.399709 0.399722 0.399796 0.000000 0.000000
0.000000 0.000000 0.411204 0.411161 0.411149 0.411070 0.411014 0.410730 0.410725 0.410706 0.410605 0.410666 0.410671 0.410696 0.410909 0.410957 0.411061 0.411065 0.411082 0.000000 0.000000
0.000000 0.000000 0.425197 0.425176 0.425086 0.425030 0.424637 0.424778 0.424694 0.424693 0.424746 0.424691 0.424681 0.424638 0.424509 0.424943 0.424957 0.425057 0.425118 0.000000 0.000000
0.000000 0.000000 0.440716 0.440671 0.440595 0.440107 0.440318 0.440008 0.439942 0.439909 0.439797 0.439760 0.439816 0.439819 0.440093 0.439889 0.440527 0.440375 0.440351 0.000000 0.000000
0.000000 0.000000 0.453857 0.453832 0.453354 0.453597 0.453509 0.453526 0.453734 0.453677 0.453788 0.453769 0.453679 0.453790 0.453728 0.453810 0.453280 0.454006 0.453995 0.000000 0.000000
0.000000 0.000000 0.464088 0.463817 0.463833 0.463745 0.463593 0.463564 0.463503 0.463516 0.463438 0.463446 0.463488 0.463447 0.463502 0.463618 0.463804 0.463711 0.463992 0.000000 0.000000
0.000000 0.000000 0.469494 0.469352 0.469505 0.469405 0.469291 0.469177 0.469125 0.469117 0.469084 0.469084 0.469119 0.469090 0.469212 0.469297 0.469496 0.469274 0.469421 0.000000 0.000000
0.000000 0.000000 0.350000 0.350000 0.350000 0.350000 0.350000 0.350000 0.350000 0.350000 0.350000 0.350000 0.350000 0.350000 0.350000 0.350000 0.350000 0.350000 0.350000 0.000000 0.000000
0.000000 0.000000 0.000000 0.000000 0.000000 0.000000 0.000000 0.000000 0.000000 0.000000 0.000000 0.000000 0.000000 0.000000 0.000000 0.000000 0.000000 0.000000 0.000000 0.000000 0.000000