geotop/1.0zi/1.0Montebello/Templates/testdem/maps/_Eocsilt6330.asc
ncols         21
nrows         20
xllcorner     100.000000
yllcorner     100.000000
cellsize      50.000000
NODATA_value  -9999.0
0.000000 0.000000 0.000000 0.000000 0.000000 0.000000 0.000000 0.000000 0.000000 0.000000 0.000000 0.000000 0.000000 0.000000 0.000000 0.000000 0.000000 0.000000 0.000000 0.000000 0.000000
0.000000 0.000000 0.350127 0.350127 0.350127 0.350128 0.350127 0.350127 0.350127 0.350127 0.350128 0.350127 0.350127 0.350127 0.350127 0.350127 0.350128 0.350128 0.350127 0.000000 0.000000
0.000000 0.000000 0.350002 0.350002 0.350002 0.350002 0.350003 0.350002 0.350003 0.350003 0.350003 0.350003 0.350003 0.350003 0.350003 0.350002 0.350001 0.350001 0.350002 0.000000 0.000000
0.000000 0.000000 0.350054 0.350051 0.350050 0.350044 0.350045 0.350043 0.350045 0.350046 0.350044 0.350044 0.350044 0.350044 0.350047 0.350050 0.350052 0.350053 0.350053 0.000000 0.000000
0.000000 0.000000 0.350619 0.350625 0.350622 0.350617 0.350612 0.350607 0.350606 0.350603 0.350602 0.350603 0.350605 0.350606 0.350612 0.350615 0.350616 0.350625 0.350628 0.000000 0.000000
0.000000 0.000000 0.352333 0.352336 0.352329 0.352314 0.352302 0.352283 0.352282 0.352278 0.352282 0.352284 0.352285 0.352282 0.352289 0.352297 0.352307 0.352311 0.352317 0.000000 0.000000
0.000000 0.000000 0.354908 0.354906 0.354899 0.354878 0.354854 0.354830 0.354830 0.354828 0.354829 0.354829 0.354826 0.354830 0.354850 0.354871 0.354882 0.354893 0.354900 0.000000 0.000000
0.000000 0.000000 0.358052 0.358053 0.358050 0.358030 0.358007 0.357979 0.357979 0.357976 0.357975 0.357974 0.357973 0.357976 0.358000 0.358022 0.358040 0.358043 0.358054 0.000000 0.000000
0.000000 0.000000 0.361364 0.361359 0.361349 0.361335 0.361312 0.361280 0.361282 0.361275 0.361273 0.361274 0.361274 0.361273 0.361303 0.361326 0.361343 0.361349 0.361359 0.000000 0.000000
0.000000 0.000000 0.364723 0.364719 0.364714 0.364703 0.364671 0.364643 0.364644 0.364640 0.364636 0.364640 0.364644 0.364640 0.364665 0.364692 0.364709 0.364712 0.364720 0.000000 0.000000
0.000000 0.000000 0.368203 0.368200 0.368196 0.368172 0.368150 0.368119 0.368126 0.368110 0.368111 0.368112 0.368108 0.368117 0.368137 0.368154 0.368173 0.368183 0.368197 0.000000 0.000000
0.000000 0.000000 0.371897 0.371891 0.371879 0.371862 0.371841 0.371803 0.371803 0.371796 0.371804 0.371795 0.371796 0.371800 0.371836 0.371853 0.371866 0.371872 0.371909 0.000000 0.000000
0.000000 0.000000 0.375727 0.375718 0.375713 0.375693 0.375675 0.375594 0.375594 0.375587 0.375569 0.375578 0.375584 0.375591 0.375651 0.375668 0.375698 0.375701 0.375726 0.000000 0.000000
0.000000 0.000000 0.379936 0.379931 0.379918 0.379904 0.379823 0.379806 0.379787 0.379787 0.379782 0.379784 0.379783 0.379780 0.379789 0.379873 0.379897 0.379918 0.379944 0.000000 0.000000
0.000000 0.000000 0.384631 0.384627 0.384608 0.384518 0.384495 0.384447 0.384417 0.384412 0.384396 0.384384 0.384396 0.384391 0.384430 0.384463 0.384588 0.384577 0.384592 0.000000 0.000000
0.000000 0.000000 0.389658 0.389653 0.389532 0.389519 0.389513 0.389485 0.389513 0.389497 0.389511 0.389498 0.389483 0.389510 0.389528 0.389538 0.389516 0.389670 0.389673 0.000000 0.000000
0.000000 0.000000 0.395534 0.395366 0.395325 0.395275 0.395193 0.395158 0.395138 0.395139 0.395099 0.395098 0.395116 0.395105 0.395149 0.395212 0.395313 0.395325 0.395500 0.000000 0.000000
0.000000 0.000000 0.399546 0.399586 0.399742 0.399707 0.399659 0.399504 0.399503 0.399466 0.399498 0.399488 0.399496 0.399503 0.399646 0.399681 0.399768 0.399611 0.399581 0.000000 0.000000
0.000000 0.000000 0.350000 0.350000 0.350000 0.350000 0.350000 0.350000 0.350000 0.350000 0.350000 0.350000 0.350000 0.350000 0.350000 0.350000 0.350000 0.350000 0.350000 0.000000 0.000000
0.000000 0.000000 0.000000 0.000000 0.000000 0.000000 0.000000 0.000000 0.000000 0.000000 0.000000 0.000000 0.000000 0.000000 0.000000 0.000000 0.000000 0.000000 0.000000 0.000000 0.000000