geotop/1.0zi/1.0Montebello/Templates/testdem/maps/_Eocclay6308.asc
ncols         21
nrows         20
xllcorner     100.000000
yllcorner     100.000000
cellsize      50.000000
NODATA_value  -9999.0
0.000000 0.000000 0.000000 0.000000 0.000000 0.000000 0.000000 0.000000 0.000000 0.000000 0.000000 0.000000 0.000000 0.000000 0.000000 0.000000 0.000000 0.000000 0.000000 0.000000 0.000000
0.000000 0.000000 0.349717 0.349719 0.349719 0.349718 0.349719 0.349719 0.349719 0.349719 0.349717 0.349719 0.349719 0.349719 0.349719 0.349719 0.349717 0.349717 0.349718 0.000000 0.000000
0.000000 0.000000 0.349989 0.349989 0.349989 0.349990 0.349988 0.349988 0.349988 0.349988 0.349988 0.349988 0.349988 0.349987 0.349988 0.349988 0.349990 0.349989 0.349987 0.000000 0.000000
0.000000 0.000000 0.349984 0.349988 0.349985 0.349985 0.349987 0.349987 0.349988 0.349985 0.349989 0.349987 0.349987 0.349987 0.349986 0.349988 0.349987 0.349988 0.349988 0.000000 0.000000
0.000000 0.000000 0.350591 0.350590 0.350588 0.350584 0.350571 0.350568 0.350568 0.350571 0.350568 0.350567 0.350562 0.350564 0.350571 0.350571 0.350577 0.350579 0.350586 0.000000 0.000000
0.000000 0.000000 0.352394 0.352395 0.352388 0.352365 0.352358 0.352339 0.352340 0.352335 0.352337 0.352339 0.352342 0.352342 0.352347 0.352362 0.352371 0.352382 0.352387 0.000000 0.000000
0.000000 0.000000 0.355070 0.355069 0.355063 0.355045 0.355022 0.354993 0.354992 0.354988 0.354989 0.354991 0.354992 0.354991 0.355013 0.355037 0.355048 0.355057 0.355065 0.000000 0.000000
0.000000 0.000000 0.358289 0.358289 0.358284 0.358262 0.358239 0.358208 0.358208 0.358205 0.358205 0.358204 0.358202 0.358208 0.358233 0.358253 0.358270 0.358276 0.358288 0.000000 0.000000
0.000000 0.000000 0.361601 0.361598 0.361588 0.361575 0.361553 0.361522 0.361523 0.361517 0.361515 0.361515 0.361515 0.361514 0.361543 0.361567 0.361582 0.361587 0.361596 0.000000 0.000000
0.000000 0.000000 0.364986 0.364981 0.364977 0.364965 0.364933 0.364904 0.364905 0.364902 0.364898 0.364901 0.364906 0.364902 0.364927 0.364955 0.364972 0.364975 0.364983 0.000000 0.000000
0.000000 0.000000 0.368533 0.368530 0.368526 0.368502 0.368480 0.368448 0.368455 0.368439 0.368439 0.368440 0.368436 0.368446 0.368466 0.368483 0.368502 0.368512 0.368527 0.000000 0.000000
0.000000 0.000000 0.372295 0.372289 0.372277 0.372259 0.372238 0.372200 0.372200 0.372192 0.372201 0.372190 0.372192 0.372195 0.372232 0.372249 0.372263 0.372269 0.372306 0.000000 0.000000
0.000000 0.000000 0.376205 0.376197 0.376192 0.376171 0.376153 0.376070 0.376069 0.376063 0.376044 0.376054 0.376060 0.376067 0.376129 0.376146 0.376177 0.376179 0.376205 0.000000 0.000000
0.000000 0.000000 0.380509 0.380504 0.380491 0.380475 0.380392 0.380375 0.380356 0.380355 0.380350 0.380353 0.380351 0.380348 0.380358 0.380444 0.380469 0.380490 0.380517 0.000000 0.000000
0.000000 0.000000 0.385316 0.385311 0.385291 0.385199 0.385176 0.385127 0.385095 0.385090 0.385073 0.385063 0.385075 0.385069 0.385109 0.385143 0.385271 0.385259 0.385275 0.000000 0.000000
0.000000 0.000000 0.390462 0.390457 0.390332 0.390320 0.390314 0.390285 0.390315 0.390299 0.390313 0.390299 0.390284 0.390312 0.390330 0.390339 0.390316 0.390475 0.390478 0.000000 0.000000
0.000000 0.000000 0.396498 0.396324 0.396282 0.396231 0.396145 0.396109 0.396089 0.396090 0.396049 0.396047 0.396066 0.396054 0.396100 0.396165 0.396270 0.396281 0.396462 0.000000 0.000000
0.000000 0.000000 0.400607 0.400651 0.400813 0.400777 0.400728 0.400567 0.400567 0.400529 0.400562 0.400551 0.400559 0.400567 0.400715 0.400750 0.400840 0.400676 0.400644 0.000000 0.000000
0.000000 0.000000 0.350000 0.350000 0.350000 0.350000 0.350000 0.350000 0.350000 0.350000 0.350000 0.350000 0.350000 0.350000 0.350000 0.350000 0.350000 0.350000 0.350000 0.000000 0.000000
0.000000 0.000000 0.000000 0.000000 0.000000 0.000000 0.000000 0.000000 0.000000 0.000000 0.000000 0.000000 0.000000 0.000000 0.000000 0.000000 0.000000 0.000000 0.000000 0.000000 0.000000