geotop/1.0zi/1.0Montebello/Templates/testdem/maps/_Eocsand3272.asc
ncols         21
nrows         20
xllcorner     100.000000
yllcorner     100.000000
cellsize      50.000000
NODATA_value  -9999.0
0.000000 0.000000 0.000000 0.000000 0.000000 0.000000 0.000000 0.000000 0.000000 0.000000 0.000000 0.000000 0.000000 0.000000 0.000000 0.000000 0.000000 0.000000 0.000000 0.000000 0.000000
0.000000 0.000000 0.300089 0.300089 0.300089 0.300089 0.300089 0.300089 0.300089 0.300089 0.300090 0.300089 0.300089 0.300089 0.300089 0.300089 0.300089 0.300089 0.300089 0.000000 0.000000
0.000000 0.000000 0.300011 0.300011 0.300011 0.300011 0.300011 0.300011 0.300011 0.300011 0.300009 0.300011 0.300011 0.300011 0.300011 0.300011 0.300011 0.300011 0.300011 0.000000 0.000000
0.000000 0.000000 0.297434 0.297435 0.297440 0.297438 0.297435 0.297435 0.297435 0.297435 0.297434 0.297435 0.297435 0.297435 0.297435 0.297438 0.297440 0.297435 0.297434 0.000000 0.000000
0.000000 0.000000 0.287757 0.287758 0.287762 0.287761 0.287755 0.287757 0.287757 0.287755 0.287754 0.287755 0.287757 0.287757 0.287755 0.287761 0.287762 0.287758 0.287757 0.000000 0.000000
0.000000 0.000000 0.276496 0.276497 0.276500 0.276500 0.276495 0.276497 0.276496 0.276495 0.276493 0.276495 0.276496 0.276497 0.276495 0.276500 0.276500 0.276497 0.276496 0.000000 0.000000
0.000000 0.000000 0.266124 0.266125 0.266128 0.266128 0.266124 0.266125 0.266125 0.266124 0.266122 0.266124 0.266125 0.266125 0.266124 0.266128 0.266128 0.266125 0.266124 0.000000 0.000000
0.000000 0.000000 0.256713 0.256714 0.256717 0.256716 0.256713 0.256714 0.256714 0.256713 0.256712 0.256713 0.256714 0.256714 0.256713 0.256716 0.256717 0.256714 0.256713 0.000000 0.000000
0.000000 0.000000 0.248015 0.248016 0.248019 0.248018 0.248015 0.248016 0.248016 0.248015 0.248014 0.248015 0.248016 0.248016 0.248015 0.248018 0.248019 0.248016 0.248015 0.000000 0.000000
0.000000 0.000000 0.239824 0.239825 0.239827 0.239826 0.239824 0.239825 0.239825 0.239824 0.239823 0.239824 0.239825 0.239825 0.239824 0.239826 0.239827 0.239825 0.239824 0.000000 0.000000
0.000000 0.000000 0.232039 0.232040 0.232042 0.232041 0.232039 0.232040 0.232040 0.232039 0.232038 0.232039 0.232040 0.232040 0.232039 0.232041 0.232042 0.232040 0.232039 0.000000 0.000000
0.000000 0.000000 0.224586 0.224586 0.224589 0.224588 0.224586 0.224587 0.224586 0.224585 0.224584 0.224585 0.224586 0.224587 0.224586 0.224588 0.224589 0.224586 0.224586 0.000000 0.000000
0.000000 0.000000 0.217413 0.217414 0.217416 0.217415 0.217413 0.217414 0.217413 0.217412 0.217412 0.217412 0.217413 0.217414 0.217413 0.217415 0.217416 0.217414 0.217413 0.000000 0.000000
0.000000 0.000000 0.210461 0.210461 0.210463 0.210463 0.210460 0.210461 0.210461 0.210460 0.210459 0.210460 0.210461 0.210461 0.210460 0.210463 0.210463 0.210461 0.210461 0.000000 0.000000
0.000000 0.000000 0.203711 0.203712 0.203714 0.203713 0.203711 0.203712 0.203712 0.203711 0.203710 0.203711 0.203712 0.203712 0.203711 0.203713 0.203714 0.203712 0.203711 0.000000 0.000000
0.000000 0.000000 0.197151 0.197152 0.197154 0.197153 0.197151 0.197152 0.197152 0.197151 0.197150 0.197151 0.197152 0.197152 0.197151 0.197153 0.197154 0.197152 0.197151 0.000000 0.000000
0.000000 0.000000 0.190762 0.190763 0.190765 0.190764 0.190762 0.190763 0.190763 0.190762 0.190761 0.190762 0.190763 0.190763 0.190762 0.190764 0.190765 0.190763 0.190762 0.000000 0.000000
0.000000 0.000000 0.184423 0.184423 0.184425 0.184424 0.184422 0.184423 0.184423 0.184422 0.184421 0.184422 0.184423 0.184423 0.184422 0.184424 0.184425 0.184423 0.184422 0.000000 0.000000
0.000000 0.000000 0.300000 0.300000 0.300000 0.300000 0.300000 0.300000 0.300000 0.300000 0.300000 0.300000 0.300000 0.300000 0.300000 0.300000 0.300000 0.300000 0.300000 0.000000 0.000000
0.000000 0.000000 0.000000 0.000000 0.000000 0.000000 0.000000 0.000000 0.000000 0.000000 0.000000 0.000000 0.000000 0.000000 0.000000 0.000000 0.000000 0.000000 0.000000 0.000000 0.000000