geotop/1.0zi/1.0Montebello/Templates/testdem/maps/_Eocsand3121.asc
ncols         21
nrows         20
xllcorner     100.000000
yllcorner     100.000000
cellsize      50.000000
NODATA_value  -9999.0
0.000000 0.000000 0.000000 0.000000 0.000000 0.000000 0.000000 0.000000 0.000000 0.000000 0.000000 0.000000 0.000000 0.000000 0.000000 0.000000 0.000000 0.000000 0.000000 0.000000 0.000000
0.000000 0.000000 0.300087 0.300087 0.300087 0.300087 0.300087 0.300087 0.300087 0.300087 0.300088 0.300087 0.300087 0.300087 0.300087 0.300087 0.300087 0.300087 0.300087 0.000000 0.000000
0.000000 0.000000 0.300011 0.300011 0.300011 0.300011 0.300011 0.300011 0.300011 0.300011 0.300010 0.300011 0.300011 0.300011 0.300011 0.300011 0.300011 0.300011 0.300011 0.000000 0.000000
0.000000 0.000000 0.297439 0.297440 0.297444 0.297442 0.297439 0.297439 0.297440 0.297439 0.297438 0.297439 0.297440 0.297439 0.297439 0.297442 0.297444 0.297440 0.297439 0.000000 0.000000
0.000000 0.000000 0.287913 0.287915 0.287919 0.287918 0.287913 0.287914 0.287914 0.287912 0.287911 0.287912 0.287914 0.287914 0.287913 0.287918 0.287919 0.287915 0.287913 0.000000 0.000000
0.000000 0.000000 0.276946 0.276948 0.276951 0.276951 0.276946 0.276948 0.276947 0.276946 0.276944 0.276946 0.276947 0.276948 0.276946 0.276951 0.276951 0.276948 0.276946 0.000000 0.000000
0.000000 0.000000 0.266881 0.266882 0.266885 0.266885 0.266881 0.266883 0.266882 0.266881 0.266880 0.266881 0.266882 0.266883 0.266881 0.266885 0.266885 0.266882 0.266881 0.000000 0.000000
0.000000 0.000000 0.257759 0.257759 0.257762 0.257762 0.257758 0.257760 0.257759 0.257758 0.257757 0.257758 0.257759 0.257760 0.257758 0.257762 0.257762 0.257759 0.257759 0.000000 0.000000
0.000000 0.000000 0.249328 0.249329 0.249332 0.249331 0.249328 0.249329 0.249329 0.249328 0.249327 0.249328 0.249329 0.249329 0.249328 0.249331 0.249332 0.249329 0.249328 0.000000 0.000000
0.000000 0.000000 0.241388 0.241389 0.241391 0.241391 0.241388 0.241389 0.241389 0.241388 0.241387 0.241388 0.241389 0.241389 0.241388 0.241391 0.241391 0.241389 0.241388 0.000000 0.000000
0.000000 0.000000 0.233840 0.233841 0.233843 0.233842 0.233840 0.233841 0.233841 0.233840 0.233839 0.233840 0.233841 0.233841 0.233840 0.233842 0.233843 0.233841 0.233840 0.000000 0.000000
0.000000 0.000000 0.226611 0.226612 0.226615 0.226614 0.226611 0.226612 0.226612 0.226611 0.226610 0.226611 0.226612 0.226612 0.226611 0.226614 0.226615 0.226612 0.226611 0.000000 0.000000
0.000000 0.000000 0.219651 0.219652 0.219654 0.219653 0.219651 0.219652 0.219652 0.219650 0.219650 0.219650 0.219652 0.219652 0.219651 0.219653 0.219654 0.219652 0.219651 0.000000 0.000000
0.000000 0.000000 0.212898 0.212898 0.212901 0.212900 0.212897 0.212898 0.212898 0.212897 0.212896 0.212897 0.212898 0.212898 0.212897 0.212900 0.212901 0.212898 0.212898 0.000000 0.000000
0.000000 0.000000 0.206338 0.206339 0.206341 0.206340 0.206338 0.206339 0.206339 0.206337 0.206337 0.206337 0.206339 0.206339 0.206338 0.206340 0.206341 0.206339 0.206338 0.000000 0.000000
0.000000 0.000000 0.199960 0.199960 0.199963 0.199962 0.199960 0.199960 0.199960 0.199959 0.199958 0.199959 0.199960 0.199960 0.199960 0.199962 0.199963 0.199960 0.199960 0.000000 0.000000
0.000000 0.000000 0.193742 0.193743 0.193745 0.193744 0.193742 0.193743 0.193743 0.193742 0.193741 0.193742 0.193743 0.193743 0.193742 0.193744 0.193745 0.193743 0.193742 0.000000 0.000000
0.000000 0.000000 0.187542 0.187542 0.187544 0.187543 0.187541 0.187542 0.187542 0.187541 0.187540 0.187541 0.187542 0.187542 0.187541 0.187543 0.187544 0.187542 0.187541 0.000000 0.000000
0.000000 0.000000 0.300000 0.300000 0.300000 0.300000 0.300000 0.300000 0.300000 0.300000 0.300000 0.300000 0.300000 0.300000 0.300000 0.300000 0.300000 0.300000 0.300000 0.000000 0.000000
0.000000 0.000000 0.000000 0.000000 0.000000 0.000000 0.000000 0.000000 0.000000 0.000000 0.000000 0.000000 0.000000 0.000000 0.000000 0.000000 0.000000 0.000000 0.000000 0.000000 0.000000