geotop/1.0zi/1.0Montebello/Templates/testdem/maps/_Eocclay2468.asc
ncols         21
nrows         20
xllcorner     100.000000
yllcorner     100.000000
cellsize      50.000000
NODATA_value  -9999.0
0.000000 0.000000 0.000000 0.000000 0.000000 0.000000 0.000000 0.000000 0.000000 0.000000 0.000000 0.000000 0.000000 0.000000 0.000000 0.000000 0.000000 0.000000 0.000000 0.000000 0.000000
0.000000 0.000000 0.349867 0.349867 0.349867 0.349867 0.349867 0.349867 0.349867 0.349867 0.349866 0.349867 0.349867 0.349867 0.349867 0.349867 0.349867 0.349867 0.349867 0.000000 0.000000
0.000000 0.000000 0.349990 0.349990 0.349989 0.349990 0.349990 0.349990 0.349990 0.349990 0.349990 0.349990 0.349990 0.349990 0.349990 0.349990 0.349989 0.349990 0.349990 0.000000 0.000000
0.000000 0.000000 0.350784 0.350783 0.350781 0.350782 0.350784 0.350783 0.350783 0.350784 0.350784 0.350784 0.350783 0.350783 0.350784 0.350782 0.350781 0.350783 0.350784 0.000000 0.000000
0.000000 0.000000 0.354382 0.354381 0.354379 0.354379 0.354383 0.354381 0.354382 0.354383 0.354383 0.354383 0.354382 0.354381 0.354383 0.354379 0.354379 0.354381 0.354382 0.000000 0.000000
0.000000 0.000000 0.358499 0.358498 0.358497 0.358497 0.358499 0.358498 0.358498 0.358499 0.358500 0.358499 0.358498 0.358498 0.358499 0.358497 0.358497 0.358498 0.358499 0.000000 0.000000
0.000000 0.000000 0.362396 0.362396 0.362394 0.362395 0.362397 0.362396 0.362396 0.362397 0.362397 0.362397 0.362396 0.362396 0.362397 0.362395 0.362394 0.362396 0.362396 0.000000 0.000000
0.000000 0.000000 0.365973 0.365973 0.365972 0.365972 0.365974 0.365973 0.365973 0.365974 0.365974 0.365974 0.365973 0.365973 0.365974 0.365972 0.365972 0.365973 0.365973 0.000000 0.000000
0.000000 0.000000 0.369309 0.369308 0.369307 0.369308 0.369309 0.369309 0.369309 0.369309 0.369310 0.369309 0.369309 0.369309 0.369309 0.369308 0.369307 0.369308 0.369309 0.000000 0.000000
0.000000 0.000000 0.372479 0.372479 0.372477 0.372478 0.372479 0.372479 0.372479 0.372480 0.372480 0.372480 0.372479 0.372479 0.372479 0.372478 0.372477 0.372479 0.372479 0.000000 0.000000
0.000000 0.000000 0.375521 0.375520 0.375519 0.375520 0.375521 0.375521 0.375521 0.375521 0.375521 0.375521 0.375521 0.375521 0.375521 0.375520 0.375519 0.375520 0.375521 0.000000 0.000000
0.000000 0.000000 0.378462 0.378462 0.378460 0.378461 0.378462 0.378462 0.378462 0.378462 0.378463 0.378462 0.378462 0.378462 0.378462 0.378461 0.378460 0.378462 0.378462 0.000000 0.000000
0.000000 0.000000 0.381324 0.381323 0.381322 0.381323 0.381324 0.381323 0.381323 0.381324 0.381324 0.381324 0.381323 0.381323 0.381324 0.381323 0.381322 0.381323 0.381324 0.000000 0.000000
0.000000 0.000000 0.384120 0.384120 0.384118 0.384119 0.384120 0.384120 0.384120 0.384120 0.384120 0.384120 0.384120 0.384120 0.384120 0.384119 0.384118 0.384120 0.384120 0.000000 0.000000
0.000000 0.000000 0.386861 0.386861 0.386860 0.386860 0.386861 0.386861 0.386861 0.386862 0.386862 0.386862 0.386861 0.386861 0.386861 0.386860 0.386860 0.386861 0.386861 0.000000 0.000000
0.000000 0.000000 0.389552 0.389552 0.389551 0.389551 0.389552 0.389552 0.389552 0.389552 0.389553 0.389552 0.389552 0.389552 0.389552 0.389551 0.389551 0.389552 0.389552 0.000000 0.000000
0.000000 0.000000 0.392195 0.392195 0.392194 0.392194 0.392195 0.392195 0.392195 0.392195 0.392196 0.392195 0.392195 0.392195 0.392195 0.392194 0.392194 0.392195 0.392195 0.000000 0.000000
0.000000 0.000000 0.394835 0.394836 0.394834 0.394835 0.394836 0.394836 0.394836 0.394836 0.394836 0.394836 0.394836 0.394836 0.394836 0.394835 0.394834 0.394836 0.394836 0.000000 0.000000
0.000000 0.000000 0.350000 0.350000 0.350000 0.350000 0.350000 0.350000 0.350000 0.350000 0.350000 0.350000 0.350000 0.350000 0.350000 0.350000 0.350000 0.350000 0.350000 0.000000 0.000000
0.000000 0.000000 0.000000 0.000000 0.000000 0.000000 0.000000 0.000000 0.000000 0.000000 0.000000 0.000000 0.000000 0.000000 0.000000 0.000000 0.000000 0.000000 0.000000 0.000000 0.000000