geotop/1.0zi/1.0Montebello/Templates/testdem/maps/_Eocsilt7854.asc
ncols         21
nrows         20
xllcorner     100.000000
yllcorner     100.000000
cellsize      50.000000
NODATA_value  -9999.0
0.000000 0.000000 0.000000 0.000000 0.000000 0.000000 0.000000 0.000000 0.000000 0.000000 0.000000 0.000000 0.000000 0.000000 0.000000 0.000000 0.000000 0.000000 0.000000 0.000000 0.000000
0.000000 0.000000 0.350163 0.350163 0.350163 0.350164 0.350163 0.350163 0.350163 0.350163 0.350163 0.350163 0.350163 0.350163 0.350163 0.350163 0.350164 0.350163 0.350163 0.000000 0.000000
0.000000 0.000000 0.350005 0.350005 0.350004 0.350004 0.350005 0.350005 0.350005 0.350005 0.350006 0.350006 0.350006 0.350006 0.350005 0.350005 0.350003 0.350003 0.350005 0.000000 0.000000
0.000000 0.000000 0.350103 0.350099 0.350098 0.350091 0.350093 0.350087 0.350090 0.350090 0.350087 0.350090 0.350089 0.350090 0.350092 0.350095 0.350099 0.350099 0.350100 0.000000 0.000000
0.000000 0.000000 0.350992 0.350998 0.350994 0.350983 0.350977 0.350969 0.350966 0.350964 0.350964 0.350964 0.350965 0.350967 0.350981 0.350985 0.350988 0.350998 0.351001 0.000000 0.000000
0.000000 0.000000 0.353550 0.353550 0.353540 0.353524 0.353506 0.353484 0.353483 0.353477 0.353481 0.353481 0.353483 0.353482 0.353494 0.353506 0.353518 0.353526 0.353531 0.000000 0.000000
0.000000 0.000000 0.357215 0.357210 0.357199 0.357173 0.357142 0.357108 0.357109 0.357105 0.357106 0.357104 0.357101 0.357106 0.357135 0.357162 0.357179 0.357194 0.357201 0.000000 0.000000
0.000000 0.000000 0.361562 0.361560 0.361553 0.361526 0.361496 0.361459 0.361459 0.361454 0.361453 0.361450 0.361448 0.361455 0.361487 0.361515 0.361540 0.361547 0.361558 0.000000 0.000000
0.000000 0.000000 0.366220 0.366211 0.366196 0.366178 0.366146 0.366104 0.366106 0.366096 0.366094 0.366092 0.366094 0.366092 0.366134 0.366167 0.366187 0.366198 0.366208 0.000000 0.000000
0.000000 0.000000 0.371095 0.371086 0.371078 0.371060 0.371015 0.370977 0.370978 0.370973 0.370967 0.370970 0.370975 0.370973 0.371007 0.371045 0.371068 0.371076 0.371083 0.000000 0.000000
0.000000 0.000000 0.376327 0.376320 0.376311 0.376272 0.376241 0.376198 0.376207 0.376184 0.376186 0.376185 0.376177 0.376192 0.376224 0.376247 0.376276 0.376293 0.376312 0.000000 0.000000
0.000000 0.000000 0.382089 0.382072 0.382054 0.382029 0.381994 0.381940 0.381937 0.381929 0.381942 0.381923 0.381929 0.381933 0.381989 0.382017 0.382037 0.382049 0.382097 0.000000 0.000000
0.000000 0.000000 0.388265 0.388248 0.388241 0.388206 0.388175 0.388039 0.388037 0.388028 0.387993 0.388010 0.388018 0.388031 0.388136 0.388164 0.388216 0.388222 0.388248 0.000000 0.000000
0.000000 0.000000 0.395414 0.395407 0.395379 0.395354 0.395188 0.395193 0.395158 0.395158 0.395166 0.395157 0.395153 0.395146 0.395137 0.395308 0.395339 0.395385 0.395419 0.000000 0.000000
0.000000 0.000000 0.403754 0.403739 0.403703 0.403497 0.403503 0.403400 0.403351 0.403340 0.403306 0.403280 0.403302 0.403297 0.403397 0.403405 0.403676 0.403639 0.403647 0.000000 0.000000
0.000000 0.000000 0.412893 0.412878 0.412584 0.412644 0.412624 0.412587 0.412690 0.412654 0.412707 0.412683 0.412638 0.412710 0.412726 0.412742 0.412557 0.412970 0.412964 0.000000 0.000000
0.000000 0.000000 0.424190 0.423729 0.423788 0.423623 0.423391 0.423323 0.423211 0.423236 0.423106 0.423115 0.423186 0.423120 0.423235 0.423405 0.423769 0.423572 0.424047 0.000000 0.000000
0.000000 0.000000 0.429099 0.429485 0.429892 0.429876 0.429871 0.429483 0.429533 0.429423 0.429589 0.429554 0.429535 0.429589 0.429920 0.429923 0.429965 0.429629 0.429251 0.000000 0.000000
0.000000 0.000000 0.350000 0.350000 0.350000 0.350000 0.350000 0.350000 0.350000 0.350000 0.350000 0.350000 0.350000 0.350000 0.350000 0.350000 0.350000 0.350000 0.350000 0.000000 0.000000
0.000000 0.000000 0.000000 0.000000 0.000000 0.000000 0.000000 0.000000 0.000000 0.000000 0.000000 0.000000 0.000000 0.000000 0.000000 0.000000 0.000000 0.000000 0.000000 0.000000 0.000000