geotop/1.0zi/1.0Montebello/Templates/testdem/maps/_Eocclay0414.asc
ncols         21
nrows         20
xllcorner     100.000000
yllcorner     100.000000
cellsize      50.000000
NODATA_value  -9999.0
0.000000 0.000000 0.000000 0.000000 0.000000 0.000000 0.000000 0.000000 0.000000 0.000000 0.000000 0.000000 0.000000 0.000000 0.000000 0.000000 0.000000 0.000000 0.000000 0.000000 0.000000
0.000000 0.000000 0.349975 0.349975 0.349975 0.349975 0.349975 0.349975 0.349975 0.349975 0.349975 0.349975 0.349975 0.349975 0.349975 0.349975 0.349975 0.349975 0.349975 0.000000 0.000000
0.000000 0.000000 0.349998 0.349998 0.349997 0.349997 0.349998 0.349998 0.349998 0.349998 0.349998 0.349998 0.349998 0.349998 0.349998 0.349997 0.349997 0.349998 0.349998 0.000000 0.000000
0.000000 0.000000 0.350266 0.350266 0.350263 0.350266 0.350266 0.350266 0.350266 0.350266 0.350266 0.350266 0.350266 0.350266 0.350266 0.350266 0.350263 0.350266 0.350266 0.000000 0.000000
0.000000 0.000000 0.351022 0.351022 0.351020 0.351022 0.351022 0.351023 0.351023 0.351023 0.351022 0.351023 0.351023 0.351023 0.351022 0.351022 0.351020 0.351022 0.351022 0.000000 0.000000
0.000000 0.000000 0.351744 0.351744 0.351743 0.351744 0.351744 0.351744 0.351745 0.351744 0.351744 0.351744 0.351745 0.351744 0.351744 0.351744 0.351743 0.351744 0.351744 0.000000 0.000000
0.000000 0.000000 0.352417 0.352417 0.352415 0.352417 0.352417 0.352417 0.352417 0.352417 0.352417 0.352417 0.352417 0.352417 0.352417 0.352417 0.352415 0.352417 0.352417 0.000000 0.000000
0.000000 0.000000 0.353040 0.353040 0.353038 0.353040 0.353040 0.353040 0.353040 0.353040 0.353040 0.353040 0.353040 0.353040 0.353040 0.353040 0.353038 0.353040 0.353040 0.000000 0.000000
0.000000 0.000000 0.353627 0.353627 0.353626 0.353627 0.353627 0.353627 0.353627 0.353627 0.353627 0.353627 0.353627 0.353627 0.353627 0.353627 0.353626 0.353627 0.353627 0.000000 0.000000
0.000000 0.000000 0.354194 0.354194 0.354193 0.354194 0.354194 0.354194 0.354194 0.354194 0.354194 0.354194 0.354194 0.354194 0.354194 0.354194 0.354193 0.354194 0.354194 0.000000 0.000000
0.000000 0.000000 0.354744 0.354744 0.354743 0.354744 0.354744 0.354745 0.354745 0.354744 0.354744 0.354744 0.354745 0.354745 0.354744 0.354744 0.354743 0.354744 0.354744 0.000000 0.000000
0.000000 0.000000 0.355284 0.355284 0.355282 0.355284 0.355284 0.355284 0.355284 0.355284 0.355284 0.355284 0.355284 0.355284 0.355284 0.355284 0.355282 0.355284 0.355284 0.000000 0.000000
0.000000 0.000000 0.355813 0.355813 0.355812 0.355813 0.355813 0.355813 0.355813 0.355813 0.355813 0.355813 0.355813 0.355813 0.355813 0.355813 0.355812 0.355813 0.355813 0.000000 0.000000
0.000000 0.000000 0.356333 0.356333 0.356332 0.356333 0.356333 0.356333 0.356333 0.356333 0.356333 0.356333 0.356333 0.356333 0.356333 0.356333 0.356332 0.356333 0.356333 0.000000 0.000000
0.000000 0.000000 0.356847 0.356847 0.356846 0.356847 0.356847 0.356847 0.356847 0.356847 0.356847 0.356847 0.356847 0.356847 0.356847 0.356847 0.356846 0.356847 0.356847 0.000000 0.000000
0.000000 0.000000 0.357360 0.357360 0.357358 0.357360 0.357360 0.357360 0.357360 0.357360 0.357360 0.357360 0.357360 0.357360 0.357360 0.357360 0.357358 0.357360 0.357360 0.000000 0.000000
0.000000 0.000000 0.357867 0.357867 0.357865 0.357866 0.357867 0.357867 0.357867 0.357867 0.357867 0.357867 0.357867 0.357867 0.357867 0.357866 0.357865 0.357867 0.357867 0.000000 0.000000
0.000000 0.000000 0.358388 0.358388 0.358387 0.358388 0.358388 0.358388 0.358388 0.358388 0.358388 0.358388 0.358388 0.358388 0.358388 0.358388 0.358387 0.358388 0.358388 0.000000 0.000000
0.000000 0.000000 0.350000 0.350000 0.350000 0.350000 0.350000 0.350000 0.350000 0.350000 0.350000 0.350000 0.350000 0.350000 0.350000 0.350000 0.350000 0.350000 0.350000 0.000000 0.000000
0.000000 0.000000 0.000000 0.000000 0.000000 0.000000 0.000000 0.000000 0.000000 0.000000 0.000000 0.000000 0.000000 0.000000 0.000000 0.000000 0.000000 0.000000 0.000000 0.000000 0.000000