geotop/1.0zi/1.0Montebello/Templates/testdem/maps/_Eocsand0470.asc
ncols         21
nrows         20
xllcorner     100.000000
yllcorner     100.000000
cellsize      50.000000
NODATA_value  -9999.0
0.000000 0.000000 0.000000 0.000000 0.000000 0.000000 0.000000 0.000000 0.000000 0.000000 0.000000 0.000000 0.000000 0.000000 0.000000 0.000000 0.000000 0.000000 0.000000 0.000000 0.000000
0.000000 0.000000 0.300019 0.300019 0.300019 0.300019 0.300019 0.300019 0.300019 0.300019 0.300019 0.300019 0.300019 0.300019 0.300019 0.300019 0.300019 0.300019 0.300019 0.000000 0.000000
0.000000 0.000000 0.300005 0.300006 0.300006 0.300006 0.300005 0.300005 0.300005 0.300005 0.300005 0.300005 0.300005 0.300005 0.300005 0.300006 0.300006 0.300006 0.300005 0.000000 0.000000
0.000000 0.000000 0.299440 0.299440 0.299445 0.299440 0.299440 0.299440 0.299440 0.299440 0.299440 0.299440 0.299440 0.299440 0.299440 0.299440 0.299445 0.299440 0.299440 0.000000 0.000000
0.000000 0.000000 0.297735 0.297735 0.297739 0.297735 0.297735 0.297735 0.297735 0.297735 0.297735 0.297735 0.297735 0.297735 0.297735 0.297735 0.297739 0.297735 0.297735 0.000000 0.000000
0.000000 0.000000 0.296030 0.296030 0.296034 0.296030 0.296030 0.296030 0.296030 0.296030 0.296030 0.296030 0.296030 0.296030 0.296030 0.296030 0.296034 0.296030 0.296030 0.000000 0.000000
0.000000 0.000000 0.294474 0.294474 0.294477 0.294474 0.294474 0.294474 0.294474 0.294474 0.294474 0.294474 0.294474 0.294474 0.294474 0.294474 0.294477 0.294474 0.294474 0.000000 0.000000
0.000000 0.000000 0.293038 0.293037 0.293040 0.293038 0.293037 0.293037 0.293037 0.293037 0.293037 0.293037 0.293037 0.293037 0.293037 0.293038 0.293040 0.293037 0.293038 0.000000 0.000000
0.000000 0.000000 0.291684 0.291684 0.291687 0.291684 0.291684 0.291684 0.291683 0.291684 0.291684 0.291684 0.291683 0.291684 0.291684 0.291684 0.291687 0.291684 0.291684 0.000000 0.000000
0.000000 0.000000 0.290380 0.290380 0.290382 0.290380 0.290380 0.290379 0.290379 0.290379 0.290380 0.290379 0.290379 0.290379 0.290380 0.290380 0.290382 0.290380 0.290380 0.000000 0.000000
0.000000 0.000000 0.289113 0.289113 0.289116 0.289113 0.289113 0.289113 0.289113 0.289113 0.289113 0.289113 0.289113 0.289113 0.289113 0.289113 0.289116 0.289113 0.289113 0.000000 0.000000
0.000000 0.000000 0.287873 0.287873 0.287875 0.287873 0.287873 0.287872 0.287872 0.287873 0.287873 0.287873 0.287872 0.287872 0.287873 0.287873 0.287875 0.287873 0.287873 0.000000 0.000000
0.000000 0.000000 0.286657 0.286657 0.286659 0.286657 0.286657 0.286657 0.286657 0.286657 0.286657 0.286657 0.286657 0.286657 0.286657 0.286657 0.286659 0.286657 0.286657 0.000000 0.000000
0.000000 0.000000 0.285462 0.285462 0.285465 0.285462 0.285462 0.285462 0.285462 0.285462 0.285462 0.285462 0.285462 0.285462 0.285462 0.285462 0.285465 0.285462 0.285462 0.000000 0.000000
0.000000 0.000000 0.284281 0.284281 0.284284 0.284281 0.284281 0.284281 0.284281 0.284281 0.284281 0.284281 0.284281 0.284281 0.284281 0.284281 0.284284 0.284281 0.284281 0.000000 0.000000
0.000000 0.000000 0.283106 0.283106 0.283108 0.283106 0.283106 0.283105 0.283105 0.283106 0.283106 0.283106 0.283105 0.283105 0.283106 0.283106 0.283108 0.283106 0.283106 0.000000 0.000000
0.000000 0.000000 0.281946 0.281946 0.281948 0.281946 0.281946 0.281945 0.281945 0.281946 0.281946 0.281946 0.281945 0.281945 0.281946 0.281946 0.281948 0.281946 0.281946 0.000000 0.000000
0.000000 0.000000 0.280757 0.280757 0.280759 0.280757 0.280756 0.280756 0.280756 0.280756 0.280756 0.280756 0.280756 0.280756 0.280756 0.280757 0.280759 0.280757 0.280757 0.000000 0.000000
0.000000 0.000000 0.300000 0.300000 0.300000 0.300000 0.300000 0.300000 0.300000 0.300000 0.300000 0.300000 0.300000 0.300000 0.300000 0.300000 0.300000 0.300000 0.300000 0.000000 0.000000
0.000000 0.000000 0.000000 0.000000 0.000000 0.000000 0.000000 0.000000 0.000000 0.000000 0.000000 0.000000 0.000000 0.000000 0.000000 0.000000 0.000000 0.000000 0.000000 0.000000 0.000000