geotop/1.0zi/1.0Montebello/Templates/testdem/maps/_Eocsilt9982.asc
ncols         21
nrows         20
xllcorner     100.000000
yllcorner     100.000000
cellsize      50.000000
NODATA_value  -9999.0
0.000000 0.000000 0.000000 0.000000 0.000000 0.000000 0.000000 0.000000 0.000000 0.000000 0.000000 0.000000 0.000000 0.000000 0.000000 0.000000 0.000000 0.000000 0.000000 0.000000 0.000000
0.000000 0.000000 0.350213 0.350213 0.350213 0.350214 0.350213 0.350213 0.350213 0.350213 0.350213 0.350213 0.350213 0.350213 0.350213 0.350213 0.350214 0.350214 0.350213 0.000000 0.000000
0.000000 0.000000 0.350008 0.350008 0.350008 0.350007 0.350009 0.350008 0.350008 0.350008 0.350009 0.350008 0.350009 0.350009 0.350008 0.350007 0.350006 0.350006 0.350007 0.000000 0.000000
0.000000 0.000000 0.350153 0.350151 0.350143 0.350140 0.350139 0.350134 0.350137 0.350138 0.350135 0.350139 0.350140 0.350140 0.350142 0.350145 0.350151 0.350152 0.350153 0.000000 0.000000
0.000000 0.000000 0.351534 0.351541 0.351530 0.351507 0.351498 0.351491 0.351494 0.351491 0.351490 0.351493 0.351498 0.351496 0.351510 0.351519 0.351523 0.351529 0.351533 0.000000 0.000000
0.000000 0.000000 0.355317 0.355311 0.355295 0.355265 0.355231 0.355203 0.355201 0.355198 0.355196 0.355197 0.355202 0.355199 0.355218 0.355242 0.355255 0.355263 0.355270 0.000000 0.000000
0.000000 0.000000 0.360672 0.360661 0.360643 0.360601 0.360558 0.360503 0.360505 0.360503 0.360496 0.360495 0.360493 0.360497 0.360542 0.360575 0.360597 0.360613 0.360619 0.000000 0.000000
0.000000 0.000000 0.367031 0.367018 0.367001 0.366953 0.366907 0.366857 0.366858 0.366852 0.366844 0.366842 0.366840 0.366847 0.366890 0.366929 0.366964 0.366970 0.366983 0.000000 0.000000
0.000000 0.000000 0.374064 0.374044 0.374017 0.373978 0.373925 0.373862 0.373868 0.373857 0.373847 0.373845 0.373848 0.373844 0.373907 0.373952 0.373979 0.373991 0.374004 0.000000 0.000000
0.000000 0.000000 0.381851 0.381825 0.381802 0.381760 0.381702 0.381637 0.381638 0.381631 0.381615 0.381621 0.381628 0.381624 0.381675 0.381734 0.381765 0.381778 0.381782 0.000000 0.000000
0.000000 0.000000 0.390732 0.390709 0.390689 0.390597 0.390570 0.390483 0.390501 0.390460 0.390460 0.390454 0.390440 0.390462 0.390520 0.390557 0.390601 0.390616 0.390654 0.000000 0.000000
0.000000 0.000000 0.401151 0.401103 0.401049 0.401004 0.400956 0.400845 0.400842 0.400841 0.400849 0.400811 0.400830 0.400822 0.400925 0.400983 0.401006 0.401021 0.401096 0.000000 0.000000
0.000000 0.000000 0.412914 0.412870 0.412857 0.412769 0.412710 0.412414 0.412408 0.412392 0.412282 0.412348 0.412353 0.412378 0.412600 0.412648 0.412758 0.412763 0.412778 0.000000 0.000000
0.000000 0.000000 0.427381 0.427362 0.427263 0.427201 0.426788 0.426945 0.426856 0.426860 0.426916 0.426855 0.426847 0.426799 0.426661 0.427111 0.427122 0.427228 0.427289 0.000000 0.000000
0.000000 0.000000 0.443105 0.443058 0.442985 0.442482 0.442709 0.442389 0.442325 0.442295 0.442172 0.442140 0.442194 0.442201 0.442482 0.442265 0.442912 0.442757 0.442729 0.000000 0.000000
0.000000 0.000000 0.455843 0.455819 0.455370 0.455590 0.455507 0.455522 0.455716 0.455665 0.455765 0.455748 0.455664 0.455768 0.455711 0.455788 0.455295 0.455974 0.455963 0.000000 0.000000
0.000000 0.000000 0.465313 0.465096 0.465070 0.465017 0.464888 0.464867 0.464835 0.464841 0.464786 0.464792 0.464818 0.464795 0.464833 0.464933 0.465039 0.465025 0.465247 0.000000 0.000000
0.000000 0.000000 0.470800 0.470617 0.470723 0.470627 0.470509 0.470431 0.470375 0.470376 0.470327 0.470331 0.470367 0.470334 0.470426 0.470514 0.470708 0.470528 0.470715 0.000000 0.000000
0.000000 0.000000 0.350000 0.350000 0.350000 0.350000 0.350000 0.350000 0.350000 0.350000 0.350000 0.350000 0.350000 0.350000 0.350000 0.350000 0.350000 0.350000 0.350000 0.000000 0.000000
0.000000 0.000000 0.000000 0.000000 0.000000 0.000000 0.000000 0.000000 0.000000 0.000000 0.000000 0.000000 0.000000 0.000000 0.000000 0.000000 0.000000 0.000000 0.000000 0.000000 0.000000