geotop/1.0zi/1.0Montebello/Templates/testdem/maps/_Eocsand5355.asc
ncols         21
nrows         20
xllcorner     100.000000
yllcorner     100.000000
cellsize      50.000000
NODATA_value  -9999.0
0.000000 0.000000 0.000000 0.000000 0.000000 0.000000 0.000000 0.000000 0.000000 0.000000 0.000000 0.000000 0.000000 0.000000 0.000000 0.000000 0.000000 0.000000 0.000000 0.000000 0.000000
0.000000 0.000000 0.300133 0.300132 0.300132 0.300132 0.300132 0.300131 0.300132 0.300132 0.300132 0.300132 0.300132 0.300132 0.300132 0.300132 0.300132 0.300132 0.300133 0.000000 0.000000
0.000000 0.000000 0.300008 0.300007 0.300007 0.300007 0.300007 0.300007 0.300007 0.300007 0.300007 0.300007 0.300007 0.300006 0.300007 0.300007 0.300009 0.300009 0.300008 0.000000 0.000000
0.000000 0.000000 0.299974 0.299973 0.299975 0.299980 0.299976 0.299979 0.299977 0.299977 0.299977 0.299979 0.299978 0.299980 0.299976 0.299972 0.299973 0.299971 0.299973 0.000000 0.000000
0.000000 0.000000 0.299171 0.299167 0.299168 0.299176 0.299189 0.299197 0.299197 0.299196 0.299201 0.299197 0.299202 0.299202 0.299192 0.299192 0.299187 0.299176 0.299171 0.000000 0.000000
0.000000 0.000000 0.296408 0.296403 0.296411 0.296441 0.296455 0.296485 0.296489 0.296495 0.296487 0.296485 0.296480 0.296483 0.296476 0.296461 0.296447 0.296432 0.296424 0.000000 0.000000
0.000000 0.000000 0.292248 0.292251 0.292256 0.292288 0.292325 0.292370 0.292369 0.292374 0.292370 0.292367 0.292370 0.292368 0.292337 0.292302 0.292286 0.292269 0.292257 0.000000 0.000000
0.000000 0.000000 0.287206 0.287205 0.287205 0.287239 0.287276 0.287325 0.287324 0.287329 0.287328 0.287327 0.287331 0.287324 0.287289 0.287257 0.287228 0.287221 0.287205 0.000000 0.000000
0.000000 0.000000 0.282023 0.282030 0.282041 0.282060 0.282097 0.282149 0.282146 0.282155 0.282159 0.282156 0.282156 0.282161 0.282114 0.282078 0.282053 0.282045 0.282031 0.000000 0.000000
0.000000 0.000000 0.276835 0.276844 0.276846 0.276860 0.276912 0.276958 0.276954 0.276960 0.276967 0.276958 0.276952 0.276959 0.276922 0.276881 0.276855 0.276852 0.276842 0.000000 0.000000
0.000000 0.000000 0.271515 0.271520 0.271519 0.271555 0.271590 0.271641 0.271630 0.271654 0.271653 0.271649 0.271656 0.271643 0.271616 0.271590 0.271561 0.271546 0.271525 0.000000 0.000000
0.000000 0.000000 0.265968 0.265980 0.265992 0.266018 0.266047 0.266108 0.266104 0.266120 0.266104 0.266118 0.266116 0.266111 0.266059 0.266036 0.266016 0.266008 0.265951 0.000000 0.000000
0.000000 0.000000 0.260314 0.260325 0.260327 0.260357 0.260382 0.260501 0.260501 0.260512 0.260536 0.260522 0.260512 0.260503 0.260419 0.260398 0.260354 0.260351 0.260309 0.000000 0.000000
0.000000 0.000000 0.254234 0.254241 0.254254 0.254271 0.254381 0.254414 0.254441 0.254442 0.254452 0.254446 0.254444 0.254449 0.254435 0.254327 0.254289 0.254260 0.254218 0.000000 0.000000
0.000000 0.000000 0.247598 0.247604 0.247630 0.247740 0.247778 0.247844 0.247891 0.247898 0.247920 0.247930 0.247917 0.247928 0.247881 0.247825 0.247659 0.247671 0.247646 0.000000 0.000000
0.000000 0.000000 0.240627 0.240637 0.240776 0.240808 0.240818 0.240862 0.240840 0.240857 0.240847 0.240864 0.240878 0.240851 0.240826 0.240808 0.240806 0.240627 0.240620 0.000000 0.000000
0.000000 0.000000 0.232765 0.232953 0.233032 0.233089 0.233177 0.233225 0.233237 0.233241 0.233281 0.233288 0.233273 0.233278 0.233227 0.233161 0.233053 0.232990 0.232803 0.000000 0.000000
0.000000 0.000000 0.226823 0.226837 0.226678 0.226729 0.226797 0.226975 0.226982 0.227021 0.227001 0.227011 0.226997 0.226994 0.226831 0.226787 0.226654 0.226823 0.226796 0.000000 0.000000
0.000000 0.000000 0.300000 0.300000 0.300000 0.300000 0.300000 0.300000 0.300000 0.300000 0.300000 0.300000 0.300000 0.300000 0.300000 0.300000 0.300000 0.300000 0.300000 0.000000 0.000000
0.000000 0.000000 0.000000 0.000000 0.000000 0.000000 0.000000 0.000000 0.000000 0.000000 0.000000 0.000000 0.000000 0.000000 0.000000 0.000000 0.000000 0.000000 0.000000 0.000000 0.000000