geotop/1.0zi/1.0Montebello/Templates/testdem/maps/_Eocsand008l.asc
ncols         21
nrows         20
xllcorner     100.000000
yllcorner     100.000000
cellsize      50.000000
NODATA_value  -9999.0
0.000000 0.000000 0.000000 0.000000 0.000000 0.000000 0.000000 0.000000 0.000000 0.000000 0.000000 0.000000 0.000000 0.000000 0.000000 0.000000 0.000000 0.000000 0.000000 0.000000 0.000000
0.000000 0.000000 0.300247 0.300245 0.300245 0.300246 0.300245 0.300245 0.300245 0.300245 0.300246 0.300245 0.300245 0.300246 0.300245 0.300245 0.300246 0.300246 0.300245 0.000000 0.000000
0.000000 0.000000 0.300011 0.300013 0.300012 0.300011 0.300012 0.300013 0.300012 0.300012 0.300012 0.300012 0.300011 0.300012 0.300012 0.300012 0.300013 0.300013 0.300014 0.000000 0.000000
0.000000 0.000000 0.299806 0.299803 0.299814 0.299822 0.299822 0.299827 0.299820 0.299821 0.299821 0.299819 0.299817 0.299819 0.299814 0.299808 0.299804 0.299802 0.299803 0.000000 0.000000
0.000000 0.000000 0.296894 0.296892 0.296912 0.296948 0.296977 0.296987 0.296987 0.296988 0.296991 0.296984 0.296979 0.296979 0.296955 0.296941 0.296925 0.296915 0.296903 0.000000 0.000000
0.000000 0.000000 0.288948 0.288958 0.289000 0.289072 0.289139 0.289199 0.289196 0.289204 0.289208 0.289207 0.289195 0.289201 0.289164 0.289108 0.289080 0.289057 0.289046 0.000000 0.000000
0.000000 0.000000 0.278001 0.278023 0.278059 0.278143 0.278227 0.278344 0.278341 0.278348 0.278361 0.278361 0.278362 0.278358 0.278261 0.278193 0.278150 0.278120 0.278106 0.000000 0.000000
0.000000 0.000000 0.264978 0.265004 0.265041 0.265141 0.265235 0.265341 0.265339 0.265350 0.265365 0.265371 0.265374 0.265357 0.265268 0.265190 0.265121 0.265105 0.265078 0.000000 0.000000
0.000000 0.000000 0.250574 0.250612 0.250668 0.250749 0.250857 0.250984 0.250972 0.250993 0.251015 0.251019 0.251012 0.251019 0.250893 0.250800 0.250746 0.250722 0.250698 0.000000 0.000000
0.000000 0.000000 0.234523 0.234576 0.234623 0.234711 0.234831 0.234965 0.234963 0.234977 0.235010 0.234998 0.234982 0.234989 0.234886 0.234764 0.234700 0.234674 0.234664 0.000000 0.000000
0.000000 0.000000 0.216075 0.216120 0.216166 0.216355 0.216411 0.216593 0.216555 0.216640 0.216640 0.216653 0.216682 0.216634 0.216516 0.216440 0.216348 0.216315 0.216237 0.000000 0.000000
0.000000 0.000000 0.194309 0.194405 0.194523 0.194616 0.194716 0.194948 0.194954 0.194956 0.194938 0.195018 0.194978 0.194994 0.194780 0.194658 0.194611 0.194580 0.194423 0.000000 0.000000
0.000000 0.000000 0.169599 0.169687 0.169717 0.169904 0.170028 0.170654 0.170666 0.170700 0.170935 0.170792 0.170782 0.170728 0.170258 0.170157 0.169925 0.169913 0.169886 0.000000 0.000000
0.000000 0.000000 0.139035 0.139070 0.139287 0.139416 0.140301 0.139952 0.140141 0.140131 0.140002 0.140138 0.140156 0.140260 0.140566 0.139600 0.139581 0.139353 0.139224 0.000000 0.000000
0.000000 0.000000 0.105932 0.106029 0.106183 0.107260 0.106753 0.107448 0.107582 0.107645 0.107911 0.107974 0.107859 0.107841 0.107229 0.107717 0.106331 0.106669 0.106732 0.000000 0.000000
0.000000 0.000000 0.079368 0.079416 0.080381 0.079892 0.080079 0.080039 0.079618 0.079726 0.079507 0.079542 0.079724 0.079500 0.079630 0.079456 0.080539 0.079072 0.079096 0.000000 0.000000
0.000000 0.000000 0.058935 0.059488 0.059475 0.059651 0.059967 0.060035 0.060150 0.060124 0.060279 0.060262 0.060183 0.060260 0.060145 0.059901 0.059544 0.059703 0.059136 0.000000 0.000000
0.000000 0.000000 0.048522 0.048650 0.048370 0.048520 0.048702 0.048963 0.049018 0.049057 0.049064 0.049072 0.049030 0.049056 0.048799 0.048659 0.048381 0.048739 0.048604 0.000000 0.000000
0.000000 0.000000 0.300000 0.300000 0.300000 0.300000 0.300000 0.300000 0.300000 0.300000 0.300000 0.300000 0.300000 0.300000 0.300000 0.300000 0.300000 0.300000 0.300000 0.000000 0.000000
0.000000 0.000000 0.000000 0.000000 0.000000 0.000000 0.000000 0.000000 0.000000 0.000000 0.000000 0.000000 0.000000 0.000000 0.000000 0.000000 0.000000 0.000000 0.000000 0.000000 0.000000