geotop/1.0zi/1.0Montebello/Templates/testdem/maps/_Eocsand151$.asc
ncols         21
nrows         20
xllcorner     100.000000
yllcorner     100.000000
cellsize      50.000000
NODATA_value  -9999.0
0.000000 0.000000 0.000000 0.000000 0.000000 0.000000 0.000000 0.000000 0.000000 0.000000 0.000000 0.000000 0.000000 0.000000 0.000000 0.000000 0.000000 0.000000 0.000000 0.000000 0.000000
0.000000 0.000000 0.300295 0.300292 0.300292 0.300293 0.300292 0.300292 0.300292 0.300292 0.300293 0.300292 0.300292 0.300292 0.300292 0.300292 0.300293 0.300292 0.300293 0.000000 0.000000
0.000000 0.000000 0.300011 0.300013 0.300014 0.300011 0.300013 0.300014 0.300013 0.300013 0.300013 0.300012 0.300012 0.300013 0.300012 0.300013 0.300014 0.300014 0.300013 0.000000 0.000000
0.000000 0.000000 0.299626 0.299616 0.299631 0.299639 0.299634 0.299645 0.299642 0.299641 0.299645 0.299643 0.299643 0.299638 0.299640 0.299632 0.299628 0.299624 0.299624 0.000000 0.000000
0.000000 0.000000 0.295610 0.295620 0.295639 0.295674 0.295710 0.295724 0.295728 0.295731 0.295739 0.295727 0.295721 0.295726 0.295702 0.295684 0.295665 0.295647 0.295632 0.000000 0.000000
0.000000 0.000000 0.285562 0.285577 0.285624 0.285703 0.285778 0.285843 0.285845 0.285857 0.285866 0.285863 0.285850 0.285859 0.285822 0.285753 0.285722 0.285691 0.285679 0.000000 0.000000
0.000000 0.000000 0.271852 0.271879 0.271926 0.272019 0.272116 0.272259 0.272267 0.272277 0.272294 0.272292 0.272294 0.272291 0.272184 0.272099 0.272049 0.272006 0.271992 0.000000 0.000000
0.000000 0.000000 0.255235 0.255269 0.255319 0.255445 0.255553 0.255690 0.255705 0.255718 0.255740 0.255742 0.255749 0.255730 0.255633 0.255535 0.255452 0.255428 0.255397 0.000000 0.000000
0.000000 0.000000 0.236167 0.236218 0.236298 0.236399 0.236527 0.236699 0.236705 0.236733 0.236760 0.236765 0.236759 0.236771 0.236624 0.236502 0.236435 0.236398 0.236371 0.000000 0.000000
0.000000 0.000000 0.213866 0.213947 0.214024 0.214134 0.214288 0.214472 0.214499 0.214513 0.214560 0.214545 0.214515 0.214527 0.214413 0.214248 0.214161 0.214119 0.214109 0.000000 0.000000
0.000000 0.000000 0.186818 0.186898 0.186967 0.187246 0.187308 0.187578 0.187537 0.187668 0.187657 0.187681 0.187732 0.187657 0.187516 0.187414 0.187282 0.187228 0.187112 0.000000 0.000000
0.000000 0.000000 0.153519 0.153691 0.153895 0.153989 0.154135 0.154489 0.154554 0.154519 0.154505 0.154614 0.154551 0.154595 0.154301 0.154102 0.154051 0.153997 0.153775 0.000000 0.000000
0.000000 0.000000 0.117133 0.117274 0.117293 0.117575 0.117742 0.118689 0.118752 0.118813 0.119204 0.118924 0.118936 0.118845 0.118183 0.118051 0.117687 0.117643 0.117701 0.000000 0.000000
0.000000 0.000000 0.080977 0.081000 0.081268 0.081363 0.082307 0.081747 0.081970 0.081959 0.081749 0.081953 0.081977 0.082112 0.082582 0.081516 0.081563 0.081320 0.081190 0.000000 0.000000
0.000000 0.000000 0.057965 0.058015 0.058123 0.058598 0.058511 0.058751 0.058835 0.058865 0.058961 0.059009 0.058958 0.058968 0.058754 0.058843 0.058242 0.058353 0.058368 0.000000 0.000000
0.000000 0.000000 0.043860 0.043899 0.044091 0.044294 0.044228 0.044380 0.044360 0.044394 0.044421 0.044449 0.044447 0.044415 0.044298 0.044365 0.044172 0.044034 0.044052 0.000000 0.000000
0.000000 0.000000 0.034048 0.034120 0.034267 0.034383 0.034364 0.034465 0.034443 0.034464 0.034484 0.034500 0.034500 0.034478 0.034402 0.034429 0.034327 0.034204 0.034170 0.000000 0.000000
0.000000 0.000000 0.027308 0.027340 0.027456 0.027502 0.027493 0.027570 0.027532 0.027554 0.027548 0.027560 0.027571 0.027545 0.027491 0.027507 0.027500 0.027371 0.027364 0.000000 0.000000
0.000000 0.000000 0.300000 0.300000 0.300000 0.300000 0.300000 0.300000 0.300000 0.300000 0.300000 0.300000 0.300000 0.300000 0.300000 0.300000 0.300000 0.300000 0.300000 0.000000 0.000000
0.000000 0.000000 0.000000 0.000000 0.000000 0.000000 0.000000 0.000000 0.000000 0.000000 0.000000 0.000000 0.000000 0.000000 0.000000 0.000000 0.000000 0.000000 0.000000 0.000000 0.000000