geotop/1.0zi/1.0Montebello/Templates/testdem/maps/_Eocsand3451.asc
ncols         21
nrows         20
xllcorner     100.000000
yllcorner     100.000000
cellsize      50.000000
NODATA_value  -9999.0
0.000000 0.000000 0.000000 0.000000 0.000000 0.000000 0.000000 0.000000 0.000000 0.000000 0.000000 0.000000 0.000000 0.000000 0.000000 0.000000 0.000000 0.000000 0.000000 0.000000 0.000000
0.000000 0.000000 0.300092 0.300092 0.300092 0.300092 0.300092 0.300092 0.300092 0.300092 0.300093 0.300092 0.300092 0.300092 0.300092 0.300092 0.300092 0.300092 0.300092 0.000000 0.000000
0.000000 0.000000 0.300010 0.300011 0.300011 0.300010 0.300011 0.300010 0.300010 0.300011 0.300009 0.300011 0.300010 0.300010 0.300011 0.300010 0.300011 0.300011 0.300010 0.000000 0.000000
0.000000 0.000000 0.297325 0.297326 0.297331 0.297329 0.297326 0.297326 0.297326 0.297326 0.297325 0.297326 0.297326 0.297326 0.297326 0.297329 0.297331 0.297326 0.297325 0.000000 0.000000
0.000000 0.000000 0.287102 0.287103 0.287107 0.287107 0.287101 0.287103 0.287103 0.287101 0.287100 0.287101 0.287103 0.287103 0.287101 0.287107 0.287107 0.287103 0.287102 0.000000 0.000000
0.000000 0.000000 0.275214 0.275215 0.275218 0.275218 0.275213 0.275215 0.275215 0.275213 0.275212 0.275213 0.275215 0.275215 0.275213 0.275218 0.275218 0.275215 0.275214 0.000000 0.000000
0.000000 0.000000 0.264266 0.264267 0.264270 0.264270 0.264265 0.264267 0.264267 0.264266 0.264264 0.264266 0.264267 0.264267 0.264265 0.264270 0.264270 0.264267 0.264266 0.000000 0.000000
0.000000 0.000000 0.254344 0.254345 0.254347 0.254347 0.254343 0.254345 0.254345 0.254343 0.254342 0.254343 0.254345 0.254345 0.254343 0.254347 0.254347 0.254345 0.254344 0.000000 0.000000
0.000000 0.000000 0.245189 0.245189 0.245192 0.245191 0.245188 0.245189 0.245189 0.245188 0.245187 0.245188 0.245189 0.245189 0.245188 0.245191 0.245192 0.245189 0.245189 0.000000 0.000000
0.000000 0.000000 0.236586 0.236586 0.236589 0.236588 0.236585 0.236586 0.236586 0.236585 0.236584 0.236585 0.236586 0.236586 0.236585 0.236588 0.236589 0.236586 0.236586 0.000000 0.000000
0.000000 0.000000 0.228424 0.228425 0.228427 0.228427 0.228424 0.228425 0.228425 0.228424 0.228423 0.228424 0.228425 0.228425 0.228424 0.228427 0.228427 0.228425 0.228424 0.000000 0.000000
0.000000 0.000000 0.220625 0.220626 0.220628 0.220627 0.220625 0.220626 0.220626 0.220625 0.220624 0.220625 0.220626 0.220626 0.220625 0.220627 0.220628 0.220626 0.220625 0.000000 0.000000
0.000000 0.000000 0.213129 0.213130 0.213132 0.213131 0.213129 0.213130 0.213130 0.213129 0.213128 0.213129 0.213130 0.213130 0.213129 0.213131 0.213132 0.213130 0.213129 0.000000 0.000000
0.000000 0.000000 0.205879 0.205879 0.205881 0.205880 0.205878 0.205879 0.205879 0.205878 0.205877 0.205878 0.205879 0.205879 0.205878 0.205880 0.205881 0.205879 0.205879 0.000000 0.000000
0.000000 0.000000 0.198851 0.198852 0.198854 0.198853 0.198851 0.198852 0.198852 0.198851 0.198850 0.198851 0.198852 0.198852 0.198851 0.198853 0.198854 0.198852 0.198851 0.000000 0.000000
0.000000 0.000000 0.192037 0.192038 0.192040 0.192039 0.192037 0.192038 0.192038 0.192037 0.192036 0.192037 0.192038 0.192038 0.192037 0.192039 0.192040 0.192038 0.192037 0.000000 0.000000
0.000000 0.000000 0.185413 0.185413 0.185415 0.185414 0.185412 0.185413 0.185413 0.185412 0.185411 0.185412 0.185413 0.185413 0.185412 0.185414 0.185415 0.185413 0.185413 0.000000 0.000000
0.000000 0.000000 0.178865 0.178864 0.178866 0.178865 0.178863 0.178864 0.178864 0.178863 0.178862 0.178863 0.178864 0.178864 0.178863 0.178865 0.178866 0.178864 0.178864 0.000000 0.000000
0.000000 0.000000 0.300000 0.300000 0.300000 0.300000 0.300000 0.300000 0.300000 0.300000 0.300000 0.300000 0.300000 0.300000 0.300000 0.300000 0.300000 0.300000 0.300000 0.000000 0.000000
0.000000 0.000000 0.000000 0.000000 0.000000 0.000000 0.000000 0.000000 0.000000 0.000000 0.000000 0.000000 0.000000 0.000000 0.000000 0.000000 0.000000 0.000000 0.000000 0.000000 0.000000