geotop/1.0zi/1.0Montebello/Templates/testdem/maps/_Eocsand8416.asc
ncols         21
nrows         20
xllcorner     100.000000
yllcorner     100.000000
cellsize      50.000000
NODATA_value  -9999.0
0.000000 0.000000 0.000000 0.000000 0.000000 0.000000 0.000000 0.000000 0.000000 0.000000 0.000000 0.000000 0.000000 0.000000 0.000000 0.000000 0.000000 0.000000 0.000000 0.000000 0.000000
0.000000 0.000000 0.300210 0.300208 0.300208 0.300208 0.300207 0.300207 0.300207 0.300207 0.300208 0.300207 0.300207 0.300208 0.300207 0.300207 0.300209 0.300209 0.300209 0.000000 0.000000
0.000000 0.000000 0.300011 0.300012 0.300012 0.300011 0.300012 0.300012 0.300012 0.300012 0.300012 0.300012 0.300011 0.300012 0.300012 0.300012 0.300012 0.300013 0.300013 0.000000 0.000000
0.000000 0.000000 0.299893 0.299893 0.299897 0.299905 0.299901 0.299909 0.299904 0.299906 0.299906 0.299906 0.299906 0.299908 0.299903 0.299898 0.299896 0.299893 0.299894 0.000000 0.000000
0.000000 0.000000 0.297936 0.297934 0.297943 0.297957 0.297979 0.297989 0.297996 0.297995 0.297999 0.297997 0.298001 0.297994 0.297973 0.297965 0.297953 0.297939 0.297929 0.000000 0.000000
0.000000 0.000000 0.292155 0.292157 0.292178 0.292225 0.292261 0.292309 0.292310 0.292322 0.292313 0.292315 0.292311 0.292311 0.292285 0.292250 0.292223 0.292201 0.292189 0.000000 0.000000
0.000000 0.000000 0.284034 0.284045 0.284062 0.284115 0.284182 0.284260 0.284261 0.284269 0.284269 0.284268 0.284272 0.284266 0.284198 0.284140 0.284106 0.284078 0.284063 0.000000 0.000000
0.000000 0.000000 0.274398 0.274406 0.274418 0.274480 0.274541 0.274627 0.274628 0.274639 0.274641 0.274645 0.274652 0.274635 0.274562 0.274508 0.274453 0.274438 0.274412 0.000000 0.000000
0.000000 0.000000 0.264051 0.264072 0.264098 0.264138 0.264208 0.264300 0.264295 0.264314 0.264320 0.264324 0.264323 0.264325 0.264235 0.264164 0.264122 0.264100 0.264078 0.000000 0.000000
0.000000 0.000000 0.253052 0.253075 0.253089 0.253127 0.253228 0.253310 0.253311 0.253320 0.253335 0.253326 0.253317 0.253321 0.253245 0.253161 0.253112 0.253093 0.253079 0.000000 0.000000
0.000000 0.000000 0.241036 0.241048 0.241063 0.241155 0.241220 0.241325 0.241299 0.241357 0.241346 0.241352 0.241373 0.241338 0.241263 0.241214 0.241147 0.241112 0.241067 0.000000 0.000000
0.000000 0.000000 0.227614 0.227655 0.227692 0.227742 0.227827 0.227948 0.227960 0.227970 0.227945 0.227989 0.227974 0.227970 0.227840 0.227772 0.227731 0.227702 0.227595 0.000000 0.000000
0.000000 0.000000 0.213006 0.213047 0.213049 0.213139 0.213204 0.213535 0.213543 0.213557 0.213651 0.213599 0.213587 0.213556 0.213301 0.213238 0.213112 0.213101 0.213047 0.000000 0.000000
0.000000 0.000000 0.195736 0.195746 0.195810 0.195870 0.196287 0.196247 0.196333 0.196331 0.196303 0.196336 0.196346 0.196374 0.196416 0.195973 0.195914 0.195796 0.195717 0.000000 0.000000
0.000000 0.000000 0.175275 0.175316 0.175399 0.175936 0.175873 0.176146 0.176268 0.176294 0.176392 0.176453 0.176396 0.176407 0.176140 0.176172 0.175459 0.175575 0.175566 0.000000 0.000000
0.000000 0.000000 0.152884 0.152920 0.153692 0.153459 0.153522 0.153586 0.153290 0.153382 0.153226 0.153280 0.153413 0.153220 0.153212 0.153163 0.153767 0.152630 0.152647 0.000000 0.000000
0.000000 0.000000 0.125375 0.126581 0.126287 0.126755 0.127354 0.127539 0.127885 0.127804 0.128174 0.128138 0.127932 0.128142 0.127827 0.127382 0.126337 0.127043 0.125789 0.000000 0.000000
0.000000 0.000000 0.116078 0.114950 0.113960 0.113951 0.113882 0.114835 0.114667 0.114947 0.114482 0.114577 0.114655 0.114496 0.113705 0.113754 0.113782 0.114533 0.115642 0.000000 0.000000
0.000000 0.000000 0.300000 0.300000 0.300000 0.300000 0.300000 0.300000 0.300000 0.300000 0.300000 0.300000 0.300000 0.300000 0.300000 0.300000 0.300000 0.300000 0.300000 0.000000 0.000000
0.000000 0.000000 0.000000 0.000000 0.000000 0.000000 0.000000 0.000000 0.000000 0.000000 0.000000 0.000000 0.000000 0.000000 0.000000 0.000000 0.000000 0.000000 0.000000 0.000000 0.000000