geotop/1.0zi/1.0Montebello/Templates/testdem/maps/_Eocclay6849.asc
ncols         21
nrows         20
xllcorner     100.000000
yllcorner     100.000000
cellsize      50.000000
NODATA_value  -9999.0
0.000000 0.000000 0.000000 0.000000 0.000000 0.000000 0.000000 0.000000 0.000000 0.000000 0.000000 0.000000 0.000000 0.000000 0.000000 0.000000 0.000000 0.000000 0.000000 0.000000 0.000000
0.000000 0.000000 0.349697 0.349698 0.349698 0.349697 0.349699 0.349699 0.349698 0.349698 0.349697 0.349698 0.349698 0.349698 0.349699 0.349698 0.349697 0.349697 0.349698 0.000000 0.000000
0.000000 0.000000 0.349988 0.349988 0.349988 0.349989 0.349987 0.349987 0.349987 0.349987 0.349987 0.349987 0.349988 0.349986 0.349988 0.349988 0.349989 0.349989 0.349986 0.000000 0.000000
0.000000 0.000000 0.349979 0.349984 0.349981 0.349981 0.349983 0.349983 0.349984 0.349981 0.349986 0.349983 0.349983 0.349983 0.349982 0.349984 0.349982 0.349984 0.349983 0.000000 0.000000
0.000000 0.000000 0.350657 0.350655 0.350653 0.350650 0.350637 0.350635 0.350635 0.350637 0.350634 0.350635 0.350631 0.350634 0.350642 0.350642 0.350647 0.350648 0.350655 0.000000 0.000000
0.000000 0.000000 0.352710 0.352709 0.352700 0.352675 0.352666 0.352646 0.352647 0.352641 0.352645 0.352645 0.352647 0.352648 0.352655 0.352671 0.352682 0.352694 0.352701 0.000000 0.000000
0.000000 0.000000 0.355691 0.355688 0.355682 0.355662 0.355637 0.355606 0.355606 0.355600 0.355603 0.355604 0.355604 0.355604 0.355629 0.355655 0.355667 0.355676 0.355685 0.000000 0.000000
0.000000 0.000000 0.359261 0.359260 0.359254 0.359229 0.359205 0.359172 0.359172 0.359168 0.359168 0.359167 0.359165 0.359171 0.359198 0.359220 0.359240 0.359247 0.359258 0.000000 0.000000
0.000000 0.000000 0.362964 0.362959 0.362948 0.362933 0.362909 0.362875 0.362878 0.362870 0.362868 0.362867 0.362867 0.362866 0.362898 0.362927 0.362942 0.362947 0.362957 0.000000 0.000000
0.000000 0.000000 0.366782 0.366775 0.366769 0.366756 0.366720 0.366690 0.366691 0.366686 0.366682 0.366685 0.366690 0.366687 0.366714 0.366746 0.366764 0.366768 0.366776 0.000000 0.000000
0.000000 0.000000 0.370821 0.370816 0.370810 0.370782 0.370758 0.370723 0.370730 0.370711 0.370714 0.370715 0.370709 0.370720 0.370742 0.370762 0.370784 0.370795 0.370813 0.000000 0.000000
0.000000 0.000000 0.375149 0.375138 0.375126 0.375105 0.375081 0.375039 0.375038 0.375030 0.375041 0.375028 0.375030 0.375033 0.375074 0.375096 0.375111 0.375118 0.375159 0.000000 0.000000
0.000000 0.000000 0.379692 0.379681 0.379674 0.379651 0.379629 0.379532 0.379532 0.379524 0.379502 0.379514 0.379521 0.379529 0.379601 0.379623 0.379659 0.379662 0.379688 0.000000 0.000000
0.000000 0.000000 0.384770 0.384765 0.384747 0.384730 0.384626 0.384611 0.384589 0.384588 0.384587 0.384587 0.384585 0.384582 0.384586 0.384696 0.384722 0.384749 0.384779 0.000000 0.000000
0.000000 0.000000 0.390519 0.390511 0.390486 0.390368 0.390347 0.390290 0.390252 0.390245 0.390226 0.390212 0.390225 0.390219 0.390271 0.390305 0.390466 0.390449 0.390463 0.000000 0.000000
0.000000 0.000000 0.396741 0.396732 0.396568 0.396565 0.396558 0.396526 0.396572 0.396550 0.396573 0.396556 0.396535 0.396572 0.396590 0.396602 0.396550 0.396765 0.396767 0.000000 0.000000
0.000000 0.000000 0.404201 0.403959 0.403927 0.403856 0.403737 0.403694 0.403658 0.403662 0.403604 0.403604 0.403633 0.403611 0.403672 0.403763 0.403915 0.403896 0.404145 0.000000 0.000000
0.000000 0.000000 0.408867 0.408969 0.409198 0.409158 0.409111 0.408893 0.408898 0.408845 0.408905 0.408889 0.408894 0.408908 0.409104 0.409142 0.409237 0.409015 0.408926 0.000000 0.000000
0.000000 0.000000 0.350000 0.350000 0.350000 0.350000 0.350000 0.350000 0.350000 0.350000 0.350000 0.350000 0.350000 0.350000 0.350000 0.350000 0.350000 0.350000 0.350000 0.000000 0.000000
0.000000 0.000000 0.000000 0.000000 0.000000 0.000000 0.000000 0.000000 0.000000 0.000000 0.000000 0.000000 0.000000 0.000000 0.000000 0.000000 0.000000 0.000000 0.000000 0.000000 0.000000