geotop/1.0zi/1.0Montebello/Templates/testdem/maps/_Eocsilt3429.asc
ncols         21
nrows         20
xllcorner     100.000000
yllcorner     100.000000
cellsize      50.000000
NODATA_value  -9999.0
0.000000 0.000000 0.000000 0.000000 0.000000 0.000000 0.000000 0.000000 0.000000 0.000000 0.000000 0.000000 0.000000 0.000000 0.000000 0.000000 0.000000 0.000000 0.000000 0.000000 0.000000
0.000000 0.000000 0.350092 0.350092 0.350092 0.350092 0.350092 0.350092 0.350092 0.350092 0.350091 0.350092 0.350092 0.350092 0.350092 0.350092 0.350092 0.350092 0.350092 0.000000 0.000000
0.000000 0.000000 0.349994 0.349993 0.349994 0.349994 0.349994 0.349994 0.349994 0.349994 0.349994 0.349994 0.349994 0.349994 0.349994 0.349994 0.349994 0.349993 0.349994 0.000000 0.000000
0.000000 0.000000 0.351369 0.351368 0.351366 0.351367 0.351369 0.351369 0.351369 0.351369 0.351369 0.351369 0.351369 0.351369 0.351369 0.351367 0.351366 0.351368 0.351369 0.000000 0.000000
0.000000 0.000000 0.356236 0.356235 0.356233 0.356234 0.356236 0.356235 0.356235 0.356236 0.356237 0.356236 0.356235 0.356235 0.356236 0.356234 0.356233 0.356235 0.356236 0.000000 0.000000
0.000000 0.000000 0.362200 0.362200 0.362198 0.362198 0.362201 0.362200 0.362200 0.362201 0.362201 0.362201 0.362200 0.362200 0.362201 0.362198 0.362198 0.362200 0.362200 0.000000 0.000000
0.000000 0.000000 0.367595 0.367595 0.367594 0.367594 0.367596 0.367595 0.367595 0.367596 0.367596 0.367596 0.367595 0.367595 0.367596 0.367594 0.367594 0.367595 0.367595 0.000000 0.000000
0.000000 0.000000 0.372467 0.372467 0.372466 0.372466 0.372468 0.372467 0.372467 0.372468 0.372468 0.372468 0.372467 0.372467 0.372468 0.372466 0.372466 0.372467 0.372467 0.000000 0.000000
0.000000 0.000000 0.376958 0.376958 0.376957 0.376957 0.376959 0.376958 0.376958 0.376959 0.376959 0.376959 0.376958 0.376958 0.376959 0.376957 0.376957 0.376958 0.376958 0.000000 0.000000
0.000000 0.000000 0.381175 0.381175 0.381174 0.381174 0.381176 0.381175 0.381175 0.381175 0.381176 0.381175 0.381175 0.381175 0.381176 0.381174 0.381174 0.381175 0.381175 0.000000 0.000000
0.000000 0.000000 0.385173 0.385173 0.385172 0.385172 0.385174 0.385173 0.385173 0.385174 0.385174 0.385174 0.385173 0.385173 0.385174 0.385172 0.385172 0.385173 0.385173 0.000000 0.000000
0.000000 0.000000 0.388992 0.388991 0.388990 0.388991 0.388992 0.388991 0.388991 0.388992 0.388992 0.388992 0.388991 0.388991 0.388992 0.388991 0.388990 0.388991 0.388992 0.000000 0.000000
0.000000 0.000000 0.392659 0.392659 0.392658 0.392658 0.392659 0.392659 0.392659 0.392659 0.392660 0.392659 0.392659 0.392659 0.392659 0.392658 0.392658 0.392659 0.392659 0.000000 0.000000
0.000000 0.000000 0.396205 0.396205 0.396203 0.396204 0.396205 0.396205 0.396205 0.396205 0.396205 0.396205 0.396205 0.396205 0.396205 0.396204 0.396203 0.396205 0.396205 0.000000 0.000000
0.000000 0.000000 0.399639 0.399639 0.399638 0.399638 0.399639 0.399639 0.399639 0.399639 0.399640 0.399639 0.399639 0.399639 0.399639 0.399638 0.399638 0.399639 0.399639 0.000000 0.000000
0.000000 0.000000 0.402967 0.402967 0.402966 0.402966 0.402967 0.402967 0.402967 0.402967 0.402968 0.402967 0.402967 0.402967 0.402967 0.402966 0.402966 0.402967 0.402967 0.000000 0.000000
0.000000 0.000000 0.406201 0.406200 0.406199 0.406200 0.406201 0.406200 0.406200 0.406201 0.406201 0.406201 0.406200 0.406200 0.406201 0.406200 0.406199 0.406200 0.406201 0.000000 0.000000
0.000000 0.000000 0.409396 0.409396 0.409395 0.409395 0.409396 0.409396 0.409396 0.409396 0.409397 0.409396 0.409396 0.409396 0.409396 0.409395 0.409395 0.409396 0.409396 0.000000 0.000000
0.000000 0.000000 0.350000 0.350000 0.350000 0.350000 0.350000 0.350000 0.350000 0.350000 0.350000 0.350000 0.350000 0.350000 0.350000 0.350000 0.350000 0.350000 0.350000 0.000000 0.000000
0.000000 0.000000 0.000000 0.000000 0.000000 0.000000 0.000000 0.000000 0.000000 0.000000 0.000000 0.000000 0.000000 0.000000 0.000000 0.000000 0.000000 0.000000 0.000000 0.000000 0.000000