geotop/1.0zi/1.0Montebello/Templates/testdem/maps/_Eocsand0234.asc
ncols         21
nrows         20
xllcorner     100.000000
yllcorner     100.000000
cellsize      50.000000
NODATA_value  -9999.0
0.000000 0.000000 0.000000 0.000000 0.000000 0.000000 0.000000 0.000000 0.000000 0.000000 0.000000 0.000000 0.000000 0.000000 0.000000 0.000000 0.000000 0.000000 0.000000 0.000000 0.000000
0.000000 0.000000 0.300012 0.300012 0.300012 0.300012 0.300012 0.300012 0.300012 0.300012 0.300012 0.300012 0.300012 0.300012 0.300012 0.300012 0.300012 0.300012 0.300012 0.000000 0.000000
0.000000 0.000000 0.299999 0.299999 0.300000 0.299999 0.299999 0.299999 0.299999 0.299999 0.299999 0.299999 0.299999 0.299999 0.299999 0.299999 0.300000 0.299999 0.299999 0.000000 0.000000
0.000000 0.000000 0.299584 0.299584 0.299588 0.299584 0.299584 0.299584 0.299584 0.299584 0.299584 0.299584 0.299584 0.299584 0.299584 0.299584 0.299588 0.299584 0.299584 0.000000 0.000000
0.000000 0.000000 0.298510 0.298510 0.298514 0.298510 0.298510 0.298510 0.298510 0.298510 0.298510 0.298510 0.298510 0.298510 0.298510 0.298510 0.298514 0.298510 0.298510 0.000000 0.000000
0.000000 0.000000 0.297532 0.297532 0.297535 0.297532 0.297532 0.297532 0.297532 0.297532 0.297532 0.297532 0.297532 0.297532 0.297532 0.297532 0.297535 0.297532 0.297532 0.000000 0.000000
0.000000 0.000000 0.296666 0.296667 0.296669 0.296667 0.296666 0.296666 0.296666 0.296666 0.296666 0.296666 0.296666 0.296666 0.296666 0.296667 0.296669 0.296667 0.296666 0.000000 0.000000
0.000000 0.000000 0.295880 0.295880 0.295883 0.295880 0.295880 0.295880 0.295880 0.295880 0.295880 0.295880 0.295880 0.295880 0.295880 0.295880 0.295883 0.295880 0.295880 0.000000 0.000000
0.000000 0.000000 0.295148 0.295148 0.295151 0.295148 0.295148 0.295148 0.295148 0.295148 0.295148 0.295148 0.295148 0.295148 0.295148 0.295148 0.295151 0.295148 0.295148 0.000000 0.000000
0.000000 0.000000 0.294447 0.294447 0.294450 0.294447 0.294447 0.294447 0.294447 0.294447 0.294447 0.294447 0.294447 0.294447 0.294447 0.294447 0.294450 0.294447 0.294447 0.000000 0.000000
0.000000 0.000000 0.293773 0.293773 0.293775 0.293773 0.293773 0.293773 0.293773 0.293773 0.293773 0.293773 0.293773 0.293773 0.293773 0.293773 0.293775 0.293773 0.293773 0.000000 0.000000
0.000000 0.000000 0.293118 0.293118 0.293120 0.293118 0.293118 0.293118 0.293118 0.293118 0.293118 0.293118 0.293118 0.293118 0.293118 0.293118 0.293120 0.293118 0.293118 0.000000 0.000000
0.000000 0.000000 0.292476 0.292476 0.292479 0.292477 0.292476 0.292476 0.292476 0.292476 0.292476 0.292476 0.292476 0.292476 0.292476 0.292477 0.292479 0.292476 0.292476 0.000000 0.000000
0.000000 0.000000 0.291850 0.291850 0.291853 0.291851 0.291850 0.291850 0.291850 0.291850 0.291850 0.291850 0.291850 0.291850 0.291850 0.291851 0.291853 0.291850 0.291850 0.000000 0.000000
0.000000 0.000000 0.291234 0.291235 0.291237 0.291235 0.291234 0.291234 0.291234 0.291234 0.291234 0.291234 0.291234 0.291234 0.291234 0.291235 0.291237 0.291235 0.291234 0.000000 0.000000
0.000000 0.000000 0.290624 0.290624 0.290626 0.290624 0.290624 0.290624 0.290624 0.290624 0.290624 0.290624 0.290624 0.290624 0.290624 0.290624 0.290626 0.290624 0.290624 0.000000 0.000000
0.000000 0.000000 0.290025 0.290025 0.290028 0.290025 0.290025 0.290025 0.290025 0.290025 0.290025 0.290025 0.290025 0.290025 0.290025 0.290025 0.290028 0.290025 0.290025 0.000000 0.000000
0.000000 0.000000 0.289387 0.289386 0.289389 0.289386 0.289386 0.289386 0.289386 0.289386 0.289386 0.289386 0.289386 0.289386 0.289386 0.289386 0.289389 0.289386 0.289386 0.000000 0.000000
0.000000 0.000000 0.300000 0.300000 0.300000 0.300000 0.300000 0.300000 0.300000 0.300000 0.300000 0.300000 0.300000 0.300000 0.300000 0.300000 0.300000 0.300000 0.300000 0.000000 0.000000
0.000000 0.000000 0.000000 0.000000 0.000000 0.000000 0.000000 0.000000 0.000000 0.000000 0.000000 0.000000 0.000000 0.000000 0.000000 0.000000 0.000000 0.000000 0.000000 0.000000 0.000000