geotop/1.0zi/1.0Montebello/Templates/testdem/maps/_Eocsilt3313.asc
ncols         21
nrows         20
xllcorner     100.000000
yllcorner     100.000000
cellsize      50.000000
NODATA_value  -9999.0
0.000000 0.000000 0.000000 0.000000 0.000000 0.000000 0.000000 0.000000 0.000000 0.000000 0.000000 0.000000 0.000000 0.000000 0.000000 0.000000 0.000000 0.000000 0.000000 0.000000 0.000000
0.000000 0.000000 0.350090 0.350090 0.350090 0.350090 0.350090 0.350090 0.350090 0.350090 0.350089 0.350090 0.350090 0.350090 0.350090 0.350090 0.350090 0.350090 0.350090 0.000000 0.000000
0.000000 0.000000 0.349994 0.349994 0.349994 0.349994 0.349994 0.349994 0.349994 0.349994 0.349995 0.349994 0.349994 0.349994 0.349994 0.349994 0.349994 0.349994 0.349994 0.000000 0.000000
0.000000 0.000000 0.351312 0.351312 0.351309 0.351310 0.351313 0.351312 0.351312 0.351312 0.351313 0.351312 0.351312 0.351312 0.351313 0.351310 0.351309 0.351312 0.351312 0.000000 0.000000
0.000000 0.000000 0.355970 0.355969 0.355967 0.355968 0.355970 0.355969 0.355969 0.355970 0.355971 0.355970 0.355969 0.355969 0.355970 0.355968 0.355967 0.355969 0.355970 0.000000 0.000000
0.000000 0.000000 0.361698 0.361697 0.361696 0.361696 0.361698 0.361697 0.361698 0.361698 0.361699 0.361698 0.361698 0.361697 0.361698 0.361696 0.361696 0.361697 0.361698 0.000000 0.000000
0.000000 0.000000 0.366893 0.366893 0.366891 0.366891 0.366894 0.366893 0.366893 0.366893 0.366894 0.366893 0.366893 0.366893 0.366894 0.366891 0.366891 0.366893 0.366893 0.000000 0.000000
0.000000 0.000000 0.371592 0.371592 0.371590 0.371591 0.371593 0.371592 0.371592 0.371592 0.371593 0.371592 0.371592 0.371592 0.371593 0.371591 0.371590 0.371592 0.371592 0.000000 0.000000
0.000000 0.000000 0.375931 0.375931 0.375929 0.375930 0.375931 0.375931 0.375931 0.375931 0.375932 0.375931 0.375931 0.375931 0.375931 0.375930 0.375929 0.375931 0.375931 0.000000 0.000000
0.000000 0.000000 0.380013 0.380013 0.380011 0.380012 0.380013 0.380013 0.380013 0.380013 0.380014 0.380013 0.380013 0.380013 0.380013 0.380012 0.380011 0.380013 0.380013 0.000000 0.000000
0.000000 0.000000 0.383889 0.383889 0.383888 0.383888 0.383889 0.383889 0.383889 0.383889 0.383890 0.383889 0.383889 0.383889 0.383889 0.383888 0.383888 0.383889 0.383889 0.000000 0.000000
0.000000 0.000000 0.387596 0.387596 0.387595 0.387595 0.387597 0.387596 0.387596 0.387597 0.387597 0.387597 0.387596 0.387596 0.387597 0.387595 0.387595 0.387596 0.387596 0.000000 0.000000
0.000000 0.000000 0.391161 0.391161 0.391160 0.391160 0.391161 0.391161 0.391161 0.391161 0.391162 0.391161 0.391161 0.391161 0.391161 0.391160 0.391160 0.391161 0.391161 0.000000 0.000000
0.000000 0.000000 0.394613 0.394612 0.394611 0.394612 0.394613 0.394613 0.394613 0.394613 0.394613 0.394613 0.394613 0.394613 0.394613 0.394612 0.394611 0.394612 0.394613 0.000000 0.000000
0.000000 0.000000 0.397960 0.397960 0.397959 0.397959 0.397960 0.397960 0.397960 0.397960 0.397961 0.397960 0.397960 0.397960 0.397960 0.397959 0.397959 0.397960 0.397960 0.000000 0.000000
0.000000 0.000000 0.401210 0.401209 0.401208 0.401209 0.401210 0.401209 0.401209 0.401210 0.401210 0.401210 0.401209 0.401209 0.401210 0.401209 0.401208 0.401209 0.401210 0.000000 0.000000
0.000000 0.000000 0.404371 0.404371 0.404370 0.404370 0.404371 0.404371 0.404371 0.404371 0.404372 0.404371 0.404371 0.404371 0.404371 0.404370 0.404370 0.404371 0.404371 0.000000 0.000000
0.000000 0.000000 0.407500 0.407500 0.407499 0.407499 0.407500 0.407500 0.407500 0.407500 0.407501 0.407500 0.407500 0.407500 0.407500 0.407499 0.407499 0.407500 0.407500 0.000000 0.000000
0.000000 0.000000 0.350000 0.350000 0.350000 0.350000 0.350000 0.350000 0.350000 0.350000 0.350000 0.350000 0.350000 0.350000 0.350000 0.350000 0.350000 0.350000 0.350000 0.000000 0.000000
0.000000 0.000000 0.000000 0.000000 0.000000 0.000000 0.000000 0.000000 0.000000 0.000000 0.000000 0.000000 0.000000 0.000000 0.000000 0.000000 0.000000 0.000000 0.000000 0.000000 0.000000