geotop/1.0zi/1.0Montebello/Templates/testdem/maps/_Eocsand4101.asc
ncols         21
nrows         20
xllcorner     100.000000
yllcorner     100.000000
cellsize      50.000000
NODATA_value  -9999.0
0.000000 0.000000 0.000000 0.000000 0.000000 0.000000 0.000000 0.000000 0.000000 0.000000 0.000000 0.000000 0.000000 0.000000 0.000000 0.000000 0.000000 0.000000 0.000000 0.000000 0.000000
0.000000 0.000000 0.300104 0.300104 0.300103 0.300103 0.300103 0.300103 0.300103 0.300103 0.300103 0.300103 0.300103 0.300103 0.300103 0.300103 0.300103 0.300104 0.300104 0.000000 0.000000
0.000000 0.000000 0.300005 0.300004 0.300004 0.300004 0.300004 0.300003 0.300003 0.300003 0.300004 0.300004 0.300003 0.300003 0.300004 0.300004 0.300006 0.300006 0.300005 0.000000 0.000000
0.000000 0.000000 0.299974 0.299973 0.299976 0.299979 0.299977 0.299979 0.299977 0.299978 0.299978 0.299979 0.299979 0.299981 0.299976 0.299973 0.299973 0.299972 0.299974 0.000000 0.000000
0.000000 0.000000 0.299288 0.299284 0.299287 0.299286 0.299294 0.299298 0.299299 0.299302 0.299304 0.299299 0.299303 0.299303 0.299298 0.299298 0.299299 0.299294 0.299289 0.000000 0.000000
0.000000 0.000000 0.297024 0.297022 0.297029 0.297040 0.297044 0.297065 0.297066 0.297075 0.297067 0.297065 0.297062 0.297068 0.297070 0.297061 0.297052 0.297047 0.297041 0.000000 0.000000
0.000000 0.000000 0.293665 0.293669 0.293675 0.293693 0.293713 0.293745 0.293743 0.293749 0.293743 0.293745 0.293749 0.293753 0.293732 0.293705 0.293693 0.293686 0.293675 0.000000 0.000000
0.000000 0.000000 0.289807 0.289812 0.289820 0.289844 0.289867 0.289900 0.289896 0.289901 0.289901 0.289901 0.289908 0.289915 0.289883 0.289854 0.289836 0.289832 0.289821 0.000000 0.000000
0.000000 0.000000 0.285932 0.285940 0.285954 0.285970 0.285992 0.286030 0.286027 0.286034 0.286034 0.286032 0.286038 0.286042 0.286014 0.285981 0.285967 0.285960 0.285945 0.000000 0.000000
0.000000 0.000000 0.282077 0.282085 0.282095 0.282114 0.282142 0.282176 0.282170 0.282175 0.282175 0.282174 0.282181 0.282189 0.282156 0.282123 0.282109 0.282103 0.282091 0.000000 0.000000
0.000000 0.000000 0.278181 0.278190 0.278201 0.278214 0.278233 0.278275 0.278269 0.278279 0.278278 0.278276 0.278284 0.278290 0.278263 0.278239 0.278221 0.278213 0.278200 0.000000 0.000000
0.000000 0.000000 0.274165 0.274174 0.274187 0.274209 0.274230 0.274269 0.274269 0.274275 0.274274 0.274276 0.274281 0.274288 0.274252 0.274223 0.274206 0.274200 0.274155 0.000000 0.000000
0.000000 0.000000 0.270109 0.270119 0.270133 0.270149 0.270175 0.270256 0.270254 0.270262 0.270263 0.270261 0.270270 0.270274 0.270206 0.270172 0.270155 0.270148 0.270120 0.000000 0.000000
0.000000 0.000000 0.265835 0.265851 0.265862 0.265879 0.265957 0.265978 0.265990 0.265996 0.265995 0.265995 0.266004 0.266010 0.265989 0.265907 0.265889 0.265872 0.265856 0.000000 0.000000
0.000000 0.000000 0.261249 0.261263 0.261291 0.261359 0.261394 0.261443 0.261469 0.261477 0.261489 0.261490 0.261491 0.261506 0.261470 0.261412 0.261323 0.261326 0.261313 0.000000 0.000000
0.000000 0.000000 0.256539 0.256553 0.256644 0.256657 0.256676 0.256700 0.256704 0.256706 0.256703 0.256704 0.256720 0.256712 0.256703 0.256678 0.256675 0.256584 0.256560 0.000000 0.000000
0.000000 0.000000 0.251336 0.251449 0.251529 0.251558 0.251610 0.251638 0.251644 0.251649 0.251662 0.251661 0.251665 0.251681 0.251664 0.251597 0.251555 0.251506 0.251395 0.000000 0.000000
0.000000 0.000000 0.247234 0.247266 0.247204 0.247243 0.247289 0.247393 0.247403 0.247414 0.247411 0.247412 0.247423 0.247424 0.247333 0.247274 0.247208 0.247304 0.247254 0.000000 0.000000
0.000000 0.000000 0.300000 0.300000 0.300000 0.300000 0.300000 0.300000 0.300000 0.300000 0.300000 0.300000 0.300000 0.300000 0.300000 0.300000 0.300000 0.300000 0.300000 0.000000 0.000000
0.000000 0.000000 0.000000 0.000000 0.000000 0.000000 0.000000 0.000000 0.000000 0.000000 0.000000 0.000000 0.000000 0.000000 0.000000 0.000000 0.000000 0.000000 0.000000 0.000000 0.000000