geotop/1.0zi/1.0Montebello/Templates/testdem/maps/_Eocsand6680.asc
ncols         21
nrows         20
xllcorner     100.000000
yllcorner     100.000000
cellsize      50.000000
NODATA_value  -9999.0
0.000000 0.000000 0.000000 0.000000 0.000000 0.000000 0.000000 0.000000 0.000000 0.000000 0.000000 0.000000 0.000000 0.000000 0.000000 0.000000 0.000000 0.000000 0.000000 0.000000 0.000000
0.000000 0.000000 0.300168 0.300166 0.300166 0.300167 0.300166 0.300165 0.300166 0.300166 0.300167 0.300166 0.300166 0.300166 0.300166 0.300166 0.300167 0.300167 0.300167 0.000000 0.000000
0.000000 0.000000 0.300009 0.300010 0.300010 0.300009 0.300010 0.300010 0.300010 0.300010 0.300010 0.300010 0.300009 0.300010 0.300010 0.300010 0.300011 0.300011 0.300012 0.000000 0.000000
0.000000 0.000000 0.299962 0.299961 0.299965 0.299970 0.299967 0.299969 0.299966 0.299969 0.299966 0.299969 0.299968 0.299969 0.299967 0.299962 0.299962 0.299959 0.299959 0.000000 0.000000
0.000000 0.000000 0.298755 0.298750 0.298755 0.298765 0.298782 0.298790 0.298791 0.298791 0.298795 0.298792 0.298795 0.298792 0.298779 0.298776 0.298770 0.298761 0.298749 0.000000 0.000000
0.000000 0.000000 0.294990 0.294988 0.295004 0.295042 0.295064 0.295102 0.295102 0.295112 0.295105 0.295104 0.295101 0.295103 0.295090 0.295065 0.295045 0.295027 0.295015 0.000000 0.000000
0.000000 0.000000 0.289340 0.289345 0.289359 0.289400 0.289449 0.289505 0.289505 0.289512 0.289510 0.289510 0.289513 0.289509 0.289466 0.289419 0.289393 0.289371 0.289356 0.000000 0.000000
0.000000 0.000000 0.282523 0.282524 0.282532 0.282578 0.282626 0.282687 0.282687 0.282693 0.282695 0.282699 0.282702 0.282692 0.282644 0.282600 0.282559 0.282548 0.282525 0.000000 0.000000
0.000000 0.000000 0.275399 0.275409 0.275430 0.275458 0.275507 0.275572 0.275568 0.275583 0.275588 0.275590 0.275588 0.275592 0.275531 0.275476 0.275444 0.275431 0.275411 0.000000 0.000000
0.000000 0.000000 0.268101 0.268114 0.268123 0.268148 0.268218 0.268276 0.268273 0.268282 0.268292 0.268286 0.268277 0.268284 0.268234 0.268173 0.268137 0.268127 0.268112 0.000000 0.000000
0.000000 0.000000 0.260454 0.260462 0.260471 0.260525 0.260572 0.260638 0.260623 0.260659 0.260656 0.260656 0.260667 0.260646 0.260606 0.260567 0.260523 0.260501 0.260469 0.000000 0.000000
0.000000 0.000000 0.252285 0.252305 0.252326 0.252366 0.252412 0.252492 0.252492 0.252508 0.252490 0.252515 0.252510 0.252504 0.252429 0.252389 0.252357 0.252343 0.252264 0.000000 0.000000
0.000000 0.000000 0.243753 0.243773 0.243784 0.243829 0.243870 0.244049 0.244051 0.244065 0.244106 0.244088 0.244074 0.244060 0.243928 0.243886 0.243818 0.243811 0.243759 0.000000 0.000000
0.000000 0.000000 0.234278 0.234287 0.234317 0.234351 0.234540 0.234571 0.234612 0.234614 0.234619 0.234622 0.234623 0.234630 0.234622 0.234421 0.234369 0.234317 0.234261 0.000000 0.000000
0.000000 0.000000 0.223610 0.223624 0.223667 0.223882 0.223926 0.224031 0.224100 0.224112 0.224149 0.224178 0.224153 0.224166 0.224075 0.224006 0.223712 0.223739 0.223711 0.000000 0.000000
0.000000 0.000000 0.212110 0.212125 0.212416 0.212433 0.212445 0.212506 0.212430 0.212468 0.212431 0.212466 0.212501 0.212436 0.212405 0.212382 0.212455 0.212075 0.212070 0.000000 0.000000
0.000000 0.000000 0.198461 0.198881 0.198953 0.199080 0.199287 0.199364 0.199422 0.199416 0.199518 0.199523 0.199474 0.199509 0.199406 0.199246 0.198982 0.198989 0.198557 0.000000 0.000000
0.000000 0.000000 0.189594 0.189446 0.189047 0.189127 0.189223 0.189604 0.189600 0.189691 0.189599 0.189629 0.189615 0.189594 0.189253 0.189176 0.188987 0.189374 0.189498 0.000000 0.000000
0.000000 0.000000 0.300000 0.300000 0.300000 0.300000 0.300000 0.300000 0.300000 0.300000 0.300000 0.300000 0.300000 0.300000 0.300000 0.300000 0.300000 0.300000 0.300000 0.000000 0.000000
0.000000 0.000000 0.000000 0.000000 0.000000 0.000000 0.000000 0.000000 0.000000 0.000000 0.000000 0.000000 0.000000 0.000000 0.000000 0.000000 0.000000 0.000000 0.000000 0.000000 0.000000