geotop/1.0zi/1.0Montebello/Templates/testdem/maps/_Eocclay108F.asc
ncols         21
nrows         20
xllcorner     100.000000
yllcorner     100.000000
cellsize      50.000000
NODATA_value  -9999.0
0.000000 0.000000 0.000000 0.000000 0.000000 0.000000 0.000000 0.000000 0.000000 0.000000 0.000000 0.000000 0.000000 0.000000 0.000000 0.000000 0.000000 0.000000 0.000000 0.000000 0.000000
0.000000 0.000000 0.349472 0.349475 0.349475 0.349474 0.349476 0.349476 0.349475 0.349476 0.349474 0.349476 0.349475 0.349475 0.349475 0.349475 0.349473 0.349474 0.349474 0.000000 0.000000
0.000000 0.000000 0.349977 0.349976 0.349975 0.349978 0.349975 0.349975 0.349976 0.349975 0.349975 0.349976 0.349975 0.349975 0.349976 0.349977 0.349977 0.349977 0.349976 0.000000 0.000000
0.000000 0.000000 0.350125 0.350137 0.350132 0.350128 0.350132 0.350132 0.350132 0.350130 0.350130 0.350128 0.350129 0.350130 0.350131 0.350134 0.350134 0.350133 0.350132 0.000000 0.000000
0.000000 0.000000 0.352202 0.352189 0.352181 0.352169 0.352146 0.352139 0.352136 0.352136 0.352132 0.352138 0.352138 0.352138 0.352147 0.352154 0.352166 0.352176 0.352185 0.000000 0.000000
0.000000 0.000000 0.357194 0.357189 0.357163 0.357119 0.357083 0.357047 0.357051 0.357045 0.357039 0.357040 0.357047 0.357044 0.357061 0.357098 0.357116 0.357134 0.357140 0.000000 0.000000
0.000000 0.000000 0.363812 0.363801 0.363781 0.363737 0.363691 0.363617 0.363613 0.363607 0.363598 0.363601 0.363600 0.363600 0.363655 0.363697 0.363721 0.363742 0.363749 0.000000 0.000000
0.000000 0.000000 0.371805 0.371792 0.371768 0.371706 0.371655 0.371586 0.371579 0.371572 0.371561 0.371560 0.371556 0.371566 0.371615 0.371661 0.371702 0.371716 0.371731 0.000000 0.000000
0.000000 0.000000 0.380882 0.380861 0.380825 0.380777 0.380717 0.380633 0.380631 0.380617 0.380602 0.380600 0.380601 0.380596 0.380668 0.380726 0.380759 0.380777 0.380789 0.000000 0.000000
0.000000 0.000000 0.391416 0.391381 0.391348 0.391296 0.391223 0.391133 0.391121 0.391113 0.391090 0.391097 0.391110 0.391104 0.391161 0.391240 0.391282 0.391303 0.391307 0.000000 0.000000
0.000000 0.000000 0.404096 0.404063 0.404033 0.403903 0.403875 0.403744 0.403764 0.403701 0.403705 0.403694 0.403668 0.403704 0.403773 0.403821 0.403884 0.403912 0.403965 0.000000 0.000000
0.000000 0.000000 0.419666 0.419591 0.419499 0.419452 0.419386 0.419213 0.419185 0.419198 0.419203 0.419152 0.419178 0.419159 0.419301 0.419393 0.419420 0.419448 0.419553 0.000000 0.000000
0.000000 0.000000 0.437160 0.437096 0.437087 0.436950 0.436869 0.436398 0.436366 0.436337 0.436144 0.436279 0.436273 0.436316 0.436646 0.436712 0.436891 0.436916 0.436891 0.000000 0.000000
0.000000 0.000000 0.456409 0.456400 0.456246 0.456192 0.455640 0.455966 0.455834 0.455840 0.455959 0.455842 0.455826 0.455747 0.455473 0.456095 0.456069 0.456216 0.456290 0.000000 0.000000
0.000000 0.000000 0.470743 0.470705 0.470645 0.470259 0.470452 0.470195 0.470147 0.470120 0.470018 0.469999 0.470043 0.470048 0.470273 0.470072 0.470577 0.470456 0.470428 0.000000 0.000000
0.000000 0.000000 0.479838 0.479813 0.479589 0.479594 0.479602 0.479546 0.479622 0.479590 0.479615 0.479598 0.479568 0.479618 0.479642 0.479633 0.479529 0.479812 0.479799 0.000000 0.000000
0.000000 0.000000 0.486946 0.486787 0.486767 0.486670 0.486611 0.486552 0.486524 0.486525 0.486476 0.486475 0.486497 0.486481 0.486538 0.486575 0.486721 0.486685 0.486829 0.000000 0.000000
0.000000 0.000000 0.490592 0.490714 0.490726 0.490737 0.490748 0.490634 0.490686 0.490647 0.490708 0.490692 0.490670 0.490705 0.490786 0.490773 0.490708 0.490746 0.490616 0.000000 0.000000
0.000000 0.000000 0.350000 0.350000 0.350000 0.350000 0.350000 0.350000 0.350000 0.350000 0.350000 0.350000 0.350000 0.350000 0.350000 0.350000 0.350000 0.350000 0.350000 0.000000 0.000000
0.000000 0.000000 0.000000 0.000000 0.000000 0.000000 0.000000 0.000000 0.000000 0.000000 0.000000 0.000000 0.000000 0.000000 0.000000 0.000000 0.000000 0.000000 0.000000 0.000000 0.000000