geotop/1.0zi/1.0Montebello/Templates/testdem/maps/_Eocsand8383.asc
ncols         21
nrows         20
xllcorner     100.000000
yllcorner     100.000000
cellsize      50.000000
NODATA_value  -9999.0
0.000000 0.000000 0.000000 0.000000 0.000000 0.000000 0.000000 0.000000 0.000000 0.000000 0.000000 0.000000 0.000000 0.000000 0.000000 0.000000 0.000000 0.000000 0.000000 0.000000 0.000000
0.000000 0.000000 0.300210 0.300207 0.300207 0.300208 0.300207 0.300206 0.300207 0.300207 0.300208 0.300207 0.300207 0.300207 0.300207 0.300207 0.300208 0.300208 0.300208 0.000000 0.000000
0.000000 0.000000 0.300011 0.300012 0.300012 0.300010 0.300012 0.300012 0.300012 0.300012 0.300012 0.300012 0.300011 0.300012 0.300011 0.300012 0.300012 0.300013 0.300013 0.000000 0.000000
0.000000 0.000000 0.299893 0.299893 0.299897 0.299905 0.299901 0.299909 0.299904 0.299906 0.299906 0.299906 0.299906 0.299908 0.299903 0.299898 0.299896 0.299893 0.299894 0.000000 0.000000
0.000000 0.000000 0.297936 0.297933 0.297942 0.297957 0.297979 0.297989 0.297995 0.297994 0.297999 0.297997 0.298000 0.297994 0.297970 0.297964 0.297952 0.297938 0.297929 0.000000 0.000000
0.000000 0.000000 0.292169 0.292169 0.292192 0.292237 0.292272 0.292320 0.292321 0.292334 0.292325 0.292327 0.292323 0.292322 0.292298 0.292263 0.292234 0.292212 0.292200 0.000000 0.000000
0.000000 0.000000 0.284087 0.284096 0.284114 0.284166 0.284231 0.284308 0.284310 0.284318 0.284317 0.284317 0.284321 0.284314 0.284249 0.284190 0.284154 0.284125 0.284109 0.000000 0.000000
0.000000 0.000000 0.274502 0.274506 0.274522 0.274581 0.274642 0.274725 0.274727 0.274738 0.274738 0.274745 0.274749 0.274733 0.274663 0.274606 0.274551 0.274534 0.274508 0.000000 0.000000
0.000000 0.000000 0.264217 0.264233 0.264262 0.264299 0.264369 0.264459 0.264456 0.264474 0.264479 0.264484 0.264481 0.264484 0.264396 0.264323 0.264280 0.264257 0.264235 0.000000 0.000000
0.000000 0.000000 0.253291 0.253309 0.253325 0.253362 0.253460 0.253542 0.253544 0.253553 0.253567 0.253559 0.253548 0.253553 0.253479 0.253393 0.253343 0.253323 0.253309 0.000000 0.000000
0.000000 0.000000 0.241363 0.241371 0.241388 0.241479 0.241542 0.241645 0.241621 0.241678 0.241667 0.241673 0.241692 0.241658 0.241585 0.241535 0.241466 0.241431 0.241386 0.000000 0.000000
0.000000 0.000000 0.228053 0.228090 0.228128 0.228177 0.228261 0.228378 0.228393 0.228402 0.228377 0.228421 0.228404 0.228401 0.228274 0.228204 0.228161 0.228132 0.228025 0.000000 0.000000
0.000000 0.000000 0.213580 0.213617 0.213622 0.213709 0.213774 0.214099 0.214110 0.214123 0.214215 0.214163 0.214150 0.214119 0.213869 0.213805 0.213677 0.213665 0.213611 0.000000 0.000000
0.000000 0.000000 0.196491 0.196496 0.196564 0.196620 0.197032 0.196992 0.197079 0.197077 0.197048 0.197080 0.197089 0.197116 0.197160 0.196720 0.196658 0.196540 0.196461 0.000000 0.000000
0.000000 0.000000 0.176262 0.176295 0.176383 0.176908 0.176849 0.177116 0.177238 0.177264 0.177357 0.177418 0.177361 0.177370 0.177113 0.177139 0.176432 0.176543 0.176534 0.000000 0.000000
0.000000 0.000000 0.154115 0.154141 0.154911 0.154680 0.154743 0.154806 0.154515 0.154608 0.154450 0.154504 0.154634 0.154442 0.154437 0.154388 0.154972 0.153851 0.153868 0.000000 0.000000
0.000000 0.000000 0.126860 0.128044 0.127765 0.128220 0.128815 0.128996 0.129337 0.129259 0.129617 0.129584 0.129378 0.129585 0.129276 0.128833 0.127800 0.128490 0.127249 0.000000 0.000000
0.000000 0.000000 0.117526 0.116403 0.115425 0.115414 0.115350 0.116296 0.116130 0.116412 0.115947 0.116040 0.116117 0.115957 0.115172 0.115218 0.115238 0.115984 0.117079 0.000000 0.000000
0.000000 0.000000 0.300000 0.300000 0.300000 0.300000 0.300000 0.300000 0.300000 0.300000 0.300000 0.300000 0.300000 0.300000 0.300000 0.300000 0.300000 0.300000 0.300000 0.000000 0.000000
0.000000 0.000000 0.000000 0.000000 0.000000 0.000000 0.000000 0.000000 0.000000 0.000000 0.000000 0.000000 0.000000 0.000000 0.000000 0.000000 0.000000 0.000000 0.000000 0.000000 0.000000