geotop/1.0zi/1.0Montebello/Templates/testdem/maps/_Eocsand4953.asc
ncols         21
nrows         20
xllcorner     100.000000
yllcorner     100.000000
cellsize      50.000000
NODATA_value  -9999.0
0.000000 0.000000 0.000000 0.000000 0.000000 0.000000 0.000000 0.000000 0.000000 0.000000 0.000000 0.000000 0.000000 0.000000 0.000000 0.000000 0.000000 0.000000 0.000000 0.000000 0.000000
0.000000 0.000000 0.300121 0.300120 0.300120 0.300120 0.300120 0.300120 0.300120 0.300120 0.300120 0.300120 0.300120 0.300120 0.300120 0.300120 0.300120 0.300120 0.300121 0.000000 0.000000
0.000000 0.000000 0.300006 0.300005 0.300005 0.300005 0.300005 0.300005 0.300005 0.300005 0.300005 0.300005 0.300005 0.300005 0.300005 0.300005 0.300007 0.300007 0.300006 0.000000 0.000000
0.000000 0.000000 0.299976 0.299975 0.299977 0.299981 0.299978 0.299980 0.299978 0.299979 0.299978 0.299980 0.299980 0.299982 0.299978 0.299974 0.299975 0.299973 0.299975 0.000000 0.000000
0.000000 0.000000 0.299189 0.299187 0.299188 0.299198 0.299208 0.299214 0.299215 0.299217 0.299220 0.299216 0.299219 0.299217 0.299208 0.299208 0.299203 0.299194 0.299187 0.000000 0.000000
0.000000 0.000000 0.296539 0.296533 0.296543 0.296571 0.296582 0.296611 0.296615 0.296623 0.296615 0.296614 0.296606 0.296606 0.296599 0.296584 0.296572 0.296561 0.296552 0.000000 0.000000
0.000000 0.000000 0.292578 0.292582 0.292592 0.292622 0.292656 0.292696 0.292694 0.292701 0.292695 0.292697 0.292697 0.292692 0.292663 0.292630 0.292615 0.292600 0.292587 0.000000 0.000000
0.000000 0.000000 0.287917 0.287922 0.287926 0.287957 0.287993 0.288034 0.288031 0.288037 0.288037 0.288038 0.288040 0.288037 0.287999 0.287963 0.287945 0.287936 0.287923 0.000000 0.000000
0.000000 0.000000 0.283146 0.283155 0.283166 0.283190 0.283224 0.283270 0.283266 0.283274 0.283275 0.283273 0.283276 0.283272 0.283235 0.283195 0.283180 0.283169 0.283153 0.000000 0.000000
0.000000 0.000000 0.278369 0.278378 0.278386 0.278410 0.278451 0.278491 0.278486 0.278492 0.278492 0.278492 0.278495 0.278495 0.278454 0.278415 0.278399 0.278390 0.278376 0.000000 0.000000
0.000000 0.000000 0.273499 0.273509 0.273516 0.273536 0.273567 0.273617 0.273612 0.273622 0.273623 0.273621 0.273625 0.273623 0.273587 0.273557 0.273537 0.273526 0.273510 0.000000 0.000000
0.000000 0.000000 0.268438 0.268446 0.268459 0.268488 0.268521 0.268569 0.268570 0.268576 0.268576 0.268578 0.268579 0.268579 0.268533 0.268497 0.268479 0.268469 0.268419 0.000000 0.000000
0.000000 0.000000 0.263282 0.263293 0.263305 0.263327 0.263367 0.263471 0.263470 0.263478 0.263479 0.263478 0.263484 0.263480 0.263389 0.263347 0.263327 0.263317 0.263287 0.000000 0.000000
0.000000 0.000000 0.257781 0.257800 0.257808 0.257832 0.257943 0.257969 0.257985 0.257991 0.257991 0.257992 0.257997 0.257995 0.257965 0.257859 0.257838 0.257815 0.257797 0.000000 0.000000
0.000000 0.000000 0.251811 0.251825 0.251855 0.251954 0.252005 0.252072 0.252104 0.252113 0.252129 0.252131 0.252125 0.252133 0.252081 0.252010 0.251890 0.251894 0.251878 0.000000 0.000000
0.000000 0.000000 0.245607 0.245622 0.245743 0.245762 0.245797 0.245829 0.245830 0.245831 0.245825 0.245827 0.245843 0.245818 0.245801 0.245773 0.245777 0.245641 0.245611 0.000000 0.000000
0.000000 0.000000 0.238634 0.238800 0.238893 0.238942 0.239030 0.239076 0.239086 0.239091 0.239110 0.239110 0.239106 0.239118 0.239082 0.238985 0.238920 0.238862 0.238699 0.000000 0.000000
0.000000 0.000000 0.233304 0.233328 0.233218 0.233279 0.233351 0.233513 0.233527 0.233541 0.233533 0.233536 0.233544 0.233529 0.233381 0.233305 0.233217 0.233356 0.233304 0.000000 0.000000
0.000000 0.000000 0.300000 0.300000 0.300000 0.300000 0.300000 0.300000 0.300000 0.300000 0.300000 0.300000 0.300000 0.300000 0.300000 0.300000 0.300000 0.300000 0.300000 0.000000 0.000000
0.000000 0.000000 0.000000 0.000000 0.000000 0.000000 0.000000 0.000000 0.000000 0.000000 0.000000 0.000000 0.000000 0.000000 0.000000 0.000000 0.000000 0.000000 0.000000 0.000000 0.000000