geotop/1.0zi/1.0Montebello/Templates/testdem/maps/_Eocsilt3342.asc
ncols         21
nrows         20
xllcorner     100.000000
yllcorner     100.000000
cellsize      50.000000
NODATA_value  -9999.0
0.000000 0.000000 0.000000 0.000000 0.000000 0.000000 0.000000 0.000000 0.000000 0.000000 0.000000 0.000000 0.000000 0.000000 0.000000 0.000000 0.000000 0.000000 0.000000 0.000000 0.000000
0.000000 0.000000 0.350091 0.350091 0.350091 0.350090 0.350091 0.350091 0.350091 0.350091 0.350090 0.350091 0.350091 0.350091 0.350091 0.350090 0.350091 0.350091 0.350091 0.000000 0.000000
0.000000 0.000000 0.349994 0.349994 0.349994 0.349994 0.349994 0.349994 0.349994 0.349994 0.349995 0.349994 0.349994 0.349994 0.349994 0.349994 0.349994 0.349994 0.349994 0.000000 0.000000
0.000000 0.000000 0.351343 0.351342 0.351340 0.351341 0.351343 0.351343 0.351343 0.351343 0.351343 0.351343 0.351343 0.351343 0.351343 0.351341 0.351340 0.351342 0.351343 0.000000 0.000000
0.000000 0.000000 0.356085 0.356085 0.356082 0.356083 0.356085 0.356084 0.356084 0.356086 0.356086 0.356086 0.356084 0.356084 0.356085 0.356083 0.356082 0.356085 0.356085 0.000000 0.000000
0.000000 0.000000 0.361892 0.361892 0.361890 0.361890 0.361893 0.361892 0.361892 0.361893 0.361893 0.361893 0.361892 0.361892 0.361893 0.361890 0.361890 0.361892 0.361892 0.000000 0.000000
0.000000 0.000000 0.367150 0.367150 0.367148 0.367149 0.367151 0.367150 0.367150 0.367151 0.367151 0.367151 0.367150 0.367150 0.367151 0.367149 0.367148 0.367150 0.367150 0.000000 0.000000
0.000000 0.000000 0.371902 0.371902 0.371900 0.371901 0.371903 0.371902 0.371902 0.371902 0.371903 0.371902 0.371902 0.371902 0.371903 0.371901 0.371900 0.371902 0.371902 0.000000 0.000000
0.000000 0.000000 0.376286 0.376285 0.376284 0.376284 0.376286 0.376285 0.376285 0.376286 0.376287 0.376286 0.376285 0.376285 0.376286 0.376284 0.376284 0.376285 0.376286 0.000000 0.000000
0.000000 0.000000 0.380406 0.380405 0.380404 0.380405 0.380406 0.380405 0.380405 0.380406 0.380407 0.380406 0.380405 0.380405 0.380406 0.380405 0.380404 0.380405 0.380406 0.000000 0.000000
0.000000 0.000000 0.384315 0.384315 0.384314 0.384314 0.384315 0.384315 0.384315 0.384315 0.384316 0.384315 0.384315 0.384315 0.384315 0.384314 0.384314 0.384315 0.384315 0.000000 0.000000
0.000000 0.000000 0.388051 0.388051 0.388050 0.388050 0.388051 0.388051 0.388051 0.388051 0.388052 0.388051 0.388051 0.388051 0.388051 0.388050 0.388050 0.388051 0.388051 0.000000 0.000000
0.000000 0.000000 0.391642 0.391641 0.391640 0.391641 0.391642 0.391641 0.391642 0.391642 0.391642 0.391642 0.391642 0.391641 0.391642 0.391641 0.391640 0.391641 0.391642 0.000000 0.000000
0.000000 0.000000 0.395116 0.395116 0.395115 0.395115 0.395117 0.395116 0.395116 0.395117 0.395117 0.395117 0.395116 0.395116 0.395117 0.395115 0.395115 0.395116 0.395116 0.000000 0.000000
0.000000 0.000000 0.398485 0.398484 0.398483 0.398484 0.398485 0.398484 0.398484 0.398485 0.398485 0.398485 0.398484 0.398484 0.398485 0.398484 0.398483 0.398484 0.398485 0.000000 0.000000
0.000000 0.000000 0.401752 0.401751 0.401750 0.401751 0.401752 0.401751 0.401751 0.401752 0.401752 0.401752 0.401751 0.401751 0.401752 0.401751 0.401750 0.401751 0.401752 0.000000 0.000000
0.000000 0.000000 0.404929 0.404929 0.404928 0.404929 0.404930 0.404929 0.404929 0.404930 0.404930 0.404930 0.404929 0.404929 0.404930 0.404929 0.404928 0.404929 0.404929 0.000000 0.000000
0.000000 0.000000 0.408077 0.408077 0.408076 0.408077 0.408078 0.408077 0.408077 0.408078 0.408078 0.408078 0.408077 0.408077 0.408078 0.408077 0.408076 0.408077 0.408077 0.000000 0.000000
0.000000 0.000000 0.350000 0.350000 0.350000 0.350000 0.350000 0.350000 0.350000 0.350000 0.350000 0.350000 0.350000 0.350000 0.350000 0.350000 0.350000 0.350000 0.350000 0.000000 0.000000
0.000000 0.000000 0.000000 0.000000 0.000000 0.000000 0.000000 0.000000 0.000000 0.000000 0.000000 0.000000 0.000000 0.000000 0.000000 0.000000 0.000000 0.000000 0.000000 0.000000 0.000000