geotop/1.0zi/1.0Montebello/Templates/testdem/maps/_Eocclay097#.asc
ncols         21
nrows         20
xllcorner     100.000000
yllcorner     100.000000
cellsize      50.000000
NODATA_value  -9999.0
0.000000 0.000000 0.000000 0.000000 0.000000 0.000000 0.000000 0.000000 0.000000 0.000000 0.000000 0.000000 0.000000 0.000000 0.000000 0.000000 0.000000 0.000000 0.000000 0.000000 0.000000
0.000000 0.000000 0.349482 0.349484 0.349484 0.349483 0.349485 0.349485 0.349484 0.349485 0.349484 0.349485 0.349485 0.349485 0.349485 0.349485 0.349483 0.349483 0.349484 0.000000 0.000000
0.000000 0.000000 0.349978 0.349976 0.349976 0.349978 0.349975 0.349975 0.349976 0.349975 0.349975 0.349976 0.349976 0.349975 0.349976 0.349977 0.349977 0.349977 0.349976 0.000000 0.000000
0.000000 0.000000 0.350096 0.350108 0.350102 0.350097 0.350100 0.350098 0.350103 0.350102 0.350102 0.350100 0.350100 0.350102 0.350102 0.350106 0.350106 0.350105 0.350103 0.000000 0.000000
0.000000 0.000000 0.352074 0.352061 0.352052 0.352040 0.352016 0.352008 0.352009 0.352011 0.352007 0.352013 0.352013 0.352013 0.352022 0.352029 0.352041 0.352051 0.352061 0.000000 0.000000
0.000000 0.000000 0.356954 0.356950 0.356922 0.356878 0.356840 0.356805 0.356812 0.356808 0.356802 0.356803 0.356810 0.356807 0.356824 0.356861 0.356879 0.356897 0.356902 0.000000 0.000000
0.000000 0.000000 0.363430 0.363419 0.363398 0.363354 0.363306 0.363233 0.363236 0.363231 0.363222 0.363224 0.363224 0.363224 0.363279 0.363320 0.363344 0.363365 0.363372 0.000000 0.000000
0.000000 0.000000 0.371240 0.371228 0.371203 0.371141 0.371086 0.371018 0.371020 0.371015 0.371004 0.371003 0.370999 0.371009 0.371058 0.371103 0.371143 0.371157 0.371172 0.000000 0.000000
0.000000 0.000000 0.380079 0.380059 0.380022 0.379975 0.379909 0.379827 0.379836 0.379824 0.379810 0.379807 0.379809 0.379804 0.379875 0.379932 0.379964 0.379981 0.379994 0.000000 0.000000
0.000000 0.000000 0.390293 0.390259 0.390224 0.390173 0.390095 0.390007 0.390008 0.390002 0.389979 0.389986 0.389999 0.389993 0.390050 0.390126 0.390167 0.390188 0.390192 0.000000 0.000000
0.000000 0.000000 0.402526 0.402494 0.402462 0.402336 0.402300 0.402173 0.402206 0.402148 0.402151 0.402141 0.402117 0.402151 0.402218 0.402266 0.402327 0.402354 0.402405 0.000000 0.000000
0.000000 0.000000 0.417501 0.417430 0.417339 0.417288 0.417217 0.417049 0.417040 0.417053 0.417058 0.417008 0.417033 0.417016 0.417153 0.417242 0.417270 0.417296 0.417399 0.000000 0.000000
0.000000 0.000000 0.434465 0.434402 0.434387 0.434252 0.434164 0.433707 0.433694 0.433669 0.433484 0.433611 0.433606 0.433648 0.433968 0.434034 0.434207 0.434231 0.434212 0.000000 0.000000
0.000000 0.000000 0.453716 0.453705 0.453546 0.453487 0.452921 0.453237 0.453117 0.453124 0.453239 0.453124 0.453108 0.453030 0.452762 0.453391 0.453370 0.453519 0.453595 0.000000 0.000000
0.000000 0.000000 0.468891 0.468850 0.468786 0.468360 0.468584 0.468293 0.468246 0.468217 0.468102 0.468083 0.468132 0.468139 0.468392 0.468158 0.468716 0.468578 0.468546 0.000000 0.000000
0.000000 0.000000 0.478502 0.478474 0.478222 0.478251 0.478252 0.478200 0.478289 0.478256 0.478289 0.478271 0.478235 0.478292 0.478308 0.478306 0.478159 0.478488 0.478474 0.000000 0.000000
0.000000 0.000000 0.485940 0.485772 0.485745 0.485661 0.485590 0.485535 0.485511 0.485512 0.485465 0.485465 0.485485 0.485470 0.485521 0.485568 0.485692 0.485675 0.485827 0.000000 0.000000
0.000000 0.000000 0.489751 0.489865 0.489880 0.489895 0.489897 0.489785 0.489834 0.489796 0.489856 0.489841 0.489820 0.489854 0.489935 0.489930 0.489861 0.489900 0.489778 0.000000 0.000000
0.000000 0.000000 0.350000 0.350000 0.350000 0.350000 0.350000 0.350000 0.350000 0.350000 0.350000 0.350000 0.350000 0.350000 0.350000 0.350000 0.350000 0.350000 0.350000 0.000000 0.000000
0.000000 0.000000 0.000000 0.000000 0.000000 0.000000 0.000000 0.000000 0.000000 0.000000 0.000000 0.000000 0.000000 0.000000 0.000000 0.000000 0.000000 0.000000 0.000000 0.000000 0.000000