geotop/1.0zi/1.0Montebello/Templates/testdem/maps/_Eocclay6952.asc
ncols         21
nrows         20
xllcorner     100.000000
yllcorner     100.000000
cellsize      50.000000
NODATA_value  -9999.0
0.000000 0.000000 0.000000 0.000000 0.000000 0.000000 0.000000 0.000000 0.000000 0.000000 0.000000 0.000000 0.000000 0.000000 0.000000 0.000000 0.000000 0.000000 0.000000 0.000000 0.000000
0.000000 0.000000 0.349689 0.349690 0.349691 0.349690 0.349691 0.349691 0.349691 0.349691 0.349689 0.349691 0.349691 0.349691 0.349691 0.349691 0.349689 0.349689 0.349690 0.000000 0.000000
0.000000 0.000000 0.349987 0.349987 0.349987 0.349988 0.349987 0.349987 0.349987 0.349987 0.349987 0.349986 0.349987 0.349986 0.349987 0.349987 0.349988 0.349988 0.349985 0.000000 0.000000
0.000000 0.000000 0.349977 0.349982 0.349978 0.349978 0.349980 0.349980 0.349981 0.349978 0.349983 0.349980 0.349980 0.349980 0.349979 0.349981 0.349979 0.349981 0.349981 0.000000 0.000000
0.000000 0.000000 0.350693 0.350691 0.350688 0.350685 0.350672 0.350669 0.350669 0.350671 0.350669 0.350669 0.350665 0.350668 0.350676 0.350676 0.350682 0.350683 0.350690 0.000000 0.000000
0.000000 0.000000 0.352852 0.352851 0.352841 0.352816 0.352806 0.352785 0.352787 0.352781 0.352785 0.352785 0.352786 0.352787 0.352794 0.352811 0.352822 0.352835 0.352841 0.000000 0.000000
0.000000 0.000000 0.355946 0.355943 0.355936 0.355916 0.355890 0.355858 0.355858 0.355852 0.355854 0.355856 0.355856 0.355856 0.355882 0.355907 0.355919 0.355930 0.355938 0.000000 0.000000
0.000000 0.000000 0.359639 0.359637 0.359631 0.359606 0.359581 0.359547 0.359547 0.359543 0.359543 0.359542 0.359539 0.359546 0.359573 0.359595 0.359616 0.359623 0.359635 0.000000 0.000000
0.000000 0.000000 0.363474 0.363469 0.363457 0.363443 0.363417 0.363382 0.363385 0.363377 0.363375 0.363374 0.363374 0.363373 0.363406 0.363434 0.363450 0.363456 0.363466 0.000000 0.000000
0.000000 0.000000 0.367439 0.367431 0.367426 0.367412 0.367374 0.367343 0.367344 0.367340 0.367335 0.367339 0.367344 0.367340 0.367368 0.367400 0.367418 0.367423 0.367431 0.000000 0.000000
0.000000 0.000000 0.371644 0.371639 0.371632 0.371603 0.371579 0.371542 0.371550 0.371530 0.371533 0.371533 0.371527 0.371539 0.371562 0.371582 0.371605 0.371616 0.371634 0.000000 0.000000
0.000000 0.000000 0.376164 0.376153 0.376140 0.376119 0.376093 0.376050 0.376049 0.376041 0.376052 0.376038 0.376041 0.376044 0.376086 0.376108 0.376123 0.376131 0.376173 0.000000 0.000000
0.000000 0.000000 0.380923 0.380911 0.380905 0.380879 0.380857 0.380755 0.380754 0.380747 0.380723 0.380736 0.380742 0.380751 0.380827 0.380849 0.380886 0.380890 0.380917 0.000000 0.000000
0.000000 0.000000 0.386265 0.386260 0.386241 0.386222 0.386112 0.386099 0.386075 0.386074 0.386074 0.386073 0.386071 0.386067 0.386069 0.386187 0.386212 0.386242 0.386272 0.000000 0.000000
0.000000 0.000000 0.392338 0.392329 0.392303 0.392174 0.392157 0.392094 0.392055 0.392048 0.392027 0.392012 0.392026 0.392019 0.392076 0.392107 0.392280 0.392261 0.392274 0.000000 0.000000
0.000000 0.000000 0.398929 0.398919 0.398740 0.398745 0.398738 0.398702 0.398754 0.398731 0.398757 0.398739 0.398715 0.398756 0.398776 0.398788 0.398720 0.398957 0.398958 0.000000 0.000000
0.000000 0.000000 0.406887 0.406620 0.406596 0.406513 0.406381 0.406337 0.406294 0.406300 0.406234 0.406235 0.406268 0.406242 0.406306 0.406406 0.406581 0.406545 0.406821 0.000000 0.000000
0.000000 0.000000 0.411673 0.411809 0.412062 0.412025 0.411980 0.411739 0.411747 0.411687 0.411759 0.411741 0.411744 0.411762 0.411976 0.412010 0.412105 0.411864 0.411741 0.000000 0.000000
0.000000 0.000000 0.350000 0.350000 0.350000 0.350000 0.350000 0.350000 0.350000 0.350000 0.350000 0.350000 0.350000 0.350000 0.350000 0.350000 0.350000 0.350000 0.350000 0.000000 0.000000
0.000000 0.000000 0.000000 0.000000 0.000000 0.000000 0.000000 0.000000 0.000000 0.000000 0.000000 0.000000 0.000000 0.000000 0.000000 0.000000 0.000000 0.000000 0.000000 0.000000 0.000000