geotop/1.0zi/1.0Montebello/Templates/testdem/maps/_Eocsilt9567.asc
ncols         21
nrows         20
xllcorner     100.000000
yllcorner     100.000000
cellsize      50.000000
NODATA_value  -9999.0
0.000000 0.000000 0.000000 0.000000 0.000000 0.000000 0.000000 0.000000 0.000000 0.000000 0.000000 0.000000 0.000000 0.000000 0.000000 0.000000 0.000000 0.000000 0.000000 0.000000 0.000000
0.000000 0.000000 0.350204 0.350204 0.350204 0.350204 0.350203 0.350203 0.350204 0.350203 0.350204 0.350203 0.350203 0.350203 0.350203 0.350204 0.350204 0.350204 0.350204 0.000000 0.000000
0.000000 0.000000 0.350008 0.350008 0.350008 0.350007 0.350008 0.350008 0.350008 0.350008 0.350008 0.350008 0.350009 0.350009 0.350008 0.350007 0.350006 0.350006 0.350007 0.000000 0.000000
0.000000 0.000000 0.350146 0.350143 0.350137 0.350132 0.350132 0.350126 0.350129 0.350130 0.350127 0.350131 0.350132 0.350131 0.350134 0.350138 0.350143 0.350144 0.350146 0.000000 0.000000
0.000000 0.000000 0.351430 0.351435 0.351424 0.351407 0.351397 0.351391 0.351394 0.351391 0.351392 0.351394 0.351399 0.351398 0.351411 0.351418 0.351422 0.351428 0.351432 0.000000 0.000000
0.000000 0.000000 0.354958 0.354954 0.354938 0.354918 0.354886 0.354862 0.354860 0.354855 0.354858 0.354860 0.354864 0.354862 0.354878 0.354899 0.354910 0.354918 0.354926 0.000000 0.000000
0.000000 0.000000 0.359944 0.359935 0.359918 0.359885 0.359843 0.359791 0.359797 0.359793 0.359792 0.359791 0.359790 0.359795 0.359835 0.359866 0.359887 0.359902 0.359910 0.000000 0.000000
0.000000 0.000000 0.365850 0.365840 0.365826 0.365790 0.365748 0.365700 0.365703 0.365698 0.365695 0.365693 0.365691 0.365700 0.365738 0.365774 0.365807 0.365812 0.365827 0.000000 0.000000
0.000000 0.000000 0.372342 0.372326 0.372305 0.372277 0.372229 0.372170 0.372177 0.372166 0.372161 0.372160 0.372163 0.372161 0.372217 0.372259 0.372284 0.372295 0.372309 0.000000 0.000000
0.000000 0.000000 0.379448 0.379430 0.379413 0.379383 0.379318 0.379264 0.379268 0.379261 0.379251 0.379257 0.379265 0.379264 0.379307 0.379362 0.379392 0.379403 0.379410 0.000000 0.000000
0.000000 0.000000 0.387451 0.387438 0.387424 0.387352 0.387311 0.387239 0.387259 0.387221 0.387228 0.387223 0.387211 0.387235 0.387283 0.387316 0.387358 0.387375 0.387409 0.000000 0.000000
0.000000 0.000000 0.396719 0.396687 0.396645 0.396613 0.396550 0.396462 0.396464 0.396460 0.396476 0.396443 0.396461 0.396459 0.396546 0.396597 0.396619 0.396633 0.396704 0.000000 0.000000
0.000000 0.000000 0.407096 0.407069 0.407060 0.406980 0.406929 0.406675 0.406677 0.406664 0.406583 0.406633 0.406643 0.406667 0.406856 0.406903 0.406994 0.407001 0.407023 0.000000 0.000000
0.000000 0.000000 0.419836 0.419828 0.419755 0.419710 0.419353 0.419458 0.419391 0.419394 0.419441 0.419398 0.419392 0.419361 0.419263 0.419647 0.419666 0.419758 0.419814 0.000000 0.000000
0.000000 0.000000 0.434472 0.434431 0.434362 0.433910 0.434070 0.433798 0.433732 0.433707 0.433611 0.433574 0.433628 0.433632 0.433881 0.433733 0.434327 0.434193 0.434178 0.000000 0.000000
0.000000 0.000000 0.448096 0.448073 0.447553 0.447811 0.447717 0.447732 0.447963 0.447902 0.448025 0.448005 0.447909 0.448035 0.447974 0.448055 0.447491 0.448282 0.448271 0.000000 0.000000
0.000000 0.000000 0.460179 0.459768 0.459879 0.459701 0.459487 0.459416 0.459286 0.459316 0.459178 0.459194 0.459274 0.459194 0.459310 0.459470 0.459852 0.459578 0.460007 0.000000 0.000000
0.000000 0.000000 0.465182 0.465205 0.465451 0.465363 0.465278 0.465064 0.465042 0.465000 0.465032 0.465021 0.465041 0.465037 0.465233 0.465297 0.465464 0.465185 0.465169 0.000000 0.000000
0.000000 0.000000 0.350000 0.350000 0.350000 0.350000 0.350000 0.350000 0.350000 0.350000 0.350000 0.350000 0.350000 0.350000 0.350000 0.350000 0.350000 0.350000 0.350000 0.000000 0.000000
0.000000 0.000000 0.000000 0.000000 0.000000 0.000000 0.000000 0.000000 0.000000 0.000000 0.000000 0.000000 0.000000 0.000000 0.000000 0.000000 0.000000 0.000000 0.000000 0.000000 0.000000