geotop/1.0zi/1.0Montebello/Templates/testdem/maps/_Eocsand8554.asc
ncols         21
nrows         20
xllcorner     100.000000
yllcorner     100.000000
cellsize      50.000000
NODATA_value  -9999.0
0.000000 0.000000 0.000000 0.000000 0.000000 0.000000 0.000000 0.000000 0.000000 0.000000 0.000000 0.000000 0.000000 0.000000 0.000000 0.000000 0.000000 0.000000 0.000000 0.000000 0.000000
0.000000 0.000000 0.300214 0.300212 0.300212 0.300212 0.300211 0.300211 0.300211 0.300211 0.300212 0.300211 0.300212 0.300212 0.300211 0.300212 0.300213 0.300213 0.300213 0.000000 0.000000
0.000000 0.000000 0.300012 0.300013 0.300013 0.300011 0.300012 0.300013 0.300013 0.300012 0.300013 0.300013 0.300012 0.300012 0.300012 0.300012 0.300013 0.300014 0.300014 0.000000 0.000000
0.000000 0.000000 0.299893 0.299892 0.299897 0.299905 0.299900 0.299908 0.299903 0.299906 0.299906 0.299906 0.299906 0.299907 0.299903 0.299898 0.299896 0.299892 0.299893 0.000000 0.000000
0.000000 0.000000 0.297872 0.297874 0.297888 0.297905 0.297932 0.297940 0.297944 0.297946 0.297947 0.297943 0.297942 0.297940 0.297918 0.297911 0.297898 0.297886 0.297875 0.000000 0.000000
0.000000 0.000000 0.291901 0.291906 0.291933 0.291982 0.292021 0.292067 0.292067 0.292081 0.292071 0.292070 0.292062 0.292065 0.292039 0.292007 0.291977 0.291957 0.291945 0.000000 0.000000
0.000000 0.000000 0.283519 0.283533 0.283553 0.283608 0.283678 0.283756 0.283756 0.283765 0.283764 0.283762 0.283763 0.283759 0.283690 0.283632 0.283598 0.283569 0.283554 0.000000 0.000000
0.000000 0.000000 0.273591 0.273601 0.273616 0.273680 0.273744 0.273831 0.273831 0.273843 0.273843 0.273847 0.273852 0.273836 0.273762 0.273707 0.273651 0.273637 0.273610 0.000000 0.000000
0.000000 0.000000 0.262906 0.262929 0.262959 0.263001 0.263075 0.263168 0.263161 0.263182 0.263186 0.263189 0.263186 0.263189 0.263098 0.263026 0.262983 0.262961 0.262939 0.000000 0.000000
0.000000 0.000000 0.251506 0.251532 0.251549 0.251590 0.251695 0.251779 0.251778 0.251789 0.251802 0.251792 0.251780 0.251785 0.251709 0.251623 0.251572 0.251554 0.251539 0.000000 0.000000
0.000000 0.000000 0.239001 0.239016 0.239034 0.239132 0.239201 0.239307 0.239279 0.239340 0.239327 0.239332 0.239351 0.239316 0.239240 0.239190 0.239121 0.239086 0.239039 0.000000 0.000000
0.000000 0.000000 0.224973 0.225018 0.225060 0.225114 0.225205 0.225328 0.225340 0.225350 0.225323 0.225367 0.225347 0.225346 0.225212 0.225141 0.225099 0.225071 0.224959 0.000000 0.000000
0.000000 0.000000 0.209643 0.209689 0.209694 0.209792 0.209862 0.210209 0.210216 0.210232 0.210331 0.210271 0.210256 0.210225 0.209957 0.209893 0.209759 0.209750 0.209696 0.000000 0.000000
0.000000 0.000000 0.191413 0.191426 0.191501 0.191564 0.192016 0.191959 0.192049 0.192048 0.192011 0.192046 0.192053 0.192087 0.192142 0.191668 0.191609 0.191484 0.191401 0.000000 0.000000
0.000000 0.000000 0.169750 0.169799 0.169892 0.170477 0.170393 0.170691 0.170816 0.170845 0.170950 0.171012 0.170945 0.170957 0.170665 0.170724 0.169951 0.170084 0.170078 0.000000 0.000000
0.000000 0.000000 0.146172 0.146214 0.147055 0.146776 0.146857 0.146910 0.146579 0.146679 0.146501 0.146551 0.146693 0.146488 0.146495 0.146438 0.147132 0.145894 0.145912 0.000000 0.000000
0.000000 0.000000 0.117604 0.118876 0.118532 0.119045 0.119680 0.119873 0.120252 0.120164 0.120558 0.120513 0.120283 0.120519 0.120184 0.119717 0.118579 0.119387 0.118065 0.000000 0.000000
0.000000 0.000000 0.108665 0.107491 0.106499 0.106485 0.106408 0.107377 0.107194 0.107484 0.106996 0.107091 0.107171 0.107007 0.106206 0.106265 0.106317 0.107061 0.108220 0.000000 0.000000
0.000000 0.000000 0.300000 0.300000 0.300000 0.300000 0.300000 0.300000 0.300000 0.300000 0.300000 0.300000 0.300000 0.300000 0.300000 0.300000 0.300000 0.300000 0.300000 0.000000 0.000000
0.000000 0.000000 0.000000 0.000000 0.000000 0.000000 0.000000 0.000000 0.000000 0.000000 0.000000 0.000000 0.000000 0.000000 0.000000 0.000000 0.000000 0.000000 0.000000 0.000000 0.000000