geotop/1.0zi/1.0Montebello/Templates/testdem/maps/_Eocsand6873.asc
ncols         21
nrows         20
xllcorner     100.000000
yllcorner     100.000000
cellsize      50.000000
NODATA_value  -9999.0
0.000000 0.000000 0.000000 0.000000 0.000000 0.000000 0.000000 0.000000 0.000000 0.000000 0.000000 0.000000 0.000000 0.000000 0.000000 0.000000 0.000000 0.000000 0.000000 0.000000 0.000000
0.000000 0.000000 0.300171 0.300169 0.300168 0.300169 0.300168 0.300168 0.300168 0.300168 0.300169 0.300168 0.300169 0.300169 0.300168 0.300168 0.300170 0.300170 0.300169 0.000000 0.000000
0.000000 0.000000 0.300009 0.300010 0.300010 0.300009 0.300010 0.300010 0.300010 0.300010 0.300010 0.300010 0.300009 0.300010 0.300010 0.300010 0.300010 0.300011 0.300012 0.000000 0.000000
0.000000 0.000000 0.299963 0.299962 0.299966 0.299971 0.299969 0.299971 0.299967 0.299970 0.299967 0.299970 0.299970 0.299970 0.299969 0.299964 0.299963 0.299960 0.299960 0.000000 0.000000
0.000000 0.000000 0.298611 0.298606 0.298613 0.298624 0.298641 0.298649 0.298651 0.298652 0.298654 0.298650 0.298653 0.298650 0.298632 0.298628 0.298625 0.298616 0.298604 0.000000 0.000000
0.000000 0.000000 0.294541 0.294540 0.294558 0.294596 0.294619 0.294659 0.294658 0.294669 0.294661 0.294658 0.294656 0.294657 0.294642 0.294616 0.294596 0.294578 0.294566 0.000000 0.000000
0.000000 0.000000 0.288562 0.288568 0.288584 0.288625 0.288676 0.288734 0.288734 0.288742 0.288738 0.288738 0.288741 0.288736 0.288690 0.288641 0.288616 0.288594 0.288578 0.000000 0.000000
0.000000 0.000000 0.281395 0.281397 0.281408 0.281454 0.281504 0.281568 0.281567 0.281574 0.281575 0.281578 0.281581 0.281571 0.281518 0.281473 0.281432 0.281422 0.281398 0.000000 0.000000
0.000000 0.000000 0.273892 0.273903 0.273927 0.273956 0.274006 0.274074 0.274070 0.274086 0.274090 0.274090 0.274089 0.274092 0.274027 0.273970 0.273939 0.273926 0.273905 0.000000 0.000000
0.000000 0.000000 0.266180 0.266194 0.266205 0.266231 0.266303 0.266364 0.266362 0.266371 0.266380 0.266372 0.266363 0.266370 0.266315 0.266252 0.266216 0.266207 0.266192 0.000000 0.000000
0.000000 0.000000 0.258060 0.258070 0.258081 0.258138 0.258186 0.258256 0.258240 0.258278 0.258274 0.258272 0.258284 0.258262 0.258217 0.258176 0.258133 0.258110 0.258076 0.000000 0.000000
0.000000 0.000000 0.249347 0.249369 0.249394 0.249434 0.249483 0.249569 0.249569 0.249585 0.249564 0.249589 0.249584 0.249577 0.249495 0.249453 0.249422 0.249408 0.249325 0.000000 0.000000
0.000000 0.000000 0.240210 0.240232 0.240246 0.240292 0.240336 0.240529 0.240531 0.240546 0.240590 0.240567 0.240554 0.240538 0.240392 0.240348 0.240277 0.240270 0.240217 0.000000 0.000000
0.000000 0.000000 0.229993 0.230003 0.230039 0.230074 0.230283 0.230310 0.230355 0.230357 0.230358 0.230360 0.230363 0.230371 0.230364 0.230142 0.230091 0.230035 0.229976 0.000000 0.000000
0.000000 0.000000 0.218420 0.218436 0.218486 0.218727 0.218765 0.218883 0.218956 0.218970 0.219009 0.219039 0.219011 0.219025 0.218917 0.218853 0.218527 0.218562 0.218534 0.000000 0.000000
0.000000 0.000000 0.205890 0.205908 0.206243 0.206245 0.206258 0.206322 0.206228 0.206271 0.206223 0.206257 0.206300 0.206224 0.206191 0.206167 0.206278 0.205840 0.205836 0.000000 0.000000
0.000000 0.000000 0.190859 0.191352 0.191409 0.191556 0.191798 0.191885 0.191961 0.191951 0.192071 0.192070 0.192009 0.192055 0.191932 0.191747 0.191433 0.191482 0.190975 0.000000 0.000000
0.000000 0.000000 0.181590 0.181369 0.180900 0.180979 0.181069 0.181511 0.181498 0.181607 0.181482 0.181514 0.181505 0.181475 0.181080 0.181006 0.180820 0.181270 0.181466 0.000000 0.000000
0.000000 0.000000 0.300000 0.300000 0.300000 0.300000 0.300000 0.300000 0.300000 0.300000 0.300000 0.300000 0.300000 0.300000 0.300000 0.300000 0.300000 0.300000 0.300000 0.000000 0.000000
0.000000 0.000000 0.000000 0.000000 0.000000 0.000000 0.000000 0.000000 0.000000 0.000000 0.000000 0.000000 0.000000 0.000000 0.000000 0.000000 0.000000 0.000000 0.000000 0.000000 0.000000