geotop/1.0zi/1.0Montebello/Templates/testdem/maps/_Eocsand4383.asc
ncols         21
nrows         20
xllcorner     100.000000
yllcorner     100.000000
cellsize      50.000000
NODATA_value  -9999.0
0.000000 0.000000 0.000000 0.000000 0.000000 0.000000 0.000000 0.000000 0.000000 0.000000 0.000000 0.000000 0.000000 0.000000 0.000000 0.000000 0.000000 0.000000 0.000000 0.000000 0.000000
0.000000 0.000000 0.300107 0.300107 0.300107 0.300106 0.300107 0.300107 0.300107 0.300107 0.300107 0.300107 0.300107 0.300107 0.300107 0.300107 0.300107 0.300107 0.300107 0.000000 0.000000
0.000000 0.000000 0.300005 0.300004 0.300004 0.300004 0.300004 0.300004 0.300004 0.300004 0.300004 0.300004 0.300004 0.300004 0.300004 0.300004 0.300006 0.300006 0.300005 0.000000 0.000000
0.000000 0.000000 0.299975 0.299973 0.299976 0.299979 0.299977 0.299979 0.299977 0.299978 0.299978 0.299979 0.299979 0.299981 0.299976 0.299973 0.299973 0.299972 0.299974 0.000000 0.000000
0.000000 0.000000 0.299285 0.299284 0.299289 0.299288 0.299295 0.299299 0.299300 0.299304 0.299306 0.299301 0.299304 0.299304 0.299300 0.299300 0.299300 0.299296 0.299290 0.000000 0.000000
0.000000 0.000000 0.296981 0.296980 0.296990 0.297005 0.297010 0.297031 0.297033 0.297042 0.297034 0.297032 0.297029 0.297035 0.297036 0.297025 0.297016 0.297012 0.297005 0.000000 0.000000
0.000000 0.000000 0.293467 0.293474 0.293484 0.293506 0.293531 0.293564 0.293562 0.293569 0.293563 0.293565 0.293569 0.293569 0.293547 0.293518 0.293506 0.293497 0.293485 0.000000 0.000000
0.000000 0.000000 0.289391 0.289396 0.289405 0.289431 0.289455 0.289488 0.289484 0.289490 0.289489 0.289490 0.289497 0.289503 0.289472 0.289443 0.289425 0.289420 0.289409 0.000000 0.000000
0.000000 0.000000 0.285277 0.285286 0.285300 0.285320 0.285343 0.285382 0.285377 0.285385 0.285385 0.285384 0.285391 0.285393 0.285364 0.285330 0.285316 0.285309 0.285294 0.000000 0.000000
0.000000 0.000000 0.281177 0.281186 0.281197 0.281217 0.281247 0.281281 0.281274 0.281280 0.281280 0.281279 0.281288 0.281294 0.281261 0.281226 0.281213 0.281207 0.281195 0.000000 0.000000
0.000000 0.000000 0.277021 0.277030 0.277042 0.277057 0.277078 0.277119 0.277113 0.277123 0.277123 0.277121 0.277130 0.277135 0.277108 0.277083 0.277065 0.277057 0.277043 0.000000 0.000000
0.000000 0.000000 0.272727 0.272736 0.272750 0.272774 0.272797 0.272837 0.272836 0.272842 0.272842 0.272844 0.272850 0.272857 0.272819 0.272788 0.272772 0.272766 0.272720 0.000000 0.000000
0.000000 0.000000 0.268378 0.268388 0.268403 0.268421 0.268450 0.268535 0.268532 0.268540 0.268541 0.268540 0.268550 0.268554 0.268481 0.268445 0.268429 0.268422 0.268393 0.000000 0.000000
0.000000 0.000000 0.263784 0.263800 0.263812 0.263831 0.263916 0.263937 0.263949 0.263956 0.263955 0.263955 0.263965 0.263971 0.263949 0.263861 0.263844 0.263826 0.263809 0.000000 0.000000
0.000000 0.000000 0.258838 0.258851 0.258881 0.258958 0.258996 0.259049 0.259075 0.259084 0.259097 0.259099 0.259100 0.259115 0.259076 0.259014 0.258918 0.258923 0.258908 0.000000 0.000000
0.000000 0.000000 0.253740 0.253754 0.253855 0.253871 0.253894 0.253919 0.253921 0.253924 0.253920 0.253922 0.253940 0.253929 0.253919 0.253892 0.253890 0.253789 0.253763 0.000000 0.000000
0.000000 0.000000 0.248088 0.248214 0.248301 0.248337 0.248396 0.248429 0.248434 0.248440 0.248454 0.248454 0.248458 0.248474 0.248452 0.248378 0.248332 0.248279 0.248154 0.000000 0.000000
0.000000 0.000000 0.243656 0.243688 0.243619 0.243666 0.243718 0.243840 0.243849 0.243861 0.243857 0.243859 0.243872 0.243871 0.243763 0.243698 0.243627 0.243732 0.243678 0.000000 0.000000
0.000000 0.000000 0.300000 0.300000 0.300000 0.300000 0.300000 0.300000 0.300000 0.300000 0.300000 0.300000 0.300000 0.300000 0.300000 0.300000 0.300000 0.300000 0.300000 0.000000 0.000000
0.000000 0.000000 0.000000 0.000000 0.000000 0.000000 0.000000 0.000000 0.000000 0.000000 0.000000 0.000000 0.000000 0.000000 0.000000 0.000000 0.000000 0.000000 0.000000 0.000000 0.000000