geotop/1.0zi/1.0Montebello/Templates/testdem/maps/_Eocsilt8306.asc
ncols         21
nrows         20
xllcorner     100.000000
yllcorner     100.000000
cellsize      50.000000
NODATA_value  -9999.0
0.000000 0.000000 0.000000 0.000000 0.000000 0.000000 0.000000 0.000000 0.000000 0.000000 0.000000 0.000000 0.000000 0.000000 0.000000 0.000000 0.000000 0.000000 0.000000 0.000000 0.000000
0.000000 0.000000 0.350172 0.350173 0.350173 0.350173 0.350173 0.350173 0.350173 0.350173 0.350173 0.350172 0.350172 0.350172 0.350172 0.350173 0.350173 0.350173 0.350173 0.000000 0.000000
0.000000 0.000000 0.350005 0.350005 0.350006 0.350005 0.350006 0.350006 0.350006 0.350006 0.350006 0.350006 0.350007 0.350006 0.350006 0.350005 0.350004 0.350004 0.350005 0.000000 0.000000
0.000000 0.000000 0.350102 0.350099 0.350097 0.350091 0.350092 0.350087 0.350090 0.350090 0.350087 0.350089 0.350089 0.350089 0.350092 0.350095 0.350098 0.350098 0.350100 0.000000 0.000000
0.000000 0.000000 0.351048 0.351054 0.351048 0.351037 0.351030 0.351023 0.351020 0.351018 0.351017 0.351018 0.351019 0.351021 0.351035 0.351039 0.351041 0.351053 0.351054 0.000000 0.000000
0.000000 0.000000 0.353816 0.353816 0.353808 0.353791 0.353772 0.353749 0.353747 0.353741 0.353746 0.353746 0.353747 0.353746 0.353758 0.353773 0.353786 0.353794 0.353800 0.000000 0.000000
0.000000 0.000000 0.357787 0.357783 0.357772 0.357746 0.357713 0.357677 0.357677 0.357673 0.357674 0.357672 0.357670 0.357675 0.357705 0.357733 0.357752 0.357768 0.357775 0.000000 0.000000
0.000000 0.000000 0.362485 0.362483 0.362476 0.362448 0.362417 0.362377 0.362376 0.362372 0.362371 0.362368 0.362366 0.362373 0.362407 0.362436 0.362463 0.362470 0.362483 0.000000 0.000000
0.000000 0.000000 0.367549 0.367540 0.367525 0.367506 0.367472 0.367427 0.367429 0.367419 0.367417 0.367415 0.367416 0.367415 0.367459 0.367494 0.367516 0.367528 0.367539 0.000000 0.000000
0.000000 0.000000 0.372902 0.372893 0.372885 0.372866 0.372818 0.372777 0.372777 0.372772 0.372766 0.372769 0.372775 0.372773 0.372809 0.372850 0.372875 0.372884 0.372892 0.000000 0.000000
0.000000 0.000000 0.378707 0.378701 0.378693 0.378651 0.378617 0.378570 0.378579 0.378554 0.378558 0.378556 0.378547 0.378564 0.378597 0.378623 0.378656 0.378674 0.378695 0.000000 0.000000
0.000000 0.000000 0.385171 0.385154 0.385135 0.385109 0.385071 0.385010 0.385005 0.384999 0.385013 0.384992 0.384999 0.385002 0.385064 0.385096 0.385118 0.385132 0.385185 0.000000 0.000000
0.000000 0.000000 0.392173 0.392157 0.392150 0.392111 0.392077 0.391920 0.391917 0.391908 0.391867 0.391888 0.391897 0.391912 0.392031 0.392064 0.392124 0.392132 0.392157 0.000000 0.000000
0.000000 0.000000 0.400399 0.400395 0.400362 0.400336 0.400138 0.400155 0.400113 0.400114 0.400127 0.400115 0.400109 0.400100 0.400080 0.400286 0.400319 0.400375 0.400412 0.000000 0.000000
0.000000 0.000000 0.410097 0.410080 0.410041 0.409790 0.409814 0.409686 0.409630 0.409617 0.409574 0.409544 0.409572 0.409567 0.409690 0.409681 0.410015 0.409965 0.409971 0.000000 0.000000
0.000000 0.000000 0.420683 0.420668 0.420306 0.420409 0.420381 0.420348 0.420483 0.420441 0.420513 0.420488 0.420427 0.420518 0.420523 0.420546 0.420277 0.420804 0.420796 0.000000 0.000000
0.000000 0.000000 0.433635 0.433079 0.433201 0.432991 0.432713 0.432631 0.432474 0.432511 0.432344 0.432359 0.432454 0.432360 0.432501 0.432708 0.433184 0.432876 0.433455 0.000000 0.000000
0.000000 0.000000 0.438273 0.438779 0.439237 0.439241 0.439264 0.438822 0.438896 0.438766 0.438978 0.438935 0.438902 0.438975 0.439342 0.439325 0.439323 0.438971 0.438476 0.000000 0.000000
0.000000 0.000000 0.350000 0.350000 0.350000 0.350000 0.350000 0.350000 0.350000 0.350000 0.350000 0.350000 0.350000 0.350000 0.350000 0.350000 0.350000 0.350000 0.350000 0.000000 0.000000
0.000000 0.000000 0.000000 0.000000 0.000000 0.000000 0.000000 0.000000 0.000000 0.000000 0.000000 0.000000 0.000000 0.000000 0.000000 0.000000 0.000000 0.000000 0.000000 0.000000 0.000000