geotop/1.0zi/1.0Montebello/Templates/testdem/maps/_Eocsand0714.asc
ncols         21
nrows         20
xllcorner     100.000000
yllcorner     100.000000
cellsize      50.000000
NODATA_value  -9999.0
0.000000 0.000000 0.000000 0.000000 0.000000 0.000000 0.000000 0.000000 0.000000 0.000000 0.000000 0.000000 0.000000 0.000000 0.000000 0.000000 0.000000 0.000000 0.000000 0.000000 0.000000
0.000000 0.000000 0.300029 0.300029 0.300029 0.300029 0.300029 0.300029 0.300029 0.300029 0.300029 0.300029 0.300029 0.300029 0.300029 0.300029 0.300029 0.300029 0.300029 0.000000 0.000000
0.000000 0.000000 0.300005 0.300006 0.300006 0.300005 0.300005 0.300005 0.300005 0.300005 0.300005 0.300005 0.300005 0.300005 0.300005 0.300005 0.300006 0.300006 0.300005 0.000000 0.000000
0.000000 0.000000 0.299351 0.299352 0.299357 0.299355 0.299351 0.299351 0.299351 0.299351 0.299351 0.299351 0.299351 0.299351 0.299351 0.299355 0.299357 0.299352 0.299351 0.000000 0.000000
0.000000 0.000000 0.297114 0.297116 0.297120 0.297121 0.297114 0.297115 0.297115 0.297114 0.297114 0.297114 0.297115 0.297115 0.297114 0.297121 0.297120 0.297116 0.297114 0.000000 0.000000
0.000000 0.000000 0.294638 0.294640 0.294643 0.294643 0.294638 0.294638 0.294639 0.294638 0.294638 0.294638 0.294639 0.294638 0.294638 0.294643 0.294643 0.294640 0.294638 0.000000 0.000000
0.000000 0.000000 0.292336 0.292337 0.292340 0.292340 0.292336 0.292336 0.292336 0.292336 0.292336 0.292336 0.292336 0.292336 0.292336 0.292340 0.292340 0.292337 0.292336 0.000000 0.000000
0.000000 0.000000 0.290208 0.290209 0.290212 0.290212 0.290208 0.290208 0.290209 0.290208 0.290208 0.290208 0.290209 0.290208 0.290208 0.290212 0.290212 0.290209 0.290208 0.000000 0.000000
0.000000 0.000000 0.288205 0.288206 0.288209 0.288208 0.288205 0.288205 0.288205 0.288205 0.288205 0.288205 0.288205 0.288205 0.288205 0.288208 0.288209 0.288206 0.288205 0.000000 0.000000
0.000000 0.000000 0.286280 0.286280 0.286283 0.286282 0.286280 0.286280 0.286280 0.286280 0.286280 0.286280 0.286280 0.286280 0.286280 0.286282 0.286283 0.286280 0.286280 0.000000 0.000000
0.000000 0.000000 0.284414 0.284414 0.284417 0.284416 0.284414 0.284414 0.284414 0.284414 0.284414 0.284414 0.284414 0.284414 0.284414 0.284416 0.284417 0.284414 0.284414 0.000000 0.000000
0.000000 0.000000 0.282588 0.282588 0.282591 0.282590 0.282588 0.282588 0.282588 0.282588 0.282588 0.282588 0.282588 0.282588 0.282588 0.282590 0.282591 0.282588 0.282588 0.000000 0.000000
0.000000 0.000000 0.280796 0.280797 0.280799 0.280798 0.280796 0.280796 0.280796 0.280796 0.280796 0.280796 0.280796 0.280796 0.280796 0.280798 0.280799 0.280797 0.280796 0.000000 0.000000
0.000000 0.000000 0.279033 0.279034 0.279036 0.279035 0.279033 0.279033 0.279033 0.279033 0.279033 0.279033 0.279033 0.279033 0.279033 0.279035 0.279036 0.279034 0.279033 0.000000 0.000000
0.000000 0.000000 0.277289 0.277290 0.277292 0.277292 0.277289 0.277289 0.277289 0.277289 0.277289 0.277289 0.277289 0.277289 0.277289 0.277292 0.277292 0.277290 0.277289 0.000000 0.000000
0.000000 0.000000 0.275559 0.275560 0.275562 0.275562 0.275559 0.275559 0.275559 0.275559 0.275559 0.275559 0.275559 0.275559 0.275559 0.275562 0.275562 0.275560 0.275559 0.000000 0.000000
0.000000 0.000000 0.273850 0.273851 0.273853 0.273853 0.273850 0.273850 0.273850 0.273850 0.273850 0.273850 0.273850 0.273850 0.273850 0.273853 0.273853 0.273851 0.273850 0.000000 0.000000
0.000000 0.000000 0.272116 0.272116 0.272118 0.272118 0.272115 0.272115 0.272116 0.272115 0.272115 0.272115 0.272116 0.272115 0.272115 0.272118 0.272118 0.272116 0.272115 0.000000 0.000000
0.000000 0.000000 0.300000 0.300000 0.300000 0.300000 0.300000 0.300000 0.300000 0.300000 0.300000 0.300000 0.300000 0.300000 0.300000 0.300000 0.300000 0.300000 0.300000 0.000000 0.000000
0.000000 0.000000 0.000000 0.000000 0.000000 0.000000 0.000000 0.000000 0.000000 0.000000 0.000000 0.000000 0.000000 0.000000 0.000000 0.000000 0.000000 0.000000 0.000000 0.000000 0.000000