geotop/1.0zi/1.0Montebello/Templates/testdem/maps/_Eocsilt3017.asc
ncols         21
nrows         20
xllcorner     100.000000
yllcorner     100.000000
cellsize      50.000000
NODATA_value  -9999.0
0.000000 0.000000 0.000000 0.000000 0.000000 0.000000 0.000000 0.000000 0.000000 0.000000 0.000000 0.000000 0.000000 0.000000 0.000000 0.000000 0.000000 0.000000 0.000000 0.000000 0.000000
0.000000 0.000000 0.350080 0.350080 0.350080 0.350080 0.350080 0.350080 0.350080 0.350080 0.350079 0.350080 0.350080 0.350080 0.350080 0.350080 0.350080 0.350080 0.350080 0.000000 0.000000
0.000000 0.000000 0.349996 0.349996 0.349996 0.349996 0.349996 0.349996 0.349996 0.349996 0.349997 0.349996 0.349996 0.349996 0.349996 0.349996 0.349996 0.349996 0.349996 0.000000 0.000000
0.000000 0.000000 0.351149 0.351148 0.351146 0.351147 0.351149 0.351149 0.351149 0.351149 0.351149 0.351149 0.351149 0.351149 0.351149 0.351147 0.351146 0.351148 0.351149 0.000000 0.000000
0.000000 0.000000 0.355430 0.355429 0.355427 0.355428 0.355430 0.355429 0.355429 0.355431 0.355431 0.355431 0.355429 0.355429 0.355430 0.355428 0.355427 0.355429 0.355430 0.000000 0.000000
0.000000 0.000000 0.360726 0.360726 0.360724 0.360724 0.360727 0.360726 0.360726 0.360727 0.360727 0.360727 0.360726 0.360726 0.360727 0.360724 0.360724 0.360726 0.360726 0.000000 0.000000
0.000000 0.000000 0.365531 0.365530 0.365529 0.365529 0.365531 0.365530 0.365530 0.365531 0.365532 0.365531 0.365530 0.365530 0.365531 0.365529 0.365529 0.365530 0.365531 0.000000 0.000000
0.000000 0.000000 0.369881 0.369880 0.369879 0.369879 0.369881 0.369881 0.369881 0.369881 0.369882 0.369881 0.369881 0.369881 0.369881 0.369879 0.369879 0.369880 0.369881 0.000000 0.000000
0.000000 0.000000 0.373903 0.373902 0.373901 0.373901 0.373903 0.373902 0.373902 0.373903 0.373903 0.373903 0.373902 0.373902 0.373903 0.373901 0.373901 0.373902 0.373903 0.000000 0.000000
0.000000 0.000000 0.377693 0.377693 0.377692 0.377692 0.377693 0.377693 0.377693 0.377694 0.377694 0.377694 0.377693 0.377693 0.377693 0.377692 0.377692 0.377693 0.377693 0.000000 0.000000
0.000000 0.000000 0.381301 0.381300 0.381299 0.381299 0.381301 0.381300 0.381300 0.381301 0.381301 0.381301 0.381300 0.381300 0.381301 0.381299 0.381299 0.381300 0.381301 0.000000 0.000000
0.000000 0.000000 0.384758 0.384758 0.384757 0.384757 0.384759 0.384758 0.384758 0.384759 0.384759 0.384759 0.384758 0.384758 0.384759 0.384757 0.384757 0.384758 0.384758 0.000000 0.000000
0.000000 0.000000 0.388094 0.388094 0.388092 0.388093 0.388094 0.388094 0.388094 0.388094 0.388095 0.388094 0.388094 0.388094 0.388094 0.388093 0.388092 0.388094 0.388094 0.000000 0.000000
0.000000 0.000000 0.391333 0.391332 0.391331 0.391332 0.391333 0.391332 0.391332 0.391333 0.391333 0.391333 0.391332 0.391332 0.391333 0.391332 0.391331 0.391332 0.391333 0.000000 0.000000
0.000000 0.000000 0.394481 0.394480 0.394479 0.394480 0.394481 0.394480 0.394480 0.394481 0.394481 0.394481 0.394480 0.394480 0.394481 0.394480 0.394479 0.394480 0.394481 0.000000 0.000000
0.000000 0.000000 0.397544 0.397544 0.397543 0.397543 0.397544 0.397544 0.397544 0.397545 0.397545 0.397545 0.397544 0.397544 0.397544 0.397543 0.397543 0.397544 0.397544 0.000000 0.000000
0.000000 0.000000 0.400533 0.400533 0.400532 0.400533 0.400534 0.400533 0.400533 0.400534 0.400534 0.400534 0.400533 0.400533 0.400534 0.400533 0.400532 0.400533 0.400533 0.000000 0.000000
0.000000 0.000000 0.403507 0.403507 0.403506 0.403506 0.403507 0.403507 0.403507 0.403507 0.403508 0.403507 0.403507 0.403507 0.403507 0.403506 0.403506 0.403507 0.403507 0.000000 0.000000
0.000000 0.000000 0.350000 0.350000 0.350000 0.350000 0.350000 0.350000 0.350000 0.350000 0.350000 0.350000 0.350000 0.350000 0.350000 0.350000 0.350000 0.350000 0.350000 0.000000 0.000000
0.000000 0.000000 0.000000 0.000000 0.000000 0.000000 0.000000 0.000000 0.000000 0.000000 0.000000 0.000000 0.000000 0.000000 0.000000 0.000000 0.000000 0.000000 0.000000 0.000000 0.000000