geotop/1.0zi/1.0Montebello/Templates/testdem/maps/_Eocsilt5773.asc
ncols         21
nrows         20
xllcorner     100.000000
yllcorner     100.000000
cellsize      50.000000
NODATA_value  -9999.0
0.000000 0.000000 0.000000 0.000000 0.000000 0.000000 0.000000 0.000000 0.000000 0.000000 0.000000 0.000000 0.000000 0.000000 0.000000 0.000000 0.000000 0.000000 0.000000 0.000000 0.000000
0.000000 0.000000 0.350113 0.350113 0.350113 0.350113 0.350113 0.350114 0.350113 0.350113 0.350113 0.350113 0.350113 0.350113 0.350113 0.350113 0.350114 0.350113 0.350113 0.000000 0.000000
0.000000 0.000000 0.350002 0.350002 0.350002 0.350003 0.350003 0.350003 0.350003 0.350003 0.350003 0.350003 0.350003 0.350003 0.350003 0.350002 0.350001 0.350001 0.350002 0.000000 0.000000
0.000000 0.000000 0.350045 0.350045 0.350043 0.350039 0.350040 0.350038 0.350040 0.350040 0.350039 0.350039 0.350039 0.350039 0.350041 0.350044 0.350045 0.350047 0.350046 0.000000 0.000000
0.000000 0.000000 0.350524 0.350527 0.350525 0.350522 0.350519 0.350514 0.350513 0.350511 0.350509 0.350510 0.350512 0.350513 0.350518 0.350520 0.350520 0.350529 0.350533 0.000000 0.000000
0.000000 0.000000 0.352007 0.352011 0.352007 0.351993 0.351983 0.351965 0.351963 0.351960 0.351964 0.351966 0.351967 0.351963 0.351969 0.351976 0.351985 0.351989 0.351993 0.000000 0.000000
0.000000 0.000000 0.354259 0.354257 0.354253 0.354236 0.354215 0.354192 0.354194 0.354191 0.354194 0.354194 0.354191 0.354194 0.354209 0.354227 0.354234 0.354243 0.354249 0.000000 0.000000
0.000000 0.000000 0.356991 0.356992 0.356992 0.356975 0.356955 0.356929 0.356930 0.356927 0.356927 0.356927 0.356925 0.356927 0.356946 0.356965 0.356980 0.356983 0.356992 0.000000 0.000000
0.000000 0.000000 0.359859 0.359854 0.359848 0.359837 0.359817 0.359787 0.359789 0.359784 0.359782 0.359783 0.359783 0.359780 0.359806 0.359827 0.359840 0.359845 0.359854 0.000000 0.000000
0.000000 0.000000 0.362734 0.362729 0.362727 0.362720 0.362692 0.362666 0.362669 0.362665 0.362662 0.362666 0.362669 0.362665 0.362685 0.362707 0.362721 0.362723 0.362729 0.000000 0.000000
0.000000 0.000000 0.365682 0.365679 0.365680 0.365659 0.365640 0.365612 0.365618 0.365605 0.365605 0.365607 0.365603 0.365609 0.365626 0.365640 0.365655 0.365663 0.365675 0.000000 0.000000
0.000000 0.000000 0.368778 0.368771 0.368764 0.368750 0.368733 0.368699 0.368701 0.368693 0.368702 0.368694 0.368695 0.368697 0.368726 0.368740 0.368750 0.368755 0.368786 0.000000 0.000000
0.000000 0.000000 0.371950 0.371944 0.371942 0.371926 0.371911 0.371844 0.371844 0.371838 0.371824 0.371832 0.371836 0.371841 0.371889 0.371902 0.371925 0.371927 0.371950 0.000000 0.000000
0.000000 0.000000 0.375391 0.375387 0.375380 0.375370 0.375305 0.375288 0.375273 0.375273 0.375268 0.375270 0.375271 0.375268 0.375275 0.375339 0.375359 0.375375 0.375397 0.000000 0.000000
0.000000 0.000000 0.379177 0.379172 0.379159 0.379093 0.379071 0.379032 0.379007 0.379003 0.378991 0.378984 0.378991 0.378985 0.379013 0.379045 0.379139 0.379132 0.379145 0.000000 0.000000
0.000000 0.000000 0.383181 0.383177 0.383091 0.383075 0.383070 0.383045 0.383061 0.383051 0.383058 0.383049 0.383038 0.383055 0.383070 0.383079 0.383073 0.383184 0.383187 0.000000 0.000000
0.000000 0.000000 0.387756 0.387639 0.387598 0.387564 0.387507 0.387478 0.387469 0.387467 0.387442 0.387438 0.387449 0.387444 0.387475 0.387517 0.387584 0.387611 0.387730 0.000000 0.000000
0.000000 0.000000 0.391103 0.391107 0.391210 0.391181 0.391136 0.391025 0.391023 0.390998 0.391014 0.391008 0.391015 0.391017 0.391117 0.391150 0.391223 0.391116 0.391120 0.000000 0.000000
0.000000 0.000000 0.350000 0.350000 0.350000 0.350000 0.350000 0.350000 0.350000 0.350000 0.350000 0.350000 0.350000 0.350000 0.350000 0.350000 0.350000 0.350000 0.350000 0.000000 0.000000
0.000000 0.000000 0.000000 0.000000 0.000000 0.000000 0.000000 0.000000 0.000000 0.000000 0.000000 0.000000 0.000000 0.000000 0.000000 0.000000 0.000000 0.000000 0.000000 0.000000 0.000000