geotop/1.0zi/1.0Montebello/Templates/testdem/maps/_Eocclay6785.asc
ncols         21
nrows         20
xllcorner     100.000000
yllcorner     100.000000
cellsize      50.000000
NODATA_value  -9999.0
0.000000 0.000000 0.000000 0.000000 0.000000 0.000000 0.000000 0.000000 0.000000 0.000000 0.000000 0.000000 0.000000 0.000000 0.000000 0.000000 0.000000 0.000000 0.000000 0.000000 0.000000
0.000000 0.000000 0.349697 0.349698 0.349699 0.349697 0.349699 0.349699 0.349698 0.349699 0.349697 0.349699 0.349699 0.349698 0.349699 0.349699 0.349697 0.349697 0.349698 0.000000 0.000000
0.000000 0.000000 0.349988 0.349988 0.349988 0.349989 0.349987 0.349987 0.349987 0.349987 0.349987 0.349987 0.349988 0.349986 0.349988 0.349988 0.349989 0.349989 0.349986 0.000000 0.000000
0.000000 0.000000 0.349979 0.349984 0.349981 0.349981 0.349982 0.349983 0.349984 0.349980 0.349985 0.349983 0.349983 0.349982 0.349982 0.349984 0.349982 0.349984 0.349983 0.000000 0.000000
0.000000 0.000000 0.350657 0.350655 0.350653 0.350650 0.350637 0.350635 0.350635 0.350637 0.350634 0.350635 0.350631 0.350634 0.350642 0.350642 0.350647 0.350648 0.350655 0.000000 0.000000
0.000000 0.000000 0.352679 0.352678 0.352669 0.352644 0.352636 0.352615 0.352617 0.352611 0.352615 0.352615 0.352617 0.352617 0.352624 0.352641 0.352651 0.352663 0.352670 0.000000 0.000000
0.000000 0.000000 0.355622 0.355620 0.355613 0.355593 0.355569 0.355538 0.355538 0.355533 0.355535 0.355536 0.355536 0.355536 0.355561 0.355586 0.355598 0.355608 0.355616 0.000000 0.000000
0.000000 0.000000 0.359150 0.359149 0.359143 0.359118 0.359094 0.359061 0.359061 0.359058 0.359058 0.359057 0.359054 0.359061 0.359087 0.359109 0.359129 0.359135 0.359147 0.000000 0.000000
0.000000 0.000000 0.362805 0.362801 0.362789 0.362775 0.362751 0.362718 0.362720 0.362712 0.362710 0.362710 0.362710 0.362709 0.362740 0.362769 0.362783 0.362789 0.362799 0.000000 0.000000
0.000000 0.000000 0.366570 0.366563 0.366558 0.366545 0.366509 0.366479 0.366480 0.366476 0.366471 0.366475 0.366480 0.366476 0.366503 0.366535 0.366552 0.366557 0.366565 0.000000 0.000000
0.000000 0.000000 0.370547 0.370542 0.370536 0.370509 0.370485 0.370450 0.370458 0.370439 0.370441 0.370442 0.370436 0.370447 0.370469 0.370489 0.370511 0.370522 0.370539 0.000000 0.000000
0.000000 0.000000 0.374803 0.374792 0.374780 0.374760 0.374736 0.374694 0.374694 0.374685 0.374696 0.374684 0.374686 0.374689 0.374729 0.374750 0.374765 0.374772 0.374813 0.000000 0.000000
0.000000 0.000000 0.379263 0.379252 0.379245 0.379223 0.379201 0.379106 0.379106 0.379098 0.379077 0.379088 0.379095 0.379102 0.379174 0.379196 0.379230 0.379233 0.379260 0.000000 0.000000
0.000000 0.000000 0.384239 0.384234 0.384217 0.384199 0.384098 0.384084 0.384062 0.384060 0.384060 0.384059 0.384058 0.384054 0.384059 0.384166 0.384192 0.384219 0.384248 0.000000 0.000000
0.000000 0.000000 0.389863 0.389855 0.389831 0.389715 0.389695 0.389639 0.389602 0.389595 0.389576 0.389563 0.389575 0.389569 0.389620 0.389654 0.389810 0.389794 0.389808 0.000000 0.000000
0.000000 0.000000 0.395940 0.395931 0.395772 0.395768 0.395761 0.395729 0.395773 0.395752 0.395774 0.395757 0.395737 0.395773 0.395790 0.395802 0.395754 0.395962 0.395964 0.000000 0.000000
0.000000 0.000000 0.403205 0.402973 0.402939 0.402871 0.402756 0.402715 0.402681 0.402685 0.402629 0.402629 0.402656 0.402636 0.402694 0.402782 0.402927 0.402913 0.403152 0.000000 0.000000
0.000000 0.000000 0.407804 0.407898 0.408118 0.408079 0.408031 0.407821 0.407826 0.407774 0.407830 0.407815 0.407820 0.407834 0.408023 0.408061 0.408156 0.407941 0.407860 0.000000 0.000000
0.000000 0.000000 0.350000 0.350000 0.350000 0.350000 0.350000 0.350000 0.350000 0.350000 0.350000 0.350000 0.350000 0.350000 0.350000 0.350000 0.350000 0.350000 0.350000 0.000000 0.000000
0.000000 0.000000 0.000000 0.000000 0.000000 0.000000 0.000000 0.000000 0.000000 0.000000 0.000000 0.000000 0.000000 0.000000 0.000000 0.000000 0.000000 0.000000 0.000000 0.000000 0.000000