geotop/1.0zi/1.0Montebello/Templates/testdem/maps/_Eocsand7517.asc
ncols         21
nrows         20
xllcorner     100.000000
yllcorner     100.000000
cellsize      50.000000
NODATA_value  -9999.0
0.000000 0.000000 0.000000 0.000000 0.000000 0.000000 0.000000 0.000000 0.000000 0.000000 0.000000 0.000000 0.000000 0.000000 0.000000 0.000000 0.000000 0.000000 0.000000 0.000000 0.000000
0.000000 0.000000 0.300189 0.300187 0.300187 0.300188 0.300187 0.300186 0.300187 0.300187 0.300188 0.300187 0.300187 0.300187 0.300187 0.300187 0.300188 0.300188 0.300188 0.000000 0.000000
0.000000 0.000000 0.300010 0.300011 0.300010 0.300009 0.300010 0.300011 0.300010 0.300010 0.300010 0.300010 0.300009 0.300010 0.300010 0.300010 0.300011 0.300011 0.300012 0.000000 0.000000
0.000000 0.000000 0.299894 0.299893 0.299898 0.299905 0.299901 0.299909 0.299904 0.299906 0.299906 0.299906 0.299906 0.299908 0.299903 0.299898 0.299896 0.299893 0.299893 0.000000 0.000000
0.000000 0.000000 0.298090 0.298086 0.298094 0.298110 0.298131 0.298140 0.298147 0.298145 0.298149 0.298147 0.298151 0.298145 0.298122 0.298116 0.298106 0.298094 0.298085 0.000000 0.000000
0.000000 0.000000 0.293167 0.293168 0.293188 0.293230 0.293261 0.293306 0.293305 0.293316 0.293310 0.293309 0.293307 0.293307 0.293284 0.293254 0.293228 0.293206 0.293195 0.000000 0.000000
0.000000 0.000000 0.286241 0.286248 0.286266 0.286314 0.286373 0.286440 0.286441 0.286449 0.286448 0.286448 0.286452 0.286446 0.286387 0.286333 0.286302 0.286275 0.286260 0.000000 0.000000
0.000000 0.000000 0.277991 0.277994 0.278007 0.278061 0.278117 0.278191 0.278192 0.278199 0.278202 0.278207 0.278211 0.278197 0.278133 0.278082 0.278034 0.278019 0.277995 0.000000 0.000000
0.000000 0.000000 0.269261 0.269275 0.269301 0.269336 0.269395 0.269475 0.269470 0.269487 0.269493 0.269496 0.269495 0.269497 0.269418 0.269355 0.269317 0.269297 0.269278 0.000000 0.000000
0.000000 0.000000 0.260152 0.260169 0.260182 0.260215 0.260300 0.260371 0.260370 0.260379 0.260391 0.260385 0.260375 0.260380 0.260314 0.260241 0.260197 0.260182 0.260168 0.000000 0.000000
0.000000 0.000000 0.250402 0.250413 0.250428 0.250498 0.250558 0.250640 0.250622 0.250666 0.250662 0.250663 0.250679 0.250650 0.250591 0.250546 0.250491 0.250460 0.250423 0.000000 0.000000
0.000000 0.000000 0.239746 0.239774 0.239806 0.239853 0.239917 0.240019 0.240023 0.240037 0.240015 0.240049 0.240041 0.240033 0.239929 0.239876 0.239838 0.239816 0.239723 0.000000 0.000000
0.000000 0.000000 0.228396 0.228425 0.228438 0.228500 0.228557 0.228806 0.228809 0.228824 0.228888 0.228857 0.228843 0.228819 0.228628 0.228574 0.228479 0.228468 0.228416 0.000000 0.000000
0.000000 0.000000 0.215384 0.215395 0.215443 0.215488 0.215781 0.215786 0.215847 0.215847 0.215840 0.215852 0.215860 0.215870 0.215877 0.215571 0.215511 0.215430 0.215365 0.000000 0.000000
0.000000 0.000000 0.200318 0.200342 0.200406 0.200759 0.200770 0.200944 0.201035 0.201053 0.201113 0.201158 0.201120 0.201131 0.200962 0.200925 0.200453 0.200512 0.200491 0.000000 0.000000
0.000000 0.000000 0.183822 0.183847 0.184348 0.184275 0.184305 0.184380 0.184213 0.184274 0.184191 0.184236 0.184311 0.184188 0.184148 0.184121 0.184394 0.183699 0.183706 0.000000 0.000000
0.000000 0.000000 0.163439 0.164226 0.164178 0.164442 0.164837 0.164957 0.165125 0.165089 0.165304 0.165293 0.165180 0.165280 0.165083 0.164791 0.164209 0.164467 0.163657 0.000000 0.000000
0.000000 0.000000 0.153381 0.152785 0.152052 0.152106 0.152153 0.152838 0.152771 0.152955 0.152693 0.152753 0.152773 0.152692 0.152096 0.152064 0.151921 0.152555 0.153127 0.000000 0.000000
0.000000 0.000000 0.300000 0.300000 0.300000 0.300000 0.300000 0.300000 0.300000 0.300000 0.300000 0.300000 0.300000 0.300000 0.300000 0.300000 0.300000 0.300000 0.300000 0.000000 0.000000
0.000000 0.000000 0.000000 0.000000 0.000000 0.000000 0.000000 0.000000 0.000000 0.000000 0.000000 0.000000 0.000000 0.000000 0.000000 0.000000 0.000000 0.000000 0.000000 0.000000 0.000000