geotop/1.0zi/1.0Montebello/Templates/testdem/maps/_Eocclay105Q.asc
ncols         21
nrows         20
xllcorner     100.000000
yllcorner     100.000000
cellsize      50.000000
NODATA_value  -9999.0
0.000000 0.000000 0.000000 0.000000 0.000000 0.000000 0.000000 0.000000 0.000000 0.000000 0.000000 0.000000 0.000000 0.000000 0.000000 0.000000 0.000000 0.000000 0.000000 0.000000 0.000000
0.000000 0.000000 0.349473 0.349475 0.349475 0.349474 0.349476 0.349476 0.349475 0.349476 0.349475 0.349476 0.349476 0.349476 0.349476 0.349476 0.349474 0.349474 0.349475 0.000000 0.000000
0.000000 0.000000 0.349977 0.349976 0.349975 0.349978 0.349975 0.349975 0.349976 0.349975 0.349975 0.349976 0.349975 0.349975 0.349976 0.349977 0.349977 0.349977 0.349976 0.000000 0.000000
0.000000 0.000000 0.350129 0.350141 0.350135 0.350131 0.350136 0.350136 0.350135 0.350134 0.350133 0.350131 0.350132 0.350133 0.350134 0.350137 0.350137 0.350136 0.350135 0.000000 0.000000
0.000000 0.000000 0.352197 0.352183 0.352176 0.352163 0.352140 0.352134 0.352131 0.352131 0.352128 0.352134 0.352134 0.352133 0.352142 0.352149 0.352162 0.352171 0.352180 0.000000 0.000000
0.000000 0.000000 0.357182 0.357176 0.357150 0.357106 0.357070 0.357035 0.357038 0.357032 0.357026 0.357027 0.357035 0.357031 0.357048 0.357086 0.357103 0.357122 0.357127 0.000000 0.000000
0.000000 0.000000 0.363785 0.363773 0.363753 0.363709 0.363664 0.363590 0.363586 0.363580 0.363571 0.363574 0.363573 0.363573 0.363628 0.363670 0.363694 0.363715 0.363722 0.000000 0.000000
0.000000 0.000000 0.371757 0.371743 0.371720 0.371658 0.371607 0.371537 0.371531 0.371524 0.371513 0.371512 0.371508 0.371518 0.371567 0.371613 0.371654 0.371668 0.371682 0.000000 0.000000
0.000000 0.000000 0.380804 0.380783 0.380747 0.380699 0.380639 0.380555 0.380553 0.380539 0.380525 0.380523 0.380524 0.380519 0.380591 0.380649 0.380681 0.380699 0.380711 0.000000 0.000000
0.000000 0.000000 0.391297 0.391262 0.391229 0.391176 0.391104 0.391014 0.391002 0.390995 0.390971 0.390979 0.390992 0.390986 0.391043 0.391121 0.391163 0.391184 0.391188 0.000000 0.000000
0.000000 0.000000 0.403918 0.403885 0.403856 0.403726 0.403698 0.403567 0.403587 0.403525 0.403528 0.403517 0.403492 0.403527 0.403596 0.403644 0.403707 0.403735 0.403788 0.000000 0.000000
0.000000 0.000000 0.419407 0.419333 0.419242 0.419194 0.419129 0.418957 0.418929 0.418942 0.418947 0.418896 0.418922 0.418903 0.419044 0.419136 0.419163 0.419191 0.419295 0.000000 0.000000
0.000000 0.000000 0.436823 0.436758 0.436749 0.436612 0.436532 0.436062 0.436031 0.436003 0.435811 0.435944 0.435938 0.435981 0.436310 0.436376 0.436554 0.436579 0.436554 0.000000 0.000000
0.000000 0.000000 0.456051 0.456042 0.455887 0.455832 0.455280 0.455605 0.455474 0.455480 0.455599 0.455482 0.455465 0.455387 0.455113 0.455735 0.455710 0.455857 0.455931 0.000000 0.000000
0.000000 0.000000 0.470457 0.470419 0.470359 0.469968 0.470165 0.469904 0.469856 0.469829 0.469726 0.469707 0.469752 0.469757 0.469985 0.469780 0.470291 0.470167 0.470139 0.000000 0.000000
0.000000 0.000000 0.479597 0.479572 0.479344 0.479352 0.479360 0.479304 0.479382 0.479350 0.479376 0.479359 0.479328 0.479378 0.479402 0.479393 0.479285 0.479572 0.479559 0.000000 0.000000
0.000000 0.000000 0.486737 0.486577 0.486557 0.486462 0.486401 0.486343 0.486316 0.486318 0.486269 0.486268 0.486289 0.486274 0.486329 0.486368 0.486510 0.486476 0.486621 0.000000 0.000000
0.000000 0.000000 0.490411 0.490532 0.490545 0.490556 0.490567 0.490453 0.490505 0.490467 0.490527 0.490512 0.490489 0.490525 0.490605 0.490592 0.490526 0.490565 0.490435 0.000000 0.000000
0.000000 0.000000 0.350000 0.350000 0.350000 0.350000 0.350000 0.350000 0.350000 0.350000 0.350000 0.350000 0.350000 0.350000 0.350000 0.350000 0.350000 0.350000 0.350000 0.000000 0.000000
0.000000 0.000000 0.000000 0.000000 0.000000 0.000000 0.000000 0.000000 0.000000 0.000000 0.000000 0.000000 0.000000 0.000000 0.000000 0.000000 0.000000 0.000000 0.000000 0.000000 0.000000