geotop/1.0zi/1.0Montebello/Templates/testdem/maps/_Eocclay3263.asc
ncols         21
nrows         20
xllcorner     100.000000
yllcorner     100.000000
cellsize      50.000000
NODATA_value  -9999.0
0.000000 0.000000 0.000000 0.000000 0.000000 0.000000 0.000000 0.000000 0.000000 0.000000 0.000000 0.000000 0.000000 0.000000 0.000000 0.000000 0.000000 0.000000 0.000000 0.000000 0.000000
0.000000 0.000000 0.349822 0.349822 0.349823 0.349822 0.349822 0.349822 0.349822 0.349822 0.349822 0.349822 0.349822 0.349822 0.349822 0.349822 0.349823 0.349822 0.349822 0.000000 0.000000
0.000000 0.000000 0.349995 0.349995 0.349995 0.349995 0.349995 0.349995 0.349995 0.349995 0.349996 0.349995 0.349995 0.349995 0.349995 0.349995 0.349995 0.349995 0.349995 0.000000 0.000000
0.000000 0.000000 0.351257 0.351256 0.351254 0.351255 0.351256 0.351256 0.351256 0.351256 0.351257 0.351256 0.351256 0.351256 0.351256 0.351255 0.351254 0.351256 0.351257 0.000000 0.000000
0.000000 0.000000 0.356300 0.356299 0.356297 0.356297 0.356301 0.356300 0.356300 0.356301 0.356302 0.356301 0.356300 0.356300 0.356301 0.356297 0.356297 0.356299 0.356300 0.000000 0.000000
0.000000 0.000000 0.361879 0.361878 0.361877 0.361877 0.361879 0.361879 0.361879 0.361880 0.361880 0.361880 0.361879 0.361879 0.361879 0.361877 0.361877 0.361878 0.361879 0.000000 0.000000
0.000000 0.000000 0.367099 0.367098 0.367097 0.367097 0.367099 0.367098 0.367098 0.367099 0.367100 0.367099 0.367098 0.367098 0.367099 0.367097 0.367097 0.367098 0.367099 0.000000 0.000000
0.000000 0.000000 0.371849 0.371849 0.371847 0.371848 0.371849 0.371849 0.371849 0.371849 0.371850 0.371849 0.371849 0.371849 0.371849 0.371848 0.371847 0.371849 0.371849 0.000000 0.000000
0.000000 0.000000 0.376243 0.376242 0.376241 0.376241 0.376243 0.376242 0.376243 0.376243 0.376244 0.376243 0.376243 0.376242 0.376243 0.376241 0.376241 0.376242 0.376243 0.000000 0.000000
0.000000 0.000000 0.380383 0.380383 0.380381 0.380382 0.380383 0.380383 0.380383 0.380383 0.380384 0.380383 0.380383 0.380383 0.380383 0.380382 0.380381 0.380383 0.380383 0.000000 0.000000
0.000000 0.000000 0.384320 0.384320 0.384319 0.384319 0.384320 0.384320 0.384320 0.384320 0.384321 0.384320 0.384320 0.384320 0.384320 0.384319 0.384319 0.384320 0.384320 0.000000 0.000000
0.000000 0.000000 0.388092 0.388092 0.388090 0.388091 0.388092 0.388091 0.388092 0.388092 0.388093 0.388092 0.388092 0.388091 0.388092 0.388091 0.388090 0.388092 0.388092 0.000000 0.000000
0.000000 0.000000 0.391724 0.391724 0.391723 0.391723 0.391724 0.391724 0.391724 0.391724 0.391725 0.391724 0.391724 0.391724 0.391724 0.391723 0.391723 0.391724 0.391724 0.000000 0.000000
0.000000 0.000000 0.395247 0.395247 0.395246 0.395246 0.395247 0.395247 0.395247 0.395247 0.395248 0.395247 0.395247 0.395247 0.395247 0.395246 0.395246 0.395247 0.395247 0.000000 0.000000
0.000000 0.000000 0.398670 0.398670 0.398668 0.398669 0.398670 0.398669 0.398670 0.398670 0.398670 0.398670 0.398670 0.398669 0.398670 0.398669 0.398668 0.398670 0.398670 0.000000 0.000000
0.000000 0.000000 0.401999 0.401998 0.401997 0.401998 0.401999 0.401998 0.401999 0.401999 0.401999 0.401999 0.401999 0.401998 0.401999 0.401998 0.401997 0.401998 0.401999 0.000000 0.000000
0.000000 0.000000 0.405244 0.405243 0.405242 0.405243 0.405244 0.405243 0.405243 0.405244 0.405244 0.405244 0.405243 0.405243 0.405244 0.405243 0.405242 0.405243 0.405244 0.000000 0.000000
0.000000 0.000000 0.408468 0.408468 0.408467 0.408467 0.408468 0.408468 0.408468 0.408468 0.408469 0.408468 0.408468 0.408468 0.408468 0.408467 0.408467 0.408468 0.408468 0.000000 0.000000
0.000000 0.000000 0.350000 0.350000 0.350000 0.350000 0.350000 0.350000 0.350000 0.350000 0.350000 0.350000 0.350000 0.350000 0.350000 0.350000 0.350000 0.350000 0.350000 0.000000 0.000000
0.000000 0.000000 0.000000 0.000000 0.000000 0.000000 0.000000 0.000000 0.000000 0.000000 0.000000 0.000000 0.000000 0.000000 0.000000 0.000000 0.000000 0.000000 0.000000 0.000000 0.000000