geotop/1.0zi/1.0Montebello/Templates/testdem/maps/_Eocsilt7612.asc
ncols         21
nrows         20
xllcorner     100.000000
yllcorner     100.000000
cellsize      50.000000
NODATA_value  -9999.0
0.000000 0.000000 0.000000 0.000000 0.000000 0.000000 0.000000 0.000000 0.000000 0.000000 0.000000 0.000000 0.000000 0.000000 0.000000 0.000000 0.000000 0.000000 0.000000 0.000000 0.000000
0.000000 0.000000 0.350155 0.350155 0.350155 0.350156 0.350155 0.350156 0.350156 0.350155 0.350156 0.350155 0.350155 0.350155 0.350155 0.350155 0.350156 0.350156 0.350155 0.000000 0.000000
0.000000 0.000000 0.350005 0.350004 0.350004 0.350004 0.350004 0.350004 0.350004 0.350005 0.350005 0.350005 0.350005 0.350005 0.350004 0.350004 0.350002 0.350003 0.350004 0.000000 0.000000
0.000000 0.000000 0.350103 0.350099 0.350097 0.350091 0.350093 0.350087 0.350090 0.350090 0.350087 0.350089 0.350089 0.350089 0.350092 0.350095 0.350098 0.350098 0.350099 0.000000 0.000000
0.000000 0.000000 0.350965 0.350971 0.350966 0.350956 0.350950 0.350943 0.350940 0.350939 0.350938 0.350939 0.350939 0.350941 0.350955 0.350959 0.350962 0.350972 0.350974 0.000000 0.000000
0.000000 0.000000 0.353384 0.353385 0.353375 0.353360 0.353342 0.353320 0.353320 0.353314 0.353318 0.353319 0.353319 0.353318 0.353330 0.353342 0.353354 0.353362 0.353367 0.000000 0.000000
0.000000 0.000000 0.356875 0.356871 0.356861 0.356836 0.356806 0.356773 0.356774 0.356771 0.356771 0.356770 0.356767 0.356772 0.356800 0.356825 0.356842 0.356857 0.356864 0.000000 0.000000
0.000000 0.000000 0.361026 0.361025 0.361019 0.360993 0.360964 0.360929 0.360928 0.360925 0.360923 0.360921 0.360919 0.360925 0.360956 0.360982 0.361007 0.361014 0.361025 0.000000 0.000000
0.000000 0.000000 0.365463 0.365455 0.365441 0.365424 0.365393 0.365353 0.365354 0.365346 0.365343 0.365342 0.365343 0.365342 0.365382 0.365414 0.365433 0.365444 0.365454 0.000000 0.000000
0.000000 0.000000 0.370084 0.370076 0.370068 0.370052 0.370010 0.369973 0.369974 0.369970 0.369963 0.369967 0.369971 0.369969 0.370003 0.370039 0.370061 0.370069 0.370076 0.000000 0.000000
0.000000 0.000000 0.375016 0.375011 0.375004 0.374968 0.374938 0.374897 0.374906 0.374884 0.374886 0.374886 0.374877 0.374892 0.374922 0.374944 0.374972 0.374988 0.375006 0.000000 0.000000
0.000000 0.000000 0.380420 0.380406 0.380390 0.380367 0.380334 0.380283 0.380280 0.380273 0.380285 0.380268 0.380272 0.380276 0.380329 0.380355 0.380375 0.380386 0.380432 0.000000 0.000000
0.000000 0.000000 0.386180 0.386166 0.386160 0.386128 0.386100 0.385973 0.385972 0.385964 0.385932 0.385948 0.385955 0.385967 0.386064 0.386090 0.386139 0.386145 0.386170 0.000000 0.000000
0.000000 0.000000 0.392796 0.392790 0.392766 0.392743 0.392594 0.392593 0.392562 0.392562 0.392566 0.392560 0.392556 0.392550 0.392546 0.392701 0.392732 0.392773 0.392806 0.000000 0.000000
0.000000 0.000000 0.400463 0.400451 0.400419 0.400238 0.400235 0.400145 0.400099 0.400090 0.400059 0.400036 0.400056 0.400051 0.400138 0.400153 0.400395 0.400365 0.400375 0.000000 0.000000
0.000000 0.000000 0.408855 0.408842 0.408585 0.408626 0.408610 0.408573 0.408659 0.408628 0.408671 0.408650 0.408611 0.408674 0.408693 0.408707 0.408562 0.408921 0.408917 0.000000 0.000000
0.000000 0.000000 0.419200 0.418798 0.418829 0.418692 0.418490 0.418429 0.418340 0.418359 0.418248 0.418255 0.418314 0.418261 0.418362 0.418510 0.418814 0.418673 0.419088 0.000000 0.000000
0.000000 0.000000 0.424169 0.424481 0.424850 0.424825 0.424806 0.424459 0.424496 0.424401 0.424538 0.424508 0.424496 0.424539 0.424839 0.424852 0.424917 0.424602 0.424301 0.000000 0.000000
0.000000 0.000000 0.350000 0.350000 0.350000 0.350000 0.350000 0.350000 0.350000 0.350000 0.350000 0.350000 0.350000 0.350000 0.350000 0.350000 0.350000 0.350000 0.350000 0.000000 0.000000
0.000000 0.000000 0.000000 0.000000 0.000000 0.000000 0.000000 0.000000 0.000000 0.000000 0.000000 0.000000 0.000000 0.000000 0.000000 0.000000 0.000000 0.000000 0.000000 0.000000 0.000000