geotop/1.0zi/1.0Montebello/Templates/testdem/maps/_Eocsilt7274.asc
ncols         21
nrows         20
xllcorner     100.000000
yllcorner     100.000000
cellsize      50.000000
NODATA_value  -9999.0
0.000000 0.000000 0.000000 0.000000 0.000000 0.000000 0.000000 0.000000 0.000000 0.000000 0.000000 0.000000 0.000000 0.000000 0.000000 0.000000 0.000000 0.000000 0.000000 0.000000 0.000000
0.000000 0.000000 0.350149 0.350150 0.350150 0.350150 0.350150 0.350150 0.350150 0.350150 0.350150 0.350150 0.350150 0.350150 0.350150 0.350150 0.350150 0.350150 0.350150 0.000000 0.000000
0.000000 0.000000 0.350004 0.350003 0.350003 0.350003 0.350004 0.350003 0.350004 0.350004 0.350004 0.350004 0.350004 0.350004 0.350004 0.350003 0.350002 0.350002 0.350003 0.000000 0.000000
0.000000 0.000000 0.350062 0.350059 0.350058 0.350052 0.350053 0.350050 0.350053 0.350053 0.350050 0.350052 0.350052 0.350052 0.350053 0.350056 0.350060 0.350061 0.350061 0.000000 0.000000
0.000000 0.000000 0.350811 0.350817 0.350812 0.350804 0.350799 0.350792 0.350790 0.350788 0.350789 0.350789 0.350790 0.350792 0.350802 0.350806 0.350806 0.350814 0.350819 0.000000 0.000000
0.000000 0.000000 0.353028 0.353030 0.353020 0.353006 0.352989 0.352969 0.352969 0.352963 0.352967 0.352967 0.352968 0.352968 0.352978 0.352988 0.352999 0.353006 0.353012 0.000000 0.000000
0.000000 0.000000 0.356263 0.356260 0.356250 0.356227 0.356198 0.356168 0.356169 0.356165 0.356167 0.356165 0.356162 0.356167 0.356192 0.356216 0.356231 0.356245 0.356253 0.000000 0.000000
0.000000 0.000000 0.360128 0.360127 0.360121 0.360098 0.360070 0.360037 0.360037 0.360033 0.360032 0.360030 0.360028 0.360034 0.360062 0.360087 0.360110 0.360115 0.360128 0.000000 0.000000
0.000000 0.000000 0.364237 0.364229 0.364216 0.364201 0.364172 0.364134 0.364137 0.364128 0.364126 0.364124 0.364125 0.364124 0.364161 0.364191 0.364209 0.364218 0.364229 0.000000 0.000000
0.000000 0.000000 0.368483 0.368475 0.368468 0.368454 0.368414 0.368380 0.368382 0.368377 0.368372 0.368374 0.368379 0.368377 0.368407 0.368441 0.368461 0.368467 0.368475 0.000000 0.000000
0.000000 0.000000 0.372973 0.372968 0.372961 0.372929 0.372902 0.372863 0.372873 0.372852 0.372854 0.372853 0.372846 0.372859 0.372885 0.372907 0.372931 0.372945 0.372963 0.000000 0.000000
0.000000 0.000000 0.377841 0.377828 0.377814 0.377793 0.377763 0.377716 0.377715 0.377707 0.377718 0.377703 0.377706 0.377711 0.377757 0.377781 0.377798 0.377808 0.377852 0.000000 0.000000
0.000000 0.000000 0.382990 0.382977 0.382970 0.382943 0.382917 0.382806 0.382805 0.382797 0.382770 0.382782 0.382789 0.382800 0.382884 0.382909 0.382950 0.382955 0.382982 0.000000 0.000000
0.000000 0.000000 0.388823 0.388817 0.388796 0.388776 0.388650 0.388641 0.388615 0.388614 0.388616 0.388611 0.388608 0.388605 0.388605 0.388736 0.388764 0.388799 0.388831 0.000000 0.000000
0.000000 0.000000 0.395512 0.395502 0.395473 0.395325 0.395311 0.395237 0.395197 0.395189 0.395164 0.395144 0.395160 0.395155 0.395224 0.395250 0.395449 0.395427 0.395440 0.000000 0.000000
0.000000 0.000000 0.402801 0.402789 0.402580 0.402599 0.402587 0.402548 0.402614 0.402587 0.402620 0.402599 0.402569 0.402620 0.402641 0.402654 0.402558 0.402841 0.402842 0.000000 0.000000
0.000000 0.000000 0.411681 0.411361 0.411356 0.411254 0.411093 0.411041 0.410982 0.410993 0.410910 0.410911 0.410954 0.410920 0.410998 0.411118 0.411340 0.411268 0.411598 0.000000 0.000000
0.000000 0.000000 0.416569 0.416769 0.417066 0.417033 0.416994 0.416710 0.416730 0.416657 0.416753 0.416728 0.416726 0.416754 0.417003 0.417031 0.417117 0.416848 0.416660 0.000000 0.000000
0.000000 0.000000 0.350000 0.350000 0.350000 0.350000 0.350000 0.350000 0.350000 0.350000 0.350000 0.350000 0.350000 0.350000 0.350000 0.350000 0.350000 0.350000 0.350000 0.000000 0.000000
0.000000 0.000000 0.000000 0.000000 0.000000 0.000000 0.000000 0.000000 0.000000 0.000000 0.000000 0.000000 0.000000 0.000000 0.000000 0.000000 0.000000 0.000000 0.000000 0.000000 0.000000