geotop/1.0zi/1.0Montebello/Templates/testdem/maps/_Eocsand1587.asc
ncols         21
nrows         20
xllcorner     100.000000
yllcorner     100.000000
cellsize      50.000000
NODATA_value  -9999.0
0.000000 0.000000 0.000000 0.000000 0.000000 0.000000 0.000000 0.000000 0.000000 0.000000 0.000000 0.000000 0.000000 0.000000 0.000000 0.000000 0.000000 0.000000 0.000000 0.000000 0.000000
0.000000 0.000000 0.300050 0.300050 0.300050 0.300050 0.300050 0.300050 0.300050 0.300050 0.300050 0.300050 0.300050 0.300050 0.300050 0.300050 0.300050 0.300050 0.300050 0.000000 0.000000
0.000000 0.000000 0.300008 0.300009 0.300009 0.300008 0.300008 0.300008 0.300008 0.300008 0.300008 0.300008 0.300008 0.300008 0.300008 0.300008 0.300009 0.300009 0.300008 0.000000 0.000000
0.000000 0.000000 0.298742 0.298743 0.298748 0.298745 0.298742 0.298742 0.298742 0.298742 0.298742 0.298742 0.298742 0.298742 0.298742 0.298745 0.298748 0.298743 0.298742 0.000000 0.000000
0.000000 0.000000 0.294106 0.294108 0.294111 0.294111 0.294104 0.294106 0.294106 0.294104 0.294104 0.294104 0.294106 0.294106 0.294104 0.294111 0.294111 0.294108 0.294106 0.000000 0.000000
0.000000 0.000000 0.288657 0.288658 0.288661 0.288661 0.288655 0.288657 0.288657 0.288655 0.288656 0.288655 0.288657 0.288657 0.288655 0.288661 0.288661 0.288658 0.288657 0.000000 0.000000
0.000000 0.000000 0.283577 0.283578 0.283581 0.283580 0.283575 0.283577 0.283577 0.283576 0.283576 0.283576 0.283577 0.283577 0.283575 0.283580 0.283581 0.283578 0.283577 0.000000 0.000000
0.000000 0.000000 0.278911 0.278912 0.278915 0.278914 0.278910 0.278911 0.278911 0.278910 0.278910 0.278910 0.278911 0.278911 0.278910 0.278914 0.278915 0.278912 0.278911 0.000000 0.000000
0.000000 0.000000 0.274544 0.274544 0.274547 0.274546 0.274543 0.274544 0.274544 0.274543 0.274543 0.274543 0.274544 0.274544 0.274543 0.274546 0.274547 0.274544 0.274544 0.000000 0.000000
0.000000 0.000000 0.270365 0.270366 0.270368 0.270367 0.270364 0.270365 0.270365 0.270364 0.270365 0.270364 0.270365 0.270365 0.270364 0.270367 0.270368 0.270366 0.270365 0.000000 0.000000
0.000000 0.000000 0.266332 0.266333 0.266335 0.266334 0.266331 0.266332 0.266332 0.266331 0.266331 0.266331 0.266332 0.266332 0.266331 0.266334 0.266335 0.266333 0.266332 0.000000 0.000000
0.000000 0.000000 0.262404 0.262405 0.262407 0.262406 0.262403 0.262404 0.262404 0.262404 0.262404 0.262404 0.262404 0.262404 0.262403 0.262406 0.262407 0.262405 0.262404 0.000000 0.000000
0.000000 0.000000 0.258552 0.258553 0.258555 0.258554 0.258551 0.258552 0.258552 0.258551 0.258551 0.258551 0.258552 0.258552 0.258551 0.258554 0.258555 0.258553 0.258552 0.000000 0.000000
0.000000 0.000000 0.254776 0.254777 0.254779 0.254778 0.254775 0.254776 0.254776 0.254775 0.254775 0.254775 0.254776 0.254776 0.254775 0.254778 0.254779 0.254777 0.254776 0.000000 0.000000
0.000000 0.000000 0.251059 0.251060 0.251062 0.251061 0.251059 0.251059 0.251059 0.251059 0.251059 0.251059 0.251059 0.251059 0.251059 0.251061 0.251062 0.251060 0.251059 0.000000 0.000000
0.000000 0.000000 0.247387 0.247387 0.247390 0.247389 0.247386 0.247387 0.247387 0.247386 0.247386 0.247386 0.247387 0.247387 0.247386 0.247389 0.247390 0.247387 0.247387 0.000000 0.000000
0.000000 0.000000 0.243758 0.243759 0.243761 0.243760 0.243757 0.243758 0.243758 0.243757 0.243758 0.243757 0.243758 0.243758 0.243757 0.243760 0.243761 0.243759 0.243758 0.000000 0.000000
0.000000 0.000000 0.240095 0.240094 0.240097 0.240096 0.240093 0.240094 0.240094 0.240093 0.240093 0.240093 0.240094 0.240094 0.240093 0.240096 0.240097 0.240094 0.240094 0.000000 0.000000
0.000000 0.000000 0.300000 0.300000 0.300000 0.300000 0.300000 0.300000 0.300000 0.300000 0.300000 0.300000 0.300000 0.300000 0.300000 0.300000 0.300000 0.300000 0.300000 0.000000 0.000000
0.000000 0.000000 0.000000 0.000000 0.000000 0.000000 0.000000 0.000000 0.000000 0.000000 0.000000 0.000000 0.000000 0.000000 0.000000 0.000000 0.000000 0.000000 0.000000 0.000000 0.000000