geotop/1.0zi/1.0Montebello/Templates/testdem/maps/_Eocsilt7619.asc
ncols         21
nrows         20
xllcorner     100.000000
yllcorner     100.000000
cellsize      50.000000
NODATA_value  -9999.0
0.000000 0.000000 0.000000 0.000000 0.000000 0.000000 0.000000 0.000000 0.000000 0.000000 0.000000 0.000000 0.000000 0.000000 0.000000 0.000000 0.000000 0.000000 0.000000 0.000000 0.000000
0.000000 0.000000 0.350157 0.350157 0.350158 0.350158 0.350157 0.350158 0.350158 0.350158 0.350158 0.350157 0.350157 0.350157 0.350157 0.350157 0.350158 0.350158 0.350157 0.000000 0.000000
0.000000 0.000000 0.350005 0.350004 0.350004 0.350004 0.350005 0.350004 0.350005 0.350005 0.350005 0.350005 0.350005 0.350005 0.350005 0.350004 0.350003 0.350003 0.350004 0.000000 0.000000
0.000000 0.000000 0.350103 0.350099 0.350097 0.350091 0.350093 0.350087 0.350090 0.350090 0.350087 0.350089 0.350089 0.350089 0.350092 0.350095 0.350098 0.350098 0.350099 0.000000 0.000000
0.000000 0.000000 0.350967 0.350973 0.350969 0.350959 0.350953 0.350946 0.350942 0.350940 0.350940 0.350941 0.350942 0.350944 0.350957 0.350961 0.350964 0.350974 0.350976 0.000000 0.000000
0.000000 0.000000 0.353404 0.353405 0.353395 0.353380 0.353362 0.353341 0.353340 0.353334 0.353338 0.353338 0.353340 0.353339 0.353350 0.353362 0.353374 0.353382 0.353387 0.000000 0.000000
0.000000 0.000000 0.356912 0.356909 0.356898 0.356873 0.356843 0.356811 0.356812 0.356808 0.356809 0.356807 0.356804 0.356810 0.356837 0.356863 0.356880 0.356894 0.356901 0.000000 0.000000
0.000000 0.000000 0.361082 0.361080 0.361075 0.361049 0.361020 0.360984 0.360984 0.360980 0.360979 0.360976 0.360974 0.360980 0.361012 0.361038 0.361063 0.361069 0.361081 0.000000 0.000000
0.000000 0.000000 0.365537 0.365529 0.365515 0.365498 0.365468 0.365427 0.365429 0.365420 0.365417 0.365416 0.365417 0.365416 0.365456 0.365488 0.365508 0.365519 0.365528 0.000000 0.000000
0.000000 0.000000 0.370178 0.370170 0.370163 0.370147 0.370104 0.370068 0.370068 0.370064 0.370058 0.370061 0.370066 0.370064 0.370097 0.370133 0.370156 0.370163 0.370170 0.000000 0.000000
0.000000 0.000000 0.375133 0.375127 0.375120 0.375084 0.375054 0.375013 0.375022 0.375000 0.375002 0.375002 0.374993 0.375008 0.375038 0.375061 0.375089 0.375104 0.375123 0.000000 0.000000
0.000000 0.000000 0.380562 0.380548 0.380532 0.380508 0.380476 0.380424 0.380422 0.380415 0.380426 0.380409 0.380413 0.380418 0.380471 0.380497 0.380517 0.380528 0.380574 0.000000 0.000000
0.000000 0.000000 0.386350 0.386336 0.386330 0.386298 0.386269 0.386142 0.386141 0.386133 0.386100 0.386116 0.386124 0.386136 0.386233 0.386260 0.386309 0.386315 0.386340 0.000000 0.000000
0.000000 0.000000 0.393001 0.392995 0.392971 0.392948 0.392798 0.392797 0.392766 0.392766 0.392770 0.392764 0.392760 0.392754 0.392750 0.392906 0.392936 0.392978 0.393011 0.000000 0.000000
0.000000 0.000000 0.400710 0.400697 0.400665 0.400482 0.400480 0.400389 0.400343 0.400334 0.400303 0.400280 0.400299 0.400294 0.400382 0.400397 0.400641 0.400611 0.400620 0.000000 0.000000
0.000000 0.000000 0.409140 0.409127 0.408867 0.408910 0.408894 0.408857 0.408945 0.408913 0.408957 0.408936 0.408896 0.408960 0.408979 0.408993 0.408844 0.409207 0.409203 0.000000 0.000000
0.000000 0.000000 0.419537 0.419130 0.419163 0.419025 0.418821 0.418759 0.418668 0.418688 0.418576 0.418583 0.418642 0.418588 0.418690 0.418841 0.419148 0.419003 0.419423 0.000000 0.000000
0.000000 0.000000 0.424483 0.424801 0.425173 0.425150 0.425132 0.424782 0.424819 0.424724 0.424863 0.424832 0.424819 0.424863 0.425166 0.425177 0.425241 0.424924 0.424617 0.000000 0.000000
0.000000 0.000000 0.350000 0.350000 0.350000 0.350000 0.350000 0.350000 0.350000 0.350000 0.350000 0.350000 0.350000 0.350000 0.350000 0.350000 0.350000 0.350000 0.350000 0.000000 0.000000
0.000000 0.000000 0.000000 0.000000 0.000000 0.000000 0.000000 0.000000 0.000000 0.000000 0.000000 0.000000 0.000000 0.000000 0.000000 0.000000 0.000000 0.000000 0.000000 0.000000 0.000000