geotop/1.0zi/1.0Montebello/Templates/testdem/maps/_Eocsilt0458.asc
ncols         21
nrows         20
xllcorner     100.000000
yllcorner     100.000000
cellsize      50.000000
NODATA_value  -9999.0
0.000000 0.000000 0.000000 0.000000 0.000000 0.000000 0.000000 0.000000 0.000000 0.000000 0.000000 0.000000 0.000000 0.000000 0.000000 0.000000 0.000000 0.000000 0.000000 0.000000 0.000000
0.000000 0.000000 0.350008 0.350008 0.350008 0.350008 0.350008 0.350008 0.350008 0.350008 0.350008 0.350008 0.350008 0.350008 0.350008 0.350008 0.350008 0.350008 0.350008 0.000000 0.000000
0.000000 0.000000 0.349998 0.349998 0.349998 0.349998 0.349998 0.349998 0.349998 0.349998 0.349998 0.349998 0.349998 0.349998 0.349998 0.349998 0.349998 0.349998 0.349998 0.000000 0.000000
0.000000 0.000000 0.350273 0.350273 0.350270 0.350273 0.350273 0.350273 0.350273 0.350273 0.350273 0.350273 0.350273 0.350273 0.350273 0.350273 0.350270 0.350273 0.350273 0.000000 0.000000
0.000000 0.000000 0.351069 0.351069 0.351067 0.351069 0.351069 0.351069 0.351069 0.351069 0.351069 0.351069 0.351069 0.351069 0.351069 0.351069 0.351067 0.351069 0.351069 0.000000 0.000000
0.000000 0.000000 0.351893 0.351893 0.351891 0.351893 0.351893 0.351893 0.351893 0.351893 0.351893 0.351893 0.351893 0.351893 0.351893 0.351893 0.351891 0.351893 0.351893 0.000000 0.000000
0.000000 0.000000 0.352635 0.352635 0.352633 0.352635 0.352635 0.352635 0.352635 0.352635 0.352635 0.352635 0.352635 0.352635 0.352635 0.352635 0.352633 0.352635 0.352635 0.000000 0.000000
0.000000 0.000000 0.353320 0.353320 0.353319 0.353320 0.353321 0.353321 0.353321 0.353321 0.353321 0.353321 0.353321 0.353321 0.353321 0.353320 0.353319 0.353320 0.353320 0.000000 0.000000
0.000000 0.000000 0.353967 0.353967 0.353966 0.353967 0.353968 0.353968 0.353968 0.353968 0.353968 0.353968 0.353968 0.353968 0.353968 0.353967 0.353966 0.353967 0.353967 0.000000 0.000000
0.000000 0.000000 0.354591 0.354591 0.354590 0.354591 0.354591 0.354592 0.354592 0.354591 0.354591 0.354591 0.354592 0.354592 0.354591 0.354591 0.354590 0.354591 0.354591 0.000000 0.000000
0.000000 0.000000 0.355198 0.355198 0.355197 0.355198 0.355198 0.355198 0.355198 0.355198 0.355198 0.355198 0.355198 0.355198 0.355198 0.355198 0.355197 0.355198 0.355198 0.000000 0.000000
0.000000 0.000000 0.355792 0.355792 0.355791 0.355792 0.355792 0.355792 0.355792 0.355792 0.355792 0.355792 0.355792 0.355792 0.355792 0.355792 0.355791 0.355792 0.355792 0.000000 0.000000
0.000000 0.000000 0.356375 0.356375 0.356374 0.356375 0.356375 0.356375 0.356375 0.356375 0.356375 0.356375 0.356375 0.356375 0.356375 0.356375 0.356374 0.356375 0.356375 0.000000 0.000000
0.000000 0.000000 0.356949 0.356949 0.356948 0.356949 0.356949 0.356949 0.356949 0.356949 0.356949 0.356949 0.356949 0.356949 0.356949 0.356949 0.356948 0.356949 0.356949 0.000000 0.000000
0.000000 0.000000 0.357516 0.357516 0.357515 0.357516 0.357516 0.357516 0.357516 0.357516 0.357516 0.357516 0.357516 0.357516 0.357516 0.357516 0.357515 0.357516 0.357516 0.000000 0.000000
0.000000 0.000000 0.358081 0.358081 0.358080 0.358081 0.358081 0.358081 0.358081 0.358081 0.358081 0.358081 0.358081 0.358081 0.358081 0.358081 0.358080 0.358081 0.358081 0.000000 0.000000
0.000000 0.000000 0.358641 0.358641 0.358639 0.358641 0.358641 0.358641 0.358641 0.358641 0.358641 0.358641 0.358641 0.358641 0.358641 0.358641 0.358639 0.358641 0.358641 0.000000 0.000000
0.000000 0.000000 0.359214 0.359214 0.359213 0.359214 0.359214 0.359214 0.359214 0.359214 0.359214 0.359214 0.359214 0.359214 0.359214 0.359214 0.359213 0.359214 0.359214 0.000000 0.000000
0.000000 0.000000 0.350000 0.350000 0.350000 0.350000 0.350000 0.350000 0.350000 0.350000 0.350000 0.350000 0.350000 0.350000 0.350000 0.350000 0.350000 0.350000 0.350000 0.000000 0.000000
0.000000 0.000000 0.000000 0.000000 0.000000 0.000000 0.000000 0.000000 0.000000 0.000000 0.000000 0.000000 0.000000 0.000000 0.000000 0.000000 0.000000 0.000000 0.000000 0.000000 0.000000