geotop/1.0zi/1.0Montebello/Templates/testdem/maps/_Eocsilt3221.asc
ncols         21
nrows         20
xllcorner     100.000000
yllcorner     100.000000
cellsize      50.000000
NODATA_value  -9999.0
0.000000 0.000000 0.000000 0.000000 0.000000 0.000000 0.000000 0.000000 0.000000 0.000000 0.000000 0.000000 0.000000 0.000000 0.000000 0.000000 0.000000 0.000000 0.000000 0.000000 0.000000
0.000000 0.000000 0.350088 0.350088 0.350088 0.350088 0.350088 0.350088 0.350088 0.350088 0.350088 0.350088 0.350088 0.350088 0.350088 0.350088 0.350088 0.350088 0.350088 0.000000 0.000000
0.000000 0.000000 0.349994 0.349994 0.349994 0.349994 0.349994 0.349994 0.349994 0.349994 0.349995 0.349994 0.349994 0.349994 0.349994 0.349994 0.349994 0.349994 0.349994 0.000000 0.000000
0.000000 0.000000 0.351307 0.351306 0.351304 0.351305 0.351307 0.351307 0.351307 0.351307 0.351308 0.351307 0.351307 0.351307 0.351307 0.351305 0.351304 0.351306 0.351307 0.000000 0.000000
0.000000 0.000000 0.355922 0.355922 0.355920 0.355920 0.355922 0.355921 0.355922 0.355923 0.355923 0.355923 0.355922 0.355921 0.355922 0.355920 0.355920 0.355922 0.355922 0.000000 0.000000
0.000000 0.000000 0.361541 0.361540 0.361538 0.361538 0.361541 0.361540 0.361540 0.361541 0.361542 0.361541 0.361540 0.361540 0.361541 0.361538 0.361538 0.361540 0.361541 0.000000 0.000000
0.000000 0.000000 0.366627 0.366626 0.366625 0.366625 0.366627 0.366626 0.366626 0.366627 0.366628 0.366627 0.366626 0.366626 0.366627 0.366625 0.366625 0.366626 0.366627 0.000000 0.000000
0.000000 0.000000 0.371225 0.371225 0.371224 0.371224 0.371225 0.371225 0.371225 0.371226 0.371226 0.371226 0.371225 0.371225 0.371225 0.371224 0.371224 0.371225 0.371225 0.000000 0.000000
0.000000 0.000000 0.375472 0.375471 0.375470 0.375470 0.375472 0.375471 0.375471 0.375472 0.375472 0.375472 0.375471 0.375471 0.375472 0.375470 0.375470 0.375471 0.375472 0.000000 0.000000
0.000000 0.000000 0.379468 0.379468 0.379466 0.379467 0.379468 0.379468 0.379468 0.379468 0.379469 0.379468 0.379468 0.379468 0.379468 0.379467 0.379466 0.379468 0.379468 0.000000 0.000000
0.000000 0.000000 0.383264 0.383264 0.383263 0.383263 0.383264 0.383264 0.383264 0.383264 0.383265 0.383264 0.383264 0.383264 0.383264 0.383263 0.383263 0.383264 0.383264 0.000000 0.000000
0.000000 0.000000 0.386896 0.386896 0.386895 0.386895 0.386896 0.386896 0.386896 0.386897 0.386897 0.386897 0.386896 0.386896 0.386896 0.386895 0.386895 0.386896 0.386896 0.000000 0.000000
0.000000 0.000000 0.390391 0.390391 0.390390 0.390390 0.390391 0.390391 0.390391 0.390391 0.390392 0.390391 0.390391 0.390391 0.390391 0.390390 0.390390 0.390391 0.390391 0.000000 0.000000
0.000000 0.000000 0.393778 0.393778 0.393776 0.393777 0.393778 0.393777 0.393778 0.393778 0.393778 0.393778 0.393778 0.393777 0.393778 0.393777 0.393776 0.393778 0.393778 0.000000 0.000000
0.000000 0.000000 0.397064 0.397064 0.397063 0.397063 0.397064 0.397064 0.397064 0.397064 0.397065 0.397064 0.397064 0.397064 0.397064 0.397063 0.397063 0.397064 0.397064 0.000000 0.000000
0.000000 0.000000 0.400256 0.400256 0.400255 0.400255 0.400256 0.400256 0.400256 0.400256 0.400257 0.400256 0.400256 0.400256 0.400256 0.400255 0.400255 0.400256 0.400256 0.000000 0.000000
0.000000 0.000000 0.403364 0.403364 0.403363 0.403363 0.403364 0.403364 0.403364 0.403364 0.403365 0.403364 0.403364 0.403364 0.403364 0.403363 0.403363 0.403364 0.403364 0.000000 0.000000
0.000000 0.000000 0.406449 0.406449 0.406448 0.406448 0.406449 0.406449 0.406449 0.406449 0.406450 0.406449 0.406449 0.406449 0.406449 0.406448 0.406448 0.406449 0.406449 0.000000 0.000000
0.000000 0.000000 0.350000 0.350000 0.350000 0.350000 0.350000 0.350000 0.350000 0.350000 0.350000 0.350000 0.350000 0.350000 0.350000 0.350000 0.350000 0.350000 0.350000 0.000000 0.000000
0.000000 0.000000 0.000000 0.000000 0.000000 0.000000 0.000000 0.000000 0.000000 0.000000 0.000000 0.000000 0.000000 0.000000 0.000000 0.000000 0.000000 0.000000 0.000000 0.000000 0.000000