geotop/1.0zi/1.0Montebello/Templates/testdem/maps/_Eocsand8755.asc
ncols         21
nrows         20
xllcorner     100.000000
yllcorner     100.000000
cellsize      50.000000
NODATA_value  -9999.0
0.000000 0.000000 0.000000 0.000000 0.000000 0.000000 0.000000 0.000000 0.000000 0.000000 0.000000 0.000000 0.000000 0.000000 0.000000 0.000000 0.000000 0.000000 0.000000 0.000000 0.000000
0.000000 0.000000 0.300222 0.300219 0.300219 0.300220 0.300219 0.300218 0.300219 0.300219 0.300220 0.300219 0.300219 0.300219 0.300219 0.300219 0.300220 0.300220 0.300220 0.000000 0.000000
0.000000 0.000000 0.300012 0.300014 0.300013 0.300012 0.300013 0.300013 0.300013 0.300013 0.300013 0.300013 0.300012 0.300013 0.300012 0.300013 0.300013 0.300014 0.300015 0.000000 0.000000
0.000000 0.000000 0.299856 0.299856 0.299862 0.299871 0.299870 0.299873 0.299868 0.299870 0.299870 0.299870 0.299869 0.299872 0.299866 0.299860 0.299857 0.299856 0.299855 0.000000 0.000000
0.000000 0.000000 0.297607 0.297610 0.297623 0.297649 0.297676 0.297680 0.297687 0.297688 0.297689 0.297686 0.297683 0.297683 0.297659 0.297649 0.297634 0.297627 0.297614 0.000000 0.000000
0.000000 0.000000 0.291264 0.291272 0.291300 0.291349 0.291399 0.291443 0.291444 0.291457 0.291447 0.291447 0.291438 0.291443 0.291412 0.291373 0.291349 0.291330 0.291317 0.000000 0.000000
0.000000 0.000000 0.282480 0.282497 0.282518 0.282576 0.282647 0.282735 0.282735 0.282744 0.282743 0.282742 0.282744 0.282740 0.282663 0.282604 0.282570 0.282541 0.282526 0.000000 0.000000
0.000000 0.000000 0.272094 0.272109 0.272126 0.272193 0.272263 0.272348 0.272349 0.272360 0.272360 0.272365 0.272369 0.272353 0.272277 0.272218 0.272163 0.272148 0.272120 0.000000 0.000000
0.000000 0.000000 0.260882 0.260907 0.260940 0.260985 0.261064 0.261157 0.261151 0.261171 0.261176 0.261179 0.261175 0.261179 0.261084 0.261009 0.260965 0.260944 0.260919 0.000000 0.000000
0.000000 0.000000 0.248837 0.248864 0.248885 0.248931 0.249043 0.249125 0.249125 0.249135 0.249149 0.249138 0.249125 0.249131 0.249051 0.248962 0.248909 0.248892 0.248874 0.000000 0.000000
0.000000 0.000000 0.235534 0.235551 0.235573 0.235681 0.235754 0.235860 0.235831 0.235894 0.235879 0.235885 0.235906 0.235869 0.235789 0.235737 0.235664 0.235630 0.235577 0.000000 0.000000
0.000000 0.000000 0.220501 0.220551 0.220600 0.220659 0.220758 0.220881 0.220896 0.220903 0.220873 0.220922 0.220899 0.220900 0.220757 0.220680 0.220636 0.220610 0.220487 0.000000 0.000000
0.000000 0.000000 0.203970 0.204019 0.204026 0.204139 0.204215 0.204587 0.204594 0.204609 0.204720 0.204652 0.204636 0.204602 0.204311 0.204242 0.204094 0.204089 0.204032 0.000000 0.000000
0.000000 0.000000 0.184088 0.184102 0.184191 0.184262 0.184775 0.184669 0.184772 0.184768 0.184717 0.184763 0.184771 0.184813 0.184901 0.184359 0.184302 0.184165 0.184072 0.000000 0.000000
0.000000 0.000000 0.160448 0.160506 0.160609 0.161283 0.161143 0.161480 0.161615 0.161647 0.161768 0.161836 0.161758 0.161769 0.161432 0.161544 0.160660 0.160826 0.160825 0.000000 0.000000
0.000000 0.000000 0.135141 0.135185 0.136129 0.135771 0.135879 0.135896 0.135512 0.135619 0.135406 0.135457 0.135622 0.135391 0.135433 0.135344 0.136206 0.134797 0.134815 0.000000 0.000000
0.000000 0.000000 0.105586 0.106912 0.106491 0.107062 0.107724 0.107915 0.108342 0.108239 0.108666 0.108615 0.108361 0.108626 0.108272 0.107782 0.106530 0.107463 0.106086 0.000000 0.000000
0.000000 0.000000 0.097243 0.096084 0.095126 0.095124 0.095050 0.095990 0.095807 0.096090 0.095606 0.095700 0.095780 0.095617 0.094837 0.094891 0.094942 0.095659 0.096799 0.000000 0.000000
0.000000 0.000000 0.300000 0.300000 0.300000 0.300000 0.300000 0.300000 0.300000 0.300000 0.300000 0.300000 0.300000 0.300000 0.300000 0.300000 0.300000 0.300000 0.300000 0.000000 0.000000
0.000000 0.000000 0.000000 0.000000 0.000000 0.000000 0.000000 0.000000 0.000000 0.000000 0.000000 0.000000 0.000000 0.000000 0.000000 0.000000 0.000000 0.000000 0.000000 0.000000 0.000000