geotop/1.0zi/1.0Montebello/Templates/testdem/maps/_Eocsand4862.asc
ncols         21
nrows         20
xllcorner     100.000000
yllcorner     100.000000
cellsize      50.000000
NODATA_value  -9999.0
0.000000 0.000000 0.000000 0.000000 0.000000 0.000000 0.000000 0.000000 0.000000 0.000000 0.000000 0.000000 0.000000 0.000000 0.000000 0.000000 0.000000 0.000000 0.000000 0.000000 0.000000
0.000000 0.000000 0.300120 0.300119 0.300119 0.300119 0.300119 0.300119 0.300119 0.300119 0.300119 0.300119 0.300119 0.300119 0.300119 0.300119 0.300119 0.300119 0.300120 0.000000 0.000000
0.000000 0.000000 0.300006 0.300005 0.300005 0.300005 0.300005 0.300005 0.300005 0.300005 0.300005 0.300005 0.300005 0.300004 0.300005 0.300005 0.300007 0.300007 0.300006 0.000000 0.000000
0.000000 0.000000 0.299977 0.299975 0.299978 0.299982 0.299979 0.299981 0.299979 0.299979 0.299979 0.299980 0.299980 0.299982 0.299978 0.299974 0.299976 0.299973 0.299975 0.000000 0.000000
0.000000 0.000000 0.299210 0.299207 0.299209 0.299219 0.299229 0.299235 0.299236 0.299238 0.299241 0.299237 0.299240 0.299238 0.299229 0.299229 0.299224 0.299215 0.299208 0.000000 0.000000
0.000000 0.000000 0.296634 0.296628 0.296638 0.296665 0.296676 0.296705 0.296708 0.296717 0.296709 0.296708 0.296700 0.296700 0.296693 0.296678 0.296667 0.296656 0.296647 0.000000 0.000000
0.000000 0.000000 0.292738 0.292742 0.292752 0.292781 0.292814 0.292854 0.292853 0.292859 0.292853 0.292856 0.292856 0.292850 0.292822 0.292789 0.292775 0.292760 0.292747 0.000000 0.000000
0.000000 0.000000 0.288150 0.288155 0.288158 0.288189 0.288225 0.288265 0.288262 0.288269 0.288268 0.288269 0.288271 0.288268 0.288230 0.288195 0.288177 0.288168 0.288155 0.000000 0.000000
0.000000 0.000000 0.283459 0.283467 0.283478 0.283502 0.283535 0.283581 0.283577 0.283585 0.283586 0.283584 0.283586 0.283583 0.283546 0.283507 0.283492 0.283482 0.283465 0.000000 0.000000
0.000000 0.000000 0.278765 0.278774 0.278781 0.278805 0.278845 0.278886 0.278880 0.278886 0.278886 0.278886 0.278890 0.278889 0.278849 0.278810 0.278795 0.278785 0.278772 0.000000 0.000000
0.000000 0.000000 0.273986 0.273996 0.274003 0.274022 0.274053 0.274102 0.274097 0.274107 0.274108 0.274106 0.274110 0.274108 0.274073 0.274043 0.274024 0.274013 0.273997 0.000000 0.000000
0.000000 0.000000 0.269024 0.269032 0.269044 0.269073 0.269105 0.269153 0.269154 0.269159 0.269159 0.269162 0.269163 0.269163 0.269117 0.269082 0.269064 0.269054 0.269005 0.000000 0.000000
0.000000 0.000000 0.263974 0.263984 0.263996 0.264018 0.264057 0.264159 0.264157 0.264165 0.264167 0.264166 0.264171 0.264167 0.264079 0.264037 0.264019 0.264008 0.263979 0.000000 0.000000
0.000000 0.000000 0.258593 0.258611 0.258620 0.258643 0.258751 0.258777 0.258792 0.258798 0.258798 0.258799 0.258804 0.258802 0.258773 0.258669 0.258649 0.258626 0.258609 0.000000 0.000000
0.000000 0.000000 0.252761 0.252774 0.252804 0.252899 0.252949 0.253014 0.253045 0.253054 0.253070 0.253072 0.253066 0.253074 0.253024 0.252955 0.252839 0.252842 0.252827 0.000000 0.000000
0.000000 0.000000 0.246705 0.246720 0.246837 0.246855 0.246888 0.246920 0.246921 0.246922 0.246916 0.246918 0.246933 0.246909 0.246893 0.246866 0.246870 0.246739 0.246710 0.000000 0.000000
0.000000 0.000000 0.239914 0.240073 0.240164 0.240210 0.240293 0.240336 0.240345 0.240351 0.240369 0.240369 0.240365 0.240377 0.240343 0.240251 0.240190 0.240134 0.239977 0.000000 0.000000
0.000000 0.000000 0.234701 0.234726 0.234619 0.234677 0.234745 0.234899 0.234913 0.234926 0.234919 0.234922 0.234930 0.234916 0.234774 0.234702 0.234618 0.234754 0.234703 0.000000 0.000000
0.000000 0.000000 0.300000 0.300000 0.300000 0.300000 0.300000 0.300000 0.300000 0.300000 0.300000 0.300000 0.300000 0.300000 0.300000 0.300000 0.300000 0.300000 0.300000 0.000000 0.000000
0.000000 0.000000 0.000000 0.000000 0.000000 0.000000 0.000000 0.000000 0.000000 0.000000 0.000000 0.000000 0.000000 0.000000 0.000000 0.000000 0.000000 0.000000 0.000000 0.000000 0.000000