geotop/1.0zi/1.0Montebello/Templates/testdem/maps/_Eocsand8776.asc
ncols         21
nrows         20
xllcorner     100.000000
yllcorner     100.000000
cellsize      50.000000
NODATA_value  -9999.0
0.000000 0.000000 0.000000 0.000000 0.000000 0.000000 0.000000 0.000000 0.000000 0.000000 0.000000 0.000000 0.000000 0.000000 0.000000 0.000000 0.000000 0.000000 0.000000 0.000000 0.000000
0.000000 0.000000 0.300222 0.300219 0.300219 0.300220 0.300219 0.300218 0.300219 0.300219 0.300220 0.300219 0.300219 0.300219 0.300219 0.300219 0.300220 0.300220 0.300220 0.000000 0.000000
0.000000 0.000000 0.300012 0.300013 0.300013 0.300012 0.300013 0.300013 0.300013 0.300013 0.300013 0.300013 0.300012 0.300013 0.300012 0.300013 0.300013 0.300014 0.300015 0.000000 0.000000
0.000000 0.000000 0.299857 0.299856 0.299862 0.299872 0.299870 0.299874 0.299868 0.299870 0.299870 0.299869 0.299868 0.299872 0.299866 0.299860 0.299857 0.299857 0.299856 0.000000 0.000000
0.000000 0.000000 0.297604 0.297607 0.297621 0.297647 0.297673 0.297677 0.297681 0.297683 0.297684 0.297681 0.297678 0.297678 0.297655 0.297645 0.297630 0.297625 0.297613 0.000000 0.000000
0.000000 0.000000 0.291248 0.291257 0.291286 0.291335 0.291385 0.291430 0.291427 0.291440 0.291431 0.291431 0.291421 0.291426 0.291397 0.291355 0.291331 0.291316 0.291304 0.000000 0.000000
0.000000 0.000000 0.282443 0.282461 0.282483 0.282543 0.282612 0.282704 0.282700 0.282708 0.282707 0.282706 0.282708 0.282704 0.282626 0.282568 0.282532 0.282509 0.282494 0.000000 0.000000
0.000000 0.000000 0.272029 0.272047 0.272064 0.272133 0.272203 0.272288 0.272284 0.272294 0.272295 0.272300 0.272304 0.272288 0.272215 0.272153 0.272095 0.272087 0.272060 0.000000 0.000000
0.000000 0.000000 0.260789 0.260816 0.260847 0.260895 0.260975 0.261071 0.261061 0.261081 0.261087 0.261090 0.261086 0.261091 0.260991 0.260917 0.260873 0.260859 0.260833 0.000000 0.000000
0.000000 0.000000 0.248696 0.248729 0.248747 0.248797 0.248909 0.248993 0.248990 0.249002 0.249015 0.249006 0.248993 0.248999 0.248918 0.248825 0.248774 0.248760 0.248746 0.000000 0.000000
0.000000 0.000000 0.235336 0.235358 0.235377 0.235489 0.235562 0.235671 0.235640 0.235706 0.235691 0.235699 0.235719 0.235683 0.235598 0.235542 0.235471 0.235445 0.235391 0.000000 0.000000
0.000000 0.000000 0.220222 0.220267 0.220323 0.220383 0.220482 0.220613 0.220614 0.220623 0.220594 0.220644 0.220622 0.220624 0.220478 0.220400 0.220362 0.220342 0.220221 0.000000 0.000000
0.000000 0.000000 0.203595 0.203647 0.203653 0.203769 0.203848 0.204229 0.204228 0.204248 0.204359 0.204292 0.204277 0.204243 0.203944 0.203871 0.203730 0.203726 0.203676 0.000000 0.000000
0.000000 0.000000 0.183575 0.183593 0.183683 0.183757 0.184276 0.184176 0.184275 0.184272 0.184221 0.184269 0.184278 0.184322 0.184406 0.183853 0.183801 0.183674 0.183582 0.000000 0.000000
0.000000 0.000000 0.159769 0.159834 0.159939 0.160618 0.160475 0.160823 0.160950 0.160985 0.161109 0.161178 0.161101 0.161113 0.160771 0.160880 0.159991 0.160176 0.160178 0.000000 0.000000
0.000000 0.000000 0.134314 0.134364 0.135316 0.134952 0.135065 0.135087 0.134688 0.134803 0.134593 0.134646 0.134813 0.134582 0.134619 0.134522 0.135401 0.133992 0.134013 0.000000 0.000000
0.000000 0.000000 0.104682 0.106014 0.105586 0.106161 0.106826 0.107022 0.107447 0.107345 0.107775 0.107725 0.107471 0.107737 0.107377 0.106888 0.105633 0.106587 0.105210 0.000000 0.000000
0.000000 0.000000 0.096354 0.095203 0.094242 0.094242 0.094170 0.095109 0.094921 0.095204 0.094723 0.094818 0.094899 0.094739 0.093964 0.094010 0.094073 0.094796 0.095934 0.000000 0.000000
0.000000 0.000000 0.300000 0.300000 0.300000 0.300000 0.300000 0.300000 0.300000 0.300000 0.300000 0.300000 0.300000 0.300000 0.300000 0.300000 0.300000 0.300000 0.300000 0.000000 0.000000
0.000000 0.000000 0.000000 0.000000 0.000000 0.000000 0.000000 0.000000 0.000000 0.000000 0.000000 0.000000 0.000000 0.000000 0.000000 0.000000 0.000000 0.000000 0.000000 0.000000 0.000000