geotop/1.0zi/1.0Montebello/Templates/testdem/maps/_Eocsilt1228.asc
ncols         21
nrows         20
xllcorner     100.000000
yllcorner     100.000000
cellsize      50.000000
NODATA_value  -9999.0
0.000000 0.000000 0.000000 0.000000 0.000000 0.000000 0.000000 0.000000 0.000000 0.000000 0.000000 0.000000 0.000000 0.000000 0.000000 0.000000 0.000000 0.000000 0.000000 0.000000 0.000000
0.000000 0.000000 0.350024 0.350024 0.350024 0.350024 0.350024 0.350024 0.350024 0.350024 0.350024 0.350024 0.350024 0.350024 0.350024 0.350024 0.350024 0.350024 0.350024 0.000000 0.000000
0.000000 0.000000 0.350000 0.350000 0.350000 0.350000 0.350000 0.350000 0.350000 0.350000 0.350000 0.350000 0.350000 0.350000 0.350000 0.350000 0.350000 0.350000 0.350000 0.000000 0.000000
0.000000 0.000000 0.350562 0.350561 0.350559 0.350560 0.350562 0.350562 0.350562 0.350562 0.350562 0.350562 0.350562 0.350562 0.350562 0.350560 0.350559 0.350561 0.350562 0.000000 0.000000
0.000000 0.000000 0.352316 0.352316 0.352314 0.352314 0.352316 0.352316 0.352316 0.352317 0.352317 0.352317 0.352316 0.352316 0.352316 0.352314 0.352314 0.352316 0.352316 0.000000 0.000000
0.000000 0.000000 0.354442 0.354441 0.354439 0.354439 0.354442 0.354441 0.354441 0.354442 0.354442 0.354442 0.354441 0.354441 0.354442 0.354439 0.354439 0.354441 0.354442 0.000000 0.000000
0.000000 0.000000 0.356394 0.356393 0.356392 0.356392 0.356394 0.356394 0.356394 0.356394 0.356394 0.356394 0.356394 0.356394 0.356394 0.356392 0.356392 0.356393 0.356394 0.000000 0.000000
0.000000 0.000000 0.358183 0.358183 0.358181 0.358182 0.358183 0.358183 0.358183 0.358183 0.358183 0.358183 0.358183 0.358183 0.358183 0.358182 0.358181 0.358183 0.358183 0.000000 0.000000
0.000000 0.000000 0.359859 0.359858 0.359857 0.359857 0.359859 0.359859 0.359859 0.359859 0.359859 0.359859 0.359859 0.359859 0.359859 0.359857 0.359857 0.359858 0.359859 0.000000 0.000000
0.000000 0.000000 0.361465 0.361465 0.361463 0.361464 0.361465 0.361465 0.361465 0.361465 0.361465 0.361465 0.361465 0.361465 0.361465 0.361464 0.361463 0.361465 0.361465 0.000000 0.000000
0.000000 0.000000 0.363018 0.363018 0.363016 0.363017 0.363018 0.363018 0.363018 0.363018 0.363018 0.363018 0.363018 0.363018 0.363018 0.363017 0.363016 0.363018 0.363018 0.000000 0.000000
0.000000 0.000000 0.364535 0.364535 0.364533 0.364534 0.364535 0.364535 0.364535 0.364535 0.364535 0.364535 0.364535 0.364535 0.364535 0.364534 0.364533 0.364535 0.364535 0.000000 0.000000
0.000000 0.000000 0.366026 0.366026 0.366025 0.366025 0.366026 0.366026 0.366026 0.366026 0.366026 0.366026 0.366026 0.366026 0.366026 0.366025 0.366025 0.366026 0.366026 0.000000 0.000000
0.000000 0.000000 0.367492 0.367491 0.367490 0.367490 0.367492 0.367491 0.367491 0.367492 0.367492 0.367492 0.367491 0.367491 0.367492 0.367490 0.367490 0.367491 0.367492 0.000000 0.000000
0.000000 0.000000 0.368938 0.368938 0.368936 0.368937 0.368938 0.368938 0.368938 0.368938 0.368938 0.368938 0.368938 0.368938 0.368938 0.368937 0.368936 0.368938 0.368938 0.000000 0.000000
0.000000 0.000000 0.370372 0.370371 0.370370 0.370370 0.370372 0.370371 0.370371 0.370372 0.370372 0.370372 0.370371 0.370371 0.370372 0.370370 0.370370 0.370371 0.370372 0.000000 0.000000
0.000000 0.000000 0.371791 0.371791 0.371790 0.371790 0.371791 0.371791 0.371791 0.371792 0.371792 0.371792 0.371791 0.371791 0.371791 0.371790 0.371790 0.371791 0.371791 0.000000 0.000000
0.000000 0.000000 0.373242 0.373242 0.373240 0.373241 0.373242 0.373242 0.373242 0.373242 0.373242 0.373242 0.373242 0.373242 0.373242 0.373241 0.373240 0.373242 0.373242 0.000000 0.000000
0.000000 0.000000 0.350000 0.350000 0.350000 0.350000 0.350000 0.350000 0.350000 0.350000 0.350000 0.350000 0.350000 0.350000 0.350000 0.350000 0.350000 0.350000 0.350000 0.000000 0.000000
0.000000 0.000000 0.000000 0.000000 0.000000 0.000000 0.000000 0.000000 0.000000 0.000000 0.000000 0.000000 0.000000 0.000000 0.000000 0.000000 0.000000 0.000000 0.000000 0.000000 0.000000