geotop/1.0zi/1.0Montebello/Templates/testdem/maps/_Eocsand5413.asc
ncols         21
nrows         20
xllcorner     100.000000
yllcorner     100.000000
cellsize      50.000000
NODATA_value  -9999.0
0.000000 0.000000 0.000000 0.000000 0.000000 0.000000 0.000000 0.000000 0.000000 0.000000 0.000000 0.000000 0.000000 0.000000 0.000000 0.000000 0.000000 0.000000 0.000000 0.000000 0.000000
0.000000 0.000000 0.300136 0.300135 0.300135 0.300135 0.300135 0.300134 0.300135 0.300135 0.300135 0.300135 0.300135 0.300135 0.300135 0.300135 0.300135 0.300135 0.300136 0.000000 0.000000
0.000000 0.000000 0.300008 0.300008 0.300008 0.300007 0.300007 0.300007 0.300007 0.300007 0.300007 0.300008 0.300007 0.300007 0.300007 0.300007 0.300009 0.300009 0.300009 0.000000 0.000000
0.000000 0.000000 0.299975 0.299974 0.299976 0.299981 0.299978 0.299980 0.299978 0.299978 0.299978 0.299980 0.299979 0.299981 0.299977 0.299973 0.299975 0.299972 0.299974 0.000000 0.000000
0.000000 0.000000 0.299173 0.299169 0.299170 0.299178 0.299191 0.299199 0.299199 0.299198 0.299203 0.299199 0.299204 0.299204 0.299194 0.299193 0.299189 0.299178 0.299173 0.000000 0.000000
0.000000 0.000000 0.296399 0.296393 0.296401 0.296432 0.296447 0.296479 0.296482 0.296489 0.296481 0.296479 0.296475 0.296478 0.296471 0.296455 0.296442 0.296427 0.296419 0.000000 0.000000
0.000000 0.000000 0.292191 0.292194 0.292199 0.292231 0.292269 0.292317 0.292316 0.292321 0.292317 0.292314 0.292318 0.292317 0.292285 0.292250 0.292234 0.292217 0.292206 0.000000 0.000000
0.000000 0.000000 0.287059 0.287058 0.287057 0.287092 0.287130 0.287180 0.287179 0.287184 0.287183 0.287183 0.287187 0.287181 0.287145 0.287112 0.287084 0.287077 0.287060 0.000000 0.000000
0.000000 0.000000 0.281785 0.281791 0.281802 0.281822 0.281859 0.281912 0.281910 0.281919 0.281923 0.281920 0.281920 0.281925 0.281878 0.281841 0.281816 0.281809 0.281794 0.000000 0.000000
0.000000 0.000000 0.276503 0.276511 0.276513 0.276527 0.276579 0.276627 0.276623 0.276628 0.276636 0.276627 0.276622 0.276628 0.276592 0.276550 0.276524 0.276520 0.276511 0.000000 0.000000
0.000000 0.000000 0.271083 0.271088 0.271086 0.271123 0.271159 0.271211 0.271199 0.271224 0.271223 0.271220 0.271226 0.271214 0.271185 0.271159 0.271131 0.271115 0.271094 0.000000 0.000000
0.000000 0.000000 0.265430 0.265442 0.265453 0.265480 0.265509 0.265571 0.265568 0.265583 0.265567 0.265581 0.265579 0.265575 0.265522 0.265499 0.265479 0.265471 0.265413 0.000000 0.000000
0.000000 0.000000 0.259663 0.259674 0.259676 0.259705 0.259732 0.259853 0.259853 0.259864 0.259889 0.259874 0.259865 0.259856 0.259770 0.259749 0.259705 0.259701 0.259659 0.000000 0.000000
0.000000 0.000000 0.253454 0.253461 0.253474 0.253491 0.253604 0.253637 0.253664 0.253666 0.253676 0.253670 0.253669 0.253673 0.253660 0.253549 0.253510 0.253481 0.253439 0.000000 0.000000
0.000000 0.000000 0.246670 0.246676 0.246701 0.246815 0.246853 0.246921 0.246969 0.246975 0.246998 0.247009 0.246995 0.247007 0.246959 0.246902 0.246733 0.246745 0.246720 0.000000 0.000000
0.000000 0.000000 0.239536 0.239546 0.239688 0.239720 0.239731 0.239776 0.239752 0.239769 0.239759 0.239776 0.239791 0.239763 0.239738 0.239720 0.239720 0.239535 0.239529 0.000000 0.000000
0.000000 0.000000 0.231478 0.231672 0.231751 0.231809 0.231900 0.231949 0.231962 0.231966 0.232007 0.232015 0.231999 0.232005 0.231953 0.231884 0.231773 0.231711 0.231518 0.000000 0.000000
0.000000 0.000000 0.225416 0.225428 0.225261 0.225312 0.225382 0.225565 0.225572 0.225612 0.225591 0.225601 0.225588 0.225585 0.225417 0.225372 0.225237 0.225413 0.225389 0.000000 0.000000
0.000000 0.000000 0.300000 0.300000 0.300000 0.300000 0.300000 0.300000 0.300000 0.300000 0.300000 0.300000 0.300000 0.300000 0.300000 0.300000 0.300000 0.300000 0.300000 0.000000 0.000000
0.000000 0.000000 0.000000 0.000000 0.000000 0.000000 0.000000 0.000000 0.000000 0.000000 0.000000 0.000000 0.000000 0.000000 0.000000 0.000000 0.000000 0.000000 0.000000 0.000000 0.000000