geotop/1.0zi/1.0Montebello/Templates/testdem/maps/_Eocsilt5519.asc
ncols         21
nrows         20
xllcorner     100.000000
yllcorner     100.000000
cellsize      50.000000
NODATA_value  -9999.0
0.000000 0.000000 0.000000 0.000000 0.000000 0.000000 0.000000 0.000000 0.000000 0.000000 0.000000 0.000000 0.000000 0.000000 0.000000 0.000000 0.000000 0.000000 0.000000 0.000000 0.000000
0.000000 0.000000 0.350110 0.350110 0.350110 0.350110 0.350110 0.350110 0.350110 0.350110 0.350110 0.350110 0.350110 0.350110 0.350110 0.350110 0.350110 0.350110 0.350110 0.000000 0.000000
0.000000 0.000000 0.350002 0.350002 0.350002 0.350003 0.350003 0.350002 0.350003 0.350003 0.350003 0.350003 0.350003 0.350003 0.350003 0.350002 0.350001 0.350001 0.350001 0.000000 0.000000
0.000000 0.000000 0.350044 0.350043 0.350042 0.350037 0.350038 0.350036 0.350039 0.350039 0.350038 0.350037 0.350038 0.350037 0.350039 0.350042 0.350043 0.350044 0.350043 0.000000 0.000000
0.000000 0.000000 0.350489 0.350492 0.350490 0.350486 0.350484 0.350479 0.350477 0.350475 0.350473 0.350475 0.350476 0.350477 0.350482 0.350485 0.350485 0.350494 0.350497 0.000000 0.000000
0.000000 0.000000 0.351897 0.351900 0.351896 0.351883 0.351873 0.351856 0.351854 0.351850 0.351855 0.351857 0.351858 0.351855 0.351860 0.351866 0.351874 0.351878 0.351883 0.000000 0.000000
0.000000 0.000000 0.354073 0.354070 0.354067 0.354049 0.354029 0.354007 0.354008 0.354006 0.354008 0.354008 0.354005 0.354008 0.354023 0.354040 0.354047 0.354056 0.354062 0.000000 0.000000
0.000000 0.000000 0.356705 0.356705 0.356706 0.356690 0.356670 0.356645 0.356646 0.356643 0.356644 0.356643 0.356642 0.356644 0.356661 0.356680 0.356694 0.356697 0.356706 0.000000 0.000000
0.000000 0.000000 0.359464 0.359460 0.359453 0.359443 0.359423 0.359395 0.359396 0.359391 0.359389 0.359391 0.359391 0.359388 0.359413 0.359432 0.359446 0.359451 0.359459 0.000000 0.000000
0.000000 0.000000 0.362218 0.362214 0.362212 0.362205 0.362178 0.362153 0.362156 0.362152 0.362149 0.362153 0.362155 0.362152 0.362171 0.362192 0.362206 0.362208 0.362213 0.000000 0.000000
0.000000 0.000000 0.365035 0.365032 0.365032 0.365012 0.364994 0.364967 0.364973 0.364960 0.364961 0.364962 0.364959 0.364965 0.364980 0.364994 0.365008 0.365016 0.365028 0.000000 0.000000
0.000000 0.000000 0.367983 0.367977 0.367970 0.367957 0.367941 0.367908 0.367910 0.367902 0.367910 0.367903 0.367904 0.367907 0.367934 0.367946 0.367956 0.367961 0.367991 0.000000 0.000000
0.000000 0.000000 0.370996 0.370990 0.370988 0.370973 0.370958 0.370895 0.370895 0.370889 0.370876 0.370883 0.370888 0.370892 0.370937 0.370949 0.370971 0.370974 0.370996 0.000000 0.000000
0.000000 0.000000 0.374250 0.374246 0.374239 0.374230 0.374170 0.374153 0.374139 0.374138 0.374133 0.374136 0.374136 0.374134 0.374140 0.374199 0.374218 0.374234 0.374256 0.000000 0.000000
0.000000 0.000000 0.377814 0.377809 0.377797 0.377736 0.377716 0.377679 0.377655 0.377652 0.377640 0.377633 0.377640 0.377634 0.377660 0.377689 0.377778 0.377771 0.377784 0.000000 0.000000
0.000000 0.000000 0.381573 0.381569 0.381490 0.381475 0.381471 0.381447 0.381461 0.381451 0.381458 0.381449 0.381439 0.381455 0.381468 0.381476 0.381473 0.381574 0.381577 0.000000 0.000000
0.000000 0.000000 0.385842 0.385736 0.385697 0.385666 0.385616 0.385589 0.385582 0.385579 0.385557 0.385553 0.385562 0.385558 0.385586 0.385623 0.385683 0.385712 0.385818 0.000000 0.000000
0.000000 0.000000 0.389011 0.389010 0.389103 0.389077 0.389034 0.388935 0.388932 0.388910 0.388923 0.388917 0.388924 0.388925 0.389016 0.389045 0.389114 0.389018 0.389025 0.000000 0.000000
0.000000 0.000000 0.350000 0.350000 0.350000 0.350000 0.350000 0.350000 0.350000 0.350000 0.350000 0.350000 0.350000 0.350000 0.350000 0.350000 0.350000 0.350000 0.350000 0.000000 0.000000
0.000000 0.000000 0.000000 0.000000 0.000000 0.000000 0.000000 0.000000 0.000000 0.000000 0.000000 0.000000 0.000000 0.000000 0.000000 0.000000 0.000000 0.000000 0.000000 0.000000 0.000000