geotop/1.0zi/1.0Montebello/Templates/testdem/maps/_Eocsand7258.asc
ncols         21
nrows         20
xllcorner     100.000000
yllcorner     100.000000
cellsize      50.000000
NODATA_value  -9999.0
0.000000 0.000000 0.000000 0.000000 0.000000 0.000000 0.000000 0.000000 0.000000 0.000000 0.000000 0.000000 0.000000 0.000000 0.000000 0.000000 0.000000 0.000000 0.000000 0.000000 0.000000
0.000000 0.000000 0.300181 0.300179 0.300179 0.300179 0.300178 0.300178 0.300178 0.300179 0.300179 0.300179 0.300179 0.300179 0.300178 0.300179 0.300180 0.300180 0.300180 0.000000 0.000000
0.000000 0.000000 0.300010 0.300011 0.300010 0.300009 0.300010 0.300011 0.300010 0.300010 0.300010 0.300011 0.300009 0.300010 0.300010 0.300010 0.300011 0.300011 0.300012 0.000000 0.000000
0.000000 0.000000 0.299958 0.299957 0.299962 0.299967 0.299965 0.299968 0.299963 0.299967 0.299966 0.299966 0.299966 0.299967 0.299965 0.299960 0.299959 0.299955 0.299956 0.000000 0.000000
0.000000 0.000000 0.298422 0.298418 0.298427 0.298439 0.298458 0.298467 0.298470 0.298470 0.298471 0.298471 0.298474 0.298468 0.298450 0.298445 0.298440 0.298430 0.298417 0.000000 0.000000
0.000000 0.000000 0.293873 0.293873 0.293893 0.293932 0.293962 0.294004 0.294002 0.294015 0.294006 0.294007 0.294004 0.294003 0.293985 0.293956 0.293934 0.293913 0.293900 0.000000 0.000000
0.000000 0.000000 0.287369 0.287376 0.287393 0.287437 0.287494 0.287558 0.287556 0.287566 0.287562 0.287564 0.287567 0.287561 0.287508 0.287457 0.287429 0.287404 0.287387 0.000000 0.000000
0.000000 0.000000 0.279595 0.279598 0.279610 0.279660 0.279714 0.279784 0.279782 0.279791 0.279792 0.279798 0.279802 0.279788 0.279730 0.279682 0.279638 0.279624 0.279599 0.000000 0.000000
0.000000 0.000000 0.271407 0.271420 0.271446 0.271476 0.271533 0.271608 0.271603 0.271620 0.271624 0.271628 0.271627 0.271628 0.271556 0.271496 0.271462 0.271445 0.271423 0.000000 0.000000
0.000000 0.000000 0.262917 0.262933 0.262947 0.262975 0.263056 0.263123 0.263120 0.263130 0.263140 0.263135 0.263126 0.263130 0.263070 0.263002 0.262962 0.262949 0.262933 0.000000 0.000000
0.000000 0.000000 0.253898 0.253909 0.253923 0.253986 0.254040 0.254119 0.254101 0.254143 0.254138 0.254140 0.254154 0.254127 0.254075 0.254032 0.253983 0.253956 0.253918 0.000000 0.000000
0.000000 0.000000 0.244127 0.244152 0.244182 0.244224 0.244283 0.244379 0.244380 0.244396 0.244374 0.244406 0.244399 0.244390 0.244297 0.244249 0.244215 0.244196 0.244107 0.000000 0.000000
0.000000 0.000000 0.233783 0.233809 0.233823 0.233877 0.233929 0.234154 0.234155 0.234171 0.234225 0.234200 0.234186 0.234165 0.233995 0.233946 0.233863 0.233853 0.233799 0.000000 0.000000
0.000000 0.000000 0.222056 0.222068 0.222111 0.222150 0.222405 0.222425 0.222476 0.222478 0.222475 0.222484 0.222489 0.222497 0.222495 0.222230 0.222175 0.222105 0.222040 0.000000 0.000000
0.000000 0.000000 0.208599 0.208620 0.208678 0.208975 0.209004 0.209153 0.209234 0.209252 0.209300 0.209341 0.209308 0.209318 0.209180 0.209127 0.208727 0.208772 0.208745 0.000000 0.000000
0.000000 0.000000 0.193924 0.193947 0.194367 0.194332 0.194355 0.194434 0.194301 0.194356 0.194290 0.194334 0.194392 0.194290 0.194247 0.194222 0.194413 0.193844 0.193844 0.000000 0.000000
0.000000 0.000000 0.176004 0.176649 0.176663 0.176868 0.177193 0.177299 0.177415 0.177395 0.177560 0.177559 0.177472 0.177542 0.177383 0.177141 0.176696 0.176838 0.176173 0.000000 0.000000
0.000000 0.000000 0.166084 0.165682 0.165079 0.165148 0.165228 0.165805 0.165765 0.165914 0.165721 0.165771 0.165774 0.165718 0.165212 0.165155 0.164978 0.165526 0.165901 0.000000 0.000000
0.000000 0.000000 0.300000 0.300000 0.300000 0.300000 0.300000 0.300000 0.300000 0.300000 0.300000 0.300000 0.300000 0.300000 0.300000 0.300000 0.300000 0.300000 0.300000 0.000000 0.000000
0.000000 0.000000 0.000000 0.000000 0.000000 0.000000 0.000000 0.000000 0.000000 0.000000 0.000000 0.000000 0.000000 0.000000 0.000000 0.000000 0.000000 0.000000 0.000000 0.000000 0.000000