geotop/1.0zi/1.0Montebello/Templates/testdem/maps/_Eocsand4731.asc
ncols         21
nrows         20
xllcorner     100.000000
yllcorner     100.000000
cellsize      50.000000
NODATA_value  -9999.0
0.000000 0.000000 0.000000 0.000000 0.000000 0.000000 0.000000 0.000000 0.000000 0.000000 0.000000 0.000000 0.000000 0.000000 0.000000 0.000000 0.000000 0.000000 0.000000 0.000000 0.000000
0.000000 0.000000 0.300117 0.300116 0.300116 0.300116 0.300116 0.300116 0.300116 0.300116 0.300116 0.300116 0.300116 0.300116 0.300116 0.300116 0.300116 0.300116 0.300117 0.000000 0.000000
0.000000 0.000000 0.300006 0.300005 0.300005 0.300005 0.300005 0.300005 0.300005 0.300005 0.300005 0.300005 0.300005 0.300004 0.300005 0.300005 0.300007 0.300007 0.300006 0.000000 0.000000
0.000000 0.000000 0.299974 0.299973 0.299975 0.299979 0.299976 0.299979 0.299977 0.299977 0.299977 0.299978 0.299978 0.299980 0.299976 0.299972 0.299973 0.299971 0.299973 0.000000 0.000000
0.000000 0.000000 0.299276 0.299274 0.299275 0.299285 0.299296 0.299301 0.299302 0.299306 0.299308 0.299303 0.299306 0.299304 0.299295 0.299294 0.299289 0.299280 0.299274 0.000000 0.000000
0.000000 0.000000 0.296862 0.296856 0.296866 0.296893 0.296904 0.296932 0.296936 0.296946 0.296937 0.296933 0.296926 0.296926 0.296919 0.296904 0.296892 0.296883 0.296874 0.000000 0.000000
0.000000 0.000000 0.293160 0.293163 0.293173 0.293202 0.293235 0.293273 0.293272 0.293280 0.293272 0.293274 0.293274 0.293268 0.293241 0.293208 0.293193 0.293180 0.293167 0.000000 0.000000
0.000000 0.000000 0.288780 0.288785 0.288788 0.288818 0.288853 0.288892 0.288890 0.288897 0.288895 0.288894 0.288897 0.288894 0.288858 0.288823 0.288804 0.288797 0.288784 0.000000 0.000000
0.000000 0.000000 0.284310 0.284318 0.284329 0.284351 0.284384 0.284428 0.284425 0.284434 0.284433 0.284430 0.284433 0.284430 0.284395 0.284356 0.284340 0.284331 0.284315 0.000000 0.000000
0.000000 0.000000 0.279851 0.279859 0.279866 0.279890 0.279928 0.279967 0.279962 0.279969 0.279968 0.279966 0.279970 0.279971 0.279931 0.279893 0.279877 0.279869 0.279856 0.000000 0.000000
0.000000 0.000000 0.275324 0.275334 0.275340 0.275358 0.275388 0.275435 0.275431 0.275442 0.275441 0.275437 0.275442 0.275441 0.275407 0.275378 0.275358 0.275348 0.275333 0.000000 0.000000
0.000000 0.000000 0.270636 0.270643 0.270655 0.270682 0.270712 0.270758 0.270759 0.270766 0.270765 0.270765 0.270767 0.270768 0.270724 0.270690 0.270671 0.270664 0.270615 0.000000 0.000000
0.000000 0.000000 0.265878 0.265888 0.265898 0.265919 0.265956 0.266052 0.266051 0.266060 0.266060 0.266058 0.266064 0.266061 0.265977 0.265937 0.265918 0.265909 0.265880 0.000000 0.000000
0.000000 0.000000 0.260826 0.260843 0.260850 0.260872 0.260973 0.260998 0.261014 0.261021 0.261019 0.261018 0.261024 0.261023 0.260995 0.260896 0.260876 0.260856 0.260838 0.000000 0.000000
0.000000 0.000000 0.255366 0.255379 0.255406 0.255493 0.255541 0.255603 0.255633 0.255644 0.255656 0.255656 0.255653 0.255662 0.255614 0.255545 0.255437 0.255441 0.255425 0.000000 0.000000
0.000000 0.000000 0.249710 0.249724 0.249831 0.249850 0.249882 0.249913 0.249916 0.249919 0.249912 0.249912 0.249928 0.249907 0.249891 0.249862 0.249861 0.249743 0.249714 0.000000 0.000000
0.000000 0.000000 0.243399 0.243543 0.243630 0.243672 0.243746 0.243787 0.243796 0.243802 0.243817 0.243815 0.243814 0.243825 0.243794 0.243709 0.243653 0.243597 0.243454 0.000000 0.000000
0.000000 0.000000 0.238505 0.238534 0.238441 0.238494 0.238558 0.238700 0.238713 0.238728 0.238720 0.238720 0.238729 0.238718 0.238590 0.238519 0.238438 0.238560 0.238506 0.000000 0.000000
0.000000 0.000000 0.300000 0.300000 0.300000 0.300000 0.300000 0.300000 0.300000 0.300000 0.300000 0.300000 0.300000 0.300000 0.300000 0.300000 0.300000 0.300000 0.300000 0.000000 0.000000
0.000000 0.000000 0.000000 0.000000 0.000000 0.000000 0.000000 0.000000 0.000000 0.000000 0.000000 0.000000 0.000000 0.000000 0.000000 0.000000 0.000000 0.000000 0.000000 0.000000 0.000000