geotop/1.0zi/1.0Montebello/Templates/testdem/maps/_Eocclay8503.asc
ncols         21
nrows         20
xllcorner     100.000000
yllcorner     100.000000
cellsize      50.000000
NODATA_value  -9999.0
0.000000 0.000000 0.000000 0.000000 0.000000 0.000000 0.000000 0.000000 0.000000 0.000000 0.000000 0.000000 0.000000 0.000000 0.000000 0.000000 0.000000 0.000000 0.000000 0.000000 0.000000
0.000000 0.000000 0.349609 0.349611 0.349611 0.349610 0.349612 0.349612 0.349612 0.349612 0.349611 0.349612 0.349612 0.349612 0.349612 0.349612 0.349610 0.349610 0.349611 0.000000 0.000000
0.000000 0.000000 0.349982 0.349981 0.349981 0.349983 0.349981 0.349981 0.349981 0.349981 0.349981 0.349981 0.349981 0.349981 0.349981 0.349982 0.349983 0.349982 0.349980 0.000000 0.000000
0.000000 0.000000 0.350005 0.350009 0.350007 0.350005 0.350008 0.350005 0.350007 0.350004 0.350008 0.350005 0.350005 0.350004 0.350006 0.350007 0.350006 0.350010 0.350007 0.000000 0.000000
0.000000 0.000000 0.351045 0.351039 0.351036 0.351030 0.351013 0.351012 0.351009 0.351010 0.351008 0.351010 0.351007 0.351010 0.351019 0.351021 0.351030 0.351033 0.351042 0.000000 0.000000
0.000000 0.000000 0.354120 0.354118 0.354100 0.354069 0.354052 0.354027 0.354029 0.354022 0.354027 0.354026 0.354032 0.354031 0.354043 0.354063 0.354079 0.354092 0.354098 0.000000 0.000000
0.000000 0.000000 0.358325 0.358319 0.358310 0.358284 0.358250 0.358208 0.358208 0.358202 0.358203 0.358205 0.358206 0.358206 0.358242 0.358272 0.358289 0.358302 0.358310 0.000000 0.000000
0.000000 0.000000 0.363307 0.363302 0.363294 0.363261 0.363229 0.363184 0.363184 0.363178 0.363178 0.363176 0.363173 0.363182 0.363220 0.363246 0.363274 0.363283 0.363296 0.000000 0.000000
0.000000 0.000000 0.368636 0.368625 0.368611 0.368590 0.368553 0.368508 0.368511 0.368501 0.368498 0.368497 0.368498 0.368497 0.368542 0.368577 0.368598 0.368608 0.368619 0.000000 0.000000
0.000000 0.000000 0.374334 0.374321 0.374313 0.374293 0.374240 0.374198 0.374198 0.374193 0.374186 0.374191 0.374197 0.374195 0.374233 0.374276 0.374301 0.374310 0.374318 0.000000 0.000000
0.000000 0.000000 0.380607 0.380599 0.380590 0.380542 0.380507 0.380453 0.380467 0.380437 0.380443 0.380441 0.380431 0.380449 0.380487 0.380511 0.380546 0.380564 0.380587 0.000000 0.000000
0.000000 0.000000 0.387639 0.387617 0.387596 0.387569 0.387523 0.387462 0.387455 0.387450 0.387464 0.387441 0.387451 0.387451 0.387519 0.387554 0.387575 0.387589 0.387645 0.000000 0.000000
0.000000 0.000000 0.395330 0.395307 0.395304 0.395255 0.395220 0.395046 0.395042 0.395034 0.394985 0.395015 0.395022 0.395038 0.395172 0.395204 0.395271 0.395276 0.395303 0.000000 0.000000
0.000000 0.000000 0.404484 0.404478 0.404441 0.404409 0.404182 0.404210 0.404165 0.404165 0.404184 0.404166 0.404162 0.404145 0.404117 0.404356 0.404386 0.404448 0.404490 0.000000 0.000000
0.000000 0.000000 0.415389 0.415364 0.415318 0.415023 0.415066 0.414916 0.414852 0.414837 0.414785 0.414754 0.414787 0.414781 0.414927 0.414898 0.415287 0.415220 0.415223 0.000000 0.000000
0.000000 0.000000 0.427321 0.427299 0.426873 0.427014 0.426975 0.426948 0.427116 0.427066 0.427156 0.427129 0.427057 0.427162 0.427158 0.427185 0.426833 0.427462 0.427452 0.000000 0.000000
0.000000 0.000000 0.441977 0.441316 0.441495 0.441231 0.440902 0.440803 0.440607 0.440653 0.440448 0.440471 0.440590 0.440468 0.440640 0.440881 0.441470 0.441050 0.441737 0.000000 0.000000
0.000000 0.000000 0.446493 0.447130 0.447661 0.447673 0.447722 0.447209 0.447308 0.447154 0.447416 0.447365 0.447321 0.447409 0.447832 0.447794 0.447758 0.447362 0.446733 0.000000 0.000000
0.000000 0.000000 0.350000 0.350000 0.350000 0.350000 0.350000 0.350000 0.350000 0.350000 0.350000 0.350000 0.350000 0.350000 0.350000 0.350000 0.350000 0.350000 0.350000 0.000000 0.000000
0.000000 0.000000 0.000000 0.000000 0.000000 0.000000 0.000000 0.000000 0.000000 0.000000 0.000000 0.000000 0.000000 0.000000 0.000000 0.000000 0.000000 0.000000 0.000000 0.000000 0.000000