geotop/1.0zi/1.0Montebello/Templates/testdem/maps/_Eocsand133{.asc
ncols         21
nrows         20
xllcorner     100.000000
yllcorner     100.000000
cellsize      50.000000
NODATA_value  -9999.0
0.000000 0.000000 0.000000 0.000000 0.000000 0.000000 0.000000 0.000000 0.000000 0.000000 0.000000 0.000000 0.000000 0.000000 0.000000 0.000000 0.000000 0.000000 0.000000 0.000000 0.000000
0.000000 0.000000 0.300292 0.300289 0.300289 0.300290 0.300289 0.300288 0.300289 0.300288 0.300290 0.300289 0.300289 0.300289 0.300289 0.300289 0.300290 0.300289 0.300289 0.000000 0.000000
0.000000 0.000000 0.300011 0.300013 0.300013 0.300011 0.300013 0.300013 0.300012 0.300013 0.300013 0.300012 0.300012 0.300012 0.300012 0.300012 0.300013 0.300014 0.300013 0.000000 0.000000
0.000000 0.000000 0.299626 0.299616 0.299631 0.299639 0.299634 0.299645 0.299641 0.299641 0.299645 0.299643 0.299643 0.299638 0.299640 0.299632 0.299628 0.299624 0.299624 0.000000 0.000000
0.000000 0.000000 0.295645 0.295654 0.295670 0.295705 0.295741 0.295754 0.295758 0.295761 0.295769 0.295758 0.295752 0.295758 0.295733 0.295715 0.295695 0.295678 0.295664 0.000000 0.000000
0.000000 0.000000 0.285754 0.285765 0.285810 0.285886 0.285960 0.286026 0.286027 0.286039 0.286049 0.286045 0.286033 0.286041 0.286005 0.285937 0.285906 0.285873 0.285861 0.000000 0.000000
0.000000 0.000000 0.272273 0.272295 0.272338 0.272428 0.272521 0.272665 0.272672 0.272682 0.272700 0.272697 0.272701 0.272698 0.272590 0.272508 0.272458 0.272413 0.272400 0.000000 0.000000
0.000000 0.000000 0.255979 0.256007 0.256052 0.256174 0.256278 0.256415 0.256429 0.256442 0.256465 0.256467 0.256475 0.256457 0.256359 0.256264 0.256181 0.256156 0.256126 0.000000 0.000000
0.000000 0.000000 0.237359 0.237403 0.237475 0.237572 0.237695 0.237867 0.237872 0.237899 0.237928 0.237932 0.237929 0.237940 0.237792 0.237675 0.237608 0.237570 0.237544 0.000000 0.000000
0.000000 0.000000 0.215686 0.215757 0.215825 0.215930 0.216077 0.216260 0.216285 0.216300 0.216348 0.216332 0.216306 0.216318 0.216201 0.216043 0.215957 0.215913 0.215906 0.000000 0.000000
0.000000 0.000000 0.189531 0.189599 0.189658 0.189924 0.189981 0.190247 0.190206 0.190333 0.190326 0.190348 0.190401 0.190328 0.190186 0.190089 0.189960 0.189904 0.189795 0.000000 0.000000
0.000000 0.000000 0.157414 0.157567 0.157754 0.157845 0.157980 0.158330 0.158389 0.158358 0.158349 0.158452 0.158397 0.158437 0.158147 0.157958 0.157906 0.157849 0.157636 0.000000 0.000000
0.000000 0.000000 0.121969 0.122096 0.122107 0.122380 0.122539 0.123475 0.123536 0.123594 0.123980 0.123707 0.123722 0.123634 0.122977 0.122849 0.122492 0.122443 0.122498 0.000000 0.000000
0.000000 0.000000 0.085394 0.085409 0.085682 0.085779 0.086760 0.086181 0.086414 0.086402 0.086188 0.086399 0.086427 0.086568 0.087053 0.085944 0.085991 0.085732 0.085599 0.000000 0.000000
0.000000 0.000000 0.061026 0.061079 0.061185 0.061727 0.061567 0.061875 0.061960 0.061995 0.062119 0.062163 0.062104 0.062108 0.061835 0.062003 0.061305 0.061448 0.061474 0.000000 0.000000
0.000000 0.000000 0.046223 0.046265 0.046487 0.046675 0.046595 0.046756 0.046718 0.046757 0.046779 0.046808 0.046813 0.046771 0.046651 0.046731 0.046573 0.046388 0.046409 0.000000 0.000000
0.000000 0.000000 0.035911 0.035991 0.036158 0.036251 0.036240 0.036335 0.036301 0.036324 0.036338 0.036353 0.036359 0.036332 0.036264 0.036286 0.036222 0.036063 0.036023 0.000000 0.000000
0.000000 0.000000 0.028839 0.028875 0.028995 0.029024 0.029021 0.029093 0.029048 0.029070 0.029059 0.029072 0.029086 0.029057 0.029010 0.029023 0.029044 0.028899 0.028886 0.000000 0.000000
0.000000 0.000000 0.300000 0.300000 0.300000 0.300000 0.300000 0.300000 0.300000 0.300000 0.300000 0.300000 0.300000 0.300000 0.300000 0.300000 0.300000 0.300000 0.300000 0.000000 0.000000
0.000000 0.000000 0.000000 0.000000 0.000000 0.000000 0.000000 0.000000 0.000000 0.000000 0.000000 0.000000 0.000000 0.000000 0.000000 0.000000 0.000000 0.000000 0.000000 0.000000 0.000000