geotop/1.0zi/1.0Montebello/Templates/testdem/maps/_Eocsand9824.asc
ncols         21
nrows         20
xllcorner     100.000000
yllcorner     100.000000
cellsize      50.000000
NODATA_value  -9999.0
0.000000 0.000000 0.000000 0.000000 0.000000 0.000000 0.000000 0.000000 0.000000 0.000000 0.000000 0.000000 0.000000 0.000000 0.000000 0.000000 0.000000 0.000000 0.000000 0.000000 0.000000
0.000000 0.000000 0.300241 0.300239 0.300239 0.300240 0.300239 0.300239 0.300239 0.300239 0.300240 0.300239 0.300239 0.300239 0.300239 0.300239 0.300240 0.300239 0.300239 0.000000 0.000000
0.000000 0.000000 0.300011 0.300013 0.300013 0.300011 0.300012 0.300013 0.300012 0.300012 0.300013 0.300012 0.300012 0.300012 0.300012 0.300012 0.300013 0.300013 0.300014 0.000000 0.000000
0.000000 0.000000 0.299810 0.299808 0.299817 0.299825 0.299824 0.299830 0.299822 0.299824 0.299824 0.299823 0.299821 0.299823 0.299818 0.299811 0.299808 0.299805 0.299807 0.000000 0.000000
0.000000 0.000000 0.297021 0.297021 0.297037 0.297070 0.297097 0.297107 0.297107 0.297108 0.297111 0.297104 0.297098 0.297099 0.297075 0.297061 0.297046 0.297037 0.297024 0.000000 0.000000
0.000000 0.000000 0.289409 0.289421 0.289458 0.289520 0.289584 0.289642 0.289638 0.289651 0.289650 0.289649 0.289638 0.289643 0.289608 0.289553 0.289526 0.289505 0.289493 0.000000 0.000000
0.000000 0.000000 0.278996 0.279018 0.279049 0.279123 0.279204 0.279316 0.279313 0.279324 0.279332 0.279332 0.279332 0.279329 0.279236 0.279169 0.279128 0.279099 0.279084 0.000000 0.000000
0.000000 0.000000 0.266598 0.266624 0.266656 0.266744 0.266835 0.266936 0.266934 0.266948 0.266959 0.266965 0.266968 0.266951 0.266865 0.266790 0.266723 0.266710 0.266681 0.000000 0.000000
0.000000 0.000000 0.252968 0.253006 0.253054 0.253123 0.253226 0.253347 0.253336 0.253360 0.253376 0.253381 0.253374 0.253381 0.253260 0.253170 0.253118 0.253097 0.253071 0.000000 0.000000
0.000000 0.000000 0.237900 0.237952 0.237991 0.238065 0.238178 0.238305 0.238302 0.238320 0.238347 0.238336 0.238320 0.238327 0.238229 0.238113 0.238052 0.238029 0.238017 0.000000 0.000000
0.000000 0.000000 0.220737 0.220781 0.220819 0.220983 0.221037 0.221207 0.221172 0.221256 0.221249 0.221262 0.221289 0.221243 0.221134 0.221061 0.220975 0.220945 0.220871 0.000000 0.000000
0.000000 0.000000 0.200679 0.200769 0.200871 0.200949 0.201039 0.201253 0.201257 0.201268 0.201244 0.201319 0.201283 0.201295 0.201099 0.200986 0.200940 0.200913 0.200764 0.000000 0.000000
0.000000 0.000000 0.178041 0.178125 0.178150 0.178308 0.178417 0.178984 0.178994 0.179031 0.179231 0.179110 0.179098 0.179050 0.178624 0.178528 0.178320 0.178310 0.178273 0.000000 0.000000
0.000000 0.000000 0.149993 0.150034 0.150215 0.150327 0.151118 0.150841 0.151011 0.151013 0.150909 0.151017 0.151036 0.151121 0.151373 0.150500 0.150468 0.150266 0.150144 0.000000 0.000000
0.000000 0.000000 0.118216 0.118310 0.118469 0.119485 0.119054 0.119691 0.119831 0.119900 0.120131 0.120208 0.120091 0.120086 0.119521 0.119935 0.118609 0.118922 0.118970 0.000000 0.000000
0.000000 0.000000 0.090065 0.090120 0.091203 0.090633 0.090832 0.090783 0.090306 0.090435 0.090179 0.090221 0.090428 0.090172 0.090323 0.090137 0.091367 0.089710 0.089734 0.000000 0.000000
0.000000 0.000000 0.066245 0.067038 0.066838 0.067167 0.067585 0.067718 0.067958 0.067903 0.068164 0.068133 0.067986 0.068137 0.067920 0.067606 0.066907 0.067407 0.066583 0.000000 0.000000
0.000000 0.000000 0.056159 0.056101 0.055640 0.055806 0.055965 0.056381 0.056418 0.056502 0.056437 0.056460 0.056425 0.056431 0.056048 0.055926 0.055623 0.056142 0.056193 0.000000 0.000000
0.000000 0.000000 0.300000 0.300000 0.300000 0.300000 0.300000 0.300000 0.300000 0.300000 0.300000 0.300000 0.300000 0.300000 0.300000 0.300000 0.300000 0.300000 0.300000 0.000000 0.000000
0.000000 0.000000 0.000000 0.000000 0.000000 0.000000 0.000000 0.000000 0.000000 0.000000 0.000000 0.000000 0.000000 0.000000 0.000000 0.000000 0.000000 0.000000 0.000000 0.000000 0.000000