geotop/1.0zi/1.0Montebello/Templates/testdem/maps/_Eocclay9246.asc
ncols         21
nrows         20
xllcorner     100.000000
yllcorner     100.000000
cellsize      50.000000
NODATA_value  -9999.0
0.000000 0.000000 0.000000 0.000000 0.000000 0.000000 0.000000 0.000000 0.000000 0.000000 0.000000 0.000000 0.000000 0.000000 0.000000 0.000000 0.000000 0.000000 0.000000 0.000000 0.000000
0.000000 0.000000 0.349570 0.349573 0.349573 0.349572 0.349574 0.349574 0.349573 0.349573 0.349572 0.349574 0.349573 0.349573 0.349574 0.349573 0.349571 0.349572 0.349572 0.000000 0.000000
0.000000 0.000000 0.349982 0.349980 0.349980 0.349982 0.349980 0.349980 0.349980 0.349980 0.349980 0.349980 0.349980 0.349980 0.349981 0.349981 0.349982 0.349981 0.349979 0.000000 0.000000
0.000000 0.000000 0.350022 0.350027 0.350025 0.350022 0.350023 0.350024 0.350028 0.350025 0.350028 0.350026 0.350027 0.350025 0.350027 0.350029 0.350027 0.350026 0.350024 0.000000 0.000000
0.000000 0.000000 0.351244 0.351237 0.351230 0.351220 0.351202 0.351202 0.351198 0.351199 0.351197 0.351199 0.351198 0.351200 0.351210 0.351213 0.351224 0.351225 0.351234 0.000000 0.000000
0.000000 0.000000 0.354771 0.354765 0.354742 0.354711 0.354683 0.354656 0.354660 0.354653 0.354655 0.354653 0.354659 0.354658 0.354672 0.354699 0.354713 0.354723 0.354730 0.000000 0.000000
0.000000 0.000000 0.359542 0.359532 0.359518 0.359488 0.359451 0.359397 0.359399 0.359394 0.359393 0.359394 0.359394 0.359395 0.359437 0.359469 0.359487 0.359497 0.359506 0.000000 0.000000
0.000000 0.000000 0.365203 0.365192 0.365177 0.365140 0.365101 0.365053 0.365055 0.365049 0.365046 0.365043 0.365041 0.365051 0.365089 0.365122 0.365152 0.365158 0.365172 0.000000 0.000000
0.000000 0.000000 0.371331 0.371316 0.371296 0.371271 0.371225 0.371171 0.371178 0.371166 0.371161 0.371158 0.371160 0.371159 0.371211 0.371250 0.371273 0.371280 0.371293 0.000000 0.000000
0.000000 0.000000 0.378020 0.378000 0.377985 0.377957 0.377895 0.377845 0.377847 0.377839 0.377830 0.377834 0.377841 0.377839 0.377882 0.377933 0.377960 0.377968 0.377975 0.000000 0.000000
0.000000 0.000000 0.385531 0.385516 0.385503 0.385437 0.385398 0.385331 0.385348 0.385312 0.385317 0.385311 0.385299 0.385322 0.385367 0.385398 0.385437 0.385450 0.385481 0.000000 0.000000
0.000000 0.000000 0.394151 0.394120 0.394081 0.394049 0.393992 0.393911 0.393912 0.393906 0.393920 0.393887 0.393901 0.393901 0.393982 0.394027 0.394048 0.394057 0.394124 0.000000 0.000000
0.000000 0.000000 0.403767 0.403738 0.403728 0.403656 0.403609 0.403378 0.403379 0.403366 0.403294 0.403334 0.403342 0.403365 0.403538 0.403580 0.403662 0.403664 0.403689 0.000000 0.000000
0.000000 0.000000 0.415562 0.415550 0.415485 0.415440 0.415119 0.415198 0.415136 0.415137 0.415171 0.415134 0.415128 0.415102 0.415027 0.415370 0.415393 0.415470 0.415523 0.000000 0.000000
0.000000 0.000000 0.429590 0.429547 0.429476 0.429051 0.429176 0.428935 0.428863 0.428838 0.428751 0.428710 0.428758 0.428758 0.428981 0.428870 0.429427 0.429302 0.429293 0.000000 0.000000
0.000000 0.000000 0.444024 0.443992 0.443416 0.443682 0.443597 0.443604 0.443854 0.443785 0.443914 0.443885 0.443779 0.443921 0.443866 0.443936 0.443340 0.444200 0.444187 0.000000 0.000000
0.000000 0.000000 0.459539 0.458854 0.459108 0.458792 0.458451 0.458343 0.458106 0.458161 0.457924 0.457950 0.458089 0.457944 0.458131 0.458381 0.459065 0.458507 0.459218 0.000000 0.000000
0.000000 0.000000 0.463653 0.464153 0.464604 0.464588 0.464606 0.464161 0.464239 0.464107 0.464319 0.464274 0.464242 0.464313 0.464677 0.464666 0.464663 0.464300 0.463801 0.000000 0.000000
0.000000 0.000000 0.350000 0.350000 0.350000 0.350000 0.350000 0.350000 0.350000 0.350000 0.350000 0.350000 0.350000 0.350000 0.350000 0.350000 0.350000 0.350000 0.350000 0.000000 0.000000
0.000000 0.000000 0.000000 0.000000 0.000000 0.000000 0.000000 0.000000 0.000000 0.000000 0.000000 0.000000 0.000000 0.000000 0.000000 0.000000 0.000000 0.000000 0.000000 0.000000 0.000000