geotop/1.0zi/1.0Montebello/Templates/testdem/maps/_Eocsand8670.asc
ncols         21
nrows         20
xllcorner     100.000000
yllcorner     100.000000
cellsize      50.000000
NODATA_value  -9999.0
0.000000 0.000000 0.000000 0.000000 0.000000 0.000000 0.000000 0.000000 0.000000 0.000000 0.000000 0.000000 0.000000 0.000000 0.000000 0.000000 0.000000 0.000000 0.000000 0.000000 0.000000
0.000000 0.000000 0.300218 0.300216 0.300216 0.300217 0.300216 0.300215 0.300215 0.300216 0.300216 0.300216 0.300216 0.300216 0.300216 0.300216 0.300217 0.300217 0.300217 0.000000 0.000000
0.000000 0.000000 0.300012 0.300014 0.300013 0.300012 0.300013 0.300013 0.300013 0.300013 0.300013 0.300013 0.300012 0.300013 0.300013 0.300013 0.300014 0.300014 0.300015 0.000000 0.000000
0.000000 0.000000 0.299891 0.299890 0.299896 0.299905 0.299900 0.299907 0.299903 0.299905 0.299905 0.299905 0.299905 0.299906 0.299901 0.299895 0.299893 0.299890 0.299891 0.000000 0.000000
0.000000 0.000000 0.297802 0.297804 0.297818 0.297838 0.297864 0.297870 0.297875 0.297876 0.297877 0.297873 0.297871 0.297870 0.297848 0.297842 0.297828 0.297816 0.297804 0.000000 0.000000
0.000000 0.000000 0.291674 0.291680 0.291709 0.291761 0.291801 0.291844 0.291845 0.291858 0.291848 0.291847 0.291838 0.291842 0.291816 0.291782 0.291752 0.291732 0.291718 0.000000 0.000000
0.000000 0.000000 0.283115 0.283130 0.283151 0.283209 0.283281 0.283357 0.283357 0.283366 0.283364 0.283362 0.283364 0.283359 0.283289 0.283230 0.283194 0.283166 0.283149 0.000000 0.000000
0.000000 0.000000 0.272978 0.272990 0.273007 0.273074 0.273140 0.273225 0.273225 0.273236 0.273236 0.273241 0.273245 0.273229 0.273154 0.273097 0.273040 0.273026 0.272998 0.000000 0.000000
0.000000 0.000000 0.262044 0.262069 0.262101 0.262147 0.262223 0.262313 0.262307 0.262327 0.262331 0.262334 0.262331 0.262334 0.262241 0.262168 0.262123 0.262101 0.262078 0.000000 0.000000
0.000000 0.000000 0.250345 0.250373 0.250392 0.250438 0.250546 0.250627 0.250626 0.250636 0.250649 0.250640 0.250627 0.250632 0.250554 0.250466 0.250413 0.250395 0.250379 0.000000 0.000000
0.000000 0.000000 0.237470 0.237487 0.237509 0.237613 0.237684 0.237788 0.237760 0.237821 0.237807 0.237812 0.237832 0.237796 0.237718 0.237666 0.237594 0.237559 0.237510 0.000000 0.000000
0.000000 0.000000 0.222977 0.223025 0.223072 0.223130 0.223226 0.223346 0.223359 0.223367 0.223339 0.223385 0.223364 0.223363 0.223225 0.223150 0.223106 0.223078 0.222962 0.000000 0.000000
0.000000 0.000000 0.207087 0.207135 0.207143 0.207250 0.207324 0.207679 0.207686 0.207701 0.207804 0.207742 0.207726 0.207693 0.207414 0.207347 0.207206 0.207197 0.207142 0.000000 0.000000
0.000000 0.000000 0.188104 0.188119 0.188202 0.188273 0.188751 0.188674 0.188769 0.188766 0.188723 0.188763 0.188771 0.188808 0.188871 0.188369 0.188308 0.188177 0.188090 0.000000 0.000000
0.000000 0.000000 0.165515 0.165571 0.165670 0.166299 0.166198 0.166509 0.166638 0.166668 0.166779 0.166844 0.166773 0.166783 0.166469 0.166544 0.165722 0.165869 0.165864 0.000000 0.000000
0.000000 0.000000 0.141076 0.141121 0.142013 0.141706 0.141803 0.141838 0.141484 0.141586 0.141392 0.141445 0.141597 0.141378 0.141395 0.141326 0.142085 0.140770 0.140787 0.000000 0.000000
0.000000 0.000000 0.111885 0.113193 0.112819 0.113368 0.114023 0.114213 0.114615 0.114519 0.114930 0.114883 0.114641 0.114890 0.114541 0.114057 0.112858 0.113728 0.112367 0.000000 0.000000
0.000000 0.000000 0.103196 0.102021 0.101042 0.101036 0.100961 0.101924 0.101737 0.102026 0.101534 0.101630 0.101712 0.101546 0.100744 0.100800 0.100855 0.101587 0.102747 0.000000 0.000000
0.000000 0.000000 0.300000 0.300000 0.300000 0.300000 0.300000 0.300000 0.300000 0.300000 0.300000 0.300000 0.300000 0.300000 0.300000 0.300000 0.300000 0.300000 0.300000 0.000000 0.000000
0.000000 0.000000 0.000000 0.000000 0.000000 0.000000 0.000000 0.000000 0.000000 0.000000 0.000000 0.000000 0.000000 0.000000 0.000000 0.000000 0.000000 0.000000 0.000000 0.000000 0.000000