geotop/1.0zi/1.0Montebello/Templates/testdem/maps/_Eocsand8457.asc
ncols         21
nrows         20
xllcorner     100.000000
yllcorner     100.000000
cellsize      50.000000
NODATA_value  -9999.0
0.000000 0.000000 0.000000 0.000000 0.000000 0.000000 0.000000 0.000000 0.000000 0.000000 0.000000 0.000000 0.000000 0.000000 0.000000 0.000000 0.000000 0.000000 0.000000 0.000000 0.000000
0.000000 0.000000 0.300211 0.300209 0.300209 0.300209 0.300208 0.300208 0.300208 0.300208 0.300209 0.300208 0.300208 0.300209 0.300208 0.300208 0.300210 0.300209 0.300209 0.000000 0.000000
0.000000 0.000000 0.300011 0.300012 0.300012 0.300011 0.300012 0.300012 0.300012 0.300012 0.300012 0.300012 0.300011 0.300012 0.300012 0.300012 0.300012 0.300013 0.300014 0.000000 0.000000
0.000000 0.000000 0.299893 0.299893 0.299897 0.299905 0.299901 0.299909 0.299904 0.299906 0.299906 0.299906 0.299906 0.299908 0.299903 0.299898 0.299896 0.299893 0.299894 0.000000 0.000000
0.000000 0.000000 0.297937 0.297934 0.297943 0.297957 0.297979 0.297989 0.297996 0.297994 0.297999 0.297997 0.298001 0.297994 0.297972 0.297965 0.297953 0.297939 0.297929 0.000000 0.000000
0.000000 0.000000 0.292127 0.292129 0.292151 0.292198 0.292234 0.292282 0.292283 0.292296 0.292287 0.292288 0.292283 0.292283 0.292257 0.292223 0.292196 0.292174 0.292162 0.000000 0.000000
0.000000 0.000000 0.283921 0.283933 0.283950 0.284003 0.284072 0.284150 0.284150 0.284159 0.284158 0.284157 0.284161 0.284154 0.284087 0.284029 0.283995 0.283966 0.283951 0.000000 0.000000
0.000000 0.000000 0.274197 0.274206 0.274219 0.274281 0.274343 0.274429 0.274430 0.274441 0.274442 0.274447 0.274453 0.274436 0.274364 0.274309 0.274254 0.274239 0.274213 0.000000 0.000000
0.000000 0.000000 0.263753 0.263774 0.263802 0.263842 0.263914 0.264006 0.264000 0.264020 0.264025 0.264029 0.264027 0.264029 0.263939 0.263868 0.263826 0.263804 0.263782 0.000000 0.000000
0.000000 0.000000 0.252643 0.252667 0.252681 0.252720 0.252822 0.252905 0.252906 0.252915 0.252929 0.252920 0.252911 0.252914 0.252839 0.252755 0.252705 0.252686 0.252672 0.000000 0.000000
0.000000 0.000000 0.240494 0.240507 0.240523 0.240616 0.240683 0.240788 0.240762 0.240820 0.240808 0.240814 0.240835 0.240799 0.240725 0.240675 0.240608 0.240573 0.240528 0.000000 0.000000
0.000000 0.000000 0.226911 0.226953 0.226991 0.227042 0.227129 0.227250 0.227263 0.227273 0.227247 0.227291 0.227275 0.227271 0.227141 0.227072 0.227030 0.227002 0.226894 0.000000 0.000000
0.000000 0.000000 0.212119 0.212161 0.212163 0.212255 0.212322 0.212657 0.212665 0.212680 0.212774 0.212720 0.212708 0.212676 0.212418 0.212356 0.212227 0.212216 0.212163 0.000000 0.000000
0.000000 0.000000 0.194611 0.194622 0.194688 0.194748 0.195174 0.195130 0.195217 0.195216 0.195185 0.195219 0.195229 0.195257 0.195303 0.194853 0.194793 0.194673 0.194593 0.000000 0.000000
0.000000 0.000000 0.173852 0.173895 0.173979 0.174528 0.174460 0.174740 0.174862 0.174889 0.174988 0.175050 0.174991 0.175001 0.174729 0.174768 0.174040 0.174160 0.174152 0.000000 0.000000
0.000000 0.000000 0.151161 0.151198 0.151987 0.151741 0.151810 0.151870 0.151566 0.151660 0.151497 0.151551 0.151687 0.151489 0.151487 0.151437 0.152063 0.150901 0.150918 0.000000 0.000000
0.000000 0.000000 0.123369 0.124593 0.124285 0.124764 0.125373 0.125559 0.125913 0.125831 0.126207 0.126168 0.125956 0.126172 0.125854 0.125404 0.124335 0.125068 0.123796 0.000000 0.000000
0.000000 0.000000 0.114173 0.113029 0.112035 0.112024 0.111951 0.112909 0.112737 0.113020 0.112547 0.112643 0.112722 0.112561 0.111767 0.111821 0.111857 0.112609 0.113734 0.000000 0.000000
0.000000 0.000000 0.300000 0.300000 0.300000 0.300000 0.300000 0.300000 0.300000 0.300000 0.300000 0.300000 0.300000 0.300000 0.300000 0.300000 0.300000 0.300000 0.300000 0.000000 0.000000
0.000000 0.000000 0.000000 0.000000 0.000000 0.000000 0.000000 0.000000 0.000000 0.000000 0.000000 0.000000 0.000000 0.000000 0.000000 0.000000 0.000000 0.000000 0.000000 0.000000 0.000000