geotop/1.0zi/1.0Montebello/Templates/testdem/maps/_Eocsand1015.asc
ncols         21
nrows         20
xllcorner     100.000000
yllcorner     100.000000
cellsize      50.000000
NODATA_value  -9999.0
0.000000 0.000000 0.000000 0.000000 0.000000 0.000000 0.000000 0.000000 0.000000 0.000000 0.000000 0.000000 0.000000 0.000000 0.000000 0.000000 0.000000 0.000000 0.000000 0.000000 0.000000
0.000000 0.000000 0.300032 0.300032 0.300032 0.300032 0.300032 0.300032 0.300032 0.300032 0.300032 0.300032 0.300032 0.300032 0.300032 0.300032 0.300032 0.300032 0.300032 0.000000 0.000000
0.000000 0.000000 0.300004 0.300004 0.300004 0.300004 0.300004 0.300004 0.300004 0.300004 0.300004 0.300004 0.300004 0.300004 0.300004 0.300004 0.300004 0.300004 0.300004 0.000000 0.000000
0.000000 0.000000 0.299098 0.299098 0.299103 0.299101 0.299098 0.299098 0.299098 0.299098 0.299098 0.299098 0.299098 0.299098 0.299098 0.299101 0.299103 0.299098 0.299098 0.000000 0.000000
0.000000 0.000000 0.295976 0.295978 0.295982 0.295983 0.295976 0.295977 0.295977 0.295976 0.295976 0.295976 0.295977 0.295977 0.295976 0.295983 0.295982 0.295978 0.295976 0.000000 0.000000
0.000000 0.000000 0.292459 0.292461 0.292464 0.292464 0.292459 0.292459 0.292460 0.292459 0.292459 0.292459 0.292460 0.292459 0.292459 0.292464 0.292464 0.292461 0.292459 0.000000 0.000000
0.000000 0.000000 0.289178 0.289179 0.289182 0.289182 0.289178 0.289178 0.289178 0.289178 0.289178 0.289178 0.289178 0.289178 0.289178 0.289182 0.289182 0.289179 0.289178 0.000000 0.000000
0.000000 0.000000 0.286158 0.286159 0.286162 0.286161 0.286158 0.286158 0.286158 0.286158 0.286158 0.286158 0.286158 0.286158 0.286158 0.286161 0.286162 0.286159 0.286158 0.000000 0.000000
0.000000 0.000000 0.283327 0.283328 0.283331 0.283331 0.283327 0.283328 0.283328 0.283327 0.283327 0.283327 0.283328 0.283328 0.283327 0.283331 0.283331 0.283328 0.283327 0.000000 0.000000
0.000000 0.000000 0.280612 0.280613 0.280616 0.280615 0.280613 0.280613 0.280613 0.280612 0.280612 0.280612 0.280613 0.280613 0.280613 0.280615 0.280616 0.280613 0.280612 0.000000 0.000000
0.000000 0.000000 0.277986 0.277987 0.277990 0.277989 0.277986 0.277986 0.277987 0.277986 0.277986 0.277986 0.277987 0.277986 0.277986 0.277989 0.277990 0.277987 0.277986 0.000000 0.000000
0.000000 0.000000 0.275421 0.275422 0.275424 0.275424 0.275421 0.275421 0.275421 0.275421 0.275421 0.275421 0.275421 0.275421 0.275421 0.275424 0.275424 0.275422 0.275421 0.000000 0.000000
0.000000 0.000000 0.272896 0.272897 0.272899 0.272899 0.272896 0.272896 0.272896 0.272896 0.272896 0.272896 0.272896 0.272896 0.272896 0.272899 0.272899 0.272897 0.272896 0.000000 0.000000
0.000000 0.000000 0.270412 0.270413 0.270415 0.270415 0.270412 0.270412 0.270412 0.270412 0.270412 0.270412 0.270412 0.270412 0.270412 0.270415 0.270415 0.270413 0.270412 0.000000 0.000000
0.000000 0.000000 0.267956 0.267956 0.267959 0.267958 0.267956 0.267956 0.267956 0.267956 0.267956 0.267956 0.267956 0.267956 0.267956 0.267958 0.267959 0.267956 0.267956 0.000000 0.000000
0.000000 0.000000 0.265517 0.265518 0.265520 0.265520 0.265517 0.265517 0.265517 0.265517 0.265517 0.265517 0.265517 0.265517 0.265517 0.265520 0.265520 0.265518 0.265517 0.000000 0.000000
0.000000 0.000000 0.263104 0.263105 0.263108 0.263107 0.263104 0.263104 0.263105 0.263104 0.263104 0.263104 0.263105 0.263104 0.263104 0.263107 0.263108 0.263105 0.263104 0.000000 0.000000
0.000000 0.000000 0.260638 0.260638 0.260640 0.260640 0.260637 0.260637 0.260637 0.260637 0.260637 0.260637 0.260637 0.260637 0.260637 0.260640 0.260640 0.260638 0.260637 0.000000 0.000000
0.000000 0.000000 0.300000 0.300000 0.300000 0.300000 0.300000 0.300000 0.300000 0.300000 0.300000 0.300000 0.300000 0.300000 0.300000 0.300000 0.300000 0.300000 0.300000 0.000000 0.000000
0.000000 0.000000 0.000000 0.000000 0.000000 0.000000 0.000000 0.000000 0.000000 0.000000 0.000000 0.000000 0.000000 0.000000 0.000000 0.000000 0.000000 0.000000 0.000000 0.000000 0.000000