geotop/1.0zi/1.0Montebello/Templates/testdem/maps/_Eocsilt7245.asc
ncols         21
nrows         20
xllcorner     100.000000
yllcorner     100.000000
cellsize      50.000000
NODATA_value  -9999.0
0.000000 0.000000 0.000000 0.000000 0.000000 0.000000 0.000000 0.000000 0.000000 0.000000 0.000000 0.000000 0.000000 0.000000 0.000000 0.000000 0.000000 0.000000 0.000000 0.000000 0.000000
0.000000 0.000000 0.350148 0.350148 0.350149 0.350149 0.350148 0.350149 0.350149 0.350149 0.350149 0.350148 0.350148 0.350148 0.350148 0.350148 0.350149 0.350149 0.350148 0.000000 0.000000
0.000000 0.000000 0.350004 0.350003 0.350003 0.350003 0.350004 0.350003 0.350004 0.350004 0.350004 0.350004 0.350004 0.350004 0.350004 0.350003 0.350002 0.350002 0.350003 0.000000 0.000000
0.000000 0.000000 0.350063 0.350059 0.350058 0.350052 0.350053 0.350050 0.350053 0.350053 0.350050 0.350052 0.350052 0.350052 0.350054 0.350056 0.350060 0.350061 0.350061 0.000000 0.000000
0.000000 0.000000 0.350804 0.350811 0.350806 0.350798 0.350792 0.350786 0.350784 0.350782 0.350782 0.350783 0.350784 0.350785 0.350796 0.350800 0.350800 0.350808 0.350812 0.000000 0.000000
0.000000 0.000000 0.352993 0.352995 0.352985 0.352971 0.352954 0.352934 0.352934 0.352928 0.352932 0.352933 0.352934 0.352933 0.352943 0.352953 0.352963 0.352971 0.352977 0.000000 0.000000
0.000000 0.000000 0.356194 0.356191 0.356181 0.356158 0.356129 0.356099 0.356101 0.356097 0.356099 0.356097 0.356094 0.356099 0.356123 0.356147 0.356162 0.356175 0.356183 0.000000 0.000000
0.000000 0.000000 0.360021 0.360020 0.360015 0.359991 0.359963 0.359931 0.359931 0.359927 0.359926 0.359924 0.359922 0.359928 0.359956 0.359980 0.360003 0.360008 0.360020 0.000000 0.000000
0.000000 0.000000 0.364088 0.364081 0.364068 0.364052 0.364024 0.363986 0.363988 0.363980 0.363978 0.363976 0.363977 0.363976 0.364012 0.364042 0.364060 0.364069 0.364080 0.000000 0.000000
0.000000 0.000000 0.368286 0.368279 0.368272 0.368258 0.368218 0.368185 0.368186 0.368182 0.368176 0.368179 0.368183 0.368181 0.368211 0.368245 0.368264 0.368270 0.368278 0.000000 0.000000
0.000000 0.000000 0.372722 0.372717 0.372710 0.372678 0.372652 0.372613 0.372622 0.372601 0.372604 0.372603 0.372596 0.372609 0.372635 0.372656 0.372680 0.372693 0.372712 0.000000 0.000000
0.000000 0.000000 0.377526 0.377513 0.377498 0.377477 0.377448 0.377401 0.377401 0.377393 0.377404 0.377388 0.377392 0.377396 0.377442 0.377466 0.377482 0.377492 0.377535 0.000000 0.000000
0.000000 0.000000 0.382600 0.382587 0.382580 0.382554 0.382528 0.382418 0.382418 0.382409 0.382383 0.382395 0.382402 0.382413 0.382496 0.382520 0.382560 0.382565 0.382592 0.000000 0.000000
0.000000 0.000000 0.388341 0.388336 0.388315 0.388295 0.388171 0.388161 0.388136 0.388135 0.388136 0.388132 0.388129 0.388126 0.388127 0.388256 0.388283 0.388317 0.388349 0.000000 0.000000
0.000000 0.000000 0.394917 0.394907 0.394879 0.394734 0.394719 0.394647 0.394608 0.394599 0.394575 0.394555 0.394571 0.394566 0.394634 0.394660 0.394854 0.394833 0.394846 0.000000 0.000000
0.000000 0.000000 0.402077 0.402066 0.401862 0.401878 0.401866 0.401827 0.401891 0.401864 0.401896 0.401875 0.401847 0.401896 0.401917 0.401930 0.401839 0.402114 0.402114 0.000000 0.000000
0.000000 0.000000 0.410784 0.410473 0.410465 0.410366 0.410210 0.410158 0.410103 0.410112 0.410033 0.410034 0.410075 0.410042 0.410119 0.410235 0.410448 0.410383 0.410702 0.000000 0.000000
0.000000 0.000000 0.415649 0.415838 0.416126 0.416091 0.416051 0.415774 0.415793 0.415721 0.415813 0.415789 0.415788 0.415814 0.416057 0.416086 0.416174 0.415911 0.415736 0.000000 0.000000
0.000000 0.000000 0.350000 0.350000 0.350000 0.350000 0.350000 0.350000 0.350000 0.350000 0.350000 0.350000 0.350000 0.350000 0.350000 0.350000 0.350000 0.350000 0.350000 0.000000 0.000000
0.000000 0.000000 0.000000 0.000000 0.000000 0.000000 0.000000 0.000000 0.000000 0.000000 0.000000 0.000000 0.000000 0.000000 0.000000 0.000000 0.000000 0.000000 0.000000 0.000000 0.000000