geotop/1.0zi/1.0Montebello/Templates/testdem/maps/_Eocclay5365.asc
ncols         21
nrows         20
xllcorner     100.000000
yllcorner     100.000000
cellsize      50.000000
NODATA_value  -9999.0
0.000000 0.000000 0.000000 0.000000 0.000000 0.000000 0.000000 0.000000 0.000000 0.000000 0.000000 0.000000 0.000000 0.000000 0.000000 0.000000 0.000000 0.000000 0.000000 0.000000 0.000000
0.000000 0.000000 0.349759 0.349760 0.349760 0.349760 0.349760 0.349760 0.349760 0.349760 0.349760 0.349760 0.349760 0.349760 0.349760 0.349760 0.349760 0.349760 0.349760 0.000000 0.000000
0.000000 0.000000 0.349990 0.349990 0.349990 0.349990 0.349990 0.349990 0.349990 0.349990 0.349990 0.349989 0.349990 0.349990 0.349990 0.349990 0.349990 0.349990 0.349990 0.000000 0.000000
0.000000 0.000000 0.349989 0.349991 0.349988 0.349989 0.349991 0.349991 0.349991 0.349989 0.349991 0.349989 0.349989 0.349989 0.349991 0.349992 0.349990 0.349991 0.349990 0.000000 0.000000
0.000000 0.000000 0.350389 0.350389 0.350390 0.350385 0.350375 0.350371 0.350372 0.350375 0.350373 0.350374 0.350369 0.350369 0.350373 0.350371 0.350376 0.350378 0.350381 0.000000 0.000000
0.000000 0.000000 0.351828 0.351830 0.351825 0.351807 0.351803 0.351788 0.351787 0.351783 0.351787 0.351787 0.351791 0.351791 0.351793 0.351804 0.351809 0.351820 0.351824 0.000000 0.000000
0.000000 0.000000 0.353940 0.353939 0.353938 0.353922 0.353904 0.353880 0.353879 0.353876 0.353878 0.353880 0.353881 0.353879 0.353896 0.353915 0.353924 0.353933 0.353939 0.000000 0.000000
0.000000 0.000000 0.356506 0.356507 0.356506 0.356487 0.356469 0.356443 0.356444 0.356441 0.356442 0.356442 0.356440 0.356444 0.356463 0.356478 0.356492 0.356497 0.356505 0.000000 0.000000
0.000000 0.000000 0.359096 0.359094 0.359089 0.359079 0.359062 0.359036 0.359038 0.359033 0.359031 0.359033 0.359032 0.359030 0.359053 0.359071 0.359083 0.359086 0.359093 0.000000 0.000000
0.000000 0.000000 0.361707 0.361702 0.361701 0.361694 0.361668 0.361645 0.361647 0.361644 0.361640 0.361645 0.361648 0.361644 0.361663 0.361684 0.361697 0.361699 0.361704 0.000000 0.000000
0.000000 0.000000 0.364402 0.364399 0.364400 0.364382 0.364364 0.364338 0.364344 0.364332 0.364332 0.364334 0.364331 0.364337 0.364351 0.364364 0.364378 0.364386 0.364397 0.000000 0.000000
0.000000 0.000000 0.367209 0.367203 0.367198 0.367184 0.367170 0.367139 0.367141 0.367133 0.367141 0.367134 0.367134 0.367137 0.367163 0.367174 0.367185 0.367188 0.367218 0.000000 0.000000
0.000000 0.000000 0.370076 0.370071 0.370069 0.370055 0.370042 0.369981 0.369982 0.369976 0.369964 0.369971 0.369976 0.369980 0.370023 0.370034 0.370056 0.370058 0.370079 0.000000 0.000000
0.000000 0.000000 0.373161 0.373157 0.373151 0.373142 0.373086 0.373069 0.373056 0.373055 0.373050 0.373053 0.373054 0.373052 0.373059 0.373114 0.373133 0.373148 0.373169 0.000000 0.000000
0.000000 0.000000 0.376532 0.376529 0.376516 0.376460 0.376440 0.376407 0.376382 0.376379 0.376368 0.376363 0.376370 0.376364 0.376388 0.376416 0.376501 0.376495 0.376508 0.000000 0.000000
0.000000 0.000000 0.380071 0.380066 0.379995 0.379979 0.379974 0.379952 0.379964 0.379955 0.379960 0.379951 0.379944 0.379958 0.379970 0.379979 0.379980 0.380072 0.380075 0.000000 0.000000
0.000000 0.000000 0.384069 0.383973 0.383933 0.383904 0.383859 0.383835 0.383829 0.383826 0.383806 0.383802 0.383810 0.383808 0.383833 0.383868 0.383923 0.383954 0.384050 0.000000 0.000000
0.000000 0.000000 0.387087 0.387080 0.387162 0.387136 0.387101 0.387010 0.387007 0.386987 0.386997 0.386992 0.386999 0.387000 0.387084 0.387106 0.387174 0.387087 0.387101 0.000000 0.000000
0.000000 0.000000 0.350000 0.350000 0.350000 0.350000 0.350000 0.350000 0.350000 0.350000 0.350000 0.350000 0.350000 0.350000 0.350000 0.350000 0.350000 0.350000 0.350000 0.000000 0.000000
0.000000 0.000000 0.000000 0.000000 0.000000 0.000000 0.000000 0.000000 0.000000 0.000000 0.000000 0.000000 0.000000 0.000000 0.000000 0.000000 0.000000 0.000000 0.000000 0.000000 0.000000