geotop/1.0zi/1.0Montebello/Templates/testdem/maps/_Eocsilt9795.asc
ncols         21
nrows         20
xllcorner     100.000000
yllcorner     100.000000
cellsize      50.000000
NODATA_value  -9999.0
0.000000 0.000000 0.000000 0.000000 0.000000 0.000000 0.000000 0.000000 0.000000 0.000000 0.000000 0.000000 0.000000 0.000000 0.000000 0.000000 0.000000 0.000000 0.000000 0.000000 0.000000
0.000000 0.000000 0.350207 0.350207 0.350207 0.350207 0.350206 0.350207 0.350207 0.350207 0.350207 0.350206 0.350206 0.350206 0.350207 0.350207 0.350208 0.350208 0.350207 0.000000 0.000000
0.000000 0.000000 0.350008 0.350008 0.350008 0.350007 0.350009 0.350008 0.350008 0.350008 0.350009 0.350008 0.350009 0.350009 0.350008 0.350007 0.350006 0.350006 0.350007 0.000000 0.000000
0.000000 0.000000 0.350150 0.350147 0.350141 0.350137 0.350137 0.350131 0.350135 0.350136 0.350133 0.350136 0.350137 0.350137 0.350139 0.350142 0.350147 0.350149 0.350150 0.000000 0.000000
0.000000 0.000000 0.351497 0.351503 0.351493 0.351473 0.351463 0.351456 0.351460 0.351457 0.351456 0.351459 0.351464 0.351462 0.351476 0.351485 0.351489 0.351495 0.351498 0.000000 0.000000
0.000000 0.000000 0.355165 0.355159 0.355145 0.355119 0.355086 0.355060 0.355058 0.355052 0.355053 0.355054 0.355059 0.355056 0.355074 0.355098 0.355110 0.355118 0.355125 0.000000 0.000000
0.000000 0.000000 0.360325 0.360314 0.360298 0.360260 0.360218 0.360165 0.360167 0.360163 0.360159 0.360158 0.360156 0.360160 0.360204 0.360236 0.360257 0.360273 0.360280 0.000000 0.000000
0.000000 0.000000 0.366446 0.366433 0.366418 0.366375 0.366330 0.366281 0.366283 0.366276 0.366270 0.366267 0.366266 0.366273 0.366315 0.366353 0.366386 0.366392 0.366406 0.000000 0.000000
0.000000 0.000000 0.373194 0.373174 0.373150 0.373116 0.373064 0.373004 0.373009 0.372997 0.372989 0.372987 0.372991 0.372988 0.373048 0.373092 0.373118 0.373130 0.373142 0.000000 0.000000
0.000000 0.000000 0.380623 0.380598 0.380578 0.380542 0.380486 0.380424 0.380425 0.380416 0.380403 0.380408 0.380416 0.380413 0.380461 0.380518 0.380548 0.380559 0.380566 0.000000 0.000000
0.000000 0.000000 0.389044 0.389023 0.389004 0.388923 0.388897 0.388814 0.388831 0.388790 0.388793 0.388787 0.388774 0.388796 0.388850 0.388886 0.388928 0.388943 0.388979 0.000000 0.000000
0.000000 0.000000 0.398862 0.398818 0.398768 0.398730 0.398686 0.398581 0.398579 0.398573 0.398585 0.398549 0.398567 0.398561 0.398657 0.398712 0.398735 0.398748 0.398821 0.000000 0.000000
0.000000 0.000000 0.409900 0.409858 0.409846 0.409770 0.409716 0.409441 0.409436 0.409418 0.409321 0.409380 0.409386 0.409409 0.409615 0.409663 0.409763 0.409768 0.409787 0.000000 0.000000
0.000000 0.000000 0.423494 0.423474 0.423387 0.423333 0.422953 0.423084 0.423002 0.423001 0.423050 0.422999 0.422990 0.422949 0.422829 0.423248 0.423265 0.423362 0.423421 0.000000 0.000000
0.000000 0.000000 0.438767 0.438723 0.438647 0.438166 0.438365 0.438065 0.437998 0.437966 0.437857 0.437819 0.437875 0.437877 0.438143 0.437951 0.438579 0.438432 0.438410 0.000000 0.000000
0.000000 0.000000 0.452118 0.452092 0.451596 0.451848 0.451758 0.451776 0.451992 0.451933 0.452048 0.452028 0.451935 0.452051 0.451986 0.452070 0.451520 0.452274 0.452263 0.000000 0.000000
0.000000 0.000000 0.462940 0.462625 0.462674 0.462557 0.462385 0.462331 0.462248 0.462266 0.462169 0.462179 0.462233 0.462180 0.462265 0.462394 0.462643 0.462490 0.462818 0.000000 0.000000
0.000000 0.000000 0.468244 0.468146 0.468318 0.468217 0.468109 0.467965 0.467920 0.467902 0.467886 0.467883 0.467915 0.467891 0.468037 0.468118 0.468314 0.468080 0.468184 0.000000 0.000000
0.000000 0.000000 0.350000 0.350000 0.350000 0.350000 0.350000 0.350000 0.350000 0.350000 0.350000 0.350000 0.350000 0.350000 0.350000 0.350000 0.350000 0.350000 0.350000 0.000000 0.000000
0.000000 0.000000 0.000000 0.000000 0.000000 0.000000 0.000000 0.000000 0.000000 0.000000 0.000000 0.000000 0.000000 0.000000 0.000000 0.000000 0.000000 0.000000 0.000000 0.000000 0.000000