geotop/1.0zi/1.0Montebello/Templates/testdem/maps/_Eocclay7397.asc
ncols         21
nrows         20
xllcorner     100.000000
yllcorner     100.000000
cellsize      50.000000
NODATA_value  -9999.0
0.000000 0.000000 0.000000 0.000000 0.000000 0.000000 0.000000 0.000000 0.000000 0.000000 0.000000 0.000000 0.000000 0.000000 0.000000 0.000000 0.000000 0.000000 0.000000 0.000000 0.000000
0.000000 0.000000 0.349660 0.349662 0.349662 0.349661 0.349662 0.349662 0.349662 0.349662 0.349660 0.349662 0.349662 0.349661 0.349662 0.349662 0.349660 0.349660 0.349661 0.000000 0.000000
0.000000 0.000000 0.349986 0.349985 0.349986 0.349987 0.349986 0.349985 0.349986 0.349986 0.349985 0.349985 0.349986 0.349985 0.349986 0.349986 0.349987 0.349986 0.349984 0.000000 0.000000
0.000000 0.000000 0.350010 0.350015 0.350011 0.350011 0.350013 0.350010 0.350012 0.350010 0.350013 0.350011 0.350011 0.350009 0.350011 0.350013 0.350012 0.350016 0.350014 0.000000 0.000000
0.000000 0.000000 0.350937 0.350935 0.350931 0.350926 0.350911 0.350909 0.350906 0.350909 0.350906 0.350906 0.350902 0.350906 0.350916 0.350917 0.350925 0.350926 0.350932 0.000000 0.000000
0.000000 0.000000 0.353423 0.353422 0.353411 0.353384 0.353372 0.353349 0.353350 0.353344 0.353347 0.353347 0.353349 0.353350 0.353360 0.353379 0.353392 0.353406 0.353412 0.000000 0.000000
0.000000 0.000000 0.356871 0.356867 0.356859 0.356837 0.356809 0.356773 0.356772 0.356767 0.356768 0.356769 0.356769 0.356770 0.356800 0.356828 0.356843 0.356855 0.356863 0.000000 0.000000
0.000000 0.000000 0.360979 0.360977 0.360970 0.360942 0.360915 0.360877 0.360876 0.360873 0.360872 0.360869 0.360867 0.360875 0.360907 0.360931 0.360955 0.360964 0.360975 0.000000 0.000000
0.000000 0.000000 0.365281 0.365275 0.365262 0.365245 0.365216 0.365178 0.365180 0.365171 0.365169 0.365167 0.365167 0.365167 0.365205 0.365236 0.365254 0.365263 0.365273 0.000000 0.000000
0.000000 0.000000 0.369777 0.369768 0.369762 0.369746 0.369704 0.369669 0.369669 0.369665 0.369659 0.369662 0.369667 0.369665 0.369697 0.369733 0.369755 0.369762 0.369769 0.000000 0.000000
0.000000 0.000000 0.374602 0.374596 0.374589 0.374555 0.374525 0.374484 0.374493 0.374471 0.374473 0.374473 0.374465 0.374480 0.374508 0.374531 0.374558 0.374573 0.374591 0.000000 0.000000
0.000000 0.000000 0.379863 0.379849 0.379834 0.379810 0.379779 0.379729 0.379727 0.379719 0.379730 0.379713 0.379717 0.379721 0.379772 0.379798 0.379817 0.379828 0.379874 0.000000 0.000000
0.000000 0.000000 0.385463 0.385449 0.385442 0.385411 0.385383 0.385261 0.385259 0.385252 0.385220 0.385235 0.385243 0.385254 0.385348 0.385375 0.385421 0.385427 0.385453 0.000000 0.000000
0.000000 0.000000 0.391871 0.391865 0.391841 0.391819 0.391675 0.391672 0.391642 0.391642 0.391645 0.391639 0.391636 0.391631 0.391628 0.391778 0.391808 0.391848 0.391880 0.000000 0.000000
0.000000 0.000000 0.399281 0.399269 0.399237 0.399065 0.399058 0.398974 0.398928 0.398919 0.398889 0.398868 0.398886 0.398881 0.398962 0.398982 0.399213 0.399185 0.399196 0.000000 0.000000
0.000000 0.000000 0.407393 0.407380 0.407136 0.407169 0.407155 0.407117 0.407198 0.407168 0.407207 0.407184 0.407149 0.407209 0.407229 0.407242 0.407113 0.407451 0.407447 0.000000 0.000000
0.000000 0.000000 0.417426 0.417042 0.417059 0.416932 0.416739 0.416680 0.416600 0.416617 0.416513 0.416517 0.416572 0.416525 0.416620 0.416763 0.417044 0.416926 0.417321 0.000000 0.000000
0.000000 0.000000 0.422499 0.422782 0.423144 0.423115 0.423088 0.422750 0.422780 0.422690 0.422816 0.422786 0.422778 0.422817 0.423112 0.423131 0.423209 0.422892 0.422621 0.000000 0.000000
0.000000 0.000000 0.350000 0.350000 0.350000 0.350000 0.350000 0.350000 0.350000 0.350000 0.350000 0.350000 0.350000 0.350000 0.350000 0.350000 0.350000 0.350000 0.350000 0.000000 0.000000
0.000000 0.000000 0.000000 0.000000 0.000000 0.000000 0.000000 0.000000 0.000000 0.000000 0.000000 0.000000 0.000000 0.000000 0.000000 0.000000 0.000000 0.000000 0.000000 0.000000 0.000000