geotop/1.0zi/1.0Montebello/Templates/testdem/maps/_Eocsilt8264.asc
ncols         21
nrows         20
xllcorner     100.000000
yllcorner     100.000000
cellsize      50.000000
NODATA_value  -9999.0
0.000000 0.000000 0.000000 0.000000 0.000000 0.000000 0.000000 0.000000 0.000000 0.000000 0.000000 0.000000 0.000000 0.000000 0.000000 0.000000 0.000000 0.000000 0.000000 0.000000 0.000000
0.000000 0.000000 0.350172 0.350172 0.350172 0.350173 0.350172 0.350172 0.350172 0.350172 0.350173 0.350172 0.350172 0.350172 0.350172 0.350172 0.350173 0.350173 0.350172 0.000000 0.000000
0.000000 0.000000 0.350005 0.350005 0.350005 0.350005 0.350006 0.350006 0.350006 0.350006 0.350006 0.350006 0.350006 0.350006 0.350006 0.350005 0.350004 0.350004 0.350005 0.000000 0.000000
0.000000 0.000000 0.350102 0.350099 0.350097 0.350091 0.350092 0.350087 0.350090 0.350090 0.350087 0.350089 0.350089 0.350089 0.350092 0.350095 0.350098 0.350098 0.350100 0.000000 0.000000
0.000000 0.000000 0.351047 0.351053 0.351047 0.351037 0.351030 0.351022 0.351019 0.351017 0.351017 0.351017 0.351018 0.351020 0.351033 0.351038 0.351041 0.351052 0.351054 0.000000 0.000000
0.000000 0.000000 0.353812 0.353813 0.353803 0.353787 0.353768 0.353745 0.353743 0.353738 0.353742 0.353743 0.353744 0.353743 0.353755 0.353769 0.353782 0.353790 0.353796 0.000000 0.000000
0.000000 0.000000 0.357768 0.357764 0.357753 0.357726 0.357693 0.357658 0.357658 0.357654 0.357655 0.357654 0.357651 0.357656 0.357686 0.357714 0.357732 0.357748 0.357756 0.000000 0.000000
0.000000 0.000000 0.362445 0.362443 0.362437 0.362409 0.362377 0.362338 0.362337 0.362333 0.362332 0.362328 0.362327 0.362333 0.362368 0.362396 0.362424 0.362430 0.362443 0.000000 0.000000
0.000000 0.000000 0.367486 0.367477 0.367462 0.367443 0.367409 0.367364 0.367366 0.367356 0.367354 0.367352 0.367354 0.367353 0.367396 0.367431 0.367453 0.367465 0.367476 0.000000 0.000000
0.000000 0.000000 0.372810 0.372801 0.372793 0.372774 0.372726 0.372686 0.372686 0.372681 0.372675 0.372678 0.372684 0.372682 0.372718 0.372758 0.372784 0.372792 0.372800 0.000000 0.000000
0.000000 0.000000 0.378581 0.378575 0.378566 0.378525 0.378491 0.378444 0.378454 0.378429 0.378432 0.378431 0.378422 0.378439 0.378472 0.378498 0.378529 0.378547 0.378568 0.000000 0.000000
0.000000 0.000000 0.385003 0.384986 0.384966 0.384940 0.384902 0.384842 0.384837 0.384831 0.384845 0.384825 0.384831 0.384834 0.384896 0.384927 0.384949 0.384962 0.385016 0.000000 0.000000
0.000000 0.000000 0.391953 0.391937 0.391930 0.391891 0.391858 0.391702 0.391699 0.391690 0.391649 0.391671 0.391679 0.391694 0.391812 0.391844 0.391903 0.391910 0.391936 0.000000 0.000000
0.000000 0.000000 0.400112 0.400108 0.400075 0.400049 0.399853 0.399870 0.399828 0.399829 0.399842 0.399830 0.399824 0.399815 0.399796 0.400000 0.400032 0.400086 0.400124 0.000000 0.000000
0.000000 0.000000 0.409726 0.409709 0.409670 0.409421 0.409444 0.409319 0.409263 0.409250 0.409208 0.409178 0.409206 0.409201 0.409322 0.409314 0.409643 0.409593 0.409600 0.000000 0.000000
0.000000 0.000000 0.420222 0.420207 0.419849 0.419949 0.419922 0.419889 0.420022 0.419981 0.420052 0.420027 0.419968 0.420058 0.420063 0.420085 0.419820 0.420339 0.420332 0.000000 0.000000
0.000000 0.000000 0.433081 0.432530 0.432648 0.432441 0.432165 0.432084 0.431931 0.431967 0.431802 0.431817 0.431911 0.431819 0.431958 0.432162 0.432631 0.432327 0.432903 0.000000 0.000000
0.000000 0.000000 0.437733 0.438234 0.438690 0.438694 0.438717 0.438277 0.438350 0.438221 0.438431 0.438389 0.438357 0.438429 0.438794 0.438777 0.438776 0.438423 0.437933 0.000000 0.000000
0.000000 0.000000 0.350000 0.350000 0.350000 0.350000 0.350000 0.350000 0.350000 0.350000 0.350000 0.350000 0.350000 0.350000 0.350000 0.350000 0.350000 0.350000 0.350000 0.000000 0.000000
0.000000 0.000000 0.000000 0.000000 0.000000 0.000000 0.000000 0.000000 0.000000 0.000000 0.000000 0.000000 0.000000 0.000000 0.000000 0.000000 0.000000 0.000000 0.000000 0.000000 0.000000