geotop/1.0zi/1.0Montebello/Templates/testdem/maps/_Eocsand9953.asc
ncols         21
nrows         20
xllcorner     100.000000
yllcorner     100.000000
cellsize      50.000000
NODATA_value  -9999.0
0.000000 0.000000 0.000000 0.000000 0.000000 0.000000 0.000000 0.000000 0.000000 0.000000 0.000000 0.000000 0.000000 0.000000 0.000000 0.000000 0.000000 0.000000 0.000000 0.000000 0.000000
0.000000 0.000000 0.300245 0.300242 0.300243 0.300244 0.300243 0.300242 0.300243 0.300243 0.300244 0.300243 0.300243 0.300243 0.300243 0.300243 0.300244 0.300243 0.300243 0.000000 0.000000
0.000000 0.000000 0.300011 0.300013 0.300012 0.300011 0.300012 0.300013 0.300012 0.300012 0.300012 0.300012 0.300012 0.300012 0.300012 0.300012 0.300013 0.300013 0.300014 0.000000 0.000000
0.000000 0.000000 0.299810 0.299809 0.299819 0.299826 0.299825 0.299831 0.299823 0.299825 0.299825 0.299824 0.299822 0.299824 0.299819 0.299812 0.299809 0.299806 0.299808 0.000000 0.000000
0.000000 0.000000 0.296980 0.296981 0.296997 0.297033 0.297062 0.297071 0.297072 0.297072 0.297075 0.297069 0.297063 0.297063 0.297039 0.297025 0.297010 0.297000 0.296988 0.000000 0.000000
0.000000 0.000000 0.289208 0.289220 0.289259 0.289330 0.289396 0.289455 0.289452 0.289461 0.289465 0.289464 0.289452 0.289458 0.289421 0.289366 0.289338 0.289316 0.289305 0.000000 0.000000
0.000000 0.000000 0.278467 0.278491 0.278524 0.278607 0.278690 0.278805 0.278803 0.278810 0.278823 0.278822 0.278824 0.278820 0.278724 0.278657 0.278615 0.278585 0.278572 0.000000 0.000000
0.000000 0.000000 0.265704 0.265732 0.265767 0.265865 0.265958 0.266061 0.266059 0.266070 0.266086 0.266091 0.266095 0.266078 0.265990 0.265914 0.265846 0.265831 0.265803 0.000000 0.000000
0.000000 0.000000 0.251629 0.251669 0.251722 0.251800 0.251906 0.252031 0.252019 0.252041 0.252062 0.252066 0.252060 0.252067 0.251942 0.251851 0.251798 0.251775 0.251751 0.000000 0.000000
0.000000 0.000000 0.235998 0.236053 0.236097 0.236182 0.236299 0.236431 0.236429 0.236442 0.236475 0.236464 0.236448 0.236456 0.236354 0.236235 0.236172 0.236147 0.236137 0.000000 0.000000
0.000000 0.000000 0.218105 0.218151 0.218193 0.218376 0.218432 0.218608 0.218572 0.218654 0.218655 0.218668 0.218696 0.218649 0.218534 0.218460 0.218371 0.218339 0.218264 0.000000 0.000000
0.000000 0.000000 0.197078 0.197174 0.197284 0.197376 0.197472 0.197697 0.197702 0.197706 0.197689 0.197767 0.197729 0.197744 0.197537 0.197419 0.197372 0.197343 0.197191 0.000000 0.000000
0.000000 0.000000 0.173260 0.173349 0.173376 0.173556 0.173675 0.174275 0.174286 0.174319 0.174543 0.174410 0.174399 0.174348 0.173897 0.173799 0.173578 0.173566 0.173536 0.000000 0.000000
0.000000 0.000000 0.143759 0.143798 0.144002 0.144129 0.144976 0.144656 0.144838 0.144829 0.144715 0.144841 0.144858 0.144956 0.145237 0.144314 0.144290 0.144073 0.143948 0.000000 0.000000
0.000000 0.000000 0.111105 0.111205 0.111359 0.112424 0.111941 0.112614 0.112751 0.112814 0.113075 0.113141 0.113028 0.113012 0.112420 0.112882 0.111515 0.111844 0.111902 0.000000 0.000000
0.000000 0.000000 0.083737 0.083789 0.084812 0.084279 0.084474 0.084423 0.083973 0.084088 0.083854 0.083892 0.084087 0.083848 0.083994 0.083812 0.084979 0.083417 0.083441 0.000000 0.000000
0.000000 0.000000 0.061891 0.062540 0.062445 0.062682 0.063037 0.063113 0.063280 0.063242 0.063442 0.063419 0.063311 0.063420 0.063281 0.063012 0.062515 0.062821 0.062150 0.000000 0.000000
0.000000 0.000000 0.051536 0.051602 0.051230 0.051389 0.051563 0.051880 0.051933 0.051987 0.051972 0.051985 0.051943 0.051965 0.051662 0.051530 0.051232 0.051682 0.051609 0.000000 0.000000
0.000000 0.000000 0.300000 0.300000 0.300000 0.300000 0.300000 0.300000 0.300000 0.300000 0.300000 0.300000 0.300000 0.300000 0.300000 0.300000 0.300000 0.300000 0.300000 0.000000 0.000000
0.000000 0.000000 0.000000 0.000000 0.000000 0.000000 0.000000 0.000000 0.000000 0.000000 0.000000 0.000000 0.000000 0.000000 0.000000 0.000000 0.000000 0.000000 0.000000 0.000000 0.000000