geotop/1.0zi/1.0Montebello/Templates/testdem/maps/_Eocsilt3798.asc
ncols         21
nrows         20
xllcorner     100.000000
yllcorner     100.000000
cellsize      50.000000
NODATA_value  -9999.0
0.000000 0.000000 0.000000 0.000000 0.000000 0.000000 0.000000 0.000000 0.000000 0.000000 0.000000 0.000000 0.000000 0.000000 0.000000 0.000000 0.000000 0.000000 0.000000 0.000000 0.000000
0.000000 0.000000 0.350076 0.350076 0.350076 0.350076 0.350076 0.350076 0.350076 0.350076 0.350076 0.350076 0.350076 0.350076 0.350076 0.350076 0.350077 0.350076 0.350076 0.000000 0.000000
0.000000 0.000000 0.350001 0.350002 0.350002 0.350002 0.350003 0.350003 0.350003 0.350003 0.350003 0.350003 0.350003 0.350002 0.350002 0.350002 0.350001 0.350001 0.350001 0.000000 0.000000
0.000000 0.000000 0.350032 0.350031 0.350031 0.350027 0.350029 0.350026 0.350028 0.350028 0.350028 0.350028 0.350028 0.350027 0.350027 0.350030 0.350031 0.350032 0.350032 0.000000 0.000000
0.000000 0.000000 0.350374 0.350378 0.350374 0.350377 0.350375 0.350373 0.350372 0.350369 0.350369 0.350370 0.350372 0.350372 0.350372 0.350371 0.350370 0.350375 0.350377 0.000000 0.000000
0.000000 0.000000 0.351424 0.351425 0.351421 0.351414 0.351408 0.351395 0.351394 0.351390 0.351394 0.351395 0.351395 0.351398 0.351404 0.351410 0.351412 0.351411 0.351413 0.000000 0.000000
0.000000 0.000000 0.352965 0.352967 0.352964 0.352949 0.352933 0.352916 0.352917 0.352914 0.352917 0.352917 0.352918 0.352923 0.352938 0.352951 0.352953 0.352956 0.352962 0.000000 0.000000
0.000000 0.000000 0.354741 0.354739 0.354734 0.354718 0.354699 0.354681 0.354682 0.354679 0.354680 0.354679 0.354680 0.354685 0.354706 0.354722 0.354730 0.354730 0.354735 0.000000 0.000000
0.000000 0.000000 0.356522 0.356519 0.356511 0.356498 0.356480 0.356458 0.356459 0.356455 0.356456 0.356457 0.356459 0.356464 0.356484 0.356501 0.356506 0.356509 0.356516 0.000000 0.000000
0.000000 0.000000 0.358287 0.358285 0.358279 0.358265 0.358245 0.358226 0.358228 0.358225 0.358225 0.358226 0.358227 0.358231 0.358252 0.358269 0.358274 0.358275 0.358281 0.000000 0.000000
0.000000 0.000000 0.360055 0.360052 0.360046 0.360035 0.360019 0.359996 0.359997 0.359993 0.359993 0.359995 0.359996 0.360000 0.360019 0.360031 0.360038 0.360041 0.360047 0.000000 0.000000
0.000000 0.000000 0.361871 0.361868 0.361860 0.361845 0.361828 0.361805 0.361805 0.361802 0.361803 0.361802 0.361805 0.361809 0.361832 0.361847 0.361853 0.361855 0.361876 0.000000 0.000000
0.000000 0.000000 0.363696 0.363693 0.363685 0.363672 0.363652 0.363612 0.363612 0.363608 0.363608 0.363608 0.363610 0.363616 0.363652 0.363669 0.363676 0.363678 0.363691 0.000000 0.000000
0.000000 0.000000 0.365611 0.365605 0.365598 0.365586 0.365543 0.365529 0.365523 0.365519 0.365521 0.365521 0.365522 0.365527 0.365543 0.365580 0.365587 0.365594 0.365602 0.000000 0.000000
0.000000 0.000000 0.367657 0.367653 0.367638 0.367603 0.367579 0.367552 0.367539 0.367535 0.367530 0.367530 0.367535 0.367536 0.367559 0.367587 0.367625 0.367622 0.367628 0.000000 0.000000
0.000000 0.000000 0.369748 0.369743 0.369702 0.369691 0.369673 0.369657 0.369654 0.369652 0.369654 0.369654 0.369653 0.369665 0.369675 0.369688 0.369689 0.369727 0.369737 0.000000 0.000000
0.000000 0.000000 0.372046 0.372000 0.371961 0.371943 0.371911 0.371894 0.371890 0.371888 0.371883 0.371883 0.371887 0.371890 0.371904 0.371934 0.371951 0.371972 0.372020 0.000000 0.000000
0.000000 0.000000 0.373876 0.373863 0.373887 0.373863 0.373833 0.373782 0.373776 0.373771 0.373773 0.373773 0.373774 0.373783 0.373829 0.373857 0.373886 0.373843 0.373866 0.000000 0.000000
0.000000 0.000000 0.350000 0.350000 0.350000 0.350000 0.350000 0.350000 0.350000 0.350000 0.350000 0.350000 0.350000 0.350000 0.350000 0.350000 0.350000 0.350000 0.350000 0.000000 0.000000
0.000000 0.000000 0.000000 0.000000 0.000000 0.000000 0.000000 0.000000 0.000000 0.000000 0.000000 0.000000 0.000000 0.000000 0.000000 0.000000 0.000000 0.000000 0.000000 0.000000 0.000000