geotop/1.0zi/1.0Montebello/Templates/testdem/maps/_Eocsand0990.asc
ncols         21
nrows         20
xllcorner     100.000000
yllcorner     100.000000
cellsize      50.000000
NODATA_value  -9999.0
0.000000 0.000000 0.000000 0.000000 0.000000 0.000000 0.000000 0.000000 0.000000 0.000000 0.000000 0.000000 0.000000 0.000000 0.000000 0.000000 0.000000 0.000000 0.000000 0.000000 0.000000
0.000000 0.000000 0.300032 0.300032 0.300032 0.300032 0.300032 0.300032 0.300032 0.300032 0.300032 0.300032 0.300032 0.300032 0.300032 0.300032 0.300032 0.300032 0.300032 0.000000 0.000000
0.000000 0.000000 0.300004 0.300004 0.300004 0.300004 0.300004 0.300004 0.300004 0.300004 0.300004 0.300004 0.300004 0.300004 0.300004 0.300004 0.300004 0.300004 0.300004 0.000000 0.000000
0.000000 0.000000 0.299121 0.299122 0.299126 0.299125 0.299121 0.299121 0.299121 0.299121 0.299121 0.299121 0.299121 0.299121 0.299121 0.299125 0.299126 0.299122 0.299121 0.000000 0.000000
0.000000 0.000000 0.296080 0.296082 0.296086 0.296087 0.296080 0.296081 0.296081 0.296080 0.296080 0.296080 0.296081 0.296081 0.296080 0.296087 0.296086 0.296082 0.296080 0.000000 0.000000
0.000000 0.000000 0.292635 0.292637 0.292640 0.292641 0.292635 0.292636 0.292636 0.292635 0.292635 0.292635 0.292636 0.292636 0.292635 0.292641 0.292640 0.292637 0.292635 0.000000 0.000000
0.000000 0.000000 0.289424 0.289425 0.289428 0.289428 0.289424 0.289424 0.289424 0.289424 0.289424 0.289424 0.289424 0.289424 0.289424 0.289428 0.289428 0.289425 0.289424 0.000000 0.000000
0.000000 0.000000 0.286471 0.286472 0.286475 0.286475 0.286471 0.286472 0.286472 0.286471 0.286471 0.286471 0.286472 0.286472 0.286471 0.286475 0.286475 0.286472 0.286471 0.000000 0.000000
0.000000 0.000000 0.283706 0.283707 0.283710 0.283709 0.283706 0.283706 0.283706 0.283706 0.283706 0.283706 0.283706 0.283706 0.283706 0.283709 0.283710 0.283707 0.283706 0.000000 0.000000
0.000000 0.000000 0.281055 0.281056 0.281058 0.281058 0.281055 0.281055 0.281055 0.281055 0.281055 0.281055 0.281055 0.281055 0.281055 0.281058 0.281058 0.281056 0.281055 0.000000 0.000000
0.000000 0.000000 0.278491 0.278492 0.278495 0.278494 0.278491 0.278491 0.278491 0.278491 0.278491 0.278491 0.278491 0.278491 0.278491 0.278494 0.278495 0.278492 0.278491 0.000000 0.000000
0.000000 0.000000 0.275987 0.275988 0.275990 0.275990 0.275987 0.275987 0.275987 0.275987 0.275987 0.275987 0.275987 0.275987 0.275987 0.275990 0.275990 0.275988 0.275987 0.000000 0.000000
0.000000 0.000000 0.273522 0.273523 0.273525 0.273525 0.273522 0.273522 0.273522 0.273522 0.273522 0.273522 0.273522 0.273522 0.273522 0.273525 0.273525 0.273523 0.273522 0.000000 0.000000
0.000000 0.000000 0.271097 0.271098 0.271100 0.271100 0.271097 0.271097 0.271097 0.271097 0.271097 0.271097 0.271097 0.271097 0.271097 0.271100 0.271100 0.271098 0.271097 0.000000 0.000000
0.000000 0.000000 0.268699 0.268700 0.268702 0.268702 0.268699 0.268699 0.268699 0.268699 0.268699 0.268699 0.268699 0.268699 0.268699 0.268702 0.268702 0.268700 0.268699 0.000000 0.000000
0.000000 0.000000 0.266319 0.266319 0.266322 0.266321 0.266319 0.266319 0.266319 0.266318 0.266318 0.266318 0.266319 0.266319 0.266319 0.266321 0.266322 0.266319 0.266319 0.000000 0.000000
0.000000 0.000000 0.263963 0.263964 0.263966 0.263966 0.263963 0.263963 0.263963 0.263963 0.263963 0.263963 0.263963 0.263963 0.263963 0.263966 0.263966 0.263964 0.263963 0.000000 0.000000
0.000000 0.000000 0.261553 0.261553 0.261556 0.261555 0.261553 0.261553 0.261553 0.261553 0.261553 0.261553 0.261553 0.261553 0.261553 0.261555 0.261556 0.261553 0.261553 0.000000 0.000000
0.000000 0.000000 0.300000 0.300000 0.300000 0.300000 0.300000 0.300000 0.300000 0.300000 0.300000 0.300000 0.300000 0.300000 0.300000 0.300000 0.300000 0.300000 0.300000 0.000000 0.000000
0.000000 0.000000 0.000000 0.000000 0.000000 0.000000 0.000000 0.000000 0.000000 0.000000 0.000000 0.000000 0.000000 0.000000 0.000000 0.000000 0.000000 0.000000 0.000000 0.000000 0.000000