geotop/1.0zi/1.0Montebello/Templates/testdem/maps/_Eocsand3288.asc
ncols         21
nrows         20
xllcorner     100.000000
yllcorner     100.000000
cellsize      50.000000
NODATA_value  -9999.0
0.000000 0.000000 0.000000 0.000000 0.000000 0.000000 0.000000 0.000000 0.000000 0.000000 0.000000 0.000000 0.000000 0.000000 0.000000 0.000000 0.000000 0.000000 0.000000 0.000000 0.000000
0.000000 0.000000 0.300089 0.300089 0.300089 0.300090 0.300089 0.300089 0.300089 0.300089 0.300091 0.300089 0.300089 0.300089 0.300089 0.300090 0.300089 0.300089 0.300089 0.000000 0.000000
0.000000 0.000000 0.300011 0.300011 0.300011 0.300011 0.300011 0.300011 0.300011 0.300011 0.300009 0.300011 0.300011 0.300011 0.300011 0.300011 0.300011 0.300011 0.300011 0.000000 0.000000
0.000000 0.000000 0.297432 0.297433 0.297437 0.297435 0.297432 0.297432 0.297432 0.297432 0.297431 0.297432 0.297432 0.297432 0.297432 0.297435 0.297437 0.297433 0.297432 0.000000 0.000000
0.000000 0.000000 0.287716 0.287717 0.287721 0.287721 0.287714 0.287717 0.287717 0.287714 0.287713 0.287714 0.287717 0.287717 0.287714 0.287721 0.287721 0.287717 0.287716 0.000000 0.000000
0.000000 0.000000 0.276411 0.276412 0.276415 0.276415 0.276409 0.276411 0.276411 0.276409 0.276408 0.276409 0.276411 0.276411 0.276409 0.276415 0.276415 0.276412 0.276411 0.000000 0.000000
0.000000 0.000000 0.265999 0.266000 0.266002 0.266002 0.265998 0.265999 0.265999 0.265998 0.265997 0.265998 0.265999 0.265999 0.265998 0.266002 0.266002 0.266000 0.265999 0.000000 0.000000
0.000000 0.000000 0.256553 0.256553 0.256556 0.256555 0.256552 0.256553 0.256553 0.256552 0.256551 0.256552 0.256553 0.256553 0.256552 0.256555 0.256556 0.256553 0.256553 0.000000 0.000000
0.000000 0.000000 0.247822 0.247823 0.247825 0.247825 0.247821 0.247823 0.247823 0.247821 0.247820 0.247821 0.247823 0.247823 0.247821 0.247825 0.247825 0.247823 0.247822 0.000000 0.000000
0.000000 0.000000 0.239601 0.239602 0.239604 0.239603 0.239600 0.239602 0.239602 0.239601 0.239600 0.239601 0.239602 0.239602 0.239600 0.239603 0.239604 0.239602 0.239601 0.000000 0.000000
0.000000 0.000000 0.231788 0.231789 0.231791 0.231790 0.231787 0.231789 0.231789 0.231788 0.231787 0.231788 0.231789 0.231789 0.231787 0.231790 0.231791 0.231789 0.231788 0.000000 0.000000
0.000000 0.000000 0.224308 0.224309 0.224311 0.224310 0.224308 0.224309 0.224309 0.224308 0.224307 0.224308 0.224309 0.224309 0.224308 0.224310 0.224311 0.224309 0.224308 0.000000 0.000000
0.000000 0.000000 0.217110 0.217111 0.217113 0.217112 0.217109 0.217111 0.217111 0.217110 0.217109 0.217110 0.217111 0.217111 0.217109 0.217112 0.217113 0.217111 0.217110 0.000000 0.000000
0.000000 0.000000 0.210134 0.210134 0.210136 0.210136 0.210133 0.210134 0.210134 0.210133 0.210132 0.210133 0.210134 0.210134 0.210133 0.210136 0.210136 0.210134 0.210134 0.000000 0.000000
0.000000 0.000000 0.203362 0.203362 0.203364 0.203363 0.203361 0.203362 0.203362 0.203361 0.203360 0.203361 0.203362 0.203362 0.203361 0.203363 0.203364 0.203362 0.203362 0.000000 0.000000
0.000000 0.000000 0.196781 0.196781 0.196784 0.196783 0.196780 0.196781 0.196781 0.196780 0.196780 0.196780 0.196781 0.196781 0.196780 0.196783 0.196784 0.196781 0.196781 0.000000 0.000000
0.000000 0.000000 0.190373 0.190373 0.190375 0.190374 0.190372 0.190373 0.190373 0.190372 0.190371 0.190372 0.190373 0.190373 0.190372 0.190374 0.190375 0.190373 0.190373 0.000000 0.000000
0.000000 0.000000 0.184017 0.184016 0.184018 0.184018 0.184015 0.184016 0.184016 0.184015 0.184015 0.184015 0.184016 0.184016 0.184015 0.184018 0.184018 0.184016 0.184016 0.000000 0.000000
0.000000 0.000000 0.300000 0.300000 0.300000 0.300000 0.300000 0.300000 0.300000 0.300000 0.300000 0.300000 0.300000 0.300000 0.300000 0.300000 0.300000 0.300000 0.300000 0.000000 0.000000
0.000000 0.000000 0.000000 0.000000 0.000000 0.000000 0.000000 0.000000 0.000000 0.000000 0.000000 0.000000 0.000000 0.000000 0.000000 0.000000 0.000000 0.000000 0.000000 0.000000 0.000000