geotop/1.0zi/1.0Montebello/Templates/testdem/maps/_Eocsilt6167.asc
ncols         21
nrows         20
xllcorner     100.000000
yllcorner     100.000000
cellsize      50.000000
NODATA_value  -9999.0
0.000000 0.000000 0.000000 0.000000 0.000000 0.000000 0.000000 0.000000 0.000000 0.000000 0.000000 0.000000 0.000000 0.000000 0.000000 0.000000 0.000000 0.000000 0.000000 0.000000 0.000000
0.000000 0.000000 0.350120 0.350120 0.350121 0.350121 0.350120 0.350121 0.350120 0.350120 0.350121 0.350120 0.350120 0.350120 0.350120 0.350121 0.350121 0.350121 0.350120 0.000000 0.000000
0.000000 0.000000 0.350002 0.350002 0.350002 0.350003 0.350003 0.350003 0.350003 0.350003 0.350003 0.350003 0.350004 0.350004 0.350003 0.350003 0.350001 0.350001 0.350002 0.000000 0.000000
0.000000 0.000000 0.350047 0.350046 0.350045 0.350040 0.350041 0.350039 0.350041 0.350042 0.350040 0.350039 0.350040 0.350039 0.350042 0.350045 0.350046 0.350048 0.350047 0.000000 0.000000
0.000000 0.000000 0.350550 0.350553 0.350553 0.350548 0.350545 0.350540 0.350539 0.350537 0.350535 0.350537 0.350539 0.350539 0.350544 0.350547 0.350546 0.350555 0.350559 0.000000 0.000000
0.000000 0.000000 0.352142 0.352145 0.352139 0.352125 0.352114 0.352097 0.352095 0.352091 0.352096 0.352098 0.352099 0.352095 0.352102 0.352109 0.352118 0.352122 0.352127 0.000000 0.000000
0.000000 0.000000 0.354589 0.354586 0.354580 0.354560 0.354538 0.354514 0.354515 0.354512 0.354514 0.354514 0.354511 0.354515 0.354533 0.354553 0.354563 0.354573 0.354580 0.000000 0.000000
0.000000 0.000000 0.357592 0.357592 0.357591 0.357572 0.357550 0.357523 0.357524 0.357521 0.357520 0.357519 0.357518 0.357521 0.357543 0.357564 0.357581 0.357584 0.357594 0.000000 0.000000
0.000000 0.000000 0.360752 0.360747 0.360738 0.360726 0.360705 0.360674 0.360675 0.360669 0.360667 0.360668 0.360668 0.360666 0.360695 0.360717 0.360733 0.360738 0.360748 0.000000 0.000000
0.000000 0.000000 0.363946 0.363941 0.363937 0.363929 0.363898 0.363871 0.363873 0.363869 0.363865 0.363869 0.363872 0.363869 0.363892 0.363918 0.363933 0.363936 0.363942 0.000000 0.000000
0.000000 0.000000 0.367242 0.367239 0.367237 0.367214 0.367193 0.367164 0.367170 0.367156 0.367156 0.367157 0.367153 0.367161 0.367180 0.367197 0.367213 0.367223 0.367236 0.000000 0.000000
0.000000 0.000000 0.370728 0.370720 0.370710 0.370695 0.370676 0.370639 0.370640 0.370632 0.370641 0.370632 0.370634 0.370637 0.370671 0.370687 0.370699 0.370704 0.370738 0.000000 0.000000
0.000000 0.000000 0.374326 0.374319 0.374315 0.374297 0.374280 0.374205 0.374204 0.374198 0.374182 0.374190 0.374196 0.374201 0.374258 0.374273 0.374300 0.374303 0.374327 0.000000 0.000000
0.000000 0.000000 0.378264 0.378259 0.378249 0.378237 0.378162 0.378145 0.378128 0.378127 0.378122 0.378124 0.378124 0.378122 0.378131 0.378206 0.378229 0.378248 0.378272 0.000000 0.000000
0.000000 0.000000 0.382635 0.382628 0.382611 0.382531 0.382510 0.382465 0.382437 0.382432 0.382418 0.382408 0.382417 0.382412 0.382447 0.382481 0.382594 0.382584 0.382599 0.000000 0.000000
0.000000 0.000000 0.387295 0.387289 0.387182 0.387168 0.387163 0.387136 0.387159 0.387146 0.387156 0.387145 0.387132 0.387154 0.387172 0.387182 0.387166 0.387304 0.387307 0.000000 0.000000
0.000000 0.000000 0.392695 0.392547 0.392505 0.392462 0.392392 0.392358 0.392343 0.392342 0.392309 0.392305 0.392320 0.392313 0.392354 0.392408 0.392494 0.392513 0.392665 0.000000 0.000000
0.000000 0.000000 0.396493 0.396516 0.396651 0.396618 0.396571 0.396435 0.396433 0.396402 0.396426 0.396418 0.396425 0.396431 0.396555 0.396591 0.396673 0.396535 0.396521 0.000000 0.000000
0.000000 0.000000 0.350000 0.350000 0.350000 0.350000 0.350000 0.350000 0.350000 0.350000 0.350000 0.350000 0.350000 0.350000 0.350000 0.350000 0.350000 0.350000 0.350000 0.000000 0.000000
0.000000 0.000000 0.000000 0.000000 0.000000 0.000000 0.000000 0.000000 0.000000 0.000000 0.000000 0.000000 0.000000 0.000000 0.000000 0.000000 0.000000 0.000000 0.000000 0.000000 0.000000