geotop/1.0zi/1.0Montebello/Templates/testdem/maps/_Eocsilt9768.asc
ncols         21
nrows         20
xllcorner     100.000000
yllcorner     100.000000
cellsize      50.000000
NODATA_value  -9999.0
0.000000 0.000000 0.000000 0.000000 0.000000 0.000000 0.000000 0.000000 0.000000 0.000000 0.000000 0.000000 0.000000 0.000000 0.000000 0.000000 0.000000 0.000000 0.000000 0.000000 0.000000
0.000000 0.000000 0.350207 0.350207 0.350207 0.350207 0.350206 0.350207 0.350207 0.350207 0.350207 0.350206 0.350206 0.350206 0.350207 0.350207 0.350208 0.350208 0.350207 0.000000 0.000000
0.000000 0.000000 0.350008 0.350008 0.350008 0.350007 0.350009 0.350008 0.350008 0.350008 0.350009 0.350008 0.350009 0.350009 0.350008 0.350007 0.350006 0.350006 0.350007 0.000000 0.000000
0.000000 0.000000 0.350150 0.350147 0.350141 0.350137 0.350137 0.350131 0.350135 0.350136 0.350133 0.350136 0.350137 0.350137 0.350139 0.350142 0.350147 0.350149 0.350150 0.000000 0.000000
0.000000 0.000000 0.351497 0.351503 0.351493 0.351473 0.351463 0.351456 0.351460 0.351457 0.351456 0.351459 0.351464 0.351462 0.351476 0.351485 0.351489 0.351495 0.351498 0.000000 0.000000
0.000000 0.000000 0.355165 0.355159 0.355144 0.355118 0.355086 0.355059 0.355057 0.355051 0.355052 0.355054 0.355058 0.355055 0.355073 0.355097 0.355109 0.355117 0.355124 0.000000 0.000000
0.000000 0.000000 0.360325 0.360314 0.360298 0.360260 0.360218 0.360165 0.360167 0.360163 0.360159 0.360158 0.360156 0.360160 0.360204 0.360236 0.360257 0.360272 0.360280 0.000000 0.000000
0.000000 0.000000 0.366444 0.366431 0.366416 0.366373 0.366328 0.366279 0.366281 0.366274 0.366268 0.366265 0.366264 0.366271 0.366313 0.366351 0.366384 0.366390 0.366404 0.000000 0.000000
0.000000 0.000000 0.373189 0.373169 0.373145 0.373111 0.373060 0.372999 0.373005 0.372992 0.372985 0.372983 0.372986 0.372983 0.373043 0.373087 0.373114 0.373125 0.373138 0.000000 0.000000
0.000000 0.000000 0.380614 0.380589 0.380569 0.380533 0.380477 0.380415 0.380416 0.380407 0.380394 0.380400 0.380407 0.380404 0.380452 0.380509 0.380539 0.380551 0.380557 0.000000 0.000000
0.000000 0.000000 0.389029 0.389008 0.388989 0.388908 0.388882 0.388799 0.388816 0.388775 0.388778 0.388772 0.388759 0.388781 0.388835 0.388871 0.388913 0.388928 0.388964 0.000000 0.000000
0.000000 0.000000 0.398838 0.398794 0.398745 0.398706 0.398662 0.398557 0.398555 0.398550 0.398562 0.398526 0.398543 0.398538 0.398633 0.398688 0.398711 0.398724 0.398797 0.000000 0.000000
0.000000 0.000000 0.409864 0.409823 0.409811 0.409734 0.409681 0.409406 0.409401 0.409383 0.409286 0.409345 0.409351 0.409374 0.409580 0.409627 0.409728 0.409733 0.409751 0.000000 0.000000
0.000000 0.000000 0.423443 0.423423 0.423336 0.423282 0.422902 0.423034 0.422952 0.422951 0.423000 0.422948 0.422939 0.422899 0.422779 0.423198 0.423214 0.423311 0.423370 0.000000 0.000000
0.000000 0.000000 0.438701 0.438657 0.438581 0.438100 0.438300 0.438000 0.437933 0.437900 0.437792 0.437754 0.437810 0.437812 0.438078 0.437886 0.438513 0.438366 0.438344 0.000000 0.000000
0.000000 0.000000 0.452048 0.452022 0.451525 0.451777 0.451688 0.451706 0.451922 0.451863 0.451978 0.451958 0.451865 0.451982 0.451917 0.452000 0.451449 0.452204 0.452193 0.000000 0.000000
0.000000 0.000000 0.462878 0.462562 0.462613 0.462494 0.462322 0.462269 0.462185 0.462203 0.462105 0.462116 0.462170 0.462116 0.462202 0.462331 0.462582 0.462426 0.462755 0.000000 0.000000
0.000000 0.000000 0.468179 0.468082 0.468255 0.468154 0.468047 0.467902 0.467857 0.467839 0.467823 0.467820 0.467852 0.467829 0.467975 0.468055 0.468252 0.468016 0.468119 0.000000 0.000000
0.000000 0.000000 0.350000 0.350000 0.350000 0.350000 0.350000 0.350000 0.350000 0.350000 0.350000 0.350000 0.350000 0.350000 0.350000 0.350000 0.350000 0.350000 0.350000 0.000000 0.000000
0.000000 0.000000 0.000000 0.000000 0.000000 0.000000 0.000000 0.000000 0.000000 0.000000 0.000000 0.000000 0.000000 0.000000 0.000000 0.000000 0.000000 0.000000 0.000000 0.000000 0.000000