geotop/1.0zi/1.0Montebello/Templates/testdem/maps/_Eocclay1167.asc
ncols         21
nrows         20
xllcorner     100.000000
yllcorner     100.000000
cellsize      50.000000
NODATA_value  -9999.0
0.000000 0.000000 0.000000 0.000000 0.000000 0.000000 0.000000 0.000000 0.000000 0.000000 0.000000 0.000000 0.000000 0.000000 0.000000 0.000000 0.000000 0.000000 0.000000 0.000000 0.000000
0.000000 0.000000 0.349939 0.349939 0.349940 0.349939 0.349939 0.349939 0.349939 0.349939 0.349939 0.349939 0.349939 0.349939 0.349939 0.349939 0.349940 0.349939 0.349939 0.000000 0.000000
0.000000 0.000000 0.349995 0.349995 0.349994 0.349995 0.349995 0.349995 0.349995 0.349995 0.349995 0.349995 0.349995 0.349995 0.349995 0.349995 0.349994 0.349995 0.349995 0.000000 0.000000
0.000000 0.000000 0.350450 0.350450 0.350448 0.350448 0.350450 0.350450 0.350450 0.350450 0.350450 0.350450 0.350450 0.350450 0.350450 0.350448 0.350448 0.350450 0.350450 0.000000 0.000000
0.000000 0.000000 0.352198 0.352197 0.352195 0.352195 0.352199 0.352198 0.352198 0.352199 0.352199 0.352199 0.352198 0.352198 0.352199 0.352195 0.352195 0.352197 0.352198 0.000000 0.000000
0.000000 0.000000 0.354157 0.354156 0.354154 0.354155 0.354157 0.354157 0.354157 0.354157 0.354157 0.354157 0.354157 0.354157 0.354157 0.354155 0.354154 0.354156 0.354157 0.000000 0.000000
0.000000 0.000000 0.356023 0.356022 0.356020 0.356021 0.356023 0.356022 0.356022 0.356023 0.356023 0.356023 0.356022 0.356022 0.356023 0.356021 0.356020 0.356022 0.356023 0.000000 0.000000
0.000000 0.000000 0.357745 0.357745 0.357743 0.357743 0.357745 0.357745 0.357745 0.357745 0.357745 0.357745 0.357745 0.357745 0.357745 0.357743 0.357743 0.357745 0.357745 0.000000 0.000000
0.000000 0.000000 0.359360 0.359360 0.359358 0.359359 0.359360 0.359360 0.359360 0.359360 0.359360 0.359360 0.359360 0.359360 0.359360 0.359359 0.359358 0.359360 0.359360 0.000000 0.000000
0.000000 0.000000 0.360909 0.360909 0.360907 0.360907 0.360909 0.360909 0.360909 0.360909 0.360909 0.360909 0.360909 0.360909 0.360909 0.360907 0.360907 0.360909 0.360909 0.000000 0.000000
0.000000 0.000000 0.362407 0.362407 0.362405 0.362406 0.362407 0.362407 0.362407 0.362407 0.362407 0.362407 0.362407 0.362407 0.362407 0.362406 0.362405 0.362407 0.362407 0.000000 0.000000
0.000000 0.000000 0.363871 0.363870 0.363869 0.363869 0.363871 0.363870 0.363870 0.363871 0.363871 0.363871 0.363870 0.363870 0.363871 0.363869 0.363869 0.363870 0.363871 0.000000 0.000000
0.000000 0.000000 0.365310 0.365310 0.365308 0.365309 0.365310 0.365310 0.365310 0.365310 0.365310 0.365310 0.365310 0.365310 0.365310 0.365309 0.365308 0.365310 0.365310 0.000000 0.000000
0.000000 0.000000 0.366724 0.366724 0.366722 0.366723 0.366724 0.366724 0.366724 0.366724 0.366724 0.366724 0.366724 0.366724 0.366724 0.366723 0.366722 0.366724 0.366724 0.000000 0.000000
0.000000 0.000000 0.368123 0.368122 0.368121 0.368121 0.368123 0.368122 0.368122 0.368123 0.368123 0.368123 0.368122 0.368122 0.368123 0.368121 0.368121 0.368122 0.368123 0.000000 0.000000
0.000000 0.000000 0.369511 0.369510 0.369509 0.369510 0.369511 0.369511 0.369511 0.369511 0.369511 0.369511 0.369511 0.369511 0.369511 0.369510 0.369509 0.369510 0.369511 0.000000 0.000000
0.000000 0.000000 0.370884 0.370884 0.370882 0.370883 0.370884 0.370884 0.370884 0.370884 0.370884 0.370884 0.370884 0.370884 0.370884 0.370883 0.370882 0.370884 0.370884 0.000000 0.000000
0.000000 0.000000 0.372280 0.372280 0.372279 0.372279 0.372281 0.372281 0.372281 0.372281 0.372281 0.372281 0.372281 0.372281 0.372281 0.372279 0.372279 0.372280 0.372281 0.000000 0.000000
0.000000 0.000000 0.350000 0.350000 0.350000 0.350000 0.350000 0.350000 0.350000 0.350000 0.350000 0.350000 0.350000 0.350000 0.350000 0.350000 0.350000 0.350000 0.350000 0.000000 0.000000
0.000000 0.000000 0.000000 0.000000 0.000000 0.000000 0.000000 0.000000 0.000000 0.000000 0.000000 0.000000 0.000000 0.000000 0.000000 0.000000 0.000000 0.000000 0.000000 0.000000 0.000000