geotop/1.0zi/1.0Montebello/Templates/testdem/maps/_Eocclay182B.asc
ncols         21
nrows         20
xllcorner     100.000000
yllcorner     100.000000
cellsize      50.000000
NODATA_value  -9999.0
0.000000 0.000000 0.000000 0.000000 0.000000 0.000000 0.000000 0.000000 0.000000 0.000000 0.000000 0.000000 0.000000 0.000000 0.000000 0.000000 0.000000 0.000000 0.000000 0.000000 0.000000
0.000000 0.000000 0.349432 0.349434 0.349434 0.349433 0.349435 0.349436 0.349435 0.349435 0.349434 0.349435 0.349435 0.349435 0.349435 0.349435 0.349433 0.349434 0.349434 0.000000 0.000000
0.000000 0.000000 0.349974 0.349972 0.349972 0.349974 0.349972 0.349971 0.349972 0.349971 0.349972 0.349972 0.349972 0.349971 0.349973 0.349973 0.349974 0.349973 0.349972 0.000000 0.000000
0.000000 0.000000 0.350126 0.350136 0.350130 0.350127 0.350132 0.350132 0.350133 0.350129 0.350131 0.350128 0.350128 0.350130 0.350131 0.350135 0.350133 0.350132 0.350132 0.000000 0.000000
0.000000 0.000000 0.352328 0.352312 0.352303 0.352284 0.352260 0.352252 0.352247 0.352247 0.352245 0.352252 0.352253 0.352251 0.352259 0.352267 0.352282 0.352294 0.352300 0.000000 0.000000
0.000000 0.000000 0.357762 0.357751 0.357721 0.357673 0.357637 0.357598 0.357599 0.357591 0.357588 0.357590 0.357596 0.357592 0.357609 0.357650 0.357668 0.357688 0.357691 0.000000 0.000000
0.000000 0.000000 0.364986 0.364968 0.364943 0.364893 0.364845 0.364763 0.364756 0.364746 0.364746 0.364747 0.364747 0.364745 0.364803 0.364849 0.364875 0.364897 0.364903 0.000000 0.000000
0.000000 0.000000 0.373813 0.373791 0.373762 0.373691 0.373636 0.373561 0.373552 0.373541 0.373535 0.373535 0.373530 0.373539 0.373589 0.373639 0.373685 0.373699 0.373713 0.000000 0.000000
0.000000 0.000000 0.384031 0.383999 0.383955 0.383898 0.383830 0.383734 0.383729 0.383706 0.383703 0.383696 0.383698 0.383690 0.383767 0.383833 0.383869 0.383893 0.383904 0.000000 0.000000
0.000000 0.000000 0.396175 0.396124 0.396075 0.396016 0.395932 0.395829 0.395810 0.395795 0.395782 0.395788 0.395803 0.395794 0.395854 0.395944 0.395992 0.396019 0.396020 0.000000 0.000000
0.000000 0.000000 0.411137 0.411085 0.411047 0.410883 0.410850 0.410695 0.410721 0.410636 0.410661 0.410642 0.410604 0.410644 0.410725 0.410775 0.410849 0.410883 0.410944 0.000000 0.000000
0.000000 0.000000 0.429716 0.429610 0.429489 0.429437 0.429354 0.429153 0.429113 0.429123 0.429152 0.429083 0.429114 0.429083 0.429248 0.429356 0.429383 0.429421 0.429536 0.000000 0.000000
0.000000 0.000000 0.449445 0.449364 0.449363 0.449205 0.449107 0.448601 0.448557 0.448510 0.448315 0.448465 0.448457 0.448498 0.448855 0.448924 0.449124 0.449157 0.449101 0.000000 0.000000
0.000000 0.000000 0.467538 0.467524 0.467394 0.467346 0.466888 0.467173 0.467060 0.467056 0.467175 0.467068 0.467053 0.466983 0.466745 0.467256 0.467235 0.467358 0.467413 0.000000 0.000000
0.000000 0.000000 0.478777 0.478750 0.478691 0.478452 0.478498 0.478389 0.478342 0.478330 0.478283 0.478261 0.478286 0.478280 0.478369 0.478329 0.478625 0.478571 0.478563 0.000000 0.000000
0.000000 0.000000 0.486299 0.486281 0.486120 0.486109 0.486089 0.486061 0.486099 0.486079 0.486095 0.486080 0.486063 0.486090 0.486097 0.486119 0.486071 0.486252 0.486252 0.000000 0.000000
0.000000 0.000000 0.492353 0.492211 0.492237 0.492101 0.492055 0.491992 0.491936 0.491941 0.491881 0.491880 0.491912 0.491884 0.491952 0.491982 0.492200 0.492081 0.492214 0.000000 0.000000
0.000000 0.000000 0.495309 0.495444 0.495479 0.495455 0.495490 0.495369 0.495403 0.495366 0.495418 0.495402 0.495386 0.495416 0.495507 0.495477 0.495468 0.495458 0.495312 0.000000 0.000000
0.000000 0.000000 0.350000 0.350000 0.350000 0.350000 0.350000 0.350000 0.350000 0.350000 0.350000 0.350000 0.350000 0.350000 0.350000 0.350000 0.350000 0.350000 0.350000 0.000000 0.000000
0.000000 0.000000 0.000000 0.000000 0.000000 0.000000 0.000000 0.000000 0.000000 0.000000 0.000000 0.000000 0.000000 0.000000 0.000000 0.000000 0.000000 0.000000 0.000000 0.000000 0.000000