geotop/1.0zi/1.0Montebello/Templates/testdem/maps/_Eocsilt8303.asc
ncols         21
nrows         20
xllcorner     100.000000
yllcorner     100.000000
cellsize      50.000000
NODATA_value  -9999.0
0.000000 0.000000 0.000000 0.000000 0.000000 0.000000 0.000000 0.000000 0.000000 0.000000 0.000000 0.000000 0.000000 0.000000 0.000000 0.000000 0.000000 0.000000 0.000000 0.000000 0.000000
0.000000 0.000000 0.350172 0.350173 0.350173 0.350173 0.350173 0.350173 0.350173 0.350173 0.350173 0.350172 0.350172 0.350172 0.350172 0.350173 0.350173 0.350173 0.350173 0.000000 0.000000
0.000000 0.000000 0.350005 0.350005 0.350006 0.350005 0.350006 0.350006 0.350006 0.350006 0.350006 0.350006 0.350007 0.350006 0.350006 0.350005 0.350004 0.350004 0.350005 0.000000 0.000000
0.000000 0.000000 0.350102 0.350099 0.350097 0.350091 0.350092 0.350087 0.350090 0.350090 0.350087 0.350089 0.350089 0.350089 0.350092 0.350095 0.350098 0.350098 0.350100 0.000000 0.000000
0.000000 0.000000 0.351048 0.351054 0.351048 0.351037 0.351030 0.351023 0.351020 0.351018 0.351017 0.351018 0.351019 0.351021 0.351035 0.351039 0.351041 0.351053 0.351054 0.000000 0.000000
0.000000 0.000000 0.353816 0.353816 0.353808 0.353791 0.353772 0.353749 0.353747 0.353741 0.353746 0.353746 0.353747 0.353746 0.353758 0.353773 0.353786 0.353794 0.353800 0.000000 0.000000
0.000000 0.000000 0.357787 0.357783 0.357772 0.357745 0.357712 0.357677 0.357677 0.357673 0.357674 0.357672 0.357669 0.357675 0.357705 0.357733 0.357752 0.357768 0.357775 0.000000 0.000000
0.000000 0.000000 0.362483 0.362482 0.362475 0.362447 0.362416 0.362376 0.362375 0.362371 0.362370 0.362367 0.362365 0.362372 0.362406 0.362435 0.362462 0.362469 0.362482 0.000000 0.000000
0.000000 0.000000 0.367546 0.367537 0.367523 0.367503 0.367470 0.367424 0.367426 0.367416 0.367414 0.367412 0.367413 0.367412 0.367456 0.367491 0.367514 0.367525 0.367536 0.000000 0.000000
0.000000 0.000000 0.372896 0.372887 0.372879 0.372860 0.372812 0.372772 0.372771 0.372766 0.372760 0.372763 0.372769 0.372767 0.372803 0.372844 0.372870 0.372879 0.372886 0.000000 0.000000
0.000000 0.000000 0.378698 0.378692 0.378683 0.378641 0.378608 0.378561 0.378570 0.378544 0.378548 0.378547 0.378537 0.378554 0.378588 0.378614 0.378646 0.378664 0.378685 0.000000 0.000000
0.000000 0.000000 0.385157 0.385140 0.385121 0.385095 0.385056 0.384996 0.384991 0.384985 0.384998 0.384978 0.384984 0.384988 0.385050 0.385082 0.385104 0.385117 0.385171 0.000000 0.000000
0.000000 0.000000 0.392152 0.392136 0.392129 0.392091 0.392057 0.391900 0.391897 0.391888 0.391846 0.391868 0.391877 0.391891 0.392010 0.392043 0.392103 0.392111 0.392136 0.000000 0.000000
0.000000 0.000000 0.400370 0.400366 0.400334 0.400307 0.400110 0.400126 0.400084 0.400085 0.400099 0.400086 0.400080 0.400071 0.400052 0.400257 0.400290 0.400346 0.400383 0.000000 0.000000
0.000000 0.000000 0.410058 0.410040 0.410002 0.409751 0.409775 0.409648 0.409592 0.409578 0.409536 0.409505 0.409533 0.409528 0.409651 0.409642 0.409976 0.409926 0.409931 0.000000 0.000000
0.000000 0.000000 0.420632 0.420617 0.420256 0.420358 0.420330 0.420297 0.420432 0.420390 0.420462 0.420437 0.420377 0.420467 0.420472 0.420495 0.420227 0.420753 0.420744 0.000000 0.000000
0.000000 0.000000 0.433571 0.433015 0.433138 0.432928 0.432650 0.432568 0.432411 0.432448 0.432281 0.432296 0.432392 0.432298 0.432438 0.432645 0.433121 0.432813 0.433392 0.000000 0.000000
0.000000 0.000000 0.438208 0.438713 0.439171 0.439175 0.439198 0.438756 0.438830 0.438700 0.438912 0.438869 0.438836 0.438909 0.439275 0.439259 0.439257 0.438905 0.438411 0.000000 0.000000
0.000000 0.000000 0.350000 0.350000 0.350000 0.350000 0.350000 0.350000 0.350000 0.350000 0.350000 0.350000 0.350000 0.350000 0.350000 0.350000 0.350000 0.350000 0.350000 0.000000 0.000000
0.000000 0.000000 0.000000 0.000000 0.000000 0.000000 0.000000 0.000000 0.000000 0.000000 0.000000 0.000000 0.000000 0.000000 0.000000 0.000000 0.000000 0.000000 0.000000 0.000000 0.000000