geotop/1.0zi/1.0Montebello/Templates/testdem/maps/_Eocsilt2683.asc
ncols         21
nrows         20
xllcorner     100.000000
yllcorner     100.000000
cellsize      50.000000
NODATA_value  -9999.0
0.000000 0.000000 0.000000 0.000000 0.000000 0.000000 0.000000 0.000000 0.000000 0.000000 0.000000 0.000000 0.000000 0.000000 0.000000 0.000000 0.000000 0.000000 0.000000 0.000000 0.000000
0.000000 0.000000 0.350065 0.350065 0.350065 0.350065 0.350065 0.350065 0.350065 0.350065 0.350064 0.350065 0.350065 0.350065 0.350065 0.350065 0.350065 0.350065 0.350065 0.000000 0.000000
0.000000 0.000000 0.349998 0.349997 0.349997 0.349998 0.349998 0.349998 0.349998 0.349998 0.349998 0.349998 0.349998 0.349998 0.349998 0.349998 0.349997 0.349997 0.349998 0.000000 0.000000
0.000000 0.000000 0.350892 0.350892 0.350890 0.350891 0.350893 0.350893 0.350892 0.350893 0.350893 0.350893 0.350892 0.350893 0.350893 0.350891 0.350890 0.350892 0.350892 0.000000 0.000000
0.000000 0.000000 0.354388 0.354387 0.354385 0.354386 0.354388 0.354387 0.354388 0.354389 0.354389 0.354389 0.354388 0.354387 0.354388 0.354386 0.354385 0.354387 0.354388 0.000000 0.000000
0.000000 0.000000 0.358929 0.358928 0.358926 0.358927 0.358929 0.358928 0.358928 0.358929 0.358930 0.358929 0.358928 0.358928 0.358929 0.358927 0.358926 0.358928 0.358929 0.000000 0.000000
0.000000 0.000000 0.363091 0.363090 0.363089 0.363089 0.363091 0.363091 0.363091 0.363092 0.363092 0.363092 0.363091 0.363091 0.363091 0.363089 0.363089 0.363090 0.363091 0.000000 0.000000
0.000000 0.000000 0.366884 0.366884 0.366883 0.366883 0.366885 0.366884 0.366884 0.366885 0.366885 0.366885 0.366884 0.366884 0.366885 0.366883 0.366883 0.366884 0.366884 0.000000 0.000000
0.000000 0.000000 0.370412 0.370411 0.370410 0.370410 0.370412 0.370411 0.370411 0.370412 0.370412 0.370412 0.370411 0.370411 0.370412 0.370410 0.370410 0.370411 0.370412 0.000000 0.000000
0.000000 0.000000 0.373754 0.373754 0.373753 0.373753 0.373754 0.373754 0.373754 0.373755 0.373755 0.373755 0.373754 0.373754 0.373754 0.373753 0.373753 0.373754 0.373754 0.000000 0.000000
0.000000 0.000000 0.376952 0.376952 0.376951 0.376951 0.376952 0.376952 0.376952 0.376952 0.376953 0.376952 0.376952 0.376952 0.376952 0.376951 0.376951 0.376952 0.376952 0.000000 0.000000
0.000000 0.000000 0.380036 0.380036 0.380035 0.380035 0.380036 0.380036 0.380036 0.380037 0.380037 0.380037 0.380036 0.380036 0.380036 0.380035 0.380035 0.380036 0.380036 0.000000 0.000000
0.000000 0.000000 0.383030 0.383029 0.383028 0.383029 0.383030 0.383029 0.383029 0.383030 0.383030 0.383030 0.383029 0.383029 0.383030 0.383029 0.383028 0.383029 0.383030 0.000000 0.000000
0.000000 0.000000 0.385948 0.385947 0.385946 0.385947 0.385948 0.385947 0.385947 0.385948 0.385948 0.385948 0.385947 0.385947 0.385948 0.385947 0.385946 0.385947 0.385948 0.000000 0.000000
0.000000 0.000000 0.388798 0.388798 0.388797 0.388797 0.388798 0.388798 0.388798 0.388799 0.388799 0.388799 0.388798 0.388798 0.388798 0.388797 0.388797 0.388798 0.388798 0.000000 0.000000
0.000000 0.000000 0.391587 0.391587 0.391586 0.391586 0.391587 0.391587 0.391587 0.391588 0.391588 0.391588 0.391587 0.391587 0.391587 0.391586 0.391586 0.391587 0.391587 0.000000 0.000000
0.000000 0.000000 0.394320 0.394319 0.394318 0.394319 0.394320 0.394319 0.394320 0.394320 0.394320 0.394320 0.394320 0.394319 0.394320 0.394319 0.394318 0.394319 0.394320 0.000000 0.000000
0.000000 0.000000 0.397035 0.397035 0.397034 0.397034 0.397035 0.397035 0.397035 0.397035 0.397035 0.397035 0.397035 0.397035 0.397035 0.397034 0.397034 0.397035 0.397035 0.000000 0.000000
0.000000 0.000000 0.350000 0.350000 0.350000 0.350000 0.350000 0.350000 0.350000 0.350000 0.350000 0.350000 0.350000 0.350000 0.350000 0.350000 0.350000 0.350000 0.350000 0.000000 0.000000
0.000000 0.000000 0.000000 0.000000 0.000000 0.000000 0.000000 0.000000 0.000000 0.000000 0.000000 0.000000 0.000000 0.000000 0.000000 0.000000 0.000000 0.000000 0.000000 0.000000 0.000000