geotop/1.0zi/1.0Montebello/Templates/testdem/maps/_Eocsand2728.asc
ncols         21
nrows         20
xllcorner     100.000000
yllcorner     100.000000
cellsize      50.000000
NODATA_value  -9999.0
0.000000 0.000000 0.000000 0.000000 0.000000 0.000000 0.000000 0.000000 0.000000 0.000000 0.000000 0.000000 0.000000 0.000000 0.000000 0.000000 0.000000 0.000000 0.000000 0.000000 0.000000
0.000000 0.000000 0.300082 0.300082 0.300082 0.300082 0.300082 0.300082 0.300082 0.300082 0.300084 0.300082 0.300082 0.300082 0.300082 0.300082 0.300082 0.300082 0.300082 0.000000 0.000000
0.000000 0.000000 0.300011 0.300012 0.300012 0.300011 0.300012 0.300011 0.300011 0.300012 0.300010 0.300012 0.300011 0.300011 0.300012 0.300011 0.300012 0.300012 0.300011 0.000000 0.000000
0.000000 0.000000 0.298242 0.298243 0.298247 0.298245 0.298242 0.298242 0.298243 0.298242 0.298242 0.298242 0.298243 0.298242 0.298242 0.298245 0.298247 0.298243 0.298242 0.000000 0.000000
0.000000 0.000000 0.290694 0.290696 0.290699 0.290699 0.290693 0.290695 0.290695 0.290692 0.290692 0.290692 0.290695 0.290695 0.290693 0.290699 0.290699 0.290696 0.290694 0.000000 0.000000
0.000000 0.000000 0.281478 0.281479 0.281482 0.281482 0.281477 0.281479 0.281479 0.281476 0.281476 0.281476 0.281479 0.281479 0.281477 0.281482 0.281482 0.281479 0.281478 0.000000 0.000000
0.000000 0.000000 0.272892 0.272893 0.272895 0.272895 0.272891 0.272892 0.272892 0.272890 0.272890 0.272890 0.272892 0.272892 0.272891 0.272895 0.272895 0.272893 0.272892 0.000000 0.000000
0.000000 0.000000 0.265049 0.265050 0.265052 0.265051 0.265048 0.265049 0.265049 0.265048 0.265047 0.265048 0.265049 0.265049 0.265048 0.265051 0.265052 0.265050 0.265049 0.000000 0.000000
0.000000 0.000000 0.257757 0.257757 0.257760 0.257759 0.257756 0.257757 0.257757 0.257756 0.257755 0.257756 0.257757 0.257757 0.257756 0.257759 0.257760 0.257757 0.257757 0.000000 0.000000
0.000000 0.000000 0.250847 0.250848 0.250850 0.250850 0.250847 0.250848 0.250848 0.250846 0.250846 0.250846 0.250848 0.250848 0.250847 0.250850 0.250850 0.250848 0.250847 0.000000 0.000000
0.000000 0.000000 0.244238 0.244238 0.244240 0.244240 0.244237 0.244238 0.244238 0.244237 0.244236 0.244237 0.244238 0.244238 0.244237 0.244240 0.244240 0.244238 0.244238 0.000000 0.000000
0.000000 0.000000 0.237863 0.237864 0.237866 0.237865 0.237863 0.237864 0.237864 0.237862 0.237862 0.237862 0.237864 0.237864 0.237863 0.237865 0.237866 0.237864 0.237863 0.000000 0.000000
0.000000 0.000000 0.231678 0.231679 0.231681 0.231680 0.231678 0.231679 0.231679 0.231677 0.231677 0.231677 0.231679 0.231679 0.231678 0.231680 0.231681 0.231679 0.231678 0.000000 0.000000
0.000000 0.000000 0.225649 0.225650 0.225652 0.225651 0.225649 0.225650 0.225650 0.225648 0.225648 0.225648 0.225650 0.225650 0.225649 0.225651 0.225652 0.225650 0.225649 0.000000 0.000000
0.000000 0.000000 0.219759 0.219760 0.219762 0.219761 0.219759 0.219760 0.219760 0.219758 0.219758 0.219758 0.219760 0.219760 0.219759 0.219761 0.219762 0.219760 0.219759 0.000000 0.000000
0.000000 0.000000 0.213997 0.213997 0.213999 0.213998 0.213996 0.213997 0.213997 0.213996 0.213995 0.213996 0.213997 0.213997 0.213996 0.213998 0.213999 0.213997 0.213997 0.000000 0.000000
0.000000 0.000000 0.208354 0.208355 0.208357 0.208356 0.208354 0.208355 0.208355 0.208353 0.208353 0.208353 0.208355 0.208355 0.208354 0.208356 0.208357 0.208355 0.208354 0.000000 0.000000
0.000000 0.000000 0.202749 0.202749 0.202751 0.202750 0.202748 0.202749 0.202749 0.202747 0.202747 0.202747 0.202749 0.202749 0.202748 0.202750 0.202751 0.202749 0.202748 0.000000 0.000000
0.000000 0.000000 0.300000 0.300000 0.300000 0.300000 0.300000 0.300000 0.300000 0.300000 0.300000 0.300000 0.300000 0.300000 0.300000 0.300000 0.300000 0.300000 0.300000 0.000000 0.000000
0.000000 0.000000 0.000000 0.000000 0.000000 0.000000 0.000000 0.000000 0.000000 0.000000 0.000000 0.000000 0.000000 0.000000 0.000000 0.000000 0.000000 0.000000 0.000000 0.000000 0.000000