geotop/1.0zi/1.0Montebello/Templates/testdem/maps/_Eocclay028e.asc
ncols         21
nrows         20
xllcorner     100.000000
yllcorner     100.000000
cellsize      50.000000
NODATA_value  -9999.0
0.000000 0.000000 0.000000 0.000000 0.000000 0.000000 0.000000 0.000000 0.000000 0.000000 0.000000 0.000000 0.000000 0.000000 0.000000 0.000000 0.000000 0.000000 0.000000 0.000000 0.000000
0.000000 0.000000 0.349520 0.349522 0.349522 0.349521 0.349523 0.349523 0.349522 0.349523 0.349522 0.349523 0.349523 0.349522 0.349523 0.349523 0.349521 0.349521 0.349522 0.000000 0.000000
0.000000 0.000000 0.349981 0.349979 0.349979 0.349982 0.349979 0.349979 0.349979 0.349979 0.349979 0.349979 0.349979 0.349979 0.349980 0.349981 0.349981 0.349980 0.349979 0.000000 0.000000
0.000000 0.000000 0.350073 0.350082 0.350078 0.350073 0.350074 0.350074 0.350078 0.350075 0.350079 0.350076 0.350077 0.350075 0.350079 0.350082 0.350080 0.350080 0.350078 0.000000 0.000000
0.000000 0.000000 0.351722 0.351717 0.351709 0.351695 0.351676 0.351672 0.351670 0.351673 0.351670 0.351674 0.351675 0.351676 0.351685 0.351691 0.351704 0.351710 0.351719 0.000000 0.000000
0.000000 0.000000 0.356042 0.356040 0.356015 0.355973 0.355939 0.355906 0.355912 0.355908 0.355905 0.355905 0.355912 0.355910 0.355926 0.355959 0.355977 0.355992 0.355997 0.000000 0.000000
0.000000 0.000000 0.361822 0.361813 0.361796 0.361755 0.361712 0.361648 0.361650 0.361646 0.361640 0.361641 0.361642 0.361642 0.361692 0.361730 0.361753 0.361769 0.361776 0.000000 0.000000
0.000000 0.000000 0.368721 0.368711 0.368691 0.368639 0.368590 0.368533 0.368535 0.368530 0.368522 0.368520 0.368518 0.368528 0.368573 0.368613 0.368651 0.368662 0.368677 0.000000 0.000000
0.000000 0.000000 0.376385 0.376370 0.376342 0.376300 0.376243 0.376177 0.376185 0.376174 0.376163 0.376161 0.376164 0.376160 0.376224 0.376274 0.376304 0.376317 0.376330 0.000000 0.000000
0.000000 0.000000 0.385028 0.385004 0.384981 0.384934 0.384870 0.384798 0.384801 0.384795 0.384777 0.384784 0.384793 0.384789 0.384840 0.384906 0.384943 0.384959 0.384964 0.000000 0.000000
0.000000 0.000000 0.395100 0.395083 0.395059 0.394957 0.394927 0.394828 0.394851 0.394806 0.394807 0.394799 0.394783 0.394810 0.394870 0.394911 0.394964 0.394984 0.395027 0.000000 0.000000
0.000000 0.000000 0.407129 0.407084 0.407019 0.406973 0.406916 0.406789 0.406787 0.406790 0.406800 0.406755 0.406780 0.406768 0.406882 0.406951 0.406980 0.406999 0.407086 0.000000 0.000000
0.000000 0.000000 0.420880 0.420843 0.420832 0.420727 0.420658 0.420302 0.420298 0.420281 0.420144 0.420231 0.420235 0.420267 0.420527 0.420583 0.420720 0.420730 0.420739 0.000000 0.000000
0.000000 0.000000 0.437857 0.437851 0.437729 0.437664 0.437159 0.437388 0.437283 0.437293 0.437379 0.437293 0.437284 0.437221 0.437017 0.437572 0.437577 0.437712 0.437785 0.000000 0.000000
0.000000 0.000000 0.455270 0.455228 0.455156 0.454588 0.454889 0.454504 0.454443 0.454411 0.454264 0.454237 0.454299 0.454313 0.454647 0.454353 0.455094 0.454910 0.454872 0.000000 0.000000
0.000000 0.000000 0.468150 0.468132 0.467675 0.467904 0.467818 0.467835 0.468036 0.467987 0.468090 0.468073 0.467988 0.468094 0.468030 0.468111 0.467603 0.468298 0.468287 0.000000 0.000000
0.000000 0.000000 0.478133 0.477855 0.477857 0.477770 0.477613 0.477576 0.477522 0.477535 0.477459 0.477467 0.477506 0.477468 0.477525 0.477647 0.477821 0.477748 0.478032 0.000000 0.000000
0.000000 0.000000 0.482920 0.482979 0.483103 0.483088 0.483037 0.482887 0.482902 0.482864 0.482908 0.482897 0.482896 0.482909 0.483051 0.483075 0.483106 0.482995 0.482938 0.000000 0.000000
0.000000 0.000000 0.350000 0.350000 0.350000 0.350000 0.350000 0.350000 0.350000 0.350000 0.350000 0.350000 0.350000 0.350000 0.350000 0.350000 0.350000 0.350000 0.350000 0.000000 0.000000
0.000000 0.000000 0.000000 0.000000 0.000000 0.000000 0.000000 0.000000 0.000000 0.000000 0.000000 0.000000 0.000000 0.000000 0.000000 0.000000 0.000000 0.000000 0.000000 0.000000 0.000000