geotop/1.0zi/1.0Montebello/Templates/testdem/maps/_Eocsilt3102.asc
ncols         21
nrows         20
xllcorner     100.000000
yllcorner     100.000000
cellsize      50.000000
NODATA_value  -9999.0
0.000000 0.000000 0.000000 0.000000 0.000000 0.000000 0.000000 0.000000 0.000000 0.000000 0.000000 0.000000 0.000000 0.000000 0.000000 0.000000 0.000000 0.000000 0.000000 0.000000 0.000000
0.000000 0.000000 0.350086 0.350086 0.350086 0.350086 0.350086 0.350086 0.350086 0.350086 0.350085 0.350086 0.350086 0.350086 0.350086 0.350086 0.350086 0.350086 0.350086 0.000000 0.000000
0.000000 0.000000 0.349994 0.349994 0.349994 0.349994 0.349994 0.349994 0.349994 0.349994 0.349995 0.349994 0.349994 0.349994 0.349994 0.349994 0.349994 0.349994 0.349994 0.000000 0.000000
0.000000 0.000000 0.351299 0.351298 0.351296 0.351297 0.351299 0.351299 0.351299 0.351299 0.351299 0.351299 0.351299 0.351299 0.351299 0.351297 0.351296 0.351298 0.351299 0.000000 0.000000
0.000000 0.000000 0.355839 0.355838 0.355836 0.355836 0.355839 0.355838 0.355838 0.355839 0.355840 0.355839 0.355838 0.355838 0.355839 0.355836 0.355836 0.355838 0.355839 0.000000 0.000000
0.000000 0.000000 0.361326 0.361325 0.361324 0.361324 0.361326 0.361326 0.361326 0.361327 0.361327 0.361327 0.361326 0.361326 0.361326 0.361324 0.361324 0.361325 0.361326 0.000000 0.000000
0.000000 0.000000 0.366281 0.366280 0.366279 0.366279 0.366281 0.366280 0.366280 0.366281 0.366282 0.366281 0.366280 0.366280 0.366281 0.366279 0.366279 0.366280 0.366281 0.000000 0.000000
0.000000 0.000000 0.370757 0.370756 0.370755 0.370755 0.370757 0.370756 0.370756 0.370757 0.370757 0.370757 0.370756 0.370756 0.370757 0.370755 0.370755 0.370756 0.370757 0.000000 0.000000
0.000000 0.000000 0.374889 0.374888 0.374887 0.374887 0.374889 0.374888 0.374888 0.374889 0.374890 0.374889 0.374888 0.374888 0.374889 0.374887 0.374887 0.374888 0.374889 0.000000 0.000000
0.000000 0.000000 0.378778 0.378778 0.378777 0.378777 0.378778 0.378778 0.378778 0.378779 0.378779 0.378779 0.378778 0.378778 0.378778 0.378777 0.378777 0.378778 0.378778 0.000000 0.000000
0.000000 0.000000 0.382473 0.382473 0.382472 0.382472 0.382473 0.382473 0.382473 0.382473 0.382474 0.382473 0.382473 0.382473 0.382473 0.382472 0.382472 0.382473 0.382473 0.000000 0.000000
0.000000 0.000000 0.386007 0.386006 0.386005 0.386006 0.386007 0.386006 0.386006 0.386007 0.386007 0.386007 0.386006 0.386006 0.386007 0.386006 0.386005 0.386006 0.386007 0.000000 0.000000
0.000000 0.000000 0.389406 0.389406 0.389405 0.389405 0.389406 0.389406 0.389406 0.389406 0.389407 0.389406 0.389406 0.389406 0.389406 0.389405 0.389405 0.389406 0.389406 0.000000 0.000000
0.000000 0.000000 0.392706 0.392705 0.392704 0.392705 0.392706 0.392705 0.392705 0.392706 0.392706 0.392706 0.392705 0.392705 0.392706 0.392705 0.392704 0.392705 0.392706 0.000000 0.000000
0.000000 0.000000 0.395910 0.395910 0.395909 0.395909 0.395910 0.395910 0.395910 0.395911 0.395911 0.395911 0.395910 0.395910 0.395910 0.395909 0.395909 0.395910 0.395910 0.000000 0.000000
0.000000 0.000000 0.399025 0.399025 0.399024 0.399024 0.399026 0.399025 0.399025 0.399026 0.399026 0.399026 0.399025 0.399025 0.399026 0.399024 0.399024 0.399025 0.399025 0.000000 0.000000
0.000000 0.000000 0.402061 0.402061 0.402060 0.402061 0.402062 0.402061 0.402061 0.402062 0.402062 0.402062 0.402061 0.402061 0.402062 0.402061 0.402060 0.402061 0.402061 0.000000 0.000000
0.000000 0.000000 0.405088 0.405088 0.405087 0.405087 0.405088 0.405088 0.405088 0.405089 0.405089 0.405089 0.405088 0.405088 0.405088 0.405087 0.405087 0.405088 0.405088 0.000000 0.000000
0.000000 0.000000 0.350000 0.350000 0.350000 0.350000 0.350000 0.350000 0.350000 0.350000 0.350000 0.350000 0.350000 0.350000 0.350000 0.350000 0.350000 0.350000 0.350000 0.000000 0.000000
0.000000 0.000000 0.000000 0.000000 0.000000 0.000000 0.000000 0.000000 0.000000 0.000000 0.000000 0.000000 0.000000 0.000000 0.000000 0.000000 0.000000 0.000000 0.000000 0.000000 0.000000