geotop/1.0zi/1.0Montebello/Templates/testdem/maps/_Eocsand3081.asc
ncols         21
nrows         20
xllcorner     100.000000
yllcorner     100.000000
cellsize      50.000000
NODATA_value  -9999.0
0.000000 0.000000 0.000000 0.000000 0.000000 0.000000 0.000000 0.000000 0.000000 0.000000 0.000000 0.000000 0.000000 0.000000 0.000000 0.000000 0.000000 0.000000 0.000000 0.000000 0.000000
0.000000 0.000000 0.300087 0.300087 0.300087 0.300087 0.300087 0.300087 0.300087 0.300087 0.300089 0.300087 0.300087 0.300087 0.300087 0.300087 0.300087 0.300087 0.300087 0.000000 0.000000
0.000000 0.000000 0.300011 0.300011 0.300011 0.300011 0.300011 0.300011 0.300011 0.300011 0.300009 0.300011 0.300011 0.300011 0.300011 0.300011 0.300011 0.300011 0.300011 0.000000 0.000000
0.000000 0.000000 0.297508 0.297509 0.297513 0.297511 0.297508 0.297508 0.297508 0.297508 0.297507 0.297508 0.297508 0.297508 0.297508 0.297511 0.297513 0.297509 0.297508 0.000000 0.000000
0.000000 0.000000 0.288149 0.288151 0.288154 0.288154 0.288148 0.288150 0.288150 0.288147 0.288146 0.288147 0.288150 0.288150 0.288148 0.288154 0.288154 0.288151 0.288149 0.000000 0.000000
0.000000 0.000000 0.277346 0.277347 0.277350 0.277350 0.277345 0.277347 0.277347 0.277345 0.277344 0.277345 0.277347 0.277347 0.277345 0.277350 0.277350 0.277347 0.277346 0.000000 0.000000
0.000000 0.000000 0.267431 0.267432 0.267435 0.267434 0.267430 0.267432 0.267431 0.267430 0.267429 0.267430 0.267431 0.267432 0.267430 0.267434 0.267435 0.267432 0.267431 0.000000 0.000000
0.000000 0.000000 0.258443 0.258444 0.258446 0.258446 0.258442 0.258444 0.258443 0.258442 0.258441 0.258442 0.258443 0.258444 0.258442 0.258446 0.258446 0.258444 0.258443 0.000000 0.000000
0.000000 0.000000 0.250136 0.250137 0.250139 0.250139 0.250136 0.250137 0.250137 0.250135 0.250134 0.250135 0.250137 0.250137 0.250136 0.250139 0.250139 0.250137 0.250136 0.000000 0.000000
0.000000 0.000000 0.242311 0.242312 0.242315 0.242314 0.242311 0.242312 0.242312 0.242311 0.242310 0.242311 0.242312 0.242312 0.242311 0.242314 0.242315 0.242312 0.242311 0.000000 0.000000
0.000000 0.000000 0.234876 0.234877 0.234879 0.234879 0.234876 0.234877 0.234877 0.234876 0.234875 0.234876 0.234877 0.234877 0.234876 0.234879 0.234879 0.234877 0.234876 0.000000 0.000000
0.000000 0.000000 0.227762 0.227763 0.227765 0.227764 0.227762 0.227763 0.227763 0.227761 0.227761 0.227761 0.227763 0.227763 0.227762 0.227764 0.227765 0.227763 0.227762 0.000000 0.000000
0.000000 0.000000 0.220901 0.220901 0.220904 0.220903 0.220901 0.220902 0.220901 0.220900 0.220899 0.220900 0.220901 0.220902 0.220901 0.220903 0.220904 0.220901 0.220901 0.000000 0.000000
0.000000 0.000000 0.214236 0.214237 0.214239 0.214238 0.214236 0.214237 0.214237 0.214236 0.214235 0.214236 0.214237 0.214237 0.214236 0.214238 0.214239 0.214237 0.214236 0.000000 0.000000
0.000000 0.000000 0.207758 0.207758 0.207761 0.207760 0.207758 0.207758 0.207758 0.207757 0.207756 0.207757 0.207758 0.207758 0.207758 0.207760 0.207761 0.207758 0.207758 0.000000 0.000000
0.000000 0.000000 0.201454 0.201455 0.201457 0.201456 0.201454 0.201455 0.201454 0.201453 0.201453 0.201453 0.201454 0.201455 0.201454 0.201456 0.201457 0.201455 0.201454 0.000000 0.000000
0.000000 0.000000 0.195304 0.195305 0.195307 0.195306 0.195304 0.195305 0.195305 0.195304 0.195303 0.195304 0.195305 0.195305 0.195304 0.195306 0.195307 0.195305 0.195304 0.000000 0.000000
0.000000 0.000000 0.189168 0.189167 0.189169 0.189168 0.189166 0.189167 0.189167 0.189166 0.189165 0.189166 0.189167 0.189167 0.189166 0.189168 0.189169 0.189167 0.189166 0.000000 0.000000
0.000000 0.000000 0.300000 0.300000 0.300000 0.300000 0.300000 0.300000 0.300000 0.300000 0.300000 0.300000 0.300000 0.300000 0.300000 0.300000 0.300000 0.300000 0.300000 0.000000 0.000000
0.000000 0.000000 0.000000 0.000000 0.000000 0.000000 0.000000 0.000000 0.000000 0.000000 0.000000 0.000000 0.000000 0.000000 0.000000 0.000000 0.000000 0.000000 0.000000 0.000000 0.000000