geotop/1.0zi/1.0Montebello/Templates/testdem/maps/_Eocsand2501.asc
ncols         21
nrows         20
xllcorner     100.000000
yllcorner     100.000000
cellsize      50.000000
NODATA_value  -9999.0
0.000000 0.000000 0.000000 0.000000 0.000000 0.000000 0.000000 0.000000 0.000000 0.000000 0.000000 0.000000 0.000000 0.000000 0.000000 0.000000 0.000000 0.000000 0.000000 0.000000 0.000000
0.000000 0.000000 0.300074 0.300074 0.300074 0.300074 0.300074 0.300074 0.300074 0.300074 0.300076 0.300074 0.300074 0.300074 0.300074 0.300074 0.300074 0.300074 0.300074 0.000000 0.000000
0.000000 0.000000 0.300012 0.300013 0.300013 0.300012 0.300013 0.300012 0.300012 0.300013 0.300011 0.300013 0.300012 0.300012 0.300013 0.300012 0.300013 0.300013 0.300012 0.000000 0.000000
0.000000 0.000000 0.298377 0.298378 0.298382 0.298380 0.298376 0.298377 0.298377 0.298377 0.298377 0.298377 0.298377 0.298377 0.298376 0.298380 0.298382 0.298378 0.298377 0.000000 0.000000
0.000000 0.000000 0.291476 0.291477 0.291481 0.291480 0.291474 0.291476 0.291476 0.291473 0.291473 0.291473 0.291476 0.291476 0.291474 0.291480 0.291481 0.291477 0.291476 0.000000 0.000000
0.000000 0.000000 0.283082 0.283083 0.283086 0.283086 0.283081 0.283082 0.283082 0.283080 0.283080 0.283080 0.283082 0.283082 0.283081 0.283086 0.283086 0.283083 0.283082 0.000000 0.000000
0.000000 0.000000 0.275262 0.275263 0.275266 0.275265 0.275261 0.275263 0.275262 0.275261 0.275260 0.275261 0.275262 0.275263 0.275261 0.275265 0.275266 0.275263 0.275262 0.000000 0.000000
0.000000 0.000000 0.268103 0.268104 0.268107 0.268106 0.268103 0.268104 0.268104 0.268102 0.268102 0.268102 0.268104 0.268104 0.268103 0.268106 0.268107 0.268104 0.268103 0.000000 0.000000
0.000000 0.000000 0.261432 0.261433 0.261435 0.261435 0.261431 0.261433 0.261432 0.261431 0.261431 0.261431 0.261432 0.261433 0.261431 0.261435 0.261435 0.261433 0.261432 0.000000 0.000000
0.000000 0.000000 0.255095 0.255095 0.255098 0.255097 0.255094 0.255095 0.255095 0.255094 0.255093 0.255094 0.255095 0.255095 0.255094 0.255097 0.255098 0.255095 0.255095 0.000000 0.000000
0.000000 0.000000 0.249017 0.249017 0.249020 0.249019 0.249016 0.249017 0.249017 0.249016 0.249015 0.249016 0.249017 0.249017 0.249016 0.249019 0.249020 0.249017 0.249017 0.000000 0.000000
0.000000 0.000000 0.243142 0.243143 0.243145 0.243144 0.243142 0.243143 0.243143 0.243141 0.243141 0.243141 0.243143 0.243143 0.243142 0.243144 0.243145 0.243143 0.243142 0.000000 0.000000
0.000000 0.000000 0.237430 0.237431 0.237433 0.237432 0.237430 0.237430 0.237430 0.237429 0.237429 0.237429 0.237430 0.237430 0.237430 0.237432 0.237433 0.237431 0.237430 0.000000 0.000000
0.000000 0.000000 0.231851 0.231852 0.231854 0.231853 0.231851 0.231852 0.231852 0.231850 0.231850 0.231850 0.231852 0.231852 0.231851 0.231853 0.231854 0.231852 0.231851 0.000000 0.000000
0.000000 0.000000 0.226386 0.226386 0.226388 0.226387 0.226385 0.226386 0.226386 0.226385 0.226384 0.226385 0.226386 0.226386 0.226385 0.226387 0.226388 0.226386 0.226386 0.000000 0.000000
0.000000 0.000000 0.221024 0.221024 0.221026 0.221025 0.221023 0.221024 0.221024 0.221023 0.221022 0.221023 0.221024 0.221024 0.221023 0.221025 0.221026 0.221024 0.221024 0.000000 0.000000
0.000000 0.000000 0.215760 0.215760 0.215763 0.215762 0.215759 0.215760 0.215760 0.215759 0.215759 0.215759 0.215760 0.215760 0.215759 0.215762 0.215763 0.215760 0.215760 0.000000 0.000000
0.000000 0.000000 0.210512 0.210512 0.210514 0.210513 0.210511 0.210512 0.210512 0.210511 0.210510 0.210511 0.210512 0.210512 0.210511 0.210513 0.210514 0.210512 0.210512 0.000000 0.000000
0.000000 0.000000 0.300000 0.300000 0.300000 0.300000 0.300000 0.300000 0.300000 0.300000 0.300000 0.300000 0.300000 0.300000 0.300000 0.300000 0.300000 0.300000 0.300000 0.000000 0.000000
0.000000 0.000000 0.000000 0.000000 0.000000 0.000000 0.000000 0.000000 0.000000 0.000000 0.000000 0.000000 0.000000 0.000000 0.000000 0.000000 0.000000 0.000000 0.000000 0.000000 0.000000