geotop/1.0zi/1.0Montebello/Templates/testdem/maps/_Eocsilt3387.asc
ncols         21
nrows         20
xllcorner     100.000000
yllcorner     100.000000
cellsize      50.000000
NODATA_value  -9999.0
0.000000 0.000000 0.000000 0.000000 0.000000 0.000000 0.000000 0.000000 0.000000 0.000000 0.000000 0.000000 0.000000 0.000000 0.000000 0.000000 0.000000 0.000000 0.000000 0.000000 0.000000
0.000000 0.000000 0.350091 0.350091 0.350091 0.350091 0.350091 0.350091 0.350091 0.350091 0.350090 0.350091 0.350091 0.350091 0.350091 0.350091 0.350091 0.350091 0.350091 0.000000 0.000000
0.000000 0.000000 0.349994 0.349994 0.349994 0.349994 0.349994 0.349994 0.349994 0.349994 0.349995 0.349994 0.349994 0.349994 0.349994 0.349994 0.349994 0.349994 0.349994 0.000000 0.000000
0.000000 0.000000 0.351363 0.351363 0.351360 0.351361 0.351363 0.351363 0.351363 0.351363 0.351364 0.351363 0.351363 0.351363 0.351363 0.351361 0.351360 0.351363 0.351363 0.000000 0.000000
0.000000 0.000000 0.356182 0.356182 0.356180 0.356180 0.356182 0.356181 0.356181 0.356183 0.356183 0.356183 0.356181 0.356181 0.356182 0.356180 0.356180 0.356182 0.356182 0.000000 0.000000
0.000000 0.000000 0.362073 0.362072 0.362071 0.362071 0.362074 0.362073 0.362073 0.362073 0.362074 0.362073 0.362073 0.362073 0.362074 0.362071 0.362071 0.362072 0.362073 0.000000 0.000000
0.000000 0.000000 0.367403 0.367403 0.367401 0.367402 0.367404 0.367403 0.367403 0.367404 0.367404 0.367404 0.367403 0.367403 0.367404 0.367402 0.367401 0.367403 0.367403 0.000000 0.000000
0.000000 0.000000 0.372219 0.372218 0.372217 0.372217 0.372219 0.372218 0.372218 0.372219 0.372219 0.372219 0.372218 0.372218 0.372219 0.372217 0.372217 0.372218 0.372219 0.000000 0.000000
0.000000 0.000000 0.376659 0.376659 0.376657 0.376658 0.376659 0.376659 0.376659 0.376659 0.376660 0.376659 0.376659 0.376659 0.376659 0.376658 0.376657 0.376659 0.376659 0.000000 0.000000
0.000000 0.000000 0.380830 0.380830 0.380829 0.380829 0.380831 0.380830 0.380830 0.380831 0.380831 0.380831 0.380830 0.380830 0.380831 0.380829 0.380829 0.380830 0.380830 0.000000 0.000000
0.000000 0.000000 0.384786 0.384786 0.384785 0.384785 0.384787 0.384786 0.384786 0.384787 0.384787 0.384787 0.384786 0.384786 0.384787 0.384785 0.384785 0.384786 0.384786 0.000000 0.000000
0.000000 0.000000 0.388566 0.388565 0.388564 0.388565 0.388566 0.388565 0.388566 0.388566 0.388566 0.388566 0.388566 0.388565 0.388566 0.388565 0.388564 0.388565 0.388566 0.000000 0.000000
0.000000 0.000000 0.392197 0.392197 0.392196 0.392196 0.392197 0.392197 0.392197 0.392197 0.392198 0.392197 0.392197 0.392197 0.392197 0.392196 0.392196 0.392197 0.392197 0.000000 0.000000
0.000000 0.000000 0.395709 0.395708 0.395707 0.395708 0.395709 0.395708 0.395708 0.395709 0.395709 0.395709 0.395708 0.395708 0.395709 0.395708 0.395707 0.395708 0.395709 0.000000 0.000000
0.000000 0.000000 0.399111 0.399111 0.399110 0.399110 0.399112 0.399111 0.399111 0.399112 0.399112 0.399112 0.399111 0.399111 0.399112 0.399110 0.399110 0.399111 0.399111 0.000000 0.000000
0.000000 0.000000 0.402410 0.402410 0.402409 0.402409 0.402410 0.402410 0.402410 0.402410 0.402411 0.402410 0.402410 0.402410 0.402410 0.402409 0.402409 0.402410 0.402410 0.000000 0.000000
0.000000 0.000000 0.405617 0.405616 0.405615 0.405616 0.405617 0.405616 0.405616 0.405617 0.405617 0.405617 0.405616 0.405616 0.405617 0.405616 0.405615 0.405616 0.405617 0.000000 0.000000
0.000000 0.000000 0.408790 0.408790 0.408789 0.408790 0.408791 0.408790 0.408790 0.408791 0.408791 0.408791 0.408790 0.408790 0.408791 0.408790 0.408789 0.408790 0.408790 0.000000 0.000000
0.000000 0.000000 0.350000 0.350000 0.350000 0.350000 0.350000 0.350000 0.350000 0.350000 0.350000 0.350000 0.350000 0.350000 0.350000 0.350000 0.350000 0.350000 0.350000 0.000000 0.000000
0.000000 0.000000 0.000000 0.000000 0.000000 0.000000 0.000000 0.000000 0.000000 0.000000 0.000000 0.000000 0.000000 0.000000 0.000000 0.000000 0.000000 0.000000 0.000000 0.000000 0.000000