geotop/1.0zi/1.0Montebello/Templates/testdem/maps/_Eocclay7525.asc
ncols         21
nrows         20
xllcorner     100.000000
yllcorner     100.000000
cellsize      50.000000
NODATA_value  -9999.0
0.000000 0.000000 0.000000 0.000000 0.000000 0.000000 0.000000 0.000000 0.000000 0.000000 0.000000 0.000000 0.000000 0.000000 0.000000 0.000000 0.000000 0.000000 0.000000 0.000000 0.000000
0.000000 0.000000 0.349659 0.349660 0.349660 0.349659 0.349660 0.349660 0.349660 0.349660 0.349659 0.349660 0.349660 0.349660 0.349661 0.349660 0.349658 0.349659 0.349660 0.000000 0.000000
0.000000 0.000000 0.349986 0.349985 0.349986 0.349987 0.349986 0.349985 0.349985 0.349985 0.349985 0.349985 0.349986 0.349985 0.349986 0.349986 0.349987 0.349986 0.349984 0.000000 0.000000
0.000000 0.000000 0.350004 0.350008 0.350005 0.350004 0.350007 0.350004 0.350006 0.350003 0.350006 0.350005 0.350004 0.350003 0.350005 0.350007 0.350006 0.350009 0.350008 0.000000 0.000000
0.000000 0.000000 0.350950 0.350947 0.350943 0.350938 0.350923 0.350920 0.350917 0.350920 0.350917 0.350917 0.350914 0.350918 0.350928 0.350929 0.350937 0.350938 0.350945 0.000000 0.000000
0.000000 0.000000 0.353487 0.353485 0.353474 0.353447 0.353434 0.353411 0.353412 0.353406 0.353409 0.353409 0.353411 0.353412 0.353423 0.353442 0.353455 0.353470 0.353475 0.000000 0.000000
0.000000 0.000000 0.356991 0.356988 0.356980 0.356957 0.356928 0.356892 0.356891 0.356886 0.356887 0.356888 0.356887 0.356888 0.356920 0.356948 0.356963 0.356975 0.356983 0.000000 0.000000
0.000000 0.000000 0.361168 0.361166 0.361158 0.361130 0.361103 0.361063 0.361063 0.361059 0.361058 0.361056 0.361054 0.361062 0.361095 0.361119 0.361143 0.361152 0.361164 0.000000 0.000000
0.000000 0.000000 0.365550 0.365544 0.365531 0.365514 0.365485 0.365445 0.365447 0.365439 0.365436 0.365434 0.365434 0.365434 0.365473 0.365505 0.365524 0.365532 0.365542 0.000000 0.000000
0.000000 0.000000 0.370142 0.370133 0.370127 0.370110 0.370067 0.370031 0.370031 0.370027 0.370021 0.370024 0.370029 0.370027 0.370060 0.370097 0.370119 0.370126 0.370134 0.000000 0.000000
0.000000 0.000000 0.375081 0.375075 0.375068 0.375033 0.375002 0.374960 0.374969 0.374947 0.374949 0.374949 0.374941 0.374956 0.374985 0.375008 0.375036 0.375051 0.375070 0.000000 0.000000
0.000000 0.000000 0.380480 0.380466 0.380450 0.380426 0.380394 0.380342 0.380340 0.380333 0.380344 0.380327 0.380330 0.380334 0.380387 0.380414 0.380434 0.380444 0.380491 0.000000 0.000000
0.000000 0.000000 0.386241 0.386227 0.386220 0.386188 0.386160 0.386033 0.386031 0.386023 0.385991 0.386007 0.386014 0.386026 0.386124 0.386151 0.386199 0.386205 0.386231 0.000000 0.000000
0.000000 0.000000 0.392857 0.392852 0.392827 0.392804 0.392655 0.392652 0.392621 0.392621 0.392625 0.392619 0.392615 0.392610 0.392606 0.392762 0.392793 0.392834 0.392867 0.000000 0.000000
0.000000 0.000000 0.400532 0.400519 0.400487 0.400306 0.400301 0.400213 0.400166 0.400156 0.400126 0.400103 0.400122 0.400117 0.400203 0.400221 0.400463 0.400433 0.400443 0.000000 0.000000
0.000000 0.000000 0.408949 0.408936 0.408679 0.408718 0.408702 0.408664 0.408751 0.408720 0.408762 0.408739 0.408701 0.408764 0.408784 0.408797 0.408656 0.409013 0.409009 0.000000 0.000000
0.000000 0.000000 0.419395 0.418988 0.419014 0.418878 0.418674 0.418612 0.418525 0.418544 0.418432 0.418438 0.418497 0.418445 0.418546 0.418697 0.418999 0.418863 0.419282 0.000000 0.000000
0.000000 0.000000 0.424508 0.424821 0.425202 0.425175 0.425153 0.424797 0.424832 0.424737 0.424874 0.424842 0.424832 0.424874 0.425184 0.425199 0.425271 0.424941 0.424641 0.000000 0.000000
0.000000 0.000000 0.350000 0.350000 0.350000 0.350000 0.350000 0.350000 0.350000 0.350000 0.350000 0.350000 0.350000 0.350000 0.350000 0.350000 0.350000 0.350000 0.350000 0.000000 0.000000
0.000000 0.000000 0.000000 0.000000 0.000000 0.000000 0.000000 0.000000 0.000000 0.000000 0.000000 0.000000 0.000000 0.000000 0.000000 0.000000 0.000000 0.000000 0.000000 0.000000 0.000000