geotop/1.0zi/1.0Montebello/Templates/testdem/maps/_Eocsilt6084.asc
ncols         21
nrows         20
xllcorner     100.000000
yllcorner     100.000000
cellsize      50.000000
NODATA_value  -9999.0
0.000000 0.000000 0.000000 0.000000 0.000000 0.000000 0.000000 0.000000 0.000000 0.000000 0.000000 0.000000 0.000000 0.000000 0.000000 0.000000 0.000000 0.000000 0.000000 0.000000 0.000000
0.000000 0.000000 0.350120 0.350120 0.350120 0.350120 0.350119 0.350120 0.350120 0.350120 0.350120 0.350119 0.350119 0.350119 0.350119 0.350120 0.350120 0.350120 0.350119 0.000000 0.000000
0.000000 0.000000 0.350002 0.350002 0.350002 0.350003 0.350003 0.350003 0.350003 0.350003 0.350003 0.350003 0.350004 0.350003 0.350003 0.350003 0.350001 0.350001 0.350002 0.000000 0.000000
0.000000 0.000000 0.350047 0.350046 0.350045 0.350040 0.350041 0.350039 0.350041 0.350041 0.350040 0.350039 0.350040 0.350040 0.350042 0.350045 0.350046 0.350048 0.350047 0.000000 0.000000
0.000000 0.000000 0.350550 0.350553 0.350552 0.350549 0.350545 0.350540 0.350539 0.350537 0.350535 0.350536 0.350538 0.350539 0.350545 0.350547 0.350546 0.350555 0.350559 0.000000 0.000000
0.000000 0.000000 0.352134 0.352136 0.352131 0.352116 0.352106 0.352088 0.352086 0.352082 0.352087 0.352089 0.352090 0.352087 0.352093 0.352100 0.352109 0.352113 0.352119 0.000000 0.000000
0.000000 0.000000 0.354538 0.354535 0.354529 0.354510 0.354488 0.354464 0.354465 0.354463 0.354465 0.354464 0.354461 0.354465 0.354483 0.354502 0.354512 0.354522 0.354529 0.000000 0.000000
0.000000 0.000000 0.357470 0.357470 0.357469 0.357451 0.357429 0.357402 0.357403 0.357400 0.357399 0.357399 0.357397 0.357400 0.357421 0.357442 0.357459 0.357462 0.357471 0.000000 0.000000
0.000000 0.000000 0.360551 0.360546 0.360538 0.360526 0.360504 0.360474 0.360475 0.360470 0.360467 0.360469 0.360469 0.360467 0.360495 0.360517 0.360532 0.360537 0.360547 0.000000 0.000000
0.000000 0.000000 0.363660 0.363656 0.363651 0.363643 0.363613 0.363586 0.363588 0.363585 0.363581 0.363584 0.363588 0.363585 0.363607 0.363632 0.363647 0.363650 0.363656 0.000000 0.000000
0.000000 0.000000 0.366862 0.366859 0.366857 0.366835 0.366815 0.366785 0.366792 0.366778 0.366778 0.366779 0.366775 0.366783 0.366801 0.366818 0.366834 0.366843 0.366856 0.000000 0.000000
0.000000 0.000000 0.370243 0.370235 0.370225 0.370210 0.370192 0.370156 0.370158 0.370150 0.370158 0.370150 0.370151 0.370154 0.370186 0.370202 0.370214 0.370219 0.370252 0.000000 0.000000
0.000000 0.000000 0.373725 0.373719 0.373715 0.373697 0.373681 0.373608 0.373607 0.373601 0.373586 0.373594 0.373599 0.373605 0.373659 0.373674 0.373700 0.373703 0.373726 0.000000 0.000000
0.000000 0.000000 0.377529 0.377524 0.377514 0.377503 0.377430 0.377413 0.377397 0.377396 0.377391 0.377393 0.377394 0.377391 0.377399 0.377472 0.377494 0.377512 0.377537 0.000000 0.000000
0.000000 0.000000 0.381740 0.381734 0.381718 0.381641 0.381620 0.381576 0.381549 0.381545 0.381531 0.381522 0.381531 0.381525 0.381559 0.381592 0.381700 0.381691 0.381705 0.000000 0.000000
0.000000 0.000000 0.386221 0.386215 0.386114 0.386099 0.386094 0.386067 0.386089 0.386077 0.386086 0.386076 0.386063 0.386084 0.386101 0.386111 0.386098 0.386228 0.386232 0.000000 0.000000
0.000000 0.000000 0.391394 0.391254 0.391212 0.391171 0.391105 0.391072 0.391059 0.391058 0.391026 0.391023 0.391037 0.391030 0.391069 0.391120 0.391201 0.391222 0.391364 0.000000 0.000000
0.000000 0.000000 0.395068 0.395086 0.395212 0.395180 0.395133 0.395004 0.395002 0.394973 0.394995 0.394987 0.394995 0.394999 0.395116 0.395152 0.395232 0.395103 0.395093 0.000000 0.000000
0.000000 0.000000 0.350000 0.350000 0.350000 0.350000 0.350000 0.350000 0.350000 0.350000 0.350000 0.350000 0.350000 0.350000 0.350000 0.350000 0.350000 0.350000 0.350000 0.000000 0.000000
0.000000 0.000000 0.000000 0.000000 0.000000 0.000000 0.000000 0.000000 0.000000 0.000000 0.000000 0.000000 0.000000 0.000000 0.000000 0.000000 0.000000 0.000000 0.000000 0.000000 0.000000