geotop/1.0zi/1.0Montebello/Templates/testdem/maps/_Eocsilt4497.asc
ncols         21
nrows         20
xllcorner     100.000000
yllcorner     100.000000
cellsize      50.000000
NODATA_value  -9999.0
0.000000 0.000000 0.000000 0.000000 0.000000 0.000000 0.000000 0.000000 0.000000 0.000000 0.000000 0.000000 0.000000 0.000000 0.000000 0.000000 0.000000 0.000000 0.000000 0.000000 0.000000
0.000000 0.000000 0.350091 0.350091 0.350091 0.350091 0.350091 0.350091 0.350091 0.350091 0.350091 0.350091 0.350091 0.350091 0.350091 0.350091 0.350092 0.350091 0.350091 0.000000 0.000000
0.000000 0.000000 0.350002 0.350002 0.350002 0.350003 0.350003 0.350003 0.350003 0.350003 0.350003 0.350003 0.350003 0.350003 0.350003 0.350002 0.350001 0.350001 0.350002 0.000000 0.000000
0.000000 0.000000 0.350031 0.350031 0.350031 0.350026 0.350027 0.350025 0.350027 0.350027 0.350027 0.350027 0.350027 0.350026 0.350027 0.350030 0.350031 0.350032 0.350031 0.000000 0.000000
0.000000 0.000000 0.350386 0.350389 0.350388 0.350383 0.350381 0.350377 0.350376 0.350373 0.350372 0.350374 0.350374 0.350375 0.350380 0.350381 0.350382 0.350389 0.350393 0.000000 0.000000
0.000000 0.000000 0.351543 0.351545 0.351541 0.351530 0.351523 0.351508 0.351505 0.351500 0.351505 0.351508 0.351511 0.351511 0.351516 0.351521 0.351528 0.351529 0.351533 0.000000 0.000000
0.000000 0.000000 0.353343 0.353343 0.353340 0.353325 0.353310 0.353292 0.353293 0.353290 0.353294 0.353293 0.353291 0.353294 0.353306 0.353321 0.353327 0.353334 0.353340 0.000000 0.000000
0.000000 0.000000 0.355434 0.355431 0.355430 0.355417 0.355403 0.355385 0.355387 0.355384 0.355384 0.355384 0.355382 0.355381 0.355398 0.355414 0.355425 0.355428 0.355433 0.000000 0.000000
0.000000 0.000000 0.357567 0.357563 0.357559 0.357548 0.357535 0.357513 0.357514 0.357510 0.357510 0.357512 0.357510 0.357510 0.357527 0.357545 0.357553 0.357558 0.357566 0.000000 0.000000
0.000000 0.000000 0.359686 0.359683 0.359681 0.359670 0.359653 0.359635 0.359638 0.359634 0.359635 0.359635 0.359632 0.359631 0.359650 0.359668 0.359675 0.359679 0.359685 0.000000 0.000000
0.000000 0.000000 0.361821 0.361818 0.361816 0.361808 0.361796 0.361773 0.361776 0.361771 0.361771 0.361773 0.361770 0.361769 0.361785 0.361798 0.361807 0.361812 0.361819 0.000000 0.000000
0.000000 0.000000 0.364029 0.364026 0.364022 0.364009 0.363996 0.363974 0.363974 0.363971 0.363971 0.363971 0.363970 0.363968 0.363989 0.364005 0.364014 0.364018 0.364041 0.000000 0.000000
0.000000 0.000000 0.366266 0.366263 0.366259 0.366250 0.366234 0.366188 0.366189 0.366185 0.366185 0.366185 0.366182 0.366182 0.366221 0.366240 0.366249 0.366254 0.366268 0.000000 0.000000
0.000000 0.000000 0.368634 0.368627 0.368625 0.368615 0.368570 0.368558 0.368551 0.368548 0.368549 0.368549 0.368545 0.368545 0.368557 0.368602 0.368612 0.368622 0.368631 0.000000 0.000000
0.000000 0.000000 0.371186 0.371181 0.371170 0.371130 0.371109 0.371080 0.371067 0.371062 0.371055 0.371055 0.371056 0.371051 0.371072 0.371104 0.371154 0.371153 0.371160 0.000000 0.000000
0.000000 0.000000 0.373821 0.373816 0.373768 0.373760 0.373747 0.373733 0.373731 0.373730 0.373733 0.373732 0.373724 0.373733 0.373740 0.373753 0.373754 0.373808 0.373821 0.000000 0.000000
0.000000 0.000000 0.376751 0.376687 0.376648 0.376630 0.376597 0.376579 0.376575 0.376572 0.376565 0.376566 0.376566 0.376560 0.376573 0.376611 0.376637 0.376664 0.376729 0.000000 0.000000
0.000000 0.000000 0.379041 0.379028 0.379071 0.379047 0.379019 0.378954 0.378949 0.378942 0.378945 0.378945 0.378940 0.378944 0.379001 0.379034 0.379072 0.379016 0.379042 0.000000 0.000000
0.000000 0.000000 0.350000 0.350000 0.350000 0.350000 0.350000 0.350000 0.350000 0.350000 0.350000 0.350000 0.350000 0.350000 0.350000 0.350000 0.350000 0.350000 0.350000 0.000000 0.000000
0.000000 0.000000 0.000000 0.000000 0.000000 0.000000 0.000000 0.000000 0.000000 0.000000 0.000000 0.000000 0.000000 0.000000 0.000000 0.000000 0.000000 0.000000 0.000000 0.000000 0.000000