geotop/1.0zi/1.0Montebello/Templates/testdem/maps/_Eocsand4757.asc
ncols         21
nrows         20
xllcorner     100.000000
yllcorner     100.000000
cellsize      50.000000
NODATA_value  -9999.0
0.000000 0.000000 0.000000 0.000000 0.000000 0.000000 0.000000 0.000000 0.000000 0.000000 0.000000 0.000000 0.000000 0.000000 0.000000 0.000000 0.000000 0.000000 0.000000 0.000000 0.000000
0.000000 0.000000 0.300117 0.300117 0.300116 0.300116 0.300116 0.300116 0.300116 0.300116 0.300116 0.300116 0.300116 0.300116 0.300116 0.300116 0.300116 0.300117 0.300117 0.000000 0.000000
0.000000 0.000000 0.300006 0.300005 0.300005 0.300005 0.300005 0.300005 0.300005 0.300005 0.300005 0.300005 0.300005 0.300005 0.300005 0.300005 0.300007 0.300007 0.300006 0.000000 0.000000
0.000000 0.000000 0.299974 0.299973 0.299975 0.299979 0.299976 0.299979 0.299977 0.299977 0.299977 0.299978 0.299978 0.299980 0.299976 0.299972 0.299973 0.299971 0.299973 0.000000 0.000000
0.000000 0.000000 0.299276 0.299274 0.299275 0.299286 0.299297 0.299302 0.299303 0.299306 0.299308 0.299304 0.299307 0.299304 0.299295 0.299295 0.299290 0.299281 0.299275 0.000000 0.000000
0.000000 0.000000 0.296853 0.296847 0.296857 0.296884 0.296895 0.296924 0.296928 0.296938 0.296928 0.296925 0.296918 0.296918 0.296911 0.296896 0.296884 0.296874 0.296866 0.000000 0.000000
0.000000 0.000000 0.293133 0.293137 0.293147 0.293176 0.293209 0.293248 0.293247 0.293254 0.293247 0.293249 0.293249 0.293243 0.293215 0.293183 0.293167 0.293154 0.293142 0.000000 0.000000
0.000000 0.000000 0.288731 0.288736 0.288739 0.288770 0.288805 0.288844 0.288842 0.288850 0.288848 0.288847 0.288850 0.288847 0.288810 0.288775 0.288756 0.288749 0.288736 0.000000 0.000000
0.000000 0.000000 0.284232 0.284241 0.284252 0.284275 0.284308 0.284353 0.284350 0.284359 0.284358 0.284355 0.284358 0.284354 0.284318 0.284279 0.284264 0.284254 0.284238 0.000000 0.000000
0.000000 0.000000 0.279742 0.279751 0.279758 0.279782 0.279821 0.279861 0.279856 0.279863 0.279862 0.279860 0.279864 0.279864 0.279824 0.279785 0.279770 0.279762 0.279749 0.000000 0.000000
0.000000 0.000000 0.275181 0.275191 0.275198 0.275217 0.275248 0.275296 0.275292 0.275303 0.275302 0.275299 0.275303 0.275301 0.275266 0.275237 0.275217 0.275207 0.275192 0.000000 0.000000
0.000000 0.000000 0.270457 0.270465 0.270477 0.270505 0.270537 0.270584 0.270585 0.270592 0.270590 0.270591 0.270592 0.270592 0.270547 0.270513 0.270494 0.270486 0.270438 0.000000 0.000000
0.000000 0.000000 0.265660 0.265670 0.265682 0.265704 0.265742 0.265840 0.265839 0.265848 0.265848 0.265846 0.265851 0.265847 0.265762 0.265721 0.265702 0.265693 0.265664 0.000000 0.000000
0.000000 0.000000 0.260565 0.260583 0.260591 0.260614 0.260717 0.260744 0.260759 0.260767 0.260764 0.260763 0.260769 0.260766 0.260737 0.260638 0.260617 0.260597 0.260579 0.000000 0.000000
0.000000 0.000000 0.255055 0.255069 0.255097 0.255187 0.255237 0.255299 0.255330 0.255341 0.255354 0.255354 0.255349 0.255356 0.255308 0.255238 0.255129 0.255133 0.255117 0.000000 0.000000
0.000000 0.000000 0.249346 0.249361 0.249470 0.249490 0.249524 0.249556 0.249559 0.249562 0.249555 0.249556 0.249570 0.249548 0.249531 0.249501 0.249500 0.249381 0.249352 0.000000 0.000000
0.000000 0.000000 0.242971 0.243118 0.243207 0.243250 0.243328 0.243369 0.243378 0.243385 0.243400 0.243398 0.243395 0.243405 0.243373 0.243287 0.243230 0.243174 0.243029 0.000000 0.000000
0.000000 0.000000 0.238032 0.238061 0.237968 0.238024 0.238090 0.238234 0.238248 0.238262 0.238255 0.238255 0.238263 0.238250 0.238119 0.238047 0.237966 0.238089 0.238035 0.000000 0.000000
0.000000 0.000000 0.300000 0.300000 0.300000 0.300000 0.300000 0.300000 0.300000 0.300000 0.300000 0.300000 0.300000 0.300000 0.300000 0.300000 0.300000 0.300000 0.300000 0.000000 0.000000
0.000000 0.000000 0.000000 0.000000 0.000000 0.000000 0.000000 0.000000 0.000000 0.000000 0.000000 0.000000 0.000000 0.000000 0.000000 0.000000 0.000000 0.000000 0.000000 0.000000 0.000000