geotop/1.0zi/1.0Montebello/Templates/testdem/maps/_Eocsand3442.asc
ncols         21
nrows         20
xllcorner     100.000000
yllcorner     100.000000
cellsize      50.000000
NODATA_value  -9999.0
0.000000 0.000000 0.000000 0.000000 0.000000 0.000000 0.000000 0.000000 0.000000 0.000000 0.000000 0.000000 0.000000 0.000000 0.000000 0.000000 0.000000 0.000000 0.000000 0.000000 0.000000
0.000000 0.000000 0.300092 0.300092 0.300092 0.300092 0.300092 0.300092 0.300092 0.300092 0.300093 0.300092 0.300092 0.300092 0.300092 0.300092 0.300092 0.300092 0.300092 0.000000 0.000000
0.000000 0.000000 0.300010 0.300011 0.300011 0.300010 0.300011 0.300010 0.300010 0.300011 0.300009 0.300011 0.300010 0.300010 0.300011 0.300010 0.300011 0.300011 0.300010 0.000000 0.000000
0.000000 0.000000 0.297325 0.297326 0.297331 0.297329 0.297326 0.297326 0.297326 0.297326 0.297325 0.297326 0.297326 0.297326 0.297326 0.297329 0.297331 0.297326 0.297325 0.000000 0.000000
0.000000 0.000000 0.287104 0.287105 0.287109 0.287108 0.287102 0.287105 0.287105 0.287102 0.287101 0.287102 0.287105 0.287105 0.287102 0.287108 0.287109 0.287105 0.287104 0.000000 0.000000
0.000000 0.000000 0.275223 0.275224 0.275228 0.275227 0.275222 0.275224 0.275224 0.275222 0.275221 0.275222 0.275224 0.275224 0.275222 0.275227 0.275228 0.275224 0.275223 0.000000 0.000000
0.000000 0.000000 0.264290 0.264291 0.264294 0.264294 0.264289 0.264291 0.264291 0.264290 0.264288 0.264290 0.264291 0.264291 0.264289 0.264294 0.264294 0.264291 0.264290 0.000000 0.000000
0.000000 0.000000 0.254384 0.254385 0.254388 0.254387 0.254384 0.254385 0.254385 0.254384 0.254383 0.254384 0.254385 0.254385 0.254384 0.254387 0.254388 0.254385 0.254384 0.000000 0.000000
0.000000 0.000000 0.245246 0.245246 0.245249 0.245248 0.245245 0.245246 0.245246 0.245245 0.245244 0.245245 0.245246 0.245246 0.245245 0.245248 0.245249 0.245246 0.245246 0.000000 0.000000
0.000000 0.000000 0.236659 0.236659 0.236662 0.236661 0.236658 0.236659 0.236659 0.236658 0.236657 0.236658 0.236659 0.236659 0.236658 0.236661 0.236662 0.236659 0.236659 0.000000 0.000000
0.000000 0.000000 0.228513 0.228513 0.228516 0.228515 0.228512 0.228513 0.228513 0.228512 0.228511 0.228512 0.228513 0.228513 0.228512 0.228515 0.228516 0.228513 0.228513 0.000000 0.000000
0.000000 0.000000 0.220729 0.220729 0.220731 0.220731 0.220728 0.220729 0.220729 0.220728 0.220727 0.220728 0.220729 0.220729 0.220728 0.220731 0.220731 0.220729 0.220729 0.000000 0.000000
0.000000 0.000000 0.213247 0.213247 0.213250 0.213249 0.213246 0.213247 0.213247 0.213246 0.213245 0.213246 0.213247 0.213247 0.213246 0.213249 0.213250 0.213247 0.213247 0.000000 0.000000
0.000000 0.000000 0.206010 0.206010 0.206012 0.206012 0.206009 0.206010 0.206010 0.206009 0.206008 0.206009 0.206010 0.206010 0.206009 0.206012 0.206012 0.206010 0.206010 0.000000 0.000000
0.000000 0.000000 0.198996 0.198996 0.198998 0.198997 0.198995 0.198996 0.198996 0.198995 0.198994 0.198995 0.198996 0.198996 0.198995 0.198997 0.198998 0.198996 0.198996 0.000000 0.000000
0.000000 0.000000 0.192194 0.192194 0.192196 0.192196 0.192193 0.192194 0.192194 0.192193 0.192192 0.192193 0.192194 0.192194 0.192193 0.192196 0.192196 0.192194 0.192194 0.000000 0.000000
0.000000 0.000000 0.185581 0.185581 0.185583 0.185583 0.185580 0.185581 0.185581 0.185580 0.185580 0.185580 0.185581 0.185581 0.185580 0.185583 0.185583 0.185581 0.185581 0.000000 0.000000
0.000000 0.000000 0.179042 0.179042 0.179044 0.179043 0.179041 0.179042 0.179042 0.179041 0.179040 0.179041 0.179042 0.179042 0.179041 0.179043 0.179044 0.179042 0.179041 0.000000 0.000000
0.000000 0.000000 0.300000 0.300000 0.300000 0.300000 0.300000 0.300000 0.300000 0.300000 0.300000 0.300000 0.300000 0.300000 0.300000 0.300000 0.300000 0.300000 0.300000 0.000000 0.000000
0.000000 0.000000 0.000000 0.000000 0.000000 0.000000 0.000000 0.000000 0.000000 0.000000 0.000000 0.000000 0.000000 0.000000 0.000000 0.000000 0.000000 0.000000 0.000000 0.000000 0.000000