geotop/1.0zi/1.0Montebello/Templates/testdem/maps/_Eocclay7230.asc
ncols         21
nrows         20
xllcorner     100.000000
yllcorner     100.000000
cellsize      50.000000
NODATA_value  -9999.0
0.000000 0.000000 0.000000 0.000000 0.000000 0.000000 0.000000 0.000000 0.000000 0.000000 0.000000 0.000000 0.000000 0.000000 0.000000 0.000000 0.000000 0.000000 0.000000 0.000000 0.000000
0.000000 0.000000 0.349674 0.349675 0.349675 0.349674 0.349675 0.349675 0.349675 0.349675 0.349674 0.349675 0.349675 0.349675 0.349675 0.349675 0.349673 0.349673 0.349674 0.000000 0.000000
0.000000 0.000000 0.349986 0.349986 0.349987 0.349988 0.349986 0.349986 0.349986 0.349986 0.349986 0.349986 0.349986 0.349985 0.349987 0.349987 0.349988 0.349987 0.349985 0.000000 0.000000
0.000000 0.000000 0.349979 0.349984 0.349981 0.349981 0.349982 0.349982 0.349984 0.349980 0.349984 0.349982 0.349982 0.349981 0.349982 0.349984 0.349981 0.349984 0.349983 0.000000 0.000000
0.000000 0.000000 0.350770 0.350768 0.350764 0.350760 0.350746 0.350744 0.350743 0.350745 0.350743 0.350743 0.350739 0.350743 0.350750 0.350751 0.350757 0.350759 0.350766 0.000000 0.000000
0.000000 0.000000 0.353108 0.353107 0.353096 0.353071 0.353059 0.353037 0.353039 0.353032 0.353036 0.353035 0.353037 0.353039 0.353047 0.353065 0.353077 0.353090 0.353097 0.000000 0.000000
0.000000 0.000000 0.356380 0.356377 0.356369 0.356348 0.356320 0.356286 0.356286 0.356281 0.356282 0.356283 0.356283 0.356284 0.356312 0.356339 0.356352 0.356363 0.356372 0.000000 0.000000
0.000000 0.000000 0.360288 0.360286 0.360279 0.360253 0.360226 0.360190 0.360190 0.360186 0.360186 0.360183 0.360181 0.360189 0.360218 0.360242 0.360263 0.360271 0.360284 0.000000 0.000000
0.000000 0.000000 0.364363 0.364357 0.364345 0.364330 0.364301 0.364264 0.364267 0.364259 0.364257 0.364255 0.364255 0.364254 0.364290 0.364320 0.364337 0.364344 0.364355 0.000000 0.000000
0.000000 0.000000 0.368602 0.368593 0.368587 0.368573 0.368532 0.368498 0.368500 0.368495 0.368490 0.368492 0.368497 0.368495 0.368525 0.368559 0.368579 0.368585 0.368594 0.000000 0.000000
0.000000 0.000000 0.373125 0.373119 0.373112 0.373081 0.373053 0.373013 0.373022 0.373001 0.373003 0.373003 0.372995 0.373009 0.373035 0.373057 0.373081 0.373095 0.373114 0.000000 0.000000
0.000000 0.000000 0.378020 0.378007 0.377992 0.377971 0.377941 0.377893 0.377893 0.377884 0.377896 0.377879 0.377883 0.377887 0.377934 0.377958 0.377975 0.377984 0.378029 0.000000 0.000000
0.000000 0.000000 0.383206 0.383192 0.383185 0.383158 0.383132 0.383019 0.383018 0.383010 0.382983 0.382996 0.383003 0.383014 0.383099 0.383124 0.383165 0.383170 0.383197 0.000000 0.000000
0.000000 0.000000 0.389086 0.389080 0.389058 0.389038 0.388910 0.388900 0.388874 0.388873 0.388874 0.388870 0.388867 0.388864 0.388865 0.388998 0.389026 0.389061 0.389093 0.000000 0.000000
0.000000 0.000000 0.395835 0.395824 0.395795 0.395646 0.395631 0.395557 0.395516 0.395507 0.395482 0.395463 0.395479 0.395474 0.395543 0.395570 0.395770 0.395747 0.395761 0.000000 0.000000
0.000000 0.000000 0.403198 0.403187 0.402976 0.402993 0.402981 0.402941 0.403008 0.402981 0.403014 0.402991 0.402962 0.403013 0.403035 0.403047 0.402952 0.403237 0.403238 0.000000 0.000000
0.000000 0.000000 0.412205 0.411881 0.411872 0.411770 0.411607 0.411553 0.411495 0.411505 0.411422 0.411423 0.411466 0.411432 0.411512 0.411633 0.411855 0.411786 0.412120 0.000000 0.000000
0.000000 0.000000 0.417216 0.417417 0.417722 0.417686 0.417645 0.417354 0.417373 0.417298 0.417394 0.417369 0.417368 0.417396 0.417652 0.417682 0.417773 0.417494 0.417308 0.000000 0.000000
0.000000 0.000000 0.350000 0.350000 0.350000 0.350000 0.350000 0.350000 0.350000 0.350000 0.350000 0.350000 0.350000 0.350000 0.350000 0.350000 0.350000 0.350000 0.350000 0.000000 0.000000
0.000000 0.000000 0.000000 0.000000 0.000000 0.000000 0.000000 0.000000 0.000000 0.000000 0.000000 0.000000 0.000000 0.000000 0.000000 0.000000 0.000000 0.000000 0.000000 0.000000 0.000000