geotop/1.0zi/1.0Montebello/Templates/testdem/maps/_Eocclay7206.asc
ncols         21
nrows         20
xllcorner     100.000000
yllcorner     100.000000
cellsize      50.000000
NODATA_value  -9999.0
0.000000 0.000000 0.000000 0.000000 0.000000 0.000000 0.000000 0.000000 0.000000 0.000000 0.000000 0.000000 0.000000 0.000000 0.000000 0.000000 0.000000 0.000000 0.000000 0.000000 0.000000
0.000000 0.000000 0.349674 0.349675 0.349675 0.349674 0.349676 0.349675 0.349675 0.349675 0.349674 0.349676 0.349675 0.349675 0.349676 0.349676 0.349674 0.349674 0.349675 0.000000 0.000000
0.000000 0.000000 0.349986 0.349986 0.349987 0.349988 0.349986 0.349986 0.349986 0.349986 0.349986 0.349986 0.349986 0.349985 0.349987 0.349987 0.349988 0.349987 0.349985 0.000000 0.000000
0.000000 0.000000 0.349979 0.349984 0.349981 0.349981 0.349982 0.349982 0.349984 0.349980 0.349984 0.349982 0.349982 0.349981 0.349982 0.349984 0.349981 0.349984 0.349983 0.000000 0.000000
0.000000 0.000000 0.350760 0.350758 0.350753 0.350750 0.350736 0.350734 0.350732 0.350735 0.350732 0.350733 0.350729 0.350733 0.350740 0.350741 0.350747 0.350748 0.350756 0.000000 0.000000
0.000000 0.000000 0.353082 0.353080 0.353070 0.353045 0.353033 0.353011 0.353013 0.353006 0.353010 0.353010 0.353011 0.353013 0.353021 0.353039 0.353051 0.353064 0.353071 0.000000 0.000000
0.000000 0.000000 0.356335 0.356332 0.356324 0.356304 0.356276 0.356242 0.356242 0.356237 0.356238 0.356239 0.356239 0.356240 0.356268 0.356294 0.356307 0.356319 0.356328 0.000000 0.000000
0.000000 0.000000 0.360223 0.360221 0.360214 0.360188 0.360162 0.360125 0.360126 0.360122 0.360122 0.360119 0.360117 0.360124 0.360154 0.360177 0.360199 0.360207 0.360219 0.000000 0.000000
0.000000 0.000000 0.364275 0.364270 0.364257 0.364242 0.364214 0.364177 0.364180 0.364172 0.364170 0.364168 0.364168 0.364167 0.364203 0.364233 0.364249 0.364257 0.364267 0.000000 0.000000
0.000000 0.000000 0.368488 0.368480 0.368474 0.368459 0.368418 0.368385 0.368387 0.368382 0.368377 0.368379 0.368384 0.368382 0.368412 0.368446 0.368465 0.368472 0.368480 0.000000 0.000000
0.000000 0.000000 0.372981 0.372975 0.372968 0.372937 0.372910 0.372869 0.372879 0.372857 0.372860 0.372859 0.372852 0.372866 0.372892 0.372913 0.372938 0.372951 0.372970 0.000000 0.000000
0.000000 0.000000 0.377840 0.377827 0.377812 0.377791 0.377761 0.377714 0.377714 0.377705 0.377716 0.377700 0.377703 0.377707 0.377754 0.377778 0.377795 0.377804 0.377849 0.000000 0.000000
0.000000 0.000000 0.382984 0.382971 0.382964 0.382937 0.382911 0.382799 0.382798 0.382790 0.382764 0.382776 0.382783 0.382794 0.382878 0.382903 0.382943 0.382948 0.382976 0.000000 0.000000
0.000000 0.000000 0.388812 0.388806 0.388784 0.388764 0.388638 0.388627 0.388602 0.388600 0.388602 0.388597 0.388595 0.388592 0.388593 0.388724 0.388752 0.388787 0.388819 0.000000 0.000000
0.000000 0.000000 0.395496 0.395485 0.395456 0.395309 0.395293 0.395220 0.395179 0.395170 0.395146 0.395127 0.395143 0.395138 0.395206 0.395233 0.395430 0.395408 0.395422 0.000000 0.000000
0.000000 0.000000 0.402783 0.402772 0.402564 0.402580 0.402568 0.402529 0.402594 0.402567 0.402599 0.402577 0.402548 0.402599 0.402620 0.402633 0.402541 0.402821 0.402821 0.000000 0.000000
0.000000 0.000000 0.411687 0.411369 0.411358 0.411258 0.411097 0.411044 0.410988 0.410997 0.410916 0.410917 0.410959 0.410926 0.411004 0.411124 0.411341 0.411275 0.411603 0.000000 0.000000
0.000000 0.000000 0.416682 0.416876 0.417175 0.417139 0.417097 0.416810 0.416828 0.416755 0.416848 0.416824 0.416823 0.416850 0.417102 0.417133 0.417225 0.416950 0.416770 0.000000 0.000000
0.000000 0.000000 0.350000 0.350000 0.350000 0.350000 0.350000 0.350000 0.350000 0.350000 0.350000 0.350000 0.350000 0.350000 0.350000 0.350000 0.350000 0.350000 0.350000 0.000000 0.000000
0.000000 0.000000 0.000000 0.000000 0.000000 0.000000 0.000000 0.000000 0.000000 0.000000 0.000000 0.000000 0.000000 0.000000 0.000000 0.000000 0.000000 0.000000 0.000000 0.000000 0.000000