geotop/1.0zi/1.0Montebello/Templates/testdem/maps/_Eocclay6294.asc
ncols         21
nrows         20
xllcorner     100.000000
yllcorner     100.000000
cellsize      50.000000
NODATA_value  -9999.0
0.000000 0.000000 0.000000 0.000000 0.000000 0.000000 0.000000 0.000000 0.000000 0.000000 0.000000 0.000000 0.000000 0.000000 0.000000 0.000000 0.000000 0.000000 0.000000 0.000000 0.000000
0.000000 0.000000 0.349718 0.349719 0.349720 0.349718 0.349720 0.349720 0.349719 0.349719 0.349718 0.349720 0.349719 0.349719 0.349720 0.349720 0.349718 0.349718 0.349719 0.000000 0.000000
0.000000 0.000000 0.349989 0.349989 0.349989 0.349990 0.349988 0.349988 0.349988 0.349988 0.349988 0.349988 0.349989 0.349987 0.349989 0.349988 0.349990 0.349989 0.349987 0.000000 0.000000
0.000000 0.000000 0.349984 0.349988 0.349985 0.349985 0.349986 0.349986 0.349988 0.349984 0.349989 0.349987 0.349987 0.349987 0.349986 0.349988 0.349986 0.349988 0.349988 0.000000 0.000000
0.000000 0.000000 0.350571 0.350571 0.350568 0.350565 0.350552 0.350550 0.350550 0.350552 0.350550 0.350548 0.350544 0.350545 0.350552 0.350552 0.350557 0.350559 0.350566 0.000000 0.000000
0.000000 0.000000 0.352353 0.352353 0.352346 0.352324 0.352317 0.352298 0.352299 0.352294 0.352297 0.352298 0.352302 0.352302 0.352306 0.352320 0.352330 0.352341 0.352346 0.000000 0.000000
0.000000 0.000000 0.355005 0.355004 0.354998 0.354980 0.354958 0.354929 0.354928 0.354924 0.354925 0.354927 0.354927 0.354927 0.354949 0.354972 0.354983 0.354992 0.355000 0.000000 0.000000
0.000000 0.000000 0.358199 0.358200 0.358195 0.358173 0.358150 0.358119 0.358119 0.358116 0.358116 0.358116 0.358114 0.358119 0.358144 0.358164 0.358181 0.358187 0.358198 0.000000 0.000000
0.000000 0.000000 0.361485 0.361482 0.361473 0.361460 0.361438 0.361407 0.361409 0.361402 0.361400 0.361401 0.361400 0.361399 0.361429 0.361452 0.361467 0.361471 0.361481 0.000000 0.000000
0.000000 0.000000 0.364843 0.364837 0.364833 0.364822 0.364789 0.364761 0.364763 0.364759 0.364755 0.364758 0.364763 0.364759 0.364784 0.364812 0.364828 0.364831 0.364839 0.000000 0.000000
0.000000 0.000000 0.368358 0.368355 0.368350 0.368327 0.368305 0.368273 0.368280 0.368264 0.368264 0.368266 0.368261 0.368271 0.368291 0.368308 0.368327 0.368337 0.368352 0.000000 0.000000
0.000000 0.000000 0.372084 0.372078 0.372067 0.372049 0.372028 0.371990 0.371990 0.371982 0.371991 0.371981 0.371982 0.371985 0.372022 0.372039 0.372052 0.372058 0.372095 0.000000 0.000000
0.000000 0.000000 0.375956 0.375948 0.375943 0.375923 0.375904 0.375823 0.375822 0.375815 0.375797 0.375807 0.375813 0.375820 0.375881 0.375897 0.375928 0.375931 0.375956 0.000000 0.000000
0.000000 0.000000 0.380214 0.380209 0.380196 0.380181 0.380099 0.380081 0.380063 0.380062 0.380057 0.380059 0.380058 0.380055 0.380065 0.380150 0.380175 0.380196 0.380222 0.000000 0.000000
0.000000 0.000000 0.384967 0.384962 0.384942 0.384852 0.384829 0.384780 0.384749 0.384743 0.384727 0.384717 0.384728 0.384722 0.384762 0.384796 0.384922 0.384911 0.384927 0.000000 0.000000
0.000000 0.000000 0.390054 0.390048 0.389926 0.389913 0.389907 0.389878 0.389907 0.389891 0.389905 0.389891 0.389876 0.389903 0.389922 0.389931 0.389909 0.390065 0.390069 0.000000 0.000000
0.000000 0.000000 0.396009 0.395839 0.395796 0.395746 0.395662 0.395627 0.395608 0.395608 0.395568 0.395566 0.395585 0.395573 0.395618 0.395682 0.395784 0.395797 0.395974 0.000000 0.000000
0.000000 0.000000 0.400087 0.400127 0.400286 0.400249 0.400201 0.400043 0.400042 0.400005 0.400037 0.400027 0.400034 0.400041 0.400187 0.400222 0.400312 0.400151 0.400123 0.000000 0.000000
0.000000 0.000000 0.350000 0.350000 0.350000 0.350000 0.350000 0.350000 0.350000 0.350000 0.350000 0.350000 0.350000 0.350000 0.350000 0.350000 0.350000 0.350000 0.350000 0.000000 0.000000
0.000000 0.000000 0.000000 0.000000 0.000000 0.000000 0.000000 0.000000 0.000000 0.000000 0.000000 0.000000 0.000000 0.000000 0.000000 0.000000 0.000000 0.000000 0.000000 0.000000 0.000000