geotop/1.0zi/1.0Montebello/Templates/testdem/maps/_Eocsand3252.asc
ncols         21
nrows         20
xllcorner     100.000000
yllcorner     100.000000
cellsize      50.000000
NODATA_value  -9999.0
0.000000 0.000000 0.000000 0.000000 0.000000 0.000000 0.000000 0.000000 0.000000 0.000000 0.000000 0.000000 0.000000 0.000000 0.000000 0.000000 0.000000 0.000000 0.000000 0.000000 0.000000
0.000000 0.000000 0.300089 0.300089 0.300089 0.300089 0.300089 0.300089 0.300089 0.300089 0.300090 0.300089 0.300089 0.300089 0.300089 0.300089 0.300089 0.300089 0.300089 0.000000 0.000000
0.000000 0.000000 0.300011 0.300011 0.300011 0.300011 0.300011 0.300011 0.300011 0.300011 0.300009 0.300011 0.300011 0.300011 0.300011 0.300011 0.300011 0.300011 0.300011 0.000000 0.000000
0.000000 0.000000 0.297432 0.297433 0.297438 0.297436 0.297432 0.297433 0.297433 0.297432 0.297432 0.297432 0.297433 0.297433 0.297432 0.297436 0.297438 0.297433 0.297432 0.000000 0.000000
0.000000 0.000000 0.287800 0.287802 0.287806 0.287805 0.287800 0.287802 0.287801 0.287799 0.287798 0.287799 0.287801 0.287802 0.287800 0.287805 0.287806 0.287802 0.287800 0.000000 0.000000
0.000000 0.000000 0.276632 0.276634 0.276637 0.276637 0.276632 0.276634 0.276633 0.276632 0.276630 0.276632 0.276633 0.276634 0.276632 0.276637 0.276637 0.276634 0.276632 0.000000 0.000000
0.000000 0.000000 0.266348 0.266349 0.266352 0.266352 0.266348 0.266349 0.266349 0.266347 0.266346 0.266347 0.266349 0.266349 0.266348 0.266352 0.266352 0.266349 0.266348 0.000000 0.000000
0.000000 0.000000 0.257012 0.257013 0.257016 0.257016 0.257012 0.257013 0.257013 0.257012 0.257011 0.257012 0.257013 0.257013 0.257012 0.257016 0.257016 0.257013 0.257012 0.000000 0.000000
0.000000 0.000000 0.248380 0.248381 0.248384 0.248383 0.248380 0.248381 0.248381 0.248380 0.248379 0.248380 0.248381 0.248381 0.248380 0.248383 0.248384 0.248381 0.248380 0.000000 0.000000
0.000000 0.000000 0.240249 0.240250 0.240252 0.240252 0.240249 0.240250 0.240250 0.240249 0.240248 0.240249 0.240250 0.240250 0.240249 0.240252 0.240252 0.240250 0.240249 0.000000 0.000000
0.000000 0.000000 0.232518 0.232519 0.232521 0.232521 0.232518 0.232519 0.232519 0.232518 0.232517 0.232518 0.232519 0.232519 0.232518 0.232521 0.232521 0.232519 0.232518 0.000000 0.000000
0.000000 0.000000 0.225115 0.225115 0.225118 0.225117 0.225115 0.225116 0.225115 0.225114 0.225114 0.225114 0.225115 0.225116 0.225115 0.225117 0.225118 0.225115 0.225115 0.000000 0.000000
0.000000 0.000000 0.217987 0.217987 0.217990 0.217989 0.217986 0.217987 0.217987 0.217986 0.217985 0.217986 0.217987 0.217987 0.217986 0.217989 0.217990 0.217987 0.217987 0.000000 0.000000
0.000000 0.000000 0.211073 0.211074 0.211076 0.211075 0.211073 0.211074 0.211074 0.211073 0.211072 0.211073 0.211074 0.211074 0.211073 0.211075 0.211076 0.211074 0.211073 0.000000 0.000000
0.000000 0.000000 0.204360 0.204360 0.204362 0.204362 0.204359 0.204360 0.204360 0.204359 0.204358 0.204359 0.204360 0.204360 0.204359 0.204362 0.204362 0.204360 0.204360 0.000000 0.000000
0.000000 0.000000 0.197834 0.197834 0.197837 0.197836 0.197834 0.197835 0.197834 0.197833 0.197833 0.197833 0.197834 0.197835 0.197834 0.197836 0.197837 0.197834 0.197834 0.000000 0.000000
0.000000 0.000000 0.191476 0.191476 0.191479 0.191478 0.191476 0.191476 0.191476 0.191475 0.191475 0.191475 0.191476 0.191476 0.191476 0.191478 0.191479 0.191476 0.191476 0.000000 0.000000
0.000000 0.000000 0.185164 0.185163 0.185165 0.185165 0.185163 0.185163 0.185163 0.185162 0.185161 0.185162 0.185163 0.185163 0.185163 0.185165 0.185165 0.185163 0.185163 0.000000 0.000000
0.000000 0.000000 0.300000 0.300000 0.300000 0.300000 0.300000 0.300000 0.300000 0.300000 0.300000 0.300000 0.300000 0.300000 0.300000 0.300000 0.300000 0.300000 0.300000 0.000000 0.000000
0.000000 0.000000 0.000000 0.000000 0.000000 0.000000 0.000000 0.000000 0.000000 0.000000 0.000000 0.000000 0.000000 0.000000 0.000000 0.000000 0.000000 0.000000 0.000000 0.000000 0.000000