geotop/1.0zi/1.0Montebello/Templates/testdem/maps/_Eocsilt6414.asc
ncols         21
nrows         20
xllcorner     100.000000
yllcorner     100.000000
cellsize      50.000000
NODATA_value  -9999.0
0.000000 0.000000 0.000000 0.000000 0.000000 0.000000 0.000000 0.000000 0.000000 0.000000 0.000000 0.000000 0.000000 0.000000 0.000000 0.000000 0.000000 0.000000 0.000000 0.000000 0.000000
0.000000 0.000000 0.350128 0.350129 0.350129 0.350129 0.350128 0.350129 0.350128 0.350128 0.350129 0.350128 0.350128 0.350128 0.350128 0.350129 0.350129 0.350129 0.350128 0.000000 0.000000
0.000000 0.000000 0.350002 0.350002 0.350002 0.350002 0.350003 0.350003 0.350003 0.350003 0.350003 0.350003 0.350003 0.350003 0.350003 0.350002 0.350001 0.350001 0.350002 0.000000 0.000000
0.000000 0.000000 0.350053 0.350051 0.350050 0.350044 0.350045 0.350043 0.350045 0.350046 0.350044 0.350044 0.350044 0.350044 0.350047 0.350050 0.350051 0.350052 0.350053 0.000000 0.000000
0.000000 0.000000 0.350628 0.350634 0.350631 0.350625 0.350621 0.350616 0.350615 0.350612 0.350611 0.350612 0.350614 0.350615 0.350620 0.350624 0.350625 0.350634 0.350637 0.000000 0.000000
0.000000 0.000000 0.352356 0.352359 0.352352 0.352337 0.352325 0.352306 0.352305 0.352301 0.352305 0.352307 0.352308 0.352305 0.352312 0.352320 0.352330 0.352334 0.352340 0.000000 0.000000
0.000000 0.000000 0.354959 0.354957 0.354949 0.354928 0.354904 0.354879 0.354880 0.354877 0.354879 0.354878 0.354875 0.354879 0.354900 0.354921 0.354932 0.354943 0.354951 0.000000 0.000000
0.000000 0.000000 0.358135 0.358135 0.358132 0.358112 0.358089 0.358060 0.358061 0.358058 0.358057 0.358056 0.358055 0.358058 0.358082 0.358104 0.358122 0.358126 0.358137 0.000000 0.000000
0.000000 0.000000 0.361480 0.361475 0.361464 0.361451 0.361428 0.361395 0.361397 0.361390 0.361388 0.361389 0.361389 0.361388 0.361418 0.361442 0.361459 0.361465 0.361475 0.000000 0.000000
0.000000 0.000000 0.364877 0.364872 0.364867 0.364856 0.364823 0.364795 0.364796 0.364792 0.364788 0.364792 0.364796 0.364792 0.364818 0.364845 0.364862 0.364865 0.364873 0.000000 0.000000
0.000000 0.000000 0.368398 0.368396 0.368392 0.368367 0.368345 0.368313 0.368320 0.368304 0.368305 0.368306 0.368302 0.368311 0.368331 0.368349 0.368368 0.368378 0.368393 0.000000 0.000000
0.000000 0.000000 0.372141 0.372135 0.372123 0.372105 0.372084 0.372045 0.372046 0.372038 0.372047 0.372037 0.372039 0.372042 0.372079 0.372097 0.372110 0.372116 0.372153 0.000000 0.000000
0.000000 0.000000 0.376024 0.376015 0.376010 0.375990 0.375971 0.375889 0.375888 0.375881 0.375863 0.375873 0.375879 0.375885 0.375947 0.375964 0.375995 0.375997 0.376023 0.000000 0.000000
0.000000 0.000000 0.380295 0.380291 0.380277 0.380263 0.380179 0.380162 0.380144 0.380143 0.380138 0.380141 0.380139 0.380136 0.380146 0.380232 0.380256 0.380277 0.380304 0.000000 0.000000
0.000000 0.000000 0.385068 0.385063 0.385043 0.384951 0.384928 0.384878 0.384848 0.384843 0.384827 0.384815 0.384827 0.384822 0.384862 0.384896 0.385024 0.385012 0.385028 0.000000 0.000000
0.000000 0.000000 0.390180 0.390175 0.390051 0.390038 0.390031 0.390002 0.390031 0.390015 0.390030 0.390016 0.390001 0.390029 0.390048 0.390058 0.390035 0.390193 0.390196 0.000000 0.000000
0.000000 0.000000 0.396168 0.395995 0.395954 0.395902 0.395816 0.395780 0.395759 0.395760 0.395719 0.395718 0.395737 0.395725 0.395772 0.395837 0.395942 0.395953 0.396133 0.000000 0.000000
0.000000 0.000000 0.400229 0.400273 0.400433 0.400396 0.400347 0.400187 0.400186 0.400149 0.400182 0.400172 0.400179 0.400187 0.400335 0.400371 0.400460 0.400299 0.400267 0.000000 0.000000
0.000000 0.000000 0.350000 0.350000 0.350000 0.350000 0.350000 0.350000 0.350000 0.350000 0.350000 0.350000 0.350000 0.350000 0.350000 0.350000 0.350000 0.350000 0.350000 0.000000 0.000000
0.000000 0.000000 0.000000 0.000000 0.000000 0.000000 0.000000 0.000000 0.000000 0.000000 0.000000 0.000000 0.000000 0.000000 0.000000 0.000000 0.000000 0.000000 0.000000 0.000000 0.000000