geotop/1.0zi/1.0Montebello/Templates/testdem/maps/_Eocsilt8791.asc
ncols         21
nrows         20
xllcorner     100.000000
yllcorner     100.000000
cellsize      50.000000
NODATA_value  -9999.0
0.000000 0.000000 0.000000 0.000000 0.000000 0.000000 0.000000 0.000000 0.000000 0.000000 0.000000 0.000000 0.000000 0.000000 0.000000 0.000000 0.000000 0.000000 0.000000 0.000000 0.000000
0.000000 0.000000 0.350187 0.350187 0.350187 0.350187 0.350187 0.350187 0.350187 0.350187 0.350187 0.350187 0.350187 0.350187 0.350187 0.350187 0.350187 0.350187 0.350187 0.000000 0.000000
0.000000 0.000000 0.350005 0.350005 0.350005 0.350005 0.350006 0.350005 0.350005 0.350006 0.350006 0.350006 0.350006 0.350006 0.350005 0.350005 0.350003 0.350003 0.350005 0.000000 0.000000
0.000000 0.000000 0.350121 0.350117 0.350113 0.350108 0.350108 0.350104 0.350107 0.350107 0.350104 0.350106 0.350107 0.350106 0.350109 0.350113 0.350117 0.350116 0.350119 0.000000 0.000000
0.000000 0.000000 0.351210 0.351215 0.351205 0.351188 0.351179 0.351175 0.351175 0.351172 0.351173 0.351174 0.351179 0.351177 0.351190 0.351197 0.351201 0.351206 0.351209 0.000000 0.000000
0.000000 0.000000 0.354287 0.354283 0.354273 0.354254 0.354227 0.354207 0.354206 0.354200 0.354205 0.354205 0.354209 0.354206 0.354221 0.354238 0.354249 0.354253 0.354260 0.000000 0.000000
0.000000 0.000000 0.358663 0.358654 0.358642 0.358611 0.358576 0.358532 0.358536 0.358532 0.358533 0.358532 0.358529 0.358534 0.358571 0.358599 0.358617 0.358629 0.358637 0.000000 0.000000
0.000000 0.000000 0.363833 0.363824 0.363817 0.363784 0.363749 0.363708 0.363710 0.363705 0.363704 0.363702 0.363700 0.363707 0.363742 0.363774 0.363803 0.363806 0.363819 0.000000 0.000000
0.000000 0.000000 0.369439 0.369426 0.369410 0.369386 0.369346 0.369297 0.369302 0.369292 0.369290 0.369288 0.369290 0.369288 0.369338 0.369375 0.369397 0.369404 0.369418 0.000000 0.000000
0.000000 0.000000 0.375453 0.375437 0.375428 0.375404 0.375348 0.375306 0.375309 0.375303 0.375296 0.375301 0.375307 0.375304 0.375344 0.375390 0.375415 0.375422 0.375429 0.000000 0.000000
0.000000 0.000000 0.382069 0.382059 0.382050 0.381994 0.381958 0.381905 0.381920 0.381888 0.381895 0.381891 0.381881 0.381899 0.381941 0.381969 0.382004 0.382016 0.382043 0.000000 0.000000
0.000000 0.000000 0.389551 0.389528 0.389501 0.389471 0.389423 0.389358 0.389358 0.389353 0.389367 0.389343 0.389355 0.389354 0.389426 0.389464 0.389483 0.389492 0.389551 0.000000 0.000000
0.000000 0.000000 0.397765 0.397739 0.397736 0.397679 0.397641 0.397453 0.397454 0.397445 0.397389 0.397422 0.397430 0.397446 0.397594 0.397629 0.397699 0.397700 0.397724 0.000000 0.000000
0.000000 0.000000 0.407630 0.407621 0.407577 0.407540 0.407286 0.407336 0.407288 0.407290 0.407315 0.407291 0.407287 0.407265 0.407224 0.407495 0.407520 0.407582 0.407626 0.000000 0.000000
0.000000 0.000000 0.419311 0.419279 0.419227 0.418896 0.418966 0.418796 0.418736 0.418719 0.418658 0.418624 0.418662 0.418656 0.418823 0.418770 0.419204 0.419112 0.419110 0.000000 0.000000
0.000000 0.000000 0.431708 0.431684 0.431225 0.431399 0.431345 0.431334 0.431527 0.431472 0.431573 0.431548 0.431467 0.431578 0.431560 0.431608 0.431186 0.431863 0.431852 0.000000 0.000000
0.000000 0.000000 0.445881 0.445260 0.445455 0.445187 0.444878 0.444786 0.444591 0.444638 0.444438 0.444461 0.444579 0.444455 0.444623 0.444852 0.445435 0.444995 0.445636 0.000000 0.000000
0.000000 0.000000 0.450085 0.450582 0.451019 0.451010 0.451031 0.450605 0.450686 0.450559 0.450770 0.450728 0.450695 0.450763 0.451118 0.451105 0.451096 0.450757 0.450266 0.000000 0.000000
0.000000 0.000000 0.350000 0.350000 0.350000 0.350000 0.350000 0.350000 0.350000 0.350000 0.350000 0.350000 0.350000 0.350000 0.350000 0.350000 0.350000 0.350000 0.350000 0.000000 0.000000
0.000000 0.000000 0.000000 0.000000 0.000000 0.000000 0.000000 0.000000 0.000000 0.000000 0.000000 0.000000 0.000000 0.000000 0.000000 0.000000 0.000000 0.000000 0.000000 0.000000 0.000000