geotop/1.0zi/1.0Montebello/Templates/testdem/maps/_Eocsand4958.asc
ncols         21
nrows         20
xllcorner     100.000000
yllcorner     100.000000
cellsize      50.000000
NODATA_value  -9999.0
0.000000 0.000000 0.000000 0.000000 0.000000 0.000000 0.000000 0.000000 0.000000 0.000000 0.000000 0.000000 0.000000 0.000000 0.000000 0.000000 0.000000 0.000000 0.000000 0.000000 0.000000
0.000000 0.000000 0.300121 0.300120 0.300120 0.300120 0.300120 0.300120 0.300120 0.300120 0.300120 0.300120 0.300120 0.300120 0.300120 0.300120 0.300120 0.300120 0.300121 0.000000 0.000000
0.000000 0.000000 0.300006 0.300005 0.300005 0.300005 0.300005 0.300005 0.300005 0.300005 0.300005 0.300005 0.300005 0.300005 0.300005 0.300005 0.300007 0.300007 0.300006 0.000000 0.000000
0.000000 0.000000 0.299976 0.299975 0.299977 0.299981 0.299978 0.299980 0.299978 0.299979 0.299978 0.299980 0.299980 0.299982 0.299978 0.299974 0.299975 0.299973 0.299975 0.000000 0.000000
0.000000 0.000000 0.299189 0.299187 0.299188 0.299198 0.299208 0.299214 0.299215 0.299217 0.299220 0.299216 0.299219 0.299217 0.299208 0.299208 0.299203 0.299194 0.299187 0.000000 0.000000
0.000000 0.000000 0.296539 0.296534 0.296544 0.296571 0.296582 0.296611 0.296615 0.296623 0.296616 0.296614 0.296606 0.296606 0.296600 0.296584 0.296572 0.296561 0.296552 0.000000 0.000000
0.000000 0.000000 0.292578 0.292582 0.292592 0.292622 0.292656 0.292696 0.292695 0.292701 0.292695 0.292698 0.292697 0.292692 0.292663 0.292630 0.292615 0.292600 0.292587 0.000000 0.000000
0.000000 0.000000 0.287918 0.287923 0.287926 0.287957 0.287993 0.288034 0.288031 0.288038 0.288037 0.288038 0.288040 0.288037 0.287999 0.287964 0.287945 0.287936 0.287923 0.000000 0.000000
0.000000 0.000000 0.283146 0.283154 0.283166 0.283189 0.283223 0.283269 0.283266 0.283274 0.283274 0.283273 0.283275 0.283271 0.283235 0.283195 0.283180 0.283169 0.283152 0.000000 0.000000
0.000000 0.000000 0.278369 0.278378 0.278386 0.278410 0.278451 0.278491 0.278486 0.278492 0.278492 0.278492 0.278495 0.278495 0.278454 0.278415 0.278399 0.278390 0.278376 0.000000 0.000000
0.000000 0.000000 0.273499 0.273509 0.273516 0.273536 0.273567 0.273617 0.273612 0.273622 0.273623 0.273621 0.273625 0.273623 0.273587 0.273557 0.273537 0.273526 0.273510 0.000000 0.000000
0.000000 0.000000 0.268438 0.268446 0.268459 0.268488 0.268521 0.268569 0.268570 0.268575 0.268576 0.268578 0.268579 0.268579 0.268533 0.268497 0.268478 0.268469 0.268419 0.000000 0.000000
0.000000 0.000000 0.263282 0.263292 0.263304 0.263326 0.263367 0.263470 0.263469 0.263477 0.263479 0.263478 0.263483 0.263479 0.263388 0.263346 0.263327 0.263316 0.263287 0.000000 0.000000
0.000000 0.000000 0.257780 0.257799 0.257807 0.257831 0.257942 0.257968 0.257984 0.257990 0.257990 0.257991 0.257996 0.257994 0.257964 0.257858 0.257837 0.257814 0.257796 0.000000 0.000000
0.000000 0.000000 0.251809 0.251824 0.251853 0.251952 0.252003 0.252070 0.252102 0.252111 0.252128 0.252129 0.252124 0.252132 0.252080 0.252009 0.251889 0.251893 0.251877 0.000000 0.000000
0.000000 0.000000 0.245605 0.245620 0.245741 0.245760 0.245795 0.245827 0.245828 0.245829 0.245823 0.245825 0.245841 0.245816 0.245799 0.245771 0.245775 0.245639 0.245608 0.000000 0.000000
0.000000 0.000000 0.238631 0.238797 0.238890 0.238939 0.239027 0.239074 0.239083 0.239088 0.239108 0.239107 0.239103 0.239115 0.239079 0.238982 0.238917 0.238859 0.238696 0.000000 0.000000
0.000000 0.000000 0.233300 0.233325 0.233215 0.233276 0.233347 0.233510 0.233524 0.233537 0.233530 0.233532 0.233541 0.233526 0.233377 0.233301 0.233213 0.233352 0.233300 0.000000 0.000000
0.000000 0.000000 0.300000 0.300000 0.300000 0.300000 0.300000 0.300000 0.300000 0.300000 0.300000 0.300000 0.300000 0.300000 0.300000 0.300000 0.300000 0.300000 0.300000 0.000000 0.000000
0.000000 0.000000 0.000000 0.000000 0.000000 0.000000 0.000000 0.000000 0.000000 0.000000 0.000000 0.000000 0.000000 0.000000 0.000000 0.000000 0.000000 0.000000 0.000000 0.000000 0.000000