geotop/1.0zi/1.0Montebello/Templates/testdem/maps/_Eocsand9531.asc
ncols         21
nrows         20
xllcorner     100.000000
yllcorner     100.000000
cellsize      50.000000
NODATA_value  -9999.0
0.000000 0.000000 0.000000 0.000000 0.000000 0.000000 0.000000 0.000000 0.000000 0.000000 0.000000 0.000000 0.000000 0.000000 0.000000 0.000000 0.000000 0.000000 0.000000 0.000000 0.000000
0.000000 0.000000 0.300239 0.300236 0.300236 0.300237 0.300236 0.300236 0.300236 0.300236 0.300237 0.300236 0.300236 0.300237 0.300236 0.300236 0.300237 0.300237 0.300237 0.000000 0.000000
0.000000 0.000000 0.300011 0.300013 0.300013 0.300011 0.300012 0.300013 0.300012 0.300012 0.300012 0.300013 0.300012 0.300012 0.300012 0.300012 0.300013 0.300013 0.300014 0.000000 0.000000
0.000000 0.000000 0.299815 0.299814 0.299821 0.299829 0.299828 0.299834 0.299826 0.299828 0.299828 0.299826 0.299825 0.299827 0.299822 0.299816 0.299813 0.299811 0.299811 0.000000 0.000000
0.000000 0.000000 0.297149 0.297149 0.297168 0.297195 0.297224 0.297232 0.297232 0.297233 0.297234 0.297227 0.297222 0.297222 0.297199 0.297187 0.297172 0.297163 0.297151 0.000000 0.000000
0.000000 0.000000 0.289842 0.289851 0.289890 0.289942 0.290004 0.290057 0.290054 0.290065 0.290060 0.290058 0.290048 0.290051 0.290021 0.289970 0.289944 0.289924 0.289910 0.000000 0.000000
0.000000 0.000000 0.279801 0.279820 0.279852 0.279916 0.279996 0.280106 0.280097 0.280105 0.280108 0.280106 0.280106 0.280099 0.280016 0.279951 0.279911 0.279883 0.279866 0.000000 0.000000
0.000000 0.000000 0.267886 0.267907 0.267936 0.268011 0.268095 0.268194 0.268188 0.268199 0.268204 0.268208 0.268211 0.268191 0.268113 0.268042 0.267977 0.267964 0.267934 0.000000 0.000000
0.000000 0.000000 0.254840 0.254870 0.254913 0.254968 0.255065 0.255182 0.255168 0.255190 0.255200 0.255203 0.255196 0.255199 0.255088 0.255004 0.254954 0.254933 0.254906 0.000000 0.000000
0.000000 0.000000 0.240515 0.240554 0.240587 0.240648 0.240779 0.240888 0.240881 0.240895 0.240914 0.240902 0.240885 0.240888 0.240800 0.240690 0.240630 0.240608 0.240593 0.000000 0.000000
0.000000 0.000000 0.224322 0.224349 0.224378 0.224522 0.224606 0.224751 0.224711 0.224787 0.224775 0.224783 0.224807 0.224759 0.224662 0.224594 0.224510 0.224475 0.224408 0.000000 0.000000
0.000000 0.000000 0.205546 0.205610 0.205696 0.205761 0.205888 0.206066 0.206062 0.206070 0.206039 0.206105 0.206068 0.206072 0.205896 0.205793 0.205748 0.205720 0.205577 0.000000 0.000000
0.000000 0.000000 0.184468 0.184524 0.184540 0.184703 0.184807 0.185326 0.185321 0.185347 0.185513 0.185409 0.185390 0.185339 0.184954 0.184860 0.184674 0.184659 0.184616 0.000000 0.000000
0.000000 0.000000 0.158471 0.158487 0.158637 0.158728 0.159463 0.159245 0.159382 0.159376 0.159279 0.159367 0.159378 0.159443 0.159646 0.158855 0.158817 0.158629 0.158514 0.000000 0.000000
0.000000 0.000000 0.128341 0.128428 0.128572 0.129513 0.129175 0.129742 0.129880 0.129933 0.130133 0.130208 0.130095 0.130087 0.129567 0.129881 0.128643 0.128923 0.128956 0.000000 0.000000
0.000000 0.000000 0.099844 0.099894 0.101014 0.100443 0.100646 0.100607 0.100106 0.100235 0.099966 0.100010 0.100218 0.099945 0.100082 0.099907 0.101143 0.099432 0.099456 0.000000 0.000000
0.000000 0.000000 0.073482 0.074472 0.074148 0.074597 0.075105 0.075274 0.075606 0.075527 0.075868 0.075827 0.075627 0.075832 0.075552 0.075173 0.074206 0.074948 0.073915 0.000000 0.000000
0.000000 0.000000 0.064017 0.063704 0.063086 0.063226 0.063340 0.063903 0.063890 0.064024 0.063858 0.063899 0.063887 0.063853 0.063363 0.063275 0.063031 0.063646 0.063949 0.000000 0.000000
0.000000 0.000000 0.300000 0.300000 0.300000 0.300000 0.300000 0.300000 0.300000 0.300000 0.300000 0.300000 0.300000 0.300000 0.300000 0.300000 0.300000 0.300000 0.300000 0.000000 0.000000
0.000000 0.000000 0.000000 0.000000 0.000000 0.000000 0.000000 0.000000 0.000000 0.000000 0.000000 0.000000 0.000000 0.000000 0.000000 0.000000 0.000000 0.000000 0.000000 0.000000 0.000000