geotop/1.0zi/1.0Montebello/Templates/testdem/maps/_Eocsilt9462.asc
ncols         21
nrows         20
xllcorner     100.000000
yllcorner     100.000000
cellsize      50.000000
NODATA_value  -9999.0
0.000000 0.000000 0.000000 0.000000 0.000000 0.000000 0.000000 0.000000 0.000000 0.000000 0.000000 0.000000 0.000000 0.000000 0.000000 0.000000 0.000000 0.000000 0.000000 0.000000 0.000000
0.000000 0.000000 0.350203 0.350203 0.350203 0.350203 0.350202 0.350202 0.350203 0.350202 0.350203 0.350202 0.350202 0.350202 0.350202 0.350203 0.350203 0.350203 0.350203 0.000000 0.000000
0.000000 0.000000 0.350008 0.350008 0.350008 0.350007 0.350008 0.350008 0.350008 0.350008 0.350009 0.350008 0.350009 0.350009 0.350008 0.350007 0.350006 0.350006 0.350007 0.000000 0.000000
0.000000 0.000000 0.350144 0.350141 0.350135 0.350131 0.350130 0.350125 0.350128 0.350129 0.350126 0.350130 0.350130 0.350130 0.350133 0.350137 0.350142 0.350143 0.350145 0.000000 0.000000
0.000000 0.000000 0.351419 0.351424 0.351413 0.351397 0.351386 0.351380 0.351383 0.351380 0.351381 0.351383 0.351389 0.351387 0.351401 0.351408 0.351411 0.351418 0.351421 0.000000 0.000000
0.000000 0.000000 0.354910 0.354905 0.354889 0.354869 0.354838 0.354814 0.354812 0.354806 0.354810 0.354811 0.354815 0.354814 0.354829 0.354850 0.354861 0.354869 0.354877 0.000000 0.000000
0.000000 0.000000 0.359840 0.359831 0.359814 0.359781 0.359740 0.359688 0.359693 0.359690 0.359689 0.359688 0.359686 0.359692 0.359731 0.359762 0.359783 0.359798 0.359806 0.000000 0.000000
0.000000 0.000000 0.365677 0.365667 0.365653 0.365617 0.365575 0.365528 0.365531 0.365526 0.365523 0.365521 0.365519 0.365528 0.365566 0.365602 0.365634 0.365640 0.365654 0.000000 0.000000
0.000000 0.000000 0.372082 0.372066 0.372044 0.372017 0.371969 0.371911 0.371918 0.371907 0.371902 0.371901 0.371904 0.371903 0.371958 0.371999 0.372024 0.372035 0.372049 0.000000 0.000000
0.000000 0.000000 0.379076 0.379058 0.379041 0.379011 0.378947 0.378894 0.378898 0.378891 0.378881 0.378887 0.378895 0.378893 0.378937 0.378990 0.379020 0.379031 0.379038 0.000000 0.000000
0.000000 0.000000 0.386933 0.386920 0.386906 0.386836 0.386795 0.386724 0.386744 0.386707 0.386713 0.386708 0.386697 0.386720 0.386767 0.386801 0.386841 0.386859 0.386892 0.000000 0.000000
0.000000 0.000000 0.396009 0.395977 0.395936 0.395904 0.395843 0.395756 0.395758 0.395754 0.395769 0.395738 0.395755 0.395754 0.395839 0.395888 0.395911 0.395925 0.395994 0.000000 0.000000
0.000000 0.000000 0.406149 0.406121 0.406113 0.406035 0.405984 0.405736 0.405738 0.405726 0.405647 0.405696 0.405705 0.405729 0.405914 0.405959 0.406048 0.406056 0.406078 0.000000 0.000000
0.000000 0.000000 0.418577 0.418569 0.418498 0.418453 0.418106 0.418205 0.418140 0.418142 0.418186 0.418146 0.418140 0.418110 0.418018 0.418391 0.418411 0.418500 0.418556 0.000000 0.000000
0.000000 0.000000 0.432932 0.432891 0.432821 0.432379 0.432530 0.432266 0.432200 0.432176 0.432082 0.432046 0.432098 0.432102 0.432344 0.432205 0.432786 0.432657 0.432643 0.000000 0.000000
0.000000 0.000000 0.446528 0.446503 0.445979 0.446235 0.446145 0.446158 0.446389 0.446329 0.446451 0.446430 0.446334 0.446461 0.446403 0.446481 0.445918 0.446713 0.446702 0.000000 0.000000
0.000000 0.000000 0.458957 0.458513 0.458644 0.458447 0.458218 0.458142 0.457998 0.458032 0.457881 0.457899 0.457986 0.457898 0.458023 0.458194 0.458616 0.458305 0.458767 0.000000 0.000000
0.000000 0.000000 0.463824 0.463896 0.464153 0.464071 0.463995 0.463755 0.463744 0.463692 0.463743 0.463728 0.463743 0.463747 0.463963 0.464020 0.464172 0.463894 0.463828 0.000000 0.000000
0.000000 0.000000 0.350000 0.350000 0.350000 0.350000 0.350000 0.350000 0.350000 0.350000 0.350000 0.350000 0.350000 0.350000 0.350000 0.350000 0.350000 0.350000 0.350000 0.000000 0.000000
0.000000 0.000000 0.000000 0.000000 0.000000 0.000000 0.000000 0.000000 0.000000 0.000000 0.000000 0.000000 0.000000 0.000000 0.000000 0.000000 0.000000 0.000000 0.000000 0.000000 0.000000