geotop/1.0zi/1.0Montebello/Templates/testdem/maps/_Eocsilt5058.asc
ncols         21
nrows         20
xllcorner     100.000000
yllcorner     100.000000
cellsize      50.000000
NODATA_value  -9999.0
0.000000 0.000000 0.000000 0.000000 0.000000 0.000000 0.000000 0.000000 0.000000 0.000000 0.000000 0.000000 0.000000 0.000000 0.000000 0.000000 0.000000 0.000000 0.000000 0.000000 0.000000
0.000000 0.000000 0.350101 0.350101 0.350101 0.350101 0.350101 0.350101 0.350101 0.350101 0.350101 0.350101 0.350101 0.350101 0.350101 0.350101 0.350101 0.350101 0.350101 0.000000 0.000000
0.000000 0.000000 0.350002 0.350003 0.350003 0.350003 0.350004 0.350004 0.350004 0.350004 0.350004 0.350004 0.350004 0.350004 0.350003 0.350003 0.350002 0.350002 0.350002 0.000000 0.000000
0.000000 0.000000 0.350036 0.350036 0.350036 0.350031 0.350032 0.350030 0.350032 0.350033 0.350032 0.350031 0.350032 0.350031 0.350032 0.350035 0.350035 0.350037 0.350036 0.000000 0.000000
0.000000 0.000000 0.350429 0.350432 0.350431 0.350427 0.350424 0.350421 0.350419 0.350417 0.350415 0.350417 0.350418 0.350418 0.350423 0.350424 0.350425 0.350432 0.350436 0.000000 0.000000
0.000000 0.000000 0.351697 0.351700 0.351696 0.351684 0.351677 0.351662 0.351660 0.351655 0.351659 0.351661 0.351665 0.351664 0.351669 0.351675 0.351682 0.351684 0.351688 0.000000 0.000000
0.000000 0.000000 0.353655 0.353653 0.353647 0.353632 0.353615 0.353596 0.353597 0.353595 0.353598 0.353596 0.353594 0.353599 0.353612 0.353627 0.353633 0.353642 0.353647 0.000000 0.000000
0.000000 0.000000 0.355973 0.355972 0.355971 0.355957 0.355939 0.355919 0.355920 0.355917 0.355917 0.355917 0.355916 0.355917 0.355935 0.355953 0.355963 0.355966 0.355973 0.000000 0.000000
0.000000 0.000000 0.358404 0.358399 0.358394 0.358381 0.358364 0.358339 0.358340 0.358336 0.358336 0.358337 0.358336 0.358338 0.358357 0.358377 0.358385 0.358392 0.358401 0.000000 0.000000
0.000000 0.000000 0.360817 0.360814 0.360811 0.360802 0.360782 0.360759 0.360762 0.360759 0.360759 0.360759 0.360757 0.360758 0.360780 0.360797 0.360802 0.360808 0.360814 0.000000 0.000000
0.000000 0.000000 0.363271 0.363267 0.363265 0.363250 0.363235 0.363210 0.363212 0.363207 0.363207 0.363208 0.363206 0.363207 0.363225 0.363240 0.363252 0.363258 0.363266 0.000000 0.000000
0.000000 0.000000 0.365820 0.365817 0.365813 0.365799 0.365783 0.365757 0.365756 0.365754 0.365754 0.365753 0.365753 0.365753 0.365777 0.365794 0.365801 0.365806 0.365831 0.000000 0.000000
0.000000 0.000000 0.368411 0.368407 0.368402 0.368391 0.368371 0.368318 0.368319 0.368314 0.368314 0.368314 0.368311 0.368314 0.368359 0.368380 0.368389 0.368394 0.368410 0.000000 0.000000
0.000000 0.000000 0.371184 0.371176 0.371173 0.371161 0.371107 0.371092 0.371084 0.371081 0.371081 0.371081 0.371079 0.371080 0.371094 0.371146 0.371156 0.371168 0.371178 0.000000 0.000000
0.000000 0.000000 0.374192 0.374186 0.374172 0.374123 0.374098 0.374064 0.374048 0.374044 0.374036 0.374034 0.374038 0.374034 0.374059 0.374093 0.374153 0.374151 0.374160 0.000000 0.000000
0.000000 0.000000 0.377326 0.377320 0.377260 0.377245 0.377229 0.377211 0.377210 0.377209 0.377213 0.377212 0.377204 0.377217 0.377227 0.377240 0.377241 0.377310 0.377326 0.000000 0.000000
0.000000 0.000000 0.380841 0.380759 0.380712 0.380688 0.380644 0.380619 0.380614 0.380611 0.380601 0.380601 0.380604 0.380598 0.380617 0.380665 0.380698 0.380726 0.380810 0.000000 0.000000
0.000000 0.000000 0.383522 0.383512 0.383570 0.383541 0.383506 0.383423 0.383416 0.383409 0.383413 0.383412 0.383407 0.383416 0.383491 0.383527 0.383568 0.383498 0.383524 0.000000 0.000000
0.000000 0.000000 0.350000 0.350000 0.350000 0.350000 0.350000 0.350000 0.350000 0.350000 0.350000 0.350000 0.350000 0.350000 0.350000 0.350000 0.350000 0.350000 0.350000 0.000000 0.000000
0.000000 0.000000 0.000000 0.000000 0.000000 0.000000 0.000000 0.000000 0.000000 0.000000 0.000000 0.000000 0.000000 0.000000 0.000000 0.000000 0.000000 0.000000 0.000000 0.000000 0.000000