geotop/1.0zi/1.0Montebello/Templates/testdem/maps/_Eocclay1816.asc
ncols         21
nrows         20
xllcorner     100.000000
yllcorner     100.000000
cellsize      50.000000
NODATA_value  -9999.0
0.000000 0.000000 0.000000 0.000000 0.000000 0.000000 0.000000 0.000000 0.000000 0.000000 0.000000 0.000000 0.000000 0.000000 0.000000 0.000000 0.000000 0.000000 0.000000 0.000000 0.000000
0.000000 0.000000 0.349905 0.349905 0.349905 0.349905 0.349905 0.349905 0.349905 0.349905 0.349905 0.349905 0.349905 0.349905 0.349905 0.349905 0.349905 0.349905 0.349905 0.000000 0.000000
0.000000 0.000000 0.349993 0.349993 0.349993 0.349993 0.349993 0.349993 0.349993 0.349993 0.349993 0.349993 0.349993 0.349993 0.349993 0.349993 0.349993 0.349993 0.349993 0.000000 0.000000
0.000000 0.000000 0.350650 0.350650 0.350648 0.350649 0.350650 0.350650 0.350650 0.350650 0.350650 0.350650 0.350650 0.350650 0.350650 0.350649 0.350648 0.350650 0.350650 0.000000 0.000000
0.000000 0.000000 0.353350 0.353350 0.353348 0.353348 0.353352 0.353351 0.353351 0.353352 0.353352 0.353352 0.353351 0.353351 0.353352 0.353348 0.353348 0.353350 0.353350 0.000000 0.000000
0.000000 0.000000 0.356399 0.356399 0.356397 0.356398 0.356400 0.356400 0.356400 0.356400 0.356400 0.356400 0.356400 0.356400 0.356400 0.356398 0.356397 0.356399 0.356399 0.000000 0.000000
0.000000 0.000000 0.359285 0.359285 0.359283 0.359284 0.359286 0.359285 0.359285 0.359286 0.359286 0.359286 0.359285 0.359285 0.359286 0.359284 0.359283 0.359285 0.359285 0.000000 0.000000
0.000000 0.000000 0.361940 0.361940 0.361938 0.361939 0.361941 0.361940 0.361940 0.361941 0.361941 0.361941 0.361940 0.361940 0.361941 0.361939 0.361938 0.361940 0.361940 0.000000 0.000000
0.000000 0.000000 0.364425 0.364425 0.364424 0.364424 0.364426 0.364425 0.364425 0.364426 0.364426 0.364426 0.364425 0.364425 0.364426 0.364424 0.364424 0.364425 0.364425 0.000000 0.000000
0.000000 0.000000 0.366802 0.366802 0.366800 0.366801 0.366802 0.366802 0.366802 0.366802 0.366802 0.366802 0.366802 0.366802 0.366802 0.366801 0.366800 0.366802 0.366802 0.000000 0.000000
0.000000 0.000000 0.369094 0.369094 0.369093 0.369093 0.369095 0.369094 0.369094 0.369095 0.369095 0.369095 0.369094 0.369094 0.369095 0.369093 0.369093 0.369094 0.369094 0.000000 0.000000
0.000000 0.000000 0.371324 0.371324 0.371323 0.371323 0.371325 0.371324 0.371324 0.371325 0.371325 0.371325 0.371324 0.371324 0.371325 0.371323 0.371323 0.371324 0.371324 0.000000 0.000000
0.000000 0.000000 0.373509 0.373508 0.373507 0.373508 0.373509 0.373509 0.373509 0.373509 0.373509 0.373509 0.373509 0.373509 0.373509 0.373508 0.373507 0.373508 0.373509 0.000000 0.000000
0.000000 0.000000 0.375650 0.375649 0.375648 0.375649 0.375650 0.375650 0.375650 0.375650 0.375650 0.375650 0.375650 0.375650 0.375650 0.375649 0.375648 0.375649 0.375650 0.000000 0.000000
0.000000 0.000000 0.377757 0.377757 0.377755 0.377756 0.377757 0.377757 0.377757 0.377757 0.377757 0.377757 0.377757 0.377757 0.377757 0.377756 0.377755 0.377757 0.377757 0.000000 0.000000
0.000000 0.000000 0.379836 0.379836 0.379835 0.379835 0.379837 0.379836 0.379836 0.379837 0.379837 0.379837 0.379836 0.379836 0.379837 0.379835 0.379835 0.379836 0.379836 0.000000 0.000000
0.000000 0.000000 0.381887 0.381887 0.381886 0.381886 0.381888 0.381887 0.381887 0.381888 0.381888 0.381888 0.381887 0.381887 0.381888 0.381886 0.381886 0.381887 0.381887 0.000000 0.000000
0.000000 0.000000 0.383953 0.383953 0.383952 0.383953 0.383954 0.383954 0.383954 0.383954 0.383954 0.383954 0.383954 0.383954 0.383954 0.383953 0.383952 0.383953 0.383954 0.000000 0.000000
0.000000 0.000000 0.350000 0.350000 0.350000 0.350000 0.350000 0.350000 0.350000 0.350000 0.350000 0.350000 0.350000 0.350000 0.350000 0.350000 0.350000 0.350000 0.350000 0.000000 0.000000
0.000000 0.000000 0.000000 0.000000 0.000000 0.000000 0.000000 0.000000 0.000000 0.000000 0.000000 0.000000 0.000000 0.000000 0.000000 0.000000 0.000000 0.000000 0.000000 0.000000 0.000000