geotop/1.0zi/1.0Montebello/Templates/testdem/maps/_Eocsand5876.asc
ncols         21
nrows         20
xllcorner     100.000000
yllcorner     100.000000
cellsize      50.000000
NODATA_value  -9999.0
0.000000 0.000000 0.000000 0.000000 0.000000 0.000000 0.000000 0.000000 0.000000 0.000000 0.000000 0.000000 0.000000 0.000000 0.000000 0.000000 0.000000 0.000000 0.000000 0.000000 0.000000
0.000000 0.000000 0.300146 0.300145 0.300145 0.300145 0.300145 0.300144 0.300145 0.300145 0.300145 0.300145 0.300145 0.300145 0.300145 0.300145 0.300145 0.300145 0.300146 0.000000 0.000000
0.000000 0.000000 0.300009 0.300008 0.300008 0.300008 0.300008 0.300008 0.300008 0.300008 0.300008 0.300008 0.300007 0.300007 0.300008 0.300008 0.300009 0.300010 0.300009 0.000000 0.000000
0.000000 0.000000 0.299968 0.299967 0.299970 0.299974 0.299971 0.299973 0.299971 0.299973 0.299971 0.299974 0.299973 0.299974 0.299970 0.299965 0.299966 0.299963 0.299965 0.000000 0.000000
0.000000 0.000000 0.298983 0.298980 0.298982 0.298991 0.299005 0.299013 0.299013 0.299013 0.299017 0.299015 0.299018 0.299016 0.299006 0.299004 0.299000 0.298989 0.298981 0.000000 0.000000
0.000000 0.000000 0.295804 0.295800 0.295812 0.295846 0.295864 0.295898 0.295899 0.295908 0.295901 0.295898 0.295894 0.295898 0.295886 0.295866 0.295850 0.295835 0.295825 0.000000 0.000000
0.000000 0.000000 0.291048 0.291053 0.291062 0.291098 0.291140 0.291191 0.291190 0.291197 0.291193 0.291190 0.291193 0.291191 0.291154 0.291113 0.291095 0.291077 0.291063 0.000000 0.000000
0.000000 0.000000 0.285260 0.285260 0.285264 0.285303 0.285344 0.285399 0.285398 0.285404 0.285404 0.285405 0.285408 0.285401 0.285359 0.285320 0.285289 0.285281 0.285262 0.000000 0.000000
0.000000 0.000000 0.279274 0.279282 0.279298 0.279321 0.279363 0.279421 0.279418 0.279429 0.279433 0.279431 0.279431 0.279435 0.279381 0.279339 0.279311 0.279302 0.279285 0.000000 0.000000
0.000000 0.000000 0.273229 0.273239 0.273246 0.273263 0.273322 0.273374 0.273369 0.273376 0.273384 0.273376 0.273370 0.273376 0.273333 0.273284 0.273256 0.273251 0.273239 0.000000 0.000000
0.000000 0.000000 0.266975 0.266981 0.266985 0.267028 0.267068 0.267126 0.267114 0.267141 0.267140 0.267138 0.267145 0.267130 0.267095 0.267063 0.267032 0.267014 0.266989 0.000000 0.000000
0.000000 0.000000 0.260394 0.260409 0.260427 0.260458 0.260493 0.260563 0.260560 0.260576 0.260559 0.260576 0.260573 0.260568 0.260505 0.260475 0.260453 0.260443 0.260378 0.000000 0.000000
0.000000 0.000000 0.253620 0.253633 0.253640 0.253675 0.253708 0.253850 0.253850 0.253862 0.253892 0.253875 0.253865 0.253855 0.253750 0.253721 0.253671 0.253666 0.253620 0.000000 0.000000
0.000000 0.000000 0.246240 0.246249 0.246269 0.246292 0.246432 0.246466 0.246497 0.246499 0.246509 0.246504 0.246503 0.246509 0.246492 0.246352 0.246310 0.246274 0.246228 0.000000 0.000000
0.000000 0.000000 0.238088 0.238099 0.238131 0.238277 0.238321 0.238404 0.238458 0.238467 0.238493 0.238509 0.238492 0.238504 0.238440 0.238374 0.238168 0.238185 0.238157 0.000000 0.000000
0.000000 0.000000 0.229440 0.229450 0.229644 0.229674 0.229685 0.229737 0.229697 0.229720 0.229703 0.229723 0.229746 0.229708 0.229676 0.229656 0.229677 0.229430 0.229424 0.000000 0.000000
0.000000 0.000000 0.219487 0.219751 0.219837 0.219914 0.220040 0.220103 0.220127 0.220129 0.220187 0.220194 0.220169 0.220181 0.220108 0.220012 0.219860 0.219812 0.219545 0.000000 0.000000
0.000000 0.000000 0.212326 0.212302 0.212066 0.212129 0.212224 0.212469 0.212474 0.212529 0.212490 0.212504 0.212489 0.212483 0.212258 0.212188 0.212031 0.212275 0.212284 0.000000 0.000000
0.000000 0.000000 0.300000 0.300000 0.300000 0.300000 0.300000 0.300000 0.300000 0.300000 0.300000 0.300000 0.300000 0.300000 0.300000 0.300000 0.300000 0.300000 0.300000 0.000000 0.000000
0.000000 0.000000 0.000000 0.000000 0.000000 0.000000 0.000000 0.000000 0.000000 0.000000 0.000000 0.000000 0.000000 0.000000 0.000000 0.000000 0.000000 0.000000 0.000000 0.000000 0.000000