geotop/1.0zi/1.0Montebello/Templates/testdem/maps/_Eocsilt8786.asc
ncols         21
nrows         20
xllcorner     100.000000
yllcorner     100.000000
cellsize      50.000000
NODATA_value  -9999.0
0.000000 0.000000 0.000000 0.000000 0.000000 0.000000 0.000000 0.000000 0.000000 0.000000 0.000000 0.000000 0.000000 0.000000 0.000000 0.000000 0.000000 0.000000 0.000000 0.000000 0.000000
0.000000 0.000000 0.350187 0.350187 0.350187 0.350187 0.350187 0.350187 0.350187 0.350187 0.350187 0.350187 0.350187 0.350187 0.350187 0.350187 0.350187 0.350187 0.350187 0.000000 0.000000
0.000000 0.000000 0.350005 0.350005 0.350005 0.350005 0.350006 0.350005 0.350005 0.350006 0.350006 0.350006 0.350006 0.350006 0.350005 0.350005 0.350003 0.350003 0.350005 0.000000 0.000000
0.000000 0.000000 0.350121 0.350117 0.350113 0.350108 0.350108 0.350104 0.350107 0.350107 0.350104 0.350106 0.350107 0.350106 0.350109 0.350113 0.350117 0.350116 0.350119 0.000000 0.000000
0.000000 0.000000 0.351209 0.351214 0.351204 0.351187 0.351178 0.351174 0.351173 0.351171 0.351171 0.351173 0.351177 0.351176 0.351189 0.351195 0.351200 0.351205 0.351208 0.000000 0.000000
0.000000 0.000000 0.354279 0.354275 0.354264 0.354246 0.354219 0.354198 0.354198 0.354192 0.354196 0.354197 0.354200 0.354198 0.354213 0.354230 0.354241 0.354245 0.354252 0.000000 0.000000
0.000000 0.000000 0.358647 0.358638 0.358626 0.358595 0.358559 0.358516 0.358519 0.358516 0.358516 0.358515 0.358513 0.358517 0.358554 0.358582 0.358600 0.358613 0.358620 0.000000 0.000000
0.000000 0.000000 0.363807 0.363798 0.363791 0.363758 0.363723 0.363682 0.363684 0.363679 0.363678 0.363676 0.363674 0.363681 0.363716 0.363748 0.363777 0.363780 0.363793 0.000000 0.000000
0.000000 0.000000 0.369403 0.369389 0.369373 0.369349 0.369309 0.369261 0.369266 0.369256 0.369253 0.369251 0.369254 0.369251 0.369302 0.369338 0.369360 0.369368 0.369381 0.000000 0.000000
0.000000 0.000000 0.375404 0.375388 0.375379 0.375355 0.375300 0.375258 0.375260 0.375254 0.375247 0.375252 0.375258 0.375255 0.375295 0.375341 0.375366 0.375373 0.375380 0.000000 0.000000
0.000000 0.000000 0.382006 0.381995 0.381986 0.381930 0.381894 0.381841 0.381856 0.381824 0.381831 0.381827 0.381817 0.381835 0.381877 0.381905 0.381940 0.381952 0.381979 0.000000 0.000000
0.000000 0.000000 0.389468 0.389445 0.389418 0.389388 0.389340 0.389275 0.389275 0.389271 0.389285 0.389261 0.389272 0.389271 0.389343 0.389381 0.389400 0.389409 0.389468 0.000000 0.000000
0.000000 0.000000 0.397660 0.397634 0.397631 0.397574 0.397536 0.397349 0.397349 0.397340 0.397285 0.397318 0.397325 0.397342 0.397489 0.397524 0.397594 0.397595 0.397620 0.000000 0.000000
0.000000 0.000000 0.407495 0.407486 0.407442 0.407405 0.407152 0.407201 0.407153 0.407155 0.407180 0.407156 0.407152 0.407130 0.407090 0.407360 0.407385 0.407447 0.407491 0.000000 0.000000
0.000000 0.000000 0.419140 0.419109 0.419057 0.418728 0.418796 0.418627 0.418567 0.418550 0.418489 0.418455 0.418493 0.418487 0.418653 0.418601 0.419033 0.418943 0.418941 0.000000 0.000000
0.000000 0.000000 0.431512 0.431487 0.431030 0.431202 0.431148 0.431137 0.431329 0.431273 0.431374 0.431349 0.431269 0.431379 0.431362 0.431410 0.430991 0.431665 0.431654 0.000000 0.000000
0.000000 0.000000 0.445681 0.445060 0.445253 0.444986 0.444676 0.444584 0.444389 0.444436 0.444236 0.444259 0.444376 0.444253 0.444422 0.444650 0.445232 0.444794 0.445435 0.000000 0.000000
0.000000 0.000000 0.449890 0.450389 0.450827 0.450818 0.450840 0.450412 0.450493 0.450366 0.450578 0.450535 0.450502 0.450571 0.450927 0.450914 0.450904 0.450565 0.450072 0.000000 0.000000
0.000000 0.000000 0.350000 0.350000 0.350000 0.350000 0.350000 0.350000 0.350000 0.350000 0.350000 0.350000 0.350000 0.350000 0.350000 0.350000 0.350000 0.350000 0.350000 0.000000 0.000000
0.000000 0.000000 0.000000 0.000000 0.000000 0.000000 0.000000 0.000000 0.000000 0.000000 0.000000 0.000000 0.000000 0.000000 0.000000 0.000000 0.000000 0.000000 0.000000 0.000000 0.000000