geotop/1.0zi/1.0Montebello/Templates/testdem/maps/_Eocclay0230.asc
ncols         21
nrows         20
xllcorner     100.000000
yllcorner     100.000000
cellsize      50.000000
NODATA_value  -9999.0
0.000000 0.000000 0.000000 0.000000 0.000000 0.000000 0.000000 0.000000 0.000000 0.000000 0.000000 0.000000 0.000000 0.000000 0.000000 0.000000 0.000000 0.000000 0.000000 0.000000 0.000000
0.000000 0.000000 0.349982 0.349982 0.349982 0.349982 0.349982 0.349982 0.349982 0.349982 0.349982 0.349982 0.349982 0.349982 0.349982 0.349982 0.349982 0.349982 0.349982 0.000000 0.000000
0.000000 0.000000 0.350000 0.350000 0.350000 0.350000 0.350000 0.350000 0.350000 0.350000 0.350000 0.350000 0.350000 0.350000 0.350000 0.350000 0.350000 0.350000 0.350000 0.000000 0.000000
0.000000 0.000000 0.350215 0.350215 0.350213 0.350215 0.350215 0.350215 0.350215 0.350215 0.350215 0.350215 0.350215 0.350215 0.350215 0.350215 0.350213 0.350215 0.350215 0.000000 0.000000
0.000000 0.000000 0.350753 0.350753 0.350751 0.350753 0.350753 0.350753 0.350753 0.350753 0.350753 0.350753 0.350753 0.350753 0.350753 0.350753 0.350751 0.350753 0.350753 0.000000 0.000000
0.000000 0.000000 0.351237 0.351237 0.351235 0.351237 0.351237 0.351237 0.351237 0.351237 0.351237 0.351237 0.351237 0.351237 0.351237 0.351237 0.351235 0.351237 0.351237 0.000000 0.000000
0.000000 0.000000 0.351667 0.351667 0.351666 0.351667 0.351667 0.351667 0.351667 0.351667 0.351667 0.351667 0.351667 0.351667 0.351667 0.351667 0.351666 0.351667 0.351667 0.000000 0.000000
0.000000 0.000000 0.352058 0.352058 0.352056 0.352058 0.352058 0.352058 0.352058 0.352058 0.352058 0.352058 0.352058 0.352058 0.352058 0.352058 0.352056 0.352058 0.352058 0.000000 0.000000
0.000000 0.000000 0.352421 0.352421 0.352419 0.352420 0.352421 0.352421 0.352421 0.352421 0.352421 0.352421 0.352421 0.352421 0.352421 0.352420 0.352419 0.352421 0.352421 0.000000 0.000000
0.000000 0.000000 0.352768 0.352768 0.352766 0.352768 0.352768 0.352768 0.352768 0.352768 0.352768 0.352768 0.352768 0.352768 0.352768 0.352768 0.352766 0.352768 0.352768 0.000000 0.000000
0.000000 0.000000 0.353102 0.353102 0.353100 0.353101 0.353102 0.353102 0.353102 0.353102 0.353102 0.353102 0.353102 0.353102 0.353102 0.353101 0.353100 0.353102 0.353102 0.000000 0.000000
0.000000 0.000000 0.353426 0.353426 0.353425 0.353426 0.353426 0.353426 0.353426 0.353426 0.353426 0.353426 0.353426 0.353426 0.353426 0.353426 0.353425 0.353426 0.353426 0.000000 0.000000
0.000000 0.000000 0.353743 0.353743 0.353742 0.353743 0.353743 0.353743 0.353743 0.353743 0.353743 0.353743 0.353743 0.353743 0.353743 0.353743 0.353742 0.353743 0.353743 0.000000 0.000000
0.000000 0.000000 0.354052 0.354052 0.354051 0.354052 0.354052 0.354052 0.354053 0.354053 0.354053 0.354053 0.354053 0.354052 0.354052 0.354052 0.354051 0.354052 0.354052 0.000000 0.000000
0.000000 0.000000 0.354357 0.354357 0.354356 0.354357 0.354357 0.354357 0.354357 0.354357 0.354357 0.354357 0.354357 0.354357 0.354357 0.354357 0.354356 0.354357 0.354357 0.000000 0.000000
0.000000 0.000000 0.354659 0.354659 0.354658 0.354659 0.354659 0.354659 0.354659 0.354659 0.354659 0.354659 0.354659 0.354659 0.354659 0.354659 0.354658 0.354659 0.354659 0.000000 0.000000
0.000000 0.000000 0.354954 0.354954 0.354953 0.354954 0.354954 0.354954 0.354954 0.354954 0.354954 0.354954 0.354954 0.354954 0.354954 0.354954 0.354953 0.354954 0.354954 0.000000 0.000000
0.000000 0.000000 0.355271 0.355271 0.355270 0.355271 0.355271 0.355271 0.355271 0.355271 0.355271 0.355271 0.355271 0.355271 0.355271 0.355271 0.355270 0.355271 0.355271 0.000000 0.000000
0.000000 0.000000 0.350000 0.350000 0.350000 0.350000 0.350000 0.350000 0.350000 0.350000 0.350000 0.350000 0.350000 0.350000 0.350000 0.350000 0.350000 0.350000 0.350000 0.000000 0.000000
0.000000 0.000000 0.000000 0.000000 0.000000 0.000000 0.000000 0.000000 0.000000 0.000000 0.000000 0.000000 0.000000 0.000000 0.000000 0.000000 0.000000 0.000000 0.000000 0.000000 0.000000