geotop/1.0zi/1.0Montebello/Templates/testdem/maps/_Eocclay040(.asc
ncols         21
nrows         20
xllcorner     100.000000
yllcorner     100.000000
cellsize      50.000000
NODATA_value  -9999.0
0.000000 0.000000 0.000000 0.000000 0.000000 0.000000 0.000000 0.000000 0.000000 0.000000 0.000000 0.000000 0.000000 0.000000 0.000000 0.000000 0.000000 0.000000 0.000000 0.000000 0.000000
0.000000 0.000000 0.349511 0.349513 0.349513 0.349512 0.349514 0.349514 0.349513 0.349514 0.349513 0.349514 0.349514 0.349513 0.349514 0.349513 0.349512 0.349512 0.349513 0.000000 0.000000
0.000000 0.000000 0.349981 0.349979 0.349979 0.349981 0.349978 0.349978 0.349979 0.349979 0.349978 0.349979 0.349979 0.349978 0.349980 0.349980 0.349980 0.349980 0.349979 0.000000 0.000000
0.000000 0.000000 0.350076 0.350085 0.350081 0.350077 0.350078 0.350078 0.350082 0.350080 0.350083 0.350080 0.350081 0.350080 0.350083 0.350086 0.350085 0.350084 0.350082 0.000000 0.000000
0.000000 0.000000 0.351789 0.351781 0.351772 0.351757 0.351737 0.351733 0.351731 0.351733 0.351731 0.351736 0.351736 0.351737 0.351746 0.351752 0.351765 0.351772 0.351781 0.000000 0.000000
0.000000 0.000000 0.356193 0.356189 0.356163 0.356120 0.356086 0.356053 0.356059 0.356054 0.356052 0.356052 0.356059 0.356056 0.356073 0.356106 0.356124 0.356139 0.356144 0.000000 0.000000
0.000000 0.000000 0.362086 0.362075 0.362058 0.362015 0.361971 0.361905 0.361906 0.361902 0.361896 0.361897 0.361898 0.361898 0.361949 0.361987 0.362011 0.362026 0.362034 0.000000 0.000000
0.000000 0.000000 0.369131 0.369118 0.369098 0.369041 0.368991 0.368932 0.368934 0.368929 0.368922 0.368919 0.368917 0.368926 0.368973 0.369014 0.369052 0.369063 0.369077 0.000000 0.000000
0.000000 0.000000 0.376983 0.376964 0.376932 0.376888 0.376830 0.376760 0.376768 0.376758 0.376746 0.376744 0.376747 0.376743 0.376808 0.376859 0.376889 0.376903 0.376915 0.000000 0.000000
0.000000 0.000000 0.385872 0.385843 0.385815 0.385766 0.385700 0.385624 0.385626 0.385621 0.385603 0.385609 0.385618 0.385613 0.385666 0.385733 0.385771 0.385787 0.385792 0.000000 0.000000
0.000000 0.000000 0.396279 0.396256 0.396229 0.396121 0.396090 0.395985 0.396008 0.395962 0.395963 0.395955 0.395937 0.395965 0.396026 0.396068 0.396123 0.396143 0.396187 0.000000 0.000000
0.000000 0.000000 0.408764 0.408711 0.408640 0.408590 0.408529 0.408395 0.408392 0.408397 0.408407 0.408359 0.408385 0.408370 0.408488 0.408561 0.408589 0.408609 0.408697 0.000000 0.000000
0.000000 0.000000 0.423048 0.423001 0.422987 0.422875 0.422800 0.422425 0.422421 0.422402 0.422258 0.422349 0.422352 0.422385 0.422655 0.422713 0.422857 0.422866 0.422872 0.000000 0.000000
0.000000 0.000000 0.440564 0.440551 0.440419 0.440350 0.439825 0.440069 0.439961 0.439972 0.440064 0.439972 0.439961 0.439894 0.439673 0.440249 0.440250 0.440388 0.440462 0.000000 0.000000
0.000000 0.000000 0.457912 0.457864 0.457791 0.457230 0.457533 0.457145 0.457087 0.457055 0.456909 0.456884 0.456944 0.456958 0.457289 0.456989 0.457719 0.457536 0.457496 0.000000 0.000000
0.000000 0.000000 0.470225 0.470204 0.469783 0.469975 0.469903 0.469907 0.470090 0.470044 0.470133 0.470117 0.470040 0.470136 0.470086 0.470152 0.469705 0.470336 0.470324 0.000000 0.000000
0.000000 0.000000 0.479671 0.479423 0.479404 0.479331 0.479191 0.479154 0.479115 0.479124 0.479060 0.479067 0.479097 0.479068 0.479117 0.479226 0.479362 0.479326 0.479576 0.000000 0.000000
0.000000 0.000000 0.484321 0.484384 0.484476 0.484470 0.484427 0.484291 0.484314 0.484278 0.484324 0.484313 0.484307 0.484324 0.484445 0.484470 0.484472 0.484403 0.484340 0.000000 0.000000
0.000000 0.000000 0.350000 0.350000 0.350000 0.350000 0.350000 0.350000 0.350000 0.350000 0.350000 0.350000 0.350000 0.350000 0.350000 0.350000 0.350000 0.350000 0.350000 0.000000 0.000000
0.000000 0.000000 0.000000 0.000000 0.000000 0.000000 0.000000 0.000000 0.000000 0.000000 0.000000 0.000000 0.000000 0.000000 0.000000 0.000000 0.000000 0.000000 0.000000 0.000000 0.000000