geotop/1.0zi/1.0Montebello/Templates/testdem/maps/_Eocclay2142.asc
ncols         21
nrows         20
xllcorner     100.000000
yllcorner     100.000000
cellsize      50.000000
NODATA_value  -9999.0
0.000000 0.000000 0.000000 0.000000 0.000000 0.000000 0.000000 0.000000 0.000000 0.000000 0.000000 0.000000 0.000000 0.000000 0.000000 0.000000 0.000000 0.000000 0.000000 0.000000 0.000000
0.000000 0.000000 0.349886 0.349886 0.349886 0.349886 0.349886 0.349886 0.349886 0.349886 0.349886 0.349886 0.349886 0.349886 0.349886 0.349886 0.349886 0.349886 0.349886 0.000000 0.000000
0.000000 0.000000 0.349993 0.349993 0.349993 0.349993 0.349993 0.349993 0.349993 0.349993 0.349993 0.349993 0.349993 0.349993 0.349993 0.349993 0.349993 0.349993 0.349993 0.000000 0.000000
0.000000 0.000000 0.350659 0.350659 0.350656 0.350657 0.350659 0.350659 0.350658 0.350659 0.350659 0.350659 0.350658 0.350659 0.350659 0.350657 0.350656 0.350659 0.350659 0.000000 0.000000
0.000000 0.000000 0.353634 0.353633 0.353632 0.353632 0.353635 0.353634 0.353634 0.353636 0.353636 0.353636 0.353634 0.353634 0.353635 0.353632 0.353632 0.353633 0.353634 0.000000 0.000000
0.000000 0.000000 0.357143 0.357142 0.357141 0.357141 0.357144 0.357143 0.357143 0.357144 0.357144 0.357144 0.357143 0.357143 0.357144 0.357141 0.357141 0.357142 0.357143 0.000000 0.000000
0.000000 0.000000 0.360468 0.360467 0.360466 0.360466 0.360468 0.360467 0.360467 0.360468 0.360468 0.360468 0.360467 0.360467 0.360468 0.360466 0.360466 0.360467 0.360468 0.000000 0.000000
0.000000 0.000000 0.363527 0.363527 0.363525 0.363526 0.363527 0.363527 0.363527 0.363527 0.363528 0.363527 0.363527 0.363527 0.363527 0.363526 0.363525 0.363527 0.363527 0.000000 0.000000
0.000000 0.000000 0.366388 0.366388 0.366387 0.366387 0.366389 0.366388 0.366388 0.366389 0.366389 0.366389 0.366388 0.366388 0.366389 0.366387 0.366387 0.366388 0.366388 0.000000 0.000000
0.000000 0.000000 0.369120 0.369120 0.369119 0.369119 0.369120 0.369120 0.369120 0.369120 0.369121 0.369120 0.369120 0.369120 0.369120 0.369119 0.369119 0.369120 0.369120 0.000000 0.000000
0.000000 0.000000 0.371753 0.371752 0.371751 0.371752 0.371753 0.371752 0.371752 0.371753 0.371753 0.371753 0.371752 0.371752 0.371753 0.371752 0.371751 0.371752 0.371753 0.000000 0.000000
0.000000 0.000000 0.374310 0.374309 0.374308 0.374309 0.374310 0.374309 0.374309 0.374310 0.374310 0.374310 0.374309 0.374309 0.374310 0.374309 0.374308 0.374309 0.374310 0.000000 0.000000
0.000000 0.000000 0.376809 0.376809 0.376807 0.376808 0.376809 0.376809 0.376809 0.376809 0.376809 0.376809 0.376809 0.376809 0.376809 0.376808 0.376807 0.376809 0.376809 0.000000 0.000000
0.000000 0.000000 0.379257 0.379256 0.379255 0.379256 0.379257 0.379256 0.379256 0.379257 0.379257 0.379257 0.379256 0.379256 0.379257 0.379256 0.379255 0.379256 0.379257 0.000000 0.000000
0.000000 0.000000 0.381663 0.381663 0.381662 0.381662 0.381663 0.381663 0.381663 0.381663 0.381664 0.381663 0.381663 0.381663 0.381663 0.381662 0.381662 0.381663 0.381663 0.000000 0.000000
0.000000 0.000000 0.384033 0.384033 0.384031 0.384032 0.384033 0.384033 0.384033 0.384033 0.384033 0.384033 0.384033 0.384033 0.384033 0.384032 0.384031 0.384033 0.384033 0.000000 0.000000
0.000000 0.000000 0.386367 0.386367 0.386366 0.386366 0.386367 0.386367 0.386367 0.386367 0.386368 0.386367 0.386367 0.386367 0.386367 0.386366 0.386366 0.386367 0.386367 0.000000 0.000000
0.000000 0.000000 0.388699 0.388699 0.388698 0.388698 0.388700 0.388699 0.388699 0.388700 0.388700 0.388700 0.388699 0.388699 0.388700 0.388698 0.388698 0.388699 0.388699 0.000000 0.000000
0.000000 0.000000 0.350000 0.350000 0.350000 0.350000 0.350000 0.350000 0.350000 0.350000 0.350000 0.350000 0.350000 0.350000 0.350000 0.350000 0.350000 0.350000 0.350000 0.000000 0.000000
0.000000 0.000000 0.000000 0.000000 0.000000 0.000000 0.000000 0.000000 0.000000 0.000000 0.000000 0.000000 0.000000 0.000000 0.000000 0.000000 0.000000 0.000000 0.000000 0.000000 0.000000