geotop/1.0zi/1.0Montebello/Templates/testdem/maps/_Eocsilt2563.asc
ncols         21
nrows         20
xllcorner     100.000000
yllcorner     100.000000
cellsize      50.000000
NODATA_value  -9999.0
0.000000 0.000000 0.000000 0.000000 0.000000 0.000000 0.000000 0.000000 0.000000 0.000000 0.000000 0.000000 0.000000 0.000000 0.000000 0.000000 0.000000 0.000000 0.000000 0.000000 0.000000
0.000000 0.000000 0.350061 0.350061 0.350061 0.350061 0.350061 0.350061 0.350061 0.350061 0.350061 0.350061 0.350061 0.350061 0.350061 0.350061 0.350061 0.350061 0.350061 0.000000 0.000000
0.000000 0.000000 0.349998 0.349998 0.349998 0.349998 0.349998 0.349998 0.349998 0.349998 0.349998 0.349998 0.349998 0.349998 0.349998 0.349998 0.349998 0.349998 0.349998 0.000000 0.000000
0.000000 0.000000 0.350860 0.350859 0.350857 0.350858 0.350860 0.350860 0.350860 0.350860 0.350860 0.350860 0.350860 0.350860 0.350860 0.350858 0.350857 0.350859 0.350860 0.000000 0.000000
0.000000 0.000000 0.354200 0.354200 0.354198 0.354198 0.354201 0.354200 0.354200 0.354201 0.354201 0.354201 0.354200 0.354200 0.354201 0.354198 0.354198 0.354200 0.354200 0.000000 0.000000
0.000000 0.000000 0.358533 0.358532 0.358530 0.358531 0.358533 0.358532 0.358532 0.358533 0.358534 0.358533 0.358532 0.358532 0.358533 0.358531 0.358530 0.358532 0.358533 0.000000 0.000000
0.000000 0.000000 0.362499 0.362498 0.362497 0.362497 0.362499 0.362498 0.362498 0.362499 0.362499 0.362499 0.362498 0.362498 0.362499 0.362497 0.362497 0.362498 0.362499 0.000000 0.000000
0.000000 0.000000 0.366117 0.366116 0.366115 0.366115 0.366117 0.366116 0.366116 0.366117 0.366117 0.366117 0.366116 0.366116 0.366117 0.366115 0.366115 0.366116 0.366117 0.000000 0.000000
0.000000 0.000000 0.369485 0.369484 0.369483 0.369483 0.369485 0.369484 0.369484 0.369485 0.369485 0.369485 0.369484 0.369484 0.369485 0.369483 0.369483 0.369484 0.369485 0.000000 0.000000
0.000000 0.000000 0.372680 0.372680 0.372679 0.372679 0.372681 0.372680 0.372680 0.372681 0.372681 0.372681 0.372680 0.372680 0.372681 0.372679 0.372679 0.372680 0.372680 0.000000 0.000000
0.000000 0.000000 0.375743 0.375742 0.375741 0.375742 0.375743 0.375742 0.375742 0.375743 0.375743 0.375743 0.375742 0.375742 0.375743 0.375742 0.375741 0.375742 0.375743 0.000000 0.000000
0.000000 0.000000 0.378700 0.378700 0.378698 0.378699 0.378700 0.378700 0.378700 0.378700 0.378701 0.378700 0.378700 0.378700 0.378700 0.378699 0.378698 0.378700 0.378700 0.000000 0.000000
0.000000 0.000000 0.381573 0.381573 0.381572 0.381572 0.381574 0.381573 0.381573 0.381574 0.381574 0.381574 0.381573 0.381573 0.381574 0.381572 0.381572 0.381573 0.381573 0.000000 0.000000
0.000000 0.000000 0.384377 0.384377 0.384376 0.384376 0.384378 0.384377 0.384377 0.384378 0.384378 0.384378 0.384377 0.384377 0.384378 0.384376 0.384376 0.384377 0.384377 0.000000 0.000000
0.000000 0.000000 0.387121 0.387121 0.387120 0.387121 0.387122 0.387121 0.387121 0.387122 0.387122 0.387122 0.387121 0.387121 0.387122 0.387121 0.387120 0.387121 0.387121 0.000000 0.000000
0.000000 0.000000 0.389809 0.389809 0.389808 0.389808 0.389810 0.389809 0.389809 0.389810 0.389810 0.389810 0.389809 0.389809 0.389810 0.389808 0.389808 0.389809 0.389809 0.000000 0.000000
0.000000 0.000000 0.392446 0.392446 0.392444 0.392445 0.392446 0.392446 0.392446 0.392446 0.392446 0.392446 0.392446 0.392446 0.392446 0.392445 0.392444 0.392446 0.392446 0.000000 0.000000
0.000000 0.000000 0.395071 0.395071 0.395070 0.395071 0.395072 0.395071 0.395071 0.395072 0.395072 0.395072 0.395071 0.395071 0.395072 0.395071 0.395070 0.395071 0.395071 0.000000 0.000000
0.000000 0.000000 0.350000 0.350000 0.350000 0.350000 0.350000 0.350000 0.350000 0.350000 0.350000 0.350000 0.350000 0.350000 0.350000 0.350000 0.350000 0.350000 0.350000 0.000000 0.000000
0.000000 0.000000 0.000000 0.000000 0.000000 0.000000 0.000000 0.000000 0.000000 0.000000 0.000000 0.000000 0.000000 0.000000 0.000000 0.000000 0.000000 0.000000 0.000000 0.000000 0.000000