geotop/1.0zi/1.0Montebello/Templates/testdem/maps/_Eocsand3973.asc
ncols         21
nrows         20
xllcorner     100.000000
yllcorner     100.000000
cellsize      50.000000
NODATA_value  -9999.0
0.000000 0.000000 0.000000 0.000000 0.000000 0.000000 0.000000 0.000000 0.000000 0.000000 0.000000 0.000000 0.000000 0.000000 0.000000 0.000000 0.000000 0.000000 0.000000 0.000000 0.000000
0.000000 0.000000 0.300100 0.300099 0.300099 0.300099 0.300099 0.300099 0.300099 0.300099 0.300099 0.300099 0.300099 0.300099 0.300099 0.300099 0.300099 0.300099 0.300100 0.000000 0.000000
0.000000 0.000000 0.300005 0.300004 0.300004 0.300004 0.300004 0.300003 0.300003 0.300003 0.300004 0.300004 0.300003 0.300003 0.300004 0.300004 0.300006 0.300006 0.300005 0.000000 0.000000
0.000000 0.000000 0.299974 0.299973 0.299975 0.299979 0.299976 0.299979 0.299976 0.299977 0.299977 0.299978 0.299978 0.299980 0.299976 0.299973 0.299973 0.299971 0.299973 0.000000 0.000000
0.000000 0.000000 0.299290 0.299285 0.299289 0.299289 0.299298 0.299304 0.299305 0.299308 0.299307 0.299306 0.299306 0.299305 0.299298 0.299299 0.299299 0.299295 0.299290 0.000000 0.000000
0.000000 0.000000 0.297109 0.297106 0.297114 0.297129 0.297139 0.297161 0.297162 0.297172 0.297164 0.297162 0.297158 0.297156 0.297152 0.297140 0.297134 0.297131 0.297126 0.000000 0.000000
0.000000 0.000000 0.293885 0.293886 0.293894 0.293918 0.293946 0.293980 0.293978 0.293985 0.293977 0.293980 0.293982 0.293976 0.293946 0.293917 0.293908 0.293903 0.293893 0.000000 0.000000
0.000000 0.000000 0.290180 0.290182 0.290193 0.290223 0.290254 0.290288 0.290285 0.290291 0.290289 0.290292 0.290295 0.290291 0.290251 0.290220 0.290205 0.290202 0.290192 0.000000 0.000000
0.000000 0.000000 0.286466 0.286472 0.286487 0.286510 0.286540 0.286580 0.286578 0.286586 0.286583 0.286583 0.286586 0.286579 0.286542 0.286508 0.286496 0.286491 0.286477 0.000000 0.000000
0.000000 0.000000 0.282779 0.282785 0.282797 0.282821 0.282857 0.282894 0.282889 0.282894 0.282893 0.282893 0.282896 0.282893 0.282852 0.282817 0.282806 0.282802 0.282792 0.000000 0.000000
0.000000 0.000000 0.279061 0.279067 0.279080 0.279099 0.279127 0.279170 0.279166 0.279176 0.279174 0.279173 0.279176 0.279172 0.279137 0.279111 0.279095 0.279090 0.279078 0.000000 0.000000
0.000000 0.000000 0.275235 0.275241 0.275257 0.275285 0.275315 0.275356 0.275357 0.275363 0.275361 0.275364 0.275364 0.275361 0.275316 0.275285 0.275271 0.275267 0.275225 0.000000 0.000000
0.000000 0.000000 0.271381 0.271388 0.271404 0.271426 0.271461 0.271543 0.271542 0.271550 0.271549 0.271549 0.271553 0.271546 0.271471 0.271435 0.271421 0.271417 0.271390 0.000000 0.000000
0.000000 0.000000 0.267329 0.267341 0.267355 0.267378 0.267461 0.267486 0.267499 0.267506 0.267503 0.267504 0.267508 0.267503 0.267472 0.267392 0.267377 0.267362 0.267347 0.000000 0.000000
0.000000 0.000000 0.262989 0.262999 0.263029 0.263100 0.263144 0.263195 0.263221 0.263230 0.263240 0.263242 0.263238 0.263241 0.263197 0.263138 0.263056 0.263061 0.263048 0.000000 0.000000
0.000000 0.000000 0.258540 0.258551 0.258639 0.258659 0.258688 0.258716 0.258721 0.258725 0.258720 0.258723 0.258733 0.258714 0.258694 0.258666 0.258664 0.258582 0.258560 0.000000 0.000000
0.000000 0.000000 0.253640 0.253741 0.253821 0.253856 0.253916 0.253947 0.253954 0.253959 0.253969 0.253970 0.253969 0.253971 0.253944 0.253879 0.253842 0.253796 0.253693 0.000000 0.000000
0.000000 0.000000 0.249754 0.249784 0.249731 0.249775 0.249831 0.249934 0.249945 0.249956 0.249952 0.249954 0.249959 0.249948 0.249852 0.249791 0.249730 0.249821 0.249773 0.000000 0.000000
0.000000 0.000000 0.300000 0.300000 0.300000 0.300000 0.300000 0.300000 0.300000 0.300000 0.300000 0.300000 0.300000 0.300000 0.300000 0.300000 0.300000 0.300000 0.300000 0.000000 0.000000
0.000000 0.000000 0.000000 0.000000 0.000000 0.000000 0.000000 0.000000 0.000000 0.000000 0.000000 0.000000 0.000000 0.000000 0.000000 0.000000 0.000000 0.000000 0.000000 0.000000 0.000000