geotop/1.0zi/1.0Montebello/Templates/testdem/maps/_Eocsilt1064.asc
ncols         21
nrows         20
xllcorner     100.000000
yllcorner     100.000000
cellsize      50.000000
NODATA_value  -9999.0
0.000000 0.000000 0.000000 0.000000 0.000000 0.000000 0.000000 0.000000 0.000000 0.000000 0.000000 0.000000 0.000000 0.000000 0.000000 0.000000 0.000000 0.000000 0.000000 0.000000 0.000000
0.000000 0.000000 0.350018 0.350018 0.350018 0.350018 0.350018 0.350018 0.350018 0.350018 0.350018 0.350018 0.350018 0.350018 0.350018 0.350018 0.350018 0.350018 0.350018 0.000000 0.000000
0.000000 0.000000 0.350001 0.350001 0.350001 0.350001 0.350001 0.350001 0.350001 0.350001 0.350001 0.350001 0.350001 0.350001 0.350001 0.350001 0.350001 0.350001 0.350001 0.000000 0.000000
0.000000 0.000000 0.350463 0.350462 0.350460 0.350461 0.350463 0.350463 0.350463 0.350463 0.350463 0.350463 0.350463 0.350463 0.350463 0.350461 0.350460 0.350462 0.350463 0.000000 0.000000
0.000000 0.000000 0.351987 0.351986 0.351984 0.351984 0.351987 0.351986 0.351986 0.351987 0.351987 0.351987 0.351986 0.351986 0.351987 0.351984 0.351984 0.351986 0.351987 0.000000 0.000000
0.000000 0.000000 0.353834 0.353833 0.353831 0.353831 0.353834 0.353833 0.353833 0.353834 0.353834 0.353834 0.353833 0.353833 0.353834 0.353831 0.353831 0.353833 0.353834 0.000000 0.000000
0.000000 0.000000 0.355527 0.355527 0.355525 0.355525 0.355527 0.355527 0.355527 0.355527 0.355527 0.355527 0.355527 0.355527 0.355527 0.355525 0.355525 0.355527 0.355527 0.000000 0.000000
0.000000 0.000000 0.357081 0.357080 0.357079 0.357079 0.357081 0.357080 0.357080 0.357081 0.357081 0.357081 0.357080 0.357080 0.357081 0.357079 0.357079 0.357080 0.357081 0.000000 0.000000
0.000000 0.000000 0.358536 0.358535 0.358534 0.358534 0.358536 0.358535 0.358536 0.358536 0.358536 0.358536 0.358536 0.358535 0.358536 0.358534 0.358534 0.358535 0.358536 0.000000 0.000000
0.000000 0.000000 0.359930 0.359930 0.359928 0.359929 0.359930 0.359930 0.359930 0.359930 0.359930 0.359930 0.359930 0.359930 0.359930 0.359929 0.359928 0.359930 0.359930 0.000000 0.000000
0.000000 0.000000 0.361277 0.361277 0.361276 0.361276 0.361277 0.361277 0.361277 0.361278 0.361278 0.361278 0.361277 0.361277 0.361277 0.361276 0.361276 0.361277 0.361277 0.000000 0.000000
0.000000 0.000000 0.362593 0.362593 0.362591 0.362592 0.362593 0.362593 0.362593 0.362593 0.362593 0.362593 0.362593 0.362593 0.362593 0.362592 0.362591 0.362593 0.362593 0.000000 0.000000
0.000000 0.000000 0.363886 0.363886 0.363885 0.363885 0.363886 0.363886 0.363886 0.363886 0.363886 0.363886 0.363886 0.363886 0.363886 0.363885 0.363885 0.363886 0.363886 0.000000 0.000000
0.000000 0.000000 0.365156 0.365156 0.365154 0.365155 0.365156 0.365156 0.365156 0.365156 0.365156 0.365156 0.365156 0.365156 0.365156 0.365155 0.365154 0.365156 0.365156 0.000000 0.000000
0.000000 0.000000 0.366412 0.366412 0.366411 0.366411 0.366413 0.366412 0.366412 0.366413 0.366413 0.366413 0.366412 0.366412 0.366413 0.366411 0.366411 0.366412 0.366412 0.000000 0.000000
0.000000 0.000000 0.367660 0.367660 0.367659 0.367659 0.367660 0.367660 0.367660 0.367661 0.367661 0.367661 0.367660 0.367660 0.367660 0.367659 0.367659 0.367660 0.367660 0.000000 0.000000
0.000000 0.000000 0.368895 0.368894 0.368893 0.368894 0.368895 0.368895 0.368895 0.368895 0.368895 0.368895 0.368895 0.368895 0.368895 0.368894 0.368893 0.368894 0.368895 0.000000 0.000000
0.000000 0.000000 0.370156 0.370156 0.370155 0.370155 0.370157 0.370156 0.370156 0.370157 0.370157 0.370157 0.370156 0.370156 0.370157 0.370155 0.370155 0.370156 0.370157 0.000000 0.000000
0.000000 0.000000 0.350000 0.350000 0.350000 0.350000 0.350000 0.350000 0.350000 0.350000 0.350000 0.350000 0.350000 0.350000 0.350000 0.350000 0.350000 0.350000 0.350000 0.000000 0.000000
0.000000 0.000000 0.000000 0.000000 0.000000 0.000000 0.000000 0.000000 0.000000 0.000000 0.000000 0.000000 0.000000 0.000000 0.000000 0.000000 0.000000 0.000000 0.000000 0.000000 0.000000