geotop/1.0zi/1.0Montebello/Templates/testdem/maps/_Eocsand4692.asc
ncols         21
nrows         20
xllcorner     100.000000
yllcorner     100.000000
cellsize      50.000000
NODATA_value  -9999.0
0.000000 0.000000 0.000000 0.000000 0.000000 0.000000 0.000000 0.000000 0.000000 0.000000 0.000000 0.000000 0.000000 0.000000 0.000000 0.000000 0.000000 0.000000 0.000000 0.000000 0.000000
0.000000 0.000000 0.300116 0.300116 0.300115 0.300115 0.300115 0.300115 0.300116 0.300115 0.300116 0.300116 0.300116 0.300116 0.300115 0.300115 0.300116 0.300116 0.300116 0.000000 0.000000
0.000000 0.000000 0.300006 0.300005 0.300005 0.300005 0.300005 0.300005 0.300005 0.300005 0.300005 0.300005 0.300005 0.300005 0.300005 0.300005 0.300007 0.300007 0.300006 0.000000 0.000000
0.000000 0.000000 0.299974 0.299973 0.299975 0.299979 0.299976 0.299979 0.299976 0.299977 0.299977 0.299978 0.299978 0.299980 0.299976 0.299972 0.299973 0.299971 0.299973 0.000000 0.000000
0.000000 0.000000 0.299276 0.299274 0.299275 0.299285 0.299296 0.299301 0.299302 0.299306 0.299308 0.299303 0.299306 0.299304 0.299295 0.299294 0.299289 0.299280 0.299274 0.000000 0.000000
0.000000 0.000000 0.296861 0.296855 0.296865 0.296892 0.296903 0.296931 0.296935 0.296945 0.296936 0.296933 0.296925 0.296925 0.296919 0.296903 0.296891 0.296882 0.296873 0.000000 0.000000
0.000000 0.000000 0.293169 0.293173 0.293181 0.293210 0.293241 0.293280 0.293279 0.293286 0.293279 0.293280 0.293281 0.293276 0.293249 0.293216 0.293202 0.293188 0.293176 0.000000 0.000000
0.000000 0.000000 0.288815 0.288819 0.288821 0.288851 0.288885 0.288923 0.288921 0.288929 0.288927 0.288926 0.288929 0.288927 0.288891 0.288856 0.288837 0.288830 0.288817 0.000000 0.000000
0.000000 0.000000 0.284380 0.284388 0.284397 0.284419 0.284450 0.284494 0.284491 0.284500 0.284499 0.284496 0.284500 0.284497 0.284462 0.284424 0.284408 0.284399 0.284383 0.000000 0.000000
0.000000 0.000000 0.279960 0.279968 0.279973 0.279996 0.280033 0.280071 0.280066 0.280073 0.280072 0.280070 0.280075 0.280076 0.280038 0.280000 0.279984 0.279976 0.279963 0.000000 0.000000
0.000000 0.000000 0.275477 0.275485 0.275490 0.275508 0.275536 0.275583 0.275578 0.275589 0.275588 0.275585 0.275590 0.275590 0.275557 0.275528 0.275508 0.275499 0.275483 0.000000 0.000000
0.000000 0.000000 0.270838 0.270843 0.270853 0.270880 0.270908 0.270954 0.270955 0.270962 0.270960 0.270961 0.270964 0.270965 0.270922 0.270888 0.270870 0.270862 0.270814 0.000000 0.000000
0.000000 0.000000 0.266132 0.266140 0.266149 0.266169 0.266204 0.266300 0.266299 0.266308 0.266308 0.266305 0.266312 0.266310 0.266227 0.266187 0.266169 0.266160 0.266130 0.000000 0.000000
0.000000 0.000000 0.261139 0.261154 0.261160 0.261181 0.261279 0.261305 0.261320 0.261327 0.261325 0.261324 0.261331 0.261331 0.261303 0.261205 0.261185 0.261165 0.261147 0.000000 0.000000
0.000000 0.000000 0.255746 0.255758 0.255782 0.255868 0.255915 0.255976 0.256005 0.256016 0.256028 0.256028 0.256026 0.256035 0.255988 0.255920 0.255813 0.255817 0.255802 0.000000 0.000000
0.000000 0.000000 0.250165 0.250177 0.250281 0.250298 0.250329 0.250359 0.250362 0.250366 0.250359 0.250359 0.250375 0.250356 0.250340 0.250311 0.250310 0.250194 0.250166 0.000000 0.000000
0.000000 0.000000 0.243941 0.244081 0.244165 0.244206 0.244278 0.244318 0.244327 0.244333 0.244348 0.244346 0.244345 0.244357 0.244327 0.244243 0.244188 0.244132 0.243991 0.000000 0.000000
0.000000 0.000000 0.239111 0.239137 0.239045 0.239096 0.239159 0.239299 0.239311 0.239326 0.239318 0.239319 0.239328 0.239319 0.239193 0.239122 0.239042 0.239162 0.239108 0.000000 0.000000
0.000000 0.000000 0.300000 0.300000 0.300000 0.300000 0.300000 0.300000 0.300000 0.300000 0.300000 0.300000 0.300000 0.300000 0.300000 0.300000 0.300000 0.300000 0.300000 0.000000 0.000000
0.000000 0.000000 0.000000 0.000000 0.000000 0.000000 0.000000 0.000000 0.000000 0.000000 0.000000 0.000000 0.000000 0.000000 0.000000 0.000000 0.000000 0.000000 0.000000 0.000000 0.000000