geotop/1.0zi/1.0Montebello/Templates/testdem/maps/_Eocsand7639.asc
ncols         21
nrows         20
xllcorner     100.000000
yllcorner     100.000000
cellsize      50.000000
NODATA_value  -9999.0
0.000000 0.000000 0.000000 0.000000 0.000000 0.000000 0.000000 0.000000 0.000000 0.000000 0.000000 0.000000 0.000000 0.000000 0.000000 0.000000 0.000000 0.000000 0.000000 0.000000 0.000000
0.000000 0.000000 0.300195 0.300193 0.300193 0.300194 0.300193 0.300192 0.300193 0.300193 0.300194 0.300193 0.300193 0.300193 0.300193 0.300193 0.300194 0.300194 0.300194 0.000000 0.000000
0.000000 0.000000 0.300010 0.300011 0.300011 0.300010 0.300010 0.300011 0.300011 0.300011 0.300011 0.300011 0.300010 0.300011 0.300010 0.300011 0.300011 0.300012 0.300013 0.000000 0.000000
0.000000 0.000000 0.299894 0.299893 0.299898 0.299905 0.299901 0.299909 0.299904 0.299906 0.299907 0.299906 0.299906 0.299908 0.299903 0.299898 0.299896 0.299893 0.299893 0.000000 0.000000
0.000000 0.000000 0.298076 0.298072 0.298081 0.298097 0.298118 0.298127 0.298133 0.298132 0.298135 0.298134 0.298137 0.298132 0.298109 0.298103 0.298092 0.298081 0.298072 0.000000 0.000000
0.000000 0.000000 0.293032 0.293033 0.293054 0.293096 0.293127 0.293172 0.293172 0.293185 0.293177 0.293178 0.293174 0.293173 0.293151 0.293120 0.293094 0.293071 0.293060 0.000000 0.000000
0.000000 0.000000 0.285918 0.285925 0.285944 0.285992 0.286051 0.286120 0.286121 0.286130 0.286128 0.286129 0.286131 0.286125 0.286065 0.286012 0.285979 0.285952 0.285937 0.000000 0.000000
0.000000 0.000000 0.277446 0.277450 0.277463 0.277518 0.277575 0.277650 0.277651 0.277660 0.277661 0.277667 0.277670 0.277656 0.277591 0.277540 0.277490 0.277475 0.277451 0.000000 0.000000
0.000000 0.000000 0.268462 0.268476 0.268503 0.268538 0.268598 0.268679 0.268675 0.268694 0.268698 0.268702 0.268700 0.268701 0.268622 0.268557 0.268518 0.268498 0.268479 0.000000 0.000000
0.000000 0.000000 0.259059 0.259076 0.259090 0.259124 0.259211 0.259283 0.259283 0.259293 0.259304 0.259298 0.259287 0.259292 0.259224 0.259151 0.259105 0.259090 0.259075 0.000000 0.000000
0.000000 0.000000 0.248965 0.248976 0.248992 0.249064 0.249125 0.249208 0.249191 0.249237 0.249231 0.249233 0.249249 0.249218 0.249158 0.249112 0.249055 0.249024 0.248986 0.000000 0.000000
0.000000 0.000000 0.237894 0.237923 0.237956 0.238004 0.238070 0.238175 0.238180 0.238195 0.238171 0.238207 0.238197 0.238189 0.238081 0.238028 0.237988 0.237965 0.237870 0.000000 0.000000
0.000000 0.000000 0.226062 0.226090 0.226104 0.226168 0.226227 0.226487 0.226491 0.226508 0.226573 0.226541 0.226525 0.226500 0.226300 0.226246 0.226146 0.226134 0.226082 0.000000 0.000000
0.000000 0.000000 0.212430 0.212440 0.212491 0.212537 0.212847 0.212847 0.212912 0.212914 0.212902 0.212917 0.212923 0.212934 0.212945 0.212623 0.212561 0.212475 0.212408 0.000000 0.000000
0.000000 0.000000 0.196580 0.196606 0.196673 0.197051 0.197053 0.197239 0.197335 0.197357 0.197419 0.197467 0.197425 0.197435 0.197254 0.197225 0.196720 0.196784 0.196766 0.000000 0.000000
0.000000 0.000000 0.179197 0.179223 0.179763 0.179670 0.179703 0.179777 0.179593 0.179661 0.179567 0.179614 0.179694 0.179560 0.179525 0.179496 0.179810 0.179054 0.179063 0.000000 0.000000
0.000000 0.000000 0.157647 0.158500 0.158423 0.158714 0.159141 0.159269 0.159462 0.159422 0.159657 0.159644 0.159515 0.159630 0.159417 0.159102 0.158453 0.158768 0.157888 0.000000 0.000000
0.000000 0.000000 0.147565 0.146879 0.146094 0.146139 0.146168 0.146904 0.146823 0.147027 0.146728 0.146795 0.146821 0.146727 0.146092 0.146073 0.145950 0.146616 0.147277 0.000000 0.000000
0.000000 0.000000 0.300000 0.300000 0.300000 0.300000 0.300000 0.300000 0.300000 0.300000 0.300000 0.300000 0.300000 0.300000 0.300000 0.300000 0.300000 0.300000 0.300000 0.000000 0.000000
0.000000 0.000000 0.000000 0.000000 0.000000 0.000000 0.000000 0.000000 0.000000 0.000000 0.000000 0.000000 0.000000 0.000000 0.000000 0.000000 0.000000 0.000000 0.000000 0.000000 0.000000