geotop/1.0zi/1.0Montebello/Templates/testdem/maps/_Eocsand142J.asc
ncols         21
nrows         20
xllcorner     100.000000
yllcorner     100.000000
cellsize      50.000000
NODATA_value  -9999.0
0.000000 0.000000 0.000000 0.000000 0.000000 0.000000 0.000000 0.000000 0.000000 0.000000 0.000000 0.000000 0.000000 0.000000 0.000000 0.000000 0.000000 0.000000 0.000000 0.000000 0.000000
0.000000 0.000000 0.300294 0.300291 0.300291 0.300292 0.300291 0.300290 0.300291 0.300290 0.300292 0.300291 0.300291 0.300291 0.300291 0.300291 0.300292 0.300291 0.300291 0.000000 0.000000
0.000000 0.000000 0.300011 0.300013 0.300014 0.300011 0.300013 0.300014 0.300013 0.300013 0.300013 0.300012 0.300012 0.300013 0.300012 0.300013 0.300014 0.300014 0.300013 0.000000 0.000000
0.000000 0.000000 0.299626 0.299616 0.299631 0.299639 0.299634 0.299645 0.299642 0.299641 0.299645 0.299643 0.299643 0.299638 0.299640 0.299632 0.299628 0.299624 0.299624 0.000000 0.000000
0.000000 0.000000 0.295645 0.295654 0.295674 0.295708 0.295744 0.295758 0.295762 0.295765 0.295773 0.295761 0.295755 0.295760 0.295736 0.295718 0.295699 0.295681 0.295666 0.000000 0.000000
0.000000 0.000000 0.285712 0.285725 0.285770 0.285846 0.285920 0.285986 0.285988 0.286000 0.286010 0.286007 0.285995 0.286003 0.285966 0.285897 0.285865 0.285833 0.285822 0.000000 0.000000
0.000000 0.000000 0.272135 0.272160 0.272205 0.272296 0.272391 0.272534 0.272541 0.272552 0.272570 0.272568 0.272570 0.272567 0.272460 0.272376 0.272325 0.272281 0.272267 0.000000 0.000000
0.000000 0.000000 0.255705 0.255736 0.255783 0.255907 0.256012 0.256149 0.256163 0.256178 0.256200 0.256203 0.256210 0.256191 0.256093 0.255996 0.255913 0.255887 0.255857 0.000000 0.000000
0.000000 0.000000 0.236895 0.236942 0.237017 0.237116 0.237241 0.237413 0.237418 0.237447 0.237475 0.237480 0.237475 0.237486 0.237338 0.237218 0.237151 0.237112 0.237086 0.000000 0.000000
0.000000 0.000000 0.214955 0.215032 0.215103 0.215209 0.215359 0.215542 0.215568 0.215584 0.215632 0.215617 0.215589 0.215600 0.215484 0.215322 0.215235 0.215191 0.215183 0.000000 0.000000
0.000000 0.000000 0.188421 0.188495 0.188557 0.188828 0.188887 0.189155 0.189114 0.189244 0.189236 0.189259 0.189311 0.189237 0.189095 0.188993 0.188863 0.188807 0.188695 0.000000 0.000000
0.000000 0.000000 0.155795 0.155957 0.156150 0.156241 0.156382 0.156733 0.156794 0.156764 0.156753 0.156859 0.156801 0.156841 0.156549 0.156355 0.156302 0.156244 0.156028 0.000000 0.000000
0.000000 0.000000 0.119912 0.120046 0.120059 0.120335 0.120498 0.121439 0.121501 0.121562 0.121950 0.121676 0.121689 0.121599 0.120939 0.120807 0.120446 0.120398 0.120454 0.000000 0.000000
0.000000 0.000000 0.083431 0.083449 0.083720 0.083815 0.084783 0.084210 0.084438 0.084429 0.084216 0.084425 0.084452 0.084589 0.085069 0.083975 0.084022 0.083768 0.083636 0.000000 0.000000
0.000000 0.000000 0.059599 0.059650 0.059756 0.060270 0.060139 0.060418 0.060502 0.060536 0.060648 0.060694 0.060638 0.060644 0.060396 0.060532 0.059875 0.060005 0.060026 0.000000 0.000000
0.000000 0.000000 0.045084 0.045124 0.045333 0.045526 0.045451 0.045608 0.045577 0.045614 0.045639 0.045667 0.045669 0.045631 0.045513 0.045589 0.045416 0.045252 0.045272 0.000000 0.000000
0.000000 0.000000 0.034989 0.035064 0.035221 0.035323 0.035307 0.035403 0.035374 0.035396 0.035413 0.035429 0.035432 0.035407 0.035337 0.035363 0.035283 0.035142 0.035105 0.000000 0.000000
0.000000 0.000000 0.028071 0.028103 0.028221 0.028255 0.028248 0.028321 0.028279 0.028300 0.028291 0.028304 0.028317 0.028289 0.028241 0.028257 0.028267 0.028130 0.028121 0.000000 0.000000
0.000000 0.000000 0.300000 0.300000 0.300000 0.300000 0.300000 0.300000 0.300000 0.300000 0.300000 0.300000 0.300000 0.300000 0.300000 0.300000 0.300000 0.300000 0.300000 0.000000 0.000000
0.000000 0.000000 0.000000 0.000000 0.000000 0.000000 0.000000 0.000000 0.000000 0.000000 0.000000 0.000000 0.000000 0.000000 0.000000 0.000000 0.000000 0.000000 0.000000 0.000000 0.000000