geotop/1.0zi/1.0Montebello/Templates/testdem/maps/_Eocsand2610.asc
ncols         21
nrows         20
xllcorner     100.000000
yllcorner     100.000000
cellsize      50.000000
NODATA_value  -9999.0
0.000000 0.000000 0.000000 0.000000 0.000000 0.000000 0.000000 0.000000 0.000000 0.000000 0.000000 0.000000 0.000000 0.000000 0.000000 0.000000 0.000000 0.000000 0.000000 0.000000 0.000000
0.000000 0.000000 0.300077 0.300077 0.300077 0.300078 0.300077 0.300077 0.300077 0.300077 0.300079 0.300077 0.300077 0.300077 0.300077 0.300078 0.300077 0.300077 0.300077 0.000000 0.000000
0.000000 0.000000 0.300012 0.300013 0.300013 0.300012 0.300013 0.300012 0.300012 0.300012 0.300011 0.300012 0.300012 0.300012 0.300013 0.300012 0.300013 0.300013 0.300012 0.000000 0.000000
0.000000 0.000000 0.298309 0.298310 0.298315 0.298313 0.298309 0.298309 0.298310 0.298309 0.298309 0.298309 0.298310 0.298309 0.298309 0.298313 0.298315 0.298310 0.298309 0.000000 0.000000
0.000000 0.000000 0.291120 0.291122 0.291125 0.291125 0.291119 0.291121 0.291121 0.291118 0.291118 0.291118 0.291121 0.291121 0.291119 0.291125 0.291125 0.291122 0.291120 0.000000 0.000000
0.000000 0.000000 0.282362 0.282363 0.282366 0.282366 0.282361 0.282363 0.282363 0.282360 0.282360 0.282360 0.282363 0.282363 0.282361 0.282366 0.282366 0.282363 0.282362 0.000000 0.000000
0.000000 0.000000 0.274201 0.274202 0.274204 0.274204 0.274200 0.274201 0.274201 0.274200 0.274199 0.274200 0.274201 0.274201 0.274200 0.274204 0.274204 0.274202 0.274201 0.000000 0.000000
0.000000 0.000000 0.266733 0.266734 0.266736 0.266736 0.266732 0.266734 0.266733 0.266732 0.266731 0.266732 0.266733 0.266734 0.266732 0.266736 0.266736 0.266734 0.266733 0.000000 0.000000
0.000000 0.000000 0.259779 0.259780 0.259782 0.259781 0.259778 0.259779 0.259779 0.259778 0.259777 0.259778 0.259779 0.259779 0.259778 0.259781 0.259782 0.259780 0.259779 0.000000 0.000000
0.000000 0.000000 0.253179 0.253180 0.253182 0.253181 0.253178 0.253180 0.253179 0.253178 0.253178 0.253178 0.253179 0.253180 0.253178 0.253181 0.253182 0.253180 0.253179 0.000000 0.000000
0.000000 0.000000 0.246854 0.246855 0.246857 0.246856 0.246853 0.246854 0.246854 0.246853 0.246853 0.246853 0.246854 0.246854 0.246853 0.246856 0.246857 0.246855 0.246854 0.000000 0.000000
0.000000 0.000000 0.240746 0.240746 0.240748 0.240748 0.240745 0.240746 0.240746 0.240745 0.240744 0.240745 0.240746 0.240746 0.240745 0.240748 0.240748 0.240746 0.240746 0.000000 0.000000
0.000000 0.000000 0.234809 0.234810 0.234812 0.234811 0.234809 0.234810 0.234810 0.234808 0.234808 0.234808 0.234810 0.234810 0.234809 0.234811 0.234812 0.234810 0.234809 0.000000 0.000000
0.000000 0.000000 0.229016 0.229017 0.229019 0.229018 0.229016 0.229017 0.229017 0.229016 0.229015 0.229016 0.229017 0.229017 0.229016 0.229018 0.229019 0.229017 0.229016 0.000000 0.000000
0.000000 0.000000 0.223348 0.223349 0.223351 0.223350 0.223348 0.223349 0.223349 0.223348 0.223347 0.223348 0.223349 0.223349 0.223348 0.223350 0.223351 0.223349 0.223348 0.000000 0.000000
0.000000 0.000000 0.217794 0.217794 0.217797 0.217796 0.217793 0.217794 0.217794 0.217793 0.217793 0.217793 0.217794 0.217794 0.217793 0.217796 0.217797 0.217794 0.217794 0.000000 0.000000
0.000000 0.000000 0.212347 0.212348 0.212350 0.212349 0.212347 0.212348 0.212348 0.212346 0.212346 0.212346 0.212348 0.212348 0.212347 0.212349 0.212350 0.212348 0.212347 0.000000 0.000000
0.000000 0.000000 0.206928 0.206928 0.206930 0.206930 0.206927 0.206928 0.206928 0.206927 0.206927 0.206927 0.206928 0.206928 0.206927 0.206930 0.206930 0.206928 0.206928 0.000000 0.000000
0.000000 0.000000 0.300000 0.300000 0.300000 0.300000 0.300000 0.300000 0.300000 0.300000 0.300000 0.300000 0.300000 0.300000 0.300000 0.300000 0.300000 0.300000 0.300000 0.000000 0.000000
0.000000 0.000000 0.000000 0.000000 0.000000 0.000000 0.000000 0.000000 0.000000 0.000000 0.000000 0.000000 0.000000 0.000000 0.000000 0.000000 0.000000 0.000000 0.000000 0.000000 0.000000