geotop/1.0zi/1.0Montebello/Templates/testdem/maps/_Eocclay0981.asc
ncols         21
nrows         20
xllcorner     100.000000
yllcorner     100.000000
cellsize      50.000000
NODATA_value  -9999.0
0.000000 0.000000 0.000000 0.000000 0.000000 0.000000 0.000000 0.000000 0.000000 0.000000 0.000000 0.000000 0.000000 0.000000 0.000000 0.000000 0.000000 0.000000 0.000000 0.000000 0.000000
0.000000 0.000000 0.349949 0.349949 0.349949 0.349949 0.349949 0.349949 0.349949 0.349949 0.349949 0.349949 0.349949 0.349949 0.349949 0.349949 0.349949 0.349949 0.349949 0.000000 0.000000
0.000000 0.000000 0.349995 0.349995 0.349994 0.349995 0.349995 0.349995 0.349995 0.349995 0.349995 0.349995 0.349995 0.349995 0.349995 0.349995 0.349994 0.349995 0.349995 0.000000 0.000000
0.000000 0.000000 0.350431 0.350431 0.350429 0.350430 0.350431 0.350431 0.350431 0.350431 0.350431 0.350431 0.350431 0.350431 0.350431 0.350430 0.350429 0.350431 0.350431 0.000000 0.000000
0.000000 0.000000 0.352005 0.352003 0.352001 0.352001 0.352005 0.352004 0.352004 0.352005 0.352005 0.352005 0.352004 0.352004 0.352005 0.352001 0.352001 0.352003 0.352005 0.000000 0.000000
0.000000 0.000000 0.353695 0.353694 0.353693 0.353692 0.353695 0.353695 0.353695 0.353695 0.353695 0.353695 0.353695 0.353695 0.353695 0.353692 0.353693 0.353694 0.353695 0.000000 0.000000
0.000000 0.000000 0.355298 0.355297 0.355295 0.355296 0.355298 0.355297 0.355297 0.355298 0.355298 0.355298 0.355297 0.355297 0.355298 0.355296 0.355295 0.355297 0.355298 0.000000 0.000000
0.000000 0.000000 0.356773 0.356773 0.356771 0.356772 0.356773 0.356773 0.356773 0.356773 0.356773 0.356773 0.356773 0.356773 0.356773 0.356772 0.356771 0.356773 0.356773 0.000000 0.000000
0.000000 0.000000 0.358156 0.358155 0.358154 0.358154 0.358156 0.358156 0.358156 0.358156 0.358156 0.358156 0.358156 0.358156 0.358156 0.358154 0.358154 0.358155 0.358156 0.000000 0.000000
0.000000 0.000000 0.359481 0.359481 0.359480 0.359480 0.359481 0.359481 0.359481 0.359481 0.359481 0.359481 0.359481 0.359481 0.359481 0.359480 0.359480 0.359481 0.359481 0.000000 0.000000
0.000000 0.000000 0.360763 0.360763 0.360762 0.360762 0.360763 0.360763 0.360763 0.360763 0.360763 0.360763 0.360763 0.360763 0.360763 0.360762 0.360762 0.360763 0.360763 0.000000 0.000000
0.000000 0.000000 0.362016 0.362015 0.362014 0.362014 0.362016 0.362015 0.362015 0.362016 0.362016 0.362016 0.362015 0.362015 0.362016 0.362014 0.362014 0.362015 0.362016 0.000000 0.000000
0.000000 0.000000 0.363248 0.363248 0.363247 0.363247 0.363248 0.363248 0.363248 0.363248 0.363248 0.363248 0.363248 0.363248 0.363248 0.363247 0.363247 0.363248 0.363248 0.000000 0.000000
0.000000 0.000000 0.364461 0.364460 0.364459 0.364459 0.364461 0.364461 0.364461 0.364461 0.364461 0.364461 0.364461 0.364461 0.364461 0.364459 0.364459 0.364460 0.364461 0.000000 0.000000
0.000000 0.000000 0.365660 0.365660 0.365658 0.365659 0.365660 0.365660 0.365660 0.365660 0.365660 0.365660 0.365660 0.365660 0.365660 0.365659 0.365658 0.365660 0.365660 0.000000 0.000000
0.000000 0.000000 0.366850 0.366850 0.366849 0.366849 0.366850 0.366850 0.366850 0.366850 0.366850 0.366850 0.366850 0.366850 0.366850 0.366849 0.366849 0.366850 0.366850 0.000000 0.000000
0.000000 0.000000 0.368028 0.368028 0.368027 0.368027 0.368028 0.368028 0.368028 0.368028 0.368028 0.368028 0.368028 0.368028 0.368028 0.368027 0.368027 0.368028 0.368028 0.000000 0.000000
0.000000 0.000000 0.369234 0.369234 0.369233 0.369233 0.369234 0.369234 0.369234 0.369234 0.369234 0.369234 0.369234 0.369234 0.369234 0.369233 0.369233 0.369234 0.369234 0.000000 0.000000
0.000000 0.000000 0.350000 0.350000 0.350000 0.350000 0.350000 0.350000 0.350000 0.350000 0.350000 0.350000 0.350000 0.350000 0.350000 0.350000 0.350000 0.350000 0.350000 0.000000 0.000000
0.000000 0.000000 0.000000 0.000000 0.000000 0.000000 0.000000 0.000000 0.000000 0.000000 0.000000 0.000000 0.000000 0.000000 0.000000 0.000000 0.000000 0.000000 0.000000 0.000000 0.000000