geotop/1.0zi/1.0Montebello/Templates/testdem/maps/_Eocsilt7237.asc
ncols         21
nrows         20
xllcorner     100.000000
yllcorner     100.000000
cellsize      50.000000
NODATA_value  -9999.0
0.000000 0.000000 0.000000 0.000000 0.000000 0.000000 0.000000 0.000000 0.000000 0.000000 0.000000 0.000000 0.000000 0.000000 0.000000 0.000000 0.000000 0.000000 0.000000 0.000000 0.000000
0.000000 0.000000 0.350147 0.350147 0.350148 0.350148 0.350147 0.350148 0.350148 0.350148 0.350148 0.350147 0.350147 0.350147 0.350147 0.350147 0.350148 0.350148 0.350147 0.000000 0.000000
0.000000 0.000000 0.350004 0.350003 0.350003 0.350003 0.350004 0.350003 0.350003 0.350004 0.350004 0.350004 0.350004 0.350004 0.350004 0.350003 0.350002 0.350002 0.350003 0.000000 0.000000
0.000000 0.000000 0.350062 0.350059 0.350058 0.350052 0.350053 0.350050 0.350053 0.350053 0.350050 0.350052 0.350052 0.350052 0.350053 0.350056 0.350060 0.350061 0.350061 0.000000 0.000000
0.000000 0.000000 0.350804 0.350810 0.350805 0.350797 0.350792 0.350785 0.350783 0.350781 0.350782 0.350782 0.350783 0.350785 0.350796 0.350800 0.350799 0.350807 0.350812 0.000000 0.000000
0.000000 0.000000 0.352984 0.352986 0.352976 0.352962 0.352945 0.352925 0.352925 0.352919 0.352923 0.352924 0.352925 0.352924 0.352934 0.352944 0.352955 0.352962 0.352968 0.000000 0.000000
0.000000 0.000000 0.356177 0.356173 0.356163 0.356140 0.356112 0.356082 0.356084 0.356080 0.356081 0.356079 0.356076 0.356081 0.356106 0.356130 0.356144 0.356158 0.356166 0.000000 0.000000
0.000000 0.000000 0.359994 0.359992 0.359987 0.359964 0.359936 0.359903 0.359904 0.359900 0.359899 0.359896 0.359894 0.359900 0.359928 0.359953 0.359975 0.359980 0.359993 0.000000 0.000000
0.000000 0.000000 0.364050 0.364042 0.364029 0.364014 0.363985 0.363947 0.363950 0.363941 0.363939 0.363938 0.363939 0.363938 0.363974 0.364004 0.364021 0.364030 0.364041 0.000000 0.000000
0.000000 0.000000 0.368235 0.368228 0.368221 0.368207 0.368167 0.368134 0.368136 0.368131 0.368126 0.368128 0.368133 0.368130 0.368160 0.368194 0.368213 0.368219 0.368227 0.000000 0.000000
0.000000 0.000000 0.372657 0.372652 0.372645 0.372613 0.372587 0.372548 0.372557 0.372536 0.372539 0.372538 0.372531 0.372544 0.372570 0.372591 0.372615 0.372628 0.372646 0.000000 0.000000
0.000000 0.000000 0.377443 0.377430 0.377416 0.377395 0.377366 0.377319 0.377319 0.377311 0.377322 0.377306 0.377310 0.377314 0.377360 0.377383 0.377400 0.377409 0.377453 0.000000 0.000000
0.000000 0.000000 0.382499 0.382486 0.382479 0.382452 0.382427 0.382317 0.382317 0.382309 0.382283 0.382295 0.382301 0.382312 0.382395 0.382419 0.382459 0.382463 0.382490 0.000000 0.000000
0.000000 0.000000 0.388216 0.388210 0.388189 0.388170 0.388047 0.388036 0.388012 0.388010 0.388012 0.388007 0.388005 0.388001 0.388003 0.388131 0.388158 0.388192 0.388223 0.000000 0.000000
0.000000 0.000000 0.394763 0.394752 0.394724 0.394581 0.394565 0.394493 0.394454 0.394446 0.394422 0.394402 0.394418 0.394413 0.394480 0.394507 0.394700 0.394678 0.394691 0.000000 0.000000
0.000000 0.000000 0.401889 0.401878 0.401675 0.401690 0.401679 0.401640 0.401703 0.401677 0.401708 0.401687 0.401659 0.401708 0.401730 0.401742 0.401653 0.401925 0.401926 0.000000 0.000000
0.000000 0.000000 0.410551 0.410243 0.410233 0.410136 0.409981 0.409930 0.409875 0.409884 0.409806 0.409806 0.409847 0.409814 0.409890 0.410006 0.410217 0.410153 0.410471 0.000000 0.000000
0.000000 0.000000 0.415411 0.415596 0.415882 0.415847 0.415806 0.415531 0.415549 0.415479 0.415569 0.415545 0.415544 0.415570 0.415812 0.415841 0.415929 0.415668 0.415496 0.000000 0.000000
0.000000 0.000000 0.350000 0.350000 0.350000 0.350000 0.350000 0.350000 0.350000 0.350000 0.350000 0.350000 0.350000 0.350000 0.350000 0.350000 0.350000 0.350000 0.350000 0.000000 0.000000
0.000000 0.000000 0.000000 0.000000 0.000000 0.000000 0.000000 0.000000 0.000000 0.000000 0.000000 0.000000 0.000000 0.000000 0.000000 0.000000 0.000000 0.000000 0.000000 0.000000 0.000000