geotop/1.0zi/1.0Montebello/Templates/testdem/maps/_Eocsand6935.asc
ncols         21
nrows         20
xllcorner     100.000000
yllcorner     100.000000
cellsize      50.000000
NODATA_value  -9999.0
0.000000 0.000000 0.000000 0.000000 0.000000 0.000000 0.000000 0.000000 0.000000 0.000000 0.000000 0.000000 0.000000 0.000000 0.000000 0.000000 0.000000 0.000000 0.000000 0.000000 0.000000
0.000000 0.000000 0.300171 0.300169 0.300169 0.300170 0.300169 0.300168 0.300169 0.300169 0.300170 0.300169 0.300169 0.300169 0.300169 0.300169 0.300170 0.300170 0.300170 0.000000 0.000000
0.000000 0.000000 0.300009 0.300010 0.300010 0.300009 0.300010 0.300010 0.300010 0.300010 0.300010 0.300010 0.300009 0.300010 0.300010 0.300010 0.300010 0.300011 0.300012 0.000000 0.000000
0.000000 0.000000 0.299963 0.299962 0.299966 0.299972 0.299969 0.299971 0.299967 0.299970 0.299967 0.299970 0.299970 0.299970 0.299969 0.299964 0.299963 0.299960 0.299961 0.000000 0.000000
0.000000 0.000000 0.298603 0.298598 0.298606 0.298616 0.298633 0.298642 0.298643 0.298644 0.298646 0.298643 0.298646 0.298643 0.298625 0.298621 0.298617 0.298609 0.298597 0.000000 0.000000
0.000000 0.000000 0.294487 0.294486 0.294504 0.294543 0.294566 0.294605 0.294605 0.294616 0.294607 0.294605 0.294603 0.294604 0.294589 0.294563 0.294543 0.294525 0.294512 0.000000 0.000000
0.000000 0.000000 0.288448 0.288454 0.288470 0.288512 0.288564 0.288622 0.288622 0.288630 0.288626 0.288626 0.288629 0.288624 0.288577 0.288529 0.288503 0.288481 0.288465 0.000000 0.000000
0.000000 0.000000 0.281209 0.281211 0.281221 0.281269 0.281319 0.281383 0.281383 0.281390 0.281390 0.281393 0.281397 0.281386 0.281333 0.281288 0.281247 0.281236 0.281212 0.000000 0.000000
0.000000 0.000000 0.273621 0.273633 0.273656 0.273686 0.273737 0.273805 0.273802 0.273817 0.273821 0.273822 0.273821 0.273824 0.273758 0.273701 0.273670 0.273656 0.273636 0.000000 0.000000
0.000000 0.000000 0.265812 0.265826 0.265838 0.265864 0.265937 0.265999 0.265996 0.266006 0.266014 0.266007 0.265998 0.266005 0.265950 0.265886 0.265850 0.265841 0.265825 0.000000 0.000000
0.000000 0.000000 0.257579 0.257589 0.257601 0.257658 0.257707 0.257778 0.257763 0.257801 0.257796 0.257795 0.257807 0.257785 0.257739 0.257699 0.257654 0.257632 0.257597 0.000000 0.000000
0.000000 0.000000 0.248734 0.248756 0.248782 0.248823 0.248873 0.248959 0.248960 0.248976 0.248955 0.248980 0.248975 0.248969 0.248885 0.248843 0.248812 0.248797 0.248714 0.000000 0.000000
0.000000 0.000000 0.239445 0.239468 0.239481 0.239529 0.239574 0.239771 0.239773 0.239788 0.239833 0.239809 0.239796 0.239780 0.239632 0.239587 0.239515 0.239509 0.239455 0.000000 0.000000
0.000000 0.000000 0.229041 0.229052 0.229088 0.229124 0.229338 0.229365 0.229410 0.229413 0.229413 0.229415 0.229419 0.229427 0.229421 0.229194 0.229142 0.229085 0.229026 0.000000 0.000000
0.000000 0.000000 0.217237 0.217254 0.217304 0.217552 0.217589 0.217710 0.217785 0.217799 0.217839 0.217870 0.217842 0.217855 0.217745 0.217682 0.217348 0.217385 0.217357 0.000000 0.000000
0.000000 0.000000 0.204438 0.204457 0.204800 0.204800 0.204815 0.204882 0.204783 0.204828 0.204778 0.204813 0.204858 0.204780 0.204744 0.204720 0.204839 0.204387 0.204384 0.000000 0.000000
0.000000 0.000000 0.189050 0.189560 0.189613 0.189766 0.190017 0.190107 0.190188 0.190176 0.190301 0.190299 0.190237 0.190285 0.190158 0.189966 0.189640 0.189699 0.189174 0.000000 0.000000
0.000000 0.000000 0.179667 0.179428 0.178942 0.179022 0.179110 0.179567 0.179552 0.179666 0.179533 0.179567 0.179560 0.179528 0.179119 0.179048 0.178862 0.179326 0.179539 0.000000 0.000000
0.000000 0.000000 0.300000 0.300000 0.300000 0.300000 0.300000 0.300000 0.300000 0.300000 0.300000 0.300000 0.300000 0.300000 0.300000 0.300000 0.300000 0.300000 0.300000 0.000000 0.000000
0.000000 0.000000 0.000000 0.000000 0.000000 0.000000 0.000000 0.000000 0.000000 0.000000 0.000000 0.000000 0.000000 0.000000 0.000000 0.000000 0.000000 0.000000 0.000000 0.000000 0.000000