geotop/1.0zi/1.0Montebello/Templates/testdem/maps/_Eocsilt9966.asc
ncols         21
nrows         20
xllcorner     100.000000
yllcorner     100.000000
cellsize      50.000000
NODATA_value  -9999.0
0.000000 0.000000 0.000000 0.000000 0.000000 0.000000 0.000000 0.000000 0.000000 0.000000 0.000000 0.000000 0.000000 0.000000 0.000000 0.000000 0.000000 0.000000 0.000000 0.000000 0.000000
0.000000 0.000000 0.350212 0.350212 0.350212 0.350212 0.350211 0.350211 0.350212 0.350211 0.350212 0.350211 0.350211 0.350211 0.350211 0.350212 0.350212 0.350212 0.350212 0.000000 0.000000
0.000000 0.000000 0.350008 0.350008 0.350008 0.350007 0.350009 0.350008 0.350008 0.350008 0.350009 0.350008 0.350009 0.350009 0.350008 0.350007 0.350006 0.350006 0.350007 0.000000 0.000000
0.000000 0.000000 0.350151 0.350149 0.350142 0.350139 0.350138 0.350132 0.350136 0.350137 0.350134 0.350138 0.350139 0.350138 0.350141 0.350144 0.350149 0.350150 0.350152 0.000000 0.000000
0.000000 0.000000 0.351515 0.351521 0.351512 0.351489 0.351479 0.351472 0.351475 0.351472 0.351472 0.351474 0.351480 0.351478 0.351492 0.351501 0.351504 0.351511 0.351514 0.000000 0.000000
0.000000 0.000000 0.355273 0.355267 0.355251 0.355222 0.355187 0.355160 0.355158 0.355154 0.355153 0.355154 0.355159 0.355155 0.355175 0.355199 0.355211 0.355220 0.355226 0.000000 0.000000
0.000000 0.000000 0.360605 0.360593 0.360576 0.360534 0.360491 0.360436 0.360439 0.360436 0.360429 0.360428 0.360426 0.360430 0.360476 0.360508 0.360530 0.360545 0.360552 0.000000 0.000000
0.000000 0.000000 0.366937 0.366923 0.366907 0.366859 0.366813 0.366763 0.366764 0.366759 0.366751 0.366748 0.366746 0.366753 0.366796 0.366835 0.366869 0.366875 0.366889 0.000000 0.000000
0.000000 0.000000 0.373937 0.373917 0.373890 0.373851 0.373798 0.373736 0.373741 0.373731 0.373720 0.373718 0.373722 0.373718 0.373780 0.373826 0.373853 0.373865 0.373877 0.000000 0.000000
0.000000 0.000000 0.381685 0.381658 0.381636 0.381595 0.381537 0.381471 0.381472 0.381466 0.381449 0.381455 0.381462 0.381459 0.381509 0.381568 0.381599 0.381611 0.381616 0.000000 0.000000
0.000000 0.000000 0.390518 0.390495 0.390475 0.390384 0.390357 0.390270 0.390288 0.390248 0.390247 0.390241 0.390227 0.390250 0.390307 0.390344 0.390387 0.390403 0.390440 0.000000 0.000000
0.000000 0.000000 0.400880 0.400832 0.400778 0.400733 0.400685 0.400575 0.400572 0.400570 0.400579 0.400541 0.400560 0.400553 0.400654 0.400712 0.400735 0.400750 0.400824 0.000000 0.000000
0.000000 0.000000 0.412574 0.412531 0.412517 0.412429 0.412371 0.412078 0.412072 0.412056 0.411947 0.412012 0.412017 0.412042 0.412262 0.412310 0.412419 0.412424 0.412439 0.000000 0.000000
0.000000 0.000000 0.426964 0.426945 0.426846 0.426785 0.426375 0.426529 0.426441 0.426445 0.426500 0.426439 0.426431 0.426383 0.426248 0.426694 0.426707 0.426811 0.426872 0.000000 0.000000
0.000000 0.000000 0.442679 0.442632 0.442559 0.442056 0.442281 0.441963 0.441898 0.441869 0.441746 0.441714 0.441767 0.441774 0.442053 0.441839 0.442485 0.442330 0.442303 0.000000 0.000000
0.000000 0.000000 0.455528 0.455503 0.455047 0.455272 0.455188 0.455204 0.455401 0.455349 0.455451 0.455434 0.455348 0.455454 0.455395 0.455473 0.454971 0.455661 0.455650 0.000000 0.000000
0.000000 0.000000 0.465157 0.464929 0.464912 0.464853 0.464720 0.464697 0.464659 0.464667 0.464607 0.464613 0.464642 0.464616 0.464657 0.464760 0.464882 0.464851 0.465085 0.000000 0.000000
0.000000 0.000000 0.470630 0.470454 0.470569 0.470472 0.470355 0.470271 0.470215 0.470215 0.470169 0.470172 0.470208 0.470176 0.470273 0.470360 0.470555 0.470366 0.470546 0.000000 0.000000
0.000000 0.000000 0.350000 0.350000 0.350000 0.350000 0.350000 0.350000 0.350000 0.350000 0.350000 0.350000 0.350000 0.350000 0.350000 0.350000 0.350000 0.350000 0.350000 0.000000 0.000000
0.000000 0.000000 0.000000 0.000000 0.000000 0.000000 0.000000 0.000000 0.000000 0.000000 0.000000 0.000000 0.000000 0.000000 0.000000 0.000000 0.000000 0.000000 0.000000 0.000000 0.000000