geotop/1.0zi/1.0Montebello/Templates/testdem/maps/_Eocsilt5932.asc
ncols         21
nrows         20
xllcorner     100.000000
yllcorner     100.000000
cellsize      50.000000
NODATA_value  -9999.0
0.000000 0.000000 0.000000 0.000000 0.000000 0.000000 0.000000 0.000000 0.000000 0.000000 0.000000 0.000000 0.000000 0.000000 0.000000 0.000000 0.000000 0.000000 0.000000 0.000000 0.000000
0.000000 0.000000 0.350119 0.350119 0.350119 0.350119 0.350119 0.350119 0.350119 0.350119 0.350119 0.350119 0.350119 0.350119 0.350119 0.350119 0.350119 0.350119 0.350119 0.000000 0.000000
0.000000 0.000000 0.350002 0.350002 0.350002 0.350003 0.350003 0.350003 0.350003 0.350003 0.350003 0.350003 0.350003 0.350003 0.350003 0.350002 0.350001 0.350001 0.350002 0.000000 0.000000
0.000000 0.000000 0.350047 0.350046 0.350045 0.350040 0.350041 0.350039 0.350041 0.350042 0.350041 0.350040 0.350040 0.350040 0.350042 0.350045 0.350046 0.350048 0.350047 0.000000 0.000000
0.000000 0.000000 0.350543 0.350547 0.350546 0.350542 0.350539 0.350534 0.350532 0.350531 0.350529 0.350530 0.350532 0.350533 0.350538 0.350541 0.350540 0.350549 0.350552 0.000000 0.000000
0.000000 0.000000 0.352107 0.352109 0.352104 0.352089 0.352078 0.352061 0.352059 0.352055 0.352059 0.352061 0.352062 0.352059 0.352065 0.352073 0.352083 0.352087 0.352093 0.000000 0.000000
0.000000 0.000000 0.354479 0.354477 0.354471 0.354452 0.354430 0.354407 0.354408 0.354406 0.354408 0.354408 0.354405 0.354409 0.354426 0.354445 0.354453 0.354463 0.354469 0.000000 0.000000
0.000000 0.000000 0.357366 0.357366 0.357365 0.357347 0.357325 0.357299 0.357300 0.357297 0.357297 0.357296 0.357295 0.357298 0.357318 0.357339 0.357355 0.357357 0.357367 0.000000 0.000000
0.000000 0.000000 0.360400 0.360395 0.360386 0.360375 0.360354 0.360324 0.360325 0.360320 0.360317 0.360318 0.360319 0.360317 0.360344 0.360366 0.360380 0.360386 0.360395 0.000000 0.000000
0.000000 0.000000 0.363452 0.363448 0.363444 0.363435 0.363406 0.363380 0.363382 0.363379 0.363375 0.363379 0.363382 0.363379 0.363400 0.363424 0.363439 0.363441 0.363447 0.000000 0.000000
0.000000 0.000000 0.366595 0.366592 0.366590 0.366568 0.366548 0.366519 0.366526 0.366512 0.366512 0.366513 0.366510 0.366517 0.366535 0.366551 0.366567 0.366576 0.366589 0.000000 0.000000
0.000000 0.000000 0.369907 0.369900 0.369890 0.369875 0.369857 0.369823 0.369824 0.369816 0.369825 0.369816 0.369818 0.369821 0.369852 0.369867 0.369879 0.369884 0.369916 0.000000 0.000000
0.000000 0.000000 0.373316 0.373309 0.373306 0.373288 0.373272 0.373201 0.373200 0.373194 0.373179 0.373187 0.373193 0.373198 0.373250 0.373265 0.373290 0.373293 0.373316 0.000000 0.000000
0.000000 0.000000 0.377032 0.377027 0.377017 0.377006 0.376936 0.376919 0.376903 0.376903 0.376898 0.376900 0.376900 0.376898 0.376905 0.376976 0.376997 0.377015 0.377039 0.000000 0.000000
0.000000 0.000000 0.381139 0.381134 0.381117 0.381043 0.381022 0.380980 0.380954 0.380949 0.380936 0.380927 0.380936 0.380930 0.380962 0.380995 0.381100 0.381091 0.381105 0.000000 0.000000
0.000000 0.000000 0.385504 0.385498 0.385400 0.385385 0.385380 0.385354 0.385375 0.385363 0.385372 0.385362 0.385350 0.385370 0.385386 0.385395 0.385384 0.385509 0.385512 0.000000 0.000000
0.000000 0.000000 0.390528 0.390394 0.390352 0.390313 0.390249 0.390218 0.390206 0.390204 0.390175 0.390171 0.390185 0.390178 0.390215 0.390263 0.390341 0.390363 0.390499 0.000000 0.000000
0.000000 0.000000 0.394125 0.394139 0.394259 0.394228 0.394182 0.394058 0.394057 0.394028 0.394049 0.394042 0.394049 0.394053 0.394165 0.394200 0.394278 0.394154 0.394147 0.000000 0.000000
0.000000 0.000000 0.350000 0.350000 0.350000 0.350000 0.350000 0.350000 0.350000 0.350000 0.350000 0.350000 0.350000 0.350000 0.350000 0.350000 0.350000 0.350000 0.350000 0.000000 0.000000
0.000000 0.000000 0.000000 0.000000 0.000000 0.000000 0.000000 0.000000 0.000000 0.000000 0.000000 0.000000 0.000000 0.000000 0.000000 0.000000 0.000000 0.000000 0.000000 0.000000 0.000000