geotop/1.0zi/1.0Montebello/Templates/testdem/maps/_Eocclay1017.asc
ncols         21
nrows         20
xllcorner     100.000000
yllcorner     100.000000
cellsize      50.000000
NODATA_value  -9999.0
0.000000 0.000000 0.000000 0.000000 0.000000 0.000000 0.000000 0.000000 0.000000 0.000000 0.000000 0.000000 0.000000 0.000000 0.000000 0.000000 0.000000 0.000000 0.000000 0.000000 0.000000
0.000000 0.000000 0.349949 0.349949 0.349949 0.349949 0.349949 0.349949 0.349949 0.349949 0.349949 0.349949 0.349949 0.349949 0.349949 0.349949 0.349949 0.349949 0.349949 0.000000 0.000000
0.000000 0.000000 0.349995 0.349995 0.349994 0.349995 0.349995 0.349995 0.349995 0.349995 0.349995 0.349995 0.349995 0.349995 0.349995 0.349995 0.349994 0.349995 0.349995 0.000000 0.000000
0.000000 0.000000 0.350442 0.350442 0.350440 0.350441 0.350442 0.350442 0.350442 0.350442 0.350442 0.350442 0.350442 0.350442 0.350442 0.350441 0.350440 0.350442 0.350442 0.000000 0.000000
0.000000 0.000000 0.352068 0.352067 0.352065 0.352065 0.352068 0.352068 0.352068 0.352068 0.352068 0.352068 0.352068 0.352068 0.352068 0.352065 0.352065 0.352067 0.352068 0.000000 0.000000
0.000000 0.000000 0.353809 0.353809 0.353807 0.353807 0.353810 0.353809 0.353809 0.353809 0.353809 0.353809 0.353809 0.353809 0.353810 0.353807 0.353807 0.353809 0.353809 0.000000 0.000000
0.000000 0.000000 0.355463 0.355462 0.355461 0.355461 0.355463 0.355463 0.355463 0.355463 0.355463 0.355463 0.355463 0.355463 0.355463 0.355461 0.355461 0.355462 0.355463 0.000000 0.000000
0.000000 0.000000 0.356988 0.356988 0.356986 0.356987 0.356988 0.356988 0.356988 0.356988 0.356988 0.356988 0.356988 0.356988 0.356988 0.356987 0.356986 0.356988 0.356988 0.000000 0.000000
0.000000 0.000000 0.358419 0.358418 0.358417 0.358417 0.358419 0.358418 0.358418 0.358419 0.358419 0.358419 0.358418 0.358418 0.358419 0.358417 0.358417 0.358418 0.358419 0.000000 0.000000
0.000000 0.000000 0.359791 0.359790 0.359789 0.359789 0.359791 0.359791 0.359791 0.359791 0.359791 0.359791 0.359791 0.359791 0.359791 0.359789 0.359789 0.359790 0.359791 0.000000 0.000000
0.000000 0.000000 0.361118 0.361118 0.361117 0.361117 0.361118 0.361118 0.361118 0.361119 0.361119 0.361119 0.361118 0.361118 0.361118 0.361117 0.361117 0.361118 0.361118 0.000000 0.000000
0.000000 0.000000 0.362416 0.362415 0.362414 0.362414 0.362416 0.362416 0.362416 0.362416 0.362416 0.362416 0.362416 0.362416 0.362416 0.362414 0.362414 0.362415 0.362416 0.000000 0.000000
0.000000 0.000000 0.363693 0.363692 0.363691 0.363691 0.363693 0.363693 0.363693 0.363693 0.363693 0.363693 0.363693 0.363693 0.363693 0.363691 0.363691 0.363692 0.363693 0.000000 0.000000
0.000000 0.000000 0.364949 0.364949 0.364947 0.364948 0.364949 0.364949 0.364949 0.364949 0.364949 0.364949 0.364949 0.364949 0.364949 0.364948 0.364947 0.364949 0.364949 0.000000 0.000000
0.000000 0.000000 0.366192 0.366192 0.366190 0.366191 0.366192 0.366192 0.366192 0.366192 0.366192 0.366192 0.366192 0.366192 0.366192 0.366191 0.366190 0.366192 0.366192 0.000000 0.000000
0.000000 0.000000 0.367426 0.367426 0.367425 0.367425 0.367426 0.367426 0.367426 0.367426 0.367426 0.367426 0.367426 0.367426 0.367426 0.367425 0.367425 0.367426 0.367426 0.000000 0.000000
0.000000 0.000000 0.368647 0.368647 0.368646 0.368646 0.368647 0.368647 0.368647 0.368647 0.368647 0.368647 0.368647 0.368647 0.368647 0.368646 0.368646 0.368647 0.368647 0.000000 0.000000
0.000000 0.000000 0.369896 0.369896 0.369894 0.369895 0.369896 0.369896 0.369896 0.369896 0.369896 0.369896 0.369896 0.369896 0.369896 0.369895 0.369894 0.369896 0.369896 0.000000 0.000000
0.000000 0.000000 0.350000 0.350000 0.350000 0.350000 0.350000 0.350000 0.350000 0.350000 0.350000 0.350000 0.350000 0.350000 0.350000 0.350000 0.350000 0.350000 0.350000 0.000000 0.000000
0.000000 0.000000 0.000000 0.000000 0.000000 0.000000 0.000000 0.000000 0.000000 0.000000 0.000000 0.000000 0.000000 0.000000 0.000000 0.000000 0.000000 0.000000 0.000000 0.000000 0.000000