geotop/1.0zi/1.0Montebello/Templates/testdem/maps/_Eocsilt1483.asc
ncols         21
nrows         20
xllcorner     100.000000
yllcorner     100.000000
cellsize      50.000000
NODATA_value  -9999.0
0.000000 0.000000 0.000000 0.000000 0.000000 0.000000 0.000000 0.000000 0.000000 0.000000 0.000000 0.000000 0.000000 0.000000 0.000000 0.000000 0.000000 0.000000 0.000000 0.000000 0.000000
0.000000 0.000000 0.350030 0.350030 0.350030 0.350030 0.350030 0.350030 0.350030 0.350030 0.350030 0.350030 0.350030 0.350030 0.350030 0.350030 0.350030 0.350030 0.350030 0.000000 0.000000
0.000000 0.000000 0.349999 0.349999 0.349999 0.350000 0.349999 0.349999 0.349999 0.349999 0.349999 0.349999 0.349999 0.349999 0.349999 0.350000 0.349999 0.349999 0.349999 0.000000 0.000000
0.000000 0.000000 0.350606 0.350606 0.350603 0.350604 0.350606 0.350606 0.350606 0.350606 0.350606 0.350606 0.350606 0.350606 0.350606 0.350604 0.350603 0.350606 0.350606 0.000000 0.000000
0.000000 0.000000 0.352638 0.352637 0.352635 0.352635 0.352638 0.352637 0.352637 0.352638 0.352638 0.352638 0.352637 0.352637 0.352638 0.352635 0.352635 0.352637 0.352638 0.000000 0.000000
0.000000 0.000000 0.355150 0.355149 0.355147 0.355148 0.355150 0.355150 0.355150 0.355150 0.355150 0.355150 0.355150 0.355150 0.355150 0.355148 0.355147 0.355149 0.355150 0.000000 0.000000
0.000000 0.000000 0.357459 0.357459 0.357457 0.357458 0.357460 0.357459 0.357459 0.357460 0.357460 0.357460 0.357459 0.357459 0.357460 0.357458 0.357457 0.357459 0.357459 0.000000 0.000000
0.000000 0.000000 0.359581 0.359581 0.359579 0.359580 0.359582 0.359581 0.359581 0.359582 0.359581 0.359582 0.359581 0.359581 0.359582 0.359580 0.359579 0.359581 0.359581 0.000000 0.000000
0.000000 0.000000 0.361570 0.361570 0.361568 0.361569 0.361570 0.361570 0.361570 0.361570 0.361570 0.361570 0.361570 0.361570 0.361570 0.361569 0.361568 0.361570 0.361570 0.000000 0.000000
0.000000 0.000000 0.363475 0.363475 0.363474 0.363474 0.363476 0.363475 0.363475 0.363476 0.363476 0.363476 0.363475 0.363475 0.363476 0.363474 0.363474 0.363475 0.363475 0.000000 0.000000
0.000000 0.000000 0.365316 0.365316 0.365315 0.365315 0.365317 0.365316 0.365316 0.365317 0.365316 0.365317 0.365316 0.365316 0.365317 0.365315 0.365315 0.365316 0.365316 0.000000 0.000000
0.000000 0.000000 0.367111 0.367110 0.367109 0.367110 0.367111 0.367111 0.367111 0.367111 0.367111 0.367111 0.367111 0.367111 0.367111 0.367110 0.367109 0.367110 0.367111 0.000000 0.000000
0.000000 0.000000 0.368873 0.368873 0.368872 0.368872 0.368874 0.368873 0.368873 0.368874 0.368873 0.368874 0.368873 0.368873 0.368874 0.368872 0.368872 0.368873 0.368873 0.000000 0.000000
0.000000 0.000000 0.370604 0.370604 0.370602 0.370603 0.370604 0.370604 0.370604 0.370604 0.370604 0.370604 0.370604 0.370604 0.370604 0.370603 0.370602 0.370604 0.370604 0.000000 0.000000
0.000000 0.000000 0.372311 0.372310 0.372309 0.372310 0.372311 0.372311 0.372311 0.372311 0.372311 0.372311 0.372311 0.372311 0.372311 0.372310 0.372309 0.372310 0.372311 0.000000 0.000000
0.000000 0.000000 0.374000 0.373999 0.373998 0.373998 0.374000 0.373999 0.373999 0.374000 0.374000 0.374000 0.373999 0.373999 0.374000 0.373998 0.373998 0.373999 0.374000 0.000000 0.000000
0.000000 0.000000 0.375670 0.375670 0.375668 0.375669 0.375670 0.375670 0.375670 0.375670 0.375670 0.375670 0.375670 0.375670 0.375670 0.375669 0.375668 0.375670 0.375670 0.000000 0.000000
0.000000 0.000000 0.377360 0.377360 0.377359 0.377359 0.377361 0.377360 0.377360 0.377361 0.377360 0.377361 0.377360 0.377360 0.377361 0.377359 0.377359 0.377360 0.377360 0.000000 0.000000
0.000000 0.000000 0.350000 0.350000 0.350000 0.350000 0.350000 0.350000 0.350000 0.350000 0.350000 0.350000 0.350000 0.350000 0.350000 0.350000 0.350000 0.350000 0.350000 0.000000 0.000000
0.000000 0.000000 0.000000 0.000000 0.000000 0.000000 0.000000 0.000000 0.000000 0.000000 0.000000 0.000000 0.000000 0.000000 0.000000 0.000000 0.000000 0.000000 0.000000 0.000000 0.000000