geotop/1.0zi/1.0Montebello/Templates/testdem/maps/_Eocsand9333.asc
ncols         21
nrows         20
xllcorner     100.000000
yllcorner     100.000000
cellsize      50.000000
NODATA_value  -9999.0
0.000000 0.000000 0.000000 0.000000 0.000000 0.000000 0.000000 0.000000 0.000000 0.000000 0.000000 0.000000 0.000000 0.000000 0.000000 0.000000 0.000000 0.000000 0.000000 0.000000 0.000000
0.000000 0.000000 0.300239 0.300237 0.300237 0.300237 0.300236 0.300236 0.300236 0.300236 0.300237 0.300236 0.300236 0.300237 0.300236 0.300236 0.300238 0.300237 0.300237 0.000000 0.000000
0.000000 0.000000 0.300012 0.300013 0.300013 0.300012 0.300013 0.300013 0.300013 0.300013 0.300013 0.300013 0.300012 0.300012 0.300012 0.300012 0.300013 0.300014 0.300015 0.000000 0.000000
0.000000 0.000000 0.299852 0.299851 0.299858 0.299866 0.299865 0.299868 0.299862 0.299864 0.299864 0.299862 0.299861 0.299863 0.299858 0.299852 0.299849 0.299848 0.299848 0.000000 0.000000
0.000000 0.000000 0.297409 0.297411 0.297428 0.297455 0.297483 0.297488 0.297490 0.297491 0.297492 0.297485 0.297481 0.297480 0.297458 0.297447 0.297433 0.297423 0.297411 0.000000 0.000000
0.000000 0.000000 0.290419 0.290430 0.290467 0.290520 0.290579 0.290629 0.290628 0.290639 0.290634 0.290632 0.290622 0.290625 0.290596 0.290547 0.290521 0.290501 0.290488 0.000000 0.000000
0.000000 0.000000 0.280756 0.280775 0.280806 0.280869 0.280947 0.281053 0.281045 0.281053 0.281056 0.281054 0.281054 0.281047 0.280967 0.280904 0.280865 0.280837 0.280821 0.000000 0.000000
0.000000 0.000000 0.269307 0.269328 0.269355 0.269429 0.269510 0.269605 0.269600 0.269611 0.269616 0.269620 0.269623 0.269604 0.269529 0.269460 0.269397 0.269384 0.269354 0.000000 0.000000
0.000000 0.000000 0.256833 0.256863 0.256904 0.256958 0.257051 0.257163 0.257150 0.257171 0.257182 0.257184 0.257179 0.257181 0.257074 0.256993 0.256944 0.256924 0.256898 0.000000 0.000000
0.000000 0.000000 0.243224 0.243263 0.243294 0.243353 0.243478 0.243581 0.243575 0.243590 0.243608 0.243597 0.243581 0.243584 0.243499 0.243394 0.243336 0.243315 0.243300 0.000000 0.000000
0.000000 0.000000 0.227954 0.227982 0.228009 0.228145 0.228226 0.228361 0.228326 0.228398 0.228387 0.228395 0.228417 0.228372 0.228280 0.228215 0.228135 0.228101 0.228038 0.000000 0.000000
0.000000 0.000000 0.210387 0.210449 0.210527 0.210593 0.210711 0.210877 0.210873 0.210885 0.210855 0.210917 0.210885 0.210886 0.210721 0.210626 0.210581 0.210555 0.210420 0.000000 0.000000
0.000000 0.000000 0.190778 0.190834 0.190851 0.191002 0.191100 0.191574 0.191571 0.191595 0.191744 0.191654 0.191635 0.191589 0.191235 0.191147 0.190976 0.190962 0.190915 0.000000 0.000000
0.000000 0.000000 0.166730 0.166750 0.166884 0.166976 0.167637 0.167464 0.167591 0.167587 0.167511 0.167584 0.167594 0.167648 0.167811 0.167101 0.167055 0.166886 0.166779 0.000000 0.000000
0.000000 0.000000 0.138431 0.138515 0.138654 0.139520 0.139251 0.139752 0.139891 0.139939 0.140118 0.140193 0.140090 0.140087 0.139627 0.139868 0.138733 0.138979 0.139002 0.000000 0.000000
0.000000 0.000000 0.110203 0.110259 0.111373 0.110845 0.111023 0.111005 0.110517 0.110648 0.110392 0.110440 0.110643 0.110369 0.110484 0.110333 0.111505 0.109823 0.109848 0.000000 0.000000
0.000000 0.000000 0.081719 0.082889 0.082474 0.083015 0.083607 0.083800 0.084202 0.084107 0.084513 0.084464 0.084226 0.084472 0.084145 0.083708 0.082540 0.083463 0.082247 0.000000 0.000000
0.000000 0.000000 0.072922 0.072292 0.071560 0.071653 0.071702 0.072418 0.072338 0.072532 0.072246 0.072309 0.072332 0.072247 0.071645 0.071605 0.071474 0.072120 0.072741 0.000000 0.000000
0.000000 0.000000 0.300000 0.300000 0.300000 0.300000 0.300000 0.300000 0.300000 0.300000 0.300000 0.300000 0.300000 0.300000 0.300000 0.300000 0.300000 0.300000 0.300000 0.000000 0.000000
0.000000 0.000000 0.000000 0.000000 0.000000 0.000000 0.000000 0.000000 0.000000 0.000000 0.000000 0.000000 0.000000 0.000000 0.000000 0.000000 0.000000 0.000000 0.000000 0.000000 0.000000