geotop/1.0zi/1.0Montebello/Templates/testdem/maps/_Eocsand2775.asc
ncols         21
nrows         20
xllcorner     100.000000
yllcorner     100.000000
cellsize      50.000000
NODATA_value  -9999.0
0.000000 0.000000 0.000000 0.000000 0.000000 0.000000 0.000000 0.000000 0.000000 0.000000 0.000000 0.000000 0.000000 0.000000 0.000000 0.000000 0.000000 0.000000 0.000000 0.000000 0.000000
0.000000 0.000000 0.300083 0.300083 0.300083 0.300083 0.300083 0.300083 0.300083 0.300083 0.300085 0.300083 0.300083 0.300083 0.300083 0.300083 0.300083 0.300083 0.300083 0.000000 0.000000
0.000000 0.000000 0.300011 0.300011 0.300012 0.300011 0.300011 0.300011 0.300011 0.300011 0.300010 0.300011 0.300011 0.300011 0.300011 0.300011 0.300012 0.300011 0.300011 0.000000 0.000000
0.000000 0.000000 0.298179 0.298180 0.298184 0.298182 0.298179 0.298179 0.298179 0.298179 0.298179 0.298179 0.298179 0.298179 0.298179 0.298182 0.298184 0.298180 0.298179 0.000000 0.000000
0.000000 0.000000 0.290414 0.290415 0.290419 0.290419 0.290413 0.290415 0.290414 0.290412 0.290411 0.290412 0.290414 0.290415 0.290413 0.290419 0.290419 0.290415 0.290414 0.000000 0.000000
0.000000 0.000000 0.280974 0.280975 0.280978 0.280978 0.280973 0.280975 0.280975 0.280972 0.280972 0.280972 0.280975 0.280975 0.280973 0.280978 0.280978 0.280975 0.280974 0.000000 0.000000
0.000000 0.000000 0.272197 0.272198 0.272200 0.272200 0.272196 0.272197 0.272197 0.272195 0.272195 0.272195 0.272197 0.272197 0.272196 0.272200 0.272200 0.272198 0.272197 0.000000 0.000000
0.000000 0.000000 0.264189 0.264189 0.264192 0.264191 0.264188 0.264189 0.264189 0.264187 0.264187 0.264187 0.264189 0.264189 0.264188 0.264191 0.264192 0.264189 0.264189 0.000000 0.000000
0.000000 0.000000 0.256751 0.256752 0.256754 0.256753 0.256750 0.256751 0.256751 0.256750 0.256749 0.256750 0.256751 0.256751 0.256750 0.256753 0.256754 0.256752 0.256751 0.000000 0.000000
0.000000 0.000000 0.249710 0.249710 0.249713 0.249712 0.249709 0.249710 0.249710 0.249709 0.249708 0.249709 0.249710 0.249710 0.249709 0.249712 0.249713 0.249710 0.249710 0.000000 0.000000
0.000000 0.000000 0.242978 0.242978 0.242981 0.242980 0.242977 0.242978 0.242978 0.242977 0.242976 0.242977 0.242978 0.242978 0.242977 0.242980 0.242981 0.242978 0.242978 0.000000 0.000000
0.000000 0.000000 0.236492 0.236493 0.236495 0.236495 0.236492 0.236493 0.236493 0.236492 0.236491 0.236492 0.236493 0.236493 0.236492 0.236495 0.236495 0.236493 0.236492 0.000000 0.000000
0.000000 0.000000 0.230203 0.230203 0.230206 0.230205 0.230202 0.230203 0.230203 0.230202 0.230201 0.230202 0.230203 0.230203 0.230202 0.230205 0.230206 0.230203 0.230203 0.000000 0.000000
0.000000 0.000000 0.224076 0.224076 0.224078 0.224078 0.224075 0.224076 0.224076 0.224075 0.224074 0.224075 0.224076 0.224076 0.224075 0.224078 0.224078 0.224076 0.224076 0.000000 0.000000
0.000000 0.000000 0.218095 0.218096 0.218098 0.218097 0.218095 0.218096 0.218096 0.218095 0.218094 0.218095 0.218096 0.218096 0.218095 0.218097 0.218098 0.218096 0.218095 0.000000 0.000000
0.000000 0.000000 0.212249 0.212250 0.212252 0.212251 0.212249 0.212250 0.212249 0.212248 0.212248 0.212248 0.212249 0.212250 0.212249 0.212251 0.212252 0.212250 0.212249 0.000000 0.000000
0.000000 0.000000 0.206528 0.206529 0.206531 0.206530 0.206528 0.206529 0.206529 0.206527 0.206527 0.206527 0.206529 0.206529 0.206528 0.206530 0.206531 0.206529 0.206528 0.000000 0.000000
0.000000 0.000000 0.200848 0.200848 0.200850 0.200849 0.200847 0.200848 0.200848 0.200847 0.200846 0.200847 0.200848 0.200848 0.200847 0.200849 0.200850 0.200848 0.200848 0.000000 0.000000
0.000000 0.000000 0.300000 0.300000 0.300000 0.300000 0.300000 0.300000 0.300000 0.300000 0.300000 0.300000 0.300000 0.300000 0.300000 0.300000 0.300000 0.300000 0.300000 0.000000 0.000000
0.000000 0.000000 0.000000 0.000000 0.000000 0.000000 0.000000 0.000000 0.000000 0.000000 0.000000 0.000000 0.000000 0.000000 0.000000 0.000000 0.000000 0.000000 0.000000 0.000000 0.000000