geotop/1.0zi/1.0Montebello/Templates/testdem/maps/_Eocsand3187.asc
ncols         21
nrows         20
xllcorner     100.000000
yllcorner     100.000000
cellsize      50.000000
NODATA_value  -9999.0
0.000000 0.000000 0.000000 0.000000 0.000000 0.000000 0.000000 0.000000 0.000000 0.000000 0.000000 0.000000 0.000000 0.000000 0.000000 0.000000 0.000000 0.000000 0.000000 0.000000 0.000000
0.000000 0.000000 0.300088 0.300088 0.300088 0.300088 0.300088 0.300088 0.300088 0.300088 0.300089 0.300088 0.300088 0.300088 0.300088 0.300088 0.300088 0.300088 0.300088 0.000000 0.000000
0.000000 0.000000 0.300011 0.300011 0.300011 0.300011 0.300011 0.300011 0.300011 0.300011 0.300009 0.300011 0.300011 0.300011 0.300011 0.300011 0.300011 0.300011 0.300011 0.000000 0.000000
0.000000 0.000000 0.297434 0.297435 0.297439 0.297437 0.297434 0.297434 0.297435 0.297434 0.297433 0.297434 0.297435 0.297434 0.297434 0.297437 0.297439 0.297435 0.297434 0.000000 0.000000
0.000000 0.000000 0.287834 0.287836 0.287840 0.287839 0.287834 0.287836 0.287835 0.287833 0.287832 0.287833 0.287835 0.287836 0.287834 0.287839 0.287840 0.287836 0.287834 0.000000 0.000000
0.000000 0.000000 0.276741 0.276742 0.276746 0.276745 0.276741 0.276742 0.276742 0.276740 0.276739 0.276740 0.276742 0.276742 0.276741 0.276745 0.276746 0.276742 0.276741 0.000000 0.000000
0.000000 0.000000 0.266545 0.266546 0.266549 0.266548 0.266545 0.266546 0.266546 0.266544 0.266543 0.266544 0.266546 0.266546 0.266545 0.266548 0.266549 0.266546 0.266545 0.000000 0.000000
0.000000 0.000000 0.257300 0.257300 0.257303 0.257303 0.257299 0.257301 0.257300 0.257299 0.257298 0.257299 0.257300 0.257301 0.257299 0.257303 0.257303 0.257300 0.257300 0.000000 0.000000
0.000000 0.000000 0.248756 0.248757 0.248760 0.248759 0.248756 0.248757 0.248757 0.248756 0.248755 0.248756 0.248757 0.248757 0.248756 0.248759 0.248760 0.248757 0.248756 0.000000 0.000000
0.000000 0.000000 0.240710 0.240711 0.240714 0.240713 0.240710 0.240711 0.240711 0.240710 0.240709 0.240710 0.240711 0.240711 0.240710 0.240713 0.240714 0.240711 0.240710 0.000000 0.000000
0.000000 0.000000 0.233063 0.233064 0.233066 0.233065 0.233063 0.233064 0.233064 0.233063 0.233062 0.233063 0.233064 0.233064 0.233063 0.233065 0.233066 0.233064 0.233063 0.000000 0.000000
0.000000 0.000000 0.225740 0.225741 0.225744 0.225743 0.225740 0.225741 0.225741 0.225740 0.225739 0.225740 0.225741 0.225741 0.225740 0.225743 0.225744 0.225741 0.225740 0.000000 0.000000
0.000000 0.000000 0.218691 0.218691 0.218694 0.218693 0.218690 0.218691 0.218691 0.218690 0.218689 0.218690 0.218691 0.218691 0.218690 0.218693 0.218694 0.218691 0.218691 0.000000 0.000000
0.000000 0.000000 0.211853 0.211853 0.211855 0.211855 0.211852 0.211853 0.211853 0.211852 0.211851 0.211852 0.211853 0.211853 0.211852 0.211855 0.211855 0.211853 0.211853 0.000000 0.000000
0.000000 0.000000 0.205212 0.205213 0.205215 0.205214 0.205212 0.205213 0.205213 0.205212 0.205211 0.205212 0.205213 0.205213 0.205212 0.205214 0.205215 0.205213 0.205212 0.000000 0.000000
0.000000 0.000000 0.198757 0.198757 0.198760 0.198759 0.198757 0.198758 0.198757 0.198756 0.198756 0.198756 0.198757 0.198758 0.198757 0.198759 0.198760 0.198757 0.198757 0.000000 0.000000
0.000000 0.000000 0.192466 0.192467 0.192469 0.192468 0.192466 0.192467 0.192467 0.192466 0.192465 0.192466 0.192467 0.192467 0.192466 0.192468 0.192469 0.192467 0.192466 0.000000 0.000000
0.000000 0.000000 0.186208 0.186208 0.186210 0.186209 0.186207 0.186208 0.186208 0.186207 0.186206 0.186207 0.186208 0.186208 0.186207 0.186209 0.186210 0.186208 0.186207 0.000000 0.000000
0.000000 0.000000 0.300000 0.300000 0.300000 0.300000 0.300000 0.300000 0.300000 0.300000 0.300000 0.300000 0.300000 0.300000 0.300000 0.300000 0.300000 0.300000 0.300000 0.000000 0.000000
0.000000 0.000000 0.000000 0.000000 0.000000 0.000000 0.000000 0.000000 0.000000 0.000000 0.000000 0.000000 0.000000 0.000000 0.000000 0.000000 0.000000 0.000000 0.000000 0.000000 0.000000