geotop/1.0zi/1.0Montebello/Templates/testdem/maps/_Eocsand7215.asc
ncols         21
nrows         20
xllcorner     100.000000
yllcorner     100.000000
cellsize      50.000000
NODATA_value  -9999.0
0.000000 0.000000 0.000000 0.000000 0.000000 0.000000 0.000000 0.000000 0.000000 0.000000 0.000000 0.000000 0.000000 0.000000 0.000000 0.000000 0.000000 0.000000 0.000000 0.000000 0.000000
0.000000 0.000000 0.300180 0.300178 0.300178 0.300178 0.300177 0.300177 0.300177 0.300178 0.300179 0.300178 0.300178 0.300178 0.300178 0.300178 0.300179 0.300179 0.300179 0.000000 0.000000
0.000000 0.000000 0.300010 0.300011 0.300010 0.300009 0.300010 0.300011 0.300010 0.300010 0.300010 0.300011 0.300010 0.300010 0.300010 0.300010 0.300011 0.300011 0.300012 0.000000 0.000000
0.000000 0.000000 0.299958 0.299957 0.299962 0.299967 0.299965 0.299968 0.299963 0.299967 0.299966 0.299966 0.299966 0.299967 0.299965 0.299960 0.299959 0.299955 0.299956 0.000000 0.000000
0.000000 0.000000 0.298447 0.298443 0.298452 0.298464 0.298483 0.298492 0.298495 0.298494 0.298496 0.298495 0.298499 0.298493 0.298475 0.298470 0.298465 0.298455 0.298443 0.000000 0.000000
0.000000 0.000000 0.293961 0.293961 0.293982 0.294020 0.294049 0.294092 0.294089 0.294102 0.294094 0.294094 0.294091 0.294091 0.294072 0.294044 0.294022 0.294002 0.293989 0.000000 0.000000
0.000000 0.000000 0.287535 0.287542 0.287559 0.287603 0.287659 0.287722 0.287721 0.287730 0.287727 0.287728 0.287732 0.287726 0.287673 0.287623 0.287596 0.287571 0.287554 0.000000 0.000000
0.000000 0.000000 0.279851 0.279854 0.279867 0.279916 0.279970 0.280039 0.280038 0.280046 0.280047 0.280052 0.280056 0.280043 0.279985 0.279938 0.279894 0.279881 0.279856 0.000000 0.000000
0.000000 0.000000 0.271766 0.271780 0.271805 0.271835 0.271892 0.271966 0.271961 0.271978 0.271982 0.271986 0.271984 0.271986 0.271914 0.271855 0.271821 0.271805 0.271783 0.000000 0.000000
0.000000 0.000000 0.263393 0.263409 0.263422 0.263450 0.263531 0.263597 0.263594 0.263604 0.263614 0.263609 0.263599 0.263604 0.263544 0.263477 0.263438 0.263425 0.263409 0.000000 0.000000
0.000000 0.000000 0.254507 0.254517 0.254532 0.254594 0.254648 0.254726 0.254708 0.254750 0.254745 0.254746 0.254761 0.254734 0.254682 0.254640 0.254592 0.254565 0.254528 0.000000 0.000000
0.000000 0.000000 0.244893 0.244918 0.244948 0.244990 0.245048 0.245143 0.245143 0.245160 0.245138 0.245169 0.245163 0.245154 0.245062 0.245015 0.244982 0.244963 0.244875 0.000000 0.000000
0.000000 0.000000 0.234729 0.234755 0.234769 0.234822 0.234874 0.235094 0.235095 0.235112 0.235164 0.235140 0.235126 0.235105 0.234938 0.234890 0.234810 0.234800 0.234746 0.000000 0.000000
0.000000 0.000000 0.223228 0.223240 0.223282 0.223321 0.223569 0.223591 0.223641 0.223644 0.223641 0.223650 0.223654 0.223662 0.223659 0.223400 0.223346 0.223278 0.223214 0.000000 0.000000
0.000000 0.000000 0.210052 0.210073 0.210130 0.210419 0.210451 0.210594 0.210674 0.210692 0.210739 0.210778 0.210746 0.210756 0.210623 0.210568 0.210180 0.210223 0.210196 0.000000 0.000000
0.000000 0.000000 0.195699 0.195722 0.196129 0.196099 0.196122 0.196201 0.196074 0.196127 0.196064 0.196107 0.196163 0.196064 0.196021 0.195996 0.196175 0.195627 0.195626 0.000000 0.000000
0.000000 0.000000 0.178214 0.178836 0.178858 0.179054 0.179368 0.179471 0.179581 0.179562 0.179720 0.179720 0.179638 0.179703 0.179549 0.179316 0.178892 0.179018 0.178377 0.000000 0.000000
0.000000 0.000000 0.168364 0.167991 0.167411 0.167482 0.167567 0.168125 0.168089 0.168232 0.168051 0.168099 0.168100 0.168047 0.167557 0.167496 0.167315 0.167847 0.168193 0.000000 0.000000
0.000000 0.000000 0.300000 0.300000 0.300000 0.300000 0.300000 0.300000 0.300000 0.300000 0.300000 0.300000 0.300000 0.300000 0.300000 0.300000 0.300000 0.300000 0.300000 0.000000 0.000000
0.000000 0.000000 0.000000 0.000000 0.000000 0.000000 0.000000 0.000000 0.000000 0.000000 0.000000 0.000000 0.000000 0.000000 0.000000 0.000000 0.000000 0.000000 0.000000 0.000000 0.000000