geotop/1.0zi/1.0Montebello/Templates/testdem/maps/_Eocclay8759.asc
ncols         21
nrows         20
xllcorner     100.000000
yllcorner     100.000000
cellsize      50.000000
NODATA_value  -9999.0
0.000000 0.000000 0.000000 0.000000 0.000000 0.000000 0.000000 0.000000 0.000000 0.000000 0.000000 0.000000 0.000000 0.000000 0.000000 0.000000 0.000000 0.000000 0.000000 0.000000 0.000000
0.000000 0.000000 0.349593 0.349595 0.349595 0.349594 0.349596 0.349596 0.349595 0.349595 0.349594 0.349596 0.349595 0.349595 0.349596 0.349595 0.349593 0.349594 0.349595 0.000000 0.000000
0.000000 0.000000 0.349983 0.349982 0.349982 0.349984 0.349982 0.349982 0.349982 0.349982 0.349981 0.349981 0.349982 0.349981 0.349982 0.349983 0.349983 0.349983 0.349981 0.000000 0.000000
0.000000 0.000000 0.350022 0.350027 0.350025 0.350020 0.350021 0.350022 0.350025 0.350023 0.350026 0.350024 0.350024 0.350022 0.350025 0.350027 0.350025 0.350027 0.350025 0.000000 0.000000
0.000000 0.000000 0.351189 0.351181 0.351178 0.351169 0.351152 0.351151 0.351148 0.351149 0.351147 0.351149 0.351147 0.351149 0.351159 0.351162 0.351173 0.351173 0.351182 0.000000 0.000000
0.000000 0.000000 0.354477 0.354473 0.354454 0.354424 0.354400 0.354376 0.354379 0.354373 0.354377 0.354377 0.354383 0.354381 0.354395 0.354420 0.354432 0.354443 0.354449 0.000000 0.000000
0.000000 0.000000 0.358918 0.358910 0.358900 0.358871 0.358837 0.358789 0.358789 0.358784 0.358785 0.358786 0.358787 0.358787 0.358828 0.358858 0.358875 0.358887 0.358895 0.000000 0.000000
0.000000 0.000000 0.364175 0.364166 0.364157 0.364121 0.364086 0.364042 0.364043 0.364037 0.364037 0.364035 0.364032 0.364041 0.364079 0.364109 0.364138 0.364145 0.364159 0.000000 0.000000
0.000000 0.000000 0.369820 0.369808 0.369793 0.369769 0.369729 0.369682 0.369685 0.369675 0.369672 0.369670 0.369672 0.369670 0.369720 0.369757 0.369778 0.369786 0.369799 0.000000 0.000000
0.000000 0.000000 0.375913 0.375897 0.375888 0.375863 0.375806 0.375764 0.375764 0.375757 0.375751 0.375756 0.375762 0.375759 0.375800 0.375847 0.375872 0.375882 0.375889 0.000000 0.000000
0.000000 0.000000 0.382672 0.382662 0.382653 0.382597 0.382560 0.382505 0.382517 0.382484 0.382492 0.382488 0.382478 0.382496 0.382539 0.382568 0.382603 0.382619 0.382646 0.000000 0.000000
0.000000 0.000000 0.390325 0.390303 0.390275 0.390245 0.390194 0.390129 0.390125 0.390121 0.390135 0.390110 0.390121 0.390120 0.390194 0.390234 0.390252 0.390265 0.390327 0.000000 0.000000
0.000000 0.000000 0.398759 0.398734 0.398731 0.398673 0.398632 0.398439 0.398435 0.398425 0.398369 0.398403 0.398411 0.398428 0.398581 0.398618 0.398689 0.398695 0.398720 0.000000 0.000000
0.000000 0.000000 0.408940 0.408933 0.408887 0.408850 0.408583 0.408636 0.408581 0.408583 0.408609 0.408585 0.408581 0.408559 0.408515 0.408798 0.408824 0.408893 0.408940 0.000000 0.000000
0.000000 0.000000 0.421094 0.421062 0.421008 0.420661 0.420734 0.420557 0.420485 0.420468 0.420404 0.420370 0.420409 0.420403 0.420579 0.420521 0.420978 0.420888 0.420887 0.000000 0.000000
0.000000 0.000000 0.434164 0.434140 0.433646 0.433839 0.433779 0.433770 0.433971 0.433913 0.434023 0.433995 0.433909 0.434029 0.434009 0.434058 0.433598 0.434337 0.434326 0.000000 0.000000
0.000000 0.000000 0.449605 0.448895 0.449129 0.448823 0.448468 0.448366 0.448131 0.448188 0.447958 0.447985 0.448121 0.447978 0.448170 0.448430 0.449101 0.448590 0.449326 0.000000 0.000000
0.000000 0.000000 0.453715 0.454365 0.454889 0.454899 0.454948 0.454439 0.454541 0.454386 0.454655 0.454603 0.454556 0.454648 0.455066 0.455030 0.454979 0.454598 0.453956 0.000000 0.000000
0.000000 0.000000 0.350000 0.350000 0.350000 0.350000 0.350000 0.350000 0.350000 0.350000 0.350000 0.350000 0.350000 0.350000 0.350000 0.350000 0.350000 0.350000 0.350000 0.000000 0.000000
0.000000 0.000000 0.000000 0.000000 0.000000 0.000000 0.000000 0.000000 0.000000 0.000000 0.000000 0.000000 0.000000 0.000000 0.000000 0.000000 0.000000 0.000000 0.000000 0.000000 0.000000