geotop/1.0zi/1.0Montebello/Templates/testdem/maps/_Eocsand4948.asc
ncols         21
nrows         20
xllcorner     100.000000
yllcorner     100.000000
cellsize      50.000000
NODATA_value  -9999.0
0.000000 0.000000 0.000000 0.000000 0.000000 0.000000 0.000000 0.000000 0.000000 0.000000 0.000000 0.000000 0.000000 0.000000 0.000000 0.000000 0.000000 0.000000 0.000000 0.000000 0.000000
0.000000 0.000000 0.300121 0.300120 0.300120 0.300120 0.300120 0.300120 0.300120 0.300120 0.300120 0.300120 0.300120 0.300120 0.300120 0.300120 0.300120 0.300120 0.300121 0.000000 0.000000
0.000000 0.000000 0.300006 0.300005 0.300005 0.300005 0.300005 0.300005 0.300005 0.300005 0.300005 0.300005 0.300005 0.300005 0.300005 0.300005 0.300007 0.300007 0.300006 0.000000 0.000000
0.000000 0.000000 0.299976 0.299975 0.299977 0.299981 0.299978 0.299980 0.299978 0.299979 0.299978 0.299980 0.299980 0.299982 0.299978 0.299974 0.299975 0.299973 0.299975 0.000000 0.000000
0.000000 0.000000 0.299189 0.299187 0.299188 0.299198 0.299208 0.299214 0.299215 0.299217 0.299220 0.299216 0.299219 0.299217 0.299208 0.299208 0.299203 0.299194 0.299187 0.000000 0.000000
0.000000 0.000000 0.296539 0.296533 0.296543 0.296571 0.296582 0.296611 0.296615 0.296623 0.296615 0.296614 0.296606 0.296606 0.296599 0.296584 0.296572 0.296561 0.296552 0.000000 0.000000
0.000000 0.000000 0.292578 0.292582 0.292592 0.292622 0.292656 0.292696 0.292694 0.292701 0.292695 0.292697 0.292697 0.292692 0.292663 0.292630 0.292615 0.292600 0.292587 0.000000 0.000000
0.000000 0.000000 0.287918 0.287923 0.287926 0.287957 0.287993 0.288034 0.288031 0.288038 0.288037 0.288038 0.288040 0.288037 0.287999 0.287964 0.287945 0.287936 0.287923 0.000000 0.000000
0.000000 0.000000 0.283147 0.283156 0.283167 0.283191 0.283225 0.283271 0.283267 0.283275 0.283276 0.283274 0.283277 0.283273 0.283236 0.283196 0.283181 0.283170 0.283154 0.000000 0.000000
0.000000 0.000000 0.278371 0.278380 0.278387 0.278412 0.278452 0.278493 0.278488 0.278493 0.278494 0.278493 0.278497 0.278497 0.278456 0.278417 0.278401 0.278391 0.278378 0.000000 0.000000
0.000000 0.000000 0.273502 0.273512 0.273519 0.273538 0.273570 0.273620 0.273615 0.273625 0.273625 0.273623 0.273627 0.273626 0.273590 0.273560 0.273540 0.273529 0.273513 0.000000 0.000000
0.000000 0.000000 0.268442 0.268450 0.268463 0.268492 0.268525 0.268573 0.268574 0.268579 0.268580 0.268582 0.268583 0.268583 0.268536 0.268501 0.268482 0.268473 0.268422 0.000000 0.000000
0.000000 0.000000 0.263287 0.263297 0.263309 0.263331 0.263372 0.263475 0.263474 0.263482 0.263484 0.263483 0.263488 0.263484 0.263393 0.263351 0.263332 0.263321 0.263292 0.000000 0.000000
0.000000 0.000000 0.257786 0.257805 0.257814 0.257837 0.257949 0.257975 0.257991 0.257997 0.257996 0.257997 0.258002 0.258000 0.257971 0.257864 0.257843 0.257820 0.257802 0.000000 0.000000
0.000000 0.000000 0.251818 0.251832 0.251862 0.251960 0.252011 0.252078 0.252110 0.252120 0.252136 0.252137 0.252132 0.252140 0.252088 0.252017 0.251897 0.251901 0.251885 0.000000 0.000000
0.000000 0.000000 0.245615 0.245630 0.245752 0.245770 0.245805 0.245838 0.245838 0.245839 0.245833 0.245835 0.245851 0.245826 0.245809 0.245781 0.245785 0.245649 0.245619 0.000000 0.000000
0.000000 0.000000 0.238644 0.238810 0.238903 0.238952 0.239040 0.239086 0.239095 0.239101 0.239120 0.239120 0.239115 0.239128 0.239091 0.238994 0.238930 0.238872 0.238709 0.000000 0.000000
0.000000 0.000000 0.233315 0.233339 0.233229 0.233290 0.233361 0.233524 0.233537 0.233551 0.233544 0.233546 0.233555 0.233540 0.233391 0.233315 0.233227 0.233366 0.233315 0.000000 0.000000
0.000000 0.000000 0.300000 0.300000 0.300000 0.300000 0.300000 0.300000 0.300000 0.300000 0.300000 0.300000 0.300000 0.300000 0.300000 0.300000 0.300000 0.300000 0.300000 0.000000 0.000000
0.000000 0.000000 0.000000 0.000000 0.000000 0.000000 0.000000 0.000000 0.000000 0.000000 0.000000 0.000000 0.000000 0.000000 0.000000 0.000000 0.000000 0.000000 0.000000 0.000000 0.000000