geotop/1.0zi/1.0Montebello/Templates/testdem/maps/_Eocclay0975.asc
ncols         21
nrows         20
xllcorner     100.000000
yllcorner     100.000000
cellsize      50.000000
NODATA_value  -9999.0
0.000000 0.000000 0.000000 0.000000 0.000000 0.000000 0.000000 0.000000 0.000000 0.000000 0.000000 0.000000 0.000000 0.000000 0.000000 0.000000 0.000000 0.000000 0.000000 0.000000 0.000000
0.000000 0.000000 0.349951 0.349951 0.349951 0.349951 0.349951 0.349951 0.349951 0.349951 0.349951 0.349951 0.349951 0.349951 0.349951 0.349951 0.349951 0.349951 0.349951 0.000000 0.000000
0.000000 0.000000 0.349996 0.349996 0.349996 0.349996 0.349996 0.349996 0.349996 0.349996 0.349996 0.349996 0.349996 0.349996 0.349996 0.349996 0.349996 0.349996 0.349996 0.000000 0.000000
0.000000 0.000000 0.350426 0.350426 0.350424 0.350425 0.350426 0.350426 0.350426 0.350426 0.350427 0.350426 0.350426 0.350426 0.350426 0.350425 0.350424 0.350426 0.350426 0.000000 0.000000
0.000000 0.000000 0.351992 0.351991 0.351989 0.351989 0.351992 0.351992 0.351992 0.351992 0.351992 0.351992 0.351992 0.351992 0.351992 0.351989 0.351989 0.351991 0.351992 0.000000 0.000000
0.000000 0.000000 0.353672 0.353672 0.353670 0.353670 0.353673 0.353672 0.353672 0.353672 0.353672 0.353672 0.353672 0.353672 0.353673 0.353670 0.353670 0.353672 0.353672 0.000000 0.000000
0.000000 0.000000 0.355263 0.355263 0.355261 0.355261 0.355263 0.355263 0.355263 0.355263 0.355263 0.355263 0.355263 0.355263 0.355263 0.355261 0.355261 0.355263 0.355263 0.000000 0.000000
0.000000 0.000000 0.356726 0.356726 0.356724 0.356724 0.356726 0.356726 0.356726 0.356726 0.356726 0.356726 0.356726 0.356726 0.356726 0.356724 0.356724 0.356726 0.356726 0.000000 0.000000
0.000000 0.000000 0.358095 0.358094 0.358093 0.358093 0.358095 0.358095 0.358095 0.358095 0.358095 0.358095 0.358095 0.358095 0.358095 0.358093 0.358093 0.358094 0.358095 0.000000 0.000000
0.000000 0.000000 0.359406 0.359406 0.359405 0.359405 0.359406 0.359406 0.359406 0.359407 0.359407 0.359407 0.359406 0.359406 0.359406 0.359405 0.359405 0.359406 0.359406 0.000000 0.000000
0.000000 0.000000 0.360674 0.360673 0.360672 0.360672 0.360674 0.360673 0.360673 0.360674 0.360674 0.360674 0.360673 0.360673 0.360674 0.360672 0.360672 0.360673 0.360674 0.000000 0.000000
0.000000 0.000000 0.361909 0.361909 0.361908 0.361908 0.361909 0.361909 0.361909 0.361909 0.361909 0.361909 0.361909 0.361909 0.361909 0.361908 0.361908 0.361909 0.361909 0.000000 0.000000
0.000000 0.000000 0.363122 0.363121 0.363120 0.363120 0.363122 0.363122 0.363122 0.363122 0.363122 0.363122 0.363122 0.363122 0.363122 0.363120 0.363120 0.363121 0.363122 0.000000 0.000000
0.000000 0.000000 0.364316 0.364315 0.364314 0.364314 0.364316 0.364316 0.364316 0.364316 0.364316 0.364316 0.364316 0.364316 0.364316 0.364314 0.364314 0.364315 0.364316 0.000000 0.000000
0.000000 0.000000 0.365500 0.365500 0.365499 0.365499 0.365500 0.365500 0.365500 0.365500 0.365500 0.365500 0.365500 0.365500 0.365500 0.365499 0.365499 0.365500 0.365500 0.000000 0.000000
0.000000 0.000000 0.366678 0.366677 0.366676 0.366676 0.366678 0.366678 0.366678 0.366678 0.366678 0.366678 0.366678 0.366678 0.366678 0.366676 0.366676 0.366677 0.366678 0.000000 0.000000
0.000000 0.000000 0.367843 0.367843 0.367842 0.367842 0.367843 0.367843 0.367843 0.367843 0.367843 0.367843 0.367843 0.367843 0.367843 0.367842 0.367842 0.367843 0.367843 0.000000 0.000000
0.000000 0.000000 0.369038 0.369038 0.369036 0.369037 0.369038 0.369038 0.369038 0.369038 0.369038 0.369038 0.369038 0.369038 0.369038 0.369037 0.369036 0.369038 0.369038 0.000000 0.000000
0.000000 0.000000 0.350000 0.350000 0.350000 0.350000 0.350000 0.350000 0.350000 0.350000 0.350000 0.350000 0.350000 0.350000 0.350000 0.350000 0.350000 0.350000 0.350000 0.000000 0.000000
0.000000 0.000000 0.000000 0.000000 0.000000 0.000000 0.000000 0.000000 0.000000 0.000000 0.000000 0.000000 0.000000 0.000000 0.000000 0.000000 0.000000 0.000000 0.000000 0.000000 0.000000