geotop/1.0zi/1.0Montebello/Templates/testdem/maps/_Eocsilt9493.asc
ncols         21
nrows         20
xllcorner     100.000000
yllcorner     100.000000
cellsize      50.000000
NODATA_value  -9999.0
0.000000 0.000000 0.000000 0.000000 0.000000 0.000000 0.000000 0.000000 0.000000 0.000000 0.000000 0.000000 0.000000 0.000000 0.000000 0.000000 0.000000 0.000000 0.000000 0.000000 0.000000
0.000000 0.000000 0.350204 0.350203 0.350204 0.350204 0.350203 0.350203 0.350203 0.350203 0.350203 0.350203 0.350203 0.350203 0.350203 0.350203 0.350204 0.350204 0.350203 0.000000 0.000000
0.000000 0.000000 0.350008 0.350008 0.350008 0.350007 0.350008 0.350008 0.350008 0.350008 0.350008 0.350008 0.350009 0.350009 0.350008 0.350007 0.350006 0.350006 0.350007 0.000000 0.000000
0.000000 0.000000 0.350145 0.350142 0.350136 0.350131 0.350131 0.350125 0.350129 0.350129 0.350126 0.350130 0.350131 0.350130 0.350133 0.350137 0.350142 0.350143 0.350145 0.000000 0.000000
0.000000 0.000000 0.351424 0.351429 0.351419 0.351402 0.351392 0.351386 0.351389 0.351386 0.351386 0.351389 0.351394 0.351392 0.351406 0.351413 0.351417 0.351423 0.351426 0.000000 0.000000
0.000000 0.000000 0.354933 0.354928 0.354913 0.354893 0.354861 0.354837 0.354835 0.354830 0.354833 0.354835 0.354839 0.354837 0.354853 0.354874 0.354885 0.354893 0.354900 0.000000 0.000000
0.000000 0.000000 0.359886 0.359877 0.359860 0.359827 0.359786 0.359734 0.359739 0.359736 0.359734 0.359734 0.359732 0.359738 0.359777 0.359808 0.359829 0.359844 0.359852 0.000000 0.000000
0.000000 0.000000 0.365750 0.365740 0.365727 0.365690 0.365649 0.365601 0.365604 0.365599 0.365596 0.365594 0.365593 0.365601 0.365639 0.365675 0.365707 0.365713 0.365728 0.000000 0.000000
0.000000 0.000000 0.372189 0.372173 0.372152 0.372124 0.372076 0.372018 0.372025 0.372014 0.372009 0.372008 0.372011 0.372010 0.372065 0.372106 0.372132 0.372143 0.372156 0.000000 0.000000
0.000000 0.000000 0.379227 0.379208 0.379191 0.379161 0.379097 0.379044 0.379047 0.379040 0.379031 0.379037 0.379044 0.379043 0.379087 0.379141 0.379170 0.379181 0.379188 0.000000 0.000000
0.000000 0.000000 0.387139 0.387126 0.387112 0.387041 0.387000 0.386930 0.386949 0.386912 0.386918 0.386914 0.386902 0.386925 0.386973 0.387006 0.387047 0.387064 0.387097 0.000000 0.000000
0.000000 0.000000 0.396288 0.396256 0.396215 0.396183 0.396121 0.396034 0.396036 0.396032 0.396047 0.396016 0.396033 0.396032 0.396118 0.396167 0.396189 0.396203 0.396273 0.000000 0.000000
0.000000 0.000000 0.406518 0.406490 0.406482 0.406403 0.406353 0.406102 0.406104 0.406092 0.406012 0.406061 0.406071 0.406095 0.406281 0.406327 0.406417 0.406424 0.406446 0.000000 0.000000
0.000000 0.000000 0.419064 0.419056 0.418984 0.418940 0.418589 0.418690 0.418624 0.418627 0.418672 0.418631 0.418625 0.418595 0.418500 0.418878 0.418897 0.418987 0.419043 0.000000 0.000000
0.000000 0.000000 0.433525 0.433484 0.433415 0.432969 0.433124 0.432856 0.432791 0.432766 0.432671 0.432635 0.432688 0.432692 0.432936 0.432794 0.433380 0.433249 0.433234 0.000000 0.000000
0.000000 0.000000 0.447129 0.447105 0.446582 0.446839 0.446753 0.446767 0.446998 0.446937 0.447060 0.447039 0.446943 0.447070 0.447011 0.447085 0.446521 0.447314 0.447304 0.000000 0.000000
0.000000 0.000000 0.459425 0.458994 0.459117 0.458928 0.458704 0.458629 0.458491 0.458523 0.458377 0.458394 0.458479 0.458394 0.458515 0.458683 0.459090 0.458792 0.459242 0.000000 0.000000
0.000000 0.000000 0.464343 0.464395 0.464646 0.464560 0.464480 0.464250 0.464235 0.464188 0.464231 0.464217 0.464234 0.464235 0.464443 0.464504 0.464662 0.464386 0.464340 0.000000 0.000000
0.000000 0.000000 0.350000 0.350000 0.350000 0.350000 0.350000 0.350000 0.350000 0.350000 0.350000 0.350000 0.350000 0.350000 0.350000 0.350000 0.350000 0.350000 0.350000 0.000000 0.000000
0.000000 0.000000 0.000000 0.000000 0.000000 0.000000 0.000000 0.000000 0.000000 0.000000 0.000000 0.000000 0.000000 0.000000 0.000000 0.000000 0.000000 0.000000 0.000000 0.000000 0.000000