geotop/1.0zi/1.0Montebello/Templates/testdem/maps/_Eocsand5086.asc
ncols         21
nrows         20
xllcorner     100.000000
yllcorner     100.000000
cellsize      50.000000
NODATA_value  -9999.0
0.000000 0.000000 0.000000 0.000000 0.000000 0.000000 0.000000 0.000000 0.000000 0.000000 0.000000 0.000000 0.000000 0.000000 0.000000 0.000000 0.000000 0.000000 0.000000 0.000000 0.000000
0.000000 0.000000 0.300124 0.300123 0.300123 0.300123 0.300123 0.300122 0.300123 0.300123 0.300123 0.300123 0.300123 0.300123 0.300123 0.300123 0.300123 0.300123 0.300123 0.000000 0.000000
0.000000 0.000000 0.300008 0.300007 0.300007 0.300007 0.300007 0.300007 0.300006 0.300007 0.300007 0.300007 0.300006 0.300006 0.300007 0.300007 0.300008 0.300009 0.300008 0.000000 0.000000
0.000000 0.000000 0.299974 0.299973 0.299975 0.299979 0.299976 0.299978 0.299976 0.299977 0.299976 0.299978 0.299978 0.299980 0.299976 0.299972 0.299973 0.299970 0.299973 0.000000 0.000000
0.000000 0.000000 0.299191 0.299189 0.299190 0.299200 0.299211 0.299216 0.299217 0.299219 0.299223 0.299219 0.299222 0.299220 0.299211 0.299211 0.299205 0.299197 0.299190 0.000000 0.000000
0.000000 0.000000 0.296538 0.296533 0.296543 0.296570 0.296582 0.296610 0.296614 0.296622 0.296615 0.296613 0.296606 0.296606 0.296599 0.296583 0.296571 0.296560 0.296551 0.000000 0.000000
0.000000 0.000000 0.292527 0.292530 0.292540 0.292569 0.292604 0.292644 0.292644 0.292650 0.292644 0.292646 0.292646 0.292641 0.292612 0.292579 0.292563 0.292548 0.292535 0.000000 0.000000
0.000000 0.000000 0.287685 0.287688 0.287690 0.287722 0.287758 0.287801 0.287800 0.287805 0.287805 0.287805 0.287807 0.287804 0.287767 0.287732 0.287711 0.287702 0.287687 0.000000 0.000000
0.000000 0.000000 0.282718 0.282724 0.282734 0.282760 0.282794 0.282841 0.282839 0.282847 0.282848 0.282845 0.282847 0.282844 0.282808 0.282768 0.282751 0.282739 0.282721 0.000000 0.000000
0.000000 0.000000 0.277754 0.277760 0.277766 0.277786 0.277827 0.277871 0.277867 0.277872 0.277873 0.277872 0.277875 0.277875 0.277831 0.277795 0.277784 0.277772 0.277759 0.000000 0.000000
0.000000 0.000000 0.272681 0.272688 0.272691 0.272721 0.272753 0.272803 0.272800 0.272809 0.272810 0.272807 0.272811 0.272810 0.272774 0.272743 0.272718 0.272706 0.272689 0.000000 0.000000
0.000000 0.000000 0.267411 0.267416 0.267424 0.267454 0.267487 0.267538 0.267540 0.267545 0.267546 0.267547 0.267548 0.267548 0.267500 0.267466 0.267450 0.267440 0.267387 0.000000 0.000000
0.000000 0.000000 0.262047 0.262054 0.262064 0.262088 0.262129 0.262237 0.262237 0.262245 0.262247 0.262245 0.262250 0.262246 0.262153 0.262111 0.262091 0.262080 0.262049 0.000000 0.000000
0.000000 0.000000 0.256302 0.256318 0.256324 0.256349 0.256462 0.256490 0.256508 0.256514 0.256514 0.256513 0.256519 0.256517 0.256489 0.256380 0.256359 0.256334 0.256314 0.000000 0.000000
0.000000 0.000000 0.250064 0.250075 0.250103 0.250207 0.250257 0.250327 0.250361 0.250370 0.250387 0.250388 0.250382 0.250390 0.250338 0.250269 0.250143 0.250148 0.250130 0.000000 0.000000
0.000000 0.000000 0.243558 0.243570 0.243695 0.243726 0.243758 0.243794 0.243795 0.243796 0.243789 0.243791 0.243807 0.243780 0.243762 0.243736 0.243734 0.243589 0.243556 0.000000 0.000000
0.000000 0.000000 0.236239 0.236411 0.236506 0.236557 0.236650 0.236701 0.236713 0.236718 0.236739 0.236738 0.236732 0.236746 0.236707 0.236605 0.236536 0.236478 0.236302 0.000000 0.000000
0.000000 0.000000 0.230678 0.230694 0.230567 0.230629 0.230699 0.230873 0.230889 0.230903 0.230894 0.230896 0.230905 0.230888 0.230731 0.230658 0.230571 0.230722 0.230670 0.000000 0.000000
0.000000 0.000000 0.300000 0.300000 0.300000 0.300000 0.300000 0.300000 0.300000 0.300000 0.300000 0.300000 0.300000 0.300000 0.300000 0.300000 0.300000 0.300000 0.300000 0.000000 0.000000
0.000000 0.000000 0.000000 0.000000 0.000000 0.000000 0.000000 0.000000 0.000000 0.000000 0.000000 0.000000 0.000000 0.000000 0.000000 0.000000 0.000000 0.000000 0.000000 0.000000 0.000000