geotop/1.0zi/1.0Montebello/Templates/testdem/maps/_Eocsand6177.asc
ncols         21
nrows         20
xllcorner     100.000000
yllcorner     100.000000
cellsize      50.000000
NODATA_value  -9999.0
0.000000 0.000000 0.000000 0.000000 0.000000 0.000000 0.000000 0.000000 0.000000 0.000000 0.000000 0.000000 0.000000 0.000000 0.000000 0.000000 0.000000 0.000000 0.000000 0.000000 0.000000
0.000000 0.000000 0.300151 0.300151 0.300151 0.300151 0.300150 0.300150 0.300151 0.300151 0.300152 0.300151 0.300151 0.300151 0.300150 0.300151 0.300152 0.300152 0.300151 0.000000 0.000000
0.000000 0.000000 0.300009 0.300008 0.300008 0.300007 0.300008 0.300008 0.300008 0.300008 0.300008 0.300008 0.300007 0.300008 0.300008 0.300008 0.300009 0.300009 0.300010 0.000000 0.000000
0.000000 0.000000 0.299971 0.299969 0.299972 0.299977 0.299974 0.299976 0.299972 0.299975 0.299972 0.299975 0.299974 0.299975 0.299973 0.299968 0.299969 0.299965 0.299967 0.000000 0.000000
0.000000 0.000000 0.298943 0.298941 0.298944 0.298950 0.298965 0.298973 0.298974 0.298974 0.298978 0.298978 0.298980 0.298978 0.298966 0.298964 0.298960 0.298949 0.298939 0.000000 0.000000
0.000000 0.000000 0.295644 0.295641 0.295653 0.295688 0.295705 0.295741 0.295742 0.295751 0.295743 0.295740 0.295735 0.295739 0.295729 0.295708 0.295691 0.295676 0.295666 0.000000 0.000000
0.000000 0.000000 0.290616 0.290621 0.290631 0.290668 0.290712 0.290764 0.290764 0.290771 0.290767 0.290766 0.290768 0.290766 0.290725 0.290683 0.290663 0.290644 0.290629 0.000000 0.000000
0.000000 0.000000 0.284493 0.284493 0.284498 0.284538 0.284581 0.284639 0.284638 0.284644 0.284644 0.284646 0.284649 0.284641 0.284595 0.284554 0.284522 0.284513 0.284492 0.000000 0.000000
0.000000 0.000000 0.278130 0.278139 0.278156 0.278180 0.278223 0.278284 0.278281 0.278292 0.278298 0.278295 0.278295 0.278299 0.278241 0.278197 0.278167 0.278157 0.278139 0.000000 0.000000
0.000000 0.000000 0.271673 0.271684 0.271691 0.271709 0.271770 0.271826 0.271822 0.271830 0.271838 0.271831 0.271823 0.271829 0.271783 0.271730 0.271700 0.271694 0.271680 0.000000 0.000000
0.000000 0.000000 0.264967 0.264974 0.264978 0.265024 0.265065 0.265126 0.265114 0.265143 0.265142 0.265140 0.265149 0.265132 0.265093 0.265059 0.265025 0.265006 0.264978 0.000000 0.000000
0.000000 0.000000 0.257876 0.257892 0.257912 0.257943 0.257981 0.258054 0.258053 0.258069 0.258052 0.258070 0.258067 0.258061 0.257993 0.257960 0.257935 0.257925 0.257855 0.000000 0.000000
0.000000 0.000000 0.250542 0.250556 0.250564 0.250601 0.250636 0.250789 0.250790 0.250803 0.250836 0.250819 0.250807 0.250795 0.250680 0.250649 0.250594 0.250588 0.250540 0.000000 0.000000
0.000000 0.000000 0.242505 0.242515 0.242537 0.242561 0.242715 0.242749 0.242784 0.242786 0.242796 0.242793 0.242792 0.242797 0.242778 0.242623 0.242577 0.242538 0.242488 0.000000 0.000000
0.000000 0.000000 0.233575 0.233588 0.233623 0.233787 0.233830 0.233922 0.233980 0.233990 0.234020 0.234038 0.234019 0.234030 0.233957 0.233889 0.233658 0.233678 0.233648 0.000000 0.000000
0.000000 0.000000 0.224048 0.224060 0.224280 0.224307 0.224318 0.224373 0.224324 0.224350 0.224329 0.224352 0.224379 0.224333 0.224298 0.224278 0.224312 0.224028 0.224021 0.000000 0.000000
0.000000 0.000000 0.212980 0.213288 0.213372 0.213460 0.213604 0.213675 0.213707 0.213708 0.213777 0.213784 0.213753 0.213768 0.213683 0.213572 0.213393 0.213358 0.213044 0.000000 0.000000
0.000000 0.000000 0.205234 0.205182 0.204901 0.204968 0.205065 0.205346 0.205349 0.205414 0.205363 0.205380 0.205365 0.205354 0.205097 0.205023 0.204855 0.205142 0.205175 0.000000 0.000000
0.000000 0.000000 0.300000 0.300000 0.300000 0.300000 0.300000 0.300000 0.300000 0.300000 0.300000 0.300000 0.300000 0.300000 0.300000 0.300000 0.300000 0.300000 0.300000 0.000000 0.000000
0.000000 0.000000 0.000000 0.000000 0.000000 0.000000 0.000000 0.000000 0.000000 0.000000 0.000000 0.000000 0.000000 0.000000 0.000000 0.000000 0.000000 0.000000 0.000000 0.000000 0.000000