geotop/1.0zi/1.0Montebello/Templates/testdem/maps/_Eocsand142L.asc
ncols         21
nrows         20
xllcorner     100.000000
yllcorner     100.000000
cellsize      50.000000
NODATA_value  -9999.0
0.000000 0.000000 0.000000 0.000000 0.000000 0.000000 0.000000 0.000000 0.000000 0.000000 0.000000 0.000000 0.000000 0.000000 0.000000 0.000000 0.000000 0.000000 0.000000 0.000000 0.000000
0.000000 0.000000 0.300294 0.300291 0.300291 0.300292 0.300291 0.300290 0.300291 0.300290 0.300292 0.300291 0.300291 0.300291 0.300291 0.300291 0.300292 0.300291 0.300291 0.000000 0.000000
0.000000 0.000000 0.300011 0.300013 0.300014 0.300011 0.300013 0.300014 0.300013 0.300013 0.300013 0.300012 0.300012 0.300013 0.300012 0.300013 0.300014 0.300014 0.300013 0.000000 0.000000
0.000000 0.000000 0.299626 0.299616 0.299631 0.299639 0.299634 0.299645 0.299642 0.299641 0.299645 0.299643 0.299643 0.299638 0.299640 0.299632 0.299628 0.299624 0.299624 0.000000 0.000000
0.000000 0.000000 0.295645 0.295655 0.295674 0.295708 0.295745 0.295758 0.295762 0.295765 0.295773 0.295762 0.295755 0.295760 0.295737 0.295718 0.295699 0.295681 0.295666 0.000000 0.000000
0.000000 0.000000 0.285711 0.285725 0.285769 0.285846 0.285920 0.285986 0.285987 0.286000 0.286010 0.286007 0.285994 0.286002 0.285965 0.285897 0.285865 0.285833 0.285822 0.000000 0.000000
0.000000 0.000000 0.272134 0.272159 0.272204 0.272295 0.272390 0.272533 0.272540 0.272551 0.272569 0.272567 0.272569 0.272566 0.272459 0.272375 0.272324 0.272280 0.272266 0.000000 0.000000
0.000000 0.000000 0.255701 0.255732 0.255779 0.255903 0.256009 0.256146 0.256160 0.256174 0.256196 0.256199 0.256206 0.256187 0.256089 0.255993 0.255909 0.255884 0.255853 0.000000 0.000000
0.000000 0.000000 0.236887 0.236934 0.237010 0.237108 0.237233 0.237405 0.237410 0.237439 0.237467 0.237472 0.237467 0.237478 0.237331 0.237210 0.237143 0.237105 0.237078 0.000000 0.000000
0.000000 0.000000 0.214941 0.215017 0.215089 0.215195 0.215345 0.215528 0.215554 0.215570 0.215617 0.215603 0.215575 0.215586 0.215470 0.215308 0.215221 0.215177 0.215168 0.000000 0.000000
0.000000 0.000000 0.188397 0.188471 0.188534 0.188804 0.188864 0.189131 0.189090 0.189221 0.189212 0.189235 0.189287 0.189213 0.189071 0.188970 0.188839 0.188783 0.188671 0.000000 0.000000
0.000000 0.000000 0.155758 0.155920 0.156113 0.156205 0.156345 0.156697 0.156758 0.156728 0.156716 0.156823 0.156765 0.156805 0.156513 0.156318 0.156265 0.156208 0.155991 0.000000 0.000000
0.000000 0.000000 0.119863 0.119997 0.120011 0.120286 0.120450 0.121391 0.121452 0.121514 0.121902 0.121627 0.121641 0.121550 0.120891 0.120758 0.120398 0.120349 0.120406 0.000000 0.000000
0.000000 0.000000 0.083382 0.083401 0.083671 0.083766 0.084734 0.084161 0.084389 0.084380 0.084167 0.084376 0.084402 0.084540 0.085020 0.083926 0.083973 0.083719 0.083588 0.000000 0.000000
0.000000 0.000000 0.059561 0.059612 0.059719 0.060231 0.060101 0.060380 0.060464 0.060497 0.060609 0.060655 0.060599 0.060606 0.060358 0.060494 0.059838 0.059966 0.059988 0.000000 0.000000
0.000000 0.000000 0.045054 0.045093 0.045301 0.045495 0.045420 0.045577 0.045546 0.045583 0.045608 0.045636 0.045639 0.045601 0.045482 0.045558 0.045385 0.045222 0.045242 0.000000 0.000000
0.000000 0.000000 0.034964 0.035039 0.035196 0.035298 0.035281 0.035378 0.035349 0.035371 0.035388 0.035404 0.035407 0.035382 0.035312 0.035337 0.035258 0.035117 0.035080 0.000000 0.000000
0.000000 0.000000 0.028050 0.028083 0.028200 0.028234 0.028228 0.028300 0.028258 0.028280 0.028271 0.028284 0.028296 0.028269 0.028220 0.028236 0.028247 0.028109 0.028101 0.000000 0.000000
0.000000 0.000000 0.300000 0.300000 0.300000 0.300000 0.300000 0.300000 0.300000 0.300000 0.300000 0.300000 0.300000 0.300000 0.300000 0.300000 0.300000 0.300000 0.300000 0.000000 0.000000
0.000000 0.000000 0.000000 0.000000 0.000000 0.000000 0.000000 0.000000 0.000000 0.000000 0.000000 0.000000 0.000000 0.000000 0.000000 0.000000 0.000000 0.000000 0.000000 0.000000 0.000000