geotop/1.0zi/1.0Montebello/Templates/testdem/maps/_Eocsilt9376.asc
ncols         21
nrows         20
xllcorner     100.000000
yllcorner     100.000000
cellsize      50.000000
NODATA_value  -9999.0
0.000000 0.000000 0.000000 0.000000 0.000000 0.000000 0.000000 0.000000 0.000000 0.000000 0.000000 0.000000 0.000000 0.000000 0.000000 0.000000 0.000000 0.000000 0.000000 0.000000 0.000000
0.000000 0.000000 0.350199 0.350198 0.350199 0.350199 0.350198 0.350198 0.350199 0.350198 0.350199 0.350198 0.350198 0.350198 0.350198 0.350199 0.350199 0.350199 0.350198 0.000000 0.000000
0.000000 0.000000 0.350008 0.350007 0.350008 0.350007 0.350008 0.350008 0.350008 0.350008 0.350008 0.350008 0.350009 0.350009 0.350008 0.350007 0.350006 0.350006 0.350007 0.000000 0.000000
0.000000 0.000000 0.350124 0.350120 0.350115 0.350110 0.350110 0.350105 0.350108 0.350108 0.350105 0.350109 0.350110 0.350110 0.350112 0.350116 0.350121 0.350121 0.350124 0.000000 0.000000
0.000000 0.000000 0.351315 0.351320 0.351309 0.351292 0.351282 0.351278 0.351280 0.351277 0.351278 0.351280 0.351285 0.351283 0.351297 0.351303 0.351307 0.351313 0.351316 0.000000 0.000000
0.000000 0.000000 0.354700 0.354695 0.354681 0.354660 0.354629 0.354606 0.354604 0.354598 0.354602 0.354603 0.354608 0.354606 0.354621 0.354641 0.354653 0.354660 0.354668 0.000000 0.000000
0.000000 0.000000 0.359513 0.359503 0.359487 0.359454 0.359414 0.359364 0.359368 0.359365 0.359364 0.359363 0.359361 0.359367 0.359405 0.359436 0.359456 0.359471 0.359479 0.000000 0.000000
0.000000 0.000000 0.365207 0.365197 0.365184 0.365148 0.365107 0.365062 0.365064 0.365059 0.365056 0.365054 0.365052 0.365061 0.365098 0.365133 0.365165 0.365170 0.365185 0.000000 0.000000
0.000000 0.000000 0.371439 0.371423 0.371403 0.371376 0.371329 0.371273 0.371279 0.371268 0.371263 0.371262 0.371265 0.371264 0.371318 0.371358 0.371383 0.371394 0.371407 0.000000 0.000000
0.000000 0.000000 0.378220 0.378201 0.378185 0.378156 0.378094 0.378043 0.378046 0.378038 0.378029 0.378035 0.378042 0.378041 0.378083 0.378136 0.378165 0.378175 0.378182 0.000000 0.000000
0.000000 0.000000 0.385803 0.385789 0.385776 0.385708 0.385668 0.385601 0.385618 0.385582 0.385588 0.385584 0.385573 0.385595 0.385641 0.385674 0.385713 0.385730 0.385762 0.000000 0.000000
0.000000 0.000000 0.394523 0.394491 0.394453 0.394420 0.394362 0.394279 0.394281 0.394275 0.394290 0.394260 0.394276 0.394276 0.394357 0.394405 0.394427 0.394440 0.394507 0.000000 0.000000
0.000000 0.000000 0.404237 0.404209 0.404200 0.404126 0.404077 0.403843 0.403844 0.403832 0.403759 0.403803 0.403812 0.403835 0.404010 0.404054 0.404139 0.404146 0.404169 0.000000 0.000000
0.000000 0.000000 0.416109 0.416099 0.416033 0.415988 0.415662 0.415747 0.415685 0.415687 0.415724 0.415689 0.415684 0.415657 0.415577 0.415926 0.415949 0.416032 0.416085 0.000000 0.000000
0.000000 0.000000 0.429969 0.429929 0.429861 0.429440 0.429570 0.429325 0.429258 0.429235 0.429148 0.429111 0.429161 0.429164 0.429388 0.429271 0.429823 0.429704 0.429693 0.000000 0.000000
0.000000 0.000000 0.443573 0.443546 0.443021 0.443266 0.443181 0.443188 0.443416 0.443354 0.443475 0.443452 0.443357 0.443486 0.443433 0.443506 0.442959 0.443750 0.443739 0.000000 0.000000
0.000000 0.000000 0.456773 0.456267 0.456430 0.456201 0.455942 0.455857 0.455688 0.455727 0.455553 0.455574 0.455675 0.455572 0.455714 0.455906 0.456400 0.456024 0.456550 0.000000 0.000000
0.000000 0.000000 0.461408 0.461588 0.461891 0.461825 0.461771 0.461479 0.461491 0.461420 0.461512 0.461489 0.461492 0.461514 0.461767 0.461808 0.461920 0.461626 0.461451 0.000000 0.000000
0.000000 0.000000 0.350000 0.350000 0.350000 0.350000 0.350000 0.350000 0.350000 0.350000 0.350000 0.350000 0.350000 0.350000 0.350000 0.350000 0.350000 0.350000 0.350000 0.000000 0.000000
0.000000 0.000000 0.000000 0.000000 0.000000 0.000000 0.000000 0.000000 0.000000 0.000000 0.000000 0.000000 0.000000 0.000000 0.000000 0.000000 0.000000 0.000000 0.000000 0.000000 0.000000