geotop/1.0zi/1.0Montebello/Templates/testdem/maps/_Eocclay8600.asc
ncols         21
nrows         20
xllcorner     100.000000
yllcorner     100.000000
cellsize      50.000000
NODATA_value  -9999.0
0.000000 0.000000 0.000000 0.000000 0.000000 0.000000 0.000000 0.000000 0.000000 0.000000 0.000000 0.000000 0.000000 0.000000 0.000000 0.000000 0.000000 0.000000 0.000000 0.000000 0.000000
0.000000 0.000000 0.349606 0.349608 0.349608 0.349607 0.349609 0.349609 0.349609 0.349609 0.349608 0.349609 0.349609 0.349609 0.349609 0.349609 0.349607 0.349607 0.349608 0.000000 0.000000
0.000000 0.000000 0.349982 0.349981 0.349981 0.349984 0.349981 0.349981 0.349981 0.349981 0.349981 0.349981 0.349981 0.349981 0.349982 0.349982 0.349983 0.349982 0.349980 0.000000 0.000000
0.000000 0.000000 0.350004 0.350009 0.350006 0.350004 0.350007 0.350004 0.350006 0.350003 0.350006 0.350004 0.350004 0.350003 0.350006 0.350007 0.350006 0.350009 0.350006 0.000000 0.000000
0.000000 0.000000 0.351054 0.351047 0.351045 0.351038 0.351021 0.351020 0.351017 0.351018 0.351016 0.351018 0.351016 0.351018 0.351027 0.351029 0.351039 0.351042 0.351051 0.000000 0.000000
0.000000 0.000000 0.354169 0.354166 0.354149 0.354118 0.354100 0.354075 0.354077 0.354070 0.354075 0.354075 0.354080 0.354079 0.354091 0.354112 0.354128 0.354141 0.354147 0.000000 0.000000
0.000000 0.000000 0.358424 0.358417 0.358408 0.358381 0.358347 0.358305 0.358304 0.358299 0.358300 0.358302 0.358303 0.358303 0.358339 0.358370 0.358387 0.358400 0.358408 0.000000 0.000000
0.000000 0.000000 0.363466 0.363460 0.363452 0.363418 0.363386 0.363341 0.363341 0.363334 0.363335 0.363333 0.363330 0.363339 0.363377 0.363404 0.363432 0.363441 0.363455 0.000000 0.000000
0.000000 0.000000 0.368869 0.368858 0.368843 0.368822 0.368785 0.368738 0.368742 0.368731 0.368729 0.368728 0.368729 0.368728 0.368773 0.368810 0.368831 0.368841 0.368853 0.000000 0.000000
0.000000 0.000000 0.374657 0.374644 0.374636 0.374614 0.374560 0.374518 0.374518 0.374513 0.374506 0.374511 0.374518 0.374515 0.374554 0.374598 0.374624 0.374633 0.374641 0.000000 0.000000
0.000000 0.000000 0.381041 0.381034 0.381024 0.380974 0.380939 0.380884 0.380898 0.380867 0.380874 0.380872 0.380862 0.380880 0.380919 0.380944 0.380980 0.380998 0.381022 0.000000 0.000000
0.000000 0.000000 0.388214 0.388191 0.388169 0.388142 0.388095 0.388032 0.388026 0.388021 0.388035 0.388012 0.388022 0.388022 0.388091 0.388128 0.388150 0.388164 0.388221 0.000000 0.000000
0.000000 0.000000 0.396076 0.396052 0.396050 0.395999 0.395963 0.395784 0.395780 0.395772 0.395721 0.395752 0.395760 0.395776 0.395914 0.395947 0.396017 0.396022 0.396049 0.000000 0.000000
0.000000 0.000000 0.405460 0.405454 0.405415 0.405382 0.405147 0.405178 0.405131 0.405132 0.405152 0.405133 0.405129 0.405112 0.405082 0.405329 0.405360 0.405424 0.405467 0.000000 0.000000
0.000000 0.000000 0.416655 0.416629 0.416581 0.416276 0.416322 0.416166 0.416101 0.416085 0.416030 0.415999 0.416033 0.416027 0.416181 0.416148 0.416552 0.416481 0.416484 0.000000 0.000000
0.000000 0.000000 0.428879 0.428857 0.428415 0.428566 0.428521 0.428496 0.428671 0.428619 0.428714 0.428687 0.428612 0.428720 0.428715 0.428746 0.428375 0.429029 0.429019 0.000000 0.000000
0.000000 0.000000 0.443798 0.443122 0.443312 0.443036 0.442698 0.442595 0.442391 0.442439 0.442228 0.442253 0.442376 0.442249 0.442428 0.442676 0.443288 0.442848 0.443551 0.000000 0.000000
0.000000 0.000000 0.448252 0.448897 0.449426 0.449438 0.449486 0.448967 0.449068 0.448912 0.449178 0.449127 0.449081 0.449172 0.449600 0.449564 0.449525 0.449133 0.448496 0.000000 0.000000
0.000000 0.000000 0.350000 0.350000 0.350000 0.350000 0.350000 0.350000 0.350000 0.350000 0.350000 0.350000 0.350000 0.350000 0.350000 0.350000 0.350000 0.350000 0.350000 0.000000 0.000000
0.000000 0.000000 0.000000 0.000000 0.000000 0.000000 0.000000 0.000000 0.000000 0.000000 0.000000 0.000000 0.000000 0.000000 0.000000 0.000000 0.000000 0.000000 0.000000 0.000000 0.000000