geotop/1.0zi/1.0Montebello/Templates/testdem/maps/_Eocsand9903.asc
ncols         21
nrows         20
xllcorner     100.000000
yllcorner     100.000000
cellsize      50.000000
NODATA_value  -9999.0
0.000000 0.000000 0.000000 0.000000 0.000000 0.000000 0.000000 0.000000 0.000000 0.000000 0.000000 0.000000 0.000000 0.000000 0.000000 0.000000 0.000000 0.000000 0.000000 0.000000 0.000000
0.000000 0.000000 0.300245 0.300242 0.300242 0.300243 0.300242 0.300242 0.300242 0.300242 0.300243 0.300243 0.300243 0.300243 0.300242 0.300242 0.300243 0.300243 0.300243 0.000000 0.000000
0.000000 0.000000 0.300011 0.300013 0.300012 0.300011 0.300012 0.300013 0.300012 0.300012 0.300012 0.300012 0.300012 0.300012 0.300012 0.300012 0.300013 0.300013 0.300014 0.000000 0.000000
0.000000 0.000000 0.299810 0.299808 0.299817 0.299825 0.299824 0.299830 0.299822 0.299824 0.299824 0.299823 0.299821 0.299823 0.299818 0.299811 0.299808 0.299805 0.299807 0.000000 0.000000
0.000000 0.000000 0.297013 0.297013 0.297030 0.297063 0.297091 0.297101 0.297101 0.297101 0.297104 0.297098 0.297092 0.297092 0.297068 0.297054 0.297040 0.297030 0.297018 0.000000 0.000000
0.000000 0.000000 0.289308 0.289320 0.289359 0.289426 0.289491 0.289550 0.289547 0.289555 0.289559 0.289558 0.289547 0.289553 0.289516 0.289461 0.289434 0.289413 0.289401 0.000000 0.000000
0.000000 0.000000 0.278648 0.278672 0.278703 0.278783 0.278865 0.278980 0.278977 0.278984 0.278996 0.278997 0.278998 0.278994 0.278899 0.278832 0.278791 0.278762 0.278747 0.000000 0.000000
0.000000 0.000000 0.265984 0.266012 0.266045 0.266139 0.266231 0.266334 0.266332 0.266343 0.266357 0.266364 0.266367 0.266350 0.266263 0.266187 0.266120 0.266106 0.266077 0.000000 0.000000
0.000000 0.000000 0.252035 0.252074 0.252125 0.252200 0.252304 0.252428 0.252416 0.252437 0.252458 0.252463 0.252457 0.252463 0.252340 0.252249 0.252197 0.252176 0.252150 0.000000 0.000000
0.000000 0.000000 0.236565 0.236619 0.236661 0.236741 0.236857 0.236987 0.236984 0.236998 0.237030 0.237020 0.237004 0.237012 0.236911 0.236792 0.236731 0.236708 0.236696 0.000000 0.000000
0.000000 0.000000 0.218885 0.218931 0.218970 0.219146 0.219201 0.219375 0.219338 0.219420 0.219420 0.219434 0.219461 0.219415 0.219302 0.219227 0.219140 0.219111 0.219034 0.000000 0.000000
0.000000 0.000000 0.198144 0.198239 0.198345 0.198431 0.198524 0.198746 0.198751 0.198755 0.198737 0.198815 0.198778 0.198792 0.198588 0.198471 0.198426 0.198399 0.198246 0.000000 0.000000
0.000000 0.000000 0.174675 0.174763 0.174789 0.174958 0.175074 0.175664 0.175675 0.175708 0.175925 0.175797 0.175786 0.175736 0.175293 0.175194 0.174978 0.174969 0.174936 0.000000 0.000000
0.000000 0.000000 0.145605 0.145645 0.145841 0.145959 0.146790 0.146482 0.146660 0.146653 0.146541 0.146665 0.146681 0.146777 0.147049 0.146141 0.146116 0.145906 0.145780 0.000000 0.000000
0.000000 0.000000 0.113189 0.113288 0.113440 0.114490 0.114017 0.114681 0.114819 0.114883 0.115138 0.115207 0.115094 0.115080 0.114497 0.114944 0.113587 0.113915 0.113968 0.000000 0.000000
0.000000 0.000000 0.085570 0.085624 0.086665 0.086114 0.086312 0.086260 0.085800 0.085919 0.085677 0.085717 0.085917 0.085672 0.085822 0.085636 0.086828 0.085235 0.085258 0.000000 0.000000
0.000000 0.000000 0.063167 0.063856 0.063729 0.063991 0.064364 0.064445 0.064634 0.064591 0.064807 0.064783 0.064664 0.064785 0.064634 0.064352 0.063796 0.064160 0.063445 0.000000 0.000000
0.000000 0.000000 0.052878 0.052913 0.052505 0.052665 0.052835 0.053180 0.053230 0.053293 0.053265 0.053281 0.053239 0.053258 0.052932 0.052801 0.052499 0.052981 0.052939 0.000000 0.000000
0.000000 0.000000 0.300000 0.300000 0.300000 0.300000 0.300000 0.300000 0.300000 0.300000 0.300000 0.300000 0.300000 0.300000 0.300000 0.300000 0.300000 0.300000 0.300000 0.000000 0.000000
0.000000 0.000000 0.000000 0.000000 0.000000 0.000000 0.000000 0.000000 0.000000 0.000000 0.000000 0.000000 0.000000 0.000000 0.000000 0.000000 0.000000 0.000000 0.000000 0.000000 0.000000