geotop/1.0zi/1.0Montebello/Templates/testdem/maps/_Eocsand4353.asc
ncols         21
nrows         20
xllcorner     100.000000
yllcorner     100.000000
cellsize      50.000000
NODATA_value  -9999.0
0.000000 0.000000 0.000000 0.000000 0.000000 0.000000 0.000000 0.000000 0.000000 0.000000 0.000000 0.000000 0.000000 0.000000 0.000000 0.000000 0.000000 0.000000 0.000000 0.000000 0.000000
0.000000 0.000000 0.300107 0.300107 0.300106 0.300106 0.300106 0.300106 0.300107 0.300106 0.300107 0.300107 0.300107 0.300107 0.300106 0.300106 0.300107 0.300107 0.300107 0.000000 0.000000
0.000000 0.000000 0.300005 0.300004 0.300004 0.300004 0.300004 0.300004 0.300004 0.300004 0.300004 0.300004 0.300004 0.300004 0.300004 0.300004 0.300006 0.300006 0.300005 0.000000 0.000000
0.000000 0.000000 0.299975 0.299973 0.299976 0.299979 0.299977 0.299979 0.299977 0.299978 0.299978 0.299979 0.299979 0.299981 0.299976 0.299973 0.299973 0.299972 0.299974 0.000000 0.000000
0.000000 0.000000 0.299285 0.299284 0.299289 0.299288 0.299295 0.299299 0.299300 0.299304 0.299306 0.299301 0.299304 0.299304 0.299300 0.299300 0.299300 0.299296 0.299290 0.000000 0.000000
0.000000 0.000000 0.296981 0.296980 0.296990 0.297004 0.297010 0.297031 0.297033 0.297042 0.297034 0.297032 0.297029 0.297035 0.297036 0.297025 0.297016 0.297011 0.297004 0.000000 0.000000
0.000000 0.000000 0.293466 0.293473 0.293484 0.293508 0.293532 0.293566 0.293563 0.293570 0.293564 0.293566 0.293570 0.293571 0.293548 0.293519 0.293507 0.293498 0.293487 0.000000 0.000000
0.000000 0.000000 0.289398 0.289404 0.289414 0.289441 0.289466 0.289498 0.289494 0.289500 0.289499 0.289500 0.289508 0.289513 0.289481 0.289452 0.289434 0.289429 0.289417 0.000000 0.000000
0.000000 0.000000 0.285292 0.285301 0.285317 0.285337 0.285361 0.285400 0.285396 0.285404 0.285404 0.285402 0.285409 0.285412 0.285383 0.285348 0.285334 0.285327 0.285311 0.000000 0.000000
0.000000 0.000000 0.281202 0.281212 0.281224 0.281247 0.281277 0.281311 0.281304 0.281310 0.281310 0.281309 0.281318 0.281324 0.281290 0.281256 0.281242 0.281236 0.281223 0.000000 0.000000
0.000000 0.000000 0.277060 0.277070 0.277083 0.277100 0.277122 0.277164 0.277158 0.277167 0.277167 0.277165 0.277174 0.277179 0.277151 0.277126 0.277108 0.277100 0.277085 0.000000 0.000000
0.000000 0.000000 0.272780 0.272791 0.272806 0.272833 0.272857 0.272897 0.272896 0.272902 0.272902 0.272904 0.272909 0.272916 0.272878 0.272847 0.272830 0.272824 0.272777 0.000000 0.000000
0.000000 0.000000 0.268448 0.268460 0.268477 0.268497 0.268526 0.268612 0.268609 0.268617 0.268618 0.268617 0.268627 0.268630 0.268557 0.268521 0.268504 0.268497 0.268467 0.000000 0.000000
0.000000 0.000000 0.263874 0.263892 0.263906 0.263928 0.264013 0.264036 0.264048 0.264054 0.264054 0.264054 0.264064 0.264068 0.264045 0.263957 0.263939 0.263921 0.263903 0.000000 0.000000
0.000000 0.000000 0.258950 0.258966 0.258999 0.259078 0.259118 0.259170 0.259196 0.259206 0.259219 0.259220 0.259221 0.259235 0.259196 0.259133 0.259037 0.259041 0.259026 0.000000 0.000000
0.000000 0.000000 0.253877 0.253893 0.253996 0.254016 0.254039 0.254065 0.254067 0.254070 0.254066 0.254068 0.254086 0.254074 0.254064 0.254037 0.254033 0.253932 0.253906 0.000000 0.000000
0.000000 0.000000 0.248253 0.248380 0.248470 0.248509 0.248570 0.248602 0.248608 0.248613 0.248628 0.248627 0.248631 0.248646 0.248625 0.248551 0.248503 0.248450 0.248325 0.000000 0.000000
0.000000 0.000000 0.243841 0.243877 0.243811 0.243860 0.243914 0.244035 0.244045 0.244057 0.244053 0.244055 0.244068 0.244066 0.243958 0.243893 0.243821 0.243924 0.243870 0.000000 0.000000
0.000000 0.000000 0.300000 0.300000 0.300000 0.300000 0.300000 0.300000 0.300000 0.300000 0.300000 0.300000 0.300000 0.300000 0.300000 0.300000 0.300000 0.300000 0.300000 0.000000 0.000000
0.000000 0.000000 0.000000 0.000000 0.000000 0.000000 0.000000 0.000000 0.000000 0.000000 0.000000 0.000000 0.000000 0.000000 0.000000 0.000000 0.000000 0.000000 0.000000 0.000000 0.000000