geotop/1.0zi/1.0Montebello/Templates/testdem/maps/_Eocsand025p.asc
ncols         21
nrows         20
xllcorner     100.000000
yllcorner     100.000000
cellsize      50.000000
NODATA_value  -9999.0
0.000000 0.000000 0.000000 0.000000 0.000000 0.000000 0.000000 0.000000 0.000000 0.000000 0.000000 0.000000 0.000000 0.000000 0.000000 0.000000 0.000000 0.000000 0.000000 0.000000 0.000000
0.000000 0.000000 0.300254 0.300252 0.300252 0.300253 0.300252 0.300251 0.300252 0.300252 0.300253 0.300252 0.300252 0.300252 0.300252 0.300252 0.300253 0.300252 0.300252 0.000000 0.000000
0.000000 0.000000 0.300012 0.300015 0.300014 0.300013 0.300014 0.300015 0.300014 0.300014 0.300014 0.300014 0.300013 0.300014 0.300013 0.300014 0.300014 0.300015 0.300015 0.000000 0.000000
0.000000 0.000000 0.299770 0.299764 0.299775 0.299783 0.299782 0.299788 0.299780 0.299782 0.299782 0.299780 0.299779 0.299781 0.299775 0.299768 0.299765 0.299764 0.299766 0.000000 0.000000
0.000000 0.000000 0.296677 0.296674 0.296693 0.296729 0.296759 0.296770 0.296768 0.296768 0.296772 0.296764 0.296758 0.296759 0.296737 0.296722 0.296704 0.296690 0.296677 0.000000 0.000000
0.000000 0.000000 0.288391 0.288396 0.288438 0.288510 0.288579 0.288640 0.288635 0.288642 0.288646 0.288645 0.288633 0.288639 0.288605 0.288546 0.288514 0.288489 0.288477 0.000000 0.000000
0.000000 0.000000 0.277024 0.277040 0.277075 0.277160 0.277247 0.277368 0.277363 0.277368 0.277382 0.277381 0.277382 0.277378 0.277283 0.277211 0.277164 0.277130 0.277116 0.000000 0.000000
0.000000 0.000000 0.263478 0.263498 0.263534 0.263636 0.263733 0.263843 0.263838 0.263848 0.263864 0.263869 0.263872 0.263855 0.263767 0.263686 0.263611 0.263592 0.263563 0.000000 0.000000
0.000000 0.000000 0.248418 0.248449 0.248505 0.248587 0.248700 0.248832 0.248817 0.248837 0.248859 0.248863 0.248856 0.248864 0.248738 0.248640 0.248580 0.248552 0.248527 0.000000 0.000000
0.000000 0.000000 0.231524 0.231570 0.231616 0.231706 0.231832 0.231973 0.231968 0.231979 0.232014 0.232001 0.231984 0.231991 0.231891 0.231762 0.231690 0.231658 0.231648 0.000000 0.000000
0.000000 0.000000 0.211956 0.211990 0.212036 0.212234 0.212293 0.212486 0.212441 0.212529 0.212527 0.212542 0.212572 0.212521 0.212404 0.212324 0.212221 0.212181 0.212098 0.000000 0.000000
0.000000 0.000000 0.188688 0.188775 0.188900 0.188991 0.189101 0.189347 0.189351 0.189345 0.189326 0.189412 0.189366 0.189387 0.189168 0.189034 0.188978 0.188939 0.188773 0.000000 0.000000
0.000000 0.000000 0.162212 0.162284 0.162307 0.162507 0.162641 0.163321 0.163327 0.163361 0.163620 0.163458 0.163448 0.163388 0.162892 0.162783 0.162521 0.162501 0.162482 0.000000 0.000000
0.000000 0.000000 0.129704 0.129715 0.129945 0.130071 0.131026 0.130611 0.130808 0.130791 0.130635 0.130792 0.130810 0.130927 0.131299 0.130252 0.130236 0.129983 0.129845 0.000000 0.000000
0.000000 0.000000 0.096389 0.096467 0.096607 0.097671 0.097130 0.097843 0.097960 0.098021 0.098291 0.098347 0.098230 0.098207 0.097590 0.098116 0.096729 0.097067 0.097136 0.000000 0.000000
0.000000 0.000000 0.071952 0.071987 0.072806 0.072429 0.072573 0.072562 0.072208 0.072298 0.072121 0.072152 0.072301 0.072114 0.072211 0.072075 0.072940 0.071709 0.071730 0.000000 0.000000
0.000000 0.000000 0.054148 0.054532 0.054648 0.054712 0.054950 0.054995 0.055021 0.055016 0.055096 0.055089 0.055056 0.055081 0.055018 0.054831 0.054713 0.054634 0.054247 0.000000 0.000000
0.000000 0.000000 0.043907 0.044078 0.043949 0.044048 0.044214 0.044377 0.044412 0.044435 0.044457 0.044460 0.044428 0.044448 0.044286 0.044156 0.043971 0.044151 0.043973 0.000000 0.000000
0.000000 0.000000 0.300000 0.300000 0.300000 0.300000 0.300000 0.300000 0.300000 0.300000 0.300000 0.300000 0.300000 0.300000 0.300000 0.300000 0.300000 0.300000 0.300000 0.000000 0.000000
0.000000 0.000000 0.000000 0.000000 0.000000 0.000000 0.000000 0.000000 0.000000 0.000000 0.000000 0.000000 0.000000 0.000000 0.000000 0.000000 0.000000 0.000000 0.000000 0.000000 0.000000