geotop/1.0zi/1.0Montebello/Templates/testdem/maps/_Eocsand0912.asc
ncols         21
nrows         20
xllcorner     100.000000
yllcorner     100.000000
cellsize      50.000000
NODATA_value  -9999.0
0.000000 0.000000 0.000000 0.000000 0.000000 0.000000 0.000000 0.000000 0.000000 0.000000 0.000000 0.000000 0.000000 0.000000 0.000000 0.000000 0.000000 0.000000 0.000000 0.000000 0.000000
0.000000 0.000000 0.300031 0.300031 0.300031 0.300031 0.300031 0.300031 0.300031 0.300031 0.300031 0.300031 0.300031 0.300031 0.300031 0.300031 0.300031 0.300031 0.300031 0.000000 0.000000
0.000000 0.000000 0.300005 0.300005 0.300005 0.300005 0.300005 0.300005 0.300005 0.300005 0.300005 0.300005 0.300005 0.300005 0.300005 0.300005 0.300005 0.300005 0.300005 0.000000 0.000000
0.000000 0.000000 0.299224 0.299225 0.299229 0.299227 0.299224 0.299224 0.299224 0.299224 0.299224 0.299224 0.299224 0.299224 0.299224 0.299227 0.299229 0.299225 0.299224 0.000000 0.000000
0.000000 0.000000 0.296447 0.296449 0.296453 0.296454 0.296447 0.296448 0.296448 0.296447 0.296447 0.296447 0.296448 0.296448 0.296447 0.296454 0.296453 0.296449 0.296447 0.000000 0.000000
0.000000 0.000000 0.293280 0.293281 0.293285 0.293285 0.293280 0.293280 0.293281 0.293280 0.293280 0.293280 0.293281 0.293280 0.293280 0.293285 0.293285 0.293281 0.293280 0.000000 0.000000
0.000000 0.000000 0.290334 0.290335 0.290338 0.290338 0.290334 0.290334 0.290334 0.290334 0.290334 0.290334 0.290334 0.290334 0.290334 0.290338 0.290338 0.290335 0.290334 0.000000 0.000000
0.000000 0.000000 0.287628 0.287629 0.287632 0.287631 0.287628 0.287628 0.287628 0.287628 0.287628 0.287628 0.287628 0.287628 0.287628 0.287631 0.287632 0.287629 0.287628 0.000000 0.000000
0.000000 0.000000 0.285094 0.285095 0.285097 0.285097 0.285094 0.285094 0.285094 0.285094 0.285094 0.285094 0.285094 0.285094 0.285094 0.285097 0.285097 0.285095 0.285094 0.000000 0.000000
0.000000 0.000000 0.282664 0.282665 0.282667 0.282667 0.282664 0.282664 0.282664 0.282664 0.282664 0.282664 0.282664 0.282664 0.282664 0.282667 0.282667 0.282665 0.282664 0.000000 0.000000
0.000000 0.000000 0.280315 0.280316 0.280318 0.280318 0.280315 0.280315 0.280315 0.280315 0.280315 0.280315 0.280315 0.280315 0.280315 0.280318 0.280318 0.280316 0.280315 0.000000 0.000000
0.000000 0.000000 0.278019 0.278020 0.278022 0.278022 0.278019 0.278019 0.278019 0.278019 0.278019 0.278019 0.278019 0.278019 0.278019 0.278022 0.278022 0.278020 0.278019 0.000000 0.000000
0.000000 0.000000 0.275760 0.275761 0.275764 0.275763 0.275760 0.275761 0.275761 0.275760 0.275760 0.275760 0.275761 0.275761 0.275760 0.275763 0.275764 0.275761 0.275760 0.000000 0.000000
0.000000 0.000000 0.273541 0.273542 0.273544 0.273544 0.273541 0.273541 0.273541 0.273541 0.273541 0.273541 0.273541 0.273541 0.273541 0.273544 0.273544 0.273542 0.273541 0.000000 0.000000
0.000000 0.000000 0.271346 0.271347 0.271350 0.271349 0.271346 0.271346 0.271346 0.271346 0.271346 0.271346 0.271346 0.271346 0.271346 0.271349 0.271350 0.271347 0.271346 0.000000 0.000000
0.000000 0.000000 0.269167 0.269167 0.269170 0.269169 0.269167 0.269167 0.269167 0.269167 0.269167 0.269167 0.269167 0.269167 0.269167 0.269169 0.269170 0.269167 0.269167 0.000000 0.000000
0.000000 0.000000 0.267008 0.267008 0.267011 0.267010 0.267008 0.267008 0.267008 0.267008 0.267008 0.267008 0.267008 0.267008 0.267008 0.267010 0.267011 0.267008 0.267008 0.000000 0.000000
0.000000 0.000000 0.264795 0.264795 0.264798 0.264797 0.264794 0.264794 0.264795 0.264794 0.264794 0.264794 0.264795 0.264794 0.264794 0.264797 0.264798 0.264795 0.264794 0.000000 0.000000
0.000000 0.000000 0.300000 0.300000 0.300000 0.300000 0.300000 0.300000 0.300000 0.300000 0.300000 0.300000 0.300000 0.300000 0.300000 0.300000 0.300000 0.300000 0.300000 0.000000 0.000000
0.000000 0.000000 0.000000 0.000000 0.000000 0.000000 0.000000 0.000000 0.000000 0.000000 0.000000 0.000000 0.000000 0.000000 0.000000 0.000000 0.000000 0.000000 0.000000 0.000000 0.000000