geotop/1.0zi/1.0Montebello/Templates/testdem/maps/_Eocclay7636.asc
ncols         21
nrows         20
xllcorner     100.000000
yllcorner     100.000000
cellsize      50.000000
NODATA_value  -9999.0
0.000000 0.000000 0.000000 0.000000 0.000000 0.000000 0.000000 0.000000 0.000000 0.000000 0.000000 0.000000 0.000000 0.000000 0.000000 0.000000 0.000000 0.000000 0.000000 0.000000 0.000000
0.000000 0.000000 0.349648 0.349650 0.349650 0.349649 0.349650 0.349650 0.349650 0.349650 0.349648 0.349650 0.349650 0.349650 0.349650 0.349650 0.349648 0.349648 0.349649 0.000000 0.000000
0.000000 0.000000 0.349985 0.349985 0.349985 0.349986 0.349985 0.349985 0.349985 0.349985 0.349984 0.349984 0.349985 0.349984 0.349985 0.349985 0.349986 0.349986 0.349983 0.000000 0.000000
0.000000 0.000000 0.350003 0.350008 0.350005 0.350004 0.350006 0.350004 0.350006 0.350003 0.350006 0.350004 0.350004 0.350003 0.350005 0.350007 0.350006 0.350009 0.350007 0.000000 0.000000
0.000000 0.000000 0.350957 0.350954 0.350950 0.350944 0.350929 0.350927 0.350924 0.350927 0.350924 0.350924 0.350920 0.350924 0.350934 0.350936 0.350944 0.350945 0.350952 0.000000 0.000000
0.000000 0.000000 0.353560 0.353558 0.353547 0.353520 0.353507 0.353484 0.353485 0.353477 0.353481 0.353480 0.353483 0.353485 0.353495 0.353514 0.353528 0.353543 0.353549 0.000000 0.000000
0.000000 0.000000 0.357154 0.357151 0.357142 0.357119 0.357090 0.357054 0.357053 0.357047 0.357048 0.357049 0.357049 0.357050 0.357082 0.357110 0.357126 0.357139 0.357146 0.000000 0.000000
0.000000 0.000000 0.361440 0.361438 0.361430 0.361402 0.361373 0.361334 0.361333 0.361329 0.361328 0.361326 0.361324 0.361332 0.361366 0.361390 0.361415 0.361424 0.361436 0.000000 0.000000
0.000000 0.000000 0.365948 0.365942 0.365929 0.365911 0.365881 0.365841 0.365843 0.365834 0.365832 0.365830 0.365830 0.365830 0.365870 0.365902 0.365921 0.365930 0.365940 0.000000 0.000000
0.000000 0.000000 0.370685 0.370676 0.370669 0.370652 0.370608 0.370571 0.370572 0.370567 0.370561 0.370564 0.370570 0.370567 0.370601 0.370638 0.370661 0.370669 0.370677 0.000000 0.000000
0.000000 0.000000 0.375794 0.375788 0.375780 0.375744 0.375713 0.375670 0.375679 0.375656 0.375659 0.375658 0.375650 0.375666 0.375696 0.375719 0.375748 0.375764 0.375783 0.000000 0.000000
0.000000 0.000000 0.381397 0.381383 0.381366 0.381342 0.381309 0.381256 0.381253 0.381245 0.381257 0.381239 0.381244 0.381248 0.381302 0.381330 0.381350 0.381361 0.381409 0.000000 0.000000
0.000000 0.000000 0.387397 0.387382 0.387375 0.387343 0.387313 0.387181 0.387179 0.387170 0.387137 0.387154 0.387162 0.387174 0.387276 0.387304 0.387354 0.387361 0.387387 0.000000 0.000000
0.000000 0.000000 0.394320 0.394315 0.394289 0.394265 0.394107 0.394108 0.394074 0.394074 0.394080 0.394072 0.394069 0.394063 0.394057 0.394222 0.394253 0.394297 0.394331 0.000000 0.000000
0.000000 0.000000 0.402384 0.402371 0.402337 0.402144 0.402143 0.402049 0.401999 0.401988 0.401956 0.401932 0.401953 0.401948 0.402041 0.402055 0.402313 0.402280 0.402289 0.000000 0.000000
0.000000 0.000000 0.411244 0.411231 0.410954 0.411003 0.410986 0.410949 0.411044 0.411009 0.411058 0.411033 0.410992 0.411061 0.411078 0.411093 0.410930 0.411319 0.411314 0.000000 0.000000
0.000000 0.000000 0.422279 0.421839 0.421881 0.421730 0.421510 0.421444 0.421344 0.421365 0.421243 0.421251 0.421317 0.421258 0.421367 0.421530 0.421865 0.421700 0.422155 0.000000 0.000000
0.000000 0.000000 0.427399 0.427760 0.428168 0.428146 0.428133 0.427751 0.427794 0.427688 0.427843 0.427809 0.427795 0.427844 0.428174 0.428182 0.428243 0.427897 0.427550 0.000000 0.000000
0.000000 0.000000 0.350000 0.350000 0.350000 0.350000 0.350000 0.350000 0.350000 0.350000 0.350000 0.350000 0.350000 0.350000 0.350000 0.350000 0.350000 0.350000 0.350000 0.000000 0.000000
0.000000 0.000000 0.000000 0.000000 0.000000 0.000000 0.000000 0.000000 0.000000 0.000000 0.000000 0.000000 0.000000 0.000000 0.000000 0.000000 0.000000 0.000000 0.000000 0.000000 0.000000