geotop/1.0zi/1.0Montebello/Templates/testdem/maps/_Eocclay1279.asc
ncols         21
nrows         20
xllcorner     100.000000
yllcorner     100.000000
cellsize      50.000000
NODATA_value  -9999.0
0.000000 0.000000 0.000000 0.000000 0.000000 0.000000 0.000000 0.000000 0.000000 0.000000 0.000000 0.000000 0.000000 0.000000 0.000000 0.000000 0.000000 0.000000 0.000000 0.000000 0.000000
0.000000 0.000000 0.349935 0.349935 0.349935 0.349935 0.349935 0.349935 0.349935 0.349935 0.349935 0.349935 0.349935 0.349935 0.349935 0.349935 0.349935 0.349935 0.349935 0.000000 0.000000
0.000000 0.000000 0.349994 0.349994 0.349993 0.349994 0.349994 0.349994 0.349994 0.349994 0.349994 0.349994 0.349994 0.349994 0.349994 0.349994 0.349993 0.349994 0.349994 0.000000 0.000000
0.000000 0.000000 0.350547 0.350547 0.350545 0.350546 0.350547 0.350547 0.350547 0.350548 0.350548 0.350548 0.350547 0.350547 0.350547 0.350546 0.350545 0.350547 0.350547 0.000000 0.000000
0.000000 0.000000 0.352514 0.352513 0.352511 0.352511 0.352515 0.352514 0.352514 0.352515 0.352514 0.352515 0.352514 0.352514 0.352515 0.352511 0.352511 0.352513 0.352514 0.000000 0.000000
0.000000 0.000000 0.354682 0.354681 0.354679 0.354680 0.354682 0.354682 0.354681 0.354682 0.354682 0.354682 0.354681 0.354682 0.354682 0.354680 0.354679 0.354681 0.354682 0.000000 0.000000
0.000000 0.000000 0.356747 0.356747 0.356745 0.356746 0.356748 0.356747 0.356747 0.356748 0.356748 0.356748 0.356747 0.356747 0.356748 0.356746 0.356745 0.356747 0.356747 0.000000 0.000000
0.000000 0.000000 0.358651 0.358650 0.358649 0.358649 0.358651 0.358651 0.358651 0.358651 0.358651 0.358651 0.358651 0.358651 0.358651 0.358649 0.358649 0.358650 0.358651 0.000000 0.000000
0.000000 0.000000 0.360434 0.360434 0.360432 0.360433 0.360434 0.360434 0.360434 0.360434 0.360434 0.360434 0.360434 0.360434 0.360434 0.360433 0.360432 0.360434 0.360434 0.000000 0.000000
0.000000 0.000000 0.362144 0.362144 0.362142 0.362143 0.362145 0.362144 0.362144 0.362144 0.362144 0.362144 0.362144 0.362144 0.362145 0.362143 0.362142 0.362144 0.362144 0.000000 0.000000
0.000000 0.000000 0.363799 0.363798 0.363797 0.363797 0.363799 0.363798 0.363798 0.363799 0.363799 0.363799 0.363798 0.363798 0.363799 0.363797 0.363797 0.363798 0.363799 0.000000 0.000000
0.000000 0.000000 0.365415 0.365415 0.365413 0.365414 0.365415 0.365415 0.365415 0.365415 0.365415 0.365415 0.365415 0.365415 0.365415 0.365414 0.365413 0.365415 0.365415 0.000000 0.000000
0.000000 0.000000 0.367004 0.367004 0.367002 0.367003 0.367004 0.367004 0.367004 0.367004 0.367004 0.367004 0.367004 0.367004 0.367004 0.367003 0.367002 0.367004 0.367004 0.000000 0.000000
0.000000 0.000000 0.368567 0.368566 0.368565 0.368565 0.368567 0.368567 0.368567 0.368567 0.368567 0.368567 0.368567 0.368567 0.368567 0.368565 0.368565 0.368566 0.368567 0.000000 0.000000
0.000000 0.000000 0.370110 0.370110 0.370108 0.370109 0.370110 0.370110 0.370110 0.370110 0.370110 0.370110 0.370110 0.370110 0.370110 0.370109 0.370108 0.370110 0.370110 0.000000 0.000000
0.000000 0.000000 0.371639 0.371639 0.371638 0.371638 0.371640 0.371639 0.371639 0.371640 0.371639 0.371640 0.371639 0.371639 0.371640 0.371638 0.371638 0.371639 0.371639 0.000000 0.000000
0.000000 0.000000 0.373155 0.373154 0.373153 0.373153 0.373155 0.373154 0.373154 0.373155 0.373155 0.373155 0.373154 0.373154 0.373155 0.373153 0.373153 0.373154 0.373155 0.000000 0.000000
0.000000 0.000000 0.374698 0.374698 0.374696 0.374697 0.374698 0.374698 0.374698 0.374698 0.374698 0.374698 0.374698 0.374698 0.374698 0.374697 0.374696 0.374698 0.374698 0.000000 0.000000
0.000000 0.000000 0.350000 0.350000 0.350000 0.350000 0.350000 0.350000 0.350000 0.350000 0.350000 0.350000 0.350000 0.350000 0.350000 0.350000 0.350000 0.350000 0.350000 0.000000 0.000000
0.000000 0.000000 0.000000 0.000000 0.000000 0.000000 0.000000 0.000000 0.000000 0.000000 0.000000 0.000000 0.000000 0.000000 0.000000 0.000000 0.000000 0.000000 0.000000 0.000000 0.000000