geotop/1.0zi/1.0Montebello/Templates/testdem/maps/_Eocsand7098.asc
ncols         21
nrows         20
xllcorner     100.000000
yllcorner     100.000000
cellsize      50.000000
NODATA_value  -9999.0
0.000000 0.000000 0.000000 0.000000 0.000000 0.000000 0.000000 0.000000 0.000000 0.000000 0.000000 0.000000 0.000000 0.000000 0.000000 0.000000 0.000000 0.000000 0.000000 0.000000 0.000000
0.000000 0.000000 0.300177 0.300175 0.300174 0.300175 0.300174 0.300174 0.300174 0.300174 0.300175 0.300174 0.300174 0.300175 0.300174 0.300174 0.300176 0.300176 0.300175 0.000000 0.000000
0.000000 0.000000 0.300010 0.300010 0.300010 0.300009 0.300010 0.300010 0.300010 0.300010 0.300010 0.300010 0.300009 0.300010 0.300010 0.300010 0.300011 0.300011 0.300012 0.000000 0.000000
0.000000 0.000000 0.299958 0.299957 0.299962 0.299967 0.299965 0.299968 0.299963 0.299967 0.299966 0.299966 0.299966 0.299967 0.299965 0.299960 0.299959 0.299955 0.299956 0.000000 0.000000
0.000000 0.000000 0.298485 0.298481 0.298490 0.298501 0.298521 0.298529 0.298532 0.298532 0.298534 0.298533 0.298536 0.298531 0.298513 0.298508 0.298503 0.298494 0.298481 0.000000 0.000000
0.000000 0.000000 0.294144 0.294144 0.294164 0.294203 0.294231 0.294273 0.294271 0.294283 0.294275 0.294275 0.294272 0.294272 0.294254 0.294227 0.294206 0.294186 0.294173 0.000000 0.000000
0.000000 0.000000 0.287866 0.287872 0.287890 0.287933 0.287989 0.288051 0.288049 0.288058 0.288055 0.288056 0.288060 0.288054 0.288003 0.287953 0.287927 0.287903 0.287886 0.000000 0.000000
0.000000 0.000000 0.280355 0.280358 0.280370 0.280419 0.280472 0.280540 0.280538 0.280547 0.280548 0.280553 0.280557 0.280544 0.280488 0.280441 0.280398 0.280386 0.280361 0.000000 0.000000
0.000000 0.000000 0.272463 0.272476 0.272501 0.272532 0.272587 0.272660 0.272654 0.272671 0.272675 0.272679 0.272678 0.272679 0.272609 0.272551 0.272518 0.272503 0.272481 0.000000 0.000000
0.000000 0.000000 0.264309 0.264324 0.264338 0.264366 0.264444 0.264509 0.264506 0.264516 0.264526 0.264520 0.264511 0.264516 0.264458 0.264392 0.264354 0.264343 0.264326 0.000000 0.000000
0.000000 0.000000 0.255678 0.255688 0.255703 0.255764 0.255816 0.255893 0.255875 0.255916 0.255911 0.255912 0.255926 0.255900 0.255850 0.255809 0.255762 0.255737 0.255700 0.000000 0.000000
0.000000 0.000000 0.246366 0.246391 0.246420 0.246461 0.246518 0.246609 0.246609 0.246626 0.246605 0.246635 0.246629 0.246620 0.246531 0.246486 0.246454 0.246436 0.246350 0.000000 0.000000
0.000000 0.000000 0.236546 0.236571 0.236586 0.236638 0.236687 0.236899 0.236900 0.236916 0.236966 0.236943 0.236930 0.236909 0.236750 0.236703 0.236626 0.236618 0.236563 0.000000 0.000000
0.000000 0.000000 0.225478 0.225489 0.225530 0.225569 0.225804 0.225828 0.225876 0.225879 0.225878 0.225885 0.225889 0.225896 0.225892 0.225646 0.225593 0.225529 0.225466 0.000000 0.000000
0.000000 0.000000 0.212841 0.212861 0.212917 0.213189 0.213224 0.213360 0.213437 0.213454 0.213498 0.213535 0.213505 0.213516 0.213391 0.213333 0.212967 0.213008 0.212979 0.000000 0.000000
0.000000 0.000000 0.199107 0.199129 0.199511 0.199491 0.199512 0.199589 0.199473 0.199523 0.199466 0.199507 0.199559 0.199467 0.199424 0.199400 0.199557 0.199048 0.199045 0.000000 0.000000
0.000000 0.000000 0.182458 0.183034 0.183070 0.183250 0.183541 0.183638 0.183734 0.183720 0.183864 0.183864 0.183791 0.183848 0.183706 0.183490 0.183105 0.183203 0.182609 0.000000 0.000000
0.000000 0.000000 0.172772 0.172451 0.171913 0.171986 0.172076 0.172594 0.172567 0.172698 0.172537 0.172581 0.172579 0.172533 0.172075 0.172011 0.171826 0.172329 0.172624 0.000000 0.000000
0.000000 0.000000 0.300000 0.300000 0.300000 0.300000 0.300000 0.300000 0.300000 0.300000 0.300000 0.300000 0.300000 0.300000 0.300000 0.300000 0.300000 0.300000 0.300000 0.000000 0.000000
0.000000 0.000000 0.000000 0.000000 0.000000 0.000000 0.000000 0.000000 0.000000 0.000000 0.000000 0.000000 0.000000 0.000000 0.000000 0.000000 0.000000 0.000000 0.000000 0.000000 0.000000