geotop/1.0zi/1.0Montebello/Templates/testdem/maps/_Eocclay028f.asc
ncols         21
nrows         20
xllcorner     100.000000
yllcorner     100.000000
cellsize      50.000000
NODATA_value  -9999.0
0.000000 0.000000 0.000000 0.000000 0.000000 0.000000 0.000000 0.000000 0.000000 0.000000 0.000000 0.000000 0.000000 0.000000 0.000000 0.000000 0.000000 0.000000 0.000000 0.000000 0.000000
0.000000 0.000000 0.349520 0.349522 0.349522 0.349521 0.349523 0.349523 0.349522 0.349523 0.349522 0.349523 0.349523 0.349522 0.349523 0.349523 0.349521 0.349521 0.349522 0.000000 0.000000
0.000000 0.000000 0.349981 0.349979 0.349979 0.349982 0.349979 0.349979 0.349979 0.349979 0.349979 0.349979 0.349979 0.349979 0.349980 0.349981 0.349981 0.349980 0.349979 0.000000 0.000000
0.000000 0.000000 0.350073 0.350082 0.350078 0.350073 0.350074 0.350074 0.350078 0.350075 0.350079 0.350076 0.350077 0.350075 0.350079 0.350082 0.350080 0.350080 0.350078 0.000000 0.000000
0.000000 0.000000 0.351723 0.351717 0.351709 0.351695 0.351676 0.351672 0.351670 0.351673 0.351670 0.351675 0.351676 0.351676 0.351685 0.351691 0.351704 0.351711 0.351719 0.000000 0.000000
0.000000 0.000000 0.356044 0.356041 0.356016 0.355974 0.355941 0.355908 0.355914 0.355909 0.355907 0.355907 0.355914 0.355912 0.355928 0.355961 0.355979 0.355994 0.355999 0.000000 0.000000
0.000000 0.000000 0.361824 0.361816 0.361799 0.361757 0.361714 0.361651 0.361653 0.361649 0.361642 0.361644 0.361645 0.361645 0.361695 0.361732 0.361755 0.361771 0.361779 0.000000 0.000000
0.000000 0.000000 0.368725 0.368715 0.368695 0.368643 0.368594 0.368536 0.368539 0.368534 0.368526 0.368523 0.368522 0.368531 0.368577 0.368617 0.368654 0.368666 0.368680 0.000000 0.000000
0.000000 0.000000 0.376390 0.376375 0.376346 0.376305 0.376248 0.376181 0.376189 0.376179 0.376168 0.376166 0.376169 0.376165 0.376229 0.376279 0.376308 0.376322 0.376335 0.000000 0.000000
0.000000 0.000000 0.385034 0.385010 0.384987 0.384941 0.384876 0.384805 0.384807 0.384801 0.384784 0.384790 0.384799 0.384795 0.384847 0.384913 0.384949 0.384965 0.384971 0.000000 0.000000
0.000000 0.000000 0.395109 0.395091 0.395068 0.394966 0.394936 0.394836 0.394859 0.394814 0.394815 0.394808 0.394792 0.394819 0.394878 0.394919 0.394972 0.394993 0.395036 0.000000 0.000000
0.000000 0.000000 0.407141 0.407096 0.407031 0.406984 0.406928 0.406801 0.406798 0.406802 0.406812 0.406767 0.406791 0.406780 0.406893 0.406963 0.406991 0.407011 0.407097 0.000000 0.000000
0.000000 0.000000 0.420895 0.420858 0.420847 0.420742 0.420673 0.420317 0.420313 0.420296 0.420159 0.420246 0.420250 0.420282 0.420542 0.420598 0.420735 0.420745 0.420754 0.000000 0.000000
0.000000 0.000000 0.437875 0.437870 0.437748 0.437683 0.437177 0.437406 0.437302 0.437311 0.437397 0.437312 0.437302 0.437240 0.437036 0.437591 0.437596 0.437731 0.437804 0.000000 0.000000
0.000000 0.000000 0.455289 0.455247 0.455175 0.454607 0.454908 0.454523 0.454462 0.454429 0.454283 0.454256 0.454318 0.454332 0.454666 0.454371 0.455113 0.454929 0.454891 0.000000 0.000000
0.000000 0.000000 0.468165 0.468147 0.467690 0.467919 0.467833 0.467850 0.468051 0.468002 0.468105 0.468088 0.468003 0.468108 0.468045 0.468125 0.467618 0.468313 0.468301 0.000000 0.000000
0.000000 0.000000 0.478144 0.477867 0.477869 0.477782 0.477625 0.477588 0.477534 0.477547 0.477471 0.477479 0.477518 0.477480 0.477537 0.477658 0.477832 0.477760 0.478043 0.000000 0.000000
0.000000 0.000000 0.482930 0.482989 0.483113 0.483098 0.483047 0.482898 0.482912 0.482875 0.482918 0.482907 0.482907 0.482920 0.483061 0.483086 0.483116 0.483005 0.482948 0.000000 0.000000
0.000000 0.000000 0.350000 0.350000 0.350000 0.350000 0.350000 0.350000 0.350000 0.350000 0.350000 0.350000 0.350000 0.350000 0.350000 0.350000 0.350000 0.350000 0.350000 0.000000 0.000000
0.000000 0.000000 0.000000 0.000000 0.000000 0.000000 0.000000 0.000000 0.000000 0.000000 0.000000 0.000000 0.000000 0.000000 0.000000 0.000000 0.000000 0.000000 0.000000 0.000000 0.000000