geotop/1.0zi/1.0Montebello/Templates/testdem/maps/_Eocsand5862.asc
ncols         21
nrows         20
xllcorner     100.000000
yllcorner     100.000000
cellsize      50.000000
NODATA_value  -9999.0
0.000000 0.000000 0.000000 0.000000 0.000000 0.000000 0.000000 0.000000 0.000000 0.000000 0.000000 0.000000 0.000000 0.000000 0.000000 0.000000 0.000000 0.000000 0.000000 0.000000 0.000000
0.000000 0.000000 0.300146 0.300145 0.300145 0.300145 0.300145 0.300144 0.300145 0.300145 0.300145 0.300145 0.300145 0.300145 0.300145 0.300145 0.300145 0.300145 0.300146 0.000000 0.000000
0.000000 0.000000 0.300009 0.300008 0.300008 0.300008 0.300008 0.300008 0.300008 0.300008 0.300008 0.300008 0.300007 0.300007 0.300008 0.300008 0.300009 0.300010 0.300009 0.000000 0.000000
0.000000 0.000000 0.299967 0.299966 0.299970 0.299974 0.299971 0.299973 0.299971 0.299972 0.299971 0.299974 0.299973 0.299974 0.299970 0.299965 0.299966 0.299963 0.299965 0.000000 0.000000
0.000000 0.000000 0.298997 0.298995 0.298996 0.299004 0.299018 0.299026 0.299026 0.299026 0.299029 0.299028 0.299031 0.299029 0.299020 0.299018 0.299014 0.299003 0.298996 0.000000 0.000000
0.000000 0.000000 0.295854 0.295850 0.295862 0.295895 0.295912 0.295946 0.295948 0.295956 0.295949 0.295946 0.295942 0.295947 0.295936 0.295916 0.295900 0.295885 0.295876 0.000000 0.000000
0.000000 0.000000 0.291136 0.291140 0.291149 0.291184 0.291226 0.291276 0.291275 0.291282 0.291277 0.291275 0.291278 0.291276 0.291240 0.291200 0.291183 0.291164 0.291151 0.000000 0.000000
0.000000 0.000000 0.285387 0.285387 0.285390 0.285427 0.285469 0.285523 0.285522 0.285528 0.285527 0.285528 0.285532 0.285525 0.285484 0.285446 0.285416 0.285408 0.285389 0.000000 0.000000
0.000000 0.000000 0.279443 0.279451 0.279465 0.279488 0.279529 0.279587 0.279584 0.279594 0.279599 0.279596 0.279596 0.279601 0.279548 0.279507 0.279480 0.279471 0.279454 0.000000 0.000000
0.000000 0.000000 0.273443 0.273453 0.273458 0.273474 0.273532 0.273584 0.273580 0.273586 0.273594 0.273586 0.273579 0.273586 0.273545 0.273497 0.273469 0.273464 0.273453 0.000000 0.000000
0.000000 0.000000 0.267238 0.267244 0.267246 0.267288 0.267327 0.267385 0.267373 0.267400 0.267399 0.267396 0.267403 0.267390 0.267356 0.267325 0.267294 0.267277 0.267252 0.000000 0.000000
0.000000 0.000000 0.260712 0.260727 0.260743 0.260772 0.260807 0.260876 0.260874 0.260889 0.260872 0.260889 0.260886 0.260881 0.260821 0.260792 0.260770 0.260761 0.260696 0.000000 0.000000
0.000000 0.000000 0.253998 0.254011 0.254015 0.254049 0.254081 0.254222 0.254222 0.254234 0.254263 0.254247 0.254237 0.254227 0.254125 0.254098 0.254048 0.254044 0.253998 0.000000 0.000000
0.000000 0.000000 0.246688 0.246697 0.246715 0.246736 0.246874 0.246908 0.246940 0.246941 0.246951 0.246946 0.246945 0.246951 0.246935 0.246798 0.246757 0.246722 0.246676 0.000000 0.000000
0.000000 0.000000 0.238618 0.238628 0.238658 0.238801 0.238845 0.238927 0.238981 0.238989 0.239015 0.239030 0.239014 0.239027 0.238965 0.238901 0.238697 0.238714 0.238686 0.000000 0.000000
0.000000 0.000000 0.230061 0.230071 0.230259 0.230289 0.230300 0.230352 0.230313 0.230335 0.230318 0.230338 0.230361 0.230324 0.230293 0.230275 0.230294 0.230052 0.230046 0.000000 0.000000
0.000000 0.000000 0.220224 0.220482 0.220566 0.220641 0.220765 0.220828 0.220850 0.220853 0.220909 0.220916 0.220892 0.220904 0.220834 0.220741 0.220592 0.220543 0.220281 0.000000 0.000000
0.000000 0.000000 0.213122 0.213101 0.212868 0.212930 0.213024 0.213266 0.213270 0.213324 0.213286 0.213300 0.213285 0.213280 0.213060 0.212992 0.212837 0.213076 0.213081 0.000000 0.000000
0.000000 0.000000 0.300000 0.300000 0.300000 0.300000 0.300000 0.300000 0.300000 0.300000 0.300000 0.300000 0.300000 0.300000 0.300000 0.300000 0.300000 0.300000 0.300000 0.000000 0.000000
0.000000 0.000000 0.000000 0.000000 0.000000 0.000000 0.000000 0.000000 0.000000 0.000000 0.000000 0.000000 0.000000 0.000000 0.000000 0.000000 0.000000 0.000000 0.000000 0.000000 0.000000