geotop/1.0zi/1.0Montebello/Templates/testdem/maps/_Eocsand1514.asc
ncols         21
nrows         20
xllcorner     100.000000
yllcorner     100.000000
cellsize      50.000000
NODATA_value  -9999.0
0.000000 0.000000 0.000000 0.000000 0.000000 0.000000 0.000000 0.000000 0.000000 0.000000 0.000000 0.000000 0.000000 0.000000 0.000000 0.000000 0.000000 0.000000 0.000000 0.000000 0.000000
0.000000 0.000000 0.300047 0.300047 0.300047 0.300047 0.300047 0.300047 0.300047 0.300047 0.300047 0.300047 0.300047 0.300047 0.300047 0.300047 0.300047 0.300047 0.300047 0.000000 0.000000
0.000000 0.000000 0.300006 0.300006 0.300006 0.300006 0.300006 0.300006 0.300006 0.300006 0.300006 0.300006 0.300006 0.300006 0.300006 0.300006 0.300006 0.300006 0.300006 0.000000 0.000000
0.000000 0.000000 0.298783 0.298784 0.298789 0.298787 0.298783 0.298783 0.298783 0.298783 0.298783 0.298783 0.298783 0.298783 0.298783 0.298787 0.298789 0.298784 0.298783 0.000000 0.000000
0.000000 0.000000 0.294355 0.294356 0.294360 0.294359 0.294353 0.294354 0.294355 0.294352 0.294353 0.294352 0.294355 0.294354 0.294353 0.294359 0.294360 0.294356 0.294355 0.000000 0.000000
0.000000 0.000000 0.289161 0.289162 0.289166 0.289165 0.289160 0.289161 0.289161 0.289160 0.289160 0.289160 0.289161 0.289161 0.289160 0.289165 0.289166 0.289162 0.289161 0.000000 0.000000
0.000000 0.000000 0.284327 0.284327 0.284330 0.284329 0.284325 0.284326 0.284326 0.284325 0.284325 0.284325 0.284326 0.284326 0.284325 0.284329 0.284330 0.284327 0.284327 0.000000 0.000000
0.000000 0.000000 0.279889 0.279890 0.279892 0.279892 0.279888 0.279889 0.279889 0.279888 0.279888 0.279888 0.279889 0.279889 0.279888 0.279892 0.279892 0.279890 0.279889 0.000000 0.000000
0.000000 0.000000 0.275736 0.275737 0.275739 0.275738 0.275735 0.275736 0.275736 0.275735 0.275735 0.275735 0.275736 0.275736 0.275735 0.275738 0.275739 0.275737 0.275736 0.000000 0.000000
0.000000 0.000000 0.271762 0.271763 0.271765 0.271764 0.271761 0.271762 0.271762 0.271761 0.271761 0.271761 0.271762 0.271762 0.271761 0.271764 0.271765 0.271763 0.271762 0.000000 0.000000
0.000000 0.000000 0.267925 0.267925 0.267928 0.267927 0.267924 0.267925 0.267925 0.267924 0.267924 0.267924 0.267925 0.267925 0.267924 0.267927 0.267928 0.267925 0.267925 0.000000 0.000000
0.000000 0.000000 0.264187 0.264187 0.264190 0.264189 0.264186 0.264186 0.264187 0.264186 0.264186 0.264186 0.264187 0.264186 0.264186 0.264189 0.264190 0.264187 0.264187 0.000000 0.000000
0.000000 0.000000 0.260518 0.260518 0.260521 0.260520 0.260517 0.260518 0.260518 0.260517 0.260517 0.260517 0.260518 0.260518 0.260517 0.260520 0.260521 0.260518 0.260518 0.000000 0.000000
0.000000 0.000000 0.256921 0.256922 0.256924 0.256923 0.256920 0.256921 0.256921 0.256920 0.256920 0.256920 0.256921 0.256921 0.256920 0.256923 0.256924 0.256922 0.256921 0.000000 0.000000
0.000000 0.000000 0.253382 0.253383 0.253385 0.253384 0.253382 0.253382 0.253382 0.253382 0.253382 0.253382 0.253382 0.253382 0.253382 0.253384 0.253385 0.253383 0.253382 0.000000 0.000000
0.000000 0.000000 0.249890 0.249891 0.249893 0.249892 0.249890 0.249890 0.249890 0.249890 0.249890 0.249890 0.249890 0.249890 0.249890 0.249892 0.249893 0.249891 0.249890 0.000000 0.000000
0.000000 0.000000 0.246439 0.246440 0.246442 0.246441 0.246439 0.246439 0.246439 0.246439 0.246439 0.246439 0.246439 0.246439 0.246439 0.246441 0.246442 0.246440 0.246440 0.000000 0.000000
0.000000 0.000000 0.242944 0.242943 0.242946 0.242945 0.242942 0.242943 0.242943 0.242942 0.242942 0.242942 0.242943 0.242943 0.242942 0.242945 0.242946 0.242943 0.242943 0.000000 0.000000
0.000000 0.000000 0.300000 0.300000 0.300000 0.300000 0.300000 0.300000 0.300000 0.300000 0.300000 0.300000 0.300000 0.300000 0.300000 0.300000 0.300000 0.300000 0.300000 0.000000 0.000000
0.000000 0.000000 0.000000 0.000000 0.000000 0.000000 0.000000 0.000000 0.000000 0.000000 0.000000 0.000000 0.000000 0.000000 0.000000 0.000000 0.000000 0.000000 0.000000 0.000000 0.000000