geotop/1.0zi/1.0Montebello/Templates/testdem/maps/_Eocsand8627.asc
ncols         21
nrows         20
xllcorner     100.000000
yllcorner     100.000000
cellsize      50.000000
NODATA_value  -9999.0
0.000000 0.000000 0.000000 0.000000 0.000000 0.000000 0.000000 0.000000 0.000000 0.000000 0.000000 0.000000 0.000000 0.000000 0.000000 0.000000 0.000000 0.000000 0.000000 0.000000 0.000000
0.000000 0.000000 0.300217 0.300215 0.300215 0.300215 0.300214 0.300214 0.300214 0.300214 0.300215 0.300214 0.300215 0.300215 0.300214 0.300215 0.300216 0.300216 0.300216 0.000000 0.000000
0.000000 0.000000 0.300011 0.300013 0.300012 0.300011 0.300012 0.300013 0.300012 0.300012 0.300012 0.300012 0.300012 0.300012 0.300012 0.300012 0.300013 0.300013 0.300014 0.000000 0.000000
0.000000 0.000000 0.299893 0.299892 0.299898 0.299907 0.299903 0.299910 0.299905 0.299907 0.299907 0.299907 0.299907 0.299909 0.299903 0.299898 0.299896 0.299892 0.299893 0.000000 0.000000
0.000000 0.000000 0.297831 0.297833 0.297846 0.297865 0.297891 0.297898 0.297903 0.297904 0.297905 0.297901 0.297900 0.297898 0.297877 0.297870 0.297857 0.297845 0.297833 0.000000 0.000000
0.000000 0.000000 0.291747 0.291753 0.291780 0.291832 0.291871 0.291916 0.291916 0.291929 0.291919 0.291919 0.291910 0.291913 0.291888 0.291854 0.291824 0.291804 0.291791 0.000000 0.000000
0.000000 0.000000 0.283233 0.283248 0.283268 0.283325 0.283396 0.283474 0.283473 0.283482 0.283481 0.283479 0.283481 0.283476 0.283407 0.283347 0.283312 0.283283 0.283267 0.000000 0.000000
0.000000 0.000000 0.273152 0.273163 0.273179 0.273245 0.273311 0.273396 0.273396 0.273408 0.273408 0.273413 0.273417 0.273401 0.273327 0.273270 0.273213 0.273199 0.273172 0.000000 0.000000
0.000000 0.000000 0.262286 0.262311 0.262342 0.262385 0.262461 0.262553 0.262546 0.262567 0.262572 0.262574 0.262571 0.262574 0.262482 0.262409 0.262364 0.262343 0.262320 0.000000 0.000000
0.000000 0.000000 0.250672 0.250699 0.250716 0.250759 0.250867 0.250950 0.250950 0.250960 0.250973 0.250963 0.250951 0.250956 0.250879 0.250791 0.250739 0.250721 0.250705 0.000000 0.000000
0.000000 0.000000 0.237903 0.237919 0.237939 0.238040 0.238111 0.238217 0.238189 0.238251 0.238237 0.238242 0.238262 0.238226 0.238148 0.238097 0.238026 0.237991 0.237942 0.000000 0.000000
0.000000 0.000000 0.223546 0.223593 0.223637 0.223692 0.223787 0.223910 0.223923 0.223932 0.223904 0.223950 0.223929 0.223928 0.223791 0.223718 0.223674 0.223645 0.223531 0.000000 0.000000
0.000000 0.000000 0.207821 0.207869 0.207874 0.207976 0.208050 0.208405 0.208412 0.208428 0.208530 0.208468 0.208453 0.208420 0.208145 0.208078 0.207939 0.207930 0.207875 0.000000 0.000000
0.000000 0.000000 0.189063 0.189077 0.189155 0.189221 0.189693 0.189625 0.189718 0.189717 0.189675 0.189714 0.189722 0.189758 0.189819 0.189324 0.189264 0.189134 0.189049 0.000000 0.000000
0.000000 0.000000 0.166753 0.166806 0.166902 0.167514 0.167419 0.167731 0.167858 0.167889 0.167998 0.168062 0.167993 0.168003 0.167695 0.167765 0.166957 0.167100 0.167095 0.000000 0.000000
0.000000 0.000000 0.142576 0.142620 0.143494 0.143192 0.143286 0.143331 0.142983 0.143086 0.142897 0.142948 0.143098 0.142883 0.142896 0.142830 0.143570 0.142276 0.142295 0.000000 0.000000
0.000000 0.000000 0.113571 0.114869 0.114501 0.115037 0.115689 0.115885 0.116280 0.116187 0.116595 0.116548 0.116309 0.116555 0.116208 0.115728 0.114544 0.115397 0.114047 0.000000 0.000000
0.000000 0.000000 0.104830 0.103652 0.102667 0.102657 0.102582 0.103554 0.103367 0.103657 0.103166 0.103262 0.103344 0.103177 0.102373 0.102429 0.102483 0.103217 0.104380 0.000000 0.000000
0.000000 0.000000 0.300000 0.300000 0.300000 0.300000 0.300000 0.300000 0.300000 0.300000 0.300000 0.300000 0.300000 0.300000 0.300000 0.300000 0.300000 0.300000 0.300000 0.000000 0.000000
0.000000 0.000000 0.000000 0.000000 0.000000 0.000000 0.000000 0.000000 0.000000 0.000000 0.000000 0.000000 0.000000 0.000000 0.000000 0.000000 0.000000 0.000000 0.000000 0.000000 0.000000