geotop/1.0zi/1.0Montebello/Templates/testdem/maps/_Eocsilt5852.asc
ncols         21
nrows         20
xllcorner     100.000000
yllcorner     100.000000
cellsize      50.000000
NODATA_value  -9999.0
0.000000 0.000000 0.000000 0.000000 0.000000 0.000000 0.000000 0.000000 0.000000 0.000000 0.000000 0.000000 0.000000 0.000000 0.000000 0.000000 0.000000 0.000000 0.000000 0.000000 0.000000
0.000000 0.000000 0.350116 0.350116 0.350116 0.350116 0.350116 0.350117 0.350116 0.350116 0.350116 0.350116 0.350116 0.350116 0.350116 0.350116 0.350117 0.350116 0.350116 0.000000 0.000000
0.000000 0.000000 0.350002 0.350002 0.350002 0.350003 0.350003 0.350003 0.350003 0.350003 0.350003 0.350003 0.350003 0.350003 0.350003 0.350002 0.350001 0.350001 0.350002 0.000000 0.000000
0.000000 0.000000 0.350046 0.350045 0.350044 0.350039 0.350040 0.350038 0.350040 0.350040 0.350040 0.350039 0.350039 0.350039 0.350041 0.350044 0.350045 0.350047 0.350046 0.000000 0.000000
0.000000 0.000000 0.350524 0.350527 0.350525 0.350522 0.350519 0.350514 0.350512 0.350511 0.350509 0.350510 0.350512 0.350513 0.350518 0.350520 0.350520 0.350529 0.350533 0.000000 0.000000
0.000000 0.000000 0.352027 0.352031 0.352027 0.352014 0.352003 0.351986 0.351984 0.351980 0.351984 0.351987 0.351987 0.351983 0.351990 0.351996 0.352005 0.352009 0.352013 0.000000 0.000000
0.000000 0.000000 0.354332 0.354330 0.354325 0.354307 0.354286 0.354263 0.354265 0.354262 0.354265 0.354265 0.354262 0.354265 0.354281 0.354299 0.354306 0.354316 0.354322 0.000000 0.000000
0.000000 0.000000 0.357146 0.357147 0.357147 0.357130 0.357109 0.357083 0.357084 0.357081 0.357081 0.357080 0.357079 0.357081 0.357101 0.357120 0.357135 0.357138 0.357147 0.000000 0.000000
0.000000 0.000000 0.360102 0.360098 0.360091 0.360080 0.360059 0.360029 0.360031 0.360026 0.360023 0.360025 0.360025 0.360022 0.360049 0.360070 0.360083 0.360088 0.360097 0.000000 0.000000
0.000000 0.000000 0.363070 0.363066 0.363063 0.363056 0.363027 0.363001 0.363004 0.363000 0.362997 0.363001 0.363003 0.363000 0.363020 0.363044 0.363057 0.363060 0.363065 0.000000 0.000000
0.000000 0.000000 0.366120 0.366117 0.366117 0.366095 0.366076 0.366048 0.366054 0.366040 0.366041 0.366042 0.366039 0.366045 0.366062 0.366077 0.366092 0.366101 0.366113 0.000000 0.000000
0.000000 0.000000 0.369327 0.369320 0.369312 0.369298 0.369281 0.369246 0.369248 0.369240 0.369249 0.369241 0.369242 0.369245 0.369275 0.369288 0.369299 0.369304 0.369335 0.000000 0.000000
0.000000 0.000000 0.372621 0.372615 0.372613 0.372596 0.372580 0.372511 0.372511 0.372505 0.372491 0.372499 0.372504 0.372508 0.372558 0.372571 0.372596 0.372598 0.372621 0.000000 0.000000
0.000000 0.000000 0.376203 0.376198 0.376190 0.376180 0.376112 0.376096 0.376080 0.376080 0.376075 0.376077 0.376077 0.376074 0.376082 0.376149 0.376169 0.376186 0.376209 0.000000 0.000000
0.000000 0.000000 0.380152 0.380147 0.380133 0.380063 0.380042 0.380001 0.379975 0.379972 0.379959 0.379951 0.379959 0.379953 0.379983 0.380014 0.380114 0.380106 0.380119 0.000000 0.000000
0.000000 0.000000 0.384339 0.384335 0.384243 0.384228 0.384223 0.384197 0.384215 0.384204 0.384213 0.384203 0.384192 0.384210 0.384225 0.384234 0.384226 0.384343 0.384346 0.000000 0.000000
0.000000 0.000000 0.389141 0.389016 0.388975 0.388939 0.388879 0.388848 0.388837 0.388836 0.388809 0.388805 0.388817 0.388811 0.388845 0.388890 0.388962 0.388987 0.389114 0.000000 0.000000
0.000000 0.000000 0.392621 0.392630 0.392742 0.392712 0.392665 0.392548 0.392546 0.392520 0.392538 0.392531 0.392539 0.392541 0.392647 0.392681 0.392756 0.392642 0.392640 0.000000 0.000000
0.000000 0.000000 0.350000 0.350000 0.350000 0.350000 0.350000 0.350000 0.350000 0.350000 0.350000 0.350000 0.350000 0.350000 0.350000 0.350000 0.350000 0.350000 0.350000 0.000000 0.000000
0.000000 0.000000 0.000000 0.000000 0.000000 0.000000 0.000000 0.000000 0.000000 0.000000 0.000000 0.000000 0.000000 0.000000 0.000000 0.000000 0.000000 0.000000 0.000000 0.000000 0.000000