geotop/1.0zi/1.0Montebello/Templates/testdem/maps/_Eocclay1488.asc
ncols         21
nrows         20
xllcorner     100.000000
yllcorner     100.000000
cellsize      50.000000
NODATA_value  -9999.0
0.000000 0.000000 0.000000 0.000000 0.000000 0.000000 0.000000 0.000000 0.000000 0.000000 0.000000 0.000000 0.000000 0.000000 0.000000 0.000000 0.000000 0.000000 0.000000 0.000000 0.000000
0.000000 0.000000 0.349925 0.349925 0.349925 0.349925 0.349925 0.349925 0.349925 0.349925 0.349925 0.349925 0.349925 0.349925 0.349925 0.349925 0.349925 0.349925 0.349925 0.000000 0.000000
0.000000 0.000000 0.349994 0.349994 0.349994 0.349994 0.349994 0.349994 0.349994 0.349994 0.349994 0.349994 0.349994 0.349994 0.349994 0.349994 0.349994 0.349994 0.349994 0.000000 0.000000
0.000000 0.000000 0.350579 0.350579 0.350576 0.350577 0.350579 0.350579 0.350579 0.350579 0.350579 0.350579 0.350579 0.350579 0.350579 0.350577 0.350576 0.350579 0.350579 0.000000 0.000000
0.000000 0.000000 0.352805 0.352804 0.352802 0.352802 0.352806 0.352805 0.352805 0.352806 0.352806 0.352806 0.352805 0.352805 0.352806 0.352802 0.352802 0.352804 0.352805 0.000000 0.000000
0.000000 0.000000 0.355292 0.355292 0.355290 0.355290 0.355293 0.355292 0.355292 0.355293 0.355293 0.355293 0.355292 0.355292 0.355293 0.355290 0.355290 0.355292 0.355292 0.000000 0.000000
0.000000 0.000000 0.357657 0.357656 0.357655 0.357655 0.357657 0.357657 0.357656 0.357657 0.357657 0.357657 0.357656 0.357657 0.357657 0.357655 0.357655 0.357656 0.357657 0.000000 0.000000
0.000000 0.000000 0.359834 0.359834 0.359832 0.359833 0.359835 0.359834 0.359834 0.359835 0.359835 0.359835 0.359834 0.359834 0.359835 0.359833 0.359832 0.359834 0.359834 0.000000 0.000000
0.000000 0.000000 0.361875 0.361875 0.361873 0.361874 0.361875 0.361875 0.361875 0.361875 0.361875 0.361875 0.361875 0.361875 0.361875 0.361874 0.361873 0.361875 0.361875 0.000000 0.000000
0.000000 0.000000 0.363831 0.363830 0.363829 0.363829 0.363831 0.363830 0.363830 0.363831 0.363831 0.363831 0.363830 0.363830 0.363831 0.363829 0.363829 0.363830 0.363831 0.000000 0.000000
0.000000 0.000000 0.365720 0.365720 0.365718 0.365719 0.365720 0.365720 0.365720 0.365720 0.365720 0.365720 0.365720 0.365720 0.365720 0.365719 0.365718 0.365720 0.365720 0.000000 0.000000
0.000000 0.000000 0.367562 0.367562 0.367561 0.367561 0.367563 0.367562 0.367562 0.367563 0.367563 0.367563 0.367562 0.367562 0.367563 0.367561 0.367561 0.367562 0.367562 0.000000 0.000000
0.000000 0.000000 0.369373 0.369372 0.369371 0.369371 0.369373 0.369372 0.369372 0.369373 0.369373 0.369373 0.369372 0.369372 0.369373 0.369371 0.369371 0.369372 0.369373 0.000000 0.000000
0.000000 0.000000 0.371151 0.371150 0.371149 0.371149 0.371151 0.371150 0.371150 0.371151 0.371151 0.371151 0.371150 0.371150 0.371151 0.371149 0.371149 0.371150 0.371151 0.000000 0.000000
0.000000 0.000000 0.372904 0.372904 0.372902 0.372903 0.372904 0.372904 0.372904 0.372904 0.372904 0.372904 0.372904 0.372904 0.372904 0.372903 0.372902 0.372904 0.372904 0.000000 0.000000
0.000000 0.000000 0.374640 0.374639 0.374638 0.374638 0.374640 0.374639 0.374639 0.374640 0.374640 0.374640 0.374639 0.374639 0.374640 0.374638 0.374638 0.374639 0.374640 0.000000 0.000000
0.000000 0.000000 0.376356 0.376356 0.376355 0.376355 0.376356 0.376356 0.376356 0.376356 0.376356 0.376356 0.376356 0.376356 0.376356 0.376355 0.376355 0.376356 0.376356 0.000000 0.000000
0.000000 0.000000 0.378093 0.378094 0.378092 0.378093 0.378094 0.378094 0.378094 0.378094 0.378094 0.378094 0.378094 0.378094 0.378094 0.378093 0.378092 0.378094 0.378094 0.000000 0.000000
0.000000 0.000000 0.350000 0.350000 0.350000 0.350000 0.350000 0.350000 0.350000 0.350000 0.350000 0.350000 0.350000 0.350000 0.350000 0.350000 0.350000 0.350000 0.350000 0.000000 0.000000
0.000000 0.000000 0.000000 0.000000 0.000000 0.000000 0.000000 0.000000 0.000000 0.000000 0.000000 0.000000 0.000000 0.000000 0.000000 0.000000 0.000000 0.000000 0.000000 0.000000 0.000000