geotop/1.0zi/1.0Montebello/Templates/testdem/maps/_Eocsand8860.asc
ncols         21
nrows         20
xllcorner     100.000000
yllcorner     100.000000
cellsize      50.000000
NODATA_value  -9999.0
0.000000 0.000000 0.000000 0.000000 0.000000 0.000000 0.000000 0.000000 0.000000 0.000000 0.000000 0.000000 0.000000 0.000000 0.000000 0.000000 0.000000 0.000000 0.000000 0.000000 0.000000
0.000000 0.000000 0.300225 0.300222 0.300222 0.300223 0.300222 0.300222 0.300222 0.300222 0.300223 0.300222 0.300222 0.300222 0.300222 0.300222 0.300224 0.300223 0.300223 0.000000 0.000000
0.000000 0.000000 0.300012 0.300014 0.300013 0.300012 0.300013 0.300013 0.300013 0.300013 0.300013 0.300013 0.300012 0.300013 0.300013 0.300013 0.300014 0.300014 0.300015 0.000000 0.000000
0.000000 0.000000 0.299856 0.299856 0.299862 0.299870 0.299869 0.299873 0.299867 0.299868 0.299869 0.299868 0.299867 0.299869 0.299864 0.299859 0.299856 0.299856 0.299855 0.000000 0.000000
0.000000 0.000000 0.297570 0.297570 0.297583 0.297609 0.297635 0.297639 0.297642 0.297644 0.297645 0.297642 0.297639 0.297638 0.297616 0.297605 0.297592 0.297588 0.297576 0.000000 0.000000
0.000000 0.000000 0.291126 0.291133 0.291162 0.291210 0.291260 0.291305 0.291301 0.291314 0.291305 0.291305 0.291295 0.291298 0.291271 0.291228 0.291206 0.291192 0.291180 0.000000 0.000000
0.000000 0.000000 0.282209 0.282226 0.282247 0.282306 0.282375 0.282468 0.282462 0.282471 0.282470 0.282469 0.282471 0.282465 0.282388 0.282330 0.282295 0.282273 0.282259 0.000000 0.000000
0.000000 0.000000 0.271654 0.271671 0.271687 0.271755 0.271825 0.271910 0.271905 0.271916 0.271916 0.271921 0.271926 0.271908 0.271836 0.271774 0.271717 0.271711 0.271684 0.000000 0.000000
0.000000 0.000000 0.260242 0.260267 0.260298 0.260345 0.260425 0.260521 0.260510 0.260530 0.260536 0.260539 0.260535 0.260538 0.260439 0.260365 0.260322 0.260311 0.260285 0.000000 0.000000
0.000000 0.000000 0.247938 0.247969 0.247986 0.248035 0.248147 0.248232 0.248227 0.248240 0.248253 0.248243 0.248230 0.248234 0.248154 0.248061 0.248011 0.248000 0.247986 0.000000 0.000000
0.000000 0.000000 0.234313 0.234333 0.234351 0.234463 0.234535 0.234645 0.234613 0.234679 0.234664 0.234671 0.234693 0.234653 0.234569 0.234514 0.234443 0.234421 0.234367 0.000000 0.000000
0.000000 0.000000 0.218860 0.218904 0.218959 0.219018 0.219116 0.219250 0.219248 0.219257 0.219228 0.219279 0.219256 0.219255 0.219109 0.219030 0.218995 0.218979 0.218858 0.000000 0.000000
0.000000 0.000000 0.201819 0.201869 0.201873 0.201989 0.202068 0.202458 0.202455 0.202474 0.202591 0.202520 0.202505 0.202467 0.202164 0.202091 0.201948 0.201950 0.201901 0.000000 0.000000
0.000000 0.000000 0.181242 0.181256 0.181347 0.181420 0.181954 0.181842 0.181941 0.181937 0.181882 0.181932 0.181942 0.181985 0.182081 0.181510 0.181463 0.181337 0.181246 0.000000 0.000000
0.000000 0.000000 0.156767 0.156830 0.156936 0.157635 0.157473 0.157837 0.157962 0.157997 0.158128 0.158198 0.158118 0.158123 0.157770 0.157898 0.156979 0.157181 0.157188 0.000000 0.000000
0.000000 0.000000 0.130756 0.130804 0.131781 0.131385 0.131501 0.131514 0.131095 0.131212 0.130992 0.131044 0.131218 0.130975 0.131028 0.130927 0.131859 0.130410 0.130436 0.000000 0.000000
0.000000 0.000000 0.100927 0.102255 0.101810 0.102387 0.103049 0.103243 0.103671 0.103565 0.104002 0.103950 0.103693 0.103959 0.103603 0.103114 0.101847 0.102834 0.101457 0.000000 0.000000
0.000000 0.000000 0.092632 0.091515 0.090569 0.090572 0.090502 0.091420 0.091236 0.091512 0.091044 0.091137 0.091213 0.091055 0.090299 0.090344 0.090398 0.091121 0.092224 0.000000 0.000000
0.000000 0.000000 0.300000 0.300000 0.300000 0.300000 0.300000 0.300000 0.300000 0.300000 0.300000 0.300000 0.300000 0.300000 0.300000 0.300000 0.300000 0.300000 0.300000 0.000000 0.000000
0.000000 0.000000 0.000000 0.000000 0.000000 0.000000 0.000000 0.000000 0.000000 0.000000 0.000000 0.000000 0.000000 0.000000 0.000000 0.000000 0.000000 0.000000 0.000000 0.000000 0.000000