geotop/1.0zi/1.0Montebello/Templates/testdem/maps/_Eocsand3411.asc
ncols         21
nrows         20
xllcorner     100.000000
yllcorner     100.000000
cellsize      50.000000
NODATA_value  -9999.0
0.000000 0.000000 0.000000 0.000000 0.000000 0.000000 0.000000 0.000000 0.000000 0.000000 0.000000 0.000000 0.000000 0.000000 0.000000 0.000000 0.000000 0.000000 0.000000 0.000000 0.000000
0.000000 0.000000 0.300091 0.300091 0.300091 0.300091 0.300091 0.300091 0.300091 0.300091 0.300092 0.300091 0.300091 0.300091 0.300091 0.300091 0.300091 0.300091 0.300091 0.000000 0.000000
0.000000 0.000000 0.300010 0.300011 0.300011 0.300010 0.300011 0.300010 0.300010 0.300011 0.300009 0.300011 0.300010 0.300010 0.300011 0.300010 0.300011 0.300011 0.300010 0.000000 0.000000
0.000000 0.000000 0.297333 0.297334 0.297338 0.297336 0.297333 0.297333 0.297334 0.297333 0.297333 0.297333 0.297334 0.297333 0.297333 0.297336 0.297338 0.297334 0.297333 0.000000 0.000000
0.000000 0.000000 0.287198 0.287199 0.287203 0.287202 0.287196 0.287198 0.287198 0.287196 0.287195 0.287196 0.287198 0.287198 0.287196 0.287202 0.287203 0.287199 0.287198 0.000000 0.000000
0.000000 0.000000 0.275424 0.275425 0.275429 0.275429 0.275423 0.275425 0.275425 0.275423 0.275422 0.275423 0.275425 0.275425 0.275423 0.275429 0.275429 0.275425 0.275424 0.000000 0.000000
0.000000 0.000000 0.264590 0.264591 0.264594 0.264593 0.264589 0.264591 0.264591 0.264589 0.264588 0.264589 0.264591 0.264591 0.264589 0.264593 0.264594 0.264591 0.264590 0.000000 0.000000
0.000000 0.000000 0.254771 0.254772 0.254775 0.254774 0.254770 0.254772 0.254772 0.254771 0.254769 0.254771 0.254772 0.254772 0.254770 0.254774 0.254775 0.254772 0.254771 0.000000 0.000000
0.000000 0.000000 0.245710 0.245711 0.245714 0.245713 0.245710 0.245711 0.245711 0.245710 0.245709 0.245710 0.245711 0.245711 0.245710 0.245713 0.245714 0.245711 0.245710 0.000000 0.000000
0.000000 0.000000 0.237194 0.237195 0.237197 0.237197 0.237194 0.237195 0.237195 0.237194 0.237193 0.237194 0.237195 0.237195 0.237194 0.237197 0.237197 0.237195 0.237194 0.000000 0.000000
0.000000 0.000000 0.229113 0.229114 0.229116 0.229115 0.229113 0.229114 0.229114 0.229113 0.229112 0.229113 0.229114 0.229114 0.229113 0.229115 0.229116 0.229114 0.229113 0.000000 0.000000
0.000000 0.000000 0.221389 0.221390 0.221392 0.221391 0.221389 0.221390 0.221390 0.221389 0.221388 0.221389 0.221390 0.221390 0.221389 0.221391 0.221392 0.221390 0.221389 0.000000 0.000000
0.000000 0.000000 0.213964 0.213964 0.213967 0.213966 0.213963 0.213964 0.213964 0.213963 0.213962 0.213963 0.213964 0.213964 0.213963 0.213966 0.213967 0.213964 0.213964 0.000000 0.000000
0.000000 0.000000 0.206779 0.206779 0.206782 0.206781 0.206778 0.206779 0.206779 0.206778 0.206777 0.206778 0.206779 0.206779 0.206778 0.206781 0.206782 0.206779 0.206779 0.000000 0.000000
0.000000 0.000000 0.199813 0.199814 0.199816 0.199815 0.199813 0.199814 0.199814 0.199813 0.199812 0.199813 0.199814 0.199814 0.199813 0.199815 0.199816 0.199814 0.199813 0.000000 0.000000
0.000000 0.000000 0.193057 0.193057 0.193059 0.193058 0.193056 0.193057 0.193057 0.193056 0.193055 0.193056 0.193057 0.193057 0.193056 0.193058 0.193059 0.193057 0.193057 0.000000 0.000000
0.000000 0.000000 0.186485 0.186485 0.186487 0.186486 0.186484 0.186485 0.186485 0.186484 0.186483 0.186484 0.186485 0.186485 0.186484 0.186486 0.186487 0.186485 0.186485 0.000000 0.000000
0.000000 0.000000 0.179979 0.179979 0.179981 0.179980 0.179978 0.179979 0.179979 0.179978 0.179977 0.179978 0.179979 0.179979 0.179978 0.179980 0.179981 0.179979 0.179978 0.000000 0.000000
0.000000 0.000000 0.300000 0.300000 0.300000 0.300000 0.300000 0.300000 0.300000 0.300000 0.300000 0.300000 0.300000 0.300000 0.300000 0.300000 0.300000 0.300000 0.300000 0.000000 0.000000
0.000000 0.000000 0.000000 0.000000 0.000000 0.000000 0.000000 0.000000 0.000000 0.000000 0.000000 0.000000 0.000000 0.000000 0.000000 0.000000 0.000000 0.000000 0.000000 0.000000 0.000000