geotop/1.0zi/1.0Montebello/Templates/testdem/maps/_Eocsand4911.asc
ncols         21
nrows         20
xllcorner     100.000000
yllcorner     100.000000
cellsize      50.000000
NODATA_value  -9999.0
0.000000 0.000000 0.000000 0.000000 0.000000 0.000000 0.000000 0.000000 0.000000 0.000000 0.000000 0.000000 0.000000 0.000000 0.000000 0.000000 0.000000 0.000000 0.000000 0.000000 0.000000
0.000000 0.000000 0.300120 0.300120 0.300120 0.300120 0.300120 0.300120 0.300120 0.300120 0.300120 0.300120 0.300120 0.300120 0.300120 0.300120 0.300120 0.300120 0.300120 0.000000 0.000000
0.000000 0.000000 0.300006 0.300005 0.300005 0.300005 0.300005 0.300005 0.300005 0.300005 0.300005 0.300005 0.300005 0.300005 0.300005 0.300005 0.300007 0.300007 0.300006 0.000000 0.000000
0.000000 0.000000 0.299976 0.299975 0.299977 0.299981 0.299978 0.299981 0.299978 0.299979 0.299979 0.299980 0.299980 0.299982 0.299978 0.299974 0.299976 0.299973 0.299975 0.000000 0.000000
0.000000 0.000000 0.299198 0.299195 0.299197 0.299206 0.299217 0.299223 0.299223 0.299225 0.299229 0.299225 0.299228 0.299226 0.299217 0.299217 0.299212 0.299203 0.299196 0.000000 0.000000
0.000000 0.000000 0.296584 0.296578 0.296588 0.296615 0.296627 0.296655 0.296659 0.296668 0.296660 0.296658 0.296651 0.296651 0.296644 0.296628 0.296617 0.296606 0.296597 0.000000 0.000000
0.000000 0.000000 0.292666 0.292670 0.292680 0.292709 0.292743 0.292783 0.292782 0.292788 0.292782 0.292785 0.292784 0.292779 0.292751 0.292717 0.292703 0.292688 0.292675 0.000000 0.000000
0.000000 0.000000 0.288052 0.288057 0.288060 0.288091 0.288127 0.288168 0.288165 0.288171 0.288171 0.288172 0.288174 0.288171 0.288133 0.288098 0.288079 0.288070 0.288057 0.000000 0.000000
0.000000 0.000000 0.283332 0.283341 0.283352 0.283376 0.283410 0.283455 0.283452 0.283460 0.283460 0.283459 0.283461 0.283457 0.283421 0.283381 0.283366 0.283355 0.283339 0.000000 0.000000
0.000000 0.000000 0.278608 0.278617 0.278624 0.278648 0.278689 0.278730 0.278724 0.278730 0.278730 0.278730 0.278733 0.278733 0.278692 0.278653 0.278638 0.278628 0.278615 0.000000 0.000000
0.000000 0.000000 0.273794 0.273803 0.273810 0.273830 0.273862 0.273911 0.273906 0.273916 0.273917 0.273915 0.273919 0.273917 0.273881 0.273851 0.273832 0.273821 0.273805 0.000000 0.000000
0.000000 0.000000 0.268794 0.268802 0.268815 0.268844 0.268876 0.268924 0.268925 0.268930 0.268931 0.268933 0.268934 0.268934 0.268888 0.268853 0.268834 0.268825 0.268775 0.000000 0.000000
0.000000 0.000000 0.263704 0.263714 0.263726 0.263748 0.263788 0.263890 0.263889 0.263897 0.263899 0.263898 0.263903 0.263899 0.263810 0.263768 0.263749 0.263738 0.263709 0.000000 0.000000
0.000000 0.000000 0.258277 0.258295 0.258304 0.258327 0.258437 0.258463 0.258479 0.258485 0.258485 0.258485 0.258491 0.258488 0.258459 0.258354 0.258333 0.258311 0.258293 0.000000 0.000000
0.000000 0.000000 0.252393 0.252407 0.252437 0.252533 0.252584 0.252650 0.252681 0.252691 0.252707 0.252708 0.252703 0.252711 0.252660 0.252589 0.252472 0.252476 0.252460 0.000000 0.000000
0.000000 0.000000 0.246283 0.246297 0.246417 0.246435 0.246469 0.246501 0.246502 0.246504 0.246498 0.246500 0.246515 0.246491 0.246474 0.246446 0.246450 0.246317 0.246287 0.000000 0.000000
0.000000 0.000000 0.239423 0.239584 0.239676 0.239724 0.239810 0.239854 0.239863 0.239869 0.239888 0.239887 0.239883 0.239895 0.239860 0.239766 0.239703 0.239646 0.239486 0.000000 0.000000
0.000000 0.000000 0.234166 0.234191 0.234084 0.234143 0.234213 0.234371 0.234384 0.234398 0.234391 0.234393 0.234402 0.234387 0.234243 0.234168 0.234083 0.234219 0.234167 0.000000 0.000000
0.000000 0.000000 0.300000 0.300000 0.300000 0.300000 0.300000 0.300000 0.300000 0.300000 0.300000 0.300000 0.300000 0.300000 0.300000 0.300000 0.300000 0.300000 0.300000 0.000000 0.000000
0.000000 0.000000 0.000000 0.000000 0.000000 0.000000 0.000000 0.000000 0.000000 0.000000 0.000000 0.000000 0.000000 0.000000 0.000000 0.000000 0.000000 0.000000 0.000000 0.000000 0.000000