geotop/1.0zi/1.0Montebello/Templates/testdem/maps/_Eocsand088O.asc
ncols         21
nrows         20
xllcorner     100.000000
yllcorner     100.000000
cellsize      50.000000
NODATA_value  -9999.0
0.000000 0.000000 0.000000 0.000000 0.000000 0.000000 0.000000 0.000000 0.000000 0.000000 0.000000 0.000000 0.000000 0.000000 0.000000 0.000000 0.000000 0.000000 0.000000 0.000000 0.000000
0.000000 0.000000 0.300274 0.300272 0.300272 0.300273 0.300272 0.300271 0.300272 0.300272 0.300273 0.300272 0.300272 0.300272 0.300272 0.300272 0.300273 0.300272 0.300272 0.000000 0.000000
0.000000 0.000000 0.300012 0.300014 0.300014 0.300012 0.300014 0.300014 0.300013 0.300013 0.300014 0.300014 0.300013 0.300013 0.300013 0.300013 0.300014 0.300015 0.300015 0.000000 0.000000
0.000000 0.000000 0.299719 0.299714 0.299724 0.299733 0.299733 0.299738 0.299732 0.299734 0.299733 0.299731 0.299731 0.299732 0.299726 0.299718 0.299716 0.299713 0.299714 0.000000 0.000000
0.000000 0.000000 0.296069 0.296077 0.296096 0.296137 0.296168 0.296182 0.296180 0.296180 0.296184 0.296177 0.296171 0.296173 0.296147 0.296131 0.296111 0.296097 0.296085 0.000000 0.000000
0.000000 0.000000 0.286811 0.286826 0.286869 0.286947 0.287021 0.287086 0.287080 0.287088 0.287092 0.287092 0.287081 0.287086 0.287048 0.286985 0.286950 0.286924 0.286912 0.000000 0.000000
0.000000 0.000000 0.274260 0.274288 0.274325 0.274418 0.274512 0.274644 0.274639 0.274646 0.274660 0.274660 0.274661 0.274658 0.274553 0.274475 0.274424 0.274389 0.274375 0.000000 0.000000
0.000000 0.000000 0.259185 0.259220 0.259261 0.259384 0.259489 0.259613 0.259609 0.259620 0.259637 0.259644 0.259648 0.259630 0.259532 0.259443 0.259362 0.259342 0.259313 0.000000 0.000000
0.000000 0.000000 0.242181 0.242230 0.242298 0.242395 0.242519 0.242669 0.242653 0.242675 0.242700 0.242705 0.242698 0.242708 0.242566 0.242457 0.242392 0.242361 0.242336 0.000000 0.000000
0.000000 0.000000 0.222708 0.222778 0.222840 0.222948 0.223089 0.223252 0.223249 0.223259 0.223297 0.223285 0.223267 0.223275 0.223161 0.223015 0.222934 0.222899 0.222891 0.000000 0.000000
0.000000 0.000000 0.199627 0.199686 0.199743 0.199988 0.200052 0.200281 0.200229 0.200333 0.200329 0.200350 0.200391 0.200328 0.200189 0.200100 0.199981 0.199937 0.199839 0.000000 0.000000
0.000000 0.000000 0.171587 0.171722 0.171886 0.171992 0.172129 0.172425 0.172453 0.172435 0.172412 0.172501 0.172454 0.172495 0.172226 0.172063 0.172005 0.171961 0.171769 0.000000 0.000000
0.000000 0.000000 0.139851 0.139974 0.140004 0.140265 0.140428 0.141262 0.141281 0.141328 0.141661 0.141434 0.141439 0.141361 0.140756 0.140635 0.140312 0.140293 0.140304 0.000000 0.000000
0.000000 0.000000 0.103311 0.103359 0.103634 0.103763 0.104825 0.104266 0.104489 0.104479 0.104270 0.104477 0.104503 0.104647 0.105133 0.103959 0.103986 0.103706 0.103558 0.000000 0.000000
0.000000 0.000000 0.073523 0.073609 0.073719 0.074559 0.074141 0.074712 0.074800 0.074854 0.075074 0.075113 0.075025 0.075004 0.074509 0.074928 0.073844 0.074108 0.074166 0.000000 0.000000
0.000000 0.000000 0.055247 0.055293 0.055717 0.055746 0.055719 0.055853 0.055708 0.055762 0.055729 0.055753 0.055803 0.055712 0.055644 0.055677 0.055819 0.055302 0.055326 0.000000 0.000000
0.000000 0.000000 0.042517 0.042660 0.042895 0.042898 0.042973 0.043035 0.042972 0.042993 0.042994 0.043005 0.043022 0.042986 0.042951 0.042897 0.042966 0.042683 0.042572 0.000000 0.000000
0.000000 0.000000 0.034036 0.034130 0.034245 0.034241 0.034321 0.034385 0.034346 0.034366 0.034357 0.034365 0.034375 0.034353 0.034303 0.034246 0.034291 0.034142 0.034060 0.000000 0.000000
0.000000 0.000000 0.300000 0.300000 0.300000 0.300000 0.300000 0.300000 0.300000 0.300000 0.300000 0.300000 0.300000 0.300000 0.300000 0.300000 0.300000 0.300000 0.300000 0.000000 0.000000
0.000000 0.000000 0.000000 0.000000 0.000000 0.000000 0.000000 0.000000 0.000000 0.000000 0.000000 0.000000 0.000000 0.000000 0.000000 0.000000 0.000000 0.000000 0.000000 0.000000 0.000000