geotop/1.0zi/1.0Montebello/Templates/testdem/maps/_Eocsilt9351.asc
ncols         21
nrows         20
xllcorner     100.000000
yllcorner     100.000000
cellsize      50.000000
NODATA_value  -9999.0
0.000000 0.000000 0.000000 0.000000 0.000000 0.000000 0.000000 0.000000 0.000000 0.000000 0.000000 0.000000 0.000000 0.000000 0.000000 0.000000 0.000000 0.000000 0.000000 0.000000 0.000000
0.000000 0.000000 0.350199 0.350198 0.350199 0.350199 0.350198 0.350198 0.350199 0.350198 0.350199 0.350198 0.350198 0.350198 0.350198 0.350199 0.350199 0.350199 0.350198 0.000000 0.000000
0.000000 0.000000 0.350008 0.350007 0.350008 0.350007 0.350008 0.350008 0.350008 0.350008 0.350008 0.350008 0.350009 0.350009 0.350008 0.350007 0.350006 0.350006 0.350007 0.000000 0.000000
0.000000 0.000000 0.350123 0.350120 0.350114 0.350109 0.350109 0.350105 0.350108 0.350108 0.350105 0.350109 0.350109 0.350109 0.350112 0.350115 0.350121 0.350121 0.350124 0.000000 0.000000
0.000000 0.000000 0.351314 0.351319 0.351309 0.351292 0.351282 0.351277 0.351279 0.351277 0.351277 0.351280 0.351285 0.351283 0.351296 0.351303 0.351307 0.351313 0.351316 0.000000 0.000000
0.000000 0.000000 0.354696 0.354691 0.354676 0.354656 0.354625 0.354602 0.354599 0.354594 0.354598 0.354599 0.354603 0.354601 0.354617 0.354637 0.354648 0.354656 0.354663 0.000000 0.000000
0.000000 0.000000 0.359501 0.359491 0.359475 0.359443 0.359402 0.359352 0.359357 0.359353 0.359352 0.359352 0.359350 0.359356 0.359394 0.359424 0.359444 0.359459 0.359467 0.000000 0.000000
0.000000 0.000000 0.365185 0.365174 0.365162 0.365126 0.365085 0.365040 0.365042 0.365037 0.365034 0.365032 0.365030 0.365039 0.365076 0.365111 0.365143 0.365148 0.365163 0.000000 0.000000
0.000000 0.000000 0.371403 0.371387 0.371367 0.371340 0.371293 0.371237 0.371243 0.371232 0.371227 0.371226 0.371229 0.371228 0.371282 0.371322 0.371347 0.371358 0.371371 0.000000 0.000000
0.000000 0.000000 0.378166 0.378147 0.378131 0.378103 0.378041 0.377989 0.377992 0.377985 0.377976 0.377982 0.377989 0.377988 0.378030 0.378082 0.378111 0.378121 0.378128 0.000000 0.000000
0.000000 0.000000 0.385726 0.385712 0.385699 0.385631 0.385591 0.385525 0.385542 0.385506 0.385512 0.385508 0.385497 0.385519 0.385565 0.385597 0.385637 0.385653 0.385685 0.000000 0.000000
0.000000 0.000000 0.394416 0.394385 0.394346 0.394314 0.394255 0.394173 0.394175 0.394169 0.394184 0.394154 0.394170 0.394170 0.394251 0.394298 0.394320 0.394333 0.394400 0.000000 0.000000
0.000000 0.000000 0.404092 0.404065 0.404056 0.403982 0.403934 0.403701 0.403702 0.403690 0.403617 0.403661 0.403670 0.403693 0.403867 0.403911 0.403995 0.404002 0.404025 0.000000 0.000000
0.000000 0.000000 0.415915 0.415905 0.415840 0.415795 0.415471 0.415555 0.415493 0.415495 0.415533 0.415497 0.415492 0.415465 0.415386 0.415733 0.415756 0.415839 0.415891 0.000000 0.000000
0.000000 0.000000 0.429724 0.429684 0.429616 0.429197 0.429326 0.429083 0.429016 0.428993 0.428907 0.428870 0.428920 0.428922 0.429144 0.429029 0.429578 0.429459 0.429449 0.000000 0.000000
0.000000 0.000000 0.443305 0.443279 0.442754 0.442998 0.442914 0.442921 0.443149 0.443087 0.443207 0.443185 0.443089 0.443218 0.443166 0.443238 0.442691 0.443482 0.443470 0.000000 0.000000
0.000000 0.000000 0.456540 0.456030 0.456196 0.455965 0.455704 0.455619 0.455448 0.455488 0.455313 0.455334 0.455435 0.455331 0.455475 0.455668 0.456166 0.455785 0.456315 0.000000 0.000000
0.000000 0.000000 0.461154 0.461343 0.461650 0.461585 0.461534 0.461238 0.461252 0.461179 0.461274 0.461251 0.461253 0.461276 0.461531 0.461571 0.461680 0.461384 0.461200 0.000000 0.000000
0.000000 0.000000 0.350000 0.350000 0.350000 0.350000 0.350000 0.350000 0.350000 0.350000 0.350000 0.350000 0.350000 0.350000 0.350000 0.350000 0.350000 0.350000 0.350000 0.000000 0.000000
0.000000 0.000000 0.000000 0.000000 0.000000 0.000000 0.000000 0.000000 0.000000 0.000000 0.000000 0.000000 0.000000 0.000000 0.000000 0.000000 0.000000 0.000000 0.000000 0.000000 0.000000