geotop/1.0zi/1.0Montebello/Templates/testdem/maps/_Eocclay2438.asc
ncols         21
nrows         20
xllcorner     100.000000
yllcorner     100.000000
cellsize      50.000000
NODATA_value  -9999.0
0.000000 0.000000 0.000000 0.000000 0.000000 0.000000 0.000000 0.000000 0.000000 0.000000 0.000000 0.000000 0.000000 0.000000 0.000000 0.000000 0.000000 0.000000 0.000000 0.000000 0.000000
0.000000 0.000000 0.349867 0.349867 0.349867 0.349867 0.349867 0.349867 0.349867 0.349867 0.349866 0.349867 0.349867 0.349867 0.349867 0.349867 0.349867 0.349867 0.349867 0.000000 0.000000
0.000000 0.000000 0.349990 0.349989 0.349989 0.349990 0.349989 0.349990 0.349990 0.349990 0.349990 0.349990 0.349990 0.349990 0.349989 0.349990 0.349989 0.349989 0.349990 0.000000 0.000000
0.000000 0.000000 0.350749 0.350748 0.350746 0.350747 0.350749 0.350748 0.350748 0.350749 0.350749 0.350749 0.350748 0.350748 0.350749 0.350747 0.350746 0.350748 0.350749 0.000000 0.000000
0.000000 0.000000 0.354230 0.354229 0.354228 0.354228 0.354231 0.354230 0.354230 0.354232 0.354232 0.354232 0.354230 0.354230 0.354231 0.354228 0.354228 0.354229 0.354230 0.000000 0.000000
0.000000 0.000000 0.358257 0.358257 0.358255 0.358255 0.358258 0.358257 0.358257 0.358258 0.358258 0.358258 0.358257 0.358257 0.358258 0.358255 0.358255 0.358257 0.358257 0.000000 0.000000
0.000000 0.000000 0.362080 0.362079 0.362078 0.362078 0.362080 0.362080 0.362080 0.362080 0.362081 0.362080 0.362080 0.362080 0.362080 0.362078 0.362078 0.362079 0.362080 0.000000 0.000000
0.000000 0.000000 0.365593 0.365593 0.365591 0.365592 0.365593 0.365593 0.365593 0.365594 0.365594 0.365594 0.365593 0.365593 0.365593 0.365592 0.365591 0.365593 0.365593 0.000000 0.000000
0.000000 0.000000 0.368872 0.368872 0.368871 0.368871 0.368873 0.368872 0.368872 0.368873 0.368873 0.368873 0.368872 0.368872 0.368873 0.368871 0.368871 0.368872 0.368872 0.000000 0.000000
0.000000 0.000000 0.371992 0.371991 0.371990 0.371991 0.371992 0.371992 0.371992 0.371992 0.371993 0.371992 0.371992 0.371992 0.371992 0.371991 0.371990 0.371991 0.371992 0.000000 0.000000
0.000000 0.000000 0.374987 0.374987 0.374986 0.374986 0.374987 0.374987 0.374987 0.374988 0.374988 0.374988 0.374987 0.374987 0.374987 0.374986 0.374986 0.374987 0.374987 0.000000 0.000000
0.000000 0.000000 0.377885 0.377885 0.377884 0.377884 0.377885 0.377885 0.377885 0.377886 0.377886 0.377886 0.377885 0.377885 0.377885 0.377884 0.377884 0.377885 0.377885 0.000000 0.000000
0.000000 0.000000 0.380707 0.380707 0.380705 0.380706 0.380707 0.380707 0.380707 0.380707 0.380707 0.380707 0.380707 0.380707 0.380707 0.380706 0.380705 0.380707 0.380707 0.000000 0.000000
0.000000 0.000000 0.383467 0.383467 0.383466 0.383466 0.383468 0.383467 0.383467 0.383468 0.383468 0.383468 0.383467 0.383467 0.383468 0.383466 0.383466 0.383467 0.383467 0.000000 0.000000
0.000000 0.000000 0.386177 0.386177 0.386175 0.386176 0.386177 0.386177 0.386177 0.386177 0.386177 0.386177 0.386177 0.386177 0.386177 0.386176 0.386175 0.386177 0.386177 0.000000 0.000000
0.000000 0.000000 0.388838 0.388838 0.388837 0.388837 0.388838 0.388838 0.388838 0.388839 0.388839 0.388839 0.388838 0.388838 0.388838 0.388837 0.388837 0.388838 0.388838 0.000000 0.000000
0.000000 0.000000 0.391455 0.391454 0.391453 0.391454 0.391455 0.391454 0.391454 0.391455 0.391455 0.391455 0.391454 0.391454 0.391455 0.391454 0.391453 0.391454 0.391455 0.000000 0.000000
0.000000 0.000000 0.394063 0.394063 0.394062 0.394062 0.394063 0.394063 0.394063 0.394063 0.394064 0.394063 0.394063 0.394063 0.394063 0.394062 0.394062 0.394063 0.394063 0.000000 0.000000
0.000000 0.000000 0.350000 0.350000 0.350000 0.350000 0.350000 0.350000 0.350000 0.350000 0.350000 0.350000 0.350000 0.350000 0.350000 0.350000 0.350000 0.350000 0.350000 0.000000 0.000000
0.000000 0.000000 0.000000 0.000000 0.000000 0.000000 0.000000 0.000000 0.000000 0.000000 0.000000 0.000000 0.000000 0.000000 0.000000 0.000000 0.000000 0.000000 0.000000 0.000000 0.000000