geotop/1.0zi/1.0Montebello/Templates/testdem/maps/_Eocsand2152.asc
ncols         21
nrows         20
xllcorner     100.000000
yllcorner     100.000000
cellsize      50.000000
NODATA_value  -9999.0
0.000000 0.000000 0.000000 0.000000 0.000000 0.000000 0.000000 0.000000 0.000000 0.000000 0.000000 0.000000 0.000000 0.000000 0.000000 0.000000 0.000000 0.000000 0.000000 0.000000 0.000000
0.000000 0.000000 0.300064 0.300064 0.300064 0.300064 0.300064 0.300064 0.300064 0.300064 0.300064 0.300064 0.300064 0.300064 0.300064 0.300064 0.300064 0.300064 0.300064 0.000000 0.000000
0.000000 0.000000 0.300010 0.300010 0.300010 0.300009 0.300010 0.300010 0.300010 0.300010 0.300010 0.300010 0.300010 0.300010 0.300010 0.300009 0.300010 0.300010 0.300010 0.000000 0.000000
0.000000 0.000000 0.298641 0.298642 0.298646 0.298644 0.298640 0.298641 0.298641 0.298641 0.298641 0.298641 0.298641 0.298641 0.298640 0.298644 0.298646 0.298642 0.298641 0.000000 0.000000
0.000000 0.000000 0.292944 0.292946 0.292949 0.292949 0.292943 0.292945 0.292945 0.292942 0.292942 0.292942 0.292945 0.292945 0.292943 0.292949 0.292949 0.292946 0.292944 0.000000 0.000000
0.000000 0.000000 0.285841 0.285843 0.285845 0.285845 0.285840 0.285842 0.285842 0.285840 0.285840 0.285840 0.285842 0.285842 0.285840 0.285845 0.285845 0.285843 0.285841 0.000000 0.000000
0.000000 0.000000 0.279211 0.279212 0.279215 0.279214 0.279210 0.279211 0.279211 0.279210 0.279209 0.279210 0.279211 0.279211 0.279210 0.279214 0.279215 0.279212 0.279211 0.000000 0.000000
0.000000 0.000000 0.273127 0.273127 0.273130 0.273129 0.273126 0.273127 0.273127 0.273126 0.273125 0.273126 0.273127 0.273127 0.273126 0.273129 0.273130 0.273127 0.273127 0.000000 0.000000
0.000000 0.000000 0.267439 0.267440 0.267442 0.267441 0.267438 0.267439 0.267439 0.267438 0.267438 0.267438 0.267439 0.267439 0.267438 0.267441 0.267442 0.267440 0.267439 0.000000 0.000000
0.000000 0.000000 0.262011 0.262012 0.262014 0.262013 0.262011 0.262012 0.262011 0.262010 0.262010 0.262010 0.262011 0.262012 0.262011 0.262013 0.262014 0.262012 0.262011 0.000000 0.000000
0.000000 0.000000 0.256782 0.256782 0.256785 0.256784 0.256781 0.256782 0.256782 0.256781 0.256781 0.256781 0.256782 0.256782 0.256781 0.256784 0.256785 0.256782 0.256782 0.000000 0.000000
0.000000 0.000000 0.251704 0.251705 0.251707 0.251706 0.251704 0.251705 0.251705 0.251704 0.251703 0.251704 0.251705 0.251705 0.251704 0.251706 0.251707 0.251705 0.251704 0.000000 0.000000
0.000000 0.000000 0.246743 0.246744 0.246746 0.246745 0.246743 0.246744 0.246743 0.246742 0.246742 0.246742 0.246743 0.246744 0.246743 0.246745 0.246746 0.246744 0.246743 0.000000 0.000000
0.000000 0.000000 0.241885 0.241886 0.241888 0.241887 0.241885 0.241886 0.241886 0.241885 0.241884 0.241885 0.241886 0.241886 0.241885 0.241887 0.241888 0.241886 0.241885 0.000000 0.000000
0.000000 0.000000 0.237112 0.237112 0.237115 0.237114 0.237111 0.237112 0.237112 0.237111 0.237111 0.237111 0.237112 0.237112 0.237111 0.237114 0.237115 0.237112 0.237112 0.000000 0.000000
0.000000 0.000000 0.232412 0.232413 0.232415 0.232414 0.232412 0.232413 0.232413 0.232412 0.232411 0.232412 0.232413 0.232413 0.232412 0.232414 0.232415 0.232413 0.232412 0.000000 0.000000
0.000000 0.000000 0.227785 0.227786 0.227788 0.227787 0.227785 0.227786 0.227786 0.227785 0.227784 0.227785 0.227786 0.227786 0.227785 0.227787 0.227788 0.227786 0.227785 0.000000 0.000000
0.000000 0.000000 0.223167 0.223167 0.223170 0.223169 0.223166 0.223167 0.223167 0.223166 0.223166 0.223166 0.223167 0.223167 0.223166 0.223169 0.223170 0.223167 0.223167 0.000000 0.000000
0.000000 0.000000 0.300000 0.300000 0.300000 0.300000 0.300000 0.300000 0.300000 0.300000 0.300000 0.300000 0.300000 0.300000 0.300000 0.300000 0.300000 0.300000 0.300000 0.000000 0.000000
0.000000 0.000000 0.000000 0.000000 0.000000 0.000000 0.000000 0.000000 0.000000 0.000000 0.000000 0.000000 0.000000 0.000000 0.000000 0.000000 0.000000 0.000000 0.000000 0.000000 0.000000