geotop/1.0zi/1.0Montebello/Templates/testdem/maps/_Eocclay7102.asc
ncols         21
nrows         20
xllcorner     100.000000
yllcorner     100.000000
cellsize      50.000000
NODATA_value  -9999.0
0.000000 0.000000 0.000000 0.000000 0.000000 0.000000 0.000000 0.000000 0.000000 0.000000 0.000000 0.000000 0.000000 0.000000 0.000000 0.000000 0.000000 0.000000 0.000000 0.000000 0.000000
0.000000 0.000000 0.349681 0.349682 0.349682 0.349681 0.349682 0.349682 0.349682 0.349682 0.349681 0.349682 0.349682 0.349682 0.349682 0.349682 0.349680 0.349680 0.349681 0.000000 0.000000
0.000000 0.000000 0.349987 0.349987 0.349987 0.349988 0.349987 0.349987 0.349987 0.349987 0.349986 0.349986 0.349987 0.349986 0.349987 0.349987 0.349988 0.349988 0.349985 0.000000 0.000000
0.000000 0.000000 0.349978 0.349983 0.349980 0.349980 0.349981 0.349981 0.349983 0.349979 0.349983 0.349981 0.349981 0.349980 0.349981 0.349983 0.349981 0.349983 0.349983 0.000000 0.000000
0.000000 0.000000 0.350743 0.350741 0.350737 0.350733 0.350719 0.350717 0.350716 0.350718 0.350716 0.350716 0.350712 0.350716 0.350724 0.350724 0.350730 0.350731 0.350739 0.000000 0.000000
0.000000 0.000000 0.352988 0.352987 0.352976 0.352951 0.352940 0.352918 0.352920 0.352913 0.352917 0.352917 0.352918 0.352920 0.352928 0.352945 0.352957 0.352970 0.352977 0.000000 0.000000
0.000000 0.000000 0.356175 0.356172 0.356164 0.356144 0.356116 0.356083 0.356083 0.356078 0.356079 0.356080 0.356080 0.356081 0.356108 0.356134 0.356147 0.356158 0.356167 0.000000 0.000000
0.000000 0.000000 0.359979 0.359977 0.359970 0.359945 0.359918 0.359883 0.359883 0.359879 0.359879 0.359876 0.359874 0.359882 0.359911 0.359933 0.359954 0.359962 0.359975 0.000000 0.000000
0.000000 0.000000 0.363940 0.363934 0.363922 0.363907 0.363879 0.363843 0.363846 0.363837 0.363835 0.363834 0.363834 0.363833 0.363868 0.363897 0.363913 0.363920 0.363931 0.000000 0.000000
0.000000 0.000000 0.368048 0.368040 0.368034 0.368019 0.367979 0.367947 0.367948 0.367943 0.367938 0.367941 0.367946 0.367943 0.367973 0.368006 0.368025 0.368031 0.368039 0.000000 0.000000
0.000000 0.000000 0.372420 0.372414 0.372407 0.372377 0.372350 0.372311 0.372320 0.372299 0.372301 0.372301 0.372294 0.372307 0.372332 0.372353 0.372377 0.372390 0.372408 0.000000 0.000000
0.000000 0.000000 0.377136 0.377124 0.377109 0.377088 0.377059 0.377013 0.377013 0.377004 0.377015 0.377000 0.377002 0.377007 0.377052 0.377075 0.377091 0.377100 0.377144 0.000000 0.000000
0.000000 0.000000 0.382118 0.382105 0.382097 0.382071 0.382046 0.381938 0.381938 0.381930 0.381904 0.381916 0.381923 0.381933 0.382014 0.382038 0.382077 0.382081 0.382109 0.000000 0.000000
0.000000 0.000000 0.387741 0.387735 0.387714 0.387694 0.387574 0.387562 0.387538 0.387536 0.387537 0.387533 0.387531 0.387528 0.387530 0.387655 0.387682 0.387715 0.387747 0.000000 0.000000
0.000000 0.000000 0.394169 0.394159 0.394130 0.393991 0.393974 0.393905 0.393865 0.393856 0.393834 0.393816 0.393830 0.393825 0.393889 0.393918 0.394105 0.394084 0.394098 0.000000 0.000000
0.000000 0.000000 0.401164 0.401152 0.400957 0.400968 0.400957 0.400918 0.400978 0.400952 0.400982 0.400961 0.400934 0.400981 0.401003 0.401015 0.400933 0.401194 0.401196 0.000000 0.000000
0.000000 0.000000 0.409668 0.409372 0.409355 0.409262 0.409112 0.409063 0.409013 0.409020 0.408946 0.408946 0.408984 0.408954 0.409027 0.409138 0.409337 0.409285 0.409590 0.000000 0.000000
0.000000 0.000000 0.414591 0.414759 0.415038 0.415001 0.414955 0.414687 0.414702 0.414634 0.414717 0.414695 0.414696 0.414720 0.414956 0.414989 0.415083 0.414823 0.414668 0.000000 0.000000
0.000000 0.000000 0.350000 0.350000 0.350000 0.350000 0.350000 0.350000 0.350000 0.350000 0.350000 0.350000 0.350000 0.350000 0.350000 0.350000 0.350000 0.350000 0.350000 0.000000 0.000000
0.000000 0.000000 0.000000 0.000000 0.000000 0.000000 0.000000 0.000000 0.000000 0.000000 0.000000 0.000000 0.000000 0.000000 0.000000 0.000000 0.000000 0.000000 0.000000 0.000000 0.000000