geotop/1.0zi/1.0Montebello/Templates/testdem/maps/_Eocsand8531.asc
ncols         21
nrows         20
xllcorner     100.000000
yllcorner     100.000000
cellsize      50.000000
NODATA_value  -9999.0
0.000000 0.000000 0.000000 0.000000 0.000000 0.000000 0.000000 0.000000 0.000000 0.000000 0.000000 0.000000 0.000000 0.000000 0.000000 0.000000 0.000000 0.000000 0.000000 0.000000 0.000000
0.000000 0.000000 0.300214 0.300212 0.300212 0.300212 0.300211 0.300211 0.300211 0.300211 0.300212 0.300211 0.300212 0.300212 0.300211 0.300212 0.300213 0.300213 0.300213 0.000000 0.000000
0.000000 0.000000 0.300012 0.300013 0.300013 0.300011 0.300012 0.300013 0.300012 0.300012 0.300013 0.300013 0.300012 0.300012 0.300012 0.300012 0.300013 0.300014 0.300014 0.000000 0.000000
0.000000 0.000000 0.299893 0.299892 0.299897 0.299905 0.299900 0.299908 0.299903 0.299906 0.299906 0.299906 0.299906 0.299907 0.299902 0.299898 0.299895 0.299892 0.299893 0.000000 0.000000
0.000000 0.000000 0.297873 0.297874 0.297888 0.297906 0.297932 0.297940 0.297944 0.297946 0.297947 0.297943 0.297942 0.297940 0.297918 0.297912 0.297899 0.297887 0.297876 0.000000 0.000000
0.000000 0.000000 0.291910 0.291915 0.291941 0.291991 0.292029 0.292076 0.292076 0.292090 0.292080 0.292079 0.292070 0.292074 0.292048 0.292015 0.291986 0.291966 0.291953 0.000000 0.000000
0.000000 0.000000 0.283541 0.283555 0.283574 0.283629 0.283699 0.283778 0.283777 0.283786 0.283785 0.283783 0.283785 0.283780 0.283712 0.283654 0.283619 0.283591 0.283576 0.000000 0.000000
0.000000 0.000000 0.273631 0.273641 0.273656 0.273720 0.273784 0.273870 0.273870 0.273882 0.273882 0.273886 0.273891 0.273875 0.273802 0.273747 0.273691 0.273677 0.273650 0.000000 0.000000
0.000000 0.000000 0.262969 0.262992 0.263022 0.263064 0.263137 0.263230 0.263224 0.263244 0.263249 0.263251 0.263248 0.263251 0.263160 0.263089 0.263046 0.263025 0.263002 0.000000 0.000000
0.000000 0.000000 0.251599 0.251624 0.251641 0.251682 0.251787 0.251871 0.251870 0.251880 0.251894 0.251884 0.251872 0.251877 0.251800 0.251716 0.251665 0.251647 0.251632 0.000000 0.000000
0.000000 0.000000 0.239130 0.239145 0.239164 0.239261 0.239330 0.239436 0.239408 0.239469 0.239455 0.239460 0.239479 0.239444 0.239369 0.239320 0.239250 0.239216 0.239169 0.000000 0.000000
0.000000 0.000000 0.225150 0.225195 0.225237 0.225290 0.225381 0.225503 0.225516 0.225526 0.225498 0.225542 0.225523 0.225522 0.225388 0.225318 0.225275 0.225248 0.225136 0.000000 0.000000
0.000000 0.000000 0.209878 0.209924 0.209929 0.210026 0.210096 0.210442 0.210449 0.210464 0.210562 0.210504 0.210488 0.210457 0.210191 0.210128 0.209994 0.209985 0.209931 0.000000 0.000000
0.000000 0.000000 0.191726 0.191739 0.191813 0.191876 0.192325 0.192269 0.192358 0.192357 0.192321 0.192356 0.192363 0.192397 0.192452 0.191980 0.191921 0.191797 0.191714 0.000000 0.000000
0.000000 0.000000 0.170162 0.170211 0.170303 0.170884 0.170801 0.171097 0.171221 0.171251 0.171355 0.171416 0.171350 0.171363 0.171073 0.171130 0.170362 0.170495 0.170488 0.000000 0.000000
0.000000 0.000000 0.146686 0.146728 0.147563 0.147286 0.147367 0.147419 0.147091 0.147190 0.147013 0.147064 0.147205 0.147000 0.147007 0.146952 0.147640 0.146410 0.146428 0.000000 0.000000
0.000000 0.000000 0.118208 0.119476 0.119134 0.119644 0.120276 0.120468 0.120844 0.120757 0.121150 0.121105 0.120876 0.121111 0.120778 0.120314 0.119182 0.119985 0.118668 0.000000 0.000000
0.000000 0.000000 0.109267 0.108092 0.107099 0.107085 0.107006 0.107974 0.107791 0.108080 0.107593 0.107688 0.107768 0.107605 0.106805 0.106865 0.106917 0.107664 0.108822 0.000000 0.000000
0.000000 0.000000 0.300000 0.300000 0.300000 0.300000 0.300000 0.300000 0.300000 0.300000 0.300000 0.300000 0.300000 0.300000 0.300000 0.300000 0.300000 0.300000 0.300000 0.000000 0.000000
0.000000 0.000000 0.000000 0.000000 0.000000 0.000000 0.000000 0.000000 0.000000 0.000000 0.000000 0.000000 0.000000 0.000000 0.000000 0.000000 0.000000 0.000000 0.000000 0.000000 0.000000