geotop/1.0zi/1.0Montebello/Templates/testdem/maps/_Eocsilt9496.asc
ncols         21
nrows         20
xllcorner     100.000000
yllcorner     100.000000
cellsize      50.000000
NODATA_value  -9999.0
0.000000 0.000000 0.000000 0.000000 0.000000 0.000000 0.000000 0.000000 0.000000 0.000000 0.000000 0.000000 0.000000 0.000000 0.000000 0.000000 0.000000 0.000000 0.000000 0.000000 0.000000
0.000000 0.000000 0.350204 0.350204 0.350204 0.350204 0.350203 0.350203 0.350203 0.350203 0.350203 0.350203 0.350203 0.350203 0.350203 0.350203 0.350204 0.350204 0.350203 0.000000 0.000000
0.000000 0.000000 0.350008 0.350008 0.350008 0.350007 0.350008 0.350008 0.350008 0.350008 0.350008 0.350008 0.350009 0.350009 0.350008 0.350007 0.350006 0.350006 0.350007 0.000000 0.000000
0.000000 0.000000 0.350145 0.350142 0.350137 0.350132 0.350131 0.350126 0.350129 0.350130 0.350127 0.350131 0.350131 0.350131 0.350134 0.350138 0.350143 0.350144 0.350146 0.000000 0.000000
0.000000 0.000000 0.351424 0.351430 0.351419 0.351402 0.351392 0.351386 0.351389 0.351386 0.351387 0.351389 0.351394 0.351392 0.351406 0.351413 0.351417 0.351423 0.351426 0.000000 0.000000
0.000000 0.000000 0.354937 0.354932 0.354917 0.354897 0.354865 0.354841 0.354839 0.354834 0.354837 0.354839 0.354843 0.354841 0.354857 0.354878 0.354889 0.354897 0.354904 0.000000 0.000000
0.000000 0.000000 0.359893 0.359884 0.359867 0.359834 0.359793 0.359741 0.359747 0.359743 0.359742 0.359742 0.359740 0.359746 0.359785 0.359816 0.359836 0.359852 0.359859 0.000000 0.000000
0.000000 0.000000 0.365762 0.365752 0.365739 0.365702 0.365660 0.365613 0.365616 0.365611 0.365608 0.365606 0.365605 0.365613 0.365651 0.365687 0.365719 0.365725 0.365740 0.000000 0.000000
0.000000 0.000000 0.372206 0.372190 0.372169 0.372141 0.372093 0.372035 0.372042 0.372031 0.372026 0.372025 0.372028 0.372027 0.372082 0.372123 0.372149 0.372160 0.372173 0.000000 0.000000
0.000000 0.000000 0.379250 0.379231 0.379214 0.379185 0.379121 0.379067 0.379071 0.379064 0.379054 0.379060 0.379068 0.379066 0.379110 0.379164 0.379193 0.379204 0.379212 0.000000 0.000000
0.000000 0.000000 0.387171 0.387157 0.387143 0.387072 0.387031 0.386961 0.386980 0.386943 0.386949 0.386945 0.386933 0.386956 0.387004 0.387037 0.387078 0.387096 0.387129 0.000000 0.000000
0.000000 0.000000 0.396330 0.396298 0.396257 0.396224 0.396163 0.396076 0.396078 0.396074 0.396089 0.396057 0.396075 0.396073 0.396159 0.396209 0.396231 0.396245 0.396315 0.000000 0.000000
0.000000 0.000000 0.406572 0.406545 0.406536 0.406458 0.406407 0.406156 0.406158 0.406146 0.406066 0.406115 0.406125 0.406149 0.406336 0.406381 0.406471 0.406479 0.406500 0.000000 0.000000
0.000000 0.000000 0.419135 0.419127 0.419055 0.419011 0.418659 0.418761 0.418695 0.418698 0.418743 0.418702 0.418696 0.418665 0.418571 0.418949 0.418968 0.419058 0.419114 0.000000 0.000000
0.000000 0.000000 0.433610 0.433569 0.433500 0.433054 0.433209 0.432941 0.432875 0.432851 0.432756 0.432719 0.432773 0.432777 0.433022 0.432878 0.433465 0.433334 0.433319 0.000000 0.000000
0.000000 0.000000 0.447213 0.447189 0.446667 0.446924 0.446831 0.446845 0.447076 0.447016 0.447139 0.447118 0.447022 0.447149 0.447090 0.447170 0.446606 0.447399 0.447388 0.000000 0.000000
0.000000 0.000000 0.459481 0.459052 0.459174 0.458986 0.458763 0.458689 0.458551 0.458583 0.458438 0.458455 0.458539 0.458454 0.458576 0.458743 0.459147 0.458852 0.459299 0.000000 0.000000
0.000000 0.000000 0.464407 0.464456 0.464716 0.464630 0.464550 0.464322 0.464306 0.464259 0.464301 0.464288 0.464305 0.464305 0.464513 0.464573 0.464732 0.464446 0.464403 0.000000 0.000000
0.000000 0.000000 0.350000 0.350000 0.350000 0.350000 0.350000 0.350000 0.350000 0.350000 0.350000 0.350000 0.350000 0.350000 0.350000 0.350000 0.350000 0.350000 0.350000 0.000000 0.000000
0.000000 0.000000 0.000000 0.000000 0.000000 0.000000 0.000000 0.000000 0.000000 0.000000 0.000000 0.000000 0.000000 0.000000 0.000000 0.000000 0.000000 0.000000 0.000000 0.000000 0.000000