geotop/1.0zi/1.0Montebello/Templates/testdem/maps/_Eocclay5749.asc
ncols         21
nrows         20
xllcorner     100.000000
yllcorner     100.000000
cellsize      50.000000
NODATA_value  -9999.0
0.000000 0.000000 0.000000 0.000000 0.000000 0.000000 0.000000 0.000000 0.000000 0.000000 0.000000 0.000000 0.000000 0.000000 0.000000 0.000000 0.000000 0.000000 0.000000 0.000000 0.000000
0.000000 0.000000 0.349745 0.349746 0.349746 0.349746 0.349746 0.349746 0.349746 0.349746 0.349746 0.349746 0.349746 0.349746 0.349746 0.349746 0.349745 0.349746 0.349745 0.000000 0.000000
0.000000 0.000000 0.349989 0.349990 0.349989 0.349989 0.349989 0.349989 0.349989 0.349989 0.349989 0.349988 0.349989 0.349989 0.349989 0.349989 0.349989 0.349989 0.349989 0.000000 0.000000
0.000000 0.000000 0.349988 0.349990 0.349987 0.349988 0.349990 0.349990 0.349989 0.349988 0.349990 0.349988 0.349988 0.349988 0.349990 0.349992 0.349990 0.349991 0.349990 0.000000 0.000000
0.000000 0.000000 0.350479 0.350479 0.350479 0.350474 0.350463 0.350460 0.350461 0.350462 0.350461 0.350462 0.350457 0.350458 0.350462 0.350461 0.350466 0.350468 0.350472 0.000000 0.000000
0.000000 0.000000 0.352081 0.352082 0.352077 0.352058 0.352052 0.352035 0.352035 0.352031 0.352034 0.352035 0.352038 0.352037 0.352041 0.352053 0.352058 0.352070 0.352074 0.000000 0.000000
0.000000 0.000000 0.354395 0.354393 0.354391 0.354375 0.354354 0.354327 0.354327 0.354324 0.354325 0.354327 0.354328 0.354326 0.354345 0.354365 0.354375 0.354383 0.354390 0.000000 0.000000
0.000000 0.000000 0.357209 0.357209 0.357207 0.357188 0.357168 0.357139 0.357140 0.357137 0.357138 0.357138 0.357135 0.357140 0.357160 0.357177 0.357192 0.357197 0.357206 0.000000 0.000000
0.000000 0.000000 0.360060 0.360058 0.360052 0.360041 0.360022 0.359993 0.359996 0.359990 0.359988 0.359990 0.359989 0.359987 0.360012 0.360031 0.360044 0.360047 0.360055 0.000000 0.000000
0.000000 0.000000 0.362947 0.362942 0.362941 0.362933 0.362904 0.362879 0.362881 0.362878 0.362874 0.362878 0.362881 0.362878 0.362898 0.362921 0.362934 0.362937 0.362943 0.000000 0.000000
0.000000 0.000000 0.365945 0.365942 0.365941 0.365922 0.365902 0.365873 0.365879 0.365866 0.365867 0.365868 0.365864 0.365871 0.365887 0.365902 0.365917 0.365926 0.365938 0.000000 0.000000
0.000000 0.000000 0.369088 0.369081 0.369074 0.369059 0.369042 0.369008 0.369010 0.369002 0.369011 0.369002 0.369003 0.369005 0.369034 0.369048 0.369059 0.369063 0.369095 0.000000 0.000000
0.000000 0.000000 0.372318 0.372311 0.372310 0.372293 0.372278 0.372209 0.372209 0.372203 0.372189 0.372197 0.372202 0.372207 0.372256 0.372269 0.372293 0.372295 0.372318 0.000000 0.000000
0.000000 0.000000 0.375825 0.375821 0.375813 0.375802 0.375736 0.375718 0.375704 0.375703 0.375698 0.375700 0.375701 0.375698 0.375705 0.375771 0.375791 0.375808 0.375831 0.000000 0.000000
0.000000 0.000000 0.379687 0.379682 0.379668 0.379601 0.379579 0.379540 0.379513 0.379509 0.379496 0.379490 0.379497 0.379491 0.379519 0.379551 0.379648 0.379641 0.379655 0.000000 0.000000
0.000000 0.000000 0.383769 0.383764 0.383676 0.383661 0.383655 0.383629 0.383647 0.383637 0.383644 0.383634 0.383624 0.383641 0.383655 0.383664 0.383658 0.383771 0.383774 0.000000 0.000000
0.000000 0.000000 0.388442 0.388322 0.388280 0.388245 0.388187 0.388157 0.388147 0.388145 0.388120 0.388116 0.388127 0.388121 0.388154 0.388198 0.388266 0.388294 0.388415 0.000000 0.000000
0.000000 0.000000 0.391858 0.391862 0.391969 0.391939 0.391892 0.391778 0.391776 0.391751 0.391767 0.391761 0.391768 0.391770 0.391873 0.391906 0.391982 0.391872 0.391875 0.000000 0.000000
0.000000 0.000000 0.350000 0.350000 0.350000 0.350000 0.350000 0.350000 0.350000 0.350000 0.350000 0.350000 0.350000 0.350000 0.350000 0.350000 0.350000 0.350000 0.350000 0.000000 0.000000
0.000000 0.000000 0.000000 0.000000 0.000000 0.000000 0.000000 0.000000 0.000000 0.000000 0.000000 0.000000 0.000000 0.000000 0.000000 0.000000 0.000000 0.000000 0.000000 0.000000 0.000000