geotop/1.0zi/1.0Montebello/Templates/testdem/maps/_Eocclay5889.asc
ncols         21
nrows         20
xllcorner     100.000000
yllcorner     100.000000
cellsize      50.000000
NODATA_value  -9999.0
0.000000 0.000000 0.000000 0.000000 0.000000 0.000000 0.000000 0.000000 0.000000 0.000000 0.000000 0.000000 0.000000 0.000000 0.000000 0.000000 0.000000 0.000000 0.000000 0.000000 0.000000
0.000000 0.000000 0.349737 0.349737 0.349737 0.349738 0.349738 0.349738 0.349737 0.349737 0.349737 0.349738 0.349738 0.349737 0.349738 0.349738 0.349737 0.349737 0.349737 0.000000 0.000000
0.000000 0.000000 0.349989 0.349990 0.349990 0.349989 0.349989 0.349989 0.349989 0.349989 0.349989 0.349989 0.349989 0.349990 0.349989 0.349989 0.349989 0.349989 0.349989 0.000000 0.000000
0.000000 0.000000 0.349985 0.349987 0.349985 0.349986 0.349988 0.349988 0.349988 0.349986 0.349988 0.349987 0.349987 0.349986 0.349988 0.349990 0.349988 0.349989 0.349988 0.000000 0.000000
0.000000 0.000000 0.350489 0.350488 0.350487 0.350482 0.350472 0.350468 0.350469 0.350471 0.350470 0.350470 0.350465 0.350466 0.350471 0.350470 0.350475 0.350477 0.350482 0.000000 0.000000
0.000000 0.000000 0.352137 0.352138 0.352132 0.352112 0.352105 0.352089 0.352089 0.352084 0.352087 0.352088 0.352091 0.352091 0.352096 0.352108 0.352115 0.352126 0.352130 0.000000 0.000000
0.000000 0.000000 0.354559 0.354557 0.354553 0.354536 0.354515 0.354488 0.354487 0.354483 0.354485 0.354487 0.354488 0.354486 0.354506 0.354529 0.354538 0.354547 0.354555 0.000000 0.000000
0.000000 0.000000 0.357505 0.357505 0.357501 0.357481 0.357461 0.357432 0.357432 0.357429 0.357429 0.357429 0.357427 0.357432 0.357454 0.357472 0.357487 0.357493 0.357502 0.000000 0.000000
0.000000 0.000000 0.360506 0.360503 0.360495 0.360484 0.360463 0.360434 0.360436 0.360431 0.360428 0.360430 0.360430 0.360427 0.360454 0.360475 0.360489 0.360492 0.360501 0.000000 0.000000
0.000000 0.000000 0.363553 0.363548 0.363545 0.363536 0.363506 0.363480 0.363482 0.363478 0.363474 0.363478 0.363482 0.363479 0.363501 0.363525 0.363540 0.363542 0.363548 0.000000 0.000000
0.000000 0.000000 0.366725 0.366722 0.366720 0.366699 0.366679 0.366649 0.366655 0.366641 0.366641 0.366643 0.366639 0.366647 0.366664 0.366680 0.366696 0.366705 0.366718 0.000000 0.000000
0.000000 0.000000 0.370063 0.370055 0.370046 0.370030 0.370013 0.369978 0.369979 0.369971 0.369979 0.369970 0.369972 0.369974 0.370006 0.370021 0.370033 0.370037 0.370070 0.000000 0.000000
0.000000 0.000000 0.373505 0.373498 0.373494 0.373477 0.373460 0.373388 0.373388 0.373381 0.373366 0.373375 0.373380 0.373386 0.373439 0.373453 0.373479 0.373481 0.373505 0.000000 0.000000
0.000000 0.000000 0.377258 0.377253 0.377243 0.377231 0.377160 0.377143 0.377127 0.377126 0.377121 0.377123 0.377124 0.377121 0.377130 0.377201 0.377223 0.377241 0.377264 0.000000 0.000000
0.000000 0.000000 0.381409 0.381403 0.381387 0.381312 0.381290 0.381248 0.381220 0.381216 0.381202 0.381195 0.381203 0.381197 0.381229 0.381263 0.381368 0.381360 0.381374 0.000000 0.000000
0.000000 0.000000 0.385814 0.385808 0.385709 0.385694 0.385689 0.385662 0.385683 0.385672 0.385681 0.385670 0.385658 0.385678 0.385694 0.385704 0.385693 0.385819 0.385822 0.000000 0.000000
0.000000 0.000000 0.390893 0.390757 0.390714 0.390674 0.390610 0.390578 0.390565 0.390564 0.390535 0.390531 0.390544 0.390538 0.390575 0.390624 0.390702 0.390726 0.390863 0.000000 0.000000
0.000000 0.000000 0.394539 0.394552 0.394674 0.394642 0.394594 0.394468 0.394466 0.394437 0.394458 0.394450 0.394458 0.394462 0.394577 0.394612 0.394692 0.394566 0.394561 0.000000 0.000000
0.000000 0.000000 0.350000 0.350000 0.350000 0.350000 0.350000 0.350000 0.350000 0.350000 0.350000 0.350000 0.350000 0.350000 0.350000 0.350000 0.350000 0.350000 0.350000 0.000000 0.000000
0.000000 0.000000 0.000000 0.000000 0.000000 0.000000 0.000000 0.000000 0.000000 0.000000 0.000000 0.000000 0.000000 0.000000 0.000000 0.000000 0.000000 0.000000 0.000000 0.000000 0.000000