geotop/1.0zi/1.0Montebello/Templates/testdem/maps/_Eocsilt1458.asc
ncols         21
nrows         20
xllcorner     100.000000
yllcorner     100.000000
cellsize      50.000000
NODATA_value  -9999.0
0.000000 0.000000 0.000000 0.000000 0.000000 0.000000 0.000000 0.000000 0.000000 0.000000 0.000000 0.000000 0.000000 0.000000 0.000000 0.000000 0.000000 0.000000 0.000000 0.000000 0.000000
0.000000 0.000000 0.350030 0.350030 0.350030 0.350030 0.350030 0.350030 0.350030 0.350030 0.350030 0.350030 0.350030 0.350030 0.350030 0.350030 0.350030 0.350030 0.350030 0.000000 0.000000
0.000000 0.000000 0.349999 0.349999 0.349999 0.350000 0.349999 0.349999 0.349999 0.349999 0.349999 0.349999 0.349999 0.349999 0.349999 0.350000 0.349999 0.349999 0.349999 0.000000 0.000000
0.000000 0.000000 0.350606 0.350606 0.350603 0.350604 0.350606 0.350606 0.350606 0.350606 0.350606 0.350606 0.350606 0.350606 0.350606 0.350604 0.350603 0.350606 0.350606 0.000000 0.000000
0.000000 0.000000 0.352624 0.352624 0.352621 0.352621 0.352624 0.352624 0.352624 0.352625 0.352624 0.352625 0.352624 0.352624 0.352624 0.352621 0.352621 0.352624 0.352624 0.000000 0.000000
0.000000 0.000000 0.355112 0.355111 0.355109 0.355109 0.355112 0.355111 0.355111 0.355112 0.355112 0.355112 0.355111 0.355111 0.355112 0.355109 0.355109 0.355111 0.355112 0.000000 0.000000
0.000000 0.000000 0.357397 0.357397 0.357395 0.357395 0.357398 0.357397 0.357397 0.357397 0.357397 0.357397 0.357397 0.357397 0.357398 0.357395 0.357395 0.357397 0.357397 0.000000 0.000000
0.000000 0.000000 0.359495 0.359495 0.359493 0.359494 0.359495 0.359495 0.359495 0.359495 0.359495 0.359495 0.359495 0.359495 0.359495 0.359494 0.359493 0.359495 0.359495 0.000000 0.000000
0.000000 0.000000 0.361460 0.361460 0.361458 0.361458 0.361460 0.361460 0.361460 0.361460 0.361460 0.361460 0.361460 0.361460 0.361460 0.361458 0.361458 0.361460 0.361460 0.000000 0.000000
0.000000 0.000000 0.363341 0.363341 0.363340 0.363340 0.363342 0.363341 0.363341 0.363342 0.363342 0.363342 0.363341 0.363341 0.363342 0.363340 0.363340 0.363341 0.363341 0.000000 0.000000
0.000000 0.000000 0.365158 0.365158 0.365157 0.365157 0.365159 0.365158 0.365158 0.365159 0.365159 0.365159 0.365158 0.365158 0.365159 0.365157 0.365157 0.365158 0.365158 0.000000 0.000000
0.000000 0.000000 0.366929 0.366929 0.366927 0.366928 0.366929 0.366929 0.366929 0.366929 0.366929 0.366929 0.366929 0.366929 0.366929 0.366928 0.366927 0.366929 0.366929 0.000000 0.000000
0.000000 0.000000 0.368668 0.368668 0.368666 0.368667 0.368668 0.368668 0.368668 0.368668 0.368668 0.368668 0.368668 0.368668 0.368668 0.368667 0.368666 0.368668 0.368668 0.000000 0.000000
0.000000 0.000000 0.370375 0.370374 0.370373 0.370373 0.370375 0.370375 0.370374 0.370375 0.370375 0.370375 0.370374 0.370375 0.370375 0.370373 0.370373 0.370374 0.370375 0.000000 0.000000
0.000000 0.000000 0.372058 0.372057 0.372056 0.372056 0.372058 0.372057 0.372057 0.372058 0.372058 0.372058 0.372057 0.372057 0.372058 0.372056 0.372056 0.372057 0.372058 0.000000 0.000000
0.000000 0.000000 0.373723 0.373723 0.373721 0.373722 0.373723 0.373723 0.373723 0.373723 0.373723 0.373723 0.373723 0.373723 0.373723 0.373722 0.373721 0.373723 0.373723 0.000000 0.000000
0.000000 0.000000 0.375370 0.375370 0.375368 0.375369 0.375370 0.375370 0.375370 0.375370 0.375370 0.375370 0.375370 0.375370 0.375370 0.375369 0.375368 0.375370 0.375370 0.000000 0.000000
0.000000 0.000000 0.377039 0.377039 0.377038 0.377038 0.377039 0.377039 0.377039 0.377039 0.377039 0.377039 0.377039 0.377039 0.377039 0.377038 0.377038 0.377039 0.377039 0.000000 0.000000
0.000000 0.000000 0.350000 0.350000 0.350000 0.350000 0.350000 0.350000 0.350000 0.350000 0.350000 0.350000 0.350000 0.350000 0.350000 0.350000 0.350000 0.350000 0.350000 0.000000 0.000000
0.000000 0.000000 0.000000 0.000000 0.000000 0.000000 0.000000 0.000000 0.000000 0.000000 0.000000 0.000000 0.000000 0.000000 0.000000 0.000000 0.000000 0.000000 0.000000 0.000000 0.000000