geotop/1.0zi/1.0Montebello/Templates/testdem/maps/_Eocclay4934.asc
ncols         21
nrows         20
xllcorner     100.000000
yllcorner     100.000000
cellsize      50.000000
NODATA_value  -9999.0
0.000000 0.000000 0.000000 0.000000 0.000000 0.000000 0.000000 0.000000 0.000000 0.000000 0.000000 0.000000 0.000000 0.000000 0.000000 0.000000 0.000000 0.000000 0.000000 0.000000 0.000000
0.000000 0.000000 0.349779 0.349780 0.349780 0.349780 0.349780 0.349780 0.349780 0.349780 0.349780 0.349780 0.349780 0.349780 0.349780 0.349780 0.349780 0.349780 0.349779 0.000000 0.000000
0.000000 0.000000 0.349992 0.349992 0.349992 0.349992 0.349991 0.349992 0.349992 0.349992 0.349991 0.349991 0.349992 0.349992 0.349992 0.349992 0.349992 0.349992 0.349992 0.000000 0.000000
0.000000 0.000000 0.349987 0.349989 0.349987 0.349988 0.349990 0.349990 0.349990 0.349988 0.349990 0.349988 0.349988 0.349987 0.349990 0.349991 0.349989 0.349990 0.349989 0.000000 0.000000
0.000000 0.000000 0.350382 0.350381 0.350381 0.350376 0.350367 0.350365 0.350366 0.350367 0.350364 0.350366 0.350363 0.350364 0.350369 0.350368 0.350372 0.350374 0.350377 0.000000 0.000000
0.000000 0.000000 0.351764 0.351767 0.351761 0.351745 0.351741 0.351727 0.351726 0.351722 0.351726 0.351725 0.351729 0.351730 0.351732 0.351742 0.351747 0.351755 0.351760 0.000000 0.000000
0.000000 0.000000 0.353775 0.353772 0.353768 0.353754 0.353738 0.353716 0.353716 0.353712 0.353715 0.353715 0.353717 0.353717 0.353733 0.353751 0.353760 0.353767 0.353773 0.000000 0.000000
0.000000 0.000000 0.356141 0.356139 0.356136 0.356120 0.356101 0.356079 0.356080 0.356077 0.356078 0.356077 0.356076 0.356078 0.356098 0.356115 0.356124 0.356130 0.356137 0.000000 0.000000
0.000000 0.000000 0.358521 0.358517 0.358512 0.358500 0.358484 0.358461 0.358463 0.358459 0.358459 0.358460 0.358458 0.358460 0.358478 0.358498 0.358505 0.358510 0.358518 0.000000 0.000000
0.000000 0.000000 0.360922 0.360917 0.360914 0.360901 0.360880 0.360860 0.360863 0.360860 0.360859 0.360860 0.360858 0.360858 0.360879 0.360899 0.360907 0.360911 0.360918 0.000000 0.000000
0.000000 0.000000 0.363382 0.363377 0.363373 0.363364 0.363348 0.363322 0.363325 0.363320 0.363319 0.363320 0.363318 0.363319 0.363338 0.363352 0.363363 0.363368 0.363376 0.000000 0.000000
0.000000 0.000000 0.365938 0.365934 0.365927 0.365912 0.365896 0.365872 0.365871 0.365869 0.365868 0.365867 0.365866 0.365866 0.365889 0.365908 0.365917 0.365922 0.365947 0.000000 0.000000
0.000000 0.000000 0.368544 0.368539 0.368533 0.368521 0.368501 0.368448 0.368449 0.368445 0.368444 0.368445 0.368442 0.368444 0.368490 0.368512 0.368521 0.368527 0.368542 0.000000 0.000000
0.000000 0.000000 0.371326 0.371316 0.371312 0.371300 0.371243 0.371230 0.371222 0.371219 0.371219 0.371219 0.371216 0.371217 0.371232 0.371286 0.371297 0.371309 0.371318 0.000000 0.000000
0.000000 0.000000 0.374347 0.374340 0.374325 0.374275 0.374249 0.374215 0.374198 0.374194 0.374186 0.374185 0.374188 0.374184 0.374210 0.374246 0.374307 0.374305 0.374313 0.000000 0.000000
0.000000 0.000000 0.377486 0.377478 0.377416 0.377407 0.377390 0.377373 0.377373 0.377373 0.377376 0.377374 0.377367 0.377379 0.377388 0.377402 0.377399 0.377468 0.377484 0.000000 0.000000
0.000000 0.000000 0.381016 0.380932 0.380885 0.380860 0.380815 0.380792 0.380787 0.380784 0.380775 0.380775 0.380777 0.380771 0.380789 0.380838 0.380871 0.380900 0.380983 0.000000 0.000000
0.000000 0.000000 0.383712 0.383700 0.383756 0.383725 0.383689 0.383607 0.383600 0.383593 0.383596 0.383595 0.383591 0.383598 0.383674 0.383712 0.383757 0.383686 0.383712 0.000000 0.000000
0.000000 0.000000 0.350000 0.350000 0.350000 0.350000 0.350000 0.350000 0.350000 0.350000 0.350000 0.350000 0.350000 0.350000 0.350000 0.350000 0.350000 0.350000 0.350000 0.000000 0.000000
0.000000 0.000000 0.000000 0.000000 0.000000 0.000000 0.000000 0.000000 0.000000 0.000000 0.000000 0.000000 0.000000 0.000000 0.000000 0.000000 0.000000 0.000000 0.000000 0.000000 0.000000