geotop/1.0zi/1.0Montebello/Templates/testdem/maps/_Eocsilt1056.asc
ncols         21
nrows         20
xllcorner     100.000000
yllcorner     100.000000
cellsize      50.000000
NODATA_value  -9999.0
0.000000 0.000000 0.000000 0.000000 0.000000 0.000000 0.000000 0.000000 0.000000 0.000000 0.000000 0.000000 0.000000 0.000000 0.000000 0.000000 0.000000 0.000000 0.000000 0.000000 0.000000
0.000000 0.000000 0.350018 0.350018 0.350018 0.350018 0.350018 0.350018 0.350018 0.350018 0.350018 0.350018 0.350018 0.350018 0.350018 0.350018 0.350018 0.350018 0.350018 0.000000 0.000000
0.000000 0.000000 0.350001 0.350001 0.350001 0.350001 0.350001 0.350001 0.350001 0.350001 0.350001 0.350001 0.350001 0.350001 0.350001 0.350001 0.350001 0.350001 0.350001 0.000000 0.000000
0.000000 0.000000 0.350462 0.350461 0.350459 0.350460 0.350462 0.350462 0.350462 0.350462 0.350462 0.350462 0.350462 0.350462 0.350462 0.350460 0.350459 0.350461 0.350462 0.000000 0.000000
0.000000 0.000000 0.351986 0.351986 0.351984 0.351984 0.351987 0.351986 0.351986 0.351987 0.351987 0.351987 0.351986 0.351986 0.351987 0.351984 0.351984 0.351986 0.351986 0.000000 0.000000
0.000000 0.000000 0.353825 0.353824 0.353822 0.353822 0.353825 0.353824 0.353824 0.353825 0.353825 0.353825 0.353824 0.353824 0.353825 0.353822 0.353822 0.353824 0.353825 0.000000 0.000000
0.000000 0.000000 0.355508 0.355508 0.355506 0.355506 0.355508 0.355508 0.355508 0.355508 0.355508 0.355508 0.355508 0.355508 0.355508 0.355506 0.355506 0.355508 0.355508 0.000000 0.000000
0.000000 0.000000 0.357053 0.357052 0.357051 0.357051 0.357053 0.357052 0.357052 0.357053 0.357053 0.357053 0.357052 0.357052 0.357053 0.357051 0.357051 0.357052 0.357053 0.000000 0.000000
0.000000 0.000000 0.358499 0.358499 0.358497 0.358498 0.358499 0.358499 0.358499 0.358499 0.358499 0.358499 0.358499 0.358499 0.358499 0.358498 0.358497 0.358499 0.358499 0.000000 0.000000
0.000000 0.000000 0.359885 0.359885 0.359884 0.359884 0.359886 0.359885 0.359885 0.359886 0.359886 0.359886 0.359885 0.359885 0.359886 0.359884 0.359884 0.359885 0.359885 0.000000 0.000000
0.000000 0.000000 0.361225 0.361225 0.361224 0.361224 0.361225 0.361225 0.361225 0.361225 0.361225 0.361225 0.361225 0.361225 0.361225 0.361224 0.361224 0.361225 0.361225 0.000000 0.000000
0.000000 0.000000 0.362534 0.362533 0.362532 0.362532 0.362534 0.362533 0.362533 0.362534 0.362534 0.362534 0.362533 0.362533 0.362534 0.362532 0.362532 0.362533 0.362534 0.000000 0.000000
0.000000 0.000000 0.363820 0.363819 0.363818 0.363818 0.363820 0.363819 0.363819 0.363820 0.363820 0.363820 0.363819 0.363819 0.363820 0.363818 0.363818 0.363819 0.363820 0.000000 0.000000
0.000000 0.000000 0.365082 0.365082 0.365081 0.365081 0.365082 0.365082 0.365082 0.365082 0.365082 0.365082 0.365082 0.365082 0.365082 0.365081 0.365081 0.365082 0.365082 0.000000 0.000000
0.000000 0.000000 0.366331 0.366331 0.366330 0.366330 0.366331 0.366331 0.366331 0.366332 0.366332 0.366332 0.366331 0.366331 0.366331 0.366330 0.366330 0.366331 0.366331 0.000000 0.000000
0.000000 0.000000 0.367572 0.367572 0.367571 0.367571 0.367572 0.367572 0.367572 0.367572 0.367572 0.367572 0.367572 0.367572 0.367572 0.367571 0.367571 0.367572 0.367572 0.000000 0.000000
0.000000 0.000000 0.368799 0.368799 0.368798 0.368798 0.368799 0.368799 0.368799 0.368799 0.368799 0.368799 0.368799 0.368799 0.368799 0.368798 0.368798 0.368799 0.368799 0.000000 0.000000
0.000000 0.000000 0.370054 0.370054 0.370053 0.370053 0.370055 0.370055 0.370055 0.370055 0.370055 0.370055 0.370055 0.370055 0.370055 0.370053 0.370053 0.370054 0.370055 0.000000 0.000000
0.000000 0.000000 0.350000 0.350000 0.350000 0.350000 0.350000 0.350000 0.350000 0.350000 0.350000 0.350000 0.350000 0.350000 0.350000 0.350000 0.350000 0.350000 0.350000 0.000000 0.000000
0.000000 0.000000 0.000000 0.000000 0.000000 0.000000 0.000000 0.000000 0.000000 0.000000 0.000000 0.000000 0.000000 0.000000 0.000000 0.000000 0.000000 0.000000 0.000000 0.000000 0.000000