geotop/1.0zi/1.0Montebello/Templates/testdem/maps/_Eocclay4322.asc
ncols         21
nrows         20
xllcorner     100.000000
yllcorner     100.000000
cellsize      50.000000
NODATA_value  -9999.0
0.000000 0.000000 0.000000 0.000000 0.000000 0.000000 0.000000 0.000000 0.000000 0.000000 0.000000 0.000000 0.000000 0.000000 0.000000 0.000000 0.000000 0.000000 0.000000 0.000000 0.000000
0.000000 0.000000 0.349804 0.349805 0.349805 0.349805 0.349805 0.349805 0.349805 0.349805 0.349805 0.349805 0.349805 0.349805 0.349805 0.349805 0.349805 0.349805 0.349805 0.000000 0.000000
0.000000 0.000000 0.349993 0.349994 0.349993 0.349993 0.349993 0.349993 0.349993 0.349993 0.349993 0.349993 0.349993 0.349993 0.349993 0.349993 0.349993 0.349993 0.349993 0.000000 0.000000
0.000000 0.000000 0.349994 0.349995 0.349993 0.349994 0.349995 0.349995 0.349996 0.349995 0.349995 0.349994 0.349994 0.349993 0.349996 0.349997 0.349996 0.349996 0.349995 0.000000 0.000000
0.000000 0.000000 0.350335 0.350335 0.350333 0.350333 0.350326 0.350325 0.350325 0.350325 0.350324 0.350326 0.350323 0.350322 0.350326 0.350326 0.350327 0.350326 0.350329 0.000000 0.000000
0.000000 0.000000 0.351536 0.351535 0.351530 0.351521 0.351518 0.351509 0.351509 0.351504 0.351508 0.351508 0.351510 0.351507 0.351505 0.351510 0.351515 0.351520 0.351525 0.000000 0.000000
0.000000 0.000000 0.353321 0.353315 0.353309 0.353297 0.353285 0.353265 0.353265 0.353261 0.353264 0.353264 0.353264 0.353264 0.353277 0.353292 0.353300 0.353305 0.353309 0.000000 0.000000
0.000000 0.000000 0.355339 0.355337 0.355332 0.355316 0.355304 0.355286 0.355288 0.355285 0.355286 0.355286 0.355282 0.355280 0.355296 0.355310 0.355318 0.355322 0.355328 0.000000 0.000000
0.000000 0.000000 0.357366 0.357362 0.357354 0.357343 0.357330 0.357310 0.357312 0.357308 0.357308 0.357309 0.357306 0.357306 0.357320 0.357338 0.357344 0.357347 0.357355 0.000000 0.000000
0.000000 0.000000 0.359389 0.359383 0.359376 0.359364 0.359347 0.359330 0.359333 0.359330 0.359330 0.359330 0.359327 0.359325 0.359342 0.359359 0.359366 0.359370 0.359376 0.000000 0.000000
0.000000 0.000000 0.361449 0.361443 0.361436 0.361426 0.361414 0.361393 0.361395 0.361390 0.361391 0.361392 0.361388 0.361386 0.361400 0.361413 0.361423 0.361426 0.361434 0.000000 0.000000
0.000000 0.000000 0.363579 0.363573 0.363564 0.363550 0.363537 0.363517 0.363517 0.363513 0.363514 0.363513 0.363510 0.363508 0.363527 0.363542 0.363551 0.363554 0.363578 0.000000 0.000000
0.000000 0.000000 0.365733 0.365726 0.365717 0.365706 0.365690 0.365647 0.365648 0.365644 0.365643 0.365644 0.365640 0.365639 0.365676 0.365694 0.365703 0.365707 0.365721 0.000000 0.000000
0.000000 0.000000 0.368009 0.367999 0.367991 0.367979 0.367936 0.367924 0.367917 0.367914 0.367915 0.367915 0.367910 0.367909 0.367921 0.367965 0.367974 0.367983 0.367992 0.000000 0.000000
0.000000 0.000000 0.370458 0.370450 0.370433 0.370393 0.370372 0.370344 0.370331 0.370326 0.370320 0.370320 0.370319 0.370313 0.370333 0.370365 0.370413 0.370411 0.370419 0.000000 0.000000
0.000000 0.000000 0.372982 0.372973 0.372921 0.372910 0.372897 0.372883 0.372882 0.372880 0.372883 0.372882 0.372874 0.372880 0.372885 0.372899 0.372901 0.372952 0.372965 0.000000 0.000000
0.000000 0.000000 0.375777 0.375713 0.375667 0.375647 0.375616 0.375599 0.375596 0.375593 0.375586 0.375587 0.375585 0.375578 0.375589 0.375627 0.375650 0.375677 0.375739 0.000000 0.000000
0.000000 0.000000 0.377970 0.377951 0.377982 0.377957 0.377928 0.377870 0.377864 0.377858 0.377860 0.377860 0.377854 0.377856 0.377907 0.377940 0.377977 0.377925 0.377953 0.000000 0.000000
0.000000 0.000000 0.350000 0.350000 0.350000 0.350000 0.350000 0.350000 0.350000 0.350000 0.350000 0.350000 0.350000 0.350000 0.350000 0.350000 0.350000 0.350000 0.350000 0.000000 0.000000
0.000000 0.000000 0.000000 0.000000 0.000000 0.000000 0.000000 0.000000 0.000000 0.000000 0.000000 0.000000 0.000000 0.000000 0.000000 0.000000 0.000000 0.000000 0.000000 0.000000 0.000000