geotop/1.0zi/1.0Montebello/Templates/testdem/maps/_Eocsilt5440.asc
ncols         21
nrows         20
xllcorner     100.000000
yllcorner     100.000000
cellsize      50.000000
NODATA_value  -9999.0
0.000000 0.000000 0.000000 0.000000 0.000000 0.000000 0.000000 0.000000 0.000000 0.000000 0.000000 0.000000 0.000000 0.000000 0.000000 0.000000 0.000000 0.000000 0.000000 0.000000 0.000000
0.000000 0.000000 0.350109 0.350109 0.350109 0.350109 0.350109 0.350109 0.350109 0.350109 0.350109 0.350109 0.350109 0.350109 0.350109 0.350109 0.350109 0.350109 0.350108 0.000000 0.000000
0.000000 0.000000 0.350002 0.350002 0.350002 0.350003 0.350003 0.350003 0.350003 0.350003 0.350003 0.350003 0.350004 0.350003 0.350003 0.350003 0.350001 0.350001 0.350002 0.000000 0.000000
0.000000 0.000000 0.350038 0.350037 0.350037 0.350032 0.350033 0.350031 0.350033 0.350034 0.350033 0.350032 0.350032 0.350032 0.350033 0.350036 0.350036 0.350038 0.350037 0.000000 0.000000
0.000000 0.000000 0.350439 0.350442 0.350441 0.350438 0.350435 0.350430 0.350429 0.350427 0.350425 0.350427 0.350428 0.350428 0.350434 0.350436 0.350436 0.350445 0.350447 0.000000 0.000000
0.000000 0.000000 0.351772 0.351776 0.351773 0.351760 0.351750 0.351733 0.351731 0.351728 0.351732 0.351735 0.351736 0.351732 0.351737 0.351742 0.351750 0.351754 0.351757 0.000000 0.000000
0.000000 0.000000 0.353864 0.353862 0.353859 0.353842 0.353823 0.353801 0.353802 0.353800 0.353802 0.353803 0.353799 0.353802 0.353817 0.353833 0.353840 0.353848 0.353853 0.000000 0.000000
0.000000 0.000000 0.356410 0.356411 0.356412 0.356396 0.356377 0.356353 0.356354 0.356351 0.356351 0.356351 0.356349 0.356351 0.356368 0.356386 0.356401 0.356402 0.356411 0.000000 0.000000
0.000000 0.000000 0.359079 0.359075 0.359069 0.359059 0.359040 0.359012 0.359013 0.359009 0.359007 0.359008 0.359008 0.359006 0.359030 0.359049 0.359062 0.359066 0.359074 0.000000 0.000000
0.000000 0.000000 0.361738 0.361734 0.361732 0.361726 0.361699 0.361675 0.361678 0.361675 0.361671 0.361675 0.361678 0.361674 0.361692 0.361713 0.361726 0.361728 0.361732 0.000000 0.000000
0.000000 0.000000 0.364450 0.364447 0.364448 0.364429 0.364411 0.364385 0.364391 0.364378 0.364379 0.364381 0.364377 0.364383 0.364397 0.364411 0.364424 0.364432 0.364443 0.000000 0.000000
0.000000 0.000000 0.367283 0.367277 0.367271 0.367258 0.367243 0.367211 0.367213 0.367205 0.367213 0.367206 0.367207 0.367209 0.367236 0.367247 0.367257 0.367261 0.367290 0.000000 0.000000
0.000000 0.000000 0.370171 0.370165 0.370164 0.370150 0.370136 0.370075 0.370075 0.370070 0.370057 0.370064 0.370068 0.370073 0.370115 0.370126 0.370148 0.370150 0.370170 0.000000 0.000000
0.000000 0.000000 0.373281 0.373277 0.373271 0.373263 0.373206 0.373189 0.373175 0.373175 0.373169 0.373172 0.373173 0.373170 0.373177 0.373232 0.373251 0.373266 0.373286 0.000000 0.000000
0.000000 0.000000 0.376679 0.376676 0.376663 0.376606 0.376587 0.376552 0.376529 0.376525 0.376514 0.376508 0.376515 0.376509 0.376533 0.376561 0.376646 0.376639 0.376651 0.000000 0.000000
0.000000 0.000000 0.380257 0.380252 0.380180 0.380164 0.380159 0.380135 0.380147 0.380138 0.380143 0.380135 0.380127 0.380141 0.380154 0.380163 0.380162 0.380255 0.380258 0.000000 0.000000
0.000000 0.000000 0.384298 0.384200 0.384161 0.384132 0.384086 0.384060 0.384054 0.384052 0.384031 0.384027 0.384035 0.384031 0.384058 0.384092 0.384148 0.384178 0.384275 0.000000 0.000000
0.000000 0.000000 0.387333 0.387328 0.387412 0.387386 0.387346 0.387253 0.387250 0.387229 0.387240 0.387235 0.387241 0.387242 0.387327 0.387354 0.387421 0.387333 0.387344 0.000000 0.000000
0.000000 0.000000 0.350000 0.350000 0.350000 0.350000 0.350000 0.350000 0.350000 0.350000 0.350000 0.350000 0.350000 0.350000 0.350000 0.350000 0.350000 0.350000 0.350000 0.000000 0.000000
0.000000 0.000000 0.000000 0.000000 0.000000 0.000000 0.000000 0.000000 0.000000 0.000000 0.000000 0.000000 0.000000 0.000000 0.000000 0.000000 0.000000 0.000000 0.000000 0.000000 0.000000