geotop/1.0zi/1.0Montebello/Templates/testdem/maps/_Eocsand6843.asc
ncols         21
nrows         20
xllcorner     100.000000
yllcorner     100.000000
cellsize      50.000000
NODATA_value  -9999.0
0.000000 0.000000 0.000000 0.000000 0.000000 0.000000 0.000000 0.000000 0.000000 0.000000 0.000000 0.000000 0.000000 0.000000 0.000000 0.000000 0.000000 0.000000 0.000000 0.000000 0.000000
0.000000 0.000000 0.300167 0.300165 0.300165 0.300166 0.300165 0.300164 0.300165 0.300165 0.300166 0.300165 0.300165 0.300165 0.300165 0.300165 0.300166 0.300166 0.300166 0.000000 0.000000
0.000000 0.000000 0.300009 0.300010 0.300009 0.300009 0.300010 0.300010 0.300009 0.300009 0.300010 0.300010 0.300009 0.300010 0.300009 0.300010 0.300010 0.300010 0.300011 0.000000 0.000000
0.000000 0.000000 0.299963 0.299962 0.299966 0.299971 0.299969 0.299970 0.299967 0.299970 0.299967 0.299970 0.299969 0.299970 0.299969 0.299964 0.299963 0.299960 0.299960 0.000000 0.000000
0.000000 0.000000 0.298646 0.298641 0.298648 0.298658 0.298675 0.298684 0.298685 0.298686 0.298688 0.298685 0.298688 0.298685 0.298667 0.298663 0.298660 0.298651 0.298639 0.000000 0.000000
0.000000 0.000000 0.294676 0.294675 0.294693 0.294731 0.294754 0.294793 0.294793 0.294803 0.294795 0.294793 0.294790 0.294792 0.294777 0.294751 0.294731 0.294713 0.294701 0.000000 0.000000
0.000000 0.000000 0.288812 0.288817 0.288833 0.288875 0.288925 0.288983 0.288982 0.288991 0.288987 0.288986 0.288989 0.288985 0.288939 0.288891 0.288865 0.288844 0.288828 0.000000 0.000000
0.000000 0.000000 0.281759 0.281761 0.281772 0.281818 0.281867 0.281930 0.281930 0.281937 0.281938 0.281940 0.281944 0.281934 0.281882 0.281836 0.281796 0.281785 0.281762 0.000000 0.000000
0.000000 0.000000 0.274374 0.274385 0.274409 0.274437 0.274487 0.274555 0.274551 0.274566 0.274570 0.274571 0.274570 0.274573 0.274508 0.274452 0.274421 0.274408 0.274387 0.000000 0.000000
0.000000 0.000000 0.266789 0.266803 0.266814 0.266840 0.266911 0.266972 0.266969 0.266978 0.266987 0.266980 0.266971 0.266977 0.266923 0.266861 0.266825 0.266816 0.266801 0.000000 0.000000
0.000000 0.000000 0.258810 0.258820 0.258831 0.258887 0.258934 0.259003 0.258988 0.259025 0.259021 0.259019 0.259031 0.259010 0.258965 0.258925 0.258882 0.258860 0.258826 0.000000 0.000000
0.000000 0.000000 0.250257 0.250279 0.250303 0.250343 0.250392 0.250476 0.250476 0.250492 0.250472 0.250496 0.250491 0.250485 0.250404 0.250362 0.250331 0.250317 0.250236 0.000000 0.000000
0.000000 0.000000 0.241294 0.241316 0.241330 0.241375 0.241419 0.241608 0.241610 0.241625 0.241667 0.241645 0.241632 0.241616 0.241474 0.241430 0.241361 0.241354 0.241301 0.000000 0.000000
0.000000 0.000000 0.231287 0.231298 0.231332 0.231367 0.231570 0.231599 0.231643 0.231645 0.231647 0.231648 0.231651 0.231658 0.231650 0.231434 0.231383 0.231329 0.231270 0.000000 0.000000
0.000000 0.000000 0.219971 0.219987 0.220036 0.220269 0.220309 0.220423 0.220496 0.220509 0.220547 0.220576 0.220549 0.220562 0.220459 0.220392 0.220077 0.220110 0.220081 0.000000 0.000000
0.000000 0.000000 0.207733 0.207751 0.208073 0.208080 0.208093 0.208157 0.208068 0.208111 0.208065 0.208099 0.208140 0.208067 0.208032 0.208009 0.208108 0.207688 0.207684 0.000000 0.000000
0.000000 0.000000 0.193098 0.193569 0.193633 0.193773 0.194005 0.194089 0.194159 0.194151 0.194264 0.194264 0.194207 0.194249 0.194131 0.193953 0.193657 0.193692 0.193207 0.000000 0.000000
0.000000 0.000000 0.183914 0.183719 0.183273 0.183352 0.183445 0.183869 0.183859 0.183963 0.183847 0.183878 0.183868 0.183841 0.183460 0.183385 0.183197 0.183628 0.183800 0.000000 0.000000
0.000000 0.000000 0.300000 0.300000 0.300000 0.300000 0.300000 0.300000 0.300000 0.300000 0.300000 0.300000 0.300000 0.300000 0.300000 0.300000 0.300000 0.300000 0.300000 0.000000 0.000000
0.000000 0.000000 0.000000 0.000000 0.000000 0.000000 0.000000 0.000000 0.000000 0.000000 0.000000 0.000000 0.000000 0.000000 0.000000 0.000000 0.000000 0.000000 0.000000 0.000000 0.000000