geotop/1.0zi/1.0Montebello/Templates/testdem/maps/_Eocsilt5750.asc
ncols         21
nrows         20
xllcorner     100.000000
yllcorner     100.000000
cellsize      50.000000
NODATA_value  -9999.0
0.000000 0.000000 0.000000 0.000000 0.000000 0.000000 0.000000 0.000000 0.000000 0.000000 0.000000 0.000000 0.000000 0.000000 0.000000 0.000000 0.000000 0.000000 0.000000 0.000000 0.000000
0.000000 0.000000 0.350113 0.350113 0.350113 0.350113 0.350113 0.350113 0.350113 0.350113 0.350113 0.350113 0.350113 0.350113 0.350113 0.350113 0.350113 0.350113 0.350113 0.000000 0.000000
0.000000 0.000000 0.350002 0.350002 0.350002 0.350003 0.350003 0.350003 0.350003 0.350003 0.350003 0.350003 0.350003 0.350003 0.350003 0.350002 0.350001 0.350001 0.350002 0.000000 0.000000
0.000000 0.000000 0.350045 0.350045 0.350043 0.350039 0.350040 0.350038 0.350040 0.350040 0.350039 0.350039 0.350039 0.350039 0.350041 0.350044 0.350045 0.350047 0.350046 0.000000 0.000000
0.000000 0.000000 0.350524 0.350527 0.350525 0.350522 0.350519 0.350514 0.350513 0.350511 0.350509 0.350510 0.350512 0.350513 0.350518 0.350520 0.350520 0.350529 0.350533 0.000000 0.000000
0.000000 0.000000 0.352007 0.352010 0.352006 0.351993 0.351982 0.351965 0.351963 0.351959 0.351964 0.351966 0.351967 0.351963 0.351969 0.351975 0.351984 0.351988 0.351992 0.000000 0.000000
0.000000 0.000000 0.354258 0.354256 0.354252 0.354234 0.354213 0.354191 0.354192 0.354190 0.354192 0.354193 0.354189 0.354192 0.354208 0.354225 0.354232 0.354242 0.354247 0.000000 0.000000
0.000000 0.000000 0.356977 0.356978 0.356978 0.356961 0.356940 0.356915 0.356916 0.356913 0.356913 0.356913 0.356911 0.356913 0.356932 0.356951 0.356966 0.356968 0.356977 0.000000 0.000000
0.000000 0.000000 0.359831 0.359826 0.359820 0.359809 0.359789 0.359759 0.359761 0.359756 0.359754 0.359755 0.359755 0.359753 0.359778 0.359798 0.359812 0.359817 0.359825 0.000000 0.000000
0.000000 0.000000 0.362691 0.362687 0.362684 0.362677 0.362649 0.362624 0.362626 0.362623 0.362619 0.362623 0.362626 0.362622 0.362642 0.362665 0.362678 0.362680 0.362686 0.000000 0.000000
0.000000 0.000000 0.365623 0.365621 0.365621 0.365600 0.365581 0.365553 0.365560 0.365546 0.365547 0.365548 0.365545 0.365551 0.365567 0.365582 0.365596 0.365605 0.365617 0.000000 0.000000
0.000000 0.000000 0.368702 0.368695 0.368688 0.368674 0.368657 0.368623 0.368625 0.368617 0.368626 0.368618 0.368620 0.368622 0.368650 0.368664 0.368674 0.368679 0.368710 0.000000 0.000000
0.000000 0.000000 0.371855 0.371849 0.371847 0.371832 0.371816 0.371749 0.371750 0.371744 0.371730 0.371738 0.371742 0.371747 0.371795 0.371807 0.371831 0.371833 0.371855 0.000000 0.000000
0.000000 0.000000 0.375275 0.375271 0.375263 0.375253 0.375189 0.375172 0.375158 0.375157 0.375152 0.375155 0.375155 0.375152 0.375159 0.375222 0.375242 0.375259 0.375281 0.000000 0.000000
0.000000 0.000000 0.379035 0.379030 0.379017 0.378951 0.378930 0.378891 0.378867 0.378863 0.378850 0.378843 0.378851 0.378844 0.378872 0.378903 0.378998 0.378990 0.379004 0.000000 0.000000
0.000000 0.000000 0.383011 0.383006 0.382921 0.382906 0.382900 0.382875 0.382891 0.382881 0.382888 0.382879 0.382869 0.382885 0.382900 0.382909 0.382903 0.383013 0.383016 0.000000 0.000000
0.000000 0.000000 0.387550 0.387434 0.387393 0.387359 0.387303 0.387274 0.387265 0.387263 0.387238 0.387235 0.387245 0.387240 0.387271 0.387313 0.387380 0.387407 0.387524 0.000000 0.000000
0.000000 0.000000 0.390875 0.390878 0.390981 0.390951 0.390906 0.390796 0.390794 0.390770 0.390786 0.390779 0.390786 0.390788 0.390887 0.390920 0.390993 0.390888 0.390892 0.000000 0.000000
0.000000 0.000000 0.350000 0.350000 0.350000 0.350000 0.350000 0.350000 0.350000 0.350000 0.350000 0.350000 0.350000 0.350000 0.350000 0.350000 0.350000 0.350000 0.350000 0.000000 0.000000
0.000000 0.000000 0.000000 0.000000 0.000000 0.000000 0.000000 0.000000 0.000000 0.000000 0.000000 0.000000 0.000000 0.000000 0.000000 0.000000 0.000000 0.000000 0.000000 0.000000 0.000000