geotop/1.0zi/1.0Montebello/Templates/testdem/maps/_Eocsand1902.asc
ncols         21
nrows         20
xllcorner     100.000000
yllcorner     100.000000
cellsize      50.000000
NODATA_value  -9999.0
0.000000 0.000000 0.000000 0.000000 0.000000 0.000000 0.000000 0.000000 0.000000 0.000000 0.000000 0.000000 0.000000 0.000000 0.000000 0.000000 0.000000 0.000000 0.000000 0.000000 0.000000
0.000000 0.000000 0.300057 0.300057 0.300057 0.300057 0.300057 0.300057 0.300057 0.300057 0.300057 0.300057 0.300057 0.300057 0.300057 0.300057 0.300057 0.300057 0.300057 0.000000 0.000000
0.000000 0.000000 0.300008 0.300008 0.300009 0.300008 0.300008 0.300008 0.300008 0.300008 0.300008 0.300008 0.300008 0.300008 0.300008 0.300008 0.300009 0.300008 0.300008 0.000000 0.000000
0.000000 0.000000 0.298651 0.298652 0.298656 0.298654 0.298650 0.298651 0.298651 0.298650 0.298651 0.298650 0.298651 0.298651 0.298650 0.298654 0.298656 0.298652 0.298651 0.000000 0.000000
0.000000 0.000000 0.293365 0.293366 0.293370 0.293370 0.293364 0.293366 0.293365 0.293363 0.293363 0.293363 0.293365 0.293366 0.293364 0.293370 0.293370 0.293366 0.293365 0.000000 0.000000
0.000000 0.000000 0.287005 0.287006 0.287009 0.287009 0.287003 0.287005 0.287005 0.287003 0.287003 0.287003 0.287005 0.287005 0.287003 0.287009 0.287009 0.287006 0.287005 0.000000 0.000000
0.000000 0.000000 0.281066 0.281067 0.281070 0.281069 0.281065 0.281066 0.281066 0.281065 0.281064 0.281065 0.281066 0.281066 0.281065 0.281069 0.281070 0.281067 0.281066 0.000000 0.000000
0.000000 0.000000 0.275608 0.275609 0.275612 0.275611 0.275608 0.275609 0.275609 0.275607 0.275607 0.275607 0.275609 0.275609 0.275608 0.275611 0.275612 0.275609 0.275608 0.000000 0.000000
0.000000 0.000000 0.270501 0.270502 0.270504 0.270504 0.270501 0.270502 0.270501 0.270500 0.270500 0.270500 0.270501 0.270502 0.270501 0.270504 0.270504 0.270502 0.270501 0.000000 0.000000
0.000000 0.000000 0.265621 0.265621 0.265624 0.265623 0.265620 0.265621 0.265621 0.265619 0.265619 0.265619 0.265621 0.265621 0.265620 0.265623 0.265624 0.265621 0.265621 0.000000 0.000000
0.000000 0.000000 0.260914 0.260914 0.260917 0.260916 0.260913 0.260914 0.260914 0.260913 0.260913 0.260913 0.260914 0.260914 0.260913 0.260916 0.260917 0.260914 0.260914 0.000000 0.000000
0.000000 0.000000 0.256338 0.256338 0.256341 0.256340 0.256337 0.256338 0.256338 0.256337 0.256337 0.256337 0.256338 0.256338 0.256337 0.256340 0.256341 0.256338 0.256338 0.000000 0.000000
0.000000 0.000000 0.251861 0.251861 0.251864 0.251863 0.251860 0.251861 0.251861 0.251860 0.251859 0.251860 0.251861 0.251861 0.251860 0.251863 0.251864 0.251861 0.251861 0.000000 0.000000
0.000000 0.000000 0.247475 0.247475 0.247478 0.247477 0.247474 0.247475 0.247475 0.247474 0.247473 0.247474 0.247475 0.247475 0.247474 0.247477 0.247478 0.247475 0.247475 0.000000 0.000000
0.000000 0.000000 0.243159 0.243160 0.243162 0.243161 0.243159 0.243160 0.243159 0.243158 0.243158 0.243158 0.243159 0.243160 0.243159 0.243161 0.243162 0.243160 0.243159 0.000000 0.000000
0.000000 0.000000 0.238901 0.238902 0.238904 0.238904 0.238901 0.238902 0.238902 0.238900 0.238900 0.238900 0.238902 0.238902 0.238901 0.238904 0.238904 0.238902 0.238901 0.000000 0.000000
0.000000 0.000000 0.234703 0.234703 0.234706 0.234705 0.234702 0.234703 0.234703 0.234702 0.234702 0.234702 0.234703 0.234703 0.234702 0.234705 0.234706 0.234703 0.234703 0.000000 0.000000
0.000000 0.000000 0.230486 0.230486 0.230488 0.230488 0.230485 0.230486 0.230486 0.230485 0.230484 0.230485 0.230486 0.230486 0.230485 0.230488 0.230488 0.230486 0.230486 0.000000 0.000000
0.000000 0.000000 0.300000 0.300000 0.300000 0.300000 0.300000 0.300000 0.300000 0.300000 0.300000 0.300000 0.300000 0.300000 0.300000 0.300000 0.300000 0.300000 0.300000 0.000000 0.000000
0.000000 0.000000 0.000000 0.000000 0.000000 0.000000 0.000000 0.000000 0.000000 0.000000 0.000000 0.000000 0.000000 0.000000 0.000000 0.000000 0.000000 0.000000 0.000000 0.000000 0.000000