geotop/1.0zi/1.0Montebello/Templates/testdem/maps/_Eocclay7696.asc
ncols         21
nrows         20
xllcorner     100.000000
yllcorner     100.000000
cellsize      50.000000
NODATA_value  -9999.0
0.000000 0.000000 0.000000 0.000000 0.000000 0.000000 0.000000 0.000000 0.000000 0.000000 0.000000 0.000000 0.000000 0.000000 0.000000 0.000000 0.000000 0.000000 0.000000 0.000000 0.000000
0.000000 0.000000 0.349646 0.349648 0.349648 0.349647 0.349648 0.349648 0.349648 0.349648 0.349647 0.349648 0.349648 0.349648 0.349649 0.349648 0.349646 0.349647 0.349647 0.000000 0.000000
0.000000 0.000000 0.349985 0.349984 0.349985 0.349986 0.349984 0.349984 0.349984 0.349984 0.349984 0.349983 0.349984 0.349983 0.349984 0.349985 0.349986 0.349985 0.349983 0.000000 0.000000
0.000000 0.000000 0.350003 0.350008 0.350004 0.350003 0.350007 0.350004 0.350006 0.350003 0.350006 0.350004 0.350004 0.350003 0.350005 0.350007 0.350006 0.350009 0.350007 0.000000 0.000000
0.000000 0.000000 0.350955 0.350952 0.350948 0.350943 0.350927 0.350925 0.350923 0.350926 0.350922 0.350923 0.350919 0.350923 0.350932 0.350934 0.350942 0.350944 0.350950 0.000000 0.000000
0.000000 0.000000 0.353566 0.353564 0.353552 0.353525 0.353512 0.353488 0.353489 0.353482 0.353486 0.353485 0.353488 0.353489 0.353500 0.353519 0.353533 0.353548 0.353553 0.000000 0.000000
0.000000 0.000000 0.357181 0.357177 0.357169 0.357146 0.357116 0.357080 0.357078 0.357073 0.357074 0.357075 0.357075 0.357076 0.357108 0.357136 0.357152 0.357165 0.357172 0.000000 0.000000
0.000000 0.000000 0.361491 0.361489 0.361481 0.361452 0.361424 0.361384 0.361384 0.361379 0.361379 0.361376 0.361374 0.361382 0.361416 0.361441 0.361465 0.361475 0.361486 0.000000 0.000000
0.000000 0.000000 0.366032 0.366026 0.366012 0.365994 0.365964 0.365924 0.365926 0.365917 0.365914 0.365912 0.365913 0.365912 0.365952 0.365985 0.366004 0.366013 0.366023 0.000000 0.000000
0.000000 0.000000 0.370808 0.370798 0.370792 0.370774 0.370730 0.370693 0.370693 0.370688 0.370682 0.370685 0.370691 0.370689 0.370723 0.370760 0.370783 0.370791 0.370798 0.000000 0.000000
0.000000 0.000000 0.375964 0.375958 0.375950 0.375913 0.375882 0.375839 0.375848 0.375824 0.375827 0.375826 0.375818 0.375834 0.375864 0.375888 0.375917 0.375933 0.375952 0.000000 0.000000
0.000000 0.000000 0.381626 0.381611 0.381593 0.381569 0.381535 0.381482 0.381479 0.381471 0.381483 0.381465 0.381469 0.381473 0.381528 0.381556 0.381576 0.381588 0.381636 0.000000 0.000000
0.000000 0.000000 0.387694 0.387679 0.387672 0.387638 0.387609 0.387475 0.387473 0.387464 0.387430 0.387447 0.387455 0.387468 0.387571 0.387599 0.387649 0.387656 0.387682 0.000000 0.000000
0.000000 0.000000 0.394707 0.394702 0.394675 0.394651 0.394490 0.394491 0.394457 0.394457 0.394463 0.394455 0.394452 0.394446 0.394440 0.394606 0.394638 0.394682 0.394716 0.000000 0.000000
0.000000 0.000000 0.402886 0.402872 0.402837 0.402640 0.402641 0.402544 0.402494 0.402483 0.402450 0.402426 0.402448 0.402442 0.402537 0.402550 0.402812 0.402778 0.402787 0.000000 0.000000
0.000000 0.000000 0.411880 0.411866 0.411583 0.411634 0.411617 0.411579 0.411677 0.411641 0.411691 0.411667 0.411624 0.411694 0.411711 0.411725 0.411558 0.411954 0.411949 0.000000 0.000000
0.000000 0.000000 0.423091 0.422641 0.422686 0.422531 0.422306 0.422239 0.422135 0.422157 0.422033 0.422040 0.422109 0.422047 0.422159 0.422325 0.422669 0.422496 0.422960 0.000000 0.000000
0.000000 0.000000 0.428232 0.428603 0.429019 0.429000 0.428988 0.428599 0.428644 0.428536 0.428696 0.428661 0.428645 0.428697 0.429031 0.429038 0.429094 0.428743 0.428384 0.000000 0.000000
0.000000 0.000000 0.350000 0.350000 0.350000 0.350000 0.350000 0.350000 0.350000 0.350000 0.350000 0.350000 0.350000 0.350000 0.350000 0.350000 0.350000 0.350000 0.350000 0.000000 0.000000
0.000000 0.000000 0.000000 0.000000 0.000000 0.000000 0.000000 0.000000 0.000000 0.000000 0.000000 0.000000 0.000000 0.000000 0.000000 0.000000 0.000000 0.000000 0.000000 0.000000 0.000000