geotop/1.0zi/1.0Montebello/Templates/testdem/maps/_Eocclay5859.asc
ncols         21
nrows         20
xllcorner     100.000000
yllcorner     100.000000
cellsize      50.000000
NODATA_value  -9999.0
0.000000 0.000000 0.000000 0.000000 0.000000 0.000000 0.000000 0.000000 0.000000 0.000000 0.000000 0.000000 0.000000 0.000000 0.000000 0.000000 0.000000 0.000000 0.000000 0.000000 0.000000
0.000000 0.000000 0.349737 0.349737 0.349737 0.349738 0.349738 0.349738 0.349737 0.349737 0.349738 0.349738 0.349738 0.349737 0.349738 0.349738 0.349737 0.349737 0.349737 0.000000 0.000000
0.000000 0.000000 0.349989 0.349990 0.349990 0.349989 0.349989 0.349989 0.349989 0.349989 0.349989 0.349989 0.349989 0.349990 0.349989 0.349989 0.349989 0.349989 0.349989 0.000000 0.000000
0.000000 0.000000 0.349987 0.349988 0.349986 0.349987 0.349989 0.349989 0.349989 0.349987 0.349989 0.349988 0.349988 0.349987 0.349989 0.349991 0.349989 0.349990 0.349989 0.000000 0.000000
0.000000 0.000000 0.350480 0.350479 0.350479 0.350474 0.350464 0.350460 0.350462 0.350463 0.350462 0.350462 0.350457 0.350459 0.350462 0.350461 0.350466 0.350468 0.350473 0.000000 0.000000
0.000000 0.000000 0.352107 0.352109 0.352102 0.352083 0.352076 0.352060 0.352060 0.352056 0.352059 0.352059 0.352063 0.352062 0.352066 0.352079 0.352085 0.352096 0.352100 0.000000 0.000000
0.000000 0.000000 0.354503 0.354501 0.354498 0.354481 0.354461 0.354434 0.354433 0.354429 0.354431 0.354433 0.354434 0.354432 0.354451 0.354473 0.354482 0.354491 0.354498 0.000000 0.000000
0.000000 0.000000 0.357419 0.357419 0.357417 0.357397 0.357377 0.357348 0.357348 0.357345 0.357346 0.357346 0.357344 0.357348 0.357369 0.357387 0.357402 0.357407 0.357417 0.000000 0.000000
0.000000 0.000000 0.360388 0.360385 0.360378 0.360367 0.360347 0.360318 0.360320 0.360315 0.360313 0.360314 0.360314 0.360311 0.360337 0.360358 0.360371 0.360374 0.360382 0.000000 0.000000
0.000000 0.000000 0.363399 0.363394 0.363392 0.363384 0.363354 0.363329 0.363330 0.363327 0.363323 0.363328 0.363331 0.363327 0.363348 0.363372 0.363386 0.363389 0.363394 0.000000 0.000000
0.000000 0.000000 0.366532 0.366529 0.366528 0.366507 0.366487 0.366458 0.366464 0.366450 0.366451 0.366452 0.366449 0.366456 0.366473 0.366488 0.366503 0.366512 0.366525 0.000000 0.000000
0.000000 0.000000 0.369824 0.369817 0.369809 0.369794 0.369777 0.369742 0.369743 0.369736 0.369744 0.369735 0.369737 0.369739 0.369769 0.369784 0.369795 0.369799 0.369832 0.000000 0.000000
0.000000 0.000000 0.373217 0.373210 0.373208 0.373191 0.373175 0.373104 0.373103 0.373098 0.373083 0.373091 0.373096 0.373101 0.373153 0.373167 0.373192 0.373194 0.373217 0.000000 0.000000
0.000000 0.000000 0.376912 0.376908 0.376899 0.376888 0.376818 0.376800 0.376785 0.376784 0.376779 0.376781 0.376782 0.376779 0.376787 0.376856 0.376877 0.376895 0.376918 0.000000 0.000000
0.000000 0.000000 0.380994 0.380989 0.380974 0.380902 0.380880 0.380838 0.380811 0.380806 0.380793 0.380786 0.380794 0.380788 0.380819 0.380851 0.380954 0.380946 0.380960 0.000000 0.000000
0.000000 0.000000 0.385322 0.385317 0.385222 0.385207 0.385201 0.385175 0.385195 0.385184 0.385193 0.385182 0.385170 0.385189 0.385205 0.385214 0.385204 0.385327 0.385329 0.000000 0.000000
0.000000 0.000000 0.390303 0.390172 0.390129 0.390091 0.390028 0.389997 0.389985 0.389984 0.389955 0.389952 0.389964 0.389958 0.389993 0.390041 0.390116 0.390141 0.390274 0.000000 0.000000
0.000000 0.000000 0.393895 0.393906 0.394025 0.393994 0.393946 0.393823 0.393821 0.393794 0.393813 0.393806 0.393814 0.393816 0.393928 0.393962 0.394041 0.393919 0.393916 0.000000 0.000000
0.000000 0.000000 0.350000 0.350000 0.350000 0.350000 0.350000 0.350000 0.350000 0.350000 0.350000 0.350000 0.350000 0.350000 0.350000 0.350000 0.350000 0.350000 0.350000 0.000000 0.000000
0.000000 0.000000 0.000000 0.000000 0.000000 0.000000 0.000000 0.000000 0.000000 0.000000 0.000000 0.000000 0.000000 0.000000 0.000000 0.000000 0.000000 0.000000 0.000000 0.000000 0.000000