geotop/1.0zi/1.0Montebello/Templates/testdem/maps/_Eocsilt9764.asc
ncols         21
nrows         20
xllcorner     100.000000
yllcorner     100.000000
cellsize      50.000000
NODATA_value  -9999.0
0.000000 0.000000 0.000000 0.000000 0.000000 0.000000 0.000000 0.000000 0.000000 0.000000 0.000000 0.000000 0.000000 0.000000 0.000000 0.000000 0.000000 0.000000 0.000000 0.000000 0.000000
0.000000 0.000000 0.350207 0.350207 0.350207 0.350207 0.350206 0.350207 0.350207 0.350207 0.350207 0.350206 0.350206 0.350206 0.350207 0.350207 0.350208 0.350208 0.350207 0.000000 0.000000
0.000000 0.000000 0.350008 0.350008 0.350008 0.350007 0.350009 0.350008 0.350008 0.350008 0.350009 0.350008 0.350009 0.350009 0.350008 0.350007 0.350006 0.350006 0.350007 0.000000 0.000000
0.000000 0.000000 0.350150 0.350147 0.350141 0.350137 0.350137 0.350131 0.350135 0.350136 0.350133 0.350136 0.350137 0.350137 0.350139 0.350142 0.350147 0.350149 0.350150 0.000000 0.000000
0.000000 0.000000 0.351497 0.351503 0.351493 0.351473 0.351463 0.351456 0.351460 0.351457 0.351456 0.351459 0.351464 0.351462 0.351476 0.351485 0.351489 0.351495 0.351498 0.000000 0.000000
0.000000 0.000000 0.355165 0.355158 0.355144 0.355118 0.355086 0.355059 0.355057 0.355051 0.355052 0.355054 0.355058 0.355055 0.355073 0.355097 0.355109 0.355117 0.355124 0.000000 0.000000
0.000000 0.000000 0.360325 0.360314 0.360298 0.360260 0.360218 0.360165 0.360167 0.360163 0.360159 0.360157 0.360156 0.360160 0.360204 0.360236 0.360257 0.360272 0.360279 0.000000 0.000000
0.000000 0.000000 0.366444 0.366431 0.366416 0.366373 0.366328 0.366279 0.366281 0.366273 0.366268 0.366265 0.366264 0.366271 0.366313 0.366351 0.366384 0.366390 0.366404 0.000000 0.000000
0.000000 0.000000 0.373189 0.373169 0.373145 0.373111 0.373060 0.372999 0.373005 0.372992 0.372985 0.372983 0.372986 0.372983 0.373043 0.373087 0.373114 0.373125 0.373138 0.000000 0.000000
0.000000 0.000000 0.380614 0.380589 0.380569 0.380533 0.380477 0.380415 0.380416 0.380407 0.380394 0.380399 0.380407 0.380404 0.380452 0.380509 0.380539 0.380550 0.380557 0.000000 0.000000
0.000000 0.000000 0.389029 0.389007 0.388989 0.388908 0.388882 0.388799 0.388816 0.388775 0.388778 0.388772 0.388759 0.388781 0.388835 0.388870 0.388912 0.388927 0.388964 0.000000 0.000000
0.000000 0.000000 0.398837 0.398793 0.398744 0.398706 0.398662 0.398557 0.398555 0.398549 0.398561 0.398525 0.398543 0.398537 0.398633 0.398688 0.398710 0.398724 0.398796 0.000000 0.000000
0.000000 0.000000 0.409863 0.409822 0.409810 0.409733 0.409680 0.409405 0.409400 0.409382 0.409285 0.409344 0.409350 0.409373 0.409579 0.409626 0.409727 0.409732 0.409750 0.000000 0.000000
0.000000 0.000000 0.423441 0.423422 0.423335 0.423280 0.422901 0.423032 0.422950 0.422949 0.422998 0.422947 0.422938 0.422897 0.422777 0.423196 0.423212 0.423309 0.423368 0.000000 0.000000
0.000000 0.000000 0.438699 0.438654 0.438579 0.438098 0.438297 0.437997 0.437930 0.437898 0.437789 0.437752 0.437807 0.437810 0.438075 0.437884 0.438511 0.438364 0.438342 0.000000 0.000000
0.000000 0.000000 0.452045 0.452019 0.451522 0.451774 0.451685 0.451703 0.451919 0.451860 0.451975 0.451955 0.451862 0.451979 0.451914 0.451997 0.451446 0.452201 0.452190 0.000000 0.000000
0.000000 0.000000 0.462875 0.462559 0.462609 0.462491 0.462319 0.462266 0.462181 0.462200 0.462102 0.462113 0.462167 0.462113 0.462198 0.462328 0.462579 0.462423 0.462752 0.000000 0.000000
0.000000 0.000000 0.468175 0.468078 0.468251 0.468151 0.468043 0.467898 0.467853 0.467835 0.467820 0.467816 0.467848 0.467825 0.467971 0.468052 0.468248 0.468013 0.468115 0.000000 0.000000
0.000000 0.000000 0.350000 0.350000 0.350000 0.350000 0.350000 0.350000 0.350000 0.350000 0.350000 0.350000 0.350000 0.350000 0.350000 0.350000 0.350000 0.350000 0.350000 0.000000 0.000000
0.000000 0.000000 0.000000 0.000000 0.000000 0.000000 0.000000 0.000000 0.000000 0.000000 0.000000 0.000000 0.000000 0.000000 0.000000 0.000000 0.000000 0.000000 0.000000 0.000000 0.000000