geotop/1.0zi/1.0Montebello/Templates/testdem/maps/_Eocsand3641.asc
ncols         21
nrows         20
xllcorner     100.000000
yllcorner     100.000000
cellsize      50.000000
NODATA_value  -9999.0
0.000000 0.000000 0.000000 0.000000 0.000000 0.000000 0.000000 0.000000 0.000000 0.000000 0.000000 0.000000 0.000000 0.000000 0.000000 0.000000 0.000000 0.000000 0.000000 0.000000 0.000000
0.000000 0.000000 0.300099 0.300099 0.300099 0.300099 0.300099 0.300099 0.300099 0.300099 0.300100 0.300099 0.300099 0.300099 0.300099 0.300099 0.300099 0.300099 0.300099 0.000000 0.000000
0.000000 0.000000 0.300011 0.300011 0.300011 0.300011 0.300011 0.300011 0.300011 0.300011 0.300010 0.300011 0.300011 0.300011 0.300011 0.300011 0.300011 0.300011 0.300011 0.000000 0.000000
0.000000 0.000000 0.297315 0.297316 0.297320 0.297318 0.297315 0.297315 0.297316 0.297315 0.297315 0.297315 0.297316 0.297315 0.297315 0.297318 0.297320 0.297316 0.297315 0.000000 0.000000
0.000000 0.000000 0.286786 0.286789 0.286792 0.286791 0.286786 0.286789 0.286789 0.286787 0.286786 0.286787 0.286789 0.286789 0.286786 0.286791 0.286792 0.286789 0.286786 0.000000 0.000000
0.000000 0.000000 0.274372 0.274375 0.274377 0.274377 0.274373 0.274374 0.274375 0.274374 0.274373 0.274374 0.274375 0.274374 0.274373 0.274377 0.274377 0.274375 0.274372 0.000000 0.000000
0.000000 0.000000 0.262933 0.262935 0.262937 0.262937 0.262934 0.262935 0.262936 0.262935 0.262934 0.262935 0.262936 0.262935 0.262934 0.262937 0.262937 0.262935 0.262933 0.000000 0.000000
0.000000 0.000000 0.252575 0.252577 0.252579 0.252579 0.252576 0.252577 0.252578 0.252577 0.252576 0.252577 0.252578 0.252577 0.252576 0.252579 0.252579 0.252577 0.252575 0.000000 0.000000
0.000000 0.000000 0.243030 0.243032 0.243034 0.243033 0.243031 0.243032 0.243032 0.243031 0.243030 0.243031 0.243032 0.243032 0.243031 0.243033 0.243034 0.243032 0.243030 0.000000 0.000000
0.000000 0.000000 0.234073 0.234074 0.234076 0.234076 0.234073 0.234074 0.234075 0.234074 0.234073 0.234074 0.234075 0.234074 0.234073 0.234076 0.234076 0.234074 0.234073 0.000000 0.000000
0.000000 0.000000 0.225585 0.225587 0.225589 0.225588 0.225586 0.225587 0.225587 0.225587 0.225586 0.225587 0.225587 0.225587 0.225586 0.225588 0.225589 0.225587 0.225585 0.000000 0.000000
0.000000 0.000000 0.217484 0.217485 0.217487 0.217486 0.217484 0.217485 0.217486 0.217485 0.217484 0.217485 0.217486 0.217485 0.217484 0.217486 0.217487 0.217485 0.217484 0.000000 0.000000
0.000000 0.000000 0.209707 0.209708 0.209710 0.209709 0.209707 0.209708 0.209708 0.209708 0.209707 0.209708 0.209708 0.209708 0.209707 0.209709 0.209710 0.209708 0.209707 0.000000 0.000000
0.000000 0.000000 0.202196 0.202197 0.202199 0.202198 0.202196 0.202197 0.202198 0.202197 0.202196 0.202197 0.202198 0.202197 0.202196 0.202198 0.202199 0.202197 0.202196 0.000000 0.000000
0.000000 0.000000 0.194929 0.194930 0.194931 0.194931 0.194929 0.194930 0.194930 0.194929 0.194929 0.194929 0.194930 0.194930 0.194929 0.194931 0.194931 0.194930 0.194929 0.000000 0.000000
0.000000 0.000000 0.187894 0.187895 0.187897 0.187896 0.187894 0.187895 0.187895 0.187895 0.187894 0.187895 0.187895 0.187895 0.187894 0.187896 0.187897 0.187895 0.187894 0.000000 0.000000
0.000000 0.000000 0.181069 0.181070 0.181071 0.181070 0.181069 0.181070 0.181070 0.181069 0.181069 0.181069 0.181070 0.181070 0.181069 0.181070 0.181071 0.181070 0.181069 0.000000 0.000000
0.000000 0.000000 0.174359 0.174359 0.174361 0.174360 0.174359 0.174359 0.174360 0.174359 0.174358 0.174359 0.174360 0.174359 0.174359 0.174360 0.174361 0.174359 0.174359 0.000000 0.000000
0.000000 0.000000 0.300000 0.300000 0.300000 0.300000 0.300000 0.300000 0.300000 0.300000 0.300000 0.300000 0.300000 0.300000 0.300000 0.300000 0.300000 0.300000 0.300000 0.000000 0.000000
0.000000 0.000000 0.000000 0.000000 0.000000 0.000000 0.000000 0.000000 0.000000 0.000000 0.000000 0.000000 0.000000 0.000000 0.000000 0.000000 0.000000 0.000000 0.000000 0.000000 0.000000