geotop/1.0zi/1.0Montebello/Templates/testdem/maps/_Eocsilt2057.asc
ncols         21
nrows         20
xllcorner     100.000000
yllcorner     100.000000
cellsize      50.000000
NODATA_value  -9999.0
0.000000 0.000000 0.000000 0.000000 0.000000 0.000000 0.000000 0.000000 0.000000 0.000000 0.000000 0.000000 0.000000 0.000000 0.000000 0.000000 0.000000 0.000000 0.000000 0.000000 0.000000
0.000000 0.000000 0.350046 0.350046 0.350046 0.350046 0.350046 0.350046 0.350046 0.350046 0.350046 0.350046 0.350046 0.350046 0.350046 0.350046 0.350046 0.350046 0.350046 0.000000 0.000000
0.000000 0.000000 0.349999 0.349998 0.349999 0.349999 0.349999 0.349999 0.349999 0.349999 0.349999 0.349999 0.349999 0.349999 0.349999 0.349999 0.349999 0.349998 0.349999 0.000000 0.000000
0.000000 0.000000 0.350700 0.350699 0.350697 0.350698 0.350700 0.350700 0.350700 0.350700 0.350700 0.350700 0.350700 0.350700 0.350700 0.350698 0.350697 0.350699 0.350700 0.000000 0.000000
0.000000 0.000000 0.353341 0.353340 0.353338 0.353338 0.353341 0.353340 0.353341 0.353342 0.353342 0.353342 0.353341 0.353340 0.353341 0.353338 0.353338 0.353340 0.353341 0.000000 0.000000
0.000000 0.000000 0.356769 0.356769 0.356767 0.356767 0.356770 0.356769 0.356769 0.356770 0.356770 0.356770 0.356769 0.356769 0.356770 0.356767 0.356767 0.356769 0.356769 0.000000 0.000000
0.000000 0.000000 0.359927 0.359927 0.359925 0.359925 0.359927 0.359927 0.359927 0.359928 0.359928 0.359928 0.359927 0.359927 0.359927 0.359925 0.359925 0.359927 0.359927 0.000000 0.000000
0.000000 0.000000 0.362821 0.362820 0.362819 0.362819 0.362821 0.362820 0.362821 0.362821 0.362821 0.362821 0.362821 0.362820 0.362821 0.362819 0.362819 0.362820 0.362821 0.000000 0.000000
0.000000 0.000000 0.365526 0.365526 0.365525 0.365525 0.365527 0.365526 0.365526 0.365527 0.365527 0.365527 0.365526 0.365526 0.365527 0.365525 0.365525 0.365526 0.365526 0.000000 0.000000
0.000000 0.000000 0.368109 0.368109 0.368107 0.368108 0.368109 0.368109 0.368109 0.368109 0.368109 0.368109 0.368109 0.368109 0.368109 0.368108 0.368107 0.368109 0.368109 0.000000 0.000000
0.000000 0.000000 0.370597 0.370597 0.370596 0.370596 0.370598 0.370597 0.370597 0.370598 0.370598 0.370598 0.370597 0.370597 0.370598 0.370596 0.370596 0.370597 0.370597 0.000000 0.000000
0.000000 0.000000 0.373014 0.373014 0.373013 0.373013 0.373014 0.373014 0.373014 0.373015 0.373015 0.373015 0.373014 0.373014 0.373014 0.373013 0.373013 0.373014 0.373014 0.000000 0.000000
0.000000 0.000000 0.375376 0.375375 0.375374 0.375375 0.375376 0.375376 0.375376 0.375376 0.375376 0.375376 0.375376 0.375376 0.375376 0.375375 0.375374 0.375375 0.375376 0.000000 0.000000
0.000000 0.000000 0.377688 0.377688 0.377686 0.377687 0.377688 0.377688 0.377688 0.377688 0.377688 0.377688 0.377688 0.377688 0.377688 0.377687 0.377686 0.377688 0.377688 0.000000 0.000000
0.000000 0.000000 0.379961 0.379960 0.379959 0.379960 0.379961 0.379960 0.379961 0.379961 0.379961 0.379961 0.379961 0.379960 0.379961 0.379960 0.379959 0.379960 0.379961 0.000000 0.000000
0.000000 0.000000 0.382200 0.382200 0.382198 0.382199 0.382200 0.382200 0.382200 0.382200 0.382200 0.382200 0.382200 0.382200 0.382200 0.382199 0.382198 0.382200 0.382200 0.000000 0.000000
0.000000 0.000000 0.384405 0.384405 0.384404 0.384404 0.384405 0.384405 0.384405 0.384405 0.384406 0.384405 0.384405 0.384405 0.384405 0.384404 0.384404 0.384405 0.384405 0.000000 0.000000
0.000000 0.000000 0.386608 0.386608 0.386607 0.386607 0.386608 0.386608 0.386608 0.386608 0.386609 0.386608 0.386608 0.386608 0.386608 0.386607 0.386607 0.386608 0.386608 0.000000 0.000000
0.000000 0.000000 0.350000 0.350000 0.350000 0.350000 0.350000 0.350000 0.350000 0.350000 0.350000 0.350000 0.350000 0.350000 0.350000 0.350000 0.350000 0.350000 0.350000 0.000000 0.000000
0.000000 0.000000 0.000000 0.000000 0.000000 0.000000 0.000000 0.000000 0.000000 0.000000 0.000000 0.000000 0.000000 0.000000 0.000000 0.000000 0.000000 0.000000 0.000000 0.000000 0.000000