geotop/1.0zi/1.0Montebello/Templates/testdem/maps/_Eocsilt2655.asc
ncols         21
nrows         20
xllcorner     100.000000
yllcorner     100.000000
cellsize      50.000000
NODATA_value  -9999.0
0.000000 0.000000 0.000000 0.000000 0.000000 0.000000 0.000000 0.000000 0.000000 0.000000 0.000000 0.000000 0.000000 0.000000 0.000000 0.000000 0.000000 0.000000 0.000000 0.000000 0.000000
0.000000 0.000000 0.350063 0.350063 0.350063 0.350063 0.350063 0.350063 0.350063 0.350063 0.350062 0.350063 0.350063 0.350063 0.350063 0.350063 0.350063 0.350063 0.350063 0.000000 0.000000
0.000000 0.000000 0.349998 0.349997 0.349998 0.349998 0.349998 0.349998 0.349998 0.349998 0.349998 0.349998 0.349998 0.349998 0.349998 0.349998 0.349998 0.349997 0.349998 0.000000 0.000000
0.000000 0.000000 0.350877 0.350876 0.350874 0.350875 0.350877 0.350877 0.350876 0.350877 0.350877 0.350877 0.350876 0.350877 0.350877 0.350875 0.350874 0.350876 0.350877 0.000000 0.000000
0.000000 0.000000 0.354303 0.354302 0.354300 0.354301 0.354303 0.354302 0.354302 0.354304 0.354304 0.354304 0.354302 0.354302 0.354303 0.354301 0.354300 0.354302 0.354303 0.000000 0.000000
0.000000 0.000000 0.358762 0.358761 0.358760 0.358760 0.358763 0.358762 0.358762 0.358763 0.358763 0.358763 0.358762 0.358762 0.358763 0.358760 0.358760 0.358761 0.358762 0.000000 0.000000
0.000000 0.000000 0.362855 0.362854 0.362853 0.362853 0.362855 0.362855 0.362855 0.362855 0.362856 0.362855 0.362855 0.362855 0.362855 0.362853 0.362853 0.362854 0.362855 0.000000 0.000000
0.000000 0.000000 0.366589 0.366589 0.366587 0.366588 0.366589 0.366589 0.366589 0.366590 0.366590 0.366590 0.366589 0.366589 0.366589 0.366588 0.366587 0.366589 0.366589 0.000000 0.000000
0.000000 0.000000 0.370064 0.370064 0.370063 0.370063 0.370065 0.370064 0.370064 0.370065 0.370065 0.370065 0.370064 0.370064 0.370065 0.370063 0.370063 0.370064 0.370064 0.000000 0.000000
0.000000 0.000000 0.373360 0.373360 0.373359 0.373359 0.373361 0.373360 0.373360 0.373361 0.373361 0.373361 0.373360 0.373360 0.373361 0.373359 0.373359 0.373360 0.373360 0.000000 0.000000
0.000000 0.000000 0.376518 0.376517 0.376516 0.376517 0.376518 0.376517 0.376517 0.376518 0.376518 0.376518 0.376517 0.376517 0.376518 0.376517 0.376516 0.376517 0.376518 0.000000 0.000000
0.000000 0.000000 0.379565 0.379565 0.379563 0.379564 0.379565 0.379565 0.379565 0.379565 0.379565 0.379565 0.379565 0.379565 0.379565 0.379564 0.379563 0.379565 0.379565 0.000000 0.000000
0.000000 0.000000 0.382524 0.382524 0.382523 0.382523 0.382525 0.382524 0.382524 0.382525 0.382525 0.382525 0.382524 0.382524 0.382525 0.382523 0.382523 0.382524 0.382524 0.000000 0.000000
0.000000 0.000000 0.385411 0.385410 0.385409 0.385410 0.385411 0.385410 0.385410 0.385411 0.385411 0.385411 0.385410 0.385410 0.385411 0.385410 0.385409 0.385410 0.385411 0.000000 0.000000
0.000000 0.000000 0.388233 0.388233 0.388231 0.388232 0.388233 0.388233 0.388233 0.388233 0.388233 0.388233 0.388233 0.388233 0.388233 0.388232 0.388231 0.388233 0.388233 0.000000 0.000000
0.000000 0.000000 0.390997 0.390997 0.390995 0.390996 0.390997 0.390997 0.390997 0.390997 0.390997 0.390997 0.390997 0.390997 0.390997 0.390996 0.390995 0.390997 0.390997 0.000000 0.000000
0.000000 0.000000 0.393705 0.393705 0.393704 0.393704 0.393706 0.393705 0.393705 0.393706 0.393706 0.393706 0.393705 0.393705 0.393706 0.393704 0.393704 0.393705 0.393705 0.000000 0.000000
0.000000 0.000000 0.396394 0.396394 0.396393 0.396393 0.396395 0.396394 0.396394 0.396395 0.396395 0.396395 0.396394 0.396394 0.396395 0.396393 0.396393 0.396394 0.396394 0.000000 0.000000
0.000000 0.000000 0.350000 0.350000 0.350000 0.350000 0.350000 0.350000 0.350000 0.350000 0.350000 0.350000 0.350000 0.350000 0.350000 0.350000 0.350000 0.350000 0.350000 0.000000 0.000000
0.000000 0.000000 0.000000 0.000000 0.000000 0.000000 0.000000 0.000000 0.000000 0.000000 0.000000 0.000000 0.000000 0.000000 0.000000 0.000000 0.000000 0.000000 0.000000 0.000000 0.000000