geotop/1.0zi/1.0Montebello/Templates/testdem/maps/_Eocsilt2029.asc
ncols         21
nrows         20
xllcorner     100.000000
yllcorner     100.000000
cellsize      50.000000
NODATA_value  -9999.0
0.000000 0.000000 0.000000 0.000000 0.000000 0.000000 0.000000 0.000000 0.000000 0.000000 0.000000 0.000000 0.000000 0.000000 0.000000 0.000000 0.000000 0.000000 0.000000 0.000000 0.000000
0.000000 0.000000 0.350046 0.350046 0.350046 0.350046 0.350046 0.350046 0.350046 0.350046 0.350046 0.350046 0.350046 0.350046 0.350046 0.350046 0.350046 0.350046 0.350046 0.000000 0.000000
0.000000 0.000000 0.349999 0.349998 0.349999 0.349999 0.349999 0.349999 0.349999 0.349999 0.349999 0.349999 0.349999 0.349999 0.349999 0.349999 0.349999 0.349998 0.349999 0.000000 0.000000
0.000000 0.000000 0.350695 0.350695 0.350693 0.350694 0.350696 0.350696 0.350696 0.350696 0.350696 0.350696 0.350696 0.350696 0.350696 0.350694 0.350693 0.350695 0.350695 0.000000 0.000000
0.000000 0.000000 0.353314 0.353313 0.353311 0.353311 0.353314 0.353313 0.353313 0.353315 0.353314 0.353315 0.353313 0.353313 0.353314 0.353311 0.353311 0.353313 0.353314 0.000000 0.000000
0.000000 0.000000 0.356712 0.356712 0.356710 0.356710 0.356713 0.356712 0.356712 0.356713 0.356713 0.356713 0.356712 0.356712 0.356713 0.356710 0.356710 0.356712 0.356712 0.000000 0.000000
0.000000 0.000000 0.359839 0.359839 0.359838 0.359838 0.359840 0.359839 0.359839 0.359840 0.359840 0.359840 0.359839 0.359839 0.359840 0.359838 0.359838 0.359839 0.359839 0.000000 0.000000
0.000000 0.000000 0.362703 0.362703 0.362701 0.362702 0.362703 0.362703 0.362703 0.362703 0.362704 0.362703 0.362703 0.362703 0.362703 0.362702 0.362701 0.362703 0.362703 0.000000 0.000000
0.000000 0.000000 0.365379 0.365379 0.365377 0.365378 0.365379 0.365379 0.365379 0.365380 0.365380 0.365380 0.365379 0.365379 0.365379 0.365378 0.365377 0.365379 0.365379 0.000000 0.000000
0.000000 0.000000 0.367933 0.367933 0.367931 0.367932 0.367933 0.367933 0.367933 0.367933 0.367934 0.367933 0.367933 0.367933 0.367933 0.367932 0.367931 0.367933 0.367933 0.000000 0.000000
0.000000 0.000000 0.370393 0.370393 0.370392 0.370392 0.370393 0.370393 0.370393 0.370394 0.370394 0.370394 0.370393 0.370393 0.370393 0.370392 0.370392 0.370393 0.370393 0.000000 0.000000
0.000000 0.000000 0.372782 0.372782 0.372781 0.372781 0.372783 0.372782 0.372782 0.372783 0.372783 0.372783 0.372782 0.372782 0.372783 0.372781 0.372781 0.372782 0.372782 0.000000 0.000000
0.000000 0.000000 0.375117 0.375116 0.375115 0.375115 0.375117 0.375116 0.375116 0.375117 0.375117 0.375117 0.375116 0.375116 0.375117 0.375115 0.375115 0.375116 0.375117 0.000000 0.000000
0.000000 0.000000 0.377402 0.377402 0.377400 0.377401 0.377402 0.377402 0.377402 0.377402 0.377403 0.377402 0.377402 0.377402 0.377402 0.377401 0.377400 0.377402 0.377402 0.000000 0.000000
0.000000 0.000000 0.379649 0.379649 0.379648 0.379648 0.379649 0.379649 0.379649 0.379650 0.379650 0.379650 0.379649 0.379649 0.379649 0.379648 0.379648 0.379649 0.379649 0.000000 0.000000
0.000000 0.000000 0.381864 0.381864 0.381862 0.381863 0.381864 0.381864 0.381864 0.381864 0.381864 0.381864 0.381864 0.381864 0.381864 0.381863 0.381862 0.381864 0.381864 0.000000 0.000000
0.000000 0.000000 0.384045 0.384045 0.384044 0.384044 0.384046 0.384045 0.384045 0.384046 0.384046 0.384046 0.384045 0.384045 0.384046 0.384044 0.384044 0.384045 0.384045 0.000000 0.000000
0.000000 0.000000 0.386227 0.386227 0.386225 0.386226 0.386227 0.386227 0.386227 0.386227 0.386227 0.386227 0.386227 0.386227 0.386227 0.386226 0.386225 0.386227 0.386227 0.000000 0.000000
0.000000 0.000000 0.350000 0.350000 0.350000 0.350000 0.350000 0.350000 0.350000 0.350000 0.350000 0.350000 0.350000 0.350000 0.350000 0.350000 0.350000 0.350000 0.350000 0.000000 0.000000
0.000000 0.000000 0.000000 0.000000 0.000000 0.000000 0.000000 0.000000 0.000000 0.000000 0.000000 0.000000 0.000000 0.000000 0.000000 0.000000 0.000000 0.000000 0.000000 0.000000 0.000000