geotop/1.0zi/1.0Montebello/Templates/testdem/maps/_Eocsilt5043.asc
ncols         21
nrows         20
xllcorner     100.000000
yllcorner     100.000000
cellsize      50.000000
NODATA_value  -9999.0
0.000000 0.000000 0.000000 0.000000 0.000000 0.000000 0.000000 0.000000 0.000000 0.000000 0.000000 0.000000 0.000000 0.000000 0.000000 0.000000 0.000000 0.000000 0.000000 0.000000 0.000000
0.000000 0.000000 0.350100 0.350100 0.350100 0.350100 0.350100 0.350100 0.350100 0.350100 0.350100 0.350100 0.350100 0.350100 0.350100 0.350100 0.350101 0.350100 0.350100 0.000000 0.000000
0.000000 0.000000 0.350002 0.350003 0.350003 0.350003 0.350004 0.350004 0.350004 0.350004 0.350004 0.350004 0.350004 0.350004 0.350003 0.350003 0.350002 0.350002 0.350002 0.000000 0.000000
0.000000 0.000000 0.350036 0.350036 0.350036 0.350031 0.350032 0.350030 0.350032 0.350033 0.350032 0.350031 0.350032 0.350031 0.350032 0.350035 0.350035 0.350037 0.350036 0.000000 0.000000
0.000000 0.000000 0.350429 0.350432 0.350431 0.350427 0.350424 0.350421 0.350419 0.350417 0.350415 0.350417 0.350418 0.350418 0.350423 0.350424 0.350425 0.350432 0.350436 0.000000 0.000000
0.000000 0.000000 0.351698 0.351700 0.351696 0.351684 0.351677 0.351662 0.351660 0.351655 0.351659 0.351662 0.351666 0.351664 0.351669 0.351675 0.351682 0.351684 0.351688 0.000000 0.000000
0.000000 0.000000 0.353654 0.353652 0.353646 0.353631 0.353613 0.353595 0.353596 0.353594 0.353597 0.353595 0.353593 0.353598 0.353611 0.353626 0.353632 0.353640 0.353646 0.000000 0.000000
0.000000 0.000000 0.355961 0.355960 0.355959 0.355945 0.355927 0.355907 0.355909 0.355905 0.355905 0.355905 0.355904 0.355905 0.355923 0.355941 0.355952 0.355954 0.355961 0.000000 0.000000
0.000000 0.000000 0.358374 0.358369 0.358364 0.358351 0.358333 0.358309 0.358311 0.358307 0.358306 0.358307 0.358306 0.358308 0.358327 0.358347 0.358356 0.358362 0.358371 0.000000 0.000000
0.000000 0.000000 0.360768 0.360765 0.360761 0.360752 0.360732 0.360710 0.360713 0.360710 0.360710 0.360710 0.360708 0.360708 0.360730 0.360748 0.360753 0.360758 0.360765 0.000000 0.000000
0.000000 0.000000 0.363201 0.363197 0.363195 0.363180 0.363164 0.363140 0.363142 0.363138 0.363137 0.363138 0.363136 0.363137 0.363155 0.363170 0.363182 0.363188 0.363196 0.000000 0.000000
0.000000 0.000000 0.365728 0.365725 0.365720 0.365706 0.365689 0.365665 0.365665 0.365662 0.365662 0.365661 0.365661 0.365661 0.365684 0.365701 0.365709 0.365714 0.365739 0.000000 0.000000
0.000000 0.000000 0.368296 0.368291 0.368286 0.368275 0.368254 0.368203 0.368203 0.368199 0.368198 0.368199 0.368196 0.368198 0.368243 0.368264 0.368273 0.368278 0.368294 0.000000 0.000000
0.000000 0.000000 0.371042 0.371034 0.371030 0.371018 0.370964 0.370951 0.370943 0.370940 0.370940 0.370940 0.370937 0.370938 0.370951 0.371004 0.371014 0.371026 0.371035 0.000000 0.000000
0.000000 0.000000 0.374020 0.374014 0.374000 0.373950 0.373925 0.373892 0.373877 0.373872 0.373864 0.373863 0.373866 0.373862 0.373887 0.373921 0.373981 0.373979 0.373987 0.000000 0.000000
0.000000 0.000000 0.377121 0.377115 0.377055 0.377040 0.377023 0.377006 0.377005 0.377005 0.377008 0.377007 0.376999 0.377012 0.377021 0.377035 0.377037 0.377105 0.377121 0.000000 0.000000
0.000000 0.000000 0.380597 0.380515 0.380468 0.380444 0.380399 0.380376 0.380371 0.380368 0.380359 0.380359 0.380361 0.380355 0.380373 0.380422 0.380455 0.380483 0.380566 0.000000 0.000000
0.000000 0.000000 0.383249 0.383238 0.383294 0.383266 0.383230 0.383150 0.383143 0.383136 0.383140 0.383138 0.383134 0.383141 0.383215 0.383252 0.383294 0.383224 0.383251 0.000000 0.000000
0.000000 0.000000 0.350000 0.350000 0.350000 0.350000 0.350000 0.350000 0.350000 0.350000 0.350000 0.350000 0.350000 0.350000 0.350000 0.350000 0.350000 0.350000 0.350000 0.000000 0.000000
0.000000 0.000000 0.000000 0.000000 0.000000 0.000000 0.000000 0.000000 0.000000 0.000000 0.000000 0.000000 0.000000 0.000000 0.000000 0.000000 0.000000 0.000000 0.000000 0.000000 0.000000