geotop/1.0zi/1.0Montebello/Templates/testdem/maps/_Eocsand9913.asc
ncols         21
nrows         20
xllcorner     100.000000
yllcorner     100.000000
cellsize      50.000000
NODATA_value  -9999.0
0.000000 0.000000 0.000000 0.000000 0.000000 0.000000 0.000000 0.000000 0.000000 0.000000 0.000000 0.000000 0.000000 0.000000 0.000000 0.000000 0.000000 0.000000 0.000000 0.000000 0.000000
0.000000 0.000000 0.300245 0.300242 0.300243 0.300243 0.300242 0.300242 0.300243 0.300243 0.300243 0.300243 0.300243 0.300243 0.300243 0.300242 0.300244 0.300243 0.300243 0.000000 0.000000
0.000000 0.000000 0.300011 0.300013 0.300012 0.300011 0.300012 0.300013 0.300012 0.300012 0.300012 0.300012 0.300012 0.300012 0.300012 0.300012 0.300013 0.300013 0.300014 0.000000 0.000000
0.000000 0.000000 0.299810 0.299808 0.299817 0.299825 0.299824 0.299830 0.299822 0.299824 0.299824 0.299823 0.299821 0.299823 0.299818 0.299811 0.299808 0.299805 0.299807 0.000000 0.000000
0.000000 0.000000 0.296993 0.296993 0.297010 0.297044 0.297072 0.297081 0.297081 0.297082 0.297085 0.297078 0.297073 0.297073 0.297049 0.297035 0.297021 0.297011 0.296998 0.000000 0.000000
0.000000 0.000000 0.289252 0.289264 0.289302 0.289371 0.289436 0.289495 0.289492 0.289500 0.289504 0.289503 0.289492 0.289497 0.289461 0.289406 0.289378 0.289357 0.289345 0.000000 0.000000
0.000000 0.000000 0.278555 0.278578 0.278610 0.278690 0.278773 0.278888 0.278885 0.278892 0.278905 0.278905 0.278906 0.278903 0.278807 0.278740 0.278698 0.278669 0.278655 0.000000 0.000000
0.000000 0.000000 0.265850 0.265877 0.265910 0.266005 0.266098 0.266201 0.266199 0.266209 0.266224 0.266231 0.266234 0.266218 0.266130 0.266054 0.265986 0.265972 0.265943 0.000000 0.000000
0.000000 0.000000 0.251850 0.251889 0.251940 0.252016 0.252121 0.252245 0.252233 0.252254 0.252276 0.252280 0.252274 0.252281 0.252157 0.252066 0.252014 0.251992 0.251966 0.000000 0.000000
0.000000 0.000000 0.236318 0.236373 0.236414 0.236496 0.236612 0.236743 0.236741 0.236754 0.236786 0.236776 0.236760 0.236768 0.236666 0.236548 0.236486 0.236462 0.236451 0.000000 0.000000
0.000000 0.000000 0.218559 0.218605 0.218645 0.218823 0.218877 0.219053 0.219016 0.219098 0.219098 0.219112 0.219139 0.219093 0.218979 0.218905 0.218817 0.218787 0.218710 0.000000 0.000000
0.000000 0.000000 0.197714 0.197809 0.197916 0.198004 0.198098 0.198321 0.198326 0.198329 0.198312 0.198390 0.198353 0.198367 0.198162 0.198045 0.197999 0.197971 0.197818 0.000000 0.000000
0.000000 0.000000 0.174123 0.174211 0.174236 0.174409 0.174526 0.175120 0.175130 0.175163 0.175383 0.175253 0.175243 0.175192 0.174745 0.174648 0.174429 0.174420 0.174387 0.000000 0.000000
0.000000 0.000000 0.144906 0.144944 0.145143 0.145264 0.146100 0.145787 0.145967 0.145959 0.145846 0.145971 0.145987 0.146084 0.146360 0.145447 0.145422 0.145209 0.145083 0.000000 0.000000
0.000000 0.000000 0.112429 0.112529 0.112680 0.113735 0.113257 0.113925 0.114063 0.114125 0.114383 0.114451 0.114338 0.114324 0.113737 0.114190 0.112830 0.113158 0.113213 0.000000 0.000000
0.000000 0.000000 0.084946 0.084999 0.086032 0.085487 0.085684 0.085631 0.085176 0.085293 0.085054 0.085094 0.085291 0.085049 0.085197 0.085013 0.086196 0.084616 0.084639 0.000000 0.000000
0.000000 0.000000 0.062790 0.063464 0.063349 0.063601 0.063967 0.064045 0.064225 0.064183 0.064394 0.064370 0.064255 0.064372 0.064226 0.063949 0.063417 0.063759 0.063061 0.000000 0.000000
0.000000 0.000000 0.052489 0.052536 0.052142 0.052301 0.052473 0.052807 0.052858 0.052917 0.052894 0.052909 0.052867 0.052887 0.052571 0.052439 0.052139 0.052609 0.052554 0.000000 0.000000
0.000000 0.000000 0.300000 0.300000 0.300000 0.300000 0.300000 0.300000 0.300000 0.300000 0.300000 0.300000 0.300000 0.300000 0.300000 0.300000 0.300000 0.300000 0.300000 0.000000 0.000000
0.000000 0.000000 0.000000 0.000000 0.000000 0.000000 0.000000 0.000000 0.000000 0.000000 0.000000 0.000000 0.000000 0.000000 0.000000 0.000000 0.000000 0.000000 0.000000 0.000000 0.000000