geotop/1.0zi/1.0Montebello/Templates/testdem/maps/_Eocsand034F.asc
ncols         21
nrows         20
xllcorner     100.000000
yllcorner     100.000000
cellsize      50.000000
NODATA_value  -9999.0
0.000000 0.000000 0.000000 0.000000 0.000000 0.000000 0.000000 0.000000 0.000000 0.000000 0.000000 0.000000 0.000000 0.000000 0.000000 0.000000 0.000000 0.000000 0.000000 0.000000 0.000000
0.000000 0.000000 0.300258 0.300255 0.300255 0.300256 0.300255 0.300255 0.300255 0.300255 0.300256 0.300255 0.300255 0.300256 0.300255 0.300255 0.300256 0.300256 0.300256 0.000000 0.000000
0.000000 0.000000 0.300012 0.300014 0.300014 0.300012 0.300014 0.300014 0.300014 0.300014 0.300014 0.300014 0.300013 0.300014 0.300013 0.300013 0.300014 0.300015 0.300015 0.000000 0.000000
0.000000 0.000000 0.299741 0.299735 0.299745 0.299753 0.299753 0.299758 0.299751 0.299753 0.299752 0.299750 0.299749 0.299751 0.299745 0.299739 0.299737 0.299735 0.299736 0.000000 0.000000
0.000000 0.000000 0.296522 0.296521 0.296540 0.296578 0.296608 0.296620 0.296618 0.296618 0.296622 0.296614 0.296608 0.296609 0.296587 0.296571 0.296552 0.296539 0.296526 0.000000 0.000000
0.000000 0.000000 0.288073 0.288081 0.288123 0.288197 0.288267 0.288329 0.288324 0.288332 0.288335 0.288334 0.288322 0.288328 0.288294 0.288234 0.288201 0.288177 0.288165 0.000000 0.000000
0.000000 0.000000 0.276498 0.276519 0.276554 0.276641 0.276730 0.276855 0.276850 0.276856 0.276870 0.276869 0.276870 0.276867 0.276770 0.276697 0.276649 0.276616 0.276602 0.000000 0.000000
0.000000 0.000000 0.262690 0.262715 0.262752 0.262862 0.262960 0.263073 0.263069 0.263079 0.263094 0.263100 0.263104 0.263087 0.262998 0.262915 0.262839 0.262821 0.262792 0.000000 0.000000
0.000000 0.000000 0.247300 0.247337 0.247400 0.247486 0.247601 0.247739 0.247724 0.247744 0.247767 0.247771 0.247764 0.247773 0.247645 0.247544 0.247483 0.247456 0.247431 0.000000 0.000000
0.000000 0.000000 0.229973 0.230027 0.230083 0.230179 0.230307 0.230455 0.230450 0.230462 0.230497 0.230484 0.230468 0.230476 0.230374 0.230242 0.230168 0.230137 0.230128 0.000000 0.000000
0.000000 0.000000 0.209823 0.209867 0.209918 0.210128 0.210188 0.210391 0.210346 0.210436 0.210434 0.210450 0.210483 0.210430 0.210311 0.210229 0.210123 0.210084 0.209999 0.000000 0.000000
0.000000 0.000000 0.185769 0.185870 0.186004 0.186102 0.186219 0.186477 0.186483 0.186474 0.186455 0.186547 0.186498 0.186524 0.186298 0.186159 0.186103 0.186065 0.185894 0.000000 0.000000
0.000000 0.000000 0.158384 0.158472 0.158500 0.158713 0.158856 0.159571 0.159579 0.159613 0.159886 0.159715 0.159709 0.159647 0.159133 0.159021 0.158748 0.158731 0.158716 0.000000 0.000000
0.000000 0.000000 0.124975 0.125000 0.125246 0.125381 0.126368 0.125926 0.126129 0.126108 0.125942 0.126111 0.126133 0.126257 0.126661 0.125578 0.125570 0.125311 0.125170 0.000000 0.000000
0.000000 0.000000 0.091852 0.091940 0.092079 0.093129 0.092584 0.093299 0.093412 0.093470 0.093740 0.093793 0.093680 0.093656 0.093046 0.093584 0.092220 0.092556 0.092627 0.000000 0.000000
0.000000 0.000000 0.068573 0.068612 0.069358 0.069052 0.069168 0.069181 0.068864 0.068948 0.068797 0.068827 0.068959 0.068790 0.068863 0.068756 0.069500 0.068400 0.068422 0.000000 0.000000
0.000000 0.000000 0.051895 0.052215 0.052377 0.052405 0.052609 0.052649 0.052642 0.052645 0.052697 0.052695 0.052681 0.052686 0.052642 0.052480 0.052451 0.052288 0.051973 0.000000 0.000000
0.000000 0.000000 0.041878 0.042046 0.041980 0.042035 0.042188 0.042319 0.042340 0.042358 0.042379 0.042382 0.042358 0.042371 0.042224 0.042131 0.042009 0.042111 0.041940 0.000000 0.000000
0.000000 0.000000 0.300000 0.300000 0.300000 0.300000 0.300000 0.300000 0.300000 0.300000 0.300000 0.300000 0.300000 0.300000 0.300000 0.300000 0.300000 0.300000 0.300000 0.000000 0.000000
0.000000 0.000000 0.000000 0.000000 0.000000 0.000000 0.000000 0.000000 0.000000 0.000000 0.000000 0.000000 0.000000 0.000000 0.000000 0.000000 0.000000 0.000000 0.000000 0.000000 0.000000