geotop/1.0zi/1.0Montebello/Templates/testdem/maps/_Eocclay7878.asc
ncols         21
nrows         20
xllcorner     100.000000
yllcorner     100.000000
cellsize      50.000000
NODATA_value  -9999.0
0.000000 0.000000 0.000000 0.000000 0.000000 0.000000 0.000000 0.000000 0.000000 0.000000 0.000000 0.000000 0.000000 0.000000 0.000000 0.000000 0.000000 0.000000 0.000000 0.000000 0.000000
0.000000 0.000000 0.349635 0.349637 0.349637 0.349636 0.349638 0.349638 0.349638 0.349638 0.349636 0.349638 0.349638 0.349638 0.349638 0.349638 0.349636 0.349636 0.349637 0.000000 0.000000
0.000000 0.000000 0.349985 0.349984 0.349985 0.349986 0.349984 0.349983 0.349984 0.349983 0.349983 0.349983 0.349984 0.349983 0.349984 0.349985 0.349985 0.349984 0.349983 0.000000 0.000000
0.000000 0.000000 0.350003 0.350008 0.350004 0.350003 0.350006 0.350003 0.350005 0.350003 0.350006 0.350004 0.350004 0.350002 0.350004 0.350006 0.350005 0.350008 0.350007 0.000000 0.000000
0.000000 0.000000 0.350995 0.350992 0.350988 0.350983 0.350967 0.350965 0.350962 0.350965 0.350961 0.350962 0.350958 0.350962 0.350972 0.350974 0.350983 0.350984 0.350990 0.000000 0.000000
0.000000 0.000000 0.353755 0.353753 0.353741 0.353712 0.353698 0.353674 0.353674 0.353667 0.353671 0.353670 0.353673 0.353674 0.353685 0.353705 0.353719 0.353735 0.353740 0.000000 0.000000
0.000000 0.000000 0.357542 0.357537 0.357528 0.357504 0.357474 0.357436 0.357434 0.357429 0.357430 0.357430 0.357431 0.357432 0.357465 0.357494 0.357510 0.357523 0.357531 0.000000 0.000000
0.000000 0.000000 0.362031 0.362028 0.362019 0.361989 0.361960 0.361918 0.361918 0.361913 0.361913 0.361910 0.361908 0.361916 0.361951 0.361977 0.362002 0.362012 0.362024 0.000000 0.000000
0.000000 0.000000 0.366773 0.366765 0.366751 0.366732 0.366701 0.366659 0.366661 0.366651 0.366649 0.366647 0.366647 0.366647 0.366688 0.366722 0.366742 0.366751 0.366761 0.000000 0.000000
0.000000 0.000000 0.371781 0.371771 0.371763 0.371744 0.371698 0.371660 0.371660 0.371655 0.371649 0.371652 0.371657 0.371655 0.371691 0.371729 0.371753 0.371761 0.371769 0.000000 0.000000
0.000000 0.000000 0.377213 0.377206 0.377197 0.377157 0.377125 0.377080 0.377089 0.377064 0.377068 0.377066 0.377058 0.377074 0.377106 0.377130 0.377161 0.377177 0.377198 0.000000 0.000000
0.000000 0.000000 0.383206 0.383189 0.383170 0.383144 0.383108 0.383052 0.383049 0.383041 0.383054 0.383034 0.383039 0.383043 0.383101 0.383131 0.383151 0.383163 0.383214 0.000000 0.000000
0.000000 0.000000 0.389659 0.389642 0.389634 0.389597 0.389566 0.389422 0.389420 0.389411 0.389374 0.389393 0.389401 0.389415 0.389525 0.389554 0.389609 0.389615 0.389641 0.000000 0.000000
0.000000 0.000000 0.397170 0.397164 0.397133 0.397107 0.396930 0.396938 0.396901 0.396900 0.396909 0.396899 0.396895 0.396888 0.396877 0.397060 0.397092 0.397140 0.397176 0.000000 0.000000
0.000000 0.000000 0.405982 0.405964 0.405926 0.405705 0.405716 0.405606 0.405553 0.405540 0.405504 0.405477 0.405501 0.405495 0.405603 0.405607 0.405898 0.405858 0.405865 0.000000 0.000000
0.000000 0.000000 0.415681 0.415664 0.415345 0.415416 0.415394 0.415358 0.415472 0.415433 0.415492 0.415466 0.415416 0.415496 0.415509 0.415526 0.415316 0.415767 0.415761 0.000000 0.000000
0.000000 0.000000 0.427812 0.427301 0.427377 0.427192 0.426937 0.426862 0.426735 0.426764 0.426618 0.426629 0.426710 0.426633 0.426760 0.426949 0.427357 0.427124 0.427650 0.000000 0.000000
0.000000 0.000000 0.432830 0.433282 0.433737 0.433726 0.433730 0.433297 0.433357 0.433234 0.433425 0.433385 0.433361 0.433424 0.433791 0.433787 0.433819 0.433448 0.433006 0.000000 0.000000
0.000000 0.000000 0.350000 0.350000 0.350000 0.350000 0.350000 0.350000 0.350000 0.350000 0.350000 0.350000 0.350000 0.350000 0.350000 0.350000 0.350000 0.350000 0.350000 0.000000 0.000000
0.000000 0.000000 0.000000 0.000000 0.000000 0.000000 0.000000 0.000000 0.000000 0.000000 0.000000 0.000000 0.000000 0.000000 0.000000 0.000000 0.000000 0.000000 0.000000 0.000000 0.000000