geotop/1.0zi/1.0Montebello/Templates/testdem/maps/_Eocsilt0941.asc
ncols         21
nrows         20
xllcorner     100.000000
yllcorner     100.000000
cellsize      50.000000
NODATA_value  -9999.0
0.000000 0.000000 0.000000 0.000000 0.000000 0.000000 0.000000 0.000000 0.000000 0.000000 0.000000 0.000000 0.000000 0.000000 0.000000 0.000000 0.000000 0.000000 0.000000 0.000000 0.000000
0.000000 0.000000 0.350018 0.350018 0.350018 0.350018 0.350018 0.350018 0.350018 0.350018 0.350018 0.350018 0.350018 0.350018 0.350018 0.350018 0.350018 0.350018 0.350018 0.000000 0.000000
0.000000 0.000000 0.349999 0.349999 0.349999 0.349999 0.349999 0.349999 0.349999 0.349999 0.349999 0.349999 0.349999 0.349999 0.349999 0.349999 0.349999 0.349999 0.349999 0.000000 0.000000
0.000000 0.000000 0.350419 0.350418 0.350416 0.350417 0.350419 0.350419 0.350419 0.350419 0.350419 0.350419 0.350419 0.350419 0.350419 0.350417 0.350416 0.350418 0.350419 0.000000 0.000000
0.000000 0.000000 0.351815 0.351814 0.351812 0.351811 0.351815 0.351814 0.351814 0.351814 0.351814 0.351814 0.351814 0.351814 0.351815 0.351811 0.351812 0.351814 0.351815 0.000000 0.000000
0.000000 0.000000 0.353480 0.353480 0.353478 0.353478 0.353481 0.353480 0.353480 0.353480 0.353480 0.353480 0.353480 0.353480 0.353481 0.353478 0.353478 0.353480 0.353480 0.000000 0.000000
0.000000 0.000000 0.355003 0.355003 0.355001 0.355001 0.355004 0.355003 0.355003 0.355003 0.355003 0.355003 0.355003 0.355003 0.355004 0.355001 0.355001 0.355003 0.355003 0.000000 0.000000
0.000000 0.000000 0.356398 0.356398 0.356396 0.356396 0.356398 0.356398 0.356398 0.356398 0.356398 0.356398 0.356398 0.356398 0.356398 0.356396 0.356396 0.356398 0.356398 0.000000 0.000000
0.000000 0.000000 0.357703 0.357703 0.357701 0.357701 0.357703 0.357703 0.357703 0.357703 0.357703 0.357703 0.357703 0.357703 0.357703 0.357701 0.357701 0.357703 0.357703 0.000000 0.000000
0.000000 0.000000 0.358953 0.358953 0.358952 0.358952 0.358953 0.358953 0.358953 0.358953 0.358953 0.358953 0.358953 0.358953 0.358953 0.358952 0.358952 0.358953 0.358953 0.000000 0.000000
0.000000 0.000000 0.360162 0.360161 0.360160 0.360160 0.360162 0.360161 0.360161 0.360162 0.360162 0.360162 0.360161 0.360161 0.360162 0.360160 0.360160 0.360161 0.360162 0.000000 0.000000
0.000000 0.000000 0.361341 0.361341 0.361340 0.361340 0.361341 0.361341 0.361341 0.361341 0.361341 0.361341 0.361341 0.361341 0.361341 0.361340 0.361340 0.361341 0.361341 0.000000 0.000000
0.000000 0.000000 0.362502 0.362502 0.362501 0.362501 0.362502 0.362502 0.362502 0.362502 0.362502 0.362502 0.362502 0.362502 0.362502 0.362501 0.362501 0.362502 0.362502 0.000000 0.000000
0.000000 0.000000 0.363643 0.363643 0.363642 0.363642 0.363643 0.363643 0.363643 0.363643 0.363643 0.363643 0.363643 0.363643 0.363643 0.363642 0.363642 0.363643 0.363643 0.000000 0.000000
0.000000 0.000000 0.364772 0.364771 0.364770 0.364770 0.364772 0.364772 0.364772 0.364772 0.364772 0.364772 0.364772 0.364772 0.364772 0.364770 0.364770 0.364771 0.364772 0.000000 0.000000
0.000000 0.000000 0.365891 0.365891 0.365890 0.365890 0.365891 0.365891 0.365891 0.365891 0.365891 0.365891 0.365891 0.365891 0.365891 0.365890 0.365890 0.365891 0.365891 0.000000 0.000000
0.000000 0.000000 0.366999 0.366998 0.366997 0.366997 0.366999 0.366999 0.366999 0.366999 0.366999 0.366999 0.366999 0.366999 0.366999 0.366997 0.366997 0.366998 0.366999 0.000000 0.000000
0.000000 0.000000 0.368134 0.368134 0.368132 0.368133 0.368134 0.368134 0.368134 0.368134 0.368134 0.368134 0.368134 0.368134 0.368134 0.368133 0.368132 0.368134 0.368134 0.000000 0.000000
0.000000 0.000000 0.350000 0.350000 0.350000 0.350000 0.350000 0.350000 0.350000 0.350000 0.350000 0.350000 0.350000 0.350000 0.350000 0.350000 0.350000 0.350000 0.350000 0.000000 0.000000
0.000000 0.000000 0.000000 0.000000 0.000000 0.000000 0.000000 0.000000 0.000000 0.000000 0.000000 0.000000 0.000000 0.000000 0.000000 0.000000 0.000000 0.000000 0.000000 0.000000 0.000000