geotop/1.0zi/1.0Montebello/Templates/testdem/maps/_Eocclay0985.asc
ncols         21
nrows         20
xllcorner     100.000000
yllcorner     100.000000
cellsize      50.000000
NODATA_value  -9999.0
0.000000 0.000000 0.000000 0.000000 0.000000 0.000000 0.000000 0.000000 0.000000 0.000000 0.000000 0.000000 0.000000 0.000000 0.000000 0.000000 0.000000 0.000000 0.000000 0.000000 0.000000
0.000000 0.000000 0.349949 0.349949 0.349949 0.349949 0.349949 0.349949 0.349949 0.349949 0.349949 0.349949 0.349949 0.349949 0.349949 0.349949 0.349949 0.349949 0.349949 0.000000 0.000000
0.000000 0.000000 0.349995 0.349995 0.349994 0.349995 0.349995 0.349995 0.349995 0.349995 0.349995 0.349995 0.349995 0.349995 0.349995 0.349995 0.349994 0.349995 0.349995 0.000000 0.000000
0.000000 0.000000 0.350432 0.350432 0.350429 0.350430 0.350432 0.350432 0.350432 0.350432 0.350432 0.350432 0.350432 0.350432 0.350432 0.350430 0.350429 0.350432 0.350432 0.000000 0.000000
0.000000 0.000000 0.352014 0.352013 0.352011 0.352011 0.352014 0.352014 0.352014 0.352014 0.352014 0.352014 0.352014 0.352014 0.352014 0.352011 0.352011 0.352013 0.352014 0.000000 0.000000
0.000000 0.000000 0.353719 0.353718 0.353716 0.353716 0.353719 0.353718 0.353718 0.353719 0.353719 0.353719 0.353718 0.353718 0.353719 0.353716 0.353716 0.353718 0.353719 0.000000 0.000000
0.000000 0.000000 0.355333 0.355333 0.355331 0.355331 0.355333 0.355333 0.355333 0.355333 0.355333 0.355333 0.355333 0.355333 0.355333 0.355331 0.355331 0.355333 0.355333 0.000000 0.000000
0.000000 0.000000 0.356819 0.356819 0.356817 0.356818 0.356819 0.356819 0.356819 0.356819 0.356819 0.356819 0.356819 0.356819 0.356819 0.356818 0.356817 0.356819 0.356819 0.000000 0.000000
0.000000 0.000000 0.358211 0.358210 0.358209 0.358209 0.358211 0.358211 0.358211 0.358211 0.358211 0.358211 0.358211 0.358211 0.358211 0.358209 0.358209 0.358210 0.358211 0.000000 0.000000
0.000000 0.000000 0.359544 0.359544 0.359543 0.359543 0.359544 0.359544 0.359544 0.359545 0.359545 0.359545 0.359544 0.359544 0.359544 0.359543 0.359543 0.359544 0.359544 0.000000 0.000000
0.000000 0.000000 0.360834 0.360834 0.360832 0.360833 0.360834 0.360834 0.360834 0.360834 0.360834 0.360834 0.360834 0.360834 0.360834 0.360833 0.360832 0.360834 0.360834 0.000000 0.000000
0.000000 0.000000 0.362094 0.362093 0.362092 0.362092 0.362094 0.362094 0.362094 0.362094 0.362094 0.362094 0.362094 0.362094 0.362094 0.362092 0.362092 0.362093 0.362094 0.000000 0.000000
0.000000 0.000000 0.363333 0.363333 0.363332 0.363332 0.363333 0.363333 0.363333 0.363333 0.363333 0.363333 0.363333 0.363333 0.363333 0.363332 0.363332 0.363333 0.363333 0.000000 0.000000
0.000000 0.000000 0.364553 0.364553 0.364551 0.364552 0.364553 0.364553 0.364553 0.364553 0.364553 0.364553 0.364553 0.364553 0.364553 0.364552 0.364551 0.364553 0.364553 0.000000 0.000000
0.000000 0.000000 0.365759 0.365759 0.365757 0.365758 0.365759 0.365759 0.365759 0.365759 0.365759 0.365759 0.365759 0.365759 0.365759 0.365758 0.365757 0.365759 0.365759 0.000000 0.000000
0.000000 0.000000 0.366956 0.366956 0.366955 0.366955 0.366956 0.366956 0.366956 0.366956 0.366956 0.366956 0.366956 0.366956 0.366956 0.366955 0.366955 0.366956 0.366956 0.000000 0.000000
0.000000 0.000000 0.368141 0.368141 0.368140 0.368140 0.368141 0.368141 0.368141 0.368141 0.368141 0.368141 0.368141 0.368141 0.368141 0.368140 0.368140 0.368141 0.368141 0.000000 0.000000
0.000000 0.000000 0.369354 0.369354 0.369353 0.369353 0.369355 0.369355 0.369354 0.369355 0.369355 0.369355 0.369354 0.369355 0.369355 0.369353 0.369353 0.369354 0.369355 0.000000 0.000000
0.000000 0.000000 0.350000 0.350000 0.350000 0.350000 0.350000 0.350000 0.350000 0.350000 0.350000 0.350000 0.350000 0.350000 0.350000 0.350000 0.350000 0.350000 0.350000 0.000000 0.000000
0.000000 0.000000 0.000000 0.000000 0.000000 0.000000 0.000000 0.000000 0.000000 0.000000 0.000000 0.000000 0.000000 0.000000 0.000000 0.000000 0.000000 0.000000 0.000000 0.000000 0.000000