geotop/1.0zi/1.0Montebello/Templates/testdem/maps/_Eocclay4226.asc
ncols         21
nrows         20
xllcorner     100.000000
yllcorner     100.000000
cellsize      50.000000
NODATA_value  -9999.0
0.000000 0.000000 0.000000 0.000000 0.000000 0.000000 0.000000 0.000000 0.000000 0.000000 0.000000 0.000000 0.000000 0.000000 0.000000 0.000000 0.000000 0.000000 0.000000 0.000000 0.000000
0.000000 0.000000 0.349806 0.349806 0.349806 0.349807 0.349807 0.349807 0.349806 0.349806 0.349806 0.349806 0.349806 0.349806 0.349807 0.349807 0.349806 0.349806 0.349806 0.000000 0.000000
0.000000 0.000000 0.349993 0.349994 0.349994 0.349993 0.349993 0.349993 0.349993 0.349993 0.349993 0.349993 0.349993 0.349993 0.349993 0.349993 0.349993 0.349993 0.349993 0.000000 0.000000
0.000000 0.000000 0.349994 0.349995 0.349993 0.349994 0.349995 0.349995 0.349996 0.349995 0.349995 0.349994 0.349994 0.349993 0.349996 0.349997 0.349996 0.349996 0.349995 0.000000 0.000000
0.000000 0.000000 0.350335 0.350335 0.350333 0.350333 0.350326 0.350325 0.350325 0.350325 0.350324 0.350326 0.350322 0.350322 0.350325 0.350326 0.350326 0.350326 0.350329 0.000000 0.000000
0.000000 0.000000 0.351534 0.351534 0.351529 0.351519 0.351518 0.351508 0.351508 0.351503 0.351507 0.351507 0.351508 0.351506 0.351503 0.351509 0.351514 0.351519 0.351524 0.000000 0.000000
0.000000 0.000000 0.353313 0.353308 0.353302 0.353291 0.353278 0.353259 0.353258 0.353254 0.353257 0.353258 0.353258 0.353257 0.353270 0.353286 0.353293 0.353298 0.353302 0.000000 0.000000
0.000000 0.000000 0.355306 0.355303 0.355298 0.355282 0.355270 0.355252 0.355254 0.355251 0.355252 0.355252 0.355248 0.355246 0.355262 0.355276 0.355285 0.355289 0.355295 0.000000 0.000000
0.000000 0.000000 0.357301 0.357296 0.357287 0.357276 0.357264 0.357244 0.357245 0.357241 0.357242 0.357243 0.357240 0.357239 0.357254 0.357271 0.357278 0.357281 0.357289 0.000000 0.000000
0.000000 0.000000 0.359289 0.359283 0.359276 0.359264 0.359248 0.359230 0.359233 0.359230 0.359230 0.359231 0.359227 0.359225 0.359242 0.359260 0.359267 0.359270 0.359277 0.000000 0.000000
0.000000 0.000000 0.361313 0.361307 0.361300 0.361291 0.361279 0.361257 0.361260 0.361255 0.361255 0.361256 0.361253 0.361250 0.361264 0.361277 0.361287 0.361291 0.361299 0.000000 0.000000
0.000000 0.000000 0.363404 0.363398 0.363390 0.363376 0.363363 0.363342 0.363343 0.363339 0.363340 0.363339 0.363336 0.363333 0.363352 0.363368 0.363377 0.363380 0.363404 0.000000 0.000000
0.000000 0.000000 0.365517 0.365510 0.365501 0.365491 0.365476 0.365432 0.365434 0.365430 0.365430 0.365430 0.365426 0.365425 0.365461 0.365479 0.365488 0.365492 0.365507 0.000000 0.000000
0.000000 0.000000 0.367749 0.367739 0.367731 0.367719 0.367677 0.367665 0.367659 0.367656 0.367657 0.367656 0.367652 0.367650 0.367662 0.367705 0.367714 0.367723 0.367733 0.000000 0.000000
0.000000 0.000000 0.370148 0.370139 0.370123 0.370084 0.370064 0.370037 0.370023 0.370019 0.370013 0.370012 0.370012 0.370005 0.370025 0.370056 0.370103 0.370102 0.370110 0.000000 0.000000
0.000000 0.000000 0.372616 0.372607 0.372557 0.372547 0.372535 0.372521 0.372520 0.372518 0.372521 0.372519 0.372511 0.372516 0.372522 0.372536 0.372538 0.372587 0.372601 0.000000 0.000000
0.000000 0.000000 0.375347 0.375285 0.375240 0.375221 0.375192 0.375174 0.375172 0.375169 0.375162 0.375163 0.375161 0.375153 0.375164 0.375201 0.375224 0.375251 0.375311 0.000000 0.000000
0.000000 0.000000 0.377492 0.377473 0.377504 0.377480 0.377453 0.377395 0.377390 0.377384 0.377387 0.377386 0.377380 0.377380 0.377431 0.377463 0.377500 0.377449 0.377477 0.000000 0.000000
0.000000 0.000000 0.350000 0.350000 0.350000 0.350000 0.350000 0.350000 0.350000 0.350000 0.350000 0.350000 0.350000 0.350000 0.350000 0.350000 0.350000 0.350000 0.350000 0.000000 0.000000
0.000000 0.000000 0.000000 0.000000 0.000000 0.000000 0.000000 0.000000 0.000000 0.000000 0.000000 0.000000 0.000000 0.000000 0.000000 0.000000 0.000000 0.000000 0.000000 0.000000 0.000000