geotop/1.0zi/1.0Montebello/Templates/testdem/maps/_Eocclay9977.asc
ncols         21
nrows         20
xllcorner     100.000000
yllcorner     100.000000
cellsize      50.000000
NODATA_value  -9999.0
0.000000 0.000000 0.000000 0.000000 0.000000 0.000000 0.000000 0.000000 0.000000 0.000000 0.000000 0.000000 0.000000 0.000000 0.000000 0.000000 0.000000 0.000000 0.000000 0.000000 0.000000
0.000000 0.000000 0.349542 0.349545 0.349545 0.349544 0.349546 0.349546 0.349545 0.349545 0.349544 0.349545 0.349545 0.349545 0.349545 0.349545 0.349543 0.349544 0.349545 0.000000 0.000000
0.000000 0.000000 0.349982 0.349980 0.349980 0.349982 0.349979 0.349979 0.349980 0.349979 0.349979 0.349979 0.349979 0.349979 0.349980 0.349981 0.349981 0.349980 0.349979 0.000000 0.000000
0.000000 0.000000 0.350038 0.350043 0.350040 0.350035 0.350037 0.350037 0.350041 0.350038 0.350041 0.350039 0.350039 0.350038 0.350041 0.350044 0.350042 0.350043 0.350041 0.000000 0.000000
0.000000 0.000000 0.351507 0.351501 0.351494 0.351481 0.351462 0.351459 0.351456 0.351458 0.351455 0.351460 0.351460 0.351461 0.351472 0.351477 0.351488 0.351492 0.351500 0.000000 0.000000
0.000000 0.000000 0.355537 0.355531 0.355508 0.355466 0.355434 0.355403 0.355407 0.355403 0.355400 0.355400 0.355407 0.355404 0.355422 0.355453 0.355469 0.355482 0.355487 0.000000 0.000000
0.000000 0.000000 0.360969 0.360957 0.360942 0.360901 0.360860 0.360800 0.360800 0.360796 0.360789 0.360791 0.360792 0.360791 0.360841 0.360877 0.360897 0.360911 0.360918 0.000000 0.000000
0.000000 0.000000 0.367431 0.367417 0.367398 0.367348 0.367301 0.367247 0.367248 0.367243 0.367235 0.367232 0.367230 0.367240 0.367285 0.367323 0.367357 0.367366 0.367380 0.000000 0.000000
0.000000 0.000000 0.374543 0.374524 0.374498 0.374458 0.374405 0.374342 0.374348 0.374338 0.374326 0.374324 0.374327 0.374324 0.374386 0.374433 0.374459 0.374470 0.374482 0.000000 0.000000
0.000000 0.000000 0.382475 0.382446 0.382425 0.382381 0.382322 0.382255 0.382256 0.382249 0.382232 0.382238 0.382246 0.382242 0.382294 0.382354 0.382386 0.382399 0.382404 0.000000 0.000000
0.000000 0.000000 0.391598 0.391574 0.391553 0.391460 0.391432 0.391341 0.391360 0.391318 0.391318 0.391311 0.391297 0.391321 0.391379 0.391417 0.391462 0.391479 0.391517 0.000000 0.000000
0.000000 0.000000 0.402348 0.402300 0.402243 0.402196 0.402146 0.402032 0.402029 0.402027 0.402036 0.401996 0.402015 0.402007 0.402113 0.402173 0.402197 0.402212 0.402290 0.000000 0.000000
0.000000 0.000000 0.414575 0.414529 0.414515 0.414422 0.414361 0.414052 0.414046 0.414029 0.413913 0.413983 0.413988 0.414014 0.414247 0.414297 0.414412 0.414418 0.414432 0.000000 0.000000
0.000000 0.000000 0.429813 0.429793 0.429686 0.429621 0.429179 0.429348 0.429254 0.429258 0.429319 0.429253 0.429244 0.429193 0.429044 0.429526 0.429537 0.429651 0.429715 0.000000 0.000000
0.000000 0.000000 0.446824 0.446771 0.446691 0.446127 0.446388 0.446030 0.445957 0.445924 0.445786 0.445752 0.445812 0.445820 0.446136 0.445886 0.446610 0.446434 0.446402 0.000000 0.000000
0.000000 0.000000 0.461282 0.461254 0.460693 0.460998 0.460887 0.460921 0.461171 0.461108 0.461240 0.461220 0.461111 0.461243 0.461157 0.461260 0.460603 0.461466 0.461452 0.000000 0.000000
0.000000 0.000000 0.473353 0.472942 0.473046 0.472875 0.472657 0.472605 0.472482 0.472511 0.472375 0.472391 0.472467 0.472388 0.472483 0.472647 0.473007 0.472747 0.473172 0.000000 0.000000
0.000000 0.000000 0.478245 0.478347 0.478594 0.478533 0.478475 0.478249 0.478251 0.478198 0.478257 0.478241 0.478248 0.478258 0.478458 0.478504 0.478604 0.478354 0.478253 0.000000 0.000000
0.000000 0.000000 0.350000 0.350000 0.350000 0.350000 0.350000 0.350000 0.350000 0.350000 0.350000 0.350000 0.350000 0.350000 0.350000 0.350000 0.350000 0.350000 0.350000 0.000000 0.000000
0.000000 0.000000 0.000000 0.000000 0.000000 0.000000 0.000000 0.000000 0.000000 0.000000 0.000000 0.000000 0.000000 0.000000 0.000000 0.000000 0.000000 0.000000 0.000000 0.000000 0.000000