geotop/1.0zi/1.0Montebello/Templates/testdem/maps/_Eocclay0840.asc
ncols         21
nrows         20
xllcorner     100.000000
yllcorner     100.000000
cellsize      50.000000
NODATA_value  -9999.0
0.000000 0.000000 0.000000 0.000000 0.000000 0.000000 0.000000 0.000000 0.000000 0.000000 0.000000 0.000000 0.000000 0.000000 0.000000 0.000000 0.000000 0.000000 0.000000 0.000000 0.000000
0.000000 0.000000 0.349955 0.349955 0.349955 0.349955 0.349955 0.349955 0.349955 0.349955 0.349955 0.349955 0.349955 0.349955 0.349955 0.349955 0.349955 0.349955 0.349955 0.000000 0.000000
0.000000 0.000000 0.349995 0.349995 0.349995 0.349995 0.349995 0.349995 0.349995 0.349995 0.349995 0.349995 0.349995 0.349995 0.349995 0.349995 0.349995 0.349995 0.349995 0.000000 0.000000
0.000000 0.000000 0.350320 0.350320 0.350318 0.350318 0.350320 0.350320 0.350320 0.350320 0.350320 0.350320 0.350320 0.350320 0.350320 0.350318 0.350318 0.350320 0.350320 0.000000 0.000000
0.000000 0.000000 0.351584 0.351582 0.351581 0.351580 0.351584 0.351583 0.351583 0.351584 0.351584 0.351584 0.351583 0.351583 0.351584 0.351580 0.351581 0.351582 0.351584 0.000000 0.000000
0.000000 0.000000 0.353000 0.352999 0.352997 0.352997 0.353000 0.353000 0.352999 0.353000 0.353000 0.353000 0.352999 0.353000 0.353000 0.352997 0.352997 0.352999 0.353000 0.000000 0.000000
0.000000 0.000000 0.354346 0.354345 0.354344 0.354344 0.354346 0.354346 0.354346 0.354346 0.354346 0.354346 0.354346 0.354346 0.354346 0.354344 0.354344 0.354345 0.354346 0.000000 0.000000
0.000000 0.000000 0.355593 0.355593 0.355591 0.355591 0.355593 0.355593 0.355593 0.355593 0.355593 0.355593 0.355593 0.355593 0.355593 0.355591 0.355591 0.355593 0.355593 0.000000 0.000000
0.000000 0.000000 0.356765 0.356765 0.356763 0.356764 0.356765 0.356765 0.356765 0.356765 0.356765 0.356765 0.356765 0.356765 0.356765 0.356764 0.356763 0.356765 0.356765 0.000000 0.000000
0.000000 0.000000 0.357889 0.357888 0.357887 0.357887 0.357889 0.357889 0.357889 0.357889 0.357889 0.357889 0.357889 0.357889 0.357889 0.357887 0.357887 0.357888 0.357889 0.000000 0.000000
0.000000 0.000000 0.358978 0.358978 0.358977 0.358977 0.358978 0.358978 0.358978 0.358978 0.358978 0.358978 0.358978 0.358978 0.358978 0.358977 0.358977 0.358978 0.358978 0.000000 0.000000
0.000000 0.000000 0.360044 0.360043 0.360042 0.360042 0.360044 0.360043 0.360043 0.360044 0.360044 0.360044 0.360043 0.360043 0.360044 0.360042 0.360042 0.360043 0.360044 0.000000 0.000000
0.000000 0.000000 0.361088 0.361088 0.361086 0.361087 0.361088 0.361088 0.361088 0.361088 0.361088 0.361088 0.361088 0.361088 0.361088 0.361087 0.361086 0.361088 0.361088 0.000000 0.000000
0.000000 0.000000 0.362115 0.362115 0.362114 0.362114 0.362115 0.362115 0.362115 0.362115 0.362115 0.362115 0.362115 0.362115 0.362115 0.362114 0.362114 0.362115 0.362115 0.000000 0.000000
0.000000 0.000000 0.363131 0.363131 0.363129 0.363130 0.363131 0.363131 0.363131 0.363131 0.363131 0.363131 0.363131 0.363131 0.363131 0.363130 0.363129 0.363131 0.363131 0.000000 0.000000
0.000000 0.000000 0.364140 0.364139 0.364138 0.364138 0.364139 0.364139 0.364139 0.364140 0.364140 0.364140 0.364139 0.364139 0.364139 0.364138 0.364138 0.364139 0.364140 0.000000 0.000000
0.000000 0.000000 0.365138 0.365137 0.365136 0.365136 0.365138 0.365138 0.365138 0.365138 0.365138 0.365138 0.365138 0.365138 0.365138 0.365136 0.365136 0.365137 0.365138 0.000000 0.000000
0.000000 0.000000 0.366154 0.366154 0.366153 0.366153 0.366154 0.366154 0.366154 0.366155 0.366154 0.366155 0.366154 0.366154 0.366154 0.366153 0.366153 0.366154 0.366154 0.000000 0.000000
0.000000 0.000000 0.350000 0.350000 0.350000 0.350000 0.350000 0.350000 0.350000 0.350000 0.350000 0.350000 0.350000 0.350000 0.350000 0.350000 0.350000 0.350000 0.350000 0.000000 0.000000
0.000000 0.000000 0.000000 0.000000 0.000000 0.000000 0.000000 0.000000 0.000000 0.000000 0.000000 0.000000 0.000000 0.000000 0.000000 0.000000 0.000000 0.000000 0.000000 0.000000 0.000000