geotop/1.0zi/1.0Montebello/Templates/testdem/maps/_Eocclay8797.asc
ncols         21
nrows         20
xllcorner     100.000000
yllcorner     100.000000
cellsize      50.000000
NODATA_value  -9999.0
0.000000 0.000000 0.000000 0.000000 0.000000 0.000000 0.000000 0.000000 0.000000 0.000000 0.000000 0.000000 0.000000 0.000000 0.000000 0.000000 0.000000 0.000000 0.000000 0.000000 0.000000
0.000000 0.000000 0.349589 0.349591 0.349591 0.349590 0.349592 0.349592 0.349591 0.349591 0.349590 0.349592 0.349591 0.349591 0.349592 0.349591 0.349589 0.349590 0.349591 0.000000 0.000000
0.000000 0.000000 0.349983 0.349981 0.349981 0.349984 0.349981 0.349981 0.349982 0.349981 0.349981 0.349981 0.349982 0.349981 0.349982 0.349982 0.349983 0.349982 0.349981 0.000000 0.000000
0.000000 0.000000 0.350023 0.350027 0.350026 0.350023 0.350024 0.350024 0.350028 0.350026 0.350029 0.350027 0.350027 0.350025 0.350028 0.350030 0.350028 0.350027 0.350026 0.000000 0.000000
0.000000 0.000000 0.351197 0.351190 0.351186 0.351176 0.351159 0.351159 0.351155 0.351156 0.351154 0.351156 0.351155 0.351157 0.351166 0.351170 0.351180 0.351181 0.351191 0.000000 0.000000
0.000000 0.000000 0.354508 0.354504 0.354485 0.354455 0.354431 0.354407 0.354411 0.354404 0.354409 0.354408 0.354414 0.354413 0.354426 0.354451 0.354464 0.354474 0.354480 0.000000 0.000000
0.000000 0.000000 0.358976 0.358967 0.358957 0.358928 0.358894 0.358846 0.358847 0.358842 0.358843 0.358844 0.358845 0.358845 0.358886 0.358917 0.358934 0.358944 0.358952 0.000000 0.000000
0.000000 0.000000 0.364265 0.364255 0.364246 0.364210 0.364175 0.364131 0.364133 0.364128 0.364128 0.364125 0.364123 0.364132 0.364170 0.364200 0.364229 0.364234 0.364248 0.000000 0.000000
0.000000 0.000000 0.369949 0.369937 0.369922 0.369898 0.369858 0.369810 0.369816 0.369805 0.369802 0.369801 0.369802 0.369800 0.369850 0.369888 0.369909 0.369915 0.369928 0.000000 0.000000
0.000000 0.000000 0.376090 0.376073 0.376065 0.376039 0.375982 0.375940 0.375942 0.375936 0.375929 0.375934 0.375941 0.375937 0.375979 0.376026 0.376051 0.376058 0.376065 0.000000 0.000000
0.000000 0.000000 0.382909 0.382898 0.382888 0.382832 0.382795 0.382739 0.382755 0.382722 0.382729 0.382726 0.382715 0.382734 0.382777 0.382805 0.382842 0.382854 0.382881 0.000000 0.000000
0.000000 0.000000 0.390637 0.390614 0.390586 0.390555 0.390505 0.390439 0.390439 0.390434 0.390449 0.390423 0.390435 0.390433 0.390508 0.390548 0.390567 0.390576 0.390637 0.000000 0.000000
0.000000 0.000000 0.399164 0.399137 0.399134 0.399075 0.399035 0.398839 0.398840 0.398831 0.398773 0.398808 0.398816 0.398833 0.398987 0.399024 0.399097 0.399098 0.399122 0.000000 0.000000
0.000000 0.000000 0.409472 0.409463 0.409416 0.409378 0.409109 0.409164 0.409114 0.409116 0.409143 0.409118 0.409113 0.409090 0.409045 0.409332 0.409358 0.409422 0.409468 0.000000 0.000000
0.000000 0.000000 0.421779 0.421745 0.421691 0.421336 0.421415 0.421233 0.421168 0.421151 0.421085 0.421050 0.421090 0.421084 0.421263 0.421202 0.421666 0.421567 0.421564 0.000000 0.000000
0.000000 0.000000 0.434981 0.434956 0.434455 0.434653 0.434593 0.434585 0.434799 0.434739 0.434851 0.434823 0.434734 0.434857 0.434833 0.434885 0.434413 0.435156 0.435143 0.000000 0.000000
0.000000 0.000000 0.450487 0.449775 0.450013 0.449703 0.449350 0.449246 0.449017 0.449073 0.448841 0.448869 0.449006 0.448861 0.449053 0.449314 0.449992 0.449465 0.450201 0.000000 0.000000
0.000000 0.000000 0.454577 0.455222 0.455741 0.455750 0.455800 0.455294 0.455403 0.455248 0.455515 0.455463 0.455416 0.455506 0.455922 0.455888 0.455837 0.455451 0.454811 0.000000 0.000000
0.000000 0.000000 0.350000 0.350000 0.350000 0.350000 0.350000 0.350000 0.350000 0.350000 0.350000 0.350000 0.350000 0.350000 0.350000 0.350000 0.350000 0.350000 0.350000 0.000000 0.000000
0.000000 0.000000 0.000000 0.000000 0.000000 0.000000 0.000000 0.000000 0.000000 0.000000 0.000000 0.000000 0.000000 0.000000 0.000000 0.000000 0.000000 0.000000 0.000000 0.000000 0.000000