geotop/1.0zi/1.0Montebello/Templates/testdem/maps/_Eocsilt5235.asc
ncols         21
nrows         20
xllcorner     100.000000
yllcorner     100.000000
cellsize      50.000000
NODATA_value  -9999.0
0.000000 0.000000 0.000000 0.000000 0.000000 0.000000 0.000000 0.000000 0.000000 0.000000 0.000000 0.000000 0.000000 0.000000 0.000000 0.000000 0.000000 0.000000 0.000000 0.000000 0.000000
0.000000 0.000000 0.350107 0.350107 0.350107 0.350107 0.350107 0.350107 0.350107 0.350107 0.350107 0.350107 0.350107 0.350107 0.350107 0.350107 0.350107 0.350107 0.350106 0.000000 0.000000
0.000000 0.000000 0.350002 0.350002 0.350002 0.350003 0.350003 0.350003 0.350003 0.350003 0.350003 0.350003 0.350003 0.350003 0.350003 0.350003 0.350001 0.350001 0.350002 0.000000 0.000000
0.000000 0.000000 0.350037 0.350037 0.350036 0.350031 0.350033 0.350031 0.350033 0.350034 0.350033 0.350032 0.350032 0.350031 0.350033 0.350036 0.350036 0.350038 0.350037 0.000000 0.000000
0.000000 0.000000 0.350440 0.350444 0.350443 0.350439 0.350437 0.350432 0.350431 0.350429 0.350426 0.350429 0.350429 0.350430 0.350436 0.350438 0.350437 0.350446 0.350449 0.000000 0.000000
0.000000 0.000000 0.351761 0.351764 0.351762 0.351748 0.351739 0.351723 0.351721 0.351718 0.351722 0.351725 0.351726 0.351723 0.351728 0.351733 0.351741 0.351745 0.351748 0.000000 0.000000
0.000000 0.000000 0.353791 0.353790 0.353786 0.353770 0.353751 0.353730 0.353731 0.353730 0.353732 0.353732 0.353729 0.353732 0.353747 0.353762 0.353769 0.353778 0.353784 0.000000 0.000000
0.000000 0.000000 0.356237 0.356237 0.356238 0.356222 0.356204 0.356182 0.356182 0.356180 0.356180 0.356180 0.356179 0.356181 0.356197 0.356215 0.356229 0.356231 0.356240 0.000000 0.000000
0.000000 0.000000 0.358801 0.358796 0.358791 0.358780 0.358762 0.358736 0.358737 0.358733 0.358731 0.358732 0.358733 0.358731 0.358754 0.358772 0.358785 0.358790 0.358798 0.000000 0.000000
0.000000 0.000000 0.361349 0.361345 0.361343 0.361337 0.361311 0.361289 0.361291 0.361288 0.361284 0.361289 0.361291 0.361288 0.361306 0.361326 0.361339 0.361341 0.361346 0.000000 0.000000
0.000000 0.000000 0.363946 0.363943 0.363944 0.363925 0.363908 0.363884 0.363890 0.363877 0.363878 0.363880 0.363877 0.363883 0.363897 0.363910 0.363924 0.363931 0.363942 0.000000 0.000000
0.000000 0.000000 0.366653 0.366647 0.366641 0.366628 0.366614 0.366584 0.366586 0.366578 0.366587 0.366580 0.366581 0.366584 0.366609 0.366620 0.366630 0.366634 0.366663 0.000000 0.000000
0.000000 0.000000 0.369407 0.369401 0.369400 0.369385 0.369373 0.369315 0.369316 0.369310 0.369298 0.369305 0.369310 0.369315 0.369355 0.369365 0.369387 0.369389 0.369410 0.000000 0.000000
0.000000 0.000000 0.372362 0.372358 0.372352 0.372343 0.372290 0.372275 0.372262 0.372262 0.372256 0.372259 0.372260 0.372259 0.372265 0.372317 0.372336 0.372350 0.372371 0.000000 0.000000
0.000000 0.000000 0.375581 0.375578 0.375565 0.375512 0.375494 0.375462 0.375440 0.375437 0.375426 0.375420 0.375427 0.375422 0.375445 0.375471 0.375552 0.375546 0.375559 0.000000 0.000000
0.000000 0.000000 0.378959 0.378953 0.378887 0.378871 0.378866 0.378845 0.378856 0.378847 0.378852 0.378844 0.378837 0.378851 0.378863 0.378872 0.378873 0.378959 0.378963 0.000000 0.000000
0.000000 0.000000 0.382758 0.382668 0.382629 0.382601 0.382560 0.382537 0.382532 0.382530 0.382511 0.382507 0.382514 0.382513 0.382537 0.382569 0.382620 0.382651 0.382741 0.000000 0.000000
0.000000 0.000000 0.385640 0.385632 0.385709 0.385684 0.385651 0.385567 0.385564 0.385545 0.385554 0.385549 0.385556 0.385558 0.385636 0.385657 0.385721 0.385640 0.385654 0.000000 0.000000
0.000000 0.000000 0.350000 0.350000 0.350000 0.350000 0.350000 0.350000 0.350000 0.350000 0.350000 0.350000 0.350000 0.350000 0.350000 0.350000 0.350000 0.350000 0.350000 0.000000 0.000000
0.000000 0.000000 0.000000 0.000000 0.000000 0.000000 0.000000 0.000000 0.000000 0.000000 0.000000 0.000000 0.000000 0.000000 0.000000 0.000000 0.000000 0.000000 0.000000 0.000000 0.000000