geotop/1.0zi/1.0Montebello/Templates/testdem/maps/_Eocclay7742.asc
ncols         21
nrows         20
xllcorner     100.000000
yllcorner     100.000000
cellsize      50.000000
NODATA_value  -9999.0
0.000000 0.000000 0.000000 0.000000 0.000000 0.000000 0.000000 0.000000 0.000000 0.000000 0.000000 0.000000 0.000000 0.000000 0.000000 0.000000 0.000000 0.000000 0.000000 0.000000 0.000000
0.000000 0.000000 0.349645 0.349647 0.349647 0.349646 0.349648 0.349648 0.349647 0.349648 0.349646 0.349648 0.349648 0.349647 0.349648 0.349647 0.349645 0.349646 0.349646 0.000000 0.000000
0.000000 0.000000 0.349985 0.349984 0.349985 0.349986 0.349984 0.349984 0.349984 0.349984 0.349983 0.349983 0.349984 0.349983 0.349984 0.349985 0.349985 0.349984 0.349983 0.000000 0.000000
0.000000 0.000000 0.350003 0.350008 0.350004 0.350004 0.350007 0.350004 0.350006 0.350003 0.350006 0.350004 0.350004 0.350003 0.350005 0.350007 0.350006 0.350009 0.350008 0.000000 0.000000
0.000000 0.000000 0.350958 0.350955 0.350951 0.350946 0.350930 0.350928 0.350926 0.350929 0.350925 0.350926 0.350922 0.350926 0.350935 0.350937 0.350945 0.350947 0.350953 0.000000 0.000000
0.000000 0.000000 0.353608 0.353606 0.353594 0.353566 0.353552 0.353529 0.353530 0.353522 0.353526 0.353525 0.353528 0.353530 0.353540 0.353560 0.353574 0.353589 0.353594 0.000000 0.000000
0.000000 0.000000 0.357273 0.357269 0.357261 0.357237 0.357207 0.357170 0.357169 0.357163 0.357165 0.357166 0.357166 0.357167 0.357199 0.357227 0.357243 0.357256 0.357264 0.000000 0.000000
0.000000 0.000000 0.361633 0.361630 0.361622 0.361593 0.361564 0.361524 0.361524 0.361519 0.361519 0.361516 0.361514 0.361522 0.361556 0.361581 0.361606 0.361615 0.361627 0.000000 0.000000
0.000000 0.000000 0.366231 0.366224 0.366210 0.366192 0.366161 0.366120 0.366123 0.366113 0.366111 0.366109 0.366110 0.366109 0.366149 0.366182 0.366201 0.366211 0.366220 0.000000 0.000000
0.000000 0.000000 0.371072 0.371062 0.371055 0.371037 0.370992 0.370955 0.370955 0.370950 0.370944 0.370947 0.370953 0.370951 0.370985 0.371023 0.371046 0.371054 0.371061 0.000000 0.000000
0.000000 0.000000 0.376306 0.376299 0.376291 0.376253 0.376222 0.376178 0.376187 0.376163 0.376166 0.376165 0.376157 0.376173 0.376204 0.376227 0.376256 0.376273 0.376292 0.000000 0.000000
0.000000 0.000000 0.382060 0.382044 0.382026 0.382001 0.381966 0.381912 0.381909 0.381902 0.381914 0.381895 0.381900 0.381904 0.381960 0.381988 0.382008 0.382019 0.382068 0.000000 0.000000
0.000000 0.000000 0.388234 0.388218 0.388210 0.388175 0.388145 0.388009 0.388007 0.387998 0.387963 0.387981 0.387989 0.388002 0.388106 0.388135 0.388186 0.388193 0.388219 0.000000 0.000000
0.000000 0.000000 0.395382 0.395376 0.395348 0.395322 0.395158 0.395161 0.395126 0.395126 0.395132 0.395124 0.395120 0.395114 0.395106 0.395278 0.395309 0.395354 0.395389 0.000000 0.000000
0.000000 0.000000 0.403733 0.403718 0.403682 0.403479 0.403482 0.403382 0.403331 0.403319 0.403286 0.403261 0.403283 0.403277 0.403375 0.403386 0.403655 0.403620 0.403628 0.000000 0.000000
0.000000 0.000000 0.412921 0.412906 0.412614 0.412669 0.412651 0.412614 0.412716 0.412680 0.412732 0.412707 0.412663 0.412735 0.412751 0.412766 0.412586 0.412997 0.412991 0.000000 0.000000
0.000000 0.000000 0.424391 0.423924 0.423977 0.423814 0.423581 0.423513 0.423403 0.423427 0.423297 0.423305 0.423377 0.423311 0.423426 0.423598 0.423958 0.423769 0.424250 0.000000 0.000000
0.000000 0.000000 0.429510 0.429903 0.430331 0.430314 0.430307 0.429906 0.429955 0.429843 0.430012 0.429975 0.429957 0.430012 0.430355 0.430358 0.430407 0.430050 0.429667 0.000000 0.000000
0.000000 0.000000 0.350000 0.350000 0.350000 0.350000 0.350000 0.350000 0.350000 0.350000 0.350000 0.350000 0.350000 0.350000 0.350000 0.350000 0.350000 0.350000 0.350000 0.000000 0.000000
0.000000 0.000000 0.000000 0.000000 0.000000 0.000000 0.000000 0.000000 0.000000 0.000000 0.000000 0.000000 0.000000 0.000000 0.000000 0.000000 0.000000 0.000000 0.000000 0.000000 0.000000