geotop/1.0zi/1.0Montebello/Templates/testdem/maps/_Eocclay6529.asc
ncols         21
nrows         20
xllcorner     100.000000
yllcorner     100.000000
cellsize      50.000000
NODATA_value  -9999.0
0.000000 0.000000 0.000000 0.000000 0.000000 0.000000 0.000000 0.000000 0.000000 0.000000 0.000000 0.000000 0.000000 0.000000 0.000000 0.000000 0.000000 0.000000 0.000000 0.000000 0.000000
0.000000 0.000000 0.349709 0.349711 0.349711 0.349710 0.349711 0.349711 0.349711 0.349711 0.349709 0.349711 0.349711 0.349711 0.349711 0.349711 0.349709 0.349709 0.349710 0.000000 0.000000
0.000000 0.000000 0.349989 0.349988 0.349988 0.349989 0.349987 0.349988 0.349988 0.349988 0.349987 0.349987 0.349988 0.349987 0.349988 0.349988 0.349989 0.349989 0.349987 0.000000 0.000000
0.000000 0.000000 0.349983 0.349987 0.349984 0.349984 0.349986 0.349986 0.349987 0.349984 0.349989 0.349986 0.349986 0.349986 0.349986 0.349988 0.349986 0.349988 0.349987 0.000000 0.000000
0.000000 0.000000 0.350595 0.350594 0.350592 0.350588 0.350574 0.350572 0.350572 0.350575 0.350571 0.350570 0.350565 0.350568 0.350574 0.350573 0.350580 0.350582 0.350589 0.000000 0.000000
0.000000 0.000000 0.352436 0.352437 0.352429 0.352406 0.352399 0.352380 0.352381 0.352376 0.352378 0.352379 0.352384 0.352383 0.352387 0.352403 0.352413 0.352425 0.352430 0.000000 0.000000
0.000000 0.000000 0.355192 0.355191 0.355185 0.355166 0.355142 0.355113 0.355112 0.355108 0.355109 0.355110 0.355111 0.355110 0.355133 0.355157 0.355169 0.355179 0.355186 0.000000 0.000000
0.000000 0.000000 0.358505 0.358505 0.358500 0.358477 0.358453 0.358421 0.358421 0.358418 0.358418 0.358416 0.358415 0.358420 0.358444 0.358465 0.358485 0.358492 0.358503 0.000000 0.000000
0.000000 0.000000 0.361930 0.361927 0.361917 0.361904 0.361880 0.361848 0.361850 0.361844 0.361841 0.361840 0.361840 0.361839 0.361868 0.361892 0.361910 0.361916 0.361925 0.000000 0.000000
0.000000 0.000000 0.365443 0.365437 0.365433 0.365421 0.365386 0.365357 0.365359 0.365355 0.365350 0.365352 0.365358 0.365354 0.365379 0.365407 0.365427 0.365431 0.365439 0.000000 0.000000
0.000000 0.000000 0.369134 0.369131 0.369126 0.369101 0.369077 0.369045 0.369052 0.369035 0.369035 0.369035 0.369032 0.369042 0.369060 0.369078 0.369101 0.369112 0.369127 0.000000 0.000000
0.000000 0.000000 0.373061 0.373055 0.373042 0.373023 0.373000 0.372961 0.372961 0.372954 0.372961 0.372949 0.372952 0.372955 0.372991 0.373010 0.373027 0.373033 0.373071 0.000000 0.000000
0.000000 0.000000 0.377156 0.377147 0.377141 0.377120 0.377099 0.377013 0.377012 0.377005 0.376985 0.376994 0.377002 0.377009 0.377071 0.377090 0.377125 0.377128 0.377154 0.000000 0.000000
0.000000 0.000000 0.381683 0.381678 0.381664 0.381647 0.381557 0.381540 0.381520 0.381519 0.381514 0.381514 0.381514 0.381511 0.381519 0.381611 0.381640 0.381663 0.381690 0.000000 0.000000
0.000000 0.000000 0.386761 0.386756 0.386735 0.386635 0.386610 0.386558 0.386526 0.386520 0.386502 0.386488 0.386503 0.386496 0.386537 0.386572 0.386713 0.386701 0.386716 0.000000 0.000000
0.000000 0.000000 0.392219 0.392213 0.392078 0.392066 0.392057 0.392028 0.392061 0.392044 0.392059 0.392042 0.392027 0.392057 0.392073 0.392084 0.392059 0.392234 0.392236 0.000000 0.000000
0.000000 0.000000 0.398660 0.398470 0.398428 0.398370 0.398274 0.398235 0.398212 0.398214 0.398167 0.398163 0.398187 0.398173 0.398220 0.398292 0.398413 0.398421 0.398619 0.000000 0.000000
0.000000 0.000000 0.402963 0.403018 0.403197 0.403157 0.403105 0.402929 0.402929 0.402888 0.402926 0.402911 0.402921 0.402930 0.403088 0.403126 0.403225 0.403048 0.403004 0.000000 0.000000
0.000000 0.000000 0.350000 0.350000 0.350000 0.350000 0.350000 0.350000 0.350000 0.350000 0.350000 0.350000 0.350000 0.350000 0.350000 0.350000 0.350000 0.350000 0.350000 0.000000 0.000000
0.000000 0.000000 0.000000 0.000000 0.000000 0.000000 0.000000 0.000000 0.000000 0.000000 0.000000 0.000000 0.000000 0.000000 0.000000 0.000000 0.000000 0.000000 0.000000 0.000000 0.000000