geotop/1.0zi/1.0Montebello/Templates/testdem/maps/_Eocsand2333.asc
ncols         21
nrows         20
xllcorner     100.000000
yllcorner     100.000000
cellsize      50.000000
NODATA_value  -9999.0
0.000000 0.000000 0.000000 0.000000 0.000000 0.000000 0.000000 0.000000 0.000000 0.000000 0.000000 0.000000 0.000000 0.000000 0.000000 0.000000 0.000000 0.000000 0.000000 0.000000 0.000000
0.000000 0.000000 0.300070 0.300070 0.300070 0.300070 0.300070 0.300070 0.300070 0.300070 0.300070 0.300070 0.300070 0.300070 0.300070 0.300070 0.300070 0.300070 0.300070 0.000000 0.000000
0.000000 0.000000 0.300011 0.300011 0.300012 0.300011 0.300011 0.300011 0.300011 0.300011 0.300011 0.300011 0.300011 0.300011 0.300011 0.300011 0.300012 0.300011 0.300011 0.000000 0.000000
0.000000 0.000000 0.298522 0.298523 0.298527 0.298525 0.298522 0.298522 0.298522 0.298522 0.298522 0.298522 0.298522 0.298522 0.298522 0.298525 0.298527 0.298523 0.298522 0.000000 0.000000
0.000000 0.000000 0.292218 0.292219 0.292223 0.292222 0.292216 0.292218 0.292218 0.292215 0.292215 0.292215 0.292218 0.292218 0.292216 0.292222 0.292223 0.292219 0.292218 0.000000 0.000000
0.000000 0.000000 0.284446 0.284447 0.284450 0.284450 0.284445 0.284447 0.284447 0.284445 0.284444 0.284445 0.284447 0.284447 0.284445 0.284450 0.284450 0.284447 0.284446 0.000000 0.000000
0.000000 0.000000 0.277196 0.277197 0.277199 0.277199 0.277195 0.277196 0.277196 0.277194 0.277194 0.277194 0.277196 0.277196 0.277195 0.277199 0.277199 0.277197 0.277196 0.000000 0.000000
0.000000 0.000000 0.270550 0.270550 0.270553 0.270552 0.270549 0.270550 0.270550 0.270549 0.270548 0.270549 0.270550 0.270550 0.270549 0.270552 0.270553 0.270550 0.270550 0.000000 0.000000
0.000000 0.000000 0.264346 0.264347 0.264349 0.264349 0.264346 0.264347 0.264347 0.264345 0.264345 0.264345 0.264347 0.264347 0.264346 0.264349 0.264349 0.264347 0.264346 0.000000 0.000000
0.000000 0.000000 0.258438 0.258438 0.258441 0.258440 0.258437 0.258438 0.258438 0.258437 0.258436 0.258437 0.258438 0.258438 0.258437 0.258440 0.258441 0.258438 0.258438 0.000000 0.000000
0.000000 0.000000 0.252757 0.252758 0.252760 0.252759 0.252757 0.252758 0.252758 0.252756 0.252756 0.252756 0.252758 0.252758 0.252757 0.252759 0.252760 0.252758 0.252757 0.000000 0.000000
0.000000 0.000000 0.247258 0.247259 0.247261 0.247260 0.247258 0.247259 0.247259 0.247257 0.247257 0.247257 0.247259 0.247259 0.247258 0.247260 0.247261 0.247259 0.247258 0.000000 0.000000
0.000000 0.000000 0.241897 0.241898 0.241900 0.241899 0.241897 0.241898 0.241898 0.241896 0.241896 0.241896 0.241898 0.241898 0.241897 0.241899 0.241900 0.241898 0.241897 0.000000 0.000000
0.000000 0.000000 0.236654 0.236655 0.236657 0.236656 0.236654 0.236655 0.236655 0.236653 0.236653 0.236653 0.236655 0.236655 0.236654 0.236656 0.236657 0.236655 0.236654 0.000000 0.000000
0.000000 0.000000 0.231509 0.231509 0.231512 0.231511 0.231508 0.231509 0.231509 0.231508 0.231508 0.231508 0.231509 0.231509 0.231508 0.231511 0.231512 0.231509 0.231509 0.000000 0.000000
0.000000 0.000000 0.226455 0.226455 0.226458 0.226457 0.226454 0.226455 0.226455 0.226454 0.226454 0.226454 0.226455 0.226455 0.226454 0.226457 0.226458 0.226455 0.226455 0.000000 0.000000
0.000000 0.000000 0.221487 0.221487 0.221490 0.221489 0.221486 0.221487 0.221487 0.221486 0.221486 0.221486 0.221487 0.221487 0.221486 0.221489 0.221490 0.221487 0.221487 0.000000 0.000000
0.000000 0.000000 0.216534 0.216534 0.216536 0.216535 0.216533 0.216534 0.216534 0.216532 0.216532 0.216532 0.216534 0.216534 0.216533 0.216535 0.216536 0.216534 0.216533 0.000000 0.000000
0.000000 0.000000 0.300000 0.300000 0.300000 0.300000 0.300000 0.300000 0.300000 0.300000 0.300000 0.300000 0.300000 0.300000 0.300000 0.300000 0.300000 0.300000 0.300000 0.000000 0.000000
0.000000 0.000000 0.000000 0.000000 0.000000 0.000000 0.000000 0.000000 0.000000 0.000000 0.000000 0.000000 0.000000 0.000000 0.000000 0.000000 0.000000 0.000000 0.000000 0.000000 0.000000