geotop/1.0zi/1.0Montebello/Templates/testdem/maps/_Eocsand9441.asc
ncols         21
nrows         20
xllcorner     100.000000
yllcorner     100.000000
cellsize      50.000000
NODATA_value  -9999.0
0.000000 0.000000 0.000000 0.000000 0.000000 0.000000 0.000000 0.000000 0.000000 0.000000 0.000000 0.000000 0.000000 0.000000 0.000000 0.000000 0.000000 0.000000 0.000000 0.000000 0.000000
0.000000 0.000000 0.300238 0.300235 0.300235 0.300236 0.300235 0.300235 0.300235 0.300235 0.300236 0.300235 0.300236 0.300236 0.300235 0.300235 0.300236 0.300236 0.300236 0.000000 0.000000
0.000000 0.000000 0.300011 0.300013 0.300013 0.300011 0.300012 0.300013 0.300012 0.300012 0.300013 0.300013 0.300012 0.300012 0.300012 0.300012 0.300013 0.300013 0.300014 0.000000 0.000000
0.000000 0.000000 0.299814 0.299812 0.299820 0.299828 0.299827 0.299833 0.299825 0.299827 0.299827 0.299825 0.299824 0.299826 0.299820 0.299814 0.299812 0.299810 0.299810 0.000000 0.000000
0.000000 0.000000 0.297195 0.297196 0.297215 0.297242 0.297271 0.297278 0.297278 0.297279 0.297280 0.297273 0.297269 0.297269 0.297245 0.297234 0.297219 0.297210 0.297197 0.000000 0.000000
0.000000 0.000000 0.290006 0.290016 0.290055 0.290107 0.290168 0.290220 0.290218 0.290229 0.290224 0.290222 0.290212 0.290215 0.290185 0.290135 0.290109 0.290089 0.290075 0.000000 0.000000
0.000000 0.000000 0.280114 0.280133 0.280165 0.280229 0.280308 0.280417 0.280408 0.280416 0.280419 0.280417 0.280418 0.280410 0.280328 0.280264 0.280224 0.280196 0.280179 0.000000 0.000000
0.000000 0.000000 0.268384 0.268405 0.268433 0.268508 0.268591 0.268689 0.268683 0.268694 0.268699 0.268703 0.268706 0.268687 0.268610 0.268539 0.268475 0.268461 0.268431 0.000000 0.000000
0.000000 0.000000 0.255565 0.255595 0.255638 0.255693 0.255788 0.255904 0.255889 0.255911 0.255921 0.255924 0.255918 0.255921 0.255811 0.255728 0.255678 0.255658 0.255631 0.000000 0.000000
0.000000 0.000000 0.241527 0.241566 0.241599 0.241659 0.241788 0.241895 0.241888 0.241902 0.241921 0.241909 0.241893 0.241896 0.241809 0.241700 0.241641 0.241619 0.241604 0.000000 0.000000
0.000000 0.000000 0.225705 0.225732 0.225761 0.225902 0.225984 0.226127 0.226088 0.226163 0.226150 0.226159 0.226182 0.226135 0.226040 0.225973 0.225891 0.225856 0.225790 0.000000 0.000000
0.000000 0.000000 0.207417 0.207481 0.207564 0.207630 0.207753 0.207928 0.207923 0.207932 0.207901 0.207966 0.207931 0.207934 0.207762 0.207662 0.207617 0.207589 0.207449 0.000000 0.000000
0.000000 0.000000 0.186938 0.186994 0.187012 0.187170 0.187272 0.187775 0.187770 0.187795 0.187954 0.187856 0.187837 0.187787 0.187414 0.187322 0.187142 0.187127 0.187082 0.000000 0.000000
0.000000 0.000000 0.161734 0.161751 0.161896 0.161988 0.162695 0.162494 0.162627 0.162621 0.162533 0.162614 0.162626 0.162686 0.162873 0.162114 0.162072 0.161891 0.161778 0.000000 0.000000
0.000000 0.000000 0.132336 0.132421 0.132565 0.133478 0.133166 0.133711 0.133848 0.133899 0.134091 0.134166 0.134058 0.134051 0.133553 0.133839 0.132639 0.132906 0.132934 0.000000 0.000000
0.000000 0.000000 0.103931 0.103983 0.105106 0.104548 0.104741 0.104710 0.104210 0.104340 0.104075 0.104121 0.104329 0.104053 0.104183 0.104018 0.105237 0.103528 0.103552 0.000000 0.000000
0.000000 0.000000 0.076736 0.077799 0.077435 0.077924 0.078466 0.078646 0.079008 0.078922 0.079290 0.079246 0.079030 0.079252 0.078952 0.078549 0.077495 0.078316 0.077208 0.000000 0.000000
0.000000 0.000000 0.067549 0.067118 0.066472 0.066596 0.066688 0.067313 0.067274 0.067431 0.067220 0.067269 0.067270 0.067217 0.066682 0.066610 0.066405 0.067019 0.067439 0.000000 0.000000
0.000000 0.000000 0.300000 0.300000 0.300000 0.300000 0.300000 0.300000 0.300000 0.300000 0.300000 0.300000 0.300000 0.300000 0.300000 0.300000 0.300000 0.300000 0.300000 0.000000 0.000000
0.000000 0.000000 0.000000 0.000000 0.000000 0.000000 0.000000 0.000000 0.000000 0.000000 0.000000 0.000000 0.000000 0.000000 0.000000 0.000000 0.000000 0.000000 0.000000 0.000000 0.000000