geotop/1.0zi/1.0Montebello/Templates/testdem/maps/_Eocsand4412.asc
ncols         21
nrows         20
xllcorner     100.000000
yllcorner     100.000000
cellsize      50.000000
NODATA_value  -9999.0
0.000000 0.000000 0.000000 0.000000 0.000000 0.000000 0.000000 0.000000 0.000000 0.000000 0.000000 0.000000 0.000000 0.000000 0.000000 0.000000 0.000000 0.000000 0.000000 0.000000 0.000000
0.000000 0.000000 0.300108 0.300107 0.300107 0.300107 0.300107 0.300107 0.300107 0.300107 0.300107 0.300107 0.300107 0.300107 0.300107 0.300107 0.300107 0.300107 0.300108 0.000000 0.000000
0.000000 0.000000 0.300005 0.300004 0.300004 0.300004 0.300004 0.300004 0.300004 0.300004 0.300004 0.300004 0.300004 0.300004 0.300004 0.300004 0.300006 0.300006 0.300005 0.000000 0.000000
0.000000 0.000000 0.299974 0.299973 0.299975 0.299979 0.299977 0.299979 0.299977 0.299978 0.299977 0.299979 0.299979 0.299980 0.299976 0.299972 0.299973 0.299971 0.299973 0.000000 0.000000
0.000000 0.000000 0.299278 0.299274 0.299278 0.299284 0.299295 0.299300 0.299301 0.299304 0.299306 0.299301 0.299304 0.299302 0.299295 0.299294 0.299290 0.299283 0.299277 0.000000 0.000000
0.000000 0.000000 0.296915 0.296913 0.296921 0.296938 0.296943 0.296967 0.296969 0.296979 0.296970 0.296968 0.296963 0.296968 0.296968 0.296956 0.296947 0.296940 0.296932 0.000000 0.000000
0.000000 0.000000 0.293319 0.293324 0.293330 0.293347 0.293372 0.293406 0.293403 0.293410 0.293404 0.293406 0.293409 0.293410 0.293388 0.293359 0.293348 0.293338 0.293327 0.000000 0.000000
0.000000 0.000000 0.289174 0.289178 0.289181 0.289200 0.289223 0.289256 0.289252 0.289258 0.289257 0.289258 0.289265 0.289270 0.289239 0.289211 0.289195 0.289191 0.289180 0.000000 0.000000
0.000000 0.000000 0.284997 0.285005 0.285012 0.285025 0.285048 0.285087 0.285083 0.285091 0.285090 0.285089 0.285095 0.285097 0.285068 0.285034 0.285022 0.285016 0.285001 0.000000 0.000000
0.000000 0.000000 0.280829 0.280837 0.280841 0.280855 0.280885 0.280919 0.280912 0.280918 0.280918 0.280917 0.280925 0.280931 0.280897 0.280863 0.280850 0.280845 0.280834 0.000000 0.000000
0.000000 0.000000 0.276606 0.276613 0.276618 0.276627 0.276647 0.276689 0.276683 0.276693 0.276693 0.276690 0.276698 0.276703 0.276676 0.276651 0.276634 0.276627 0.276614 0.000000 0.000000
0.000000 0.000000 0.272242 0.272249 0.272256 0.272274 0.272297 0.272337 0.272336 0.272342 0.272341 0.272343 0.272348 0.272355 0.272317 0.272287 0.272271 0.272265 0.272220 0.000000 0.000000
0.000000 0.000000 0.267824 0.267833 0.267840 0.267851 0.267879 0.267965 0.267962 0.267970 0.267971 0.267970 0.267980 0.267983 0.267909 0.267874 0.267858 0.267852 0.267824 0.000000 0.000000
0.000000 0.000000 0.263153 0.263168 0.263172 0.263184 0.263270 0.263290 0.263302 0.263308 0.263308 0.263308 0.263318 0.263323 0.263301 0.263213 0.263196 0.263179 0.263163 0.000000 0.000000
0.000000 0.000000 0.258120 0.258131 0.258153 0.258224 0.258261 0.258314 0.258340 0.258349 0.258363 0.258364 0.258365 0.258379 0.258340 0.258279 0.258182 0.258188 0.258174 0.000000 0.000000
0.000000 0.000000 0.252929 0.252941 0.253035 0.253043 0.253064 0.253088 0.253090 0.253092 0.253088 0.253090 0.253108 0.253096 0.253087 0.253062 0.253062 0.252959 0.252934 0.000000 0.000000
0.000000 0.000000 0.247165 0.247292 0.247370 0.247398 0.247457 0.247488 0.247494 0.247499 0.247514 0.247514 0.247517 0.247534 0.247513 0.247439 0.247392 0.247340 0.247213 0.000000 0.000000
0.000000 0.000000 0.242652 0.242681 0.242599 0.242636 0.242688 0.242810 0.242820 0.242832 0.242828 0.242830 0.242842 0.242841 0.242731 0.242668 0.242596 0.242706 0.242655 0.000000 0.000000
0.000000 0.000000 0.300000 0.300000 0.300000 0.300000 0.300000 0.300000 0.300000 0.300000 0.300000 0.300000 0.300000 0.300000 0.300000 0.300000 0.300000 0.300000 0.300000 0.000000 0.000000
0.000000 0.000000 0.000000 0.000000 0.000000 0.000000 0.000000 0.000000 0.000000 0.000000 0.000000 0.000000 0.000000 0.000000 0.000000 0.000000 0.000000 0.000000 0.000000 0.000000 0.000000