geotop/1.0zi/1.0Montebello/Templates/testdem/maps/_Eocsilt108F.asc
ncols         21
nrows         20
xllcorner     100.000000
yllcorner     100.000000
cellsize      50.000000
NODATA_value  -9999.0
0.000000 0.000000 0.000000 0.000000 0.000000 0.000000 0.000000 0.000000 0.000000 0.000000 0.000000 0.000000 0.000000 0.000000 0.000000 0.000000 0.000000 0.000000 0.000000 0.000000 0.000000
0.000000 0.000000 0.350243 0.350243 0.350244 0.350244 0.350243 0.350243 0.350243 0.350243 0.350243 0.350243 0.350243 0.350243 0.350243 0.350243 0.350244 0.350244 0.350243 0.000000 0.000000
0.000000 0.000000 0.350012 0.350012 0.350012 0.350012 0.350013 0.350013 0.350013 0.350013 0.350013 0.350013 0.350013 0.350013 0.350012 0.350012 0.350010 0.350010 0.350012 0.000000 0.000000
0.000000 0.000000 0.350248 0.350247 0.350237 0.350233 0.350234 0.350223 0.350226 0.350228 0.350225 0.350228 0.350228 0.350232 0.350229 0.350234 0.350238 0.350243 0.350244 0.000000 0.000000
0.000000 0.000000 0.352148 0.352152 0.352142 0.352122 0.352109 0.352103 0.352102 0.352098 0.352094 0.352099 0.352104 0.352100 0.352116 0.352126 0.352132 0.352140 0.352145 0.000000 0.000000
0.000000 0.000000 0.356873 0.356867 0.356849 0.356816 0.356779 0.356748 0.356744 0.356738 0.356734 0.356736 0.356742 0.356737 0.356756 0.356786 0.356800 0.356814 0.356820 0.000000 0.000000
0.000000 0.000000 0.363391 0.363381 0.363359 0.363313 0.363266 0.363199 0.363196 0.363192 0.363183 0.363183 0.363179 0.363183 0.363234 0.363273 0.363299 0.363321 0.363327 0.000000 0.000000
0.000000 0.000000 0.371227 0.371214 0.371193 0.371134 0.371083 0.371018 0.371011 0.371005 0.370993 0.370992 0.370988 0.370996 0.371043 0.371090 0.371131 0.371142 0.371156 0.000000 0.000000
0.000000 0.000000 0.380140 0.380119 0.380083 0.380036 0.379976 0.379893 0.379890 0.379877 0.379863 0.379861 0.379863 0.379857 0.379929 0.379986 0.380018 0.380038 0.380050 0.000000 0.000000
0.000000 0.000000 0.390406 0.390373 0.390339 0.390290 0.390219 0.390132 0.390120 0.390113 0.390090 0.390097 0.390109 0.390103 0.390159 0.390235 0.390276 0.390297 0.390301 0.000000 0.000000
0.000000 0.000000 0.402646 0.402614 0.402586 0.402460 0.402432 0.402307 0.402326 0.402266 0.402269 0.402259 0.402234 0.402268 0.402335 0.402382 0.402442 0.402469 0.402520 0.000000 0.000000
0.000000 0.000000 0.417539 0.417468 0.417381 0.417336 0.417273 0.417109 0.417083 0.417094 0.417099 0.417051 0.417076 0.417058 0.417194 0.417281 0.417307 0.417334 0.417433 0.000000 0.000000
0.000000 0.000000 0.433998 0.433937 0.433928 0.433802 0.433726 0.433291 0.433262 0.433236 0.433059 0.433181 0.433176 0.433215 0.433520 0.433582 0.433747 0.433771 0.433749 0.000000 0.000000
0.000000 0.000000 0.451407 0.451399 0.451267 0.451217 0.450746 0.451014 0.450902 0.450906 0.451004 0.450906 0.450892 0.450825 0.450600 0.451131 0.451113 0.451238 0.451302 0.000000 0.000000
0.000000 0.000000 0.463285 0.463261 0.463210 0.462953 0.463033 0.462887 0.462849 0.462832 0.462772 0.462751 0.462780 0.462778 0.462906 0.462821 0.463152 0.463084 0.463072 0.000000 0.000000
0.000000 0.000000 0.470061 0.470041 0.469984 0.469832 0.469903 0.469800 0.469792 0.469777 0.469746 0.469732 0.469743 0.469753 0.469839 0.469770 0.469951 0.469944 0.469933 0.000000 0.000000
0.000000 0.000000 0.474054 0.474118 0.473946 0.473983 0.474030 0.474005 0.474085 0.474060 0.474104 0.474090 0.474055 0.474104 0.474100 0.474061 0.473918 0.474164 0.474074 0.000000 0.000000
0.000000 0.000000 0.478065 0.477898 0.477753 0.477733 0.477690 0.477740 0.477740 0.477757 0.477710 0.477713 0.477720 0.477714 0.477673 0.477701 0.477716 0.477847 0.478007 0.000000 0.000000
0.000000 0.000000 0.350000 0.350000 0.350000 0.350000 0.350000 0.350000 0.350000 0.350000 0.350000 0.350000 0.350000 0.350000 0.350000 0.350000 0.350000 0.350000 0.350000 0.000000 0.000000
0.000000 0.000000 0.000000 0.000000 0.000000 0.000000 0.000000 0.000000 0.000000 0.000000 0.000000 0.000000 0.000000 0.000000 0.000000 0.000000 0.000000 0.000000 0.000000 0.000000 0.000000