geotop/1.0zi/1.0Montebello/Templates/testdem/maps/_Eocsand1123.asc
ncols         21
nrows         20
xllcorner     100.000000
yllcorner     100.000000
cellsize      50.000000
NODATA_value  -9999.0
0.000000 0.000000 0.000000 0.000000 0.000000 0.000000 0.000000 0.000000 0.000000 0.000000 0.000000 0.000000 0.000000 0.000000 0.000000 0.000000 0.000000 0.000000 0.000000 0.000000 0.000000
0.000000 0.000000 0.300036 0.300036 0.300036 0.300036 0.300036 0.300036 0.300036 0.300036 0.300036 0.300036 0.300036 0.300036 0.300036 0.300036 0.300036 0.300036 0.300036 0.000000 0.000000
0.000000 0.000000 0.300004 0.300004 0.300005 0.300004 0.300004 0.300004 0.300004 0.300004 0.300004 0.300004 0.300004 0.300004 0.300004 0.300004 0.300005 0.300004 0.300004 0.000000 0.000000
0.000000 0.000000 0.299095 0.299096 0.299101 0.299099 0.299095 0.299096 0.299096 0.299095 0.299095 0.299095 0.299096 0.299096 0.299095 0.299099 0.299101 0.299096 0.299095 0.000000 0.000000
0.000000 0.000000 0.295872 0.295873 0.295878 0.295878 0.295871 0.295873 0.295873 0.295871 0.295871 0.295871 0.295873 0.295873 0.295871 0.295878 0.295878 0.295873 0.295872 0.000000 0.000000
0.000000 0.000000 0.292122 0.292123 0.292127 0.292127 0.292122 0.292123 0.292123 0.292122 0.292122 0.292122 0.292123 0.292123 0.292122 0.292127 0.292127 0.292123 0.292122 0.000000 0.000000
0.000000 0.000000 0.288603 0.288604 0.288607 0.288607 0.288603 0.288603 0.288603 0.288602 0.288603 0.288602 0.288603 0.288603 0.288603 0.288607 0.288607 0.288604 0.288603 0.000000 0.000000
0.000000 0.000000 0.285356 0.285357 0.285360 0.285359 0.285356 0.285357 0.285357 0.285356 0.285356 0.285356 0.285357 0.285357 0.285356 0.285359 0.285360 0.285357 0.285356 0.000000 0.000000
0.000000 0.000000 0.282309 0.282309 0.282312 0.282312 0.282309 0.282309 0.282309 0.282308 0.282308 0.282308 0.282309 0.282309 0.282309 0.282312 0.282312 0.282309 0.282309 0.000000 0.000000
0.000000 0.000000 0.279385 0.279385 0.279388 0.279387 0.279384 0.279385 0.279385 0.279384 0.279384 0.279384 0.279385 0.279385 0.279384 0.279387 0.279388 0.279385 0.279385 0.000000 0.000000
0.000000 0.000000 0.276555 0.276556 0.276558 0.276558 0.276555 0.276555 0.276555 0.276555 0.276555 0.276555 0.276555 0.276555 0.276555 0.276558 0.276558 0.276556 0.276555 0.000000 0.000000
0.000000 0.000000 0.273790 0.273791 0.273793 0.273793 0.273790 0.273790 0.273790 0.273790 0.273790 0.273790 0.273790 0.273790 0.273790 0.273793 0.273793 0.273791 0.273790 0.000000 0.000000
0.000000 0.000000 0.271070 0.271070 0.271073 0.271072 0.271070 0.271070 0.271070 0.271070 0.271070 0.271070 0.271070 0.271070 0.271070 0.271072 0.271073 0.271070 0.271070 0.000000 0.000000
0.000000 0.000000 0.268397 0.268397 0.268400 0.268399 0.268397 0.268397 0.268397 0.268396 0.268396 0.268396 0.268397 0.268397 0.268397 0.268399 0.268400 0.268397 0.268397 0.000000 0.000000
0.000000 0.000000 0.265750 0.265751 0.265753 0.265752 0.265750 0.265750 0.265750 0.265750 0.265750 0.265750 0.265750 0.265750 0.265750 0.265752 0.265753 0.265751 0.265750 0.000000 0.000000
0.000000 0.000000 0.263120 0.263120 0.263123 0.263122 0.263120 0.263120 0.263120 0.263120 0.263120 0.263120 0.263120 0.263120 0.263120 0.263122 0.263123 0.263120 0.263120 0.000000 0.000000
0.000000 0.000000 0.260517 0.260517 0.260520 0.260519 0.260517 0.260517 0.260517 0.260516 0.260517 0.260516 0.260517 0.260517 0.260517 0.260519 0.260520 0.260517 0.260517 0.000000 0.000000
0.000000 0.000000 0.257867 0.257867 0.257870 0.257869 0.257866 0.257867 0.257867 0.257866 0.257866 0.257866 0.257867 0.257867 0.257866 0.257869 0.257870 0.257867 0.257866 0.000000 0.000000
0.000000 0.000000 0.300000 0.300000 0.300000 0.300000 0.300000 0.300000 0.300000 0.300000 0.300000 0.300000 0.300000 0.300000 0.300000 0.300000 0.300000 0.300000 0.300000 0.000000 0.000000
0.000000 0.000000 0.000000 0.000000 0.000000 0.000000 0.000000 0.000000 0.000000 0.000000 0.000000 0.000000 0.000000 0.000000 0.000000 0.000000 0.000000 0.000000 0.000000 0.000000 0.000000