geotop/1.0zi/1.0Montebello/Templates/testdem/maps/_Eocsand8510.asc
ncols         21
nrows         20
xllcorner     100.000000
yllcorner     100.000000
cellsize      50.000000
NODATA_value  -9999.0
0.000000 0.000000 0.000000 0.000000 0.000000 0.000000 0.000000 0.000000 0.000000 0.000000 0.000000 0.000000 0.000000 0.000000 0.000000 0.000000 0.000000 0.000000 0.000000 0.000000 0.000000
0.000000 0.000000 0.300214 0.300212 0.300212 0.300212 0.300211 0.300211 0.300211 0.300211 0.300212 0.300211 0.300211 0.300212 0.300211 0.300211 0.300213 0.300213 0.300213 0.000000 0.000000
0.000000 0.000000 0.300012 0.300013 0.300013 0.300011 0.300012 0.300013 0.300013 0.300013 0.300013 0.300013 0.300012 0.300012 0.300012 0.300012 0.300013 0.300014 0.300014 0.000000 0.000000
0.000000 0.000000 0.299893 0.299892 0.299897 0.299905 0.299900 0.299908 0.299903 0.299906 0.299906 0.299906 0.299906 0.299907 0.299902 0.299898 0.299895 0.299892 0.299893 0.000000 0.000000
0.000000 0.000000 0.297878 0.297879 0.297893 0.297911 0.297936 0.297944 0.297949 0.297950 0.297952 0.297947 0.297946 0.297944 0.297922 0.297917 0.297903 0.297892 0.297880 0.000000 0.000000
0.000000 0.000000 0.291943 0.291948 0.291975 0.292024 0.292063 0.292109 0.292109 0.292123 0.292113 0.292112 0.292104 0.292108 0.292081 0.292049 0.292020 0.292000 0.291987 0.000000 0.000000
0.000000 0.000000 0.283609 0.283623 0.283642 0.283696 0.283766 0.283844 0.283844 0.283853 0.283852 0.283850 0.283852 0.283847 0.283779 0.283721 0.283687 0.283659 0.283643 0.000000 0.000000
0.000000 0.000000 0.273740 0.273750 0.273765 0.273828 0.273892 0.273978 0.273978 0.273990 0.273991 0.273995 0.273999 0.273983 0.273910 0.273856 0.273801 0.273786 0.273760 0.000000 0.000000
0.000000 0.000000 0.263129 0.263152 0.263181 0.263222 0.263296 0.263388 0.263382 0.263402 0.263407 0.263410 0.263406 0.263410 0.263319 0.263248 0.263205 0.263184 0.263161 0.000000 0.000000
0.000000 0.000000 0.251818 0.251843 0.251860 0.251901 0.252005 0.252088 0.252088 0.252098 0.252112 0.252101 0.252090 0.252095 0.252019 0.251934 0.251884 0.251866 0.251851 0.000000 0.000000
0.000000 0.000000 0.239423 0.239438 0.239456 0.239553 0.239621 0.239727 0.239699 0.239760 0.239747 0.239751 0.239770 0.239736 0.239661 0.239612 0.239543 0.239509 0.239462 0.000000 0.000000
0.000000 0.000000 0.225536 0.225580 0.225622 0.225675 0.225765 0.225887 0.225899 0.225909 0.225882 0.225926 0.225907 0.225906 0.225773 0.225703 0.225661 0.225633 0.225522 0.000000 0.000000
0.000000 0.000000 0.210376 0.210421 0.210426 0.210523 0.210592 0.210935 0.210942 0.210958 0.211055 0.210997 0.210982 0.210951 0.210687 0.210624 0.210492 0.210482 0.210428 0.000000 0.000000
0.000000 0.000000 0.192374 0.192387 0.192459 0.192522 0.192966 0.192912 0.193001 0.193000 0.192964 0.192999 0.193006 0.193039 0.193093 0.192626 0.192567 0.192445 0.192362 0.000000 0.000000
0.000000 0.000000 0.170996 0.171044 0.171135 0.171709 0.171630 0.171921 0.172045 0.172075 0.172177 0.172238 0.172173 0.172185 0.171900 0.171955 0.171195 0.171326 0.171319 0.000000 0.000000
0.000000 0.000000 0.147704 0.147745 0.148571 0.148301 0.148378 0.148431 0.148108 0.148206 0.148032 0.148083 0.148222 0.148020 0.148026 0.147973 0.148648 0.147433 0.147451 0.000000 0.000000
0.000000 0.000000 0.119383 0.120642 0.120307 0.120810 0.121437 0.121626 0.121998 0.121912 0.122301 0.122257 0.122030 0.122263 0.121934 0.121474 0.120356 0.121146 0.119838 0.000000 0.000000
0.000000 0.000000 0.110395 0.109225 0.108231 0.108216 0.108137 0.109101 0.108921 0.109209 0.108724 0.108819 0.108899 0.108736 0.107939 0.108000 0.108050 0.108799 0.109953 0.000000 0.000000
0.000000 0.000000 0.300000 0.300000 0.300000 0.300000 0.300000 0.300000 0.300000 0.300000 0.300000 0.300000 0.300000 0.300000 0.300000 0.300000 0.300000 0.300000 0.300000 0.000000 0.000000
0.000000 0.000000 0.000000 0.000000 0.000000 0.000000 0.000000 0.000000 0.000000 0.000000 0.000000 0.000000 0.000000 0.000000 0.000000 0.000000 0.000000 0.000000 0.000000 0.000000 0.000000