geotop/1.0zi/1.0Montebello/Templates/testdem/maps/_Eocsilt1043.asc
ncols         21
nrows         20
xllcorner     100.000000
yllcorner     100.000000
cellsize      50.000000
NODATA_value  -9999.0
0.000000 0.000000 0.000000 0.000000 0.000000 0.000000 0.000000 0.000000 0.000000 0.000000 0.000000 0.000000 0.000000 0.000000 0.000000 0.000000 0.000000 0.000000 0.000000 0.000000 0.000000
0.000000 0.000000 0.350019 0.350019 0.350019 0.350019 0.350019 0.350019 0.350019 0.350019 0.350019 0.350019 0.350019 0.350019 0.350019 0.350019 0.350019 0.350019 0.350019 0.000000 0.000000
0.000000 0.000000 0.350001 0.350001 0.350001 0.350001 0.350001 0.350001 0.350001 0.350001 0.350001 0.350001 0.350001 0.350001 0.350001 0.350001 0.350001 0.350001 0.350001 0.000000 0.000000
0.000000 0.000000 0.350460 0.350459 0.350457 0.350458 0.350460 0.350460 0.350460 0.350460 0.350460 0.350460 0.350460 0.350460 0.350460 0.350458 0.350457 0.350459 0.350460 0.000000 0.000000
0.000000 0.000000 0.351960 0.351960 0.351958 0.351957 0.351960 0.351960 0.351960 0.351960 0.351960 0.351960 0.351960 0.351960 0.351960 0.351957 0.351958 0.351960 0.351960 0.000000 0.000000
0.000000 0.000000 0.353755 0.353754 0.353752 0.353752 0.353755 0.353754 0.353754 0.353755 0.353755 0.353755 0.353754 0.353754 0.353755 0.353752 0.353752 0.353754 0.353755 0.000000 0.000000
0.000000 0.000000 0.355401 0.355400 0.355399 0.355399 0.355401 0.355401 0.355401 0.355401 0.355401 0.355401 0.355401 0.355401 0.355401 0.355399 0.355399 0.355400 0.355401 0.000000 0.000000
0.000000 0.000000 0.356913 0.356913 0.356911 0.356911 0.356913 0.356913 0.356913 0.356913 0.356913 0.356913 0.356913 0.356913 0.356913 0.356911 0.356911 0.356913 0.356913 0.000000 0.000000
0.000000 0.000000 0.358331 0.358330 0.358329 0.358329 0.358331 0.358330 0.358330 0.358331 0.358331 0.358331 0.358330 0.358330 0.358331 0.358329 0.358329 0.358330 0.358331 0.000000 0.000000
0.000000 0.000000 0.359690 0.359690 0.359688 0.359689 0.359690 0.359690 0.359690 0.359690 0.359690 0.359690 0.359690 0.359690 0.359690 0.359689 0.359688 0.359690 0.359690 0.000000 0.000000
0.000000 0.000000 0.361006 0.361005 0.361004 0.361004 0.361006 0.361005 0.361005 0.361006 0.361006 0.361006 0.361005 0.361005 0.361006 0.361004 0.361004 0.361005 0.361006 0.000000 0.000000
0.000000 0.000000 0.362291 0.362290 0.362289 0.362289 0.362291 0.362291 0.362291 0.362291 0.362291 0.362291 0.362291 0.362291 0.362291 0.362289 0.362289 0.362290 0.362291 0.000000 0.000000
0.000000 0.000000 0.363556 0.363556 0.363554 0.363555 0.363556 0.363556 0.363556 0.363556 0.363556 0.363556 0.363556 0.363556 0.363556 0.363555 0.363554 0.363556 0.363556 0.000000 0.000000
0.000000 0.000000 0.364801 0.364800 0.364799 0.364799 0.364801 0.364801 0.364801 0.364801 0.364801 0.364801 0.364801 0.364801 0.364801 0.364799 0.364799 0.364800 0.364801 0.000000 0.000000
0.000000 0.000000 0.366032 0.366032 0.366030 0.366031 0.366032 0.366032 0.366032 0.366032 0.366032 0.366032 0.366032 0.366032 0.366032 0.366031 0.366030 0.366032 0.366032 0.000000 0.000000
0.000000 0.000000 0.367254 0.367254 0.367253 0.367253 0.367254 0.367254 0.367254 0.367254 0.367254 0.367254 0.367254 0.367254 0.367254 0.367253 0.367253 0.367254 0.367254 0.000000 0.000000
0.000000 0.000000 0.368464 0.368464 0.368462 0.368463 0.368464 0.368464 0.368464 0.368464 0.368464 0.368464 0.368464 0.368464 0.368464 0.368463 0.368462 0.368464 0.368464 0.000000 0.000000
0.000000 0.000000 0.369698 0.369698 0.369697 0.369697 0.369698 0.369698 0.369698 0.369698 0.369698 0.369698 0.369698 0.369698 0.369698 0.369697 0.369697 0.369698 0.369698 0.000000 0.000000
0.000000 0.000000 0.350000 0.350000 0.350000 0.350000 0.350000 0.350000 0.350000 0.350000 0.350000 0.350000 0.350000 0.350000 0.350000 0.350000 0.350000 0.350000 0.350000 0.000000 0.000000
0.000000 0.000000 0.000000 0.000000 0.000000 0.000000 0.000000 0.000000 0.000000 0.000000 0.000000 0.000000 0.000000 0.000000 0.000000 0.000000 0.000000 0.000000 0.000000 0.000000 0.000000