geotop/1.0zi/1.0Montebello/Templates/testdem/maps/_Eocsand3736.asc
ncols         21
nrows         20
xllcorner     100.000000
yllcorner     100.000000
cellsize      50.000000
NODATA_value  -9999.0
0.000000 0.000000 0.000000 0.000000 0.000000 0.000000 0.000000 0.000000 0.000000 0.000000 0.000000 0.000000 0.000000 0.000000 0.000000 0.000000 0.000000 0.000000 0.000000 0.000000 0.000000
0.000000 0.000000 0.300093 0.300092 0.300092 0.300092 0.300092 0.300092 0.300093 0.300092 0.300093 0.300093 0.300093 0.300093 0.300092 0.300092 0.300093 0.300092 0.300093 0.000000 0.000000
0.000000 0.000000 0.300004 0.300003 0.300003 0.300003 0.300003 0.300003 0.300003 0.300003 0.300003 0.300004 0.300003 0.300003 0.300003 0.300003 0.300005 0.300005 0.300005 0.000000 0.000000
0.000000 0.000000 0.299971 0.299972 0.299973 0.299975 0.299972 0.299975 0.299972 0.299973 0.299972 0.299974 0.299974 0.299976 0.299975 0.299971 0.299971 0.299970 0.299971 0.000000 0.000000
0.000000 0.000000 0.299292 0.299285 0.299290 0.299291 0.299299 0.299305 0.299306 0.299310 0.299309 0.299307 0.299308 0.299307 0.299300 0.299302 0.299300 0.299296 0.299292 0.000000 0.000000
0.000000 0.000000 0.297143 0.297137 0.297146 0.297160 0.297173 0.297195 0.297195 0.297204 0.297196 0.297194 0.297188 0.297186 0.297183 0.297174 0.297168 0.297165 0.297160 0.000000 0.000000
0.000000 0.000000 0.294034 0.294032 0.294040 0.294066 0.294098 0.294136 0.294135 0.294142 0.294135 0.294135 0.294131 0.294121 0.294090 0.294065 0.294057 0.294053 0.294044 0.000000 0.000000
0.000000 0.000000 0.290521 0.290521 0.290531 0.290564 0.290601 0.290638 0.290636 0.290642 0.290640 0.290640 0.290636 0.290627 0.290587 0.290561 0.290546 0.290544 0.290535 0.000000 0.000000
0.000000 0.000000 0.287001 0.287004 0.287019 0.287044 0.287079 0.287122 0.287120 0.287128 0.287126 0.287124 0.287120 0.287109 0.287072 0.287042 0.287031 0.287027 0.287014 0.000000 0.000000
0.000000 0.000000 0.283507 0.283511 0.283523 0.283549 0.283590 0.283629 0.283625 0.283631 0.283629 0.283628 0.283624 0.283617 0.283576 0.283545 0.283535 0.283532 0.283522 0.000000 0.000000
0.000000 0.000000 0.279991 0.279994 0.280007 0.280028 0.280061 0.280107 0.280104 0.280113 0.280112 0.280109 0.280105 0.280097 0.280062 0.280040 0.280026 0.280021 0.280009 0.000000 0.000000
0.000000 0.000000 0.276381 0.276384 0.276399 0.276429 0.276464 0.276508 0.276509 0.276515 0.276514 0.276514 0.276508 0.276501 0.276456 0.276430 0.276417 0.276414 0.276372 0.000000 0.000000
0.000000 0.000000 0.272754 0.272758 0.272773 0.272797 0.272837 0.272918 0.272919 0.272926 0.272926 0.272924 0.272920 0.272909 0.272838 0.272806 0.272794 0.272790 0.272764 0.000000 0.000000
0.000000 0.000000 0.268949 0.268958 0.268972 0.268996 0.269081 0.269108 0.269121 0.269128 0.269125 0.269124 0.269121 0.269111 0.269082 0.269010 0.268997 0.268983 0.268968 0.000000 0.000000
0.000000 0.000000 0.264885 0.264892 0.264921 0.264989 0.265038 0.265090 0.265116 0.265125 0.265135 0.265135 0.265123 0.265122 0.265079 0.265026 0.264951 0.264956 0.264944 0.000000 0.000000
0.000000 0.000000 0.260734 0.260741 0.260822 0.260844 0.260879 0.260910 0.260917 0.260920 0.260916 0.260917 0.260918 0.260895 0.260876 0.260853 0.260851 0.260777 0.260756 0.000000 0.000000
0.000000 0.000000 0.256176 0.256265 0.256340 0.256376 0.256440 0.256473 0.256481 0.256486 0.256495 0.256494 0.256485 0.256481 0.256456 0.256398 0.256365 0.256322 0.256229 0.000000 0.000000
0.000000 0.000000 0.252538 0.252563 0.252515 0.252561 0.252622 0.252722 0.252733 0.252743 0.252740 0.252740 0.252736 0.252721 0.252631 0.252577 0.252520 0.252604 0.252559 0.000000 0.000000
0.000000 0.000000 0.300000 0.300000 0.300000 0.300000 0.300000 0.300000 0.300000 0.300000 0.300000 0.300000 0.300000 0.300000 0.300000 0.300000 0.300000 0.300000 0.300000 0.000000 0.000000
0.000000 0.000000 0.000000 0.000000 0.000000 0.000000 0.000000 0.000000 0.000000 0.000000 0.000000 0.000000 0.000000 0.000000 0.000000 0.000000 0.000000 0.000000 0.000000 0.000000 0.000000