geotop/1.0zi/1.0Montebello/Templates/testdem/maps/_Eocclay0351.asc
ncols         21
nrows         20
xllcorner     100.000000
yllcorner     100.000000
cellsize      50.000000
NODATA_value  -9999.0
0.000000 0.000000 0.000000 0.000000 0.000000 0.000000 0.000000 0.000000 0.000000 0.000000 0.000000 0.000000 0.000000 0.000000 0.000000 0.000000 0.000000 0.000000 0.000000 0.000000 0.000000
0.000000 0.000000 0.349977 0.349977 0.349977 0.349977 0.349977 0.349977 0.349977 0.349977 0.349977 0.349977 0.349977 0.349977 0.349977 0.349977 0.349977 0.349977 0.349977 0.000000 0.000000
0.000000 0.000000 0.349999 0.349999 0.349998 0.349998 0.349999 0.349999 0.349999 0.349999 0.349999 0.349999 0.349999 0.349999 0.349999 0.349998 0.349998 0.349999 0.349999 0.000000 0.000000
0.000000 0.000000 0.350265 0.350265 0.350262 0.350265 0.350265 0.350265 0.350265 0.350265 0.350265 0.350265 0.350265 0.350265 0.350265 0.350265 0.350262 0.350265 0.350265 0.000000 0.000000
0.000000 0.000000 0.350972 0.350972 0.350969 0.350971 0.350972 0.350972 0.350972 0.350972 0.350972 0.350972 0.350972 0.350972 0.350972 0.350971 0.350969 0.350972 0.350972 0.000000 0.000000
0.000000 0.000000 0.351617 0.351617 0.351615 0.351617 0.351617 0.351617 0.351617 0.351617 0.351617 0.351617 0.351617 0.351617 0.351617 0.351617 0.351615 0.351617 0.351617 0.000000 0.000000
0.000000 0.000000 0.352208 0.352208 0.352206 0.352207 0.352208 0.352208 0.352208 0.352208 0.352208 0.352208 0.352208 0.352208 0.352208 0.352207 0.352206 0.352208 0.352208 0.000000 0.000000
0.000000 0.000000 0.352750 0.352750 0.352749 0.352750 0.352750 0.352750 0.352750 0.352750 0.352750 0.352750 0.352750 0.352750 0.352750 0.352750 0.352749 0.352750 0.352750 0.000000 0.000000
0.000000 0.000000 0.353260 0.353260 0.353259 0.353260 0.353260 0.353260 0.353260 0.353260 0.353260 0.353260 0.353260 0.353260 0.353260 0.353260 0.353259 0.353260 0.353260 0.000000 0.000000
0.000000 0.000000 0.353751 0.353751 0.353749 0.353751 0.353751 0.353751 0.353751 0.353751 0.353751 0.353751 0.353751 0.353751 0.353751 0.353751 0.353749 0.353751 0.353751 0.000000 0.000000
0.000000 0.000000 0.354226 0.354226 0.354225 0.354226 0.354226 0.354226 0.354226 0.354226 0.354226 0.354226 0.354226 0.354226 0.354226 0.354226 0.354225 0.354226 0.354226 0.000000 0.000000
0.000000 0.000000 0.354691 0.354691 0.354690 0.354691 0.354691 0.354691 0.354691 0.354691 0.354691 0.354691 0.354691 0.354691 0.354691 0.354691 0.354690 0.354691 0.354691 0.000000 0.000000
0.000000 0.000000 0.355146 0.355146 0.355145 0.355146 0.355146 0.355146 0.355146 0.355146 0.355146 0.355146 0.355146 0.355146 0.355146 0.355146 0.355145 0.355146 0.355146 0.000000 0.000000
0.000000 0.000000 0.355591 0.355591 0.355590 0.355591 0.355591 0.355591 0.355591 0.355591 0.355591 0.355591 0.355591 0.355591 0.355591 0.355591 0.355590 0.355591 0.355591 0.000000 0.000000
0.000000 0.000000 0.356031 0.356031 0.356030 0.356031 0.356031 0.356031 0.356031 0.356031 0.356031 0.356031 0.356031 0.356031 0.356031 0.356031 0.356030 0.356031 0.356031 0.000000 0.000000
0.000000 0.000000 0.356469 0.356469 0.356468 0.356469 0.356469 0.356470 0.356469 0.356469 0.356469 0.356469 0.356469 0.356470 0.356469 0.356469 0.356468 0.356469 0.356469 0.000000 0.000000
0.000000 0.000000 0.356902 0.356902 0.356900 0.356902 0.356902 0.356902 0.356902 0.356902 0.356902 0.356902 0.356902 0.356902 0.356902 0.356902 0.356900 0.356902 0.356902 0.000000 0.000000
0.000000 0.000000 0.357353 0.357353 0.357351 0.357353 0.357353 0.357353 0.357353 0.357353 0.357353 0.357353 0.357353 0.357353 0.357353 0.357353 0.357351 0.357353 0.357353 0.000000 0.000000
0.000000 0.000000 0.350000 0.350000 0.350000 0.350000 0.350000 0.350000 0.350000 0.350000 0.350000 0.350000 0.350000 0.350000 0.350000 0.350000 0.350000 0.350000 0.350000 0.000000 0.000000
0.000000 0.000000 0.000000 0.000000 0.000000 0.000000 0.000000 0.000000 0.000000 0.000000 0.000000 0.000000 0.000000 0.000000 0.000000 0.000000 0.000000 0.000000 0.000000 0.000000 0.000000