geotop/1.0zi/1.0Montebello/Templates/testdem/maps/_Eocsilt6135.asc
ncols         21
nrows         20
xllcorner     100.000000
yllcorner     100.000000
cellsize      50.000000
NODATA_value  -9999.0
0.000000 0.000000 0.000000 0.000000 0.000000 0.000000 0.000000 0.000000 0.000000 0.000000 0.000000 0.000000 0.000000 0.000000 0.000000 0.000000 0.000000 0.000000 0.000000 0.000000 0.000000
0.000000 0.000000 0.350120 0.350120 0.350120 0.350121 0.350120 0.350120 0.350120 0.350120 0.350121 0.350120 0.350120 0.350120 0.350120 0.350120 0.350121 0.350121 0.350120 0.000000 0.000000
0.000000 0.000000 0.350002 0.350002 0.350002 0.350003 0.350003 0.350003 0.350003 0.350003 0.350003 0.350003 0.350004 0.350004 0.350003 0.350003 0.350001 0.350001 0.350002 0.000000 0.000000
0.000000 0.000000 0.350047 0.350046 0.350045 0.350040 0.350041 0.350039 0.350041 0.350042 0.350040 0.350040 0.350040 0.350040 0.350042 0.350045 0.350046 0.350048 0.350047 0.000000 0.000000
0.000000 0.000000 0.350550 0.350553 0.350552 0.350548 0.350545 0.350540 0.350539 0.350536 0.350535 0.350536 0.350539 0.350539 0.350544 0.350547 0.350546 0.350555 0.350559 0.000000 0.000000
0.000000 0.000000 0.352134 0.352137 0.352130 0.352116 0.352106 0.352088 0.352087 0.352082 0.352087 0.352089 0.352090 0.352087 0.352093 0.352100 0.352109 0.352113 0.352118 0.000000 0.000000
0.000000 0.000000 0.354556 0.354553 0.354547 0.354528 0.354505 0.354481 0.354483 0.354480 0.354482 0.354482 0.354479 0.354482 0.354501 0.354521 0.354530 0.354540 0.354547 0.000000 0.000000
0.000000 0.000000 0.357528 0.357529 0.357527 0.357509 0.357487 0.357460 0.357461 0.357457 0.357457 0.357456 0.357455 0.357458 0.357479 0.357501 0.357517 0.357520 0.357530 0.000000 0.000000
0.000000 0.000000 0.360656 0.360651 0.360642 0.360630 0.360609 0.360578 0.360579 0.360574 0.360571 0.360572 0.360573 0.360571 0.360599 0.360621 0.360636 0.360642 0.360651 0.000000 0.000000
0.000000 0.000000 0.363814 0.363809 0.363805 0.363797 0.363767 0.363739 0.363741 0.363738 0.363733 0.363737 0.363741 0.363738 0.363760 0.363786 0.363801 0.363803 0.363810 0.000000 0.000000
0.000000 0.000000 0.367070 0.367067 0.367065 0.367042 0.367022 0.366993 0.366999 0.366985 0.366985 0.366986 0.366982 0.366990 0.367009 0.367025 0.367041 0.367051 0.367064 0.000000 0.000000
0.000000 0.000000 0.370511 0.370503 0.370494 0.370478 0.370460 0.370424 0.370425 0.370417 0.370425 0.370417 0.370419 0.370421 0.370454 0.370470 0.370482 0.370487 0.370521 0.000000 0.000000
0.000000 0.000000 0.374060 0.374053 0.374049 0.374031 0.374014 0.373940 0.373940 0.373934 0.373918 0.373926 0.373931 0.373937 0.373992 0.374007 0.374034 0.374037 0.374060 0.000000 0.000000
0.000000 0.000000 0.377940 0.377935 0.377925 0.377913 0.377839 0.377823 0.377806 0.377805 0.377800 0.377802 0.377802 0.377799 0.377808 0.377883 0.377905 0.377923 0.377948 0.000000 0.000000
0.000000 0.000000 0.382242 0.382236 0.382220 0.382141 0.382120 0.382075 0.382048 0.382043 0.382029 0.382020 0.382029 0.382023 0.382058 0.382091 0.382202 0.382192 0.382207 0.000000 0.000000
0.000000 0.000000 0.386825 0.386820 0.386715 0.386701 0.386696 0.386669 0.386691 0.386679 0.386688 0.386678 0.386665 0.386687 0.386704 0.386714 0.386699 0.386834 0.386837 0.000000 0.000000
0.000000 0.000000 0.392128 0.391983 0.391941 0.391900 0.391831 0.391798 0.391783 0.391782 0.391750 0.391746 0.391761 0.391754 0.391794 0.391846 0.391930 0.391950 0.392098 0.000000 0.000000
0.000000 0.000000 0.395874 0.395895 0.396026 0.395993 0.395946 0.395813 0.395811 0.395781 0.395804 0.395796 0.395804 0.395808 0.395929 0.395965 0.396046 0.395912 0.395901 0.000000 0.000000
0.000000 0.000000 0.350000 0.350000 0.350000 0.350000 0.350000 0.350000 0.350000 0.350000 0.350000 0.350000 0.350000 0.350000 0.350000 0.350000 0.350000 0.350000 0.350000 0.000000 0.000000
0.000000 0.000000 0.000000 0.000000 0.000000 0.000000 0.000000 0.000000 0.000000 0.000000 0.000000 0.000000 0.000000 0.000000 0.000000 0.000000 0.000000 0.000000 0.000000 0.000000 0.000000