geotop/1.0zi/1.0Montebello/Templates/testdem/maps/_Eocclay0327.asc
ncols         21
nrows         20
xllcorner     100.000000
yllcorner     100.000000
cellsize      50.000000
NODATA_value  -9999.0
0.000000 0.000000 0.000000 0.000000 0.000000 0.000000 0.000000 0.000000 0.000000 0.000000 0.000000 0.000000 0.000000 0.000000 0.000000 0.000000 0.000000 0.000000 0.000000 0.000000 0.000000
0.000000 0.000000 0.349979 0.349979 0.349979 0.349979 0.349979 0.349979 0.349979 0.349979 0.349979 0.349979 0.349979 0.349979 0.349979 0.349979 0.349979 0.349979 0.349979 0.000000 0.000000
0.000000 0.000000 0.349999 0.349998 0.349998 0.349998 0.349999 0.349999 0.349999 0.349999 0.349999 0.349999 0.349999 0.349999 0.349999 0.349998 0.349998 0.349998 0.349999 0.000000 0.000000
0.000000 0.000000 0.350254 0.350254 0.350252 0.350254 0.350254 0.350254 0.350254 0.350254 0.350254 0.350254 0.350254 0.350254 0.350254 0.350254 0.350252 0.350254 0.350254 0.000000 0.000000
0.000000 0.000000 0.350901 0.350901 0.350899 0.350901 0.350901 0.350901 0.350901 0.350901 0.350901 0.350901 0.350901 0.350901 0.350901 0.350901 0.350899 0.350901 0.350901 0.000000 0.000000
0.000000 0.000000 0.351492 0.351492 0.351490 0.351492 0.351492 0.351492 0.351492 0.351492 0.351492 0.351492 0.351492 0.351492 0.351492 0.351492 0.351490 0.351492 0.351492 0.000000 0.000000
0.000000 0.000000 0.352033 0.352033 0.352032 0.352033 0.352033 0.352033 0.352033 0.352033 0.352033 0.352033 0.352033 0.352033 0.352033 0.352033 0.352032 0.352033 0.352033 0.000000 0.000000
0.000000 0.000000 0.352533 0.352533 0.352531 0.352532 0.352533 0.352533 0.352533 0.352533 0.352533 0.352533 0.352533 0.352533 0.352533 0.352532 0.352531 0.352533 0.352533 0.000000 0.000000
0.000000 0.000000 0.353003 0.353002 0.353001 0.353002 0.353002 0.353003 0.353003 0.353003 0.353003 0.353003 0.353003 0.353003 0.353002 0.353002 0.353001 0.353002 0.353003 0.000000 0.000000
0.000000 0.000000 0.353456 0.353456 0.353454 0.353456 0.353456 0.353456 0.353456 0.353456 0.353456 0.353456 0.353456 0.353456 0.353456 0.353456 0.353454 0.353456 0.353456 0.000000 0.000000
0.000000 0.000000 0.353895 0.353895 0.353894 0.353895 0.353895 0.353895 0.353895 0.353895 0.353895 0.353895 0.353895 0.353895 0.353895 0.353895 0.353894 0.353895 0.353895 0.000000 0.000000
0.000000 0.000000 0.354325 0.354325 0.354324 0.354325 0.354325 0.354325 0.354325 0.354325 0.354325 0.354325 0.354325 0.354325 0.354325 0.354325 0.354324 0.354325 0.354325 0.000000 0.000000
0.000000 0.000000 0.354748 0.354747 0.354746 0.354747 0.354748 0.354748 0.354748 0.354748 0.354748 0.354748 0.354748 0.354748 0.354748 0.354747 0.354746 0.354747 0.354748 0.000000 0.000000
0.000000 0.000000 0.355162 0.355162 0.355161 0.355162 0.355162 0.355162 0.355162 0.355162 0.355162 0.355162 0.355162 0.355162 0.355162 0.355162 0.355161 0.355162 0.355162 0.000000 0.000000
0.000000 0.000000 0.355572 0.355572 0.355570 0.355572 0.355572 0.355572 0.355572 0.355572 0.355572 0.355572 0.355572 0.355572 0.355572 0.355572 0.355570 0.355572 0.355572 0.000000 0.000000
0.000000 0.000000 0.355980 0.355979 0.355978 0.355979 0.355980 0.355980 0.355980 0.355980 0.355980 0.355980 0.355980 0.355980 0.355980 0.355979 0.355978 0.355979 0.355980 0.000000 0.000000
0.000000 0.000000 0.356382 0.356382 0.356381 0.356382 0.356382 0.356382 0.356382 0.356382 0.356382 0.356382 0.356382 0.356382 0.356382 0.356382 0.356381 0.356382 0.356382 0.000000 0.000000
0.000000 0.000000 0.356801 0.356801 0.356799 0.356801 0.356801 0.356801 0.356801 0.356801 0.356801 0.356801 0.356801 0.356801 0.356801 0.356801 0.356799 0.356801 0.356801 0.000000 0.000000
0.000000 0.000000 0.350000 0.350000 0.350000 0.350000 0.350000 0.350000 0.350000 0.350000 0.350000 0.350000 0.350000 0.350000 0.350000 0.350000 0.350000 0.350000 0.350000 0.000000 0.000000
0.000000 0.000000 0.000000 0.000000 0.000000 0.000000 0.000000 0.000000 0.000000 0.000000 0.000000 0.000000 0.000000 0.000000 0.000000 0.000000 0.000000 0.000000 0.000000 0.000000 0.000000