geotop/1.0zi/1.0Montebello/Templates/testdem/maps/_Eocsilt4483.asc
ncols         21
nrows         20
xllcorner     100.000000
yllcorner     100.000000
cellsize      50.000000
NODATA_value  -9999.0
0.000000 0.000000 0.000000 0.000000 0.000000 0.000000 0.000000 0.000000 0.000000 0.000000 0.000000 0.000000 0.000000 0.000000 0.000000 0.000000 0.000000 0.000000 0.000000 0.000000 0.000000
0.000000 0.000000 0.350090 0.350090 0.350090 0.350090 0.350090 0.350090 0.350090 0.350090 0.350090 0.350090 0.350090 0.350090 0.350090 0.350090 0.350090 0.350090 0.350090 0.000000 0.000000
0.000000 0.000000 0.350002 0.350002 0.350002 0.350003 0.350003 0.350003 0.350003 0.350003 0.350003 0.350003 0.350003 0.350003 0.350003 0.350002 0.350001 0.350001 0.350002 0.000000 0.000000
0.000000 0.000000 0.350031 0.350031 0.350030 0.350026 0.350027 0.350025 0.350027 0.350027 0.350027 0.350026 0.350027 0.350026 0.350027 0.350030 0.350031 0.350032 0.350031 0.000000 0.000000
0.000000 0.000000 0.350387 0.350390 0.350388 0.350384 0.350381 0.350378 0.350376 0.350373 0.350372 0.350375 0.350375 0.350376 0.350380 0.350380 0.350382 0.350389 0.350392 0.000000 0.000000
0.000000 0.000000 0.351534 0.351537 0.351535 0.351524 0.351517 0.351502 0.351499 0.351494 0.351499 0.351502 0.351505 0.351505 0.351509 0.351516 0.351522 0.351524 0.351528 0.000000 0.000000
0.000000 0.000000 0.353322 0.353323 0.353320 0.353306 0.353291 0.353273 0.353274 0.353272 0.353275 0.353274 0.353272 0.353275 0.353287 0.353301 0.353307 0.353314 0.353320 0.000000 0.000000
0.000000 0.000000 0.355403 0.355401 0.355400 0.355387 0.355373 0.355356 0.355358 0.355355 0.355355 0.355355 0.355353 0.355351 0.355369 0.355384 0.355395 0.355397 0.355403 0.000000 0.000000
0.000000 0.000000 0.357526 0.357523 0.357519 0.357509 0.357496 0.357474 0.357476 0.357471 0.357472 0.357473 0.357471 0.357471 0.357488 0.357505 0.357513 0.357519 0.357526 0.000000 0.000000
0.000000 0.000000 0.359637 0.359634 0.359632 0.359621 0.359605 0.359587 0.359590 0.359586 0.359587 0.359587 0.359584 0.359583 0.359601 0.359619 0.359626 0.359630 0.359636 0.000000 0.000000
0.000000 0.000000 0.361762 0.361760 0.361758 0.361750 0.361738 0.361716 0.361719 0.361714 0.361714 0.361715 0.361712 0.361711 0.361727 0.361740 0.361749 0.361754 0.361761 0.000000 0.000000
0.000000 0.000000 0.363960 0.363957 0.363954 0.363942 0.363929 0.363907 0.363907 0.363904 0.363904 0.363904 0.363902 0.363901 0.363922 0.363938 0.363946 0.363950 0.363973 0.000000 0.000000
0.000000 0.000000 0.366188 0.366185 0.366181 0.366172 0.366157 0.366112 0.366112 0.366108 0.366108 0.366109 0.366105 0.366105 0.366144 0.366163 0.366171 0.366176 0.366190 0.000000 0.000000
0.000000 0.000000 0.368545 0.368538 0.368537 0.368527 0.368483 0.368471 0.368464 0.368461 0.368462 0.368462 0.368458 0.368457 0.368470 0.368514 0.368524 0.368534 0.368542 0.000000 0.000000
0.000000 0.000000 0.371085 0.371080 0.371069 0.371030 0.371010 0.370982 0.370968 0.370963 0.370957 0.370956 0.370957 0.370952 0.370973 0.371004 0.371054 0.371053 0.371060 0.000000 0.000000
0.000000 0.000000 0.373708 0.373703 0.373656 0.373648 0.373636 0.373621 0.373620 0.373618 0.373621 0.373621 0.373613 0.373621 0.373628 0.373641 0.373641 0.373695 0.373708 0.000000 0.000000
0.000000 0.000000 0.376624 0.376560 0.376521 0.376503 0.376472 0.376454 0.376450 0.376447 0.376440 0.376441 0.376440 0.376434 0.376447 0.376485 0.376510 0.376537 0.376601 0.000000 0.000000
0.000000 0.000000 0.378904 0.378891 0.378934 0.378911 0.378883 0.378819 0.378814 0.378807 0.378810 0.378810 0.378805 0.378808 0.378865 0.378898 0.378935 0.378880 0.378906 0.000000 0.000000
0.000000 0.000000 0.350000 0.350000 0.350000 0.350000 0.350000 0.350000 0.350000 0.350000 0.350000 0.350000 0.350000 0.350000 0.350000 0.350000 0.350000 0.350000 0.350000 0.000000 0.000000
0.000000 0.000000 0.000000 0.000000 0.000000 0.000000 0.000000 0.000000 0.000000 0.000000 0.000000 0.000000 0.000000 0.000000 0.000000 0.000000 0.000000 0.000000 0.000000 0.000000 0.000000