geotop/1.0zi/1.0Montebello/Templates/testdem/maps/_Eocsilt5840.asc
ncols         21
nrows         20
xllcorner     100.000000
yllcorner     100.000000
cellsize      50.000000
NODATA_value  -9999.0
0.000000 0.000000 0.000000 0.000000 0.000000 0.000000 0.000000 0.000000 0.000000 0.000000 0.000000 0.000000 0.000000 0.000000 0.000000 0.000000 0.000000 0.000000 0.000000 0.000000 0.000000
0.000000 0.000000 0.350116 0.350116 0.350116 0.350116 0.350116 0.350116 0.350116 0.350116 0.350116 0.350116 0.350116 0.350116 0.350116 0.350116 0.350116 0.350116 0.350116 0.000000 0.000000
0.000000 0.000000 0.350002 0.350002 0.350002 0.350003 0.350003 0.350003 0.350003 0.350003 0.350003 0.350003 0.350003 0.350003 0.350003 0.350002 0.350001 0.350001 0.350002 0.000000 0.000000
0.000000 0.000000 0.350046 0.350045 0.350044 0.350039 0.350040 0.350038 0.350040 0.350041 0.350040 0.350039 0.350039 0.350039 0.350041 0.350044 0.350045 0.350047 0.350046 0.000000 0.000000
0.000000 0.000000 0.350524 0.350527 0.350525 0.350522 0.350519 0.350514 0.350512 0.350511 0.350509 0.350510 0.350512 0.350513 0.350518 0.350520 0.350520 0.350529 0.350533 0.000000 0.000000
0.000000 0.000000 0.352013 0.352016 0.352013 0.351999 0.351989 0.351971 0.351970 0.351966 0.351970 0.351972 0.351973 0.351969 0.351975 0.351982 0.351991 0.351994 0.351998 0.000000 0.000000
0.000000 0.000000 0.354298 0.354296 0.354291 0.354273 0.354252 0.354229 0.354231 0.354228 0.354231 0.354231 0.354228 0.354231 0.354247 0.354265 0.354272 0.354282 0.354288 0.000000 0.000000
0.000000 0.000000 0.357093 0.357094 0.357094 0.357077 0.357056 0.357030 0.357031 0.357028 0.357028 0.357028 0.357026 0.357029 0.357048 0.357067 0.357083 0.357085 0.357094 0.000000 0.000000
0.000000 0.000000 0.360031 0.360026 0.360019 0.360008 0.359987 0.359958 0.359959 0.359954 0.359952 0.359953 0.359953 0.359951 0.359977 0.359998 0.360011 0.360017 0.360025 0.000000 0.000000
0.000000 0.000000 0.362979 0.362974 0.362972 0.362964 0.362936 0.362910 0.362912 0.362909 0.362905 0.362909 0.362912 0.362909 0.362929 0.362952 0.362966 0.362968 0.362973 0.000000 0.000000
0.000000 0.000000 0.366007 0.366004 0.366004 0.365983 0.365963 0.365935 0.365941 0.365928 0.365929 0.365930 0.365926 0.365933 0.365949 0.365964 0.365979 0.365988 0.366000 0.000000 0.000000
0.000000 0.000000 0.369191 0.369184 0.369176 0.369162 0.369145 0.369111 0.369112 0.369104 0.369113 0.369105 0.369107 0.369109 0.369139 0.369152 0.369163 0.369168 0.369199 0.000000 0.000000
0.000000 0.000000 0.372459 0.372453 0.372451 0.372435 0.372419 0.372350 0.372350 0.372345 0.372330 0.372338 0.372343 0.372348 0.372398 0.372410 0.372434 0.372437 0.372459 0.000000 0.000000
0.000000 0.000000 0.376012 0.376008 0.376000 0.375989 0.375923 0.375906 0.375890 0.375890 0.375885 0.375887 0.375887 0.375884 0.375892 0.375958 0.375979 0.375995 0.376018 0.000000 0.000000
0.000000 0.000000 0.379927 0.379922 0.379908 0.379839 0.379818 0.379777 0.379752 0.379748 0.379735 0.379727 0.379736 0.379729 0.379759 0.379791 0.379889 0.379881 0.379894 0.000000 0.000000
0.000000 0.000000 0.384077 0.384072 0.383982 0.383966 0.383961 0.383935 0.383953 0.383942 0.383950 0.383941 0.383930 0.383947 0.383963 0.383972 0.383964 0.384080 0.384083 0.000000 0.000000
0.000000 0.000000 0.388831 0.388708 0.388666 0.388630 0.388571 0.388541 0.388530 0.388529 0.388502 0.388499 0.388510 0.388504 0.388538 0.388582 0.388653 0.388679 0.388804 0.000000 0.000000
0.000000 0.000000 0.392285 0.392292 0.392402 0.392372 0.392326 0.392210 0.392208 0.392182 0.392200 0.392193 0.392201 0.392203 0.392308 0.392341 0.392416 0.392303 0.392304 0.000000 0.000000
0.000000 0.000000 0.350000 0.350000 0.350000 0.350000 0.350000 0.350000 0.350000 0.350000 0.350000 0.350000 0.350000 0.350000 0.350000 0.350000 0.350000 0.350000 0.350000 0.000000 0.000000
0.000000 0.000000 0.000000 0.000000 0.000000 0.000000 0.000000 0.000000 0.000000 0.000000 0.000000 0.000000 0.000000 0.000000 0.000000 0.000000 0.000000 0.000000 0.000000 0.000000 0.000000