geotop/1.0zi/1.0Montebello/Templates/testdem/maps/_Eocsand5197.asc
ncols         21
nrows         20
xllcorner     100.000000
yllcorner     100.000000
cellsize      50.000000
NODATA_value  -9999.0
0.000000 0.000000 0.000000 0.000000 0.000000 0.000000 0.000000 0.000000 0.000000 0.000000 0.000000 0.000000 0.000000 0.000000 0.000000 0.000000 0.000000 0.000000 0.000000 0.000000 0.000000
0.000000 0.000000 0.300128 0.300127 0.300127 0.300126 0.300127 0.300126 0.300127 0.300127 0.300127 0.300127 0.300127 0.300127 0.300127 0.300127 0.300127 0.300127 0.300127 0.000000 0.000000
0.000000 0.000000 0.300008 0.300007 0.300007 0.300007 0.300007 0.300007 0.300006 0.300006 0.300007 0.300007 0.300006 0.300006 0.300006 0.300007 0.300008 0.300009 0.300008 0.000000 0.000000
0.000000 0.000000 0.299974 0.299972 0.299975 0.299979 0.299976 0.299978 0.299976 0.299977 0.299976 0.299978 0.299978 0.299980 0.299976 0.299971 0.299973 0.299970 0.299972 0.000000 0.000000
0.000000 0.000000 0.299165 0.299161 0.299162 0.299171 0.299184 0.299191 0.299192 0.299191 0.299196 0.299191 0.299196 0.299196 0.299186 0.299187 0.299182 0.299171 0.299166 0.000000 0.000000
0.000000 0.000000 0.296418 0.296413 0.296420 0.296450 0.296464 0.296496 0.296499 0.296506 0.296498 0.296495 0.296490 0.296493 0.296485 0.296470 0.296456 0.296441 0.296433 0.000000 0.000000
0.000000 0.000000 0.292308 0.292311 0.292316 0.292348 0.292385 0.292429 0.292428 0.292434 0.292429 0.292427 0.292429 0.292427 0.292396 0.292361 0.292345 0.292328 0.292316 0.000000 0.000000
0.000000 0.000000 0.287360 0.287360 0.287360 0.287395 0.287431 0.287477 0.287476 0.287482 0.287481 0.287481 0.287483 0.287476 0.287442 0.287409 0.287381 0.287374 0.287357 0.000000 0.000000
0.000000 0.000000 0.282270 0.282278 0.282289 0.282309 0.282344 0.282395 0.282392 0.282402 0.282406 0.282402 0.282402 0.282405 0.282359 0.282323 0.282298 0.282291 0.282275 0.000000 0.000000
0.000000 0.000000 0.277179 0.277188 0.277191 0.277205 0.277256 0.277300 0.277296 0.277302 0.277309 0.277301 0.277294 0.277299 0.277264 0.277223 0.277197 0.277193 0.277183 0.000000 0.000000
0.000000 0.000000 0.271964 0.271970 0.271970 0.272007 0.272040 0.272089 0.272078 0.272103 0.272102 0.272098 0.272103 0.272090 0.272063 0.272037 0.272009 0.271993 0.271971 0.000000 0.000000
0.000000 0.000000 0.266536 0.266548 0.266560 0.266587 0.266615 0.266673 0.266670 0.266686 0.266670 0.266684 0.266681 0.266675 0.266624 0.266601 0.266581 0.266574 0.266515 0.000000 0.000000
0.000000 0.000000 0.261012 0.261024 0.261027 0.261057 0.261081 0.261195 0.261195 0.261207 0.261230 0.261216 0.261206 0.261195 0.261114 0.261093 0.261050 0.261047 0.261003 0.000000 0.000000
0.000000 0.000000 0.255089 0.255097 0.255111 0.255129 0.255234 0.255263 0.255290 0.255293 0.255302 0.255297 0.255293 0.255295 0.255283 0.255178 0.255139 0.255112 0.255068 0.000000 0.000000
0.000000 0.000000 0.248640 0.248646 0.248673 0.248781 0.248816 0.248877 0.248924 0.248932 0.248953 0.248963 0.248948 0.248957 0.248913 0.248858 0.248696 0.248708 0.248681 0.000000 0.000000
0.000000 0.000000 0.241878 0.241888 0.242024 0.242056 0.242064 0.242104 0.242083 0.242101 0.242091 0.242108 0.242120 0.242090 0.242068 0.242050 0.242046 0.241874 0.241866 0.000000 0.000000
0.000000 0.000000 0.234268 0.234448 0.234528 0.234584 0.234666 0.234709 0.234721 0.234727 0.234763 0.234772 0.234756 0.234756 0.234710 0.234645 0.234540 0.234479 0.234297 0.000000 0.000000
0.000000 0.000000 0.228494 0.228510 0.228359 0.228409 0.228473 0.228641 0.228648 0.228687 0.228668 0.228679 0.228663 0.228657 0.228501 0.228458 0.228328 0.228491 0.228461 0.000000 0.000000
0.000000 0.000000 0.300000 0.300000 0.300000 0.300000 0.300000 0.300000 0.300000 0.300000 0.300000 0.300000 0.300000 0.300000 0.300000 0.300000 0.300000 0.300000 0.300000 0.000000 0.000000
0.000000 0.000000 0.000000 0.000000 0.000000 0.000000 0.000000 0.000000 0.000000 0.000000 0.000000 0.000000 0.000000 0.000000 0.000000 0.000000 0.000000 0.000000 0.000000 0.000000 0.000000