geotop/1.0zi/1.0Montebello/Templates/testdem/maps/_Eocsand2537.asc
ncols         21
nrows         20
xllcorner     100.000000
yllcorner     100.000000
cellsize      50.000000
NODATA_value  -9999.0
0.000000 0.000000 0.000000 0.000000 0.000000 0.000000 0.000000 0.000000 0.000000 0.000000 0.000000 0.000000 0.000000 0.000000 0.000000 0.000000 0.000000 0.000000 0.000000 0.000000 0.000000
0.000000 0.000000 0.300074 0.300074 0.300074 0.300074 0.300074 0.300074 0.300074 0.300074 0.300076 0.300074 0.300074 0.300074 0.300074 0.300074 0.300074 0.300074 0.300074 0.000000 0.000000
0.000000 0.000000 0.300012 0.300013 0.300013 0.300012 0.300013 0.300012 0.300012 0.300013 0.300011 0.300013 0.300012 0.300012 0.300013 0.300012 0.300013 0.300013 0.300012 0.000000 0.000000
0.000000 0.000000 0.298377 0.298378 0.298382 0.298380 0.298377 0.298377 0.298377 0.298377 0.298377 0.298377 0.298377 0.298377 0.298377 0.298380 0.298382 0.298378 0.298377 0.000000 0.000000
0.000000 0.000000 0.291470 0.291472 0.291475 0.291475 0.291469 0.291471 0.291471 0.291468 0.291468 0.291468 0.291471 0.291471 0.291469 0.291475 0.291475 0.291472 0.291470 0.000000 0.000000
0.000000 0.000000 0.283041 0.283042 0.283045 0.283045 0.283040 0.283042 0.283041 0.283039 0.283039 0.283039 0.283041 0.283042 0.283040 0.283045 0.283045 0.283042 0.283041 0.000000 0.000000
0.000000 0.000000 0.275176 0.275177 0.275179 0.275179 0.275175 0.275176 0.275176 0.275174 0.275174 0.275174 0.275176 0.275176 0.275175 0.275179 0.275179 0.275177 0.275176 0.000000 0.000000
0.000000 0.000000 0.267968 0.267969 0.267972 0.267971 0.267968 0.267969 0.267969 0.267967 0.267967 0.267967 0.267969 0.267969 0.267968 0.267971 0.267972 0.267969 0.267968 0.000000 0.000000
0.000000 0.000000 0.261249 0.261249 0.261252 0.261251 0.261248 0.261249 0.261249 0.261248 0.261247 0.261248 0.261249 0.261249 0.261248 0.261251 0.261252 0.261249 0.261249 0.000000 0.000000
0.000000 0.000000 0.254863 0.254864 0.254866 0.254865 0.254863 0.254864 0.254864 0.254862 0.254862 0.254862 0.254864 0.254864 0.254863 0.254865 0.254866 0.254864 0.254863 0.000000 0.000000
0.000000 0.000000 0.248738 0.248738 0.248741 0.248740 0.248737 0.248738 0.248738 0.248737 0.248736 0.248737 0.248738 0.248738 0.248737 0.248740 0.248741 0.248738 0.248738 0.000000 0.000000
0.000000 0.000000 0.242817 0.242818 0.242820 0.242819 0.242816 0.242817 0.242817 0.242816 0.242816 0.242816 0.242817 0.242817 0.242816 0.242819 0.242820 0.242818 0.242817 0.000000 0.000000
0.000000 0.000000 0.237059 0.237059 0.237062 0.237061 0.237058 0.237059 0.237059 0.237058 0.237057 0.237058 0.237059 0.237059 0.237058 0.237061 0.237062 0.237059 0.237059 0.000000 0.000000
0.000000 0.000000 0.231435 0.231435 0.231438 0.231437 0.231434 0.231435 0.231435 0.231434 0.231434 0.231434 0.231435 0.231435 0.231434 0.231437 0.231438 0.231435 0.231435 0.000000 0.000000
0.000000 0.000000 0.225925 0.225925 0.225927 0.225927 0.225924 0.225925 0.225925 0.225924 0.225923 0.225924 0.225925 0.225925 0.225924 0.225927 0.225927 0.225925 0.225925 0.000000 0.000000
0.000000 0.000000 0.220519 0.220520 0.220522 0.220521 0.220519 0.220520 0.220519 0.220518 0.220518 0.220518 0.220519 0.220520 0.220519 0.220521 0.220522 0.220520 0.220519 0.000000 0.000000
0.000000 0.000000 0.215213 0.215213 0.215215 0.215214 0.215212 0.215213 0.215213 0.215212 0.215211 0.215212 0.215213 0.215213 0.215212 0.215214 0.215215 0.215213 0.215213 0.000000 0.000000
0.000000 0.000000 0.209928 0.209928 0.209931 0.209930 0.209927 0.209928 0.209928 0.209927 0.209927 0.209927 0.209928 0.209928 0.209927 0.209930 0.209931 0.209928 0.209928 0.000000 0.000000
0.000000 0.000000 0.300000 0.300000 0.300000 0.300000 0.300000 0.300000 0.300000 0.300000 0.300000 0.300000 0.300000 0.300000 0.300000 0.300000 0.300000 0.300000 0.300000 0.000000 0.000000
0.000000 0.000000 0.000000 0.000000 0.000000 0.000000 0.000000 0.000000 0.000000 0.000000 0.000000 0.000000 0.000000 0.000000 0.000000 0.000000 0.000000 0.000000 0.000000 0.000000 0.000000