geotop/1.0zi/1.0Montebello/Templates/testdem/maps/_Eocsand4932.asc
ncols         21
nrows         20
xllcorner     100.000000
yllcorner     100.000000
cellsize      50.000000
NODATA_value  -9999.0
0.000000 0.000000 0.000000 0.000000 0.000000 0.000000 0.000000 0.000000 0.000000 0.000000 0.000000 0.000000 0.000000 0.000000 0.000000 0.000000 0.000000 0.000000 0.000000 0.000000 0.000000
0.000000 0.000000 0.300121 0.300120 0.300120 0.300120 0.300120 0.300120 0.300120 0.300120 0.300120 0.300120 0.300120 0.300120 0.300120 0.300120 0.300120 0.300120 0.300121 0.000000 0.000000
0.000000 0.000000 0.300006 0.300005 0.300005 0.300005 0.300005 0.300005 0.300005 0.300005 0.300005 0.300005 0.300005 0.300005 0.300005 0.300005 0.300007 0.300007 0.300006 0.000000 0.000000
0.000000 0.000000 0.299976 0.299975 0.299977 0.299981 0.299978 0.299980 0.299978 0.299979 0.299978 0.299980 0.299980 0.299982 0.299978 0.299974 0.299975 0.299973 0.299975 0.000000 0.000000
0.000000 0.000000 0.299189 0.299187 0.299188 0.299198 0.299208 0.299214 0.299215 0.299217 0.299220 0.299216 0.299219 0.299217 0.299208 0.299208 0.299203 0.299194 0.299187 0.000000 0.000000
0.000000 0.000000 0.296538 0.296533 0.296543 0.296570 0.296582 0.296610 0.296614 0.296623 0.296615 0.296613 0.296606 0.296606 0.296599 0.296583 0.296571 0.296561 0.296552 0.000000 0.000000
0.000000 0.000000 0.292578 0.292582 0.292593 0.292622 0.292656 0.292696 0.292695 0.292701 0.292695 0.292698 0.292697 0.292692 0.292664 0.292630 0.292615 0.292601 0.292588 0.000000 0.000000
0.000000 0.000000 0.287918 0.287923 0.287926 0.287957 0.287993 0.288034 0.288032 0.288038 0.288037 0.288038 0.288040 0.288037 0.287999 0.287964 0.287945 0.287936 0.287923 0.000000 0.000000
0.000000 0.000000 0.283149 0.283158 0.283169 0.283192 0.283226 0.283272 0.283269 0.283277 0.283277 0.283276 0.283278 0.283274 0.283238 0.283198 0.283183 0.283172 0.283155 0.000000 0.000000
0.000000 0.000000 0.278373 0.278382 0.278389 0.278414 0.278454 0.278495 0.278490 0.278495 0.278496 0.278495 0.278499 0.278499 0.278458 0.278419 0.278403 0.278393 0.278380 0.000000 0.000000
0.000000 0.000000 0.273505 0.273515 0.273522 0.273542 0.273573 0.273623 0.273618 0.273628 0.273629 0.273627 0.273631 0.273629 0.273593 0.273563 0.273543 0.273532 0.273516 0.000000 0.000000
0.000000 0.000000 0.268447 0.268455 0.268468 0.268497 0.268530 0.268578 0.268579 0.268584 0.268585 0.268587 0.268588 0.268588 0.268542 0.268506 0.268487 0.268478 0.268428 0.000000 0.000000
0.000000 0.000000 0.263294 0.263305 0.263317 0.263339 0.263379 0.263483 0.263482 0.263490 0.263491 0.263490 0.263496 0.263492 0.263401 0.263359 0.263340 0.263329 0.263299 0.000000 0.000000
0.000000 0.000000 0.257797 0.257816 0.257824 0.257848 0.257959 0.257985 0.258001 0.258007 0.258007 0.258008 0.258013 0.258011 0.257981 0.257875 0.257854 0.257831 0.257813 0.000000 0.000000
0.000000 0.000000 0.251832 0.251846 0.251876 0.251975 0.252026 0.252093 0.252125 0.252134 0.252150 0.252152 0.252146 0.252154 0.252103 0.252031 0.251912 0.251916 0.251900 0.000000 0.000000
0.000000 0.000000 0.245635 0.245650 0.245771 0.245790 0.245824 0.245857 0.245857 0.245859 0.245852 0.245855 0.245870 0.245845 0.245828 0.245800 0.245805 0.245669 0.245638 0.000000 0.000000
0.000000 0.000000 0.238670 0.238835 0.238928 0.238977 0.239065 0.239111 0.239120 0.239126 0.239145 0.239145 0.239140 0.239153 0.239116 0.239019 0.238955 0.238897 0.238734 0.000000 0.000000
0.000000 0.000000 0.233346 0.233370 0.233260 0.233321 0.233392 0.233554 0.233568 0.233582 0.233574 0.233577 0.233586 0.233570 0.233422 0.233346 0.233258 0.233398 0.233346 0.000000 0.000000
0.000000 0.000000 0.300000 0.300000 0.300000 0.300000 0.300000 0.300000 0.300000 0.300000 0.300000 0.300000 0.300000 0.300000 0.300000 0.300000 0.300000 0.300000 0.300000 0.000000 0.000000
0.000000 0.000000 0.000000 0.000000 0.000000 0.000000 0.000000 0.000000 0.000000 0.000000 0.000000 0.000000 0.000000 0.000000 0.000000 0.000000 0.000000 0.000000 0.000000 0.000000 0.000000