geotop/1.0zi/1.0Montebello/Templates/testdem/maps/_Eocsilt9372.asc
ncols         21
nrows         20
xllcorner     100.000000
yllcorner     100.000000
cellsize      50.000000
NODATA_value  -9999.0
0.000000 0.000000 0.000000 0.000000 0.000000 0.000000 0.000000 0.000000 0.000000 0.000000 0.000000 0.000000 0.000000 0.000000 0.000000 0.000000 0.000000 0.000000 0.000000 0.000000 0.000000
0.000000 0.000000 0.350199 0.350198 0.350199 0.350199 0.350198 0.350198 0.350199 0.350198 0.350199 0.350198 0.350198 0.350198 0.350198 0.350199 0.350199 0.350199 0.350198 0.000000 0.000000
0.000000 0.000000 0.350008 0.350007 0.350008 0.350007 0.350008 0.350008 0.350008 0.350008 0.350008 0.350008 0.350009 0.350009 0.350008 0.350007 0.350006 0.350006 0.350007 0.000000 0.000000
0.000000 0.000000 0.350124 0.350120 0.350115 0.350110 0.350110 0.350105 0.350108 0.350108 0.350105 0.350109 0.350110 0.350110 0.350112 0.350116 0.350121 0.350121 0.350124 0.000000 0.000000
0.000000 0.000000 0.351314 0.351319 0.351309 0.351292 0.351282 0.351277 0.351280 0.351277 0.351277 0.351280 0.351285 0.351283 0.351296 0.351303 0.351307 0.351313 0.351316 0.000000 0.000000
0.000000 0.000000 0.354699 0.354693 0.354679 0.354658 0.354628 0.354604 0.354602 0.354597 0.354600 0.354602 0.354606 0.354604 0.354619 0.354640 0.354651 0.354658 0.354666 0.000000 0.000000
0.000000 0.000000 0.359508 0.359499 0.359483 0.359450 0.359410 0.359359 0.359364 0.359361 0.359359 0.359359 0.359357 0.359363 0.359401 0.359431 0.359452 0.359467 0.359474 0.000000 0.000000
0.000000 0.000000 0.365199 0.365189 0.365176 0.365140 0.365099 0.365054 0.365056 0.365050 0.365048 0.365046 0.365044 0.365053 0.365090 0.365125 0.365157 0.365162 0.365177 0.000000 0.000000
0.000000 0.000000 0.371427 0.371411 0.371390 0.371363 0.371316 0.371260 0.371266 0.371256 0.371251 0.371249 0.371253 0.371251 0.371305 0.371346 0.371371 0.371381 0.371395 0.000000 0.000000
0.000000 0.000000 0.378202 0.378183 0.378167 0.378138 0.378076 0.378025 0.378028 0.378021 0.378011 0.378017 0.378025 0.378023 0.378066 0.378118 0.378147 0.378157 0.378164 0.000000 0.000000
0.000000 0.000000 0.385778 0.385764 0.385751 0.385683 0.385643 0.385576 0.385594 0.385558 0.385564 0.385560 0.385549 0.385571 0.385617 0.385649 0.385689 0.385705 0.385737 0.000000 0.000000
0.000000 0.000000 0.394489 0.394458 0.394420 0.394387 0.394329 0.394246 0.394248 0.394243 0.394257 0.394227 0.394243 0.394243 0.394324 0.394371 0.394394 0.394407 0.394474 0.000000 0.000000
0.000000 0.000000 0.404193 0.404165 0.404157 0.404082 0.404034 0.403800 0.403801 0.403789 0.403716 0.403760 0.403769 0.403792 0.403967 0.404011 0.404095 0.404102 0.404125 0.000000 0.000000
0.000000 0.000000 0.416052 0.416042 0.415976 0.415931 0.415606 0.415691 0.415629 0.415630 0.415668 0.415632 0.415627 0.415600 0.415521 0.415870 0.415892 0.415975 0.416028 0.000000 0.000000
0.000000 0.000000 0.429899 0.429858 0.429791 0.429370 0.429500 0.429255 0.429189 0.429166 0.429079 0.429042 0.429092 0.429094 0.429318 0.429202 0.429753 0.429634 0.429623 0.000000 0.000000
0.000000 0.000000 0.443499 0.443473 0.442947 0.443192 0.443107 0.443114 0.443343 0.443280 0.443401 0.443378 0.443283 0.443412 0.443359 0.443432 0.442885 0.443676 0.443665 0.000000 0.000000
0.000000 0.000000 0.456712 0.456205 0.456369 0.456139 0.455880 0.455794 0.455625 0.455665 0.455491 0.455511 0.455612 0.455509 0.455652 0.455844 0.456339 0.455961 0.456489 0.000000 0.000000
0.000000 0.000000 0.461343 0.461525 0.461829 0.461764 0.461711 0.461417 0.461430 0.461358 0.461451 0.461428 0.461431 0.461453 0.461707 0.461748 0.461859 0.461564 0.461387 0.000000 0.000000
0.000000 0.000000 0.350000 0.350000 0.350000 0.350000 0.350000 0.350000 0.350000 0.350000 0.350000 0.350000 0.350000 0.350000 0.350000 0.350000 0.350000 0.350000 0.350000 0.000000 0.000000
0.000000 0.000000 0.000000 0.000000 0.000000 0.000000 0.000000 0.000000 0.000000 0.000000 0.000000 0.000000 0.000000 0.000000 0.000000 0.000000 0.000000 0.000000 0.000000 0.000000 0.000000