geotop/1.0zi/1.0Montebello/Templates/testdem/maps/_Eocclay2829.asc
ncols         21
nrows         20
xllcorner     100.000000
yllcorner     100.000000
cellsize      50.000000
NODATA_value  -9999.0
0.000000 0.000000 0.000000 0.000000 0.000000 0.000000 0.000000 0.000000 0.000000 0.000000 0.000000 0.000000 0.000000 0.000000 0.000000 0.000000 0.000000 0.000000 0.000000 0.000000 0.000000
0.000000 0.000000 0.349844 0.349844 0.349844 0.349844 0.349844 0.349844 0.349844 0.349844 0.349843 0.349844 0.349844 0.349844 0.349844 0.349844 0.349844 0.349844 0.349844 0.000000 0.000000
0.000000 0.000000 0.349993 0.349992 0.349992 0.349993 0.349992 0.349993 0.349992 0.349992 0.349993 0.349992 0.349992 0.349993 0.349992 0.349993 0.349992 0.349992 0.349993 0.000000 0.000000
0.000000 0.000000 0.350974 0.350974 0.350972 0.350973 0.350974 0.350974 0.350974 0.350974 0.350974 0.350974 0.350974 0.350974 0.350974 0.350973 0.350972 0.350974 0.350974 0.000000 0.000000
0.000000 0.000000 0.355209 0.355208 0.355206 0.355207 0.355210 0.355209 0.355209 0.355211 0.355211 0.355211 0.355209 0.355209 0.355210 0.355207 0.355206 0.355208 0.355209 0.000000 0.000000
0.000000 0.000000 0.360019 0.360018 0.360017 0.360017 0.360020 0.360019 0.360019 0.360020 0.360020 0.360020 0.360019 0.360019 0.360020 0.360017 0.360017 0.360018 0.360019 0.000000 0.000000
0.000000 0.000000 0.364555 0.364554 0.364553 0.364553 0.364555 0.364555 0.364555 0.364555 0.364556 0.364555 0.364555 0.364555 0.364555 0.364553 0.364553 0.364554 0.364555 0.000000 0.000000
0.000000 0.000000 0.368700 0.368700 0.368699 0.368699 0.368701 0.368700 0.368700 0.368701 0.368701 0.368701 0.368700 0.368700 0.368701 0.368699 0.368699 0.368700 0.368700 0.000000 0.000000
0.000000 0.000000 0.372550 0.372549 0.372548 0.372548 0.372550 0.372549 0.372549 0.372550 0.372550 0.372550 0.372549 0.372549 0.372550 0.372548 0.372548 0.372549 0.372550 0.000000 0.000000
0.000000 0.000000 0.376193 0.376192 0.376191 0.376191 0.376193 0.376192 0.376192 0.376193 0.376193 0.376193 0.376192 0.376192 0.376193 0.376191 0.376191 0.376192 0.376193 0.000000 0.000000
0.000000 0.000000 0.379672 0.379671 0.379670 0.379670 0.379672 0.379671 0.379671 0.379672 0.379672 0.379672 0.379671 0.379671 0.379672 0.379670 0.379670 0.379671 0.379672 0.000000 0.000000
0.000000 0.000000 0.383020 0.383020 0.383019 0.383019 0.383021 0.383020 0.383020 0.383021 0.383021 0.383021 0.383020 0.383020 0.383021 0.383019 0.383019 0.383020 0.383020 0.000000 0.000000
0.000000 0.000000 0.386264 0.386264 0.386263 0.386263 0.386264 0.386264 0.386264 0.386265 0.386265 0.386265 0.386264 0.386264 0.386264 0.386263 0.386263 0.386264 0.386264 0.000000 0.000000
0.000000 0.000000 0.389425 0.389424 0.389423 0.389424 0.389425 0.389424 0.389424 0.389425 0.389425 0.389425 0.389424 0.389424 0.389425 0.389424 0.389423 0.389424 0.389425 0.000000 0.000000
0.000000 0.000000 0.392510 0.392510 0.392509 0.392509 0.392510 0.392510 0.392510 0.392511 0.392511 0.392511 0.392510 0.392510 0.392510 0.392509 0.392509 0.392510 0.392510 0.000000 0.000000
0.000000 0.000000 0.395527 0.395527 0.395526 0.395526 0.395527 0.395527 0.395527 0.395527 0.395528 0.395527 0.395527 0.395527 0.395527 0.395526 0.395526 0.395527 0.395527 0.000000 0.000000
0.000000 0.000000 0.398479 0.398479 0.398478 0.398478 0.398479 0.398479 0.398479 0.398479 0.398480 0.398479 0.398479 0.398479 0.398479 0.398478 0.398478 0.398479 0.398479 0.000000 0.000000
0.000000 0.000000 0.401421 0.401421 0.401420 0.401420 0.401422 0.401421 0.401421 0.401422 0.401422 0.401422 0.401421 0.401421 0.401422 0.401420 0.401420 0.401421 0.401421 0.000000 0.000000
0.000000 0.000000 0.350000 0.350000 0.350000 0.350000 0.350000 0.350000 0.350000 0.350000 0.350000 0.350000 0.350000 0.350000 0.350000 0.350000 0.350000 0.350000 0.350000 0.000000 0.000000
0.000000 0.000000 0.000000 0.000000 0.000000 0.000000 0.000000 0.000000 0.000000 0.000000 0.000000 0.000000 0.000000 0.000000 0.000000 0.000000 0.000000 0.000000 0.000000 0.000000 0.000000