geotop/1.0zi/1.0Montebello/Templates/testdem/maps/_Eocsilt6704.asc
ncols         21
nrows         20
xllcorner     100.000000
yllcorner     100.000000
cellsize      50.000000
NODATA_value  -9999.0
0.000000 0.000000 0.000000 0.000000 0.000000 0.000000 0.000000 0.000000 0.000000 0.000000 0.000000 0.000000 0.000000 0.000000 0.000000 0.000000 0.000000 0.000000 0.000000 0.000000 0.000000
0.000000 0.000000 0.350136 0.350136 0.350136 0.350137 0.350136 0.350137 0.350137 0.350137 0.350137 0.350136 0.350136 0.350136 0.350136 0.350136 0.350137 0.350137 0.350136 0.000000 0.000000
0.000000 0.000000 0.350003 0.350002 0.350003 0.350003 0.350003 0.350003 0.350003 0.350003 0.350003 0.350003 0.350004 0.350004 0.350003 0.350003 0.350001 0.350001 0.350002 0.000000 0.000000
0.000000 0.000000 0.350056 0.350053 0.350053 0.350047 0.350048 0.350046 0.350048 0.350049 0.350047 0.350047 0.350047 0.350047 0.350049 0.350052 0.350054 0.350055 0.350056 0.000000 0.000000
0.000000 0.000000 0.350683 0.350689 0.350685 0.350677 0.350674 0.350667 0.350666 0.350664 0.350663 0.350666 0.350667 0.350668 0.350676 0.350679 0.350679 0.350687 0.350692 0.000000 0.000000
0.000000 0.000000 0.352525 0.352528 0.352520 0.352507 0.352493 0.352475 0.352474 0.352469 0.352473 0.352475 0.352476 0.352473 0.352481 0.352490 0.352499 0.352504 0.352510 0.000000 0.000000
0.000000 0.000000 0.355316 0.355314 0.355306 0.355284 0.355259 0.355233 0.355234 0.355231 0.355232 0.355231 0.355228 0.355232 0.355252 0.355274 0.355288 0.355300 0.355307 0.000000 0.000000
0.000000 0.000000 0.358699 0.358699 0.358696 0.358674 0.358650 0.358621 0.358621 0.358618 0.358617 0.358615 0.358613 0.358617 0.358641 0.358664 0.358684 0.358688 0.358700 0.000000 0.000000
0.000000 0.000000 0.362275 0.362269 0.362258 0.362244 0.362219 0.362186 0.362188 0.362180 0.362178 0.362177 0.362178 0.362176 0.362207 0.362235 0.362251 0.362259 0.362269 0.000000 0.000000
0.000000 0.000000 0.365929 0.365923 0.365918 0.365905 0.365871 0.365842 0.365843 0.365839 0.365834 0.365837 0.365841 0.365838 0.365863 0.365893 0.365911 0.365916 0.365923 0.000000 0.000000
0.000000 0.000000 0.369741 0.369737 0.369732 0.369705 0.369682 0.369649 0.369656 0.369639 0.369640 0.369640 0.369635 0.369645 0.369665 0.369685 0.369706 0.369717 0.369733 0.000000 0.000000
0.000000 0.000000 0.373817 0.373807 0.373797 0.373777 0.373754 0.373714 0.373714 0.373706 0.373715 0.373703 0.373706 0.373709 0.373746 0.373766 0.373782 0.373789 0.373828 0.000000 0.000000
0.000000 0.000000 0.378071 0.378061 0.378056 0.378034 0.378013 0.377924 0.377923 0.377916 0.377896 0.377905 0.377911 0.377919 0.377984 0.378005 0.378039 0.378043 0.378068 0.000000 0.000000
0.000000 0.000000 0.382796 0.382792 0.382777 0.382760 0.382665 0.382651 0.382630 0.382629 0.382627 0.382626 0.382625 0.382621 0.382625 0.382725 0.382751 0.382777 0.382804 0.000000 0.000000
0.000000 0.000000 0.388115 0.388109 0.388087 0.387979 0.387958 0.387906 0.387872 0.387866 0.387847 0.387832 0.387845 0.387839 0.387885 0.387918 0.388065 0.388051 0.388065 0.000000 0.000000
0.000000 0.000000 0.393850 0.393842 0.393697 0.393689 0.393683 0.393653 0.393691 0.393672 0.393690 0.393674 0.393656 0.393689 0.393704 0.393716 0.393678 0.393868 0.393870 0.000000 0.000000
0.000000 0.000000 0.400651 0.400441 0.400407 0.400344 0.400240 0.400202 0.400172 0.400175 0.400124 0.400122 0.400147 0.400129 0.400180 0.400260 0.400392 0.400387 0.400603 0.000000 0.000000
0.000000 0.000000 0.405051 0.405127 0.405325 0.405286 0.405239 0.405049 0.405052 0.405006 0.405053 0.405038 0.405045 0.405055 0.405225 0.405263 0.405356 0.405163 0.405099 0.000000 0.000000
0.000000 0.000000 0.350000 0.350000 0.350000 0.350000 0.350000 0.350000 0.350000 0.350000 0.350000 0.350000 0.350000 0.350000 0.350000 0.350000 0.350000 0.350000 0.350000 0.000000 0.000000
0.000000 0.000000 0.000000 0.000000 0.000000 0.000000 0.000000 0.000000 0.000000 0.000000 0.000000 0.000000 0.000000 0.000000 0.000000 0.000000 0.000000 0.000000 0.000000 0.000000 0.000000