geotop/1.0zi/1.0Montebello/Templates/testdem/maps/_Eocsilt5192.asc
ncols         21
nrows         20
xllcorner     100.000000
yllcorner     100.000000
cellsize      50.000000
NODATA_value  -9999.0
0.000000 0.000000 0.000000 0.000000 0.000000 0.000000 0.000000 0.000000 0.000000 0.000000 0.000000 0.000000 0.000000 0.000000 0.000000 0.000000 0.000000 0.000000 0.000000 0.000000 0.000000
0.000000 0.000000 0.350106 0.350106 0.350106 0.350106 0.350106 0.350106 0.350106 0.350106 0.350106 0.350106 0.350106 0.350106 0.350106 0.350106 0.350106 0.350106 0.350105 0.000000 0.000000
0.000000 0.000000 0.350002 0.350002 0.350002 0.350003 0.350003 0.350003 0.350003 0.350003 0.350003 0.350003 0.350003 0.350003 0.350003 0.350002 0.350001 0.350001 0.350002 0.000000 0.000000
0.000000 0.000000 0.350037 0.350037 0.350036 0.350031 0.350033 0.350031 0.350033 0.350034 0.350033 0.350032 0.350032 0.350031 0.350033 0.350036 0.350036 0.350038 0.350037 0.000000 0.000000
0.000000 0.000000 0.350429 0.350433 0.350432 0.350428 0.350425 0.350422 0.350420 0.350418 0.350416 0.350418 0.350419 0.350419 0.350424 0.350425 0.350425 0.350433 0.350437 0.000000 0.000000
0.000000 0.000000 0.351723 0.351726 0.351722 0.351710 0.351703 0.351687 0.351685 0.351680 0.351684 0.351686 0.351690 0.351688 0.351693 0.351699 0.351707 0.351711 0.351715 0.000000 0.000000
0.000000 0.000000 0.353733 0.353732 0.353728 0.353711 0.353693 0.353674 0.353674 0.353672 0.353675 0.353675 0.353672 0.353676 0.353690 0.353705 0.353713 0.353721 0.353727 0.000000 0.000000
0.000000 0.000000 0.356158 0.356159 0.356159 0.356143 0.356125 0.356104 0.356105 0.356102 0.356102 0.356102 0.356101 0.356104 0.356120 0.356137 0.356152 0.356154 0.356163 0.000000 0.000000
0.000000 0.000000 0.358700 0.358696 0.358689 0.358679 0.358662 0.358636 0.358637 0.358632 0.358631 0.358632 0.358633 0.358631 0.358654 0.358673 0.358686 0.358690 0.358698 0.000000 0.000000
0.000000 0.000000 0.361225 0.361221 0.361218 0.361212 0.361187 0.361166 0.361167 0.361164 0.361161 0.361165 0.361168 0.361166 0.361183 0.361204 0.361217 0.361218 0.361223 0.000000 0.000000
0.000000 0.000000 0.363796 0.363794 0.363794 0.363775 0.363759 0.363735 0.363741 0.363728 0.363729 0.363731 0.363728 0.363735 0.363748 0.363762 0.363776 0.363783 0.363794 0.000000 0.000000
0.000000 0.000000 0.366475 0.366469 0.366463 0.366450 0.366436 0.366408 0.366409 0.366401 0.366410 0.366403 0.366405 0.366408 0.366433 0.366444 0.366454 0.366458 0.366487 0.000000 0.000000
0.000000 0.000000 0.369199 0.369194 0.369192 0.369178 0.369166 0.369110 0.369110 0.369104 0.369093 0.369099 0.369104 0.369110 0.369149 0.369160 0.369182 0.369183 0.369204 0.000000 0.000000
0.000000 0.000000 0.372123 0.372119 0.372112 0.372104 0.372052 0.372038 0.372025 0.372024 0.372019 0.372022 0.372023 0.372022 0.372028 0.372080 0.372099 0.372112 0.372134 0.000000 0.000000
0.000000 0.000000 0.375302 0.375300 0.375287 0.375234 0.375217 0.375186 0.375164 0.375160 0.375150 0.375144 0.375152 0.375148 0.375169 0.375197 0.375276 0.375270 0.375284 0.000000 0.000000
0.000000 0.000000 0.378636 0.378631 0.378565 0.378550 0.378546 0.378526 0.378536 0.378527 0.378532 0.378524 0.378518 0.378532 0.378544 0.378553 0.378555 0.378639 0.378644 0.000000 0.000000
0.000000 0.000000 0.382382 0.382294 0.382255 0.382228 0.382188 0.382167 0.382162 0.382158 0.382140 0.382137 0.382144 0.382144 0.382167 0.382199 0.382250 0.382281 0.382369 0.000000 0.000000
0.000000 0.000000 0.385231 0.385222 0.385296 0.385272 0.385240 0.385158 0.385155 0.385135 0.385145 0.385140 0.385147 0.385151 0.385227 0.385249 0.385312 0.385233 0.385248 0.000000 0.000000
0.000000 0.000000 0.350000 0.350000 0.350000 0.350000 0.350000 0.350000 0.350000 0.350000 0.350000 0.350000 0.350000 0.350000 0.350000 0.350000 0.350000 0.350000 0.350000 0.000000 0.000000
0.000000 0.000000 0.000000 0.000000 0.000000 0.000000 0.000000 0.000000 0.000000 0.000000 0.000000 0.000000 0.000000 0.000000 0.000000 0.000000 0.000000 0.000000 0.000000 0.000000 0.000000