geotop/1.0zi/1.0Montebello/Templates/testdem/maps/_Eocsand1088.asc
ncols         21
nrows         20
xllcorner     100.000000
yllcorner     100.000000
cellsize      50.000000
NODATA_value  -9999.0
0.000000 0.000000 0.000000 0.000000 0.000000 0.000000 0.000000 0.000000 0.000000 0.000000 0.000000 0.000000 0.000000 0.000000 0.000000 0.000000 0.000000 0.000000 0.000000 0.000000 0.000000
0.000000 0.000000 0.300036 0.300036 0.300036 0.300036 0.300036 0.300036 0.300036 0.300036 0.300036 0.300036 0.300036 0.300036 0.300036 0.300036 0.300036 0.300036 0.300036 0.000000 0.000000
0.000000 0.000000 0.300004 0.300004 0.300005 0.300004 0.300004 0.300004 0.300004 0.300004 0.300004 0.300004 0.300004 0.300004 0.300004 0.300004 0.300005 0.300004 0.300004 0.000000 0.000000
0.000000 0.000000 0.299095 0.299096 0.299101 0.299099 0.299095 0.299095 0.299096 0.299095 0.299095 0.299095 0.299096 0.299095 0.299095 0.299099 0.299101 0.299096 0.299095 0.000000 0.000000
0.000000 0.000000 0.295880 0.295882 0.295886 0.295886 0.295880 0.295881 0.295881 0.295879 0.295880 0.295879 0.295881 0.295881 0.295880 0.295886 0.295886 0.295882 0.295880 0.000000 0.000000
0.000000 0.000000 0.292181 0.292182 0.292185 0.292185 0.292180 0.292181 0.292181 0.292180 0.292180 0.292180 0.292181 0.292181 0.292180 0.292185 0.292185 0.292182 0.292181 0.000000 0.000000
0.000000 0.000000 0.288735 0.288735 0.288739 0.288738 0.288734 0.288735 0.288735 0.288734 0.288734 0.288734 0.288735 0.288735 0.288734 0.288738 0.288739 0.288735 0.288735 0.000000 0.000000
0.000000 0.000000 0.285564 0.285565 0.285568 0.285567 0.285564 0.285564 0.285564 0.285564 0.285564 0.285564 0.285564 0.285564 0.285564 0.285567 0.285568 0.285565 0.285564 0.000000 0.000000
0.000000 0.000000 0.282591 0.282592 0.282595 0.282594 0.282591 0.282592 0.282592 0.282591 0.282591 0.282591 0.282592 0.282592 0.282591 0.282594 0.282595 0.282592 0.282591 0.000000 0.000000
0.000000 0.000000 0.279740 0.279740 0.279743 0.279742 0.279739 0.279740 0.279740 0.279739 0.279739 0.279739 0.279740 0.279740 0.279739 0.279742 0.279743 0.279740 0.279740 0.000000 0.000000
0.000000 0.000000 0.276981 0.276982 0.276985 0.276984 0.276981 0.276981 0.276981 0.276981 0.276981 0.276981 0.276981 0.276981 0.276981 0.276984 0.276985 0.276982 0.276981 0.000000 0.000000
0.000000 0.000000 0.274286 0.274286 0.274289 0.274288 0.274286 0.274286 0.274286 0.274285 0.274285 0.274285 0.274286 0.274286 0.274286 0.274288 0.274289 0.274286 0.274286 0.000000 0.000000
0.000000 0.000000 0.271634 0.271635 0.271638 0.271637 0.271634 0.271635 0.271635 0.271634 0.271634 0.271634 0.271635 0.271635 0.271634 0.271637 0.271638 0.271635 0.271634 0.000000 0.000000
0.000000 0.000000 0.269029 0.269030 0.269032 0.269032 0.269029 0.269029 0.269029 0.269029 0.269029 0.269029 0.269029 0.269029 0.269029 0.269032 0.269032 0.269030 0.269029 0.000000 0.000000
0.000000 0.000000 0.266450 0.266451 0.266453 0.266453 0.266450 0.266450 0.266450 0.266450 0.266450 0.266450 0.266450 0.266450 0.266450 0.266453 0.266453 0.266451 0.266450 0.000000 0.000000
0.000000 0.000000 0.263887 0.263888 0.263891 0.263890 0.263887 0.263888 0.263888 0.263887 0.263887 0.263887 0.263888 0.263888 0.263887 0.263890 0.263891 0.263888 0.263887 0.000000 0.000000
0.000000 0.000000 0.261351 0.261352 0.261354 0.261354 0.261351 0.261351 0.261351 0.261351 0.261351 0.261351 0.261351 0.261351 0.261351 0.261354 0.261354 0.261352 0.261351 0.000000 0.000000
0.000000 0.000000 0.258762 0.258762 0.258765 0.258764 0.258761 0.258762 0.258762 0.258761 0.258761 0.258761 0.258762 0.258762 0.258761 0.258764 0.258765 0.258762 0.258761 0.000000 0.000000
0.000000 0.000000 0.300000 0.300000 0.300000 0.300000 0.300000 0.300000 0.300000 0.300000 0.300000 0.300000 0.300000 0.300000 0.300000 0.300000 0.300000 0.300000 0.300000 0.000000 0.000000
0.000000 0.000000 0.000000 0.000000 0.000000 0.000000 0.000000 0.000000 0.000000 0.000000 0.000000 0.000000 0.000000 0.000000 0.000000 0.000000 0.000000 0.000000 0.000000 0.000000 0.000000