geotop/1.0zi/1.0Montebello/Templates/testdem/maps/_Eocsand1370.asc
ncols         21
nrows         20
xllcorner     100.000000
yllcorner     100.000000
cellsize      50.000000
NODATA_value  -9999.0
0.000000 0.000000 0.000000 0.000000 0.000000 0.000000 0.000000 0.000000 0.000000 0.000000 0.000000 0.000000 0.000000 0.000000 0.000000 0.000000 0.000000 0.000000 0.000000 0.000000 0.000000
0.000000 0.000000 0.300043 0.300043 0.300043 0.300043 0.300043 0.300043 0.300043 0.300043 0.300043 0.300043 0.300043 0.300043 0.300043 0.300043 0.300043 0.300043 0.300043 0.000000 0.000000
0.000000 0.000000 0.300006 0.300007 0.300007 0.300006 0.300007 0.300006 0.300006 0.300006 0.300006 0.300006 0.300006 0.300006 0.300007 0.300006 0.300007 0.300007 0.300006 0.000000 0.000000
0.000000 0.000000 0.298865 0.298865 0.298870 0.298868 0.298864 0.298865 0.298865 0.298864 0.298864 0.298864 0.298865 0.298865 0.298864 0.298868 0.298870 0.298865 0.298865 0.000000 0.000000
0.000000 0.000000 0.294918 0.294919 0.294924 0.294924 0.294917 0.294919 0.294919 0.294917 0.294917 0.294917 0.294919 0.294919 0.294917 0.294924 0.294924 0.294919 0.294918 0.000000 0.000000
0.000000 0.000000 0.290299 0.290300 0.290304 0.290304 0.290298 0.290300 0.290300 0.290299 0.290299 0.290299 0.290300 0.290300 0.290298 0.290304 0.290304 0.290300 0.290299 0.000000 0.000000
0.000000 0.000000 0.285967 0.285968 0.285971 0.285970 0.285966 0.285967 0.285967 0.285966 0.285966 0.285966 0.285967 0.285967 0.285966 0.285970 0.285971 0.285968 0.285967 0.000000 0.000000
0.000000 0.000000 0.281974 0.281975 0.281978 0.281977 0.281974 0.281975 0.281975 0.281974 0.281974 0.281974 0.281975 0.281975 0.281974 0.281977 0.281978 0.281975 0.281974 0.000000 0.000000
0.000000 0.000000 0.278229 0.278230 0.278233 0.278232 0.278229 0.278230 0.278230 0.278229 0.278229 0.278229 0.278230 0.278230 0.278229 0.278232 0.278233 0.278230 0.278229 0.000000 0.000000
0.000000 0.000000 0.274638 0.274638 0.274641 0.274640 0.274637 0.274638 0.274638 0.274637 0.274637 0.274637 0.274638 0.274638 0.274637 0.274640 0.274641 0.274638 0.274638 0.000000 0.000000
0.000000 0.000000 0.271162 0.271162 0.271165 0.271164 0.271161 0.271162 0.271162 0.271161 0.271161 0.271161 0.271162 0.271162 0.271161 0.271164 0.271165 0.271162 0.271162 0.000000 0.000000
0.000000 0.000000 0.267765 0.267766 0.267769 0.267768 0.267765 0.267766 0.267766 0.267765 0.267765 0.267765 0.267766 0.267766 0.267765 0.267768 0.267769 0.267766 0.267765 0.000000 0.000000
0.000000 0.000000 0.264426 0.264426 0.264429 0.264428 0.264425 0.264426 0.264426 0.264425 0.264425 0.264425 0.264426 0.264426 0.264425 0.264428 0.264429 0.264426 0.264426 0.000000 0.000000
0.000000 0.000000 0.261143 0.261144 0.261146 0.261145 0.261143 0.261143 0.261143 0.261143 0.261143 0.261143 0.261143 0.261143 0.261143 0.261145 0.261146 0.261144 0.261143 0.000000 0.000000
0.000000 0.000000 0.257903 0.257904 0.257907 0.257905 0.257903 0.257903 0.257903 0.257903 0.257903 0.257903 0.257903 0.257903 0.257903 0.257905 0.257907 0.257904 0.257903 0.000000 0.000000
0.000000 0.000000 0.254694 0.254694 0.254697 0.254696 0.254693 0.254694 0.254694 0.254693 0.254693 0.254693 0.254694 0.254694 0.254693 0.254696 0.254697 0.254694 0.254694 0.000000 0.000000
0.000000 0.000000 0.251518 0.251518 0.251521 0.251520 0.251517 0.251518 0.251518 0.251517 0.251517 0.251517 0.251518 0.251518 0.251517 0.251520 0.251521 0.251518 0.251518 0.000000 0.000000
0.000000 0.000000 0.248300 0.248299 0.248302 0.248301 0.248298 0.248299 0.248299 0.248299 0.248299 0.248299 0.248299 0.248299 0.248298 0.248301 0.248302 0.248299 0.248299 0.000000 0.000000
0.000000 0.000000 0.300000 0.300000 0.300000 0.300000 0.300000 0.300000 0.300000 0.300000 0.300000 0.300000 0.300000 0.300000 0.300000 0.300000 0.300000 0.300000 0.300000 0.000000 0.000000
0.000000 0.000000 0.000000 0.000000 0.000000 0.000000 0.000000 0.000000 0.000000 0.000000 0.000000 0.000000 0.000000 0.000000 0.000000 0.000000 0.000000 0.000000 0.000000 0.000000 0.000000