geotop/1.0zi/1.0Montebello/Templates/testdem/maps/_Eocclay6880.asc
ncols         21
nrows         20
xllcorner     100.000000
yllcorner     100.000000
cellsize      50.000000
NODATA_value  -9999.0
0.000000 0.000000 0.000000 0.000000 0.000000 0.000000 0.000000 0.000000 0.000000 0.000000 0.000000 0.000000 0.000000 0.000000 0.000000 0.000000 0.000000 0.000000 0.000000 0.000000 0.000000
0.000000 0.000000 0.349693 0.349694 0.349694 0.349693 0.349694 0.349694 0.349694 0.349694 0.349693 0.349694 0.349694 0.349694 0.349694 0.349694 0.349692 0.349692 0.349693 0.000000 0.000000
0.000000 0.000000 0.349988 0.349987 0.349988 0.349988 0.349987 0.349987 0.349987 0.349987 0.349987 0.349986 0.349987 0.349986 0.349987 0.349987 0.349988 0.349988 0.349986 0.000000 0.000000
0.000000 0.000000 0.349977 0.349982 0.349979 0.349979 0.349980 0.349980 0.349982 0.349978 0.349983 0.349981 0.349981 0.349980 0.349980 0.349982 0.349980 0.349981 0.349981 0.000000 0.000000
0.000000 0.000000 0.350678 0.350676 0.350673 0.350670 0.350657 0.350656 0.350655 0.350657 0.350654 0.350656 0.350651 0.350654 0.350662 0.350662 0.350667 0.350668 0.350675 0.000000 0.000000
0.000000 0.000000 0.352782 0.352781 0.352771 0.352747 0.352738 0.352717 0.352719 0.352713 0.352717 0.352717 0.352719 0.352719 0.352726 0.352743 0.352754 0.352766 0.352773 0.000000 0.000000
0.000000 0.000000 0.355823 0.355820 0.355813 0.355794 0.355769 0.355737 0.355737 0.355732 0.355734 0.355735 0.355735 0.355735 0.355761 0.355786 0.355798 0.355808 0.355817 0.000000 0.000000
0.000000 0.000000 0.359454 0.359453 0.359446 0.359422 0.359397 0.359364 0.359364 0.359360 0.359360 0.359359 0.359357 0.359363 0.359390 0.359412 0.359432 0.359439 0.359451 0.000000 0.000000
0.000000 0.000000 0.363220 0.363215 0.363204 0.363190 0.363164 0.363131 0.363133 0.363125 0.363123 0.363123 0.363123 0.363122 0.363154 0.363183 0.363198 0.363204 0.363214 0.000000 0.000000
0.000000 0.000000 0.367107 0.367100 0.367094 0.367081 0.367045 0.367014 0.367015 0.367010 0.367006 0.367010 0.367015 0.367011 0.367039 0.367071 0.367089 0.367093 0.367101 0.000000 0.000000
0.000000 0.000000 0.371223 0.371218 0.371211 0.371184 0.371159 0.371123 0.371131 0.371112 0.371114 0.371115 0.371109 0.371121 0.371143 0.371163 0.371186 0.371197 0.371215 0.000000 0.000000
0.000000 0.000000 0.375639 0.375628 0.375615 0.375595 0.375570 0.375527 0.375527 0.375518 0.375529 0.375516 0.375518 0.375522 0.375563 0.375585 0.375600 0.375607 0.375649 0.000000 0.000000
0.000000 0.000000 0.380278 0.380266 0.380260 0.380236 0.380214 0.380115 0.380115 0.380107 0.380085 0.380097 0.380103 0.380112 0.380186 0.380208 0.380244 0.380247 0.380274 0.000000 0.000000
0.000000 0.000000 0.385473 0.385468 0.385449 0.385431 0.385325 0.385311 0.385288 0.385287 0.385287 0.385286 0.385284 0.385280 0.385284 0.385397 0.385423 0.385452 0.385482 0.000000 0.000000
0.000000 0.000000 0.391365 0.391356 0.391331 0.391208 0.391189 0.391130 0.391091 0.391084 0.391064 0.391050 0.391064 0.391057 0.391111 0.391144 0.391310 0.391292 0.391306 0.000000 0.000000
0.000000 0.000000 0.397750 0.397741 0.397570 0.397570 0.397563 0.397531 0.397580 0.397557 0.397582 0.397564 0.397542 0.397581 0.397598 0.397610 0.397552 0.397777 0.397778 0.000000 0.000000
0.000000 0.000000 0.405432 0.405179 0.405150 0.405075 0.404950 0.404906 0.404866 0.404872 0.404810 0.404811 0.404842 0.404818 0.404881 0.404977 0.405138 0.405112 0.405373 0.000000 0.000000
0.000000 0.000000 0.410148 0.410265 0.410507 0.410468 0.410423 0.410194 0.410201 0.410145 0.410210 0.410193 0.410198 0.410213 0.410417 0.410454 0.410549 0.410316 0.410213 0.000000 0.000000
0.000000 0.000000 0.350000 0.350000 0.350000 0.350000 0.350000 0.350000 0.350000 0.350000 0.350000 0.350000 0.350000 0.350000 0.350000 0.350000 0.350000 0.350000 0.350000 0.000000 0.000000
0.000000 0.000000 0.000000 0.000000 0.000000 0.000000 0.000000 0.000000 0.000000 0.000000 0.000000 0.000000 0.000000 0.000000 0.000000 0.000000 0.000000 0.000000 0.000000 0.000000 0.000000