geotop/1.0zi/1.0Montebello/Templates/testdem/maps/_Eocsand1054.asc
ncols         21
nrows         20
xllcorner     100.000000
yllcorner     100.000000
cellsize      50.000000
NODATA_value  -9999.0
0.000000 0.000000 0.000000 0.000000 0.000000 0.000000 0.000000 0.000000 0.000000 0.000000 0.000000 0.000000 0.000000 0.000000 0.000000 0.000000 0.000000 0.000000 0.000000 0.000000 0.000000
0.000000 0.000000 0.300035 0.300035 0.300035 0.300035 0.300035 0.300035 0.300035 0.300035 0.300035 0.300035 0.300035 0.300035 0.300035 0.300035 0.300035 0.300035 0.300035 0.000000 0.000000
0.000000 0.000000 0.300004 0.300004 0.300005 0.300004 0.300004 0.300004 0.300004 0.300004 0.300004 0.300004 0.300004 0.300004 0.300004 0.300004 0.300005 0.300004 0.300004 0.000000 0.000000
0.000000 0.000000 0.299096 0.299096 0.299101 0.299099 0.299095 0.299096 0.299096 0.299095 0.299095 0.299095 0.299096 0.299096 0.299095 0.299099 0.299101 0.299096 0.299096 0.000000 0.000000
0.000000 0.000000 0.295913 0.295914 0.295919 0.295919 0.295912 0.295914 0.295914 0.295912 0.295912 0.295912 0.295914 0.295914 0.295912 0.295919 0.295919 0.295914 0.295913 0.000000 0.000000
0.000000 0.000000 0.292272 0.292273 0.292277 0.292276 0.292271 0.292272 0.292273 0.292271 0.292271 0.292271 0.292273 0.292272 0.292271 0.292276 0.292277 0.292273 0.292272 0.000000 0.000000
0.000000 0.000000 0.288880 0.288881 0.288885 0.288884 0.288880 0.288881 0.288881 0.288880 0.288880 0.288880 0.288881 0.288881 0.288880 0.288884 0.288885 0.288881 0.288880 0.000000 0.000000
0.000000 0.000000 0.285763 0.285764 0.285767 0.285767 0.285763 0.285764 0.285764 0.285763 0.285763 0.285763 0.285764 0.285764 0.285763 0.285767 0.285767 0.285764 0.285763 0.000000 0.000000
0.000000 0.000000 0.282844 0.282845 0.282848 0.282847 0.282844 0.282844 0.282844 0.282844 0.282844 0.282844 0.282844 0.282844 0.282844 0.282847 0.282848 0.282845 0.282844 0.000000 0.000000
0.000000 0.000000 0.280045 0.280046 0.280049 0.280048 0.280045 0.280046 0.280046 0.280045 0.280045 0.280045 0.280046 0.280046 0.280045 0.280048 0.280049 0.280046 0.280045 0.000000 0.000000
0.000000 0.000000 0.277340 0.277341 0.277344 0.277343 0.277340 0.277341 0.277341 0.277340 0.277340 0.277340 0.277341 0.277341 0.277340 0.277343 0.277344 0.277341 0.277340 0.000000 0.000000
0.000000 0.000000 0.274699 0.274700 0.274702 0.274702 0.274699 0.274699 0.274699 0.274699 0.274699 0.274699 0.274699 0.274699 0.274699 0.274702 0.274702 0.274700 0.274699 0.000000 0.000000
0.000000 0.000000 0.272102 0.272103 0.272106 0.272105 0.272102 0.272103 0.272103 0.272102 0.272102 0.272102 0.272103 0.272103 0.272102 0.272105 0.272106 0.272103 0.272102 0.000000 0.000000
0.000000 0.000000 0.269553 0.269553 0.269556 0.269555 0.269553 0.269553 0.269553 0.269552 0.269552 0.269552 0.269553 0.269553 0.269553 0.269555 0.269556 0.269553 0.269553 0.000000 0.000000
0.000000 0.000000 0.267029 0.267030 0.267033 0.267032 0.267029 0.267030 0.267030 0.267029 0.267029 0.267029 0.267030 0.267030 0.267029 0.267032 0.267033 0.267030 0.267029 0.000000 0.000000
0.000000 0.000000 0.264523 0.264524 0.264526 0.264526 0.264523 0.264523 0.264523 0.264523 0.264523 0.264523 0.264523 0.264523 0.264523 0.264526 0.264526 0.264524 0.264523 0.000000 0.000000
0.000000 0.000000 0.262044 0.262045 0.262048 0.262047 0.262044 0.262045 0.262045 0.262044 0.262044 0.262044 0.262045 0.262045 0.262044 0.262047 0.262048 0.262045 0.262044 0.000000 0.000000
0.000000 0.000000 0.259508 0.259508 0.259511 0.259510 0.259507 0.259508 0.259508 0.259507 0.259507 0.259507 0.259508 0.259508 0.259507 0.259510 0.259511 0.259508 0.259507 0.000000 0.000000
0.000000 0.000000 0.300000 0.300000 0.300000 0.300000 0.300000 0.300000 0.300000 0.300000 0.300000 0.300000 0.300000 0.300000 0.300000 0.300000 0.300000 0.300000 0.300000 0.000000 0.000000
0.000000 0.000000 0.000000 0.000000 0.000000 0.000000 0.000000 0.000000 0.000000 0.000000 0.000000 0.000000 0.000000 0.000000 0.000000 0.000000 0.000000 0.000000 0.000000 0.000000 0.000000