geotop/1.0zi/1.0Montebello/Templates/testdem/maps/_Eocsand0350.asc
ncols         21
nrows         20
xllcorner     100.000000
yllcorner     100.000000
cellsize      50.000000
NODATA_value  -9999.0
0.000000 0.000000 0.000000 0.000000 0.000000 0.000000 0.000000 0.000000 0.000000 0.000000 0.000000 0.000000 0.000000 0.000000 0.000000 0.000000 0.000000 0.000000 0.000000 0.000000 0.000000
0.000000 0.000000 0.300014 0.300014 0.300014 0.300014 0.300014 0.300014 0.300014 0.300014 0.300014 0.300014 0.300014 0.300014 0.300014 0.300014 0.300014 0.300014 0.300014 0.000000 0.000000
0.000000 0.000000 0.300001 0.300001 0.300002 0.300001 0.300001 0.300001 0.300001 0.300001 0.300001 0.300001 0.300001 0.300001 0.300001 0.300001 0.300002 0.300001 0.300001 0.000000 0.000000
0.000000 0.000000 0.299484 0.299484 0.299488 0.299484 0.299484 0.299483 0.299483 0.299483 0.299483 0.299483 0.299483 0.299483 0.299484 0.299484 0.299488 0.299484 0.299484 0.000000 0.000000
0.000000 0.000000 0.298095 0.298095 0.298099 0.298095 0.298095 0.298094 0.298095 0.298095 0.298095 0.298095 0.298095 0.298094 0.298095 0.298095 0.298099 0.298095 0.298095 0.000000 0.000000
0.000000 0.000000 0.296804 0.296804 0.296807 0.296804 0.296803 0.296803 0.296803 0.296803 0.296804 0.296803 0.296803 0.296803 0.296803 0.296804 0.296807 0.296804 0.296804 0.000000 0.000000
0.000000 0.000000 0.295640 0.295640 0.295643 0.295640 0.295640 0.295639 0.295640 0.295640 0.295640 0.295640 0.295640 0.295639 0.295640 0.295640 0.295643 0.295640 0.295640 0.000000 0.000000
0.000000 0.000000 0.294571 0.294571 0.294573 0.294571 0.294571 0.294570 0.294570 0.294570 0.294571 0.294570 0.294570 0.294570 0.294571 0.294571 0.294573 0.294571 0.294571 0.000000 0.000000
0.000000 0.000000 0.293567 0.293566 0.293569 0.293567 0.293566 0.293566 0.293566 0.293566 0.293566 0.293566 0.293566 0.293566 0.293566 0.293567 0.293569 0.293566 0.293567 0.000000 0.000000
0.000000 0.000000 0.292600 0.292600 0.292603 0.292600 0.292600 0.292600 0.292600 0.292600 0.292600 0.292600 0.292600 0.292600 0.292600 0.292600 0.292603 0.292600 0.292600 0.000000 0.000000
0.000000 0.000000 0.291663 0.291663 0.291666 0.291663 0.291663 0.291663 0.291663 0.291663 0.291663 0.291663 0.291663 0.291663 0.291663 0.291663 0.291666 0.291663 0.291663 0.000000 0.000000
0.000000 0.000000 0.290747 0.290747 0.290750 0.290748 0.290747 0.290747 0.290747 0.290747 0.290747 0.290747 0.290747 0.290747 0.290747 0.290748 0.290750 0.290747 0.290747 0.000000 0.000000
0.000000 0.000000 0.289851 0.289851 0.289853 0.289851 0.289851 0.289851 0.289851 0.289851 0.289851 0.289851 0.289851 0.289851 0.289851 0.289851 0.289853 0.289851 0.289851 0.000000 0.000000
0.000000 0.000000 0.288973 0.288973 0.288976 0.288974 0.288973 0.288973 0.288973 0.288973 0.288973 0.288973 0.288973 0.288973 0.288973 0.288974 0.288976 0.288973 0.288973 0.000000 0.000000
0.000000 0.000000 0.288107 0.288107 0.288110 0.288107 0.288107 0.288107 0.288107 0.288107 0.288107 0.288107 0.288107 0.288107 0.288107 0.288107 0.288110 0.288107 0.288107 0.000000 0.000000
0.000000 0.000000 0.287243 0.287243 0.287246 0.287243 0.287243 0.287243 0.287243 0.287243 0.287243 0.287243 0.287243 0.287243 0.287243 0.287243 0.287246 0.287243 0.287243 0.000000 0.000000
0.000000 0.000000 0.286391 0.286391 0.286394 0.286391 0.286391 0.286391 0.286391 0.286391 0.286391 0.286391 0.286391 0.286391 0.286391 0.286391 0.286394 0.286391 0.286391 0.000000 0.000000
0.000000 0.000000 0.285503 0.285503 0.285505 0.285503 0.285503 0.285503 0.285503 0.285503 0.285503 0.285503 0.285503 0.285503 0.285503 0.285503 0.285505 0.285503 0.285503 0.000000 0.000000
0.000000 0.000000 0.300000 0.300000 0.300000 0.300000 0.300000 0.300000 0.300000 0.300000 0.300000 0.300000 0.300000 0.300000 0.300000 0.300000 0.300000 0.300000 0.300000 0.000000 0.000000
0.000000 0.000000 0.000000 0.000000 0.000000 0.000000 0.000000 0.000000 0.000000 0.000000 0.000000 0.000000 0.000000 0.000000 0.000000 0.000000 0.000000 0.000000 0.000000 0.000000 0.000000