geotop/1.0zi/1.0Montebello/Templates/testdem/maps/_Eocsand4705.asc
ncols         21
nrows         20
xllcorner     100.000000
yllcorner     100.000000
cellsize      50.000000
NODATA_value  -9999.0
0.000000 0.000000 0.000000 0.000000 0.000000 0.000000 0.000000 0.000000 0.000000 0.000000 0.000000 0.000000 0.000000 0.000000 0.000000 0.000000 0.000000 0.000000 0.000000 0.000000 0.000000
0.000000 0.000000 0.300117 0.300116 0.300116 0.300116 0.300116 0.300116 0.300116 0.300116 0.300116 0.300116 0.300116 0.300116 0.300116 0.300116 0.300116 0.300116 0.300117 0.000000 0.000000
0.000000 0.000000 0.300006 0.300005 0.300005 0.300005 0.300005 0.300005 0.300005 0.300005 0.300005 0.300005 0.300005 0.300004 0.300005 0.300005 0.300007 0.300007 0.300006 0.000000 0.000000
0.000000 0.000000 0.299974 0.299973 0.299975 0.299979 0.299976 0.299979 0.299977 0.299977 0.299977 0.299978 0.299978 0.299980 0.299976 0.299972 0.299973 0.299971 0.299973 0.000000 0.000000
0.000000 0.000000 0.299276 0.299274 0.299275 0.299285 0.299296 0.299301 0.299302 0.299306 0.299308 0.299303 0.299306 0.299304 0.299295 0.299294 0.299289 0.299280 0.299274 0.000000 0.000000
0.000000 0.000000 0.296861 0.296855 0.296865 0.296892 0.296903 0.296932 0.296935 0.296945 0.296936 0.296933 0.296926 0.296925 0.296919 0.296903 0.296891 0.296882 0.296873 0.000000 0.000000
0.000000 0.000000 0.293165 0.293169 0.293178 0.293206 0.293238 0.293276 0.293275 0.293283 0.293275 0.293276 0.293277 0.293272 0.293245 0.293213 0.293198 0.293185 0.293172 0.000000 0.000000
0.000000 0.000000 0.288799 0.288803 0.288805 0.288835 0.288869 0.288908 0.288906 0.288913 0.288911 0.288911 0.288914 0.288911 0.288875 0.288840 0.288821 0.288814 0.288801 0.000000 0.000000
0.000000 0.000000 0.284349 0.284357 0.284366 0.284388 0.284420 0.284464 0.284461 0.284470 0.284468 0.284466 0.284469 0.284466 0.284431 0.284393 0.284378 0.284368 0.284352 0.000000 0.000000
0.000000 0.000000 0.279913 0.279920 0.279926 0.279949 0.279986 0.280025 0.280020 0.280027 0.280026 0.280024 0.280029 0.280030 0.279991 0.279953 0.279937 0.279929 0.279916 0.000000 0.000000
0.000000 0.000000 0.275411 0.275420 0.275425 0.275443 0.275471 0.275518 0.275514 0.275525 0.275524 0.275520 0.275526 0.275526 0.275492 0.275463 0.275443 0.275434 0.275418 0.000000 0.000000
0.000000 0.000000 0.270752 0.270758 0.270768 0.270795 0.270824 0.270870 0.270871 0.270877 0.270876 0.270876 0.270879 0.270881 0.270837 0.270803 0.270785 0.270777 0.270729 0.000000 0.000000
0.000000 0.000000 0.266024 0.266033 0.266042 0.266062 0.266098 0.266194 0.266193 0.266202 0.266202 0.266200 0.266206 0.266204 0.266121 0.266080 0.266062 0.266053 0.266024 0.000000 0.000000
0.000000 0.000000 0.261008 0.261023 0.261029 0.261050 0.261149 0.261175 0.261190 0.261197 0.261195 0.261194 0.261201 0.261200 0.261172 0.261075 0.261054 0.261034 0.261017 0.000000 0.000000
0.000000 0.000000 0.255587 0.255599 0.255624 0.255710 0.255757 0.255818 0.255848 0.255859 0.255871 0.255871 0.255868 0.255878 0.255831 0.255762 0.255655 0.255659 0.255643 0.000000 0.000000
0.000000 0.000000 0.249975 0.249988 0.250093 0.250110 0.250141 0.250172 0.250175 0.250178 0.250171 0.250172 0.250187 0.250167 0.250152 0.250123 0.250122 0.250005 0.249977 0.000000 0.000000
0.000000 0.000000 0.243716 0.243857 0.243942 0.243983 0.244056 0.244096 0.244105 0.244111 0.244126 0.244124 0.244123 0.244135 0.244105 0.244020 0.243965 0.243909 0.243767 0.000000 0.000000
0.000000 0.000000 0.238860 0.238887 0.238794 0.238846 0.238909 0.239049 0.239062 0.239077 0.239069 0.239069 0.239079 0.239069 0.238942 0.238871 0.238791 0.238911 0.238857 0.000000 0.000000
0.000000 0.000000 0.300000 0.300000 0.300000 0.300000 0.300000 0.300000 0.300000 0.300000 0.300000 0.300000 0.300000 0.300000 0.300000 0.300000 0.300000 0.300000 0.300000 0.000000 0.000000
0.000000 0.000000 0.000000 0.000000 0.000000 0.000000 0.000000 0.000000 0.000000 0.000000 0.000000 0.000000 0.000000 0.000000 0.000000 0.000000 0.000000 0.000000 0.000000 0.000000 0.000000