geotop/1.0zi/1.0Montebello/Templates/testdem/maps/_Eocsand7407.asc
ncols         21
nrows         20
xllcorner     100.000000
yllcorner     100.000000
cellsize      50.000000
NODATA_value  -9999.0
0.000000 0.000000 0.000000 0.000000 0.000000 0.000000 0.000000 0.000000 0.000000 0.000000 0.000000 0.000000 0.000000 0.000000 0.000000 0.000000 0.000000 0.000000 0.000000 0.000000 0.000000
0.000000 0.000000 0.300189 0.300186 0.300186 0.300187 0.300186 0.300186 0.300186 0.300186 0.300187 0.300186 0.300186 0.300187 0.300186 0.300186 0.300187 0.300187 0.300187 0.000000 0.000000
0.000000 0.000000 0.300010 0.300011 0.300010 0.300009 0.300010 0.300010 0.300010 0.300010 0.300010 0.300010 0.300009 0.300010 0.300010 0.300010 0.300011 0.300011 0.300012 0.000000 0.000000
0.000000 0.000000 0.299890 0.299889 0.299894 0.299901 0.299897 0.299904 0.299899 0.299902 0.299902 0.299902 0.299902 0.299903 0.299899 0.299894 0.299892 0.299889 0.299889 0.000000 0.000000
0.000000 0.000000 0.298114 0.298111 0.298119 0.298134 0.298155 0.298164 0.298170 0.298168 0.298172 0.298171 0.298174 0.298169 0.298146 0.298140 0.298130 0.298119 0.298110 0.000000 0.000000
0.000000 0.000000 0.293286 0.293286 0.293306 0.293348 0.293378 0.293422 0.293422 0.293433 0.293426 0.293426 0.293423 0.293423 0.293402 0.293371 0.293346 0.293324 0.293314 0.000000 0.000000
0.000000 0.000000 0.286471 0.286478 0.286496 0.286543 0.286601 0.286667 0.286668 0.286676 0.286675 0.286675 0.286679 0.286673 0.286615 0.286563 0.286531 0.286505 0.286490 0.000000 0.000000
0.000000 0.000000 0.278349 0.278353 0.278365 0.278418 0.278474 0.278546 0.278547 0.278554 0.278557 0.278562 0.278566 0.278552 0.278490 0.278440 0.278392 0.278377 0.278354 0.000000 0.000000
0.000000 0.000000 0.269770 0.269784 0.269809 0.269843 0.269901 0.269979 0.269975 0.269992 0.269998 0.270001 0.270000 0.270001 0.269925 0.269862 0.269825 0.269806 0.269786 0.000000 0.000000
0.000000 0.000000 0.260834 0.260851 0.260864 0.260896 0.260980 0.261050 0.261049 0.261057 0.261069 0.261064 0.261053 0.261058 0.260994 0.260922 0.260879 0.260865 0.260851 0.000000 0.000000
0.000000 0.000000 0.251292 0.251303 0.251318 0.251386 0.251445 0.251524 0.251507 0.251550 0.251546 0.251548 0.251563 0.251534 0.251478 0.251433 0.251379 0.251350 0.251313 0.000000 0.000000
0.000000 0.000000 0.240887 0.240914 0.240945 0.240991 0.241054 0.241153 0.241157 0.241171 0.241149 0.241183 0.241175 0.241167 0.241066 0.241015 0.240977 0.240956 0.240865 0.000000 0.000000
0.000000 0.000000 0.229828 0.229855 0.229869 0.229929 0.229984 0.230225 0.230228 0.230244 0.230305 0.230276 0.230261 0.230238 0.230053 0.230001 0.229909 0.229898 0.229846 0.000000 0.000000
0.000000 0.000000 0.217188 0.217199 0.217246 0.217289 0.217572 0.217578 0.217638 0.217638 0.217632 0.217644 0.217650 0.217659 0.217665 0.217371 0.217312 0.217234 0.217170 0.000000 0.000000
0.000000 0.000000 0.202592 0.202616 0.202678 0.203015 0.203031 0.203196 0.203285 0.203303 0.203360 0.203404 0.203368 0.203378 0.203218 0.203178 0.202725 0.202780 0.202759 0.000000 0.000000
0.000000 0.000000 0.186635 0.186660 0.187138 0.187075 0.187103 0.187177 0.187020 0.187079 0.187001 0.187046 0.187116 0.186998 0.186959 0.186932 0.187183 0.186523 0.186529 0.000000 0.000000
0.000000 0.000000 0.166972 0.167719 0.167687 0.167934 0.168310 0.168424 0.168580 0.168547 0.168750 0.168741 0.168635 0.168727 0.168541 0.168263 0.167718 0.167944 0.167176 0.000000 0.000000
0.000000 0.000000 0.156971 0.156427 0.155728 0.155785 0.155841 0.156495 0.156437 0.156611 0.156369 0.156427 0.156441 0.156367 0.155795 0.155757 0.155603 0.156216 0.156736 0.000000 0.000000
0.000000 0.000000 0.300000 0.300000 0.300000 0.300000 0.300000 0.300000 0.300000 0.300000 0.300000 0.300000 0.300000 0.300000 0.300000 0.300000 0.300000 0.300000 0.300000 0.000000 0.000000
0.000000 0.000000 0.000000 0.000000 0.000000 0.000000 0.000000 0.000000 0.000000 0.000000 0.000000 0.000000 0.000000 0.000000 0.000000 0.000000 0.000000 0.000000 0.000000 0.000000 0.000000