geotop/1.0zi/1.0Montebello/Templates/testdem/maps/_Eocsand3016.asc
ncols         21
nrows         20
xllcorner     100.000000
yllcorner     100.000000
cellsize      50.000000
NODATA_value  -9999.0
0.000000 0.000000 0.000000 0.000000 0.000000 0.000000 0.000000 0.000000 0.000000 0.000000 0.000000 0.000000 0.000000 0.000000 0.000000 0.000000 0.000000 0.000000 0.000000 0.000000 0.000000
0.000000 0.000000 0.300093 0.300093 0.300093 0.300093 0.300093 0.300093 0.300093 0.300093 0.300095 0.300093 0.300093 0.300093 0.300093 0.300093 0.300093 0.300093 0.300093 0.000000 0.000000
0.000000 0.000000 0.300009 0.300009 0.300009 0.300008 0.300009 0.300009 0.300009 0.300009 0.300007 0.300009 0.300009 0.300009 0.300009 0.300008 0.300009 0.300009 0.300009 0.000000 0.000000
0.000000 0.000000 0.297774 0.297775 0.297779 0.297777 0.297773 0.297774 0.297774 0.297774 0.297773 0.297774 0.297774 0.297774 0.297773 0.297777 0.297779 0.297775 0.297774 0.000000 0.000000
0.000000 0.000000 0.288847 0.288848 0.288852 0.288851 0.288845 0.288847 0.288847 0.288844 0.288844 0.288844 0.288847 0.288847 0.288845 0.288851 0.288852 0.288848 0.288847 0.000000 0.000000
0.000000 0.000000 0.278345 0.278346 0.278349 0.278349 0.278344 0.278345 0.278345 0.278343 0.278342 0.278343 0.278345 0.278345 0.278344 0.278349 0.278349 0.278346 0.278345 0.000000 0.000000
0.000000 0.000000 0.268657 0.268658 0.268661 0.268660 0.268656 0.268658 0.268658 0.268656 0.268655 0.268656 0.268658 0.268658 0.268656 0.268660 0.268661 0.268658 0.268657 0.000000 0.000000
0.000000 0.000000 0.259856 0.259857 0.259860 0.259859 0.259856 0.259857 0.259857 0.259855 0.259854 0.259855 0.259857 0.259857 0.259856 0.259859 0.259860 0.259857 0.259856 0.000000 0.000000
0.000000 0.000000 0.251710 0.251710 0.251713 0.251712 0.251709 0.251710 0.251710 0.251709 0.251708 0.251709 0.251710 0.251710 0.251709 0.251712 0.251713 0.251710 0.251710 0.000000 0.000000
0.000000 0.000000 0.244025 0.244025 0.244028 0.244027 0.244024 0.244025 0.244025 0.244024 0.244023 0.244024 0.244025 0.244025 0.244024 0.244027 0.244028 0.244025 0.244025 0.000000 0.000000
0.000000 0.000000 0.236710 0.236711 0.236713 0.236712 0.236710 0.236711 0.236711 0.236709 0.236709 0.236709 0.236711 0.236711 0.236710 0.236712 0.236713 0.236711 0.236710 0.000000 0.000000
0.000000 0.000000 0.229696 0.229696 0.229698 0.229698 0.229695 0.229696 0.229696 0.229695 0.229694 0.229695 0.229696 0.229696 0.229695 0.229698 0.229698 0.229696 0.229696 0.000000 0.000000
0.000000 0.000000 0.222925 0.222925 0.222928 0.222927 0.222924 0.222925 0.222925 0.222924 0.222923 0.222924 0.222925 0.222925 0.222924 0.222927 0.222928 0.222925 0.222925 0.000000 0.000000
0.000000 0.000000 0.216346 0.216347 0.216349 0.216348 0.216346 0.216347 0.216347 0.216346 0.216345 0.216346 0.216347 0.216347 0.216346 0.216348 0.216349 0.216347 0.216346 0.000000 0.000000
0.000000 0.000000 0.209947 0.209948 0.209950 0.209949 0.209947 0.209948 0.209948 0.209947 0.209946 0.209947 0.209948 0.209948 0.209947 0.209949 0.209950 0.209948 0.209947 0.000000 0.000000
0.000000 0.000000 0.203716 0.203717 0.203719 0.203718 0.203716 0.203717 0.203716 0.203715 0.203715 0.203715 0.203716 0.203717 0.203716 0.203718 0.203719 0.203717 0.203716 0.000000 0.000000
0.000000 0.000000 0.197632 0.197632 0.197635 0.197634 0.197632 0.197632 0.197632 0.197631 0.197631 0.197631 0.197632 0.197632 0.197632 0.197634 0.197635 0.197632 0.197632 0.000000 0.000000
0.000000 0.000000 0.191575 0.191575 0.191577 0.191576 0.191574 0.191575 0.191575 0.191573 0.191573 0.191573 0.191575 0.191575 0.191574 0.191576 0.191577 0.191575 0.191574 0.000000 0.000000
0.000000 0.000000 0.300000 0.300000 0.300000 0.300000 0.300000 0.300000 0.300000 0.300000 0.300000 0.300000 0.300000 0.300000 0.300000 0.300000 0.300000 0.300000 0.300000 0.000000 0.000000
0.000000 0.000000 0.000000 0.000000 0.000000 0.000000 0.000000 0.000000 0.000000 0.000000 0.000000 0.000000 0.000000 0.000000 0.000000 0.000000 0.000000 0.000000 0.000000 0.000000 0.000000