geotop/1.0zi/1.0Montebello/Templates/testdem/maps/_Eocsilt2905.asc
ncols         21
nrows         20
xllcorner     100.000000
yllcorner     100.000000
cellsize      50.000000
NODATA_value  -9999.0
0.000000 0.000000 0.000000 0.000000 0.000000 0.000000 0.000000 0.000000 0.000000 0.000000 0.000000 0.000000 0.000000 0.000000 0.000000 0.000000 0.000000 0.000000 0.000000 0.000000 0.000000
0.000000 0.000000 0.350074 0.350074 0.350074 0.350074 0.350074 0.350074 0.350074 0.350074 0.350073 0.350074 0.350074 0.350074 0.350074 0.350074 0.350074 0.350074 0.350074 0.000000 0.000000
0.000000 0.000000 0.349998 0.349998 0.349998 0.349998 0.349998 0.349998 0.349998 0.349998 0.349999 0.349998 0.349998 0.349998 0.349998 0.349998 0.349998 0.349998 0.349998 0.000000 0.000000
0.000000 0.000000 0.351037 0.351036 0.351034 0.351035 0.351037 0.351037 0.351037 0.351037 0.351037 0.351037 0.351037 0.351037 0.351037 0.351035 0.351034 0.351036 0.351037 0.000000 0.000000
0.000000 0.000000 0.354997 0.354996 0.354995 0.354995 0.354997 0.354997 0.354997 0.354998 0.354998 0.354998 0.354997 0.354997 0.354997 0.354995 0.354995 0.354996 0.354997 0.000000 0.000000
0.000000 0.000000 0.360019 0.360019 0.360017 0.360017 0.360020 0.360019 0.360019 0.360020 0.360020 0.360020 0.360019 0.360019 0.360020 0.360017 0.360017 0.360019 0.360019 0.000000 0.000000
0.000000 0.000000 0.364596 0.364595 0.364594 0.364594 0.364596 0.364596 0.364596 0.364596 0.364597 0.364596 0.364596 0.364596 0.364596 0.364594 0.364594 0.364595 0.364596 0.000000 0.000000
0.000000 0.000000 0.368750 0.368749 0.368748 0.368748 0.368750 0.368749 0.368749 0.368750 0.368750 0.368750 0.368749 0.368749 0.368750 0.368748 0.368748 0.368749 0.368750 0.000000 0.000000
0.000000 0.000000 0.372599 0.372598 0.372597 0.372598 0.372599 0.372599 0.372599 0.372599 0.372600 0.372599 0.372599 0.372599 0.372599 0.372598 0.372597 0.372598 0.372599 0.000000 0.000000
0.000000 0.000000 0.376235 0.376235 0.376234 0.376234 0.376235 0.376235 0.376235 0.376236 0.376236 0.376236 0.376235 0.376235 0.376235 0.376234 0.376234 0.376235 0.376235 0.000000 0.000000
0.000000 0.000000 0.379702 0.379702 0.379701 0.379701 0.379702 0.379702 0.379702 0.379703 0.379703 0.379703 0.379702 0.379702 0.379702 0.379701 0.379701 0.379702 0.379702 0.000000 0.000000
0.000000 0.000000 0.383034 0.383034 0.383033 0.383033 0.383035 0.383034 0.383034 0.383035 0.383035 0.383035 0.383034 0.383034 0.383035 0.383033 0.383033 0.383034 0.383034 0.000000 0.000000
0.000000 0.000000 0.386256 0.386256 0.386255 0.386255 0.386256 0.386256 0.386256 0.386257 0.386257 0.386257 0.386256 0.386256 0.386256 0.386255 0.386255 0.386256 0.386256 0.000000 0.000000
0.000000 0.000000 0.389389 0.389389 0.389388 0.389388 0.389389 0.389389 0.389389 0.389390 0.389390 0.389390 0.389389 0.389389 0.389389 0.389388 0.389388 0.389389 0.389389 0.000000 0.000000
0.000000 0.000000 0.392442 0.392442 0.392441 0.392442 0.392443 0.392442 0.392442 0.392443 0.392443 0.392443 0.392442 0.392442 0.392443 0.392442 0.392441 0.392442 0.392442 0.000000 0.000000
0.000000 0.000000 0.395421 0.395421 0.395420 0.395421 0.395422 0.395421 0.395421 0.395422 0.395422 0.395422 0.395421 0.395421 0.395422 0.395421 0.395420 0.395421 0.395421 0.000000 0.000000
0.000000 0.000000 0.398330 0.398330 0.398329 0.398329 0.398330 0.398330 0.398330 0.398330 0.398331 0.398330 0.398330 0.398330 0.398330 0.398329 0.398329 0.398330 0.398330 0.000000 0.000000
0.000000 0.000000 0.401217 0.401218 0.401217 0.401217 0.401218 0.401218 0.401218 0.401218 0.401218 0.401218 0.401218 0.401218 0.401218 0.401217 0.401217 0.401218 0.401218 0.000000 0.000000
0.000000 0.000000 0.350000 0.350000 0.350000 0.350000 0.350000 0.350000 0.350000 0.350000 0.350000 0.350000 0.350000 0.350000 0.350000 0.350000 0.350000 0.350000 0.350000 0.000000 0.000000
0.000000 0.000000 0.000000 0.000000 0.000000 0.000000 0.000000 0.000000 0.000000 0.000000 0.000000 0.000000 0.000000 0.000000 0.000000 0.000000 0.000000 0.000000 0.000000 0.000000 0.000000