geotop/1.0zi/1.0Montebello/Templates/testdem/maps/_Eocclay0727.asc
ncols         21
nrows         20
xllcorner     100.000000
yllcorner     100.000000
cellsize      50.000000
NODATA_value  -9999.0
0.000000 0.000000 0.000000 0.000000 0.000000 0.000000 0.000000 0.000000 0.000000 0.000000 0.000000 0.000000 0.000000 0.000000 0.000000 0.000000 0.000000 0.000000 0.000000 0.000000 0.000000
0.000000 0.000000 0.349958 0.349958 0.349958 0.349958 0.349958 0.349958 0.349958 0.349958 0.349958 0.349958 0.349958 0.349958 0.349958 0.349958 0.349958 0.349958 0.349958 0.000000 0.000000
0.000000 0.000000 0.349995 0.349995 0.349994 0.349995 0.349995 0.349995 0.349995 0.349995 0.349995 0.349995 0.349995 0.349995 0.349995 0.349995 0.349994 0.349995 0.349995 0.000000 0.000000
0.000000 0.000000 0.350323 0.350323 0.350321 0.350321 0.350323 0.350323 0.350323 0.350323 0.350323 0.350323 0.350323 0.350323 0.350323 0.350321 0.350321 0.350323 0.350323 0.000000 0.000000
0.000000 0.000000 0.351499 0.351498 0.351496 0.351496 0.351500 0.351499 0.351499 0.351499 0.351499 0.351499 0.351499 0.351499 0.351500 0.351496 0.351496 0.351498 0.351499 0.000000 0.000000
0.000000 0.000000 0.352749 0.352749 0.352747 0.352747 0.352749 0.352749 0.352749 0.352749 0.352749 0.352749 0.352749 0.352749 0.352749 0.352747 0.352747 0.352749 0.352749 0.000000 0.000000
0.000000 0.000000 0.353934 0.353934 0.353932 0.353932 0.353934 0.353934 0.353934 0.353934 0.353934 0.353934 0.353934 0.353934 0.353934 0.353932 0.353932 0.353934 0.353934 0.000000 0.000000
0.000000 0.000000 0.355032 0.355032 0.355031 0.355031 0.355032 0.355032 0.355032 0.355032 0.355032 0.355032 0.355032 0.355032 0.355032 0.355031 0.355031 0.355032 0.355032 0.000000 0.000000
0.000000 0.000000 0.356067 0.356067 0.356066 0.356066 0.356067 0.356067 0.356067 0.356067 0.356067 0.356067 0.356067 0.356067 0.356067 0.356066 0.356066 0.356067 0.356067 0.000000 0.000000
0.000000 0.000000 0.357063 0.357062 0.357061 0.357061 0.357063 0.357063 0.357063 0.357063 0.357063 0.357063 0.357063 0.357063 0.357063 0.357061 0.357061 0.357062 0.357063 0.000000 0.000000
0.000000 0.000000 0.358028 0.358028 0.358026 0.358027 0.358028 0.358028 0.358028 0.358028 0.358028 0.358028 0.358028 0.358028 0.358028 0.358027 0.358026 0.358028 0.358028 0.000000 0.000000
0.000000 0.000000 0.358973 0.358973 0.358972 0.358972 0.358974 0.358973 0.358973 0.358974 0.358973 0.358974 0.358973 0.358973 0.358974 0.358972 0.358972 0.358973 0.358973 0.000000 0.000000
0.000000 0.000000 0.359902 0.359901 0.359900 0.359900 0.359902 0.359902 0.359902 0.359902 0.359902 0.359902 0.359902 0.359902 0.359902 0.359900 0.359900 0.359901 0.359902 0.000000 0.000000
0.000000 0.000000 0.360816 0.360815 0.360814 0.360814 0.360816 0.360816 0.360816 0.360816 0.360816 0.360816 0.360816 0.360816 0.360816 0.360814 0.360814 0.360815 0.360816 0.000000 0.000000
0.000000 0.000000 0.361721 0.361720 0.361719 0.361719 0.361721 0.361721 0.361720 0.361721 0.361721 0.361721 0.361720 0.361721 0.361721 0.361719 0.361719 0.361720 0.361721 0.000000 0.000000
0.000000 0.000000 0.362619 0.362619 0.362618 0.362618 0.362619 0.362619 0.362619 0.362619 0.362619 0.362619 0.362619 0.362619 0.362619 0.362618 0.362618 0.362619 0.362619 0.000000 0.000000
0.000000 0.000000 0.363509 0.363509 0.363507 0.363508 0.363509 0.363509 0.363509 0.363509 0.363509 0.363509 0.363509 0.363509 0.363509 0.363508 0.363507 0.363509 0.363509 0.000000 0.000000
0.000000 0.000000 0.364415 0.364414 0.364413 0.364413 0.364415 0.364415 0.364415 0.364415 0.364415 0.364415 0.364415 0.364415 0.364415 0.364413 0.364413 0.364414 0.364415 0.000000 0.000000
0.000000 0.000000 0.350000 0.350000 0.350000 0.350000 0.350000 0.350000 0.350000 0.350000 0.350000 0.350000 0.350000 0.350000 0.350000 0.350000 0.350000 0.350000 0.350000 0.000000 0.000000
0.000000 0.000000 0.000000 0.000000 0.000000 0.000000 0.000000 0.000000 0.000000 0.000000 0.000000 0.000000 0.000000 0.000000 0.000000 0.000000 0.000000 0.000000 0.000000 0.000000 0.000000