geotop/1.0zi/1.0Montebello/Templates/testdem/maps/_Eocsilt4228.asc
ncols         21
nrows         20
xllcorner     100.000000
yllcorner     100.000000
cellsize      50.000000
NODATA_value  -9999.0
0.000000 0.000000 0.000000 0.000000 0.000000 0.000000 0.000000 0.000000 0.000000 0.000000 0.000000 0.000000 0.000000 0.000000 0.000000 0.000000 0.000000 0.000000 0.000000 0.000000 0.000000
0.000000 0.000000 0.350088 0.350088 0.350088 0.350088 0.350088 0.350088 0.350088 0.350088 0.350088 0.350088 0.350088 0.350088 0.350088 0.350088 0.350088 0.350088 0.350088 0.000000 0.000000
0.000000 0.000000 0.350002 0.350002 0.350002 0.350003 0.350003 0.350003 0.350003 0.350003 0.350003 0.350003 0.350003 0.350003 0.350003 0.350002 0.350001 0.350001 0.350001 0.000000 0.000000
0.000000 0.000000 0.350032 0.350031 0.350031 0.350027 0.350028 0.350025 0.350027 0.350028 0.350027 0.350027 0.350027 0.350026 0.350028 0.350030 0.350031 0.350033 0.350032 0.000000 0.000000
0.000000 0.000000 0.350380 0.350380 0.350378 0.350379 0.350378 0.350376 0.350374 0.350371 0.350370 0.350373 0.350373 0.350373 0.350375 0.350374 0.350373 0.350378 0.350380 0.000000 0.000000
0.000000 0.000000 0.351482 0.351483 0.351479 0.351475 0.351471 0.351459 0.351458 0.351453 0.351457 0.351459 0.351460 0.351456 0.351459 0.351464 0.351468 0.351468 0.351470 0.000000 0.000000
0.000000 0.000000 0.353178 0.353176 0.353171 0.353157 0.353144 0.353130 0.353132 0.353129 0.353133 0.353131 0.353127 0.353127 0.353137 0.353151 0.353155 0.353160 0.353167 0.000000 0.000000
0.000000 0.000000 0.355151 0.355146 0.355140 0.355125 0.355111 0.355094 0.355096 0.355093 0.355093 0.355093 0.355091 0.355089 0.355105 0.355121 0.355131 0.355133 0.355139 0.000000 0.000000
0.000000 0.000000 0.357140 0.357133 0.357125 0.357113 0.357100 0.357080 0.357081 0.357077 0.357078 0.357079 0.357076 0.357075 0.357090 0.357107 0.357115 0.357120 0.357128 0.000000 0.000000
0.000000 0.000000 0.359115 0.359109 0.359102 0.359090 0.359074 0.359057 0.359060 0.359057 0.359057 0.359058 0.359054 0.359052 0.359068 0.359086 0.359093 0.359096 0.359103 0.000000 0.000000
0.000000 0.000000 0.361101 0.361095 0.361088 0.361078 0.361067 0.361045 0.361048 0.361043 0.361044 0.361045 0.361041 0.361039 0.361053 0.361066 0.361075 0.361079 0.361087 0.000000 0.000000
0.000000 0.000000 0.363150 0.363143 0.363135 0.363121 0.363109 0.363088 0.363088 0.363085 0.363085 0.363085 0.363083 0.363080 0.363099 0.363114 0.363123 0.363127 0.363150 0.000000 0.000000
0.000000 0.000000 0.365221 0.365214 0.365206 0.365195 0.365180 0.365138 0.365139 0.365135 0.365135 0.365135 0.365131 0.365130 0.365165 0.365183 0.365192 0.365195 0.365210 0.000000 0.000000
0.000000 0.000000 0.367406 0.367395 0.367388 0.367377 0.367335 0.367323 0.367318 0.367314 0.367315 0.367315 0.367310 0.367308 0.367320 0.367362 0.367371 0.367380 0.367390 0.000000 0.000000
0.000000 0.000000 0.369751 0.369743 0.369726 0.369688 0.369668 0.369642 0.369629 0.369624 0.369618 0.369618 0.369618 0.369611 0.369630 0.369661 0.369707 0.369705 0.369713 0.000000 0.000000
0.000000 0.000000 0.372165 0.372156 0.372107 0.372097 0.372085 0.372071 0.372070 0.372068 0.372070 0.372069 0.372061 0.372067 0.372072 0.372086 0.372089 0.372136 0.372149 0.000000 0.000000
0.000000 0.000000 0.374835 0.374774 0.374730 0.374712 0.374682 0.374666 0.374663 0.374660 0.374654 0.374654 0.374652 0.374645 0.374656 0.374691 0.374714 0.374740 0.374799 0.000000 0.000000
0.000000 0.000000 0.376934 0.376915 0.376944 0.376920 0.376894 0.376837 0.376833 0.376827 0.376829 0.376828 0.376822 0.376823 0.376872 0.376904 0.376939 0.376891 0.376918 0.000000 0.000000
0.000000 0.000000 0.350000 0.350000 0.350000 0.350000 0.350000 0.350000 0.350000 0.350000 0.350000 0.350000 0.350000 0.350000 0.350000 0.350000 0.350000 0.350000 0.350000 0.000000 0.000000
0.000000 0.000000 0.000000 0.000000 0.000000 0.000000 0.000000 0.000000 0.000000 0.000000 0.000000 0.000000 0.000000 0.000000 0.000000 0.000000 0.000000 0.000000 0.000000 0.000000 0.000000