geotop/1.0zi/1.0Montebello/Templates/testdem/maps/_Eocclay3507.asc
ncols         21
nrows         20
xllcorner     100.000000
yllcorner     100.000000
cellsize      50.000000
NODATA_value  -9999.0
0.000000 0.000000 0.000000 0.000000 0.000000 0.000000 0.000000 0.000000 0.000000 0.000000 0.000000 0.000000 0.000000 0.000000 0.000000 0.000000 0.000000 0.000000 0.000000 0.000000 0.000000
0.000000 0.000000 0.349813 0.349813 0.349814 0.349813 0.349814 0.349813 0.349813 0.349814 0.349813 0.349814 0.349813 0.349813 0.349814 0.349813 0.349814 0.349813 0.349813 0.000000 0.000000
0.000000 0.000000 0.349996 0.349996 0.349996 0.349996 0.349996 0.349996 0.349996 0.349996 0.349997 0.349996 0.349996 0.349996 0.349996 0.349996 0.349996 0.349996 0.349996 0.000000 0.000000
0.000000 0.000000 0.351306 0.351305 0.351303 0.351304 0.351305 0.351305 0.351305 0.351305 0.351305 0.351305 0.351305 0.351305 0.351305 0.351304 0.351303 0.351305 0.351306 0.000000 0.000000
0.000000 0.000000 0.356718 0.356717 0.356715 0.356715 0.356719 0.356717 0.356717 0.356718 0.356719 0.356718 0.356717 0.356717 0.356719 0.356715 0.356715 0.356717 0.356718 0.000000 0.000000
0.000000 0.000000 0.362700 0.362699 0.362698 0.362698 0.362700 0.362699 0.362699 0.362700 0.362701 0.362700 0.362699 0.362699 0.362700 0.362698 0.362698 0.362699 0.362700 0.000000 0.000000
0.000000 0.000000 0.368306 0.368305 0.368304 0.368304 0.368306 0.368305 0.368305 0.368306 0.368306 0.368306 0.368305 0.368305 0.368306 0.368304 0.368304 0.368305 0.368306 0.000000 0.000000
0.000000 0.000000 0.373402 0.373401 0.373400 0.373400 0.373402 0.373401 0.373401 0.373401 0.373402 0.373401 0.373401 0.373401 0.373402 0.373400 0.373400 0.373401 0.373402 0.000000 0.000000
0.000000 0.000000 0.378105 0.378105 0.378104 0.378104 0.378106 0.378105 0.378105 0.378105 0.378106 0.378105 0.378105 0.378105 0.378106 0.378104 0.378104 0.378105 0.378105 0.000000 0.000000
0.000000 0.000000 0.382526 0.382526 0.382525 0.382525 0.382526 0.382526 0.382526 0.382526 0.382527 0.382526 0.382526 0.382526 0.382526 0.382525 0.382525 0.382526 0.382526 0.000000 0.000000
0.000000 0.000000 0.386721 0.386721 0.386720 0.386720 0.386721 0.386721 0.386721 0.386721 0.386722 0.386721 0.386721 0.386721 0.386721 0.386720 0.386720 0.386721 0.386721 0.000000 0.000000
0.000000 0.000000 0.390731 0.390731 0.390730 0.390730 0.390731 0.390731 0.390731 0.390731 0.390732 0.390731 0.390731 0.390731 0.390731 0.390730 0.390730 0.390731 0.390731 0.000000 0.000000
0.000000 0.000000 0.394586 0.394586 0.394585 0.394585 0.394586 0.394586 0.394586 0.394586 0.394587 0.394586 0.394586 0.394586 0.394586 0.394585 0.394585 0.394586 0.394586 0.000000 0.000000
0.000000 0.000000 0.398315 0.398315 0.398314 0.398314 0.398316 0.398315 0.398315 0.398315 0.398316 0.398315 0.398315 0.398315 0.398316 0.398314 0.398314 0.398315 0.398315 0.000000 0.000000
0.000000 0.000000 0.401930 0.401930 0.401928 0.401929 0.401930 0.401929 0.401929 0.401930 0.401930 0.401930 0.401929 0.401929 0.401930 0.401929 0.401928 0.401930 0.401930 0.000000 0.000000
0.000000 0.000000 0.405434 0.405434 0.405433 0.405434 0.405435 0.405434 0.405434 0.405435 0.405435 0.405435 0.405434 0.405434 0.405435 0.405434 0.405433 0.405434 0.405434 0.000000 0.000000
0.000000 0.000000 0.408843 0.408842 0.408841 0.408842 0.408843 0.408842 0.408842 0.408843 0.408843 0.408843 0.408842 0.408842 0.408843 0.408842 0.408841 0.408842 0.408843 0.000000 0.000000
0.000000 0.000000 0.412210 0.412211 0.412210 0.412210 0.412211 0.412211 0.412211 0.412211 0.412211 0.412211 0.412211 0.412211 0.412211 0.412210 0.412210 0.412211 0.412211 0.000000 0.000000
0.000000 0.000000 0.350000 0.350000 0.350000 0.350000 0.350000 0.350000 0.350000 0.350000 0.350000 0.350000 0.350000 0.350000 0.350000 0.350000 0.350000 0.350000 0.350000 0.000000 0.000000
0.000000 0.000000 0.000000 0.000000 0.000000 0.000000 0.000000 0.000000 0.000000 0.000000 0.000000 0.000000 0.000000 0.000000 0.000000 0.000000 0.000000 0.000000 0.000000 0.000000 0.000000