geotop/1.0zi/1.0Montebello/Templates/testdem/maps/_Eocsand4465.asc
ncols         21
nrows         20
xllcorner     100.000000
yllcorner     100.000000
cellsize      50.000000
NODATA_value  -9999.0
0.000000 0.000000 0.000000 0.000000 0.000000 0.000000 0.000000 0.000000 0.000000 0.000000 0.000000 0.000000 0.000000 0.000000 0.000000 0.000000 0.000000 0.000000 0.000000 0.000000 0.000000
0.000000 0.000000 0.300108 0.300108 0.300107 0.300107 0.300107 0.300107 0.300107 0.300107 0.300107 0.300107 0.300107 0.300107 0.300107 0.300107 0.300107 0.300108 0.300108 0.000000 0.000000
0.000000 0.000000 0.300005 0.300004 0.300004 0.300004 0.300004 0.300004 0.300004 0.300004 0.300004 0.300004 0.300004 0.300004 0.300004 0.300004 0.300006 0.300006 0.300005 0.000000 0.000000
0.000000 0.000000 0.299974 0.299973 0.299975 0.299979 0.299977 0.299979 0.299977 0.299978 0.299977 0.299979 0.299979 0.299980 0.299976 0.299972 0.299973 0.299971 0.299973 0.000000 0.000000
0.000000 0.000000 0.299275 0.299271 0.299274 0.299285 0.299296 0.299301 0.299302 0.299305 0.299307 0.299303 0.299306 0.299304 0.299294 0.299293 0.299288 0.299279 0.299272 0.000000 0.000000
0.000000 0.000000 0.296876 0.296872 0.296879 0.296904 0.296915 0.296944 0.296947 0.296957 0.296948 0.296945 0.296938 0.296937 0.296931 0.296918 0.296906 0.296897 0.296888 0.000000 0.000000
0.000000 0.000000 0.293227 0.293230 0.293235 0.293261 0.293290 0.293328 0.293327 0.293334 0.293327 0.293328 0.293330 0.293326 0.293300 0.293269 0.293255 0.293242 0.293230 0.000000 0.000000
0.000000 0.000000 0.289020 0.289022 0.289024 0.289051 0.289079 0.289116 0.289112 0.289119 0.289117 0.289118 0.289123 0.289124 0.289089 0.289059 0.289040 0.289033 0.289021 0.000000 0.000000
0.000000 0.000000 0.284775 0.284780 0.284787 0.284807 0.284834 0.284876 0.284873 0.284881 0.284880 0.284878 0.284882 0.284882 0.284849 0.284813 0.284798 0.284789 0.284774 0.000000 0.000000
0.000000 0.000000 0.280540 0.280546 0.280550 0.280571 0.280603 0.280641 0.280635 0.280641 0.280640 0.280639 0.280645 0.280648 0.280611 0.280576 0.280561 0.280553 0.280541 0.000000 0.000000
0.000000 0.000000 0.276248 0.276253 0.276258 0.276273 0.276296 0.276342 0.276336 0.276347 0.276346 0.276343 0.276350 0.276351 0.276320 0.276295 0.276275 0.276266 0.276252 0.000000 0.000000
0.000000 0.000000 0.271808 0.271814 0.271820 0.271845 0.271871 0.271914 0.271914 0.271921 0.271920 0.271921 0.271925 0.271928 0.271886 0.271854 0.271837 0.271829 0.271782 0.000000 0.000000
0.000000 0.000000 0.267308 0.267315 0.267322 0.267340 0.267371 0.267462 0.267461 0.267469 0.267469 0.267468 0.267475 0.267475 0.267397 0.267359 0.267342 0.267333 0.267304 0.000000 0.000000
0.000000 0.000000 0.262545 0.262558 0.262562 0.262581 0.262671 0.262695 0.262708 0.262715 0.262714 0.262713 0.262721 0.262723 0.262698 0.262607 0.262587 0.262567 0.262551 0.000000 0.000000
0.000000 0.000000 0.257409 0.257419 0.257441 0.257520 0.257561 0.257618 0.257646 0.257656 0.257669 0.257669 0.257668 0.257679 0.257636 0.257573 0.257471 0.257475 0.257461 0.000000 0.000000
0.000000 0.000000 0.252107 0.252117 0.252213 0.252228 0.252253 0.252281 0.252284 0.252287 0.252281 0.252282 0.252298 0.252282 0.252269 0.252243 0.252241 0.252132 0.252106 0.000000 0.000000
0.000000 0.000000 0.246210 0.246339 0.246418 0.246453 0.246518 0.246554 0.246561 0.246567 0.246581 0.246580 0.246581 0.246593 0.246568 0.246491 0.246441 0.246386 0.246256 0.000000 0.000000
0.000000 0.000000 0.241602 0.241628 0.241541 0.241587 0.241643 0.241773 0.241784 0.241797 0.241792 0.241793 0.241803 0.241796 0.241680 0.241614 0.241539 0.241651 0.241599 0.000000 0.000000
0.000000 0.000000 0.300000 0.300000 0.300000 0.300000 0.300000 0.300000 0.300000 0.300000 0.300000 0.300000 0.300000 0.300000 0.300000 0.300000 0.300000 0.300000 0.300000 0.000000 0.000000
0.000000 0.000000 0.000000 0.000000 0.000000 0.000000 0.000000 0.000000 0.000000 0.000000 0.000000 0.000000 0.000000 0.000000 0.000000 0.000000 0.000000 0.000000 0.000000 0.000000 0.000000