geotop/1.0zi/1.0Montebello/Templates/testdem/maps/_Eocsilt4418.asc
ncols         21
nrows         20
xllcorner     100.000000
yllcorner     100.000000
cellsize      50.000000
NODATA_value  -9999.0
0.000000 0.000000 0.000000 0.000000 0.000000 0.000000 0.000000 0.000000 0.000000 0.000000 0.000000 0.000000 0.000000 0.000000 0.000000 0.000000 0.000000 0.000000 0.000000 0.000000 0.000000
0.000000 0.000000 0.350090 0.350090 0.350090 0.350090 0.350089 0.350090 0.350090 0.350090 0.350090 0.350090 0.350090 0.350090 0.350089 0.350090 0.350090 0.350090 0.350089 0.000000 0.000000
0.000000 0.000000 0.350002 0.350002 0.350002 0.350003 0.350003 0.350003 0.350003 0.350003 0.350003 0.350003 0.350003 0.350003 0.350003 0.350002 0.350001 0.350001 0.350002 0.000000 0.000000
0.000000 0.000000 0.350031 0.350031 0.350031 0.350026 0.350027 0.350025 0.350027 0.350027 0.350027 0.350027 0.350027 0.350026 0.350027 0.350030 0.350031 0.350032 0.350031 0.000000 0.000000
0.000000 0.000000 0.350386 0.350389 0.350387 0.350383 0.350380 0.350376 0.350374 0.350372 0.350370 0.350373 0.350374 0.350375 0.350380 0.350380 0.350381 0.350388 0.350391 0.000000 0.000000
0.000000 0.000000 0.351532 0.351534 0.351532 0.351521 0.351515 0.351500 0.351498 0.351492 0.351497 0.351500 0.351503 0.351502 0.351506 0.351513 0.351519 0.351521 0.351525 0.000000 0.000000
0.000000 0.000000 0.353310 0.353310 0.353307 0.353294 0.353279 0.353262 0.353263 0.353261 0.353264 0.353263 0.353260 0.353263 0.353275 0.353289 0.353295 0.353301 0.353307 0.000000 0.000000
0.000000 0.000000 0.355381 0.355379 0.355378 0.355366 0.355352 0.355336 0.355338 0.355335 0.355335 0.355335 0.355332 0.355330 0.355347 0.355363 0.355373 0.355375 0.355381 0.000000 0.000000
0.000000 0.000000 0.357491 0.357487 0.357483 0.357474 0.357461 0.357439 0.357441 0.357437 0.357437 0.357438 0.357436 0.357436 0.357452 0.357470 0.357477 0.357483 0.357490 0.000000 0.000000
0.000000 0.000000 0.359586 0.359583 0.359581 0.359572 0.359556 0.359538 0.359541 0.359538 0.359538 0.359539 0.359535 0.359533 0.359551 0.359569 0.359576 0.359579 0.359585 0.000000 0.000000
0.000000 0.000000 0.361695 0.361692 0.361690 0.361683 0.361673 0.361651 0.361654 0.361649 0.361649 0.361650 0.361647 0.361645 0.361660 0.361673 0.361682 0.361686 0.361693 0.000000 0.000000
0.000000 0.000000 0.363874 0.363871 0.363867 0.363857 0.363844 0.363823 0.363824 0.363821 0.363821 0.363821 0.363819 0.363816 0.363836 0.363852 0.363860 0.363864 0.363887 0.000000 0.000000
0.000000 0.000000 0.366081 0.366077 0.366074 0.366066 0.366052 0.366008 0.366009 0.366005 0.366005 0.366005 0.366001 0.366000 0.366038 0.366056 0.366064 0.366068 0.366082 0.000000 0.000000
0.000000 0.000000 0.368414 0.368407 0.368405 0.368398 0.368354 0.368344 0.368337 0.368334 0.368335 0.368335 0.368330 0.368328 0.368340 0.368384 0.368393 0.368403 0.368411 0.000000 0.000000
0.000000 0.000000 0.370926 0.370921 0.370910 0.370873 0.370854 0.370828 0.370814 0.370810 0.370803 0.370802 0.370803 0.370796 0.370816 0.370847 0.370896 0.370894 0.370901 0.000000 0.000000
0.000000 0.000000 0.373518 0.373513 0.373466 0.373461 0.373449 0.373437 0.373436 0.373434 0.373437 0.373436 0.373427 0.373434 0.373440 0.373452 0.373453 0.373505 0.373518 0.000000 0.000000
0.000000 0.000000 0.376397 0.376334 0.376296 0.376280 0.376250 0.376234 0.376230 0.376228 0.376220 0.376221 0.376219 0.376212 0.376223 0.376261 0.376285 0.376311 0.376375 0.000000 0.000000
0.000000 0.000000 0.378651 0.378637 0.378679 0.378658 0.378632 0.378570 0.378566 0.378559 0.378562 0.378561 0.378555 0.378557 0.378612 0.378644 0.378680 0.378626 0.378651 0.000000 0.000000
0.000000 0.000000 0.350000 0.350000 0.350000 0.350000 0.350000 0.350000 0.350000 0.350000 0.350000 0.350000 0.350000 0.350000 0.350000 0.350000 0.350000 0.350000 0.350000 0.000000 0.000000
0.000000 0.000000 0.000000 0.000000 0.000000 0.000000 0.000000 0.000000 0.000000 0.000000 0.000000 0.000000 0.000000 0.000000 0.000000 0.000000 0.000000 0.000000 0.000000 0.000000 0.000000