geotop/1.0zi/1.0Montebello/Templates/testdem/maps/_Eocsilt8180.asc
ncols         21
nrows         20
xllcorner     100.000000
yllcorner     100.000000
cellsize      50.000000
NODATA_value  -9999.0
0.000000 0.000000 0.000000 0.000000 0.000000 0.000000 0.000000 0.000000 0.000000 0.000000 0.000000 0.000000 0.000000 0.000000 0.000000 0.000000 0.000000 0.000000 0.000000 0.000000 0.000000
0.000000 0.000000 0.350171 0.350171 0.350171 0.350172 0.350171 0.350171 0.350171 0.350171 0.350171 0.350171 0.350171 0.350171 0.350171 0.350171 0.350172 0.350171 0.350171 0.000000 0.000000
0.000000 0.000000 0.350005 0.350005 0.350005 0.350005 0.350006 0.350005 0.350006 0.350006 0.350006 0.350006 0.350006 0.350006 0.350006 0.350005 0.350004 0.350004 0.350005 0.000000 0.000000
0.000000 0.000000 0.350102 0.350099 0.350097 0.350091 0.350092 0.350087 0.350090 0.350090 0.350087 0.350089 0.350089 0.350089 0.350092 0.350095 0.350099 0.350099 0.350100 0.000000 0.000000
0.000000 0.000000 0.351035 0.351041 0.351036 0.351025 0.351018 0.351011 0.351007 0.351006 0.351005 0.351005 0.351006 0.351008 0.351022 0.351027 0.351030 0.351040 0.351043 0.000000 0.000000
0.000000 0.000000 0.353767 0.353767 0.353757 0.353740 0.353721 0.353698 0.353698 0.353692 0.353696 0.353696 0.353697 0.353696 0.353708 0.353722 0.353734 0.353743 0.353748 0.000000 0.000000
0.000000 0.000000 0.357670 0.357666 0.357655 0.357628 0.357595 0.357560 0.357561 0.357557 0.357558 0.357556 0.357553 0.357558 0.357588 0.357616 0.357634 0.357649 0.357657 0.000000 0.000000
0.000000 0.000000 0.362288 0.362287 0.362280 0.362252 0.362220 0.362181 0.362181 0.362177 0.362175 0.362172 0.362171 0.362177 0.362211 0.362239 0.362266 0.362273 0.362286 0.000000 0.000000
0.000000 0.000000 0.367261 0.367252 0.367236 0.367217 0.367184 0.367139 0.367141 0.367132 0.367129 0.367127 0.367129 0.367128 0.367171 0.367205 0.367227 0.367238 0.367249 0.000000 0.000000
0.000000 0.000000 0.372500 0.372491 0.372483 0.372464 0.372417 0.372377 0.372377 0.372372 0.372366 0.372369 0.372374 0.372372 0.372408 0.372448 0.372473 0.372481 0.372489 0.000000 0.000000
0.000000 0.000000 0.378171 0.378165 0.378156 0.378115 0.378081 0.378035 0.378045 0.378020 0.378023 0.378022 0.378013 0.378029 0.378062 0.378088 0.378119 0.378136 0.378157 0.000000 0.000000
0.000000 0.000000 0.384469 0.384452 0.384432 0.384406 0.384368 0.384309 0.384305 0.384299 0.384312 0.384292 0.384298 0.384302 0.384362 0.384393 0.384414 0.384427 0.384480 0.000000 0.000000
0.000000 0.000000 0.391271 0.391255 0.391247 0.391210 0.391176 0.391024 0.391022 0.391013 0.390973 0.390993 0.391002 0.391016 0.391132 0.391163 0.391221 0.391228 0.391254 0.000000 0.000000
0.000000 0.000000 0.399237 0.399232 0.399200 0.399174 0.398983 0.398997 0.398958 0.398958 0.398970 0.398958 0.398953 0.398944 0.398927 0.399125 0.399157 0.399209 0.399247 0.000000 0.000000
0.000000 0.000000 0.408609 0.408592 0.408552 0.408312 0.408331 0.408210 0.408157 0.408143 0.408103 0.408073 0.408100 0.408095 0.408212 0.408207 0.408525 0.408478 0.408485 0.000000 0.000000
0.000000 0.000000 0.418854 0.418840 0.418493 0.418584 0.418558 0.418524 0.418652 0.418611 0.418678 0.418654 0.418597 0.418684 0.418692 0.418712 0.418463 0.418962 0.418955 0.000000 0.000000
0.000000 0.000000 0.431449 0.430914 0.431020 0.430821 0.430552 0.430473 0.430327 0.430361 0.430202 0.430216 0.430306 0.430218 0.430353 0.430552 0.431002 0.430717 0.431276 0.000000 0.000000
0.000000 0.000000 0.436162 0.436647 0.437096 0.437097 0.437115 0.436682 0.436752 0.436626 0.436829 0.436787 0.436758 0.436827 0.437187 0.437174 0.437180 0.436827 0.436354 0.000000 0.000000
0.000000 0.000000 0.350000 0.350000 0.350000 0.350000 0.350000 0.350000 0.350000 0.350000 0.350000 0.350000 0.350000 0.350000 0.350000 0.350000 0.350000 0.350000 0.350000 0.000000 0.000000
0.000000 0.000000 0.000000 0.000000 0.000000 0.000000 0.000000 0.000000 0.000000 0.000000 0.000000 0.000000 0.000000 0.000000 0.000000 0.000000 0.000000 0.000000 0.000000 0.000000 0.000000