geotop/1.0zi/1.0Montebello/Templates/testdem/maps/_Eocclay1618.asc
ncols         21
nrows         20
xllcorner     100.000000
yllcorner     100.000000
cellsize      50.000000
NODATA_value  -9999.0
0.000000 0.000000 0.000000 0.000000 0.000000 0.000000 0.000000 0.000000 0.000000 0.000000 0.000000 0.000000 0.000000 0.000000 0.000000 0.000000 0.000000 0.000000 0.000000 0.000000 0.000000
0.000000 0.000000 0.349914 0.349914 0.349915 0.349914 0.349914 0.349914 0.349914 0.349914 0.349914 0.349914 0.349914 0.349914 0.349914 0.349914 0.349915 0.349914 0.349914 0.000000 0.000000
0.000000 0.000000 0.349993 0.349993 0.349993 0.349993 0.349993 0.349993 0.349993 0.349993 0.349993 0.349993 0.349993 0.349993 0.349993 0.349993 0.349993 0.349993 0.349993 0.000000 0.000000
0.000000 0.000000 0.350625 0.350625 0.350623 0.350623 0.350625 0.350625 0.350625 0.350625 0.350625 0.350625 0.350625 0.350625 0.350625 0.350623 0.350623 0.350625 0.350625 0.000000 0.000000
0.000000 0.000000 0.353095 0.353094 0.353093 0.353093 0.353096 0.353095 0.353095 0.353097 0.353096 0.353097 0.353095 0.353095 0.353096 0.353093 0.353093 0.353094 0.353095 0.000000 0.000000
0.000000 0.000000 0.355845 0.355844 0.355843 0.355843 0.355846 0.355845 0.355845 0.355846 0.355846 0.355846 0.355845 0.355845 0.355846 0.355843 0.355843 0.355844 0.355845 0.000000 0.000000
0.000000 0.000000 0.358454 0.358453 0.358452 0.358452 0.358454 0.358454 0.358454 0.358454 0.358454 0.358454 0.358454 0.358454 0.358454 0.358452 0.358452 0.358453 0.358454 0.000000 0.000000
0.000000 0.000000 0.360854 0.360854 0.360853 0.360853 0.360855 0.360855 0.360854 0.360855 0.360855 0.360855 0.360854 0.360855 0.360855 0.360853 0.360853 0.360854 0.360854 0.000000 0.000000
0.000000 0.000000 0.363103 0.363103 0.363101 0.363102 0.363103 0.363103 0.363103 0.363103 0.363103 0.363103 0.363103 0.363103 0.363103 0.363102 0.363101 0.363103 0.363103 0.000000 0.000000
0.000000 0.000000 0.365255 0.365254 0.365253 0.365254 0.365255 0.365255 0.365255 0.365255 0.365255 0.365255 0.365255 0.365255 0.365255 0.365254 0.365253 0.365254 0.365255 0.000000 0.000000
0.000000 0.000000 0.367332 0.367332 0.367331 0.367331 0.367333 0.367332 0.367332 0.367333 0.367333 0.367333 0.367332 0.367332 0.367333 0.367331 0.367331 0.367332 0.367332 0.000000 0.000000
0.000000 0.000000 0.369356 0.369356 0.369354 0.369355 0.369356 0.369356 0.369356 0.369356 0.369356 0.369356 0.369356 0.369356 0.369356 0.369355 0.369354 0.369356 0.369356 0.000000 0.000000
0.000000 0.000000 0.371340 0.371340 0.371338 0.371339 0.371340 0.371340 0.371340 0.371340 0.371340 0.371340 0.371340 0.371340 0.371340 0.371339 0.371338 0.371340 0.371340 0.000000 0.000000
0.000000 0.000000 0.373284 0.373284 0.373282 0.373283 0.373284 0.373284 0.373284 0.373284 0.373284 0.373284 0.373284 0.373284 0.373284 0.373283 0.373282 0.373284 0.373284 0.000000 0.000000
0.000000 0.000000 0.375198 0.375198 0.375197 0.375197 0.375199 0.375198 0.375198 0.375199 0.375199 0.375199 0.375198 0.375198 0.375199 0.375197 0.375197 0.375198 0.375198 0.000000 0.000000
0.000000 0.000000 0.377089 0.377089 0.377088 0.377088 0.377090 0.377089 0.377089 0.377090 0.377090 0.377090 0.377089 0.377089 0.377090 0.377088 0.377088 0.377089 0.377089 0.000000 0.000000
0.000000 0.000000 0.378958 0.378958 0.378957 0.378957 0.378959 0.378958 0.378958 0.378959 0.378958 0.378959 0.378958 0.378958 0.378959 0.378957 0.378957 0.378958 0.378958 0.000000 0.000000
0.000000 0.000000 0.380847 0.380847 0.380845 0.380846 0.380847 0.380847 0.380847 0.380847 0.380847 0.380847 0.380847 0.380847 0.380847 0.380846 0.380845 0.380847 0.380847 0.000000 0.000000
0.000000 0.000000 0.350000 0.350000 0.350000 0.350000 0.350000 0.350000 0.350000 0.350000 0.350000 0.350000 0.350000 0.350000 0.350000 0.350000 0.350000 0.350000 0.350000 0.000000 0.000000
0.000000 0.000000 0.000000 0.000000 0.000000 0.000000 0.000000 0.000000 0.000000 0.000000 0.000000 0.000000 0.000000 0.000000 0.000000 0.000000 0.000000 0.000000 0.000000 0.000000 0.000000