geotop/1.0zi/1.0Montebello/Templates/testdem/maps/_Eocclay2803.asc
ncols         21
nrows         20
xllcorner     100.000000
yllcorner     100.000000
cellsize      50.000000
NODATA_value  -9999.0
0.000000 0.000000 0.000000 0.000000 0.000000 0.000000 0.000000 0.000000 0.000000 0.000000 0.000000 0.000000 0.000000 0.000000 0.000000 0.000000 0.000000 0.000000 0.000000 0.000000 0.000000
0.000000 0.000000 0.349846 0.349846 0.349846 0.349845 0.349846 0.349846 0.349846 0.349846 0.349845 0.349846 0.349846 0.349846 0.349846 0.349845 0.349846 0.349846 0.349846 0.000000 0.000000
0.000000 0.000000 0.349992 0.349992 0.349992 0.349992 0.349992 0.349992 0.349992 0.349992 0.349993 0.349992 0.349992 0.349992 0.349992 0.349992 0.349992 0.349992 0.349992 0.000000 0.000000
0.000000 0.000000 0.350965 0.350965 0.350963 0.350964 0.350965 0.350965 0.350965 0.350965 0.350965 0.350965 0.350965 0.350965 0.350965 0.350964 0.350963 0.350965 0.350965 0.000000 0.000000
0.000000 0.000000 0.355155 0.355154 0.355152 0.355153 0.355156 0.355155 0.355155 0.355157 0.355157 0.355157 0.355155 0.355155 0.355156 0.355153 0.355152 0.355154 0.355155 0.000000 0.000000
0.000000 0.000000 0.359917 0.359916 0.359915 0.359915 0.359917 0.359917 0.359917 0.359918 0.359918 0.359918 0.359917 0.359917 0.359917 0.359915 0.359915 0.359916 0.359917 0.000000 0.000000
0.000000 0.000000 0.364408 0.364408 0.364406 0.364407 0.364409 0.364408 0.364408 0.364409 0.364409 0.364409 0.364408 0.364408 0.364409 0.364407 0.364406 0.364408 0.364408 0.000000 0.000000
0.000000 0.000000 0.368513 0.368513 0.368511 0.368512 0.368513 0.368513 0.368513 0.368514 0.368514 0.368514 0.368513 0.368513 0.368513 0.368512 0.368511 0.368513 0.368513 0.000000 0.000000
0.000000 0.000000 0.372325 0.372325 0.372323 0.372324 0.372325 0.372325 0.372325 0.372325 0.372326 0.372325 0.372325 0.372325 0.372325 0.372324 0.372323 0.372325 0.372325 0.000000 0.000000
0.000000 0.000000 0.375933 0.375932 0.375931 0.375932 0.375933 0.375933 0.375933 0.375933 0.375934 0.375933 0.375933 0.375933 0.375933 0.375932 0.375931 0.375932 0.375933 0.000000 0.000000
0.000000 0.000000 0.379378 0.379378 0.379377 0.379377 0.379379 0.379378 0.379378 0.379379 0.379379 0.379379 0.379378 0.379378 0.379379 0.379377 0.379377 0.379378 0.379378 0.000000 0.000000
0.000000 0.000000 0.382695 0.382695 0.382694 0.382694 0.382696 0.382695 0.382695 0.382696 0.382696 0.382696 0.382695 0.382695 0.382696 0.382694 0.382694 0.382695 0.382695 0.000000 0.000000
0.000000 0.000000 0.385909 0.385909 0.385907 0.385908 0.385909 0.385909 0.385909 0.385909 0.385910 0.385909 0.385909 0.385909 0.385909 0.385908 0.385907 0.385909 0.385909 0.000000 0.000000
0.000000 0.000000 0.389041 0.389040 0.389039 0.389040 0.389041 0.389040 0.389040 0.389041 0.389041 0.389041 0.389040 0.389040 0.389041 0.389040 0.389039 0.389040 0.389041 0.000000 0.000000
0.000000 0.000000 0.392099 0.392099 0.392098 0.392098 0.392099 0.392099 0.392099 0.392099 0.392100 0.392099 0.392099 0.392099 0.392099 0.392098 0.392098 0.392099 0.392099 0.000000 0.000000
0.000000 0.000000 0.395089 0.395089 0.395088 0.395088 0.395089 0.395089 0.395089 0.395090 0.395090 0.395090 0.395089 0.395089 0.395089 0.395088 0.395088 0.395089 0.395089 0.000000 0.000000
0.000000 0.000000 0.398016 0.398016 0.398015 0.398015 0.398016 0.398016 0.398016 0.398016 0.398017 0.398016 0.398016 0.398016 0.398016 0.398015 0.398015 0.398016 0.398016 0.000000 0.000000
0.000000 0.000000 0.400934 0.400934 0.400933 0.400934 0.400935 0.400934 0.400934 0.400935 0.400935 0.400935 0.400934 0.400934 0.400935 0.400934 0.400933 0.400934 0.400934 0.000000 0.000000
0.000000 0.000000 0.350000 0.350000 0.350000 0.350000 0.350000 0.350000 0.350000 0.350000 0.350000 0.350000 0.350000 0.350000 0.350000 0.350000 0.350000 0.350000 0.350000 0.000000 0.000000
0.000000 0.000000 0.000000 0.000000 0.000000 0.000000 0.000000 0.000000 0.000000 0.000000 0.000000 0.000000 0.000000 0.000000 0.000000 0.000000 0.000000 0.000000 0.000000 0.000000 0.000000