geotop/1.0zi/1.0Montebello/Templates/testdem/maps/_Eocclay1406.asc
ncols         21
nrows         20
xllcorner     100.000000
yllcorner     100.000000
cellsize      50.000000
NODATA_value  -9999.0
0.000000 0.000000 0.000000 0.000000 0.000000 0.000000 0.000000 0.000000 0.000000 0.000000 0.000000 0.000000 0.000000 0.000000 0.000000 0.000000 0.000000 0.000000 0.000000 0.000000 0.000000
0.000000 0.000000 0.349928 0.349928 0.349928 0.349928 0.349928 0.349928 0.349928 0.349928 0.349928 0.349928 0.349928 0.349928 0.349928 0.349928 0.349928 0.349928 0.349928 0.000000 0.000000
0.000000 0.000000 0.349994 0.349994 0.349993 0.349994 0.349994 0.349994 0.349994 0.349994 0.349994 0.349994 0.349994 0.349994 0.349994 0.349994 0.349993 0.349994 0.349994 0.000000 0.000000
0.000000 0.000000 0.350558 0.350558 0.350555 0.350556 0.350558 0.350558 0.350558 0.350558 0.350558 0.350558 0.350558 0.350558 0.350558 0.350556 0.350555 0.350558 0.350558 0.000000 0.000000
0.000000 0.000000 0.352681 0.352680 0.352677 0.352677 0.352681 0.352680 0.352680 0.352681 0.352681 0.352681 0.352680 0.352680 0.352681 0.352677 0.352677 0.352680 0.352681 0.000000 0.000000
0.000000 0.000000 0.355049 0.355048 0.355046 0.355046 0.355049 0.355048 0.355048 0.355049 0.355049 0.355049 0.355048 0.355048 0.355049 0.355046 0.355046 0.355048 0.355049 0.000000 0.000000
0.000000 0.000000 0.357306 0.357306 0.357304 0.357305 0.357307 0.357306 0.357306 0.357307 0.357307 0.357307 0.357306 0.357306 0.357307 0.357305 0.357304 0.357306 0.357306 0.000000 0.000000
0.000000 0.000000 0.359390 0.359389 0.359388 0.359388 0.359390 0.359389 0.359389 0.359390 0.359390 0.359390 0.359389 0.359389 0.359390 0.359388 0.359388 0.359389 0.359390 0.000000 0.000000
0.000000 0.000000 0.361342 0.361342 0.361340 0.361341 0.361343 0.361342 0.361342 0.361343 0.361343 0.361343 0.361342 0.361342 0.361343 0.361341 0.361340 0.361342 0.361342 0.000000 0.000000
0.000000 0.000000 0.363214 0.363214 0.363212 0.363213 0.363214 0.363214 0.363214 0.363214 0.363214 0.363214 0.363214 0.363214 0.363214 0.363213 0.363212 0.363214 0.363214 0.000000 0.000000
0.000000 0.000000 0.365025 0.365025 0.365023 0.365024 0.365025 0.365025 0.365025 0.365025 0.365025 0.365025 0.365025 0.365025 0.365025 0.365024 0.365023 0.365025 0.365025 0.000000 0.000000
0.000000 0.000000 0.366794 0.366793 0.366792 0.366792 0.366794 0.366794 0.366794 0.366794 0.366794 0.366794 0.366794 0.366794 0.366794 0.366792 0.366792 0.366793 0.366794 0.000000 0.000000
0.000000 0.000000 0.368533 0.368532 0.368531 0.368531 0.368533 0.368532 0.368532 0.368533 0.368533 0.368533 0.368532 0.368532 0.368533 0.368531 0.368531 0.368532 0.368533 0.000000 0.000000
0.000000 0.000000 0.370241 0.370241 0.370239 0.370240 0.370241 0.370241 0.370241 0.370241 0.370241 0.370241 0.370241 0.370241 0.370241 0.370240 0.370239 0.370241 0.370241 0.000000 0.000000
0.000000 0.000000 0.371926 0.371926 0.371924 0.371925 0.371926 0.371926 0.371926 0.371926 0.371926 0.371926 0.371926 0.371926 0.371926 0.371925 0.371924 0.371926 0.371926 0.000000 0.000000
0.000000 0.000000 0.373594 0.373594 0.373593 0.373593 0.373595 0.373594 0.373594 0.373595 0.373595 0.373595 0.373594 0.373594 0.373595 0.373593 0.373593 0.373594 0.373594 0.000000 0.000000
0.000000 0.000000 0.375245 0.375244 0.375243 0.375243 0.375245 0.375244 0.375244 0.375245 0.375245 0.375245 0.375244 0.375244 0.375245 0.375243 0.375243 0.375244 0.375245 0.000000 0.000000
0.000000 0.000000 0.376915 0.376915 0.376914 0.376914 0.376916 0.376915 0.376915 0.376916 0.376916 0.376916 0.376915 0.376915 0.376916 0.376914 0.376914 0.376915 0.376915 0.000000 0.000000
0.000000 0.000000 0.350000 0.350000 0.350000 0.350000 0.350000 0.350000 0.350000 0.350000 0.350000 0.350000 0.350000 0.350000 0.350000 0.350000 0.350000 0.350000 0.350000 0.000000 0.000000
0.000000 0.000000 0.000000 0.000000 0.000000 0.000000 0.000000 0.000000 0.000000 0.000000 0.000000 0.000000 0.000000 0.000000 0.000000 0.000000 0.000000 0.000000 0.000000 0.000000 0.000000