geotop/1.0zi/1.0Montebello/Templates/testdem/maps/_Eocclay7038.asc
ncols         21
nrows         20
xllcorner     100.000000
yllcorner     100.000000
cellsize      50.000000
NODATA_value  -9999.0
0.000000 0.000000 0.000000 0.000000 0.000000 0.000000 0.000000 0.000000 0.000000 0.000000 0.000000 0.000000 0.000000 0.000000 0.000000 0.000000 0.000000 0.000000 0.000000 0.000000 0.000000
0.000000 0.000000 0.349683 0.349684 0.349684 0.349683 0.349685 0.349684 0.349684 0.349684 0.349683 0.349685 0.349684 0.349684 0.349685 0.349685 0.349683 0.349683 0.349684 0.000000 0.000000
0.000000 0.000000 0.349987 0.349987 0.349987 0.349988 0.349987 0.349987 0.349987 0.349987 0.349986 0.349986 0.349987 0.349986 0.349987 0.349987 0.349988 0.349988 0.349985 0.000000 0.000000
0.000000 0.000000 0.349977 0.349982 0.349979 0.349979 0.349981 0.349980 0.349982 0.349978 0.349983 0.349980 0.349981 0.349979 0.349980 0.349982 0.349980 0.349982 0.349981 0.000000 0.000000
0.000000 0.000000 0.350712 0.350710 0.350706 0.350703 0.350689 0.350687 0.350686 0.350689 0.350686 0.350687 0.350682 0.350686 0.350694 0.350694 0.350699 0.350701 0.350708 0.000000 0.000000
0.000000 0.000000 0.352913 0.352912 0.352902 0.352877 0.352866 0.352844 0.352846 0.352840 0.352844 0.352843 0.352844 0.352846 0.352854 0.352871 0.352882 0.352895 0.352902 0.000000 0.000000
0.000000 0.000000 0.356059 0.356056 0.356049 0.356028 0.356001 0.355969 0.355969 0.355963 0.355965 0.355966 0.355965 0.355966 0.355993 0.356019 0.356031 0.356042 0.356051 0.000000 0.000000
0.000000 0.000000 0.359815 0.359814 0.359807 0.359781 0.359756 0.359720 0.359721 0.359717 0.359717 0.359714 0.359712 0.359719 0.359748 0.359770 0.359791 0.359798 0.359811 0.000000 0.000000
0.000000 0.000000 0.363723 0.363718 0.363706 0.363691 0.363664 0.363628 0.363632 0.363623 0.363621 0.363619 0.363619 0.363619 0.363653 0.363682 0.363698 0.363705 0.363715 0.000000 0.000000
0.000000 0.000000 0.367772 0.367764 0.367758 0.367744 0.367705 0.367672 0.367674 0.367669 0.367664 0.367667 0.367672 0.367669 0.367698 0.367731 0.367750 0.367755 0.367764 0.000000 0.000000
0.000000 0.000000 0.372075 0.372069 0.372062 0.372033 0.372006 0.371968 0.371977 0.371956 0.371959 0.371958 0.371951 0.371964 0.371989 0.372010 0.372033 0.372045 0.372064 0.000000 0.000000
0.000000 0.000000 0.376710 0.376699 0.376684 0.376663 0.376635 0.376590 0.376590 0.376581 0.376592 0.376577 0.376579 0.376584 0.376628 0.376651 0.376667 0.376675 0.376718 0.000000 0.000000
0.000000 0.000000 0.381601 0.381588 0.381581 0.381555 0.381531 0.381425 0.381425 0.381417 0.381392 0.381404 0.381410 0.381420 0.381500 0.381523 0.381561 0.381565 0.381593 0.000000 0.000000
0.000000 0.000000 0.387108 0.387102 0.387082 0.387063 0.386946 0.386933 0.386910 0.386908 0.386909 0.386905 0.386903 0.386900 0.386903 0.387025 0.387051 0.387083 0.387114 0.000000 0.000000
0.000000 0.000000 0.393391 0.393381 0.393354 0.393219 0.393201 0.393134 0.393095 0.393087 0.393065 0.393047 0.393062 0.393056 0.393118 0.393148 0.393328 0.393309 0.393323 0.000000 0.000000
0.000000 0.000000 0.400219 0.400209 0.400020 0.400029 0.400019 0.399980 0.400038 0.400013 0.400041 0.400020 0.399994 0.400039 0.400061 0.400073 0.399997 0.400248 0.400249 0.000000 0.000000
0.000000 0.000000 0.408496 0.408212 0.408192 0.408104 0.407961 0.407913 0.407867 0.407874 0.407803 0.407803 0.407838 0.407811 0.407880 0.407987 0.408174 0.408130 0.408422 0.000000 0.000000
0.000000 0.000000 0.413372 0.413526 0.413794 0.413757 0.413711 0.413454 0.413467 0.413403 0.413480 0.413459 0.413460 0.413482 0.413710 0.413742 0.413837 0.413585 0.413445 0.000000 0.000000
0.000000 0.000000 0.350000 0.350000 0.350000 0.350000 0.350000 0.350000 0.350000 0.350000 0.350000 0.350000 0.350000 0.350000 0.350000 0.350000 0.350000 0.350000 0.350000 0.000000 0.000000
0.000000 0.000000 0.000000 0.000000 0.000000 0.000000 0.000000 0.000000 0.000000 0.000000 0.000000 0.000000 0.000000 0.000000 0.000000 0.000000 0.000000 0.000000 0.000000 0.000000 0.000000