geotop/1.0zi/1.0Montebello/Templates/testdem/maps/_Eocclay3887.asc
ncols         21
nrows         20
xllcorner     100.000000
yllcorner     100.000000
cellsize      50.000000
NODATA_value  -9999.0
0.000000 0.000000 0.000000 0.000000 0.000000 0.000000 0.000000 0.000000 0.000000 0.000000 0.000000 0.000000 0.000000 0.000000 0.000000 0.000000 0.000000 0.000000 0.000000 0.000000 0.000000
0.000000 0.000000 0.349824 0.349825 0.349825 0.349825 0.349825 0.349825 0.349825 0.349825 0.349825 0.349825 0.349825 0.349825 0.349825 0.349825 0.349825 0.349825 0.349824 0.000000 0.000000
0.000000 0.000000 0.349994 0.349994 0.349994 0.349994 0.349994 0.349994 0.349994 0.349994 0.349993 0.349993 0.349994 0.349994 0.349994 0.349994 0.349994 0.349994 0.349994 0.000000 0.000000
0.000000 0.000000 0.349996 0.349996 0.349995 0.349996 0.349998 0.349999 0.349999 0.349998 0.349999 0.349997 0.349997 0.349996 0.349996 0.349997 0.349997 0.349996 0.349996 0.000000 0.000000
0.000000 0.000000 0.350336 0.350339 0.350337 0.350334 0.350328 0.350323 0.350324 0.350323 0.350324 0.350325 0.350323 0.350324 0.350330 0.350331 0.350332 0.350331 0.350334 0.000000 0.000000
0.000000 0.000000 0.351468 0.351470 0.351466 0.351458 0.351452 0.351443 0.351444 0.351438 0.351442 0.351443 0.351446 0.351447 0.351445 0.351452 0.351455 0.351460 0.351463 0.000000 0.000000
0.000000 0.000000 0.353099 0.353096 0.353092 0.353080 0.353064 0.353043 0.353042 0.353039 0.353042 0.353042 0.353043 0.353049 0.353067 0.353082 0.353087 0.353090 0.353093 0.000000 0.000000
0.000000 0.000000 0.354907 0.354907 0.354902 0.354884 0.354867 0.354847 0.354848 0.354845 0.354846 0.354846 0.354847 0.354852 0.354873 0.354887 0.354893 0.354895 0.354901 0.000000 0.000000
0.000000 0.000000 0.356705 0.356704 0.356696 0.356683 0.356666 0.356644 0.356645 0.356641 0.356642 0.356643 0.356644 0.356649 0.356669 0.356686 0.356691 0.356693 0.356699 0.000000 0.000000
0.000000 0.000000 0.358497 0.358494 0.358488 0.358474 0.358453 0.358433 0.358435 0.358432 0.358433 0.358434 0.358435 0.358439 0.358461 0.358478 0.358483 0.358485 0.358490 0.000000 0.000000
0.000000 0.000000 0.360313 0.360310 0.360303 0.360292 0.360275 0.360252 0.360254 0.360249 0.360249 0.360251 0.360252 0.360256 0.360275 0.360288 0.360295 0.360297 0.360304 0.000000 0.000000
0.000000 0.000000 0.362180 0.362178 0.362170 0.362154 0.362137 0.362114 0.362113 0.362110 0.362111 0.362110 0.362112 0.362116 0.362140 0.362155 0.362162 0.362163 0.362185 0.000000 0.000000
0.000000 0.000000 0.364059 0.364056 0.364048 0.364035 0.364015 0.363973 0.363973 0.363969 0.363969 0.363970 0.363971 0.363977 0.364015 0.364033 0.364039 0.364041 0.364055 0.000000 0.000000
0.000000 0.000000 0.366033 0.366027 0.366020 0.366006 0.365962 0.365948 0.365942 0.365938 0.365939 0.365940 0.365940 0.365946 0.365962 0.366002 0.366008 0.366016 0.366023 0.000000 0.000000
0.000000 0.000000 0.368144 0.368139 0.368124 0.368088 0.368063 0.368036 0.368022 0.368017 0.368012 0.368012 0.368017 0.368018 0.368042 0.368071 0.368110 0.368108 0.368114 0.000000 0.000000
0.000000 0.000000 0.370306 0.370301 0.370258 0.370246 0.370228 0.370212 0.370209 0.370207 0.370209 0.370209 0.370207 0.370219 0.370231 0.370244 0.370245 0.370284 0.370295 0.000000 0.000000
0.000000 0.000000 0.372683 0.372634 0.372595 0.372576 0.372543 0.372525 0.372521 0.372518 0.372513 0.372514 0.372517 0.372520 0.372534 0.372566 0.372584 0.372606 0.372656 0.000000 0.000000
0.000000 0.000000 0.374573 0.374558 0.374583 0.374559 0.374528 0.374475 0.374469 0.374463 0.374465 0.374465 0.374466 0.374475 0.374523 0.374553 0.374582 0.374538 0.374562 0.000000 0.000000
0.000000 0.000000 0.350000 0.350000 0.350000 0.350000 0.350000 0.350000 0.350000 0.350000 0.350000 0.350000 0.350000 0.350000 0.350000 0.350000 0.350000 0.350000 0.350000 0.000000 0.000000
0.000000 0.000000 0.000000 0.000000 0.000000 0.000000 0.000000 0.000000 0.000000 0.000000 0.000000 0.000000 0.000000 0.000000 0.000000 0.000000 0.000000 0.000000 0.000000 0.000000 0.000000