geotop/1.0zi/1.0Montebello/Templates/testdem/maps/_Eocsand1102.asc
ncols         21
nrows         20
xllcorner     100.000000
yllcorner     100.000000
cellsize      50.000000
NODATA_value  -9999.0
0.000000 0.000000 0.000000 0.000000 0.000000 0.000000 0.000000 0.000000 0.000000 0.000000 0.000000 0.000000 0.000000 0.000000 0.000000 0.000000 0.000000 0.000000 0.000000 0.000000 0.000000
0.000000 0.000000 0.300036 0.300036 0.300036 0.300036 0.300036 0.300036 0.300036 0.300036 0.300036 0.300036 0.300036 0.300036 0.300036 0.300036 0.300036 0.300036 0.300036 0.000000 0.000000
0.000000 0.000000 0.300004 0.300004 0.300005 0.300004 0.300004 0.300004 0.300004 0.300004 0.300004 0.300004 0.300004 0.300004 0.300004 0.300004 0.300005 0.300004 0.300004 0.000000 0.000000
0.000000 0.000000 0.299095 0.299096 0.299101 0.299099 0.299095 0.299096 0.299096 0.299095 0.299095 0.299095 0.299096 0.299096 0.299095 0.299099 0.299101 0.299096 0.299095 0.000000 0.000000
0.000000 0.000000 0.295877 0.295879 0.295883 0.295883 0.295877 0.295878 0.295878 0.295876 0.295877 0.295876 0.295878 0.295878 0.295877 0.295883 0.295883 0.295879 0.295877 0.000000 0.000000
0.000000 0.000000 0.292153 0.292154 0.292158 0.292158 0.292153 0.292154 0.292154 0.292153 0.292153 0.292153 0.292154 0.292154 0.292153 0.292158 0.292158 0.292154 0.292153 0.000000 0.000000
0.000000 0.000000 0.288673 0.288674 0.288677 0.288676 0.288672 0.288673 0.288673 0.288672 0.288672 0.288672 0.288673 0.288673 0.288672 0.288676 0.288677 0.288674 0.288673 0.000000 0.000000
0.000000 0.000000 0.285469 0.285469 0.285472 0.285472 0.285468 0.285469 0.285469 0.285468 0.285468 0.285468 0.285469 0.285469 0.285468 0.285472 0.285472 0.285469 0.285469 0.000000 0.000000
0.000000 0.000000 0.282464 0.282465 0.282468 0.282467 0.282464 0.282464 0.282464 0.282464 0.282464 0.282464 0.282464 0.282464 0.282464 0.282467 0.282468 0.282465 0.282464 0.000000 0.000000
0.000000 0.000000 0.279583 0.279583 0.279586 0.279585 0.279582 0.279583 0.279583 0.279582 0.279582 0.279582 0.279583 0.279583 0.279582 0.279585 0.279586 0.279583 0.279583 0.000000 0.000000
0.000000 0.000000 0.276795 0.276796 0.276799 0.276798 0.276795 0.276796 0.276796 0.276795 0.276795 0.276795 0.276796 0.276796 0.276795 0.276798 0.276799 0.276796 0.276795 0.000000 0.000000
0.000000 0.000000 0.274072 0.274072 0.274075 0.274074 0.274072 0.274072 0.274072 0.274072 0.274072 0.274072 0.274072 0.274072 0.274072 0.274074 0.274075 0.274072 0.274072 0.000000 0.000000
0.000000 0.000000 0.271393 0.271394 0.271397 0.271396 0.271393 0.271394 0.271394 0.271393 0.271393 0.271393 0.271394 0.271394 0.271393 0.271396 0.271397 0.271394 0.271393 0.000000 0.000000
0.000000 0.000000 0.268761 0.268762 0.268765 0.268764 0.268761 0.268762 0.268762 0.268761 0.268761 0.268761 0.268762 0.268762 0.268761 0.268764 0.268765 0.268762 0.268761 0.000000 0.000000
0.000000 0.000000 0.266156 0.266156 0.266159 0.266158 0.266156 0.266156 0.266156 0.266155 0.266156 0.266155 0.266156 0.266156 0.266156 0.266158 0.266159 0.266156 0.266156 0.000000 0.000000
0.000000 0.000000 0.263567 0.263567 0.263570 0.263569 0.263567 0.263567 0.263567 0.263566 0.263566 0.263566 0.263567 0.263567 0.263567 0.263569 0.263570 0.263567 0.263567 0.000000 0.000000
0.000000 0.000000 0.261005 0.261005 0.261008 0.261007 0.261004 0.261005 0.261005 0.261004 0.261004 0.261004 0.261005 0.261005 0.261004 0.261007 0.261008 0.261005 0.261005 0.000000 0.000000
0.000000 0.000000 0.258392 0.258392 0.258395 0.258394 0.258391 0.258392 0.258392 0.258391 0.258391 0.258391 0.258392 0.258392 0.258391 0.258394 0.258395 0.258392 0.258391 0.000000 0.000000
0.000000 0.000000 0.300000 0.300000 0.300000 0.300000 0.300000 0.300000 0.300000 0.300000 0.300000 0.300000 0.300000 0.300000 0.300000 0.300000 0.300000 0.300000 0.300000 0.000000 0.000000
0.000000 0.000000 0.000000 0.000000 0.000000 0.000000 0.000000 0.000000 0.000000 0.000000 0.000000 0.000000 0.000000 0.000000 0.000000 0.000000 0.000000 0.000000 0.000000 0.000000 0.000000