geotop/1.0zi/1.0Montebello/Templates/testdem/maps/_Eocsilt9964.asc
ncols         21
nrows         20
xllcorner     100.000000
yllcorner     100.000000
cellsize      50.000000
NODATA_value  -9999.0
0.000000 0.000000 0.000000 0.000000 0.000000 0.000000 0.000000 0.000000 0.000000 0.000000 0.000000 0.000000 0.000000 0.000000 0.000000 0.000000 0.000000 0.000000 0.000000 0.000000 0.000000
0.000000 0.000000 0.350212 0.350212 0.350212 0.350212 0.350211 0.350211 0.350212 0.350211 0.350212 0.350211 0.350211 0.350211 0.350211 0.350212 0.350212 0.350212 0.350212 0.000000 0.000000
0.000000 0.000000 0.350008 0.350008 0.350008 0.350007 0.350009 0.350008 0.350008 0.350008 0.350009 0.350008 0.350009 0.350009 0.350008 0.350007 0.350006 0.350006 0.350007 0.000000 0.000000
0.000000 0.000000 0.350151 0.350149 0.350142 0.350139 0.350138 0.350132 0.350136 0.350137 0.350134 0.350138 0.350139 0.350138 0.350141 0.350144 0.350149 0.350150 0.350152 0.000000 0.000000
0.000000 0.000000 0.351515 0.351521 0.351512 0.351489 0.351479 0.351472 0.351475 0.351472 0.351472 0.351474 0.351480 0.351478 0.351492 0.351501 0.351504 0.351511 0.351514 0.000000 0.000000
0.000000 0.000000 0.355273 0.355267 0.355251 0.355222 0.355187 0.355160 0.355158 0.355154 0.355153 0.355154 0.355159 0.355155 0.355175 0.355199 0.355211 0.355220 0.355226 0.000000 0.000000
0.000000 0.000000 0.360605 0.360594 0.360576 0.360534 0.360491 0.360436 0.360439 0.360436 0.360429 0.360428 0.360426 0.360430 0.360476 0.360508 0.360530 0.360545 0.360552 0.000000 0.000000
0.000000 0.000000 0.366937 0.366923 0.366907 0.366859 0.366813 0.366763 0.366764 0.366759 0.366751 0.366748 0.366746 0.366753 0.366796 0.366835 0.366869 0.366875 0.366889 0.000000 0.000000
0.000000 0.000000 0.373937 0.373917 0.373890 0.373851 0.373798 0.373736 0.373741 0.373731 0.373720 0.373718 0.373722 0.373718 0.373780 0.373826 0.373852 0.373865 0.373877 0.000000 0.000000
0.000000 0.000000 0.381685 0.381658 0.381636 0.381594 0.381536 0.381471 0.381472 0.381465 0.381449 0.381455 0.381462 0.381459 0.381509 0.381568 0.381599 0.381611 0.381616 0.000000 0.000000
0.000000 0.000000 0.390518 0.390495 0.390474 0.390384 0.390356 0.390269 0.390288 0.390247 0.390247 0.390240 0.390226 0.390249 0.390306 0.390343 0.390387 0.390402 0.390440 0.000000 0.000000
0.000000 0.000000 0.400878 0.400831 0.400777 0.400732 0.400684 0.400573 0.400571 0.400569 0.400577 0.400540 0.400558 0.400551 0.400653 0.400711 0.400734 0.400748 0.400823 0.000000 0.000000
0.000000 0.000000 0.412572 0.412529 0.412515 0.412427 0.412369 0.412076 0.412070 0.412054 0.411945 0.412010 0.412014 0.412040 0.412260 0.412308 0.412416 0.412422 0.412437 0.000000 0.000000
0.000000 0.000000 0.426961 0.426941 0.426843 0.426781 0.426372 0.426525 0.426437 0.426441 0.426496 0.426435 0.426427 0.426380 0.426245 0.426691 0.426703 0.426808 0.426869 0.000000 0.000000
0.000000 0.000000 0.442675 0.442628 0.442554 0.442051 0.442276 0.441958 0.441893 0.441864 0.441741 0.441709 0.441762 0.441770 0.442049 0.441834 0.442480 0.442326 0.442298 0.000000 0.000000
0.000000 0.000000 0.455522 0.455498 0.455042 0.455266 0.455182 0.455198 0.455396 0.455344 0.455445 0.455428 0.455343 0.455449 0.455390 0.455468 0.454966 0.455656 0.455645 0.000000 0.000000
0.000000 0.000000 0.465151 0.464924 0.464907 0.464847 0.464714 0.464692 0.464654 0.464661 0.464602 0.464608 0.464637 0.464610 0.464652 0.464754 0.464876 0.464846 0.465080 0.000000 0.000000
0.000000 0.000000 0.470624 0.470448 0.470564 0.470467 0.470350 0.470265 0.470210 0.470210 0.470163 0.470166 0.470203 0.470170 0.470267 0.470355 0.470550 0.470360 0.470541 0.000000 0.000000
0.000000 0.000000 0.350000 0.350000 0.350000 0.350000 0.350000 0.350000 0.350000 0.350000 0.350000 0.350000 0.350000 0.350000 0.350000 0.350000 0.350000 0.350000 0.350000 0.000000 0.000000
0.000000 0.000000 0.000000 0.000000 0.000000 0.000000 0.000000 0.000000 0.000000 0.000000 0.000000 0.000000 0.000000 0.000000 0.000000 0.000000 0.000000 0.000000 0.000000 0.000000 0.000000