geotop/1.0zi/1.0Montebello/Templates/testdem/maps/_Eocsilt9212.asc
ncols         21
nrows         20
xllcorner     100.000000
yllcorner     100.000000
cellsize      50.000000
NODATA_value  -9999.0
0.000000 0.000000 0.000000 0.000000 0.000000 0.000000 0.000000 0.000000 0.000000 0.000000 0.000000 0.000000 0.000000 0.000000 0.000000 0.000000 0.000000 0.000000 0.000000 0.000000 0.000000
0.000000 0.000000 0.350195 0.350195 0.350195 0.350195 0.350195 0.350195 0.350195 0.350195 0.350195 0.350195 0.350195 0.350195 0.350195 0.350195 0.350195 0.350195 0.350195 0.000000 0.000000
0.000000 0.000000 0.350005 0.350005 0.350006 0.350005 0.350006 0.350006 0.350006 0.350006 0.350006 0.350006 0.350007 0.350007 0.350006 0.350005 0.350004 0.350004 0.350005 0.000000 0.000000
0.000000 0.000000 0.350123 0.350119 0.350114 0.350109 0.350109 0.350104 0.350107 0.350108 0.350105 0.350107 0.350107 0.350107 0.350110 0.350114 0.350119 0.350119 0.350122 0.000000 0.000000
0.000000 0.000000 0.351266 0.351270 0.351259 0.351243 0.351234 0.351229 0.351231 0.351228 0.351228 0.351230 0.351234 0.351232 0.351245 0.351252 0.351255 0.351258 0.351261 0.000000 0.000000
0.000000 0.000000 0.354526 0.354520 0.354506 0.354487 0.354457 0.354436 0.354433 0.354427 0.354431 0.354431 0.354434 0.354432 0.354447 0.354466 0.354475 0.354480 0.354487 0.000000 0.000000
0.000000 0.000000 0.359176 0.359166 0.359149 0.359118 0.359080 0.359031 0.359036 0.359032 0.359030 0.359029 0.359026 0.359032 0.359069 0.359097 0.359116 0.359128 0.359136 0.000000 0.000000
0.000000 0.000000 0.364678 0.364667 0.364655 0.364620 0.364581 0.364538 0.364540 0.364534 0.364531 0.364528 0.364525 0.364534 0.364570 0.364603 0.364633 0.364635 0.364649 0.000000 0.000000
0.000000 0.000000 0.370680 0.370663 0.370643 0.370618 0.370573 0.370519 0.370525 0.370514 0.370509 0.370506 0.370509 0.370507 0.370559 0.370598 0.370621 0.370628 0.370641 0.000000 0.000000
0.000000 0.000000 0.377178 0.377159 0.377143 0.377116 0.377057 0.377008 0.377010 0.377003 0.376994 0.376998 0.377004 0.377003 0.377044 0.377093 0.377120 0.377126 0.377133 0.000000 0.000000
0.000000 0.000000 0.384404 0.384390 0.384377 0.384313 0.384275 0.384212 0.384228 0.384193 0.384198 0.384193 0.384181 0.384202 0.384246 0.384276 0.384313 0.384325 0.384355 0.000000 0.000000
0.000000 0.000000 0.392666 0.392636 0.392599 0.392568 0.392513 0.392436 0.392437 0.392430 0.392444 0.392414 0.392427 0.392427 0.392505 0.392548 0.392568 0.392577 0.392640 0.000000 0.000000
0.000000 0.000000 0.401827 0.401798 0.401789 0.401720 0.401675 0.401458 0.401458 0.401446 0.401378 0.401416 0.401424 0.401445 0.401608 0.401648 0.401725 0.401727 0.401751 0.000000 0.000000
0.000000 0.000000 0.412965 0.412953 0.412892 0.412849 0.412551 0.412622 0.412564 0.412564 0.412595 0.412561 0.412555 0.412531 0.412464 0.412783 0.412806 0.412877 0.412926 0.000000 0.000000
0.000000 0.000000 0.426085 0.426046 0.425979 0.425590 0.425697 0.425478 0.425412 0.425389 0.425310 0.425271 0.425315 0.425315 0.425517 0.425423 0.425932 0.425819 0.425812 0.000000 0.000000
0.000000 0.000000 0.439442 0.439413 0.438898 0.439123 0.439050 0.439050 0.439270 0.439207 0.439321 0.439294 0.439201 0.439327 0.439283 0.439344 0.438829 0.439591 0.439579 0.000000 0.000000
0.000000 0.000000 0.453355 0.452782 0.452974 0.452717 0.452431 0.452339 0.452148 0.452192 0.451997 0.452019 0.452131 0.452015 0.452170 0.452381 0.452936 0.452500 0.453092 0.000000 0.000000
0.000000 0.000000 0.457740 0.458061 0.458421 0.458382 0.458364 0.458012 0.458055 0.457957 0.458102 0.458068 0.458055 0.458098 0.458392 0.458408 0.458461 0.458144 0.457826 0.000000 0.000000
0.000000 0.000000 0.350000 0.350000 0.350000 0.350000 0.350000 0.350000 0.350000 0.350000 0.350000 0.350000 0.350000 0.350000 0.350000 0.350000 0.350000 0.350000 0.350000 0.000000 0.000000
0.000000 0.000000 0.000000 0.000000 0.000000 0.000000 0.000000 0.000000 0.000000 0.000000 0.000000 0.000000 0.000000 0.000000 0.000000 0.000000 0.000000 0.000000 0.000000 0.000000 0.000000