geotop/1.0zi/1.0Montebello/Templates/testdem/maps/_Eocclay8769.asc
ncols         21
nrows         20
xllcorner     100.000000
yllcorner     100.000000
cellsize      50.000000
NODATA_value  -9999.0
0.000000 0.000000 0.000000 0.000000 0.000000 0.000000 0.000000 0.000000 0.000000 0.000000 0.000000 0.000000 0.000000 0.000000 0.000000 0.000000 0.000000 0.000000 0.000000 0.000000 0.000000
0.000000 0.000000 0.349593 0.349595 0.349595 0.349594 0.349596 0.349596 0.349595 0.349595 0.349594 0.349596 0.349595 0.349595 0.349596 0.349595 0.349593 0.349594 0.349595 0.000000 0.000000
0.000000 0.000000 0.349983 0.349982 0.349982 0.349984 0.349982 0.349982 0.349982 0.349982 0.349981 0.349981 0.349982 0.349981 0.349982 0.349983 0.349983 0.349983 0.349981 0.000000 0.000000
0.000000 0.000000 0.350022 0.350027 0.350025 0.350020 0.350021 0.350022 0.350025 0.350023 0.350026 0.350024 0.350024 0.350022 0.350025 0.350027 0.350025 0.350027 0.350025 0.000000 0.000000
0.000000 0.000000 0.351188 0.351180 0.351177 0.351168 0.351151 0.351151 0.351147 0.351148 0.351146 0.351148 0.351146 0.351148 0.351158 0.351162 0.351173 0.351172 0.351181 0.000000 0.000000
0.000000 0.000000 0.354478 0.354474 0.354455 0.354425 0.354401 0.354377 0.354381 0.354374 0.354378 0.354378 0.354383 0.354382 0.354395 0.354421 0.354434 0.354444 0.354450 0.000000 0.000000
0.000000 0.000000 0.358921 0.358912 0.358902 0.358873 0.358839 0.358791 0.358792 0.358787 0.358787 0.358789 0.358790 0.358790 0.358831 0.358861 0.358878 0.358889 0.358897 0.000000 0.000000
0.000000 0.000000 0.364181 0.364171 0.364162 0.364126 0.364091 0.364047 0.364049 0.364043 0.364043 0.364041 0.364039 0.364048 0.364085 0.364115 0.364144 0.364150 0.364164 0.000000 0.000000
0.000000 0.000000 0.369831 0.369819 0.369804 0.369780 0.369739 0.369692 0.369697 0.369687 0.369684 0.369682 0.369683 0.369681 0.369732 0.369769 0.369790 0.369796 0.369810 0.000000 0.000000
0.000000 0.000000 0.375931 0.375914 0.375906 0.375880 0.375823 0.375781 0.375782 0.375776 0.375769 0.375774 0.375781 0.375778 0.375819 0.375866 0.375891 0.375899 0.375906 0.000000 0.000000
0.000000 0.000000 0.382700 0.382688 0.382679 0.382623 0.382586 0.382530 0.382545 0.382512 0.382519 0.382515 0.382505 0.382523 0.382567 0.382595 0.382631 0.382644 0.382672 0.000000 0.000000
0.000000 0.000000 0.390363 0.390341 0.390313 0.390282 0.390232 0.390166 0.390164 0.390160 0.390174 0.390149 0.390160 0.390159 0.390233 0.390273 0.390292 0.390302 0.390364 0.000000 0.000000
0.000000 0.000000 0.398813 0.398786 0.398783 0.398724 0.398684 0.398490 0.398489 0.398480 0.398423 0.398457 0.398465 0.398482 0.398635 0.398672 0.398744 0.398746 0.398772 0.000000 0.000000
0.000000 0.000000 0.409015 0.409007 0.408961 0.408923 0.408657 0.408709 0.408657 0.408659 0.408685 0.408661 0.408656 0.408633 0.408590 0.408873 0.408899 0.408965 0.409013 0.000000 0.000000
0.000000 0.000000 0.421197 0.421163 0.421110 0.420760 0.420835 0.420656 0.420588 0.420571 0.420506 0.420472 0.420511 0.420505 0.420682 0.420624 0.421082 0.420987 0.420986 0.000000 0.000000
0.000000 0.000000 0.434295 0.434269 0.433775 0.433967 0.433908 0.433898 0.434105 0.434045 0.434155 0.434128 0.434040 0.434161 0.434140 0.434191 0.433729 0.434465 0.434454 0.000000 0.000000
0.000000 0.000000 0.449757 0.449047 0.449282 0.448973 0.448619 0.448516 0.448286 0.448341 0.448111 0.448138 0.448274 0.448130 0.448322 0.448583 0.449255 0.448739 0.449475 0.000000 0.000000
0.000000 0.000000 0.453873 0.454523 0.455046 0.455054 0.455104 0.454595 0.454701 0.454545 0.454813 0.454761 0.454714 0.454804 0.455223 0.455190 0.455137 0.454753 0.454111 0.000000 0.000000
0.000000 0.000000 0.350000 0.350000 0.350000 0.350000 0.350000 0.350000 0.350000 0.350000 0.350000 0.350000 0.350000 0.350000 0.350000 0.350000 0.350000 0.350000 0.350000 0.000000 0.000000
0.000000 0.000000 0.000000 0.000000 0.000000 0.000000 0.000000 0.000000 0.000000 0.000000 0.000000 0.000000 0.000000 0.000000 0.000000 0.000000 0.000000 0.000000 0.000000 0.000000 0.000000