geotop/1.0zi/1.0Montebello/Templates/testdem/maps/_Eocclay4599.asc
ncols         21
nrows         20
xllcorner     100.000000
yllcorner     100.000000
cellsize      50.000000
NODATA_value  -9999.0
0.000000 0.000000 0.000000 0.000000 0.000000 0.000000 0.000000 0.000000 0.000000 0.000000 0.000000 0.000000 0.000000 0.000000 0.000000 0.000000 0.000000 0.000000 0.000000 0.000000 0.000000
0.000000 0.000000 0.349798 0.349798 0.349799 0.349799 0.349799 0.349799 0.349798 0.349799 0.349799 0.349799 0.349799 0.349798 0.349799 0.349799 0.349798 0.349798 0.349798 0.000000 0.000000
0.000000 0.000000 0.349993 0.349993 0.349993 0.349993 0.349993 0.349993 0.349993 0.349993 0.349992 0.349992 0.349993 0.349993 0.349993 0.349993 0.349993 0.349993 0.349993 0.000000 0.000000
0.000000 0.000000 0.349994 0.349996 0.349994 0.349994 0.349996 0.349996 0.349996 0.349995 0.349995 0.349994 0.349994 0.349994 0.349996 0.349997 0.349996 0.349996 0.349995 0.000000 0.000000
0.000000 0.000000 0.350339 0.350338 0.350338 0.350332 0.350324 0.350322 0.350323 0.350322 0.350321 0.350324 0.350320 0.350321 0.350326 0.350325 0.350329 0.350331 0.350334 0.000000 0.000000
0.000000 0.000000 0.351597 0.351601 0.351595 0.351579 0.351575 0.351561 0.351560 0.351555 0.351560 0.351560 0.351564 0.351565 0.351566 0.351576 0.351581 0.351589 0.351594 0.000000 0.000000
0.000000 0.000000 0.353469 0.353465 0.353462 0.353450 0.353435 0.353414 0.353414 0.353409 0.353413 0.353413 0.353414 0.353415 0.353430 0.353446 0.353455 0.353462 0.353468 0.000000 0.000000
0.000000 0.000000 0.355617 0.355617 0.355615 0.355600 0.355585 0.355565 0.355566 0.355563 0.355564 0.355564 0.355561 0.355562 0.355580 0.355596 0.355605 0.355609 0.355616 0.000000 0.000000
0.000000 0.000000 0.357759 0.357757 0.357753 0.357742 0.357729 0.357708 0.357710 0.357706 0.357706 0.357707 0.357705 0.357705 0.357722 0.357740 0.357747 0.357751 0.357759 0.000000 0.000000
0.000000 0.000000 0.359905 0.359902 0.359900 0.359889 0.359871 0.359852 0.359855 0.359852 0.359852 0.359853 0.359850 0.359849 0.359868 0.359887 0.359894 0.359898 0.359905 0.000000 0.000000
0.000000 0.000000 0.362097 0.362093 0.362091 0.362083 0.362070 0.362046 0.362049 0.362043 0.362044 0.362045 0.362042 0.362042 0.362058 0.362072 0.362082 0.362087 0.362094 0.000000 0.000000
0.000000 0.000000 0.364364 0.364362 0.364357 0.364344 0.364331 0.364309 0.364308 0.364305 0.364306 0.364305 0.364303 0.364302 0.364323 0.364339 0.364349 0.364352 0.364376 0.000000 0.000000
0.000000 0.000000 0.366665 0.366661 0.366657 0.366647 0.366631 0.366584 0.366584 0.366580 0.366580 0.366581 0.366578 0.366578 0.366619 0.366638 0.366647 0.366652 0.366666 0.000000 0.000000
0.000000 0.000000 0.369104 0.369097 0.369094 0.369084 0.369037 0.369024 0.369017 0.369013 0.369014 0.369015 0.369011 0.369011 0.369024 0.369071 0.369082 0.369092 0.369100 0.000000 0.000000
0.000000 0.000000 0.371737 0.371732 0.371720 0.371679 0.371657 0.371627 0.371612 0.371607 0.371601 0.371601 0.371602 0.371596 0.371619 0.371653 0.371705 0.371703 0.371711 0.000000 0.000000
0.000000 0.000000 0.374458 0.374453 0.374403 0.374394 0.374381 0.374366 0.374364 0.374363 0.374366 0.374365 0.374357 0.374366 0.374373 0.374387 0.374388 0.374445 0.374458 0.000000 0.000000
0.000000 0.000000 0.377490 0.377423 0.377382 0.377362 0.377328 0.377309 0.377305 0.377302 0.377295 0.377296 0.377295 0.377289 0.377303 0.377344 0.377370 0.377398 0.377466 0.000000 0.000000
0.000000 0.000000 0.379852 0.379838 0.379883 0.379858 0.379829 0.379761 0.379755 0.379748 0.379751 0.379751 0.379746 0.379750 0.379811 0.379845 0.379884 0.379826 0.379853 0.000000 0.000000
0.000000 0.000000 0.350000 0.350000 0.350000 0.350000 0.350000 0.350000 0.350000 0.350000 0.350000 0.350000 0.350000 0.350000 0.350000 0.350000 0.350000 0.350000 0.350000 0.000000 0.000000
0.000000 0.000000 0.000000 0.000000 0.000000 0.000000 0.000000 0.000000 0.000000 0.000000 0.000000 0.000000 0.000000 0.000000 0.000000 0.000000 0.000000 0.000000 0.000000 0.000000 0.000000