geotop/1.0zi/1.0Montebello/Templates/testdem/maps/_Eocclay3518.asc
ncols         21
nrows         20
xllcorner     100.000000
yllcorner     100.000000
cellsize      50.000000
NODATA_value  -9999.0
0.000000 0.000000 0.000000 0.000000 0.000000 0.000000 0.000000 0.000000 0.000000 0.000000 0.000000 0.000000 0.000000 0.000000 0.000000 0.000000 0.000000 0.000000 0.000000 0.000000 0.000000
0.000000 0.000000 0.349813 0.349813 0.349814 0.349813 0.349814 0.349813 0.349813 0.349814 0.349813 0.349814 0.349813 0.349813 0.349814 0.349813 0.349814 0.349813 0.349813 0.000000 0.000000
0.000000 0.000000 0.349996 0.349996 0.349996 0.349996 0.349996 0.349996 0.349996 0.349996 0.349997 0.349996 0.349996 0.349996 0.349996 0.349996 0.349996 0.349996 0.349996 0.000000 0.000000
0.000000 0.000000 0.351305 0.351305 0.351303 0.351303 0.351304 0.351305 0.351304 0.351305 0.351305 0.351305 0.351304 0.351305 0.351304 0.351303 0.351303 0.351305 0.351305 0.000000 0.000000
0.000000 0.000000 0.356719 0.356718 0.356716 0.356717 0.356720 0.356718 0.356718 0.356720 0.356720 0.356720 0.356718 0.356718 0.356720 0.356717 0.356716 0.356718 0.356719 0.000000 0.000000
0.000000 0.000000 0.362707 0.362707 0.362705 0.362705 0.362708 0.362706 0.362706 0.362707 0.362708 0.362707 0.362706 0.362706 0.362708 0.362705 0.362705 0.362707 0.362707 0.000000 0.000000
0.000000 0.000000 0.368319 0.368318 0.368317 0.368317 0.368319 0.368318 0.368318 0.368319 0.368319 0.368319 0.368318 0.368318 0.368319 0.368317 0.368317 0.368318 0.368319 0.000000 0.000000
0.000000 0.000000 0.373421 0.373421 0.373419 0.373420 0.373421 0.373420 0.373420 0.373421 0.373422 0.373421 0.373420 0.373420 0.373421 0.373420 0.373419 0.373421 0.373421 0.000000 0.000000
0.000000 0.000000 0.378132 0.378131 0.378130 0.378130 0.378132 0.378131 0.378131 0.378132 0.378132 0.378132 0.378131 0.378131 0.378132 0.378130 0.378130 0.378131 0.378132 0.000000 0.000000
0.000000 0.000000 0.382560 0.382559 0.382558 0.382558 0.382560 0.382559 0.382559 0.382560 0.382560 0.382560 0.382559 0.382559 0.382560 0.382558 0.382558 0.382559 0.382560 0.000000 0.000000
0.000000 0.000000 0.386762 0.386762 0.386760 0.386761 0.386762 0.386761 0.386761 0.386762 0.386762 0.386762 0.386761 0.386761 0.386762 0.386761 0.386760 0.386762 0.386762 0.000000 0.000000
0.000000 0.000000 0.390779 0.390779 0.390778 0.390778 0.390779 0.390779 0.390779 0.390779 0.390780 0.390779 0.390779 0.390779 0.390779 0.390778 0.390778 0.390779 0.390779 0.000000 0.000000
0.000000 0.000000 0.394641 0.394641 0.394640 0.394640 0.394642 0.394641 0.394641 0.394641 0.394642 0.394641 0.394641 0.394641 0.394642 0.394640 0.394640 0.394641 0.394641 0.000000 0.000000
0.000000 0.000000 0.398378 0.398377 0.398376 0.398377 0.398378 0.398377 0.398377 0.398378 0.398378 0.398378 0.398377 0.398377 0.398378 0.398377 0.398376 0.398377 0.398378 0.000000 0.000000
0.000000 0.000000 0.401999 0.401999 0.401998 0.401998 0.401999 0.401999 0.401999 0.401999 0.402000 0.401999 0.401999 0.401999 0.401999 0.401998 0.401998 0.401999 0.401999 0.000000 0.000000
0.000000 0.000000 0.405511 0.405510 0.405509 0.405510 0.405511 0.405510 0.405510 0.405511 0.405511 0.405511 0.405510 0.405510 0.405511 0.405510 0.405509 0.405510 0.405511 0.000000 0.000000
0.000000 0.000000 0.408925 0.408925 0.408924 0.408925 0.408926 0.408925 0.408925 0.408926 0.408926 0.408926 0.408925 0.408925 0.408926 0.408925 0.408924 0.408925 0.408925 0.000000 0.000000
0.000000 0.000000 0.412299 0.412299 0.412298 0.412298 0.412300 0.412299 0.412299 0.412299 0.412300 0.412299 0.412299 0.412299 0.412300 0.412298 0.412298 0.412299 0.412299 0.000000 0.000000
0.000000 0.000000 0.350000 0.350000 0.350000 0.350000 0.350000 0.350000 0.350000 0.350000 0.350000 0.350000 0.350000 0.350000 0.350000 0.350000 0.350000 0.350000 0.350000 0.000000 0.000000
0.000000 0.000000 0.000000 0.000000 0.000000 0.000000 0.000000 0.000000 0.000000 0.000000 0.000000 0.000000 0.000000 0.000000 0.000000 0.000000 0.000000 0.000000 0.000000 0.000000 0.000000