geotop/1.0zi/1.0Montebello/Templates/testdem/maps/_Eocsand9755.asc
ncols         21
nrows         20
xllcorner     100.000000
yllcorner     100.000000
cellsize      50.000000
NODATA_value  -9999.0
0.000000 0.000000 0.000000 0.000000 0.000000 0.000000 0.000000 0.000000 0.000000 0.000000 0.000000 0.000000 0.000000 0.000000 0.000000 0.000000 0.000000 0.000000 0.000000 0.000000 0.000000
0.000000 0.000000 0.300241 0.300238 0.300239 0.300239 0.300238 0.300238 0.300238 0.300239 0.300239 0.300239 0.300239 0.300239 0.300239 0.300238 0.300240 0.300239 0.300239 0.000000 0.000000
0.000000 0.000000 0.300011 0.300013 0.300013 0.300011 0.300012 0.300013 0.300012 0.300012 0.300012 0.300012 0.300011 0.300012 0.300012 0.300012 0.300013 0.300013 0.300014 0.000000 0.000000
0.000000 0.000000 0.299810 0.299808 0.299817 0.299825 0.299824 0.299830 0.299822 0.299824 0.299824 0.299823 0.299821 0.299823 0.299818 0.299811 0.299808 0.299805 0.299806 0.000000 0.000000
0.000000 0.000000 0.297020 0.297021 0.297037 0.297070 0.297097 0.297107 0.297107 0.297108 0.297111 0.297104 0.297098 0.297099 0.297075 0.297061 0.297046 0.297037 0.297024 0.000000 0.000000
0.000000 0.000000 0.289408 0.289420 0.289457 0.289520 0.289583 0.289641 0.289638 0.289650 0.289649 0.289649 0.289637 0.289642 0.289608 0.289552 0.289525 0.289504 0.289492 0.000000 0.000000
0.000000 0.000000 0.279017 0.279040 0.279070 0.279144 0.279226 0.279336 0.279334 0.279345 0.279353 0.279353 0.279353 0.279349 0.279257 0.279190 0.279149 0.279121 0.279105 0.000000 0.000000
0.000000 0.000000 0.266655 0.266682 0.266713 0.266801 0.266892 0.266993 0.266991 0.267005 0.267015 0.267021 0.267024 0.267007 0.266922 0.266847 0.266780 0.266767 0.266738 0.000000 0.000000
0.000000 0.000000 0.253072 0.253110 0.253158 0.253227 0.253329 0.253450 0.253439 0.253463 0.253479 0.253483 0.253477 0.253483 0.253363 0.253274 0.253222 0.253201 0.253175 0.000000 0.000000
0.000000 0.000000 0.238067 0.238119 0.238157 0.238231 0.238344 0.238470 0.238468 0.238486 0.238512 0.238501 0.238485 0.238492 0.238395 0.238279 0.238218 0.238195 0.238183 0.000000 0.000000
0.000000 0.000000 0.220989 0.221033 0.221070 0.221234 0.221287 0.221457 0.221421 0.221506 0.221499 0.221511 0.221538 0.221492 0.221384 0.221311 0.221226 0.221195 0.221122 0.000000 0.000000
0.000000 0.000000 0.201047 0.201136 0.201237 0.201315 0.201404 0.201618 0.201622 0.201633 0.201609 0.201682 0.201647 0.201658 0.201464 0.201352 0.201306 0.201279 0.201131 0.000000 0.000000
0.000000 0.000000 0.178555 0.178639 0.178663 0.178820 0.178929 0.179492 0.179502 0.179539 0.179738 0.179617 0.179605 0.179557 0.179135 0.179039 0.178833 0.178823 0.178786 0.000000 0.000000
0.000000 0.000000 0.150699 0.150739 0.150919 0.151030 0.151816 0.151541 0.151710 0.151712 0.151609 0.151716 0.151735 0.151818 0.152070 0.151203 0.151171 0.150970 0.150848 0.000000 0.000000
0.000000 0.000000 0.119084 0.119178 0.119336 0.120348 0.119920 0.120552 0.120693 0.120762 0.120991 0.121068 0.120951 0.120946 0.120386 0.120796 0.119477 0.119788 0.119835 0.000000 0.000000
0.000000 0.000000 0.090937 0.090992 0.092079 0.091505 0.091705 0.091655 0.091176 0.091305 0.091048 0.091091 0.091298 0.091041 0.091194 0.091008 0.092244 0.090580 0.090604 0.000000 0.000000
0.000000 0.000000 0.066951 0.067759 0.067546 0.067885 0.068310 0.068446 0.068694 0.068637 0.068904 0.068873 0.068721 0.068877 0.068655 0.068337 0.067616 0.068139 0.067298 0.000000 0.000000
0.000000 0.000000 0.056915 0.056838 0.056364 0.056529 0.056685 0.057113 0.057147 0.057235 0.057163 0.057187 0.057153 0.057157 0.056765 0.056645 0.056345 0.056874 0.056943 0.000000 0.000000
0.000000 0.000000 0.300000 0.300000 0.300000 0.300000 0.300000 0.300000 0.300000 0.300000 0.300000 0.300000 0.300000 0.300000 0.300000 0.300000 0.300000 0.300000 0.300000 0.000000 0.000000
0.000000 0.000000 0.000000 0.000000 0.000000 0.000000 0.000000 0.000000 0.000000 0.000000 0.000000 0.000000 0.000000 0.000000 0.000000 0.000000 0.000000 0.000000 0.000000 0.000000 0.000000