geotop/1.0zi/1.0Montebello/Templates/testdem/maps/_Eocsand2007.asc
ncols         21
nrows         20
xllcorner     100.000000
yllcorner     100.000000
cellsize      50.000000
NODATA_value  -9999.0
0.000000 0.000000 0.000000 0.000000 0.000000 0.000000 0.000000 0.000000 0.000000 0.000000 0.000000 0.000000 0.000000 0.000000 0.000000 0.000000 0.000000 0.000000 0.000000 0.000000 0.000000
0.000000 0.000000 0.300059 0.300059 0.300059 0.300059 0.300059 0.300059 0.300059 0.300059 0.300059 0.300059 0.300059 0.300059 0.300059 0.300059 0.300059 0.300059 0.300059 0.000000 0.000000
0.000000 0.000000 0.300008 0.300008 0.300009 0.300008 0.300008 0.300008 0.300008 0.300008 0.300008 0.300008 0.300008 0.300008 0.300008 0.300008 0.300009 0.300008 0.300008 0.000000 0.000000
0.000000 0.000000 0.298650 0.298651 0.298655 0.298653 0.298650 0.298650 0.298650 0.298650 0.298650 0.298650 0.298650 0.298650 0.298650 0.298653 0.298655 0.298651 0.298650 0.000000 0.000000
0.000000 0.000000 0.293244 0.293245 0.293249 0.293249 0.293243 0.293245 0.293244 0.293242 0.293242 0.293242 0.293244 0.293245 0.293243 0.293249 0.293249 0.293245 0.293244 0.000000 0.000000
0.000000 0.000000 0.286619 0.286620 0.286623 0.286623 0.286618 0.286619 0.286619 0.286617 0.286617 0.286617 0.286619 0.286619 0.286618 0.286623 0.286623 0.286620 0.286619 0.000000 0.000000
0.000000 0.000000 0.280419 0.280420 0.280423 0.280423 0.280418 0.280420 0.280420 0.280418 0.280418 0.280418 0.280420 0.280420 0.280418 0.280423 0.280423 0.280420 0.280419 0.000000 0.000000
0.000000 0.000000 0.274720 0.274720 0.274723 0.274723 0.274719 0.274720 0.274720 0.274719 0.274718 0.274719 0.274720 0.274720 0.274719 0.274723 0.274723 0.274720 0.274720 0.000000 0.000000
0.000000 0.000000 0.269386 0.269386 0.269389 0.269388 0.269385 0.269386 0.269386 0.269385 0.269384 0.269385 0.269386 0.269386 0.269385 0.269388 0.269389 0.269386 0.269386 0.000000 0.000000
0.000000 0.000000 0.264290 0.264290 0.264293 0.264292 0.264289 0.264290 0.264290 0.264289 0.264288 0.264289 0.264290 0.264290 0.264289 0.264292 0.264293 0.264290 0.264290 0.000000 0.000000
0.000000 0.000000 0.259376 0.259376 0.259379 0.259378 0.259375 0.259376 0.259376 0.259375 0.259375 0.259375 0.259376 0.259376 0.259375 0.259378 0.259379 0.259376 0.259376 0.000000 0.000000
0.000000 0.000000 0.254601 0.254601 0.254604 0.254603 0.254600 0.254601 0.254601 0.254600 0.254600 0.254600 0.254601 0.254601 0.254600 0.254603 0.254604 0.254601 0.254601 0.000000 0.000000
0.000000 0.000000 0.249932 0.249933 0.249935 0.249935 0.249932 0.249933 0.249933 0.249931 0.249931 0.249931 0.249933 0.249933 0.249932 0.249935 0.249935 0.249933 0.249932 0.000000 0.000000
0.000000 0.000000 0.245359 0.245359 0.245362 0.245361 0.245358 0.245359 0.245359 0.245358 0.245358 0.245358 0.245359 0.245359 0.245358 0.245361 0.245362 0.245359 0.245359 0.000000 0.000000
0.000000 0.000000 0.240859 0.240859 0.240862 0.240861 0.240858 0.240859 0.240859 0.240858 0.240858 0.240858 0.240859 0.240859 0.240858 0.240861 0.240862 0.240859 0.240859 0.000000 0.000000
0.000000 0.000000 0.236420 0.236420 0.236423 0.236422 0.236419 0.236420 0.236420 0.236419 0.236419 0.236419 0.236420 0.236420 0.236419 0.236422 0.236423 0.236420 0.236420 0.000000 0.000000
0.000000 0.000000 0.232043 0.232044 0.232046 0.232045 0.232043 0.232044 0.232043 0.232042 0.232042 0.232042 0.232043 0.232044 0.232043 0.232045 0.232046 0.232044 0.232043 0.000000 0.000000
0.000000 0.000000 0.227663 0.227663 0.227665 0.227665 0.227662 0.227663 0.227663 0.227662 0.227661 0.227662 0.227663 0.227663 0.227662 0.227665 0.227665 0.227663 0.227662 0.000000 0.000000
0.000000 0.000000 0.300000 0.300000 0.300000 0.300000 0.300000 0.300000 0.300000 0.300000 0.300000 0.300000 0.300000 0.300000 0.300000 0.300000 0.300000 0.300000 0.300000 0.000000 0.000000
0.000000 0.000000 0.000000 0.000000 0.000000 0.000000 0.000000 0.000000 0.000000 0.000000 0.000000 0.000000 0.000000 0.000000 0.000000 0.000000 0.000000 0.000000 0.000000 0.000000 0.000000