geotop/1.0zi/1.0Montebello/Templates/testdem/maps/_Eocsilt4139.asc
ncols         21
nrows         20
xllcorner     100.000000
yllcorner     100.000000
cellsize      50.000000
NODATA_value  -9999.0
0.000000 0.000000 0.000000 0.000000 0.000000 0.000000 0.000000 0.000000 0.000000 0.000000 0.000000 0.000000 0.000000 0.000000 0.000000 0.000000 0.000000 0.000000 0.000000 0.000000 0.000000
0.000000 0.000000 0.350086 0.350086 0.350086 0.350086 0.350085 0.350086 0.350086 0.350086 0.350086 0.350086 0.350086 0.350086 0.350085 0.350086 0.350086 0.350086 0.350085 0.000000 0.000000
0.000000 0.000000 0.350001 0.350002 0.350002 0.350002 0.350003 0.350003 0.350003 0.350003 0.350003 0.350003 0.350003 0.350003 0.350003 0.350002 0.350001 0.350001 0.350001 0.000000 0.000000
0.000000 0.000000 0.350032 0.350031 0.350031 0.350026 0.350027 0.350025 0.350027 0.350027 0.350027 0.350027 0.350027 0.350026 0.350028 0.350030 0.350031 0.350032 0.350031 0.000000 0.000000
0.000000 0.000000 0.350380 0.350382 0.350380 0.350381 0.350380 0.350377 0.350375 0.350373 0.350372 0.350374 0.350374 0.350375 0.350376 0.350375 0.350375 0.350379 0.350382 0.000000 0.000000
0.000000 0.000000 0.351468 0.351469 0.351465 0.351461 0.351459 0.351448 0.351446 0.351441 0.351446 0.351448 0.351449 0.351444 0.351446 0.351451 0.351454 0.351454 0.351456 0.000000 0.000000
0.000000 0.000000 0.353124 0.353123 0.353119 0.353109 0.353098 0.353084 0.353086 0.353084 0.353086 0.353084 0.353081 0.353080 0.353089 0.353102 0.353107 0.353111 0.353118 0.000000 0.000000
0.000000 0.000000 0.355049 0.355045 0.355040 0.355029 0.355016 0.355000 0.355002 0.354999 0.354999 0.354999 0.354996 0.354993 0.355009 0.355024 0.355034 0.355036 0.355041 0.000000 0.000000
0.000000 0.000000 0.356994 0.356988 0.356981 0.356973 0.356961 0.356941 0.356943 0.356939 0.356940 0.356941 0.356938 0.356936 0.356950 0.356966 0.356974 0.356978 0.356986 0.000000 0.000000
0.000000 0.000000 0.358923 0.358918 0.358913 0.358903 0.358889 0.358872 0.358875 0.358873 0.358873 0.358873 0.358869 0.358866 0.358882 0.358899 0.358906 0.358909 0.358915 0.000000 0.000000
0.000000 0.000000 0.360861 0.360856 0.360850 0.360843 0.360833 0.360813 0.360815 0.360811 0.360811 0.360812 0.360808 0.360805 0.360818 0.360830 0.360840 0.360843 0.360851 0.000000 0.000000
0.000000 0.000000 0.362858 0.362853 0.362846 0.362835 0.362824 0.362804 0.362804 0.362801 0.362802 0.362801 0.362799 0.362795 0.362814 0.362828 0.362837 0.362840 0.362862 0.000000 0.000000
0.000000 0.000000 0.364876 0.364870 0.364863 0.364854 0.364841 0.364801 0.364802 0.364798 0.364798 0.364798 0.364794 0.364791 0.364825 0.364843 0.364851 0.364855 0.364869 0.000000 0.000000
0.000000 0.000000 0.367001 0.366993 0.366987 0.366978 0.366940 0.366929 0.366923 0.366920 0.366920 0.366920 0.366916 0.366912 0.366923 0.366964 0.366973 0.366981 0.366990 0.000000 0.000000
0.000000 0.000000 0.369282 0.369275 0.369260 0.369226 0.369209 0.369184 0.369171 0.369167 0.369161 0.369160 0.369160 0.369152 0.369170 0.369199 0.369244 0.369242 0.369249 0.000000 0.000000
0.000000 0.000000 0.371625 0.371617 0.371571 0.371565 0.371555 0.371542 0.371541 0.371540 0.371541 0.371540 0.371532 0.371536 0.371541 0.371554 0.371556 0.371601 0.371613 0.000000 0.000000
0.000000 0.000000 0.374214 0.374157 0.374116 0.374101 0.374076 0.374061 0.374058 0.374056 0.374049 0.374050 0.374048 0.374040 0.374048 0.374082 0.374103 0.374127 0.374183 0.000000 0.000000
0.000000 0.000000 0.376254 0.376237 0.376267 0.376248 0.376224 0.376172 0.376167 0.376162 0.376163 0.376163 0.376157 0.376157 0.376202 0.376231 0.376265 0.376217 0.376243 0.000000 0.000000
0.000000 0.000000 0.350000 0.350000 0.350000 0.350000 0.350000 0.350000 0.350000 0.350000 0.350000 0.350000 0.350000 0.350000 0.350000 0.350000 0.350000 0.350000 0.350000 0.000000 0.000000
0.000000 0.000000 0.000000 0.000000 0.000000 0.000000 0.000000 0.000000 0.000000 0.000000 0.000000 0.000000 0.000000 0.000000 0.000000 0.000000 0.000000 0.000000 0.000000 0.000000 0.000000