geotop/1.0zi/1.0Montebello/Templates/testdem/maps/_Eocclay9187.asc
ncols         21
nrows         20
xllcorner     100.000000
yllcorner     100.000000
cellsize      50.000000
NODATA_value  -9999.0
0.000000 0.000000 0.000000 0.000000 0.000000 0.000000 0.000000 0.000000 0.000000 0.000000 0.000000 0.000000 0.000000 0.000000 0.000000 0.000000 0.000000 0.000000 0.000000 0.000000 0.000000
0.000000 0.000000 0.349572 0.349575 0.349575 0.349574 0.349576 0.349576 0.349575 0.349575 0.349574 0.349576 0.349575 0.349575 0.349576 0.349575 0.349573 0.349574 0.349574 0.000000 0.000000
0.000000 0.000000 0.349982 0.349980 0.349980 0.349983 0.349980 0.349980 0.349981 0.349980 0.349980 0.349980 0.349980 0.349980 0.349981 0.349981 0.349982 0.349981 0.349980 0.000000 0.000000
0.000000 0.000000 0.350022 0.350027 0.350025 0.350022 0.350023 0.350024 0.350028 0.350025 0.350028 0.350026 0.350027 0.350025 0.350027 0.350029 0.350027 0.350026 0.350024 0.000000 0.000000
0.000000 0.000000 0.351242 0.351235 0.351228 0.351219 0.351201 0.351201 0.351197 0.351198 0.351197 0.351199 0.351197 0.351199 0.351209 0.351212 0.351223 0.351223 0.351233 0.000000 0.000000
0.000000 0.000000 0.354750 0.354744 0.354721 0.354690 0.354663 0.354637 0.354641 0.354634 0.354636 0.354634 0.354640 0.354639 0.354652 0.354679 0.354692 0.354702 0.354707 0.000000 0.000000
0.000000 0.000000 0.359469 0.359459 0.359445 0.359415 0.359379 0.359325 0.359328 0.359323 0.359321 0.359323 0.359323 0.359324 0.359366 0.359397 0.359414 0.359424 0.359432 0.000000 0.000000
0.000000 0.000000 0.365071 0.365060 0.365045 0.365008 0.364970 0.364922 0.364924 0.364918 0.364916 0.364913 0.364910 0.364921 0.364959 0.364990 0.365020 0.365025 0.365039 0.000000 0.000000
0.000000 0.000000 0.371129 0.371114 0.371094 0.371068 0.371023 0.370970 0.370976 0.370965 0.370960 0.370957 0.370959 0.370958 0.371010 0.371049 0.371071 0.371077 0.371089 0.000000 0.000000
0.000000 0.000000 0.377732 0.377712 0.377697 0.377669 0.377608 0.377558 0.377561 0.377553 0.377544 0.377548 0.377555 0.377553 0.377595 0.377645 0.377672 0.377679 0.377686 0.000000 0.000000
0.000000 0.000000 0.385136 0.385121 0.385107 0.385043 0.385004 0.384938 0.384955 0.384919 0.384924 0.384919 0.384907 0.384929 0.384974 0.385004 0.385042 0.385054 0.385085 0.000000 0.000000
0.000000 0.000000 0.393618 0.393587 0.393549 0.393517 0.393461 0.393381 0.393383 0.393376 0.393390 0.393358 0.393372 0.393371 0.393451 0.393495 0.393516 0.393524 0.393590 0.000000 0.000000
0.000000 0.000000 0.403066 0.403037 0.403027 0.402956 0.402909 0.402683 0.402684 0.402671 0.402601 0.402641 0.402649 0.402670 0.402841 0.402882 0.402962 0.402963 0.402987 0.000000 0.000000
0.000000 0.000000 0.414634 0.414622 0.414558 0.414513 0.414200 0.414275 0.414214 0.414215 0.414247 0.414212 0.414206 0.414181 0.414110 0.414445 0.414468 0.414542 0.414593 0.000000 0.000000
0.000000 0.000000 0.428414 0.428372 0.428301 0.427885 0.428003 0.427770 0.427698 0.427674 0.427590 0.427550 0.427596 0.427596 0.427811 0.427708 0.428252 0.428130 0.428121 0.000000 0.000000
0.000000 0.000000 0.442706 0.442674 0.442105 0.442361 0.442281 0.442285 0.442530 0.442462 0.442589 0.442560 0.442456 0.442595 0.442543 0.442610 0.442030 0.442875 0.442862 0.000000 0.000000
0.000000 0.000000 0.458317 0.457620 0.457875 0.457556 0.457210 0.457102 0.456863 0.456919 0.456679 0.456706 0.456846 0.456699 0.456887 0.457141 0.457832 0.457269 0.457990 0.000000 0.000000
0.000000 0.000000 0.462406 0.462936 0.463399 0.463389 0.463414 0.462956 0.463040 0.462903 0.463127 0.463080 0.463044 0.463120 0.463493 0.463477 0.463461 0.463093 0.462563 0.000000 0.000000
0.000000 0.000000 0.350000 0.350000 0.350000 0.350000 0.350000 0.350000 0.350000 0.350000 0.350000 0.350000 0.350000 0.350000 0.350000 0.350000 0.350000 0.350000 0.350000 0.000000 0.000000
0.000000 0.000000 0.000000 0.000000 0.000000 0.000000 0.000000 0.000000 0.000000 0.000000 0.000000 0.000000 0.000000 0.000000 0.000000 0.000000 0.000000 0.000000 0.000000 0.000000 0.000000