geotop/1.0zi/1.0Montebello/Templates/testdem/maps/_Eocsilt2061.asc
ncols         21
nrows         20
xllcorner     100.000000
yllcorner     100.000000
cellsize      50.000000
NODATA_value  -9999.0
0.000000 0.000000 0.000000 0.000000 0.000000 0.000000 0.000000 0.000000 0.000000 0.000000 0.000000 0.000000 0.000000 0.000000 0.000000 0.000000 0.000000 0.000000 0.000000 0.000000 0.000000
0.000000 0.000000 0.350046 0.350046 0.350046 0.350046 0.350046 0.350046 0.350046 0.350046 0.350046 0.350046 0.350046 0.350046 0.350046 0.350046 0.350046 0.350046 0.350046 0.000000 0.000000
0.000000 0.000000 0.349999 0.349998 0.349999 0.349999 0.349999 0.349999 0.349999 0.349999 0.349999 0.349999 0.349999 0.349999 0.349999 0.349999 0.349999 0.349998 0.349999 0.000000 0.000000
0.000000 0.000000 0.350700 0.350699 0.350697 0.350698 0.350700 0.350700 0.350700 0.350700 0.350700 0.350700 0.350700 0.350700 0.350700 0.350698 0.350697 0.350699 0.350700 0.000000 0.000000
0.000000 0.000000 0.353341 0.353340 0.353338 0.353338 0.353341 0.353340 0.353340 0.353342 0.353342 0.353342 0.353340 0.353340 0.353341 0.353338 0.353338 0.353340 0.353341 0.000000 0.000000
0.000000 0.000000 0.356769 0.356769 0.356767 0.356767 0.356770 0.356769 0.356769 0.356770 0.356770 0.356770 0.356769 0.356769 0.356770 0.356767 0.356767 0.356769 0.356769 0.000000 0.000000
0.000000 0.000000 0.359927 0.359927 0.359925 0.359926 0.359928 0.359927 0.359927 0.359928 0.359928 0.359928 0.359927 0.359927 0.359928 0.359926 0.359925 0.359927 0.359927 0.000000 0.000000
0.000000 0.000000 0.362822 0.362821 0.362820 0.362820 0.362822 0.362821 0.362821 0.362822 0.362822 0.362822 0.362821 0.362821 0.362822 0.362820 0.362820 0.362821 0.362822 0.000000 0.000000
0.000000 0.000000 0.365528 0.365528 0.365527 0.365527 0.365528 0.365528 0.365528 0.365529 0.365529 0.365529 0.365528 0.365528 0.365528 0.365527 0.365527 0.365528 0.365528 0.000000 0.000000
0.000000 0.000000 0.368112 0.368112 0.368110 0.368111 0.368112 0.368112 0.368112 0.368112 0.368112 0.368112 0.368112 0.368112 0.368112 0.368111 0.368110 0.368112 0.368112 0.000000 0.000000
0.000000 0.000000 0.370602 0.370601 0.370600 0.370600 0.370602 0.370601 0.370601 0.370602 0.370602 0.370602 0.370601 0.370601 0.370602 0.370600 0.370600 0.370601 0.370602 0.000000 0.000000
0.000000 0.000000 0.373020 0.373020 0.373018 0.373019 0.373020 0.373020 0.373020 0.373020 0.373020 0.373020 0.373020 0.373020 0.373020 0.373019 0.373018 0.373020 0.373020 0.000000 0.000000
0.000000 0.000000 0.375383 0.375383 0.375381 0.375382 0.375383 0.375383 0.375383 0.375383 0.375383 0.375383 0.375383 0.375383 0.375383 0.375382 0.375381 0.375383 0.375383 0.000000 0.000000
0.000000 0.000000 0.377697 0.377696 0.377695 0.377695 0.377697 0.377696 0.377696 0.377697 0.377697 0.377697 0.377696 0.377696 0.377697 0.377695 0.377695 0.377696 0.377697 0.000000 0.000000
0.000000 0.000000 0.379971 0.379971 0.379970 0.379970 0.379971 0.379971 0.379971 0.379971 0.379972 0.379971 0.379971 0.379971 0.379971 0.379970 0.379970 0.379971 0.379971 0.000000 0.000000
0.000000 0.000000 0.382212 0.382212 0.382210 0.382211 0.382212 0.382212 0.382212 0.382212 0.382212 0.382212 0.382212 0.382212 0.382212 0.382211 0.382210 0.382212 0.382212 0.000000 0.000000
0.000000 0.000000 0.384419 0.384419 0.384417 0.384418 0.384419 0.384419 0.384419 0.384419 0.384419 0.384419 0.384419 0.384419 0.384419 0.384418 0.384417 0.384419 0.384419 0.000000 0.000000
0.000000 0.000000 0.386623 0.386623 0.386622 0.386622 0.386624 0.386623 0.386623 0.386624 0.386624 0.386624 0.386623 0.386623 0.386624 0.386622 0.386622 0.386623 0.386623 0.000000 0.000000
0.000000 0.000000 0.350000 0.350000 0.350000 0.350000 0.350000 0.350000 0.350000 0.350000 0.350000 0.350000 0.350000 0.350000 0.350000 0.350000 0.350000 0.350000 0.350000 0.000000 0.000000
0.000000 0.000000 0.000000 0.000000 0.000000 0.000000 0.000000 0.000000 0.000000 0.000000 0.000000 0.000000 0.000000 0.000000 0.000000 0.000000 0.000000 0.000000 0.000000 0.000000 0.000000