geotop/1.0zi/1.0Montebello/Templates/testdem/maps/_Eocsilt3399.asc
ncols         21
nrows         20
xllcorner     100.000000
yllcorner     100.000000
cellsize      50.000000
NODATA_value  -9999.0
0.000000 0.000000 0.000000 0.000000 0.000000 0.000000 0.000000 0.000000 0.000000 0.000000 0.000000 0.000000 0.000000 0.000000 0.000000 0.000000 0.000000 0.000000 0.000000 0.000000 0.000000
0.000000 0.000000 0.350091 0.350091 0.350091 0.350091 0.350091 0.350091 0.350091 0.350091 0.350091 0.350091 0.350091 0.350091 0.350091 0.350091 0.350091 0.350091 0.350091 0.000000 0.000000
0.000000 0.000000 0.349994 0.349994 0.349994 0.349994 0.349994 0.349994 0.349994 0.349994 0.349994 0.349994 0.349994 0.349994 0.349994 0.349994 0.349994 0.349994 0.349994 0.000000 0.000000
0.000000 0.000000 0.351365 0.351364 0.351362 0.351363 0.351365 0.351365 0.351365 0.351365 0.351365 0.351365 0.351365 0.351365 0.351365 0.351363 0.351362 0.351364 0.351365 0.000000 0.000000
0.000000 0.000000 0.356201 0.356200 0.356198 0.356199 0.356201 0.356200 0.356200 0.356201 0.356202 0.356201 0.356200 0.356200 0.356201 0.356199 0.356198 0.356200 0.356201 0.000000 0.000000
0.000000 0.000000 0.362117 0.362116 0.362114 0.362115 0.362117 0.362116 0.362116 0.362117 0.362118 0.362117 0.362116 0.362116 0.362117 0.362115 0.362114 0.362116 0.362117 0.000000 0.000000
0.000000 0.000000 0.367469 0.367468 0.367467 0.367467 0.367469 0.367468 0.367468 0.367469 0.367470 0.367469 0.367468 0.367468 0.367469 0.367467 0.367467 0.367468 0.367469 0.000000 0.000000
0.000000 0.000000 0.372303 0.372302 0.372301 0.372301 0.372303 0.372302 0.372302 0.372303 0.372304 0.372303 0.372302 0.372302 0.372303 0.372301 0.372301 0.372302 0.372303 0.000000 0.000000
0.000000 0.000000 0.376760 0.376759 0.376758 0.376758 0.376760 0.376759 0.376759 0.376760 0.376761 0.376760 0.376759 0.376759 0.376760 0.376758 0.376758 0.376759 0.376760 0.000000 0.000000
0.000000 0.000000 0.380946 0.380945 0.380944 0.380945 0.380946 0.380945 0.380945 0.380946 0.380946 0.380946 0.380945 0.380945 0.380946 0.380945 0.380944 0.380945 0.380946 0.000000 0.000000
0.000000 0.000000 0.384915 0.384915 0.384914 0.384914 0.384915 0.384915 0.384915 0.384915 0.384916 0.384915 0.384915 0.384915 0.384915 0.384914 0.384914 0.384915 0.384915 0.000000 0.000000
0.000000 0.000000 0.388707 0.388706 0.388705 0.388706 0.388707 0.388706 0.388706 0.388707 0.388707 0.388707 0.388706 0.388706 0.388707 0.388706 0.388705 0.388706 0.388707 0.000000 0.000000
0.000000 0.000000 0.392349 0.392349 0.392348 0.392348 0.392350 0.392349 0.392349 0.392350 0.392350 0.392350 0.392349 0.392349 0.392350 0.392348 0.392348 0.392349 0.392349 0.000000 0.000000
0.000000 0.000000 0.395871 0.395871 0.395870 0.395870 0.395872 0.395871 0.395871 0.395872 0.395872 0.395872 0.395871 0.395871 0.395872 0.395870 0.395870 0.395871 0.395871 0.000000 0.000000
0.000000 0.000000 0.399284 0.399283 0.399282 0.399283 0.399284 0.399283 0.399283 0.399284 0.399284 0.399284 0.399283 0.399283 0.399284 0.399283 0.399282 0.399283 0.399284 0.000000 0.000000
0.000000 0.000000 0.402591 0.402591 0.402590 0.402590 0.402592 0.402591 0.402591 0.402592 0.402592 0.402592 0.402591 0.402591 0.402592 0.402590 0.402590 0.402591 0.402591 0.000000 0.000000
0.000000 0.000000 0.405806 0.405806 0.405805 0.405805 0.405806 0.405806 0.405806 0.405806 0.405807 0.405806 0.405806 0.405806 0.405806 0.405805 0.405805 0.405806 0.405806 0.000000 0.000000
0.000000 0.000000 0.408986 0.408986 0.408985 0.408986 0.408987 0.408986 0.408986 0.408987 0.408987 0.408987 0.408986 0.408986 0.408987 0.408986 0.408985 0.408986 0.408987 0.000000 0.000000
0.000000 0.000000 0.350000 0.350000 0.350000 0.350000 0.350000 0.350000 0.350000 0.350000 0.350000 0.350000 0.350000 0.350000 0.350000 0.350000 0.350000 0.350000 0.350000 0.000000 0.000000
0.000000 0.000000 0.000000 0.000000 0.000000 0.000000 0.000000 0.000000 0.000000 0.000000 0.000000 0.000000 0.000000 0.000000 0.000000 0.000000 0.000000 0.000000 0.000000 0.000000 0.000000