geotop/1.0zi/1.0Montebello/Templates/testdem/maps/_Eocsand8811.asc
ncols         21
nrows         20
xllcorner     100.000000
yllcorner     100.000000
cellsize      50.000000
NODATA_value  -9999.0
0.000000 0.000000 0.000000 0.000000 0.000000 0.000000 0.000000 0.000000 0.000000 0.000000 0.000000 0.000000 0.000000 0.000000 0.000000 0.000000 0.000000 0.000000 0.000000 0.000000 0.000000
0.000000 0.000000 0.300225 0.300222 0.300222 0.300223 0.300222 0.300221 0.300222 0.300222 0.300222 0.300222 0.300222 0.300222 0.300222 0.300222 0.300223 0.300223 0.300223 0.000000 0.000000
0.000000 0.000000 0.300012 0.300014 0.300013 0.300012 0.300013 0.300013 0.300013 0.300013 0.300013 0.300013 0.300012 0.300013 0.300012 0.300013 0.300014 0.300014 0.300015 0.000000 0.000000
0.000000 0.000000 0.299856 0.299856 0.299863 0.299870 0.299869 0.299873 0.299867 0.299869 0.299869 0.299868 0.299867 0.299869 0.299864 0.299859 0.299856 0.299856 0.299855 0.000000 0.000000
0.000000 0.000000 0.297576 0.297577 0.297589 0.297616 0.297641 0.297645 0.297649 0.297651 0.297652 0.297648 0.297646 0.297645 0.297623 0.297612 0.297599 0.297595 0.297582 0.000000 0.000000
0.000000 0.000000 0.291157 0.291165 0.291193 0.291241 0.291291 0.291336 0.291333 0.291345 0.291336 0.291336 0.291327 0.291330 0.291302 0.291260 0.291237 0.291224 0.291211 0.000000 0.000000
0.000000 0.000000 0.282276 0.282293 0.282314 0.282373 0.282442 0.282535 0.282530 0.282538 0.282537 0.282536 0.282538 0.282533 0.282455 0.282397 0.282362 0.282341 0.282326 0.000000 0.000000
0.000000 0.000000 0.271771 0.271789 0.271805 0.271873 0.271943 0.272028 0.272023 0.272033 0.272034 0.272039 0.272044 0.272026 0.271954 0.271892 0.271835 0.271828 0.271801 0.000000 0.000000
0.000000 0.000000 0.260424 0.260449 0.260480 0.260527 0.260607 0.260703 0.260692 0.260712 0.260718 0.260721 0.260717 0.260720 0.260621 0.260547 0.260505 0.260493 0.260467 0.000000 0.000000
0.000000 0.000000 0.248201 0.248233 0.248250 0.248299 0.248410 0.248495 0.248491 0.248503 0.248516 0.248506 0.248493 0.248498 0.248418 0.248325 0.248275 0.248263 0.248250 0.000000 0.000000
0.000000 0.000000 0.234679 0.234700 0.234718 0.234829 0.234901 0.235011 0.234979 0.235045 0.235030 0.235037 0.235058 0.235020 0.234936 0.234880 0.234810 0.234787 0.234733 0.000000 0.000000
0.000000 0.000000 0.219359 0.219404 0.219459 0.219518 0.219616 0.219748 0.219747 0.219756 0.219727 0.219778 0.219755 0.219755 0.219609 0.219531 0.219495 0.219478 0.219358 0.000000 0.000000
0.000000 0.000000 0.202484 0.202534 0.202539 0.202655 0.202733 0.203119 0.203117 0.203136 0.203250 0.203181 0.203165 0.203129 0.202828 0.202755 0.202613 0.202614 0.202565 0.000000 0.000000
0.000000 0.000000 0.182131 0.182146 0.182237 0.182310 0.182838 0.182730 0.182827 0.182824 0.182770 0.182820 0.182829 0.182872 0.182965 0.182401 0.182352 0.182227 0.182136 0.000000 0.000000
0.000000 0.000000 0.157928 0.157991 0.158097 0.158788 0.158633 0.158991 0.159116 0.159151 0.159279 0.159349 0.159270 0.159277 0.158928 0.159050 0.158143 0.158339 0.158345 0.000000 0.000000
0.000000 0.000000 0.132154 0.132204 0.133171 0.132787 0.132900 0.132916 0.132503 0.132619 0.132403 0.132455 0.132627 0.132388 0.132436 0.132337 0.133250 0.131818 0.131843 0.000000 0.000000
0.000000 0.000000 0.102428 0.103758 0.103319 0.103895 0.104559 0.104754 0.105179 0.105074 0.105510 0.105458 0.105202 0.105468 0.105112 0.104621 0.103358 0.104335 0.102959 0.000000 0.000000
0.000000 0.000000 0.094150 0.093019 0.092067 0.092069 0.091997 0.092923 0.092737 0.093015 0.092541 0.092636 0.092713 0.092554 0.091791 0.091838 0.091895 0.092620 0.093738 0.000000 0.000000
0.000000 0.000000 0.300000 0.300000 0.300000 0.300000 0.300000 0.300000 0.300000 0.300000 0.300000 0.300000 0.300000 0.300000 0.300000 0.300000 0.300000 0.300000 0.300000 0.000000 0.000000
0.000000 0.000000 0.000000 0.000000 0.000000 0.000000 0.000000 0.000000 0.000000 0.000000 0.000000 0.000000 0.000000 0.000000 0.000000 0.000000 0.000000 0.000000 0.000000 0.000000 0.000000