geotop/1.0zi/1.0Montebello/Templates/testdem/maps/_Eocsand8191.asc
ncols         21
nrows         20
xllcorner     100.000000
yllcorner     100.000000
cellsize      50.000000
NODATA_value  -9999.0
0.000000 0.000000 0.000000 0.000000 0.000000 0.000000 0.000000 0.000000 0.000000 0.000000 0.000000 0.000000 0.000000 0.000000 0.000000 0.000000 0.000000 0.000000 0.000000 0.000000 0.000000
0.000000 0.000000 0.300207 0.300205 0.300205 0.300206 0.300205 0.300204 0.300204 0.300204 0.300205 0.300204 0.300205 0.300205 0.300204 0.300205 0.300206 0.300206 0.300206 0.000000 0.000000
0.000000 0.000000 0.300011 0.300012 0.300012 0.300010 0.300011 0.300012 0.300011 0.300011 0.300012 0.300012 0.300011 0.300011 0.300011 0.300011 0.300012 0.300013 0.300013 0.000000 0.000000
0.000000 0.000000 0.299894 0.299893 0.299897 0.299905 0.299901 0.299909 0.299904 0.299906 0.299906 0.299906 0.299906 0.299908 0.299903 0.299898 0.299896 0.299893 0.299894 0.000000 0.000000
0.000000 0.000000 0.297950 0.297947 0.297956 0.297971 0.297994 0.298003 0.298010 0.298008 0.298012 0.298012 0.298015 0.298009 0.297985 0.297979 0.297967 0.297953 0.297943 0.000000 0.000000
0.000000 0.000000 0.292292 0.292293 0.292317 0.292362 0.292397 0.292444 0.292444 0.292457 0.292449 0.292450 0.292446 0.292445 0.292422 0.292388 0.292360 0.292338 0.292326 0.000000 0.000000
0.000000 0.000000 0.284405 0.284413 0.284434 0.284485 0.284549 0.284623 0.284624 0.284634 0.284632 0.284633 0.284636 0.284630 0.284565 0.284507 0.284472 0.284444 0.284428 0.000000 0.000000
0.000000 0.000000 0.275065 0.275069 0.275085 0.275143 0.275206 0.275288 0.275289 0.275298 0.275299 0.275306 0.275309 0.275294 0.275224 0.275169 0.275116 0.275099 0.275074 0.000000 0.000000
0.000000 0.000000 0.265077 0.265093 0.265123 0.265161 0.265228 0.265316 0.265312 0.265332 0.265337 0.265341 0.265338 0.265340 0.265254 0.265184 0.265142 0.265121 0.265099 0.000000 0.000000
0.000000 0.000000 0.254508 0.254526 0.254543 0.254581 0.254677 0.254757 0.254757 0.254767 0.254780 0.254774 0.254762 0.254766 0.254694 0.254613 0.254563 0.254546 0.254530 0.000000 0.000000
0.000000 0.000000 0.243017 0.243029 0.243049 0.243131 0.243199 0.243293 0.243274 0.243325 0.243318 0.243320 0.243339 0.243305 0.243238 0.243187 0.243124 0.243089 0.243046 0.000000 0.000000
0.000000 0.000000 0.230250 0.230284 0.230325 0.230377 0.230454 0.230573 0.230581 0.230594 0.230567 0.230609 0.230597 0.230590 0.230467 0.230404 0.230361 0.230336 0.230228 0.000000 0.000000
0.000000 0.000000 0.216432 0.216464 0.216480 0.216557 0.216625 0.216935 0.216939 0.216958 0.217039 0.216997 0.216979 0.216950 0.216715 0.216651 0.216533 0.216520 0.216467 0.000000 0.000000
0.000000 0.000000 0.200214 0.200223 0.200290 0.200343 0.200732 0.200703 0.200784 0.200783 0.200758 0.200782 0.200793 0.200811 0.200846 0.200442 0.200377 0.200270 0.200193 0.000000 0.000000
0.000000 0.000000 0.181082 0.181116 0.181197 0.181690 0.181650 0.181896 0.182008 0.182035 0.182118 0.182177 0.182123 0.182133 0.181893 0.181905 0.181252 0.181350 0.181336 0.000000 0.000000
0.000000 0.000000 0.160098 0.160128 0.160844 0.160652 0.160706 0.160774 0.160508 0.160592 0.160453 0.160504 0.160621 0.160442 0.160427 0.160387 0.160905 0.159874 0.159887 0.000000 0.000000
0.000000 0.000000 0.134102 0.135222 0.134994 0.135411 0.135973 0.136137 0.136442 0.136371 0.136705 0.136676 0.136486 0.136671 0.136389 0.135975 0.135032 0.135635 0.134467 0.000000 0.000000
0.000000 0.000000 0.124564 0.123522 0.122572 0.122565 0.122518 0.123430 0.123279 0.123547 0.123113 0.123202 0.123267 0.123119 0.122360 0.122395 0.122394 0.123138 0.124154 0.000000 0.000000
0.000000 0.000000 0.300000 0.300000 0.300000 0.300000 0.300000 0.300000 0.300000 0.300000 0.300000 0.300000 0.300000 0.300000 0.300000 0.300000 0.300000 0.300000 0.300000 0.000000 0.000000
0.000000 0.000000 0.000000 0.000000 0.000000 0.000000 0.000000 0.000000 0.000000 0.000000 0.000000 0.000000 0.000000 0.000000 0.000000 0.000000 0.000000 0.000000 0.000000 0.000000 0.000000