geotop/1.0zi/1.0Montebello/Templates/testdem/maps/_Eocsilt0865.asc
ncols         21
nrows         20
xllcorner     100.000000
yllcorner     100.000000
cellsize      50.000000
NODATA_value  -9999.0
0.000000 0.000000 0.000000 0.000000 0.000000 0.000000 0.000000 0.000000 0.000000 0.000000 0.000000 0.000000 0.000000 0.000000 0.000000 0.000000 0.000000 0.000000 0.000000 0.000000 0.000000
0.000000 0.000000 0.350016 0.350016 0.350016 0.350016 0.350016 0.350016 0.350016 0.350016 0.350016 0.350016 0.350016 0.350016 0.350016 0.350016 0.350016 0.350016 0.350016 0.000000 0.000000
0.000000 0.000000 0.350000 0.349999 0.350000 0.350000 0.350000 0.350000 0.350000 0.350000 0.350000 0.350000 0.350000 0.350000 0.350000 0.350000 0.350000 0.349999 0.350000 0.000000 0.000000
0.000000 0.000000 0.350332 0.350331 0.350329 0.350330 0.350332 0.350332 0.350332 0.350332 0.350332 0.350332 0.350332 0.350332 0.350332 0.350330 0.350329 0.350331 0.350332 0.000000 0.000000
0.000000 0.000000 0.351516 0.351515 0.351513 0.351513 0.351516 0.351516 0.351515 0.351516 0.351516 0.351516 0.351515 0.351516 0.351516 0.351513 0.351513 0.351515 0.351516 0.000000 0.000000
0.000000 0.000000 0.352993 0.352992 0.352990 0.352990 0.352993 0.352992 0.352992 0.352993 0.352993 0.352993 0.352992 0.352992 0.352993 0.352990 0.352990 0.352992 0.352993 0.000000 0.000000
0.000000 0.000000 0.354356 0.354355 0.354354 0.354354 0.354356 0.354356 0.354355 0.354356 0.354356 0.354356 0.354355 0.354356 0.354356 0.354354 0.354354 0.354355 0.354356 0.000000 0.000000
0.000000 0.000000 0.355614 0.355613 0.355612 0.355612 0.355614 0.355614 0.355614 0.355614 0.355614 0.355614 0.355614 0.355614 0.355614 0.355612 0.355612 0.355613 0.355614 0.000000 0.000000
0.000000 0.000000 0.356797 0.356796 0.356795 0.356795 0.356797 0.356797 0.356796 0.356797 0.356797 0.356797 0.356796 0.356797 0.356797 0.356795 0.356795 0.356796 0.356797 0.000000 0.000000
0.000000 0.000000 0.357930 0.357930 0.357929 0.357929 0.357930 0.357930 0.357930 0.357930 0.357930 0.357930 0.357930 0.357930 0.357930 0.357929 0.357929 0.357930 0.357930 0.000000 0.000000
0.000000 0.000000 0.359030 0.359030 0.359028 0.359029 0.359030 0.359030 0.359030 0.359030 0.359030 0.359030 0.359030 0.359030 0.359030 0.359029 0.359028 0.359030 0.359030 0.000000 0.000000
0.000000 0.000000 0.360105 0.360104 0.360103 0.360103 0.360105 0.360105 0.360105 0.360105 0.360105 0.360105 0.360105 0.360105 0.360105 0.360103 0.360103 0.360104 0.360105 0.000000 0.000000
0.000000 0.000000 0.361159 0.361159 0.361157 0.361158 0.361159 0.361159 0.361159 0.361159 0.361159 0.361159 0.361159 0.361159 0.361159 0.361158 0.361157 0.361159 0.361159 0.000000 0.000000
0.000000 0.000000 0.362196 0.362196 0.362195 0.362195 0.362196 0.362196 0.362196 0.362196 0.362196 0.362196 0.362196 0.362196 0.362196 0.362195 0.362195 0.362196 0.362196 0.000000 0.000000
0.000000 0.000000 0.363222 0.363221 0.363220 0.363220 0.363222 0.363221 0.363221 0.363222 0.363222 0.363222 0.363221 0.363221 0.363222 0.363220 0.363220 0.363221 0.363222 0.000000 0.000000
0.000000 0.000000 0.364240 0.364239 0.364238 0.364238 0.364240 0.364240 0.364240 0.364240 0.364240 0.364240 0.364240 0.364240 0.364240 0.364238 0.364238 0.364239 0.364240 0.000000 0.000000
0.000000 0.000000 0.365248 0.365247 0.365246 0.365246 0.365248 0.365248 0.365248 0.365248 0.365248 0.365248 0.365248 0.365248 0.365248 0.365246 0.365246 0.365247 0.365248 0.000000 0.000000
0.000000 0.000000 0.366272 0.366272 0.366271 0.366271 0.366272 0.366272 0.366272 0.366272 0.366272 0.366272 0.366272 0.366272 0.366272 0.366271 0.366271 0.366272 0.366272 0.000000 0.000000
0.000000 0.000000 0.350000 0.350000 0.350000 0.350000 0.350000 0.350000 0.350000 0.350000 0.350000 0.350000 0.350000 0.350000 0.350000 0.350000 0.350000 0.350000 0.350000 0.000000 0.000000
0.000000 0.000000 0.000000 0.000000 0.000000 0.000000 0.000000 0.000000 0.000000 0.000000 0.000000 0.000000 0.000000 0.000000 0.000000 0.000000 0.000000 0.000000 0.000000 0.000000 0.000000