geotop/1.0zi/1.0Montebello/Templates/testdem/maps/_Eocsilt8501.asc
ncols         21
nrows         20
xllcorner     100.000000
yllcorner     100.000000
cellsize      50.000000
NODATA_value  -9999.0
0.000000 0.000000 0.000000 0.000000 0.000000 0.000000 0.000000 0.000000 0.000000 0.000000 0.000000 0.000000 0.000000 0.000000 0.000000 0.000000 0.000000 0.000000 0.000000 0.000000 0.000000
0.000000 0.000000 0.350177 0.350178 0.350178 0.350178 0.350178 0.350178 0.350178 0.350178 0.350178 0.350177 0.350177 0.350177 0.350177 0.350178 0.350178 0.350178 0.350178 0.000000 0.000000
0.000000 0.000000 0.350006 0.350006 0.350006 0.350005 0.350006 0.350006 0.350006 0.350006 0.350007 0.350006 0.350007 0.350007 0.350006 0.350006 0.350004 0.350004 0.350006 0.000000 0.000000
0.000000 0.000000 0.350102 0.350099 0.350096 0.350091 0.350092 0.350087 0.350090 0.350090 0.350087 0.350089 0.350089 0.350089 0.350092 0.350095 0.350098 0.350098 0.350100 0.000000 0.000000
0.000000 0.000000 0.351075 0.351080 0.351069 0.351058 0.351049 0.351042 0.351041 0.351038 0.351039 0.351041 0.351044 0.351044 0.351056 0.351061 0.351064 0.351074 0.351075 0.000000 0.000000
0.000000 0.000000 0.353929 0.353927 0.353918 0.353899 0.353878 0.353857 0.353855 0.353848 0.353853 0.353854 0.353857 0.353855 0.353869 0.353881 0.353894 0.353901 0.353908 0.000000 0.000000
0.000000 0.000000 0.358054 0.358047 0.358037 0.358008 0.357973 0.357936 0.357937 0.357933 0.357934 0.357934 0.357931 0.357936 0.357968 0.357995 0.358013 0.358028 0.358036 0.000000 0.000000
0.000000 0.000000 0.362934 0.362929 0.362923 0.362893 0.362861 0.362820 0.362820 0.362814 0.362813 0.362811 0.362809 0.362816 0.362851 0.362879 0.362907 0.362913 0.362926 0.000000 0.000000
0.000000 0.000000 0.368208 0.368196 0.368181 0.368160 0.368123 0.368077 0.368080 0.368070 0.368067 0.368066 0.368068 0.368066 0.368112 0.368147 0.368169 0.368180 0.368191 0.000000 0.000000
0.000000 0.000000 0.373808 0.373796 0.373787 0.373768 0.373716 0.373675 0.373675 0.373670 0.373664 0.373668 0.373674 0.373672 0.373709 0.373751 0.373776 0.373785 0.373792 0.000000 0.000000
0.000000 0.000000 0.379916 0.379909 0.379900 0.379852 0.379818 0.379767 0.379780 0.379751 0.379757 0.379755 0.379745 0.379762 0.379799 0.379823 0.379857 0.379874 0.379897 0.000000 0.000000
0.000000 0.000000 0.386754 0.386732 0.386711 0.386685 0.386641 0.386581 0.386575 0.386570 0.386583 0.386562 0.386571 0.386572 0.386637 0.386672 0.386692 0.386706 0.386760 0.000000 0.000000
0.000000 0.000000 0.394200 0.394178 0.394176 0.394129 0.394094 0.393927 0.393923 0.393915 0.393868 0.393896 0.393903 0.393918 0.394048 0.394078 0.394143 0.394148 0.394175 0.000000 0.000000
0.000000 0.000000 0.403019 0.403013 0.402977 0.402947 0.402730 0.402756 0.402713 0.402713 0.402730 0.402714 0.402710 0.402694 0.402668 0.402895 0.402924 0.402984 0.403024 0.000000 0.000000
0.000000 0.000000 0.413455 0.413432 0.413388 0.413109 0.413146 0.413005 0.412945 0.412931 0.412881 0.412851 0.412883 0.412877 0.413015 0.412990 0.413358 0.413295 0.413299 0.000000 0.000000
0.000000 0.000000 0.424778 0.424758 0.424361 0.424489 0.424452 0.424425 0.424580 0.424532 0.424615 0.424591 0.424524 0.424621 0.424620 0.424645 0.424323 0.424907 0.424899 0.000000 0.000000
0.000000 0.000000 0.438410 0.437814 0.437968 0.437731 0.437434 0.437344 0.437169 0.437210 0.437026 0.437047 0.437153 0.437044 0.437200 0.437417 0.437944 0.437576 0.438196 0.000000 0.000000
0.000000 0.000000 0.442884 0.443416 0.443881 0.443883 0.443913 0.443463 0.443544 0.443410 0.443633 0.443589 0.443554 0.443628 0.444002 0.443978 0.443964 0.443611 0.443086 0.000000 0.000000
0.000000 0.000000 0.350000 0.350000 0.350000 0.350000 0.350000 0.350000 0.350000 0.350000 0.350000 0.350000 0.350000 0.350000 0.350000 0.350000 0.350000 0.350000 0.350000 0.000000 0.000000
0.000000 0.000000 0.000000 0.000000 0.000000 0.000000 0.000000 0.000000 0.000000 0.000000 0.000000 0.000000 0.000000 0.000000 0.000000 0.000000 0.000000 0.000000 0.000000 0.000000 0.000000