geotop/1.0zi/1.0Montebello/Templates/testdem/maps/_Eocsilt4922.asc
ncols         21
nrows         20
xllcorner     100.000000
yllcorner     100.000000
cellsize      50.000000
NODATA_value  -9999.0
0.000000 0.000000 0.000000 0.000000 0.000000 0.000000 0.000000 0.000000 0.000000 0.000000 0.000000 0.000000 0.000000 0.000000 0.000000 0.000000 0.000000 0.000000 0.000000 0.000000 0.000000
0.000000 0.000000 0.350100 0.350100 0.350100 0.350100 0.350100 0.350100 0.350100 0.350100 0.350100 0.350100 0.350100 0.350100 0.350100 0.350100 0.350100 0.350100 0.350100 0.000000 0.000000
0.000000 0.000000 0.350002 0.350003 0.350003 0.350003 0.350004 0.350004 0.350004 0.350004 0.350004 0.350003 0.350004 0.350003 0.350003 0.350003 0.350002 0.350002 0.350002 0.000000 0.000000
0.000000 0.000000 0.350036 0.350036 0.350036 0.350031 0.350032 0.350030 0.350032 0.350033 0.350032 0.350031 0.350032 0.350031 0.350032 0.350035 0.350035 0.350037 0.350036 0.000000 0.000000
0.000000 0.000000 0.350428 0.350431 0.350430 0.350426 0.350423 0.350420 0.350418 0.350416 0.350414 0.350416 0.350417 0.350418 0.350422 0.350423 0.350424 0.350431 0.350435 0.000000 0.000000
0.000000 0.000000 0.351693 0.351696 0.351691 0.351680 0.351673 0.351658 0.351655 0.351651 0.351655 0.351657 0.351661 0.351660 0.351665 0.351671 0.351677 0.351680 0.351684 0.000000 0.000000
0.000000 0.000000 0.353638 0.353637 0.353631 0.353615 0.353598 0.353580 0.353581 0.353579 0.353582 0.353579 0.353578 0.353583 0.353595 0.353610 0.353617 0.353624 0.353631 0.000000 0.000000
0.000000 0.000000 0.355927 0.355924 0.355923 0.355909 0.355891 0.355872 0.355874 0.355871 0.355871 0.355870 0.355869 0.355870 0.355888 0.355907 0.355917 0.355920 0.355926 0.000000 0.000000
0.000000 0.000000 0.358310 0.358305 0.358299 0.358287 0.358270 0.358246 0.358247 0.358243 0.358243 0.358244 0.358243 0.358245 0.358264 0.358284 0.358292 0.358298 0.358306 0.000000 0.000000
0.000000 0.000000 0.360678 0.360674 0.360670 0.360658 0.360638 0.360618 0.360621 0.360618 0.360618 0.360618 0.360616 0.360616 0.360636 0.360656 0.360663 0.360668 0.360674 0.000000 0.000000
0.000000 0.000000 0.363079 0.363074 0.363071 0.363060 0.363045 0.363020 0.363023 0.363018 0.363018 0.363019 0.363017 0.363017 0.363035 0.363050 0.363060 0.363066 0.363073 0.000000 0.000000
0.000000 0.000000 0.365573 0.365569 0.365563 0.365548 0.365532 0.365508 0.365508 0.365505 0.365505 0.365504 0.365504 0.365504 0.365527 0.365544 0.365553 0.365558 0.365583 0.000000 0.000000
0.000000 0.000000 0.368111 0.368106 0.368100 0.368089 0.368069 0.368018 0.368019 0.368015 0.368014 0.368014 0.368012 0.368014 0.368058 0.368079 0.368088 0.368094 0.368108 0.000000 0.000000
0.000000 0.000000 0.370817 0.370808 0.370804 0.370792 0.370737 0.370725 0.370717 0.370714 0.370714 0.370714 0.370711 0.370712 0.370726 0.370779 0.370789 0.370800 0.370809 0.000000 0.000000
0.000000 0.000000 0.373749 0.373742 0.373727 0.373679 0.373654 0.373621 0.373606 0.373602 0.373594 0.373592 0.373595 0.373591 0.373616 0.373651 0.373710 0.373708 0.373716 0.000000 0.000000
0.000000 0.000000 0.376796 0.376789 0.376729 0.376720 0.376703 0.376687 0.376686 0.376686 0.376689 0.376688 0.376680 0.376692 0.376701 0.376715 0.376713 0.376780 0.376794 0.000000 0.000000
0.000000 0.000000 0.380217 0.380136 0.380090 0.380066 0.380023 0.380001 0.379996 0.379994 0.379984 0.379984 0.379987 0.379980 0.379998 0.380045 0.380077 0.380105 0.380185 0.000000 0.000000
0.000000 0.000000 0.382835 0.382823 0.382876 0.382847 0.382812 0.382733 0.382726 0.382719 0.382723 0.382721 0.382717 0.382725 0.382797 0.382834 0.382877 0.382809 0.382835 0.000000 0.000000
0.000000 0.000000 0.350000 0.350000 0.350000 0.350000 0.350000 0.350000 0.350000 0.350000 0.350000 0.350000 0.350000 0.350000 0.350000 0.350000 0.350000 0.350000 0.350000 0.000000 0.000000
0.000000 0.000000 0.000000 0.000000 0.000000 0.000000 0.000000 0.000000 0.000000 0.000000 0.000000 0.000000 0.000000 0.000000 0.000000 0.000000 0.000000 0.000000 0.000000 0.000000 0.000000