geotop/1.0zi/1.0Montebello/Templates/testdem/maps/_Eocclay7800.asc
ncols         21
nrows         20
xllcorner     100.000000
yllcorner     100.000000
cellsize      50.000000
NODATA_value  -9999.0
0.000000 0.000000 0.000000 0.000000 0.000000 0.000000 0.000000 0.000000 0.000000 0.000000 0.000000 0.000000 0.000000 0.000000 0.000000 0.000000 0.000000 0.000000 0.000000 0.000000 0.000000
0.000000 0.000000 0.349640 0.349642 0.349642 0.349641 0.349643 0.349643 0.349642 0.349643 0.349641 0.349643 0.349643 0.349642 0.349643 0.349642 0.349640 0.349641 0.349641 0.000000 0.000000
0.000000 0.000000 0.349985 0.349984 0.349985 0.349986 0.349984 0.349984 0.349984 0.349984 0.349983 0.349983 0.349984 0.349983 0.349984 0.349985 0.349985 0.349985 0.349983 0.000000 0.000000
0.000000 0.000000 0.350003 0.350008 0.350004 0.350004 0.350007 0.350004 0.350006 0.350003 0.350006 0.350004 0.350004 0.350003 0.350005 0.350006 0.350005 0.350009 0.350007 0.000000 0.000000
0.000000 0.000000 0.350975 0.350972 0.350968 0.350963 0.350947 0.350945 0.350943 0.350945 0.350942 0.350942 0.350938 0.350942 0.350952 0.350954 0.350963 0.350964 0.350970 0.000000 0.000000
0.000000 0.000000 0.353670 0.353668 0.353656 0.353627 0.353614 0.353590 0.353591 0.353583 0.353587 0.353586 0.353589 0.353591 0.353601 0.353621 0.353635 0.353650 0.353656 0.000000 0.000000
0.000000 0.000000 0.357386 0.357382 0.357374 0.357350 0.357320 0.357283 0.357282 0.357276 0.357277 0.357278 0.357278 0.357279 0.357311 0.357340 0.357356 0.357369 0.357377 0.000000 0.000000
0.000000 0.000000 0.361797 0.361795 0.361786 0.361757 0.361728 0.361687 0.361687 0.361682 0.361682 0.361679 0.361677 0.361685 0.361719 0.361745 0.361770 0.361779 0.361791 0.000000 0.000000
0.000000 0.000000 0.366453 0.366446 0.366432 0.366414 0.366383 0.366342 0.366344 0.366334 0.366332 0.366330 0.366331 0.366330 0.366371 0.366404 0.366423 0.366433 0.366442 0.000000 0.000000
0.000000 0.000000 0.371362 0.371352 0.371345 0.371326 0.371281 0.371243 0.371243 0.371238 0.371232 0.371235 0.371241 0.371239 0.371274 0.371312 0.371335 0.371343 0.371351 0.000000 0.000000
0.000000 0.000000 0.376675 0.376669 0.376660 0.376621 0.376590 0.376545 0.376555 0.376530 0.376533 0.376532 0.376524 0.376540 0.376571 0.376595 0.376625 0.376641 0.376661 0.000000 0.000000
0.000000 0.000000 0.382525 0.382508 0.382490 0.382464 0.382429 0.382375 0.382372 0.382364 0.382376 0.382357 0.382362 0.382366 0.382423 0.382451 0.382472 0.382483 0.382533 0.000000 0.000000
0.000000 0.000000 0.388810 0.388794 0.388786 0.388751 0.388720 0.388581 0.388579 0.388570 0.388534 0.388552 0.388561 0.388574 0.388680 0.388709 0.388762 0.388768 0.388794 0.000000 0.000000
0.000000 0.000000 0.396103 0.396097 0.396068 0.396042 0.395873 0.395878 0.395842 0.395842 0.395850 0.395841 0.395837 0.395830 0.395821 0.395997 0.396028 0.396075 0.396110 0.000000 0.000000
0.000000 0.000000 0.404638 0.404622 0.404586 0.404375 0.404381 0.404278 0.404226 0.404214 0.404179 0.404153 0.404176 0.404171 0.404272 0.404280 0.404558 0.404520 0.404529 0.000000 0.000000
0.000000 0.000000 0.414031 0.414015 0.413713 0.413775 0.413755 0.413719 0.413826 0.413789 0.413843 0.413818 0.413771 0.413847 0.413861 0.413877 0.413685 0.414111 0.414105 0.000000 0.000000
0.000000 0.000000 0.425769 0.425284 0.425347 0.425175 0.424933 0.424863 0.424747 0.424772 0.424636 0.424645 0.424721 0.424651 0.424770 0.424949 0.425327 0.425121 0.425619 0.000000 0.000000
0.000000 0.000000 0.430852 0.431270 0.431709 0.431695 0.431693 0.431279 0.431332 0.431216 0.431393 0.431355 0.431335 0.431393 0.431746 0.431746 0.431788 0.431424 0.431017 0.000000 0.000000
0.000000 0.000000 0.350000 0.350000 0.350000 0.350000 0.350000 0.350000 0.350000 0.350000 0.350000 0.350000 0.350000 0.350000 0.350000 0.350000 0.350000 0.350000 0.350000 0.000000 0.000000
0.000000 0.000000 0.000000 0.000000 0.000000 0.000000 0.000000 0.000000 0.000000 0.000000 0.000000 0.000000 0.000000 0.000000 0.000000 0.000000 0.000000 0.000000 0.000000 0.000000 0.000000