geotop/1.0zi/1.0Montebello/Templates/testdem/maps/_Eocsilt6289.asc
ncols         21
nrows         20
xllcorner     100.000000
yllcorner     100.000000
cellsize      50.000000
NODATA_value  -9999.0
0.000000 0.000000 0.000000 0.000000 0.000000 0.000000 0.000000 0.000000 0.000000 0.000000 0.000000 0.000000 0.000000 0.000000 0.000000 0.000000 0.000000 0.000000 0.000000 0.000000 0.000000
0.000000 0.000000 0.350125 0.350126 0.350126 0.350126 0.350125 0.350126 0.350126 0.350125 0.350126 0.350125 0.350125 0.350125 0.350125 0.350126 0.350126 0.350126 0.350125 0.000000 0.000000
0.000000 0.000000 0.350002 0.350002 0.350002 0.350002 0.350003 0.350002 0.350003 0.350003 0.350003 0.350003 0.350003 0.350003 0.350002 0.350002 0.350000 0.350000 0.350002 0.000000 0.000000
0.000000 0.000000 0.350052 0.350049 0.350048 0.350043 0.350044 0.350042 0.350044 0.350045 0.350043 0.350043 0.350043 0.350042 0.350045 0.350048 0.350050 0.350051 0.350051 0.000000 0.000000
0.000000 0.000000 0.350600 0.350606 0.350603 0.350598 0.350594 0.350589 0.350588 0.350585 0.350584 0.350585 0.350587 0.350588 0.350593 0.350596 0.350597 0.350606 0.350610 0.000000 0.000000
0.000000 0.000000 0.352279 0.352282 0.352275 0.352260 0.352248 0.352230 0.352229 0.352224 0.352229 0.352231 0.352232 0.352229 0.352236 0.352244 0.352253 0.352257 0.352263 0.000000 0.000000
0.000000 0.000000 0.354819 0.354817 0.354809 0.354789 0.354766 0.354741 0.354742 0.354739 0.354741 0.354741 0.354737 0.354741 0.354761 0.354782 0.354792 0.354803 0.354811 0.000000 0.000000
0.000000 0.000000 0.357925 0.357925 0.357923 0.357903 0.357880 0.357852 0.357853 0.357850 0.357849 0.357848 0.357847 0.357850 0.357873 0.357895 0.357913 0.357916 0.357927 0.000000 0.000000
0.000000 0.000000 0.361195 0.361190 0.361180 0.361167 0.361145 0.361113 0.361114 0.361108 0.361106 0.361106 0.361107 0.361105 0.361135 0.361158 0.361174 0.361180 0.361190 0.000000 0.000000
0.000000 0.000000 0.364510 0.364505 0.364500 0.364490 0.364458 0.364430 0.364432 0.364428 0.364424 0.364427 0.364431 0.364428 0.364453 0.364479 0.364495 0.364499 0.364506 0.000000 0.000000
0.000000 0.000000 0.367938 0.367936 0.367932 0.367908 0.367887 0.367856 0.367863 0.367847 0.367848 0.367849 0.367845 0.367854 0.367873 0.367890 0.367909 0.367918 0.367933 0.000000 0.000000
0.000000 0.000000 0.371575 0.371569 0.371558 0.371541 0.371521 0.371483 0.371484 0.371476 0.371484 0.371475 0.371477 0.371480 0.371516 0.371532 0.371545 0.371551 0.371587 0.000000 0.000000
0.000000 0.000000 0.375343 0.375335 0.375329 0.375310 0.375292 0.375213 0.375212 0.375206 0.375188 0.375197 0.375203 0.375209 0.375269 0.375285 0.375314 0.375317 0.375342 0.000000 0.000000
0.000000 0.000000 0.379477 0.379473 0.379460 0.379446 0.379367 0.379349 0.379331 0.379331 0.379326 0.379328 0.379327 0.379324 0.379334 0.379415 0.379439 0.379459 0.379485 0.000000 0.000000
0.000000 0.000000 0.384084 0.384080 0.384060 0.383973 0.383950 0.383903 0.383874 0.383868 0.383853 0.383841 0.383853 0.383848 0.383886 0.383920 0.384041 0.384030 0.384045 0.000000 0.000000
0.000000 0.000000 0.389011 0.389006 0.388888 0.388875 0.388869 0.388841 0.388867 0.388852 0.388865 0.388852 0.388838 0.388864 0.388882 0.388892 0.388872 0.389022 0.389025 0.000000 0.000000
0.000000 0.000000 0.394756 0.394594 0.394552 0.394504 0.394424 0.394391 0.394372 0.394373 0.394334 0.394333 0.394350 0.394340 0.394382 0.394443 0.394540 0.394554 0.394723 0.000000 0.000000
0.000000 0.000000 0.398712 0.398747 0.398897 0.398862 0.398815 0.398665 0.398663 0.398628 0.398658 0.398648 0.398656 0.398662 0.398801 0.398835 0.398921 0.398770 0.398745 0.000000 0.000000
0.000000 0.000000 0.350000 0.350000 0.350000 0.350000 0.350000 0.350000 0.350000 0.350000 0.350000 0.350000 0.350000 0.350000 0.350000 0.350000 0.350000 0.350000 0.350000 0.000000 0.000000
0.000000 0.000000 0.000000 0.000000 0.000000 0.000000 0.000000 0.000000 0.000000 0.000000 0.000000 0.000000 0.000000 0.000000 0.000000 0.000000 0.000000 0.000000 0.000000 0.000000 0.000000