geotop/1.0zi/1.0Montebello/Templates/testdem/maps/_Eocsand8006.asc
ncols         21
nrows         20
xllcorner     100.000000
yllcorner     100.000000
cellsize      50.000000
NODATA_value  -9999.0
0.000000 0.000000 0.000000 0.000000 0.000000 0.000000 0.000000 0.000000 0.000000 0.000000 0.000000 0.000000 0.000000 0.000000 0.000000 0.000000 0.000000 0.000000 0.000000 0.000000 0.000000
0.000000 0.000000 0.300204 0.300202 0.300202 0.300203 0.300202 0.300201 0.300202 0.300202 0.300203 0.300202 0.300202 0.300202 0.300202 0.300202 0.300203 0.300203 0.300203 0.000000 0.000000
0.000000 0.000000 0.300011 0.300012 0.300011 0.300010 0.300011 0.300012 0.300011 0.300011 0.300012 0.300012 0.300011 0.300011 0.300011 0.300011 0.300012 0.300013 0.300013 0.000000 0.000000
0.000000 0.000000 0.299894 0.299893 0.299898 0.299906 0.299901 0.299909 0.299904 0.299906 0.299907 0.299906 0.299907 0.299908 0.299903 0.299899 0.299896 0.299893 0.299893 0.000000 0.000000
0.000000 0.000000 0.297989 0.297987 0.297995 0.298011 0.298033 0.298043 0.298050 0.298048 0.298052 0.298051 0.298055 0.298049 0.298025 0.298018 0.298006 0.297995 0.297986 0.000000 0.000000
0.000000 0.000000 0.292526 0.292527 0.292550 0.292596 0.292630 0.292677 0.292677 0.292690 0.292682 0.292683 0.292679 0.292679 0.292656 0.292622 0.292594 0.292572 0.292561 0.000000 0.000000
0.000000 0.000000 0.284857 0.284865 0.284885 0.284936 0.285000 0.285073 0.285074 0.285084 0.285081 0.285083 0.285086 0.285080 0.285016 0.284959 0.284924 0.284897 0.284882 0.000000 0.000000
0.000000 0.000000 0.275775 0.275780 0.275795 0.275853 0.275915 0.275995 0.275996 0.276005 0.276007 0.276013 0.276017 0.276002 0.275933 0.275879 0.275826 0.275811 0.275787 0.000000 0.000000
0.000000 0.000000 0.266093 0.266109 0.266139 0.266177 0.266243 0.266329 0.266325 0.266344 0.266349 0.266353 0.266351 0.266353 0.266269 0.266200 0.266158 0.266138 0.266118 0.000000 0.000000
0.000000 0.000000 0.255889 0.255908 0.255924 0.255962 0.256057 0.256135 0.256135 0.256145 0.256157 0.256151 0.256140 0.256145 0.256073 0.255994 0.255945 0.255929 0.255914 0.000000 0.000000
0.000000 0.000000 0.244841 0.244855 0.244874 0.244954 0.245021 0.245112 0.245093 0.245143 0.245136 0.245139 0.245157 0.245124 0.245059 0.245009 0.244947 0.244915 0.244874 0.000000 0.000000
0.000000 0.000000 0.232621 0.232655 0.232694 0.232746 0.232821 0.232936 0.232943 0.232957 0.232931 0.232971 0.232960 0.232953 0.232834 0.232774 0.232731 0.232708 0.232606 0.000000 0.000000
0.000000 0.000000 0.219451 0.219484 0.219500 0.219574 0.219640 0.219935 0.219940 0.219958 0.220034 0.219995 0.219978 0.219951 0.219726 0.219665 0.219552 0.219540 0.219489 0.000000 0.000000
0.000000 0.000000 0.204085 0.204096 0.204160 0.204212 0.204577 0.204558 0.204634 0.204634 0.204614 0.204636 0.204645 0.204661 0.204688 0.204309 0.204244 0.204146 0.204074 0.000000 0.000000
0.000000 0.000000 0.186044 0.186078 0.186155 0.186613 0.186587 0.186817 0.186924 0.186949 0.187025 0.187081 0.187031 0.187042 0.186818 0.186817 0.186212 0.186300 0.186286 0.000000 0.000000
0.000000 0.000000 0.166238 0.166269 0.166930 0.166771 0.166822 0.166892 0.166654 0.166732 0.166608 0.166659 0.166764 0.166600 0.166578 0.166539 0.166990 0.166052 0.166067 0.000000 0.000000
0.000000 0.000000 0.141617 0.142659 0.142484 0.142870 0.143395 0.143549 0.143818 0.143757 0.144059 0.144036 0.143866 0.144029 0.143767 0.143380 0.142524 0.143035 0.141956 0.000000 0.000000
0.000000 0.000000 0.131874 0.130935 0.130028 0.130041 0.130022 0.130891 0.130761 0.131011 0.130616 0.130699 0.130753 0.130621 0.129890 0.129905 0.129863 0.130594 0.131511 0.000000 0.000000
0.000000 0.000000 0.300000 0.300000 0.300000 0.300000 0.300000 0.300000 0.300000 0.300000 0.300000 0.300000 0.300000 0.300000 0.300000 0.300000 0.300000 0.300000 0.300000 0.000000 0.000000
0.000000 0.000000 0.000000 0.000000 0.000000 0.000000 0.000000 0.000000 0.000000 0.000000 0.000000 0.000000 0.000000 0.000000 0.000000 0.000000 0.000000 0.000000 0.000000 0.000000 0.000000