geotop/1.0zi/1.0Montebello/Templates/testdem/maps/_Eocsand3306.asc
ncols         21
nrows         20
xllcorner     100.000000
yllcorner     100.000000
cellsize      50.000000
NODATA_value  -9999.0
0.000000 0.000000 0.000000 0.000000 0.000000 0.000000 0.000000 0.000000 0.000000 0.000000 0.000000 0.000000 0.000000 0.000000 0.000000 0.000000 0.000000 0.000000 0.000000 0.000000 0.000000
0.000000 0.000000 0.300090 0.300090 0.300090 0.300090 0.300090 0.300090 0.300090 0.300090 0.300091 0.300090 0.300090 0.300090 0.300090 0.300090 0.300090 0.300090 0.300090 0.000000 0.000000
0.000000 0.000000 0.300011 0.300011 0.300011 0.300010 0.300011 0.300011 0.300011 0.300011 0.300009 0.300011 0.300011 0.300011 0.300011 0.300010 0.300011 0.300011 0.300011 0.000000 0.000000
0.000000 0.000000 0.297432 0.297433 0.297438 0.297436 0.297433 0.297433 0.297433 0.297432 0.297432 0.297432 0.297433 0.297433 0.297433 0.297436 0.297438 0.297433 0.297432 0.000000 0.000000
0.000000 0.000000 0.287696 0.287697 0.287701 0.287701 0.287694 0.287697 0.287697 0.287694 0.287693 0.287694 0.287697 0.287697 0.287694 0.287701 0.287701 0.287697 0.287696 0.000000 0.000000
0.000000 0.000000 0.276343 0.276344 0.276347 0.276347 0.276342 0.276344 0.276344 0.276342 0.276341 0.276342 0.276344 0.276344 0.276342 0.276347 0.276347 0.276344 0.276343 0.000000 0.000000
0.000000 0.000000 0.265879 0.265880 0.265883 0.265882 0.265878 0.265880 0.265880 0.265878 0.265877 0.265878 0.265880 0.265880 0.265878 0.265882 0.265883 0.265880 0.265879 0.000000 0.000000
0.000000 0.000000 0.256384 0.256385 0.256387 0.256387 0.256383 0.256385 0.256385 0.256383 0.256382 0.256383 0.256385 0.256385 0.256383 0.256387 0.256387 0.256385 0.256384 0.000000 0.000000
0.000000 0.000000 0.247609 0.247610 0.247612 0.247612 0.247608 0.247610 0.247610 0.247609 0.247608 0.247609 0.247610 0.247610 0.247608 0.247612 0.247612 0.247610 0.247609 0.000000 0.000000
0.000000 0.000000 0.239348 0.239349 0.239351 0.239350 0.239347 0.239349 0.239348 0.239347 0.239346 0.239347 0.239348 0.239349 0.239347 0.239350 0.239351 0.239349 0.239348 0.000000 0.000000
0.000000 0.000000 0.231498 0.231498 0.231501 0.231500 0.231497 0.231498 0.231498 0.231497 0.231496 0.231497 0.231498 0.231498 0.231497 0.231500 0.231501 0.231498 0.231498 0.000000 0.000000
0.000000 0.000000 0.223984 0.223984 0.223987 0.223986 0.223983 0.223984 0.223984 0.223983 0.223982 0.223983 0.223984 0.223984 0.223983 0.223986 0.223987 0.223984 0.223984 0.000000 0.000000
0.000000 0.000000 0.216753 0.216754 0.216756 0.216755 0.216753 0.216754 0.216754 0.216753 0.216752 0.216753 0.216754 0.216754 0.216753 0.216755 0.216756 0.216754 0.216753 0.000000 0.000000
0.000000 0.000000 0.209747 0.209747 0.209750 0.209749 0.209746 0.209747 0.209747 0.209746 0.209745 0.209746 0.209747 0.209747 0.209746 0.209749 0.209750 0.209747 0.209747 0.000000 0.000000
0.000000 0.000000 0.202947 0.202947 0.202949 0.202949 0.202946 0.202947 0.202947 0.202946 0.202945 0.202946 0.202947 0.202947 0.202946 0.202949 0.202949 0.202947 0.202947 0.000000 0.000000
0.000000 0.000000 0.196340 0.196340 0.196342 0.196342 0.196339 0.196340 0.196340 0.196339 0.196338 0.196339 0.196340 0.196340 0.196339 0.196342 0.196342 0.196340 0.196340 0.000000 0.000000
0.000000 0.000000 0.189907 0.189907 0.189909 0.189908 0.189906 0.189907 0.189907 0.189906 0.189905 0.189906 0.189907 0.189907 0.189906 0.189908 0.189909 0.189907 0.189907 0.000000 0.000000
0.000000 0.000000 0.183531 0.183531 0.183533 0.183532 0.183530 0.183531 0.183531 0.183530 0.183529 0.183530 0.183531 0.183531 0.183530 0.183532 0.183533 0.183531 0.183531 0.000000 0.000000
0.000000 0.000000 0.300000 0.300000 0.300000 0.300000 0.300000 0.300000 0.300000 0.300000 0.300000 0.300000 0.300000 0.300000 0.300000 0.300000 0.300000 0.300000 0.300000 0.000000 0.000000
0.000000 0.000000 0.000000 0.000000 0.000000 0.000000 0.000000 0.000000 0.000000 0.000000 0.000000 0.000000 0.000000 0.000000 0.000000 0.000000 0.000000 0.000000 0.000000 0.000000 0.000000