geotop/1.0zi/1.0Montebello/Templates/testdem/maps/_Eocclay1849.asc
ncols         21
nrows         20
xllcorner     100.000000
yllcorner     100.000000
cellsize      50.000000
NODATA_value  -9999.0
0.000000 0.000000 0.000000 0.000000 0.000000 0.000000 0.000000 0.000000 0.000000 0.000000 0.000000 0.000000 0.000000 0.000000 0.000000 0.000000 0.000000 0.000000 0.000000 0.000000 0.000000
0.000000 0.000000 0.349904 0.349904 0.349904 0.349904 0.349904 0.349904 0.349904 0.349904 0.349904 0.349904 0.349904 0.349904 0.349904 0.349904 0.349904 0.349904 0.349904 0.000000 0.000000
0.000000 0.000000 0.349993 0.349993 0.349993 0.349993 0.349993 0.349993 0.349993 0.349993 0.349993 0.349993 0.349993 0.349993 0.349993 0.349993 0.349993 0.349993 0.349993 0.000000 0.000000
0.000000 0.000000 0.350650 0.350650 0.350648 0.350649 0.350650 0.350650 0.350650 0.350651 0.350650 0.350651 0.350650 0.350650 0.350650 0.350649 0.350648 0.350650 0.350650 0.000000 0.000000
0.000000 0.000000 0.353354 0.353354 0.353352 0.353352 0.353356 0.353355 0.353355 0.353356 0.353356 0.353356 0.353355 0.353355 0.353356 0.353352 0.353352 0.353354 0.353354 0.000000 0.000000
0.000000 0.000000 0.356431 0.356430 0.356429 0.356429 0.356432 0.356431 0.356431 0.356432 0.356432 0.356432 0.356431 0.356431 0.356432 0.356429 0.356429 0.356430 0.356431 0.000000 0.000000
0.000000 0.000000 0.359346 0.359345 0.359344 0.359344 0.359346 0.359346 0.359346 0.359346 0.359346 0.359346 0.359346 0.359346 0.359346 0.359344 0.359344 0.359345 0.359346 0.000000 0.000000
0.000000 0.000000 0.362029 0.362029 0.362028 0.362028 0.362030 0.362029 0.362029 0.362030 0.362030 0.362030 0.362029 0.362029 0.362030 0.362028 0.362028 0.362029 0.362029 0.000000 0.000000
0.000000 0.000000 0.364542 0.364542 0.364541 0.364541 0.364543 0.364542 0.364542 0.364543 0.364543 0.364543 0.364542 0.364542 0.364543 0.364541 0.364541 0.364542 0.364542 0.000000 0.000000
0.000000 0.000000 0.366945 0.366945 0.366944 0.366944 0.366946 0.366945 0.366945 0.366946 0.366946 0.366946 0.366945 0.366945 0.366946 0.366944 0.366944 0.366945 0.366945 0.000000 0.000000
0.000000 0.000000 0.369263 0.369263 0.369262 0.369262 0.369264 0.369264 0.369263 0.369264 0.369264 0.369264 0.369263 0.369264 0.369264 0.369262 0.369262 0.369263 0.369263 0.000000 0.000000
0.000000 0.000000 0.371519 0.371519 0.371518 0.371518 0.371519 0.371519 0.371519 0.371520 0.371520 0.371520 0.371519 0.371519 0.371519 0.371518 0.371518 0.371519 0.371519 0.000000 0.000000
0.000000 0.000000 0.373729 0.373728 0.373727 0.373728 0.373729 0.373729 0.373729 0.373729 0.373729 0.373729 0.373729 0.373729 0.373729 0.373728 0.373727 0.373728 0.373729 0.000000 0.000000
0.000000 0.000000 0.375895 0.375894 0.375893 0.375894 0.375895 0.375895 0.375895 0.375895 0.375895 0.375895 0.375895 0.375895 0.375895 0.375894 0.375893 0.375894 0.375895 0.000000 0.000000
0.000000 0.000000 0.378026 0.378026 0.378025 0.378026 0.378027 0.378027 0.378027 0.378027 0.378027 0.378027 0.378027 0.378027 0.378027 0.378026 0.378025 0.378026 0.378026 0.000000 0.000000
0.000000 0.000000 0.380131 0.380130 0.380129 0.380130 0.380131 0.380131 0.380131 0.380131 0.380131 0.380131 0.380131 0.380131 0.380131 0.380130 0.380129 0.380130 0.380131 0.000000 0.000000
0.000000 0.000000 0.382206 0.382206 0.382205 0.382205 0.382206 0.382206 0.382206 0.382206 0.382207 0.382206 0.382206 0.382206 0.382206 0.382205 0.382205 0.382206 0.382206 0.000000 0.000000
0.000000 0.000000 0.384294 0.384294 0.384293 0.384293 0.384295 0.384294 0.384294 0.384295 0.384295 0.384295 0.384294 0.384294 0.384295 0.384293 0.384293 0.384294 0.384294 0.000000 0.000000
0.000000 0.000000 0.350000 0.350000 0.350000 0.350000 0.350000 0.350000 0.350000 0.350000 0.350000 0.350000 0.350000 0.350000 0.350000 0.350000 0.350000 0.350000 0.350000 0.000000 0.000000
0.000000 0.000000 0.000000 0.000000 0.000000 0.000000 0.000000 0.000000 0.000000 0.000000 0.000000 0.000000 0.000000 0.000000 0.000000 0.000000 0.000000 0.000000 0.000000 0.000000 0.000000