geotop/1.0zi/1.0Montebello/Templates/testdem/maps/_Eocsilt4278.asc
ncols         21
nrows         20
xllcorner     100.000000
yllcorner     100.000000
cellsize      50.000000
NODATA_value  -9999.0
0.000000 0.000000 0.000000 0.000000 0.000000 0.000000 0.000000 0.000000 0.000000 0.000000 0.000000 0.000000 0.000000 0.000000 0.000000 0.000000 0.000000 0.000000 0.000000 0.000000 0.000000
0.000000 0.000000 0.350088 0.350088 0.350088 0.350088 0.350088 0.350088 0.350088 0.350088 0.350088 0.350088 0.350088 0.350088 0.350088 0.350088 0.350089 0.350088 0.350088 0.000000 0.000000
0.000000 0.000000 0.350002 0.350002 0.350002 0.350003 0.350003 0.350003 0.350003 0.350003 0.350003 0.350003 0.350003 0.350003 0.350003 0.350002 0.350001 0.350001 0.350001 0.000000 0.000000
0.000000 0.000000 0.350032 0.350031 0.350031 0.350027 0.350028 0.350025 0.350027 0.350028 0.350027 0.350027 0.350027 0.350026 0.350028 0.350030 0.350031 0.350033 0.350032 0.000000 0.000000
0.000000 0.000000 0.350380 0.350380 0.350378 0.350379 0.350378 0.350376 0.350374 0.350371 0.350370 0.350373 0.350373 0.350373 0.350375 0.350374 0.350373 0.350378 0.350380 0.000000 0.000000
0.000000 0.000000 0.351483 0.351485 0.351481 0.351476 0.351472 0.351460 0.351459 0.351454 0.351458 0.351460 0.351462 0.351458 0.351460 0.351465 0.351469 0.351469 0.351471 0.000000 0.000000
0.000000 0.000000 0.353186 0.353184 0.353178 0.353165 0.353152 0.353137 0.353139 0.353137 0.353140 0.353138 0.353135 0.353135 0.353144 0.353158 0.353163 0.353167 0.353175 0.000000 0.000000
0.000000 0.000000 0.355165 0.355160 0.355153 0.355139 0.355125 0.355109 0.355110 0.355107 0.355108 0.355108 0.355105 0.355103 0.355119 0.355135 0.355145 0.355147 0.355152 0.000000 0.000000
0.000000 0.000000 0.357165 0.357158 0.357149 0.357137 0.357124 0.357103 0.357104 0.357100 0.357101 0.357102 0.357099 0.357099 0.357114 0.357131 0.357139 0.357144 0.357152 0.000000 0.000000
0.000000 0.000000 0.359149 0.359143 0.359136 0.359123 0.359107 0.359090 0.359092 0.359089 0.359090 0.359090 0.359087 0.359085 0.359101 0.359119 0.359126 0.359129 0.359136 0.000000 0.000000
0.000000 0.000000 0.361145 0.361139 0.361132 0.361121 0.361110 0.361089 0.361091 0.361086 0.361087 0.361088 0.361085 0.361083 0.361097 0.361109 0.361119 0.361123 0.361130 0.000000 0.000000
0.000000 0.000000 0.363205 0.363199 0.363190 0.363176 0.363163 0.363142 0.363142 0.363139 0.363140 0.363140 0.363138 0.363135 0.363154 0.363169 0.363178 0.363182 0.363205 0.000000 0.000000
0.000000 0.000000 0.365289 0.365283 0.365273 0.365262 0.365247 0.365204 0.365205 0.365201 0.365201 0.365202 0.365198 0.365197 0.365232 0.365250 0.365259 0.365263 0.365278 0.000000 0.000000
0.000000 0.000000 0.367488 0.367478 0.367470 0.367458 0.367416 0.367404 0.367398 0.367394 0.367395 0.367396 0.367391 0.367390 0.367401 0.367444 0.367453 0.367462 0.367471 0.000000 0.000000
0.000000 0.000000 0.369850 0.369841 0.369824 0.369785 0.369764 0.369738 0.369725 0.369720 0.369714 0.369714 0.369714 0.369708 0.369727 0.369758 0.369804 0.369803 0.369811 0.000000 0.000000
0.000000 0.000000 0.372281 0.372272 0.372222 0.372211 0.372198 0.372184 0.372183 0.372181 0.372184 0.372183 0.372175 0.372181 0.372187 0.372201 0.372203 0.372251 0.372264 0.000000 0.000000
0.000000 0.000000 0.374972 0.374910 0.374865 0.374845 0.374815 0.374798 0.374795 0.374792 0.374786 0.374787 0.374785 0.374779 0.374789 0.374825 0.374849 0.374875 0.374934 0.000000 0.000000
0.000000 0.000000 0.377087 0.377068 0.377097 0.377072 0.377044 0.376988 0.376983 0.376976 0.376979 0.376978 0.376973 0.376975 0.377024 0.377056 0.377092 0.377043 0.377070 0.000000 0.000000
0.000000 0.000000 0.350000 0.350000 0.350000 0.350000 0.350000 0.350000 0.350000 0.350000 0.350000 0.350000 0.350000 0.350000 0.350000 0.350000 0.350000 0.350000 0.350000 0.000000 0.000000
0.000000 0.000000 0.000000 0.000000 0.000000 0.000000 0.000000 0.000000 0.000000 0.000000 0.000000 0.000000 0.000000 0.000000 0.000000 0.000000 0.000000 0.000000 0.000000 0.000000 0.000000