geotop/1.0zi/1.0Montebello/Templates/testdem/maps/_Eocclay2065.asc
ncols         21
nrows         20
xllcorner     100.000000
yllcorner     100.000000
cellsize      50.000000
NODATA_value  -9999.0
0.000000 0.000000 0.000000 0.000000 0.000000 0.000000 0.000000 0.000000 0.000000 0.000000 0.000000 0.000000 0.000000 0.000000 0.000000 0.000000 0.000000 0.000000 0.000000 0.000000 0.000000
0.000000 0.000000 0.349894 0.349894 0.349894 0.349894 0.349894 0.349894 0.349894 0.349894 0.349894 0.349894 0.349894 0.349894 0.349894 0.349894 0.349894 0.349894 0.349894 0.000000 0.000000
0.000000 0.000000 0.349993 0.349993 0.349993 0.349993 0.349993 0.349993 0.349993 0.349993 0.349993 0.349993 0.349993 0.349993 0.349993 0.349993 0.349993 0.349993 0.349993 0.000000 0.000000
0.000000 0.000000 0.350661 0.350661 0.350659 0.350659 0.350661 0.350661 0.350661 0.350661 0.350661 0.350661 0.350661 0.350661 0.350661 0.350659 0.350659 0.350661 0.350661 0.000000 0.000000
0.000000 0.000000 0.353549 0.353548 0.353547 0.353547 0.353550 0.353549 0.353549 0.353551 0.353551 0.353551 0.353549 0.353549 0.353550 0.353547 0.353547 0.353548 0.353549 0.000000 0.000000
0.000000 0.000000 0.356922 0.356921 0.356920 0.356920 0.356922 0.356921 0.356922 0.356922 0.356923 0.356922 0.356922 0.356921 0.356922 0.356920 0.356920 0.356921 0.356922 0.000000 0.000000
0.000000 0.000000 0.360126 0.360126 0.360124 0.360124 0.360126 0.360126 0.360126 0.360127 0.360127 0.360127 0.360126 0.360126 0.360126 0.360124 0.360124 0.360126 0.360126 0.000000 0.000000
0.000000 0.000000 0.363081 0.363081 0.363080 0.363080 0.363082 0.363081 0.363081 0.363082 0.363082 0.363082 0.363081 0.363081 0.363082 0.363080 0.363080 0.363081 0.363081 0.000000 0.000000
0.000000 0.000000 0.365849 0.365849 0.365847 0.365848 0.365849 0.365849 0.365849 0.365849 0.365850 0.365849 0.365849 0.365849 0.365849 0.365848 0.365847 0.365849 0.365849 0.000000 0.000000
0.000000 0.000000 0.368493 0.368493 0.368492 0.368492 0.368494 0.368493 0.368493 0.368494 0.368494 0.368494 0.368493 0.368493 0.368494 0.368492 0.368492 0.368493 0.368493 0.000000 0.000000
0.000000 0.000000 0.371043 0.371043 0.371042 0.371042 0.371044 0.371043 0.371043 0.371044 0.371044 0.371044 0.371043 0.371043 0.371044 0.371042 0.371042 0.371043 0.371043 0.000000 0.000000
0.000000 0.000000 0.373522 0.373522 0.373521 0.373521 0.373523 0.373522 0.373522 0.373523 0.373523 0.373523 0.373522 0.373522 0.373523 0.373521 0.373521 0.373522 0.373522 0.000000 0.000000
0.000000 0.000000 0.375947 0.375946 0.375945 0.375945 0.375947 0.375946 0.375946 0.375947 0.375947 0.375947 0.375946 0.375946 0.375947 0.375945 0.375945 0.375946 0.375947 0.000000 0.000000
0.000000 0.000000 0.378322 0.378322 0.378320 0.378321 0.378322 0.378322 0.378322 0.378322 0.378322 0.378322 0.378322 0.378322 0.378322 0.378321 0.378320 0.378322 0.378322 0.000000 0.000000
0.000000 0.000000 0.380659 0.380659 0.380657 0.380658 0.380659 0.380659 0.380659 0.380659 0.380659 0.380659 0.380659 0.380659 0.380659 0.380658 0.380657 0.380659 0.380659 0.000000 0.000000
0.000000 0.000000 0.382963 0.382963 0.382961 0.382962 0.382963 0.382963 0.382963 0.382963 0.382963 0.382963 0.382963 0.382963 0.382963 0.382962 0.382961 0.382963 0.382963 0.000000 0.000000
0.000000 0.000000 0.385234 0.385234 0.385232 0.385233 0.385234 0.385234 0.385234 0.385234 0.385234 0.385234 0.385234 0.385234 0.385234 0.385233 0.385232 0.385234 0.385234 0.000000 0.000000
0.000000 0.000000 0.387504 0.387504 0.387503 0.387503 0.387505 0.387504 0.387504 0.387505 0.387505 0.387505 0.387504 0.387504 0.387505 0.387503 0.387503 0.387504 0.387505 0.000000 0.000000
0.000000 0.000000 0.350000 0.350000 0.350000 0.350000 0.350000 0.350000 0.350000 0.350000 0.350000 0.350000 0.350000 0.350000 0.350000 0.350000 0.350000 0.350000 0.350000 0.000000 0.000000
0.000000 0.000000 0.000000 0.000000 0.000000 0.000000 0.000000 0.000000 0.000000 0.000000 0.000000 0.000000 0.000000 0.000000 0.000000 0.000000 0.000000 0.000000 0.000000 0.000000 0.000000