geotop/1.0zi/1.0Montebello/Templates/testdem/maps/_Eocsand9136.asc
ncols         21
nrows         20
xllcorner     100.000000
yllcorner     100.000000
cellsize      50.000000
NODATA_value  -9999.0
0.000000 0.000000 0.000000 0.000000 0.000000 0.000000 0.000000 0.000000 0.000000 0.000000 0.000000 0.000000 0.000000 0.000000 0.000000 0.000000 0.000000 0.000000 0.000000 0.000000 0.000000
0.000000 0.000000 0.300233 0.300230 0.300230 0.300231 0.300230 0.300229 0.300230 0.300230 0.300231 0.300230 0.300230 0.300230 0.300230 0.300230 0.300232 0.300231 0.300231 0.000000 0.000000
0.000000 0.000000 0.300012 0.300014 0.300014 0.300012 0.300013 0.300014 0.300013 0.300013 0.300014 0.300014 0.300013 0.300013 0.300013 0.300013 0.300014 0.300015 0.300015 0.000000 0.000000
0.000000 0.000000 0.299855 0.299854 0.299861 0.299869 0.299868 0.299872 0.299865 0.299867 0.299867 0.299867 0.299866 0.299868 0.299863 0.299857 0.299854 0.299855 0.299854 0.000000 0.000000
0.000000 0.000000 0.297492 0.297494 0.297512 0.297538 0.297565 0.297569 0.297572 0.297574 0.297575 0.297572 0.297569 0.297569 0.297546 0.297536 0.297522 0.297518 0.297506 0.000000 0.000000
0.000000 0.000000 0.290747 0.290759 0.290796 0.290846 0.290902 0.290948 0.290947 0.290959 0.290953 0.290954 0.290946 0.290949 0.290921 0.290876 0.290854 0.290841 0.290827 0.000000 0.000000
0.000000 0.000000 0.281441 0.281462 0.281492 0.281552 0.281627 0.281726 0.281720 0.281728 0.281730 0.281730 0.281733 0.281726 0.281648 0.281589 0.281553 0.281532 0.281516 0.000000 0.000000
0.000000 0.000000 0.270414 0.270438 0.270464 0.270535 0.270611 0.270700 0.270697 0.270708 0.270712 0.270718 0.270723 0.270705 0.270631 0.270567 0.270508 0.270502 0.270473 0.000000 0.000000
0.000000 0.000000 0.258450 0.258483 0.258522 0.258572 0.258661 0.258764 0.258754 0.258775 0.258784 0.258789 0.258785 0.258788 0.258685 0.258609 0.258565 0.258552 0.258526 0.000000 0.000000
0.000000 0.000000 0.245469 0.245510 0.245540 0.245594 0.245712 0.245807 0.245803 0.245817 0.245834 0.245825 0.245813 0.245817 0.245734 0.245636 0.245584 0.245572 0.245557 0.000000 0.000000
0.000000 0.000000 0.230995 0.231025 0.231052 0.231178 0.231254 0.231377 0.231346 0.231415 0.231403 0.231413 0.231437 0.231395 0.231307 0.231248 0.231176 0.231152 0.231092 0.000000 0.000000
0.000000 0.000000 0.214453 0.214516 0.214590 0.214652 0.214760 0.214911 0.214910 0.214921 0.214892 0.214952 0.214927 0.214928 0.214772 0.214687 0.214649 0.214633 0.214504 0.000000 0.000000
0.000000 0.000000 0.196098 0.196157 0.196176 0.196312 0.196401 0.196833 0.196834 0.196856 0.196990 0.196913 0.196898 0.196857 0.196528 0.196449 0.196297 0.196295 0.196246 0.000000 0.000000
0.000000 0.000000 0.173733 0.173760 0.173882 0.173968 0.174567 0.174422 0.174542 0.174538 0.174475 0.174540 0.174553 0.174603 0.174734 0.174093 0.174050 0.173909 0.173809 0.000000 0.000000
0.000000 0.000000 0.147223 0.147306 0.147442 0.148232 0.148015 0.148450 0.148591 0.148633 0.148791 0.148868 0.148779 0.148782 0.148374 0.148562 0.147532 0.147762 0.147776 0.000000 0.000000
0.000000 0.000000 0.119827 0.119892 0.120966 0.120496 0.120644 0.120637 0.120182 0.120308 0.120069 0.120123 0.120318 0.120057 0.120147 0.120025 0.121103 0.119516 0.119540 0.000000 0.000000
0.000000 0.000000 0.090219 0.091508 0.091061 0.091639 0.092280 0.092476 0.092913 0.092809 0.093247 0.093196 0.092942 0.093209 0.092862 0.092393 0.091138 0.092145 0.090814 0.000000 0.000000
0.000000 0.000000 0.081845 0.080949 0.080104 0.080145 0.080126 0.080953 0.080818 0.081058 0.080671 0.080754 0.080809 0.080683 0.080000 0.080011 0.079994 0.080686 0.081581 0.000000 0.000000
0.000000 0.000000 0.300000 0.300000 0.300000 0.300000 0.300000 0.300000 0.300000 0.300000 0.300000 0.300000 0.300000 0.300000 0.300000 0.300000 0.300000 0.300000 0.300000 0.000000 0.000000
0.000000 0.000000 0.000000 0.000000 0.000000 0.000000 0.000000 0.000000 0.000000 0.000000 0.000000 0.000000 0.000000 0.000000 0.000000 0.000000 0.000000 0.000000 0.000000 0.000000 0.000000