geotop/1.0zi/1.0Montebello/Templates/testdem/maps/_Eocsand2716.asc
ncols         21
nrows         20
xllcorner     100.000000
yllcorner     100.000000
cellsize      50.000000
NODATA_value  -9999.0
0.000000 0.000000 0.000000 0.000000 0.000000 0.000000 0.000000 0.000000 0.000000 0.000000 0.000000 0.000000 0.000000 0.000000 0.000000 0.000000 0.000000 0.000000 0.000000 0.000000 0.000000
0.000000 0.000000 0.300082 0.300082 0.300082 0.300082 0.300082 0.300082 0.300082 0.300082 0.300083 0.300082 0.300082 0.300082 0.300082 0.300082 0.300082 0.300082 0.300082 0.000000 0.000000
0.000000 0.000000 0.300011 0.300012 0.300012 0.300011 0.300012 0.300011 0.300012 0.300012 0.300010 0.300012 0.300012 0.300011 0.300012 0.300011 0.300012 0.300012 0.300011 0.000000 0.000000
0.000000 0.000000 0.298247 0.298248 0.298252 0.298250 0.298247 0.298247 0.298248 0.298247 0.298247 0.298247 0.298248 0.298247 0.298247 0.298250 0.298252 0.298248 0.298247 0.000000 0.000000
0.000000 0.000000 0.290750 0.290752 0.290755 0.290755 0.290749 0.290751 0.290751 0.290748 0.290748 0.290748 0.290751 0.290751 0.290749 0.290755 0.290755 0.290752 0.290750 0.000000 0.000000
0.000000 0.000000 0.281600 0.281602 0.281605 0.281604 0.281599 0.281601 0.281601 0.281599 0.281598 0.281599 0.281601 0.281601 0.281599 0.281604 0.281605 0.281602 0.281600 0.000000 0.000000
0.000000 0.000000 0.273072 0.273073 0.273076 0.273075 0.273071 0.273073 0.273072 0.273071 0.273070 0.273071 0.273072 0.273073 0.273071 0.273075 0.273076 0.273073 0.273072 0.000000 0.000000
0.000000 0.000000 0.265279 0.265280 0.265283 0.265282 0.265279 0.265280 0.265280 0.265278 0.265278 0.265278 0.265280 0.265280 0.265279 0.265282 0.265283 0.265280 0.265279 0.000000 0.000000
0.000000 0.000000 0.258033 0.258033 0.258036 0.258035 0.258032 0.258033 0.258033 0.258032 0.258031 0.258032 0.258033 0.258033 0.258032 0.258035 0.258036 0.258033 0.258033 0.000000 0.000000
0.000000 0.000000 0.251165 0.251166 0.251168 0.251167 0.251164 0.251166 0.251165 0.251164 0.251164 0.251164 0.251165 0.251166 0.251164 0.251167 0.251168 0.251166 0.251165 0.000000 0.000000
0.000000 0.000000 0.244594 0.244595 0.244597 0.244596 0.244593 0.244594 0.244594 0.244593 0.244593 0.244593 0.244594 0.244594 0.244593 0.244596 0.244597 0.244595 0.244594 0.000000 0.000000
0.000000 0.000000 0.238257 0.238257 0.238259 0.238259 0.238256 0.238257 0.238257 0.238256 0.238255 0.238256 0.238257 0.238257 0.238256 0.238259 0.238259 0.238257 0.238257 0.000000 0.000000
0.000000 0.000000 0.232106 0.232107 0.232109 0.232108 0.232106 0.232107 0.232107 0.232105 0.232105 0.232105 0.232107 0.232107 0.232106 0.232108 0.232109 0.232107 0.232106 0.000000 0.000000
0.000000 0.000000 0.226110 0.226111 0.226113 0.226112 0.226110 0.226111 0.226111 0.226109 0.226109 0.226109 0.226111 0.226111 0.226110 0.226112 0.226113 0.226111 0.226110 0.000000 0.000000
0.000000 0.000000 0.220252 0.220252 0.220255 0.220254 0.220251 0.220252 0.220252 0.220251 0.220251 0.220251 0.220252 0.220252 0.220251 0.220254 0.220255 0.220252 0.220252 0.000000 0.000000
0.000000 0.000000 0.214519 0.214520 0.214522 0.214521 0.214519 0.214520 0.214520 0.214519 0.214518 0.214519 0.214520 0.214520 0.214519 0.214521 0.214522 0.214520 0.214519 0.000000 0.000000
0.000000 0.000000 0.208906 0.208907 0.208909 0.208908 0.208906 0.208907 0.208906 0.208905 0.208905 0.208905 0.208906 0.208907 0.208906 0.208908 0.208909 0.208907 0.208906 0.000000 0.000000
0.000000 0.000000 0.203327 0.203327 0.203329 0.203329 0.203326 0.203327 0.203327 0.203326 0.203326 0.203326 0.203327 0.203327 0.203326 0.203329 0.203329 0.203327 0.203327 0.000000 0.000000
0.000000 0.000000 0.300000 0.300000 0.300000 0.300000 0.300000 0.300000 0.300000 0.300000 0.300000 0.300000 0.300000 0.300000 0.300000 0.300000 0.300000 0.300000 0.300000 0.000000 0.000000
0.000000 0.000000 0.000000 0.000000 0.000000 0.000000 0.000000 0.000000 0.000000 0.000000 0.000000 0.000000 0.000000 0.000000 0.000000 0.000000 0.000000 0.000000 0.000000 0.000000 0.000000