geotop/1.0zi/1.0Montebello/Templates/testdem/maps/_Eocsand3483.asc
ncols         21
nrows         20
xllcorner     100.000000
yllcorner     100.000000
cellsize      50.000000
NODATA_value  -9999.0
0.000000 0.000000 0.000000 0.000000 0.000000 0.000000 0.000000 0.000000 0.000000 0.000000 0.000000 0.000000 0.000000 0.000000 0.000000 0.000000 0.000000 0.000000 0.000000 0.000000 0.000000
0.000000 0.000000 0.300092 0.300092 0.300092 0.300092 0.300092 0.300092 0.300092 0.300092 0.300094 0.300092 0.300092 0.300092 0.300092 0.300092 0.300092 0.300092 0.300092 0.000000 0.000000
0.000000 0.000000 0.300010 0.300011 0.300011 0.300010 0.300011 0.300010 0.300010 0.300011 0.300009 0.300011 0.300010 0.300010 0.300011 0.300010 0.300011 0.300011 0.300010 0.000000 0.000000
0.000000 0.000000 0.297326 0.297327 0.297332 0.297330 0.297326 0.297326 0.297327 0.297326 0.297325 0.297326 0.297327 0.297326 0.297326 0.297330 0.297332 0.297327 0.297326 0.000000 0.000000
0.000000 0.000000 0.287069 0.287070 0.287074 0.287073 0.287067 0.287070 0.287070 0.287068 0.287067 0.287068 0.287070 0.287070 0.287067 0.287073 0.287074 0.287070 0.287069 0.000000 0.000000
0.000000 0.000000 0.275107 0.275108 0.275112 0.275112 0.275106 0.275109 0.275109 0.275107 0.275106 0.275107 0.275109 0.275109 0.275106 0.275112 0.275112 0.275108 0.275107 0.000000 0.000000
0.000000 0.000000 0.264089 0.264090 0.264093 0.264092 0.264088 0.264090 0.264090 0.264089 0.264087 0.264089 0.264090 0.264090 0.264088 0.264092 0.264093 0.264090 0.264089 0.000000 0.000000
0.000000 0.000000 0.254103 0.254104 0.254107 0.254106 0.254103 0.254104 0.254104 0.254103 0.254102 0.254103 0.254104 0.254104 0.254103 0.254106 0.254107 0.254104 0.254103 0.000000 0.000000
0.000000 0.000000 0.244892 0.244892 0.244895 0.244894 0.244891 0.244892 0.244892 0.244891 0.244890 0.244891 0.244892 0.244892 0.244891 0.244894 0.244895 0.244892 0.244892 0.000000 0.000000
0.000000 0.000000 0.236237 0.236238 0.236240 0.236240 0.236237 0.236238 0.236238 0.236237 0.236236 0.236237 0.236238 0.236238 0.236237 0.236240 0.236240 0.236238 0.236237 0.000000 0.000000
0.000000 0.000000 0.228029 0.228029 0.228032 0.228031 0.228028 0.228029 0.228029 0.228028 0.228027 0.228028 0.228029 0.228029 0.228028 0.228031 0.228032 0.228029 0.228029 0.000000 0.000000
0.000000 0.000000 0.220186 0.220186 0.220188 0.220188 0.220185 0.220186 0.220186 0.220185 0.220184 0.220185 0.220186 0.220186 0.220185 0.220188 0.220188 0.220186 0.220186 0.000000 0.000000
0.000000 0.000000 0.212648 0.212649 0.212651 0.212650 0.212648 0.212649 0.212649 0.212648 0.212647 0.212648 0.212649 0.212649 0.212648 0.212650 0.212651 0.212649 0.212648 0.000000 0.000000
0.000000 0.000000 0.205359 0.205360 0.205362 0.205361 0.205359 0.205360 0.205360 0.205359 0.205358 0.205359 0.205360 0.205360 0.205359 0.205361 0.205362 0.205360 0.205359 0.000000 0.000000
0.000000 0.000000 0.198296 0.198297 0.198299 0.198298 0.198296 0.198297 0.198297 0.198296 0.198295 0.198296 0.198297 0.198297 0.198296 0.198298 0.198299 0.198297 0.198296 0.000000 0.000000
0.000000 0.000000 0.191451 0.191452 0.191454 0.191453 0.191451 0.191452 0.191452 0.191451 0.191450 0.191451 0.191452 0.191452 0.191451 0.191453 0.191454 0.191452 0.191451 0.000000 0.000000
0.000000 0.000000 0.184797 0.184797 0.184799 0.184798 0.184796 0.184797 0.184797 0.184796 0.184796 0.184796 0.184797 0.184797 0.184796 0.184798 0.184799 0.184797 0.184797 0.000000 0.000000
0.000000 0.000000 0.178224 0.178223 0.178225 0.178224 0.178222 0.178223 0.178223 0.178222 0.178222 0.178222 0.178223 0.178223 0.178222 0.178224 0.178225 0.178223 0.178223 0.000000 0.000000
0.000000 0.000000 0.300000 0.300000 0.300000 0.300000 0.300000 0.300000 0.300000 0.300000 0.300000 0.300000 0.300000 0.300000 0.300000 0.300000 0.300000 0.300000 0.300000 0.000000 0.000000
0.000000 0.000000 0.000000 0.000000 0.000000 0.000000 0.000000 0.000000 0.000000 0.000000 0.000000 0.000000 0.000000 0.000000 0.000000 0.000000 0.000000 0.000000 0.000000 0.000000 0.000000