geotop/1.0zi/1.0Montebello/Templates/testdem/maps/_Eocsand8937.asc
ncols         21
nrows         20
xllcorner     100.000000
yllcorner     100.000000
cellsize      50.000000
NODATA_value  -9999.0
0.000000 0.000000 0.000000 0.000000 0.000000 0.000000 0.000000 0.000000 0.000000 0.000000 0.000000 0.000000 0.000000 0.000000 0.000000 0.000000 0.000000 0.000000 0.000000 0.000000 0.000000
0.000000 0.000000 0.300226 0.300224 0.300224 0.300224 0.300223 0.300223 0.300223 0.300223 0.300224 0.300223 0.300224 0.300224 0.300223 0.300224 0.300225 0.300225 0.300225 0.000000 0.000000
0.000000 0.000000 0.300012 0.300014 0.300014 0.300012 0.300013 0.300014 0.300013 0.300013 0.300013 0.300013 0.300012 0.300013 0.300013 0.300013 0.300014 0.300014 0.300015 0.000000 0.000000
0.000000 0.000000 0.299856 0.299856 0.299862 0.299870 0.299869 0.299873 0.299867 0.299868 0.299868 0.299868 0.299867 0.299869 0.299864 0.299858 0.299855 0.299856 0.299855 0.000000 0.000000
0.000000 0.000000 0.297534 0.297537 0.297551 0.297578 0.297603 0.297608 0.297611 0.297613 0.297614 0.297611 0.297608 0.297608 0.297585 0.297575 0.297561 0.297557 0.297545 0.000000 0.000000
0.000000 0.000000 0.290985 0.290995 0.291026 0.291075 0.291126 0.291172 0.291168 0.291181 0.291172 0.291172 0.291164 0.291167 0.291139 0.291096 0.291073 0.291060 0.291047 0.000000 0.000000
0.000000 0.000000 0.281955 0.281975 0.281999 0.282059 0.282129 0.282224 0.282218 0.282227 0.282227 0.282226 0.282228 0.282222 0.282144 0.282085 0.282050 0.282029 0.282014 0.000000 0.000000
0.000000 0.000000 0.271258 0.271278 0.271298 0.271367 0.271439 0.271526 0.271521 0.271532 0.271534 0.271539 0.271544 0.271526 0.271453 0.271390 0.271333 0.271327 0.271299 0.000000 0.000000
0.000000 0.000000 0.259676 0.259704 0.259739 0.259787 0.259870 0.259969 0.259957 0.259978 0.259985 0.259988 0.259985 0.259988 0.259887 0.259812 0.259769 0.259758 0.259731 0.000000 0.000000
0.000000 0.000000 0.247163 0.247199 0.247220 0.247271 0.247386 0.247474 0.247469 0.247482 0.247496 0.247487 0.247474 0.247478 0.247397 0.247302 0.247252 0.247241 0.247227 0.000000 0.000000
0.000000 0.000000 0.233277 0.233302 0.233325 0.233440 0.233515 0.233628 0.233596 0.233663 0.233650 0.233658 0.233680 0.233640 0.233555 0.233498 0.233427 0.233405 0.233349 0.000000 0.000000
0.000000 0.000000 0.217490 0.217541 0.217602 0.217663 0.217766 0.217903 0.217902 0.217911 0.217884 0.217936 0.217913 0.217913 0.217764 0.217683 0.217647 0.217632 0.217509 0.000000 0.000000
0.000000 0.000000 0.200043 0.200101 0.200110 0.200231 0.200314 0.200717 0.200715 0.200736 0.200857 0.200785 0.200770 0.200731 0.200420 0.200345 0.200199 0.200202 0.200153 0.000000 0.000000
0.000000 0.000000 0.178920 0.178941 0.179042 0.179119 0.179674 0.179555 0.179657 0.179654 0.179597 0.179651 0.179662 0.179708 0.179812 0.179222 0.179175 0.179047 0.178952 0.000000 0.000000
0.000000 0.000000 0.153805 0.153879 0.153995 0.154723 0.154547 0.154930 0.155058 0.155096 0.155235 0.155307 0.155225 0.155230 0.154861 0.155006 0.154055 0.154268 0.154277 0.000000 0.000000
0.000000 0.000000 0.127316 0.127373 0.128383 0.127966 0.128092 0.128100 0.127667 0.127788 0.127562 0.127615 0.127797 0.127548 0.127610 0.127502 0.128480 0.126988 0.127014 0.000000 0.000000
0.000000 0.000000 0.097449 0.098776 0.098327 0.098911 0.099570 0.099766 0.100199 0.100093 0.100534 0.100482 0.100224 0.100494 0.100138 0.099653 0.098379 0.099382 0.098012 0.000000 0.000000
0.000000 0.000000 0.089173 0.088116 0.087199 0.087213 0.087156 0.088051 0.087878 0.088146 0.087698 0.087789 0.087861 0.087711 0.086974 0.087012 0.087048 0.087763 0.088814 0.000000 0.000000
0.000000 0.000000 0.300000 0.300000 0.300000 0.300000 0.300000 0.300000 0.300000 0.300000 0.300000 0.300000 0.300000 0.300000 0.300000 0.300000 0.300000 0.300000 0.300000 0.000000 0.000000
0.000000 0.000000 0.000000 0.000000 0.000000 0.000000 0.000000 0.000000 0.000000 0.000000 0.000000 0.000000 0.000000 0.000000 0.000000 0.000000 0.000000 0.000000 0.000000 0.000000 0.000000