geotop/1.0zi/1.0Montebello/Templates/testdem/maps/_Eocclay6011.asc
ncols         21
nrows         20
xllcorner     100.000000
yllcorner     100.000000
cellsize      50.000000
NODATA_value  -9999.0
0.000000 0.000000 0.000000 0.000000 0.000000 0.000000 0.000000 0.000000 0.000000 0.000000 0.000000 0.000000 0.000000 0.000000 0.000000 0.000000 0.000000 0.000000 0.000000 0.000000 0.000000
0.000000 0.000000 0.349732 0.349732 0.349732 0.349733 0.349733 0.349733 0.349732 0.349732 0.349732 0.349732 0.349732 0.349732 0.349733 0.349732 0.349732 0.349732 0.349732 0.000000 0.000000
0.000000 0.000000 0.349989 0.349990 0.349989 0.349989 0.349989 0.349989 0.349989 0.349989 0.349989 0.349988 0.349989 0.349989 0.349989 0.349989 0.349989 0.349989 0.349989 0.000000 0.000000
0.000000 0.000000 0.349984 0.349986 0.349983 0.349985 0.349987 0.349987 0.349987 0.349985 0.349987 0.349986 0.349986 0.349985 0.349986 0.349988 0.349986 0.349987 0.349986 0.000000 0.000000
0.000000 0.000000 0.350507 0.350506 0.350505 0.350501 0.350490 0.350486 0.350487 0.350489 0.350487 0.350487 0.350483 0.350484 0.350488 0.350488 0.350494 0.350496 0.350501 0.000000 0.000000
0.000000 0.000000 0.352206 0.352207 0.352200 0.352181 0.352174 0.352157 0.352157 0.352153 0.352156 0.352156 0.352159 0.352159 0.352164 0.352177 0.352183 0.352195 0.352199 0.000000 0.000000
0.000000 0.000000 0.354687 0.354685 0.354681 0.354664 0.354643 0.354614 0.354614 0.354610 0.354612 0.354614 0.354614 0.354613 0.354634 0.354656 0.354666 0.354675 0.354683 0.000000 0.000000
0.000000 0.000000 0.357695 0.357694 0.357691 0.357670 0.357649 0.357620 0.357620 0.357617 0.357618 0.357617 0.357615 0.357620 0.357642 0.357661 0.357677 0.357683 0.357692 0.000000 0.000000
0.000000 0.000000 0.360763 0.360760 0.360752 0.360740 0.360719 0.360690 0.360692 0.360686 0.360684 0.360685 0.360685 0.360683 0.360710 0.360732 0.360745 0.360749 0.360758 0.000000 0.000000
0.000000 0.000000 0.363884 0.363878 0.363875 0.363866 0.363836 0.363809 0.363811 0.363808 0.363804 0.363808 0.363811 0.363808 0.363830 0.363856 0.363870 0.363873 0.363880 0.000000 0.000000
0.000000 0.000000 0.367139 0.367136 0.367134 0.367112 0.367091 0.367061 0.367067 0.367053 0.367053 0.367054 0.367051 0.367059 0.367077 0.367093 0.367110 0.367119 0.367133 0.000000 0.000000
0.000000 0.000000 0.370570 0.370562 0.370553 0.370537 0.370518 0.370483 0.370484 0.370475 0.370484 0.370475 0.370477 0.370479 0.370512 0.370528 0.370539 0.370544 0.370578 0.000000 0.000000
0.000000 0.000000 0.374114 0.374107 0.374103 0.374085 0.374068 0.373993 0.373993 0.373987 0.373971 0.373980 0.373986 0.373991 0.374046 0.374061 0.374088 0.374090 0.374114 0.000000 0.000000
0.000000 0.000000 0.377987 0.377983 0.377972 0.377960 0.377886 0.377869 0.377852 0.377851 0.377846 0.377848 0.377849 0.377846 0.377855 0.377929 0.377952 0.377970 0.377995 0.000000 0.000000
0.000000 0.000000 0.382281 0.382275 0.382258 0.382180 0.382158 0.382115 0.382086 0.382081 0.382067 0.382059 0.382068 0.382062 0.382096 0.382129 0.382240 0.382230 0.382245 0.000000 0.000000
0.000000 0.000000 0.386847 0.386842 0.386738 0.386724 0.386718 0.386692 0.386714 0.386702 0.386712 0.386701 0.386688 0.386710 0.386725 0.386735 0.386721 0.386855 0.386858 0.000000 0.000000
0.000000 0.000000 0.392132 0.391988 0.391945 0.391904 0.391836 0.391803 0.391789 0.391788 0.391756 0.391753 0.391767 0.391760 0.391799 0.391851 0.391934 0.391955 0.392101 0.000000 0.000000
0.000000 0.000000 0.395882 0.395901 0.396032 0.395999 0.395951 0.395819 0.395817 0.395787 0.395810 0.395802 0.395810 0.395814 0.395934 0.395970 0.396052 0.395917 0.395907 0.000000 0.000000
0.000000 0.000000 0.350000 0.350000 0.350000 0.350000 0.350000 0.350000 0.350000 0.350000 0.350000 0.350000 0.350000 0.350000 0.350000 0.350000 0.350000 0.350000 0.350000 0.000000 0.000000
0.000000 0.000000 0.000000 0.000000 0.000000 0.000000 0.000000 0.000000 0.000000 0.000000 0.000000 0.000000 0.000000 0.000000 0.000000 0.000000 0.000000 0.000000 0.000000 0.000000 0.000000