geotop/1.0zi/1.0Montebello/Templates/testdem/maps/_Eocclay7921.asc
ncols         21
nrows         20
xllcorner     100.000000
yllcorner     100.000000
cellsize      50.000000
NODATA_value  -9999.0
0.000000 0.000000 0.000000 0.000000 0.000000 0.000000 0.000000 0.000000 0.000000 0.000000 0.000000 0.000000 0.000000 0.000000 0.000000 0.000000 0.000000 0.000000 0.000000 0.000000 0.000000
0.000000 0.000000 0.349633 0.349635 0.349634 0.349633 0.349635 0.349635 0.349635 0.349635 0.349634 0.349635 0.349635 0.349635 0.349635 0.349635 0.349633 0.349634 0.349634 0.000000 0.000000
0.000000 0.000000 0.349985 0.349983 0.349985 0.349986 0.349984 0.349983 0.349983 0.349983 0.349983 0.349983 0.349983 0.349983 0.349984 0.349984 0.349985 0.349984 0.349983 0.000000 0.000000
0.000000 0.000000 0.350003 0.350008 0.350004 0.350003 0.350006 0.350003 0.350005 0.350003 0.350006 0.350003 0.350004 0.350002 0.350004 0.350006 0.350004 0.350008 0.350006 0.000000 0.000000
0.000000 0.000000 0.350998 0.350995 0.350991 0.350986 0.350970 0.350968 0.350966 0.350968 0.350965 0.350965 0.350961 0.350965 0.350975 0.350977 0.350986 0.350987 0.350993 0.000000 0.000000
0.000000 0.000000 0.353773 0.353770 0.353758 0.353728 0.353714 0.353690 0.353691 0.353683 0.353688 0.353686 0.353689 0.353691 0.353702 0.353722 0.353736 0.353751 0.353757 0.000000 0.000000
0.000000 0.000000 0.357574 0.357570 0.357561 0.357537 0.357506 0.357468 0.357467 0.357461 0.357462 0.357463 0.357463 0.357464 0.357497 0.357526 0.357543 0.357556 0.357564 0.000000 0.000000
0.000000 0.000000 0.362080 0.362077 0.362068 0.362038 0.362009 0.361967 0.361966 0.361962 0.361961 0.361958 0.361956 0.361965 0.362000 0.362026 0.362051 0.362061 0.362073 0.000000 0.000000
0.000000 0.000000 0.366842 0.366834 0.366820 0.366801 0.366769 0.366727 0.366729 0.366719 0.366717 0.366715 0.366715 0.366715 0.366756 0.366790 0.366810 0.366820 0.366830 0.000000 0.000000
0.000000 0.000000 0.371871 0.371860 0.371853 0.371834 0.371787 0.371748 0.371748 0.371743 0.371737 0.371740 0.371746 0.371744 0.371780 0.371818 0.371843 0.371851 0.371859 0.000000 0.000000
0.000000 0.000000 0.377329 0.377321 0.377312 0.377272 0.377240 0.377194 0.377203 0.377179 0.377182 0.377181 0.377172 0.377188 0.377221 0.377245 0.377276 0.377292 0.377313 0.000000 0.000000
0.000000 0.000000 0.383353 0.383336 0.383317 0.383290 0.383254 0.383197 0.383194 0.383186 0.383199 0.383179 0.383185 0.383188 0.383247 0.383276 0.383298 0.383309 0.383361 0.000000 0.000000
0.000000 0.000000 0.389842 0.389825 0.389817 0.389780 0.389748 0.389603 0.389601 0.389592 0.389554 0.389573 0.389582 0.389595 0.389706 0.389736 0.389791 0.389798 0.389824 0.000000 0.000000
0.000000 0.000000 0.397401 0.397394 0.397364 0.397337 0.397159 0.397166 0.397129 0.397129 0.397138 0.397128 0.397123 0.397116 0.397104 0.397289 0.397322 0.397370 0.397407 0.000000 0.000000
0.000000 0.000000 0.406273 0.406255 0.406217 0.405993 0.406004 0.405893 0.405839 0.405827 0.405790 0.405763 0.405787 0.405782 0.405890 0.405894 0.406188 0.406147 0.406155 0.000000 0.000000
0.000000 0.000000 0.416038 0.416021 0.415699 0.415771 0.415748 0.415712 0.415827 0.415789 0.415848 0.415822 0.415772 0.415852 0.415865 0.415882 0.415669 0.416125 0.416119 0.000000 0.000000
0.000000 0.000000 0.428252 0.427737 0.427815 0.427627 0.427369 0.427293 0.427164 0.427193 0.427046 0.427057 0.427139 0.427061 0.427190 0.427380 0.427794 0.427556 0.428088 0.000000 0.000000
0.000000 0.000000 0.433253 0.433713 0.434172 0.434161 0.434167 0.433730 0.433791 0.433667 0.433861 0.433820 0.433795 0.433859 0.434229 0.434224 0.434254 0.433881 0.433432 0.000000 0.000000
0.000000 0.000000 0.350000 0.350000 0.350000 0.350000 0.350000 0.350000 0.350000 0.350000 0.350000 0.350000 0.350000 0.350000 0.350000 0.350000 0.350000 0.350000 0.350000 0.000000 0.000000
0.000000 0.000000 0.000000 0.000000 0.000000 0.000000 0.000000 0.000000 0.000000 0.000000 0.000000 0.000000 0.000000 0.000000 0.000000 0.000000 0.000000 0.000000 0.000000 0.000000 0.000000