geotop/1.0zi/1.0Montebello/Templates/testdem/maps/_Eocsand136f.asc
ncols         21
nrows         20
xllcorner     100.000000
yllcorner     100.000000
cellsize      50.000000
NODATA_value  -9999.0
0.000000 0.000000 0.000000 0.000000 0.000000 0.000000 0.000000 0.000000 0.000000 0.000000 0.000000 0.000000 0.000000 0.000000 0.000000 0.000000 0.000000 0.000000 0.000000 0.000000 0.000000
0.000000 0.000000 0.300292 0.300289 0.300289 0.300290 0.300289 0.300288 0.300289 0.300288 0.300290 0.300289 0.300289 0.300289 0.300289 0.300289 0.300290 0.300289 0.300289 0.000000 0.000000
0.000000 0.000000 0.300011 0.300013 0.300013 0.300011 0.300013 0.300013 0.300012 0.300013 0.300013 0.300012 0.300012 0.300012 0.300012 0.300012 0.300013 0.300014 0.300013 0.000000 0.000000
0.000000 0.000000 0.299626 0.299616 0.299631 0.299639 0.299634 0.299645 0.299641 0.299641 0.299645 0.299643 0.299643 0.299638 0.299640 0.299632 0.299628 0.299624 0.299624 0.000000 0.000000
0.000000 0.000000 0.295645 0.295654 0.295670 0.295705 0.295741 0.295754 0.295758 0.295761 0.295769 0.295758 0.295752 0.295758 0.295733 0.295715 0.295695 0.295678 0.295664 0.000000 0.000000
0.000000 0.000000 0.285754 0.285765 0.285810 0.285886 0.285960 0.286026 0.286027 0.286039 0.286049 0.286046 0.286033 0.286041 0.286005 0.285937 0.285906 0.285874 0.285861 0.000000 0.000000
0.000000 0.000000 0.272266 0.272289 0.272331 0.272422 0.272515 0.272659 0.272666 0.272676 0.272694 0.272691 0.272695 0.272692 0.272584 0.272502 0.272451 0.272407 0.272394 0.000000 0.000000
0.000000 0.000000 0.255959 0.255987 0.256031 0.256154 0.256258 0.256395 0.256409 0.256422 0.256445 0.256447 0.256455 0.256437 0.256339 0.256244 0.256161 0.256135 0.256106 0.000000 0.000000
0.000000 0.000000 0.237314 0.237358 0.237430 0.237528 0.237651 0.237823 0.237827 0.237855 0.237884 0.237888 0.237884 0.237896 0.237748 0.237630 0.237563 0.237525 0.237500 0.000000 0.000000
0.000000 0.000000 0.215603 0.215675 0.215743 0.215848 0.215995 0.216178 0.216203 0.216218 0.216266 0.216250 0.216224 0.216236 0.216119 0.215960 0.215875 0.215831 0.215823 0.000000 0.000000
0.000000 0.000000 0.189392 0.189460 0.189519 0.189786 0.189843 0.190110 0.190069 0.190196 0.190189 0.190211 0.190263 0.190191 0.190049 0.189951 0.189822 0.189766 0.189656 0.000000 0.000000
0.000000 0.000000 0.157196 0.157349 0.157537 0.157628 0.157763 0.158113 0.158173 0.158142 0.158132 0.158236 0.158180 0.158221 0.157930 0.157741 0.157689 0.157632 0.157419 0.000000 0.000000
0.000000 0.000000 0.121670 0.121798 0.121809 0.122082 0.122241 0.123178 0.123240 0.123298 0.123684 0.123411 0.123426 0.123338 0.122680 0.122552 0.122194 0.122145 0.122201 0.000000 0.000000
0.000000 0.000000 0.085078 0.085094 0.085366 0.085463 0.086442 0.085864 0.086096 0.086084 0.085871 0.086081 0.086109 0.086250 0.086734 0.085627 0.085674 0.085416 0.085283 0.000000 0.000000
0.000000 0.000000 0.060762 0.060815 0.060921 0.061460 0.061303 0.061607 0.061692 0.061727 0.061849 0.061893 0.061834 0.061839 0.061569 0.061733 0.061041 0.061182 0.061208 0.000000 0.000000
0.000000 0.000000 0.045991 0.046033 0.046253 0.046442 0.046363 0.046523 0.046486 0.046525 0.046547 0.046575 0.046581 0.046539 0.046419 0.046499 0.046338 0.046156 0.046177 0.000000 0.000000
0.000000 0.000000 0.035708 0.035787 0.035953 0.036047 0.036035 0.036131 0.036097 0.036120 0.036134 0.036150 0.036155 0.036128 0.036060 0.036083 0.036017 0.035861 0.035821 0.000000 0.000000
0.000000 0.000000 0.028664 0.028699 0.028819 0.028848 0.028845 0.028916 0.028872 0.028893 0.028883 0.028896 0.028909 0.028881 0.028834 0.028848 0.028867 0.028723 0.028711 0.000000 0.000000
0.000000 0.000000 0.300000 0.300000 0.300000 0.300000 0.300000 0.300000 0.300000 0.300000 0.300000 0.300000 0.300000 0.300000 0.300000 0.300000 0.300000 0.300000 0.300000 0.000000 0.000000
0.000000 0.000000 0.000000 0.000000 0.000000 0.000000 0.000000 0.000000 0.000000 0.000000 0.000000 0.000000 0.000000 0.000000 0.000000 0.000000 0.000000 0.000000 0.000000 0.000000 0.000000