geotop/1.0zi/1.0Montebello/Templates/testdem/maps/_Eocsand0494.asc
ncols         21
nrows         20
xllcorner     100.000000
yllcorner     100.000000
cellsize      50.000000
NODATA_value  -9999.0
0.000000 0.000000 0.000000 0.000000 0.000000 0.000000 0.000000 0.000000 0.000000 0.000000 0.000000 0.000000 0.000000 0.000000 0.000000 0.000000 0.000000 0.000000 0.000000 0.000000 0.000000
0.000000 0.000000 0.300019 0.300019 0.300019 0.300019 0.300019 0.300019 0.300019 0.300019 0.300019 0.300019 0.300019 0.300019 0.300019 0.300019 0.300019 0.300019 0.300019 0.000000 0.000000
0.000000 0.000000 0.300005 0.300006 0.300006 0.300006 0.300005 0.300005 0.300005 0.300005 0.300005 0.300005 0.300005 0.300005 0.300005 0.300006 0.300006 0.300006 0.300005 0.000000 0.000000
0.000000 0.000000 0.299438 0.299438 0.299442 0.299438 0.299438 0.299437 0.299437 0.299437 0.299438 0.299437 0.299437 0.299437 0.299438 0.299438 0.299442 0.299438 0.299438 0.000000 0.000000
0.000000 0.000000 0.297686 0.297686 0.297690 0.297686 0.297686 0.297686 0.297686 0.297686 0.297686 0.297686 0.297686 0.297686 0.297686 0.297686 0.297690 0.297686 0.297686 0.000000 0.000000
0.000000 0.000000 0.295908 0.295908 0.295912 0.295909 0.295908 0.295908 0.295908 0.295908 0.295908 0.295908 0.295908 0.295908 0.295908 0.295909 0.295912 0.295908 0.295908 0.000000 0.000000
0.000000 0.000000 0.294277 0.294277 0.294280 0.294277 0.294276 0.294276 0.294276 0.294276 0.294276 0.294276 0.294276 0.294276 0.294276 0.294277 0.294280 0.294277 0.294277 0.000000 0.000000
0.000000 0.000000 0.292768 0.292768 0.292771 0.292768 0.292768 0.292767 0.292767 0.292768 0.292768 0.292768 0.292767 0.292767 0.292768 0.292768 0.292771 0.292768 0.292768 0.000000 0.000000
0.000000 0.000000 0.291345 0.291345 0.291348 0.291346 0.291345 0.291345 0.291345 0.291345 0.291345 0.291345 0.291345 0.291345 0.291345 0.291346 0.291348 0.291345 0.291345 0.000000 0.000000
0.000000 0.000000 0.289975 0.289975 0.289978 0.289975 0.289975 0.289975 0.289975 0.289975 0.289975 0.289975 0.289975 0.289975 0.289975 0.289975 0.289978 0.289975 0.289975 0.000000 0.000000
0.000000 0.000000 0.288644 0.288644 0.288646 0.288644 0.288644 0.288644 0.288644 0.288644 0.288644 0.288644 0.288644 0.288644 0.288644 0.288644 0.288646 0.288644 0.288644 0.000000 0.000000
0.000000 0.000000 0.287340 0.287340 0.287343 0.287340 0.287340 0.287340 0.287340 0.287340 0.287340 0.287340 0.287340 0.287340 0.287340 0.287340 0.287343 0.287340 0.287340 0.000000 0.000000
0.000000 0.000000 0.286061 0.286061 0.286064 0.286062 0.286061 0.286061 0.286061 0.286061 0.286061 0.286061 0.286061 0.286061 0.286061 0.286062 0.286064 0.286061 0.286061 0.000000 0.000000
0.000000 0.000000 0.284804 0.284804 0.284807 0.284804 0.284804 0.284804 0.284804 0.284804 0.284804 0.284804 0.284804 0.284804 0.284804 0.284804 0.284807 0.284804 0.284804 0.000000 0.000000
0.000000 0.000000 0.283560 0.283560 0.283563 0.283561 0.283560 0.283560 0.283560 0.283560 0.283560 0.283560 0.283560 0.283560 0.283560 0.283561 0.283563 0.283560 0.283560 0.000000 0.000000
0.000000 0.000000 0.282322 0.282322 0.282325 0.282322 0.282322 0.282322 0.282322 0.282322 0.282322 0.282322 0.282322 0.282322 0.282322 0.282322 0.282325 0.282322 0.282322 0.000000 0.000000
0.000000 0.000000 0.281099 0.281099 0.281102 0.281099 0.281099 0.281099 0.281099 0.281099 0.281099 0.281099 0.281099 0.281099 0.281099 0.281099 0.281102 0.281099 0.281099 0.000000 0.000000
0.000000 0.000000 0.279850 0.279850 0.279853 0.279850 0.279850 0.279850 0.279850 0.279850 0.279850 0.279850 0.279850 0.279850 0.279850 0.279850 0.279853 0.279850 0.279850 0.000000 0.000000
0.000000 0.000000 0.300000 0.300000 0.300000 0.300000 0.300000 0.300000 0.300000 0.300000 0.300000 0.300000 0.300000 0.300000 0.300000 0.300000 0.300000 0.300000 0.300000 0.000000 0.000000
0.000000 0.000000 0.000000 0.000000 0.000000 0.000000 0.000000 0.000000 0.000000 0.000000 0.000000 0.000000 0.000000 0.000000 0.000000 0.000000 0.000000 0.000000 0.000000 0.000000 0.000000