geotop/1.0zi/1.0Montebello/Templates/testdem/maps/_Eocclay7869.asc
ncols         21
nrows         20
xllcorner     100.000000
yllcorner     100.000000
cellsize      50.000000
NODATA_value  -9999.0
0.000000 0.000000 0.000000 0.000000 0.000000 0.000000 0.000000 0.000000 0.000000 0.000000 0.000000 0.000000 0.000000 0.000000 0.000000 0.000000 0.000000 0.000000 0.000000 0.000000 0.000000
0.000000 0.000000 0.349636 0.349638 0.349638 0.349637 0.349639 0.349639 0.349638 0.349639 0.349637 0.349639 0.349639 0.349638 0.349639 0.349638 0.349636 0.349637 0.349637 0.000000 0.000000
0.000000 0.000000 0.349985 0.349984 0.349985 0.349986 0.349984 0.349983 0.349984 0.349983 0.349983 0.349983 0.349983 0.349983 0.349984 0.349984 0.349985 0.349984 0.349983 0.000000 0.000000
0.000000 0.000000 0.350003 0.350007 0.350004 0.350003 0.350006 0.350003 0.350005 0.350003 0.350006 0.350004 0.350004 0.350003 0.350005 0.350006 0.350005 0.350008 0.350007 0.000000 0.000000
0.000000 0.000000 0.350993 0.350990 0.350986 0.350981 0.350965 0.350963 0.350960 0.350963 0.350959 0.350960 0.350956 0.350960 0.350970 0.350972 0.350981 0.350982 0.350988 0.000000 0.000000
0.000000 0.000000 0.353748 0.353746 0.353734 0.353705 0.353691 0.353667 0.353668 0.353661 0.353665 0.353663 0.353666 0.353668 0.353679 0.353698 0.353713 0.353728 0.353734 0.000000 0.000000
0.000000 0.000000 0.357529 0.357525 0.357516 0.357492 0.357461 0.357423 0.357422 0.357416 0.357418 0.357418 0.357418 0.357419 0.357452 0.357482 0.357498 0.357511 0.357518 0.000000 0.000000
0.000000 0.000000 0.362011 0.362008 0.362000 0.361970 0.361940 0.361899 0.361899 0.361894 0.361894 0.361891 0.361889 0.361897 0.361932 0.361957 0.361983 0.361992 0.362004 0.000000 0.000000
0.000000 0.000000 0.366745 0.366738 0.366723 0.366705 0.366673 0.366631 0.366634 0.366624 0.366621 0.366619 0.366620 0.366619 0.366661 0.366694 0.366714 0.366724 0.366733 0.000000 0.000000
0.000000 0.000000 0.371744 0.371733 0.371726 0.371707 0.371661 0.371622 0.371622 0.371617 0.371611 0.371614 0.371620 0.371618 0.371653 0.371692 0.371716 0.371724 0.371731 0.000000 0.000000
0.000000 0.000000 0.377164 0.377156 0.377147 0.377108 0.377076 0.377030 0.377040 0.377015 0.377018 0.377017 0.377009 0.377025 0.377057 0.377081 0.377111 0.377128 0.377148 0.000000 0.000000
0.000000 0.000000 0.383142 0.383125 0.383106 0.383080 0.383044 0.382988 0.382985 0.382977 0.382990 0.382970 0.382975 0.382979 0.383037 0.383066 0.383087 0.383099 0.383150 0.000000 0.000000
0.000000 0.000000 0.389577 0.389560 0.389552 0.389515 0.389484 0.389340 0.389338 0.389329 0.389292 0.389311 0.389320 0.389333 0.389443 0.389472 0.389527 0.389533 0.389559 0.000000 0.000000
0.000000 0.000000 0.397064 0.397058 0.397028 0.397001 0.396826 0.396833 0.396796 0.396796 0.396804 0.396795 0.396790 0.396783 0.396772 0.396955 0.396987 0.397035 0.397070 0.000000 0.000000
0.000000 0.000000 0.405846 0.405829 0.405791 0.405571 0.405581 0.405472 0.405419 0.405406 0.405370 0.405343 0.405367 0.405362 0.405468 0.405473 0.405763 0.405723 0.405730 0.000000 0.000000
0.000000 0.000000 0.415511 0.415494 0.415177 0.415247 0.415226 0.415189 0.415303 0.415264 0.415322 0.415297 0.415247 0.415326 0.415339 0.415356 0.415148 0.415597 0.415590 0.000000 0.000000
0.000000 0.000000 0.427598 0.427091 0.427165 0.426981 0.426727 0.426653 0.426527 0.426555 0.426411 0.426421 0.426502 0.426426 0.426552 0.426740 0.427145 0.426915 0.427438 0.000000 0.000000
0.000000 0.000000 0.432618 0.433067 0.433521 0.433510 0.433513 0.433082 0.433141 0.433019 0.433209 0.433169 0.433145 0.433207 0.433573 0.433570 0.433603 0.433232 0.432793 0.000000 0.000000
0.000000 0.000000 0.350000 0.350000 0.350000 0.350000 0.350000 0.350000 0.350000 0.350000 0.350000 0.350000 0.350000 0.350000 0.350000 0.350000 0.350000 0.350000 0.350000 0.000000 0.000000
0.000000 0.000000 0.000000 0.000000 0.000000 0.000000 0.000000 0.000000 0.000000 0.000000 0.000000 0.000000 0.000000 0.000000 0.000000 0.000000 0.000000 0.000000 0.000000 0.000000 0.000000