geotop/1.0zi/1.0Montebello/Templates/testdem/maps/_Eocsilt5141.asc
ncols         21
nrows         20
xllcorner     100.000000
yllcorner     100.000000
cellsize      50.000000
NODATA_value  -9999.0
0.000000 0.000000 0.000000 0.000000 0.000000 0.000000 0.000000 0.000000 0.000000 0.000000 0.000000 0.000000 0.000000 0.000000 0.000000 0.000000 0.000000 0.000000 0.000000 0.000000 0.000000
0.000000 0.000000 0.350103 0.350103 0.350103 0.350103 0.350103 0.350103 0.350103 0.350103 0.350103 0.350103 0.350103 0.350103 0.350103 0.350103 0.350103 0.350103 0.350103 0.000000 0.000000
0.000000 0.000000 0.350002 0.350002 0.350002 0.350003 0.350003 0.350003 0.350003 0.350003 0.350003 0.350003 0.350003 0.350003 0.350003 0.350002 0.350001 0.350001 0.350001 0.000000 0.000000
0.000000 0.000000 0.350037 0.350037 0.350036 0.350032 0.350033 0.350031 0.350033 0.350034 0.350033 0.350032 0.350032 0.350032 0.350033 0.350036 0.350036 0.350038 0.350037 0.000000 0.000000
0.000000 0.000000 0.350427 0.350431 0.350430 0.350426 0.350423 0.350420 0.350418 0.350416 0.350414 0.350416 0.350417 0.350417 0.350422 0.350423 0.350424 0.350431 0.350435 0.000000 0.000000
0.000000 0.000000 0.351702 0.351705 0.351701 0.351689 0.351681 0.351666 0.351664 0.351659 0.351663 0.351666 0.351670 0.351668 0.351673 0.351679 0.351686 0.351689 0.351693 0.000000 0.000000
0.000000 0.000000 0.353685 0.353684 0.353678 0.353663 0.353644 0.353626 0.353627 0.353625 0.353627 0.353626 0.353624 0.353629 0.353641 0.353656 0.353664 0.353673 0.353679 0.000000 0.000000
0.000000 0.000000 0.356081 0.356080 0.356080 0.356065 0.356046 0.356026 0.356027 0.356024 0.356024 0.356024 0.356024 0.356024 0.356041 0.356060 0.356071 0.356075 0.356082 0.000000 0.000000
0.000000 0.000000 0.358588 0.358584 0.358579 0.358566 0.358547 0.358523 0.358524 0.358520 0.358519 0.358521 0.358520 0.358521 0.358540 0.358560 0.358570 0.358577 0.358587 0.000000 0.000000
0.000000 0.000000 0.361077 0.361075 0.361072 0.361062 0.361041 0.361019 0.361022 0.361019 0.361018 0.361019 0.361018 0.361017 0.361038 0.361056 0.361063 0.361069 0.361076 0.000000 0.000000
0.000000 0.000000 0.363611 0.363608 0.363607 0.363591 0.363575 0.363550 0.363551 0.363547 0.363546 0.363548 0.363546 0.363546 0.363564 0.363579 0.363592 0.363599 0.363608 0.000000 0.000000
0.000000 0.000000 0.366246 0.366244 0.366240 0.366225 0.366208 0.366183 0.366181 0.366179 0.366179 0.366179 0.366178 0.366178 0.366201 0.366218 0.366227 0.366233 0.366259 0.000000 0.000000
0.000000 0.000000 0.368927 0.368924 0.368920 0.368908 0.368887 0.368833 0.368833 0.368829 0.368828 0.368829 0.368826 0.368828 0.368874 0.368895 0.368905 0.368912 0.368927 0.000000 0.000000
0.000000 0.000000 0.371801 0.371793 0.371790 0.371778 0.371721 0.371707 0.371698 0.371695 0.371695 0.371696 0.371693 0.371693 0.371707 0.371761 0.371772 0.371785 0.371795 0.000000 0.000000
0.000000 0.000000 0.374920 0.374915 0.374901 0.374849 0.374823 0.374788 0.374772 0.374767 0.374759 0.374758 0.374762 0.374757 0.374782 0.374817 0.374880 0.374879 0.374888 0.000000 0.000000
0.000000 0.000000 0.378177 0.378172 0.378110 0.378094 0.378077 0.378059 0.378058 0.378058 0.378061 0.378061 0.378053 0.378066 0.378075 0.378088 0.378090 0.378164 0.378180 0.000000 0.000000
0.000000 0.000000 0.381842 0.381757 0.381710 0.381684 0.381636 0.381611 0.381605 0.381603 0.381592 0.381593 0.381596 0.381588 0.381607 0.381658 0.381694 0.381724 0.381812 0.000000 0.000000
0.000000 0.000000 0.384626 0.384619 0.384683 0.384651 0.384615 0.384529 0.384521 0.384514 0.384518 0.384518 0.384514 0.384521 0.384599 0.384635 0.384679 0.384606 0.384632 0.000000 0.000000
0.000000 0.000000 0.350000 0.350000 0.350000 0.350000 0.350000 0.350000 0.350000 0.350000 0.350000 0.350000 0.350000 0.350000 0.350000 0.350000 0.350000 0.350000 0.350000 0.000000 0.000000
0.000000 0.000000 0.000000 0.000000 0.000000 0.000000 0.000000 0.000000 0.000000 0.000000 0.000000 0.000000 0.000000 0.000000 0.000000 0.000000 0.000000 0.000000 0.000000 0.000000 0.000000