geotop/1.0zi/1.0Montebello/Templates/testdem/maps/_Eocsand5872.asc
ncols         21
nrows         20
xllcorner     100.000000
yllcorner     100.000000
cellsize      50.000000
NODATA_value  -9999.0
0.000000 0.000000 0.000000 0.000000 0.000000 0.000000 0.000000 0.000000 0.000000 0.000000 0.000000 0.000000 0.000000 0.000000 0.000000 0.000000 0.000000 0.000000 0.000000 0.000000 0.000000
0.000000 0.000000 0.300146 0.300145 0.300145 0.300145 0.300145 0.300144 0.300145 0.300145 0.300145 0.300145 0.300145 0.300145 0.300145 0.300145 0.300145 0.300145 0.300146 0.000000 0.000000
0.000000 0.000000 0.300009 0.300008 0.300008 0.300008 0.300008 0.300008 0.300008 0.300008 0.300008 0.300008 0.300007 0.300007 0.300008 0.300008 0.300009 0.300010 0.300009 0.000000 0.000000
0.000000 0.000000 0.299967 0.299966 0.299970 0.299974 0.299971 0.299973 0.299971 0.299972 0.299971 0.299974 0.299973 0.299974 0.299970 0.299965 0.299966 0.299963 0.299965 0.000000 0.000000
0.000000 0.000000 0.298985 0.298982 0.298984 0.298993 0.299007 0.299015 0.299015 0.299016 0.299019 0.299017 0.299020 0.299018 0.299008 0.299006 0.299002 0.298991 0.298983 0.000000 0.000000
0.000000 0.000000 0.295816 0.295812 0.295824 0.295858 0.295875 0.295909 0.295911 0.295920 0.295912 0.295910 0.295906 0.295910 0.295898 0.295878 0.295862 0.295846 0.295837 0.000000 0.000000
0.000000 0.000000 0.291072 0.291077 0.291086 0.291122 0.291164 0.291215 0.291214 0.291221 0.291216 0.291214 0.291217 0.291215 0.291178 0.291137 0.291119 0.291100 0.291087 0.000000 0.000000
0.000000 0.000000 0.285297 0.285297 0.285301 0.285339 0.285381 0.285436 0.285435 0.285441 0.285440 0.285441 0.285444 0.285437 0.285395 0.285356 0.285326 0.285317 0.285299 0.000000 0.000000
0.000000 0.000000 0.279324 0.279332 0.279348 0.279371 0.279412 0.279471 0.279468 0.279478 0.279483 0.279480 0.279480 0.279485 0.279431 0.279388 0.279361 0.279352 0.279335 0.000000 0.000000
0.000000 0.000000 0.273293 0.273303 0.273310 0.273326 0.273385 0.273437 0.273433 0.273440 0.273448 0.273439 0.273433 0.273439 0.273397 0.273348 0.273320 0.273315 0.273303 0.000000 0.000000
0.000000 0.000000 0.267054 0.267060 0.267063 0.267106 0.267146 0.267204 0.267192 0.267220 0.267219 0.267216 0.267223 0.267209 0.267174 0.267142 0.267111 0.267093 0.267067 0.000000 0.000000
0.000000 0.000000 0.260489 0.260504 0.260522 0.260553 0.260588 0.260657 0.260655 0.260671 0.260654 0.260670 0.260667 0.260663 0.260600 0.260570 0.260548 0.260539 0.260473 0.000000 0.000000
0.000000 0.000000 0.253733 0.253746 0.253753 0.253788 0.253820 0.253962 0.253962 0.253974 0.254004 0.253987 0.253977 0.253967 0.253862 0.253834 0.253784 0.253779 0.253733 0.000000 0.000000
0.000000 0.000000 0.246374 0.246383 0.246403 0.246425 0.246564 0.246598 0.246630 0.246632 0.246642 0.246637 0.246636 0.246642 0.246625 0.246485 0.246443 0.246408 0.246361 0.000000 0.000000
0.000000 0.000000 0.238245 0.238257 0.238289 0.238434 0.238478 0.238560 0.238614 0.238623 0.238650 0.238665 0.238648 0.238661 0.238597 0.238531 0.238325 0.238342 0.238314 0.000000 0.000000
0.000000 0.000000 0.229624 0.229635 0.229827 0.229858 0.229869 0.229921 0.229881 0.229904 0.229887 0.229907 0.229930 0.229892 0.229860 0.229840 0.229860 0.229615 0.229609 0.000000 0.000000
0.000000 0.000000 0.219705 0.219968 0.220054 0.220131 0.220256 0.220319 0.220342 0.220345 0.220402 0.220409 0.220384 0.220396 0.220324 0.220228 0.220077 0.220029 0.219763 0.000000 0.000000
0.000000 0.000000 0.212561 0.212538 0.212304 0.212367 0.212462 0.212706 0.212710 0.212765 0.212726 0.212740 0.212725 0.212719 0.212496 0.212426 0.212269 0.212512 0.212519 0.000000 0.000000
0.000000 0.000000 0.300000 0.300000 0.300000 0.300000 0.300000 0.300000 0.300000 0.300000 0.300000 0.300000 0.300000 0.300000 0.300000 0.300000 0.300000 0.300000 0.300000 0.000000 0.000000
0.000000 0.000000 0.000000 0.000000 0.000000 0.000000 0.000000 0.000000 0.000000 0.000000 0.000000 0.000000 0.000000 0.000000 0.000000 0.000000 0.000000 0.000000 0.000000 0.000000 0.000000