geotop/1.0zi/1.0Montebello/Templates/testdem/maps/_Eocclay5797.asc
ncols         21
nrows         20
xllcorner     100.000000
yllcorner     100.000000
cellsize      50.000000
NODATA_value  -9999.0
0.000000 0.000000 0.000000 0.000000 0.000000 0.000000 0.000000 0.000000 0.000000 0.000000 0.000000 0.000000 0.000000 0.000000 0.000000 0.000000 0.000000 0.000000 0.000000 0.000000 0.000000
0.000000 0.000000 0.349741 0.349742 0.349742 0.349742 0.349743 0.349743 0.349742 0.349742 0.349742 0.349742 0.349742 0.349742 0.349742 0.349742 0.349742 0.349742 0.349742 0.000000 0.000000
0.000000 0.000000 0.349989 0.349989 0.349989 0.349989 0.349989 0.349989 0.349989 0.349989 0.349989 0.349988 0.349989 0.349989 0.349989 0.349989 0.349989 0.349989 0.349989 0.000000 0.000000
0.000000 0.000000 0.349987 0.349989 0.349987 0.349988 0.349989 0.349989 0.349989 0.349988 0.349989 0.349988 0.349988 0.349987 0.349990 0.349991 0.349989 0.349990 0.349989 0.000000 0.000000
0.000000 0.000000 0.350478 0.350478 0.350479 0.350474 0.350463 0.350460 0.350461 0.350462 0.350461 0.350462 0.350457 0.350458 0.350462 0.350461 0.350466 0.350468 0.350472 0.000000 0.000000
0.000000 0.000000 0.352079 0.352081 0.352075 0.352057 0.352050 0.352034 0.352034 0.352030 0.352033 0.352033 0.352036 0.352036 0.352039 0.352051 0.352057 0.352068 0.352073 0.000000 0.000000
0.000000 0.000000 0.354408 0.354406 0.354404 0.354387 0.354367 0.354340 0.354340 0.354336 0.354337 0.354340 0.354340 0.354338 0.354357 0.354378 0.354387 0.354396 0.354403 0.000000 0.000000
0.000000 0.000000 0.357254 0.357254 0.357252 0.357233 0.357213 0.357184 0.357184 0.357182 0.357182 0.357182 0.357180 0.357184 0.357205 0.357222 0.357236 0.357242 0.357251 0.000000 0.000000
0.000000 0.000000 0.360144 0.360141 0.360136 0.360125 0.360105 0.360077 0.360079 0.360074 0.360071 0.360073 0.360072 0.360070 0.360095 0.360115 0.360128 0.360131 0.360139 0.000000 0.000000
0.000000 0.000000 0.363073 0.363068 0.363067 0.363059 0.363030 0.363004 0.363006 0.363003 0.362999 0.363003 0.363006 0.363003 0.363023 0.363047 0.363060 0.363063 0.363068 0.000000 0.000000
0.000000 0.000000 0.366116 0.366113 0.366112 0.366092 0.366073 0.366044 0.366050 0.366036 0.366037 0.366038 0.366035 0.366042 0.366058 0.366072 0.366088 0.366096 0.366109 0.000000 0.000000
0.000000 0.000000 0.369308 0.369302 0.369294 0.369280 0.369263 0.369228 0.369230 0.369222 0.369231 0.369222 0.369223 0.369225 0.369255 0.369269 0.369279 0.369284 0.369316 0.000000 0.000000
0.000000 0.000000 0.372592 0.372586 0.372584 0.372568 0.372552 0.372482 0.372483 0.372477 0.372463 0.372471 0.372476 0.372480 0.372531 0.372543 0.372568 0.372570 0.372593 0.000000 0.000000
0.000000 0.000000 0.376162 0.376158 0.376150 0.376140 0.376072 0.376054 0.376039 0.376038 0.376033 0.376036 0.376036 0.376033 0.376041 0.376108 0.376129 0.376145 0.376168 0.000000 0.000000
0.000000 0.000000 0.380098 0.380093 0.380079 0.380010 0.379988 0.379948 0.379921 0.379917 0.379904 0.379898 0.379905 0.379899 0.379928 0.379960 0.380059 0.380051 0.380065 0.000000 0.000000
0.000000 0.000000 0.384262 0.384258 0.384168 0.384152 0.384147 0.384121 0.384139 0.384128 0.384136 0.384126 0.384115 0.384133 0.384148 0.384157 0.384149 0.384266 0.384269 0.000000 0.000000
0.000000 0.000000 0.389039 0.388915 0.388873 0.388837 0.388778 0.388747 0.388737 0.388735 0.388709 0.388705 0.388717 0.388711 0.388744 0.388789 0.388859 0.388886 0.389012 0.000000 0.000000
0.000000 0.000000 0.392518 0.392524 0.392634 0.392604 0.392557 0.392441 0.392438 0.392412 0.392430 0.392423 0.392430 0.392432 0.392538 0.392572 0.392648 0.392534 0.392536 0.000000 0.000000
0.000000 0.000000 0.350000 0.350000 0.350000 0.350000 0.350000 0.350000 0.350000 0.350000 0.350000 0.350000 0.350000 0.350000 0.350000 0.350000 0.350000 0.350000 0.350000 0.000000 0.000000
0.000000 0.000000 0.000000 0.000000 0.000000 0.000000 0.000000 0.000000 0.000000 0.000000 0.000000 0.000000 0.000000 0.000000 0.000000 0.000000 0.000000 0.000000 0.000000 0.000000 0.000000