geotop/1.0zi/1.0Montebello/Templates/testdem/maps/_Eocclay8609.asc
ncols         21
nrows         20
xllcorner     100.000000
yllcorner     100.000000
cellsize      50.000000
NODATA_value  -9999.0
0.000000 0.000000 0.000000 0.000000 0.000000 0.000000 0.000000 0.000000 0.000000 0.000000 0.000000 0.000000 0.000000 0.000000 0.000000 0.000000 0.000000 0.000000 0.000000 0.000000 0.000000
0.000000 0.000000 0.349604 0.349606 0.349606 0.349605 0.349607 0.349607 0.349607 0.349607 0.349606 0.349607 0.349607 0.349607 0.349607 0.349607 0.349605 0.349605 0.349606 0.000000 0.000000
0.000000 0.000000 0.349982 0.349981 0.349981 0.349983 0.349981 0.349981 0.349981 0.349981 0.349981 0.349981 0.349981 0.349981 0.349981 0.349982 0.349983 0.349982 0.349980 0.000000 0.000000
0.000000 0.000000 0.350004 0.350009 0.350006 0.350003 0.350007 0.350004 0.350005 0.350003 0.350006 0.350004 0.350004 0.350002 0.350005 0.350006 0.350005 0.350008 0.350006 0.000000 0.000000
0.000000 0.000000 0.351058 0.351051 0.351049 0.351042 0.351025 0.351024 0.351021 0.351022 0.351020 0.351022 0.351020 0.351022 0.351031 0.351033 0.351043 0.351046 0.351055 0.000000 0.000000
0.000000 0.000000 0.354178 0.354176 0.354158 0.354127 0.354109 0.354084 0.354086 0.354079 0.354084 0.354084 0.354089 0.354088 0.354100 0.354121 0.354137 0.354150 0.354156 0.000000 0.000000
0.000000 0.000000 0.358440 0.358433 0.358424 0.358397 0.358363 0.358321 0.358320 0.358315 0.358316 0.358318 0.358318 0.358319 0.358355 0.358386 0.358403 0.358416 0.358424 0.000000 0.000000
0.000000 0.000000 0.363491 0.363486 0.363477 0.363443 0.363411 0.363366 0.363366 0.363359 0.363360 0.363358 0.363355 0.363364 0.363402 0.363430 0.363458 0.363467 0.363480 0.000000 0.000000
0.000000 0.000000 0.368906 0.368894 0.368879 0.368858 0.368821 0.368775 0.368778 0.368768 0.368765 0.368764 0.368765 0.368764 0.368810 0.368846 0.368868 0.368878 0.368889 0.000000 0.000000
0.000000 0.000000 0.374708 0.374694 0.374686 0.374665 0.374611 0.374568 0.374568 0.374563 0.374556 0.374562 0.374568 0.374565 0.374604 0.374648 0.374674 0.374684 0.374691 0.000000 0.000000
0.000000 0.000000 0.381109 0.381101 0.381091 0.381042 0.381006 0.380951 0.380966 0.380935 0.380941 0.380939 0.380929 0.380947 0.380986 0.381012 0.381048 0.381065 0.381090 0.000000 0.000000
0.000000 0.000000 0.388304 0.388281 0.388259 0.388231 0.388184 0.388121 0.388115 0.388110 0.388124 0.388101 0.388111 0.388111 0.388180 0.388217 0.388239 0.388254 0.388311 0.000000 0.000000
0.000000 0.000000 0.396192 0.396168 0.396165 0.396115 0.396078 0.395899 0.395895 0.395887 0.395836 0.395867 0.395875 0.395891 0.396030 0.396063 0.396133 0.396138 0.396165 0.000000 0.000000
0.000000 0.000000 0.405612 0.405605 0.405565 0.405533 0.405296 0.405328 0.405281 0.405282 0.405302 0.405283 0.405279 0.405262 0.405232 0.405480 0.405511 0.405576 0.405619 0.000000 0.000000
0.000000 0.000000 0.416851 0.416824 0.416776 0.416469 0.416516 0.416359 0.416294 0.416278 0.416223 0.416192 0.416226 0.416220 0.416375 0.416341 0.416747 0.416676 0.416679 0.000000 0.000000
0.000000 0.000000 0.429118 0.429096 0.428651 0.428804 0.428759 0.428734 0.428910 0.428858 0.428953 0.428927 0.428851 0.428960 0.428954 0.428986 0.428612 0.429269 0.429259 0.000000 0.000000
0.000000 0.000000 0.444074 0.443395 0.443586 0.443310 0.442970 0.442868 0.442662 0.442711 0.442499 0.442523 0.442647 0.442519 0.442699 0.442949 0.443563 0.443120 0.443825 0.000000 0.000000
0.000000 0.000000 0.448517 0.449163 0.449692 0.449704 0.449752 0.449233 0.449335 0.449179 0.449445 0.449394 0.449348 0.449439 0.449867 0.449831 0.449791 0.449400 0.448762 0.000000 0.000000
0.000000 0.000000 0.350000 0.350000 0.350000 0.350000 0.350000 0.350000 0.350000 0.350000 0.350000 0.350000 0.350000 0.350000 0.350000 0.350000 0.350000 0.350000 0.350000 0.000000 0.000000
0.000000 0.000000 0.000000 0.000000 0.000000 0.000000 0.000000 0.000000 0.000000 0.000000 0.000000 0.000000 0.000000 0.000000 0.000000 0.000000 0.000000 0.000000 0.000000 0.000000 0.000000