geotop/1.0zi/1.0Montebello/Templates/testdem/maps/_Eocsand3955.asc
ncols         21
nrows         20
xllcorner     100.000000
yllcorner     100.000000
cellsize      50.000000
NODATA_value  -9999.0
0.000000 0.000000 0.000000 0.000000 0.000000 0.000000 0.000000 0.000000 0.000000 0.000000 0.000000 0.000000 0.000000 0.000000 0.000000 0.000000 0.000000 0.000000 0.000000 0.000000 0.000000
0.000000 0.000000 0.300100 0.300099 0.300099 0.300099 0.300099 0.300099 0.300099 0.300099 0.300099 0.300099 0.300099 0.300099 0.300099 0.300099 0.300099 0.300099 0.300100 0.000000 0.000000
0.000000 0.000000 0.300005 0.300004 0.300004 0.300004 0.300004 0.300003 0.300003 0.300003 0.300004 0.300004 0.300003 0.300003 0.300004 0.300004 0.300006 0.300006 0.300005 0.000000 0.000000
0.000000 0.000000 0.299974 0.299973 0.299975 0.299979 0.299976 0.299979 0.299976 0.299977 0.299977 0.299978 0.299978 0.299980 0.299976 0.299973 0.299973 0.299971 0.299973 0.000000 0.000000
0.000000 0.000000 0.299290 0.299285 0.299289 0.299289 0.299298 0.299304 0.299305 0.299308 0.299307 0.299306 0.299306 0.299305 0.299298 0.299299 0.299299 0.299295 0.299290 0.000000 0.000000
0.000000 0.000000 0.297108 0.297105 0.297114 0.297128 0.297139 0.297160 0.297161 0.297171 0.297163 0.297161 0.297158 0.297155 0.297152 0.297140 0.297134 0.297130 0.297125 0.000000 0.000000
0.000000 0.000000 0.293886 0.293887 0.293895 0.293921 0.293950 0.293986 0.293984 0.293991 0.293983 0.293986 0.293985 0.293979 0.293947 0.293918 0.293909 0.293904 0.293895 0.000000 0.000000
0.000000 0.000000 0.290189 0.290191 0.290202 0.290232 0.290265 0.290301 0.290298 0.290304 0.290302 0.290304 0.290306 0.290300 0.290259 0.290229 0.290213 0.290211 0.290201 0.000000 0.000000
0.000000 0.000000 0.286483 0.286489 0.286505 0.286528 0.286560 0.286602 0.286600 0.286608 0.286606 0.286605 0.286605 0.286597 0.286560 0.286525 0.286513 0.286509 0.286495 0.000000 0.000000
0.000000 0.000000 0.282807 0.282813 0.282825 0.282850 0.282888 0.282926 0.282922 0.282928 0.282926 0.282926 0.282927 0.282922 0.282880 0.282845 0.282834 0.282830 0.282820 0.000000 0.000000
0.000000 0.000000 0.279101 0.279107 0.279121 0.279140 0.279170 0.279216 0.279212 0.279222 0.279220 0.279219 0.279219 0.279213 0.279177 0.279152 0.279136 0.279131 0.279118 0.000000 0.000000
0.000000 0.000000 0.275290 0.275296 0.275312 0.275340 0.275372 0.275416 0.275418 0.275424 0.275422 0.275424 0.275421 0.275416 0.275370 0.275340 0.275326 0.275322 0.275280 0.000000 0.000000
0.000000 0.000000 0.271451 0.271458 0.271474 0.271497 0.271534 0.271618 0.271618 0.271626 0.271625 0.271625 0.271625 0.271617 0.271541 0.271505 0.271492 0.271487 0.271460 0.000000 0.000000
0.000000 0.000000 0.267417 0.267430 0.267443 0.267467 0.267552 0.267580 0.267593 0.267600 0.267597 0.267598 0.267598 0.267591 0.267560 0.267480 0.267465 0.267451 0.267435 0.000000 0.000000
0.000000 0.000000 0.263098 0.263108 0.263138 0.263209 0.263255 0.263309 0.263336 0.263345 0.263355 0.263356 0.263349 0.263350 0.263304 0.263246 0.263164 0.263169 0.263157 0.000000 0.000000
0.000000 0.000000 0.258672 0.258682 0.258770 0.258790 0.258822 0.258853 0.258859 0.258863 0.258858 0.258860 0.258867 0.258845 0.258824 0.258797 0.258795 0.258713 0.258691 0.000000 0.000000
0.000000 0.000000 0.253797 0.253898 0.253978 0.254014 0.254076 0.254110 0.254118 0.254124 0.254134 0.254133 0.254128 0.254128 0.254100 0.254035 0.253998 0.253953 0.253851 0.000000 0.000000
0.000000 0.000000 0.249932 0.249961 0.249909 0.249954 0.250013 0.250119 0.250130 0.250142 0.250137 0.250139 0.250140 0.250126 0.250029 0.249969 0.249908 0.249999 0.249951 0.000000 0.000000
0.000000 0.000000 0.300000 0.300000 0.300000 0.300000 0.300000 0.300000 0.300000 0.300000 0.300000 0.300000 0.300000 0.300000 0.300000 0.300000 0.300000 0.300000 0.300000 0.000000 0.000000
0.000000 0.000000 0.000000 0.000000 0.000000 0.000000 0.000000 0.000000 0.000000 0.000000 0.000000 0.000000 0.000000 0.000000 0.000000 0.000000 0.000000 0.000000 0.000000 0.000000 0.000000