geotop/1.0zi/1.0Montebello/Templates/testdem/maps/_Eocsilt7363.asc
ncols         21
nrows         20
xllcorner     100.000000
yllcorner     100.000000
cellsize      50.000000
NODATA_value  -9999.0
0.000000 0.000000 0.000000 0.000000 0.000000 0.000000 0.000000 0.000000 0.000000 0.000000 0.000000 0.000000 0.000000 0.000000 0.000000 0.000000 0.000000 0.000000 0.000000 0.000000 0.000000
0.000000 0.000000 0.350152 0.350153 0.350153 0.350154 0.350153 0.350154 0.350153 0.350153 0.350154 0.350153 0.350153 0.350153 0.350153 0.350153 0.350154 0.350154 0.350153 0.000000 0.000000
0.000000 0.000000 0.350004 0.350003 0.350003 0.350003 0.350004 0.350004 0.350004 0.350004 0.350004 0.350004 0.350005 0.350004 0.350004 0.350003 0.350002 0.350002 0.350004 0.000000 0.000000
0.000000 0.000000 0.350094 0.350090 0.350089 0.350082 0.350084 0.350079 0.350082 0.350082 0.350079 0.350081 0.350081 0.350081 0.350084 0.350087 0.350090 0.350090 0.350091 0.000000 0.000000
0.000000 0.000000 0.350914 0.350920 0.350915 0.350905 0.350899 0.350893 0.350889 0.350888 0.350887 0.350888 0.350889 0.350890 0.350903 0.350908 0.350910 0.350920 0.350922 0.000000 0.000000
0.000000 0.000000 0.353216 0.353217 0.353208 0.353193 0.353175 0.353154 0.353153 0.353148 0.353152 0.353152 0.353153 0.353152 0.353164 0.353175 0.353187 0.353194 0.353199 0.000000 0.000000
0.000000 0.000000 0.356538 0.356535 0.356524 0.356500 0.356471 0.356440 0.356441 0.356437 0.356438 0.356437 0.356433 0.356439 0.356465 0.356490 0.356506 0.356520 0.356527 0.000000 0.000000
0.000000 0.000000 0.360501 0.360500 0.360495 0.360470 0.360442 0.360408 0.360408 0.360404 0.360402 0.360400 0.360398 0.360404 0.360434 0.360459 0.360483 0.360489 0.360501 0.000000 0.000000
0.000000 0.000000 0.364722 0.364715 0.364701 0.364685 0.364655 0.364617 0.364618 0.364610 0.364607 0.364606 0.364607 0.364606 0.364644 0.364675 0.364694 0.364704 0.364714 0.000000 0.000000
0.000000 0.000000 0.369095 0.369088 0.369081 0.369065 0.369024 0.368990 0.368991 0.368986 0.368980 0.368983 0.368988 0.368986 0.369017 0.369052 0.369073 0.369080 0.369087 0.000000 0.000000
0.000000 0.000000 0.373736 0.373731 0.373724 0.373690 0.373661 0.373623 0.373631 0.373610 0.373612 0.373611 0.373604 0.373617 0.373645 0.373667 0.373694 0.373708 0.373726 0.000000 0.000000
0.000000 0.000000 0.378788 0.378775 0.378760 0.378737 0.378707 0.378658 0.378656 0.378649 0.378660 0.378644 0.378648 0.378652 0.378701 0.378726 0.378744 0.378755 0.378799 0.000000 0.000000
0.000000 0.000000 0.384142 0.384129 0.384122 0.384093 0.384066 0.383950 0.383948 0.383941 0.383911 0.383925 0.383932 0.383943 0.384032 0.384057 0.384102 0.384108 0.384133 0.000000 0.000000
0.000000 0.000000 0.390239 0.390233 0.390211 0.390190 0.390055 0.390050 0.390021 0.390021 0.390023 0.390018 0.390015 0.390011 0.390010 0.390149 0.390179 0.390216 0.390247 0.000000 0.000000
0.000000 0.000000 0.397256 0.397245 0.397215 0.397055 0.397045 0.396966 0.396923 0.396915 0.396888 0.396866 0.396884 0.396879 0.396955 0.396977 0.397192 0.397167 0.397177 0.000000 0.000000
0.000000 0.000000 0.404913 0.404901 0.404675 0.404701 0.404687 0.404650 0.404722 0.404694 0.404730 0.404708 0.404676 0.404731 0.404752 0.404765 0.404653 0.404963 0.404960 0.000000 0.000000
0.000000 0.000000 0.414289 0.413941 0.413948 0.413833 0.413657 0.413603 0.413532 0.413547 0.413453 0.413456 0.413505 0.413464 0.413552 0.413682 0.413933 0.413837 0.414195 0.000000 0.000000
0.000000 0.000000 0.419205 0.419445 0.419769 0.419738 0.419705 0.419400 0.419425 0.419344 0.419454 0.419427 0.419422 0.419455 0.419723 0.419745 0.419826 0.419539 0.419311 0.000000 0.000000
0.000000 0.000000 0.350000 0.350000 0.350000 0.350000 0.350000 0.350000 0.350000 0.350000 0.350000 0.350000 0.350000 0.350000 0.350000 0.350000 0.350000 0.350000 0.350000 0.000000 0.000000
0.000000 0.000000 0.000000 0.000000 0.000000 0.000000 0.000000 0.000000 0.000000 0.000000 0.000000 0.000000 0.000000 0.000000 0.000000 0.000000 0.000000 0.000000 0.000000 0.000000 0.000000