geotop/1.0zi/1.0Montebello/Templates/testdem/maps/_Eocsand2913.asc
ncols         21
nrows         20
xllcorner     100.000000
yllcorner     100.000000
cellsize      50.000000
NODATA_value  -9999.0
0.000000 0.000000 0.000000 0.000000 0.000000 0.000000 0.000000 0.000000 0.000000 0.000000 0.000000 0.000000 0.000000 0.000000 0.000000 0.000000 0.000000 0.000000 0.000000 0.000000 0.000000
0.000000 0.000000 0.300087 0.300087 0.300087 0.300087 0.300087 0.300087 0.300087 0.300087 0.300088 0.300087 0.300087 0.300087 0.300087 0.300087 0.300087 0.300087 0.300087 0.000000 0.000000
0.000000 0.000000 0.300010 0.300011 0.300011 0.300010 0.300010 0.300010 0.300010 0.300010 0.300009 0.300010 0.300010 0.300010 0.300010 0.300010 0.300011 0.300011 0.300010 0.000000 0.000000
0.000000 0.000000 0.297973 0.297974 0.297978 0.297976 0.297972 0.297973 0.297973 0.297972 0.297972 0.297972 0.297973 0.297973 0.297972 0.297976 0.297978 0.297974 0.297973 0.000000 0.000000
0.000000 0.000000 0.289643 0.289644 0.289648 0.289647 0.289642 0.289643 0.289643 0.289640 0.289640 0.289640 0.289643 0.289643 0.289642 0.289647 0.289648 0.289644 0.289643 0.000000 0.000000
0.000000 0.000000 0.279657 0.279658 0.279661 0.279661 0.279656 0.279658 0.279658 0.279655 0.279655 0.279655 0.279658 0.279658 0.279656 0.279661 0.279661 0.279658 0.279657 0.000000 0.000000
0.000000 0.000000 0.270400 0.270401 0.270404 0.270403 0.270400 0.270401 0.270401 0.270399 0.270398 0.270399 0.270401 0.270401 0.270400 0.270403 0.270404 0.270401 0.270400 0.000000 0.000000
0.000000 0.000000 0.261972 0.261973 0.261975 0.261975 0.261971 0.261972 0.261972 0.261971 0.261970 0.261971 0.261972 0.261972 0.261971 0.261975 0.261975 0.261973 0.261972 0.000000 0.000000
0.000000 0.000000 0.254156 0.254157 0.254159 0.254158 0.254155 0.254157 0.254156 0.254155 0.254154 0.254155 0.254156 0.254157 0.254155 0.254158 0.254159 0.254157 0.254156 0.000000 0.000000
0.000000 0.000000 0.246769 0.246769 0.246772 0.246771 0.246768 0.246769 0.246769 0.246768 0.246767 0.246768 0.246769 0.246769 0.246768 0.246771 0.246772 0.246769 0.246769 0.000000 0.000000
0.000000 0.000000 0.239721 0.239722 0.239724 0.239723 0.239721 0.239722 0.239722 0.239720 0.239720 0.239720 0.239722 0.239722 0.239721 0.239723 0.239724 0.239722 0.239721 0.000000 0.000000
0.000000 0.000000 0.232945 0.232945 0.232948 0.232947 0.232944 0.232945 0.232945 0.232944 0.232943 0.232944 0.232945 0.232945 0.232944 0.232947 0.232948 0.232945 0.232945 0.000000 0.000000
0.000000 0.000000 0.226389 0.226390 0.226392 0.226391 0.226389 0.226389 0.226389 0.226388 0.226388 0.226388 0.226389 0.226389 0.226389 0.226391 0.226392 0.226390 0.226389 0.000000 0.000000
0.000000 0.000000 0.220011 0.220012 0.220014 0.220013 0.220011 0.220011 0.220011 0.220010 0.220010 0.220010 0.220011 0.220011 0.220011 0.220013 0.220014 0.220012 0.220011 0.000000 0.000000
0.000000 0.000000 0.213792 0.213792 0.213795 0.213794 0.213791 0.213792 0.213792 0.213791 0.213790 0.213791 0.213792 0.213792 0.213791 0.213794 0.213795 0.213792 0.213792 0.000000 0.000000
0.000000 0.000000 0.207722 0.207723 0.207725 0.207724 0.207722 0.207723 0.207722 0.207721 0.207721 0.207721 0.207722 0.207723 0.207722 0.207724 0.207725 0.207723 0.207722 0.000000 0.000000
0.000000 0.000000 0.201792 0.201793 0.201795 0.201794 0.201792 0.201793 0.201793 0.201791 0.201791 0.201791 0.201793 0.201793 0.201792 0.201794 0.201795 0.201793 0.201792 0.000000 0.000000
0.000000 0.000000 0.195901 0.195901 0.195903 0.195902 0.195900 0.195901 0.195901 0.195899 0.195899 0.195899 0.195901 0.195901 0.195900 0.195902 0.195903 0.195901 0.195900 0.000000 0.000000
0.000000 0.000000 0.300000 0.300000 0.300000 0.300000 0.300000 0.300000 0.300000 0.300000 0.300000 0.300000 0.300000 0.300000 0.300000 0.300000 0.300000 0.300000 0.300000 0.000000 0.000000
0.000000 0.000000 0.000000 0.000000 0.000000 0.000000 0.000000 0.000000 0.000000 0.000000 0.000000 0.000000 0.000000 0.000000 0.000000 0.000000 0.000000 0.000000 0.000000 0.000000 0.000000