geotop/1.0zi/1.0Montebello/Templates/testdem/maps/_Eocsand7502.asc
ncols         21
nrows         20
xllcorner     100.000000
yllcorner     100.000000
cellsize      50.000000
NODATA_value  -9999.0
0.000000 0.000000 0.000000 0.000000 0.000000 0.000000 0.000000 0.000000 0.000000 0.000000 0.000000 0.000000 0.000000 0.000000 0.000000 0.000000 0.000000 0.000000 0.000000 0.000000 0.000000
0.000000 0.000000 0.300189 0.300187 0.300187 0.300188 0.300187 0.300186 0.300187 0.300187 0.300188 0.300187 0.300187 0.300187 0.300187 0.300187 0.300188 0.300188 0.300188 0.000000 0.000000
0.000000 0.000000 0.300010 0.300011 0.300010 0.300009 0.300010 0.300011 0.300010 0.300010 0.300010 0.300010 0.300009 0.300010 0.300010 0.300010 0.300011 0.300011 0.300012 0.000000 0.000000
0.000000 0.000000 0.299894 0.299893 0.299898 0.299905 0.299901 0.299909 0.299904 0.299906 0.299906 0.299906 0.299906 0.299908 0.299903 0.299898 0.299896 0.299893 0.299893 0.000000 0.000000
0.000000 0.000000 0.298088 0.298085 0.298093 0.298109 0.298130 0.298139 0.298145 0.298143 0.298147 0.298146 0.298149 0.298143 0.298120 0.298115 0.298105 0.298093 0.298084 0.000000 0.000000
0.000000 0.000000 0.293168 0.293169 0.293189 0.293231 0.293263 0.293307 0.293307 0.293318 0.293312 0.293311 0.293309 0.293308 0.293286 0.293255 0.293229 0.293207 0.293196 0.000000 0.000000
0.000000 0.000000 0.286245 0.286252 0.286270 0.286317 0.286376 0.286444 0.286444 0.286453 0.286451 0.286451 0.286455 0.286449 0.286390 0.286337 0.286305 0.286278 0.286263 0.000000 0.000000
0.000000 0.000000 0.278000 0.278004 0.278017 0.278070 0.278127 0.278201 0.278201 0.278208 0.278211 0.278216 0.278220 0.278207 0.278143 0.278092 0.278043 0.278028 0.278005 0.000000 0.000000
0.000000 0.000000 0.269280 0.269294 0.269320 0.269354 0.269414 0.269493 0.269489 0.269506 0.269512 0.269515 0.269514 0.269515 0.269437 0.269373 0.269335 0.269316 0.269297 0.000000 0.000000
0.000000 0.000000 0.260183 0.260200 0.260213 0.260246 0.260331 0.260403 0.260401 0.260410 0.260422 0.260416 0.260406 0.260411 0.260345 0.260272 0.260228 0.260214 0.260199 0.000000 0.000000
0.000000 0.000000 0.250449 0.250461 0.250476 0.250546 0.250606 0.250687 0.250669 0.250713 0.250709 0.250710 0.250726 0.250697 0.250638 0.250593 0.250538 0.250508 0.250470 0.000000 0.000000
0.000000 0.000000 0.239814 0.239842 0.239874 0.239920 0.239985 0.240086 0.240090 0.240104 0.240082 0.240116 0.240108 0.240100 0.239996 0.239943 0.239905 0.239884 0.239791 0.000000 0.000000
0.000000 0.000000 0.228488 0.228517 0.228530 0.228592 0.228649 0.228898 0.228900 0.228916 0.228979 0.228949 0.228934 0.228911 0.228719 0.228666 0.228572 0.228560 0.228508 0.000000 0.000000
0.000000 0.000000 0.215508 0.215519 0.215567 0.215612 0.215904 0.215909 0.215970 0.215970 0.215963 0.215975 0.215982 0.215993 0.215999 0.215695 0.215635 0.215554 0.215489 0.000000 0.000000
0.000000 0.000000 0.200483 0.200507 0.200571 0.200923 0.200934 0.201107 0.201198 0.201216 0.201276 0.201321 0.201283 0.201294 0.201126 0.201089 0.200618 0.200676 0.200656 0.000000 0.000000
0.000000 0.000000 0.184036 0.184061 0.184561 0.184488 0.184518 0.184593 0.184426 0.184487 0.184405 0.184449 0.184524 0.184401 0.184362 0.184334 0.184607 0.183913 0.183921 0.000000 0.000000
0.000000 0.000000 0.163718 0.164502 0.164455 0.164718 0.165112 0.165231 0.165399 0.165363 0.165577 0.165566 0.165453 0.165553 0.165357 0.165066 0.164486 0.164743 0.163935 0.000000 0.000000
0.000000 0.000000 0.153679 0.153086 0.152356 0.152410 0.152457 0.153141 0.153075 0.153258 0.152997 0.153057 0.153077 0.152996 0.152401 0.152369 0.152225 0.152858 0.153426 0.000000 0.000000
0.000000 0.000000 0.300000 0.300000 0.300000 0.300000 0.300000 0.300000 0.300000 0.300000 0.300000 0.300000 0.300000 0.300000 0.300000 0.300000 0.300000 0.300000 0.300000 0.000000 0.000000
0.000000 0.000000 0.000000 0.000000 0.000000 0.000000 0.000000 0.000000 0.000000 0.000000 0.000000 0.000000 0.000000 0.000000 0.000000 0.000000 0.000000 0.000000 0.000000 0.000000 0.000000