geotop/1.0zi/1.0Montebello/Templates/testdem/maps/_Eocsand5572.asc
ncols         21
nrows         20
xllcorner     100.000000
yllcorner     100.000000
cellsize      50.000000
NODATA_value  -9999.0
0.000000 0.000000 0.000000 0.000000 0.000000 0.000000 0.000000 0.000000 0.000000 0.000000 0.000000 0.000000 0.000000 0.000000 0.000000 0.000000 0.000000 0.000000 0.000000 0.000000 0.000000
0.000000 0.000000 0.300140 0.300139 0.300139 0.300139 0.300139 0.300138 0.300139 0.300139 0.300139 0.300139 0.300139 0.300139 0.300139 0.300139 0.300139 0.300139 0.300139 0.000000 0.000000
0.000000 0.000000 0.300009 0.300008 0.300008 0.300008 0.300008 0.300008 0.300007 0.300008 0.300008 0.300008 0.300007 0.300007 0.300007 0.300008 0.300009 0.300009 0.300009 0.000000 0.000000
0.000000 0.000000 0.299967 0.299966 0.299969 0.299973 0.299971 0.299973 0.299970 0.299972 0.299971 0.299973 0.299973 0.299974 0.299969 0.299965 0.299966 0.299963 0.299965 0.000000 0.000000
0.000000 0.000000 0.299017 0.299015 0.299016 0.299024 0.299038 0.299047 0.299047 0.299047 0.299051 0.299049 0.299052 0.299051 0.299040 0.299039 0.299034 0.299023 0.299016 0.000000 0.000000
0.000000 0.000000 0.296015 0.296010 0.296019 0.296051 0.296067 0.296101 0.296103 0.296111 0.296103 0.296101 0.296096 0.296099 0.296091 0.296074 0.296059 0.296044 0.296034 0.000000 0.000000
0.000000 0.000000 0.291535 0.291539 0.291545 0.291578 0.291618 0.291668 0.291666 0.291672 0.291668 0.291666 0.291669 0.291667 0.291634 0.291597 0.291580 0.291562 0.291549 0.000000 0.000000
0.000000 0.000000 0.286104 0.286103 0.286104 0.286140 0.286180 0.286232 0.286231 0.286237 0.286236 0.286236 0.286240 0.286234 0.286196 0.286161 0.286131 0.286123 0.286105 0.000000 0.000000
0.000000 0.000000 0.280512 0.280520 0.280532 0.280553 0.280592 0.280648 0.280645 0.280655 0.280659 0.280656 0.280656 0.280661 0.280612 0.280574 0.280547 0.280539 0.280522 0.000000 0.000000
0.000000 0.000000 0.274892 0.274902 0.274905 0.274920 0.274976 0.275025 0.275021 0.275028 0.275035 0.275027 0.275021 0.275027 0.274989 0.274945 0.274918 0.274913 0.274902 0.000000 0.000000
0.000000 0.000000 0.269102 0.269108 0.269108 0.269147 0.269185 0.269240 0.269228 0.269254 0.269253 0.269250 0.269257 0.269244 0.269213 0.269186 0.269156 0.269139 0.269115 0.000000 0.000000
0.000000 0.000000 0.263040 0.263053 0.263067 0.263094 0.263127 0.263193 0.263190 0.263206 0.263189 0.263205 0.263202 0.263198 0.263142 0.263116 0.263095 0.263086 0.263024 0.000000 0.000000
0.000000 0.000000 0.256830 0.256842 0.256845 0.256877 0.256907 0.257038 0.257037 0.257049 0.257076 0.257061 0.257051 0.257042 0.256949 0.256925 0.256878 0.256874 0.256829 0.000000 0.000000
0.000000 0.000000 0.250106 0.250115 0.250129 0.250149 0.250274 0.250307 0.250336 0.250338 0.250348 0.250343 0.250342 0.250347 0.250333 0.250211 0.250171 0.250139 0.250094 0.000000 0.000000
0.000000 0.000000 0.242725 0.242735 0.242761 0.242888 0.242930 0.243004 0.243054 0.243062 0.243086 0.243100 0.243085 0.243097 0.243044 0.242984 0.242800 0.242814 0.242787 0.000000 0.000000
0.000000 0.000000 0.234935 0.234945 0.235109 0.235139 0.235148 0.235196 0.235164 0.235185 0.235171 0.235190 0.235210 0.235177 0.235150 0.235135 0.235144 0.234932 0.234926 0.000000 0.000000
0.000000 0.000000 0.226057 0.226281 0.226361 0.226425 0.226531 0.226585 0.226602 0.226606 0.226654 0.226662 0.226642 0.226651 0.226593 0.226514 0.226388 0.226333 0.226107 0.000000 0.000000
0.000000 0.000000 0.219511 0.219508 0.219308 0.219362 0.219449 0.219659 0.219664 0.219711 0.219682 0.219695 0.219680 0.219677 0.219487 0.219427 0.219284 0.219490 0.219480 0.000000 0.000000
0.000000 0.000000 0.300000 0.300000 0.300000 0.300000 0.300000 0.300000 0.300000 0.300000 0.300000 0.300000 0.300000 0.300000 0.300000 0.300000 0.300000 0.300000 0.300000 0.000000 0.000000
0.000000 0.000000 0.000000 0.000000 0.000000 0.000000 0.000000 0.000000 0.000000 0.000000 0.000000 0.000000 0.000000 0.000000 0.000000 0.000000 0.000000 0.000000 0.000000 0.000000 0.000000