geotop/1.0zi/1.0Montebello/Templates/testdem/maps/_Eocclay5884.asc
ncols         21
nrows         20
xllcorner     100.000000
yllcorner     100.000000
cellsize      50.000000
NODATA_value  -9999.0
0.000000 0.000000 0.000000 0.000000 0.000000 0.000000 0.000000 0.000000 0.000000 0.000000 0.000000 0.000000 0.000000 0.000000 0.000000 0.000000 0.000000 0.000000 0.000000 0.000000 0.000000
0.000000 0.000000 0.349737 0.349737 0.349737 0.349738 0.349738 0.349738 0.349737 0.349737 0.349737 0.349738 0.349738 0.349737 0.349738 0.349738 0.349737 0.349737 0.349737 0.000000 0.000000
0.000000 0.000000 0.349989 0.349990 0.349990 0.349989 0.349989 0.349989 0.349989 0.349989 0.349989 0.349989 0.349989 0.349990 0.349989 0.349989 0.349989 0.349989 0.349989 0.000000 0.000000
0.000000 0.000000 0.349986 0.349988 0.349986 0.349987 0.349989 0.349989 0.349989 0.349987 0.349989 0.349987 0.349987 0.349986 0.349988 0.349991 0.349989 0.349989 0.349989 0.000000 0.000000
0.000000 0.000000 0.350488 0.350487 0.350486 0.350482 0.350471 0.350467 0.350469 0.350470 0.350469 0.350469 0.350464 0.350466 0.350470 0.350469 0.350474 0.350476 0.350481 0.000000 0.000000
0.000000 0.000000 0.352135 0.352136 0.352130 0.352110 0.352103 0.352086 0.352087 0.352082 0.352085 0.352085 0.352089 0.352088 0.352093 0.352106 0.352112 0.352124 0.352128 0.000000 0.000000
0.000000 0.000000 0.354554 0.354551 0.354548 0.354530 0.354510 0.354482 0.354482 0.354478 0.354479 0.354482 0.354482 0.354480 0.354501 0.354523 0.354533 0.354542 0.354549 0.000000 0.000000
0.000000 0.000000 0.357496 0.357495 0.357492 0.357472 0.357451 0.357422 0.357422 0.357419 0.357420 0.357420 0.357418 0.357422 0.357444 0.357463 0.357478 0.357483 0.357493 0.000000 0.000000
0.000000 0.000000 0.360492 0.360489 0.360481 0.360470 0.360450 0.360421 0.360423 0.360417 0.360415 0.360416 0.360416 0.360414 0.360440 0.360462 0.360475 0.360479 0.360487 0.000000 0.000000
0.000000 0.000000 0.363535 0.363529 0.363526 0.363518 0.363488 0.363462 0.363464 0.363460 0.363456 0.363460 0.363464 0.363461 0.363482 0.363507 0.363521 0.363524 0.363530 0.000000 0.000000
0.000000 0.000000 0.366702 0.366699 0.366697 0.366676 0.366655 0.366626 0.366632 0.366618 0.366618 0.366620 0.366616 0.366624 0.366641 0.366657 0.366673 0.366682 0.366695 0.000000 0.000000
0.000000 0.000000 0.370034 0.370027 0.370017 0.370002 0.369984 0.369949 0.369950 0.369942 0.369951 0.369942 0.369943 0.369946 0.369977 0.369993 0.370004 0.370009 0.370042 0.000000 0.000000
0.000000 0.000000 0.373470 0.373463 0.373460 0.373442 0.373426 0.373353 0.373353 0.373347 0.373332 0.373341 0.373346 0.373351 0.373404 0.373419 0.373444 0.373447 0.373470 0.000000 0.000000
0.000000 0.000000 0.377216 0.377212 0.377201 0.377190 0.377119 0.377101 0.377085 0.377084 0.377080 0.377082 0.377082 0.377080 0.377088 0.377160 0.377181 0.377199 0.377223 0.000000 0.000000
0.000000 0.000000 0.381359 0.381354 0.381337 0.381263 0.381241 0.381199 0.381171 0.381166 0.381153 0.381146 0.381154 0.381148 0.381180 0.381213 0.381319 0.381310 0.381324 0.000000 0.000000
0.000000 0.000000 0.385755 0.385749 0.385651 0.385635 0.385630 0.385604 0.385625 0.385613 0.385622 0.385611 0.385599 0.385619 0.385635 0.385645 0.385634 0.385760 0.385763 0.000000 0.000000
0.000000 0.000000 0.390822 0.390687 0.390644 0.390604 0.390540 0.390508 0.390496 0.390494 0.390465 0.390461 0.390474 0.390468 0.390505 0.390554 0.390632 0.390656 0.390793 0.000000 0.000000
0.000000 0.000000 0.394462 0.394475 0.394596 0.394564 0.394516 0.394391 0.394388 0.394360 0.394380 0.394373 0.394381 0.394384 0.394499 0.394535 0.394614 0.394489 0.394484 0.000000 0.000000
0.000000 0.000000 0.350000 0.350000 0.350000 0.350000 0.350000 0.350000 0.350000 0.350000 0.350000 0.350000 0.350000 0.350000 0.350000 0.350000 0.350000 0.350000 0.350000 0.000000 0.000000
0.000000 0.000000 0.000000 0.000000 0.000000 0.000000 0.000000 0.000000 0.000000 0.000000 0.000000 0.000000 0.000000 0.000000 0.000000 0.000000 0.000000 0.000000 0.000000 0.000000 0.000000