geotop/1.0zi/1.0Montebello/Templates/testdem/maps/_Eocclay5031.asc
ncols         21
nrows         20
xllcorner     100.000000
yllcorner     100.000000
cellsize      50.000000
NODATA_value  -9999.0
0.000000 0.000000 0.000000 0.000000 0.000000 0.000000 0.000000 0.000000 0.000000 0.000000 0.000000 0.000000 0.000000 0.000000 0.000000 0.000000 0.000000 0.000000 0.000000 0.000000 0.000000
0.000000 0.000000 0.349779 0.349779 0.349780 0.349780 0.349780 0.349780 0.349779 0.349780 0.349779 0.349780 0.349780 0.349779 0.349780 0.349780 0.349779 0.349779 0.349779 0.000000 0.000000
0.000000 0.000000 0.349992 0.349992 0.349992 0.349992 0.349991 0.349992 0.349992 0.349992 0.349991 0.349991 0.349992 0.349992 0.349992 0.349992 0.349992 0.349992 0.349992 0.000000 0.000000
0.000000 0.000000 0.349987 0.349989 0.349987 0.349988 0.349990 0.349990 0.349990 0.349988 0.349990 0.349988 0.349988 0.349987 0.349990 0.349991 0.349989 0.349990 0.349989 0.000000 0.000000
0.000000 0.000000 0.350382 0.350381 0.350381 0.350376 0.350367 0.350365 0.350366 0.350367 0.350364 0.350366 0.350363 0.350364 0.350369 0.350368 0.350372 0.350374 0.350377 0.000000 0.000000
0.000000 0.000000 0.351763 0.351766 0.351760 0.351745 0.351740 0.351726 0.351725 0.351721 0.351725 0.351725 0.351728 0.351729 0.351731 0.351741 0.351746 0.351754 0.351759 0.000000 0.000000
0.000000 0.000000 0.353771 0.353768 0.353764 0.353750 0.353734 0.353712 0.353712 0.353708 0.353710 0.353710 0.353712 0.353713 0.353728 0.353747 0.353755 0.353762 0.353769 0.000000 0.000000
0.000000 0.000000 0.356143 0.356140 0.356138 0.356121 0.356103 0.356081 0.356082 0.356079 0.356079 0.356079 0.356078 0.356080 0.356100 0.356117 0.356126 0.356132 0.356138 0.000000 0.000000
0.000000 0.000000 0.358528 0.358525 0.358520 0.358508 0.358491 0.358469 0.358471 0.358467 0.358467 0.358468 0.358466 0.358468 0.358486 0.358506 0.358513 0.358517 0.358526 0.000000 0.000000
0.000000 0.000000 0.360934 0.360930 0.360927 0.360914 0.360893 0.360872 0.360875 0.360872 0.360872 0.360872 0.360871 0.360870 0.360892 0.360911 0.360919 0.360924 0.360931 0.000000 0.000000
0.000000 0.000000 0.363403 0.363398 0.363394 0.363385 0.363369 0.363343 0.363346 0.363341 0.363340 0.363341 0.363339 0.363340 0.363359 0.363373 0.363384 0.363389 0.363397 0.000000 0.000000
0.000000 0.000000 0.365966 0.365962 0.365956 0.365941 0.365924 0.365900 0.365900 0.365897 0.365897 0.365895 0.365894 0.365894 0.365918 0.365936 0.365945 0.365950 0.365976 0.000000 0.000000
0.000000 0.000000 0.368581 0.368576 0.368570 0.368559 0.368538 0.368485 0.368486 0.368482 0.368481 0.368482 0.368479 0.368481 0.368527 0.368549 0.368558 0.368564 0.368579 0.000000 0.000000
0.000000 0.000000 0.371373 0.371364 0.371359 0.371347 0.371290 0.371277 0.371269 0.371266 0.371266 0.371265 0.371263 0.371264 0.371279 0.371333 0.371344 0.371356 0.371365 0.000000 0.000000
0.000000 0.000000 0.374406 0.374399 0.374384 0.374334 0.374308 0.374274 0.374257 0.374252 0.374244 0.374244 0.374246 0.374242 0.374269 0.374305 0.374366 0.374364 0.374372 0.000000 0.000000
0.000000 0.000000 0.377557 0.377549 0.377488 0.377478 0.377460 0.377444 0.377444 0.377443 0.377447 0.377445 0.377437 0.377450 0.377458 0.377472 0.377470 0.377540 0.377555 0.000000 0.000000
0.000000 0.000000 0.381102 0.381018 0.380971 0.380946 0.380901 0.380877 0.380872 0.380870 0.380860 0.380860 0.380862 0.380856 0.380875 0.380924 0.380957 0.380986 0.381070 0.000000 0.000000
0.000000 0.000000 0.383809 0.383798 0.383854 0.383823 0.383787 0.383704 0.383697 0.383690 0.383694 0.383693 0.383688 0.383696 0.383772 0.383810 0.383855 0.383784 0.383810 0.000000 0.000000
0.000000 0.000000 0.350000 0.350000 0.350000 0.350000 0.350000 0.350000 0.350000 0.350000 0.350000 0.350000 0.350000 0.350000 0.350000 0.350000 0.350000 0.350000 0.350000 0.000000 0.000000
0.000000 0.000000 0.000000 0.000000 0.000000 0.000000 0.000000 0.000000 0.000000 0.000000 0.000000 0.000000 0.000000 0.000000 0.000000 0.000000 0.000000 0.000000 0.000000 0.000000 0.000000