geotop/1.0zi/1.0Montebello/Templates/testdem/maps/_Eocclay8572.asc
ncols         21
nrows         20
xllcorner     100.000000
yllcorner     100.000000
cellsize      50.000000
NODATA_value  -9999.0
0.000000 0.000000 0.000000 0.000000 0.000000 0.000000 0.000000 0.000000 0.000000 0.000000 0.000000 0.000000 0.000000 0.000000 0.000000 0.000000 0.000000 0.000000 0.000000 0.000000 0.000000
0.000000 0.000000 0.349607 0.349609 0.349609 0.349608 0.349610 0.349610 0.349610 0.349610 0.349609 0.349610 0.349610 0.349610 0.349610 0.349610 0.349608 0.349608 0.349609 0.000000 0.000000
0.000000 0.000000 0.349982 0.349981 0.349981 0.349984 0.349981 0.349981 0.349981 0.349981 0.349981 0.349981 0.349981 0.349981 0.349982 0.349982 0.349983 0.349982 0.349980 0.000000 0.000000
0.000000 0.000000 0.350004 0.350009 0.350007 0.350004 0.350008 0.350005 0.350007 0.350004 0.350007 0.350005 0.350005 0.350004 0.350006 0.350007 0.350006 0.350009 0.350006 0.000000 0.000000
0.000000 0.000000 0.351049 0.351043 0.351039 0.351033 0.351016 0.351015 0.351012 0.351013 0.351011 0.351013 0.351010 0.351013 0.351023 0.351024 0.351034 0.351037 0.351046 0.000000 0.000000
0.000000 0.000000 0.354147 0.354145 0.354127 0.354096 0.354079 0.354054 0.354056 0.354049 0.354053 0.354053 0.354059 0.354057 0.354070 0.354090 0.354106 0.354119 0.354125 0.000000 0.000000
0.000000 0.000000 0.358383 0.358376 0.358368 0.358341 0.358307 0.358265 0.358265 0.358259 0.358260 0.358262 0.358263 0.358263 0.358299 0.358330 0.358346 0.358359 0.358368 0.000000 0.000000
0.000000 0.000000 0.363402 0.363397 0.363388 0.363355 0.363323 0.363278 0.363277 0.363271 0.363271 0.363270 0.363267 0.363276 0.363314 0.363341 0.363369 0.363377 0.363391 0.000000 0.000000
0.000000 0.000000 0.368777 0.368766 0.368752 0.368731 0.368694 0.368648 0.368651 0.368641 0.368638 0.368637 0.368638 0.368637 0.368682 0.368718 0.368740 0.368750 0.368761 0.000000 0.000000
0.000000 0.000000 0.374533 0.374519 0.374511 0.374490 0.374437 0.374394 0.374395 0.374389 0.374383 0.374388 0.374394 0.374391 0.374430 0.374473 0.374499 0.374508 0.374516 0.000000 0.000000
0.000000 0.000000 0.380876 0.380868 0.380858 0.380809 0.380774 0.380720 0.380734 0.380703 0.380710 0.380708 0.380698 0.380716 0.380754 0.380779 0.380815 0.380832 0.380856 0.000000 0.000000
0.000000 0.000000 0.387998 0.387975 0.387953 0.387926 0.387880 0.387817 0.387811 0.387806 0.387820 0.387797 0.387807 0.387807 0.387876 0.387912 0.387933 0.387947 0.388004 0.000000 0.000000
0.000000 0.000000 0.395798 0.395774 0.395772 0.395722 0.395686 0.395509 0.395505 0.395497 0.395447 0.395477 0.395485 0.395501 0.395638 0.395670 0.395739 0.395744 0.395771 0.000000 0.000000
0.000000 0.000000 0.405099 0.405093 0.405054 0.405022 0.404790 0.404820 0.404774 0.404774 0.404793 0.404775 0.404772 0.404754 0.404725 0.404969 0.404999 0.405063 0.405106 0.000000 0.000000
0.000000 0.000000 0.416190 0.416165 0.416117 0.415816 0.415860 0.415707 0.415642 0.415627 0.415573 0.415542 0.415576 0.415570 0.415720 0.415689 0.416087 0.416018 0.416021 0.000000 0.000000
0.000000 0.000000 0.428312 0.428290 0.427854 0.428001 0.427958 0.427932 0.428105 0.428053 0.428146 0.428120 0.428046 0.428153 0.428148 0.428178 0.427814 0.428459 0.428449 0.000000 0.000000
0.000000 0.000000 0.443144 0.442473 0.442659 0.442387 0.442052 0.441950 0.441749 0.441796 0.441587 0.441612 0.441734 0.441608 0.441785 0.442031 0.442635 0.442202 0.442900 0.000000 0.000000
0.000000 0.000000 0.447627 0.448269 0.448798 0.448810 0.448858 0.448340 0.448441 0.448285 0.448550 0.448499 0.448454 0.448543 0.448970 0.448934 0.448897 0.448503 0.447870 0.000000 0.000000
0.000000 0.000000 0.350000 0.350000 0.350000 0.350000 0.350000 0.350000 0.350000 0.350000 0.350000 0.350000 0.350000 0.350000 0.350000 0.350000 0.350000 0.350000 0.350000 0.000000 0.000000
0.000000 0.000000 0.000000 0.000000 0.000000 0.000000 0.000000 0.000000 0.000000 0.000000 0.000000 0.000000 0.000000 0.000000 0.000000 0.000000 0.000000 0.000000 0.000000 0.000000 0.000000