geotop/1.0zi/1.0Montebello/Templates/testdem/maps/_Eocclay8512.asc
ncols         21
nrows         20
xllcorner     100.000000
yllcorner     100.000000
cellsize      50.000000
NODATA_value  -9999.0
0.000000 0.000000 0.000000 0.000000 0.000000 0.000000 0.000000 0.000000 0.000000 0.000000 0.000000 0.000000 0.000000 0.000000 0.000000 0.000000 0.000000 0.000000 0.000000 0.000000 0.000000
0.000000 0.000000 0.349608 0.349610 0.349609 0.349608 0.349610 0.349610 0.349610 0.349610 0.349609 0.349610 0.349610 0.349610 0.349610 0.349610 0.349608 0.349608 0.349609 0.000000 0.000000
0.000000 0.000000 0.349982 0.349981 0.349981 0.349983 0.349981 0.349981 0.349981 0.349981 0.349981 0.349981 0.349981 0.349981 0.349982 0.349982 0.349983 0.349982 0.349980 0.000000 0.000000
0.000000 0.000000 0.350005 0.350010 0.350007 0.350005 0.350008 0.350005 0.350007 0.350004 0.350007 0.350005 0.350005 0.350004 0.350006 0.350007 0.350006 0.350010 0.350007 0.000000 0.000000
0.000000 0.000000 0.351049 0.351042 0.351040 0.351034 0.351016 0.351015 0.351012 0.351013 0.351011 0.351013 0.351011 0.351014 0.351023 0.351024 0.351034 0.351036 0.351046 0.000000 0.000000
0.000000 0.000000 0.354132 0.354130 0.354112 0.354081 0.354064 0.354039 0.354041 0.354034 0.354039 0.354038 0.354044 0.354043 0.354055 0.354075 0.354091 0.354104 0.354110 0.000000 0.000000
0.000000 0.000000 0.358346 0.358339 0.358330 0.358304 0.358270 0.358228 0.358228 0.358222 0.358223 0.358225 0.358226 0.358226 0.358262 0.358292 0.358309 0.358322 0.358330 0.000000 0.000000
0.000000 0.000000 0.363336 0.363331 0.363323 0.363290 0.363258 0.363213 0.363213 0.363207 0.363207 0.363205 0.363202 0.363211 0.363249 0.363275 0.363303 0.363312 0.363325 0.000000 0.000000
0.000000 0.000000 0.368675 0.368664 0.368650 0.368629 0.368592 0.368546 0.368550 0.368539 0.368537 0.368536 0.368537 0.368535 0.368581 0.368616 0.368637 0.368647 0.368659 0.000000 0.000000
0.000000 0.000000 0.374385 0.374372 0.374364 0.374343 0.374290 0.374248 0.374248 0.374243 0.374236 0.374242 0.374248 0.374245 0.374284 0.374326 0.374352 0.374361 0.374369 0.000000 0.000000
0.000000 0.000000 0.380672 0.380664 0.380655 0.380606 0.380572 0.380518 0.380532 0.380501 0.380508 0.380505 0.380496 0.380513 0.380551 0.380576 0.380611 0.380628 0.380652 0.000000 0.000000
0.000000 0.000000 0.387721 0.387699 0.387678 0.387651 0.387605 0.387543 0.387537 0.387532 0.387546 0.387523 0.387533 0.387533 0.387601 0.387636 0.387658 0.387671 0.387728 0.000000 0.000000
0.000000 0.000000 0.395433 0.395410 0.395408 0.395358 0.395323 0.395148 0.395145 0.395137 0.395087 0.395117 0.395125 0.395140 0.395275 0.395307 0.395375 0.395379 0.395407 0.000000 0.000000
0.000000 0.000000 0.404616 0.404609 0.404572 0.404540 0.404312 0.404341 0.404295 0.404295 0.404314 0.404296 0.404293 0.404275 0.404248 0.404487 0.404517 0.404580 0.404622 0.000000 0.000000
0.000000 0.000000 0.415555 0.415531 0.415484 0.415188 0.415231 0.415080 0.415016 0.415001 0.414948 0.414918 0.414951 0.414945 0.415092 0.415062 0.415453 0.415386 0.415389 0.000000 0.000000
0.000000 0.000000 0.427521 0.427499 0.427071 0.427214 0.427173 0.427147 0.427316 0.427265 0.427356 0.427330 0.427257 0.427362 0.427358 0.427385 0.427031 0.427663 0.427653 0.000000 0.000000
0.000000 0.000000 0.442206 0.441543 0.441724 0.441458 0.441127 0.441029 0.440831 0.440877 0.440671 0.440695 0.440815 0.440691 0.440864 0.441107 0.441699 0.441275 0.441965 0.000000 0.000000
0.000000 0.000000 0.446708 0.447346 0.447876 0.447889 0.447938 0.447424 0.447524 0.447369 0.447632 0.447581 0.447536 0.447625 0.448048 0.448011 0.447974 0.447578 0.446948 0.000000 0.000000
0.000000 0.000000 0.350000 0.350000 0.350000 0.350000 0.350000 0.350000 0.350000 0.350000 0.350000 0.350000 0.350000 0.350000 0.350000 0.350000 0.350000 0.350000 0.350000 0.000000 0.000000
0.000000 0.000000 0.000000 0.000000 0.000000 0.000000 0.000000 0.000000 0.000000 0.000000 0.000000 0.000000 0.000000 0.000000 0.000000 0.000000 0.000000 0.000000 0.000000 0.000000 0.000000