geotop/1.0zi/1.0Montebello/Templates/testdem/maps/_Eocsand0814.asc
ncols         21
nrows         20
xllcorner     100.000000
yllcorner     100.000000
cellsize      50.000000
NODATA_value  -9999.0
0.000000 0.000000 0.000000 0.000000 0.000000 0.000000 0.000000 0.000000 0.000000 0.000000 0.000000 0.000000 0.000000 0.000000 0.000000 0.000000 0.000000 0.000000 0.000000 0.000000 0.000000
0.000000 0.000000 0.300029 0.300029 0.300029 0.300029 0.300029 0.300029 0.300029 0.300029 0.300029 0.300029 0.300029 0.300029 0.300029 0.300029 0.300029 0.300029 0.300029 0.000000 0.000000
0.000000 0.000000 0.300005 0.300006 0.300006 0.300005 0.300005 0.300005 0.300005 0.300005 0.300005 0.300005 0.300005 0.300005 0.300005 0.300005 0.300006 0.300006 0.300005 0.000000 0.000000
0.000000 0.000000 0.299351 0.299351 0.299356 0.299354 0.299350 0.299351 0.299351 0.299350 0.299351 0.299350 0.299351 0.299351 0.299350 0.299354 0.299356 0.299351 0.299351 0.000000 0.000000
0.000000 0.000000 0.297048 0.297051 0.297054 0.297055 0.297048 0.297049 0.297049 0.297048 0.297048 0.297048 0.297049 0.297049 0.297048 0.297055 0.297054 0.297051 0.297048 0.000000 0.000000
0.000000 0.000000 0.294411 0.294412 0.294416 0.294416 0.294411 0.294411 0.294411 0.294411 0.294411 0.294411 0.294411 0.294411 0.294411 0.294416 0.294416 0.294412 0.294411 0.000000 0.000000
0.000000 0.000000 0.291921 0.291922 0.291925 0.291925 0.291921 0.291921 0.291921 0.291921 0.291921 0.291921 0.291921 0.291921 0.291921 0.291925 0.291925 0.291922 0.291921 0.000000 0.000000
0.000000 0.000000 0.289605 0.289606 0.289609 0.289609 0.289605 0.289605 0.289606 0.289605 0.289605 0.289605 0.289606 0.289605 0.289605 0.289609 0.289609 0.289606 0.289605 0.000000 0.000000
0.000000 0.000000 0.287418 0.287419 0.287421 0.287421 0.287418 0.287418 0.287418 0.287418 0.287418 0.287418 0.287418 0.287418 0.287418 0.287421 0.287421 0.287419 0.287418 0.000000 0.000000
0.000000 0.000000 0.285311 0.285311 0.285314 0.285314 0.285311 0.285311 0.285311 0.285310 0.285310 0.285310 0.285311 0.285311 0.285311 0.285314 0.285314 0.285311 0.285311 0.000000 0.000000
0.000000 0.000000 0.283264 0.283265 0.283268 0.283267 0.283264 0.283264 0.283264 0.283264 0.283264 0.283264 0.283264 0.283264 0.283264 0.283267 0.283268 0.283265 0.283264 0.000000 0.000000
0.000000 0.000000 0.281258 0.281259 0.281261 0.281261 0.281258 0.281258 0.281258 0.281258 0.281258 0.281258 0.281258 0.281258 0.281258 0.281261 0.281261 0.281259 0.281258 0.000000 0.000000
0.000000 0.000000 0.279285 0.279286 0.279288 0.279288 0.279285 0.279285 0.279285 0.279285 0.279285 0.279285 0.279285 0.279285 0.279285 0.279288 0.279288 0.279286 0.279285 0.000000 0.000000
0.000000 0.000000 0.277340 0.277341 0.277343 0.277343 0.277340 0.277340 0.277340 0.277340 0.277340 0.277340 0.277340 0.277340 0.277340 0.277343 0.277343 0.277341 0.277340 0.000000 0.000000
0.000000 0.000000 0.275412 0.275412 0.275415 0.275415 0.275412 0.275412 0.275412 0.275412 0.275412 0.275412 0.275412 0.275412 0.275412 0.275415 0.275415 0.275412 0.275412 0.000000 0.000000
0.000000 0.000000 0.273495 0.273496 0.273498 0.273498 0.273495 0.273495 0.273495 0.273495 0.273495 0.273495 0.273495 0.273495 0.273495 0.273498 0.273498 0.273496 0.273495 0.000000 0.000000
0.000000 0.000000 0.271594 0.271595 0.271597 0.271597 0.271594 0.271594 0.271594 0.271594 0.271594 0.271594 0.271594 0.271594 0.271594 0.271597 0.271597 0.271595 0.271594 0.000000 0.000000
0.000000 0.000000 0.269673 0.269674 0.269677 0.269676 0.269673 0.269673 0.269673 0.269673 0.269673 0.269673 0.269673 0.269673 0.269673 0.269676 0.269677 0.269674 0.269673 0.000000 0.000000
0.000000 0.000000 0.300000 0.300000 0.300000 0.300000 0.300000 0.300000 0.300000 0.300000 0.300000 0.300000 0.300000 0.300000 0.300000 0.300000 0.300000 0.300000 0.300000 0.000000 0.000000
0.000000 0.000000 0.000000 0.000000 0.000000 0.000000 0.000000 0.000000 0.000000 0.000000 0.000000 0.000000 0.000000 0.000000 0.000000 0.000000 0.000000 0.000000 0.000000 0.000000 0.000000