geotop/1.0zi/1.0Montebello/Templates/testdem/maps/_Eocsilt5809.asc
ncols         21
nrows         20
xllcorner     100.000000
yllcorner     100.000000
cellsize      50.000000
NODATA_value  -9999.0
0.000000 0.000000 0.000000 0.000000 0.000000 0.000000 0.000000 0.000000 0.000000 0.000000 0.000000 0.000000 0.000000 0.000000 0.000000 0.000000 0.000000 0.000000 0.000000 0.000000 0.000000
0.000000 0.000000 0.350115 0.350115 0.350115 0.350115 0.350115 0.350115 0.350115 0.350115 0.350115 0.350115 0.350115 0.350115 0.350115 0.350115 0.350115 0.350115 0.350115 0.000000 0.000000
0.000000 0.000000 0.350002 0.350002 0.350002 0.350003 0.350003 0.350003 0.350003 0.350003 0.350003 0.350003 0.350003 0.350003 0.350003 0.350002 0.350001 0.350001 0.350002 0.000000 0.000000
0.000000 0.000000 0.350046 0.350045 0.350044 0.350039 0.350040 0.350038 0.350040 0.350041 0.350040 0.350039 0.350039 0.350039 0.350041 0.350044 0.350045 0.350047 0.350046 0.000000 0.000000
0.000000 0.000000 0.350524 0.350527 0.350526 0.350522 0.350519 0.350514 0.350513 0.350511 0.350509 0.350510 0.350512 0.350513 0.350518 0.350520 0.350520 0.350529 0.350533 0.000000 0.000000
0.000000 0.000000 0.352009 0.352012 0.352009 0.351995 0.351984 0.351967 0.351965 0.351961 0.351966 0.351968 0.351968 0.351965 0.351971 0.351977 0.351986 0.351990 0.351994 0.000000 0.000000
0.000000 0.000000 0.354277 0.354275 0.354271 0.354253 0.354232 0.354210 0.354211 0.354209 0.354211 0.354212 0.354208 0.354211 0.354227 0.354244 0.354252 0.354261 0.354267 0.000000 0.000000
0.000000 0.000000 0.357050 0.357051 0.357051 0.357034 0.357013 0.356988 0.356988 0.356986 0.356986 0.356985 0.356984 0.356986 0.357005 0.357024 0.357039 0.357042 0.357051 0.000000 0.000000
0.000000 0.000000 0.359962 0.359957 0.359951 0.359940 0.359919 0.359890 0.359891 0.359886 0.359884 0.359886 0.359886 0.359883 0.359909 0.359929 0.359943 0.359948 0.359957 0.000000 0.000000
0.000000 0.000000 0.362883 0.362879 0.362876 0.362869 0.362841 0.362815 0.362818 0.362814 0.362811 0.362815 0.362818 0.362814 0.362834 0.362857 0.362870 0.362873 0.362878 0.000000 0.000000
0.000000 0.000000 0.365881 0.365879 0.365879 0.365858 0.365839 0.365811 0.365817 0.365804 0.365804 0.365806 0.365802 0.365808 0.365825 0.365839 0.365854 0.365863 0.365875 0.000000 0.000000
0.000000 0.000000 0.369032 0.369025 0.369018 0.369004 0.368987 0.368953 0.368954 0.368947 0.368955 0.368948 0.368949 0.368951 0.368981 0.368994 0.369004 0.369009 0.369040 0.000000 0.000000
0.000000 0.000000 0.372264 0.372258 0.372256 0.372240 0.372225 0.372157 0.372157 0.372151 0.372137 0.372145 0.372150 0.372154 0.372203 0.372216 0.372239 0.372242 0.372264 0.000000 0.000000
0.000000 0.000000 0.375775 0.375771 0.375763 0.375753 0.375687 0.375670 0.375655 0.375654 0.375649 0.375652 0.375652 0.375649 0.375657 0.375721 0.375742 0.375758 0.375781 0.000000 0.000000
0.000000 0.000000 0.379641 0.379636 0.379622 0.379555 0.379533 0.379493 0.379468 0.379464 0.379451 0.379444 0.379452 0.379446 0.379475 0.379506 0.379603 0.379595 0.379608 0.000000 0.000000
0.000000 0.000000 0.383735 0.383730 0.383642 0.383627 0.383621 0.383596 0.383613 0.383602 0.383610 0.383601 0.383590 0.383607 0.383622 0.383631 0.383624 0.383738 0.383741 0.000000 0.000000
0.000000 0.000000 0.388420 0.388299 0.388258 0.388223 0.388165 0.388135 0.388125 0.388124 0.388098 0.388094 0.388105 0.388099 0.388132 0.388176 0.388245 0.388271 0.388393 0.000000 0.000000
0.000000 0.000000 0.391833 0.391839 0.391946 0.391917 0.391871 0.391757 0.391755 0.391730 0.391747 0.391740 0.391748 0.391750 0.391853 0.391885 0.391960 0.391849 0.391851 0.000000 0.000000
0.000000 0.000000 0.350000 0.350000 0.350000 0.350000 0.350000 0.350000 0.350000 0.350000 0.350000 0.350000 0.350000 0.350000 0.350000 0.350000 0.350000 0.350000 0.350000 0.000000 0.000000
0.000000 0.000000 0.000000 0.000000 0.000000 0.000000 0.000000 0.000000 0.000000 0.000000 0.000000 0.000000 0.000000 0.000000 0.000000 0.000000 0.000000 0.000000 0.000000 0.000000 0.000000