geotop/1.0zi/1.0Montebello/Templates/testdem/maps/_Eocsilt1798.asc
ncols         21
nrows         20
xllcorner     100.000000
yllcorner     100.000000
cellsize      50.000000
NODATA_value  -9999.0
0.000000 0.000000 0.000000 0.000000 0.000000 0.000000 0.000000 0.000000 0.000000 0.000000 0.000000 0.000000 0.000000 0.000000 0.000000 0.000000 0.000000 0.000000 0.000000 0.000000 0.000000
0.000000 0.000000 0.350041 0.350041 0.350041 0.350041 0.350041 0.350041 0.350041 0.350041 0.350041 0.350041 0.350041 0.350041 0.350041 0.350041 0.350041 0.350041 0.350041 0.000000 0.000000
0.000000 0.000000 0.349998 0.349998 0.349998 0.349998 0.349998 0.349998 0.349998 0.349998 0.349998 0.349998 0.349998 0.349998 0.349998 0.349998 0.349998 0.349998 0.349998 0.000000 0.000000
0.000000 0.000000 0.350684 0.350684 0.350681 0.350683 0.350685 0.350684 0.350684 0.350685 0.350684 0.350685 0.350684 0.350684 0.350685 0.350683 0.350681 0.350684 0.350684 0.000000 0.000000
0.000000 0.000000 0.353140 0.353140 0.353138 0.353138 0.353141 0.353140 0.353140 0.353141 0.353141 0.353141 0.353140 0.353140 0.353141 0.353138 0.353138 0.353140 0.353140 0.000000 0.000000
0.000000 0.000000 0.356215 0.356214 0.356213 0.356213 0.356216 0.356215 0.356215 0.356216 0.356216 0.356216 0.356215 0.356215 0.356216 0.356213 0.356213 0.356214 0.356215 0.000000 0.000000
0.000000 0.000000 0.359025 0.359024 0.359023 0.359023 0.359025 0.359025 0.359025 0.359025 0.359025 0.359025 0.359025 0.359025 0.359025 0.359023 0.359023 0.359024 0.359025 0.000000 0.000000
0.000000 0.000000 0.361599 0.361598 0.361597 0.361597 0.361599 0.361599 0.361599 0.361599 0.361599 0.361599 0.361599 0.361599 0.361599 0.361597 0.361597 0.361598 0.361599 0.000000 0.000000
0.000000 0.000000 0.364006 0.364005 0.364004 0.364005 0.364006 0.364006 0.364006 0.364006 0.364006 0.364006 0.364006 0.364006 0.364006 0.364005 0.364004 0.364005 0.364006 0.000000 0.000000
0.000000 0.000000 0.366306 0.366306 0.366305 0.366305 0.366307 0.366306 0.366306 0.366307 0.366307 0.366307 0.366306 0.366306 0.366307 0.366305 0.366305 0.366306 0.366306 0.000000 0.000000
0.000000 0.000000 0.368524 0.368524 0.368523 0.368524 0.368525 0.368525 0.368525 0.368525 0.368525 0.368525 0.368525 0.368525 0.368525 0.368524 0.368523 0.368524 0.368524 0.000000 0.000000
0.000000 0.000000 0.370681 0.370681 0.370680 0.370680 0.370682 0.370681 0.370681 0.370682 0.370682 0.370682 0.370681 0.370681 0.370682 0.370680 0.370680 0.370681 0.370681 0.000000 0.000000
0.000000 0.000000 0.372793 0.372793 0.372792 0.372792 0.372793 0.372793 0.372793 0.372793 0.372793 0.372793 0.372793 0.372793 0.372793 0.372792 0.372792 0.372793 0.372793 0.000000 0.000000
0.000000 0.000000 0.374862 0.374861 0.374860 0.374861 0.374862 0.374862 0.374862 0.374862 0.374862 0.374862 0.374862 0.374862 0.374862 0.374861 0.374860 0.374861 0.374862 0.000000 0.000000
0.000000 0.000000 0.376897 0.376897 0.376895 0.376896 0.376897 0.376897 0.376897 0.376897 0.376897 0.376897 0.376897 0.376897 0.376897 0.376896 0.376895 0.376897 0.376897 0.000000 0.000000
0.000000 0.000000 0.378904 0.378904 0.378903 0.378903 0.378905 0.378904 0.378904 0.378905 0.378905 0.378905 0.378904 0.378904 0.378905 0.378903 0.378903 0.378904 0.378904 0.000000 0.000000
0.000000 0.000000 0.380883 0.380883 0.380882 0.380882 0.380884 0.380883 0.380883 0.380884 0.380884 0.380884 0.380883 0.380883 0.380884 0.380882 0.380882 0.380883 0.380883 0.000000 0.000000
0.000000 0.000000 0.382876 0.382876 0.382875 0.382876 0.382877 0.382877 0.382877 0.382877 0.382877 0.382877 0.382877 0.382877 0.382877 0.382876 0.382875 0.382876 0.382877 0.000000 0.000000
0.000000 0.000000 0.350000 0.350000 0.350000 0.350000 0.350000 0.350000 0.350000 0.350000 0.350000 0.350000 0.350000 0.350000 0.350000 0.350000 0.350000 0.350000 0.350000 0.000000 0.000000
0.000000 0.000000 0.000000 0.000000 0.000000 0.000000 0.000000 0.000000 0.000000 0.000000 0.000000 0.000000 0.000000 0.000000 0.000000 0.000000 0.000000 0.000000 0.000000 0.000000 0.000000