geotop/1.0zi/1.0Montebello/Templates/testdem/maps/_Eocsilt3073.asc
ncols         21
nrows         20
xllcorner     100.000000
yllcorner     100.000000
cellsize      50.000000
NODATA_value  -9999.0
0.000000 0.000000 0.000000 0.000000 0.000000 0.000000 0.000000 0.000000 0.000000 0.000000 0.000000 0.000000 0.000000 0.000000 0.000000 0.000000 0.000000 0.000000 0.000000 0.000000 0.000000
0.000000 0.000000 0.350085 0.350085 0.350085 0.350085 0.350085 0.350085 0.350085 0.350085 0.350084 0.350085 0.350085 0.350085 0.350085 0.350085 0.350085 0.350085 0.350085 0.000000 0.000000
0.000000 0.000000 0.349996 0.349996 0.349996 0.349996 0.349996 0.349996 0.349996 0.349996 0.349997 0.349996 0.349996 0.349996 0.349996 0.349996 0.349996 0.349996 0.349996 0.000000 0.000000
0.000000 0.000000 0.351237 0.351237 0.351234 0.351235 0.351237 0.351237 0.351237 0.351237 0.351238 0.351237 0.351237 0.351237 0.351237 0.351235 0.351234 0.351237 0.351237 0.000000 0.000000
0.000000 0.000000 0.355664 0.355664 0.355662 0.355662 0.355664 0.355664 0.355664 0.355665 0.355665 0.355665 0.355664 0.355664 0.355664 0.355662 0.355662 0.355664 0.355664 0.000000 0.000000
0.000000 0.000000 0.361072 0.361071 0.361070 0.361070 0.361072 0.361072 0.361072 0.361073 0.361073 0.361073 0.361072 0.361072 0.361072 0.361070 0.361070 0.361071 0.361072 0.000000 0.000000
0.000000 0.000000 0.365964 0.365963 0.365962 0.365962 0.365964 0.365963 0.365963 0.365964 0.365965 0.365964 0.365963 0.365963 0.365964 0.365962 0.365962 0.365963 0.365964 0.000000 0.000000
0.000000 0.000000 0.370387 0.370387 0.370386 0.370386 0.370387 0.370387 0.370387 0.370388 0.370388 0.370388 0.370387 0.370387 0.370387 0.370386 0.370386 0.370387 0.370387 0.000000 0.000000
0.000000 0.000000 0.374475 0.374474 0.374473 0.374473 0.374475 0.374474 0.374474 0.374475 0.374475 0.374475 0.374474 0.374474 0.374475 0.374473 0.374473 0.374474 0.374475 0.000000 0.000000
0.000000 0.000000 0.378324 0.378324 0.378322 0.378323 0.378324 0.378324 0.378324 0.378324 0.378325 0.378324 0.378324 0.378324 0.378324 0.378323 0.378322 0.378324 0.378324 0.000000 0.000000
0.000000 0.000000 0.381983 0.381983 0.381981 0.381982 0.381983 0.381983 0.381983 0.381983 0.381984 0.381983 0.381983 0.381983 0.381983 0.381982 0.381981 0.381983 0.381983 0.000000 0.000000
0.000000 0.000000 0.385487 0.385487 0.385485 0.385486 0.385487 0.385487 0.385487 0.385487 0.385488 0.385487 0.385487 0.385487 0.385487 0.385486 0.385485 0.385487 0.385487 0.000000 0.000000
0.000000 0.000000 0.388862 0.388862 0.388861 0.388861 0.388862 0.388862 0.388862 0.388862 0.388863 0.388862 0.388862 0.388862 0.388862 0.388861 0.388861 0.388862 0.388862 0.000000 0.000000
0.000000 0.000000 0.392136 0.392136 0.392135 0.392135 0.392136 0.392136 0.392136 0.392136 0.392137 0.392136 0.392136 0.392136 0.392136 0.392135 0.392135 0.392136 0.392136 0.000000 0.000000
0.000000 0.000000 0.395315 0.395315 0.395314 0.395314 0.395315 0.395315 0.395315 0.395316 0.395316 0.395316 0.395315 0.395315 0.395315 0.395314 0.395314 0.395315 0.395315 0.000000 0.000000
0.000000 0.000000 0.398404 0.398404 0.398403 0.398403 0.398404 0.398404 0.398404 0.398405 0.398405 0.398405 0.398404 0.398404 0.398404 0.398403 0.398403 0.398404 0.398404 0.000000 0.000000
0.000000 0.000000 0.401417 0.401416 0.401415 0.401416 0.401417 0.401416 0.401417 0.401417 0.401417 0.401417 0.401417 0.401416 0.401417 0.401416 0.401415 0.401416 0.401417 0.000000 0.000000
0.000000 0.000000 0.404418 0.404419 0.404418 0.404418 0.404419 0.404419 0.404419 0.404419 0.404420 0.404419 0.404419 0.404419 0.404419 0.404418 0.404418 0.404419 0.404419 0.000000 0.000000
0.000000 0.000000 0.350000 0.350000 0.350000 0.350000 0.350000 0.350000 0.350000 0.350000 0.350000 0.350000 0.350000 0.350000 0.350000 0.350000 0.350000 0.350000 0.350000 0.000000 0.000000
0.000000 0.000000 0.000000 0.000000 0.000000 0.000000 0.000000 0.000000 0.000000 0.000000 0.000000 0.000000 0.000000 0.000000 0.000000 0.000000 0.000000 0.000000 0.000000 0.000000 0.000000