geotop/1.0zi/1.0Montebello/Templates/testdem/maps/_Eocsand9440.asc
ncols         21
nrows         20
xllcorner     100.000000
yllcorner     100.000000
cellsize      50.000000
NODATA_value  -9999.0
0.000000 0.000000 0.000000 0.000000 0.000000 0.000000 0.000000 0.000000 0.000000 0.000000 0.000000 0.000000 0.000000 0.000000 0.000000 0.000000 0.000000 0.000000 0.000000 0.000000 0.000000
0.000000 0.000000 0.300238 0.300235 0.300235 0.300236 0.300235 0.300235 0.300235 0.300235 0.300236 0.300235 0.300235 0.300236 0.300235 0.300235 0.300236 0.300236 0.300235 0.000000 0.000000
0.000000 0.000000 0.300011 0.300013 0.300013 0.300011 0.300012 0.300013 0.300012 0.300012 0.300013 0.300013 0.300012 0.300012 0.300012 0.300012 0.300013 0.300013 0.300014 0.000000 0.000000
0.000000 0.000000 0.299814 0.299813 0.299820 0.299828 0.299827 0.299833 0.299825 0.299827 0.299827 0.299825 0.299824 0.299826 0.299821 0.299814 0.299812 0.299810 0.299810 0.000000 0.000000
0.000000 0.000000 0.297197 0.297198 0.297216 0.297244 0.297272 0.297280 0.297280 0.297281 0.297282 0.297275 0.297271 0.297270 0.297247 0.297235 0.297221 0.297212 0.297199 0.000000 0.000000
0.000000 0.000000 0.290009 0.290019 0.290058 0.290110 0.290171 0.290224 0.290221 0.290232 0.290227 0.290225 0.290215 0.290218 0.290188 0.290138 0.290112 0.290092 0.290078 0.000000 0.000000
0.000000 0.000000 0.280120 0.280138 0.280170 0.280234 0.280314 0.280423 0.280413 0.280422 0.280424 0.280422 0.280423 0.280416 0.280334 0.280269 0.280229 0.280201 0.280185 0.000000 0.000000
0.000000 0.000000 0.268392 0.268413 0.268441 0.268517 0.268599 0.268697 0.268691 0.268702 0.268707 0.268711 0.268714 0.268695 0.268618 0.268547 0.268483 0.268470 0.268440 0.000000 0.000000
0.000000 0.000000 0.255577 0.255608 0.255650 0.255705 0.255800 0.255916 0.255901 0.255923 0.255933 0.255936 0.255930 0.255933 0.255823 0.255740 0.255690 0.255670 0.255643 0.000000 0.000000
0.000000 0.000000 0.241544 0.241583 0.241615 0.241675 0.241804 0.241912 0.241904 0.241918 0.241937 0.241926 0.241910 0.241912 0.241825 0.241717 0.241658 0.241636 0.241621 0.000000 0.000000
0.000000 0.000000 0.225728 0.225755 0.225784 0.225924 0.226007 0.226149 0.226111 0.226185 0.226173 0.226182 0.226205 0.226158 0.226063 0.225996 0.225914 0.225879 0.225812 0.000000 0.000000
0.000000 0.000000 0.207448 0.207512 0.207595 0.207661 0.207784 0.207958 0.207953 0.207963 0.207932 0.207996 0.207962 0.207964 0.207793 0.207693 0.207648 0.207620 0.207480 0.000000 0.000000
0.000000 0.000000 0.186979 0.187035 0.187052 0.187210 0.187312 0.187815 0.187810 0.187835 0.187993 0.187896 0.187877 0.187827 0.187454 0.187362 0.187182 0.187167 0.187122 0.000000 0.000000
0.000000 0.000000 0.161786 0.161804 0.161949 0.162041 0.162747 0.162547 0.162679 0.162674 0.162585 0.162667 0.162678 0.162739 0.162925 0.162166 0.162125 0.161944 0.161831 0.000000 0.000000
0.000000 0.000000 0.132400 0.132486 0.132629 0.133542 0.133231 0.133775 0.133912 0.133963 0.134155 0.134230 0.134121 0.134114 0.133617 0.133903 0.132703 0.132970 0.132999 0.000000 0.000000
0.000000 0.000000 0.103996 0.104048 0.105172 0.104614 0.104807 0.104776 0.104276 0.104406 0.104141 0.104187 0.104395 0.104119 0.104248 0.104084 0.105302 0.103594 0.103617 0.000000 0.000000
0.000000 0.000000 0.076787 0.077851 0.077487 0.077976 0.078519 0.078699 0.079062 0.078975 0.079345 0.079300 0.079084 0.079306 0.079005 0.078602 0.077547 0.078369 0.077260 0.000000 0.000000
0.000000 0.000000 0.067606 0.067173 0.066526 0.066650 0.066741 0.067367 0.067328 0.067485 0.067274 0.067323 0.067324 0.067271 0.066735 0.066663 0.066459 0.067073 0.067496 0.000000 0.000000
0.000000 0.000000 0.300000 0.300000 0.300000 0.300000 0.300000 0.300000 0.300000 0.300000 0.300000 0.300000 0.300000 0.300000 0.300000 0.300000 0.300000 0.300000 0.300000 0.000000 0.000000
0.000000 0.000000 0.000000 0.000000 0.000000 0.000000 0.000000 0.000000 0.000000 0.000000 0.000000 0.000000 0.000000 0.000000 0.000000 0.000000 0.000000 0.000000 0.000000 0.000000 0.000000