geotop/1.0zi/1.0Montebello/Templates/testdem/maps/_Eocsilt082c.asc
ncols         21
nrows         20
xllcorner     100.000000
yllcorner     100.000000
cellsize      50.000000
NODATA_value  -9999.0
0.000000 0.000000 0.000000 0.000000 0.000000 0.000000 0.000000 0.000000 0.000000 0.000000 0.000000 0.000000 0.000000 0.000000 0.000000 0.000000 0.000000 0.000000 0.000000 0.000000 0.000000
0.000000 0.000000 0.350236 0.350236 0.350236 0.350236 0.350235 0.350235 0.350236 0.350235 0.350236 0.350235 0.350235 0.350235 0.350235 0.350236 0.350236 0.350236 0.350236 0.000000 0.000000
0.000000 0.000000 0.350009 0.350009 0.350009 0.350008 0.350010 0.350010 0.350009 0.350010 0.350010 0.350010 0.350010 0.350010 0.350009 0.350009 0.350007 0.350007 0.350008 0.000000 0.000000
0.000000 0.000000 0.350202 0.350198 0.350191 0.350188 0.350186 0.350180 0.350183 0.350183 0.350182 0.350186 0.350186 0.350186 0.350188 0.350192 0.350196 0.350199 0.350201 0.000000 0.000000
0.000000 0.000000 0.351933 0.351937 0.351927 0.351902 0.351891 0.351882 0.351887 0.351884 0.351882 0.351885 0.351891 0.351888 0.351904 0.351913 0.351921 0.351927 0.351931 0.000000 0.000000
0.000000 0.000000 0.356390 0.356382 0.356365 0.356331 0.356294 0.356264 0.356263 0.356260 0.356258 0.356260 0.356264 0.356261 0.356280 0.356308 0.356324 0.356334 0.356341 0.000000 0.000000
0.000000 0.000000 0.362572 0.362559 0.362539 0.362492 0.362444 0.362382 0.362385 0.362383 0.362376 0.362375 0.362372 0.362376 0.362426 0.362463 0.362489 0.362507 0.362515 0.000000 0.000000
0.000000 0.000000 0.369974 0.369957 0.369937 0.369877 0.369825 0.369766 0.369768 0.369763 0.369754 0.369751 0.369749 0.369757 0.369804 0.369848 0.369889 0.369897 0.369912 0.000000 0.000000
0.000000 0.000000 0.378322 0.378297 0.378263 0.378215 0.378154 0.378080 0.378087 0.378077 0.378065 0.378063 0.378066 0.378061 0.378131 0.378185 0.378217 0.378233 0.378246 0.000000 0.000000
0.000000 0.000000 0.387832 0.387798 0.387767 0.387714 0.387646 0.387566 0.387567 0.387563 0.387544 0.387551 0.387559 0.387555 0.387610 0.387681 0.387721 0.387738 0.387743 0.000000 0.000000
0.000000 0.000000 0.399036 0.399007 0.398979 0.398859 0.398828 0.398717 0.398742 0.398693 0.398695 0.398685 0.398665 0.398695 0.398762 0.398805 0.398864 0.398885 0.398933 0.000000 0.000000
0.000000 0.000000 0.412574 0.412509 0.412429 0.412377 0.412311 0.412168 0.412155 0.412164 0.412175 0.412133 0.412155 0.412136 0.412265 0.412343 0.412372 0.412393 0.412487 0.000000 0.000000
0.000000 0.000000 0.427811 0.427751 0.427734 0.427609 0.427532 0.427135 0.427125 0.427104 0.426946 0.427054 0.427052 0.427088 0.427375 0.427433 0.427588 0.427597 0.427595 0.000000 0.000000
0.000000 0.000000 0.445233 0.445210 0.445079 0.445016 0.444518 0.444774 0.444669 0.444674 0.444769 0.444675 0.444662 0.444595 0.444370 0.444921 0.444912 0.445043 0.445114 0.000000 0.000000
0.000000 0.000000 0.459261 0.459223 0.459170 0.458794 0.458969 0.458718 0.458677 0.458653 0.458557 0.458537 0.458576 0.458585 0.458800 0.458625 0.459111 0.458996 0.458973 0.000000 0.000000
0.000000 0.000000 0.467493 0.467473 0.467326 0.467254 0.467291 0.467207 0.467246 0.467226 0.467221 0.467211 0.467201 0.467231 0.467286 0.467248 0.467284 0.467431 0.467420 0.000000 0.000000
0.000000 0.000000 0.472506 0.472540 0.472346 0.472416 0.472424 0.472412 0.472497 0.472473 0.472519 0.472507 0.472470 0.472520 0.472505 0.472499 0.472316 0.472600 0.472547 0.000000 0.000000
0.000000 0.000000 0.477052 0.476858 0.476727 0.476714 0.476643 0.476690 0.476680 0.476699 0.476648 0.476654 0.476664 0.476653 0.476619 0.476672 0.476693 0.476806 0.476997 0.000000 0.000000
0.000000 0.000000 0.350000 0.350000 0.350000 0.350000 0.350000 0.350000 0.350000 0.350000 0.350000 0.350000 0.350000 0.350000 0.350000 0.350000 0.350000 0.350000 0.350000 0.000000 0.000000
0.000000 0.000000 0.000000 0.000000 0.000000 0.000000 0.000000 0.000000 0.000000 0.000000 0.000000 0.000000 0.000000 0.000000 0.000000 0.000000 0.000000 0.000000 0.000000 0.000000 0.000000