geotop/1.0zi/1.0Montebello/Templates/testdem/maps/_Eocsilt9479.asc
ncols         21
nrows         20
xllcorner     100.000000
yllcorner     100.000000
cellsize      50.000000
NODATA_value  -9999.0
0.000000 0.000000 0.000000 0.000000 0.000000 0.000000 0.000000 0.000000 0.000000 0.000000 0.000000 0.000000 0.000000 0.000000 0.000000 0.000000 0.000000 0.000000 0.000000 0.000000 0.000000
0.000000 0.000000 0.350203 0.350203 0.350203 0.350203 0.350202 0.350203 0.350203 0.350203 0.350203 0.350202 0.350202 0.350202 0.350202 0.350203 0.350204 0.350204 0.350203 0.000000 0.000000
0.000000 0.000000 0.350008 0.350008 0.350008 0.350007 0.350008 0.350008 0.350008 0.350008 0.350008 0.350008 0.350009 0.350009 0.350008 0.350007 0.350006 0.350006 0.350007 0.000000 0.000000
0.000000 0.000000 0.350145 0.350141 0.350136 0.350131 0.350130 0.350125 0.350128 0.350129 0.350126 0.350130 0.350130 0.350130 0.350133 0.350137 0.350142 0.350143 0.350145 0.000000 0.000000
0.000000 0.000000 0.351420 0.351426 0.351415 0.351398 0.351388 0.351382 0.351384 0.351382 0.351382 0.351385 0.351390 0.351388 0.351402 0.351409 0.351413 0.351419 0.351422 0.000000 0.000000
0.000000 0.000000 0.354916 0.354911 0.354896 0.354876 0.354844 0.354820 0.354818 0.354813 0.354816 0.354818 0.354822 0.354820 0.354836 0.354857 0.354868 0.354876 0.354883 0.000000 0.000000
0.000000 0.000000 0.359855 0.359845 0.359828 0.359795 0.359754 0.359702 0.359708 0.359705 0.359703 0.359703 0.359701 0.359707 0.359746 0.359777 0.359798 0.359813 0.359821 0.000000 0.000000
0.000000 0.000000 0.365703 0.365693 0.365679 0.365643 0.365601 0.365554 0.365557 0.365551 0.365549 0.365546 0.365545 0.365554 0.365591 0.365628 0.365660 0.365665 0.365680 0.000000 0.000000
0.000000 0.000000 0.372122 0.372106 0.372085 0.372058 0.372009 0.371951 0.371958 0.371947 0.371942 0.371941 0.371944 0.371943 0.371998 0.372040 0.372065 0.372076 0.372090 0.000000 0.000000
0.000000 0.000000 0.379136 0.379118 0.379101 0.379071 0.379007 0.378953 0.378957 0.378950 0.378941 0.378946 0.378954 0.378953 0.378996 0.379050 0.379080 0.379090 0.379098 0.000000 0.000000
0.000000 0.000000 0.387019 0.387005 0.386991 0.386920 0.386879 0.386809 0.386828 0.386791 0.386797 0.386793 0.386781 0.386805 0.386852 0.386885 0.386926 0.386944 0.386977 0.000000 0.000000
0.000000 0.000000 0.396128 0.396096 0.396055 0.396022 0.395961 0.395874 0.395876 0.395872 0.395887 0.395856 0.395873 0.395872 0.395957 0.396007 0.396029 0.396043 0.396113 0.000000 0.000000
0.000000 0.000000 0.406310 0.406282 0.406273 0.406195 0.406145 0.405895 0.405898 0.405885 0.405806 0.405855 0.405864 0.405889 0.406074 0.406119 0.406209 0.406216 0.406238 0.000000 0.000000
0.000000 0.000000 0.418794 0.418785 0.418714 0.418669 0.418320 0.418420 0.418355 0.418358 0.418402 0.418361 0.418355 0.418325 0.418232 0.418607 0.418627 0.418717 0.418772 0.000000 0.000000
0.000000 0.000000 0.433202 0.433161 0.433092 0.432648 0.432800 0.432534 0.432469 0.432444 0.432350 0.432313 0.432366 0.432370 0.432613 0.432473 0.433056 0.432926 0.432912 0.000000 0.000000
0.000000 0.000000 0.446811 0.446787 0.446263 0.446519 0.446429 0.446442 0.446673 0.446613 0.446736 0.446714 0.446618 0.446746 0.446687 0.446765 0.446202 0.446996 0.446985 0.000000 0.000000
0.000000 0.000000 0.459188 0.458749 0.458877 0.458684 0.458457 0.458381 0.458240 0.458273 0.458124 0.458142 0.458228 0.458141 0.458265 0.458434 0.458849 0.458544 0.459001 0.000000 0.000000
0.000000 0.000000 0.464080 0.464143 0.464396 0.464313 0.464236 0.464000 0.463987 0.463938 0.463985 0.463971 0.463986 0.463989 0.464201 0.464260 0.464414 0.464138 0.464081 0.000000 0.000000
0.000000 0.000000 0.350000 0.350000 0.350000 0.350000 0.350000 0.350000 0.350000 0.350000 0.350000 0.350000 0.350000 0.350000 0.350000 0.350000 0.350000 0.350000 0.350000 0.000000 0.000000
0.000000 0.000000 0.000000 0.000000 0.000000 0.000000 0.000000 0.000000 0.000000 0.000000 0.000000 0.000000 0.000000 0.000000 0.000000 0.000000 0.000000 0.000000 0.000000 0.000000 0.000000