geotop/1.0zi/1.0Montebello/Templates/testdem/maps/_Eocsilt4427.asc
ncols         21
nrows         20
xllcorner     100.000000
yllcorner     100.000000
cellsize      50.000000
NODATA_value  -9999.0
0.000000 0.000000 0.000000 0.000000 0.000000 0.000000 0.000000 0.000000 0.000000 0.000000 0.000000 0.000000 0.000000 0.000000 0.000000 0.000000 0.000000 0.000000 0.000000 0.000000 0.000000
0.000000 0.000000 0.350090 0.350090 0.350090 0.350090 0.350089 0.350090 0.350090 0.350090 0.350090 0.350090 0.350090 0.350090 0.350089 0.350090 0.350090 0.350090 0.350089 0.000000 0.000000
0.000000 0.000000 0.350002 0.350002 0.350002 0.350003 0.350003 0.350003 0.350003 0.350003 0.350003 0.350003 0.350003 0.350003 0.350003 0.350002 0.350001 0.350001 0.350002 0.000000 0.000000
0.000000 0.000000 0.350031 0.350031 0.350031 0.350026 0.350027 0.350025 0.350027 0.350027 0.350027 0.350027 0.350027 0.350026 0.350027 0.350030 0.350031 0.350032 0.350031 0.000000 0.000000
0.000000 0.000000 0.350386 0.350389 0.350387 0.350383 0.350380 0.350376 0.350375 0.350372 0.350371 0.350373 0.350374 0.350376 0.350380 0.350380 0.350381 0.350389 0.350392 0.000000 0.000000
0.000000 0.000000 0.351532 0.351535 0.351533 0.351521 0.351515 0.351501 0.351498 0.351493 0.351498 0.351500 0.351504 0.351502 0.351507 0.351513 0.351520 0.351521 0.351526 0.000000 0.000000
0.000000 0.000000 0.353314 0.353314 0.353312 0.353298 0.353283 0.353266 0.353267 0.353265 0.353268 0.353267 0.353264 0.353268 0.353279 0.353294 0.353299 0.353306 0.353312 0.000000 0.000000
0.000000 0.000000 0.355390 0.355388 0.355387 0.355375 0.355361 0.355344 0.355346 0.355343 0.355343 0.355343 0.355341 0.355339 0.355356 0.355372 0.355382 0.355385 0.355390 0.000000 0.000000
0.000000 0.000000 0.357505 0.357502 0.357498 0.357488 0.357475 0.357453 0.357455 0.357450 0.357451 0.357452 0.357450 0.357450 0.357467 0.357484 0.357492 0.357497 0.357505 0.000000 0.000000
0.000000 0.000000 0.359607 0.359604 0.359602 0.359592 0.359576 0.359558 0.359561 0.359557 0.359558 0.359558 0.359555 0.359554 0.359572 0.359589 0.359597 0.359600 0.359606 0.000000 0.000000
0.000000 0.000000 0.361723 0.361720 0.361718 0.361711 0.361699 0.361677 0.361680 0.361675 0.361675 0.361676 0.361673 0.361672 0.361687 0.361700 0.361710 0.361714 0.361721 0.000000 0.000000
0.000000 0.000000 0.363909 0.363906 0.363903 0.363891 0.363878 0.363857 0.363857 0.363854 0.363854 0.363854 0.363852 0.363851 0.363871 0.363887 0.363895 0.363899 0.363922 0.000000 0.000000
0.000000 0.000000 0.366124 0.366121 0.366117 0.366109 0.366094 0.366049 0.366050 0.366046 0.366046 0.366046 0.366042 0.366042 0.366081 0.366099 0.366108 0.366112 0.366126 0.000000 0.000000
0.000000 0.000000 0.368467 0.368460 0.368458 0.368450 0.368405 0.368394 0.368387 0.368384 0.368385 0.368385 0.368381 0.368380 0.368392 0.368436 0.368446 0.368456 0.368464 0.000000 0.000000
0.000000 0.000000 0.370990 0.370985 0.370974 0.370936 0.370916 0.370888 0.370874 0.370869 0.370863 0.370863 0.370863 0.370858 0.370879 0.370910 0.370959 0.370958 0.370965 0.000000 0.000000
0.000000 0.000000 0.373594 0.373588 0.373542 0.373535 0.373523 0.373508 0.373507 0.373506 0.373508 0.373508 0.373500 0.373508 0.373514 0.373527 0.373528 0.373581 0.373594 0.000000 0.000000
0.000000 0.000000 0.376486 0.376423 0.376385 0.376368 0.376336 0.376319 0.376315 0.376312 0.376305 0.376306 0.376305 0.376299 0.376311 0.376349 0.376374 0.376400 0.376464 0.000000 0.000000
0.000000 0.000000 0.378750 0.378737 0.378780 0.378757 0.378730 0.378667 0.378661 0.378655 0.378658 0.378657 0.378652 0.378655 0.378712 0.378744 0.378781 0.378726 0.378752 0.000000 0.000000
0.000000 0.000000 0.350000 0.350000 0.350000 0.350000 0.350000 0.350000 0.350000 0.350000 0.350000 0.350000 0.350000 0.350000 0.350000 0.350000 0.350000 0.350000 0.350000 0.000000 0.000000
0.000000 0.000000 0.000000 0.000000 0.000000 0.000000 0.000000 0.000000 0.000000 0.000000 0.000000 0.000000 0.000000 0.000000 0.000000 0.000000 0.000000 0.000000 0.000000 0.000000 0.000000