geotop/1.0zi/1.0Montebello/Templates/testdem/maps/_Eocclay5852.asc
ncols         21
nrows         20
xllcorner     100.000000
yllcorner     100.000000
cellsize      50.000000
NODATA_value  -9999.0
0.000000 0.000000 0.000000 0.000000 0.000000 0.000000 0.000000 0.000000 0.000000 0.000000 0.000000 0.000000 0.000000 0.000000 0.000000 0.000000 0.000000 0.000000 0.000000 0.000000 0.000000
0.000000 0.000000 0.349739 0.349740 0.349740 0.349740 0.349740 0.349740 0.349740 0.349740 0.349740 0.349740 0.349740 0.349740 0.349740 0.349740 0.349740 0.349740 0.349739 0.000000 0.000000
0.000000 0.000000 0.349989 0.349990 0.349990 0.349989 0.349989 0.349989 0.349989 0.349989 0.349989 0.349989 0.349989 0.349990 0.349989 0.349989 0.349989 0.349989 0.349989 0.000000 0.000000
0.000000 0.000000 0.349987 0.349988 0.349986 0.349987 0.349989 0.349989 0.349989 0.349987 0.349989 0.349988 0.349988 0.349987 0.349989 0.349991 0.349989 0.349990 0.349989 0.000000 0.000000
0.000000 0.000000 0.350479 0.350479 0.350479 0.350474 0.350463 0.350460 0.350461 0.350462 0.350461 0.350462 0.350457 0.350458 0.350462 0.350461 0.350466 0.350468 0.350472 0.000000 0.000000
0.000000 0.000000 0.352098 0.352099 0.352093 0.352074 0.352067 0.352051 0.352051 0.352047 0.352050 0.352050 0.352054 0.352053 0.352057 0.352069 0.352075 0.352086 0.352091 0.000000 0.000000
0.000000 0.000000 0.354480 0.354478 0.354476 0.354459 0.354439 0.354411 0.354411 0.354407 0.354409 0.354411 0.354411 0.354410 0.354429 0.354450 0.354460 0.354468 0.354475 0.000000 0.000000
0.000000 0.000000 0.357384 0.357384 0.357382 0.357362 0.357342 0.357313 0.357313 0.357310 0.357311 0.357311 0.357309 0.357313 0.357334 0.357352 0.357366 0.357372 0.357381 0.000000 0.000000
0.000000 0.000000 0.360339 0.360336 0.360330 0.360319 0.360299 0.360270 0.360272 0.360267 0.360265 0.360266 0.360266 0.360263 0.360289 0.360309 0.360322 0.360326 0.360334 0.000000 0.000000
0.000000 0.000000 0.363338 0.363332 0.363331 0.363322 0.363293 0.363267 0.363269 0.363266 0.363262 0.363266 0.363269 0.363266 0.363287 0.363310 0.363324 0.363327 0.363333 0.000000 0.000000
0.000000 0.000000 0.366456 0.366453 0.366452 0.366431 0.366412 0.366382 0.366388 0.366375 0.366375 0.366376 0.366373 0.366380 0.366397 0.366412 0.366427 0.366436 0.366449 0.000000 0.000000
0.000000 0.000000 0.369732 0.369725 0.369718 0.369703 0.369685 0.369651 0.369652 0.369644 0.369653 0.369644 0.369645 0.369647 0.369678 0.369692 0.369703 0.369707 0.369740 0.000000 0.000000
0.000000 0.000000 0.373108 0.373101 0.373099 0.373082 0.373066 0.372995 0.372995 0.372989 0.372974 0.372983 0.372988 0.372993 0.373045 0.373058 0.373083 0.373085 0.373108 0.000000 0.000000
0.000000 0.000000 0.376783 0.376779 0.376770 0.376760 0.376690 0.376672 0.376657 0.376656 0.376651 0.376653 0.376654 0.376651 0.376659 0.376728 0.376749 0.376766 0.376790 0.000000 0.000000
0.000000 0.000000 0.380843 0.380838 0.380823 0.380751 0.380729 0.380688 0.380660 0.380656 0.380643 0.380636 0.380644 0.380637 0.380668 0.380701 0.380803 0.380795 0.380809 0.000000 0.000000
0.000000 0.000000 0.385145 0.385141 0.385046 0.385031 0.385026 0.384999 0.385019 0.385008 0.385017 0.385006 0.384995 0.385013 0.385029 0.385038 0.385028 0.385150 0.385153 0.000000 0.000000
0.000000 0.000000 0.390095 0.389965 0.389923 0.389885 0.389823 0.389791 0.389780 0.389779 0.389750 0.389747 0.389759 0.389753 0.389788 0.389835 0.389909 0.389935 0.390066 0.000000 0.000000
0.000000 0.000000 0.393672 0.393682 0.393799 0.393768 0.393721 0.393599 0.393596 0.393569 0.393588 0.393581 0.393589 0.393591 0.393702 0.393737 0.393815 0.393694 0.393692 0.000000 0.000000
0.000000 0.000000 0.350000 0.350000 0.350000 0.350000 0.350000 0.350000 0.350000 0.350000 0.350000 0.350000 0.350000 0.350000 0.350000 0.350000 0.350000 0.350000 0.350000 0.000000 0.000000
0.000000 0.000000 0.000000 0.000000 0.000000 0.000000 0.000000 0.000000 0.000000 0.000000 0.000000 0.000000 0.000000 0.000000 0.000000 0.000000 0.000000 0.000000 0.000000 0.000000 0.000000