geotop/1.0zi/1.0Montebello/Templates/testdem/maps/_Eocsand0562.asc
ncols         21
nrows         20
xllcorner     100.000000
yllcorner     100.000000
cellsize      50.000000
NODATA_value  -9999.0
0.000000 0.000000 0.000000 0.000000 0.000000 0.000000 0.000000 0.000000 0.000000 0.000000 0.000000 0.000000 0.000000 0.000000 0.000000 0.000000 0.000000 0.000000 0.000000 0.000000 0.000000
0.000000 0.000000 0.300021 0.300021 0.300021 0.300021 0.300021 0.300021 0.300021 0.300021 0.300021 0.300021 0.300021 0.300021 0.300021 0.300021 0.300021 0.300021 0.300021 0.000000 0.000000
0.000000 0.000000 0.300005 0.300006 0.300006 0.300006 0.300005 0.300005 0.300005 0.300005 0.300005 0.300005 0.300005 0.300005 0.300005 0.300006 0.300006 0.300006 0.300005 0.000000 0.000000
0.000000 0.000000 0.299436 0.299436 0.299440 0.299436 0.299436 0.299436 0.299436 0.299436 0.299436 0.299436 0.299436 0.299436 0.299436 0.299436 0.299440 0.299436 0.299436 0.000000 0.000000
0.000000 0.000000 0.297596 0.297596 0.297601 0.297597 0.297596 0.297596 0.297596 0.297596 0.297596 0.297596 0.297596 0.297596 0.297596 0.297597 0.297601 0.297596 0.297596 0.000000 0.000000
0.000000 0.000000 0.295659 0.295659 0.295662 0.295659 0.295658 0.295658 0.295658 0.295658 0.295658 0.295658 0.295658 0.295658 0.295658 0.295659 0.295662 0.295659 0.295659 0.000000 0.000000
0.000000 0.000000 0.293857 0.293857 0.293860 0.293857 0.293857 0.293856 0.293856 0.293857 0.293857 0.293857 0.293856 0.293856 0.293857 0.293857 0.293860 0.293857 0.293857 0.000000 0.000000
0.000000 0.000000 0.292184 0.292184 0.292187 0.292184 0.292184 0.292184 0.292184 0.292184 0.292184 0.292184 0.292184 0.292184 0.292184 0.292184 0.292187 0.292184 0.292184 0.000000 0.000000
0.000000 0.000000 0.290603 0.290603 0.290606 0.290603 0.290603 0.290603 0.290603 0.290603 0.290603 0.290603 0.290603 0.290603 0.290603 0.290603 0.290606 0.290603 0.290603 0.000000 0.000000
0.000000 0.000000 0.289079 0.289079 0.289081 0.289079 0.289079 0.289078 0.289078 0.289079 0.289079 0.289079 0.289078 0.289078 0.289079 0.289079 0.289081 0.289079 0.289079 0.000000 0.000000
0.000000 0.000000 0.287596 0.287596 0.287599 0.287596 0.287596 0.287596 0.287596 0.287596 0.287596 0.287596 0.287596 0.287596 0.287596 0.287596 0.287599 0.287596 0.287596 0.000000 0.000000
0.000000 0.000000 0.286142 0.286142 0.286145 0.286143 0.286142 0.286142 0.286142 0.286142 0.286142 0.286142 0.286142 0.286142 0.286142 0.286143 0.286145 0.286142 0.286142 0.000000 0.000000
0.000000 0.000000 0.284714 0.284714 0.284717 0.284715 0.284714 0.284714 0.284714 0.284714 0.284714 0.284714 0.284714 0.284714 0.284714 0.284715 0.284717 0.284714 0.284714 0.000000 0.000000
0.000000 0.000000 0.283308 0.283308 0.283311 0.283308 0.283308 0.283308 0.283308 0.283308 0.283308 0.283308 0.283308 0.283308 0.283308 0.283308 0.283311 0.283308 0.283308 0.000000 0.000000
0.000000 0.000000 0.281916 0.281916 0.281918 0.281916 0.281915 0.281915 0.281915 0.281915 0.281915 0.281915 0.281915 0.281915 0.281915 0.281916 0.281918 0.281916 0.281916 0.000000 0.000000
0.000000 0.000000 0.280529 0.280529 0.280532 0.280529 0.280529 0.280529 0.280529 0.280529 0.280529 0.280529 0.280529 0.280529 0.280529 0.280529 0.280532 0.280529 0.280529 0.000000 0.000000
0.000000 0.000000 0.279158 0.279158 0.279160 0.279158 0.279158 0.279158 0.279158 0.279158 0.279158 0.279158 0.279158 0.279158 0.279158 0.279158 0.279160 0.279158 0.279158 0.000000 0.000000
0.000000 0.000000 0.277768 0.277768 0.277770 0.277768 0.277767 0.277767 0.277767 0.277767 0.277767 0.277767 0.277767 0.277767 0.277767 0.277768 0.277770 0.277768 0.277768 0.000000 0.000000
0.000000 0.000000 0.300000 0.300000 0.300000 0.300000 0.300000 0.300000 0.300000 0.300000 0.300000 0.300000 0.300000 0.300000 0.300000 0.300000 0.300000 0.300000 0.300000 0.000000 0.000000
0.000000 0.000000 0.000000 0.000000 0.000000 0.000000 0.000000 0.000000 0.000000 0.000000 0.000000 0.000000 0.000000 0.000000 0.000000 0.000000 0.000000 0.000000 0.000000 0.000000 0.000000