geotop/1.0zi/1.0Montebello/Templates/testdem/maps/_Eocsand9265.asc
ncols         21
nrows         20
xllcorner     100.000000
yllcorner     100.000000
cellsize      50.000000
NODATA_value  -9999.0
0.000000 0.000000 0.000000 0.000000 0.000000 0.000000 0.000000 0.000000 0.000000 0.000000 0.000000 0.000000 0.000000 0.000000 0.000000 0.000000 0.000000 0.000000 0.000000 0.000000 0.000000
0.000000 0.000000 0.300235 0.300232 0.300232 0.300233 0.300232 0.300231 0.300232 0.300232 0.300233 0.300232 0.300232 0.300232 0.300232 0.300232 0.300233 0.300233 0.300233 0.000000 0.000000
0.000000 0.000000 0.300013 0.300014 0.300014 0.300013 0.300014 0.300014 0.300014 0.300014 0.300014 0.300014 0.300013 0.300014 0.300013 0.300014 0.300014 0.300015 0.300016 0.000000 0.000000
0.000000 0.000000 0.299855 0.299854 0.299861 0.299869 0.299868 0.299871 0.299865 0.299867 0.299867 0.299867 0.299866 0.299868 0.299863 0.299857 0.299854 0.299855 0.299854 0.000000 0.000000
0.000000 0.000000 0.297485 0.297488 0.297505 0.297531 0.297559 0.297564 0.297566 0.297568 0.297570 0.297566 0.297564 0.297563 0.297540 0.297530 0.297516 0.297511 0.297498 0.000000 0.000000
0.000000 0.000000 0.290636 0.290647 0.290684 0.290736 0.290795 0.290845 0.290844 0.290856 0.290851 0.290852 0.290843 0.290846 0.290817 0.290769 0.290743 0.290728 0.290713 0.000000 0.000000
0.000000 0.000000 0.281122 0.281142 0.281172 0.281235 0.281312 0.281417 0.281409 0.281419 0.281422 0.281422 0.281424 0.281417 0.281338 0.281275 0.281236 0.281212 0.281195 0.000000 0.000000
0.000000 0.000000 0.269849 0.269871 0.269898 0.269971 0.270051 0.270145 0.270141 0.270153 0.270158 0.270165 0.270169 0.270150 0.270076 0.270007 0.269945 0.269936 0.269906 0.000000 0.000000
0.000000 0.000000 0.257590 0.257621 0.257661 0.257713 0.257806 0.257916 0.257904 0.257926 0.257937 0.257943 0.257938 0.257940 0.257835 0.257755 0.257706 0.257691 0.257664 0.000000 0.000000
0.000000 0.000000 0.244245 0.244284 0.244315 0.244372 0.244495 0.244597 0.244592 0.244607 0.244627 0.244618 0.244604 0.244607 0.244523 0.244420 0.244363 0.244347 0.244331 0.000000 0.000000
0.000000 0.000000 0.229309 0.229338 0.229365 0.229497 0.229576 0.229710 0.229676 0.229748 0.229739 0.229750 0.229773 0.229729 0.229638 0.229574 0.229495 0.229468 0.229405 0.000000 0.000000
0.000000 0.000000 0.212171 0.212234 0.212310 0.212375 0.212489 0.212653 0.212650 0.212663 0.212636 0.212699 0.212670 0.212671 0.212510 0.212417 0.212373 0.212353 0.212220 0.000000 0.000000
0.000000 0.000000 0.193083 0.193140 0.193159 0.193303 0.193399 0.193859 0.193857 0.193882 0.194027 0.193946 0.193929 0.193885 0.193542 0.193455 0.193290 0.193284 0.193234 0.000000 0.000000
0.000000 0.000000 0.169735 0.169758 0.169887 0.169977 0.170612 0.170457 0.170580 0.170579 0.170511 0.170584 0.170596 0.170647 0.170796 0.170114 0.170066 0.169912 0.169807 0.000000 0.000000
0.000000 0.000000 0.142150 0.142233 0.142372 0.143205 0.142962 0.143439 0.143578 0.143627 0.143799 0.143879 0.143784 0.143782 0.143345 0.143559 0.142466 0.142708 0.142725 0.000000 0.000000
0.000000 0.000000 0.114164 0.114223 0.115324 0.114819 0.114986 0.114978 0.114501 0.114633 0.114386 0.114442 0.114642 0.114372 0.114477 0.114336 0.115468 0.113824 0.113847 0.000000 0.000000
0.000000 0.000000 0.085035 0.086262 0.085826 0.086389 0.087005 0.087205 0.087624 0.087526 0.087951 0.087904 0.087657 0.087914 0.087576 0.087122 0.085903 0.086875 0.085602 0.000000 0.000000
0.000000 0.000000 0.076421 0.075671 0.074889 0.074958 0.074978 0.075747 0.075641 0.075858 0.075528 0.075602 0.075639 0.075535 0.074898 0.074879 0.074797 0.075465 0.076209 0.000000 0.000000
0.000000 0.000000 0.300000 0.300000 0.300000 0.300000 0.300000 0.300000 0.300000 0.300000 0.300000 0.300000 0.300000 0.300000 0.300000 0.300000 0.300000 0.300000 0.300000 0.000000 0.000000
0.000000 0.000000 0.000000 0.000000 0.000000 0.000000 0.000000 0.000000 0.000000 0.000000 0.000000 0.000000 0.000000 0.000000 0.000000 0.000000 0.000000 0.000000 0.000000 0.000000 0.000000