geotop/1.0zi/1.0Montebello/Templates/testdem/maps/_Eocsilt079v.asc
ncols         21
nrows         20
xllcorner     100.000000
yllcorner     100.000000
cellsize      50.000000
NODATA_value  -9999.0
0.000000 0.000000 0.000000 0.000000 0.000000 0.000000 0.000000 0.000000 0.000000 0.000000 0.000000 0.000000 0.000000 0.000000 0.000000 0.000000 0.000000 0.000000 0.000000 0.000000 0.000000
0.000000 0.000000 0.350236 0.350236 0.350236 0.350236 0.350235 0.350235 0.350235 0.350235 0.350235 0.350235 0.350235 0.350235 0.350235 0.350235 0.350236 0.350236 0.350236 0.000000 0.000000
0.000000 0.000000 0.350009 0.350009 0.350009 0.350008 0.350010 0.350010 0.350009 0.350010 0.350010 0.350010 0.350010 0.350010 0.350009 0.350009 0.350007 0.350007 0.350008 0.000000 0.000000
0.000000 0.000000 0.350203 0.350198 0.350191 0.350188 0.350186 0.350180 0.350183 0.350184 0.350182 0.350186 0.350186 0.350186 0.350188 0.350192 0.350196 0.350200 0.350201 0.000000 0.000000
0.000000 0.000000 0.351926 0.351931 0.351920 0.351895 0.351884 0.351876 0.351880 0.351877 0.351876 0.351878 0.351884 0.351882 0.351897 0.351906 0.351914 0.351920 0.351924 0.000000 0.000000
0.000000 0.000000 0.356367 0.356360 0.356342 0.356308 0.356271 0.356241 0.356241 0.356237 0.356236 0.356237 0.356242 0.356238 0.356258 0.356285 0.356301 0.356312 0.356319 0.000000 0.000000
0.000000 0.000000 0.362531 0.362517 0.362498 0.362450 0.362403 0.362341 0.362344 0.362342 0.362335 0.362334 0.362331 0.362335 0.362384 0.362421 0.362448 0.362466 0.362473 0.000000 0.000000
0.000000 0.000000 0.369909 0.369892 0.369872 0.369812 0.369761 0.369702 0.369704 0.369698 0.369690 0.369687 0.369685 0.369693 0.369739 0.369784 0.369824 0.369833 0.369848 0.000000 0.000000
0.000000 0.000000 0.378228 0.378203 0.378169 0.378121 0.378060 0.377986 0.377993 0.377983 0.377971 0.377969 0.377973 0.377968 0.378037 0.378090 0.378123 0.378139 0.378152 0.000000 0.000000
0.000000 0.000000 0.387698 0.387664 0.387633 0.387580 0.387512 0.387432 0.387434 0.387429 0.387411 0.387417 0.387425 0.387421 0.387476 0.387547 0.387587 0.387604 0.387609 0.000000 0.000000
0.000000 0.000000 0.398846 0.398817 0.398789 0.398670 0.398639 0.398529 0.398554 0.398504 0.398507 0.398497 0.398477 0.398507 0.398573 0.398616 0.398674 0.398696 0.398744 0.000000 0.000000
0.000000 0.000000 0.412310 0.412245 0.412166 0.412113 0.412048 0.411906 0.411893 0.411901 0.411913 0.411871 0.411893 0.411874 0.412002 0.412079 0.412109 0.412130 0.412223 0.000000 0.000000
0.000000 0.000000 0.427471 0.427411 0.427394 0.427270 0.427192 0.426798 0.426788 0.426767 0.426610 0.426717 0.426715 0.426751 0.427036 0.427094 0.427248 0.427257 0.427256 0.000000 0.000000
0.000000 0.000000 0.444862 0.444838 0.444707 0.444644 0.444146 0.444401 0.444296 0.444300 0.444396 0.444301 0.444289 0.444222 0.443997 0.444548 0.444539 0.444670 0.444742 0.000000 0.000000
0.000000 0.000000 0.458984 0.458944 0.458892 0.458510 0.458690 0.458435 0.458393 0.458368 0.458270 0.458251 0.458290 0.458299 0.458518 0.458339 0.458831 0.458714 0.458690 0.000000 0.000000
0.000000 0.000000 0.467300 0.467279 0.467127 0.467062 0.467096 0.467015 0.467057 0.467036 0.467034 0.467023 0.467012 0.467043 0.467096 0.467060 0.467084 0.467241 0.467231 0.000000 0.000000
0.000000 0.000000 0.472376 0.472407 0.472214 0.472286 0.472291 0.472281 0.472366 0.472342 0.472387 0.472376 0.472339 0.472389 0.472372 0.472368 0.472183 0.472468 0.472417 0.000000 0.000000
0.000000 0.000000 0.476956 0.476762 0.476633 0.476620 0.476547 0.476595 0.476584 0.476603 0.476551 0.476557 0.476568 0.476556 0.476523 0.476576 0.476599 0.476709 0.476900 0.000000 0.000000
0.000000 0.000000 0.350000 0.350000 0.350000 0.350000 0.350000 0.350000 0.350000 0.350000 0.350000 0.350000 0.350000 0.350000 0.350000 0.350000 0.350000 0.350000 0.350000 0.000000 0.000000
0.000000 0.000000 0.000000 0.000000 0.000000 0.000000 0.000000 0.000000 0.000000 0.000000 0.000000 0.000000 0.000000 0.000000 0.000000 0.000000 0.000000 0.000000 0.000000 0.000000 0.000000