geotop/1.0zi/1.0Montebello/Templates/testdem/maps/_Eocsand2517.asc
ncols         21
nrows         20
xllcorner     100.000000
yllcorner     100.000000
cellsize      50.000000
NODATA_value  -9999.0
0.000000 0.000000 0.000000 0.000000 0.000000 0.000000 0.000000 0.000000 0.000000 0.000000 0.000000 0.000000 0.000000 0.000000 0.000000 0.000000 0.000000 0.000000 0.000000 0.000000 0.000000
0.000000 0.000000 0.300074 0.300074 0.300074 0.300074 0.300074 0.300074 0.300074 0.300074 0.300076 0.300074 0.300074 0.300074 0.300074 0.300074 0.300074 0.300074 0.300074 0.000000 0.000000
0.000000 0.000000 0.300012 0.300013 0.300013 0.300012 0.300013 0.300012 0.300012 0.300013 0.300011 0.300013 0.300012 0.300012 0.300013 0.300012 0.300013 0.300013 0.300012 0.000000 0.000000
0.000000 0.000000 0.298377 0.298378 0.298382 0.298380 0.298377 0.298377 0.298377 0.298377 0.298377 0.298377 0.298377 0.298377 0.298377 0.298380 0.298382 0.298378 0.298377 0.000000 0.000000
0.000000 0.000000 0.291476 0.291477 0.291481 0.291480 0.291474 0.291476 0.291476 0.291473 0.291473 0.291473 0.291476 0.291476 0.291474 0.291480 0.291481 0.291477 0.291476 0.000000 0.000000
0.000000 0.000000 0.283075 0.283077 0.283079 0.283079 0.283074 0.283076 0.283076 0.283074 0.283073 0.283074 0.283076 0.283076 0.283074 0.283079 0.283079 0.283077 0.283075 0.000000 0.000000
0.000000 0.000000 0.275245 0.275246 0.275248 0.275248 0.275244 0.275245 0.275245 0.275244 0.275243 0.275244 0.275245 0.275245 0.275244 0.275248 0.275248 0.275246 0.275245 0.000000 0.000000
0.000000 0.000000 0.268072 0.268073 0.268075 0.268075 0.268071 0.268073 0.268072 0.268071 0.268070 0.268071 0.268072 0.268073 0.268071 0.268075 0.268075 0.268073 0.268072 0.000000 0.000000
0.000000 0.000000 0.261385 0.261386 0.261388 0.261388 0.261384 0.261386 0.261385 0.261384 0.261384 0.261384 0.261385 0.261386 0.261384 0.261388 0.261388 0.261386 0.261385 0.000000 0.000000
0.000000 0.000000 0.255031 0.255032 0.255034 0.255033 0.255031 0.255032 0.255031 0.255030 0.255030 0.255030 0.255031 0.255032 0.255031 0.255033 0.255034 0.255032 0.255031 0.000000 0.000000
0.000000 0.000000 0.248936 0.248937 0.248939 0.248938 0.248936 0.248937 0.248936 0.248935 0.248935 0.248935 0.248936 0.248937 0.248936 0.248938 0.248939 0.248937 0.248936 0.000000 0.000000
0.000000 0.000000 0.243044 0.243045 0.243047 0.243046 0.243044 0.243045 0.243045 0.243044 0.243043 0.243044 0.243045 0.243045 0.243044 0.243046 0.243047 0.243045 0.243044 0.000000 0.000000
0.000000 0.000000 0.237315 0.237315 0.237317 0.237316 0.237314 0.237315 0.237315 0.237314 0.237313 0.237314 0.237315 0.237315 0.237314 0.237316 0.237317 0.237315 0.237315 0.000000 0.000000
0.000000 0.000000 0.231718 0.231719 0.231721 0.231720 0.231718 0.231719 0.231718 0.231717 0.231717 0.231717 0.231718 0.231719 0.231718 0.231720 0.231721 0.231719 0.231718 0.000000 0.000000
0.000000 0.000000 0.226234 0.226235 0.226237 0.226236 0.226234 0.226235 0.226235 0.226234 0.226233 0.226234 0.226235 0.226235 0.226234 0.226236 0.226237 0.226235 0.226234 0.000000 0.000000
0.000000 0.000000 0.220855 0.220855 0.220857 0.220856 0.220854 0.220855 0.220855 0.220854 0.220853 0.220854 0.220855 0.220855 0.220854 0.220856 0.220857 0.220855 0.220855 0.000000 0.000000
0.000000 0.000000 0.215573 0.215574 0.215576 0.215575 0.215573 0.215574 0.215574 0.215572 0.215572 0.215572 0.215574 0.215574 0.215573 0.215575 0.215576 0.215574 0.215573 0.000000 0.000000
0.000000 0.000000 0.210310 0.210310 0.210312 0.210311 0.210309 0.210310 0.210310 0.210309 0.210308 0.210309 0.210310 0.210310 0.210309 0.210311 0.210312 0.210310 0.210310 0.000000 0.000000
0.000000 0.000000 0.300000 0.300000 0.300000 0.300000 0.300000 0.300000 0.300000 0.300000 0.300000 0.300000 0.300000 0.300000 0.300000 0.300000 0.300000 0.300000 0.300000 0.000000 0.000000
0.000000 0.000000 0.000000 0.000000 0.000000 0.000000 0.000000 0.000000 0.000000 0.000000 0.000000 0.000000 0.000000 0.000000 0.000000 0.000000 0.000000 0.000000 0.000000 0.000000 0.000000