geotop/1.0zi/1.0Montebello/Templates/testdem/maps/_Eocsilt4134.asc
ncols         21
nrows         20
xllcorner     100.000000
yllcorner     100.000000
cellsize      50.000000
NODATA_value  -9999.0
0.000000 0.000000 0.000000 0.000000 0.000000 0.000000 0.000000 0.000000 0.000000 0.000000 0.000000 0.000000 0.000000 0.000000 0.000000 0.000000 0.000000 0.000000 0.000000 0.000000 0.000000
0.000000 0.000000 0.350086 0.350086 0.350086 0.350086 0.350085 0.350086 0.350086 0.350086 0.350086 0.350086 0.350086 0.350086 0.350085 0.350086 0.350086 0.350086 0.350085 0.000000 0.000000
0.000000 0.000000 0.350001 0.350002 0.350002 0.350002 0.350003 0.350003 0.350003 0.350003 0.350003 0.350003 0.350003 0.350003 0.350003 0.350002 0.350001 0.350001 0.350001 0.000000 0.000000
0.000000 0.000000 0.350032 0.350031 0.350031 0.350026 0.350027 0.350025 0.350027 0.350027 0.350027 0.350027 0.350027 0.350026 0.350028 0.350030 0.350031 0.350032 0.350031 0.000000 0.000000
0.000000 0.000000 0.350380 0.350382 0.350380 0.350381 0.350380 0.350377 0.350376 0.350373 0.350372 0.350374 0.350374 0.350375 0.350376 0.350375 0.350375 0.350379 0.350382 0.000000 0.000000
0.000000 0.000000 0.351465 0.351465 0.351461 0.351458 0.351456 0.351444 0.351443 0.351439 0.351443 0.351445 0.351446 0.351441 0.351443 0.351447 0.351451 0.351451 0.351453 0.000000 0.000000
0.000000 0.000000 0.353115 0.353114 0.353112 0.353101 0.353090 0.353076 0.353079 0.353076 0.353079 0.353077 0.353073 0.353073 0.353082 0.353095 0.353099 0.353103 0.353110 0.000000 0.000000
0.000000 0.000000 0.355037 0.355033 0.355028 0.355017 0.355004 0.354988 0.354990 0.354987 0.354987 0.354987 0.354984 0.354981 0.354997 0.355012 0.355023 0.355024 0.355029 0.000000 0.000000
0.000000 0.000000 0.356980 0.356974 0.356967 0.356959 0.356948 0.356928 0.356929 0.356926 0.356926 0.356927 0.356924 0.356922 0.356936 0.356953 0.356960 0.356964 0.356972 0.000000 0.000000
0.000000 0.000000 0.358908 0.358903 0.358897 0.358888 0.358874 0.358857 0.358860 0.358857 0.358857 0.358858 0.358854 0.358850 0.358867 0.358883 0.358890 0.358893 0.358899 0.000000 0.000000
0.000000 0.000000 0.360845 0.360840 0.360834 0.360827 0.360817 0.360797 0.360799 0.360795 0.360795 0.360796 0.360792 0.360789 0.360802 0.360814 0.360824 0.360827 0.360835 0.000000 0.000000
0.000000 0.000000 0.362841 0.362836 0.362829 0.362818 0.362807 0.362787 0.362787 0.362785 0.362785 0.362785 0.362782 0.362778 0.362797 0.362811 0.362820 0.362823 0.362845 0.000000 0.000000
0.000000 0.000000 0.364858 0.364853 0.364845 0.364837 0.364824 0.364783 0.364784 0.364781 0.364780 0.364781 0.364776 0.364774 0.364808 0.364825 0.364834 0.364837 0.364851 0.000000 0.000000
0.000000 0.000000 0.366983 0.366974 0.366968 0.366960 0.366921 0.366911 0.366905 0.366902 0.366902 0.366902 0.366897 0.366894 0.366905 0.366946 0.366955 0.366963 0.366972 0.000000 0.000000
0.000000 0.000000 0.369263 0.369256 0.369241 0.369207 0.369190 0.369165 0.369152 0.369148 0.369142 0.369142 0.369141 0.369134 0.369152 0.369181 0.369225 0.369223 0.369231 0.000000 0.000000
0.000000 0.000000 0.371604 0.371596 0.371551 0.371544 0.371534 0.371522 0.371520 0.371519 0.371521 0.371520 0.371512 0.371516 0.371521 0.371533 0.371535 0.371580 0.371593 0.000000 0.000000
0.000000 0.000000 0.374191 0.374135 0.374094 0.374080 0.374054 0.374040 0.374036 0.374034 0.374028 0.374028 0.374026 0.374018 0.374027 0.374060 0.374081 0.374105 0.374161 0.000000 0.000000
0.000000 0.000000 0.376231 0.376214 0.376245 0.376225 0.376202 0.376150 0.376145 0.376140 0.376141 0.376140 0.376135 0.376134 0.376180 0.376209 0.376242 0.376195 0.376220 0.000000 0.000000
0.000000 0.000000 0.350000 0.350000 0.350000 0.350000 0.350000 0.350000 0.350000 0.350000 0.350000 0.350000 0.350000 0.350000 0.350000 0.350000 0.350000 0.350000 0.350000 0.000000 0.000000
0.000000 0.000000 0.000000 0.000000 0.000000 0.000000 0.000000 0.000000 0.000000 0.000000 0.000000 0.000000 0.000000 0.000000 0.000000 0.000000 0.000000 0.000000 0.000000 0.000000 0.000000