geotop/1.0zi/1.0Montebello/Templates/testdem/maps/_Eocsand7135.asc
ncols         21
nrows         20
xllcorner     100.000000
yllcorner     100.000000
cellsize      50.000000
NODATA_value  -9999.0
0.000000 0.000000 0.000000 0.000000 0.000000 0.000000 0.000000 0.000000 0.000000 0.000000 0.000000 0.000000 0.000000 0.000000 0.000000 0.000000 0.000000 0.000000 0.000000 0.000000 0.000000
0.000000 0.000000 0.300177 0.300175 0.300175 0.300175 0.300174 0.300174 0.300174 0.300174 0.300175 0.300174 0.300175 0.300175 0.300174 0.300174 0.300176 0.300176 0.300175 0.000000 0.000000
0.000000 0.000000 0.300010 0.300010 0.300010 0.300009 0.300010 0.300010 0.300010 0.300010 0.300010 0.300010 0.300009 0.300010 0.300010 0.300010 0.300011 0.300011 0.300012 0.000000 0.000000
0.000000 0.000000 0.299958 0.299957 0.299962 0.299967 0.299965 0.299968 0.299963 0.299967 0.299966 0.299966 0.299966 0.299967 0.299965 0.299960 0.299959 0.299955 0.299956 0.000000 0.000000
0.000000 0.000000 0.298484 0.298480 0.298489 0.298501 0.298520 0.298529 0.298532 0.298532 0.298533 0.298533 0.298536 0.298530 0.298512 0.298508 0.298503 0.298493 0.298481 0.000000 0.000000
0.000000 0.000000 0.294123 0.294123 0.294143 0.294182 0.294211 0.294252 0.294250 0.294263 0.294255 0.294255 0.294252 0.294252 0.294234 0.294206 0.294185 0.294165 0.294152 0.000000 0.000000
0.000000 0.000000 0.287823 0.287829 0.287847 0.287891 0.287946 0.288008 0.288007 0.288016 0.288013 0.288014 0.288018 0.288012 0.287961 0.287911 0.287884 0.287860 0.287843 0.000000 0.000000
0.000000 0.000000 0.280283 0.280286 0.280298 0.280347 0.280401 0.280469 0.280467 0.280476 0.280477 0.280482 0.280486 0.280473 0.280417 0.280369 0.280327 0.280314 0.280289 0.000000 0.000000
0.000000 0.000000 0.272357 0.272370 0.272395 0.272426 0.272482 0.272555 0.272549 0.272566 0.272570 0.272574 0.272573 0.272574 0.272504 0.272445 0.272412 0.272396 0.272375 0.000000 0.000000
0.000000 0.000000 0.264163 0.264179 0.264192 0.264220 0.264299 0.264364 0.264361 0.264371 0.264381 0.264376 0.264366 0.264371 0.264313 0.264246 0.264208 0.264197 0.264180 0.000000 0.000000
0.000000 0.000000 0.255484 0.255495 0.255509 0.255570 0.255623 0.255700 0.255682 0.255723 0.255719 0.255720 0.255734 0.255707 0.255657 0.255616 0.255568 0.255543 0.255506 0.000000 0.000000
0.000000 0.000000 0.246115 0.246140 0.246169 0.246211 0.246268 0.246360 0.246360 0.246377 0.246355 0.246385 0.246380 0.246371 0.246281 0.246235 0.246203 0.246185 0.246098 0.000000 0.000000
0.000000 0.000000 0.236228 0.236254 0.236269 0.236321 0.236371 0.236585 0.236586 0.236602 0.236652 0.236629 0.236616 0.236595 0.236434 0.236387 0.236309 0.236301 0.236246 0.000000 0.000000
0.000000 0.000000 0.225077 0.225089 0.225130 0.225169 0.225407 0.225431 0.225479 0.225482 0.225481 0.225488 0.225493 0.225499 0.225495 0.225247 0.225193 0.225128 0.225065 0.000000 0.000000
0.000000 0.000000 0.212337 0.212357 0.212413 0.212688 0.212723 0.212861 0.212938 0.212955 0.213000 0.213038 0.213007 0.213018 0.212891 0.212833 0.212463 0.212504 0.212476 0.000000 0.000000
0.000000 0.000000 0.198480 0.198502 0.198889 0.198869 0.198891 0.198968 0.198850 0.198901 0.198843 0.198884 0.198937 0.198844 0.198801 0.198776 0.198936 0.198420 0.198417 0.000000 0.000000
0.000000 0.000000 0.181669 0.182253 0.182288 0.182472 0.182767 0.182865 0.182964 0.182949 0.183095 0.183096 0.183021 0.183079 0.182935 0.182715 0.182323 0.182425 0.181823 0.000000 0.000000
0.000000 0.000000 0.171934 0.171606 0.171061 0.171135 0.171226 0.171751 0.171723 0.171856 0.171692 0.171736 0.171735 0.171688 0.171223 0.171158 0.170973 0.171480 0.171782 0.000000 0.000000
0.000000 0.000000 0.300000 0.300000 0.300000 0.300000 0.300000 0.300000 0.300000 0.300000 0.300000 0.300000 0.300000 0.300000 0.300000 0.300000 0.300000 0.300000 0.300000 0.000000 0.000000
0.000000 0.000000 0.000000 0.000000 0.000000 0.000000 0.000000 0.000000 0.000000 0.000000 0.000000 0.000000 0.000000 0.000000 0.000000 0.000000 0.000000 0.000000 0.000000 0.000000 0.000000