geotop/1.0zi/1.0Montebello/Templates/testdem/maps/_Eocclay7349.asc
ncols         21
nrows         20
xllcorner     100.000000
yllcorner     100.000000
cellsize      50.000000
NODATA_value  -9999.0
0.000000 0.000000 0.000000 0.000000 0.000000 0.000000 0.000000 0.000000 0.000000 0.000000 0.000000 0.000000 0.000000 0.000000 0.000000 0.000000 0.000000 0.000000 0.000000 0.000000 0.000000
0.000000 0.000000 0.349663 0.349664 0.349664 0.349663 0.349665 0.349665 0.349664 0.349664 0.349663 0.349665 0.349665 0.349664 0.349665 0.349665 0.349663 0.349663 0.349664 0.000000 0.000000
0.000000 0.000000 0.349986 0.349986 0.349987 0.349988 0.349986 0.349986 0.349986 0.349986 0.349986 0.349986 0.349986 0.349985 0.349987 0.349987 0.349988 0.349987 0.349985 0.000000 0.000000
0.000000 0.000000 0.350006 0.350011 0.350007 0.350007 0.350009 0.350007 0.350009 0.350006 0.350009 0.350007 0.350007 0.350006 0.350008 0.350010 0.350009 0.350012 0.350011 0.000000 0.000000
0.000000 0.000000 0.350896 0.350894 0.350890 0.350885 0.350870 0.350868 0.350865 0.350868 0.350865 0.350865 0.350861 0.350865 0.350875 0.350876 0.350883 0.350885 0.350891 0.000000 0.000000
0.000000 0.000000 0.353342 0.353341 0.353330 0.353304 0.353291 0.353269 0.353270 0.353264 0.353267 0.353267 0.353268 0.353270 0.353280 0.353298 0.353312 0.353326 0.353331 0.000000 0.000000
0.000000 0.000000 0.356743 0.356740 0.356732 0.356710 0.356681 0.356646 0.356645 0.356640 0.356641 0.356642 0.356642 0.356643 0.356673 0.356701 0.356715 0.356728 0.356735 0.000000 0.000000
0.000000 0.000000 0.360799 0.360797 0.360790 0.360762 0.360735 0.360697 0.360697 0.360693 0.360692 0.360690 0.360688 0.360696 0.360727 0.360751 0.360775 0.360783 0.360795 0.000000 0.000000
0.000000 0.000000 0.365041 0.365035 0.365022 0.365006 0.364977 0.364939 0.364941 0.364933 0.364930 0.364928 0.364928 0.364928 0.364965 0.364997 0.365015 0.365023 0.365033 0.000000 0.000000
0.000000 0.000000 0.369469 0.369461 0.369455 0.369438 0.369396 0.369362 0.369362 0.369358 0.369352 0.369355 0.369360 0.369358 0.369390 0.369425 0.369447 0.369454 0.369461 0.000000 0.000000
0.000000 0.000000 0.374214 0.374209 0.374201 0.374168 0.374138 0.374098 0.374107 0.374085 0.374087 0.374087 0.374079 0.374093 0.374122 0.374144 0.374171 0.374185 0.374204 0.000000 0.000000
0.000000 0.000000 0.379380 0.379367 0.379351 0.379328 0.379297 0.379248 0.379246 0.379238 0.379249 0.379232 0.379236 0.379240 0.379290 0.379316 0.379335 0.379345 0.379391 0.000000 0.000000
0.000000 0.000000 0.384871 0.384857 0.384850 0.384820 0.384793 0.384673 0.384672 0.384664 0.384634 0.384648 0.384655 0.384667 0.384759 0.384785 0.384830 0.384836 0.384862 0.000000 0.000000
0.000000 0.000000 0.391140 0.391135 0.391112 0.391090 0.390950 0.390945 0.390916 0.390915 0.390918 0.390912 0.390909 0.390905 0.390903 0.391049 0.391079 0.391117 0.391149 0.000000 0.000000
0.000000 0.000000 0.398377 0.398366 0.398334 0.398168 0.398158 0.398077 0.398032 0.398023 0.397995 0.397974 0.397992 0.397986 0.398065 0.398087 0.398310 0.398284 0.398295 0.000000 0.000000
0.000000 0.000000 0.406294 0.406282 0.406046 0.406074 0.406060 0.406022 0.406098 0.406069 0.406107 0.406084 0.406050 0.406108 0.406129 0.406142 0.406024 0.406347 0.406344 0.000000 0.000000
0.000000 0.000000 0.416061 0.415693 0.415702 0.415581 0.415395 0.415338 0.415264 0.415279 0.415180 0.415184 0.415235 0.415191 0.415284 0.415421 0.415686 0.415583 0.415961 0.000000 0.000000
0.000000 0.000000 0.421131 0.421391 0.421738 0.421706 0.421673 0.421348 0.421374 0.421289 0.421406 0.421378 0.421372 0.421408 0.421693 0.421716 0.421799 0.421492 0.421244 0.000000 0.000000
0.000000 0.000000 0.350000 0.350000 0.350000 0.350000 0.350000 0.350000 0.350000 0.350000 0.350000 0.350000 0.350000 0.350000 0.350000 0.350000 0.350000 0.350000 0.350000 0.000000 0.000000
0.000000 0.000000 0.000000 0.000000 0.000000 0.000000 0.000000 0.000000 0.000000 0.000000 0.000000 0.000000 0.000000 0.000000 0.000000 0.000000 0.000000 0.000000 0.000000 0.000000 0.000000