geotop/1.0zi/1.0Montebello/Templates/testdem/maps/_Eocsilt8887.asc
ncols         21
nrows         20
xllcorner     100.000000
yllcorner     100.000000
cellsize      50.000000
NODATA_value  -9999.0
0.000000 0.000000 0.000000 0.000000 0.000000 0.000000 0.000000 0.000000 0.000000 0.000000 0.000000 0.000000 0.000000 0.000000 0.000000 0.000000 0.000000 0.000000 0.000000 0.000000 0.000000
0.000000 0.000000 0.350190 0.350191 0.350191 0.350191 0.350190 0.350191 0.350191 0.350191 0.350191 0.350190 0.350190 0.350190 0.350190 0.350191 0.350191 0.350191 0.350190 0.000000 0.000000
0.000000 0.000000 0.350005 0.350005 0.350005 0.350005 0.350006 0.350005 0.350006 0.350006 0.350006 0.350006 0.350006 0.350006 0.350006 0.350005 0.350003 0.350004 0.350005 0.000000 0.000000
0.000000 0.000000 0.350121 0.350117 0.350111 0.350106 0.350106 0.350102 0.350105 0.350105 0.350102 0.350105 0.350105 0.350105 0.350107 0.350111 0.350116 0.350116 0.350119 0.000000 0.000000
0.000000 0.000000 0.351226 0.351231 0.351223 0.351207 0.351198 0.351195 0.351195 0.351192 0.351192 0.351194 0.351198 0.351197 0.351210 0.351217 0.351219 0.351223 0.351225 0.000000 0.000000
0.000000 0.000000 0.354350 0.354346 0.354335 0.354316 0.354289 0.354268 0.354268 0.354261 0.354266 0.354267 0.354270 0.354268 0.354283 0.354300 0.354310 0.354314 0.354321 0.000000 0.000000
0.000000 0.000000 0.358784 0.358776 0.358763 0.358733 0.358697 0.358653 0.358656 0.358653 0.358653 0.358652 0.358649 0.358655 0.358691 0.358719 0.358737 0.358749 0.358756 0.000000 0.000000
0.000000 0.000000 0.364027 0.364019 0.364011 0.363978 0.363943 0.363901 0.363904 0.363898 0.363897 0.363895 0.363893 0.363901 0.363936 0.363968 0.363996 0.363998 0.364011 0.000000 0.000000
0.000000 0.000000 0.369724 0.369710 0.369694 0.369670 0.369629 0.369580 0.369586 0.369575 0.369572 0.369570 0.369572 0.369571 0.369621 0.369658 0.369680 0.369686 0.369699 0.000000 0.000000
0.000000 0.000000 0.375848 0.375833 0.375823 0.375799 0.375743 0.375700 0.375702 0.375696 0.375689 0.375693 0.375699 0.375697 0.375737 0.375784 0.375808 0.375814 0.375820 0.000000 0.000000
0.000000 0.000000 0.382604 0.382593 0.382584 0.382527 0.382491 0.382436 0.382452 0.382419 0.382426 0.382422 0.382411 0.382431 0.382472 0.382500 0.382535 0.382546 0.382573 0.000000 0.000000
0.000000 0.000000 0.390263 0.390240 0.390212 0.390183 0.390133 0.390066 0.390067 0.390062 0.390076 0.390051 0.390062 0.390062 0.390135 0.390174 0.390192 0.390199 0.390259 0.000000 0.000000
0.000000 0.000000 0.398694 0.398669 0.398666 0.398608 0.398568 0.398375 0.398376 0.398366 0.398308 0.398342 0.398349 0.398368 0.398518 0.398554 0.398624 0.398623 0.398647 0.000000 0.000000
0.000000 0.000000 0.408850 0.408843 0.408797 0.408760 0.408496 0.408550 0.408502 0.408503 0.408529 0.408504 0.408499 0.408477 0.408430 0.408711 0.408734 0.408796 0.408841 0.000000 0.000000
0.000000 0.000000 0.420875 0.420843 0.420790 0.420447 0.420525 0.420345 0.420285 0.420267 0.420202 0.420167 0.420206 0.420203 0.420376 0.420314 0.420763 0.420664 0.420660 0.000000 0.000000
0.000000 0.000000 0.433547 0.433523 0.433051 0.433239 0.433181 0.433173 0.433374 0.433317 0.433421 0.433396 0.433312 0.433429 0.433404 0.433454 0.433007 0.433703 0.433691 0.000000 0.000000
0.000000 0.000000 0.447776 0.447161 0.447361 0.447093 0.446785 0.446693 0.446496 0.446544 0.446341 0.446365 0.446483 0.446360 0.446526 0.446753 0.447337 0.446887 0.447524 0.000000 0.000000
0.000000 0.000000 0.451992 0.452461 0.452886 0.452872 0.452889 0.452475 0.452550 0.452429 0.452629 0.452587 0.452558 0.452624 0.452966 0.452957 0.452956 0.452620 0.452156 0.000000 0.000000
0.000000 0.000000 0.350000 0.350000 0.350000 0.350000 0.350000 0.350000 0.350000 0.350000 0.350000 0.350000 0.350000 0.350000 0.350000 0.350000 0.350000 0.350000 0.350000 0.000000 0.000000
0.000000 0.000000 0.000000 0.000000 0.000000 0.000000 0.000000 0.000000 0.000000 0.000000 0.000000 0.000000 0.000000 0.000000 0.000000 0.000000 0.000000 0.000000 0.000000 0.000000 0.000000