geotop/1.0zi/1.0Montebello/Templates/testdem/maps/_Eocclay8649.asc
ncols         21
nrows         20
xllcorner     100.000000
yllcorner     100.000000
cellsize      50.000000
NODATA_value  -9999.0
0.000000 0.000000 0.000000 0.000000 0.000000 0.000000 0.000000 0.000000 0.000000 0.000000 0.000000 0.000000 0.000000 0.000000 0.000000 0.000000 0.000000 0.000000 0.000000 0.000000 0.000000
0.000000 0.000000 0.349600 0.349602 0.349602 0.349601 0.349602 0.349603 0.349602 0.349603 0.349601 0.349603 0.349603 0.349602 0.349603 0.349602 0.349600 0.349601 0.349601 0.000000 0.000000
0.000000 0.000000 0.349983 0.349982 0.349982 0.349984 0.349981 0.349981 0.349981 0.349981 0.349981 0.349981 0.349981 0.349981 0.349982 0.349982 0.349983 0.349982 0.349981 0.000000 0.000000
0.000000 0.000000 0.350005 0.350010 0.350008 0.350003 0.350006 0.350006 0.350007 0.350005 0.350008 0.350006 0.350006 0.350004 0.350007 0.350008 0.350007 0.350010 0.350007 0.000000 0.000000
0.000000 0.000000 0.351087 0.351080 0.351076 0.351070 0.351053 0.351052 0.351048 0.351050 0.351048 0.351050 0.351048 0.351050 0.351059 0.351061 0.351071 0.351074 0.351083 0.000000 0.000000
0.000000 0.000000 0.354258 0.354255 0.354237 0.354205 0.354186 0.354163 0.354165 0.354158 0.354163 0.354163 0.354168 0.354167 0.354179 0.354200 0.354216 0.354229 0.354236 0.000000 0.000000
0.000000 0.000000 0.358575 0.358568 0.358558 0.358530 0.358495 0.358455 0.358454 0.358449 0.358450 0.358452 0.358452 0.358453 0.358489 0.358521 0.358538 0.358551 0.358559 0.000000 0.000000
0.000000 0.000000 0.363692 0.363686 0.363677 0.363641 0.363609 0.363565 0.363564 0.363559 0.363559 0.363557 0.363554 0.363564 0.363602 0.363630 0.363658 0.363667 0.363681 0.000000 0.000000
0.000000 0.000000 0.369184 0.369172 0.369156 0.369133 0.369095 0.369051 0.369054 0.369044 0.369042 0.369040 0.369041 0.369040 0.369086 0.369123 0.369145 0.369155 0.369167 0.000000 0.000000
0.000000 0.000000 0.375078 0.375064 0.375055 0.375031 0.374977 0.374936 0.374936 0.374931 0.374925 0.374930 0.374936 0.374934 0.374973 0.375017 0.375044 0.375053 0.375061 0.000000 0.000000
0.000000 0.000000 0.381593 0.381585 0.381574 0.381522 0.381486 0.381433 0.381447 0.381416 0.381423 0.381420 0.381410 0.381429 0.381468 0.381494 0.381531 0.381548 0.381573 0.000000 0.000000
0.000000 0.000000 0.388932 0.388908 0.388884 0.388854 0.388806 0.388746 0.388739 0.388735 0.388749 0.388725 0.388736 0.388736 0.388806 0.388844 0.388866 0.388880 0.388939 0.000000 0.000000
0.000000 0.000000 0.396993 0.396969 0.396965 0.396910 0.396873 0.396692 0.396689 0.396681 0.396629 0.396661 0.396669 0.396685 0.396827 0.396861 0.396933 0.396938 0.396965 0.000000 0.000000
0.000000 0.000000 0.406647 0.406640 0.406598 0.406562 0.406317 0.406357 0.406308 0.406310 0.406332 0.406312 0.406308 0.406289 0.406256 0.406513 0.406543 0.406610 0.406655 0.000000 0.000000
0.000000 0.000000 0.418175 0.418146 0.418096 0.417773 0.417826 0.417667 0.417600 0.417585 0.417528 0.417495 0.417531 0.417526 0.417687 0.417647 0.418069 0.417993 0.417996 0.000000 0.000000
0.000000 0.000000 0.430708 0.430684 0.430223 0.430384 0.430335 0.430318 0.430502 0.430449 0.430550 0.430523 0.430444 0.430557 0.430547 0.430582 0.430186 0.430868 0.430859 0.000000 0.000000
0.000000 0.000000 0.445860 0.445169 0.445372 0.445081 0.444736 0.444636 0.444422 0.444473 0.444256 0.444281 0.444409 0.444276 0.444460 0.444715 0.445351 0.444885 0.445604 0.000000 0.000000
0.000000 0.000000 0.450197 0.450847 0.451374 0.451384 0.451433 0.450916 0.451020 0.450864 0.451133 0.451081 0.451034 0.451127 0.451555 0.451518 0.451475 0.451087 0.450444 0.000000 0.000000
0.000000 0.000000 0.350000 0.350000 0.350000 0.350000 0.350000 0.350000 0.350000 0.350000 0.350000 0.350000 0.350000 0.350000 0.350000 0.350000 0.350000 0.350000 0.350000 0.000000 0.000000
0.000000 0.000000 0.000000 0.000000 0.000000 0.000000 0.000000 0.000000 0.000000 0.000000 0.000000 0.000000 0.000000 0.000000 0.000000 0.000000 0.000000 0.000000 0.000000 0.000000 0.000000