geotop/1.0zi/1.0Montebello/Templates/testdem/maps/_Eocclay0995.asc
ncols         21
nrows         20
xllcorner     100.000000
yllcorner     100.000000
cellsize      50.000000
NODATA_value  -9999.0
0.000000 0.000000 0.000000 0.000000 0.000000 0.000000 0.000000 0.000000 0.000000 0.000000 0.000000 0.000000 0.000000 0.000000 0.000000 0.000000 0.000000 0.000000 0.000000 0.000000 0.000000
0.000000 0.000000 0.349949 0.349949 0.349949 0.349949 0.349949 0.349949 0.349949 0.349949 0.349949 0.349949 0.349949 0.349949 0.349949 0.349949 0.349949 0.349949 0.349949 0.000000 0.000000
0.000000 0.000000 0.349995 0.349995 0.349994 0.349995 0.349995 0.349995 0.349995 0.349995 0.349995 0.349995 0.349995 0.349995 0.349995 0.349995 0.349994 0.349995 0.349995 0.000000 0.000000
0.000000 0.000000 0.350442 0.350442 0.350440 0.350441 0.350442 0.350442 0.350442 0.350442 0.350442 0.350442 0.350442 0.350442 0.350442 0.350441 0.350440 0.350442 0.350442 0.000000 0.000000
0.000000 0.000000 0.352055 0.352054 0.352052 0.352051 0.352055 0.352055 0.352054 0.352055 0.352055 0.352055 0.352054 0.352055 0.352055 0.352051 0.352052 0.352054 0.352055 0.000000 0.000000
0.000000 0.000000 0.353782 0.353781 0.353779 0.353779 0.353782 0.353782 0.353781 0.353782 0.353782 0.353782 0.353781 0.353782 0.353782 0.353779 0.353779 0.353781 0.353782 0.000000 0.000000
0.000000 0.000000 0.355416 0.355416 0.355414 0.355414 0.355416 0.355416 0.355416 0.355416 0.355416 0.355416 0.355416 0.355416 0.355416 0.355414 0.355414 0.355416 0.355416 0.000000 0.000000
0.000000 0.000000 0.356921 0.356920 0.356919 0.356919 0.356921 0.356921 0.356921 0.356921 0.356921 0.356921 0.356921 0.356921 0.356921 0.356919 0.356919 0.356920 0.356921 0.000000 0.000000
0.000000 0.000000 0.358329 0.358329 0.358328 0.358328 0.358329 0.358329 0.358329 0.358329 0.358329 0.358329 0.358329 0.358329 0.358329 0.358328 0.358328 0.358329 0.358329 0.000000 0.000000
0.000000 0.000000 0.359680 0.359679 0.359678 0.359678 0.359680 0.359679 0.359679 0.359680 0.359680 0.359680 0.359679 0.359679 0.359680 0.359678 0.359678 0.359679 0.359680 0.000000 0.000000
0.000000 0.000000 0.360985 0.360985 0.360983 0.360984 0.360985 0.360985 0.360985 0.360985 0.360985 0.360985 0.360985 0.360985 0.360985 0.360984 0.360983 0.360985 0.360985 0.000000 0.000000
0.000000 0.000000 0.362260 0.362259 0.362258 0.362258 0.362260 0.362260 0.362260 0.362260 0.362260 0.362260 0.362260 0.362260 0.362260 0.362258 0.362258 0.362259 0.362260 0.000000 0.000000
0.000000 0.000000 0.363514 0.363514 0.363512 0.363513 0.363514 0.363514 0.363514 0.363514 0.363514 0.363514 0.363514 0.363514 0.363514 0.363513 0.363512 0.363514 0.363514 0.000000 0.000000
0.000000 0.000000 0.364748 0.364747 0.364746 0.364746 0.364748 0.364747 0.364747 0.364748 0.364748 0.364748 0.364747 0.364747 0.364748 0.364746 0.364746 0.364747 0.364748 0.000000 0.000000
0.000000 0.000000 0.365967 0.365967 0.365966 0.365966 0.365967 0.365967 0.365967 0.365967 0.365967 0.365967 0.365967 0.365967 0.365967 0.365966 0.365966 0.365967 0.365967 0.000000 0.000000
0.000000 0.000000 0.367178 0.367178 0.367176 0.367177 0.367178 0.367178 0.367178 0.367178 0.367178 0.367178 0.367178 0.367178 0.367178 0.367177 0.367176 0.367178 0.367178 0.000000 0.000000
0.000000 0.000000 0.368376 0.368376 0.368375 0.368375 0.368376 0.368376 0.368376 0.368376 0.368376 0.368376 0.368376 0.368376 0.368376 0.368375 0.368375 0.368376 0.368376 0.000000 0.000000
0.000000 0.000000 0.369603 0.369603 0.369602 0.369602 0.369604 0.369604 0.369603 0.369604 0.369604 0.369604 0.369603 0.369604 0.369604 0.369602 0.369602 0.369603 0.369604 0.000000 0.000000
0.000000 0.000000 0.350000 0.350000 0.350000 0.350000 0.350000 0.350000 0.350000 0.350000 0.350000 0.350000 0.350000 0.350000 0.350000 0.350000 0.350000 0.350000 0.350000 0.000000 0.000000
0.000000 0.000000 0.000000 0.000000 0.000000 0.000000 0.000000 0.000000 0.000000 0.000000 0.000000 0.000000 0.000000 0.000000 0.000000 0.000000 0.000000 0.000000 0.000000 0.000000 0.000000