geotop/1.0zi/1.0Montebello/Templates/testdem/maps/_Eocclay6998.asc
ncols         21
nrows         20
xllcorner     100.000000
yllcorner     100.000000
cellsize      50.000000
NODATA_value  -9999.0
0.000000 0.000000 0.000000 0.000000 0.000000 0.000000 0.000000 0.000000 0.000000 0.000000 0.000000 0.000000 0.000000 0.000000 0.000000 0.000000 0.000000 0.000000 0.000000 0.000000 0.000000
0.000000 0.000000 0.349687 0.349688 0.349688 0.349687 0.349688 0.349688 0.349688 0.349688 0.349687 0.349688 0.349688 0.349688 0.349688 0.349688 0.349686 0.349686 0.349688 0.000000 0.000000
0.000000 0.000000 0.349987 0.349987 0.349988 0.349988 0.349987 0.349987 0.349987 0.349987 0.349987 0.349986 0.349987 0.349986 0.349987 0.349987 0.349988 0.349988 0.349985 0.000000 0.000000
0.000000 0.000000 0.349976 0.349981 0.349977 0.349977 0.349979 0.349978 0.349980 0.349976 0.349981 0.349978 0.349978 0.349977 0.349978 0.349980 0.349978 0.349980 0.349980 0.000000 0.000000
0.000000 0.000000 0.350705 0.350703 0.350700 0.350697 0.350683 0.350681 0.350680 0.350682 0.350680 0.350680 0.350676 0.350680 0.350687 0.350688 0.350693 0.350694 0.350702 0.000000 0.000000
0.000000 0.000000 0.352890 0.352889 0.352879 0.352854 0.352843 0.352821 0.352823 0.352817 0.352821 0.352820 0.352822 0.352823 0.352831 0.352848 0.352859 0.352872 0.352879 0.000000 0.000000
0.000000 0.000000 0.356014 0.356011 0.356003 0.355983 0.355956 0.355924 0.355924 0.355918 0.355920 0.355921 0.355920 0.355921 0.355948 0.355974 0.355986 0.355997 0.356006 0.000000 0.000000
0.000000 0.000000 0.359742 0.359741 0.359734 0.359709 0.359683 0.359648 0.359649 0.359645 0.359644 0.359642 0.359639 0.359647 0.359675 0.359698 0.359718 0.359726 0.359738 0.000000 0.000000
0.000000 0.000000 0.363619 0.363614 0.363602 0.363587 0.363560 0.363524 0.363528 0.363519 0.363517 0.363515 0.363515 0.363515 0.363549 0.363578 0.363593 0.363600 0.363611 0.000000 0.000000
0.000000 0.000000 0.367631 0.367623 0.367617 0.367603 0.367564 0.367532 0.367534 0.367529 0.367524 0.367526 0.367531 0.367529 0.367558 0.367590 0.367609 0.367614 0.367623 0.000000 0.000000
0.000000 0.000000 0.371891 0.371886 0.371879 0.371849 0.371823 0.371785 0.371794 0.371774 0.371776 0.371775 0.371768 0.371782 0.371806 0.371826 0.371850 0.371862 0.371880 0.000000 0.000000
0.000000 0.000000 0.376476 0.376465 0.376451 0.376430 0.376402 0.376357 0.376357 0.376349 0.376359 0.376344 0.376346 0.376351 0.376395 0.376417 0.376433 0.376441 0.376485 0.000000 0.000000
0.000000 0.000000 0.381309 0.381297 0.381290 0.381265 0.381240 0.381136 0.381136 0.381128 0.381103 0.381115 0.381121 0.381131 0.381210 0.381232 0.381270 0.381274 0.381302 0.000000 0.000000
0.000000 0.000000 0.386745 0.386740 0.386720 0.386701 0.386586 0.386572 0.386549 0.386548 0.386548 0.386544 0.386542 0.386539 0.386543 0.386662 0.386689 0.386720 0.386751 0.000000 0.000000
0.000000 0.000000 0.392939 0.392930 0.392902 0.392771 0.392752 0.392686 0.392648 0.392640 0.392618 0.392600 0.392614 0.392609 0.392670 0.392700 0.392877 0.392858 0.392873 0.000000 0.000000
0.000000 0.000000 0.399665 0.399655 0.399471 0.399477 0.399468 0.399429 0.399485 0.399461 0.399488 0.399467 0.399442 0.399486 0.399508 0.399520 0.399448 0.399693 0.399694 0.000000 0.000000
0.000000 0.000000 0.407806 0.407529 0.407507 0.407421 0.407282 0.407235 0.407191 0.407197 0.407128 0.407127 0.407161 0.407135 0.407204 0.407307 0.407490 0.407450 0.407735 0.000000 0.000000
0.000000 0.000000 0.412645 0.412791 0.413052 0.413015 0.412969 0.412718 0.412730 0.412667 0.412741 0.412720 0.412722 0.412743 0.412966 0.412999 0.413094 0.412848 0.412715 0.000000 0.000000
0.000000 0.000000 0.350000 0.350000 0.350000 0.350000 0.350000 0.350000 0.350000 0.350000 0.350000 0.350000 0.350000 0.350000 0.350000 0.350000 0.350000 0.350000 0.350000 0.000000 0.000000
0.000000 0.000000 0.000000 0.000000 0.000000 0.000000 0.000000 0.000000 0.000000 0.000000 0.000000 0.000000 0.000000 0.000000 0.000000 0.000000 0.000000 0.000000 0.000000 0.000000 0.000000