geotop/1.0zi/1.0Montebello/Templates/testdem/maps/_Eocsilt3728.asc
ncols         21
nrows         20
xllcorner     100.000000
yllcorner     100.000000
cellsize      50.000000
NODATA_value  -9999.0
0.000000 0.000000 0.000000 0.000000 0.000000 0.000000 0.000000 0.000000 0.000000 0.000000 0.000000 0.000000 0.000000 0.000000 0.000000 0.000000 0.000000 0.000000 0.000000 0.000000 0.000000
0.000000 0.000000 0.350077 0.350077 0.350077 0.350077 0.350076 0.350077 0.350077 0.350077 0.350077 0.350077 0.350077 0.350077 0.350077 0.350077 0.350077 0.350077 0.350077 0.000000 0.000000
0.000000 0.000000 0.350001 0.350002 0.350002 0.350002 0.350003 0.350003 0.350003 0.350003 0.350003 0.350003 0.350003 0.350003 0.350002 0.350002 0.350001 0.350001 0.350001 0.000000 0.000000
0.000000 0.000000 0.350033 0.350031 0.350032 0.350028 0.350029 0.350026 0.350028 0.350029 0.350028 0.350028 0.350029 0.350027 0.350028 0.350031 0.350032 0.350033 0.350032 0.000000 0.000000
0.000000 0.000000 0.350368 0.350371 0.350368 0.350370 0.350368 0.350367 0.350365 0.350362 0.350362 0.350363 0.350365 0.350365 0.350365 0.350365 0.350365 0.350370 0.350371 0.000000 0.000000
0.000000 0.000000 0.351407 0.351409 0.351406 0.351399 0.351393 0.351379 0.351378 0.351374 0.351378 0.351380 0.351381 0.351383 0.351389 0.351392 0.351394 0.351393 0.351395 0.000000 0.000000
0.000000 0.000000 0.352920 0.352923 0.352919 0.352905 0.352889 0.352873 0.352874 0.352870 0.352874 0.352873 0.352876 0.352880 0.352894 0.352905 0.352907 0.352910 0.352916 0.000000 0.000000
0.000000 0.000000 0.354670 0.354670 0.354664 0.354649 0.354629 0.354611 0.354612 0.354609 0.354610 0.354610 0.354612 0.354617 0.354637 0.354651 0.354659 0.354659 0.354663 0.000000 0.000000
0.000000 0.000000 0.356424 0.356422 0.356414 0.356402 0.356384 0.356363 0.356363 0.356360 0.356361 0.356362 0.356364 0.356369 0.356387 0.356402 0.356408 0.356411 0.356418 0.000000 0.000000
0.000000 0.000000 0.358162 0.358161 0.358155 0.358142 0.358122 0.358103 0.358105 0.358102 0.358102 0.358103 0.358105 0.358108 0.358129 0.358144 0.358149 0.358150 0.358155 0.000000 0.000000
0.000000 0.000000 0.359902 0.359900 0.359894 0.359883 0.359867 0.359845 0.359846 0.359842 0.359842 0.359844 0.359845 0.359850 0.359867 0.359877 0.359885 0.359887 0.359893 0.000000 0.000000
0.000000 0.000000 0.361687 0.361685 0.361678 0.361664 0.361646 0.361624 0.361623 0.361621 0.361622 0.361621 0.361625 0.361628 0.361650 0.361663 0.361670 0.361671 0.361692 0.000000 0.000000
0.000000 0.000000 0.363481 0.363479 0.363471 0.363459 0.363439 0.363399 0.363399 0.363396 0.363396 0.363397 0.363398 0.363404 0.363439 0.363454 0.363460 0.363463 0.363476 0.000000 0.000000
0.000000 0.000000 0.365361 0.365356 0.365349 0.365338 0.365296 0.365282 0.365276 0.365273 0.365274 0.365274 0.365276 0.365281 0.365295 0.365330 0.365337 0.365344 0.365351 0.000000 0.000000
0.000000 0.000000 0.367368 0.367365 0.367351 0.367317 0.367293 0.367267 0.367254 0.367250 0.367246 0.367245 0.367251 0.367252 0.367273 0.367299 0.367336 0.367334 0.367340 0.000000 0.000000
0.000000 0.000000 0.369418 0.369414 0.369374 0.369364 0.369346 0.369331 0.369328 0.369326 0.369328 0.369328 0.369327 0.369338 0.369348 0.369359 0.369360 0.369397 0.369408 0.000000 0.000000
0.000000 0.000000 0.371668 0.371624 0.371587 0.371570 0.371539 0.371522 0.371518 0.371516 0.371511 0.371512 0.371516 0.371518 0.371530 0.371559 0.371575 0.371597 0.371643 0.000000 0.000000
0.000000 0.000000 0.373465 0.373453 0.373476 0.373454 0.373424 0.373375 0.373369 0.373364 0.373366 0.373366 0.373368 0.373375 0.373419 0.373446 0.373474 0.373433 0.373456 0.000000 0.000000
0.000000 0.000000 0.350000 0.350000 0.350000 0.350000 0.350000 0.350000 0.350000 0.350000 0.350000 0.350000 0.350000 0.350000 0.350000 0.350000 0.350000 0.350000 0.350000 0.000000 0.000000
0.000000 0.000000 0.000000 0.000000 0.000000 0.000000 0.000000 0.000000 0.000000 0.000000 0.000000 0.000000 0.000000 0.000000 0.000000 0.000000 0.000000 0.000000 0.000000 0.000000 0.000000