geotop/1.0zi/1.0Montebello/Templates/testdem/maps/_Eocsilt6825.asc
ncols         21
nrows         20
xllcorner     100.000000
yllcorner     100.000000
cellsize      50.000000
NODATA_value  -9999.0
0.000000 0.000000 0.000000 0.000000 0.000000 0.000000 0.000000 0.000000 0.000000 0.000000 0.000000 0.000000 0.000000 0.000000 0.000000 0.000000 0.000000 0.000000 0.000000 0.000000 0.000000
0.000000 0.000000 0.350136 0.350137 0.350137 0.350137 0.350137 0.350137 0.350137 0.350137 0.350137 0.350137 0.350137 0.350137 0.350137 0.350137 0.350137 0.350137 0.350136 0.000000 0.000000
0.000000 0.000000 0.350003 0.350002 0.350003 0.350003 0.350003 0.350003 0.350003 0.350003 0.350003 0.350003 0.350004 0.350004 0.350003 0.350003 0.350001 0.350001 0.350002 0.000000 0.000000
0.000000 0.000000 0.350058 0.350054 0.350053 0.350048 0.350049 0.350047 0.350049 0.350049 0.350047 0.350048 0.350048 0.350048 0.350050 0.350053 0.350056 0.350057 0.350057 0.000000 0.000000
0.000000 0.000000 0.350697 0.350703 0.350699 0.350692 0.350688 0.350681 0.350680 0.350677 0.350678 0.350680 0.350681 0.350681 0.350691 0.350695 0.350694 0.350701 0.350706 0.000000 0.000000
0.000000 0.000000 0.352605 0.352607 0.352598 0.352585 0.352571 0.352553 0.352552 0.352547 0.352551 0.352553 0.352554 0.352552 0.352560 0.352569 0.352578 0.352584 0.352589 0.000000 0.000000
0.000000 0.000000 0.355480 0.355477 0.355468 0.355446 0.355421 0.355394 0.355395 0.355392 0.355394 0.355393 0.355390 0.355394 0.355415 0.355438 0.355451 0.355463 0.355471 0.000000 0.000000
0.000000 0.000000 0.358955 0.358954 0.358950 0.358928 0.358903 0.358874 0.358874 0.358871 0.358870 0.358868 0.358867 0.358871 0.358896 0.358920 0.358940 0.358944 0.358955 0.000000 0.000000
0.000000 0.000000 0.362630 0.362623 0.362612 0.362597 0.362572 0.362538 0.362540 0.362532 0.362530 0.362530 0.362531 0.362529 0.362562 0.362590 0.362605 0.362613 0.362623 0.000000 0.000000
0.000000 0.000000 0.366389 0.366382 0.366376 0.366364 0.366329 0.366298 0.366300 0.366295 0.366291 0.366294 0.366299 0.366296 0.366322 0.366353 0.366371 0.366375 0.366383 0.000000 0.000000
0.000000 0.000000 0.370319 0.370315 0.370309 0.370281 0.370258 0.370224 0.370232 0.370213 0.370215 0.370216 0.370210 0.370221 0.370243 0.370263 0.370284 0.370295 0.370312 0.000000 0.000000
0.000000 0.000000 0.374533 0.374522 0.374510 0.374490 0.374466 0.374425 0.374425 0.374416 0.374427 0.374415 0.374418 0.374421 0.374461 0.374481 0.374496 0.374504 0.374543 0.000000 0.000000
0.000000 0.000000 0.378940 0.378929 0.378922 0.378900 0.378878 0.378786 0.378785 0.378777 0.378756 0.378767 0.378773 0.378781 0.378851 0.378873 0.378907 0.378910 0.378936 0.000000 0.000000
0.000000 0.000000 0.383852 0.383847 0.383830 0.383813 0.383714 0.383700 0.383678 0.383677 0.383676 0.383675 0.383674 0.383670 0.383675 0.383780 0.383805 0.383832 0.383860 0.000000 0.000000
0.000000 0.000000 0.389399 0.389391 0.389367 0.389254 0.389234 0.389178 0.389143 0.389136 0.389118 0.389103 0.389116 0.389110 0.389160 0.389193 0.389347 0.389331 0.389345 0.000000 0.000000
0.000000 0.000000 0.395392 0.395383 0.395226 0.395222 0.395216 0.395184 0.395227 0.395206 0.395228 0.395212 0.395192 0.395227 0.395245 0.395257 0.395209 0.395413 0.395415 0.000000 0.000000
0.000000 0.000000 0.402537 0.402309 0.402277 0.402209 0.402097 0.402055 0.402022 0.402026 0.401971 0.401971 0.401998 0.401978 0.402035 0.402121 0.402265 0.402249 0.402484 0.000000 0.000000
0.000000 0.000000 0.407045 0.407137 0.407351 0.407312 0.407266 0.407062 0.407066 0.407016 0.407071 0.407056 0.407061 0.407074 0.407258 0.407296 0.407388 0.407180 0.407100 0.000000 0.000000
0.000000 0.000000 0.350000 0.350000 0.350000 0.350000 0.350000 0.350000 0.350000 0.350000 0.350000 0.350000 0.350000 0.350000 0.350000 0.350000 0.350000 0.350000 0.350000 0.000000 0.000000
0.000000 0.000000 0.000000 0.000000 0.000000 0.000000 0.000000 0.000000 0.000000 0.000000 0.000000 0.000000 0.000000 0.000000 0.000000 0.000000 0.000000 0.000000 0.000000 0.000000 0.000000