geotop/1.0zi/1.0Montebello/Templates/testdem/maps/_Eocsilt9214.asc
ncols         21
nrows         20
xllcorner     100.000000
yllcorner     100.000000
cellsize      50.000000
NODATA_value  -9999.0
0.000000 0.000000 0.000000 0.000000 0.000000 0.000000 0.000000 0.000000 0.000000 0.000000 0.000000 0.000000 0.000000 0.000000 0.000000 0.000000 0.000000 0.000000 0.000000 0.000000 0.000000
0.000000 0.000000 0.350195 0.350195 0.350195 0.350195 0.350195 0.350195 0.350195 0.350195 0.350195 0.350195 0.350195 0.350195 0.350195 0.350195 0.350195 0.350195 0.350195 0.000000 0.000000
0.000000 0.000000 0.350005 0.350005 0.350006 0.350005 0.350006 0.350006 0.350006 0.350006 0.350006 0.350006 0.350007 0.350007 0.350006 0.350005 0.350004 0.350004 0.350005 0.000000 0.000000
0.000000 0.000000 0.350123 0.350119 0.350114 0.350109 0.350109 0.350104 0.350107 0.350108 0.350105 0.350107 0.350107 0.350107 0.350110 0.350114 0.350119 0.350119 0.350122 0.000000 0.000000
0.000000 0.000000 0.351266 0.351270 0.351259 0.351243 0.351234 0.351229 0.351231 0.351228 0.351228 0.351230 0.351234 0.351232 0.351245 0.351252 0.351255 0.351258 0.351261 0.000000 0.000000
0.000000 0.000000 0.354526 0.354520 0.354506 0.354487 0.354457 0.354436 0.354433 0.354427 0.354430 0.354431 0.354434 0.354432 0.354447 0.354465 0.354475 0.354480 0.354487 0.000000 0.000000
0.000000 0.000000 0.359176 0.359166 0.359150 0.359118 0.359080 0.359031 0.359036 0.359032 0.359030 0.359029 0.359026 0.359032 0.359069 0.359098 0.359117 0.359129 0.359136 0.000000 0.000000
0.000000 0.000000 0.364679 0.364668 0.364655 0.364621 0.364582 0.364538 0.364540 0.364534 0.364532 0.364528 0.364526 0.364534 0.364570 0.364603 0.364634 0.364636 0.364650 0.000000 0.000000
0.000000 0.000000 0.370681 0.370664 0.370644 0.370619 0.370574 0.370520 0.370526 0.370515 0.370510 0.370507 0.370509 0.370508 0.370560 0.370598 0.370622 0.370629 0.370642 0.000000 0.000000
0.000000 0.000000 0.377180 0.377160 0.377145 0.377118 0.377058 0.377010 0.377012 0.377005 0.376995 0.376999 0.377006 0.377004 0.377045 0.377094 0.377121 0.377128 0.377135 0.000000 0.000000
0.000000 0.000000 0.384407 0.384392 0.384379 0.384315 0.384277 0.384214 0.384231 0.384196 0.384201 0.384195 0.384184 0.384205 0.384249 0.384279 0.384316 0.384328 0.384358 0.000000 0.000000
0.000000 0.000000 0.392670 0.392640 0.392603 0.392572 0.392517 0.392439 0.392441 0.392434 0.392448 0.392418 0.392431 0.392431 0.392509 0.392552 0.392572 0.392580 0.392644 0.000000 0.000000
0.000000 0.000000 0.401832 0.401804 0.401794 0.401726 0.401681 0.401463 0.401464 0.401452 0.401384 0.401421 0.401429 0.401450 0.401614 0.401654 0.401731 0.401733 0.401757 0.000000 0.000000
0.000000 0.000000 0.412973 0.412961 0.412900 0.412857 0.412559 0.412630 0.412572 0.412572 0.412602 0.412569 0.412563 0.412539 0.412472 0.412791 0.412814 0.412885 0.412934 0.000000 0.000000
0.000000 0.000000 0.426095 0.426056 0.425989 0.425600 0.425707 0.425488 0.425422 0.425400 0.425321 0.425281 0.425326 0.425326 0.425527 0.425434 0.425943 0.425830 0.425822 0.000000 0.000000
0.000000 0.000000 0.439455 0.439426 0.438910 0.439135 0.439062 0.439063 0.439282 0.439220 0.439333 0.439307 0.439214 0.439339 0.439296 0.439357 0.438841 0.439603 0.439591 0.000000 0.000000
0.000000 0.000000 0.453367 0.452795 0.452986 0.452730 0.452443 0.452352 0.452161 0.452205 0.452010 0.452031 0.452144 0.452027 0.452183 0.452393 0.452949 0.452513 0.453105 0.000000 0.000000
0.000000 0.000000 0.457754 0.458074 0.458435 0.458395 0.458377 0.458025 0.458068 0.457970 0.458115 0.458081 0.458068 0.458112 0.458406 0.458421 0.458474 0.458158 0.457840 0.000000 0.000000
0.000000 0.000000 0.350000 0.350000 0.350000 0.350000 0.350000 0.350000 0.350000 0.350000 0.350000 0.350000 0.350000 0.350000 0.350000 0.350000 0.350000 0.350000 0.350000 0.000000 0.000000
0.000000 0.000000 0.000000 0.000000 0.000000 0.000000 0.000000 0.000000 0.000000 0.000000 0.000000 0.000000 0.000000 0.000000 0.000000 0.000000 0.000000 0.000000 0.000000 0.000000 0.000000