geotop/1.0zi/1.0Montebello/Templates/testdem/maps/_Eocsand8142.asc
ncols         21
nrows         20
xllcorner     100.000000
yllcorner     100.000000
cellsize      50.000000
NODATA_value  -9999.0
0.000000 0.000000 0.000000 0.000000 0.000000 0.000000 0.000000 0.000000 0.000000 0.000000 0.000000 0.000000 0.000000 0.000000 0.000000 0.000000 0.000000 0.000000 0.000000 0.000000 0.000000
0.000000 0.000000 0.300207 0.300205 0.300205 0.300205 0.300204 0.300204 0.300204 0.300204 0.300205 0.300204 0.300204 0.300205 0.300204 0.300204 0.300206 0.300205 0.300205 0.000000 0.000000
0.000000 0.000000 0.300011 0.300012 0.300012 0.300010 0.300011 0.300012 0.300011 0.300011 0.300012 0.300012 0.300011 0.300011 0.300011 0.300011 0.300012 0.300013 0.300013 0.000000 0.000000
0.000000 0.000000 0.299894 0.299893 0.299897 0.299906 0.299901 0.299909 0.299904 0.299906 0.299906 0.299906 0.299906 0.299908 0.299903 0.299899 0.299896 0.299893 0.299894 0.000000 0.000000
0.000000 0.000000 0.297966 0.297963 0.297972 0.297987 0.298010 0.298019 0.298026 0.298024 0.298028 0.298028 0.298031 0.298025 0.298001 0.297995 0.297983 0.297969 0.297959 0.000000 0.000000
0.000000 0.000000 0.292359 0.292360 0.292384 0.292429 0.292464 0.292511 0.292511 0.292524 0.292516 0.292517 0.292513 0.292513 0.292489 0.292456 0.292427 0.292405 0.292393 0.000000 0.000000
0.000000 0.000000 0.284524 0.284531 0.284552 0.284603 0.284667 0.284741 0.284742 0.284752 0.284750 0.284751 0.284754 0.284748 0.284684 0.284626 0.284591 0.284563 0.284547 0.000000 0.000000
0.000000 0.000000 0.275242 0.275247 0.275263 0.275321 0.275383 0.275465 0.275466 0.275475 0.275476 0.275483 0.275486 0.275471 0.275402 0.275346 0.275293 0.275277 0.275252 0.000000 0.000000
0.000000 0.000000 0.265324 0.265340 0.265370 0.265409 0.265475 0.265563 0.265559 0.265578 0.265583 0.265588 0.265585 0.265587 0.265501 0.265432 0.265390 0.265368 0.265347 0.000000 0.000000
0.000000 0.000000 0.254839 0.254858 0.254875 0.254913 0.255009 0.255089 0.255088 0.255099 0.255111 0.255105 0.255093 0.255098 0.255025 0.254945 0.254895 0.254878 0.254862 0.000000 0.000000
0.000000 0.000000 0.243449 0.243462 0.243482 0.243564 0.243631 0.243725 0.243705 0.243756 0.243749 0.243752 0.243770 0.243736 0.243670 0.243620 0.243556 0.243522 0.243479 0.000000 0.000000
0.000000 0.000000 0.230806 0.230839 0.230880 0.230932 0.231009 0.231127 0.231134 0.231148 0.231122 0.231163 0.231151 0.231144 0.231022 0.230960 0.230916 0.230892 0.230785 0.000000 0.000000
0.000000 0.000000 0.217131 0.217163 0.217180 0.217256 0.217323 0.217630 0.217634 0.217653 0.217733 0.217691 0.217674 0.217646 0.217412 0.217349 0.217233 0.217219 0.217167 0.000000 0.000000
0.000000 0.000000 0.201106 0.201115 0.201182 0.201235 0.201618 0.201591 0.201671 0.201670 0.201647 0.201670 0.201681 0.201698 0.201731 0.201334 0.201268 0.201163 0.201087 0.000000 0.000000
0.000000 0.000000 0.182218 0.182252 0.182332 0.182817 0.182781 0.183023 0.183133 0.183160 0.183241 0.183300 0.183246 0.183257 0.183022 0.183029 0.182388 0.182483 0.182468 0.000000 0.000000
0.000000 0.000000 0.161495 0.161525 0.162229 0.162046 0.162098 0.162168 0.161908 0.161992 0.161856 0.161907 0.162021 0.161846 0.161828 0.161789 0.162289 0.161280 0.161293 0.000000 0.000000
0.000000 0.000000 0.135796 0.136899 0.136684 0.137092 0.137646 0.137807 0.138104 0.138035 0.138362 0.138334 0.138149 0.138329 0.138052 0.137643 0.136722 0.137302 0.136154 0.000000 0.000000
0.000000 0.000000 0.126191 0.125173 0.124231 0.124229 0.124188 0.125091 0.124944 0.125209 0.124783 0.124870 0.124933 0.124789 0.124036 0.124067 0.124057 0.124797 0.125790 0.000000 0.000000
0.000000 0.000000 0.300000 0.300000 0.300000 0.300000 0.300000 0.300000 0.300000 0.300000 0.300000 0.300000 0.300000 0.300000 0.300000 0.300000 0.300000 0.300000 0.300000 0.000000 0.000000
0.000000 0.000000 0.000000 0.000000 0.000000 0.000000 0.000000 0.000000 0.000000 0.000000 0.000000 0.000000 0.000000 0.000000 0.000000 0.000000 0.000000 0.000000 0.000000 0.000000 0.000000