geotop/1.0zi/1.0Montebello/Templates/testdem/maps/_Eocsilt3733.asc
ncols         21
nrows         20
xllcorner     100.000000
yllcorner     100.000000
cellsize      50.000000
NODATA_value  -9999.0
0.000000 0.000000 0.000000 0.000000 0.000000 0.000000 0.000000 0.000000 0.000000 0.000000 0.000000 0.000000 0.000000 0.000000 0.000000 0.000000 0.000000 0.000000 0.000000 0.000000 0.000000
0.000000 0.000000 0.350077 0.350077 0.350077 0.350077 0.350077 0.350077 0.350077 0.350077 0.350077 0.350077 0.350077 0.350077 0.350077 0.350077 0.350077 0.350077 0.350077 0.000000 0.000000
0.000000 0.000000 0.350001 0.350002 0.350002 0.350002 0.350003 0.350003 0.350003 0.350003 0.350003 0.350003 0.350003 0.350003 0.350002 0.350002 0.350001 0.350001 0.350001 0.000000 0.000000
0.000000 0.000000 0.350033 0.350031 0.350032 0.350028 0.350029 0.350026 0.350028 0.350029 0.350028 0.350028 0.350029 0.350027 0.350028 0.350031 0.350032 0.350033 0.350032 0.000000 0.000000
0.000000 0.000000 0.350368 0.350372 0.350368 0.350371 0.350369 0.350367 0.350366 0.350363 0.350363 0.350364 0.350366 0.350365 0.350366 0.350365 0.350364 0.350369 0.350371 0.000000 0.000000
0.000000 0.000000 0.351407 0.351409 0.351405 0.351399 0.351392 0.351379 0.351378 0.351374 0.351378 0.351380 0.351381 0.351383 0.351388 0.351392 0.351395 0.351394 0.351395 0.000000 0.000000
0.000000 0.000000 0.352920 0.352923 0.352920 0.352906 0.352889 0.352873 0.352874 0.352871 0.352874 0.352874 0.352876 0.352880 0.352894 0.352905 0.352908 0.352910 0.352916 0.000000 0.000000
0.000000 0.000000 0.354671 0.354670 0.354664 0.354649 0.354630 0.354612 0.354613 0.354610 0.354611 0.354610 0.354612 0.354617 0.354637 0.354651 0.354660 0.354659 0.354664 0.000000 0.000000
0.000000 0.000000 0.356425 0.356423 0.356416 0.356403 0.356385 0.356364 0.356364 0.356361 0.356362 0.356363 0.356365 0.356370 0.356389 0.356404 0.356409 0.356412 0.356419 0.000000 0.000000
0.000000 0.000000 0.358164 0.358162 0.358156 0.358144 0.358123 0.358104 0.358106 0.358103 0.358104 0.358105 0.358106 0.358110 0.358130 0.358145 0.358150 0.358152 0.358157 0.000000 0.000000
0.000000 0.000000 0.359904 0.359902 0.359896 0.359885 0.359869 0.359846 0.359848 0.359843 0.359844 0.359846 0.359847 0.359852 0.359869 0.359879 0.359887 0.359889 0.359895 0.000000 0.000000
0.000000 0.000000 0.361690 0.361688 0.361680 0.361666 0.361649 0.361627 0.361626 0.361623 0.361624 0.361624 0.361627 0.361631 0.361653 0.361666 0.361672 0.361674 0.361694 0.000000 0.000000
0.000000 0.000000 0.363484 0.363482 0.363474 0.363462 0.363442 0.363402 0.363402 0.363398 0.363399 0.363399 0.363401 0.363407 0.363442 0.363457 0.363463 0.363466 0.363479 0.000000 0.000000
0.000000 0.000000 0.365364 0.365359 0.365353 0.365341 0.365299 0.365286 0.365279 0.365276 0.365277 0.365278 0.365279 0.365284 0.365299 0.365334 0.365341 0.365347 0.365355 0.000000 0.000000
0.000000 0.000000 0.367373 0.367369 0.367355 0.367321 0.367297 0.367272 0.367259 0.367254 0.367250 0.367250 0.367255 0.367256 0.367277 0.367303 0.367340 0.367338 0.367344 0.000000 0.000000
0.000000 0.000000 0.369423 0.369419 0.369379 0.369369 0.369352 0.369336 0.369333 0.369331 0.369333 0.369333 0.369332 0.369344 0.369353 0.369364 0.369365 0.369402 0.369412 0.000000 0.000000
0.000000 0.000000 0.371674 0.371631 0.371593 0.371576 0.371545 0.371528 0.371524 0.371522 0.371517 0.371518 0.371523 0.371524 0.371537 0.371565 0.371581 0.371603 0.371649 0.000000 0.000000
0.000000 0.000000 0.373472 0.373460 0.373483 0.373461 0.373431 0.373382 0.373376 0.373371 0.373373 0.373373 0.373375 0.373382 0.373426 0.373453 0.373481 0.373440 0.373462 0.000000 0.000000
0.000000 0.000000 0.350000 0.350000 0.350000 0.350000 0.350000 0.350000 0.350000 0.350000 0.350000 0.350000 0.350000 0.350000 0.350000 0.350000 0.350000 0.350000 0.350000 0.000000 0.000000
0.000000 0.000000 0.000000 0.000000 0.000000 0.000000 0.000000 0.000000 0.000000 0.000000 0.000000 0.000000 0.000000 0.000000 0.000000 0.000000 0.000000 0.000000 0.000000 0.000000 0.000000