geotop/1.0zi/1.0Montebello/Templates/testdem/maps/_Eocsilt6185.asc
ncols         21
nrows         20
xllcorner     100.000000
yllcorner     100.000000
cellsize      50.000000
NODATA_value  -9999.0
0.000000 0.000000 0.000000 0.000000 0.000000 0.000000 0.000000 0.000000 0.000000 0.000000 0.000000 0.000000 0.000000 0.000000 0.000000 0.000000 0.000000 0.000000 0.000000 0.000000 0.000000
0.000000 0.000000 0.350121 0.350121 0.350121 0.350121 0.350121 0.350121 0.350121 0.350121 0.350121 0.350121 0.350121 0.350121 0.350121 0.350121 0.350121 0.350121 0.350121 0.000000 0.000000
0.000000 0.000000 0.350002 0.350002 0.350002 0.350003 0.350003 0.350003 0.350003 0.350003 0.350003 0.350003 0.350004 0.350004 0.350003 0.350002 0.350001 0.350001 0.350002 0.000000 0.000000
0.000000 0.000000 0.350047 0.350046 0.350045 0.350040 0.350041 0.350039 0.350041 0.350042 0.350040 0.350040 0.350040 0.350039 0.350042 0.350045 0.350046 0.350048 0.350047 0.000000 0.000000
0.000000 0.000000 0.350550 0.350553 0.350552 0.350548 0.350545 0.350540 0.350539 0.350536 0.350535 0.350536 0.350539 0.350539 0.350544 0.350547 0.350546 0.350555 0.350559 0.000000 0.000000
0.000000 0.000000 0.352147 0.352150 0.352144 0.352129 0.352119 0.352101 0.352100 0.352095 0.352100 0.352102 0.352103 0.352100 0.352106 0.352113 0.352122 0.352126 0.352131 0.000000 0.000000
0.000000 0.000000 0.354609 0.354607 0.354600 0.354581 0.354559 0.354534 0.354535 0.354533 0.354535 0.354534 0.354531 0.354535 0.354554 0.354574 0.354584 0.354594 0.354601 0.000000 0.000000
0.000000 0.000000 0.357632 0.357632 0.357630 0.357612 0.357590 0.357563 0.357563 0.357560 0.357560 0.357559 0.357557 0.357560 0.357582 0.357604 0.357620 0.357623 0.357634 0.000000 0.000000
0.000000 0.000000 0.360812 0.360807 0.360798 0.360786 0.360764 0.360733 0.360734 0.360729 0.360726 0.360727 0.360728 0.360726 0.360755 0.360777 0.360793 0.360798 0.360808 0.000000 0.000000
0.000000 0.000000 0.364028 0.364023 0.364019 0.364010 0.363980 0.363952 0.363954 0.363951 0.363946 0.363950 0.363953 0.363951 0.363973 0.364000 0.364015 0.364018 0.364024 0.000000 0.000000
0.000000 0.000000 0.367348 0.367345 0.367343 0.367319 0.367299 0.367269 0.367275 0.367261 0.367261 0.367262 0.367258 0.367266 0.367286 0.367302 0.367319 0.367329 0.367342 0.000000 0.000000
0.000000 0.000000 0.370861 0.370853 0.370843 0.370827 0.370809 0.370772 0.370773 0.370765 0.370773 0.370765 0.370766 0.370770 0.370803 0.370820 0.370832 0.370837 0.370871 0.000000 0.000000
0.000000 0.000000 0.374489 0.374482 0.374478 0.374460 0.374443 0.374367 0.374366 0.374360 0.374344 0.374352 0.374358 0.374364 0.374420 0.374436 0.374463 0.374466 0.374490 0.000000 0.000000
0.000000 0.000000 0.378463 0.378458 0.378447 0.378435 0.378359 0.378343 0.378325 0.378325 0.378320 0.378321 0.378321 0.378319 0.378328 0.378405 0.378427 0.378446 0.378471 0.000000 0.000000
0.000000 0.000000 0.382875 0.382869 0.382852 0.382771 0.382750 0.382704 0.382676 0.382671 0.382656 0.382647 0.382656 0.382651 0.382687 0.382721 0.382834 0.382825 0.382839 0.000000 0.000000
0.000000 0.000000 0.387583 0.387577 0.387469 0.387455 0.387450 0.387423 0.387446 0.387434 0.387444 0.387433 0.387419 0.387442 0.387460 0.387470 0.387454 0.387593 0.387596 0.000000 0.000000
0.000000 0.000000 0.393045 0.392894 0.392852 0.392809 0.392738 0.392703 0.392687 0.392687 0.392653 0.392649 0.392665 0.392657 0.392699 0.392753 0.392842 0.392859 0.393014 0.000000 0.000000
0.000000 0.000000 0.396873 0.396898 0.397035 0.397003 0.396955 0.396817 0.396815 0.396783 0.396808 0.396800 0.396808 0.396813 0.396939 0.396975 0.397058 0.396918 0.396902 0.000000 0.000000
0.000000 0.000000 0.350000 0.350000 0.350000 0.350000 0.350000 0.350000 0.350000 0.350000 0.350000 0.350000 0.350000 0.350000 0.350000 0.350000 0.350000 0.350000 0.350000 0.000000 0.000000
0.000000 0.000000 0.000000 0.000000 0.000000 0.000000 0.000000 0.000000 0.000000 0.000000 0.000000 0.000000 0.000000 0.000000 0.000000 0.000000 0.000000 0.000000 0.000000 0.000000 0.000000