geotop/1.0zi/1.0Montebello/Templates/testdem/maps/_Eocsilt7337.asc
ncols         21
nrows         20
xllcorner     100.000000
yllcorner     100.000000
cellsize      50.000000
NODATA_value  -9999.0
0.000000 0.000000 0.000000 0.000000 0.000000 0.000000 0.000000 0.000000 0.000000 0.000000 0.000000 0.000000 0.000000 0.000000 0.000000 0.000000 0.000000 0.000000 0.000000 0.000000 0.000000
0.000000 0.000000 0.350151 0.350152 0.350152 0.350152 0.350152 0.350152 0.350152 0.350152 0.350152 0.350152 0.350152 0.350152 0.350152 0.350152 0.350152 0.350152 0.350152 0.000000 0.000000
0.000000 0.000000 0.350004 0.350003 0.350003 0.350003 0.350004 0.350003 0.350004 0.350004 0.350004 0.350004 0.350004 0.350004 0.350004 0.350003 0.350002 0.350002 0.350003 0.000000 0.000000
0.000000 0.000000 0.350082 0.350079 0.350077 0.350070 0.350073 0.350069 0.350072 0.350072 0.350069 0.350071 0.350071 0.350071 0.350072 0.350075 0.350078 0.350078 0.350079 0.000000 0.000000
0.000000 0.000000 0.350872 0.350877 0.350873 0.350863 0.350857 0.350851 0.350847 0.350847 0.350846 0.350847 0.350847 0.350849 0.350861 0.350866 0.350868 0.350878 0.350880 0.000000 0.000000
0.000000 0.000000 0.353150 0.353151 0.353142 0.353127 0.353109 0.353089 0.353088 0.353083 0.353086 0.353087 0.353088 0.353087 0.353098 0.353109 0.353121 0.353128 0.353133 0.000000 0.000000
0.000000 0.000000 0.356450 0.356447 0.356437 0.356412 0.356383 0.356353 0.356354 0.356350 0.356351 0.356349 0.356346 0.356351 0.356378 0.356402 0.356418 0.356432 0.356439 0.000000 0.000000
0.000000 0.000000 0.360388 0.360387 0.360382 0.360357 0.360329 0.360295 0.360295 0.360292 0.360290 0.360287 0.360286 0.360291 0.360321 0.360346 0.360370 0.360376 0.360388 0.000000 0.000000
0.000000 0.000000 0.364580 0.364572 0.364559 0.364542 0.364513 0.364475 0.364477 0.364468 0.364466 0.364464 0.364465 0.364464 0.364502 0.364532 0.364551 0.364561 0.364571 0.000000 0.000000
0.000000 0.000000 0.368919 0.368911 0.368904 0.368889 0.368848 0.368814 0.368815 0.368811 0.368805 0.368808 0.368812 0.368810 0.368841 0.368876 0.368897 0.368904 0.368911 0.000000 0.000000
0.000000 0.000000 0.373520 0.373514 0.373507 0.373474 0.373445 0.373407 0.373416 0.373395 0.373396 0.373396 0.373388 0.373402 0.373429 0.373451 0.373477 0.373492 0.373509 0.000000 0.000000
0.000000 0.000000 0.378524 0.378510 0.378495 0.378473 0.378443 0.378395 0.378393 0.378386 0.378397 0.378381 0.378385 0.378389 0.378437 0.378462 0.378480 0.378490 0.378534 0.000000 0.000000
0.000000 0.000000 0.383823 0.383810 0.383803 0.383774 0.383747 0.383633 0.383631 0.383624 0.383595 0.383608 0.383615 0.383626 0.383714 0.383739 0.383783 0.383789 0.383814 0.000000 0.000000
0.000000 0.000000 0.389849 0.389844 0.389822 0.389801 0.389668 0.389662 0.389635 0.389634 0.389636 0.389631 0.389628 0.389624 0.389623 0.389761 0.389790 0.389827 0.389857 0.000000 0.000000
0.000000 0.000000 0.396779 0.396768 0.396738 0.396581 0.396569 0.396492 0.396451 0.396442 0.396416 0.396394 0.396412 0.396407 0.396481 0.396504 0.396715 0.396691 0.396702 0.000000 0.000000
0.000000 0.000000 0.404337 0.404325 0.404104 0.404127 0.404113 0.404076 0.404146 0.404119 0.404153 0.404132 0.404101 0.404154 0.404176 0.404189 0.404082 0.404384 0.404382 0.000000 0.000000
0.000000 0.000000 0.413580 0.413240 0.413243 0.413131 0.412959 0.412906 0.412839 0.412852 0.412762 0.412764 0.412811 0.412772 0.412857 0.412985 0.413228 0.413140 0.413489 0.000000 0.000000
0.000000 0.000000 0.418496 0.418724 0.419040 0.419007 0.418972 0.418674 0.418697 0.418619 0.418723 0.418697 0.418693 0.418725 0.418988 0.419012 0.419096 0.418814 0.418597 0.000000 0.000000
0.000000 0.000000 0.350000 0.350000 0.350000 0.350000 0.350000 0.350000 0.350000 0.350000 0.350000 0.350000 0.350000 0.350000 0.350000 0.350000 0.350000 0.350000 0.350000 0.000000 0.000000
0.000000 0.000000 0.000000 0.000000 0.000000 0.000000 0.000000 0.000000 0.000000 0.000000 0.000000 0.000000 0.000000 0.000000 0.000000 0.000000 0.000000 0.000000 0.000000 0.000000 0.000000