geotop/1.0zi/1.0Montebello/Templates/testdem/maps/_Eocsilt7370.asc
ncols         21
nrows         20
xllcorner     100.000000
yllcorner     100.000000
cellsize      50.000000
NODATA_value  -9999.0
0.000000 0.000000 0.000000 0.000000 0.000000 0.000000 0.000000 0.000000 0.000000 0.000000 0.000000 0.000000 0.000000 0.000000 0.000000 0.000000 0.000000 0.000000 0.000000 0.000000 0.000000
0.000000 0.000000 0.350151 0.350152 0.350152 0.350152 0.350152 0.350152 0.350152 0.350152 0.350152 0.350152 0.350152 0.350152 0.350152 0.350152 0.350152 0.350152 0.350151 0.000000 0.000000
0.000000 0.000000 0.350005 0.350004 0.350004 0.350004 0.350004 0.350004 0.350004 0.350004 0.350005 0.350005 0.350005 0.350005 0.350004 0.350004 0.350002 0.350002 0.350004 0.000000 0.000000
0.000000 0.000000 0.350096 0.350092 0.350091 0.350084 0.350086 0.350081 0.350084 0.350084 0.350081 0.350083 0.350083 0.350083 0.350086 0.350089 0.350092 0.350092 0.350093 0.000000 0.000000
0.000000 0.000000 0.350927 0.350933 0.350928 0.350918 0.350913 0.350906 0.350902 0.350901 0.350901 0.350902 0.350902 0.350904 0.350917 0.350921 0.350924 0.350933 0.350936 0.000000 0.000000
0.000000 0.000000 0.353244 0.353245 0.353236 0.353221 0.353203 0.353182 0.353181 0.353176 0.353179 0.353180 0.353181 0.353180 0.353191 0.353203 0.353214 0.353222 0.353227 0.000000 0.000000
0.000000 0.000000 0.356580 0.356577 0.356567 0.356542 0.356513 0.356482 0.356483 0.356480 0.356480 0.356479 0.356475 0.356481 0.356507 0.356532 0.356548 0.356562 0.356569 0.000000 0.000000
0.000000 0.000000 0.360559 0.360558 0.360553 0.360528 0.360500 0.360466 0.360465 0.360462 0.360460 0.360457 0.360456 0.360462 0.360492 0.360517 0.360541 0.360547 0.360559 0.000000 0.000000
0.000000 0.000000 0.364797 0.364789 0.364776 0.364760 0.364730 0.364691 0.364693 0.364685 0.364682 0.364680 0.364682 0.364681 0.364719 0.364750 0.364769 0.364779 0.364789 0.000000 0.000000
0.000000 0.000000 0.369189 0.369182 0.369174 0.369159 0.369118 0.369083 0.369084 0.369080 0.369074 0.369077 0.369081 0.369079 0.369111 0.369146 0.369167 0.369174 0.369181 0.000000 0.000000
0.000000 0.000000 0.373852 0.373846 0.373839 0.373805 0.373776 0.373738 0.373746 0.373725 0.373727 0.373726 0.373719 0.373733 0.373761 0.373783 0.373809 0.373823 0.373841 0.000000 0.000000
0.000000 0.000000 0.378929 0.378916 0.378901 0.378878 0.378847 0.378799 0.378797 0.378790 0.378801 0.378784 0.378788 0.378793 0.378842 0.378867 0.378885 0.378896 0.378940 0.000000 0.000000
0.000000 0.000000 0.384312 0.384298 0.384292 0.384262 0.384235 0.384118 0.384117 0.384109 0.384079 0.384093 0.384100 0.384111 0.384201 0.384227 0.384271 0.384277 0.384302 0.000000 0.000000
0.000000 0.000000 0.390443 0.390438 0.390416 0.390394 0.390258 0.390254 0.390225 0.390225 0.390227 0.390222 0.390219 0.390214 0.390213 0.390354 0.390383 0.390421 0.390452 0.000000 0.000000
0.000000 0.000000 0.397504 0.397493 0.397463 0.397301 0.397292 0.397212 0.397169 0.397161 0.397133 0.397112 0.397129 0.397124 0.397201 0.397223 0.397440 0.397414 0.397425 0.000000 0.000000
0.000000 0.000000 0.405206 0.405194 0.404967 0.404993 0.404980 0.404943 0.405016 0.404988 0.405024 0.405003 0.404970 0.405026 0.405046 0.405060 0.404945 0.405258 0.405255 0.000000 0.000000
0.000000 0.000000 0.414645 0.414292 0.414302 0.414185 0.414007 0.413953 0.413881 0.413896 0.413801 0.413804 0.413854 0.413812 0.413900 0.414032 0.414287 0.414187 0.414550 0.000000 0.000000
0.000000 0.000000 0.419555 0.419801 0.420128 0.420098 0.420067 0.419758 0.419784 0.419702 0.419814 0.419787 0.419781 0.419815 0.420085 0.420107 0.420186 0.419897 0.419662 0.000000 0.000000
0.000000 0.000000 0.350000 0.350000 0.350000 0.350000 0.350000 0.350000 0.350000 0.350000 0.350000 0.350000 0.350000 0.350000 0.350000 0.350000 0.350000 0.350000 0.350000 0.000000 0.000000
0.000000 0.000000 0.000000 0.000000 0.000000 0.000000 0.000000 0.000000 0.000000 0.000000 0.000000 0.000000 0.000000 0.000000 0.000000 0.000000 0.000000 0.000000 0.000000 0.000000 0.000000