geotop/1.0zi/1.0Montebello/Templates/testdem/maps/_Eocsilt3779.asc
ncols         21
nrows         20
xllcorner     100.000000
yllcorner     100.000000
cellsize      50.000000
NODATA_value  -9999.0
0.000000 0.000000 0.000000 0.000000 0.000000 0.000000 0.000000 0.000000 0.000000 0.000000 0.000000 0.000000 0.000000 0.000000 0.000000 0.000000 0.000000 0.000000 0.000000 0.000000 0.000000
0.000000 0.000000 0.350075 0.350075 0.350075 0.350075 0.350075 0.350075 0.350075 0.350075 0.350075 0.350075 0.350075 0.350075 0.350075 0.350075 0.350076 0.350075 0.350075 0.000000 0.000000
0.000000 0.000000 0.350001 0.350001 0.350002 0.350002 0.350003 0.350002 0.350003 0.350003 0.350003 0.350002 0.350003 0.350002 0.350002 0.350002 0.350001 0.350001 0.350001 0.000000 0.000000
0.000000 0.000000 0.350032 0.350031 0.350031 0.350027 0.350029 0.350026 0.350028 0.350028 0.350028 0.350028 0.350028 0.350027 0.350027 0.350030 0.350031 0.350032 0.350032 0.000000 0.000000
0.000000 0.000000 0.350372 0.350376 0.350373 0.350376 0.350373 0.350372 0.350370 0.350368 0.350368 0.350369 0.350371 0.350370 0.350371 0.350369 0.350369 0.350374 0.350376 0.000000 0.000000
0.000000 0.000000 0.351413 0.351415 0.351411 0.351404 0.351398 0.351384 0.351383 0.351379 0.351383 0.351385 0.351386 0.351388 0.351394 0.351398 0.351401 0.351399 0.351401 0.000000 0.000000
0.000000 0.000000 0.352936 0.352939 0.352935 0.352921 0.352904 0.352888 0.352889 0.352885 0.352889 0.352889 0.352891 0.352895 0.352910 0.352921 0.352924 0.352926 0.352932 0.000000 0.000000
0.000000 0.000000 0.354696 0.354695 0.354690 0.354674 0.354655 0.354637 0.354638 0.354635 0.354635 0.354635 0.354637 0.354642 0.354662 0.354676 0.354685 0.354685 0.354689 0.000000 0.000000
0.000000 0.000000 0.356461 0.356459 0.356451 0.356438 0.356420 0.356398 0.356399 0.356395 0.356396 0.356397 0.356399 0.356405 0.356424 0.356439 0.356445 0.356448 0.356455 0.000000 0.000000
0.000000 0.000000 0.358210 0.358209 0.358202 0.358189 0.358169 0.358150 0.358151 0.358148 0.358149 0.358150 0.358151 0.358155 0.358176 0.358192 0.358197 0.358198 0.358203 0.000000 0.000000
0.000000 0.000000 0.359961 0.359959 0.359953 0.359942 0.359925 0.359903 0.359904 0.359900 0.359900 0.359902 0.359904 0.359908 0.359926 0.359937 0.359944 0.359946 0.359952 0.000000 0.000000
0.000000 0.000000 0.361759 0.361757 0.361749 0.361734 0.361717 0.361694 0.361694 0.361691 0.361692 0.361692 0.361695 0.361699 0.361722 0.361735 0.361741 0.361743 0.361763 0.000000 0.000000
0.000000 0.000000 0.363565 0.363563 0.363555 0.363543 0.363523 0.363482 0.363482 0.363478 0.363478 0.363479 0.363481 0.363487 0.363523 0.363539 0.363545 0.363547 0.363560 0.000000 0.000000
0.000000 0.000000 0.365460 0.365455 0.365448 0.365435 0.365393 0.365379 0.365373 0.365369 0.365371 0.365371 0.365373 0.365378 0.365393 0.365429 0.365436 0.365442 0.365450 0.000000 0.000000
0.000000 0.000000 0.367483 0.367480 0.367465 0.367431 0.367406 0.367380 0.367367 0.367362 0.367358 0.367358 0.367364 0.367365 0.367386 0.367413 0.367451 0.367448 0.367454 0.000000 0.000000
0.000000 0.000000 0.369550 0.369546 0.369505 0.369494 0.369477 0.369461 0.369457 0.369456 0.369458 0.369457 0.369457 0.369469 0.369479 0.369491 0.369492 0.369529 0.369539 0.000000 0.000000
0.000000 0.000000 0.371820 0.371776 0.371738 0.371720 0.371688 0.371671 0.371667 0.371665 0.371660 0.371661 0.371665 0.371668 0.371681 0.371710 0.371726 0.371747 0.371794 0.000000 0.000000
0.000000 0.000000 0.373631 0.373618 0.373641 0.373618 0.373588 0.373538 0.373532 0.373527 0.373529 0.373529 0.373531 0.373539 0.373584 0.373611 0.373640 0.373598 0.373620 0.000000 0.000000
0.000000 0.000000 0.350000 0.350000 0.350000 0.350000 0.350000 0.350000 0.350000 0.350000 0.350000 0.350000 0.350000 0.350000 0.350000 0.350000 0.350000 0.350000 0.350000 0.000000 0.000000
0.000000 0.000000 0.000000 0.000000 0.000000 0.000000 0.000000 0.000000 0.000000 0.000000 0.000000 0.000000 0.000000 0.000000 0.000000 0.000000 0.000000 0.000000 0.000000 0.000000 0.000000