geotop/1.0zi/1.0Montebello/Templates/testdem/maps/_Eocsand3416.asc
ncols         21
nrows         20
xllcorner     100.000000
yllcorner     100.000000
cellsize      50.000000
NODATA_value  -9999.0
0.000000 0.000000 0.000000 0.000000 0.000000 0.000000 0.000000 0.000000 0.000000 0.000000 0.000000 0.000000 0.000000 0.000000 0.000000 0.000000 0.000000 0.000000 0.000000 0.000000 0.000000
0.000000 0.000000 0.300091 0.300091 0.300091 0.300091 0.300091 0.300091 0.300091 0.300091 0.300092 0.300091 0.300091 0.300091 0.300091 0.300091 0.300091 0.300091 0.300091 0.000000 0.000000
0.000000 0.000000 0.300010 0.300011 0.300011 0.300010 0.300011 0.300010 0.300010 0.300011 0.300009 0.300011 0.300010 0.300010 0.300011 0.300010 0.300011 0.300011 0.300010 0.000000 0.000000
0.000000 0.000000 0.297333 0.297334 0.297339 0.297337 0.297334 0.297334 0.297334 0.297334 0.297333 0.297334 0.297334 0.297334 0.297334 0.297337 0.297339 0.297334 0.297333 0.000000 0.000000
0.000000 0.000000 0.287190 0.287191 0.287195 0.287194 0.287188 0.287190 0.287190 0.287188 0.287187 0.287188 0.287190 0.287190 0.287188 0.287194 0.287195 0.287191 0.287190 0.000000 0.000000
0.000000 0.000000 0.275403 0.275404 0.275407 0.275407 0.275402 0.275404 0.275404 0.275402 0.275401 0.275402 0.275404 0.275404 0.275402 0.275407 0.275407 0.275404 0.275403 0.000000 0.000000
0.000000 0.000000 0.264556 0.264556 0.264559 0.264559 0.264555 0.264556 0.264556 0.264555 0.264554 0.264555 0.264556 0.264556 0.264555 0.264559 0.264559 0.264556 0.264556 0.000000 0.000000
0.000000 0.000000 0.254725 0.254726 0.254728 0.254728 0.254724 0.254726 0.254726 0.254724 0.254723 0.254724 0.254726 0.254726 0.254724 0.254728 0.254728 0.254726 0.254725 0.000000 0.000000
0.000000 0.000000 0.245653 0.245654 0.245657 0.245656 0.245653 0.245654 0.245654 0.245653 0.245652 0.245653 0.245654 0.245654 0.245653 0.245656 0.245657 0.245654 0.245653 0.000000 0.000000
0.000000 0.000000 0.237128 0.237128 0.237131 0.237130 0.237127 0.237128 0.237128 0.237127 0.237126 0.237127 0.237128 0.237128 0.237127 0.237130 0.237131 0.237128 0.237128 0.000000 0.000000
0.000000 0.000000 0.229038 0.229038 0.229041 0.229040 0.229037 0.229038 0.229038 0.229037 0.229036 0.229037 0.229038 0.229038 0.229037 0.229040 0.229041 0.229038 0.229038 0.000000 0.000000
0.000000 0.000000 0.221305 0.221306 0.221308 0.221307 0.221305 0.221306 0.221306 0.221305 0.221304 0.221305 0.221306 0.221306 0.221305 0.221307 0.221308 0.221306 0.221305 0.000000 0.000000
0.000000 0.000000 0.213872 0.213872 0.213875 0.213874 0.213871 0.213872 0.213872 0.213871 0.213870 0.213871 0.213872 0.213872 0.213871 0.213874 0.213875 0.213872 0.213872 0.000000 0.000000
0.000000 0.000000 0.206680 0.206680 0.206682 0.206682 0.206679 0.206680 0.206680 0.206679 0.206678 0.206679 0.206680 0.206680 0.206679 0.206682 0.206682 0.206680 0.206680 0.000000 0.000000
0.000000 0.000000 0.199707 0.199708 0.199710 0.199709 0.199707 0.199708 0.199708 0.199707 0.199706 0.199707 0.199708 0.199708 0.199707 0.199709 0.199710 0.199708 0.199707 0.000000 0.000000
0.000000 0.000000 0.192944 0.192945 0.192947 0.192946 0.192944 0.192945 0.192945 0.192944 0.192943 0.192944 0.192945 0.192945 0.192944 0.192946 0.192947 0.192945 0.192944 0.000000 0.000000
0.000000 0.000000 0.186366 0.186367 0.186369 0.186368 0.186366 0.186367 0.186367 0.186366 0.186365 0.186366 0.186367 0.186367 0.186366 0.186368 0.186369 0.186367 0.186366 0.000000 0.000000
0.000000 0.000000 0.179856 0.179856 0.179858 0.179857 0.179855 0.179856 0.179856 0.179855 0.179854 0.179855 0.179856 0.179856 0.179855 0.179857 0.179858 0.179856 0.179855 0.000000 0.000000
0.000000 0.000000 0.300000 0.300000 0.300000 0.300000 0.300000 0.300000 0.300000 0.300000 0.300000 0.300000 0.300000 0.300000 0.300000 0.300000 0.300000 0.300000 0.300000 0.000000 0.000000
0.000000 0.000000 0.000000 0.000000 0.000000 0.000000 0.000000 0.000000 0.000000 0.000000 0.000000 0.000000 0.000000 0.000000 0.000000 0.000000 0.000000 0.000000 0.000000 0.000000 0.000000