geotop/1.0zi/1.0Montebello/Templates/testdem/maps/_Eocsilt5024.asc
ncols         21
nrows         20
xllcorner     100.000000
yllcorner     100.000000
cellsize      50.000000
NODATA_value  -9999.0
0.000000 0.000000 0.000000 0.000000 0.000000 0.000000 0.000000 0.000000 0.000000 0.000000 0.000000 0.000000 0.000000 0.000000 0.000000 0.000000 0.000000 0.000000 0.000000 0.000000 0.000000
0.000000 0.000000 0.350100 0.350100 0.350100 0.350100 0.350100 0.350100 0.350100 0.350100 0.350100 0.350100 0.350100 0.350100 0.350100 0.350100 0.350101 0.350100 0.350100 0.000000 0.000000
0.000000 0.000000 0.350002 0.350003 0.350003 0.350003 0.350004 0.350004 0.350004 0.350004 0.350004 0.350004 0.350004 0.350003 0.350003 0.350003 0.350002 0.350002 0.350002 0.000000 0.000000
0.000000 0.000000 0.350036 0.350036 0.350036 0.350031 0.350032 0.350030 0.350032 0.350033 0.350032 0.350031 0.350032 0.350031 0.350032 0.350035 0.350035 0.350037 0.350036 0.000000 0.000000
0.000000 0.000000 0.350429 0.350432 0.350431 0.350427 0.350424 0.350421 0.350419 0.350417 0.350415 0.350417 0.350418 0.350418 0.350423 0.350424 0.350425 0.350432 0.350436 0.000000 0.000000
0.000000 0.000000 0.351698 0.351700 0.351696 0.351684 0.351677 0.351662 0.351660 0.351655 0.351659 0.351662 0.351666 0.351664 0.351669 0.351675 0.351682 0.351684 0.351688 0.000000 0.000000
0.000000 0.000000 0.353649 0.353646 0.353640 0.353625 0.353608 0.353589 0.353591 0.353589 0.353592 0.353589 0.353587 0.353593 0.353605 0.353620 0.353627 0.353635 0.353640 0.000000 0.000000
0.000000 0.000000 0.355943 0.355941 0.355940 0.355926 0.355907 0.355889 0.355890 0.355887 0.355887 0.355886 0.355886 0.355886 0.355904 0.355923 0.355933 0.355935 0.355942 0.000000 0.000000
0.000000 0.000000 0.358336 0.358330 0.358324 0.358313 0.358295 0.358271 0.358273 0.358269 0.358269 0.358269 0.358268 0.358270 0.358289 0.358309 0.358317 0.358323 0.358332 0.000000 0.000000
0.000000 0.000000 0.360715 0.360711 0.360707 0.360695 0.360675 0.360655 0.360658 0.360655 0.360655 0.360655 0.360653 0.360653 0.360673 0.360692 0.360700 0.360705 0.360711 0.000000 0.000000
0.000000 0.000000 0.363128 0.363123 0.363120 0.363110 0.363094 0.363070 0.363072 0.363067 0.363067 0.363068 0.363066 0.363067 0.363085 0.363100 0.363110 0.363115 0.363123 0.000000 0.000000
0.000000 0.000000 0.365636 0.365632 0.365626 0.365612 0.365595 0.365571 0.365571 0.365568 0.365568 0.365567 0.365567 0.365567 0.365590 0.365607 0.365617 0.365622 0.365646 0.000000 0.000000
0.000000 0.000000 0.368188 0.368183 0.368178 0.368167 0.368147 0.368096 0.368096 0.368092 0.368091 0.368091 0.368089 0.368091 0.368136 0.368156 0.368166 0.368171 0.368186 0.000000 0.000000
0.000000 0.000000 0.370910 0.370901 0.370897 0.370885 0.370831 0.370818 0.370810 0.370807 0.370807 0.370807 0.370804 0.370805 0.370820 0.370872 0.370882 0.370894 0.370903 0.000000 0.000000
0.000000 0.000000 0.373862 0.373855 0.373840 0.373791 0.373766 0.373733 0.373717 0.373713 0.373705 0.373703 0.373707 0.373702 0.373728 0.373763 0.373823 0.373821 0.373828 0.000000 0.000000
0.000000 0.000000 0.376930 0.376922 0.376862 0.376853 0.376836 0.376820 0.376819 0.376818 0.376821 0.376821 0.376813 0.376825 0.376834 0.376848 0.376846 0.376913 0.376928 0.000000 0.000000
0.000000 0.000000 0.380375 0.380293 0.380247 0.380223 0.380180 0.380157 0.380152 0.380149 0.380140 0.380140 0.380142 0.380136 0.380154 0.380202 0.380234 0.380263 0.380343 0.000000 0.000000
0.000000 0.000000 0.383009 0.382997 0.383051 0.383021 0.382986 0.382906 0.382899 0.382892 0.382896 0.382895 0.382891 0.382898 0.382971 0.383009 0.383052 0.382984 0.383009 0.000000 0.000000
0.000000 0.000000 0.350000 0.350000 0.350000 0.350000 0.350000 0.350000 0.350000 0.350000 0.350000 0.350000 0.350000 0.350000 0.350000 0.350000 0.350000 0.350000 0.350000 0.000000 0.000000
0.000000 0.000000 0.000000 0.000000 0.000000 0.000000 0.000000 0.000000 0.000000 0.000000 0.000000 0.000000 0.000000 0.000000 0.000000 0.000000 0.000000 0.000000 0.000000 0.000000 0.000000