geotop/1.0zi/1.0Montebello/Templates/testdem/maps/_Eocclay3026.asc
ncols         21
nrows         20
xllcorner     100.000000
yllcorner     100.000000
cellsize      50.000000
NODATA_value  -9999.0
0.000000 0.000000 0.000000 0.000000 0.000000 0.000000 0.000000 0.000000 0.000000 0.000000 0.000000 0.000000 0.000000 0.000000 0.000000 0.000000 0.000000 0.000000 0.000000 0.000000 0.000000
0.000000 0.000000 0.349827 0.349827 0.349827 0.349827 0.349827 0.349827 0.349827 0.349827 0.349826 0.349827 0.349827 0.349827 0.349827 0.349827 0.349827 0.349827 0.349827 0.000000 0.000000
0.000000 0.000000 0.349995 0.349995 0.349995 0.349995 0.349995 0.349995 0.349995 0.349995 0.349996 0.349995 0.349995 0.349995 0.349995 0.349995 0.349995 0.349995 0.349995 0.000000 0.000000
0.000000 0.000000 0.351109 0.351109 0.351106 0.351107 0.351109 0.351109 0.351108 0.351109 0.351109 0.351109 0.351108 0.351109 0.351109 0.351107 0.351106 0.351109 0.351109 0.000000 0.000000
0.000000 0.000000 0.355798 0.355797 0.355795 0.355795 0.355799 0.355798 0.355798 0.355799 0.355799 0.355799 0.355798 0.355798 0.355799 0.355795 0.355795 0.355797 0.355798 0.000000 0.000000
0.000000 0.000000 0.361034 0.361034 0.361032 0.361032 0.361035 0.361034 0.361034 0.361035 0.361035 0.361035 0.361034 0.361034 0.361035 0.361032 0.361032 0.361034 0.361034 0.000000 0.000000
0.000000 0.000000 0.365943 0.365942 0.365941 0.365941 0.365943 0.365942 0.365943 0.365943 0.365944 0.365943 0.365943 0.365942 0.365943 0.365941 0.365941 0.365942 0.365943 0.000000 0.000000
0.000000 0.000000 0.370415 0.370414 0.370413 0.370413 0.370415 0.370414 0.370414 0.370415 0.370416 0.370415 0.370414 0.370414 0.370415 0.370413 0.370413 0.370414 0.370415 0.000000 0.000000
0.000000 0.000000 0.374555 0.374555 0.374554 0.374554 0.374556 0.374555 0.374555 0.374556 0.374556 0.374556 0.374555 0.374555 0.374556 0.374554 0.374554 0.374555 0.374555 0.000000 0.000000
0.000000 0.000000 0.378463 0.378463 0.378462 0.378462 0.378463 0.378463 0.378463 0.378464 0.378464 0.378464 0.378463 0.378463 0.378463 0.378462 0.378462 0.378463 0.378463 0.000000 0.000000
0.000000 0.000000 0.382184 0.382183 0.382182 0.382183 0.382184 0.382184 0.382184 0.382184 0.382185 0.382184 0.382184 0.382184 0.382184 0.382183 0.382182 0.382183 0.382184 0.000000 0.000000
0.000000 0.000000 0.385754 0.385753 0.385752 0.385752 0.385754 0.385753 0.385753 0.385754 0.385754 0.385754 0.385753 0.385753 0.385754 0.385752 0.385752 0.385753 0.385754 0.000000 0.000000
0.000000 0.000000 0.389201 0.389200 0.389199 0.389200 0.389201 0.389201 0.389201 0.389201 0.389202 0.389201 0.389201 0.389201 0.389201 0.389200 0.389199 0.389200 0.389201 0.000000 0.000000
0.000000 0.000000 0.392552 0.392551 0.392550 0.392551 0.392552 0.392551 0.392551 0.392552 0.392552 0.392552 0.392551 0.392551 0.392552 0.392551 0.392550 0.392551 0.392552 0.000000 0.000000
0.000000 0.000000 0.395813 0.395812 0.395811 0.395812 0.395813 0.395812 0.395812 0.395813 0.395813 0.395813 0.395812 0.395812 0.395813 0.395812 0.395811 0.395812 0.395813 0.000000 0.000000
0.000000 0.000000 0.398990 0.398990 0.398988 0.398989 0.398990 0.398990 0.398990 0.398990 0.398991 0.398990 0.398990 0.398990 0.398990 0.398989 0.398988 0.398990 0.398990 0.000000 0.000000
0.000000 0.000000 0.402093 0.402093 0.402092 0.402092 0.402093 0.402093 0.402093 0.402094 0.402094 0.402094 0.402093 0.402093 0.402093 0.402092 0.402092 0.402093 0.402093 0.000000 0.000000
0.000000 0.000000 0.405185 0.405186 0.405184 0.405185 0.405186 0.405186 0.405186 0.405186 0.405186 0.405186 0.405186 0.405186 0.405186 0.405185 0.405184 0.405186 0.405186 0.000000 0.000000
0.000000 0.000000 0.350000 0.350000 0.350000 0.350000 0.350000 0.350000 0.350000 0.350000 0.350000 0.350000 0.350000 0.350000 0.350000 0.350000 0.350000 0.350000 0.350000 0.000000 0.000000
0.000000 0.000000 0.000000 0.000000 0.000000 0.000000 0.000000 0.000000 0.000000 0.000000 0.000000 0.000000 0.000000 0.000000 0.000000 0.000000 0.000000 0.000000 0.000000 0.000000 0.000000