geotop/1.0zi/1.0Montebello/Templates/testdem/maps/_Eocsand3674.asc
ncols         21
nrows         20
xllcorner     100.000000
yllcorner     100.000000
cellsize      50.000000
NODATA_value  -9999.0
0.000000 0.000000 0.000000 0.000000 0.000000 0.000000 0.000000 0.000000 0.000000 0.000000 0.000000 0.000000 0.000000 0.000000 0.000000 0.000000 0.000000 0.000000 0.000000 0.000000 0.000000
0.000000 0.000000 0.300091 0.300091 0.300091 0.300091 0.300091 0.300091 0.300091 0.300091 0.300091 0.300091 0.300091 0.300091 0.300091 0.300091 0.300091 0.300091 0.300091 0.000000 0.000000
0.000000 0.000000 0.300005 0.300004 0.300004 0.300003 0.300003 0.300003 0.300003 0.300003 0.300003 0.300004 0.300003 0.300003 0.300004 0.300004 0.300005 0.300005 0.300005 0.000000 0.000000
0.000000 0.000000 0.299971 0.299972 0.299973 0.299975 0.299973 0.299975 0.299973 0.299973 0.299973 0.299974 0.299974 0.299976 0.299975 0.299971 0.299971 0.299970 0.299971 0.000000 0.000000
0.000000 0.000000 0.299290 0.299287 0.299296 0.299306 0.299313 0.299319 0.299321 0.299324 0.299323 0.299322 0.299321 0.299322 0.299311 0.299304 0.299297 0.299293 0.299289 0.000000 0.000000
0.000000 0.000000 0.297204 0.297209 0.297225 0.297244 0.297262 0.297280 0.297277 0.297285 0.297276 0.297276 0.297276 0.297274 0.297263 0.297247 0.297227 0.297221 0.297216 0.000000 0.000000
0.000000 0.000000 0.294200 0.294205 0.294218 0.294249 0.294283 0.294317 0.294316 0.294322 0.294314 0.294316 0.294313 0.294304 0.294270 0.294240 0.294222 0.294214 0.294205 0.000000 0.000000
0.000000 0.000000 0.290778 0.290787 0.290801 0.290837 0.290876 0.290911 0.290907 0.290913 0.290910 0.290912 0.290909 0.290901 0.290859 0.290827 0.290803 0.290797 0.290788 0.000000 0.000000
0.000000 0.000000 0.287347 0.287359 0.287379 0.287407 0.287443 0.287484 0.287481 0.287488 0.287485 0.287484 0.287482 0.287473 0.287434 0.287399 0.287377 0.287368 0.287355 0.000000 0.000000
0.000000 0.000000 0.283942 0.283955 0.283972 0.284001 0.284043 0.284079 0.284074 0.284079 0.284077 0.284077 0.284075 0.284070 0.284027 0.283991 0.283969 0.283961 0.283951 0.000000 0.000000
0.000000 0.000000 0.280517 0.280531 0.280549 0.280573 0.280607 0.280649 0.280645 0.280653 0.280651 0.280650 0.280648 0.280642 0.280605 0.280578 0.280552 0.280542 0.280530 0.000000 0.000000
0.000000 0.000000 0.277004 0.277019 0.277039 0.277072 0.277107 0.277148 0.277148 0.277153 0.277150 0.277153 0.277149 0.277144 0.277097 0.277066 0.277040 0.277031 0.276990 0.000000 0.000000
0.000000 0.000000 0.273478 0.273495 0.273516 0.273543 0.273583 0.273659 0.273658 0.273665 0.273663 0.273663 0.273662 0.273654 0.273581 0.273544 0.273518 0.273508 0.273482 0.000000 0.000000
0.000000 0.000000 0.269785 0.269807 0.269826 0.269854 0.269938 0.269962 0.269973 0.269979 0.269975 0.269976 0.269975 0.269968 0.269936 0.269860 0.269832 0.269812 0.269797 0.000000 0.000000
0.000000 0.000000 0.265843 0.265863 0.265898 0.265968 0.266017 0.266065 0.266089 0.266097 0.266105 0.266107 0.266098 0.266100 0.266055 0.265996 0.265907 0.265905 0.265893 0.000000 0.000000
0.000000 0.000000 0.261820 0.261841 0.261927 0.261952 0.261988 0.262016 0.262022 0.262024 0.262019 0.262022 0.262026 0.262006 0.261984 0.261953 0.261934 0.261855 0.261835 0.000000 0.000000
0.000000 0.000000 0.257412 0.257512 0.257594 0.257634 0.257697 0.257726 0.257733 0.257736 0.257744 0.257745 0.257739 0.257738 0.257710 0.257646 0.257596 0.257545 0.257456 0.000000 0.000000
0.000000 0.000000 0.253891 0.253933 0.253898 0.253947 0.254009 0.254102 0.254111 0.254120 0.254116 0.254119 0.254117 0.254106 0.254015 0.253954 0.253879 0.253951 0.253905 0.000000 0.000000
0.000000 0.000000 0.300000 0.300000 0.300000 0.300000 0.300000 0.300000 0.300000 0.300000 0.300000 0.300000 0.300000 0.300000 0.300000 0.300000 0.300000 0.300000 0.300000 0.000000 0.000000
0.000000 0.000000 0.000000 0.000000 0.000000 0.000000 0.000000 0.000000 0.000000 0.000000 0.000000 0.000000 0.000000 0.000000 0.000000 0.000000 0.000000 0.000000 0.000000 0.000000 0.000000