geotop/1.0zi/1.0Montebello/Templates/testdem/maps/_Eocsand8354.asc
ncols         21
nrows         20
xllcorner     100.000000
yllcorner     100.000000
cellsize      50.000000
NODATA_value  -9999.0
0.000000 0.000000 0.000000 0.000000 0.000000 0.000000 0.000000 0.000000 0.000000 0.000000 0.000000 0.000000 0.000000 0.000000 0.000000 0.000000 0.000000 0.000000 0.000000 0.000000 0.000000
0.000000 0.000000 0.300209 0.300207 0.300207 0.300207 0.300206 0.300206 0.300206 0.300206 0.300207 0.300206 0.300206 0.300207 0.300206 0.300206 0.300208 0.300207 0.300207 0.000000 0.000000
0.000000 0.000000 0.300011 0.300012 0.300012 0.300010 0.300011 0.300012 0.300012 0.300012 0.300012 0.300012 0.300011 0.300012 0.300011 0.300011 0.300012 0.300013 0.300013 0.000000 0.000000
0.000000 0.000000 0.299893 0.299893 0.299897 0.299905 0.299900 0.299909 0.299904 0.299906 0.299906 0.299906 0.299906 0.299908 0.299903 0.299898 0.299896 0.299893 0.299894 0.000000 0.000000
0.000000 0.000000 0.297936 0.297933 0.297942 0.297957 0.297980 0.297989 0.297996 0.297994 0.297999 0.297997 0.298000 0.297994 0.297971 0.297965 0.297953 0.297939 0.297929 0.000000 0.000000
0.000000 0.000000 0.292174 0.292175 0.292197 0.292242 0.292277 0.292325 0.292327 0.292339 0.292330 0.292332 0.292328 0.292327 0.292304 0.292268 0.292239 0.292217 0.292205 0.000000 0.000000
0.000000 0.000000 0.284120 0.284127 0.284147 0.284198 0.284263 0.284338 0.284340 0.284350 0.284347 0.284349 0.284351 0.284345 0.284280 0.284221 0.284185 0.284156 0.284140 0.000000 0.000000
0.000000 0.000000 0.274562 0.274566 0.274581 0.274639 0.274702 0.274786 0.274788 0.274797 0.274798 0.274805 0.274808 0.274793 0.274722 0.274665 0.274610 0.274593 0.274568 0.000000 0.000000
0.000000 0.000000 0.264310 0.264326 0.264355 0.264394 0.264461 0.264551 0.264549 0.264568 0.264573 0.264577 0.264574 0.264576 0.264489 0.264417 0.264373 0.264351 0.264330 0.000000 0.000000
0.000000 0.000000 0.253426 0.253445 0.253460 0.253499 0.253597 0.253679 0.253680 0.253690 0.253702 0.253696 0.253684 0.253688 0.253614 0.253531 0.253479 0.253461 0.253445 0.000000 0.000000
0.000000 0.000000 0.241552 0.241564 0.241582 0.241666 0.241734 0.241832 0.241813 0.241865 0.241858 0.241861 0.241880 0.241845 0.241776 0.241723 0.241657 0.241620 0.241577 0.000000 0.000000
0.000000 0.000000 0.228309 0.228343 0.228382 0.228435 0.228514 0.228637 0.228647 0.228660 0.228632 0.228675 0.228662 0.228656 0.228529 0.228463 0.228417 0.228390 0.228281 0.000000 0.000000
0.000000 0.000000 0.213919 0.213951 0.213965 0.214044 0.214113 0.214438 0.214444 0.214463 0.214548 0.214503 0.214485 0.214455 0.214209 0.214142 0.214018 0.214002 0.213951 0.000000 0.000000
0.000000 0.000000 0.196948 0.196956 0.197023 0.197076 0.197488 0.197451 0.197538 0.197536 0.197507 0.197534 0.197546 0.197566 0.197607 0.197179 0.197111 0.196997 0.196919 0.000000 0.000000
0.000000 0.000000 0.176862 0.176898 0.176977 0.177503 0.177448 0.177714 0.177831 0.177860 0.177949 0.178011 0.177953 0.177963 0.177705 0.177728 0.177031 0.177136 0.177126 0.000000 0.000000
0.000000 0.000000 0.154867 0.154897 0.155657 0.155433 0.155494 0.155558 0.155272 0.155360 0.155207 0.155260 0.155387 0.155196 0.155189 0.155140 0.155717 0.154606 0.154623 0.000000 0.000000
0.000000 0.000000 0.127773 0.128954 0.128680 0.129130 0.129721 0.129896 0.130234 0.130154 0.130512 0.130479 0.130274 0.130477 0.130175 0.129736 0.128714 0.129390 0.128158 0.000000 0.000000
0.000000 0.000000 0.118429 0.117320 0.116343 0.116327 0.116264 0.117207 0.117043 0.117323 0.116862 0.116955 0.117029 0.116870 0.116089 0.116134 0.116156 0.116900 0.117986 0.000000 0.000000
0.000000 0.000000 0.300000 0.300000 0.300000 0.300000 0.300000 0.300000 0.300000 0.300000 0.300000 0.300000 0.300000 0.300000 0.300000 0.300000 0.300000 0.300000 0.300000 0.000000 0.000000
0.000000 0.000000 0.000000 0.000000 0.000000 0.000000 0.000000 0.000000 0.000000 0.000000 0.000000 0.000000 0.000000 0.000000 0.000000 0.000000 0.000000 0.000000 0.000000 0.000000 0.000000