geotop/1.0zi/1.0Montebello/Templates/testdem/maps/_Eocsand7655.asc
ncols         21
nrows         20
xllcorner     100.000000
yllcorner     100.000000
cellsize      50.000000
NODATA_value  -9999.0
0.000000 0.000000 0.000000 0.000000 0.000000 0.000000 0.000000 0.000000 0.000000 0.000000 0.000000 0.000000 0.000000 0.000000 0.000000 0.000000 0.000000 0.000000 0.000000 0.000000 0.000000
0.000000 0.000000 0.300196 0.300193 0.300193 0.300194 0.300193 0.300193 0.300193 0.300193 0.300194 0.300193 0.300193 0.300193 0.300193 0.300193 0.300194 0.300194 0.300194 0.000000 0.000000
0.000000 0.000000 0.300010 0.300011 0.300011 0.300010 0.300011 0.300011 0.300011 0.300011 0.300011 0.300011 0.300010 0.300011 0.300011 0.300011 0.300011 0.300012 0.300013 0.000000 0.000000
0.000000 0.000000 0.299894 0.299893 0.299898 0.299906 0.299901 0.299909 0.299904 0.299906 0.299906 0.299906 0.299906 0.299908 0.299903 0.299898 0.299896 0.299893 0.299893 0.000000 0.000000
0.000000 0.000000 0.298077 0.298073 0.298082 0.298097 0.298119 0.298128 0.298134 0.298133 0.298136 0.298135 0.298138 0.298132 0.298109 0.298103 0.298093 0.298081 0.298073 0.000000 0.000000
0.000000 0.000000 0.293029 0.293030 0.293051 0.293093 0.293124 0.293169 0.293169 0.293182 0.293174 0.293175 0.293171 0.293170 0.293148 0.293117 0.293091 0.293068 0.293057 0.000000 0.000000
0.000000 0.000000 0.285906 0.285913 0.285932 0.285980 0.286039 0.286108 0.286109 0.286118 0.286116 0.286117 0.286119 0.286113 0.286053 0.285999 0.285967 0.285940 0.285925 0.000000 0.000000
0.000000 0.000000 0.277421 0.277424 0.277438 0.277492 0.277550 0.277625 0.277626 0.277634 0.277636 0.277642 0.277645 0.277631 0.277566 0.277514 0.277465 0.277449 0.277426 0.000000 0.000000
0.000000 0.000000 0.268419 0.268433 0.268460 0.268495 0.268556 0.268637 0.268633 0.268652 0.268656 0.268660 0.268658 0.268659 0.268579 0.268515 0.268476 0.268456 0.268436 0.000000 0.000000
0.000000 0.000000 0.258995 0.259013 0.259027 0.259060 0.259148 0.259220 0.259220 0.259230 0.259241 0.259235 0.259224 0.259229 0.259161 0.259088 0.259042 0.259027 0.259012 0.000000 0.000000
0.000000 0.000000 0.248876 0.248887 0.248903 0.248976 0.249037 0.249121 0.249103 0.249149 0.249144 0.249145 0.249161 0.249131 0.249070 0.249024 0.248967 0.248936 0.248898 0.000000 0.000000
0.000000 0.000000 0.237775 0.237804 0.237838 0.237885 0.237952 0.238057 0.238062 0.238077 0.238053 0.238089 0.238079 0.238071 0.237963 0.237909 0.237869 0.237846 0.237751 0.000000 0.000000
0.000000 0.000000 0.225906 0.225935 0.225949 0.226014 0.226072 0.226333 0.226337 0.226354 0.226420 0.226387 0.226371 0.226346 0.226146 0.226091 0.225992 0.225979 0.225927 0.000000 0.000000
0.000000 0.000000 0.212227 0.212238 0.212290 0.212336 0.212647 0.212647 0.212712 0.212713 0.212702 0.212717 0.212723 0.212734 0.212745 0.212422 0.212360 0.212273 0.212207 0.000000 0.000000
0.000000 0.000000 0.196318 0.196345 0.196412 0.196791 0.196793 0.196980 0.197077 0.197099 0.197161 0.197209 0.197167 0.197177 0.196995 0.196967 0.196460 0.196524 0.196505 0.000000 0.000000
0.000000 0.000000 0.178866 0.178892 0.179436 0.179341 0.179375 0.179449 0.179264 0.179332 0.179237 0.179284 0.179365 0.179230 0.179195 0.179166 0.179483 0.178722 0.178732 0.000000 0.000000
0.000000 0.000000 0.157226 0.158083 0.158004 0.158298 0.158728 0.158856 0.159051 0.159010 0.159247 0.159233 0.159103 0.159219 0.159005 0.158688 0.158035 0.158354 0.157469 0.000000 0.000000
0.000000 0.000000 0.147131 0.146440 0.145652 0.145697 0.145725 0.146464 0.146382 0.146587 0.146286 0.146353 0.146380 0.146285 0.145648 0.145630 0.145508 0.146175 0.146843 0.000000 0.000000
0.000000 0.000000 0.300000 0.300000 0.300000 0.300000 0.300000 0.300000 0.300000 0.300000 0.300000 0.300000 0.300000 0.300000 0.300000 0.300000 0.300000 0.300000 0.300000 0.000000 0.000000
0.000000 0.000000 0.000000 0.000000 0.000000 0.000000 0.000000 0.000000 0.000000 0.000000 0.000000 0.000000 0.000000 0.000000 0.000000 0.000000 0.000000 0.000000 0.000000 0.000000 0.000000