geotop/1.0zi/1.0Montebello/Templates/testdem/maps/_Eocclay5631.asc
ncols         21
nrows         20
xllcorner     100.000000
yllcorner     100.000000
cellsize      50.000000
NODATA_value  -9999.0
0.000000 0.000000 0.000000 0.000000 0.000000 0.000000 0.000000 0.000000 0.000000 0.000000 0.000000 0.000000 0.000000 0.000000 0.000000 0.000000 0.000000 0.000000 0.000000 0.000000 0.000000
0.000000 0.000000 0.349746 0.349747 0.349747 0.349747 0.349747 0.349747 0.349747 0.349747 0.349747 0.349747 0.349747 0.349747 0.349747 0.349747 0.349746 0.349747 0.349746 0.000000 0.000000
0.000000 0.000000 0.349989 0.349990 0.349990 0.349989 0.349989 0.349989 0.349989 0.349989 0.349989 0.349989 0.349989 0.349990 0.349989 0.349989 0.349989 0.349989 0.349989 0.000000 0.000000
0.000000 0.000000 0.349988 0.349990 0.349987 0.349988 0.349990 0.349990 0.349990 0.349988 0.349990 0.349988 0.349988 0.349988 0.349990 0.349992 0.349990 0.349991 0.349990 0.000000 0.000000
0.000000 0.000000 0.350474 0.350474 0.350474 0.350470 0.350459 0.350455 0.350457 0.350458 0.350456 0.350457 0.350452 0.350453 0.350458 0.350457 0.350462 0.350464 0.350467 0.000000 0.000000
0.000000 0.000000 0.352054 0.352055 0.352050 0.352031 0.352025 0.352009 0.352009 0.352004 0.352008 0.352008 0.352011 0.352011 0.352014 0.352026 0.352032 0.352043 0.352048 0.000000 0.000000
0.000000 0.000000 0.354344 0.354342 0.354340 0.354324 0.354304 0.354277 0.354277 0.354273 0.354275 0.354277 0.354278 0.354276 0.354294 0.354314 0.354324 0.354332 0.354339 0.000000 0.000000
0.000000 0.000000 0.357128 0.357128 0.357126 0.357107 0.357087 0.357059 0.357060 0.357057 0.357058 0.357057 0.357055 0.357059 0.357080 0.357096 0.357111 0.357116 0.357125 0.000000 0.000000
0.000000 0.000000 0.359945 0.359943 0.359937 0.359927 0.359907 0.359879 0.359881 0.359876 0.359874 0.359875 0.359875 0.359873 0.359897 0.359916 0.359929 0.359932 0.359940 0.000000 0.000000
0.000000 0.000000 0.362797 0.362791 0.362790 0.362782 0.362754 0.362729 0.362731 0.362728 0.362724 0.362728 0.362731 0.362728 0.362748 0.362770 0.362784 0.362786 0.362792 0.000000 0.000000
0.000000 0.000000 0.365755 0.365752 0.365752 0.365732 0.365713 0.365684 0.365691 0.365677 0.365678 0.365679 0.365676 0.365682 0.365698 0.365712 0.365727 0.365736 0.365748 0.000000 0.000000
0.000000 0.000000 0.368852 0.368846 0.368839 0.368824 0.368808 0.368774 0.368776 0.368768 0.368777 0.368768 0.368769 0.368771 0.368800 0.368813 0.368824 0.368828 0.368860 0.000000 0.000000
0.000000 0.000000 0.372033 0.372027 0.372025 0.372009 0.371994 0.371926 0.371927 0.371921 0.371907 0.371915 0.371920 0.371924 0.371972 0.371985 0.372009 0.372011 0.372034 0.000000 0.000000
0.000000 0.000000 0.375482 0.375478 0.375470 0.375460 0.375395 0.375378 0.375363 0.375363 0.375358 0.375360 0.375361 0.375358 0.375365 0.375429 0.375449 0.375466 0.375488 0.000000 0.000000
0.000000 0.000000 0.379276 0.379271 0.379258 0.379192 0.379171 0.379133 0.379106 0.379102 0.379090 0.379084 0.379091 0.379085 0.379112 0.379143 0.379238 0.379231 0.379245 0.000000 0.000000
0.000000 0.000000 0.383282 0.383278 0.383192 0.383177 0.383172 0.383147 0.383165 0.383154 0.383162 0.383152 0.383141 0.383158 0.383172 0.383180 0.383174 0.383285 0.383288 0.000000 0.000000
0.000000 0.000000 0.387861 0.387744 0.387703 0.387670 0.387614 0.387585 0.387577 0.387575 0.387550 0.387546 0.387556 0.387551 0.387582 0.387624 0.387690 0.387717 0.387835 0.000000 0.000000
0.000000 0.000000 0.391222 0.391225 0.391329 0.391300 0.391255 0.391145 0.391143 0.391119 0.391134 0.391128 0.391135 0.391137 0.391236 0.391268 0.391342 0.391234 0.391238 0.000000 0.000000
0.000000 0.000000 0.350000 0.350000 0.350000 0.350000 0.350000 0.350000 0.350000 0.350000 0.350000 0.350000 0.350000 0.350000 0.350000 0.350000 0.350000 0.350000 0.350000 0.000000 0.000000
0.000000 0.000000 0.000000 0.000000 0.000000 0.000000 0.000000 0.000000 0.000000 0.000000 0.000000 0.000000 0.000000 0.000000 0.000000 0.000000 0.000000 0.000000 0.000000 0.000000 0.000000