geotop/1.0zi/1.0Montebello/Templates/testdem/maps/_Eocclay9481.asc
ncols         21
nrows         20
xllcorner     100.000000
yllcorner     100.000000
cellsize      50.000000
NODATA_value  -9999.0
0.000000 0.000000 0.000000 0.000000 0.000000 0.000000 0.000000 0.000000 0.000000 0.000000 0.000000 0.000000 0.000000 0.000000 0.000000 0.000000 0.000000 0.000000 0.000000 0.000000 0.000000
0.000000 0.000000 0.349559 0.349562 0.349561 0.349561 0.349562 0.349562 0.349562 0.349562 0.349561 0.349562 0.349562 0.349562 0.349562 0.349562 0.349560 0.349560 0.349561 0.000000 0.000000
0.000000 0.000000 0.349981 0.349979 0.349979 0.349982 0.349979 0.349979 0.349980 0.349979 0.349979 0.349979 0.349980 0.349979 0.349980 0.349980 0.349981 0.349981 0.349979 0.000000 0.000000
0.000000 0.000000 0.350041 0.350046 0.350044 0.350042 0.350042 0.350042 0.350046 0.350044 0.350047 0.350045 0.350046 0.350044 0.350047 0.350049 0.350046 0.350047 0.350045 0.000000 0.000000
0.000000 0.000000 0.351412 0.351406 0.351398 0.351387 0.351369 0.351368 0.351365 0.351366 0.351365 0.351369 0.351368 0.351371 0.351380 0.351385 0.351396 0.351399 0.351408 0.000000 0.000000
0.000000 0.000000 0.355155 0.355150 0.355127 0.355095 0.355065 0.355037 0.355041 0.355035 0.355037 0.355037 0.355043 0.355042 0.355057 0.355086 0.355101 0.355113 0.355120 0.000000 0.000000
0.000000 0.000000 0.360176 0.360166 0.360151 0.360120 0.360081 0.360024 0.360028 0.360023 0.360022 0.360024 0.360025 0.360027 0.360070 0.360104 0.360123 0.360136 0.360145 0.000000 0.000000
0.000000 0.000000 0.366143 0.366132 0.366117 0.366078 0.366036 0.365985 0.365988 0.365982 0.365980 0.365978 0.365976 0.365987 0.366027 0.366062 0.366094 0.366102 0.366117 0.000000 0.000000
0.000000 0.000000 0.372647 0.372632 0.372611 0.372583 0.372535 0.372477 0.372485 0.372474 0.372468 0.372467 0.372470 0.372469 0.372524 0.372566 0.372591 0.372600 0.372614 0.000000 0.000000
0.000000 0.000000 0.379804 0.379784 0.379768 0.379737 0.379671 0.379617 0.379620 0.379613 0.379603 0.379609 0.379618 0.379616 0.379661 0.379716 0.379746 0.379757 0.379765 0.000000 0.000000
0.000000 0.000000 0.387917 0.387903 0.387888 0.387816 0.387774 0.387701 0.387721 0.387682 0.387689 0.387684 0.387672 0.387697 0.387745 0.387779 0.387822 0.387840 0.387874 0.000000 0.000000
0.000000 0.000000 0.397323 0.397291 0.397247 0.397214 0.397151 0.397061 0.397063 0.397059 0.397075 0.397041 0.397059 0.397057 0.397146 0.397197 0.397220 0.397234 0.397307 0.000000 0.000000
0.000000 0.000000 0.407900 0.407871 0.407862 0.407780 0.407728 0.407467 0.407469 0.407456 0.407373 0.407425 0.407434 0.407460 0.407654 0.407702 0.407795 0.407803 0.407825 0.000000 0.000000
0.000000 0.000000 0.420991 0.420982 0.420906 0.420858 0.420487 0.420596 0.420527 0.420530 0.420578 0.420534 0.420528 0.420496 0.420395 0.420794 0.420815 0.420910 0.420968 0.000000 0.000000
0.000000 0.000000 0.436330 0.436285 0.436210 0.435727 0.435899 0.435609 0.435537 0.435510 0.435407 0.435369 0.435426 0.435430 0.435696 0.435537 0.436173 0.436030 0.436013 0.000000 0.000000
0.000000 0.000000 0.451187 0.451160 0.450560 0.450869 0.450763 0.450785 0.451054 0.450985 0.451129 0.451105 0.450993 0.451141 0.451066 0.451157 0.450492 0.451409 0.451397 0.000000 0.000000
0.000000 0.000000 0.465633 0.465042 0.465260 0.464982 0.464682 0.464583 0.464376 0.464426 0.464218 0.464244 0.464366 0.464239 0.464406 0.464628 0.465229 0.464749 0.465366 0.000000 0.000000
0.000000 0.000000 0.470056 0.470368 0.470735 0.470687 0.470662 0.470302 0.470341 0.470245 0.470386 0.470356 0.470345 0.470386 0.470689 0.470710 0.470779 0.470452 0.470145 0.000000 0.000000
0.000000 0.000000 0.350000 0.350000 0.350000 0.350000 0.350000 0.350000 0.350000 0.350000 0.350000 0.350000 0.350000 0.350000 0.350000 0.350000 0.350000 0.350000 0.350000 0.000000 0.000000
0.000000 0.000000 0.000000 0.000000 0.000000 0.000000 0.000000 0.000000 0.000000 0.000000 0.000000 0.000000 0.000000 0.000000 0.000000 0.000000 0.000000 0.000000 0.000000 0.000000 0.000000