geotop/1.0zi/1.0Montebello/Templates/testdem/maps/_Eocclay1052.asc
ncols         21
nrows         20
xllcorner     100.000000
yllcorner     100.000000
cellsize      50.000000
NODATA_value  -9999.0
0.000000 0.000000 0.000000 0.000000 0.000000 0.000000 0.000000 0.000000 0.000000 0.000000 0.000000 0.000000 0.000000 0.000000 0.000000 0.000000 0.000000 0.000000 0.000000 0.000000 0.000000
0.000000 0.000000 0.349947 0.349947 0.349947 0.349947 0.349947 0.349947 0.349947 0.349947 0.349947 0.349947 0.349947 0.349947 0.349947 0.349947 0.349947 0.349947 0.349947 0.000000 0.000000
0.000000 0.000000 0.349995 0.349995 0.349994 0.349995 0.349995 0.349995 0.349995 0.349995 0.349995 0.349995 0.349995 0.349995 0.349995 0.349995 0.349994 0.349995 0.349995 0.000000 0.000000
0.000000 0.000000 0.350443 0.350443 0.350441 0.350442 0.350443 0.350443 0.350443 0.350443 0.350443 0.350443 0.350443 0.350443 0.350443 0.350442 0.350441 0.350443 0.350443 0.000000 0.000000
0.000000 0.000000 0.352100 0.352099 0.352097 0.352097 0.352101 0.352100 0.352100 0.352101 0.352100 0.352101 0.352100 0.352100 0.352101 0.352097 0.352097 0.352099 0.352100 0.000000 0.000000
0.000000 0.000000 0.353903 0.353902 0.353901 0.353901 0.353903 0.353903 0.353903 0.353903 0.353903 0.353903 0.353903 0.353903 0.353903 0.353901 0.353901 0.353902 0.353903 0.000000 0.000000
0.000000 0.000000 0.355611 0.355610 0.355609 0.355609 0.355611 0.355611 0.355611 0.355611 0.355611 0.355611 0.355611 0.355611 0.355611 0.355609 0.355609 0.355610 0.355611 0.000000 0.000000
0.000000 0.000000 0.357183 0.357183 0.357181 0.357182 0.357183 0.357183 0.357183 0.357184 0.357183 0.357184 0.357183 0.357183 0.357183 0.357182 0.357181 0.357183 0.357183 0.000000 0.000000
0.000000 0.000000 0.358656 0.358656 0.358654 0.358655 0.358656 0.358656 0.358656 0.358656 0.358656 0.358656 0.358656 0.358656 0.358656 0.358655 0.358654 0.358656 0.358656 0.000000 0.000000
0.000000 0.000000 0.360068 0.360068 0.360067 0.360067 0.360068 0.360068 0.360068 0.360068 0.360068 0.360068 0.360068 0.360068 0.360068 0.360067 0.360067 0.360068 0.360068 0.000000 0.000000
0.000000 0.000000 0.361433 0.361433 0.361431 0.361432 0.361433 0.361433 0.361433 0.361433 0.361433 0.361433 0.361433 0.361433 0.361433 0.361432 0.361431 0.361433 0.361433 0.000000 0.000000
0.000000 0.000000 0.362766 0.362766 0.362764 0.362765 0.362766 0.362766 0.362766 0.362766 0.362766 0.362766 0.362766 0.362766 0.362766 0.362765 0.362764 0.362766 0.362766 0.000000 0.000000
0.000000 0.000000 0.364076 0.364076 0.364075 0.364075 0.364076 0.364076 0.364076 0.364077 0.364077 0.364077 0.364076 0.364076 0.364076 0.364075 0.364075 0.364076 0.364076 0.000000 0.000000
0.000000 0.000000 0.365363 0.365363 0.365362 0.365362 0.365363 0.365363 0.365363 0.365363 0.365363 0.365363 0.365363 0.365363 0.365363 0.365362 0.365362 0.365363 0.365363 0.000000 0.000000
0.000000 0.000000 0.366637 0.366636 0.366635 0.366635 0.366637 0.366637 0.366637 0.366637 0.366637 0.366637 0.366637 0.366637 0.366637 0.366635 0.366635 0.366636 0.366637 0.000000 0.000000
0.000000 0.000000 0.367902 0.367902 0.367900 0.367901 0.367902 0.367902 0.367902 0.367902 0.367902 0.367902 0.367902 0.367902 0.367902 0.367901 0.367900 0.367902 0.367902 0.000000 0.000000
0.000000 0.000000 0.369153 0.369153 0.369152 0.369152 0.369153 0.369153 0.369153 0.369153 0.369153 0.369153 0.369153 0.369153 0.369153 0.369152 0.369152 0.369153 0.369153 0.000000 0.000000
0.000000 0.000000 0.370434 0.370434 0.370433 0.370433 0.370434 0.370434 0.370434 0.370434 0.370434 0.370434 0.370434 0.370434 0.370434 0.370433 0.370433 0.370434 0.370434 0.000000 0.000000
0.000000 0.000000 0.350000 0.350000 0.350000 0.350000 0.350000 0.350000 0.350000 0.350000 0.350000 0.350000 0.350000 0.350000 0.350000 0.350000 0.350000 0.350000 0.350000 0.000000 0.000000
0.000000 0.000000 0.000000 0.000000 0.000000 0.000000 0.000000 0.000000 0.000000 0.000000 0.000000 0.000000 0.000000 0.000000 0.000000 0.000000 0.000000 0.000000 0.000000 0.000000 0.000000