geotop/1.0zi/1.0Montebello/Templates/testdem/maps/_Eocsand3985.asc
ncols         21
nrows         20
xllcorner     100.000000
yllcorner     100.000000
cellsize      50.000000
NODATA_value  -9999.0
0.000000 0.000000 0.000000 0.000000 0.000000 0.000000 0.000000 0.000000 0.000000 0.000000 0.000000 0.000000 0.000000 0.000000 0.000000 0.000000 0.000000 0.000000 0.000000 0.000000 0.000000
0.000000 0.000000 0.300103 0.300102 0.300102 0.300102 0.300102 0.300102 0.300102 0.300102 0.300102 0.300102 0.300102 0.300102 0.300102 0.300102 0.300102 0.300102 0.300102 0.000000 0.000000
0.000000 0.000000 0.300005 0.300004 0.300004 0.300004 0.300003 0.300003 0.300003 0.300003 0.300004 0.300004 0.300003 0.300003 0.300004 0.300004 0.300005 0.300005 0.300005 0.000000 0.000000
0.000000 0.000000 0.299974 0.299974 0.299976 0.299980 0.299977 0.299979 0.299977 0.299978 0.299978 0.299979 0.299979 0.299981 0.299976 0.299973 0.299973 0.299972 0.299974 0.000000 0.000000
0.000000 0.000000 0.299291 0.299285 0.299289 0.299288 0.299296 0.299300 0.299301 0.299304 0.299306 0.299301 0.299305 0.299305 0.299299 0.299299 0.299300 0.299296 0.299291 0.000000 0.000000
0.000000 0.000000 0.297083 0.297081 0.297088 0.297100 0.297105 0.297125 0.297126 0.297136 0.297128 0.297126 0.297122 0.297127 0.297128 0.297117 0.297110 0.297105 0.297100 0.000000 0.000000
0.000000 0.000000 0.293805 0.293807 0.293813 0.293833 0.293855 0.293886 0.293884 0.293890 0.293884 0.293886 0.293890 0.293891 0.293867 0.293839 0.293828 0.293823 0.293813 0.000000 0.000000
0.000000 0.000000 0.290044 0.290047 0.290056 0.290082 0.290107 0.290139 0.290136 0.290142 0.290141 0.290142 0.290147 0.290151 0.290115 0.290085 0.290069 0.290066 0.290056 0.000000 0.000000
0.000000 0.000000 0.286277 0.286283 0.286297 0.286316 0.286341 0.286379 0.286376 0.286384 0.286382 0.286382 0.286386 0.286386 0.286353 0.286320 0.286307 0.286302 0.286288 0.000000 0.000000
0.000000 0.000000 0.282538 0.282544 0.282555 0.282576 0.282607 0.282641 0.282636 0.282641 0.282641 0.282641 0.282646 0.282649 0.282612 0.282577 0.282565 0.282561 0.282550 0.000000 0.000000
0.000000 0.000000 0.278768 0.278775 0.278787 0.278803 0.278826 0.278867 0.278862 0.278872 0.278870 0.278869 0.278875 0.278876 0.278845 0.278820 0.278803 0.278797 0.278785 0.000000 0.000000
0.000000 0.000000 0.274890 0.274896 0.274910 0.274935 0.274960 0.274999 0.275000 0.275006 0.275004 0.275007 0.275010 0.275012 0.274970 0.274940 0.274925 0.274921 0.274878 0.000000 0.000000
0.000000 0.000000 0.270981 0.270988 0.271003 0.271022 0.271052 0.271132 0.271131 0.271138 0.271138 0.271138 0.271144 0.271143 0.271072 0.271036 0.271021 0.271016 0.270989 0.000000 0.000000
0.000000 0.000000 0.266871 0.266884 0.266896 0.266916 0.266996 0.267018 0.267030 0.267036 0.267034 0.267035 0.267042 0.267042 0.267015 0.266935 0.266919 0.266904 0.266888 0.000000 0.000000
0.000000 0.000000 0.262469 0.262480 0.262509 0.262578 0.262617 0.262666 0.262691 0.262700 0.262711 0.262713 0.262712 0.262721 0.262679 0.262620 0.262537 0.262541 0.262529 0.000000 0.000000
0.000000 0.000000 0.257959 0.257970 0.258058 0.258075 0.258099 0.258124 0.258129 0.258132 0.258127 0.258130 0.258143 0.258129 0.258113 0.258086 0.258084 0.258000 0.257977 0.000000 0.000000
0.000000 0.000000 0.252988 0.253092 0.253171 0.253203 0.253258 0.253287 0.253294 0.253299 0.253310 0.253311 0.253312 0.253320 0.253297 0.253231 0.253192 0.253146 0.253042 0.000000 0.000000
0.000000 0.000000 0.249054 0.249084 0.249027 0.249069 0.249120 0.249222 0.249232 0.249243 0.249239 0.249242 0.249250 0.249244 0.249150 0.249090 0.249027 0.249120 0.249072 0.000000 0.000000
0.000000 0.000000 0.300000 0.300000 0.300000 0.300000 0.300000 0.300000 0.300000 0.300000 0.300000 0.300000 0.300000 0.300000 0.300000 0.300000 0.300000 0.300000 0.300000 0.000000 0.000000
0.000000 0.000000 0.000000 0.000000 0.000000 0.000000 0.000000 0.000000 0.000000 0.000000 0.000000 0.000000 0.000000 0.000000 0.000000 0.000000 0.000000 0.000000 0.000000 0.000000 0.000000