geotop/1.0zi/1.0Montebello/Templates/testdem/maps/_Eocsand9002.asc
ncols         21
nrows         20
xllcorner     100.000000
yllcorner     100.000000
cellsize      50.000000
NODATA_value  -9999.0
0.000000 0.000000 0.000000 0.000000 0.000000 0.000000 0.000000 0.000000 0.000000 0.000000 0.000000 0.000000 0.000000 0.000000 0.000000 0.000000 0.000000 0.000000 0.000000 0.000000 0.000000
0.000000 0.000000 0.300227 0.300224 0.300224 0.300225 0.300224 0.300223 0.300224 0.300224 0.300224 0.300224 0.300224 0.300224 0.300224 0.300224 0.300225 0.300225 0.300225 0.000000 0.000000
0.000000 0.000000 0.300012 0.300014 0.300014 0.300012 0.300013 0.300014 0.300013 0.300013 0.300013 0.300013 0.300012 0.300013 0.300013 0.300013 0.300014 0.300014 0.300015 0.000000 0.000000
0.000000 0.000000 0.299856 0.299856 0.299862 0.299870 0.299869 0.299873 0.299867 0.299868 0.299868 0.299868 0.299867 0.299869 0.299864 0.299858 0.299855 0.299856 0.299855 0.000000 0.000000
0.000000 0.000000 0.297525 0.297528 0.297544 0.297571 0.297597 0.297601 0.297604 0.297606 0.297607 0.297603 0.297601 0.297601 0.297578 0.297567 0.297554 0.297550 0.297538 0.000000 0.000000
0.000000 0.000000 0.290941 0.290952 0.290983 0.291033 0.291084 0.291130 0.291128 0.291141 0.291133 0.291133 0.291124 0.291128 0.291099 0.291056 0.291033 0.291021 0.291007 0.000000 0.000000
0.000000 0.000000 0.281868 0.281888 0.281913 0.281974 0.282045 0.282140 0.282135 0.282144 0.282144 0.282143 0.282145 0.282140 0.282061 0.282002 0.281967 0.281946 0.281930 0.000000 0.000000
0.000000 0.000000 0.271113 0.271134 0.271155 0.271226 0.271298 0.271385 0.271382 0.271393 0.271395 0.271400 0.271405 0.271387 0.271313 0.271250 0.271193 0.271187 0.271159 0.000000 0.000000
0.000000 0.000000 0.259460 0.259490 0.259526 0.259576 0.259659 0.259759 0.259748 0.259769 0.259776 0.259780 0.259777 0.259780 0.259678 0.259603 0.259560 0.259549 0.259522 0.000000 0.000000
0.000000 0.000000 0.246858 0.246896 0.246919 0.246971 0.247087 0.247176 0.247172 0.247185 0.247200 0.247191 0.247178 0.247182 0.247101 0.247005 0.246955 0.246944 0.246930 0.000000 0.000000
0.000000 0.000000 0.232860 0.232887 0.232912 0.233029 0.233104 0.233219 0.233187 0.233256 0.233243 0.233251 0.233274 0.233234 0.233147 0.233090 0.233018 0.232997 0.232940 0.000000 0.000000
0.000000 0.000000 0.216927 0.216981 0.217045 0.217108 0.217211 0.217350 0.217351 0.217360 0.217333 0.217386 0.217362 0.217363 0.217212 0.217130 0.217094 0.217080 0.216955 0.000000 0.000000
0.000000 0.000000 0.199301 0.199362 0.199374 0.199498 0.199582 0.199990 0.199989 0.200010 0.200135 0.200061 0.200046 0.200008 0.199692 0.199616 0.199468 0.199472 0.199423 0.000000 0.000000
0.000000 0.000000 0.177936 0.177961 0.178067 0.178145 0.178709 0.178586 0.178692 0.178688 0.178631 0.178687 0.178698 0.178745 0.178852 0.178252 0.178206 0.178077 0.177981 0.000000 0.000000
0.000000 0.000000 0.152537 0.152617 0.152737 0.153477 0.153296 0.153687 0.153817 0.153856 0.153999 0.154071 0.153988 0.153994 0.153617 0.153768 0.152802 0.153021 0.153029 0.000000 0.000000
0.000000 0.000000 0.125831 0.125892 0.126917 0.126492 0.126624 0.126630 0.126194 0.126316 0.126088 0.126140 0.126325 0.126074 0.126138 0.126026 0.127020 0.125512 0.125536 0.000000 0.000000
0.000000 0.000000 0.095942 0.097269 0.096822 0.097407 0.098066 0.098263 0.098698 0.098593 0.099033 0.098981 0.098724 0.098994 0.098637 0.098152 0.096878 0.097883 0.096517 0.000000 0.000000
0.000000 0.000000 0.087645 0.086620 0.085719 0.085740 0.085691 0.086577 0.086410 0.086673 0.086236 0.086325 0.086394 0.086248 0.085518 0.085550 0.085574 0.086284 0.087307 0.000000 0.000000
0.000000 0.000000 0.300000 0.300000 0.300000 0.300000 0.300000 0.300000 0.300000 0.300000 0.300000 0.300000 0.300000 0.300000 0.300000 0.300000 0.300000 0.300000 0.300000 0.000000 0.000000
0.000000 0.000000 0.000000 0.000000 0.000000 0.000000 0.000000 0.000000 0.000000 0.000000 0.000000 0.000000 0.000000 0.000000 0.000000 0.000000 0.000000 0.000000 0.000000 0.000000 0.000000