geotop/1.0zi/1.0Montebello/Templates/testdem/maps/_Eocclay8811.asc
ncols         21
nrows         20
xllcorner     100.000000
yllcorner     100.000000
cellsize      50.000000
NODATA_value  -9999.0
0.000000 0.000000 0.000000 0.000000 0.000000 0.000000 0.000000 0.000000 0.000000 0.000000 0.000000 0.000000 0.000000 0.000000 0.000000 0.000000 0.000000 0.000000 0.000000 0.000000 0.000000
0.000000 0.000000 0.349586 0.349589 0.349589 0.349588 0.349590 0.349590 0.349589 0.349589 0.349588 0.349590 0.349589 0.349589 0.349589 0.349589 0.349587 0.349588 0.349588 0.000000 0.000000
0.000000 0.000000 0.349983 0.349982 0.349982 0.349984 0.349982 0.349981 0.349982 0.349982 0.349981 0.349981 0.349982 0.349981 0.349982 0.349983 0.349983 0.349983 0.349981 0.000000 0.000000
0.000000 0.000000 0.350023 0.350027 0.350026 0.350023 0.350024 0.350025 0.350028 0.350026 0.350029 0.350027 0.350027 0.350026 0.350028 0.350030 0.350028 0.350027 0.350025 0.000000 0.000000
0.000000 0.000000 0.351205 0.351199 0.351195 0.351185 0.351168 0.351168 0.351164 0.351165 0.351163 0.351165 0.351163 0.351166 0.351175 0.351179 0.351190 0.351190 0.351200 0.000000 0.000000
0.000000 0.000000 0.354525 0.354521 0.354502 0.354472 0.354449 0.354425 0.354429 0.354422 0.354427 0.354426 0.354432 0.354431 0.354444 0.354469 0.354481 0.354491 0.354497 0.000000 0.000000
0.000000 0.000000 0.359006 0.358997 0.358988 0.358959 0.358925 0.358877 0.358878 0.358873 0.358874 0.358875 0.358876 0.358877 0.358917 0.358948 0.358964 0.358974 0.358982 0.000000 0.000000
0.000000 0.000000 0.364312 0.364303 0.364294 0.364259 0.364224 0.364179 0.364182 0.364176 0.364176 0.364174 0.364172 0.364181 0.364218 0.364249 0.364277 0.364282 0.364295 0.000000 0.000000
0.000000 0.000000 0.370018 0.370006 0.369991 0.369968 0.369927 0.369880 0.369886 0.369875 0.369873 0.369871 0.369872 0.369871 0.369921 0.369958 0.369979 0.369984 0.369997 0.000000 0.000000
0.000000 0.000000 0.376186 0.376169 0.376161 0.376136 0.376079 0.376036 0.376039 0.376033 0.376026 0.376031 0.376038 0.376035 0.376076 0.376123 0.376148 0.376154 0.376161 0.000000 0.000000
0.000000 0.000000 0.383039 0.383028 0.383018 0.382962 0.382926 0.382870 0.382886 0.382853 0.382860 0.382857 0.382846 0.382866 0.382908 0.382936 0.382972 0.382984 0.383011 0.000000 0.000000
0.000000 0.000000 0.390810 0.390788 0.390760 0.390729 0.390680 0.390613 0.390613 0.390609 0.390623 0.390597 0.390609 0.390609 0.390683 0.390723 0.390741 0.390749 0.390810 0.000000 0.000000
0.000000 0.000000 0.399390 0.399365 0.399362 0.399303 0.399264 0.399066 0.399068 0.399058 0.399000 0.399035 0.399043 0.399062 0.399216 0.399253 0.399325 0.399324 0.399349 0.000000 0.000000
0.000000 0.000000 0.409770 0.409763 0.409716 0.409679 0.409408 0.409464 0.409414 0.409416 0.409444 0.409418 0.409414 0.409392 0.409343 0.409633 0.409657 0.409721 0.409768 0.000000 0.000000
0.000000 0.000000 0.422166 0.422133 0.422079 0.421723 0.421804 0.421620 0.421555 0.421537 0.421471 0.421435 0.421476 0.421472 0.421652 0.421588 0.422056 0.421954 0.421951 0.000000 0.000000
0.000000 0.000000 0.435444 0.435419 0.434915 0.435118 0.435059 0.435052 0.435269 0.435208 0.435321 0.435294 0.435204 0.435329 0.435303 0.435354 0.434874 0.435622 0.435609 0.000000 0.000000
0.000000 0.000000 0.450984 0.450272 0.450514 0.450204 0.449849 0.449746 0.449517 0.449573 0.449340 0.449368 0.449505 0.449362 0.449552 0.449814 0.450493 0.449961 0.450698 0.000000 0.000000
0.000000 0.000000 0.455065 0.455708 0.456227 0.456235 0.456286 0.455781 0.455889 0.455735 0.456001 0.455949 0.455903 0.455994 0.456407 0.456373 0.456322 0.455936 0.455299 0.000000 0.000000
0.000000 0.000000 0.350000 0.350000 0.350000 0.350000 0.350000 0.350000 0.350000 0.350000 0.350000 0.350000 0.350000 0.350000 0.350000 0.350000 0.350000 0.350000 0.350000 0.000000 0.000000
0.000000 0.000000 0.000000 0.000000 0.000000 0.000000 0.000000 0.000000 0.000000 0.000000 0.000000 0.000000 0.000000 0.000000 0.000000 0.000000 0.000000 0.000000 0.000000 0.000000 0.000000