geotop/1.0zi/1.0Montebello/Templates/testdem/maps/_Eocsand1117.asc
ncols         21
nrows         20
xllcorner     100.000000
yllcorner     100.000000
cellsize      50.000000
NODATA_value  -9999.0
0.000000 0.000000 0.000000 0.000000 0.000000 0.000000 0.000000 0.000000 0.000000 0.000000 0.000000 0.000000 0.000000 0.000000 0.000000 0.000000 0.000000 0.000000 0.000000 0.000000 0.000000
0.000000 0.000000 0.300036 0.300036 0.300036 0.300036 0.300036 0.300036 0.300036 0.300036 0.300036 0.300036 0.300036 0.300036 0.300036 0.300036 0.300036 0.300036 0.300036 0.000000 0.000000
0.000000 0.000000 0.300004 0.300004 0.300005 0.300004 0.300004 0.300004 0.300004 0.300004 0.300004 0.300004 0.300004 0.300004 0.300004 0.300004 0.300005 0.300004 0.300004 0.000000 0.000000
0.000000 0.000000 0.299095 0.299096 0.299101 0.299099 0.299095 0.299096 0.299096 0.299095 0.299095 0.299095 0.299096 0.299096 0.299095 0.299099 0.299101 0.299096 0.299095 0.000000 0.000000
0.000000 0.000000 0.295872 0.295873 0.295878 0.295878 0.295871 0.295873 0.295873 0.295871 0.295871 0.295871 0.295873 0.295873 0.295871 0.295878 0.295878 0.295873 0.295872 0.000000 0.000000
0.000000 0.000000 0.292123 0.292124 0.292128 0.292128 0.292123 0.292124 0.292124 0.292122 0.292123 0.292122 0.292124 0.292124 0.292123 0.292128 0.292128 0.292124 0.292123 0.000000 0.000000
0.000000 0.000000 0.288607 0.288607 0.288611 0.288610 0.288606 0.288607 0.288607 0.288606 0.288606 0.288606 0.288607 0.288607 0.288606 0.288610 0.288611 0.288607 0.288607 0.000000 0.000000
0.000000 0.000000 0.285365 0.285366 0.285369 0.285368 0.285365 0.285366 0.285366 0.285365 0.285365 0.285365 0.285366 0.285366 0.285365 0.285368 0.285369 0.285366 0.285365 0.000000 0.000000
0.000000 0.000000 0.282325 0.282326 0.282329 0.282328 0.282325 0.282325 0.282325 0.282325 0.282325 0.282325 0.282325 0.282325 0.282325 0.282328 0.282329 0.282326 0.282325 0.000000 0.000000
0.000000 0.000000 0.279409 0.279409 0.279412 0.279412 0.279409 0.279409 0.279409 0.279409 0.279409 0.279409 0.279409 0.279409 0.279409 0.279412 0.279412 0.279409 0.279409 0.000000 0.000000
0.000000 0.000000 0.276588 0.276589 0.276592 0.276591 0.276588 0.276589 0.276589 0.276588 0.276588 0.276588 0.276589 0.276589 0.276588 0.276591 0.276592 0.276589 0.276588 0.000000 0.000000
0.000000 0.000000 0.273832 0.273833 0.273836 0.273835 0.273832 0.273833 0.273833 0.273832 0.273832 0.273832 0.273833 0.273833 0.273832 0.273835 0.273836 0.273833 0.273832 0.000000 0.000000
0.000000 0.000000 0.271121 0.271122 0.271125 0.271124 0.271121 0.271122 0.271122 0.271121 0.271121 0.271121 0.271122 0.271122 0.271121 0.271124 0.271125 0.271122 0.271121 0.000000 0.000000
0.000000 0.000000 0.268458 0.268458 0.268461 0.268460 0.268457 0.268458 0.268458 0.268457 0.268457 0.268457 0.268458 0.268458 0.268457 0.268460 0.268461 0.268458 0.268458 0.000000 0.000000
0.000000 0.000000 0.265821 0.265821 0.265824 0.265823 0.265820 0.265821 0.265821 0.265820 0.265820 0.265820 0.265821 0.265821 0.265820 0.265823 0.265824 0.265821 0.265821 0.000000 0.000000
0.000000 0.000000 0.263200 0.263200 0.263203 0.263202 0.263200 0.263200 0.263200 0.263200 0.263200 0.263200 0.263200 0.263200 0.263200 0.263202 0.263203 0.263200 0.263200 0.000000 0.000000
0.000000 0.000000 0.260607 0.260607 0.260610 0.260609 0.260606 0.260607 0.260607 0.260606 0.260606 0.260606 0.260607 0.260607 0.260606 0.260609 0.260610 0.260607 0.260607 0.000000 0.000000
0.000000 0.000000 0.257965 0.257965 0.257968 0.257967 0.257965 0.257965 0.257965 0.257964 0.257964 0.257964 0.257965 0.257965 0.257965 0.257967 0.257968 0.257965 0.257965 0.000000 0.000000
0.000000 0.000000 0.300000 0.300000 0.300000 0.300000 0.300000 0.300000 0.300000 0.300000 0.300000 0.300000 0.300000 0.300000 0.300000 0.300000 0.300000 0.300000 0.300000 0.000000 0.000000
0.000000 0.000000 0.000000 0.000000 0.000000 0.000000 0.000000 0.000000 0.000000 0.000000 0.000000 0.000000 0.000000 0.000000 0.000000 0.000000 0.000000 0.000000 0.000000 0.000000 0.000000