geotop/1.0zi/1.0Montebello/Templates/testdem/maps/_Eocsand7689.asc
ncols         21
nrows         20
xllcorner     100.000000
yllcorner     100.000000
cellsize      50.000000
NODATA_value  -9999.0
0.000000 0.000000 0.000000 0.000000 0.000000 0.000000 0.000000 0.000000 0.000000 0.000000 0.000000 0.000000 0.000000 0.000000 0.000000 0.000000 0.000000 0.000000 0.000000 0.000000 0.000000
0.000000 0.000000 0.300196 0.300194 0.300194 0.300194 0.300193 0.300193 0.300193 0.300193 0.300194 0.300193 0.300194 0.300194 0.300193 0.300193 0.300195 0.300195 0.300194 0.000000 0.000000
0.000000 0.000000 0.300010 0.300011 0.300011 0.300010 0.300011 0.300011 0.300011 0.300011 0.300011 0.300011 0.300010 0.300011 0.300011 0.300011 0.300012 0.300012 0.300013 0.000000 0.000000
0.000000 0.000000 0.299894 0.299893 0.299898 0.299906 0.299901 0.299909 0.299904 0.299906 0.299906 0.299906 0.299906 0.299908 0.299903 0.299898 0.299896 0.299893 0.299893 0.000000 0.000000
0.000000 0.000000 0.298077 0.298073 0.298082 0.298097 0.298119 0.298128 0.298134 0.298133 0.298136 0.298135 0.298138 0.298132 0.298109 0.298103 0.298093 0.298081 0.298073 0.000000 0.000000
0.000000 0.000000 0.293023 0.293024 0.293045 0.293088 0.293119 0.293164 0.293164 0.293177 0.293169 0.293170 0.293166 0.293165 0.293143 0.293112 0.293086 0.293063 0.293052 0.000000 0.000000
0.000000 0.000000 0.285873 0.285881 0.285899 0.285948 0.286008 0.286077 0.286077 0.286087 0.286085 0.286086 0.286088 0.286082 0.286022 0.285968 0.285936 0.285908 0.285894 0.000000 0.000000
0.000000 0.000000 0.277357 0.277361 0.277375 0.277430 0.277487 0.277563 0.277564 0.277572 0.277574 0.277580 0.277583 0.277569 0.277504 0.277452 0.277403 0.277387 0.277363 0.000000 0.000000
0.000000 0.000000 0.268317 0.268332 0.268359 0.268394 0.268455 0.268536 0.268532 0.268551 0.268556 0.268560 0.268557 0.268559 0.268479 0.268414 0.268375 0.268355 0.268336 0.000000 0.000000
0.000000 0.000000 0.258847 0.258865 0.258879 0.258913 0.259001 0.259074 0.259073 0.259083 0.259095 0.259089 0.259078 0.259083 0.259015 0.258941 0.258896 0.258880 0.258866 0.000000 0.000000
0.000000 0.000000 0.248672 0.248684 0.248700 0.248774 0.248835 0.248919 0.248901 0.248948 0.248942 0.248944 0.248960 0.248930 0.248869 0.248823 0.248766 0.248734 0.248696 0.000000 0.000000
0.000000 0.000000 0.237504 0.237534 0.237568 0.237616 0.237683 0.237788 0.237794 0.237809 0.237785 0.237821 0.237812 0.237803 0.237695 0.237641 0.237601 0.237578 0.237483 0.000000 0.000000
0.000000 0.000000 0.225555 0.225585 0.225599 0.225665 0.225724 0.225987 0.225990 0.226008 0.226074 0.226041 0.226025 0.226000 0.225799 0.225744 0.225644 0.225631 0.225580 0.000000 0.000000
0.000000 0.000000 0.211773 0.211784 0.211837 0.211884 0.212198 0.212197 0.212263 0.212264 0.212252 0.212267 0.212274 0.212286 0.212298 0.211972 0.211909 0.211822 0.211756 0.000000 0.000000
0.000000 0.000000 0.195733 0.195761 0.195828 0.196213 0.196213 0.196403 0.196500 0.196522 0.196585 0.196634 0.196591 0.196601 0.196417 0.196390 0.195878 0.195944 0.195926 0.000000 0.000000
0.000000 0.000000 0.178131 0.178158 0.178708 0.178611 0.178645 0.178719 0.178531 0.178600 0.178504 0.178551 0.178634 0.178498 0.178463 0.178434 0.178757 0.177988 0.177998 0.000000 0.000000
0.000000 0.000000 0.156295 0.157164 0.157081 0.157380 0.157815 0.157945 0.158143 0.158102 0.158342 0.158327 0.158196 0.158314 0.158098 0.157777 0.157114 0.157442 0.156547 0.000000 0.000000
0.000000 0.000000 0.146182 0.145478 0.144683 0.144722 0.144749 0.145495 0.145411 0.145618 0.145312 0.145380 0.145409 0.145312 0.144669 0.144652 0.144539 0.145211 0.145892 0.000000 0.000000
0.000000 0.000000 0.300000 0.300000 0.300000 0.300000 0.300000 0.300000 0.300000 0.300000 0.300000 0.300000 0.300000 0.300000 0.300000 0.300000 0.300000 0.300000 0.300000 0.000000 0.000000
0.000000 0.000000 0.000000 0.000000 0.000000 0.000000 0.000000 0.000000 0.000000 0.000000 0.000000 0.000000 0.000000 0.000000 0.000000 0.000000 0.000000 0.000000 0.000000 0.000000 0.000000