geotop/1.0zi/1.0Montebello/Templates/testdem/maps/_Eocsilt2860.asc
ncols         21
nrows         20
xllcorner     100.000000
yllcorner     100.000000
cellsize      50.000000
NODATA_value  -9999.0
0.000000 0.000000 0.000000 0.000000 0.000000 0.000000 0.000000 0.000000 0.000000 0.000000 0.000000 0.000000 0.000000 0.000000 0.000000 0.000000 0.000000 0.000000 0.000000 0.000000 0.000000
0.000000 0.000000 0.350074 0.350074 0.350074 0.350074 0.350074 0.350074 0.350074 0.350074 0.350073 0.350074 0.350074 0.350074 0.350074 0.350074 0.350074 0.350074 0.350074 0.000000 0.000000
0.000000 0.000000 0.349998 0.349998 0.349998 0.349998 0.349998 0.349998 0.349998 0.349998 0.349999 0.349998 0.349998 0.349998 0.349998 0.349998 0.349998 0.349998 0.349998 0.000000 0.000000
0.000000 0.000000 0.351033 0.351032 0.351030 0.351031 0.351033 0.351033 0.351033 0.351033 0.351033 0.351033 0.351033 0.351033 0.351033 0.351031 0.351030 0.351032 0.351033 0.000000 0.000000
0.000000 0.000000 0.354950 0.354950 0.354948 0.354948 0.354951 0.354950 0.354950 0.354951 0.354951 0.354951 0.354950 0.354950 0.354951 0.354948 0.354948 0.354950 0.354950 0.000000 0.000000
0.000000 0.000000 0.359905 0.359904 0.359903 0.359903 0.359905 0.359905 0.359905 0.359906 0.359906 0.359906 0.359905 0.359905 0.359905 0.359903 0.359903 0.359904 0.359905 0.000000 0.000000
0.000000 0.000000 0.364419 0.364418 0.364417 0.364417 0.364419 0.364418 0.364419 0.364419 0.364420 0.364419 0.364419 0.364418 0.364419 0.364417 0.364417 0.364418 0.364419 0.000000 0.000000
0.000000 0.000000 0.368516 0.368515 0.368514 0.368514 0.368516 0.368515 0.368515 0.368516 0.368516 0.368516 0.368515 0.368515 0.368516 0.368514 0.368514 0.368515 0.368516 0.000000 0.000000
0.000000 0.000000 0.372312 0.372312 0.372311 0.372311 0.372313 0.372312 0.372312 0.372313 0.372313 0.372313 0.372312 0.372312 0.372313 0.372311 0.372311 0.372312 0.372312 0.000000 0.000000
0.000000 0.000000 0.375900 0.375899 0.375898 0.375899 0.375900 0.375899 0.375899 0.375900 0.375900 0.375900 0.375899 0.375899 0.375900 0.375899 0.375898 0.375899 0.375900 0.000000 0.000000
0.000000 0.000000 0.379321 0.379320 0.379319 0.379320 0.379321 0.379320 0.379320 0.379321 0.379321 0.379321 0.379320 0.379320 0.379321 0.379320 0.379319 0.379320 0.379321 0.000000 0.000000
0.000000 0.000000 0.382609 0.382609 0.382608 0.382608 0.382609 0.382609 0.382609 0.382610 0.382610 0.382610 0.382609 0.382609 0.382609 0.382608 0.382608 0.382609 0.382609 0.000000 0.000000
0.000000 0.000000 0.385790 0.385790 0.385789 0.385789 0.385790 0.385790 0.385790 0.385790 0.385791 0.385790 0.385790 0.385790 0.385790 0.385789 0.385789 0.385790 0.385790 0.000000 0.000000
0.000000 0.000000 0.388884 0.388884 0.388883 0.388883 0.388885 0.388884 0.388884 0.388885 0.388885 0.388885 0.388884 0.388884 0.388885 0.388883 0.388883 0.388884 0.388884 0.000000 0.000000
0.000000 0.000000 0.391901 0.391901 0.391900 0.391900 0.391901 0.391901 0.391901 0.391902 0.391902 0.391902 0.391901 0.391901 0.391901 0.391900 0.391900 0.391901 0.391901 0.000000 0.000000
0.000000 0.000000 0.394846 0.394846 0.394845 0.394845 0.394846 0.394846 0.394846 0.394847 0.394847 0.394847 0.394846 0.394846 0.394846 0.394845 0.394845 0.394846 0.394846 0.000000 0.000000
0.000000 0.000000 0.397723 0.397723 0.397722 0.397722 0.397723 0.397723 0.397723 0.397724 0.397724 0.397724 0.397723 0.397723 0.397723 0.397722 0.397722 0.397723 0.397723 0.000000 0.000000
0.000000 0.000000 0.400582 0.400582 0.400581 0.400581 0.400583 0.400582 0.400582 0.400583 0.400583 0.400583 0.400582 0.400582 0.400583 0.400581 0.400581 0.400582 0.400582 0.000000 0.000000
0.000000 0.000000 0.350000 0.350000 0.350000 0.350000 0.350000 0.350000 0.350000 0.350000 0.350000 0.350000 0.350000 0.350000 0.350000 0.350000 0.350000 0.350000 0.350000 0.000000 0.000000
0.000000 0.000000 0.000000 0.000000 0.000000 0.000000 0.000000 0.000000 0.000000 0.000000 0.000000 0.000000 0.000000 0.000000 0.000000 0.000000 0.000000 0.000000 0.000000 0.000000 0.000000