geotop/1.0zi/1.0Montebello/Templates/testdem/maps/_Eocclay7044.asc
ncols         21
nrows         20
xllcorner     100.000000
yllcorner     100.000000
cellsize      50.000000
NODATA_value  -9999.0
0.000000 0.000000 0.000000 0.000000 0.000000 0.000000 0.000000 0.000000 0.000000 0.000000 0.000000 0.000000 0.000000 0.000000 0.000000 0.000000 0.000000 0.000000 0.000000 0.000000 0.000000
0.000000 0.000000 0.349683 0.349684 0.349684 0.349683 0.349685 0.349684 0.349684 0.349684 0.349683 0.349685 0.349684 0.349684 0.349685 0.349685 0.349683 0.349683 0.349684 0.000000 0.000000
0.000000 0.000000 0.349987 0.349987 0.349987 0.349988 0.349987 0.349987 0.349987 0.349987 0.349986 0.349986 0.349987 0.349986 0.349987 0.349987 0.349988 0.349988 0.349985 0.000000 0.000000
0.000000 0.000000 0.349977 0.349982 0.349978 0.349979 0.349980 0.349980 0.349982 0.349978 0.349983 0.349980 0.349980 0.349979 0.349980 0.349982 0.349979 0.349982 0.349981 0.000000 0.000000
0.000000 0.000000 0.350714 0.350712 0.350708 0.350705 0.350691 0.350689 0.350688 0.350690 0.350688 0.350688 0.350684 0.350688 0.350695 0.350696 0.350701 0.350702 0.350710 0.000000 0.000000
0.000000 0.000000 0.352920 0.352919 0.352908 0.352884 0.352872 0.352851 0.352853 0.352846 0.352850 0.352849 0.352851 0.352852 0.352861 0.352878 0.352889 0.352902 0.352909 0.000000 0.000000
0.000000 0.000000 0.356072 0.356069 0.356062 0.356041 0.356015 0.355982 0.355982 0.355976 0.355978 0.355979 0.355978 0.355979 0.356006 0.356032 0.356045 0.356055 0.356064 0.000000 0.000000
0.000000 0.000000 0.359836 0.359835 0.359827 0.359802 0.359776 0.359741 0.359742 0.359737 0.359737 0.359735 0.359732 0.359740 0.359769 0.359791 0.359812 0.359819 0.359832 0.000000 0.000000
0.000000 0.000000 0.363753 0.363748 0.363736 0.363721 0.363694 0.363658 0.363661 0.363652 0.363650 0.363649 0.363648 0.363648 0.363682 0.363712 0.363727 0.363734 0.363745 0.000000 0.000000
0.000000 0.000000 0.367811 0.367803 0.367797 0.367783 0.367744 0.367712 0.367713 0.367708 0.367703 0.367706 0.367711 0.367708 0.367737 0.367770 0.367789 0.367795 0.367803 0.000000 0.000000
0.000000 0.000000 0.372125 0.372120 0.372113 0.372083 0.372057 0.372018 0.372027 0.372007 0.372009 0.372009 0.372002 0.372015 0.372040 0.372060 0.372084 0.372096 0.372115 0.000000 0.000000
0.000000 0.000000 0.376775 0.376763 0.376748 0.376727 0.376699 0.376654 0.376654 0.376645 0.376656 0.376641 0.376643 0.376648 0.376692 0.376715 0.376731 0.376739 0.376783 0.000000 0.000000
0.000000 0.000000 0.381681 0.381668 0.381661 0.381635 0.381610 0.381505 0.381504 0.381496 0.381471 0.381483 0.381489 0.381500 0.381579 0.381603 0.381641 0.381645 0.381673 0.000000 0.000000
0.000000 0.000000 0.387207 0.387202 0.387181 0.387162 0.387045 0.387032 0.387008 0.387007 0.387007 0.387004 0.387001 0.386998 0.387001 0.387123 0.387150 0.387182 0.387213 0.000000 0.000000
0.000000 0.000000 0.393514 0.393504 0.393477 0.393342 0.393324 0.393257 0.393217 0.393209 0.393187 0.393169 0.393184 0.393178 0.393240 0.393270 0.393451 0.393432 0.393446 0.000000 0.000000
0.000000 0.000000 0.400370 0.400360 0.400170 0.400179 0.400169 0.400130 0.400188 0.400163 0.400191 0.400170 0.400144 0.400190 0.400212 0.400223 0.400147 0.400399 0.400401 0.000000 0.000000
0.000000 0.000000 0.408686 0.408400 0.408380 0.408292 0.408148 0.408100 0.408054 0.408060 0.407989 0.407988 0.408024 0.407997 0.408067 0.408174 0.408363 0.408317 0.408612 0.000000 0.000000
0.000000 0.000000 0.413572 0.413728 0.413997 0.413961 0.413915 0.413657 0.413670 0.413605 0.413684 0.413662 0.413663 0.413685 0.413914 0.413946 0.414041 0.413788 0.413645 0.000000 0.000000
0.000000 0.000000 0.350000 0.350000 0.350000 0.350000 0.350000 0.350000 0.350000 0.350000 0.350000 0.350000 0.350000 0.350000 0.350000 0.350000 0.350000 0.350000 0.350000 0.000000 0.000000
0.000000 0.000000 0.000000 0.000000 0.000000 0.000000 0.000000 0.000000 0.000000 0.000000 0.000000 0.000000 0.000000 0.000000 0.000000 0.000000 0.000000 0.000000 0.000000 0.000000 0.000000