geotop/1.0zi/1.0Montebello/Templates/testdem/maps/_Eocsilt173g.asc
ncols         21
nrows         20
xllcorner     100.000000
yllcorner     100.000000
cellsize      50.000000
NODATA_value  -9999.0
0.000000 0.000000 0.000000 0.000000 0.000000 0.000000 0.000000 0.000000 0.000000 0.000000 0.000000 0.000000 0.000000 0.000000 0.000000 0.000000 0.000000 0.000000 0.000000 0.000000 0.000000
0.000000 0.000000 0.350259 0.350259 0.350260 0.350260 0.350259 0.350259 0.350259 0.350259 0.350259 0.350259 0.350259 0.350259 0.350259 0.350259 0.350260 0.350260 0.350259 0.000000 0.000000
0.000000 0.000000 0.350016 0.350015 0.350016 0.350015 0.350016 0.350016 0.350016 0.350016 0.350017 0.350017 0.350017 0.350017 0.350016 0.350015 0.350014 0.350014 0.350015 0.000000 0.000000
0.000000 0.000000 0.350249 0.350247 0.350237 0.350233 0.350234 0.350223 0.350226 0.350226 0.350224 0.350228 0.350228 0.350231 0.350229 0.350234 0.350238 0.350243 0.350244 0.000000 0.000000
0.000000 0.000000 0.352231 0.352235 0.352223 0.352202 0.352189 0.352181 0.352179 0.352176 0.352172 0.352178 0.352184 0.352179 0.352193 0.352205 0.352212 0.352220 0.352226 0.000000 0.000000
0.000000 0.000000 0.357274 0.357266 0.357246 0.357212 0.357174 0.357143 0.357137 0.357129 0.357128 0.357130 0.357136 0.357131 0.357149 0.357181 0.357194 0.357208 0.357214 0.000000 0.000000
0.000000 0.000000 0.364317 0.364303 0.364277 0.364230 0.364180 0.364108 0.364103 0.364096 0.364091 0.364092 0.364089 0.364092 0.364144 0.364187 0.364214 0.364237 0.364243 0.000000 0.000000
0.000000 0.000000 0.372849 0.372832 0.372806 0.372743 0.372688 0.372620 0.372612 0.372602 0.372595 0.372594 0.372591 0.372598 0.372645 0.372695 0.372739 0.372750 0.372765 0.000000 0.000000
0.000000 0.000000 0.382699 0.382672 0.382630 0.382579 0.382514 0.382423 0.382418 0.382396 0.382392 0.382386 0.382390 0.382382 0.382456 0.382520 0.382555 0.382579 0.382592 0.000000 0.000000
0.000000 0.000000 0.394276 0.394234 0.394187 0.394138 0.394058 0.393963 0.393945 0.393933 0.393918 0.393924 0.393939 0.393931 0.393988 0.394074 0.394118 0.394144 0.394147 0.000000 0.000000
0.000000 0.000000 0.408346 0.408305 0.408272 0.408124 0.408093 0.407953 0.407978 0.407900 0.407921 0.407905 0.407871 0.407908 0.407984 0.408032 0.408100 0.408131 0.408190 0.000000 0.000000
0.000000 0.000000 0.425605 0.425517 0.425410 0.425367 0.425291 0.425110 0.425076 0.425085 0.425108 0.425048 0.425077 0.425051 0.425203 0.425302 0.425326 0.425360 0.425470 0.000000 0.000000
0.000000 0.000000 0.443717 0.443652 0.443651 0.443518 0.443428 0.442980 0.442940 0.442901 0.442725 0.442859 0.442854 0.442891 0.443211 0.443276 0.443452 0.443482 0.443439 0.000000 0.000000
0.000000 0.000000 0.459792 0.459782 0.459680 0.459638 0.459267 0.459481 0.459392 0.459389 0.459477 0.459396 0.459385 0.459331 0.459154 0.459567 0.459557 0.459655 0.459701 0.000000 0.000000
0.000000 0.000000 0.468672 0.468660 0.468611 0.468504 0.468431 0.468439 0.468402 0.468401 0.468395 0.468370 0.468380 0.468366 0.468356 0.468440 0.468559 0.468560 0.468571 0.000000 0.000000
0.000000 0.000000 0.473863 0.473850 0.473862 0.473687 0.473737 0.473655 0.473609 0.473607 0.473562 0.473550 0.473576 0.473564 0.473641 0.473596 0.473841 0.473727 0.473727 0.000000 0.000000
0.000000 0.000000 0.476684 0.476769 0.476643 0.476640 0.476706 0.476674 0.476729 0.476709 0.476740 0.476725 0.476701 0.476740 0.476750 0.476697 0.476626 0.476793 0.476688 0.000000 0.000000
0.000000 0.000000 0.479885 0.479732 0.479605 0.479554 0.479538 0.479581 0.479567 0.479587 0.479530 0.479534 0.479546 0.479536 0.479504 0.479512 0.479577 0.479668 0.479810 0.000000 0.000000
0.000000 0.000000 0.350000 0.350000 0.350000 0.350000 0.350000 0.350000 0.350000 0.350000 0.350000 0.350000 0.350000 0.350000 0.350000 0.350000 0.350000 0.350000 0.350000 0.000000 0.000000
0.000000 0.000000 0.000000 0.000000 0.000000 0.000000 0.000000 0.000000 0.000000 0.000000 0.000000 0.000000 0.000000 0.000000 0.000000 0.000000 0.000000 0.000000 0.000000 0.000000 0.000000