geotop/1.0zi/1.0Montebello/Templates/testdem/maps/_Eocclay0563.asc
ncols         21
nrows         20
xllcorner     100.000000
yllcorner     100.000000
cellsize      50.000000
NODATA_value  -9999.0
0.000000 0.000000 0.000000 0.000000 0.000000 0.000000 0.000000 0.000000 0.000000 0.000000 0.000000 0.000000 0.000000 0.000000 0.000000 0.000000 0.000000 0.000000 0.000000 0.000000 0.000000
0.000000 0.000000 0.349968 0.349968 0.349968 0.349968 0.349968 0.349968 0.349968 0.349968 0.349968 0.349968 0.349968 0.349968 0.349968 0.349968 0.349968 0.349968 0.349968 0.000000 0.000000
0.000000 0.000000 0.349997 0.349997 0.349997 0.349997 0.349997 0.349997 0.349997 0.349997 0.349997 0.349997 0.349997 0.349997 0.349997 0.349997 0.349997 0.349997 0.349997 0.000000 0.000000
0.000000 0.000000 0.350281 0.350281 0.350279 0.350281 0.350281 0.350281 0.350281 0.350281 0.350281 0.350281 0.350281 0.350281 0.350281 0.350281 0.350279 0.350281 0.350281 0.000000 0.000000
0.000000 0.000000 0.351232 0.351232 0.351230 0.351232 0.351232 0.351232 0.351232 0.351232 0.351232 0.351232 0.351232 0.351232 0.351232 0.351232 0.351230 0.351232 0.351232 0.000000 0.000000
0.000000 0.000000 0.352192 0.352192 0.352191 0.352192 0.352192 0.352193 0.352193 0.352193 0.352192 0.352193 0.352193 0.352193 0.352192 0.352192 0.352191 0.352192 0.352192 0.000000 0.000000
0.000000 0.000000 0.353102 0.353102 0.353101 0.353102 0.353102 0.353102 0.353102 0.353102 0.353102 0.353102 0.353102 0.353102 0.353102 0.353102 0.353101 0.353102 0.353102 0.000000 0.000000
0.000000 0.000000 0.353948 0.353948 0.353947 0.353948 0.353948 0.353948 0.353948 0.353948 0.353948 0.353948 0.353948 0.353948 0.353948 0.353948 0.353947 0.353948 0.353948 0.000000 0.000000
0.000000 0.000000 0.354747 0.354747 0.354746 0.354747 0.354748 0.354748 0.354748 0.354748 0.354748 0.354748 0.354748 0.354748 0.354748 0.354747 0.354746 0.354747 0.354747 0.000000 0.000000
0.000000 0.000000 0.355519 0.355519 0.355517 0.355519 0.355519 0.355519 0.355519 0.355519 0.355519 0.355519 0.355519 0.355519 0.355519 0.355519 0.355517 0.355519 0.355519 0.000000 0.000000
0.000000 0.000000 0.356269 0.356269 0.356268 0.356269 0.356269 0.356269 0.356269 0.356269 0.356269 0.356269 0.356269 0.356269 0.356269 0.356269 0.356268 0.356269 0.356269 0.000000 0.000000
0.000000 0.000000 0.357004 0.357004 0.357003 0.357004 0.357005 0.357005 0.357005 0.357005 0.357005 0.357005 0.357005 0.357005 0.357005 0.357004 0.357003 0.357004 0.357004 0.000000 0.000000
0.000000 0.000000 0.357727 0.357727 0.357726 0.357727 0.357727 0.357727 0.357727 0.357727 0.357727 0.357727 0.357727 0.357727 0.357727 0.357727 0.357726 0.357727 0.357727 0.000000 0.000000
0.000000 0.000000 0.358439 0.358439 0.358438 0.358439 0.358439 0.358439 0.358439 0.358439 0.358439 0.358439 0.358439 0.358439 0.358439 0.358439 0.358438 0.358439 0.358439 0.000000 0.000000
0.000000 0.000000 0.359144 0.359144 0.359143 0.359144 0.359144 0.359144 0.359144 0.359144 0.359144 0.359144 0.359144 0.359144 0.359144 0.359144 0.359143 0.359144 0.359144 0.000000 0.000000
0.000000 0.000000 0.359846 0.359846 0.359845 0.359846 0.359846 0.359846 0.359846 0.359846 0.359846 0.359846 0.359846 0.359846 0.359846 0.359846 0.359845 0.359846 0.359846 0.000000 0.000000
0.000000 0.000000 0.360540 0.360540 0.360539 0.360540 0.360540 0.360540 0.360541 0.360540 0.360540 0.360540 0.360541 0.360540 0.360540 0.360540 0.360539 0.360540 0.360540 0.000000 0.000000
0.000000 0.000000 0.361244 0.361244 0.361243 0.361244 0.361244 0.361244 0.361244 0.361244 0.361244 0.361244 0.361244 0.361244 0.361244 0.361244 0.361243 0.361244 0.361244 0.000000 0.000000
0.000000 0.000000 0.350000 0.350000 0.350000 0.350000 0.350000 0.350000 0.350000 0.350000 0.350000 0.350000 0.350000 0.350000 0.350000 0.350000 0.350000 0.350000 0.350000 0.000000 0.000000
0.000000 0.000000 0.000000 0.000000 0.000000 0.000000 0.000000 0.000000 0.000000 0.000000 0.000000 0.000000 0.000000 0.000000 0.000000 0.000000 0.000000 0.000000 0.000000 0.000000 0.000000