geotop/1.0zi/1.0Montebello/Templates/testdem/maps/_Eocsand7244.asc
ncols         21
nrows         20
xllcorner     100.000000
yllcorner     100.000000
cellsize      50.000000
NODATA_value  -9999.0
0.000000 0.000000 0.000000 0.000000 0.000000 0.000000 0.000000 0.000000 0.000000 0.000000 0.000000 0.000000 0.000000 0.000000 0.000000 0.000000 0.000000 0.000000 0.000000 0.000000 0.000000
0.000000 0.000000 0.300181 0.300179 0.300179 0.300179 0.300178 0.300178 0.300178 0.300179 0.300179 0.300179 0.300179 0.300179 0.300178 0.300179 0.300180 0.300180 0.300180 0.000000 0.000000
0.000000 0.000000 0.300010 0.300011 0.300010 0.300009 0.300010 0.300011 0.300010 0.300010 0.300010 0.300011 0.300009 0.300010 0.300010 0.300010 0.300011 0.300011 0.300012 0.000000 0.000000
0.000000 0.000000 0.299958 0.299957 0.299962 0.299967 0.299965 0.299968 0.299963 0.299967 0.299966 0.299966 0.299966 0.299967 0.299965 0.299960 0.299959 0.299955 0.299956 0.000000 0.000000
0.000000 0.000000 0.298423 0.298419 0.298428 0.298440 0.298459 0.298468 0.298471 0.298470 0.298472 0.298472 0.298475 0.298469 0.298451 0.298446 0.298441 0.298431 0.298418 0.000000 0.000000
0.000000 0.000000 0.293887 0.293888 0.293908 0.293946 0.293976 0.294018 0.294016 0.294029 0.294020 0.294021 0.294018 0.294017 0.293999 0.293970 0.293948 0.293928 0.293915 0.000000 0.000000
0.000000 0.000000 0.287405 0.287412 0.287430 0.287473 0.287530 0.287593 0.287592 0.287601 0.287598 0.287600 0.287603 0.287597 0.287544 0.287493 0.287466 0.287441 0.287424 0.000000 0.000000
0.000000 0.000000 0.279658 0.279661 0.279673 0.279723 0.279777 0.279847 0.279845 0.279854 0.279855 0.279860 0.279864 0.279851 0.279793 0.279745 0.279701 0.279688 0.279662 0.000000 0.000000
0.000000 0.000000 0.271501 0.271515 0.271540 0.271571 0.271628 0.271702 0.271697 0.271714 0.271718 0.271722 0.271721 0.271722 0.271650 0.271590 0.271556 0.271539 0.271518 0.000000 0.000000
0.000000 0.000000 0.263048 0.263064 0.263077 0.263105 0.263187 0.263253 0.263250 0.263260 0.263270 0.263265 0.263256 0.263260 0.263200 0.263132 0.263093 0.263080 0.263064 0.000000 0.000000
0.000000 0.000000 0.254070 0.254081 0.254095 0.254158 0.254212 0.254291 0.254273 0.254315 0.254310 0.254312 0.254326 0.254299 0.254247 0.254204 0.254155 0.254129 0.254091 0.000000 0.000000
0.000000 0.000000 0.244349 0.244375 0.244404 0.244446 0.244505 0.244601 0.244601 0.244618 0.244595 0.244627 0.244621 0.244612 0.244519 0.244471 0.244438 0.244419 0.244330 0.000000 0.000000
0.000000 0.000000 0.234063 0.234089 0.234103 0.234157 0.234209 0.234432 0.234433 0.234450 0.234503 0.234478 0.234464 0.234443 0.234274 0.234225 0.234144 0.234134 0.234079 0.000000 0.000000
0.000000 0.000000 0.222409 0.222420 0.222463 0.222502 0.222755 0.222775 0.222826 0.222829 0.222825 0.222835 0.222840 0.222847 0.222845 0.222582 0.222527 0.222457 0.222394 0.000000 0.000000
0.000000 0.000000 0.209041 0.209063 0.209120 0.209415 0.209445 0.209592 0.209673 0.209691 0.209738 0.209779 0.209746 0.209756 0.209619 0.209566 0.209170 0.209214 0.209188 0.000000 0.000000
0.000000 0.000000 0.194471 0.194494 0.194911 0.194877 0.194900 0.194979 0.194848 0.194902 0.194837 0.194880 0.194938 0.194837 0.194794 0.194769 0.194957 0.194394 0.194393 0.000000 0.000000
0.000000 0.000000 0.176692 0.177330 0.177346 0.177548 0.177870 0.177975 0.178090 0.178070 0.178233 0.178232 0.178147 0.178215 0.178057 0.177818 0.177380 0.177517 0.176860 0.000000 0.000000
0.000000 0.000000 0.166803 0.166409 0.165813 0.165883 0.165964 0.166535 0.166497 0.166644 0.166454 0.166504 0.166506 0.166451 0.165950 0.165892 0.165713 0.166257 0.166624 0.000000 0.000000
0.000000 0.000000 0.300000 0.300000 0.300000 0.300000 0.300000 0.300000 0.300000 0.300000 0.300000 0.300000 0.300000 0.300000 0.300000 0.300000 0.300000 0.300000 0.300000 0.000000 0.000000
0.000000 0.000000 0.000000 0.000000 0.000000 0.000000 0.000000 0.000000 0.000000 0.000000 0.000000 0.000000 0.000000 0.000000 0.000000 0.000000 0.000000 0.000000 0.000000 0.000000 0.000000