geotop/1.0zi/1.0Montebello/Templates/testdem/maps/_Eocclay9873.asc
ncols         21
nrows         20
xllcorner     100.000000
yllcorner     100.000000
cellsize      50.000000
NODATA_value  -9999.0
0.000000 0.000000 0.000000 0.000000 0.000000 0.000000 0.000000 0.000000 0.000000 0.000000 0.000000 0.000000 0.000000 0.000000 0.000000 0.000000 0.000000 0.000000 0.000000 0.000000 0.000000
0.000000 0.000000 0.349549 0.349551 0.349551 0.349550 0.349552 0.349552 0.349551 0.349551 0.349550 0.349551 0.349551 0.349551 0.349551 0.349551 0.349549 0.349550 0.349551 0.000000 0.000000
0.000000 0.000000 0.349981 0.349979 0.349979 0.349982 0.349979 0.349979 0.349979 0.349979 0.349979 0.349979 0.349979 0.349979 0.349980 0.349980 0.349981 0.349980 0.349979 0.000000 0.000000
0.000000 0.000000 0.350040 0.350045 0.350042 0.350038 0.350039 0.350039 0.350043 0.350040 0.350043 0.350041 0.350042 0.350040 0.350043 0.350046 0.350045 0.350046 0.350043 0.000000 0.000000
0.000000 0.000000 0.351483 0.351477 0.351470 0.351458 0.351440 0.351437 0.351434 0.351436 0.351434 0.351438 0.351438 0.351440 0.351450 0.351455 0.351465 0.351469 0.351478 0.000000 0.000000
0.000000 0.000000 0.355447 0.355441 0.355418 0.355381 0.355350 0.355318 0.355323 0.355317 0.355316 0.355316 0.355323 0.355320 0.355337 0.355369 0.355384 0.355397 0.355402 0.000000 0.000000
0.000000 0.000000 0.360784 0.360772 0.360758 0.360721 0.360681 0.360621 0.360622 0.360616 0.360611 0.360613 0.360614 0.360613 0.360663 0.360698 0.360718 0.360731 0.360739 0.000000 0.000000
0.000000 0.000000 0.367127 0.367113 0.367096 0.367050 0.367004 0.366951 0.366952 0.366945 0.366939 0.366936 0.366935 0.366944 0.366988 0.367026 0.367059 0.367067 0.367082 0.000000 0.000000
0.000000 0.000000 0.374090 0.374072 0.374047 0.374011 0.373959 0.373898 0.373904 0.373892 0.373883 0.373881 0.373883 0.373880 0.373942 0.373987 0.374013 0.374023 0.374035 0.000000 0.000000
0.000000 0.000000 0.381830 0.381803 0.381783 0.381745 0.381687 0.381622 0.381623 0.381614 0.381600 0.381605 0.381613 0.381609 0.381660 0.381719 0.381750 0.381762 0.381768 0.000000 0.000000
0.000000 0.000000 0.390702 0.390679 0.390659 0.390575 0.390547 0.390458 0.390477 0.390433 0.390437 0.390430 0.390416 0.390439 0.390496 0.390533 0.390577 0.390592 0.390631 0.000000 0.000000
0.000000 0.000000 0.401113 0.401066 0.401012 0.400972 0.400926 0.400814 0.400812 0.400807 0.400819 0.400780 0.400798 0.400791 0.400893 0.400952 0.400975 0.400988 0.401065 0.000000 0.000000
0.000000 0.000000 0.412920 0.412876 0.412863 0.412780 0.412723 0.412425 0.412420 0.412400 0.412294 0.412359 0.412365 0.412390 0.412613 0.412663 0.412772 0.412777 0.412794 0.000000 0.000000
0.000000 0.000000 0.427635 0.427614 0.427516 0.427458 0.427038 0.427193 0.427102 0.427102 0.427159 0.427100 0.427089 0.427044 0.426903 0.427367 0.427381 0.427489 0.427553 0.000000 0.000000
0.000000 0.000000 0.444312 0.444261 0.444179 0.443637 0.443879 0.443536 0.443462 0.443425 0.443300 0.443261 0.443323 0.443326 0.443632 0.443398 0.444106 0.443935 0.443907 0.000000 0.000000
0.000000 0.000000 0.458996 0.458967 0.458388 0.458706 0.458596 0.458629 0.458887 0.458820 0.458959 0.458937 0.458825 0.458961 0.458874 0.458977 0.458302 0.459193 0.459180 0.000000 0.000000
0.000000 0.000000 0.471657 0.471203 0.471338 0.471141 0.470905 0.470848 0.470702 0.470736 0.470583 0.470601 0.470689 0.470597 0.470704 0.470881 0.471301 0.470983 0.471455 0.000000 0.000000
0.000000 0.000000 0.476479 0.476615 0.476902 0.476838 0.476784 0.476529 0.476534 0.476473 0.476545 0.476527 0.476532 0.476546 0.476771 0.476814 0.476920 0.476634 0.476500 0.000000 0.000000
0.000000 0.000000 0.350000 0.350000 0.350000 0.350000 0.350000 0.350000 0.350000 0.350000 0.350000 0.350000 0.350000 0.350000 0.350000 0.350000 0.350000 0.350000 0.350000 0.000000 0.000000
0.000000 0.000000 0.000000 0.000000 0.000000 0.000000 0.000000 0.000000 0.000000 0.000000 0.000000 0.000000 0.000000 0.000000 0.000000 0.000000 0.000000 0.000000 0.000000 0.000000 0.000000