geotop/1.0zi/1.0Montebello/Templates/testdem/maps/_Eocclay1994.asc
ncols         21
nrows         20
xllcorner     100.000000
yllcorner     100.000000
cellsize      50.000000
NODATA_value  -9999.0
0.000000 0.000000 0.000000 0.000000 0.000000 0.000000 0.000000 0.000000 0.000000 0.000000 0.000000 0.000000 0.000000 0.000000 0.000000 0.000000 0.000000 0.000000 0.000000 0.000000 0.000000
0.000000 0.000000 0.349896 0.349896 0.349896 0.349896 0.349896 0.349896 0.349896 0.349896 0.349896 0.349896 0.349896 0.349896 0.349896 0.349896 0.349896 0.349896 0.349896 0.000000 0.000000
0.000000 0.000000 0.349993 0.349993 0.349993 0.349993 0.349993 0.349993 0.349993 0.349993 0.349993 0.349993 0.349993 0.349993 0.349993 0.349993 0.349993 0.349993 0.349993 0.000000 0.000000
0.000000 0.000000 0.350657 0.350657 0.350655 0.350656 0.350657 0.350657 0.350657 0.350658 0.350657 0.350658 0.350657 0.350657 0.350657 0.350656 0.350655 0.350657 0.350657 0.000000 0.000000
0.000000 0.000000 0.353477 0.353476 0.353475 0.353475 0.353478 0.353477 0.353477 0.353479 0.353479 0.353479 0.353477 0.353477 0.353478 0.353475 0.353475 0.353476 0.353477 0.000000 0.000000
0.000000 0.000000 0.356749 0.356749 0.356747 0.356747 0.356750 0.356749 0.356749 0.356750 0.356750 0.356750 0.356749 0.356749 0.356750 0.356747 0.356747 0.356749 0.356749 0.000000 0.000000
0.000000 0.000000 0.359856 0.359856 0.359854 0.359855 0.359857 0.359856 0.359856 0.359857 0.359857 0.359857 0.359856 0.359856 0.359857 0.359855 0.359854 0.359856 0.359856 0.000000 0.000000
0.000000 0.000000 0.362720 0.362720 0.362719 0.362719 0.362721 0.362720 0.362720 0.362721 0.362721 0.362721 0.362720 0.362720 0.362721 0.362719 0.362719 0.362720 0.362720 0.000000 0.000000
0.000000 0.000000 0.365402 0.365402 0.365401 0.365401 0.365403 0.365402 0.365402 0.365403 0.365403 0.365403 0.365402 0.365402 0.365403 0.365401 0.365401 0.365402 0.365402 0.000000 0.000000
0.000000 0.000000 0.367966 0.367965 0.367964 0.367964 0.367966 0.367965 0.367965 0.367966 0.367966 0.367966 0.367965 0.367965 0.367966 0.367964 0.367964 0.367965 0.367966 0.000000 0.000000
0.000000 0.000000 0.370438 0.370438 0.370436 0.370437 0.370438 0.370438 0.370438 0.370438 0.370438 0.370438 0.370438 0.370438 0.370438 0.370437 0.370436 0.370438 0.370438 0.000000 0.000000
0.000000 0.000000 0.372841 0.372841 0.372840 0.372840 0.372842 0.372841 0.372841 0.372842 0.372842 0.372842 0.372841 0.372841 0.372842 0.372840 0.372840 0.372841 0.372841 0.000000 0.000000
0.000000 0.000000 0.375192 0.375192 0.375190 0.375191 0.375192 0.375192 0.375192 0.375192 0.375193 0.375192 0.375192 0.375192 0.375192 0.375191 0.375190 0.375192 0.375192 0.000000 0.000000
0.000000 0.000000 0.377495 0.377495 0.377494 0.377494 0.377496 0.377495 0.377495 0.377496 0.377496 0.377496 0.377495 0.377495 0.377496 0.377494 0.377494 0.377495 0.377495 0.000000 0.000000
0.000000 0.000000 0.379763 0.379763 0.379761 0.379762 0.379763 0.379763 0.379763 0.379763 0.379763 0.379763 0.379763 0.379763 0.379763 0.379762 0.379761 0.379763 0.379763 0.000000 0.000000
0.000000 0.000000 0.382000 0.382000 0.381999 0.381999 0.382001 0.382000 0.382000 0.382001 0.382001 0.382001 0.382000 0.382000 0.382001 0.381999 0.381999 0.382000 0.382000 0.000000 0.000000
0.000000 0.000000 0.384207 0.384207 0.384206 0.384206 0.384207 0.384207 0.384207 0.384208 0.384208 0.384208 0.384207 0.384207 0.384207 0.384206 0.384206 0.384207 0.384207 0.000000 0.000000
0.000000 0.000000 0.386418 0.386418 0.386417 0.386417 0.386419 0.386418 0.386418 0.386419 0.386419 0.386419 0.386418 0.386418 0.386419 0.386417 0.386417 0.386418 0.386418 0.000000 0.000000
0.000000 0.000000 0.350000 0.350000 0.350000 0.350000 0.350000 0.350000 0.350000 0.350000 0.350000 0.350000 0.350000 0.350000 0.350000 0.350000 0.350000 0.350000 0.350000 0.000000 0.000000
0.000000 0.000000 0.000000 0.000000 0.000000 0.000000 0.000000 0.000000 0.000000 0.000000 0.000000 0.000000 0.000000 0.000000 0.000000 0.000000 0.000000 0.000000 0.000000 0.000000 0.000000