geotop/1.0zi/1.0Montebello/Templates/testdem/maps/_Eocsand7530.asc
ncols         21
nrows         20
xllcorner     100.000000
yllcorner     100.000000
cellsize      50.000000
NODATA_value  -9999.0
0.000000 0.000000 0.000000 0.000000 0.000000 0.000000 0.000000 0.000000 0.000000 0.000000 0.000000 0.000000 0.000000 0.000000 0.000000 0.000000 0.000000 0.000000 0.000000 0.000000 0.000000
0.000000 0.000000 0.300189 0.300187 0.300187 0.300188 0.300187 0.300187 0.300187 0.300187 0.300188 0.300187 0.300187 0.300187 0.300187 0.300187 0.300188 0.300188 0.300188 0.000000 0.000000
0.000000 0.000000 0.300010 0.300011 0.300010 0.300009 0.300010 0.300011 0.300010 0.300010 0.300010 0.300011 0.300009 0.300010 0.300010 0.300010 0.300011 0.300011 0.300012 0.000000 0.000000
0.000000 0.000000 0.299894 0.299893 0.299898 0.299905 0.299901 0.299909 0.299904 0.299906 0.299906 0.299906 0.299906 0.299908 0.299903 0.299898 0.299896 0.299893 0.299893 0.000000 0.000000
0.000000 0.000000 0.298090 0.298086 0.298094 0.298110 0.298131 0.298140 0.298147 0.298145 0.298149 0.298147 0.298151 0.298145 0.298122 0.298116 0.298106 0.298094 0.298085 0.000000 0.000000
0.000000 0.000000 0.293163 0.293164 0.293184 0.293226 0.293257 0.293302 0.293301 0.293313 0.293306 0.293306 0.293303 0.293303 0.293281 0.293250 0.293224 0.293202 0.293191 0.000000 0.000000
0.000000 0.000000 0.286228 0.286235 0.286253 0.286301 0.286360 0.286427 0.286428 0.286436 0.286435 0.286435 0.286439 0.286433 0.286373 0.286320 0.286288 0.286262 0.286247 0.000000 0.000000
0.000000 0.000000 0.277966 0.277969 0.277982 0.278036 0.278092 0.278166 0.278167 0.278174 0.278177 0.278182 0.278186 0.278172 0.278108 0.278057 0.278009 0.277994 0.277970 0.000000 0.000000
0.000000 0.000000 0.269222 0.269236 0.269262 0.269296 0.269356 0.269436 0.269432 0.269449 0.269454 0.269457 0.269456 0.269458 0.269379 0.269316 0.269277 0.269258 0.269239 0.000000 0.000000
0.000000 0.000000 0.260096 0.260113 0.260126 0.260159 0.260245 0.260316 0.260315 0.260324 0.260336 0.260330 0.260320 0.260325 0.260258 0.260186 0.260142 0.260127 0.260112 0.000000 0.000000
0.000000 0.000000 0.250327 0.250339 0.250354 0.250424 0.250484 0.250566 0.250548 0.250592 0.250588 0.250589 0.250605 0.250576 0.250517 0.250471 0.250416 0.250386 0.250348 0.000000 0.000000
0.000000 0.000000 0.239648 0.239676 0.239708 0.239755 0.239820 0.239922 0.239926 0.239940 0.239918 0.239952 0.239944 0.239936 0.239831 0.239778 0.239740 0.239718 0.239625 0.000000 0.000000
0.000000 0.000000 0.228272 0.228300 0.228314 0.228376 0.228433 0.228683 0.228686 0.228701 0.228765 0.228734 0.228719 0.228696 0.228504 0.228450 0.228355 0.228343 0.228291 0.000000 0.000000
0.000000 0.000000 0.215226 0.215236 0.215285 0.215330 0.215624 0.215629 0.215690 0.215690 0.215683 0.215695 0.215702 0.215713 0.215719 0.215413 0.215352 0.215271 0.215206 0.000000 0.000000
0.000000 0.000000 0.200116 0.200141 0.200205 0.200559 0.200570 0.200744 0.200836 0.200854 0.200914 0.200959 0.200921 0.200932 0.200762 0.200726 0.200252 0.200310 0.200290 0.000000 0.000000
0.000000 0.000000 0.183571 0.183596 0.184100 0.184025 0.184056 0.184131 0.183963 0.184024 0.183941 0.183986 0.184061 0.183937 0.183898 0.183870 0.184145 0.183446 0.183454 0.000000 0.000000
0.000000 0.000000 0.163123 0.163913 0.163864 0.164129 0.164526 0.164647 0.164817 0.164780 0.164996 0.164985 0.164871 0.164972 0.164774 0.164480 0.163894 0.164155 0.163341 0.000000 0.000000
0.000000 0.000000 0.153059 0.152459 0.151724 0.151777 0.151823 0.152512 0.152444 0.152629 0.152366 0.152426 0.152446 0.152364 0.151765 0.151734 0.151591 0.152227 0.152803 0.000000 0.000000
0.000000 0.000000 0.300000 0.300000 0.300000 0.300000 0.300000 0.300000 0.300000 0.300000 0.300000 0.300000 0.300000 0.300000 0.300000 0.300000 0.300000 0.300000 0.300000 0.000000 0.000000
0.000000 0.000000 0.000000 0.000000 0.000000 0.000000 0.000000 0.000000 0.000000 0.000000 0.000000 0.000000 0.000000 0.000000 0.000000 0.000000 0.000000 0.000000 0.000000 0.000000 0.000000