geotop/1.0zi/1.0Montebello/Templates/testdem/maps/_Eocsand2474.asc
ncols         21
nrows         20
xllcorner     100.000000
yllcorner     100.000000
cellsize      50.000000
NODATA_value  -9999.0
0.000000 0.000000 0.000000 0.000000 0.000000 0.000000 0.000000 0.000000 0.000000 0.000000 0.000000 0.000000 0.000000 0.000000 0.000000 0.000000 0.000000 0.000000 0.000000 0.000000 0.000000
0.000000 0.000000 0.300074 0.300074 0.300074 0.300074 0.300074 0.300074 0.300074 0.300074 0.300076 0.300074 0.300074 0.300074 0.300074 0.300074 0.300074 0.300074 0.300074 0.000000 0.000000
0.000000 0.000000 0.300012 0.300013 0.300013 0.300012 0.300013 0.300012 0.300013 0.300013 0.300011 0.300013 0.300013 0.300012 0.300013 0.300012 0.300013 0.300013 0.300012 0.000000 0.000000
0.000000 0.000000 0.298374 0.298375 0.298379 0.298377 0.298374 0.298374 0.298375 0.298374 0.298374 0.298374 0.298375 0.298374 0.298374 0.298377 0.298379 0.298375 0.298374 0.000000 0.000000
0.000000 0.000000 0.291505 0.291506 0.291510 0.291509 0.291503 0.291505 0.291505 0.291502 0.291502 0.291502 0.291505 0.291505 0.291503 0.291509 0.291510 0.291506 0.291505 0.000000 0.000000
0.000000 0.000000 0.283170 0.283171 0.283174 0.283173 0.283168 0.283170 0.283170 0.283168 0.283168 0.283168 0.283170 0.283170 0.283168 0.283173 0.283174 0.283171 0.283170 0.000000 0.000000
0.000000 0.000000 0.275415 0.275416 0.275419 0.275419 0.275415 0.275416 0.275416 0.275414 0.275414 0.275414 0.275416 0.275416 0.275415 0.275419 0.275419 0.275416 0.275415 0.000000 0.000000
0.000000 0.000000 0.268319 0.268320 0.268322 0.268321 0.268318 0.268319 0.268319 0.268318 0.268317 0.268318 0.268319 0.268319 0.268318 0.268321 0.268322 0.268320 0.268319 0.000000 0.000000
0.000000 0.000000 0.261706 0.261706 0.261709 0.261708 0.261705 0.261706 0.261706 0.261705 0.261704 0.261705 0.261706 0.261706 0.261705 0.261708 0.261709 0.261706 0.261706 0.000000 0.000000
0.000000 0.000000 0.255423 0.255423 0.255426 0.255425 0.255422 0.255423 0.255423 0.255422 0.255421 0.255422 0.255423 0.255423 0.255422 0.255425 0.255426 0.255423 0.255423 0.000000 0.000000
0.000000 0.000000 0.249397 0.249398 0.249400 0.249399 0.249397 0.249398 0.249397 0.249396 0.249396 0.249396 0.249397 0.249398 0.249397 0.249399 0.249400 0.249398 0.249397 0.000000 0.000000
0.000000 0.000000 0.243573 0.243574 0.243576 0.243575 0.243573 0.243574 0.243574 0.243572 0.243572 0.243572 0.243574 0.243574 0.243573 0.243575 0.243576 0.243574 0.243573 0.000000 0.000000
0.000000 0.000000 0.237909 0.237910 0.237912 0.237911 0.237909 0.237910 0.237910 0.237909 0.237908 0.237909 0.237910 0.237910 0.237909 0.237911 0.237912 0.237910 0.237909 0.000000 0.000000
0.000000 0.000000 0.232378 0.232378 0.232381 0.232380 0.232377 0.232378 0.232378 0.232377 0.232377 0.232377 0.232378 0.232378 0.232377 0.232380 0.232381 0.232378 0.232378 0.000000 0.000000
0.000000 0.000000 0.226958 0.226958 0.226961 0.226960 0.226957 0.226958 0.226958 0.226957 0.226957 0.226957 0.226958 0.226958 0.226957 0.226960 0.226961 0.226958 0.226958 0.000000 0.000000
0.000000 0.000000 0.221640 0.221641 0.221643 0.221642 0.221640 0.221641 0.221641 0.221640 0.221639 0.221640 0.221641 0.221641 0.221640 0.221642 0.221643 0.221641 0.221640 0.000000 0.000000
0.000000 0.000000 0.216420 0.216420 0.216423 0.216422 0.216419 0.216420 0.216420 0.216419 0.216419 0.216419 0.216420 0.216420 0.216419 0.216422 0.216423 0.216420 0.216420 0.000000 0.000000
0.000000 0.000000 0.211210 0.211210 0.211212 0.211211 0.211209 0.211210 0.211210 0.211208 0.211208 0.211208 0.211210 0.211210 0.211209 0.211211 0.211212 0.211210 0.211209 0.000000 0.000000
0.000000 0.000000 0.300000 0.300000 0.300000 0.300000 0.300000 0.300000 0.300000 0.300000 0.300000 0.300000 0.300000 0.300000 0.300000 0.300000 0.300000 0.300000 0.300000 0.000000 0.000000
0.000000 0.000000 0.000000 0.000000 0.000000 0.000000 0.000000 0.000000 0.000000 0.000000 0.000000 0.000000 0.000000 0.000000 0.000000 0.000000 0.000000 0.000000 0.000000 0.000000 0.000000