geotop/1.0zi/1.0Montebello/Templates/testdem/maps/_Eocclay071H.asc
ncols         21
nrows         20
xllcorner     100.000000
yllcorner     100.000000
cellsize      50.000000
NODATA_value  -9999.0
0.000000 0.000000 0.000000 0.000000 0.000000 0.000000 0.000000 0.000000 0.000000 0.000000 0.000000 0.000000 0.000000 0.000000 0.000000 0.000000 0.000000 0.000000 0.000000 0.000000 0.000000
0.000000 0.000000 0.349494 0.349497 0.349496 0.349495 0.349497 0.349498 0.349497 0.349497 0.349496 0.349497 0.349497 0.349497 0.349497 0.349497 0.349495 0.349496 0.349496 0.000000 0.000000
0.000000 0.000000 0.349979 0.349978 0.349977 0.349980 0.349977 0.349977 0.349977 0.349977 0.349977 0.349977 0.349977 0.349977 0.349978 0.349979 0.349979 0.349978 0.349977 0.000000 0.000000
0.000000 0.000000 0.350079 0.350088 0.350086 0.350079 0.350082 0.350082 0.350086 0.350083 0.350085 0.350083 0.350084 0.350082 0.350087 0.350090 0.350089 0.350088 0.350086 0.000000 0.000000
0.000000 0.000000 0.351941 0.351928 0.351921 0.351905 0.351884 0.351879 0.351878 0.351880 0.351878 0.351882 0.351882 0.351884 0.351893 0.351899 0.351912 0.351919 0.351928 0.000000 0.000000
0.000000 0.000000 0.356607 0.356600 0.356575 0.356530 0.356495 0.356460 0.356466 0.356462 0.356459 0.356459 0.356466 0.356463 0.356481 0.356516 0.356535 0.356550 0.356555 0.000000 0.000000
0.000000 0.000000 0.362808 0.362794 0.362777 0.362731 0.362686 0.362618 0.362620 0.362616 0.362609 0.362610 0.362611 0.362611 0.362664 0.362704 0.362729 0.362745 0.362753 0.000000 0.000000
0.000000 0.000000 0.370262 0.370245 0.370223 0.370160 0.370109 0.370046 0.370048 0.370042 0.370035 0.370032 0.370029 0.370039 0.370088 0.370131 0.370171 0.370182 0.370197 0.000000 0.000000
0.000000 0.000000 0.378627 0.378604 0.378570 0.378522 0.378461 0.378387 0.378396 0.378385 0.378373 0.378370 0.378373 0.378369 0.378438 0.378492 0.378524 0.378538 0.378551 0.000000 0.000000
0.000000 0.000000 0.388203 0.388168 0.388138 0.388083 0.388014 0.387934 0.387935 0.387930 0.387912 0.387918 0.387927 0.387923 0.387978 0.388050 0.388091 0.388108 0.388113 0.000000 0.000000
0.000000 0.000000 0.399553 0.399523 0.399495 0.399374 0.399342 0.399229 0.399254 0.399203 0.399206 0.399196 0.399176 0.399207 0.399274 0.399318 0.399377 0.399399 0.399448 0.000000 0.000000
0.000000 0.000000 0.413332 0.413265 0.413183 0.413129 0.413062 0.412916 0.412903 0.412911 0.412923 0.412879 0.412901 0.412882 0.413013 0.413093 0.413123 0.413144 0.413241 0.000000 0.000000
0.000000 0.000000 0.429058 0.428996 0.428978 0.428847 0.428767 0.428351 0.428341 0.428319 0.428154 0.428267 0.428265 0.428303 0.428603 0.428664 0.428825 0.428834 0.428832 0.000000 0.000000
0.000000 0.000000 0.447748 0.447722 0.447576 0.447505 0.446948 0.447239 0.447121 0.447127 0.447234 0.447129 0.447114 0.447039 0.446784 0.447400 0.447389 0.447535 0.447615 0.000000 0.000000
0.000000 0.000000 0.464233 0.464180 0.464117 0.463608 0.463886 0.463533 0.463481 0.463449 0.463313 0.463293 0.463346 0.463361 0.463666 0.463387 0.464046 0.463879 0.463842 0.000000 0.000000
0.000000 0.000000 0.474985 0.474959 0.474633 0.474728 0.474700 0.474668 0.474799 0.474762 0.474817 0.474803 0.474751 0.474823 0.474812 0.474835 0.474567 0.475021 0.475009 0.000000 0.000000
0.000000 0.000000 0.483213 0.483018 0.482978 0.482917 0.482815 0.482774 0.482752 0.482756 0.482708 0.482709 0.482730 0.482714 0.482757 0.482831 0.482934 0.482935 0.483120 0.000000 0.000000
0.000000 0.000000 0.487418 0.487508 0.487543 0.487558 0.487538 0.487425 0.487467 0.487431 0.487486 0.487473 0.487457 0.487486 0.487573 0.487586 0.487531 0.487541 0.487446 0.000000 0.000000
0.000000 0.000000 0.350000 0.350000 0.350000 0.350000 0.350000 0.350000 0.350000 0.350000 0.350000 0.350000 0.350000 0.350000 0.350000 0.350000 0.350000 0.350000 0.350000 0.000000 0.000000
0.000000 0.000000 0.000000 0.000000 0.000000 0.000000 0.000000 0.000000 0.000000 0.000000 0.000000 0.000000 0.000000 0.000000 0.000000 0.000000 0.000000 0.000000 0.000000 0.000000 0.000000