geotop/1.0zi/1.0Montebello/Templates/testdem/maps/_Eocclay9035.asc
ncols         21
nrows         20
xllcorner     100.000000
yllcorner     100.000000
cellsize      50.000000
NODATA_value  -9999.0
0.000000 0.000000 0.000000 0.000000 0.000000 0.000000 0.000000 0.000000 0.000000 0.000000 0.000000 0.000000 0.000000 0.000000 0.000000 0.000000 0.000000 0.000000 0.000000 0.000000 0.000000
0.000000 0.000000 0.349581 0.349583 0.349583 0.349582 0.349584 0.349584 0.349584 0.349584 0.349583 0.349584 0.349584 0.349584 0.349584 0.349584 0.349582 0.349582 0.349583 0.000000 0.000000
0.000000 0.000000 0.349983 0.349981 0.349981 0.349983 0.349981 0.349981 0.349981 0.349981 0.349981 0.349981 0.349981 0.349981 0.349982 0.349982 0.349983 0.349982 0.349980 0.000000 0.000000
0.000000 0.000000 0.350023 0.350028 0.350026 0.350023 0.350024 0.350025 0.350029 0.350026 0.350029 0.350027 0.350028 0.350026 0.350028 0.350030 0.350028 0.350027 0.350026 0.000000 0.000000
0.000000 0.000000 0.351224 0.351217 0.351212 0.351201 0.351183 0.351184 0.351179 0.351180 0.351179 0.351181 0.351179 0.351181 0.351191 0.351194 0.351205 0.351206 0.351215 0.000000 0.000000
0.000000 0.000000 0.354645 0.354639 0.354618 0.354588 0.354564 0.354538 0.354543 0.354536 0.354539 0.354539 0.354544 0.354543 0.354556 0.354582 0.354595 0.354604 0.354610 0.000000 0.000000
0.000000 0.000000 0.359238 0.359228 0.359216 0.359186 0.359152 0.359101 0.359103 0.359098 0.359098 0.359099 0.359100 0.359100 0.359142 0.359173 0.359190 0.359199 0.359207 0.000000 0.000000
0.000000 0.000000 0.364692 0.364681 0.364669 0.364632 0.364596 0.364550 0.364552 0.364546 0.364545 0.364543 0.364540 0.364550 0.364588 0.364619 0.364647 0.364652 0.364666 0.000000 0.000000
0.000000 0.000000 0.370576 0.370562 0.370543 0.370518 0.370476 0.370426 0.370432 0.370421 0.370417 0.370415 0.370416 0.370415 0.370466 0.370504 0.370525 0.370530 0.370543 0.000000 0.000000
0.000000 0.000000 0.376965 0.376944 0.376933 0.376906 0.376847 0.376802 0.376804 0.376797 0.376789 0.376794 0.376800 0.376798 0.376839 0.376888 0.376914 0.376919 0.376926 0.000000 0.000000
0.000000 0.000000 0.384095 0.384081 0.384067 0.384008 0.383969 0.383910 0.383926 0.383891 0.383898 0.383893 0.383882 0.383902 0.383946 0.383975 0.384012 0.384023 0.384052 0.000000 0.000000
0.000000 0.000000 0.392225 0.392197 0.392163 0.392131 0.392078 0.392007 0.392006 0.392002 0.392015 0.391988 0.392000 0.391999 0.392076 0.392118 0.392136 0.392143 0.392207 0.000000 0.000000
0.000000 0.000000 0.401245 0.401213 0.401206 0.401142 0.401099 0.400889 0.400889 0.400878 0.400814 0.400852 0.400859 0.400879 0.401041 0.401080 0.401156 0.401154 0.401179 0.000000 0.000000
0.000000 0.000000 0.412223 0.412209 0.412153 0.412112 0.411819 0.411884 0.411829 0.411831 0.411861 0.411831 0.411825 0.411801 0.411745 0.412055 0.412079 0.412145 0.412195 0.000000 0.000000
0.000000 0.000000 0.425332 0.425290 0.425226 0.424839 0.424936 0.424732 0.424663 0.424642 0.424567 0.424530 0.424573 0.424570 0.424768 0.424686 0.425189 0.425075 0.425069 0.000000 0.000000
0.000000 0.000000 0.439185 0.439152 0.438610 0.438838 0.438767 0.438766 0.438997 0.438932 0.439053 0.439025 0.438927 0.439059 0.439023 0.439084 0.438553 0.439349 0.439336 0.000000 0.000000
0.000000 0.000000 0.454884 0.454167 0.454416 0.454096 0.453741 0.453635 0.453397 0.453455 0.453215 0.453243 0.453383 0.453235 0.453428 0.453689 0.454383 0.453828 0.454565 0.000000 0.000000
0.000000 0.000000 0.458940 0.459531 0.460023 0.460021 0.460061 0.459574 0.459672 0.459525 0.459774 0.459724 0.459681 0.459766 0.460164 0.460137 0.460101 0.459723 0.459131 0.000000 0.000000
0.000000 0.000000 0.350000 0.350000 0.350000 0.350000 0.350000 0.350000 0.350000 0.350000 0.350000 0.350000 0.350000 0.350000 0.350000 0.350000 0.350000 0.350000 0.350000 0.000000 0.000000
0.000000 0.000000 0.000000 0.000000 0.000000 0.000000 0.000000 0.000000 0.000000 0.000000 0.000000 0.000000 0.000000 0.000000 0.000000 0.000000 0.000000 0.000000 0.000000 0.000000 0.000000