geotop/1.0zi/1.0Montebello/Templates/testdem/maps/_Eocsand7264.asc
ncols         21
nrows         20
xllcorner     100.000000
yllcorner     100.000000
cellsize      50.000000
NODATA_value  -9999.0
0.000000 0.000000 0.000000 0.000000 0.000000 0.000000 0.000000 0.000000 0.000000 0.000000 0.000000 0.000000 0.000000 0.000000 0.000000 0.000000 0.000000 0.000000 0.000000 0.000000 0.000000
0.000000 0.000000 0.300181 0.300179 0.300179 0.300180 0.300179 0.300179 0.300179 0.300179 0.300180 0.300179 0.300179 0.300179 0.300179 0.300179 0.300180 0.300180 0.300180 0.000000 0.000000
0.000000 0.000000 0.300010 0.300011 0.300010 0.300009 0.300010 0.300011 0.300010 0.300010 0.300010 0.300011 0.300009 0.300010 0.300010 0.300010 0.300011 0.300011 0.300012 0.000000 0.000000
0.000000 0.000000 0.299958 0.299957 0.299962 0.299967 0.299965 0.299968 0.299963 0.299967 0.299966 0.299966 0.299966 0.299967 0.299965 0.299960 0.299959 0.299955 0.299956 0.000000 0.000000
0.000000 0.000000 0.298418 0.298415 0.298423 0.298435 0.298455 0.298463 0.298466 0.298466 0.298468 0.298467 0.298471 0.298465 0.298447 0.298442 0.298436 0.298427 0.298414 0.000000 0.000000
0.000000 0.000000 0.293857 0.293857 0.293877 0.293916 0.293945 0.293988 0.293986 0.293998 0.293990 0.293990 0.293987 0.293987 0.293968 0.293940 0.293917 0.293897 0.293884 0.000000 0.000000
0.000000 0.000000 0.287340 0.287346 0.287364 0.287408 0.287465 0.287525 0.287524 0.287533 0.287530 0.287531 0.287535 0.287529 0.287479 0.287428 0.287400 0.287374 0.287357 0.000000 0.000000
0.000000 0.000000 0.279550 0.279553 0.279565 0.279614 0.279669 0.279739 0.279737 0.279746 0.279747 0.279753 0.279756 0.279743 0.279685 0.279637 0.279592 0.279579 0.279553 0.000000 0.000000
0.000000 0.000000 0.271345 0.271358 0.271383 0.271414 0.271471 0.271546 0.271541 0.271558 0.271562 0.271566 0.271565 0.271566 0.271494 0.271434 0.271399 0.271382 0.271361 0.000000 0.000000
0.000000 0.000000 0.262831 0.262847 0.262860 0.262888 0.262970 0.263037 0.263034 0.263044 0.263054 0.263049 0.263039 0.263044 0.262983 0.262915 0.262875 0.262862 0.262846 0.000000 0.000000
0.000000 0.000000 0.253788 0.253798 0.253813 0.253876 0.253930 0.254010 0.253991 0.254034 0.254029 0.254031 0.254045 0.254017 0.253965 0.253922 0.253873 0.253845 0.253808 0.000000 0.000000
0.000000 0.000000 0.243989 0.244015 0.244045 0.244087 0.244147 0.244243 0.244243 0.244260 0.244237 0.244270 0.244263 0.244254 0.244160 0.244112 0.244078 0.244059 0.243969 0.000000 0.000000
0.000000 0.000000 0.233615 0.233641 0.233655 0.233709 0.233762 0.233987 0.233989 0.234005 0.234059 0.234034 0.234020 0.233998 0.233827 0.233778 0.233696 0.233686 0.233631 0.000000 0.000000
0.000000 0.000000 0.221851 0.221862 0.221905 0.221945 0.222200 0.222221 0.222272 0.222274 0.222271 0.222281 0.222286 0.222293 0.222291 0.222025 0.221969 0.221899 0.221834 0.000000 0.000000
0.000000 0.000000 0.208346 0.208367 0.208426 0.208724 0.208753 0.208903 0.208984 0.209002 0.209051 0.209092 0.209058 0.209068 0.208929 0.208876 0.208475 0.208520 0.208493 0.000000 0.000000
0.000000 0.000000 0.193618 0.193641 0.194064 0.194028 0.194051 0.194130 0.193996 0.194051 0.193985 0.194029 0.194088 0.193985 0.193942 0.193917 0.194110 0.193537 0.193536 0.000000 0.000000
0.000000 0.000000 0.175627 0.176276 0.176288 0.176494 0.176821 0.176928 0.177046 0.177025 0.177192 0.177190 0.177103 0.177173 0.177013 0.176770 0.176321 0.176466 0.175796 0.000000 0.000000
0.000000 0.000000 0.165700 0.165292 0.164686 0.164754 0.164834 0.165413 0.165373 0.165523 0.165328 0.165379 0.165382 0.165325 0.164817 0.164760 0.164583 0.165134 0.165514 0.000000 0.000000
0.000000 0.000000 0.300000 0.300000 0.300000 0.300000 0.300000 0.300000 0.300000 0.300000 0.300000 0.300000 0.300000 0.300000 0.300000 0.300000 0.300000 0.300000 0.300000 0.000000 0.000000
0.000000 0.000000 0.000000 0.000000 0.000000 0.000000 0.000000 0.000000 0.000000 0.000000 0.000000 0.000000 0.000000 0.000000 0.000000 0.000000 0.000000 0.000000 0.000000 0.000000 0.000000