geotop/1.0zi/1.0Montebello/Templates/testdem/maps/_Eocsand3115.asc
ncols         21
nrows         20
xllcorner     100.000000
yllcorner     100.000000
cellsize      50.000000
NODATA_value  -9999.0
0.000000 0.000000 0.000000 0.000000 0.000000 0.000000 0.000000 0.000000 0.000000 0.000000 0.000000 0.000000 0.000000 0.000000 0.000000 0.000000 0.000000 0.000000 0.000000 0.000000 0.000000
0.000000 0.000000 0.300087 0.300087 0.300087 0.300087 0.300087 0.300087 0.300087 0.300087 0.300088 0.300087 0.300087 0.300087 0.300087 0.300087 0.300087 0.300087 0.300087 0.000000 0.000000
0.000000 0.000000 0.300011 0.300011 0.300011 0.300011 0.300011 0.300011 0.300011 0.300011 0.300010 0.300011 0.300011 0.300011 0.300011 0.300011 0.300011 0.300011 0.300011 0.000000 0.000000
0.000000 0.000000 0.297439 0.297440 0.297444 0.297442 0.297439 0.297439 0.297439 0.297439 0.297438 0.297439 0.297439 0.297439 0.297439 0.297442 0.297444 0.297440 0.297439 0.000000 0.000000
0.000000 0.000000 0.287919 0.287921 0.287925 0.287924 0.287919 0.287920 0.287920 0.287918 0.287917 0.287918 0.287920 0.287920 0.287919 0.287924 0.287925 0.287921 0.287919 0.000000 0.000000
0.000000 0.000000 0.276961 0.276963 0.276966 0.276966 0.276961 0.276963 0.276962 0.276961 0.276959 0.276961 0.276962 0.276963 0.276961 0.276966 0.276966 0.276963 0.276961 0.000000 0.000000
0.000000 0.000000 0.266907 0.266908 0.266911 0.266910 0.266907 0.266908 0.266908 0.266906 0.266905 0.266906 0.266908 0.266908 0.266907 0.266910 0.266911 0.266908 0.266907 0.000000 0.000000
0.000000 0.000000 0.257795 0.257796 0.257798 0.257798 0.257795 0.257796 0.257796 0.257794 0.257793 0.257794 0.257796 0.257796 0.257795 0.257798 0.257798 0.257796 0.257795 0.000000 0.000000
0.000000 0.000000 0.249376 0.249377 0.249379 0.249379 0.249376 0.249377 0.249377 0.249375 0.249374 0.249375 0.249377 0.249377 0.249376 0.249379 0.249379 0.249377 0.249376 0.000000 0.000000
0.000000 0.000000 0.241447 0.241448 0.241450 0.241450 0.241447 0.241448 0.241448 0.241447 0.241446 0.241447 0.241448 0.241448 0.241447 0.241450 0.241450 0.241448 0.241447 0.000000 0.000000
0.000000 0.000000 0.233910 0.233911 0.233913 0.233913 0.233910 0.233911 0.233911 0.233910 0.233909 0.233910 0.233911 0.233911 0.233910 0.233913 0.233913 0.233911 0.233910 0.000000 0.000000
0.000000 0.000000 0.226693 0.226694 0.226696 0.226695 0.226693 0.226694 0.226694 0.226693 0.226692 0.226693 0.226694 0.226694 0.226693 0.226695 0.226696 0.226694 0.226693 0.000000 0.000000
0.000000 0.000000 0.219744 0.219744 0.219747 0.219746 0.219744 0.219745 0.219744 0.219743 0.219742 0.219743 0.219744 0.219745 0.219744 0.219746 0.219747 0.219744 0.219744 0.000000 0.000000
0.000000 0.000000 0.213001 0.213002 0.213004 0.213004 0.213001 0.213002 0.213002 0.213001 0.213000 0.213001 0.213002 0.213002 0.213001 0.213004 0.213004 0.213002 0.213001 0.000000 0.000000
0.000000 0.000000 0.206452 0.206453 0.206455 0.206454 0.206452 0.206453 0.206453 0.206452 0.206451 0.206452 0.206453 0.206453 0.206452 0.206454 0.206455 0.206453 0.206452 0.000000 0.000000
0.000000 0.000000 0.200084 0.200085 0.200087 0.200086 0.200084 0.200085 0.200085 0.200084 0.200083 0.200084 0.200085 0.200085 0.200084 0.200086 0.200087 0.200085 0.200084 0.000000 0.000000
0.000000 0.000000 0.193877 0.193877 0.193879 0.193879 0.193877 0.193877 0.193877 0.193876 0.193875 0.193876 0.193877 0.193877 0.193877 0.193879 0.193879 0.193877 0.193877 0.000000 0.000000
0.000000 0.000000 0.187685 0.187685 0.187687 0.187686 0.187684 0.187685 0.187685 0.187684 0.187683 0.187684 0.187685 0.187685 0.187684 0.187686 0.187687 0.187685 0.187684 0.000000 0.000000
0.000000 0.000000 0.300000 0.300000 0.300000 0.300000 0.300000 0.300000 0.300000 0.300000 0.300000 0.300000 0.300000 0.300000 0.300000 0.300000 0.300000 0.300000 0.300000 0.000000 0.000000
0.000000 0.000000 0.000000 0.000000 0.000000 0.000000 0.000000 0.000000 0.000000 0.000000 0.000000 0.000000 0.000000 0.000000 0.000000 0.000000 0.000000 0.000000 0.000000 0.000000 0.000000