geotop/1.0zi/1.0Montebello/Templates/testdem/maps/_Eocsand4280.asc
ncols         21
nrows         20
xllcorner     100.000000
yllcorner     100.000000
cellsize      50.000000
NODATA_value  -9999.0
0.000000 0.000000 0.000000 0.000000 0.000000 0.000000 0.000000 0.000000 0.000000 0.000000 0.000000 0.000000 0.000000 0.000000 0.000000 0.000000 0.000000 0.000000 0.000000 0.000000 0.000000
0.000000 0.000000 0.300107 0.300107 0.300106 0.300106 0.300106 0.300106 0.300106 0.300106 0.300106 0.300106 0.300106 0.300106 0.300106 0.300106 0.300106 0.300107 0.300107 0.000000 0.000000
0.000000 0.000000 0.300005 0.300004 0.300004 0.300004 0.300004 0.300004 0.300004 0.300004 0.300004 0.300004 0.300004 0.300004 0.300004 0.300004 0.300006 0.300006 0.300005 0.000000 0.000000
0.000000 0.000000 0.299975 0.299973 0.299976 0.299979 0.299977 0.299979 0.299977 0.299978 0.299978 0.299979 0.299979 0.299981 0.299976 0.299973 0.299973 0.299972 0.299974 0.000000 0.000000
0.000000 0.000000 0.299285 0.299284 0.299289 0.299288 0.299295 0.299299 0.299300 0.299304 0.299306 0.299301 0.299304 0.299304 0.299299 0.299300 0.299300 0.299296 0.299290 0.000000 0.000000
0.000000 0.000000 0.296981 0.296980 0.296990 0.297004 0.297010 0.297031 0.297033 0.297042 0.297034 0.297032 0.297029 0.297035 0.297036 0.297025 0.297016 0.297011 0.297004 0.000000 0.000000
0.000000 0.000000 0.293493 0.293501 0.293512 0.293537 0.293563 0.293597 0.293595 0.293602 0.293596 0.293597 0.293601 0.293601 0.293578 0.293549 0.293536 0.293528 0.293516 0.000000 0.000000
0.000000 0.000000 0.289510 0.289519 0.289530 0.289561 0.289588 0.289622 0.289618 0.289625 0.289624 0.289623 0.289630 0.289633 0.289601 0.289571 0.289553 0.289547 0.289535 0.000000 0.000000
0.000000 0.000000 0.285505 0.285517 0.285534 0.285557 0.285584 0.285625 0.285622 0.285630 0.285629 0.285626 0.285632 0.285632 0.285603 0.285568 0.285553 0.285546 0.285529 0.000000 0.000000
0.000000 0.000000 0.281521 0.281533 0.281547 0.281572 0.281605 0.281640 0.281635 0.281641 0.281640 0.281638 0.281645 0.281650 0.281616 0.281581 0.281567 0.281560 0.281547 0.000000 0.000000
0.000000 0.000000 0.277487 0.277500 0.277515 0.277535 0.277558 0.277602 0.277597 0.277607 0.277606 0.277603 0.277610 0.277613 0.277586 0.277560 0.277541 0.277533 0.277518 0.000000 0.000000
0.000000 0.000000 0.273321 0.273334 0.273352 0.273381 0.273407 0.273449 0.273449 0.273455 0.273454 0.273454 0.273459 0.273464 0.273426 0.273395 0.273377 0.273371 0.273324 0.000000 0.000000
0.000000 0.000000 0.269109 0.269122 0.269141 0.269164 0.269195 0.269281 0.269279 0.269288 0.269288 0.269286 0.269294 0.269295 0.269224 0.269187 0.269170 0.269162 0.269132 0.000000 0.000000
0.000000 0.000000 0.264661 0.264681 0.264698 0.264722 0.264807 0.264831 0.264844 0.264851 0.264849 0.264848 0.264857 0.264860 0.264837 0.264751 0.264732 0.264714 0.264695 0.000000 0.000000
0.000000 0.000000 0.259880 0.259897 0.259931 0.260011 0.260053 0.260106 0.260133 0.260142 0.260154 0.260154 0.260154 0.260167 0.260128 0.260066 0.259971 0.259974 0.259959 0.000000 0.000000
0.000000 0.000000 0.254957 0.254976 0.255077 0.255100 0.255125 0.255153 0.255156 0.255160 0.255155 0.255156 0.255172 0.255159 0.255148 0.255121 0.255116 0.255018 0.254991 0.000000 0.000000
0.000000 0.000000 0.249508 0.249633 0.249724 0.249765 0.249826 0.249860 0.249867 0.249872 0.249885 0.249883 0.249887 0.249899 0.249878 0.249805 0.249758 0.249705 0.249584 0.000000 0.000000
0.000000 0.000000 0.245227 0.245265 0.245206 0.245258 0.245314 0.245429 0.245440 0.245452 0.245447 0.245448 0.245459 0.245455 0.245356 0.245291 0.245218 0.245317 0.245262 0.000000 0.000000
0.000000 0.000000 0.300000 0.300000 0.300000 0.300000 0.300000 0.300000 0.300000 0.300000 0.300000 0.300000 0.300000 0.300000 0.300000 0.300000 0.300000 0.300000 0.300000 0.000000 0.000000
0.000000 0.000000 0.000000 0.000000 0.000000 0.000000 0.000000 0.000000 0.000000 0.000000 0.000000 0.000000 0.000000 0.000000 0.000000 0.000000 0.000000 0.000000 0.000000 0.000000 0.000000