geotop/1.0zi/1.0Montebello/Templates/testdem/maps/_Eocsand4317.asc
ncols         21
nrows         20
xllcorner     100.000000
yllcorner     100.000000
cellsize      50.000000
NODATA_value  -9999.0
0.000000 0.000000 0.000000 0.000000 0.000000 0.000000 0.000000 0.000000 0.000000 0.000000 0.000000 0.000000 0.000000 0.000000 0.000000 0.000000 0.000000 0.000000 0.000000 0.000000 0.000000
0.000000 0.000000 0.300107 0.300107 0.300106 0.300106 0.300106 0.300106 0.300106 0.300106 0.300106 0.300106 0.300106 0.300106 0.300106 0.300106 0.300106 0.300107 0.300107 0.000000 0.000000
0.000000 0.000000 0.300005 0.300004 0.300004 0.300004 0.300004 0.300004 0.300004 0.300004 0.300004 0.300004 0.300004 0.300004 0.300004 0.300004 0.300006 0.300006 0.300005 0.000000 0.000000
0.000000 0.000000 0.299975 0.299973 0.299976 0.299979 0.299977 0.299979 0.299977 0.299978 0.299978 0.299979 0.299979 0.299981 0.299976 0.299973 0.299973 0.299972 0.299974 0.000000 0.000000
0.000000 0.000000 0.299285 0.299284 0.299289 0.299288 0.299295 0.299299 0.299300 0.299304 0.299306 0.299301 0.299304 0.299304 0.299299 0.299300 0.299300 0.299296 0.299290 0.000000 0.000000
0.000000 0.000000 0.296981 0.296980 0.296990 0.297004 0.297010 0.297031 0.297033 0.297042 0.297034 0.297032 0.297029 0.297035 0.297036 0.297025 0.297016 0.297011 0.297004 0.000000 0.000000
0.000000 0.000000 0.293492 0.293500 0.293511 0.293537 0.293562 0.293596 0.293594 0.293601 0.293595 0.293596 0.293600 0.293600 0.293577 0.293548 0.293536 0.293527 0.293515 0.000000 0.000000
0.000000 0.000000 0.289493 0.289500 0.289511 0.289541 0.289568 0.289602 0.289598 0.289604 0.289603 0.289603 0.289610 0.289613 0.289581 0.289551 0.289533 0.289528 0.289516 0.000000 0.000000
0.000000 0.000000 0.285457 0.285468 0.285485 0.285507 0.285533 0.285574 0.285571 0.285579 0.285578 0.285576 0.285582 0.285583 0.285553 0.285518 0.285504 0.285496 0.285480 0.000000 0.000000
0.000000 0.000000 0.281439 0.281451 0.281465 0.281489 0.281521 0.281557 0.281551 0.281557 0.281556 0.281555 0.281562 0.281566 0.281533 0.281498 0.281484 0.281477 0.281464 0.000000 0.000000
0.000000 0.000000 0.277371 0.277383 0.277398 0.277416 0.277440 0.277483 0.277478 0.277488 0.277487 0.277484 0.277492 0.277495 0.277467 0.277442 0.277423 0.277415 0.277400 0.000000 0.000000
0.000000 0.000000 0.273169 0.273181 0.273198 0.273226 0.273252 0.273293 0.273293 0.273299 0.273298 0.273299 0.273304 0.273309 0.273271 0.273240 0.273223 0.273216 0.273170 0.000000 0.000000
0.000000 0.000000 0.268918 0.268931 0.268949 0.268971 0.269002 0.269088 0.269086 0.269094 0.269095 0.269093 0.269101 0.269103 0.269031 0.268994 0.268977 0.268970 0.268940 0.000000 0.000000
0.000000 0.000000 0.264429 0.264449 0.264464 0.264488 0.264573 0.264597 0.264610 0.264617 0.264615 0.264615 0.264624 0.264627 0.264603 0.264516 0.264498 0.264480 0.264462 0.000000 0.000000
0.000000 0.000000 0.259601 0.259619 0.259652 0.259732 0.259773 0.259827 0.259853 0.259863 0.259875 0.259876 0.259876 0.259888 0.259849 0.259787 0.259692 0.259695 0.259680 0.000000 0.000000
0.000000 0.000000 0.254630 0.254648 0.254749 0.254771 0.254796 0.254824 0.254827 0.254830 0.254826 0.254827 0.254843 0.254831 0.254820 0.254792 0.254788 0.254689 0.254663 0.000000 0.000000
0.000000 0.000000 0.249124 0.249249 0.249340 0.249380 0.249441 0.249475 0.249482 0.249488 0.249501 0.249499 0.249503 0.249516 0.249494 0.249421 0.249374 0.249321 0.249199 0.000000 0.000000
0.000000 0.000000 0.244801 0.244839 0.244778 0.244829 0.244884 0.245000 0.245010 0.245023 0.245018 0.245019 0.245030 0.245027 0.244926 0.244861 0.244789 0.244890 0.244835 0.000000 0.000000
0.000000 0.000000 0.300000 0.300000 0.300000 0.300000 0.300000 0.300000 0.300000 0.300000 0.300000 0.300000 0.300000 0.300000 0.300000 0.300000 0.300000 0.300000 0.300000 0.000000 0.000000
0.000000 0.000000 0.000000 0.000000 0.000000 0.000000 0.000000 0.000000 0.000000 0.000000 0.000000 0.000000 0.000000 0.000000 0.000000 0.000000 0.000000 0.000000 0.000000 0.000000 0.000000