geotop/1.0zi/1.0Montebello/Templates/testdem/maps/_Eocclay1241.asc
ncols         21
nrows         20
xllcorner     100.000000
yllcorner     100.000000
cellsize      50.000000
NODATA_value  -9999.0
0.000000 0.000000 0.000000 0.000000 0.000000 0.000000 0.000000 0.000000 0.000000 0.000000 0.000000 0.000000 0.000000 0.000000 0.000000 0.000000 0.000000 0.000000 0.000000 0.000000 0.000000
0.000000 0.000000 0.349936 0.349936 0.349937 0.349936 0.349936 0.349936 0.349936 0.349936 0.349936 0.349936 0.349936 0.349936 0.349936 0.349936 0.349937 0.349936 0.349936 0.000000 0.000000
0.000000 0.000000 0.349994 0.349993 0.349993 0.349994 0.349993 0.349994 0.349993 0.349993 0.349993 0.349993 0.349993 0.349994 0.349993 0.349994 0.349993 0.349993 0.349994 0.000000 0.000000
0.000000 0.000000 0.350545 0.350544 0.350542 0.350543 0.350545 0.350544 0.350544 0.350545 0.350545 0.350545 0.350544 0.350544 0.350545 0.350543 0.350542 0.350544 0.350545 0.000000 0.000000
0.000000 0.000000 0.352466 0.352465 0.352463 0.352463 0.352467 0.352466 0.352466 0.352467 0.352467 0.352467 0.352466 0.352466 0.352467 0.352463 0.352463 0.352465 0.352466 0.000000 0.000000
0.000000 0.000000 0.354576 0.354575 0.354573 0.354574 0.354576 0.354576 0.354576 0.354576 0.354576 0.354576 0.354576 0.354576 0.354576 0.354574 0.354573 0.354575 0.354576 0.000000 0.000000
0.000000 0.000000 0.356581 0.356581 0.356579 0.356579 0.356581 0.356581 0.356581 0.356582 0.356581 0.356582 0.356581 0.356581 0.356581 0.356579 0.356579 0.356581 0.356581 0.000000 0.000000
0.000000 0.000000 0.358428 0.358427 0.358426 0.358426 0.358428 0.358428 0.358428 0.358428 0.358428 0.358428 0.358428 0.358428 0.358428 0.358426 0.358426 0.358427 0.358428 0.000000 0.000000
0.000000 0.000000 0.360157 0.360157 0.360155 0.360156 0.360157 0.360157 0.360157 0.360157 0.360157 0.360157 0.360157 0.360157 0.360157 0.360156 0.360155 0.360157 0.360157 0.000000 0.000000
0.000000 0.000000 0.361815 0.361815 0.361814 0.361814 0.361815 0.361815 0.361815 0.361816 0.361815 0.361816 0.361815 0.361815 0.361815 0.361814 0.361814 0.361815 0.361815 0.000000 0.000000
0.000000 0.000000 0.363419 0.363419 0.363418 0.363418 0.363420 0.363419 0.363419 0.363420 0.363420 0.363420 0.363419 0.363419 0.363420 0.363418 0.363418 0.363419 0.363419 0.000000 0.000000
0.000000 0.000000 0.364987 0.364986 0.364985 0.364985 0.364987 0.364986 0.364986 0.364987 0.364987 0.364987 0.364986 0.364986 0.364987 0.364985 0.364985 0.364986 0.364987 0.000000 0.000000
0.000000 0.000000 0.366528 0.366528 0.366526 0.366527 0.366528 0.366528 0.366528 0.366528 0.366528 0.366528 0.366528 0.366528 0.366528 0.366527 0.366526 0.366528 0.366528 0.000000 0.000000
0.000000 0.000000 0.368043 0.368043 0.368041 0.368042 0.368043 0.368043 0.368043 0.368043 0.368043 0.368043 0.368043 0.368043 0.368043 0.368042 0.368041 0.368043 0.368043 0.000000 0.000000
0.000000 0.000000 0.369539 0.369539 0.369537 0.369538 0.369539 0.369539 0.369539 0.369539 0.369539 0.369539 0.369539 0.369539 0.369539 0.369538 0.369537 0.369539 0.369539 0.000000 0.000000
0.000000 0.000000 0.371022 0.371022 0.371020 0.371021 0.371022 0.371022 0.371022 0.371022 0.371022 0.371022 0.371022 0.371022 0.371022 0.371021 0.371020 0.371022 0.371022 0.000000 0.000000
0.000000 0.000000 0.372491 0.372491 0.372490 0.372490 0.372491 0.372491 0.372491 0.372492 0.372492 0.372492 0.372491 0.372491 0.372491 0.372490 0.372490 0.372491 0.372491 0.000000 0.000000
0.000000 0.000000 0.373992 0.373992 0.373990 0.373991 0.373992 0.373992 0.373992 0.373992 0.373992 0.373992 0.373992 0.373992 0.373992 0.373991 0.373990 0.373992 0.373992 0.000000 0.000000
0.000000 0.000000 0.350000 0.350000 0.350000 0.350000 0.350000 0.350000 0.350000 0.350000 0.350000 0.350000 0.350000 0.350000 0.350000 0.350000 0.350000 0.350000 0.350000 0.000000 0.000000
0.000000 0.000000 0.000000 0.000000 0.000000 0.000000 0.000000 0.000000 0.000000 0.000000 0.000000 0.000000 0.000000 0.000000 0.000000 0.000000 0.000000 0.000000 0.000000 0.000000 0.000000