geotop/1.0zi/1.0Montebello/Templates/testdem/maps/_Eocsilt2423.asc
ncols         21
nrows         20
xllcorner     100.000000
yllcorner     100.000000
cellsize      50.000000
NODATA_value  -9999.0
0.000000 0.000000 0.000000 0.000000 0.000000 0.000000 0.000000 0.000000 0.000000 0.000000 0.000000 0.000000 0.000000 0.000000 0.000000 0.000000 0.000000 0.000000 0.000000 0.000000 0.000000
0.000000 0.000000 0.350059 0.350059 0.350059 0.350059 0.350059 0.350059 0.350059 0.350059 0.350058 0.350059 0.350059 0.350059 0.350059 0.350059 0.350059 0.350059 0.350059 0.000000 0.000000
0.000000 0.000000 0.349998 0.349998 0.349998 0.349998 0.349998 0.349998 0.349998 0.349998 0.349999 0.349998 0.349998 0.349998 0.349998 0.349998 0.349998 0.349998 0.349998 0.000000 0.000000
0.000000 0.000000 0.350804 0.350803 0.350801 0.350802 0.350804 0.350804 0.350804 0.350804 0.350804 0.350804 0.350804 0.350804 0.350804 0.350802 0.350801 0.350803 0.350804 0.000000 0.000000
0.000000 0.000000 0.353959 0.353958 0.353957 0.353957 0.353959 0.353959 0.353959 0.353960 0.353960 0.353960 0.353959 0.353959 0.353959 0.353957 0.353957 0.353958 0.353959 0.000000 0.000000
0.000000 0.000000 0.358059 0.358058 0.358057 0.358057 0.358059 0.358058 0.358058 0.358059 0.358060 0.358059 0.358058 0.358058 0.358059 0.358057 0.358057 0.358058 0.358059 0.000000 0.000000
0.000000 0.000000 0.361811 0.361810 0.361809 0.361809 0.361811 0.361810 0.361810 0.361811 0.361812 0.361811 0.361810 0.361810 0.361811 0.361809 0.361809 0.361810 0.361811 0.000000 0.000000
0.000000 0.000000 0.365236 0.365235 0.365234 0.365234 0.365236 0.365235 0.365235 0.365236 0.365236 0.365236 0.365235 0.365235 0.365236 0.365234 0.365234 0.365235 0.365236 0.000000 0.000000
0.000000 0.000000 0.368427 0.368427 0.368426 0.368426 0.368427 0.368427 0.368427 0.368428 0.368428 0.368428 0.368427 0.368427 0.368427 0.368426 0.368426 0.368427 0.368427 0.000000 0.000000
0.000000 0.000000 0.371459 0.371459 0.371458 0.371458 0.371460 0.371459 0.371459 0.371460 0.371460 0.371460 0.371459 0.371459 0.371460 0.371458 0.371458 0.371459 0.371459 0.000000 0.000000
0.000000 0.000000 0.374368 0.374368 0.374367 0.374367 0.374368 0.374368 0.374368 0.374369 0.374369 0.374369 0.374368 0.374368 0.374368 0.374367 0.374367 0.374368 0.374368 0.000000 0.000000
0.000000 0.000000 0.377179 0.377179 0.377178 0.377178 0.377180 0.377179 0.377179 0.377180 0.377180 0.377180 0.377179 0.377179 0.377180 0.377178 0.377178 0.377179 0.377179 0.000000 0.000000
0.000000 0.000000 0.379914 0.379914 0.379912 0.379913 0.379914 0.379914 0.379914 0.379914 0.379915 0.379914 0.379914 0.379914 0.379914 0.379913 0.379912 0.379914 0.379914 0.000000 0.000000
0.000000 0.000000 0.382587 0.382586 0.382585 0.382586 0.382587 0.382587 0.382587 0.382587 0.382587 0.382587 0.382587 0.382587 0.382587 0.382586 0.382585 0.382586 0.382587 0.000000 0.000000
0.000000 0.000000 0.385208 0.385207 0.385206 0.385207 0.385208 0.385207 0.385207 0.385208 0.385208 0.385208 0.385207 0.385207 0.385208 0.385207 0.385206 0.385207 0.385208 0.000000 0.000000
0.000000 0.000000 0.387779 0.387779 0.387778 0.387778 0.387779 0.387779 0.387779 0.387780 0.387780 0.387780 0.387779 0.387779 0.387779 0.387778 0.387778 0.387779 0.387779 0.000000 0.000000
0.000000 0.000000 0.390305 0.390305 0.390304 0.390304 0.390306 0.390305 0.390305 0.390306 0.390306 0.390306 0.390305 0.390305 0.390306 0.390304 0.390304 0.390305 0.390305 0.000000 0.000000
0.000000 0.000000 0.392821 0.392821 0.392820 0.392821 0.392822 0.392821 0.392821 0.392822 0.392822 0.392822 0.392821 0.392821 0.392822 0.392821 0.392820 0.392821 0.392822 0.000000 0.000000
0.000000 0.000000 0.350000 0.350000 0.350000 0.350000 0.350000 0.350000 0.350000 0.350000 0.350000 0.350000 0.350000 0.350000 0.350000 0.350000 0.350000 0.350000 0.350000 0.000000 0.000000
0.000000 0.000000 0.000000 0.000000 0.000000 0.000000 0.000000 0.000000 0.000000 0.000000 0.000000 0.000000 0.000000 0.000000 0.000000 0.000000 0.000000 0.000000 0.000000 0.000000 0.000000