geotop/1.0zi/1.0Montebello/Templates/testdem/maps/_Eocclay5788.asc
ncols         21
nrows         20
xllcorner     100.000000
yllcorner     100.000000
cellsize      50.000000
NODATA_value  -9999.0
0.000000 0.000000 0.000000 0.000000 0.000000 0.000000 0.000000 0.000000 0.000000 0.000000 0.000000 0.000000 0.000000 0.000000 0.000000 0.000000 0.000000 0.000000 0.000000 0.000000 0.000000
0.000000 0.000000 0.349742 0.349743 0.349743 0.349743 0.349743 0.349743 0.349743 0.349743 0.349743 0.349743 0.349743 0.349743 0.349743 0.349743 0.349742 0.349742 0.349742 0.000000 0.000000
0.000000 0.000000 0.349989 0.349989 0.349989 0.349989 0.349989 0.349989 0.349989 0.349989 0.349989 0.349988 0.349989 0.349989 0.349989 0.349989 0.349989 0.349989 0.349989 0.000000 0.000000
0.000000 0.000000 0.349987 0.349989 0.349987 0.349988 0.349989 0.349989 0.349989 0.349988 0.349989 0.349988 0.349988 0.349987 0.349990 0.349991 0.349989 0.349990 0.349989 0.000000 0.000000
0.000000 0.000000 0.350478 0.350478 0.350479 0.350474 0.350463 0.350460 0.350461 0.350462 0.350461 0.350462 0.350457 0.350458 0.350462 0.350461 0.350466 0.350468 0.350472 0.000000 0.000000
0.000000 0.000000 0.352081 0.352082 0.352077 0.352058 0.352052 0.352036 0.352036 0.352032 0.352035 0.352035 0.352038 0.352037 0.352041 0.352053 0.352059 0.352070 0.352075 0.000000 0.000000
0.000000 0.000000 0.354403 0.354401 0.354399 0.354383 0.354363 0.354335 0.354335 0.354331 0.354333 0.354335 0.354335 0.354333 0.354353 0.354374 0.354383 0.354392 0.354398 0.000000 0.000000
0.000000 0.000000 0.357243 0.357243 0.357241 0.357222 0.357202 0.357173 0.357174 0.357171 0.357172 0.357171 0.357169 0.357173 0.357194 0.357211 0.357226 0.357231 0.357240 0.000000 0.000000
0.000000 0.000000 0.360124 0.360121 0.360116 0.360105 0.360085 0.360057 0.360059 0.360054 0.360051 0.360053 0.360052 0.360050 0.360075 0.360095 0.360108 0.360111 0.360119 0.000000 0.000000
0.000000 0.000000 0.363044 0.363038 0.363037 0.363029 0.363000 0.362974 0.362977 0.362973 0.362970 0.362974 0.362977 0.362973 0.362994 0.363017 0.363031 0.363033 0.363039 0.000000 0.000000
0.000000 0.000000 0.366076 0.366073 0.366072 0.366053 0.366033 0.366004 0.366010 0.365996 0.365997 0.365998 0.365995 0.366002 0.366018 0.366033 0.366048 0.366056 0.366069 0.000000 0.000000
0.000000 0.000000 0.369257 0.369250 0.369243 0.369229 0.369211 0.369177 0.369179 0.369171 0.369179 0.369171 0.369172 0.369174 0.369204 0.369218 0.369228 0.369233 0.369265 0.000000 0.000000
0.000000 0.000000 0.372529 0.372523 0.372521 0.372505 0.372489 0.372419 0.372419 0.372413 0.372399 0.372408 0.372413 0.372417 0.372467 0.372480 0.372504 0.372507 0.372529 0.000000 0.000000
0.000000 0.000000 0.376084 0.376080 0.376072 0.376062 0.375995 0.375977 0.375962 0.375961 0.375956 0.375958 0.375959 0.375956 0.375964 0.376030 0.376051 0.376068 0.376091 0.000000 0.000000
0.000000 0.000000 0.380004 0.379998 0.379985 0.379916 0.379894 0.379854 0.379827 0.379823 0.379810 0.379804 0.379811 0.379805 0.379834 0.379866 0.379965 0.379957 0.379971 0.000000 0.000000
0.000000 0.000000 0.384149 0.384144 0.384055 0.384039 0.384034 0.384008 0.384026 0.384015 0.384023 0.384013 0.384002 0.384020 0.384035 0.384043 0.384036 0.384152 0.384155 0.000000 0.000000
0.000000 0.000000 0.388902 0.388779 0.388737 0.388701 0.388642 0.388612 0.388602 0.388600 0.388573 0.388570 0.388581 0.388575 0.388609 0.388653 0.388723 0.388750 0.388875 0.000000 0.000000
0.000000 0.000000 0.392366 0.392372 0.392481 0.392451 0.392404 0.392288 0.392286 0.392260 0.392277 0.392270 0.392278 0.392280 0.392385 0.392419 0.392495 0.392382 0.392384 0.000000 0.000000
0.000000 0.000000 0.350000 0.350000 0.350000 0.350000 0.350000 0.350000 0.350000 0.350000 0.350000 0.350000 0.350000 0.350000 0.350000 0.350000 0.350000 0.350000 0.350000 0.000000 0.000000
0.000000 0.000000 0.000000 0.000000 0.000000 0.000000 0.000000 0.000000 0.000000 0.000000 0.000000 0.000000 0.000000 0.000000 0.000000 0.000000 0.000000 0.000000 0.000000 0.000000 0.000000