geotop/1.0zi/1.0Montebello/Templates/testdem/maps/_Eocsand5639.asc
ncols         21
nrows         20
xllcorner     100.000000
yllcorner     100.000000
cellsize      50.000000
NODATA_value  -9999.0
0.000000 0.000000 0.000000 0.000000 0.000000 0.000000 0.000000 0.000000 0.000000 0.000000 0.000000 0.000000 0.000000 0.000000 0.000000 0.000000 0.000000 0.000000 0.000000 0.000000 0.000000
0.000000 0.000000 0.300142 0.300141 0.300141 0.300141 0.300141 0.300140 0.300141 0.300141 0.300141 0.300141 0.300141 0.300141 0.300141 0.300141 0.300141 0.300141 0.300141 0.000000 0.000000
0.000000 0.000000 0.300009 0.300008 0.300008 0.300008 0.300008 0.300008 0.300008 0.300008 0.300008 0.300008 0.300007 0.300007 0.300008 0.300008 0.300009 0.300010 0.300009 0.000000 0.000000
0.000000 0.000000 0.299967 0.299966 0.299970 0.299973 0.299971 0.299973 0.299970 0.299972 0.299971 0.299973 0.299973 0.299974 0.299970 0.299965 0.299966 0.299963 0.299965 0.000000 0.000000
0.000000 0.000000 0.299008 0.299006 0.299007 0.299015 0.299029 0.299038 0.299038 0.299038 0.299042 0.299040 0.299043 0.299042 0.299031 0.299030 0.299025 0.299014 0.299007 0.000000 0.000000
0.000000 0.000000 0.295966 0.295961 0.295971 0.296003 0.296019 0.296053 0.296055 0.296063 0.296055 0.296053 0.296048 0.296051 0.296043 0.296026 0.296011 0.295995 0.295986 0.000000 0.000000
0.000000 0.000000 0.291442 0.291447 0.291452 0.291486 0.291527 0.291576 0.291575 0.291581 0.291577 0.291574 0.291577 0.291576 0.291542 0.291505 0.291488 0.291470 0.291457 0.000000 0.000000
0.000000 0.000000 0.285964 0.285963 0.285964 0.286001 0.286041 0.286094 0.286092 0.286098 0.286097 0.286098 0.286101 0.286095 0.286057 0.286021 0.285992 0.285984 0.285966 0.000000 0.000000
0.000000 0.000000 0.280319 0.280326 0.280338 0.280360 0.280399 0.280456 0.280452 0.280462 0.280467 0.280464 0.280464 0.280469 0.280419 0.280380 0.280354 0.280346 0.280329 0.000000 0.000000
0.000000 0.000000 0.274640 0.274650 0.274653 0.274668 0.274724 0.274775 0.274770 0.274777 0.274784 0.274776 0.274770 0.274777 0.274738 0.274693 0.274666 0.274661 0.274650 0.000000 0.000000
0.000000 0.000000 0.268783 0.268789 0.268789 0.268829 0.268867 0.268923 0.268910 0.268937 0.268936 0.268933 0.268940 0.268927 0.268896 0.268867 0.268837 0.268820 0.268796 0.000000 0.000000
0.000000 0.000000 0.262645 0.262658 0.262672 0.262700 0.262734 0.262800 0.262797 0.262813 0.262795 0.262811 0.262809 0.262805 0.262748 0.262722 0.262701 0.262692 0.262629 0.000000 0.000000
0.000000 0.000000 0.256351 0.256363 0.256366 0.256398 0.256429 0.256562 0.256561 0.256573 0.256600 0.256585 0.256575 0.256566 0.256471 0.256447 0.256400 0.256395 0.256350 0.000000 0.000000
0.000000 0.000000 0.249529 0.249537 0.249552 0.249572 0.249699 0.249733 0.249762 0.249764 0.249774 0.249769 0.249768 0.249774 0.249759 0.249634 0.249594 0.249561 0.249516 0.000000 0.000000
0.000000 0.000000 0.242031 0.242041 0.242068 0.242198 0.242240 0.242316 0.242367 0.242375 0.242399 0.242413 0.242398 0.242410 0.242355 0.242294 0.242107 0.242121 0.242094 0.000000 0.000000
0.000000 0.000000 0.234111 0.234121 0.234289 0.234319 0.234329 0.234379 0.234345 0.234366 0.234352 0.234371 0.234391 0.234358 0.234330 0.234314 0.234324 0.234107 0.234101 0.000000 0.000000
0.000000 0.000000 0.225071 0.225301 0.225382 0.225449 0.225558 0.225615 0.225632 0.225636 0.225685 0.225693 0.225672 0.225682 0.225621 0.225539 0.225409 0.225354 0.225122 0.000000 0.000000
0.000000 0.000000 0.218429 0.218424 0.218220 0.218277 0.218366 0.218582 0.218587 0.218635 0.218605 0.218618 0.218603 0.218600 0.218404 0.218341 0.218195 0.218405 0.218397 0.000000 0.000000
0.000000 0.000000 0.300000 0.300000 0.300000 0.300000 0.300000 0.300000 0.300000 0.300000 0.300000 0.300000 0.300000 0.300000 0.300000 0.300000 0.300000 0.300000 0.300000 0.000000 0.000000
0.000000 0.000000 0.000000 0.000000 0.000000 0.000000 0.000000 0.000000 0.000000 0.000000 0.000000 0.000000 0.000000 0.000000 0.000000 0.000000 0.000000 0.000000 0.000000 0.000000 0.000000