geotop/1.0zi/1.0Montebello/Templates/testdem/maps/_Eocsand0629.asc
ncols         21
nrows         20
xllcorner     100.000000
yllcorner     100.000000
cellsize      50.000000
NODATA_value  -9999.0
0.000000 0.000000 0.000000 0.000000 0.000000 0.000000 0.000000 0.000000 0.000000 0.000000 0.000000 0.000000 0.000000 0.000000 0.000000 0.000000 0.000000 0.000000 0.000000 0.000000 0.000000
0.000000 0.000000 0.300023 0.300023 0.300023 0.300023 0.300023 0.300023 0.300023 0.300023 0.300023 0.300023 0.300023 0.300023 0.300023 0.300023 0.300023 0.300023 0.300023 0.000000 0.000000
0.000000 0.000000 0.300005 0.300005 0.300006 0.300006 0.300005 0.300005 0.300005 0.300005 0.300005 0.300005 0.300005 0.300005 0.300005 0.300006 0.300006 0.300005 0.300005 0.000000 0.000000
0.000000 0.000000 0.299435 0.299435 0.299440 0.299435 0.299435 0.299435 0.299435 0.299435 0.299435 0.299435 0.299435 0.299435 0.299435 0.299435 0.299440 0.299435 0.299435 0.000000 0.000000
0.000000 0.000000 0.297498 0.297498 0.297502 0.297498 0.297498 0.297497 0.297497 0.297498 0.297498 0.297498 0.297497 0.297497 0.297498 0.297498 0.297502 0.297498 0.297498 0.000000 0.000000
0.000000 0.000000 0.295378 0.295378 0.295382 0.295378 0.295378 0.295378 0.295378 0.295378 0.295378 0.295378 0.295378 0.295378 0.295378 0.295378 0.295382 0.295378 0.295378 0.000000 0.000000
0.000000 0.000000 0.293390 0.293390 0.293393 0.293390 0.293390 0.293390 0.293390 0.293390 0.293390 0.293390 0.293390 0.293390 0.293390 0.293390 0.293393 0.293390 0.293390 0.000000 0.000000
0.000000 0.000000 0.291539 0.291539 0.291542 0.291539 0.291539 0.291539 0.291539 0.291539 0.291539 0.291539 0.291539 0.291539 0.291539 0.291539 0.291542 0.291539 0.291539 0.000000 0.000000
0.000000 0.000000 0.289789 0.289789 0.289792 0.289789 0.289789 0.289789 0.289788 0.289789 0.289789 0.289789 0.289788 0.289789 0.289789 0.289789 0.289792 0.289789 0.289789 0.000000 0.000000
0.000000 0.000000 0.288100 0.288100 0.288103 0.288100 0.288100 0.288100 0.288100 0.288100 0.288100 0.288100 0.288100 0.288100 0.288100 0.288100 0.288103 0.288100 0.288100 0.000000 0.000000
0.000000 0.000000 0.286456 0.286456 0.286459 0.286457 0.286456 0.286456 0.286456 0.286456 0.286456 0.286456 0.286456 0.286456 0.286456 0.286457 0.286459 0.286456 0.286456 0.000000 0.000000
0.000000 0.000000 0.284844 0.284844 0.284847 0.284844 0.284844 0.284844 0.284844 0.284844 0.284844 0.284844 0.284844 0.284844 0.284844 0.284844 0.284847 0.284844 0.284844 0.000000 0.000000
0.000000 0.000000 0.283258 0.283258 0.283261 0.283259 0.283258 0.283258 0.283258 0.283258 0.283258 0.283258 0.283258 0.283258 0.283258 0.283259 0.283261 0.283258 0.283258 0.000000 0.000000
0.000000 0.000000 0.281695 0.281695 0.281697 0.281695 0.281695 0.281694 0.281694 0.281694 0.281694 0.281694 0.281694 0.281694 0.281695 0.281695 0.281697 0.281695 0.281695 0.000000 0.000000
0.000000 0.000000 0.280145 0.280145 0.280148 0.280145 0.280145 0.280145 0.280145 0.280145 0.280145 0.280145 0.280145 0.280145 0.280145 0.280145 0.280148 0.280145 0.280145 0.000000 0.000000
0.000000 0.000000 0.278603 0.278603 0.278605 0.278603 0.278602 0.278602 0.278602 0.278602 0.278602 0.278602 0.278602 0.278602 0.278602 0.278603 0.278605 0.278603 0.278603 0.000000 0.000000
0.000000 0.000000 0.277075 0.277075 0.277078 0.277075 0.277075 0.277075 0.277075 0.277075 0.277075 0.277075 0.277075 0.277075 0.277075 0.277075 0.277078 0.277075 0.277075 0.000000 0.000000
0.000000 0.000000 0.275535 0.275535 0.275538 0.275535 0.275535 0.275535 0.275535 0.275535 0.275535 0.275535 0.275535 0.275535 0.275535 0.275535 0.275538 0.275535 0.275535 0.000000 0.000000
0.000000 0.000000 0.300000 0.300000 0.300000 0.300000 0.300000 0.300000 0.300000 0.300000 0.300000 0.300000 0.300000 0.300000 0.300000 0.300000 0.300000 0.300000 0.300000 0.000000 0.000000
0.000000 0.000000 0.000000 0.000000 0.000000 0.000000 0.000000 0.000000 0.000000 0.000000 0.000000 0.000000 0.000000 0.000000 0.000000 0.000000 0.000000 0.000000 0.000000 0.000000 0.000000