geotop/1.0zi/1.0Montebello/Templates/testdem/maps/_Eocclay9650.asc
ncols         21
nrows         20
xllcorner     100.000000
yllcorner     100.000000
cellsize      50.000000
NODATA_value  -9999.0
0.000000 0.000000 0.000000 0.000000 0.000000 0.000000 0.000000 0.000000 0.000000 0.000000 0.000000 0.000000 0.000000 0.000000 0.000000 0.000000 0.000000 0.000000 0.000000 0.000000 0.000000
0.000000 0.000000 0.349553 0.349555 0.349555 0.349554 0.349556 0.349556 0.349555 0.349555 0.349554 0.349555 0.349555 0.349555 0.349555 0.349555 0.349553 0.349554 0.349555 0.000000 0.000000
0.000000 0.000000 0.349981 0.349979 0.349980 0.349982 0.349979 0.349979 0.349980 0.349979 0.349979 0.349980 0.349980 0.349979 0.349980 0.349981 0.349981 0.349981 0.349979 0.000000 0.000000
0.000000 0.000000 0.350040 0.350045 0.350042 0.350038 0.350039 0.350039 0.350043 0.350040 0.350043 0.350041 0.350041 0.350040 0.350043 0.350046 0.350045 0.350046 0.350043 0.000000 0.000000
0.000000 0.000000 0.351488 0.351483 0.351476 0.351464 0.351446 0.351444 0.351440 0.351442 0.351440 0.351444 0.351445 0.351446 0.351456 0.351461 0.351471 0.351474 0.351484 0.000000 0.000000
0.000000 0.000000 0.355389 0.355383 0.355361 0.355324 0.355294 0.355262 0.355267 0.355261 0.355261 0.355260 0.355267 0.355266 0.355281 0.355313 0.355328 0.355340 0.355346 0.000000 0.000000
0.000000 0.000000 0.360581 0.360569 0.360556 0.360520 0.360480 0.360423 0.360423 0.360417 0.360413 0.360414 0.360416 0.360416 0.360463 0.360497 0.360517 0.360530 0.360538 0.000000 0.000000
0.000000 0.000000 0.366763 0.366750 0.366734 0.366688 0.366643 0.366591 0.366592 0.366585 0.366580 0.366577 0.366576 0.366586 0.366628 0.366665 0.366698 0.366706 0.366720 0.000000 0.000000
0.000000 0.000000 0.373521 0.373503 0.373479 0.373445 0.373394 0.373334 0.373340 0.373328 0.373320 0.373318 0.373321 0.373319 0.373377 0.373422 0.373447 0.373457 0.373469 0.000000 0.000000
0.000000 0.000000 0.380997 0.380971 0.380952 0.380915 0.380858 0.380795 0.380796 0.380788 0.380774 0.380780 0.380788 0.380785 0.380833 0.380891 0.380921 0.380932 0.380939 0.000000 0.000000
0.000000 0.000000 0.389520 0.389498 0.389480 0.389399 0.389372 0.389286 0.389304 0.389262 0.389265 0.389259 0.389246 0.389270 0.389323 0.389359 0.389401 0.389417 0.389453 0.000000 0.000000
0.000000 0.000000 0.399462 0.399418 0.399368 0.399329 0.399284 0.399178 0.399176 0.399170 0.399182 0.399145 0.399163 0.399158 0.399254 0.399309 0.399332 0.399345 0.399420 0.000000 0.000000
0.000000 0.000000 0.410692 0.410650 0.410638 0.410560 0.410505 0.410223 0.410218 0.410200 0.410101 0.410161 0.410168 0.410193 0.410402 0.410450 0.410553 0.410558 0.410577 0.000000 0.000000
0.000000 0.000000 0.424664 0.424644 0.424554 0.424498 0.424102 0.424239 0.424153 0.424153 0.424203 0.424150 0.424141 0.424101 0.423973 0.424409 0.424425 0.424527 0.424588 0.000000 0.000000
0.000000 0.000000 0.440763 0.440715 0.440633 0.440112 0.440331 0.440007 0.439933 0.439898 0.439780 0.439741 0.439801 0.439804 0.440089 0.439879 0.440559 0.440398 0.440374 0.000000 0.000000
0.000000 0.000000 0.455574 0.455545 0.454950 0.455272 0.455163 0.455193 0.455458 0.455388 0.455530 0.455507 0.455392 0.455535 0.455446 0.455547 0.454859 0.455774 0.455760 0.000000 0.000000
0.000000 0.000000 0.469013 0.468499 0.468679 0.468444 0.468180 0.468095 0.467920 0.467960 0.467782 0.467803 0.467907 0.467799 0.467941 0.468136 0.468639 0.468239 0.468776 0.000000 0.000000
0.000000 0.000000 0.473684 0.473889 0.474210 0.474149 0.474105 0.473806 0.473821 0.473746 0.473844 0.473821 0.473822 0.473845 0.474102 0.474137 0.474235 0.473927 0.473725 0.000000 0.000000
0.000000 0.000000 0.350000 0.350000 0.350000 0.350000 0.350000 0.350000 0.350000 0.350000 0.350000 0.350000 0.350000 0.350000 0.350000 0.350000 0.350000 0.350000 0.350000 0.000000 0.000000
0.000000 0.000000 0.000000 0.000000 0.000000 0.000000 0.000000 0.000000 0.000000 0.000000 0.000000 0.000000 0.000000 0.000000 0.000000 0.000000 0.000000 0.000000 0.000000 0.000000 0.000000