geotop/1.0zi/1.0Montebello/Templates/testdem/maps/_Eocclay7274.asc
ncols         21
nrows         20
xllcorner     100.000000
yllcorner     100.000000
cellsize      50.000000
NODATA_value  -9999.0
0.000000 0.000000 0.000000 0.000000 0.000000 0.000000 0.000000 0.000000 0.000000 0.000000 0.000000 0.000000 0.000000 0.000000 0.000000 0.000000 0.000000 0.000000 0.000000 0.000000 0.000000
0.000000 0.000000 0.349669 0.349670 0.349670 0.349669 0.349670 0.349670 0.349670 0.349670 0.349669 0.349670 0.349670 0.349670 0.349671 0.349670 0.349668 0.349668 0.349670 0.000000 0.000000
0.000000 0.000000 0.349986 0.349986 0.349987 0.349988 0.349986 0.349986 0.349986 0.349986 0.349986 0.349986 0.349986 0.349985 0.349987 0.349987 0.349988 0.349987 0.349985 0.000000 0.000000
0.000000 0.000000 0.349979 0.349984 0.349981 0.349981 0.349982 0.349982 0.349984 0.349980 0.349984 0.349982 0.349982 0.349981 0.349982 0.349984 0.349981 0.349984 0.349983 0.000000 0.000000
0.000000 0.000000 0.350782 0.350779 0.350775 0.350772 0.350758 0.350755 0.350754 0.350756 0.350754 0.350754 0.350750 0.350754 0.350762 0.350762 0.350769 0.350770 0.350778 0.000000 0.000000
0.000000 0.000000 0.353156 0.353155 0.353144 0.353119 0.353107 0.353085 0.353087 0.353080 0.353084 0.353083 0.353085 0.353086 0.353095 0.353113 0.353125 0.353139 0.353146 0.000000 0.000000
0.000000 0.000000 0.356473 0.356470 0.356462 0.356441 0.356413 0.356378 0.356378 0.356373 0.356374 0.356375 0.356375 0.356376 0.356405 0.356431 0.356445 0.356457 0.356466 0.000000 0.000000
0.000000 0.000000 0.360434 0.360432 0.360424 0.360398 0.360371 0.360334 0.360335 0.360331 0.360330 0.360328 0.360326 0.360333 0.360364 0.360387 0.360409 0.360417 0.360430 0.000000 0.000000
0.000000 0.000000 0.364568 0.364562 0.364550 0.364535 0.364506 0.364469 0.364472 0.364463 0.364461 0.364459 0.364459 0.364459 0.364495 0.364525 0.364542 0.364550 0.364561 0.000000 0.000000
0.000000 0.000000 0.368874 0.368866 0.368860 0.368845 0.368804 0.368770 0.368771 0.368766 0.368761 0.368764 0.368769 0.368767 0.368797 0.368832 0.368852 0.368859 0.368867 0.000000 0.000000
0.000000 0.000000 0.373476 0.373470 0.373463 0.373431 0.373404 0.373363 0.373372 0.373351 0.373353 0.373353 0.373345 0.373360 0.373386 0.373407 0.373433 0.373446 0.373466 0.000000 0.000000
0.000000 0.000000 0.378464 0.378451 0.378436 0.378415 0.378385 0.378336 0.378336 0.378327 0.378339 0.378322 0.378325 0.378330 0.378377 0.378402 0.378419 0.378429 0.378474 0.000000 0.000000
0.000000 0.000000 0.383757 0.383744 0.383737 0.383709 0.383682 0.383567 0.383567 0.383558 0.383531 0.383544 0.383551 0.383562 0.383649 0.383674 0.383716 0.383722 0.383749 0.000000 0.000000
0.000000 0.000000 0.389771 0.389765 0.389743 0.389723 0.389591 0.389582 0.389556 0.389555 0.389557 0.389552 0.389549 0.389545 0.389545 0.389682 0.389711 0.389747 0.389780 0.000000 0.000000
0.000000 0.000000 0.396688 0.396677 0.396647 0.396493 0.396480 0.396403 0.396361 0.396351 0.396326 0.396306 0.396323 0.396318 0.396389 0.396415 0.396622 0.396599 0.396612 0.000000 0.000000
0.000000 0.000000 0.404244 0.404232 0.404013 0.404034 0.404022 0.403982 0.404052 0.404024 0.404059 0.404036 0.404005 0.404059 0.404080 0.404092 0.403990 0.404287 0.404287 0.000000 0.000000
0.000000 0.000000 0.413513 0.413174 0.413171 0.413064 0.412893 0.412838 0.412776 0.412787 0.412700 0.412701 0.412747 0.412710 0.412793 0.412919 0.413154 0.413075 0.413424 0.000000 0.000000
0.000000 0.000000 0.418562 0.418782 0.419100 0.419066 0.419028 0.418725 0.418747 0.418668 0.418771 0.418745 0.418743 0.418773 0.419038 0.419066 0.419154 0.418866 0.418661 0.000000 0.000000
0.000000 0.000000 0.350000 0.350000 0.350000 0.350000 0.350000 0.350000 0.350000 0.350000 0.350000 0.350000 0.350000 0.350000 0.350000 0.350000 0.350000 0.350000 0.350000 0.000000 0.000000
0.000000 0.000000 0.000000 0.000000 0.000000 0.000000 0.000000 0.000000 0.000000 0.000000 0.000000 0.000000 0.000000 0.000000 0.000000 0.000000 0.000000 0.000000 0.000000 0.000000 0.000000