geotop/1.0zi/1.0Montebello/Templates/testdem/maps/_Eocsilt7514.asc
ncols         21
nrows         20
xllcorner     100.000000
yllcorner     100.000000
cellsize      50.000000
NODATA_value  -9999.0
0.000000 0.000000 0.000000 0.000000 0.000000 0.000000 0.000000 0.000000 0.000000 0.000000 0.000000 0.000000 0.000000 0.000000 0.000000 0.000000 0.000000 0.000000 0.000000 0.000000 0.000000
0.000000 0.000000 0.350152 0.350153 0.350153 0.350153 0.350153 0.350153 0.350153 0.350153 0.350153 0.350153 0.350153 0.350153 0.350153 0.350153 0.350153 0.350153 0.350153 0.000000 0.000000
0.000000 0.000000 0.350005 0.350004 0.350004 0.350004 0.350004 0.350004 0.350004 0.350004 0.350005 0.350005 0.350005 0.350005 0.350004 0.350004 0.350002 0.350002 0.350004 0.000000 0.000000
0.000000 0.000000 0.350103 0.350099 0.350097 0.350090 0.350093 0.350087 0.350090 0.350090 0.350087 0.350089 0.350089 0.350089 0.350092 0.350095 0.350098 0.350098 0.350099 0.000000 0.000000
0.000000 0.000000 0.350960 0.350966 0.350962 0.350951 0.350945 0.350939 0.350935 0.350934 0.350934 0.350934 0.350935 0.350937 0.350950 0.350954 0.350957 0.350967 0.350969 0.000000 0.000000
0.000000 0.000000 0.353347 0.353348 0.353338 0.353323 0.353305 0.353284 0.353283 0.353278 0.353281 0.353282 0.353283 0.353282 0.353294 0.353305 0.353317 0.353325 0.353330 0.000000 0.000000
0.000000 0.000000 0.356768 0.356765 0.356755 0.356730 0.356700 0.356668 0.356669 0.356666 0.356666 0.356665 0.356662 0.356667 0.356694 0.356720 0.356736 0.356750 0.356758 0.000000 0.000000
0.000000 0.000000 0.360843 0.360842 0.360836 0.360811 0.360782 0.360747 0.360747 0.360743 0.360742 0.360739 0.360737 0.360743 0.360774 0.360800 0.360825 0.360831 0.360842 0.000000 0.000000
0.000000 0.000000 0.365192 0.365184 0.365170 0.365153 0.365123 0.365083 0.365085 0.365077 0.365074 0.365073 0.365074 0.365073 0.365112 0.365144 0.365163 0.365173 0.365183 0.000000 0.000000
0.000000 0.000000 0.369711 0.369703 0.369696 0.369680 0.369638 0.369603 0.369603 0.369599 0.369593 0.369596 0.369601 0.369598 0.369631 0.369667 0.369689 0.369696 0.369703 0.000000 0.000000
0.000000 0.000000 0.374524 0.374519 0.374511 0.374476 0.374447 0.374407 0.374415 0.374394 0.374396 0.374395 0.374387 0.374401 0.374431 0.374453 0.374480 0.374495 0.374514 0.000000 0.000000
0.000000 0.000000 0.379784 0.379770 0.379754 0.379731 0.379699 0.379649 0.379647 0.379640 0.379651 0.379634 0.379638 0.379643 0.379694 0.379720 0.379739 0.379750 0.379795 0.000000 0.000000
0.000000 0.000000 0.385376 0.385362 0.385355 0.385325 0.385297 0.385174 0.385173 0.385165 0.385134 0.385149 0.385156 0.385168 0.385262 0.385288 0.385335 0.385341 0.385366 0.000000 0.000000
0.000000 0.000000 0.391776 0.391771 0.391747 0.391725 0.391582 0.391579 0.391549 0.391549 0.391553 0.391547 0.391543 0.391538 0.391535 0.391684 0.391714 0.391754 0.391786 0.000000 0.000000
0.000000 0.000000 0.399174 0.399162 0.399131 0.398958 0.398952 0.398867 0.398823 0.398814 0.398784 0.398762 0.398781 0.398775 0.398858 0.398877 0.399107 0.399079 0.399089 0.000000 0.000000
0.000000 0.000000 0.407259 0.407247 0.407003 0.407038 0.407023 0.406986 0.407066 0.407037 0.407077 0.407055 0.407019 0.407079 0.407098 0.407112 0.406980 0.407319 0.407315 0.000000 0.000000
0.000000 0.000000 0.417206 0.416825 0.416847 0.416719 0.416528 0.416470 0.416388 0.416406 0.416302 0.416307 0.416362 0.416313 0.416409 0.416550 0.416832 0.416709 0.417101 0.000000 0.000000
0.000000 0.000000 0.422152 0.422436 0.422787 0.422760 0.422736 0.422406 0.422438 0.422349 0.422475 0.422446 0.422437 0.422475 0.422763 0.422779 0.422850 0.422545 0.422274 0.000000 0.000000
0.000000 0.000000 0.350000 0.350000 0.350000 0.350000 0.350000 0.350000 0.350000 0.350000 0.350000 0.350000 0.350000 0.350000 0.350000 0.350000 0.350000 0.350000 0.350000 0.000000 0.000000
0.000000 0.000000 0.000000 0.000000 0.000000 0.000000 0.000000 0.000000 0.000000 0.000000 0.000000 0.000000 0.000000 0.000000 0.000000 0.000000 0.000000 0.000000 0.000000 0.000000 0.000000