geotop/1.0zi/1.0Montebello/Templates/testdem/maps/_Eocsand8402.asc
ncols         21
nrows         20
xllcorner     100.000000
yllcorner     100.000000
cellsize      50.000000
NODATA_value  -9999.0
0.000000 0.000000 0.000000 0.000000 0.000000 0.000000 0.000000 0.000000 0.000000 0.000000 0.000000 0.000000 0.000000 0.000000 0.000000 0.000000 0.000000 0.000000 0.000000 0.000000 0.000000
0.000000 0.000000 0.300210 0.300208 0.300208 0.300208 0.300207 0.300207 0.300207 0.300207 0.300208 0.300207 0.300207 0.300208 0.300207 0.300207 0.300209 0.300209 0.300209 0.000000 0.000000
0.000000 0.000000 0.300011 0.300012 0.300012 0.300011 0.300012 0.300012 0.300012 0.300012 0.300012 0.300012 0.300011 0.300012 0.300012 0.300012 0.300012 0.300013 0.300013 0.000000 0.000000
0.000000 0.000000 0.299893 0.299893 0.299897 0.299905 0.299901 0.299909 0.299904 0.299906 0.299906 0.299906 0.299906 0.299908 0.299903 0.299898 0.299896 0.299893 0.299894 0.000000 0.000000
0.000000 0.000000 0.297936 0.297934 0.297943 0.297957 0.297979 0.297989 0.297996 0.297995 0.297999 0.297997 0.298001 0.297994 0.297973 0.297965 0.297953 0.297939 0.297929 0.000000 0.000000
0.000000 0.000000 0.292155 0.292156 0.292178 0.292224 0.292260 0.292308 0.292309 0.292322 0.292313 0.292315 0.292311 0.292310 0.292284 0.292250 0.292222 0.292200 0.292189 0.000000 0.000000
0.000000 0.000000 0.284035 0.284047 0.284063 0.284116 0.284183 0.284261 0.284262 0.284270 0.284270 0.284269 0.284273 0.284267 0.284199 0.284141 0.284108 0.284079 0.284064 0.000000 0.000000
0.000000 0.000000 0.274401 0.274409 0.274422 0.274484 0.274545 0.274631 0.274631 0.274643 0.274644 0.274649 0.274656 0.274639 0.274566 0.274512 0.274457 0.274442 0.274416 0.000000 0.000000
0.000000 0.000000 0.264061 0.264081 0.264108 0.264147 0.264218 0.264310 0.264304 0.264324 0.264330 0.264333 0.264332 0.264334 0.264244 0.264174 0.264132 0.264110 0.264088 0.000000 0.000000
0.000000 0.000000 0.253071 0.253093 0.253107 0.253145 0.253245 0.253328 0.253329 0.253338 0.253353 0.253344 0.253335 0.253338 0.253263 0.253179 0.253130 0.253111 0.253097 0.000000 0.000000
0.000000 0.000000 0.241066 0.241078 0.241093 0.241185 0.241250 0.241354 0.241328 0.241386 0.241375 0.241381 0.241402 0.241367 0.241293 0.241243 0.241176 0.241142 0.241097 0.000000 0.000000
0.000000 0.000000 0.227660 0.227700 0.227737 0.227787 0.227872 0.227992 0.228004 0.228014 0.227990 0.228034 0.228019 0.228015 0.227885 0.227817 0.227775 0.227747 0.227640 0.000000 0.000000
0.000000 0.000000 0.213071 0.213111 0.213113 0.213203 0.213268 0.213599 0.213607 0.213621 0.213715 0.213663 0.213651 0.213620 0.213365 0.213303 0.213176 0.213165 0.213111 0.000000 0.000000
0.000000 0.000000 0.195828 0.195837 0.195902 0.195960 0.196377 0.196337 0.196423 0.196421 0.196394 0.196426 0.196436 0.196464 0.196507 0.196064 0.196005 0.195887 0.195808 0.000000 0.000000
0.000000 0.000000 0.175402 0.175443 0.175525 0.176060 0.175997 0.176270 0.176392 0.176418 0.176516 0.176577 0.176520 0.176530 0.176265 0.176297 0.175585 0.175700 0.175691 0.000000 0.000000
0.000000 0.000000 0.153051 0.153086 0.153857 0.153623 0.153686 0.153750 0.153455 0.153547 0.153391 0.153445 0.153578 0.153385 0.153378 0.153329 0.153931 0.152796 0.152813 0.000000 0.000000
0.000000 0.000000 0.125586 0.126790 0.126497 0.126962 0.127561 0.127746 0.128091 0.128011 0.128380 0.128344 0.128138 0.128348 0.128034 0.127589 0.126546 0.127250 0.125997 0.000000 0.000000
0.000000 0.000000 0.116299 0.115171 0.114181 0.114171 0.114102 0.115055 0.114887 0.115168 0.114703 0.114798 0.114875 0.114717 0.113927 0.113976 0.114003 0.114754 0.115861 0.000000 0.000000
0.000000 0.000000 0.300000 0.300000 0.300000 0.300000 0.300000 0.300000 0.300000 0.300000 0.300000 0.300000 0.300000 0.300000 0.300000 0.300000 0.300000 0.300000 0.300000 0.000000 0.000000
0.000000 0.000000 0.000000 0.000000 0.000000 0.000000 0.000000 0.000000 0.000000 0.000000 0.000000 0.000000 0.000000 0.000000 0.000000 0.000000 0.000000 0.000000 0.000000 0.000000 0.000000