geotop/1.0zi/1.0Montebello/Templates/testdem/maps/_Eocclay0935.asc
ncols         21
nrows         20
xllcorner     100.000000
yllcorner     100.000000
cellsize      50.000000
NODATA_value  -9999.0
0.000000 0.000000 0.000000 0.000000 0.000000 0.000000 0.000000 0.000000 0.000000 0.000000 0.000000 0.000000 0.000000 0.000000 0.000000 0.000000 0.000000 0.000000 0.000000 0.000000 0.000000
0.000000 0.000000 0.349950 0.349950 0.349950 0.349950 0.349950 0.349950 0.349950 0.349950 0.349950 0.349950 0.349950 0.349950 0.349950 0.349950 0.349950 0.349950 0.349950 0.000000 0.000000
0.000000 0.000000 0.349996 0.349996 0.349995 0.349996 0.349996 0.349996 0.349996 0.349996 0.349996 0.349996 0.349996 0.349996 0.349996 0.349996 0.349995 0.349996 0.349996 0.000000 0.000000
0.000000 0.000000 0.350405 0.350405 0.350402 0.350403 0.350405 0.350405 0.350405 0.350405 0.350405 0.350405 0.350405 0.350405 0.350405 0.350403 0.350402 0.350405 0.350405 0.000000 0.000000
0.000000 0.000000 0.351916 0.351914 0.351912 0.351912 0.351916 0.351915 0.351915 0.351916 0.351916 0.351916 0.351915 0.351915 0.351916 0.351912 0.351912 0.351914 0.351916 0.000000 0.000000
0.000000 0.000000 0.353549 0.353548 0.353546 0.353546 0.353549 0.353549 0.353548 0.353549 0.353549 0.353549 0.353548 0.353549 0.353549 0.353546 0.353546 0.353548 0.353549 0.000000 0.000000
0.000000 0.000000 0.355089 0.355089 0.355087 0.355087 0.355090 0.355089 0.355089 0.355090 0.355090 0.355090 0.355089 0.355089 0.355090 0.355087 0.355087 0.355089 0.355089 0.000000 0.000000
0.000000 0.000000 0.356505 0.356505 0.356503 0.356504 0.356505 0.356505 0.356505 0.356505 0.356505 0.356505 0.356505 0.356505 0.356505 0.356504 0.356503 0.356505 0.356505 0.000000 0.000000
0.000000 0.000000 0.357830 0.357829 0.357828 0.357828 0.357830 0.357830 0.357830 0.357830 0.357830 0.357830 0.357830 0.357830 0.357830 0.357828 0.357828 0.357829 0.357830 0.000000 0.000000
0.000000 0.000000 0.359099 0.359099 0.359097 0.359097 0.359099 0.359099 0.359099 0.359099 0.359099 0.359099 0.359099 0.359099 0.359099 0.359097 0.359097 0.359099 0.359099 0.000000 0.000000
0.000000 0.000000 0.360325 0.360325 0.360324 0.360324 0.360325 0.360325 0.360325 0.360325 0.360325 0.360325 0.360325 0.360325 0.360325 0.360324 0.360324 0.360325 0.360325 0.000000 0.000000
0.000000 0.000000 0.361523 0.361523 0.361521 0.361522 0.361523 0.361523 0.361523 0.361523 0.361523 0.361523 0.361523 0.361523 0.361523 0.361522 0.361521 0.361523 0.361523 0.000000 0.000000
0.000000 0.000000 0.362702 0.362701 0.362700 0.362700 0.362702 0.362702 0.362701 0.362702 0.362702 0.362702 0.362701 0.362702 0.362702 0.362700 0.362700 0.362701 0.362702 0.000000 0.000000
0.000000 0.000000 0.363860 0.363860 0.363859 0.363859 0.363860 0.363860 0.363860 0.363860 0.363860 0.363860 0.363860 0.363860 0.363860 0.363859 0.363859 0.363860 0.363860 0.000000 0.000000
0.000000 0.000000 0.365006 0.365005 0.365004 0.365004 0.365006 0.365006 0.365006 0.365006 0.365006 0.365006 0.365006 0.365006 0.365006 0.365004 0.365004 0.365005 0.365006 0.000000 0.000000
0.000000 0.000000 0.366143 0.366142 0.366141 0.366141 0.366143 0.366143 0.366143 0.366143 0.366143 0.366143 0.366143 0.366143 0.366143 0.366141 0.366141 0.366142 0.366143 0.000000 0.000000
0.000000 0.000000 0.367268 0.367267 0.367266 0.367266 0.367267 0.367267 0.367267 0.367268 0.367268 0.367268 0.367267 0.367267 0.367267 0.367266 0.367266 0.367267 0.367268 0.000000 0.000000
0.000000 0.000000 0.368421 0.368421 0.368420 0.368420 0.368422 0.368421 0.368421 0.368422 0.368422 0.368422 0.368421 0.368421 0.368422 0.368420 0.368420 0.368421 0.368422 0.000000 0.000000
0.000000 0.000000 0.350000 0.350000 0.350000 0.350000 0.350000 0.350000 0.350000 0.350000 0.350000 0.350000 0.350000 0.350000 0.350000 0.350000 0.350000 0.350000 0.350000 0.000000 0.000000
0.000000 0.000000 0.000000 0.000000 0.000000 0.000000 0.000000 0.000000 0.000000 0.000000 0.000000 0.000000 0.000000 0.000000 0.000000 0.000000 0.000000 0.000000 0.000000 0.000000 0.000000