geotop/1.0zi/1.0Montebello/Templates/testdem/maps/_Eocclay6575.asc
ncols         21
nrows         20
xllcorner     100.000000
yllcorner     100.000000
cellsize      50.000000
NODATA_value  -9999.0
0.000000 0.000000 0.000000 0.000000 0.000000 0.000000 0.000000 0.000000 0.000000 0.000000 0.000000 0.000000 0.000000 0.000000 0.000000 0.000000 0.000000 0.000000 0.000000 0.000000 0.000000
0.000000 0.000000 0.349707 0.349709 0.349709 0.349708 0.349709 0.349709 0.349709 0.349709 0.349707 0.349709 0.349709 0.349709 0.349709 0.349709 0.349707 0.349707 0.349708 0.000000 0.000000
0.000000 0.000000 0.349988 0.349988 0.349988 0.349989 0.349987 0.349987 0.349988 0.349987 0.349987 0.349987 0.349988 0.349987 0.349988 0.349988 0.349989 0.349989 0.349986 0.000000 0.000000
0.000000 0.000000 0.349983 0.349987 0.349984 0.349984 0.349986 0.349986 0.349987 0.349984 0.349989 0.349986 0.349986 0.349986 0.349986 0.349988 0.349986 0.349988 0.349987 0.000000 0.000000
0.000000 0.000000 0.350590 0.350589 0.350588 0.350586 0.350572 0.350571 0.350570 0.350573 0.350569 0.350569 0.350566 0.350568 0.350574 0.350573 0.350579 0.350580 0.350587 0.000000 0.000000
0.000000 0.000000 0.352463 0.352463 0.352455 0.352431 0.352423 0.352403 0.352404 0.352399 0.352402 0.352401 0.352405 0.352405 0.352409 0.352424 0.352436 0.352448 0.352454 0.000000 0.000000
0.000000 0.000000 0.355260 0.355259 0.355253 0.355234 0.355210 0.355181 0.355180 0.355175 0.355176 0.355177 0.355178 0.355177 0.355200 0.355224 0.355236 0.355246 0.355254 0.000000 0.000000
0.000000 0.000000 0.358620 0.358619 0.358614 0.358591 0.358567 0.358536 0.358536 0.358532 0.358532 0.358529 0.358528 0.358534 0.358558 0.358578 0.358599 0.358605 0.358617 0.000000 0.000000
0.000000 0.000000 0.362094 0.362090 0.362080 0.362066 0.362042 0.362011 0.362013 0.362006 0.362003 0.362002 0.362003 0.362001 0.362030 0.362057 0.362072 0.362078 0.362088 0.000000 0.000000
0.000000 0.000000 0.365660 0.365654 0.365650 0.365637 0.365603 0.365574 0.365575 0.365571 0.365566 0.365568 0.365574 0.365570 0.365594 0.365624 0.365643 0.365647 0.365655 0.000000 0.000000
0.000000 0.000000 0.369411 0.369407 0.369403 0.369377 0.369353 0.369321 0.369328 0.369311 0.369311 0.369311 0.369306 0.369316 0.369335 0.369354 0.369377 0.369387 0.369403 0.000000 0.000000
0.000000 0.000000 0.373407 0.373399 0.373388 0.373368 0.373345 0.373306 0.373306 0.373298 0.373307 0.373293 0.373297 0.373299 0.373335 0.373355 0.373371 0.373378 0.373417 0.000000 0.000000
0.000000 0.000000 0.377577 0.377568 0.377563 0.377541 0.377520 0.377433 0.377432 0.377426 0.377405 0.377413 0.377421 0.377427 0.377491 0.377512 0.377546 0.377549 0.377575 0.000000 0.000000
0.000000 0.000000 0.382199 0.382195 0.382180 0.382163 0.382071 0.382054 0.382034 0.382034 0.382030 0.382028 0.382029 0.382025 0.382030 0.382127 0.382154 0.382179 0.382206 0.000000 0.000000
0.000000 0.000000 0.387392 0.387387 0.387365 0.387262 0.387238 0.387187 0.387153 0.387148 0.387129 0.387114 0.387128 0.387121 0.387164 0.387199 0.387342 0.387329 0.387343 0.000000 0.000000
0.000000 0.000000 0.392980 0.392974 0.392834 0.392823 0.392816 0.392785 0.392822 0.392804 0.392820 0.392801 0.392786 0.392817 0.392832 0.392844 0.392813 0.392995 0.392997 0.000000 0.000000
0.000000 0.000000 0.399592 0.399394 0.399354 0.399293 0.399194 0.399156 0.399130 0.399133 0.399084 0.399079 0.399104 0.399088 0.399137 0.399213 0.399337 0.399342 0.399546 0.000000 0.000000
0.000000 0.000000 0.403968 0.404031 0.404217 0.404177 0.404126 0.403944 0.403945 0.403903 0.403943 0.403927 0.403936 0.403945 0.404108 0.404148 0.404244 0.404060 0.404010 0.000000 0.000000
0.000000 0.000000 0.350000 0.350000 0.350000 0.350000 0.350000 0.350000 0.350000 0.350000 0.350000 0.350000 0.350000 0.350000 0.350000 0.350000 0.350000 0.350000 0.350000 0.000000 0.000000
0.000000 0.000000 0.000000 0.000000 0.000000 0.000000 0.000000 0.000000 0.000000 0.000000 0.000000 0.000000 0.000000 0.000000 0.000000 0.000000 0.000000 0.000000 0.000000 0.000000 0.000000