geotop/1.0zi/1.0Montebello/Templates/testdem/maps/_Eocsilt2768.asc
ncols         21
nrows         20
xllcorner     100.000000
yllcorner     100.000000
cellsize      50.000000
NODATA_value  -9999.0
0.000000 0.000000 0.000000 0.000000 0.000000 0.000000 0.000000 0.000000 0.000000 0.000000 0.000000 0.000000 0.000000 0.000000 0.000000 0.000000 0.000000 0.000000 0.000000 0.000000 0.000000
0.000000 0.000000 0.350067 0.350067 0.350067 0.350067 0.350067 0.350067 0.350067 0.350067 0.350066 0.350067 0.350067 0.350067 0.350067 0.350067 0.350067 0.350067 0.350067 0.000000 0.000000
0.000000 0.000000 0.349998 0.349998 0.349998 0.349998 0.349998 0.349998 0.349998 0.349998 0.349999 0.349998 0.349998 0.349998 0.349998 0.349998 0.349998 0.349998 0.349998 0.000000 0.000000
0.000000 0.000000 0.350935 0.350934 0.350932 0.350933 0.350935 0.350935 0.350935 0.350935 0.350935 0.350935 0.350935 0.350935 0.350935 0.350933 0.350932 0.350934 0.350935 0.000000 0.000000
0.000000 0.000000 0.354605 0.354605 0.354603 0.354603 0.354606 0.354605 0.354605 0.354606 0.354606 0.354606 0.354605 0.354605 0.354606 0.354603 0.354603 0.354605 0.354605 0.000000 0.000000
0.000000 0.000000 0.359337 0.359336 0.359335 0.359335 0.359337 0.359336 0.359336 0.359337 0.359338 0.359337 0.359336 0.359336 0.359337 0.359335 0.359335 0.359336 0.359337 0.000000 0.000000
0.000000 0.000000 0.363663 0.363663 0.363662 0.363662 0.363664 0.363663 0.363663 0.363664 0.363664 0.363664 0.363663 0.363663 0.363664 0.363662 0.363662 0.363663 0.363663 0.000000 0.000000
0.000000 0.000000 0.367600 0.367599 0.367598 0.367599 0.367600 0.367600 0.367600 0.367600 0.367601 0.367600 0.367600 0.367600 0.367600 0.367599 0.367598 0.367599 0.367600 0.000000 0.000000
0.000000 0.000000 0.371254 0.371254 0.371253 0.371253 0.371254 0.371254 0.371254 0.371255 0.371255 0.371255 0.371254 0.371254 0.371254 0.371253 0.371253 0.371254 0.371254 0.000000 0.000000
0.000000 0.000000 0.374711 0.374711 0.374710 0.374710 0.374711 0.374711 0.374711 0.374712 0.374712 0.374712 0.374711 0.374711 0.374711 0.374710 0.374710 0.374711 0.374711 0.000000 0.000000
0.000000 0.000000 0.378012 0.378012 0.378011 0.378011 0.378012 0.378012 0.378012 0.378013 0.378013 0.378013 0.378012 0.378012 0.378012 0.378011 0.378011 0.378012 0.378012 0.000000 0.000000
0.000000 0.000000 0.381195 0.381195 0.381194 0.381194 0.381195 0.381195 0.381195 0.381196 0.381196 0.381196 0.381195 0.381195 0.381195 0.381194 0.381194 0.381195 0.381195 0.000000 0.000000
0.000000 0.000000 0.384283 0.384282 0.384281 0.384282 0.384283 0.384282 0.384282 0.384283 0.384283 0.384283 0.384282 0.384282 0.384283 0.384282 0.384281 0.384282 0.384283 0.000000 0.000000
0.000000 0.000000 0.387290 0.387289 0.387288 0.387289 0.387290 0.387289 0.387289 0.387290 0.387290 0.387290 0.387289 0.387289 0.387290 0.387289 0.387288 0.387289 0.387290 0.000000 0.000000
0.000000 0.000000 0.390224 0.390223 0.390222 0.390223 0.390224 0.390223 0.390223 0.390224 0.390224 0.390224 0.390223 0.390223 0.390224 0.390223 0.390222 0.390223 0.390224 0.000000 0.000000
0.000000 0.000000 0.393091 0.393091 0.393090 0.393090 0.393091 0.393091 0.393091 0.393092 0.393092 0.393092 0.393091 0.393091 0.393091 0.393090 0.393090 0.393091 0.393091 0.000000 0.000000
0.000000 0.000000 0.395897 0.395897 0.395896 0.395896 0.395897 0.395897 0.395897 0.395898 0.395898 0.395898 0.395897 0.395897 0.395897 0.395896 0.395896 0.395897 0.395897 0.000000 0.000000
0.000000 0.000000 0.398681 0.398682 0.398680 0.398681 0.398682 0.398682 0.398682 0.398682 0.398682 0.398682 0.398682 0.398682 0.398682 0.398681 0.398680 0.398682 0.398682 0.000000 0.000000
0.000000 0.000000 0.350000 0.350000 0.350000 0.350000 0.350000 0.350000 0.350000 0.350000 0.350000 0.350000 0.350000 0.350000 0.350000 0.350000 0.350000 0.350000 0.350000 0.000000 0.000000
0.000000 0.000000 0.000000 0.000000 0.000000 0.000000 0.000000 0.000000 0.000000 0.000000 0.000000 0.000000 0.000000 0.000000 0.000000 0.000000 0.000000 0.000000 0.000000 0.000000 0.000000