geotop/1.0zi/1.0Montebello/Templates/testdem/maps/_Eocsand7978.asc
ncols         21
nrows         20
xllcorner     100.000000
yllcorner     100.000000
cellsize      50.000000
NODATA_value  -9999.0
0.000000 0.000000 0.000000 0.000000 0.000000 0.000000 0.000000 0.000000 0.000000 0.000000 0.000000 0.000000 0.000000 0.000000 0.000000 0.000000 0.000000 0.000000 0.000000 0.000000 0.000000
0.000000 0.000000 0.300203 0.300201 0.300201 0.300201 0.300200 0.300200 0.300200 0.300200 0.300201 0.300200 0.300200 0.300200 0.300200 0.300200 0.300202 0.300201 0.300201 0.000000 0.000000
0.000000 0.000000 0.300010 0.300012 0.300011 0.300010 0.300011 0.300012 0.300011 0.300011 0.300011 0.300012 0.300011 0.300011 0.300011 0.300011 0.300012 0.300012 0.300013 0.000000 0.000000
0.000000 0.000000 0.299894 0.299893 0.299898 0.299906 0.299901 0.299909 0.299904 0.299907 0.299907 0.299907 0.299907 0.299908 0.299904 0.299899 0.299896 0.299893 0.299894 0.000000 0.000000
0.000000 0.000000 0.297994 0.297992 0.298000 0.298016 0.298038 0.298048 0.298054 0.298053 0.298057 0.298056 0.298059 0.298053 0.298030 0.298023 0.298012 0.298000 0.297991 0.000000 0.000000
0.000000 0.000000 0.292586 0.292588 0.292611 0.292657 0.292690 0.292737 0.292737 0.292750 0.292742 0.292743 0.292739 0.292738 0.292715 0.292682 0.292655 0.292632 0.292620 0.000000 0.000000
0.000000 0.000000 0.285001 0.285010 0.285030 0.285081 0.285144 0.285217 0.285218 0.285227 0.285225 0.285226 0.285229 0.285223 0.285160 0.285103 0.285069 0.285042 0.285026 0.000000 0.000000
0.000000 0.000000 0.276015 0.276020 0.276035 0.276094 0.276154 0.276234 0.276235 0.276244 0.276246 0.276252 0.276256 0.276241 0.276172 0.276118 0.276066 0.276051 0.276026 0.000000 0.000000
0.000000 0.000000 0.266439 0.266456 0.266485 0.266524 0.266588 0.266674 0.266670 0.266689 0.266694 0.266698 0.266696 0.266698 0.266614 0.266546 0.266505 0.266484 0.266464 0.000000 0.000000
0.000000 0.000000 0.256356 0.256377 0.256393 0.256431 0.256524 0.256601 0.256601 0.256611 0.256623 0.256617 0.256606 0.256610 0.256539 0.256461 0.256413 0.256397 0.256382 0.000000 0.000000
0.000000 0.000000 0.245452 0.245467 0.245485 0.245566 0.245631 0.245721 0.245703 0.245752 0.245745 0.245748 0.245765 0.245733 0.245668 0.245619 0.245558 0.245525 0.245485 0.000000 0.000000
0.000000 0.000000 0.233405 0.233439 0.233478 0.233531 0.233604 0.233717 0.233724 0.233738 0.233713 0.233752 0.233741 0.233734 0.233617 0.233557 0.233515 0.233492 0.233390 0.000000 0.000000
0.000000 0.000000 0.220436 0.220470 0.220486 0.220560 0.220624 0.220914 0.220919 0.220936 0.221011 0.220973 0.220957 0.220930 0.220708 0.220648 0.220538 0.220525 0.220474 0.000000 0.000000
0.000000 0.000000 0.205334 0.205347 0.205408 0.205461 0.205817 0.205802 0.205876 0.205876 0.205857 0.205878 0.205887 0.205902 0.205926 0.205556 0.205492 0.205395 0.205323 0.000000 0.000000
0.000000 0.000000 0.187623 0.187657 0.187733 0.188181 0.188158 0.188382 0.188487 0.188512 0.188586 0.188641 0.188592 0.188602 0.188385 0.188379 0.187790 0.187874 0.187859 0.000000 0.000000
0.000000 0.000000 0.168170 0.168203 0.168845 0.168699 0.168746 0.168818 0.168588 0.168665 0.168546 0.168596 0.168697 0.168538 0.168513 0.168476 0.168905 0.167995 0.168007 0.000000 0.000000
0.000000 0.000000 0.143980 0.144998 0.144839 0.145213 0.145723 0.145873 0.146130 0.146072 0.146364 0.146343 0.146179 0.146334 0.146080 0.145703 0.144880 0.145358 0.144307 0.000000 0.000000
0.000000 0.000000 0.134150 0.133250 0.132360 0.132380 0.132368 0.133220 0.133098 0.133341 0.132961 0.133042 0.133091 0.132965 0.132245 0.132254 0.132200 0.132922 0.133801 0.000000 0.000000
0.000000 0.000000 0.300000 0.300000 0.300000 0.300000 0.300000 0.300000 0.300000 0.300000 0.300000 0.300000 0.300000 0.300000 0.300000 0.300000 0.300000 0.300000 0.300000 0.000000 0.000000
0.000000 0.000000 0.000000 0.000000 0.000000 0.000000 0.000000 0.000000 0.000000 0.000000 0.000000 0.000000 0.000000 0.000000 0.000000 0.000000 0.000000 0.000000 0.000000 0.000000 0.000000