geotop/1.0zi/1.0Montebello/Templates/testdem/maps/_Eocclay5063.asc
ncols         21
nrows         20
xllcorner     100.000000
yllcorner     100.000000
cellsize      50.000000
NODATA_value  -9999.0
0.000000 0.000000 0.000000 0.000000 0.000000 0.000000 0.000000 0.000000 0.000000 0.000000 0.000000 0.000000 0.000000 0.000000 0.000000 0.000000 0.000000 0.000000 0.000000 0.000000 0.000000
0.000000 0.000000 0.349777 0.349778 0.349778 0.349778 0.349778 0.349778 0.349778 0.349778 0.349778 0.349778 0.349778 0.349778 0.349778 0.349778 0.349778 0.349778 0.349778 0.000000 0.000000
0.000000 0.000000 0.349992 0.349992 0.349992 0.349992 0.349991 0.349992 0.349992 0.349991 0.349991 0.349991 0.349992 0.349992 0.349992 0.349992 0.349992 0.349991 0.349992 0.000000 0.000000
0.000000 0.000000 0.349987 0.349989 0.349987 0.349988 0.349990 0.349990 0.349990 0.349988 0.349989 0.349988 0.349988 0.349987 0.349990 0.349991 0.349989 0.349990 0.349989 0.000000 0.000000
0.000000 0.000000 0.350382 0.350381 0.350381 0.350376 0.350367 0.350365 0.350366 0.350367 0.350364 0.350366 0.350363 0.350364 0.350369 0.350368 0.350372 0.350374 0.350377 0.000000 0.000000
0.000000 0.000000 0.351764 0.351767 0.351761 0.351745 0.351741 0.351727 0.351726 0.351722 0.351726 0.351725 0.351729 0.351730 0.351732 0.351741 0.351746 0.351755 0.351760 0.000000 0.000000
0.000000 0.000000 0.353776 0.353775 0.353771 0.353757 0.353740 0.353718 0.353717 0.353714 0.353716 0.353716 0.353718 0.353719 0.353735 0.353753 0.353761 0.353768 0.353775 0.000000 0.000000
0.000000 0.000000 0.356183 0.356181 0.356179 0.356162 0.356145 0.356121 0.356122 0.356119 0.356119 0.356119 0.356118 0.356121 0.356141 0.356157 0.356166 0.356172 0.356180 0.000000 0.000000
0.000000 0.000000 0.358608 0.358606 0.358601 0.358589 0.358572 0.358549 0.358551 0.358547 0.358546 0.358547 0.358546 0.358548 0.358566 0.358585 0.358593 0.358598 0.358607 0.000000 0.000000
0.000000 0.000000 0.361052 0.361049 0.361046 0.361036 0.361016 0.360993 0.360995 0.360993 0.360992 0.360993 0.360991 0.360991 0.361014 0.361032 0.361037 0.361043 0.361050 0.000000 0.000000
0.000000 0.000000 0.363565 0.363561 0.363559 0.363545 0.363529 0.363503 0.363505 0.363500 0.363500 0.363501 0.363499 0.363500 0.363518 0.363533 0.363546 0.363551 0.363560 0.000000 0.000000
0.000000 0.000000 0.366173 0.366170 0.366166 0.366151 0.366135 0.366109 0.366108 0.366106 0.366105 0.366104 0.366103 0.366104 0.366127 0.366145 0.366152 0.366157 0.366184 0.000000 0.000000
0.000000 0.000000 0.368830 0.368826 0.368821 0.368809 0.368789 0.368734 0.368735 0.368731 0.368730 0.368731 0.368728 0.368731 0.368778 0.368798 0.368808 0.368813 0.368829 0.000000 0.000000
0.000000 0.000000 0.371678 0.371669 0.371666 0.371653 0.371597 0.371582 0.371574 0.371571 0.371571 0.371571 0.371568 0.371570 0.371584 0.371639 0.371649 0.371661 0.371671 0.000000 0.000000
0.000000 0.000000 0.374772 0.374766 0.374752 0.374700 0.374675 0.374641 0.374623 0.374618 0.374610 0.374610 0.374613 0.374609 0.374635 0.374670 0.374732 0.374730 0.374739 0.000000 0.000000
0.000000 0.000000 0.377994 0.377988 0.377926 0.377910 0.377894 0.377876 0.377876 0.377875 0.377878 0.377877 0.377869 0.377883 0.377892 0.377905 0.377906 0.377978 0.377994 0.000000 0.000000
0.000000 0.000000 0.381616 0.381531 0.381482 0.381457 0.381412 0.381386 0.381380 0.381377 0.381367 0.381368 0.381370 0.381364 0.381384 0.381434 0.381468 0.381497 0.381584 0.000000 0.000000
0.000000 0.000000 0.384373 0.384363 0.384424 0.384394 0.384359 0.384272 0.384265 0.384258 0.384262 0.384261 0.384256 0.384265 0.384342 0.384380 0.384422 0.384349 0.384376 0.000000 0.000000
0.000000 0.000000 0.350000 0.350000 0.350000 0.350000 0.350000 0.350000 0.350000 0.350000 0.350000 0.350000 0.350000 0.350000 0.350000 0.350000 0.350000 0.350000 0.350000 0.000000 0.000000
0.000000 0.000000 0.000000 0.000000 0.000000 0.000000 0.000000 0.000000 0.000000 0.000000 0.000000 0.000000 0.000000 0.000000 0.000000 0.000000 0.000000 0.000000 0.000000 0.000000 0.000000