geotop/1.0zi/1.0Montebello/Templates/testdem/maps/_Eocsand5129.asc
ncols         21
nrows         20
xllcorner     100.000000
yllcorner     100.000000
cellsize      50.000000
NODATA_value  -9999.0
0.000000 0.000000 0.000000 0.000000 0.000000 0.000000 0.000000 0.000000 0.000000 0.000000 0.000000 0.000000 0.000000 0.000000 0.000000 0.000000 0.000000 0.000000 0.000000 0.000000 0.000000
0.000000 0.000000 0.300125 0.300125 0.300125 0.300124 0.300124 0.300124 0.300125 0.300125 0.300125 0.300125 0.300125 0.300125 0.300124 0.300124 0.300125 0.300125 0.300125 0.000000 0.000000
0.000000 0.000000 0.300008 0.300007 0.300007 0.300006 0.300007 0.300007 0.300006 0.300006 0.300007 0.300007 0.300006 0.300006 0.300006 0.300007 0.300008 0.300009 0.300008 0.000000 0.000000
0.000000 0.000000 0.299974 0.299973 0.299975 0.299980 0.299977 0.299979 0.299977 0.299977 0.299977 0.299978 0.299978 0.299980 0.299976 0.299972 0.299974 0.299971 0.299973 0.000000 0.000000
0.000000 0.000000 0.299192 0.299189 0.299190 0.299200 0.299211 0.299216 0.299217 0.299219 0.299223 0.299219 0.299222 0.299220 0.299211 0.299211 0.299206 0.299197 0.299190 0.000000 0.000000
0.000000 0.000000 0.296535 0.296528 0.296538 0.296566 0.296578 0.296607 0.296611 0.296619 0.296612 0.296609 0.296602 0.296603 0.296597 0.296581 0.296568 0.296555 0.296546 0.000000 0.000000
0.000000 0.000000 0.292504 0.292507 0.292516 0.292546 0.292581 0.292622 0.292622 0.292627 0.292622 0.292623 0.292623 0.292619 0.292591 0.292558 0.292540 0.292524 0.292510 0.000000 0.000000
0.000000 0.000000 0.287637 0.287640 0.287641 0.287673 0.287710 0.287753 0.287752 0.287758 0.287758 0.287757 0.287759 0.287757 0.287720 0.287685 0.287663 0.287652 0.287637 0.000000 0.000000
0.000000 0.000000 0.282640 0.282646 0.282654 0.282681 0.282716 0.282763 0.282762 0.282769 0.282770 0.282767 0.282769 0.282766 0.282731 0.282691 0.282673 0.282660 0.282641 0.000000 0.000000
0.000000 0.000000 0.277640 0.277645 0.277650 0.277671 0.277713 0.277758 0.277753 0.277759 0.277760 0.277758 0.277761 0.277762 0.277719 0.277682 0.277670 0.277656 0.277643 0.000000 0.000000
0.000000 0.000000 0.272526 0.272532 0.272534 0.272565 0.272598 0.272649 0.272646 0.272655 0.272656 0.272652 0.272656 0.272656 0.272621 0.272590 0.272563 0.272550 0.272532 0.000000 0.000000
0.000000 0.000000 0.267210 0.267214 0.267222 0.267252 0.267287 0.267337 0.267340 0.267345 0.267346 0.267346 0.267347 0.267348 0.267301 0.267266 0.267249 0.267237 0.267184 0.000000 0.000000
0.000000 0.000000 0.261795 0.261802 0.261811 0.261835 0.261877 0.261987 0.261986 0.261994 0.261997 0.261994 0.261999 0.261996 0.261903 0.261861 0.261839 0.261826 0.261794 0.000000 0.000000
0.000000 0.000000 0.255991 0.256006 0.256011 0.256037 0.256152 0.256181 0.256199 0.256205 0.256205 0.256204 0.256209 0.256208 0.256181 0.256071 0.256048 0.256021 0.256001 0.000000 0.000000
0.000000 0.000000 0.249685 0.249695 0.249722 0.249828 0.249880 0.249950 0.249985 0.249994 0.250012 0.250011 0.250005 0.250015 0.249964 0.249894 0.249764 0.249767 0.249748 0.000000 0.000000
0.000000 0.000000 0.243103 0.243113 0.243239 0.243270 0.243305 0.243341 0.243342 0.243343 0.243336 0.243337 0.243353 0.243327 0.243310 0.243284 0.243280 0.243130 0.243097 0.000000 0.000000
0.000000 0.000000 0.235691 0.235864 0.235959 0.236011 0.236108 0.236159 0.236171 0.236176 0.236198 0.236195 0.236189 0.236205 0.236167 0.236064 0.235991 0.235930 0.235752 0.000000 0.000000
0.000000 0.000000 0.230064 0.230079 0.229948 0.230011 0.230084 0.230260 0.230276 0.230290 0.230282 0.230282 0.230291 0.230276 0.230119 0.230044 0.229955 0.230104 0.230053 0.000000 0.000000
0.000000 0.000000 0.300000 0.300000 0.300000 0.300000 0.300000 0.300000 0.300000 0.300000 0.300000 0.300000 0.300000 0.300000 0.300000 0.300000 0.300000 0.300000 0.300000 0.000000 0.000000
0.000000 0.000000 0.000000 0.000000 0.000000 0.000000 0.000000 0.000000 0.000000 0.000000 0.000000 0.000000 0.000000 0.000000 0.000000 0.000000 0.000000 0.000000 0.000000 0.000000 0.000000