geotop/1.0zi/1.0Montebello/Templates/testdem/maps/_Eocsand8548.asc
ncols         21
nrows         20
xllcorner     100.000000
yllcorner     100.000000
cellsize      50.000000
NODATA_value  -9999.0
0.000000 0.000000 0.000000 0.000000 0.000000 0.000000 0.000000 0.000000 0.000000 0.000000 0.000000 0.000000 0.000000 0.000000 0.000000 0.000000 0.000000 0.000000 0.000000 0.000000 0.000000
0.000000 0.000000 0.300214 0.300212 0.300212 0.300212 0.300211 0.300211 0.300211 0.300211 0.300212 0.300211 0.300212 0.300212 0.300211 0.300212 0.300213 0.300213 0.300213 0.000000 0.000000
0.000000 0.000000 0.300012 0.300013 0.300013 0.300011 0.300012 0.300013 0.300012 0.300012 0.300013 0.300013 0.300012 0.300012 0.300012 0.300012 0.300013 0.300014 0.300014 0.000000 0.000000
0.000000 0.000000 0.299893 0.299892 0.299897 0.299905 0.299900 0.299908 0.299903 0.299906 0.299906 0.299906 0.299906 0.299907 0.299903 0.299898 0.299896 0.299892 0.299893 0.000000 0.000000
0.000000 0.000000 0.297872 0.297874 0.297888 0.297905 0.297931 0.297940 0.297944 0.297945 0.297947 0.297943 0.297941 0.297939 0.297917 0.297911 0.297898 0.297886 0.297875 0.000000 0.000000
0.000000 0.000000 0.291902 0.291907 0.291934 0.291984 0.292022 0.292068 0.292068 0.292082 0.292072 0.292072 0.292063 0.292067 0.292041 0.292008 0.291979 0.291959 0.291946 0.000000 0.000000
0.000000 0.000000 0.283521 0.283535 0.283554 0.283610 0.283679 0.283758 0.283758 0.283767 0.283765 0.283763 0.283765 0.283760 0.283692 0.283634 0.283599 0.283571 0.283556 0.000000 0.000000
0.000000 0.000000 0.273594 0.273604 0.273619 0.273683 0.273747 0.273834 0.273834 0.273846 0.273846 0.273850 0.273855 0.273839 0.273765 0.273710 0.273655 0.273640 0.273613 0.000000 0.000000
0.000000 0.000000 0.262911 0.262934 0.262964 0.263006 0.263080 0.263173 0.263166 0.263187 0.263192 0.263194 0.263191 0.263194 0.263103 0.263032 0.262988 0.262967 0.262944 0.000000 0.000000
0.000000 0.000000 0.251514 0.251540 0.251557 0.251598 0.251703 0.251787 0.251786 0.251797 0.251810 0.251800 0.251788 0.251793 0.251717 0.251631 0.251580 0.251562 0.251547 0.000000 0.000000
0.000000 0.000000 0.239012 0.239027 0.239046 0.239144 0.239213 0.239319 0.239291 0.239352 0.239339 0.239343 0.239362 0.239328 0.239252 0.239202 0.239133 0.239098 0.239051 0.000000 0.000000
0.000000 0.000000 0.224990 0.225035 0.225077 0.225131 0.225222 0.225345 0.225357 0.225367 0.225339 0.225384 0.225364 0.225363 0.225229 0.225158 0.225116 0.225088 0.224976 0.000000 0.000000
0.000000 0.000000 0.209667 0.209712 0.209718 0.209815 0.209886 0.210233 0.210240 0.210255 0.210354 0.210295 0.210279 0.210248 0.209981 0.209917 0.209783 0.209773 0.209720 0.000000 0.000000
0.000000 0.000000 0.191446 0.191459 0.191533 0.191597 0.192048 0.191991 0.192081 0.192080 0.192043 0.192078 0.192085 0.192120 0.192175 0.191701 0.191641 0.191517 0.191433 0.000000 0.000000
0.000000 0.000000 0.169795 0.169844 0.169937 0.170521 0.170437 0.170735 0.170859 0.170889 0.170994 0.171055 0.170989 0.171001 0.170709 0.170768 0.169995 0.170129 0.170123 0.000000 0.000000
0.000000 0.000000 0.146230 0.146272 0.147112 0.146833 0.146914 0.146967 0.146636 0.146736 0.146558 0.146609 0.146751 0.146545 0.146552 0.146496 0.147189 0.145952 0.145970 0.000000 0.000000
0.000000 0.000000 0.117674 0.118945 0.118602 0.119115 0.119749 0.119942 0.120320 0.120232 0.120627 0.120582 0.120352 0.120588 0.120253 0.119787 0.118649 0.119457 0.118135 0.000000 0.000000
0.000000 0.000000 0.108739 0.107565 0.106572 0.106559 0.106481 0.107450 0.107267 0.107557 0.107069 0.107164 0.107244 0.107080 0.106279 0.106338 0.106390 0.107135 0.108294 0.000000 0.000000
0.000000 0.000000 0.300000 0.300000 0.300000 0.300000 0.300000 0.300000 0.300000 0.300000 0.300000 0.300000 0.300000 0.300000 0.300000 0.300000 0.300000 0.300000 0.300000 0.000000 0.000000
0.000000 0.000000 0.000000 0.000000 0.000000 0.000000 0.000000 0.000000 0.000000 0.000000 0.000000 0.000000 0.000000 0.000000 0.000000 0.000000 0.000000 0.000000 0.000000 0.000000 0.000000