geotop/1.0zi/1.0Montebello/Templates/testdem/maps/_Eocsilt7418.asc
ncols         21
nrows         20
xllcorner     100.000000
yllcorner     100.000000
cellsize      50.000000
NODATA_value  -9999.0
0.000000 0.000000 0.000000 0.000000 0.000000 0.000000 0.000000 0.000000 0.000000 0.000000 0.000000 0.000000 0.000000 0.000000 0.000000 0.000000 0.000000 0.000000 0.000000 0.000000 0.000000
0.000000 0.000000 0.350152 0.350152 0.350152 0.350153 0.350152 0.350153 0.350152 0.350152 0.350153 0.350152 0.350152 0.350152 0.350152 0.350152 0.350153 0.350153 0.350152 0.000000 0.000000
0.000000 0.000000 0.350005 0.350004 0.350004 0.350004 0.350004 0.350004 0.350004 0.350004 0.350005 0.350005 0.350005 0.350005 0.350004 0.350004 0.350002 0.350002 0.350004 0.000000 0.000000
0.000000 0.000000 0.350101 0.350098 0.350096 0.350090 0.350092 0.350086 0.350089 0.350090 0.350086 0.350089 0.350088 0.350089 0.350091 0.350094 0.350097 0.350097 0.350098 0.000000 0.000000
0.000000 0.000000 0.350951 0.350957 0.350952 0.350942 0.350936 0.350930 0.350926 0.350925 0.350925 0.350925 0.350926 0.350928 0.350940 0.350945 0.350947 0.350957 0.350960 0.000000 0.000000
0.000000 0.000000 0.353303 0.353304 0.353294 0.353279 0.353261 0.353240 0.353239 0.353234 0.353238 0.353238 0.353239 0.353238 0.353250 0.353261 0.353273 0.353281 0.353286 0.000000 0.000000
0.000000 0.000000 0.356679 0.356675 0.356665 0.356641 0.356611 0.356580 0.356581 0.356577 0.356578 0.356576 0.356573 0.356578 0.356605 0.356630 0.356646 0.356661 0.356668 0.000000 0.000000
0.000000 0.000000 0.360702 0.360700 0.360695 0.360670 0.360641 0.360607 0.360607 0.360603 0.360602 0.360599 0.360597 0.360603 0.360633 0.360659 0.360684 0.360689 0.360701 0.000000 0.000000
0.000000 0.000000 0.364990 0.364982 0.364969 0.364952 0.364922 0.364883 0.364885 0.364876 0.364874 0.364872 0.364873 0.364872 0.364911 0.364942 0.364961 0.364971 0.364981 0.000000 0.000000
0.000000 0.000000 0.369440 0.369432 0.369425 0.369409 0.369368 0.369333 0.369333 0.369329 0.369323 0.369326 0.369331 0.369329 0.369361 0.369396 0.369418 0.369425 0.369432 0.000000 0.000000
0.000000 0.000000 0.374170 0.374164 0.374157 0.374123 0.374094 0.374055 0.374063 0.374042 0.374044 0.374043 0.374036 0.374050 0.374078 0.374100 0.374127 0.374141 0.374160 0.000000 0.000000
0.000000 0.000000 0.379329 0.379315 0.379299 0.379277 0.379246 0.379196 0.379194 0.379187 0.379198 0.379182 0.379186 0.379190 0.379240 0.379266 0.379284 0.379295 0.379340 0.000000 0.000000
0.000000 0.000000 0.384804 0.384791 0.384784 0.384754 0.384727 0.384608 0.384606 0.384599 0.384568 0.384582 0.384590 0.384601 0.384693 0.384718 0.384764 0.384769 0.384795 0.000000 0.000000
0.000000 0.000000 0.391056 0.391050 0.391027 0.391006 0.390867 0.390863 0.390834 0.390834 0.390837 0.390831 0.390828 0.390823 0.390820 0.390965 0.390995 0.391033 0.391065 0.000000 0.000000
0.000000 0.000000 0.398266 0.398254 0.398224 0.398057 0.398049 0.397968 0.397924 0.397915 0.397887 0.397865 0.397883 0.397878 0.397957 0.397977 0.398200 0.398173 0.398184 0.000000 0.000000
0.000000 0.000000 0.406137 0.406125 0.405889 0.405920 0.405906 0.405870 0.405946 0.405917 0.405956 0.405934 0.405899 0.405957 0.405977 0.405990 0.405867 0.406192 0.406189 0.000000 0.000000
0.000000 0.000000 0.415801 0.415436 0.415451 0.415330 0.415146 0.415090 0.415014 0.415030 0.414931 0.414935 0.414987 0.414942 0.415033 0.415169 0.415436 0.415325 0.415701 0.000000 0.000000
0.000000 0.000000 0.420723 0.420986 0.421325 0.421297 0.421269 0.420951 0.420980 0.420895 0.421013 0.420985 0.420978 0.421014 0.421292 0.421311 0.421386 0.421089 0.420836 0.000000 0.000000
0.000000 0.000000 0.350000 0.350000 0.350000 0.350000 0.350000 0.350000 0.350000 0.350000 0.350000 0.350000 0.350000 0.350000 0.350000 0.350000 0.350000 0.350000 0.350000 0.000000 0.000000
0.000000 0.000000 0.000000 0.000000 0.000000 0.000000 0.000000 0.000000 0.000000 0.000000 0.000000 0.000000 0.000000 0.000000 0.000000 0.000000 0.000000 0.000000 0.000000 0.000000 0.000000