geotop/1.0zi/1.0Montebello/Templates/testdem/maps/_Eocclay5187.asc
ncols         21
nrows         20
xllcorner     100.000000
yllcorner     100.000000
cellsize      50.000000
NODATA_value  -9999.0
0.000000 0.000000 0.000000 0.000000 0.000000 0.000000 0.000000 0.000000 0.000000 0.000000 0.000000 0.000000 0.000000 0.000000 0.000000 0.000000 0.000000 0.000000 0.000000 0.000000 0.000000
0.000000 0.000000 0.349766 0.349767 0.349767 0.349767 0.349767 0.349767 0.349767 0.349767 0.349767 0.349767 0.349767 0.349767 0.349767 0.349767 0.349767 0.349767 0.349767 0.000000 0.000000
0.000000 0.000000 0.349990 0.349991 0.349991 0.349991 0.349990 0.349990 0.349990 0.349990 0.349990 0.349990 0.349990 0.349991 0.349990 0.349991 0.349990 0.349990 0.349990 0.000000 0.000000
0.000000 0.000000 0.349989 0.349991 0.349989 0.349989 0.349991 0.349991 0.349991 0.349990 0.349991 0.349990 0.349990 0.349989 0.349991 0.349993 0.349991 0.349992 0.349991 0.000000 0.000000
0.000000 0.000000 0.350384 0.350383 0.350383 0.350378 0.350370 0.350368 0.350369 0.350369 0.350367 0.350369 0.350365 0.350367 0.350371 0.350370 0.350374 0.350376 0.350379 0.000000 0.000000
0.000000 0.000000 0.351788 0.351791 0.351787 0.351770 0.351764 0.351750 0.351748 0.351745 0.351749 0.351748 0.351752 0.351752 0.351754 0.351764 0.351770 0.351780 0.351785 0.000000 0.000000
0.000000 0.000000 0.353863 0.353862 0.353860 0.353844 0.353827 0.353804 0.353803 0.353799 0.353802 0.353804 0.353805 0.353804 0.353821 0.353840 0.353849 0.353857 0.353864 0.000000 0.000000
0.000000 0.000000 0.356368 0.356368 0.356366 0.356348 0.356330 0.356306 0.356306 0.356303 0.356304 0.356304 0.356303 0.356308 0.356325 0.356341 0.356355 0.356360 0.356368 0.000000 0.000000
0.000000 0.000000 0.358899 0.358897 0.358891 0.358881 0.358865 0.358840 0.358842 0.358837 0.358835 0.358837 0.358837 0.358836 0.358858 0.358875 0.358888 0.358890 0.358898 0.000000 0.000000
0.000000 0.000000 0.361451 0.361446 0.361445 0.361438 0.361413 0.361391 0.361392 0.361389 0.361386 0.361390 0.361394 0.361391 0.361409 0.361430 0.361443 0.361445 0.361450 0.000000 0.000000
0.000000 0.000000 0.364079 0.364076 0.364076 0.364058 0.364042 0.364017 0.364022 0.364010 0.364011 0.364012 0.364010 0.364017 0.364030 0.364044 0.364058 0.364066 0.364077 0.000000 0.000000
0.000000 0.000000 0.366814 0.366808 0.366802 0.366788 0.366775 0.366746 0.366747 0.366739 0.366748 0.366740 0.366742 0.366745 0.366770 0.366782 0.366792 0.366796 0.366825 0.000000 0.000000
0.000000 0.000000 0.369602 0.369596 0.369594 0.369579 0.369567 0.369510 0.369510 0.369504 0.369493 0.369500 0.369505 0.369510 0.369551 0.369562 0.369584 0.369586 0.369608 0.000000 0.000000
0.000000 0.000000 0.372596 0.372592 0.372586 0.372577 0.372523 0.372508 0.372495 0.372494 0.372489 0.372492 0.372493 0.372493 0.372499 0.372552 0.372572 0.372586 0.372608 0.000000 0.000000
0.000000 0.000000 0.375859 0.375856 0.375843 0.375789 0.375771 0.375740 0.375716 0.375712 0.375702 0.375697 0.375705 0.375700 0.375723 0.375751 0.375832 0.375826 0.375840 0.000000 0.000000
0.000000 0.000000 0.379278 0.379273 0.379205 0.379189 0.379185 0.379165 0.379176 0.379167 0.379172 0.379163 0.379157 0.379172 0.379183 0.379193 0.379195 0.379281 0.379286 0.000000 0.000000
0.000000 0.000000 0.383127 0.383036 0.382997 0.382969 0.382927 0.382905 0.382900 0.382896 0.382878 0.382874 0.382882 0.382882 0.382906 0.382939 0.382991 0.383023 0.383114 0.000000 0.000000
0.000000 0.000000 0.386049 0.386041 0.386119 0.386093 0.386060 0.385976 0.385973 0.385952 0.385962 0.385957 0.385965 0.385968 0.386047 0.386070 0.386135 0.386053 0.386068 0.000000 0.000000
0.000000 0.000000 0.350000 0.350000 0.350000 0.350000 0.350000 0.350000 0.350000 0.350000 0.350000 0.350000 0.350000 0.350000 0.350000 0.350000 0.350000 0.350000 0.350000 0.000000 0.000000
0.000000 0.000000 0.000000 0.000000 0.000000 0.000000 0.000000 0.000000 0.000000 0.000000 0.000000 0.000000 0.000000 0.000000 0.000000 0.000000 0.000000 0.000000 0.000000 0.000000 0.000000