geotop/1.0zi/1.0Montebello/Templates/testdem/maps/_Eocsilt2986.asc
ncols         21
nrows         20
xllcorner     100.000000
yllcorner     100.000000
cellsize      50.000000
NODATA_value  -9999.0
0.000000 0.000000 0.000000 0.000000 0.000000 0.000000 0.000000 0.000000 0.000000 0.000000 0.000000 0.000000 0.000000 0.000000 0.000000 0.000000 0.000000 0.000000 0.000000 0.000000 0.000000
0.000000 0.000000 0.350080 0.350080 0.350080 0.350080 0.350080 0.350080 0.350080 0.350080 0.350079 0.350080 0.350080 0.350080 0.350080 0.350080 0.350080 0.350080 0.350080 0.000000 0.000000
0.000000 0.000000 0.349996 0.349996 0.349996 0.349996 0.349996 0.349996 0.349996 0.349996 0.349997 0.349996 0.349996 0.349996 0.349996 0.349996 0.349996 0.349996 0.349996 0.000000 0.000000
0.000000 0.000000 0.351133 0.351132 0.351130 0.351131 0.351133 0.351133 0.351133 0.351133 0.351133 0.351133 0.351133 0.351133 0.351133 0.351131 0.351130 0.351132 0.351133 0.000000 0.000000
0.000000 0.000000 0.355390 0.355389 0.355388 0.355388 0.355390 0.355390 0.355390 0.355391 0.355391 0.355391 0.355390 0.355390 0.355390 0.355388 0.355388 0.355389 0.355390 0.000000 0.000000
0.000000 0.000000 0.360659 0.360658 0.360657 0.360657 0.360660 0.360659 0.360659 0.360660 0.360660 0.360660 0.360659 0.360659 0.360660 0.360657 0.360657 0.360658 0.360659 0.000000 0.000000
0.000000 0.000000 0.365436 0.365435 0.365434 0.365434 0.365436 0.365436 0.365436 0.365437 0.365437 0.365437 0.365436 0.365436 0.365436 0.365434 0.365434 0.365435 0.365436 0.000000 0.000000
0.000000 0.000000 0.369760 0.369759 0.369758 0.369758 0.369760 0.369759 0.369759 0.369760 0.369760 0.369760 0.369759 0.369759 0.369760 0.369758 0.369758 0.369759 0.369760 0.000000 0.000000
0.000000 0.000000 0.373758 0.373757 0.373756 0.373757 0.373758 0.373757 0.373757 0.373758 0.373759 0.373758 0.373757 0.373757 0.373758 0.373757 0.373756 0.373757 0.373758 0.000000 0.000000
0.000000 0.000000 0.377527 0.377526 0.377525 0.377525 0.377527 0.377526 0.377526 0.377527 0.377527 0.377527 0.377526 0.377526 0.377527 0.377525 0.377525 0.377526 0.377527 0.000000 0.000000
0.000000 0.000000 0.381111 0.381111 0.381110 0.381110 0.381112 0.381111 0.381111 0.381112 0.381112 0.381112 0.381111 0.381111 0.381112 0.381110 0.381110 0.381111 0.381111 0.000000 0.000000
0.000000 0.000000 0.384547 0.384547 0.384545 0.384546 0.384547 0.384547 0.384547 0.384547 0.384548 0.384547 0.384547 0.384547 0.384547 0.384546 0.384545 0.384547 0.384547 0.000000 0.000000
0.000000 0.000000 0.387861 0.387861 0.387859 0.387860 0.387861 0.387861 0.387861 0.387861 0.387862 0.387861 0.387861 0.387861 0.387861 0.387860 0.387859 0.387861 0.387861 0.000000 0.000000
0.000000 0.000000 0.391079 0.391079 0.391078 0.391078 0.391079 0.391079 0.391079 0.391079 0.391080 0.391079 0.391079 0.391079 0.391079 0.391078 0.391078 0.391079 0.391079 0.000000 0.000000
0.000000 0.000000 0.394207 0.394207 0.394206 0.394206 0.394207 0.394207 0.394207 0.394208 0.394208 0.394208 0.394207 0.394207 0.394207 0.394206 0.394206 0.394207 0.394207 0.000000 0.000000
0.000000 0.000000 0.397252 0.397251 0.397250 0.397251 0.397252 0.397251 0.397251 0.397252 0.397252 0.397252 0.397251 0.397251 0.397252 0.397251 0.397250 0.397251 0.397252 0.000000 0.000000
0.000000 0.000000 0.400223 0.400222 0.400221 0.400222 0.400223 0.400222 0.400222 0.400223 0.400223 0.400223 0.400222 0.400222 0.400223 0.400222 0.400221 0.400222 0.400223 0.000000 0.000000
0.000000 0.000000 0.403181 0.403181 0.403180 0.403180 0.403181 0.403181 0.403181 0.403181 0.403182 0.403181 0.403181 0.403181 0.403181 0.403180 0.403180 0.403181 0.403181 0.000000 0.000000
0.000000 0.000000 0.350000 0.350000 0.350000 0.350000 0.350000 0.350000 0.350000 0.350000 0.350000 0.350000 0.350000 0.350000 0.350000 0.350000 0.350000 0.350000 0.350000 0.000000 0.000000
0.000000 0.000000 0.000000 0.000000 0.000000 0.000000 0.000000 0.000000 0.000000 0.000000 0.000000 0.000000 0.000000 0.000000 0.000000 0.000000 0.000000 0.000000 0.000000 0.000000 0.000000