geotop/1.0zi/1.0Montebello/Templates/testdem/maps/_Eocsand2825.asc
ncols         21
nrows         20
xllcorner     100.000000
yllcorner     100.000000
cellsize      50.000000
NODATA_value  -9999.0
0.000000 0.000000 0.000000 0.000000 0.000000 0.000000 0.000000 0.000000 0.000000 0.000000 0.000000 0.000000 0.000000 0.000000 0.000000 0.000000 0.000000 0.000000 0.000000 0.000000 0.000000
0.000000 0.000000 0.300083 0.300083 0.300083 0.300083 0.300083 0.300083 0.300083 0.300083 0.300085 0.300083 0.300083 0.300083 0.300083 0.300083 0.300083 0.300083 0.300083 0.000000 0.000000
0.000000 0.000000 0.300009 0.300010 0.300010 0.300009 0.300010 0.300009 0.300010 0.300010 0.300008 0.300010 0.300010 0.300009 0.300010 0.300009 0.300010 0.300010 0.300009 0.000000 0.000000
0.000000 0.000000 0.298000 0.298000 0.298005 0.298003 0.297999 0.298000 0.298000 0.297999 0.297999 0.297999 0.298000 0.298000 0.297999 0.298003 0.298005 0.298000 0.298000 0.000000 0.000000
0.000000 0.000000 0.289894 0.289895 0.289899 0.289898 0.289892 0.289894 0.289894 0.289891 0.289891 0.289891 0.289894 0.289894 0.289892 0.289898 0.289899 0.289895 0.289894 0.000000 0.000000
0.000000 0.000000 0.280190 0.280191 0.280194 0.280193 0.280188 0.280190 0.280190 0.280188 0.280187 0.280188 0.280190 0.280190 0.280188 0.280193 0.280194 0.280191 0.280190 0.000000 0.000000
0.000000 0.000000 0.271196 0.271197 0.271200 0.271199 0.271195 0.271197 0.271196 0.271195 0.271194 0.271195 0.271196 0.271197 0.271195 0.271199 0.271200 0.271197 0.271196 0.000000 0.000000
0.000000 0.000000 0.263004 0.263005 0.263008 0.263007 0.263004 0.263005 0.263005 0.263003 0.263003 0.263003 0.263005 0.263005 0.263004 0.263007 0.263008 0.263005 0.263004 0.000000 0.000000
0.000000 0.000000 0.255404 0.255405 0.255408 0.255407 0.255404 0.255405 0.255405 0.255403 0.255403 0.255403 0.255405 0.255405 0.255404 0.255407 0.255408 0.255405 0.255404 0.000000 0.000000
0.000000 0.000000 0.248217 0.248217 0.248220 0.248219 0.248216 0.248217 0.248217 0.248216 0.248215 0.248216 0.248217 0.248217 0.248216 0.248219 0.248220 0.248217 0.248217 0.000000 0.000000
0.000000 0.000000 0.241357 0.241358 0.241360 0.241359 0.241356 0.241357 0.241357 0.241356 0.241355 0.241356 0.241357 0.241357 0.241356 0.241359 0.241360 0.241358 0.241357 0.000000 0.000000
0.000000 0.000000 0.234757 0.234758 0.234760 0.234759 0.234757 0.234758 0.234758 0.234756 0.234756 0.234756 0.234758 0.234758 0.234757 0.234759 0.234760 0.234758 0.234757 0.000000 0.000000
0.000000 0.000000 0.228369 0.228369 0.228372 0.228371 0.228368 0.228369 0.228369 0.228368 0.228367 0.228368 0.228369 0.228369 0.228368 0.228371 0.228372 0.228369 0.228369 0.000000 0.000000
0.000000 0.000000 0.222148 0.222148 0.222151 0.222150 0.222147 0.222148 0.222148 0.222147 0.222146 0.222147 0.222148 0.222148 0.222147 0.222150 0.222151 0.222148 0.222148 0.000000 0.000000
0.000000 0.000000 0.216077 0.216078 0.216080 0.216079 0.216077 0.216078 0.216078 0.216077 0.216076 0.216077 0.216078 0.216078 0.216077 0.216079 0.216080 0.216078 0.216077 0.000000 0.000000
0.000000 0.000000 0.210146 0.210147 0.210149 0.210148 0.210146 0.210147 0.210147 0.210146 0.210145 0.210146 0.210147 0.210147 0.210146 0.210148 0.210149 0.210147 0.210146 0.000000 0.000000
0.000000 0.000000 0.204346 0.204346 0.204348 0.204347 0.204345 0.204346 0.204346 0.204345 0.204344 0.204345 0.204346 0.204346 0.204345 0.204347 0.204348 0.204346 0.204346 0.000000 0.000000
0.000000 0.000000 0.198569 0.198569 0.198571 0.198570 0.198568 0.198569 0.198569 0.198567 0.198567 0.198567 0.198569 0.198569 0.198568 0.198570 0.198571 0.198569 0.198568 0.000000 0.000000
0.000000 0.000000 0.300000 0.300000 0.300000 0.300000 0.300000 0.300000 0.300000 0.300000 0.300000 0.300000 0.300000 0.300000 0.300000 0.300000 0.300000 0.300000 0.300000 0.000000 0.000000
0.000000 0.000000 0.000000 0.000000 0.000000 0.000000 0.000000 0.000000 0.000000 0.000000 0.000000 0.000000 0.000000 0.000000 0.000000 0.000000 0.000000 0.000000 0.000000 0.000000 0.000000