geotop/1.0zi/1.0Montebello/Templates/testdem/maps/_Eocsilt7453.asc
ncols         21
nrows         20
xllcorner     100.000000
yllcorner     100.000000
cellsize      50.000000
NODATA_value  -9999.0
0.000000 0.000000 0.000000 0.000000 0.000000 0.000000 0.000000 0.000000 0.000000 0.000000 0.000000 0.000000 0.000000 0.000000 0.000000 0.000000 0.000000 0.000000 0.000000 0.000000 0.000000
0.000000 0.000000 0.350152 0.350153 0.350153 0.350153 0.350153 0.350153 0.350153 0.350153 0.350153 0.350152 0.350152 0.350152 0.350152 0.350152 0.350153 0.350153 0.350152 0.000000 0.000000
0.000000 0.000000 0.350005 0.350004 0.350004 0.350004 0.350004 0.350004 0.350004 0.350004 0.350005 0.350005 0.350005 0.350005 0.350004 0.350004 0.350002 0.350002 0.350004 0.000000 0.000000
0.000000 0.000000 0.350103 0.350099 0.350098 0.350091 0.350093 0.350088 0.350091 0.350091 0.350088 0.350090 0.350090 0.350090 0.350092 0.350095 0.350099 0.350099 0.350100 0.000000 0.000000
0.000000 0.000000 0.350954 0.350960 0.350955 0.350946 0.350940 0.350933 0.350930 0.350929 0.350928 0.350929 0.350929 0.350931 0.350944 0.350949 0.350951 0.350960 0.350963 0.000000 0.000000
0.000000 0.000000 0.353320 0.353321 0.353312 0.353296 0.353278 0.353257 0.353257 0.353251 0.353255 0.353255 0.353256 0.353255 0.353267 0.353279 0.353290 0.353298 0.353303 0.000000 0.000000
0.000000 0.000000 0.356713 0.356710 0.356700 0.356675 0.356645 0.356614 0.356615 0.356611 0.356612 0.356610 0.356607 0.356612 0.356640 0.356665 0.356681 0.356695 0.356702 0.000000 0.000000
0.000000 0.000000 0.360757 0.360755 0.360750 0.360724 0.360696 0.360661 0.360661 0.360658 0.360656 0.360653 0.360651 0.360657 0.360688 0.360714 0.360738 0.360744 0.360756 0.000000 0.000000
0.000000 0.000000 0.365069 0.365061 0.365048 0.365031 0.365001 0.364962 0.364963 0.364955 0.364952 0.364950 0.364952 0.364951 0.364990 0.365021 0.365040 0.365050 0.365060 0.000000 0.000000
0.000000 0.000000 0.369547 0.369540 0.369532 0.369517 0.369475 0.369440 0.369441 0.369436 0.369430 0.369433 0.369438 0.369436 0.369468 0.369503 0.369525 0.369532 0.369539 0.000000 0.000000
0.000000 0.000000 0.374312 0.374307 0.374300 0.374265 0.374235 0.374196 0.374205 0.374183 0.374185 0.374185 0.374177 0.374191 0.374219 0.374242 0.374269 0.374283 0.374302 0.000000 0.000000
0.000000 0.000000 0.379513 0.379499 0.379483 0.379460 0.379429 0.379379 0.379377 0.379370 0.379381 0.379365 0.379369 0.379373 0.379424 0.379449 0.379468 0.379479 0.379524 0.000000 0.000000
0.000000 0.000000 0.385037 0.385023 0.385017 0.384987 0.384959 0.384839 0.384837 0.384829 0.384799 0.384813 0.384820 0.384832 0.384924 0.384950 0.384996 0.385002 0.385028 0.000000 0.000000
0.000000 0.000000 0.391351 0.391346 0.391322 0.391300 0.391159 0.391157 0.391127 0.391127 0.391130 0.391124 0.391121 0.391116 0.391113 0.391259 0.391289 0.391328 0.391360 0.000000 0.000000
0.000000 0.000000 0.398640 0.398628 0.398597 0.398428 0.398421 0.398338 0.398294 0.398285 0.398256 0.398234 0.398253 0.398248 0.398328 0.398347 0.398573 0.398546 0.398556 0.000000 0.000000
0.000000 0.000000 0.406601 0.406588 0.406350 0.406382 0.406368 0.406331 0.406409 0.406380 0.406419 0.406397 0.406362 0.406421 0.406440 0.406454 0.406327 0.406657 0.406654 0.000000 0.000000
0.000000 0.000000 0.416385 0.416013 0.416031 0.415907 0.415720 0.415663 0.415584 0.415601 0.415500 0.415504 0.415558 0.415512 0.415604 0.415742 0.416015 0.415900 0.416282 0.000000 0.000000
0.000000 0.000000 0.421321 0.421593 0.421937 0.421909 0.421883 0.421560 0.421590 0.421503 0.421624 0.421596 0.421588 0.421625 0.421907 0.421925 0.421999 0.421698 0.421438 0.000000 0.000000
0.000000 0.000000 0.350000 0.350000 0.350000 0.350000 0.350000 0.350000 0.350000 0.350000 0.350000 0.350000 0.350000 0.350000 0.350000 0.350000 0.350000 0.350000 0.350000 0.000000 0.000000
0.000000 0.000000 0.000000 0.000000 0.000000 0.000000 0.000000 0.000000 0.000000 0.000000 0.000000 0.000000 0.000000 0.000000 0.000000 0.000000 0.000000 0.000000 0.000000 0.000000 0.000000