geotop/1.0zi/1.0Montebello/Templates/testdem/maps/_Eocsilt9920.asc
ncols         21
nrows         20
xllcorner     100.000000
yllcorner     100.000000
cellsize      50.000000
NODATA_value  -9999.0
0.000000 0.000000 0.000000 0.000000 0.000000 0.000000 0.000000 0.000000 0.000000 0.000000 0.000000 0.000000 0.000000 0.000000 0.000000 0.000000 0.000000 0.000000 0.000000 0.000000 0.000000
0.000000 0.000000 0.350212 0.350212 0.350212 0.350212 0.350211 0.350211 0.350212 0.350211 0.350211 0.350211 0.350211 0.350211 0.350211 0.350211 0.350212 0.350212 0.350212 0.000000 0.000000
0.000000 0.000000 0.350008 0.350008 0.350008 0.350007 0.350009 0.350008 0.350008 0.350008 0.350009 0.350008 0.350009 0.350009 0.350008 0.350007 0.350006 0.350006 0.350007 0.000000 0.000000
0.000000 0.000000 0.350151 0.350148 0.350141 0.350138 0.350137 0.350131 0.350135 0.350136 0.350133 0.350137 0.350138 0.350137 0.350140 0.350143 0.350148 0.350149 0.350151 0.000000 0.000000
0.000000 0.000000 0.351509 0.351515 0.351505 0.351484 0.351474 0.351467 0.351471 0.351468 0.351467 0.351470 0.351475 0.351473 0.351487 0.351496 0.351500 0.351506 0.351509 0.000000 0.000000
0.000000 0.000000 0.355247 0.355241 0.355226 0.355198 0.355164 0.355136 0.355135 0.355131 0.355130 0.355131 0.355135 0.355132 0.355151 0.355175 0.355187 0.355196 0.355202 0.000000 0.000000
0.000000 0.000000 0.360554 0.360542 0.360525 0.360484 0.360442 0.360387 0.360390 0.360387 0.360380 0.360379 0.360377 0.360381 0.360426 0.360459 0.360480 0.360496 0.360503 0.000000 0.000000
0.000000 0.000000 0.366854 0.366840 0.366825 0.366778 0.366732 0.366682 0.366684 0.366678 0.366671 0.366667 0.366666 0.366673 0.366716 0.366754 0.366789 0.366794 0.366808 0.000000 0.000000
0.000000 0.000000 0.373813 0.373793 0.373767 0.373730 0.373677 0.373615 0.373621 0.373610 0.373600 0.373598 0.373601 0.373598 0.373660 0.373705 0.373731 0.373743 0.373756 0.000000 0.000000
0.000000 0.000000 0.381509 0.381483 0.381461 0.381422 0.381364 0.381299 0.381301 0.381294 0.381278 0.381283 0.381290 0.381287 0.381337 0.381396 0.381426 0.381438 0.381444 0.000000 0.000000
0.000000 0.000000 0.390273 0.390251 0.390231 0.390143 0.390116 0.390030 0.390048 0.390008 0.390008 0.390001 0.389988 0.390010 0.390066 0.390103 0.390147 0.390161 0.390199 0.000000 0.000000
0.000000 0.000000 0.400543 0.400496 0.400443 0.400400 0.400354 0.400244 0.400242 0.400240 0.400248 0.400210 0.400229 0.400222 0.400323 0.400380 0.400403 0.400417 0.400492 0.000000 0.000000
0.000000 0.000000 0.412125 0.412082 0.412070 0.411985 0.411928 0.411638 0.411632 0.411617 0.411509 0.411572 0.411577 0.411602 0.411820 0.411868 0.411975 0.411980 0.411996 0.000000 0.000000
0.000000 0.000000 0.426380 0.426360 0.426264 0.426206 0.425801 0.425951 0.425865 0.425868 0.425923 0.425862 0.425854 0.425808 0.425675 0.426116 0.426129 0.426232 0.426293 0.000000 0.000000
0.000000 0.000000 0.442025 0.441979 0.441906 0.441407 0.441630 0.441315 0.441249 0.441220 0.441098 0.441065 0.441119 0.441125 0.441402 0.441191 0.441835 0.441680 0.441655 0.000000 0.000000
0.000000 0.000000 0.454959 0.454935 0.454472 0.454703 0.454618 0.454636 0.454836 0.454784 0.454888 0.454870 0.454783 0.454890 0.454830 0.454910 0.454397 0.455099 0.455088 0.000000 0.000000
0.000000 0.000000 0.464771 0.464530 0.464524 0.464456 0.464317 0.464293 0.464247 0.464257 0.464191 0.464198 0.464231 0.464200 0.464245 0.464352 0.464494 0.464443 0.464692 0.000000 0.000000
0.000000 0.000000 0.470225 0.470060 0.470187 0.470089 0.469973 0.469880 0.469825 0.469823 0.469781 0.469783 0.469819 0.469787 0.469892 0.469978 0.470175 0.469975 0.470145 0.000000 0.000000
0.000000 0.000000 0.350000 0.350000 0.350000 0.350000 0.350000 0.350000 0.350000 0.350000 0.350000 0.350000 0.350000 0.350000 0.350000 0.350000 0.350000 0.350000 0.350000 0.000000 0.000000
0.000000 0.000000 0.000000 0.000000 0.000000 0.000000 0.000000 0.000000 0.000000 0.000000 0.000000 0.000000 0.000000 0.000000 0.000000 0.000000 0.000000 0.000000 0.000000 0.000000 0.000000