geotop/1.0zi/1.0Montebello/Templates/testdem/maps/_Eocsilt0605.asc
ncols         21
nrows         20
xllcorner     100.000000
yllcorner     100.000000
cellsize      50.000000
NODATA_value  -9999.0
0.000000 0.000000 0.000000 0.000000 0.000000 0.000000 0.000000 0.000000 0.000000 0.000000 0.000000 0.000000 0.000000 0.000000 0.000000 0.000000 0.000000 0.000000 0.000000 0.000000 0.000000
0.000000 0.000000 0.350011 0.350011 0.350011 0.350011 0.350011 0.350011 0.350011 0.350011 0.350011 0.350011 0.350011 0.350011 0.350011 0.350011 0.350011 0.350011 0.350011 0.000000 0.000000
0.000000 0.000000 0.349998 0.349997 0.349997 0.349997 0.349998 0.349998 0.349998 0.349998 0.349998 0.349998 0.349998 0.349998 0.349998 0.349997 0.349997 0.349997 0.349998 0.000000 0.000000
0.000000 0.000000 0.350283 0.350283 0.350281 0.350283 0.350283 0.350283 0.350283 0.350283 0.350283 0.350283 0.350283 0.350283 0.350283 0.350283 0.350281 0.350283 0.350283 0.000000 0.000000
0.000000 0.000000 0.351179 0.351179 0.351177 0.351179 0.351179 0.351179 0.351179 0.351179 0.351179 0.351179 0.351179 0.351179 0.351179 0.351179 0.351177 0.351179 0.351179 0.000000 0.000000
0.000000 0.000000 0.352186 0.352186 0.352184 0.352186 0.352186 0.352186 0.352186 0.352186 0.352186 0.352186 0.352186 0.352186 0.352186 0.352186 0.352184 0.352186 0.352186 0.000000 0.000000
0.000000 0.000000 0.353116 0.353116 0.353114 0.353116 0.353116 0.353116 0.353116 0.353116 0.353116 0.353116 0.353116 0.353116 0.353116 0.353116 0.353114 0.353116 0.353116 0.000000 0.000000
0.000000 0.000000 0.353981 0.353981 0.353980 0.353981 0.353981 0.353981 0.353982 0.353981 0.353981 0.353981 0.353982 0.353981 0.353981 0.353981 0.353980 0.353981 0.353981 0.000000 0.000000
0.000000 0.000000 0.354801 0.354801 0.354799 0.354801 0.354801 0.354801 0.354801 0.354801 0.354801 0.354801 0.354801 0.354801 0.354801 0.354801 0.354799 0.354801 0.354801 0.000000 0.000000
0.000000 0.000000 0.355592 0.355592 0.355591 0.355592 0.355592 0.355592 0.355592 0.355592 0.355592 0.355592 0.355592 0.355592 0.355592 0.355592 0.355591 0.355592 0.355592 0.000000 0.000000
0.000000 0.000000 0.356362 0.356362 0.356361 0.356362 0.356363 0.356363 0.356363 0.356363 0.356363 0.356363 0.356363 0.356363 0.356363 0.356362 0.356361 0.356362 0.356362 0.000000 0.000000
0.000000 0.000000 0.357119 0.357119 0.357117 0.357118 0.357119 0.357119 0.357119 0.357119 0.357119 0.357119 0.357119 0.357119 0.357119 0.357118 0.357117 0.357119 0.357119 0.000000 0.000000
0.000000 0.000000 0.357862 0.357862 0.357861 0.357862 0.357862 0.357862 0.357862 0.357862 0.357862 0.357862 0.357862 0.357862 0.357862 0.357862 0.357861 0.357862 0.357862 0.000000 0.000000
0.000000 0.000000 0.358596 0.358596 0.358594 0.358595 0.358596 0.358596 0.358596 0.358596 0.358596 0.358596 0.358596 0.358596 0.358596 0.358595 0.358594 0.358596 0.358596 0.000000 0.000000
0.000000 0.000000 0.359322 0.359322 0.359321 0.359322 0.359322 0.359322 0.359323 0.359322 0.359322 0.359322 0.359323 0.359322 0.359322 0.359322 0.359321 0.359322 0.359322 0.000000 0.000000
0.000000 0.000000 0.360046 0.360046 0.360045 0.360046 0.360046 0.360047 0.360047 0.360047 0.360047 0.360047 0.360047 0.360047 0.360046 0.360046 0.360045 0.360046 0.360046 0.000000 0.000000
0.000000 0.000000 0.360764 0.360764 0.360762 0.360764 0.360764 0.360764 0.360764 0.360764 0.360764 0.360764 0.360764 0.360764 0.360764 0.360764 0.360762 0.360764 0.360764 0.000000 0.000000
0.000000 0.000000 0.361487 0.361487 0.361486 0.361487 0.361488 0.361488 0.361488 0.361488 0.361488 0.361488 0.361488 0.361488 0.361488 0.361487 0.361486 0.361487 0.361487 0.000000 0.000000
0.000000 0.000000 0.350000 0.350000 0.350000 0.350000 0.350000 0.350000 0.350000 0.350000 0.350000 0.350000 0.350000 0.350000 0.350000 0.350000 0.350000 0.350000 0.350000 0.000000 0.000000
0.000000 0.000000 0.000000 0.000000 0.000000 0.000000 0.000000 0.000000 0.000000 0.000000 0.000000 0.000000 0.000000 0.000000 0.000000 0.000000 0.000000 0.000000 0.000000 0.000000 0.000000