geotop/1.0zi/1.0Montebello/Templates/testdem/maps/_Eocclay0550.asc
ncols         21
nrows         20
xllcorner     100.000000
yllcorner     100.000000
cellsize      50.000000
NODATA_value  -9999.0
0.000000 0.000000 0.000000 0.000000 0.000000 0.000000 0.000000 0.000000 0.000000 0.000000 0.000000 0.000000 0.000000 0.000000 0.000000 0.000000 0.000000 0.000000 0.000000 0.000000 0.000000
0.000000 0.000000 0.349969 0.349969 0.349969 0.349969 0.349969 0.349969 0.349969 0.349969 0.349969 0.349969 0.349969 0.349969 0.349969 0.349969 0.349969 0.349969 0.349969 0.000000 0.000000
0.000000 0.000000 0.349997 0.349997 0.349997 0.349997 0.349997 0.349997 0.349997 0.349997 0.349997 0.349997 0.349997 0.349997 0.349997 0.349997 0.349997 0.349997 0.349997 0.000000 0.000000
0.000000 0.000000 0.350282 0.350282 0.350280 0.350282 0.350282 0.350282 0.350282 0.350282 0.350282 0.350282 0.350282 0.350282 0.350282 0.350282 0.350280 0.350282 0.350282 0.000000 0.000000
0.000000 0.000000 0.351221 0.351221 0.351219 0.351221 0.351221 0.351222 0.351222 0.351222 0.351221 0.351222 0.351222 0.351222 0.351221 0.351221 0.351219 0.351221 0.351221 0.000000 0.000000
0.000000 0.000000 0.352159 0.352159 0.352157 0.352159 0.352159 0.352159 0.352159 0.352159 0.352159 0.352159 0.352159 0.352159 0.352159 0.352159 0.352157 0.352159 0.352159 0.000000 0.000000
0.000000 0.000000 0.353045 0.353045 0.353043 0.353045 0.353045 0.353045 0.353045 0.353045 0.353045 0.353045 0.353045 0.353045 0.353045 0.353045 0.353043 0.353045 0.353045 0.000000 0.000000
0.000000 0.000000 0.353869 0.353869 0.353867 0.353869 0.353869 0.353869 0.353869 0.353869 0.353869 0.353869 0.353869 0.353869 0.353869 0.353869 0.353867 0.353869 0.353869 0.000000 0.000000
0.000000 0.000000 0.354648 0.354649 0.354647 0.354648 0.354649 0.354649 0.354649 0.354649 0.354649 0.354649 0.354649 0.354649 0.354649 0.354648 0.354647 0.354649 0.354648 0.000000 0.000000
0.000000 0.000000 0.355401 0.355401 0.355400 0.355401 0.355401 0.355402 0.355402 0.355402 0.355401 0.355402 0.355402 0.355402 0.355401 0.355401 0.355400 0.355401 0.355401 0.000000 0.000000
0.000000 0.000000 0.356134 0.356134 0.356133 0.356134 0.356134 0.356135 0.356135 0.356134 0.356134 0.356134 0.356135 0.356135 0.356134 0.356134 0.356133 0.356134 0.356134 0.000000 0.000000
0.000000 0.000000 0.356853 0.356853 0.356852 0.356853 0.356853 0.356854 0.356854 0.356853 0.356853 0.356853 0.356854 0.356854 0.356853 0.356853 0.356852 0.356853 0.356853 0.000000 0.000000
0.000000 0.000000 0.357560 0.357560 0.357559 0.357560 0.357560 0.357560 0.357560 0.357560 0.357560 0.357560 0.357560 0.357560 0.357560 0.357560 0.357559 0.357560 0.357560 0.000000 0.000000
0.000000 0.000000 0.358256 0.358256 0.358255 0.358256 0.358256 0.358256 0.358256 0.358256 0.358256 0.358256 0.358256 0.358256 0.358256 0.358256 0.358255 0.358256 0.358256 0.000000 0.000000
0.000000 0.000000 0.358946 0.358946 0.358944 0.358946 0.358946 0.358946 0.358946 0.358946 0.358946 0.358946 0.358946 0.358946 0.358946 0.358946 0.358944 0.358946 0.358946 0.000000 0.000000
0.000000 0.000000 0.359632 0.359632 0.359631 0.359632 0.359632 0.359632 0.359632 0.359632 0.359632 0.359632 0.359632 0.359632 0.359632 0.359632 0.359631 0.359632 0.359632 0.000000 0.000000
0.000000 0.000000 0.360312 0.360312 0.360310 0.360312 0.360312 0.360312 0.360312 0.360312 0.360312 0.360312 0.360312 0.360312 0.360312 0.360312 0.360310 0.360312 0.360312 0.000000 0.000000
0.000000 0.000000 0.361001 0.361001 0.361000 0.361001 0.361001 0.361002 0.361002 0.361002 0.361002 0.361002 0.361002 0.361002 0.361001 0.361001 0.361000 0.361001 0.361001 0.000000 0.000000
0.000000 0.000000 0.350000 0.350000 0.350000 0.350000 0.350000 0.350000 0.350000 0.350000 0.350000 0.350000 0.350000 0.350000 0.350000 0.350000 0.350000 0.350000 0.350000 0.000000 0.000000
0.000000 0.000000 0.000000 0.000000 0.000000 0.000000 0.000000 0.000000 0.000000 0.000000 0.000000 0.000000 0.000000 0.000000 0.000000 0.000000 0.000000 0.000000 0.000000 0.000000 0.000000