geotop/1.0zi/1.0Montebello/Templates/testdem/maps/_Eocsilt8258.asc
ncols         21
nrows         20
xllcorner     100.000000
yllcorner     100.000000
cellsize      50.000000
NODATA_value  -9999.0
0.000000 0.000000 0.000000 0.000000 0.000000 0.000000 0.000000 0.000000 0.000000 0.000000 0.000000 0.000000 0.000000 0.000000 0.000000 0.000000 0.000000 0.000000 0.000000 0.000000 0.000000
0.000000 0.000000 0.350172 0.350172 0.350172 0.350173 0.350172 0.350172 0.350172 0.350172 0.350173 0.350172 0.350172 0.350172 0.350172 0.350172 0.350173 0.350173 0.350172 0.000000 0.000000
0.000000 0.000000 0.350005 0.350005 0.350005 0.350005 0.350006 0.350006 0.350006 0.350006 0.350006 0.350006 0.350006 0.350006 0.350006 0.350005 0.350004 0.350004 0.350005 0.000000 0.000000
0.000000 0.000000 0.350102 0.350099 0.350097 0.350091 0.350092 0.350087 0.350090 0.350090 0.350087 0.350089 0.350089 0.350089 0.350092 0.350095 0.350098 0.350098 0.350100 0.000000 0.000000
0.000000 0.000000 0.351046 0.351053 0.351047 0.351036 0.351030 0.351022 0.351019 0.351017 0.351017 0.351017 0.351018 0.351020 0.351033 0.351038 0.351041 0.351051 0.351053 0.000000 0.000000
0.000000 0.000000 0.353813 0.353813 0.353804 0.353787 0.353768 0.353745 0.353744 0.353738 0.353743 0.353743 0.353745 0.353744 0.353756 0.353769 0.353782 0.353791 0.353797 0.000000 0.000000
0.000000 0.000000 0.357767 0.357763 0.357752 0.357726 0.357693 0.357658 0.357658 0.357654 0.357655 0.357653 0.357650 0.357656 0.357686 0.357714 0.357732 0.357747 0.357755 0.000000 0.000000
0.000000 0.000000 0.362444 0.362442 0.362436 0.362408 0.362376 0.362337 0.362336 0.362332 0.362331 0.362328 0.362326 0.362333 0.362367 0.362396 0.362423 0.362430 0.362442 0.000000 0.000000
0.000000 0.000000 0.367484 0.367476 0.367461 0.367442 0.367408 0.367363 0.367364 0.367355 0.367353 0.367351 0.367352 0.367351 0.367395 0.367430 0.367452 0.367463 0.367474 0.000000 0.000000
0.000000 0.000000 0.372807 0.372799 0.372790 0.372772 0.372724 0.372683 0.372683 0.372679 0.372672 0.372676 0.372681 0.372679 0.372715 0.372756 0.372781 0.372789 0.372797 0.000000 0.000000
0.000000 0.000000 0.378577 0.378571 0.378562 0.378521 0.378487 0.378440 0.378450 0.378425 0.378428 0.378427 0.378418 0.378434 0.378468 0.378493 0.378525 0.378543 0.378564 0.000000 0.000000
0.000000 0.000000 0.384997 0.384980 0.384960 0.384934 0.384896 0.384836 0.384831 0.384825 0.384839 0.384819 0.384825 0.384828 0.384890 0.384921 0.384943 0.384956 0.385010 0.000000 0.000000
0.000000 0.000000 0.391944 0.391928 0.391921 0.391883 0.391849 0.391693 0.391691 0.391682 0.391641 0.391662 0.391671 0.391686 0.391804 0.391836 0.391895 0.391902 0.391928 0.000000 0.000000
0.000000 0.000000 0.400100 0.400096 0.400063 0.400037 0.399842 0.399858 0.399817 0.399818 0.399831 0.399819 0.399813 0.399804 0.399785 0.399988 0.400020 0.400074 0.400113 0.000000 0.000000
0.000000 0.000000 0.409710 0.409693 0.409654 0.409405 0.409428 0.409303 0.409247 0.409234 0.409192 0.409162 0.409190 0.409185 0.409306 0.409298 0.409627 0.409577 0.409584 0.000000 0.000000
0.000000 0.000000 0.420201 0.420186 0.419828 0.419928 0.419901 0.419868 0.420001 0.419960 0.420031 0.420006 0.419947 0.420037 0.420042 0.420064 0.419799 0.420317 0.420311 0.000000 0.000000
0.000000 0.000000 0.433054 0.432503 0.432622 0.432415 0.432139 0.432058 0.431904 0.431941 0.431776 0.431791 0.431885 0.431793 0.431932 0.432136 0.432605 0.432301 0.432876 0.000000 0.000000
0.000000 0.000000 0.437705 0.438206 0.438663 0.438666 0.438689 0.438249 0.438322 0.438193 0.438404 0.438361 0.438329 0.438401 0.438766 0.438749 0.438748 0.438395 0.437905 0.000000 0.000000
0.000000 0.000000 0.350000 0.350000 0.350000 0.350000 0.350000 0.350000 0.350000 0.350000 0.350000 0.350000 0.350000 0.350000 0.350000 0.350000 0.350000 0.350000 0.350000 0.000000 0.000000
0.000000 0.000000 0.000000 0.000000 0.000000 0.000000 0.000000 0.000000 0.000000 0.000000 0.000000 0.000000 0.000000 0.000000 0.000000 0.000000 0.000000 0.000000 0.000000 0.000000 0.000000