geotop/1.0zi/1.0Montebello/Templates/testdem/maps/_Eocclay0240.asc
ncols         21
nrows         20
xllcorner     100.000000
yllcorner     100.000000
cellsize      50.000000
NODATA_value  -9999.0
0.000000 0.000000 0.000000 0.000000 0.000000 0.000000 0.000000 0.000000 0.000000 0.000000 0.000000 0.000000 0.000000 0.000000 0.000000 0.000000 0.000000 0.000000 0.000000 0.000000 0.000000
0.000000 0.000000 0.349982 0.349982 0.349982 0.349982 0.349982 0.349982 0.349982 0.349982 0.349982 0.349982 0.349982 0.349982 0.349982 0.349982 0.349982 0.349982 0.349982 0.000000 0.000000
0.000000 0.000000 0.350000 0.350000 0.350000 0.350000 0.350000 0.350000 0.350000 0.350000 0.350000 0.350000 0.350000 0.350000 0.350000 0.350000 0.350000 0.350000 0.350000 0.000000 0.000000
0.000000 0.000000 0.350231 0.350231 0.350229 0.350231 0.350231 0.350231 0.350231 0.350231 0.350231 0.350231 0.350231 0.350231 0.350231 0.350231 0.350229 0.350231 0.350231 0.000000 0.000000
0.000000 0.000000 0.350791 0.350791 0.350789 0.350790 0.350791 0.350791 0.350791 0.350791 0.350791 0.350791 0.350791 0.350791 0.350791 0.350790 0.350789 0.350791 0.350791 0.000000 0.000000
0.000000 0.000000 0.351291 0.351291 0.351289 0.351291 0.351291 0.351291 0.351291 0.351291 0.351291 0.351291 0.351291 0.351291 0.351291 0.351291 0.351289 0.351291 0.351291 0.000000 0.000000
0.000000 0.000000 0.351736 0.351736 0.351734 0.351736 0.351736 0.351736 0.351736 0.351736 0.351736 0.351736 0.351736 0.351736 0.351736 0.351736 0.351734 0.351736 0.351736 0.000000 0.000000
0.000000 0.000000 0.352140 0.352140 0.352139 0.352140 0.352140 0.352140 0.352140 0.352140 0.352140 0.352140 0.352140 0.352140 0.352140 0.352140 0.352139 0.352140 0.352140 0.000000 0.000000
0.000000 0.000000 0.352516 0.352516 0.352515 0.352516 0.352516 0.352516 0.352516 0.352516 0.352516 0.352516 0.352516 0.352516 0.352516 0.352516 0.352515 0.352516 0.352516 0.000000 0.000000
0.000000 0.000000 0.352877 0.352877 0.352875 0.352876 0.352877 0.352877 0.352877 0.352877 0.352877 0.352877 0.352877 0.352877 0.352877 0.352876 0.352875 0.352877 0.352877 0.000000 0.000000
0.000000 0.000000 0.353224 0.353224 0.353222 0.353224 0.353224 0.353224 0.353224 0.353224 0.353224 0.353224 0.353224 0.353224 0.353224 0.353224 0.353222 0.353224 0.353224 0.000000 0.000000
0.000000 0.000000 0.353562 0.353562 0.353560 0.353561 0.353562 0.353562 0.353562 0.353562 0.353562 0.353562 0.353562 0.353562 0.353562 0.353561 0.353560 0.353562 0.353562 0.000000 0.000000
0.000000 0.000000 0.353892 0.353892 0.353891 0.353892 0.353892 0.353892 0.353892 0.353892 0.353892 0.353892 0.353892 0.353892 0.353892 0.353892 0.353891 0.353892 0.353892 0.000000 0.000000
0.000000 0.000000 0.354215 0.354215 0.354214 0.354215 0.354215 0.354215 0.354215 0.354215 0.354215 0.354215 0.354215 0.354215 0.354215 0.354215 0.354214 0.354215 0.354215 0.000000 0.000000
0.000000 0.000000 0.354533 0.354533 0.354532 0.354533 0.354533 0.354533 0.354533 0.354533 0.354533 0.354533 0.354533 0.354533 0.354533 0.354533 0.354532 0.354533 0.354533 0.000000 0.000000
0.000000 0.000000 0.354848 0.354848 0.354847 0.354848 0.354848 0.354848 0.354848 0.354848 0.354848 0.354848 0.354848 0.354848 0.354848 0.354848 0.354847 0.354848 0.354848 0.000000 0.000000
0.000000 0.000000 0.355156 0.355156 0.355155 0.355156 0.355156 0.355156 0.355156 0.355156 0.355156 0.355156 0.355156 0.355156 0.355156 0.355156 0.355155 0.355156 0.355156 0.000000 0.000000
0.000000 0.000000 0.355485 0.355485 0.355484 0.355485 0.355485 0.355485 0.355485 0.355485 0.355485 0.355485 0.355485 0.355485 0.355485 0.355485 0.355484 0.355485 0.355485 0.000000 0.000000
0.000000 0.000000 0.350000 0.350000 0.350000 0.350000 0.350000 0.350000 0.350000 0.350000 0.350000 0.350000 0.350000 0.350000 0.350000 0.350000 0.350000 0.350000 0.350000 0.000000 0.000000
0.000000 0.000000 0.000000 0.000000 0.000000 0.000000 0.000000 0.000000 0.000000 0.000000 0.000000 0.000000 0.000000 0.000000 0.000000 0.000000 0.000000 0.000000 0.000000 0.000000 0.000000