geotop/1.0zi/1.0Montebello/Templates/testdem/maps/_Eocclay6280.asc
ncols         21
nrows         20
xllcorner     100.000000
yllcorner     100.000000
cellsize      50.000000
NODATA_value  -9999.0
0.000000 0.000000 0.000000 0.000000 0.000000 0.000000 0.000000 0.000000 0.000000 0.000000 0.000000 0.000000 0.000000 0.000000 0.000000 0.000000 0.000000 0.000000 0.000000 0.000000 0.000000
0.000000 0.000000 0.349720 0.349721 0.349722 0.349720 0.349722 0.349722 0.349721 0.349722 0.349720 0.349722 0.349722 0.349721 0.349722 0.349722 0.349720 0.349720 0.349721 0.000000 0.000000
0.000000 0.000000 0.349989 0.349989 0.349989 0.349990 0.349988 0.349988 0.349989 0.349988 0.349988 0.349988 0.349989 0.349987 0.349989 0.349989 0.349990 0.349990 0.349987 0.000000 0.000000
0.000000 0.000000 0.349982 0.349986 0.349983 0.349983 0.349985 0.349985 0.349986 0.349983 0.349988 0.349985 0.349985 0.349985 0.349984 0.349987 0.349985 0.349987 0.349986 0.000000 0.000000
0.000000 0.000000 0.350569 0.350568 0.350566 0.350563 0.350550 0.350547 0.350548 0.350550 0.350547 0.350546 0.350541 0.350543 0.350550 0.350550 0.350555 0.350556 0.350564 0.000000 0.000000
0.000000 0.000000 0.352343 0.352344 0.352337 0.352315 0.352308 0.352289 0.352290 0.352285 0.352287 0.352289 0.352292 0.352292 0.352297 0.352311 0.352320 0.352332 0.352336 0.000000 0.000000
0.000000 0.000000 0.354988 0.354986 0.354981 0.354963 0.354940 0.354911 0.354911 0.354906 0.354908 0.354910 0.354910 0.354909 0.354931 0.354955 0.354966 0.354974 0.354983 0.000000 0.000000
0.000000 0.000000 0.358173 0.358173 0.358169 0.358147 0.358124 0.358093 0.358093 0.358090 0.358090 0.358090 0.358088 0.358093 0.358118 0.358138 0.358155 0.358161 0.358172 0.000000 0.000000
0.000000 0.000000 0.361450 0.361447 0.361437 0.361425 0.361403 0.361372 0.361374 0.361367 0.361365 0.361365 0.361365 0.361364 0.361393 0.361416 0.361431 0.361436 0.361446 0.000000 0.000000
0.000000 0.000000 0.364797 0.364791 0.364787 0.364776 0.364744 0.364716 0.364717 0.364713 0.364709 0.364713 0.364718 0.364714 0.364739 0.364766 0.364782 0.364786 0.364793 0.000000 0.000000
0.000000 0.000000 0.368301 0.368298 0.368294 0.368270 0.368249 0.368217 0.368224 0.368208 0.368208 0.368209 0.368205 0.368215 0.368234 0.368251 0.368270 0.368280 0.368295 0.000000 0.000000
0.000000 0.000000 0.372015 0.372009 0.371997 0.371979 0.371959 0.371921 0.371921 0.371913 0.371922 0.371912 0.371913 0.371916 0.371953 0.371970 0.371983 0.371989 0.372026 0.000000 0.000000
0.000000 0.000000 0.375873 0.375865 0.375860 0.375840 0.375821 0.375740 0.375739 0.375733 0.375715 0.375724 0.375730 0.375737 0.375798 0.375814 0.375845 0.375847 0.375873 0.000000 0.000000
0.000000 0.000000 0.380114 0.380110 0.380096 0.380082 0.380000 0.379982 0.379964 0.379963 0.379958 0.379960 0.379959 0.379956 0.379966 0.380051 0.380075 0.380096 0.380123 0.000000 0.000000
0.000000 0.000000 0.384847 0.384843 0.384823 0.384733 0.384710 0.384662 0.384630 0.384625 0.384609 0.384598 0.384610 0.384604 0.384644 0.384678 0.384803 0.384792 0.384808 0.000000 0.000000
0.000000 0.000000 0.389912 0.389906 0.389785 0.389772 0.389766 0.389737 0.389765 0.389750 0.389763 0.389750 0.389735 0.389762 0.389780 0.389790 0.389768 0.389923 0.389926 0.000000 0.000000
0.000000 0.000000 0.395838 0.395669 0.395626 0.395576 0.395493 0.395458 0.395439 0.395440 0.395400 0.395398 0.395416 0.395405 0.395450 0.395513 0.395614 0.395628 0.395803 0.000000 0.000000
0.000000 0.000000 0.399904 0.399943 0.400100 0.400064 0.400016 0.399859 0.399858 0.399821 0.399852 0.399842 0.399850 0.399857 0.400001 0.400037 0.400126 0.399967 0.399940 0.000000 0.000000
0.000000 0.000000 0.350000 0.350000 0.350000 0.350000 0.350000 0.350000 0.350000 0.350000 0.350000 0.350000 0.350000 0.350000 0.350000 0.350000 0.350000 0.350000 0.350000 0.000000 0.000000
0.000000 0.000000 0.000000 0.000000 0.000000 0.000000 0.000000 0.000000 0.000000 0.000000 0.000000 0.000000 0.000000 0.000000 0.000000 0.000000 0.000000 0.000000 0.000000 0.000000 0.000000