geotop/1.0zi/1.0Montebello/Templates/testdem/maps/_Eocclay173h.asc
ncols         21
nrows         20
xllcorner     100.000000
yllcorner     100.000000
cellsize      50.000000
NODATA_value  -9999.0
0.000000 0.000000 0.000000 0.000000 0.000000 0.000000 0.000000 0.000000 0.000000 0.000000 0.000000 0.000000 0.000000 0.000000 0.000000 0.000000 0.000000 0.000000 0.000000 0.000000 0.000000
0.000000 0.000000 0.349437 0.349440 0.349440 0.349439 0.349441 0.349441 0.349440 0.349441 0.349440 0.349441 0.349441 0.349440 0.349441 0.349440 0.349438 0.349439 0.349439 0.000000 0.000000
0.000000 0.000000 0.349974 0.349972 0.349972 0.349974 0.349972 0.349971 0.349972 0.349971 0.349971 0.349972 0.349972 0.349971 0.349973 0.349973 0.349973 0.349973 0.349972 0.000000 0.000000
0.000000 0.000000 0.350126 0.350138 0.350132 0.350129 0.350133 0.350133 0.350134 0.350131 0.350132 0.350130 0.350130 0.350132 0.350132 0.350136 0.350135 0.350134 0.350133 0.000000 0.000000
0.000000 0.000000 0.352284 0.352271 0.352262 0.352248 0.352224 0.352217 0.352212 0.352212 0.352209 0.352216 0.352218 0.352215 0.352224 0.352231 0.352244 0.352255 0.352264 0.000000 0.000000
0.000000 0.000000 0.357637 0.357629 0.357600 0.357556 0.357519 0.357481 0.357483 0.357475 0.357472 0.357474 0.357481 0.357476 0.357493 0.357534 0.357551 0.357570 0.357575 0.000000 0.000000
0.000000 0.000000 0.364768 0.364754 0.364729 0.364683 0.364635 0.364557 0.364551 0.364542 0.364537 0.364540 0.364540 0.364539 0.364596 0.364641 0.364667 0.364688 0.364695 0.000000 0.000000
0.000000 0.000000 0.373469 0.373451 0.373423 0.373357 0.373302 0.373230 0.373221 0.373211 0.373204 0.373204 0.373200 0.373210 0.373258 0.373308 0.373352 0.373366 0.373381 0.000000 0.000000
0.000000 0.000000 0.383513 0.383488 0.383445 0.383394 0.383327 0.383235 0.383230 0.383208 0.383204 0.383198 0.383200 0.383193 0.383268 0.383333 0.383367 0.383391 0.383404 0.000000 0.000000
0.000000 0.000000 0.395414 0.395371 0.395324 0.395272 0.395189 0.395092 0.395073 0.395060 0.395045 0.395052 0.395068 0.395059 0.395118 0.395206 0.395252 0.395278 0.395282 0.000000 0.000000
0.000000 0.000000 0.410032 0.409989 0.409953 0.409801 0.409768 0.409621 0.409648 0.409565 0.409587 0.409571 0.409535 0.409575 0.409653 0.409703 0.409774 0.409807 0.409868 0.000000 0.000000
0.000000 0.000000 0.428182 0.428089 0.427974 0.427931 0.427849 0.427657 0.427621 0.427631 0.427656 0.427592 0.427623 0.427594 0.427755 0.427860 0.427886 0.427922 0.428039 0.000000 0.000000
0.000000 0.000000 0.447712 0.447640 0.447641 0.447493 0.447395 0.446896 0.446854 0.446809 0.446613 0.446764 0.446757 0.446799 0.447154 0.447225 0.447421 0.447453 0.447403 0.000000 0.000000
0.000000 0.000000 0.466218 0.466209 0.466075 0.466029 0.465552 0.465853 0.465738 0.465736 0.465859 0.465749 0.465735 0.465662 0.465414 0.465948 0.465924 0.466052 0.466112 0.000000 0.000000
0.000000 0.000000 0.477904 0.477876 0.477818 0.477563 0.477628 0.477501 0.477455 0.477442 0.477386 0.477367 0.477395 0.477391 0.477495 0.477436 0.477757 0.477694 0.477685 0.000000 0.000000
0.000000 0.000000 0.485636 0.485616 0.485450 0.485437 0.485425 0.485388 0.485430 0.485409 0.485424 0.485409 0.485391 0.485421 0.485436 0.485451 0.485402 0.485590 0.485587 0.000000 0.000000
0.000000 0.000000 0.491813 0.491668 0.491691 0.491556 0.491512 0.491445 0.491392 0.491397 0.491338 0.491336 0.491368 0.491342 0.491412 0.491441 0.491654 0.491543 0.491676 0.000000 0.000000
0.000000 0.000000 0.494838 0.494971 0.495003 0.494981 0.495016 0.494894 0.494931 0.494894 0.494947 0.494931 0.494914 0.494945 0.495037 0.495006 0.494991 0.494989 0.494843 0.000000 0.000000
0.000000 0.000000 0.350000 0.350000 0.350000 0.350000 0.350000 0.350000 0.350000 0.350000 0.350000 0.350000 0.350000 0.350000 0.350000 0.350000 0.350000 0.350000 0.350000 0.000000 0.000000
0.000000 0.000000 0.000000 0.000000 0.000000 0.000000 0.000000 0.000000 0.000000 0.000000 0.000000 0.000000 0.000000 0.000000 0.000000 0.000000 0.000000 0.000000 0.000000 0.000000 0.000000