geotop/1.0zi/1.0Montebello/Templates/testdem/maps/_Eocsand085Y.asc
ncols         21
nrows         20
xllcorner     100.000000
yllcorner     100.000000
cellsize      50.000000
NODATA_value  -9999.0
0.000000 0.000000 0.000000 0.000000 0.000000 0.000000 0.000000 0.000000 0.000000 0.000000 0.000000 0.000000 0.000000 0.000000 0.000000 0.000000 0.000000 0.000000 0.000000 0.000000 0.000000
0.000000 0.000000 0.300274 0.300272 0.300272 0.300273 0.300272 0.300271 0.300272 0.300272 0.300273 0.300272 0.300272 0.300272 0.300272 0.300272 0.300273 0.300272 0.300272 0.000000 0.000000
0.000000 0.000000 0.300012 0.300014 0.300014 0.300012 0.300014 0.300014 0.300014 0.300014 0.300014 0.300014 0.300013 0.300013 0.300013 0.300013 0.300014 0.300015 0.300015 0.000000 0.000000
0.000000 0.000000 0.299719 0.299714 0.299723 0.299733 0.299733 0.299738 0.299732 0.299734 0.299733 0.299731 0.299730 0.299732 0.299726 0.299718 0.299715 0.299713 0.299714 0.000000 0.000000
0.000000 0.000000 0.296099 0.296108 0.296126 0.296167 0.296199 0.296213 0.296210 0.296210 0.296214 0.296208 0.296201 0.296203 0.296177 0.296162 0.296141 0.296127 0.296115 0.000000 0.000000
0.000000 0.000000 0.286892 0.286907 0.286949 0.287028 0.287101 0.287166 0.287160 0.287169 0.287173 0.287172 0.287161 0.287166 0.287128 0.287065 0.287031 0.287005 0.286993 0.000000 0.000000
0.000000 0.000000 0.274396 0.274424 0.274461 0.274554 0.274647 0.274779 0.274773 0.274780 0.274794 0.274795 0.274796 0.274792 0.274688 0.274610 0.274560 0.274525 0.274510 0.000000 0.000000
0.000000 0.000000 0.259386 0.259422 0.259463 0.259586 0.259690 0.259814 0.259810 0.259820 0.259837 0.259844 0.259848 0.259830 0.259733 0.259644 0.259564 0.259544 0.259514 0.000000 0.000000
0.000000 0.000000 0.242465 0.242514 0.242582 0.242679 0.242802 0.242951 0.242935 0.242957 0.242982 0.242987 0.242980 0.242989 0.242848 0.242740 0.242675 0.242645 0.242619 0.000000 0.000000
0.000000 0.000000 0.223097 0.223166 0.223228 0.223336 0.223476 0.223638 0.223635 0.223645 0.223683 0.223670 0.223653 0.223661 0.223548 0.223403 0.223322 0.223287 0.223278 0.000000 0.000000
0.000000 0.000000 0.200150 0.200210 0.200267 0.200510 0.200574 0.200802 0.200750 0.200853 0.200849 0.200869 0.200910 0.200848 0.200711 0.200621 0.200503 0.200459 0.200362 0.000000 0.000000
0.000000 0.000000 0.172296 0.172431 0.172594 0.172699 0.172836 0.173130 0.173157 0.173139 0.173117 0.173205 0.173159 0.173199 0.172932 0.172770 0.172712 0.172669 0.172477 0.000000 0.000000
0.000000 0.000000 0.140748 0.140871 0.140902 0.141162 0.141324 0.142152 0.142171 0.142217 0.142547 0.142322 0.142326 0.142250 0.141650 0.141529 0.141208 0.141189 0.141197 0.000000 0.000000
0.000000 0.000000 0.104272 0.104321 0.104597 0.104727 0.105789 0.105233 0.105456 0.105446 0.105238 0.105443 0.105470 0.105614 0.106098 0.104924 0.104949 0.104670 0.104521 0.000000 0.000000
0.000000 0.000000 0.074223 0.074311 0.074423 0.075277 0.074847 0.075430 0.075520 0.075575 0.075798 0.075837 0.075748 0.075726 0.075222 0.075652 0.074549 0.074818 0.074877 0.000000 0.000000
0.000000 0.000000 0.055740 0.055786 0.056224 0.056239 0.056218 0.056347 0.056195 0.056250 0.056212 0.056236 0.056289 0.056195 0.056134 0.056161 0.056329 0.055787 0.055810 0.000000 0.000000
0.000000 0.000000 0.042873 0.043021 0.043257 0.043256 0.043338 0.043397 0.043334 0.043355 0.043356 0.043367 0.043384 0.043348 0.043315 0.043256 0.043329 0.043044 0.042926 0.000000 0.000000
0.000000 0.000000 0.034329 0.034427 0.034537 0.034534 0.034619 0.034684 0.034646 0.034665 0.034658 0.034666 0.034675 0.034653 0.034602 0.034541 0.034583 0.034440 0.034354 0.000000 0.000000
0.000000 0.000000 0.300000 0.300000 0.300000 0.300000 0.300000 0.300000 0.300000 0.300000 0.300000 0.300000 0.300000 0.300000 0.300000 0.300000 0.300000 0.300000 0.300000 0.000000 0.000000
0.000000 0.000000 0.000000 0.000000 0.000000 0.000000 0.000000 0.000000 0.000000 0.000000 0.000000 0.000000 0.000000 0.000000 0.000000 0.000000 0.000000 0.000000 0.000000 0.000000 0.000000