geotop/1.0zi/1.0Montebello/Templates/testdem/maps/_Eocsand3840.asc
ncols         21
nrows         20
xllcorner     100.000000
yllcorner     100.000000
cellsize      50.000000
NODATA_value  -9999.0
0.000000 0.000000 0.000000 0.000000 0.000000 0.000000 0.000000 0.000000 0.000000 0.000000 0.000000 0.000000 0.000000 0.000000 0.000000 0.000000 0.000000 0.000000 0.000000 0.000000 0.000000
0.000000 0.000000 0.300097 0.300097 0.300096 0.300096 0.300096 0.300096 0.300096 0.300096 0.300096 0.300096 0.300096 0.300096 0.300096 0.300096 0.300096 0.300097 0.300097 0.000000 0.000000
0.000000 0.000000 0.300005 0.300004 0.300004 0.300004 0.300004 0.300003 0.300003 0.300003 0.300004 0.300004 0.300003 0.300003 0.300004 0.300004 0.300005 0.300006 0.300005 0.000000 0.000000
0.000000 0.000000 0.299972 0.299973 0.299973 0.299976 0.299973 0.299975 0.299973 0.299973 0.299973 0.299975 0.299974 0.299977 0.299976 0.299972 0.299972 0.299971 0.299972 0.000000 0.000000
0.000000 0.000000 0.299290 0.299283 0.299288 0.299288 0.299297 0.299303 0.299304 0.299308 0.299307 0.299305 0.299305 0.299304 0.299297 0.299298 0.299298 0.299293 0.299289 0.000000 0.000000
0.000000 0.000000 0.297107 0.297104 0.297112 0.297127 0.297139 0.297161 0.297161 0.297171 0.297163 0.297161 0.297157 0.297155 0.297149 0.297137 0.297132 0.297128 0.297123 0.000000 0.000000
0.000000 0.000000 0.293938 0.293939 0.293947 0.293974 0.294006 0.294043 0.294043 0.294050 0.294043 0.294044 0.294041 0.294031 0.293998 0.293970 0.293962 0.293957 0.293948 0.000000 0.000000
0.000000 0.000000 0.290372 0.290374 0.290385 0.290418 0.290455 0.290492 0.290490 0.290497 0.290495 0.290495 0.290493 0.290483 0.290441 0.290412 0.290398 0.290395 0.290385 0.000000 0.000000
0.000000 0.000000 0.286794 0.286799 0.286814 0.286840 0.286875 0.286919 0.286917 0.286925 0.286923 0.286921 0.286919 0.286907 0.286868 0.286835 0.286824 0.286819 0.286806 0.000000 0.000000
0.000000 0.000000 0.283242 0.283248 0.283260 0.283287 0.283329 0.283368 0.283364 0.283370 0.283369 0.283367 0.283365 0.283357 0.283314 0.283280 0.283270 0.283266 0.283256 0.000000 0.000000
0.000000 0.000000 0.279665 0.279670 0.279683 0.279705 0.279738 0.279785 0.279781 0.279791 0.279790 0.279787 0.279785 0.279776 0.279738 0.279714 0.279699 0.279694 0.279682 0.000000 0.000000
0.000000 0.000000 0.275987 0.275993 0.276008 0.276039 0.276074 0.276119 0.276120 0.276127 0.276125 0.276126 0.276121 0.276113 0.276066 0.276036 0.276023 0.276020 0.275978 0.000000 0.000000
0.000000 0.000000 0.272289 0.272296 0.272312 0.272337 0.272377 0.272460 0.272460 0.272468 0.272468 0.272466 0.272464 0.272452 0.272377 0.272343 0.272330 0.272325 0.272299 0.000000 0.000000
0.000000 0.000000 0.268406 0.268418 0.268432 0.268457 0.268544 0.268572 0.268585 0.268592 0.268590 0.268589 0.268587 0.268576 0.268544 0.268468 0.268454 0.268440 0.268425 0.000000 0.000000
0.000000 0.000000 0.264254 0.264264 0.264293 0.264365 0.264414 0.264467 0.264494 0.264503 0.264513 0.264513 0.264503 0.264500 0.264455 0.264398 0.264320 0.264325 0.264313 0.000000 0.000000
0.000000 0.000000 0.260008 0.260018 0.260102 0.260125 0.260161 0.260192 0.260199 0.260203 0.260199 0.260200 0.260203 0.260178 0.260156 0.260130 0.260128 0.260051 0.260029 0.000000 0.000000
0.000000 0.000000 0.255340 0.255434 0.255512 0.255550 0.255614 0.255649 0.255657 0.255662 0.255672 0.255671 0.255663 0.255658 0.255630 0.255568 0.255533 0.255489 0.255393 0.000000 0.000000
0.000000 0.000000 0.251624 0.251652 0.251603 0.251651 0.251713 0.251815 0.251827 0.251838 0.251834 0.251835 0.251832 0.251815 0.251721 0.251663 0.251605 0.251691 0.251644 0.000000 0.000000
0.000000 0.000000 0.300000 0.300000 0.300000 0.300000 0.300000 0.300000 0.300000 0.300000 0.300000 0.300000 0.300000 0.300000 0.300000 0.300000 0.300000 0.300000 0.300000 0.000000 0.000000
0.000000 0.000000 0.000000 0.000000 0.000000 0.000000 0.000000 0.000000 0.000000 0.000000 0.000000 0.000000 0.000000 0.000000 0.000000 0.000000 0.000000 0.000000 0.000000 0.000000 0.000000