geotop/1.0zi/1.0Montebello/Templates/testdem/maps/_Eocsand7334.asc
ncols         21
nrows         20
xllcorner     100.000000
yllcorner     100.000000
cellsize      50.000000
NODATA_value  -9999.0
0.000000 0.000000 0.000000 0.000000 0.000000 0.000000 0.000000 0.000000 0.000000 0.000000 0.000000 0.000000 0.000000 0.000000 0.000000 0.000000 0.000000 0.000000 0.000000 0.000000 0.000000
0.000000 0.000000 0.300187 0.300184 0.300184 0.300185 0.300184 0.300184 0.300184 0.300184 0.300185 0.300184 0.300184 0.300184 0.300184 0.300184 0.300186 0.300185 0.300185 0.000000 0.000000
0.000000 0.000000 0.300010 0.300011 0.300010 0.300009 0.300010 0.300011 0.300010 0.300010 0.300010 0.300011 0.300009 0.300010 0.300010 0.300010 0.300011 0.300011 0.300012 0.000000 0.000000
0.000000 0.000000 0.299922 0.299921 0.299926 0.299933 0.299929 0.299934 0.299929 0.299931 0.299932 0.299931 0.299932 0.299933 0.299931 0.299926 0.299924 0.299921 0.299921 0.000000 0.000000
0.000000 0.000000 0.298275 0.298272 0.298280 0.298296 0.298316 0.298324 0.298330 0.298328 0.298332 0.298331 0.298334 0.298328 0.298307 0.298302 0.298292 0.298281 0.298272 0.000000 0.000000
0.000000 0.000000 0.293570 0.293570 0.293590 0.293631 0.293661 0.293704 0.293704 0.293715 0.293709 0.293708 0.293706 0.293705 0.293684 0.293655 0.293630 0.293608 0.293598 0.000000 0.000000
0.000000 0.000000 0.286887 0.286894 0.286912 0.286958 0.287015 0.287080 0.287081 0.287089 0.287088 0.287088 0.287092 0.287086 0.287029 0.286978 0.286947 0.286921 0.286906 0.000000 0.000000
0.000000 0.000000 0.278914 0.278917 0.278930 0.278982 0.279037 0.279108 0.279108 0.279116 0.279118 0.279123 0.279127 0.279114 0.279053 0.279003 0.278956 0.278942 0.278919 0.000000 0.000000
0.000000 0.000000 0.270505 0.270518 0.270544 0.270577 0.270635 0.270711 0.270707 0.270724 0.270729 0.270733 0.270731 0.270733 0.270658 0.270596 0.270559 0.270541 0.270521 0.000000 0.000000
0.000000 0.000000 0.261765 0.261781 0.261794 0.261825 0.261908 0.261976 0.261975 0.261983 0.261995 0.261990 0.261980 0.261984 0.261921 0.261852 0.261809 0.261795 0.261781 0.000000 0.000000
0.000000 0.000000 0.252451 0.252462 0.252477 0.252544 0.252602 0.252679 0.252662 0.252704 0.252701 0.252702 0.252717 0.252689 0.252634 0.252590 0.252537 0.252508 0.252472 0.000000 0.000000
0.000000 0.000000 0.242321 0.242347 0.242378 0.242423 0.242485 0.242581 0.242584 0.242599 0.242578 0.242610 0.242603 0.242594 0.242497 0.242447 0.242410 0.242389 0.242300 0.000000 0.000000
0.000000 0.000000 0.231575 0.231602 0.231616 0.231674 0.231729 0.231961 0.231964 0.231979 0.232038 0.232011 0.231996 0.231974 0.231795 0.231745 0.231656 0.231644 0.231593 0.000000 0.000000
0.000000 0.000000 0.219337 0.219348 0.219393 0.219437 0.219707 0.219718 0.219775 0.219775 0.219772 0.219782 0.219788 0.219796 0.219798 0.219517 0.219458 0.219383 0.219321 0.000000 0.000000
0.000000 0.000000 0.205245 0.205267 0.205328 0.205648 0.205671 0.205827 0.205914 0.205931 0.205985 0.206027 0.205993 0.206003 0.205852 0.205805 0.205375 0.205424 0.205402 0.000000 0.000000
0.000000 0.000000 0.189852 0.189876 0.190328 0.190280 0.190308 0.190382 0.190238 0.190294 0.190223 0.190267 0.190331 0.190221 0.190178 0.190152 0.190372 0.189753 0.189758 0.000000 0.000000
0.000000 0.000000 0.170955 0.171656 0.171647 0.171877 0.172232 0.172341 0.172480 0.172452 0.172639 0.172633 0.172536 0.172617 0.172442 0.172180 0.171678 0.171863 0.171143 0.000000 0.000000
0.000000 0.000000 0.160965 0.160487 0.159832 0.159898 0.159967 0.160585 0.160537 0.160699 0.160480 0.160534 0.160543 0.160477 0.159934 0.159885 0.159716 0.160300 0.160754 0.000000 0.000000
0.000000 0.000000 0.300000 0.300000 0.300000 0.300000 0.300000 0.300000 0.300000 0.300000 0.300000 0.300000 0.300000 0.300000 0.300000 0.300000 0.300000 0.300000 0.300000 0.000000 0.000000
0.000000 0.000000 0.000000 0.000000 0.000000 0.000000 0.000000 0.000000 0.000000 0.000000 0.000000 0.000000 0.000000 0.000000 0.000000 0.000000 0.000000 0.000000 0.000000 0.000000 0.000000