geotop/1.0zi/1.0Montebello/Templates/testdem/maps/_Eocsilt7788.asc
ncols         21
nrows         20
xllcorner     100.000000
yllcorner     100.000000
cellsize      50.000000
NODATA_value  -9999.0
0.000000 0.000000 0.000000 0.000000 0.000000 0.000000 0.000000 0.000000 0.000000 0.000000 0.000000 0.000000 0.000000 0.000000 0.000000 0.000000 0.000000 0.000000 0.000000 0.000000 0.000000
0.000000 0.000000 0.350161 0.350161 0.350162 0.350162 0.350161 0.350162 0.350162 0.350161 0.350162 0.350161 0.350161 0.350161 0.350161 0.350161 0.350162 0.350162 0.350161 0.000000 0.000000
0.000000 0.000000 0.350005 0.350005 0.350004 0.350004 0.350005 0.350005 0.350005 0.350005 0.350005 0.350005 0.350006 0.350006 0.350005 0.350004 0.350003 0.350003 0.350004 0.000000 0.000000
0.000000 0.000000 0.350103 0.350099 0.350098 0.350091 0.350092 0.350087 0.350090 0.350090 0.350087 0.350089 0.350089 0.350089 0.350092 0.350095 0.350099 0.350099 0.350100 0.000000 0.000000
0.000000 0.000000 0.350987 0.350993 0.350988 0.350977 0.350972 0.350964 0.350961 0.350959 0.350959 0.350959 0.350960 0.350962 0.350976 0.350980 0.350983 0.350993 0.350995 0.000000 0.000000
0.000000 0.000000 0.353515 0.353515 0.353505 0.353490 0.353471 0.353449 0.353448 0.353442 0.353446 0.353447 0.353448 0.353447 0.353459 0.353471 0.353483 0.353492 0.353497 0.000000 0.000000
0.000000 0.000000 0.357148 0.357143 0.357132 0.357106 0.357075 0.357042 0.357043 0.357039 0.357040 0.357038 0.357035 0.357040 0.357069 0.357095 0.357112 0.357127 0.357134 0.000000 0.000000
0.000000 0.000000 0.361460 0.361458 0.361451 0.361424 0.361395 0.361358 0.361358 0.361353 0.361352 0.361349 0.361347 0.361354 0.361386 0.361413 0.361438 0.361445 0.361457 0.000000 0.000000
0.000000 0.000000 0.366078 0.366069 0.366055 0.366037 0.366005 0.365963 0.365965 0.365956 0.365954 0.365952 0.365953 0.365952 0.365993 0.366026 0.366046 0.366057 0.366067 0.000000 0.000000
0.000000 0.000000 0.370909 0.370900 0.370892 0.370875 0.370830 0.370793 0.370793 0.370788 0.370783 0.370785 0.370791 0.370789 0.370823 0.370860 0.370883 0.370891 0.370898 0.000000 0.000000
0.000000 0.000000 0.376088 0.376082 0.376074 0.376035 0.376004 0.375962 0.375971 0.375947 0.375950 0.375949 0.375941 0.375956 0.375987 0.376010 0.376039 0.376055 0.376074 0.000000 0.000000
0.000000 0.000000 0.381787 0.381771 0.381754 0.381729 0.381694 0.381641 0.381638 0.381630 0.381643 0.381625 0.381630 0.381634 0.381689 0.381717 0.381736 0.381748 0.381796 0.000000 0.000000
0.000000 0.000000 0.387889 0.387873 0.387866 0.387832 0.387802 0.387667 0.387665 0.387657 0.387622 0.387639 0.387647 0.387660 0.387763 0.387791 0.387842 0.387848 0.387873 0.000000 0.000000
0.000000 0.000000 0.394942 0.394936 0.394908 0.394884 0.394722 0.394725 0.394691 0.394691 0.394698 0.394690 0.394686 0.394679 0.394671 0.394839 0.394869 0.394914 0.394948 0.000000 0.000000
0.000000 0.000000 0.403161 0.403146 0.403111 0.402910 0.402914 0.402815 0.402766 0.402755 0.402722 0.402696 0.402718 0.402713 0.402810 0.402819 0.403084 0.403049 0.403057 0.000000 0.000000
0.000000 0.000000 0.412166 0.412151 0.411865 0.411921 0.411902 0.411867 0.411966 0.411931 0.411982 0.411959 0.411915 0.411986 0.412001 0.412016 0.411838 0.412241 0.412235 0.000000 0.000000
0.000000 0.000000 0.423297 0.422846 0.422901 0.422741 0.422516 0.422450 0.422343 0.422366 0.422239 0.422248 0.422317 0.422253 0.422365 0.422531 0.422882 0.422695 0.423159 0.000000 0.000000
0.000000 0.000000 0.428224 0.428598 0.429000 0.428984 0.428977 0.428597 0.428644 0.428537 0.428699 0.428663 0.428646 0.428698 0.429023 0.429027 0.429071 0.428737 0.428373 0.000000 0.000000
0.000000 0.000000 0.350000 0.350000 0.350000 0.350000 0.350000 0.350000 0.350000 0.350000 0.350000 0.350000 0.350000 0.350000 0.350000 0.350000 0.350000 0.350000 0.350000 0.000000 0.000000
0.000000 0.000000 0.000000 0.000000 0.000000 0.000000 0.000000 0.000000 0.000000 0.000000 0.000000 0.000000 0.000000 0.000000 0.000000 0.000000 0.000000 0.000000 0.000000 0.000000 0.000000