geotop/1.0zi/1.0Montebello/Templates/testdem/maps/_Eocsilt6605.asc
ncols         21
nrows         20
xllcorner     100.000000
yllcorner     100.000000
cellsize      50.000000
NODATA_value  -9999.0
0.000000 0.000000 0.000000 0.000000 0.000000 0.000000 0.000000 0.000000 0.000000 0.000000 0.000000 0.000000 0.000000 0.000000 0.000000 0.000000 0.000000 0.000000 0.000000 0.000000 0.000000
0.000000 0.000000 0.350131 0.350132 0.350132 0.350133 0.350132 0.350132 0.350132 0.350132 0.350133 0.350132 0.350132 0.350132 0.350132 0.350132 0.350133 0.350133 0.350132 0.000000 0.000000
0.000000 0.000000 0.350002 0.350002 0.350002 0.350002 0.350003 0.350002 0.350003 0.350003 0.350003 0.350003 0.350003 0.350003 0.350003 0.350002 0.350001 0.350001 0.350002 0.000000 0.000000
0.000000 0.000000 0.350056 0.350053 0.350053 0.350047 0.350048 0.350046 0.350048 0.350049 0.350047 0.350046 0.350047 0.350047 0.350049 0.350052 0.350054 0.350055 0.350056 0.000000 0.000000
0.000000 0.000000 0.350637 0.350644 0.350640 0.350633 0.350629 0.350623 0.350622 0.350619 0.350619 0.350621 0.350622 0.350623 0.350629 0.350633 0.350634 0.350642 0.350646 0.000000 0.000000
0.000000 0.000000 0.352427 0.352429 0.352422 0.352409 0.352395 0.352377 0.352377 0.352372 0.352375 0.352376 0.352378 0.352375 0.352382 0.352391 0.352400 0.352406 0.352411 0.000000 0.000000
0.000000 0.000000 0.355164 0.355162 0.355154 0.355132 0.355107 0.355082 0.355083 0.355080 0.355081 0.355079 0.355076 0.355080 0.355100 0.355121 0.355135 0.355147 0.355155 0.000000 0.000000
0.000000 0.000000 0.358490 0.358490 0.358487 0.358465 0.358441 0.358413 0.358413 0.358410 0.358408 0.358406 0.358405 0.358409 0.358431 0.358454 0.358475 0.358479 0.358490 0.000000 0.000000
0.000000 0.000000 0.361995 0.361989 0.361979 0.361965 0.361940 0.361908 0.361909 0.361902 0.361899 0.361898 0.361900 0.361898 0.361927 0.361955 0.361971 0.361979 0.361989 0.000000 0.000000
0.000000 0.000000 0.365566 0.365561 0.365556 0.365544 0.365510 0.365482 0.365483 0.365479 0.365473 0.365475 0.365480 0.365477 0.365501 0.365531 0.365549 0.365553 0.365561 0.000000 0.000000
0.000000 0.000000 0.369282 0.369278 0.369275 0.369247 0.369225 0.369193 0.369200 0.369183 0.369184 0.369183 0.369178 0.369188 0.369207 0.369227 0.369248 0.369259 0.369275 0.000000 0.000000
0.000000 0.000000 0.373247 0.373237 0.373227 0.373208 0.373185 0.373146 0.373146 0.373138 0.373147 0.373134 0.373137 0.373141 0.373176 0.373196 0.373212 0.373219 0.373257 0.000000 0.000000
0.000000 0.000000 0.377374 0.377365 0.377360 0.377338 0.377318 0.377232 0.377231 0.377224 0.377203 0.377211 0.377218 0.377225 0.377288 0.377309 0.377342 0.377346 0.377371 0.000000 0.000000
0.000000 0.000000 0.381944 0.381939 0.381925 0.381909 0.381818 0.381803 0.381783 0.381782 0.381779 0.381777 0.381777 0.381773 0.381777 0.381873 0.381899 0.381924 0.381951 0.000000 0.000000
0.000000 0.000000 0.387073 0.387067 0.387046 0.386944 0.386921 0.386871 0.386838 0.386833 0.386814 0.386799 0.386812 0.386806 0.386848 0.386883 0.387024 0.387011 0.387025 0.000000 0.000000
0.000000 0.000000 0.392591 0.392584 0.392446 0.392436 0.392430 0.392400 0.392435 0.392417 0.392433 0.392416 0.392401 0.392431 0.392446 0.392458 0.392426 0.392606 0.392609 0.000000 0.000000
0.000000 0.000000 0.399107 0.398909 0.398873 0.398813 0.398715 0.398678 0.398652 0.398654 0.398606 0.398602 0.398626 0.398610 0.398657 0.398733 0.398857 0.398858 0.399062 0.000000 0.000000
0.000000 0.000000 0.403394 0.403457 0.403642 0.403603 0.403555 0.403376 0.403377 0.403335 0.403376 0.403360 0.403369 0.403378 0.403537 0.403576 0.403669 0.403489 0.403437 0.000000 0.000000
0.000000 0.000000 0.350000 0.350000 0.350000 0.350000 0.350000 0.350000 0.350000 0.350000 0.350000 0.350000 0.350000 0.350000 0.350000 0.350000 0.350000 0.350000 0.350000 0.000000 0.000000
0.000000 0.000000 0.000000 0.000000 0.000000 0.000000 0.000000 0.000000 0.000000 0.000000 0.000000 0.000000 0.000000 0.000000 0.000000 0.000000 0.000000 0.000000 0.000000 0.000000 0.000000