geotop/1.0zi/1.0Montebello/Templates/testdem/maps/_Eocsilt8375.asc
ncols         21
nrows         20
xllcorner     100.000000
yllcorner     100.000000
cellsize      50.000000
NODATA_value  -9999.0
0.000000 0.000000 0.000000 0.000000 0.000000 0.000000 0.000000 0.000000 0.000000 0.000000 0.000000 0.000000 0.000000 0.000000 0.000000 0.000000 0.000000 0.000000 0.000000 0.000000 0.000000
0.000000 0.000000 0.350173 0.350173 0.350174 0.350174 0.350173 0.350174 0.350174 0.350173 0.350174 0.350173 0.350173 0.350173 0.350173 0.350173 0.350174 0.350174 0.350173 0.000000 0.000000
0.000000 0.000000 0.350005 0.350005 0.350006 0.350005 0.350006 0.350006 0.350006 0.350006 0.350006 0.350006 0.350007 0.350007 0.350006 0.350005 0.350004 0.350004 0.350005 0.000000 0.000000
0.000000 0.000000 0.350102 0.350099 0.350097 0.350091 0.350092 0.350087 0.350090 0.350090 0.350087 0.350089 0.350089 0.350089 0.350092 0.350095 0.350099 0.350098 0.350100 0.000000 0.000000
0.000000 0.000000 0.351048 0.351054 0.351047 0.351037 0.351030 0.351022 0.351020 0.351018 0.351017 0.351018 0.351019 0.351021 0.351034 0.351039 0.351041 0.351052 0.351054 0.000000 0.000000
0.000000 0.000000 0.353822 0.353823 0.353814 0.353798 0.353778 0.353756 0.353753 0.353748 0.353752 0.353752 0.353753 0.353752 0.353765 0.353779 0.353793 0.353800 0.353807 0.000000 0.000000
0.000000 0.000000 0.357821 0.357818 0.357806 0.357780 0.357747 0.357711 0.357711 0.357707 0.357709 0.357707 0.357704 0.357709 0.357740 0.357768 0.357786 0.357802 0.357809 0.000000 0.000000
0.000000 0.000000 0.362559 0.362558 0.362551 0.362523 0.362491 0.362451 0.362451 0.362446 0.362445 0.362442 0.362440 0.362447 0.362481 0.362511 0.362538 0.362545 0.362558 0.000000 0.000000
0.000000 0.000000 0.367674 0.367665 0.367650 0.367631 0.367597 0.367551 0.367552 0.367543 0.367541 0.367538 0.367540 0.367539 0.367583 0.367619 0.367641 0.367653 0.367663 0.000000 0.000000
0.000000 0.000000 0.373086 0.373078 0.373070 0.373051 0.373002 0.372961 0.372961 0.372956 0.372950 0.372953 0.372958 0.372956 0.372993 0.373034 0.373060 0.373069 0.373077 0.000000 0.000000
0.000000 0.000000 0.378967 0.378961 0.378952 0.378910 0.378876 0.378828 0.378837 0.378812 0.378815 0.378814 0.378804 0.378822 0.378856 0.378882 0.378915 0.378933 0.378954 0.000000 0.000000
0.000000 0.000000 0.385524 0.385507 0.385487 0.385461 0.385422 0.385361 0.385356 0.385350 0.385364 0.385343 0.385349 0.385352 0.385415 0.385448 0.385470 0.385484 0.385538 0.000000 0.000000
0.000000 0.000000 0.392637 0.392622 0.392615 0.392576 0.392541 0.392382 0.392378 0.392369 0.392327 0.392349 0.392358 0.392373 0.392494 0.392527 0.392588 0.392596 0.392621 0.000000 0.000000
0.000000 0.000000 0.401012 0.401008 0.400975 0.400949 0.400747 0.400765 0.400722 0.400723 0.400737 0.400724 0.400718 0.400708 0.400688 0.400898 0.400932 0.400988 0.401026 0.000000 0.000000
0.000000 0.000000 0.410899 0.410881 0.410842 0.410584 0.410611 0.410480 0.410423 0.410409 0.410365 0.410334 0.410363 0.410359 0.410485 0.410474 0.410815 0.410764 0.410769 0.000000 0.000000
0.000000 0.000000 0.421684 0.421669 0.421299 0.421408 0.421378 0.421346 0.421484 0.421441 0.421516 0.421491 0.421429 0.421522 0.421526 0.421550 0.421270 0.421811 0.421802 0.000000 0.000000
0.000000 0.000000 0.434843 0.434277 0.434407 0.434191 0.433908 0.433821 0.433659 0.433698 0.433526 0.433542 0.433640 0.433543 0.433690 0.433901 0.434390 0.434069 0.434659 0.000000 0.000000
0.000000 0.000000 0.439468 0.439983 0.440443 0.440445 0.440470 0.440024 0.440100 0.439968 0.440183 0.440140 0.440106 0.440180 0.440550 0.440533 0.440531 0.440179 0.439675 0.000000 0.000000
0.000000 0.000000 0.350000 0.350000 0.350000 0.350000 0.350000 0.350000 0.350000 0.350000 0.350000 0.350000 0.350000 0.350000 0.350000 0.350000 0.350000 0.350000 0.350000 0.000000 0.000000
0.000000 0.000000 0.000000 0.000000 0.000000 0.000000 0.000000 0.000000 0.000000 0.000000 0.000000 0.000000 0.000000 0.000000 0.000000 0.000000 0.000000 0.000000 0.000000 0.000000 0.000000