geotop/1.0zi/1.0Montebello/Templates/testdem/maps/_Eocclay4371.asc
ncols         21
nrows         20
xllcorner     100.000000
yllcorner     100.000000
cellsize      50.000000
NODATA_value  -9999.0
0.000000 0.000000 0.000000 0.000000 0.000000 0.000000 0.000000 0.000000 0.000000 0.000000 0.000000 0.000000 0.000000 0.000000 0.000000 0.000000 0.000000 0.000000 0.000000 0.000000 0.000000
0.000000 0.000000 0.349804 0.349805 0.349805 0.349805 0.349805 0.349805 0.349805 0.349805 0.349805 0.349805 0.349805 0.349805 0.349805 0.349805 0.349805 0.349805 0.349805 0.000000 0.000000
0.000000 0.000000 0.349993 0.349994 0.349993 0.349993 0.349993 0.349993 0.349993 0.349993 0.349993 0.349993 0.349993 0.349993 0.349993 0.349993 0.349993 0.349993 0.349993 0.000000 0.000000
0.000000 0.000000 0.349994 0.349995 0.349993 0.349994 0.349995 0.349995 0.349995 0.349995 0.349995 0.349994 0.349994 0.349993 0.349996 0.349997 0.349996 0.349996 0.349995 0.000000 0.000000
0.000000 0.000000 0.350335 0.350335 0.350333 0.350333 0.350326 0.350325 0.350326 0.350325 0.350324 0.350326 0.350323 0.350323 0.350326 0.350326 0.350327 0.350326 0.350329 0.000000 0.000000
0.000000 0.000000 0.351536 0.351535 0.351529 0.351520 0.351518 0.351509 0.351508 0.351504 0.351508 0.351508 0.351510 0.351507 0.351504 0.351510 0.351515 0.351520 0.351525 0.000000 0.000000
0.000000 0.000000 0.353330 0.353324 0.353319 0.353308 0.353297 0.353278 0.353278 0.353274 0.353277 0.353277 0.353277 0.353275 0.353288 0.353303 0.353311 0.353315 0.353320 0.000000 0.000000
0.000000 0.000000 0.355385 0.355383 0.355379 0.355364 0.355353 0.355335 0.355337 0.355334 0.355334 0.355334 0.355330 0.355328 0.355344 0.355358 0.355366 0.355370 0.355376 0.000000 0.000000
0.000000 0.000000 0.357439 0.357435 0.357428 0.357419 0.357407 0.357388 0.357390 0.357386 0.357386 0.357387 0.357383 0.357382 0.357396 0.357414 0.357420 0.357423 0.357430 0.000000 0.000000
0.000000 0.000000 0.359493 0.359488 0.359483 0.359472 0.359457 0.359439 0.359443 0.359440 0.359440 0.359440 0.359436 0.359433 0.359450 0.359467 0.359474 0.359477 0.359483 0.000000 0.000000
0.000000 0.000000 0.361588 0.361583 0.361576 0.361568 0.361557 0.361536 0.361539 0.361534 0.361534 0.361535 0.361531 0.361528 0.361542 0.361555 0.361564 0.361568 0.361575 0.000000 0.000000
0.000000 0.000000 0.363753 0.363748 0.363741 0.363728 0.363716 0.363696 0.363696 0.363693 0.363693 0.363692 0.363689 0.363686 0.363705 0.363720 0.363728 0.363732 0.363755 0.000000 0.000000
0.000000 0.000000 0.365945 0.365940 0.365932 0.365922 0.365907 0.365864 0.365865 0.365861 0.365861 0.365861 0.365857 0.365855 0.365892 0.365910 0.365918 0.365922 0.365937 0.000000 0.000000
0.000000 0.000000 0.368262 0.368253 0.368246 0.368236 0.368193 0.368181 0.368175 0.368172 0.368172 0.368172 0.368167 0.368165 0.368177 0.368221 0.368230 0.368239 0.368248 0.000000 0.000000
0.000000 0.000000 0.370757 0.370750 0.370734 0.370694 0.370674 0.370647 0.370634 0.370629 0.370623 0.370622 0.370621 0.370614 0.370634 0.370666 0.370714 0.370712 0.370720 0.000000 0.000000
0.000000 0.000000 0.373329 0.373321 0.373270 0.373260 0.373248 0.373235 0.373234 0.373233 0.373235 0.373234 0.373225 0.373231 0.373236 0.373249 0.373251 0.373302 0.373315 0.000000 0.000000
0.000000 0.000000 0.376181 0.376117 0.376072 0.376053 0.376022 0.376006 0.376003 0.376000 0.375993 0.375993 0.375991 0.375983 0.375994 0.376032 0.376056 0.376083 0.376146 0.000000 0.000000
0.000000 0.000000 0.378417 0.378399 0.378434 0.378409 0.378382 0.378320 0.378316 0.378310 0.378312 0.378310 0.378304 0.378305 0.378359 0.378392 0.378429 0.378376 0.378403 0.000000 0.000000
0.000000 0.000000 0.350000 0.350000 0.350000 0.350000 0.350000 0.350000 0.350000 0.350000 0.350000 0.350000 0.350000 0.350000 0.350000 0.350000 0.350000 0.350000 0.350000 0.000000 0.000000
0.000000 0.000000 0.000000 0.000000 0.000000 0.000000 0.000000 0.000000 0.000000 0.000000 0.000000 0.000000 0.000000 0.000000 0.000000 0.000000 0.000000 0.000000 0.000000 0.000000 0.000000