geotop/1.0zi/1.0Montebello/Templates/testdem/maps/_Eocclay6098.asc
ncols         21
nrows         20
xllcorner     100.000000
yllcorner     100.000000
cellsize      50.000000
NODATA_value  -9999.0
0.000000 0.000000 0.000000 0.000000 0.000000 0.000000 0.000000 0.000000 0.000000 0.000000 0.000000 0.000000 0.000000 0.000000 0.000000 0.000000 0.000000 0.000000 0.000000 0.000000 0.000000
0.000000 0.000000 0.349730 0.349730 0.349731 0.349731 0.349731 0.349731 0.349731 0.349731 0.349731 0.349731 0.349731 0.349730 0.349731 0.349731 0.349730 0.349730 0.349730 0.000000 0.000000
0.000000 0.000000 0.349989 0.349989 0.349989 0.349989 0.349989 0.349989 0.349989 0.349989 0.349989 0.349988 0.349989 0.349989 0.349989 0.349989 0.349989 0.349989 0.349989 0.000000 0.000000
0.000000 0.000000 0.349983 0.349985 0.349983 0.349985 0.349987 0.349987 0.349987 0.349985 0.349987 0.349985 0.349986 0.349984 0.349986 0.349988 0.349986 0.349987 0.349986 0.000000 0.000000
0.000000 0.000000 0.350507 0.350506 0.350505 0.350501 0.350490 0.350486 0.350487 0.350488 0.350487 0.350487 0.350483 0.350484 0.350488 0.350488 0.350494 0.350496 0.350501 0.000000 0.000000
0.000000 0.000000 0.352202 0.352203 0.352197 0.352177 0.352170 0.352153 0.352153 0.352149 0.352152 0.352152 0.352155 0.352155 0.352160 0.352173 0.352180 0.352192 0.352197 0.000000 0.000000
0.000000 0.000000 0.354694 0.354692 0.354688 0.354671 0.354650 0.354622 0.354621 0.354617 0.354619 0.354621 0.354621 0.354620 0.354641 0.354663 0.354673 0.354682 0.354689 0.000000 0.000000
0.000000 0.000000 0.357716 0.357715 0.357712 0.357691 0.357670 0.357640 0.357640 0.357637 0.357638 0.357637 0.357635 0.357640 0.357663 0.357682 0.357698 0.357704 0.357714 0.000000 0.000000
0.000000 0.000000 0.360806 0.360803 0.360795 0.360783 0.360762 0.360732 0.360734 0.360729 0.360726 0.360727 0.360727 0.360725 0.360753 0.360775 0.360789 0.360793 0.360801 0.000000 0.000000
0.000000 0.000000 0.363950 0.363944 0.363941 0.363932 0.363901 0.363874 0.363876 0.363872 0.363868 0.363872 0.363876 0.363873 0.363895 0.363921 0.363936 0.363939 0.363946 0.000000 0.000000
0.000000 0.000000 0.367230 0.367226 0.367224 0.367202 0.367182 0.367151 0.367158 0.367143 0.367144 0.367145 0.367141 0.367149 0.367167 0.367184 0.367201 0.367210 0.367224 0.000000 0.000000
0.000000 0.000000 0.370690 0.370683 0.370673 0.370657 0.370639 0.370603 0.370604 0.370596 0.370604 0.370595 0.370596 0.370599 0.370632 0.370648 0.370660 0.370665 0.370700 0.000000 0.000000
0.000000 0.000000 0.374267 0.374261 0.374257 0.374239 0.374221 0.374146 0.374146 0.374140 0.374123 0.374132 0.374138 0.374143 0.374199 0.374215 0.374242 0.374245 0.374269 0.000000 0.000000
0.000000 0.000000 0.378180 0.378176 0.378165 0.378153 0.378078 0.378060 0.378043 0.378043 0.378038 0.378039 0.378040 0.378037 0.378046 0.378122 0.378145 0.378164 0.378188 0.000000 0.000000
0.000000 0.000000 0.382520 0.382514 0.382497 0.382418 0.382396 0.382352 0.382323 0.382318 0.382304 0.382296 0.382304 0.382298 0.382333 0.382367 0.382479 0.382470 0.382484 0.000000 0.000000
0.000000 0.000000 0.387140 0.387134 0.387029 0.387014 0.387009 0.386982 0.387005 0.386993 0.387002 0.386991 0.386978 0.387000 0.387016 0.387026 0.387013 0.387148 0.387151 0.000000 0.000000
0.000000 0.000000 0.392491 0.392345 0.392302 0.392260 0.392191 0.392157 0.392143 0.392141 0.392109 0.392106 0.392120 0.392113 0.392153 0.392206 0.392291 0.392312 0.392461 0.000000 0.000000
0.000000 0.000000 0.396280 0.396300 0.396432 0.396399 0.396351 0.396216 0.396214 0.396183 0.396206 0.396198 0.396206 0.396211 0.396334 0.396370 0.396453 0.396317 0.396306 0.000000 0.000000
0.000000 0.000000 0.350000 0.350000 0.350000 0.350000 0.350000 0.350000 0.350000 0.350000 0.350000 0.350000 0.350000 0.350000 0.350000 0.350000 0.350000 0.350000 0.350000 0.000000 0.000000
0.000000 0.000000 0.000000 0.000000 0.000000 0.000000 0.000000 0.000000 0.000000 0.000000 0.000000 0.000000 0.000000 0.000000 0.000000 0.000000 0.000000 0.000000 0.000000 0.000000 0.000000