geotop/1.0zi/1.0Montebello/Templates/testdem/maps/_Eocsilt6070.asc
ncols         21
nrows         20
xllcorner     100.000000
yllcorner     100.000000
cellsize      50.000000
NODATA_value  -9999.0
0.000000 0.000000 0.000000 0.000000 0.000000 0.000000 0.000000 0.000000 0.000000 0.000000 0.000000 0.000000 0.000000 0.000000 0.000000 0.000000 0.000000 0.000000 0.000000 0.000000 0.000000
0.000000 0.000000 0.350119 0.350119 0.350120 0.350120 0.350119 0.350120 0.350120 0.350120 0.350120 0.350119 0.350119 0.350119 0.350119 0.350120 0.350120 0.350120 0.350119 0.000000 0.000000
0.000000 0.000000 0.350002 0.350002 0.350002 0.350003 0.350003 0.350003 0.350003 0.350003 0.350003 0.350003 0.350004 0.350003 0.350003 0.350003 0.350001 0.350001 0.350002 0.000000 0.000000
0.000000 0.000000 0.350047 0.350046 0.350045 0.350040 0.350041 0.350039 0.350041 0.350041 0.350040 0.350039 0.350040 0.350040 0.350042 0.350045 0.350046 0.350048 0.350047 0.000000 0.000000
0.000000 0.000000 0.350550 0.350553 0.350552 0.350549 0.350545 0.350540 0.350539 0.350537 0.350535 0.350536 0.350538 0.350539 0.350545 0.350547 0.350546 0.350555 0.350559 0.000000 0.000000
0.000000 0.000000 0.352134 0.352136 0.352131 0.352116 0.352106 0.352088 0.352086 0.352082 0.352087 0.352089 0.352090 0.352087 0.352093 0.352100 0.352109 0.352113 0.352118 0.000000 0.000000
0.000000 0.000000 0.354537 0.354534 0.354528 0.354509 0.354487 0.354463 0.354465 0.354462 0.354464 0.354464 0.354461 0.354464 0.354482 0.354502 0.354511 0.354521 0.354528 0.000000 0.000000
0.000000 0.000000 0.357466 0.357467 0.357465 0.357447 0.357425 0.357399 0.357399 0.357396 0.357396 0.357395 0.357394 0.357397 0.357418 0.357439 0.357455 0.357458 0.357468 0.000000 0.000000
0.000000 0.000000 0.360544 0.360538 0.360530 0.360518 0.360497 0.360466 0.360467 0.360462 0.360460 0.360461 0.360462 0.360459 0.360487 0.360509 0.360524 0.360529 0.360539 0.000000 0.000000
0.000000 0.000000 0.363647 0.363642 0.363638 0.363630 0.363600 0.363573 0.363575 0.363571 0.363567 0.363571 0.363575 0.363571 0.363593 0.363619 0.363633 0.363636 0.363642 0.000000 0.000000
0.000000 0.000000 0.366841 0.366838 0.366837 0.366814 0.366794 0.366765 0.366771 0.366757 0.366758 0.366759 0.366755 0.366762 0.366781 0.366797 0.366813 0.366822 0.366835 0.000000 0.000000
0.000000 0.000000 0.370214 0.370206 0.370196 0.370181 0.370163 0.370127 0.370129 0.370121 0.370129 0.370121 0.370123 0.370126 0.370157 0.370173 0.370185 0.370190 0.370223 0.000000 0.000000
0.000000 0.000000 0.373687 0.373680 0.373676 0.373659 0.373642 0.373569 0.373569 0.373563 0.373547 0.373555 0.373561 0.373566 0.373620 0.373635 0.373661 0.373664 0.373687 0.000000 0.000000
0.000000 0.000000 0.377479 0.377474 0.377464 0.377452 0.377380 0.377363 0.377347 0.377346 0.377341 0.377343 0.377344 0.377341 0.377349 0.377422 0.377444 0.377462 0.377486 0.000000 0.000000
0.000000 0.000000 0.381676 0.381670 0.381654 0.381577 0.381556 0.381513 0.381486 0.381481 0.381467 0.381459 0.381468 0.381462 0.381495 0.381528 0.381636 0.381626 0.381641 0.000000 0.000000
0.000000 0.000000 0.386140 0.386135 0.386034 0.386020 0.386014 0.385988 0.386009 0.385997 0.386006 0.385996 0.385984 0.386005 0.386021 0.386031 0.386018 0.386147 0.386151 0.000000 0.000000
0.000000 0.000000 0.391293 0.391154 0.391112 0.391072 0.391006 0.390973 0.390960 0.390959 0.390928 0.390925 0.390938 0.390932 0.390970 0.391020 0.391101 0.391121 0.391264 0.000000 0.000000
0.000000 0.000000 0.394955 0.394973 0.395098 0.395067 0.395019 0.394892 0.394890 0.394860 0.394882 0.394874 0.394882 0.394887 0.395003 0.395038 0.395118 0.394989 0.394980 0.000000 0.000000
0.000000 0.000000 0.350000 0.350000 0.350000 0.350000 0.350000 0.350000 0.350000 0.350000 0.350000 0.350000 0.350000 0.350000 0.350000 0.350000 0.350000 0.350000 0.350000 0.000000 0.000000
0.000000 0.000000 0.000000 0.000000 0.000000 0.000000 0.000000 0.000000 0.000000 0.000000 0.000000 0.000000 0.000000 0.000000 0.000000 0.000000 0.000000 0.000000 0.000000 0.000000 0.000000