geotop/1.0zi/1.0Montebello/Templates/testdem/maps/_Eocclay1202.asc
ncols         21
nrows         20
xllcorner     100.000000
yllcorner     100.000000
cellsize      50.000000
NODATA_value  -9999.0
0.000000 0.000000 0.000000 0.000000 0.000000 0.000000 0.000000 0.000000 0.000000 0.000000 0.000000 0.000000 0.000000 0.000000 0.000000 0.000000 0.000000 0.000000 0.000000 0.000000 0.000000
0.000000 0.000000 0.349935 0.349935 0.349935 0.349935 0.349935 0.349935 0.349935 0.349935 0.349935 0.349935 0.349935 0.349935 0.349935 0.349935 0.349935 0.349935 0.349935 0.000000 0.000000
0.000000 0.000000 0.349994 0.349994 0.349993 0.349994 0.349994 0.349994 0.349994 0.349994 0.349994 0.349994 0.349994 0.349994 0.349994 0.349994 0.349993 0.349994 0.349994 0.000000 0.000000
0.000000 0.000000 0.350464 0.350464 0.350462 0.350463 0.350464 0.350464 0.350464 0.350464 0.350464 0.350464 0.350464 0.350464 0.350464 0.350463 0.350462 0.350464 0.350464 0.000000 0.000000
0.000000 0.000000 0.352266 0.352265 0.352263 0.352263 0.352266 0.352266 0.352265 0.352266 0.352266 0.352266 0.352265 0.352266 0.352266 0.352263 0.352263 0.352265 0.352266 0.000000 0.000000
0.000000 0.000000 0.354286 0.354286 0.354284 0.354284 0.354286 0.354286 0.354286 0.354286 0.354286 0.354286 0.354286 0.354286 0.354286 0.354284 0.354284 0.354286 0.354286 0.000000 0.000000
0.000000 0.000000 0.356213 0.356212 0.356210 0.356211 0.356213 0.356212 0.356212 0.356213 0.356213 0.356213 0.356212 0.356212 0.356213 0.356211 0.356210 0.356212 0.356213 0.000000 0.000000
0.000000 0.000000 0.357991 0.357990 0.357989 0.357989 0.357991 0.357991 0.357991 0.357991 0.357991 0.357991 0.357991 0.357991 0.357991 0.357989 0.357989 0.357990 0.357991 0.000000 0.000000
0.000000 0.000000 0.359657 0.359657 0.359656 0.359656 0.359658 0.359657 0.359657 0.359658 0.359658 0.359658 0.359657 0.359657 0.359658 0.359656 0.359656 0.359657 0.359657 0.000000 0.000000
0.000000 0.000000 0.361254 0.361254 0.361252 0.361253 0.361254 0.361254 0.361254 0.361254 0.361254 0.361254 0.361254 0.361254 0.361254 0.361253 0.361252 0.361254 0.361254 0.000000 0.000000
0.000000 0.000000 0.362798 0.362797 0.362796 0.362796 0.362798 0.362797 0.362797 0.362798 0.362798 0.362798 0.362797 0.362797 0.362798 0.362796 0.362796 0.362797 0.362798 0.000000 0.000000
0.000000 0.000000 0.364305 0.364305 0.364303 0.364304 0.364305 0.364305 0.364305 0.364305 0.364305 0.364305 0.364305 0.364305 0.364305 0.364304 0.364303 0.364305 0.364305 0.000000 0.000000
0.000000 0.000000 0.365787 0.365787 0.365785 0.365786 0.365787 0.365787 0.365787 0.365787 0.365787 0.365787 0.365787 0.365787 0.365787 0.365786 0.365785 0.365787 0.365787 0.000000 0.000000
0.000000 0.000000 0.367243 0.367243 0.367241 0.367242 0.367243 0.367243 0.367243 0.367243 0.367243 0.367243 0.367243 0.367243 0.367243 0.367242 0.367241 0.367243 0.367243 0.000000 0.000000
0.000000 0.000000 0.368682 0.368682 0.368681 0.368681 0.368682 0.368682 0.368682 0.368682 0.368682 0.368682 0.368682 0.368682 0.368682 0.368681 0.368681 0.368682 0.368682 0.000000 0.000000
0.000000 0.000000 0.370110 0.370110 0.370109 0.370109 0.370111 0.370110 0.370110 0.370111 0.370111 0.370111 0.370110 0.370110 0.370111 0.370109 0.370109 0.370110 0.370110 0.000000 0.000000
0.000000 0.000000 0.371522 0.371522 0.371521 0.371521 0.371522 0.371522 0.371522 0.371523 0.371523 0.371523 0.371522 0.371522 0.371522 0.371521 0.371521 0.371522 0.371522 0.000000 0.000000
0.000000 0.000000 0.372956 0.372956 0.372954 0.372955 0.372956 0.372956 0.372956 0.372956 0.372956 0.372956 0.372956 0.372956 0.372956 0.372955 0.372954 0.372956 0.372956 0.000000 0.000000
0.000000 0.000000 0.350000 0.350000 0.350000 0.350000 0.350000 0.350000 0.350000 0.350000 0.350000 0.350000 0.350000 0.350000 0.350000 0.350000 0.350000 0.350000 0.350000 0.000000 0.000000
0.000000 0.000000 0.000000 0.000000 0.000000 0.000000 0.000000 0.000000 0.000000 0.000000 0.000000 0.000000 0.000000 0.000000 0.000000 0.000000 0.000000 0.000000 0.000000 0.000000 0.000000