geotop/1.0zi/1.0Montebello/Templates/testdem/maps/_Eocsilt4346.asc
ncols         21
nrows         20
xllcorner     100.000000
yllcorner     100.000000
cellsize      50.000000
NODATA_value  -9999.0
0.000000 0.000000 0.000000 0.000000 0.000000 0.000000 0.000000 0.000000 0.000000 0.000000 0.000000 0.000000 0.000000 0.000000 0.000000 0.000000 0.000000 0.000000 0.000000 0.000000 0.000000
0.000000 0.000000 0.350089 0.350089 0.350089 0.350089 0.350088 0.350089 0.350089 0.350089 0.350089 0.350089 0.350089 0.350089 0.350088 0.350089 0.350089 0.350089 0.350088 0.000000 0.000000
0.000000 0.000000 0.350002 0.350002 0.350002 0.350003 0.350003 0.350003 0.350003 0.350003 0.350003 0.350003 0.350003 0.350003 0.350003 0.350002 0.350001 0.350001 0.350001 0.000000 0.000000
0.000000 0.000000 0.350032 0.350031 0.350031 0.350027 0.350028 0.350025 0.350027 0.350028 0.350027 0.350027 0.350027 0.350026 0.350028 0.350030 0.350031 0.350033 0.350032 0.000000 0.000000
0.000000 0.000000 0.350380 0.350380 0.350378 0.350379 0.350378 0.350376 0.350374 0.350371 0.350370 0.350373 0.350373 0.350373 0.350375 0.350374 0.350373 0.350378 0.350380 0.000000 0.000000
0.000000 0.000000 0.351483 0.351485 0.351481 0.351476 0.351472 0.351460 0.351459 0.351454 0.351458 0.351460 0.351462 0.351458 0.351460 0.351465 0.351469 0.351469 0.351471 0.000000 0.000000
0.000000 0.000000 0.353202 0.353200 0.353195 0.353182 0.353170 0.353155 0.353157 0.353155 0.353158 0.353156 0.353152 0.353152 0.353162 0.353175 0.353180 0.353184 0.353191 0.000000 0.000000
0.000000 0.000000 0.355218 0.355214 0.355209 0.355196 0.355183 0.355168 0.355170 0.355167 0.355167 0.355167 0.355163 0.355161 0.355176 0.355192 0.355202 0.355203 0.355208 0.000000 0.000000
0.000000 0.000000 0.357269 0.357264 0.357256 0.357245 0.357233 0.357213 0.357215 0.357211 0.357211 0.357212 0.357209 0.357207 0.357222 0.357240 0.357247 0.357251 0.357259 0.000000 0.000000
0.000000 0.000000 0.359306 0.359301 0.359295 0.359284 0.359269 0.359252 0.359256 0.359253 0.359253 0.359253 0.359249 0.359246 0.359262 0.359280 0.359286 0.359289 0.359295 0.000000 0.000000
0.000000 0.000000 0.361355 0.361350 0.361344 0.361335 0.361325 0.361304 0.361307 0.361302 0.361302 0.361303 0.361299 0.361296 0.361310 0.361323 0.361332 0.361336 0.361343 0.000000 0.000000
0.000000 0.000000 0.363471 0.363465 0.363457 0.363444 0.363432 0.363412 0.363413 0.363410 0.363410 0.363409 0.363407 0.363404 0.363423 0.363438 0.363446 0.363449 0.363472 0.000000 0.000000
0.000000 0.000000 0.365612 0.365606 0.365598 0.365587 0.365573 0.365531 0.365532 0.365528 0.365527 0.365528 0.365523 0.365522 0.365557 0.365576 0.365584 0.365588 0.365602 0.000000 0.000000
0.000000 0.000000 0.367871 0.367861 0.367854 0.367844 0.367802 0.367791 0.367785 0.367781 0.367782 0.367782 0.367777 0.367774 0.367786 0.367829 0.367838 0.367847 0.367856 0.000000 0.000000
0.000000 0.000000 0.370300 0.370292 0.370276 0.370237 0.370217 0.370191 0.370178 0.370174 0.370167 0.370167 0.370166 0.370159 0.370179 0.370210 0.370257 0.370255 0.370263 0.000000 0.000000
0.000000 0.000000 0.372803 0.372795 0.372745 0.372735 0.372723 0.372710 0.372709 0.372707 0.372709 0.372708 0.372700 0.372705 0.372711 0.372724 0.372726 0.372776 0.372789 0.000000 0.000000
0.000000 0.000000 0.375576 0.375514 0.375469 0.375450 0.375420 0.375404 0.375401 0.375398 0.375391 0.375392 0.375390 0.375382 0.375393 0.375429 0.375453 0.375479 0.375540 0.000000 0.000000
0.000000 0.000000 0.377754 0.377736 0.377768 0.377743 0.377716 0.377658 0.377654 0.377647 0.377649 0.377648 0.377642 0.377643 0.377695 0.377727 0.377763 0.377712 0.377739 0.000000 0.000000
0.000000 0.000000 0.350000 0.350000 0.350000 0.350000 0.350000 0.350000 0.350000 0.350000 0.350000 0.350000 0.350000 0.350000 0.350000 0.350000 0.350000 0.350000 0.350000 0.000000 0.000000
0.000000 0.000000 0.000000 0.000000 0.000000 0.000000 0.000000 0.000000 0.000000 0.000000 0.000000 0.000000 0.000000 0.000000 0.000000 0.000000 0.000000 0.000000 0.000000 0.000000 0.000000