geotop/1.0zi/1.0Montebello/Templates/testdem/maps/_Eocclay4915.asc
ncols         21
nrows         20
xllcorner     100.000000
yllcorner     100.000000
cellsize      50.000000
NODATA_value  -9999.0
0.000000 0.000000 0.000000 0.000000 0.000000 0.000000 0.000000 0.000000 0.000000 0.000000 0.000000 0.000000 0.000000 0.000000 0.000000 0.000000 0.000000 0.000000 0.000000 0.000000 0.000000
0.000000 0.000000 0.349779 0.349780 0.349780 0.349780 0.349781 0.349780 0.349780 0.349780 0.349780 0.349780 0.349780 0.349780 0.349780 0.349780 0.349780 0.349780 0.349780 0.000000 0.000000
0.000000 0.000000 0.349992 0.349992 0.349992 0.349992 0.349991 0.349992 0.349992 0.349992 0.349991 0.349991 0.349992 0.349992 0.349992 0.349992 0.349992 0.349992 0.349992 0.000000 0.000000
0.000000 0.000000 0.349987 0.349989 0.349987 0.349988 0.349990 0.349990 0.349990 0.349988 0.349989 0.349988 0.349988 0.349987 0.349990 0.349991 0.349989 0.349990 0.349989 0.000000 0.000000
0.000000 0.000000 0.350382 0.350381 0.350381 0.350375 0.350367 0.350365 0.350366 0.350366 0.350364 0.350366 0.350363 0.350364 0.350369 0.350368 0.350372 0.350374 0.350377 0.000000 0.000000
0.000000 0.000000 0.351755 0.351758 0.351753 0.351737 0.351732 0.351719 0.351718 0.351714 0.351717 0.351717 0.351720 0.351722 0.351723 0.351733 0.351738 0.351746 0.351751 0.000000 0.000000
0.000000 0.000000 0.353756 0.353753 0.353749 0.353735 0.353719 0.353697 0.353697 0.353693 0.353695 0.353695 0.353697 0.353698 0.353713 0.353732 0.353740 0.353747 0.353754 0.000000 0.000000
0.000000 0.000000 0.356109 0.356107 0.356105 0.356088 0.356070 0.356048 0.356049 0.356046 0.356047 0.356046 0.356045 0.356047 0.356067 0.356084 0.356093 0.356098 0.356106 0.000000 0.000000
0.000000 0.000000 0.358475 0.358472 0.358467 0.358455 0.358438 0.358416 0.358418 0.358414 0.358414 0.358415 0.358413 0.358415 0.358433 0.358453 0.358460 0.358465 0.358473 0.000000 0.000000
0.000000 0.000000 0.360862 0.360857 0.360853 0.360841 0.360820 0.360799 0.360802 0.360799 0.360799 0.360799 0.360798 0.360798 0.360818 0.360838 0.360846 0.360851 0.360858 0.000000 0.000000
0.000000 0.000000 0.363304 0.363299 0.363295 0.363286 0.363270 0.363245 0.363247 0.363242 0.363242 0.363243 0.363241 0.363242 0.363260 0.363275 0.363285 0.363291 0.363298 0.000000 0.000000
0.000000 0.000000 0.365841 0.365837 0.365831 0.365816 0.365799 0.365775 0.365775 0.365772 0.365772 0.365770 0.365770 0.365770 0.365793 0.365811 0.365820 0.365825 0.365850 0.000000 0.000000
0.000000 0.000000 0.368426 0.368421 0.368415 0.368404 0.368383 0.368331 0.368332 0.368328 0.368327 0.368328 0.368325 0.368327 0.368373 0.368394 0.368404 0.368409 0.368424 0.000000 0.000000
0.000000 0.000000 0.371184 0.371175 0.371171 0.371158 0.371102 0.371089 0.371081 0.371078 0.371078 0.371078 0.371076 0.371077 0.371092 0.371145 0.371156 0.371167 0.371176 0.000000 0.000000
0.000000 0.000000 0.374178 0.374171 0.374156 0.374107 0.374081 0.374048 0.374031 0.374026 0.374018 0.374018 0.374020 0.374016 0.374042 0.374078 0.374138 0.374136 0.374144 0.000000 0.000000
0.000000 0.000000 0.377286 0.377279 0.377218 0.377209 0.377191 0.377175 0.377175 0.377175 0.377178 0.377176 0.377168 0.377181 0.377189 0.377203 0.377201 0.377269 0.377284 0.000000 0.000000
0.000000 0.000000 0.380780 0.380697 0.380650 0.380626 0.380582 0.380559 0.380554 0.380552 0.380542 0.380542 0.380544 0.380538 0.380556 0.380605 0.380637 0.380666 0.380747 0.000000 0.000000
0.000000 0.000000 0.383450 0.383438 0.383494 0.383463 0.383428 0.383347 0.383340 0.383333 0.383336 0.383335 0.383331 0.383338 0.383413 0.383451 0.383494 0.383424 0.383450 0.000000 0.000000
0.000000 0.000000 0.350000 0.350000 0.350000 0.350000 0.350000 0.350000 0.350000 0.350000 0.350000 0.350000 0.350000 0.350000 0.350000 0.350000 0.350000 0.350000 0.350000 0.000000 0.000000
0.000000 0.000000 0.000000 0.000000 0.000000 0.000000 0.000000 0.000000 0.000000 0.000000 0.000000 0.000000 0.000000 0.000000 0.000000 0.000000 0.000000 0.000000 0.000000 0.000000 0.000000