geotop/1.0zi/1.0Montebello/Templates/testdem/maps/_Eocsilt122W.asc
ncols         21
nrows         20
xllcorner     100.000000
yllcorner     100.000000
cellsize      50.000000
NODATA_value  -9999.0
0.000000 0.000000 0.000000 0.000000 0.000000 0.000000 0.000000 0.000000 0.000000 0.000000 0.000000 0.000000 0.000000 0.000000 0.000000 0.000000 0.000000 0.000000 0.000000 0.000000 0.000000
0.000000 0.000000 0.350246 0.350247 0.350247 0.350247 0.350246 0.350246 0.350246 0.350246 0.350246 0.350246 0.350246 0.350246 0.350246 0.350246 0.350247 0.350247 0.350246 0.000000 0.000000
0.000000 0.000000 0.350013 0.350012 0.350012 0.350012 0.350013 0.350013 0.350013 0.350013 0.350013 0.350013 0.350014 0.350014 0.350013 0.350012 0.350011 0.350010 0.350012 0.000000 0.000000
0.000000 0.000000 0.350248 0.350247 0.350237 0.350233 0.350234 0.350223 0.350226 0.350228 0.350225 0.350228 0.350228 0.350232 0.350229 0.350234 0.350238 0.350243 0.350244 0.000000 0.000000
0.000000 0.000000 0.352151 0.352155 0.352145 0.352124 0.352111 0.352104 0.352104 0.352100 0.352096 0.352101 0.352107 0.352102 0.352118 0.352128 0.352135 0.352143 0.352148 0.000000 0.000000
0.000000 0.000000 0.356904 0.356899 0.356880 0.356848 0.356811 0.356780 0.356776 0.356771 0.356766 0.356768 0.356774 0.356769 0.356788 0.356818 0.356832 0.356845 0.356852 0.000000 0.000000
0.000000 0.000000 0.363495 0.363484 0.363462 0.363417 0.363369 0.363301 0.363298 0.363294 0.363285 0.363285 0.363282 0.363285 0.363337 0.363376 0.363402 0.363425 0.363431 0.000000 0.000000
0.000000 0.000000 0.371423 0.371409 0.371388 0.371329 0.371277 0.371212 0.371205 0.371199 0.371187 0.371186 0.371182 0.371190 0.371237 0.371285 0.371326 0.371337 0.371352 0.000000 0.000000
0.000000 0.000000 0.380458 0.380436 0.380400 0.380352 0.380292 0.380207 0.380205 0.380191 0.380177 0.380175 0.380178 0.380172 0.380244 0.380302 0.380335 0.380354 0.380367 0.000000 0.000000
0.000000 0.000000 0.390892 0.390858 0.390824 0.390773 0.390702 0.390613 0.390601 0.390594 0.390571 0.390578 0.390590 0.390584 0.390641 0.390718 0.390760 0.390781 0.390785 0.000000 0.000000
0.000000 0.000000 0.403365 0.403333 0.403305 0.403176 0.403149 0.403021 0.403040 0.402980 0.402983 0.402972 0.402948 0.402981 0.403050 0.403097 0.403159 0.403186 0.403238 0.000000 0.000000
0.000000 0.000000 0.418571 0.418498 0.418410 0.418364 0.418301 0.418133 0.418106 0.418119 0.418124 0.418075 0.418100 0.418082 0.418220 0.418309 0.418336 0.418363 0.418464 0.000000 0.000000
0.000000 0.000000 0.435309 0.435247 0.435240 0.435111 0.435035 0.434594 0.434565 0.434538 0.434358 0.434483 0.434477 0.434518 0.434827 0.434890 0.435057 0.435081 0.435058 0.000000 0.000000
0.000000 0.000000 0.452694 0.452686 0.452557 0.452509 0.452045 0.452309 0.452199 0.452203 0.452300 0.452203 0.452190 0.452124 0.451903 0.452425 0.452408 0.452529 0.452592 0.000000 0.000000
0.000000 0.000000 0.464191 0.464168 0.464118 0.463882 0.463939 0.463814 0.463776 0.463760 0.463709 0.463687 0.463713 0.463709 0.463820 0.463759 0.464061 0.464003 0.463994 0.000000 0.000000
0.000000 0.000000 0.470741 0.470722 0.470678 0.470515 0.470587 0.470482 0.470467 0.470454 0.470419 0.470406 0.470420 0.470426 0.470515 0.470445 0.470646 0.470619 0.470608 0.000000 0.000000
0.000000 0.000000 0.474557 0.474625 0.474458 0.474488 0.474539 0.474511 0.474588 0.474563 0.474605 0.474591 0.474558 0.474606 0.474605 0.474561 0.474432 0.474667 0.474575 0.000000 0.000000
0.000000 0.000000 0.478430 0.478265 0.478120 0.478097 0.478058 0.478106 0.478105 0.478122 0.478075 0.478078 0.478085 0.478079 0.478040 0.478064 0.478085 0.478213 0.478370 0.000000 0.000000
0.000000 0.000000 0.350000 0.350000 0.350000 0.350000 0.350000 0.350000 0.350000 0.350000 0.350000 0.350000 0.350000 0.350000 0.350000 0.350000 0.350000 0.350000 0.350000 0.000000 0.000000
0.000000 0.000000 0.000000 0.000000 0.000000 0.000000 0.000000 0.000000 0.000000 0.000000 0.000000 0.000000 0.000000 0.000000 0.000000 0.000000 0.000000 0.000000 0.000000 0.000000 0.000000