geotop/1.0zi/1.0Montebello/Templates/testdem/maps/_Eocclay7577.asc
ncols         21
nrows         20
xllcorner     100.000000
yllcorner     100.000000
cellsize      50.000000
NODATA_value  -9999.0
0.000000 0.000000 0.000000 0.000000 0.000000 0.000000 0.000000 0.000000 0.000000 0.000000 0.000000 0.000000 0.000000 0.000000 0.000000 0.000000 0.000000 0.000000 0.000000 0.000000 0.000000
0.000000 0.000000 0.349656 0.349657 0.349657 0.349656 0.349657 0.349657 0.349657 0.349657 0.349656 0.349657 0.349657 0.349657 0.349657 0.349657 0.349655 0.349656 0.349657 0.000000 0.000000
0.000000 0.000000 0.349985 0.349985 0.349986 0.349987 0.349985 0.349985 0.349985 0.349985 0.349985 0.349985 0.349985 0.349985 0.349986 0.349985 0.349987 0.349986 0.349983 0.000000 0.000000
0.000000 0.000000 0.350004 0.350008 0.350005 0.350004 0.350007 0.350004 0.350006 0.350003 0.350006 0.350004 0.350004 0.350003 0.350005 0.350007 0.350006 0.350009 0.350008 0.000000 0.000000
0.000000 0.000000 0.350949 0.350946 0.350942 0.350936 0.350921 0.350919 0.350916 0.350919 0.350916 0.350916 0.350912 0.350916 0.350926 0.350928 0.350936 0.350937 0.350944 0.000000 0.000000
0.000000 0.000000 0.353511 0.353509 0.353498 0.353471 0.353459 0.353435 0.353436 0.353430 0.353433 0.353433 0.353435 0.353436 0.353447 0.353465 0.353479 0.353494 0.353500 0.000000 0.000000
0.000000 0.000000 0.357056 0.357052 0.357044 0.357021 0.356992 0.356956 0.356955 0.356950 0.356951 0.356952 0.356951 0.356952 0.356984 0.357012 0.357027 0.357040 0.357048 0.000000 0.000000
0.000000 0.000000 0.361281 0.361279 0.361271 0.361243 0.361215 0.361175 0.361175 0.361171 0.361170 0.361168 0.361165 0.361174 0.361207 0.361231 0.361256 0.361265 0.361277 0.000000 0.000000
0.000000 0.000000 0.365718 0.365712 0.365699 0.365681 0.365652 0.365612 0.365614 0.365605 0.365602 0.365601 0.365601 0.365601 0.365640 0.365672 0.365691 0.365700 0.365710 0.000000 0.000000
0.000000 0.000000 0.370372 0.370363 0.370357 0.370340 0.370296 0.370260 0.370260 0.370256 0.370250 0.370253 0.370258 0.370256 0.370290 0.370326 0.370349 0.370357 0.370364 0.000000 0.000000
0.000000 0.000000 0.375384 0.375379 0.375371 0.375335 0.375305 0.375262 0.375271 0.375249 0.375251 0.375251 0.375242 0.375258 0.375288 0.375310 0.375339 0.375355 0.375374 0.000000 0.000000
0.000000 0.000000 0.380871 0.380857 0.380841 0.380817 0.380784 0.380732 0.380729 0.380722 0.380734 0.380716 0.380720 0.380724 0.380778 0.380804 0.380824 0.380836 0.380883 0.000000 0.000000
0.000000 0.000000 0.386734 0.386720 0.386713 0.386681 0.386652 0.386523 0.386521 0.386513 0.386480 0.386497 0.386504 0.386516 0.386616 0.386643 0.386692 0.386699 0.386725 0.000000 0.000000
0.000000 0.000000 0.393482 0.393477 0.393451 0.393428 0.393275 0.393274 0.393241 0.393241 0.393246 0.393240 0.393236 0.393230 0.393226 0.393385 0.393417 0.393459 0.393492 0.000000 0.000000
0.000000 0.000000 0.401323 0.401310 0.401277 0.401091 0.401088 0.400997 0.400948 0.400939 0.400907 0.400885 0.400904 0.400899 0.400988 0.401004 0.401253 0.401222 0.401232 0.000000 0.000000
0.000000 0.000000 0.409930 0.409917 0.409652 0.409695 0.409678 0.409641 0.409731 0.409698 0.409743 0.409720 0.409680 0.409745 0.409764 0.409778 0.409628 0.409999 0.409994 0.000000 0.000000
0.000000 0.000000 0.420630 0.420209 0.420242 0.420100 0.419889 0.419825 0.419732 0.419753 0.419637 0.419644 0.419705 0.419650 0.419755 0.419911 0.420226 0.420079 0.420513 0.000000 0.000000
0.000000 0.000000 0.425753 0.426086 0.426479 0.426454 0.426435 0.426067 0.426106 0.426006 0.426151 0.426119 0.426106 0.426151 0.426470 0.426482 0.426550 0.426214 0.425894 0.000000 0.000000
0.000000 0.000000 0.350000 0.350000 0.350000 0.350000 0.350000 0.350000 0.350000 0.350000 0.350000 0.350000 0.350000 0.350000 0.350000 0.350000 0.350000 0.350000 0.350000 0.000000 0.000000
0.000000 0.000000 0.000000 0.000000 0.000000 0.000000 0.000000 0.000000 0.000000 0.000000 0.000000 0.000000 0.000000 0.000000 0.000000 0.000000 0.000000 0.000000 0.000000 0.000000 0.000000