geotop/1.0zi/1.0Montebello/Templates/testdem/maps/_Eocclay2884.asc
ncols         21
nrows         20
xllcorner     100.000000
yllcorner     100.000000
cellsize      50.000000
NODATA_value  -9999.0
0.000000 0.000000 0.000000 0.000000 0.000000 0.000000 0.000000 0.000000 0.000000 0.000000 0.000000 0.000000 0.000000 0.000000 0.000000 0.000000 0.000000 0.000000 0.000000 0.000000 0.000000
0.000000 0.000000 0.349842 0.349842 0.349842 0.349842 0.349842 0.349842 0.349842 0.349842 0.349841 0.349842 0.349842 0.349842 0.349842 0.349842 0.349842 0.349842 0.349842 0.000000 0.000000
0.000000 0.000000 0.349993 0.349993 0.349992 0.349993 0.349993 0.349993 0.349993 0.349993 0.349993 0.349993 0.349993 0.349993 0.349993 0.349993 0.349992 0.349993 0.349993 0.000000 0.000000
0.000000 0.000000 0.350978 0.350978 0.350976 0.350977 0.350978 0.350978 0.350978 0.350978 0.350978 0.350978 0.350978 0.350978 0.350978 0.350977 0.350976 0.350978 0.350978 0.000000 0.000000
0.000000 0.000000 0.355272 0.355272 0.355270 0.355270 0.355273 0.355272 0.355272 0.355274 0.355274 0.355274 0.355272 0.355272 0.355273 0.355270 0.355270 0.355272 0.355272 0.000000 0.000000
0.000000 0.000000 0.360156 0.360156 0.360154 0.360154 0.360157 0.360156 0.360156 0.360157 0.360158 0.360157 0.360156 0.360156 0.360157 0.360154 0.360154 0.360156 0.360156 0.000000 0.000000
0.000000 0.000000 0.364766 0.364766 0.364764 0.364765 0.364767 0.364766 0.364766 0.364767 0.364767 0.364767 0.364766 0.364766 0.364767 0.364765 0.364764 0.364766 0.364766 0.000000 0.000000
0.000000 0.000000 0.368980 0.368980 0.368979 0.368979 0.368981 0.368980 0.368980 0.368981 0.368981 0.368981 0.368980 0.368980 0.368981 0.368979 0.368979 0.368980 0.368980 0.000000 0.000000
0.000000 0.000000 0.372893 0.372893 0.372892 0.372892 0.372894 0.372893 0.372893 0.372894 0.372894 0.372894 0.372893 0.372893 0.372894 0.372892 0.372892 0.372893 0.372893 0.000000 0.000000
0.000000 0.000000 0.376596 0.376596 0.376594 0.376595 0.376596 0.376596 0.376596 0.376597 0.376597 0.376597 0.376596 0.376596 0.376596 0.376595 0.376594 0.376596 0.376596 0.000000 0.000000
0.000000 0.000000 0.380132 0.380131 0.380130 0.380130 0.380132 0.380131 0.380131 0.380132 0.380132 0.380132 0.380131 0.380131 0.380132 0.380130 0.380130 0.380131 0.380132 0.000000 0.000000
0.000000 0.000000 0.383534 0.383534 0.383533 0.383533 0.383535 0.383534 0.383534 0.383535 0.383535 0.383535 0.383534 0.383534 0.383535 0.383533 0.383533 0.383534 0.383534 0.000000 0.000000
0.000000 0.000000 0.386830 0.386829 0.386828 0.386829 0.386830 0.386829 0.386829 0.386830 0.386830 0.386830 0.386829 0.386829 0.386830 0.386829 0.386828 0.386829 0.386830 0.000000 0.000000
0.000000 0.000000 0.390039 0.390039 0.390037 0.390038 0.390039 0.390039 0.390039 0.390039 0.390040 0.390039 0.390039 0.390039 0.390039 0.390038 0.390037 0.390039 0.390039 0.000000 0.000000
0.000000 0.000000 0.393171 0.393171 0.393170 0.393170 0.393171 0.393171 0.393171 0.393172 0.393172 0.393172 0.393171 0.393171 0.393171 0.393170 0.393170 0.393171 0.393171 0.000000 0.000000
0.000000 0.000000 0.396232 0.396232 0.396231 0.396232 0.396233 0.396232 0.396232 0.396233 0.396233 0.396233 0.396232 0.396232 0.396233 0.396232 0.396231 0.396232 0.396232 0.000000 0.000000
0.000000 0.000000 0.399227 0.399226 0.399225 0.399226 0.399227 0.399226 0.399226 0.399227 0.399227 0.399227 0.399226 0.399226 0.399227 0.399226 0.399225 0.399226 0.399227 0.000000 0.000000
0.000000 0.000000 0.402205 0.402205 0.402204 0.402205 0.402206 0.402205 0.402205 0.402206 0.402206 0.402206 0.402205 0.402205 0.402206 0.402205 0.402204 0.402205 0.402206 0.000000 0.000000
0.000000 0.000000 0.350000 0.350000 0.350000 0.350000 0.350000 0.350000 0.350000 0.350000 0.350000 0.350000 0.350000 0.350000 0.350000 0.350000 0.350000 0.350000 0.350000 0.000000 0.000000
0.000000 0.000000 0.000000 0.000000 0.000000 0.000000 0.000000 0.000000 0.000000 0.000000 0.000000 0.000000 0.000000 0.000000 0.000000 0.000000 0.000000 0.000000 0.000000 0.000000 0.000000