geotop/1.0zi/1.0Montebello/Templates/testdem/maps/_Eocclay5211.asc
ncols         21
nrows         20
xllcorner     100.000000
yllcorner     100.000000
cellsize      50.000000
NODATA_value  -9999.0
0.000000 0.000000 0.000000 0.000000 0.000000 0.000000 0.000000 0.000000 0.000000 0.000000 0.000000 0.000000 0.000000 0.000000 0.000000 0.000000 0.000000 0.000000 0.000000 0.000000 0.000000
0.000000 0.000000 0.349766 0.349767 0.349767 0.349767 0.349767 0.349767 0.349767 0.349767 0.349767 0.349767 0.349767 0.349767 0.349767 0.349767 0.349767 0.349767 0.349767 0.000000 0.000000
0.000000 0.000000 0.349990 0.349991 0.349991 0.349991 0.349990 0.349990 0.349990 0.349990 0.349990 0.349990 0.349991 0.349991 0.349991 0.349991 0.349990 0.349990 0.349990 0.000000 0.000000
0.000000 0.000000 0.349989 0.349991 0.349989 0.349989 0.349991 0.349991 0.349991 0.349990 0.349991 0.349990 0.349990 0.349989 0.349991 0.349993 0.349991 0.349992 0.349991 0.000000 0.000000
0.000000 0.000000 0.350395 0.350395 0.350395 0.350389 0.350379 0.350376 0.350378 0.350381 0.350378 0.350379 0.350374 0.350375 0.350379 0.350378 0.350383 0.350385 0.350387 0.000000 0.000000
0.000000 0.000000 0.351825 0.351828 0.351823 0.351806 0.351802 0.351786 0.351785 0.351781 0.351785 0.351785 0.351788 0.351788 0.351790 0.351800 0.351806 0.351817 0.351821 0.000000 0.000000
0.000000 0.000000 0.353918 0.353916 0.353914 0.353899 0.353881 0.353857 0.353857 0.353853 0.353855 0.353858 0.353858 0.353857 0.353874 0.353893 0.353902 0.353910 0.353916 0.000000 0.000000
0.000000 0.000000 0.356437 0.356437 0.356436 0.356418 0.356400 0.356374 0.356375 0.356372 0.356373 0.356373 0.356371 0.356376 0.356394 0.356409 0.356423 0.356428 0.356437 0.000000 0.000000
0.000000 0.000000 0.358984 0.358981 0.358976 0.358966 0.358948 0.358923 0.358925 0.358921 0.358918 0.358920 0.358920 0.358918 0.358941 0.358958 0.358971 0.358974 0.358981 0.000000 0.000000
0.000000 0.000000 0.361551 0.361546 0.361545 0.361538 0.361512 0.361490 0.361492 0.361489 0.361485 0.361489 0.361493 0.361490 0.361508 0.361529 0.361542 0.361544 0.361549 0.000000 0.000000
0.000000 0.000000 0.364196 0.364193 0.364193 0.364175 0.364158 0.364133 0.364139 0.364126 0.364127 0.364129 0.364126 0.364133 0.364146 0.364159 0.364173 0.364181 0.364192 0.000000 0.000000
0.000000 0.000000 0.366949 0.366943 0.366937 0.366923 0.366909 0.366879 0.366881 0.366873 0.366881 0.366874 0.366875 0.366878 0.366904 0.366915 0.366925 0.366929 0.366958 0.000000 0.000000
0.000000 0.000000 0.369756 0.369749 0.369748 0.369733 0.369720 0.369662 0.369662 0.369657 0.369645 0.369652 0.369657 0.369662 0.369703 0.369714 0.369736 0.369738 0.369759 0.000000 0.000000
0.000000 0.000000 0.372770 0.372766 0.372759 0.372750 0.372696 0.372680 0.372667 0.372666 0.372661 0.372664 0.372665 0.372664 0.372670 0.372724 0.372743 0.372758 0.372779 0.000000 0.000000
0.000000 0.000000 0.376058 0.376055 0.376042 0.375987 0.375969 0.375937 0.375913 0.375910 0.375898 0.375894 0.375901 0.375896 0.375918 0.375946 0.376028 0.376023 0.376036 0.000000 0.000000
0.000000 0.000000 0.379505 0.379500 0.379431 0.379415 0.379410 0.379389 0.379401 0.379392 0.379397 0.379388 0.379381 0.379396 0.379407 0.379416 0.379418 0.379506 0.379510 0.000000 0.000000
0.000000 0.000000 0.383389 0.383297 0.383257 0.383228 0.383186 0.383163 0.383157 0.383155 0.383135 0.383132 0.383139 0.383138 0.383162 0.383196 0.383249 0.383280 0.383372 0.000000 0.000000
0.000000 0.000000 0.386333 0.386326 0.386404 0.386379 0.386345 0.386258 0.386255 0.386236 0.386245 0.386240 0.386247 0.386249 0.386330 0.386352 0.386418 0.386334 0.386348 0.000000 0.000000
0.000000 0.000000 0.350000 0.350000 0.350000 0.350000 0.350000 0.350000 0.350000 0.350000 0.350000 0.350000 0.350000 0.350000 0.350000 0.350000 0.350000 0.350000 0.350000 0.000000 0.000000
0.000000 0.000000 0.000000 0.000000 0.000000 0.000000 0.000000 0.000000 0.000000 0.000000 0.000000 0.000000 0.000000 0.000000 0.000000 0.000000 0.000000 0.000000 0.000000 0.000000 0.000000