geotop/1.0zi/1.0Montebello/Templates/testdem/maps/_Eocclay3423.asc
ncols         21
nrows         20
xllcorner     100.000000
yllcorner     100.000000
cellsize      50.000000
NODATA_value  -9999.0
0.000000 0.000000 0.000000 0.000000 0.000000 0.000000 0.000000 0.000000 0.000000 0.000000 0.000000 0.000000 0.000000 0.000000 0.000000 0.000000 0.000000 0.000000 0.000000 0.000000 0.000000
0.000000 0.000000 0.349817 0.349817 0.349818 0.349817 0.349818 0.349817 0.349817 0.349818 0.349817 0.349818 0.349817 0.349817 0.349818 0.349817 0.349818 0.349817 0.349817 0.000000 0.000000
0.000000 0.000000 0.349996 0.349996 0.349995 0.349996 0.349996 0.349996 0.349996 0.349996 0.349996 0.349996 0.349996 0.349996 0.349996 0.349996 0.349995 0.349996 0.349996 0.000000 0.000000
0.000000 0.000000 0.351301 0.351300 0.351298 0.351299 0.351300 0.351300 0.351300 0.351300 0.351300 0.351300 0.351300 0.351300 0.351300 0.351299 0.351298 0.351300 0.351301 0.000000 0.000000
0.000000 0.000000 0.356599 0.356598 0.356596 0.356596 0.356600 0.356598 0.356598 0.356600 0.356600 0.356600 0.356598 0.356598 0.356600 0.356596 0.356596 0.356598 0.356599 0.000000 0.000000
0.000000 0.000000 0.362449 0.362448 0.362447 0.362447 0.362449 0.362448 0.362448 0.362449 0.362450 0.362449 0.362448 0.362448 0.362449 0.362447 0.362447 0.362448 0.362449 0.000000 0.000000
0.000000 0.000000 0.367928 0.367927 0.367926 0.367926 0.367928 0.367927 0.367927 0.367928 0.367929 0.367928 0.367927 0.367927 0.367928 0.367926 0.367926 0.367927 0.367928 0.000000 0.000000
0.000000 0.000000 0.372910 0.372910 0.372908 0.372909 0.372910 0.372910 0.372910 0.372910 0.372911 0.372910 0.372910 0.372910 0.372910 0.372909 0.372908 0.372910 0.372910 0.000000 0.000000
0.000000 0.000000 0.377512 0.377512 0.377511 0.377511 0.377513 0.377512 0.377512 0.377513 0.377513 0.377513 0.377512 0.377512 0.377513 0.377511 0.377511 0.377512 0.377512 0.000000 0.000000
0.000000 0.000000 0.381841 0.381841 0.381839 0.381840 0.381841 0.381841 0.381841 0.381841 0.381842 0.381841 0.381841 0.381841 0.381841 0.381840 0.381839 0.381841 0.381841 0.000000 0.000000
0.000000 0.000000 0.385951 0.385951 0.385949 0.385950 0.385951 0.385951 0.385951 0.385951 0.385952 0.385951 0.385951 0.385951 0.385951 0.385950 0.385949 0.385951 0.385951 0.000000 0.000000
0.000000 0.000000 0.389882 0.389882 0.389881 0.389881 0.389882 0.389882 0.389882 0.389882 0.389883 0.389882 0.389882 0.389882 0.389882 0.389881 0.389881 0.389882 0.389882 0.000000 0.000000
0.000000 0.000000 0.393664 0.393664 0.393663 0.393663 0.393664 0.393664 0.393664 0.393664 0.393665 0.393664 0.393664 0.393664 0.393664 0.393663 0.393663 0.393664 0.393664 0.000000 0.000000
0.000000 0.000000 0.397326 0.397326 0.397324 0.397325 0.397326 0.397326 0.397326 0.397326 0.397326 0.397326 0.397326 0.397326 0.397326 0.397325 0.397324 0.397326 0.397326 0.000000 0.000000
0.000000 0.000000 0.400878 0.400878 0.400877 0.400877 0.400878 0.400878 0.400878 0.400878 0.400879 0.400878 0.400878 0.400878 0.400878 0.400877 0.400877 0.400878 0.400878 0.000000 0.000000
0.000000 0.000000 0.404326 0.404326 0.404325 0.404326 0.404327 0.404326 0.404326 0.404327 0.404327 0.404327 0.404326 0.404326 0.404327 0.404326 0.404325 0.404326 0.404326 0.000000 0.000000
0.000000 0.000000 0.407683 0.407683 0.407682 0.407682 0.407683 0.407683 0.407683 0.407683 0.407684 0.407683 0.407683 0.407683 0.407683 0.407682 0.407682 0.407683 0.407683 0.000000 0.000000
0.000000 0.000000 0.411008 0.411008 0.411007 0.411007 0.411008 0.411008 0.411008 0.411008 0.411009 0.411008 0.411008 0.411008 0.411008 0.411007 0.411007 0.411008 0.411008 0.000000 0.000000
0.000000 0.000000 0.350000 0.350000 0.350000 0.350000 0.350000 0.350000 0.350000 0.350000 0.350000 0.350000 0.350000 0.350000 0.350000 0.350000 0.350000 0.350000 0.350000 0.000000 0.000000
0.000000 0.000000 0.000000 0.000000 0.000000 0.000000 0.000000 0.000000 0.000000 0.000000 0.000000 0.000000 0.000000 0.000000 0.000000 0.000000 0.000000 0.000000 0.000000 0.000000 0.000000