geotop/1.0zi/1.0Montebello/Templates/testdem/maps/_Eocsand6964.asc
ncols         21
nrows         20
xllcorner     100.000000
yllcorner     100.000000
cellsize      50.000000
NODATA_value  -9999.0
0.000000 0.000000 0.000000 0.000000 0.000000 0.000000 0.000000 0.000000 0.000000 0.000000 0.000000 0.000000 0.000000 0.000000 0.000000 0.000000 0.000000 0.000000 0.000000 0.000000 0.000000
0.000000 0.000000 0.300173 0.300171 0.300171 0.300172 0.300171 0.300170 0.300171 0.300171 0.300172 0.300171 0.300171 0.300171 0.300171 0.300171 0.300172 0.300172 0.300172 0.000000 0.000000
0.000000 0.000000 0.300010 0.300010 0.300010 0.300009 0.300010 0.300010 0.300010 0.300010 0.300010 0.300010 0.300009 0.300010 0.300010 0.300010 0.300010 0.300011 0.300012 0.000000 0.000000
0.000000 0.000000 0.299963 0.299962 0.299967 0.299972 0.299969 0.299973 0.299967 0.299972 0.299969 0.299970 0.299970 0.299971 0.299969 0.299964 0.299963 0.299960 0.299961 0.000000 0.000000
0.000000 0.000000 0.298566 0.298561 0.298569 0.298581 0.298600 0.298608 0.298611 0.298610 0.298612 0.298610 0.298614 0.298609 0.298592 0.298587 0.298583 0.298574 0.298561 0.000000 0.000000
0.000000 0.000000 0.294364 0.294364 0.294383 0.294421 0.294447 0.294488 0.294487 0.294499 0.294490 0.294489 0.294487 0.294488 0.294471 0.294444 0.294424 0.294405 0.294392 0.000000 0.000000
0.000000 0.000000 0.288242 0.288247 0.288264 0.288307 0.288360 0.288420 0.288419 0.288428 0.288424 0.288424 0.288428 0.288423 0.288374 0.288326 0.288300 0.288277 0.288260 0.000000 0.000000
0.000000 0.000000 0.280912 0.280914 0.280926 0.280974 0.281025 0.281090 0.281089 0.281097 0.281097 0.281101 0.281105 0.281094 0.281040 0.280994 0.280953 0.280942 0.280917 0.000000 0.000000
0.000000 0.000000 0.273227 0.273239 0.273262 0.273292 0.273345 0.273415 0.273410 0.273427 0.273430 0.273432 0.273431 0.273434 0.273367 0.273310 0.273278 0.273264 0.273243 0.000000 0.000000
0.000000 0.000000 0.265308 0.265323 0.265335 0.265362 0.265437 0.265499 0.265497 0.265506 0.265515 0.265508 0.265499 0.265506 0.265450 0.265386 0.265350 0.265340 0.265324 0.000000 0.000000
0.000000 0.000000 0.256950 0.256960 0.256972 0.257032 0.257081 0.257154 0.257138 0.257177 0.257172 0.257171 0.257185 0.257161 0.257115 0.257074 0.257029 0.257006 0.256971 0.000000 0.000000
0.000000 0.000000 0.247959 0.247982 0.248009 0.248050 0.248102 0.248190 0.248191 0.248207 0.248185 0.248212 0.248207 0.248201 0.248116 0.248072 0.248041 0.248026 0.247942 0.000000 0.000000
0.000000 0.000000 0.238505 0.238529 0.238541 0.238591 0.238637 0.238839 0.238841 0.238856 0.238903 0.238879 0.238866 0.238849 0.238698 0.238653 0.238579 0.238573 0.238519 0.000000 0.000000
0.000000 0.000000 0.227896 0.227906 0.227944 0.227981 0.228202 0.228227 0.228274 0.228276 0.228275 0.228279 0.228283 0.228292 0.228287 0.228054 0.228002 0.227943 0.227883 0.000000 0.000000
0.000000 0.000000 0.215842 0.215860 0.215912 0.216167 0.216203 0.216329 0.216405 0.216419 0.216461 0.216493 0.216465 0.216478 0.216363 0.216303 0.215959 0.215998 0.215970 0.000000 0.000000
0.000000 0.000000 0.202766 0.202785 0.203140 0.203131 0.203147 0.203220 0.203116 0.203163 0.203110 0.203146 0.203194 0.203112 0.203071 0.203048 0.203183 0.202714 0.202711 0.000000 0.000000
0.000000 0.000000 0.187004 0.187534 0.187580 0.187746 0.188009 0.188097 0.188183 0.188170 0.188300 0.188299 0.188233 0.188286 0.188159 0.187960 0.187612 0.187684 0.187139 0.000000 0.000000
0.000000 0.000000 0.177544 0.177275 0.176776 0.176850 0.176941 0.177417 0.177398 0.177517 0.177376 0.177412 0.177407 0.177371 0.176948 0.176882 0.176695 0.177168 0.177412 0.000000 0.000000
0.000000 0.000000 0.300000 0.300000 0.300000 0.300000 0.300000 0.300000 0.300000 0.300000 0.300000 0.300000 0.300000 0.300000 0.300000 0.300000 0.300000 0.300000 0.300000 0.000000 0.000000
0.000000 0.000000 0.000000 0.000000 0.000000 0.000000 0.000000 0.000000 0.000000 0.000000 0.000000 0.000000 0.000000 0.000000 0.000000 0.000000 0.000000 0.000000 0.000000 0.000000 0.000000