geotop/1.0zi/1.0Montebello/Templates/testdem/maps/_Eocsilt9800.asc
ncols         21
nrows         20
xllcorner     100.000000
yllcorner     100.000000
cellsize      50.000000
NODATA_value  -9999.0
0.000000 0.000000 0.000000 0.000000 0.000000 0.000000 0.000000 0.000000 0.000000 0.000000 0.000000 0.000000 0.000000 0.000000 0.000000 0.000000 0.000000 0.000000 0.000000 0.000000 0.000000
0.000000 0.000000 0.350207 0.350207 0.350207 0.350207 0.350206 0.350207 0.350207 0.350207 0.350207 0.350206 0.350206 0.350206 0.350207 0.350207 0.350208 0.350208 0.350207 0.000000 0.000000
0.000000 0.000000 0.350008 0.350008 0.350008 0.350007 0.350009 0.350008 0.350008 0.350008 0.350009 0.350008 0.350009 0.350009 0.350008 0.350007 0.350006 0.350006 0.350007 0.000000 0.000000
0.000000 0.000000 0.350150 0.350147 0.350141 0.350137 0.350137 0.350131 0.350135 0.350136 0.350133 0.350136 0.350137 0.350137 0.350139 0.350142 0.350147 0.350149 0.350150 0.000000 0.000000
0.000000 0.000000 0.351497 0.351503 0.351493 0.351473 0.351463 0.351456 0.351460 0.351457 0.351456 0.351459 0.351464 0.351462 0.351476 0.351485 0.351489 0.351495 0.351498 0.000000 0.000000
0.000000 0.000000 0.355166 0.355159 0.355145 0.355119 0.355086 0.355060 0.355058 0.355052 0.355053 0.355054 0.355059 0.355056 0.355074 0.355098 0.355110 0.355118 0.355125 0.000000 0.000000
0.000000 0.000000 0.360325 0.360314 0.360298 0.360260 0.360218 0.360165 0.360167 0.360163 0.360158 0.360157 0.360155 0.360159 0.360203 0.360236 0.360257 0.360272 0.360279 0.000000 0.000000
0.000000 0.000000 0.366446 0.366433 0.366419 0.366376 0.366330 0.366282 0.366283 0.366276 0.366270 0.366267 0.366266 0.366273 0.366315 0.366353 0.366387 0.366392 0.366406 0.000000 0.000000
0.000000 0.000000 0.373194 0.373174 0.373150 0.373116 0.373064 0.373004 0.373009 0.372997 0.372989 0.372987 0.372991 0.372988 0.373048 0.373092 0.373118 0.373130 0.373143 0.000000 0.000000
0.000000 0.000000 0.380623 0.380598 0.380578 0.380542 0.380487 0.380424 0.380425 0.380416 0.380403 0.380409 0.380416 0.380413 0.380461 0.380519 0.380549 0.380560 0.380566 0.000000 0.000000
0.000000 0.000000 0.389045 0.389023 0.389005 0.388924 0.388898 0.388815 0.388832 0.388791 0.388794 0.388788 0.388775 0.388797 0.388851 0.388887 0.388928 0.388943 0.388980 0.000000 0.000000
0.000000 0.000000 0.398863 0.398819 0.398770 0.398731 0.398687 0.398582 0.398581 0.398575 0.398587 0.398551 0.398569 0.398563 0.398659 0.398714 0.398736 0.398750 0.398822 0.000000 0.000000
0.000000 0.000000 0.409902 0.409861 0.409849 0.409772 0.409719 0.409444 0.409439 0.409421 0.409324 0.409382 0.409388 0.409412 0.409618 0.409665 0.409766 0.409771 0.409789 0.000000 0.000000
0.000000 0.000000 0.423499 0.423479 0.423392 0.423337 0.422957 0.423088 0.423006 0.423005 0.423055 0.423003 0.422994 0.422954 0.422833 0.423253 0.423269 0.423366 0.423425 0.000000 0.000000
0.000000 0.000000 0.438773 0.438729 0.438653 0.438172 0.438371 0.438071 0.438004 0.437971 0.437863 0.437825 0.437881 0.437883 0.438149 0.437957 0.438585 0.438438 0.438416 0.000000 0.000000
0.000000 0.000000 0.452125 0.452099 0.451603 0.451854 0.451765 0.451783 0.451999 0.451939 0.452055 0.452035 0.451942 0.452058 0.451993 0.452077 0.451527 0.452281 0.452270 0.000000 0.000000
0.000000 0.000000 0.462947 0.462631 0.462680 0.462563 0.462391 0.462338 0.462255 0.462273 0.462175 0.462186 0.462240 0.462187 0.462272 0.462401 0.462650 0.462497 0.462824 0.000000 0.000000
0.000000 0.000000 0.468252 0.468153 0.468325 0.468224 0.468116 0.467972 0.467927 0.467909 0.467893 0.467890 0.467921 0.467898 0.468044 0.468125 0.468321 0.468087 0.468191 0.000000 0.000000
0.000000 0.000000 0.350000 0.350000 0.350000 0.350000 0.350000 0.350000 0.350000 0.350000 0.350000 0.350000 0.350000 0.350000 0.350000 0.350000 0.350000 0.350000 0.350000 0.000000 0.000000
0.000000 0.000000 0.000000 0.000000 0.000000 0.000000 0.000000 0.000000 0.000000 0.000000 0.000000 0.000000 0.000000 0.000000 0.000000 0.000000 0.000000 0.000000 0.000000 0.000000 0.000000