geotop/1.0zi/1.0Montebello/Templates/testdem/maps/_Eocsand9966.asc
ncols         21
nrows         20
xllcorner     100.000000
yllcorner     100.000000
cellsize      50.000000
NODATA_value  -9999.0
0.000000 0.000000 0.000000 0.000000 0.000000 0.000000 0.000000 0.000000 0.000000 0.000000 0.000000 0.000000 0.000000 0.000000 0.000000 0.000000 0.000000 0.000000 0.000000 0.000000 0.000000
0.000000 0.000000 0.300245 0.300242 0.300243 0.300244 0.300243 0.300242 0.300243 0.300243 0.300244 0.300243 0.300243 0.300243 0.300243 0.300243 0.300244 0.300243 0.300243 0.000000 0.000000
0.000000 0.000000 0.300011 0.300013 0.300012 0.300011 0.300012 0.300013 0.300012 0.300012 0.300012 0.300012 0.300012 0.300012 0.300012 0.300012 0.300013 0.300013 0.300014 0.000000 0.000000
0.000000 0.000000 0.299810 0.299809 0.299819 0.299826 0.299825 0.299831 0.299823 0.299825 0.299825 0.299824 0.299822 0.299824 0.299819 0.299812 0.299809 0.299806 0.299808 0.000000 0.000000
0.000000 0.000000 0.296979 0.296979 0.296996 0.297032 0.297060 0.297070 0.297070 0.297071 0.297074 0.297067 0.297061 0.297062 0.297038 0.297024 0.297009 0.296999 0.296987 0.000000 0.000000
0.000000 0.000000 0.289196 0.289208 0.289248 0.289319 0.289385 0.289444 0.289441 0.289449 0.289453 0.289452 0.289441 0.289446 0.289410 0.289354 0.289327 0.289305 0.289293 0.000000 0.000000
0.000000 0.000000 0.278439 0.278463 0.278496 0.278578 0.278662 0.278777 0.278775 0.278782 0.278795 0.278794 0.278796 0.278792 0.278696 0.278629 0.278587 0.278557 0.278543 0.000000 0.000000
0.000000 0.000000 0.265655 0.265683 0.265717 0.265815 0.265909 0.266013 0.266010 0.266021 0.266037 0.266042 0.266046 0.266029 0.265941 0.265865 0.265797 0.265781 0.265754 0.000000 0.000000
0.000000 0.000000 0.251554 0.251593 0.251646 0.251725 0.251832 0.251956 0.251945 0.251966 0.251988 0.251992 0.251986 0.251992 0.251868 0.251776 0.251723 0.251700 0.251676 0.000000 0.000000
0.000000 0.000000 0.235890 0.235945 0.235989 0.236074 0.236192 0.236323 0.236321 0.236335 0.236368 0.236357 0.236341 0.236348 0.236247 0.236128 0.236065 0.236040 0.236029 0.000000 0.000000
0.000000 0.000000 0.217954 0.218001 0.218043 0.218226 0.218282 0.218459 0.218422 0.218504 0.218505 0.218518 0.218546 0.218500 0.218384 0.218310 0.218221 0.218189 0.218113 0.000000 0.000000
0.000000 0.000000 0.196870 0.196966 0.197077 0.197169 0.197266 0.197491 0.197497 0.197500 0.197483 0.197561 0.197523 0.197538 0.197330 0.197212 0.197165 0.197136 0.196984 0.000000 0.000000
0.000000 0.000000 0.172983 0.173072 0.173100 0.173280 0.173399 0.174001 0.174012 0.174045 0.174270 0.174136 0.174126 0.174074 0.173622 0.173524 0.173301 0.173290 0.173260 0.000000 0.000000
0.000000 0.000000 0.143397 0.143436 0.143641 0.143768 0.144618 0.144296 0.144478 0.144470 0.144355 0.144481 0.144498 0.144596 0.144880 0.143954 0.143929 0.143712 0.143586 0.000000 0.000000
0.000000 0.000000 0.110695 0.110795 0.110949 0.112016 0.111531 0.112205 0.112343 0.112406 0.112667 0.112733 0.112619 0.112604 0.112010 0.112474 0.111105 0.111434 0.111494 0.000000 0.000000
0.000000 0.000000 0.083372 0.083424 0.084443 0.083913 0.084108 0.084056 0.083609 0.083723 0.083490 0.083527 0.083722 0.083484 0.083629 0.083448 0.084610 0.083054 0.083078 0.000000 0.000000
0.000000 0.000000 0.061627 0.062269 0.062180 0.062413 0.062764 0.062839 0.063002 0.062965 0.063162 0.063139 0.063034 0.063140 0.063003 0.062736 0.062250 0.062545 0.061883 0.000000 0.000000
0.000000 0.000000 0.051266 0.051337 0.050972 0.051131 0.051305 0.051617 0.051670 0.051724 0.051711 0.051723 0.051680 0.051703 0.051404 0.051271 0.050975 0.051418 0.051341 0.000000 0.000000
0.000000 0.000000 0.300000 0.300000 0.300000 0.300000 0.300000 0.300000 0.300000 0.300000 0.300000 0.300000 0.300000 0.300000 0.300000 0.300000 0.300000 0.300000 0.300000 0.000000 0.000000
0.000000 0.000000 0.000000 0.000000 0.000000 0.000000 0.000000 0.000000 0.000000 0.000000 0.000000 0.000000 0.000000 0.000000 0.000000 0.000000 0.000000 0.000000 0.000000 0.000000 0.000000