geotop/1.0zi/1.0Montebello/Templates/testdem/maps/_Eocsand3135.asc
ncols         21
nrows         20
xllcorner     100.000000
yllcorner     100.000000
cellsize      50.000000
NODATA_value  -9999.0
0.000000 0.000000 0.000000 0.000000 0.000000 0.000000 0.000000 0.000000 0.000000 0.000000 0.000000 0.000000 0.000000 0.000000 0.000000 0.000000 0.000000 0.000000 0.000000 0.000000 0.000000
0.000000 0.000000 0.300087 0.300087 0.300087 0.300087 0.300087 0.300087 0.300087 0.300087 0.300089 0.300087 0.300087 0.300087 0.300087 0.300087 0.300087 0.300087 0.300087 0.000000 0.000000
0.000000 0.000000 0.300011 0.300011 0.300011 0.300011 0.300011 0.300011 0.300011 0.300011 0.300009 0.300011 0.300011 0.300011 0.300011 0.300011 0.300011 0.300011 0.300011 0.000000 0.000000
0.000000 0.000000 0.297435 0.297435 0.297440 0.297438 0.297435 0.297435 0.297435 0.297435 0.297434 0.297435 0.297435 0.297435 0.297435 0.297438 0.297440 0.297435 0.297435 0.000000 0.000000
0.000000 0.000000 0.287885 0.287887 0.287891 0.287891 0.287885 0.287887 0.287886 0.287884 0.287883 0.287884 0.287886 0.287887 0.287885 0.287891 0.287891 0.287887 0.287885 0.000000 0.000000
0.000000 0.000000 0.276890 0.276891 0.276894 0.276894 0.276889 0.276891 0.276891 0.276889 0.276888 0.276889 0.276891 0.276891 0.276889 0.276894 0.276894 0.276891 0.276890 0.000000 0.000000
0.000000 0.000000 0.266796 0.266797 0.266800 0.266799 0.266795 0.266797 0.266797 0.266795 0.266794 0.266795 0.266797 0.266797 0.266795 0.266799 0.266800 0.266797 0.266796 0.000000 0.000000
0.000000 0.000000 0.257646 0.257646 0.257649 0.257649 0.257645 0.257647 0.257646 0.257645 0.257644 0.257645 0.257646 0.257647 0.257645 0.257649 0.257649 0.257646 0.257646 0.000000 0.000000
0.000000 0.000000 0.249190 0.249191 0.249194 0.249193 0.249190 0.249191 0.249191 0.249190 0.249189 0.249190 0.249191 0.249191 0.249190 0.249193 0.249194 0.249191 0.249190 0.000000 0.000000
0.000000 0.000000 0.241227 0.241228 0.241230 0.241230 0.241227 0.241228 0.241228 0.241227 0.241226 0.241227 0.241228 0.241228 0.241227 0.241230 0.241230 0.241228 0.241227 0.000000 0.000000
0.000000 0.000000 0.233657 0.233658 0.233660 0.233659 0.233657 0.233658 0.233658 0.233657 0.233656 0.233657 0.233658 0.233658 0.233657 0.233659 0.233660 0.233658 0.233657 0.000000 0.000000
0.000000 0.000000 0.226408 0.226409 0.226411 0.226410 0.226408 0.226409 0.226409 0.226408 0.226407 0.226408 0.226409 0.226409 0.226408 0.226410 0.226411 0.226409 0.226408 0.000000 0.000000
0.000000 0.000000 0.219428 0.219429 0.219431 0.219430 0.219428 0.219429 0.219429 0.219427 0.219427 0.219427 0.219429 0.219429 0.219428 0.219430 0.219431 0.219429 0.219428 0.000000 0.000000
0.000000 0.000000 0.212656 0.212657 0.212659 0.212658 0.212656 0.212657 0.212657 0.212656 0.212655 0.212656 0.212657 0.212657 0.212656 0.212658 0.212659 0.212657 0.212656 0.000000 0.000000
0.000000 0.000000 0.206079 0.206079 0.206081 0.206081 0.206078 0.206079 0.206079 0.206078 0.206077 0.206078 0.206079 0.206079 0.206078 0.206081 0.206081 0.206079 0.206079 0.000000 0.000000
0.000000 0.000000 0.199683 0.199684 0.199686 0.199685 0.199683 0.199684 0.199684 0.199683 0.199682 0.199683 0.199684 0.199684 0.199683 0.199685 0.199686 0.199684 0.199683 0.000000 0.000000
0.000000 0.000000 0.193449 0.193450 0.193452 0.193451 0.193449 0.193450 0.193450 0.193449 0.193448 0.193449 0.193450 0.193450 0.193449 0.193451 0.193452 0.193450 0.193449 0.000000 0.000000
0.000000 0.000000 0.187237 0.187236 0.187238 0.187238 0.187236 0.187236 0.187236 0.187235 0.187234 0.187235 0.187236 0.187236 0.187236 0.187238 0.187238 0.187236 0.187236 0.000000 0.000000
0.000000 0.000000 0.300000 0.300000 0.300000 0.300000 0.300000 0.300000 0.300000 0.300000 0.300000 0.300000 0.300000 0.300000 0.300000 0.300000 0.300000 0.300000 0.300000 0.000000 0.000000
0.000000 0.000000 0.000000 0.000000 0.000000 0.000000 0.000000 0.000000 0.000000 0.000000 0.000000 0.000000 0.000000 0.000000 0.000000 0.000000 0.000000 0.000000 0.000000 0.000000 0.000000