geotop/1.0zi/1.0Montebello/Templates/testdem/maps/_Eocsand2658.asc
ncols         21
nrows         20
xllcorner     100.000000
yllcorner     100.000000
cellsize      50.000000
NODATA_value  -9999.0
0.000000 0.000000 0.000000 0.000000 0.000000 0.000000 0.000000 0.000000 0.000000 0.000000 0.000000 0.000000 0.000000 0.000000 0.000000 0.000000 0.000000 0.000000 0.000000 0.000000 0.000000
0.000000 0.000000 0.300078 0.300078 0.300077 0.300078 0.300077 0.300078 0.300078 0.300077 0.300079 0.300077 0.300078 0.300078 0.300077 0.300078 0.300077 0.300078 0.300078 0.000000 0.000000
0.000000 0.000000 0.300012 0.300013 0.300013 0.300012 0.300012 0.300012 0.300012 0.300012 0.300011 0.300012 0.300012 0.300012 0.300012 0.300012 0.300013 0.300013 0.300012 0.000000 0.000000
0.000000 0.000000 0.298311 0.298312 0.298316 0.298314 0.298311 0.298311 0.298311 0.298311 0.298311 0.298311 0.298311 0.298311 0.298311 0.298314 0.298316 0.298312 0.298311 0.000000 0.000000
0.000000 0.000000 0.291104 0.291105 0.291109 0.291108 0.291102 0.291104 0.291104 0.291101 0.291101 0.291101 0.291104 0.291104 0.291102 0.291108 0.291109 0.291105 0.291104 0.000000 0.000000
0.000000 0.000000 0.282275 0.282276 0.282279 0.282279 0.282274 0.282275 0.282275 0.282273 0.282273 0.282273 0.282275 0.282275 0.282274 0.282279 0.282279 0.282276 0.282275 0.000000 0.000000
0.000000 0.000000 0.274024 0.274025 0.274028 0.274027 0.274023 0.274025 0.274025 0.274023 0.274022 0.274023 0.274025 0.274025 0.274023 0.274027 0.274028 0.274025 0.274024 0.000000 0.000000
0.000000 0.000000 0.266471 0.266472 0.266474 0.266473 0.266470 0.266471 0.266471 0.266470 0.266469 0.266470 0.266471 0.266471 0.266470 0.266473 0.266474 0.266472 0.266471 0.000000 0.000000
0.000000 0.000000 0.259435 0.259436 0.259439 0.259438 0.259435 0.259436 0.259436 0.259434 0.259434 0.259434 0.259436 0.259436 0.259435 0.259438 0.259439 0.259436 0.259435 0.000000 0.000000
0.000000 0.000000 0.252758 0.252759 0.252761 0.252761 0.252758 0.252759 0.252759 0.252757 0.252757 0.252757 0.252759 0.252759 0.252758 0.252761 0.252761 0.252759 0.252758 0.000000 0.000000
0.000000 0.000000 0.246359 0.246360 0.246362 0.246362 0.246359 0.246360 0.246360 0.246359 0.246358 0.246359 0.246360 0.246360 0.246359 0.246362 0.246362 0.246360 0.246359 0.000000 0.000000
0.000000 0.000000 0.240180 0.240180 0.240183 0.240182 0.240179 0.240180 0.240180 0.240179 0.240179 0.240179 0.240180 0.240180 0.240179 0.240182 0.240183 0.240180 0.240180 0.000000 0.000000
0.000000 0.000000 0.234175 0.234175 0.234178 0.234177 0.234174 0.234175 0.234175 0.234174 0.234174 0.234174 0.234175 0.234175 0.234174 0.234177 0.234178 0.234175 0.234175 0.000000 0.000000
0.000000 0.000000 0.228315 0.228316 0.228318 0.228317 0.228315 0.228316 0.228316 0.228314 0.228314 0.228314 0.228316 0.228316 0.228315 0.228317 0.228318 0.228316 0.228315 0.000000 0.000000
0.000000 0.000000 0.222583 0.222583 0.222585 0.222584 0.222582 0.222583 0.222583 0.222582 0.222581 0.222582 0.222583 0.222583 0.222582 0.222584 0.222585 0.222583 0.222583 0.000000 0.000000
0.000000 0.000000 0.216965 0.216966 0.216968 0.216967 0.216965 0.216966 0.216965 0.216964 0.216964 0.216964 0.216965 0.216966 0.216965 0.216967 0.216968 0.216966 0.216965 0.000000 0.000000
0.000000 0.000000 0.211457 0.211458 0.211460 0.211459 0.211457 0.211458 0.211458 0.211457 0.211456 0.211457 0.211458 0.211458 0.211457 0.211459 0.211460 0.211458 0.211457 0.000000 0.000000
0.000000 0.000000 0.205986 0.205986 0.205988 0.205987 0.205985 0.205986 0.205986 0.205985 0.205984 0.205985 0.205986 0.205986 0.205985 0.205987 0.205988 0.205986 0.205985 0.000000 0.000000
0.000000 0.000000 0.300000 0.300000 0.300000 0.300000 0.300000 0.300000 0.300000 0.300000 0.300000 0.300000 0.300000 0.300000 0.300000 0.300000 0.300000 0.300000 0.300000 0.000000 0.000000
0.000000 0.000000 0.000000 0.000000 0.000000 0.000000 0.000000 0.000000 0.000000 0.000000 0.000000 0.000000 0.000000 0.000000 0.000000 0.000000 0.000000 0.000000 0.000000 0.000000 0.000000