geotop/1.0zi/1.0Montebello/Templates/testdem/maps/_Eocsand1730.asc
ncols         21
nrows         20
xllcorner     100.000000
yllcorner     100.000000
cellsize      50.000000
NODATA_value  -9999.0
0.000000 0.000000 0.000000 0.000000 0.000000 0.000000 0.000000 0.000000 0.000000 0.000000 0.000000 0.000000 0.000000 0.000000 0.000000 0.000000 0.000000 0.000000 0.000000 0.000000 0.000000
0.000000 0.000000 0.300052 0.300052 0.300052 0.300052 0.300052 0.300052 0.300052 0.300052 0.300052 0.300052 0.300052 0.300052 0.300052 0.300052 0.300052 0.300052 0.300052 0.000000 0.000000
0.000000 0.000000 0.300008 0.300008 0.300009 0.300008 0.300008 0.300008 0.300008 0.300008 0.300008 0.300008 0.300008 0.300008 0.300008 0.300008 0.300009 0.300008 0.300008 0.000000 0.000000
0.000000 0.000000 0.298722 0.298722 0.298727 0.298724 0.298721 0.298721 0.298722 0.298721 0.298721 0.298721 0.298722 0.298721 0.298721 0.298724 0.298727 0.298722 0.298722 0.000000 0.000000
0.000000 0.000000 0.293801 0.293803 0.293807 0.293806 0.293799 0.293801 0.293801 0.293799 0.293800 0.293799 0.293801 0.293801 0.293799 0.293806 0.293807 0.293803 0.293801 0.000000 0.000000
0.000000 0.000000 0.287983 0.287984 0.287988 0.287987 0.287982 0.287983 0.287983 0.287982 0.287982 0.287982 0.287983 0.287983 0.287982 0.287987 0.287988 0.287984 0.287983 0.000000 0.000000
0.000000 0.000000 0.282552 0.282553 0.282556 0.282555 0.282551 0.282552 0.282552 0.282551 0.282551 0.282551 0.282552 0.282552 0.282551 0.282555 0.282556 0.282553 0.282552 0.000000 0.000000
0.000000 0.000000 0.277556 0.277556 0.277559 0.277558 0.277554 0.277555 0.277556 0.277555 0.277555 0.277555 0.277556 0.277555 0.277554 0.277558 0.277559 0.277556 0.277556 0.000000 0.000000
0.000000 0.000000 0.272874 0.272874 0.272877 0.272876 0.272873 0.272874 0.272874 0.272873 0.272873 0.272873 0.272874 0.272874 0.272873 0.272876 0.272877 0.272874 0.272874 0.000000 0.000000
0.000000 0.000000 0.268393 0.268393 0.268396 0.268395 0.268392 0.268392 0.268392 0.268392 0.268392 0.268392 0.268392 0.268392 0.268392 0.268395 0.268396 0.268393 0.268393 0.000000 0.000000
0.000000 0.000000 0.264065 0.264066 0.264068 0.264067 0.264065 0.264065 0.264065 0.264065 0.264065 0.264065 0.264065 0.264065 0.264065 0.264067 0.264068 0.264066 0.264065 0.000000 0.000000
0.000000 0.000000 0.259852 0.259853 0.259855 0.259854 0.259851 0.259852 0.259852 0.259851 0.259852 0.259851 0.259852 0.259852 0.259851 0.259854 0.259855 0.259853 0.259852 0.000000 0.000000
0.000000 0.000000 0.255724 0.255724 0.255726 0.255725 0.255723 0.255723 0.255723 0.255723 0.255723 0.255723 0.255723 0.255723 0.255723 0.255725 0.255726 0.255724 0.255724 0.000000 0.000000
0.000000 0.000000 0.251677 0.251677 0.251679 0.251678 0.251676 0.251676 0.251676 0.251676 0.251676 0.251676 0.251676 0.251676 0.251676 0.251678 0.251679 0.251677 0.251677 0.000000 0.000000
0.000000 0.000000 0.247691 0.247692 0.247694 0.247693 0.247690 0.247691 0.247691 0.247690 0.247690 0.247690 0.247691 0.247691 0.247690 0.247693 0.247694 0.247692 0.247691 0.000000 0.000000
0.000000 0.000000 0.243755 0.243755 0.243758 0.243757 0.243754 0.243755 0.243755 0.243754 0.243754 0.243754 0.243755 0.243755 0.243754 0.243757 0.243758 0.243755 0.243755 0.000000 0.000000
0.000000 0.000000 0.239866 0.239867 0.239869 0.239868 0.239866 0.239866 0.239866 0.239866 0.239866 0.239866 0.239866 0.239866 0.239866 0.239868 0.239869 0.239867 0.239866 0.000000 0.000000
0.000000 0.000000 0.235954 0.235954 0.235956 0.235955 0.235953 0.235953 0.235953 0.235953 0.235953 0.235953 0.235953 0.235953 0.235953 0.235955 0.235956 0.235954 0.235953 0.000000 0.000000
0.000000 0.000000 0.300000 0.300000 0.300000 0.300000 0.300000 0.300000 0.300000 0.300000 0.300000 0.300000 0.300000 0.300000 0.300000 0.300000 0.300000 0.300000 0.300000 0.000000 0.000000
0.000000 0.000000 0.000000 0.000000 0.000000 0.000000 0.000000 0.000000 0.000000 0.000000 0.000000 0.000000 0.000000 0.000000 0.000000 0.000000 0.000000 0.000000 0.000000 0.000000 0.000000