geotop/1.0zi/1.0Montebello/Templates/testdem/maps/_Eocsand6958.asc
ncols         21
nrows         20
xllcorner     100.000000
yllcorner     100.000000
cellsize      50.000000
NODATA_value  -9999.0
0.000000 0.000000 0.000000 0.000000 0.000000 0.000000 0.000000 0.000000 0.000000 0.000000 0.000000 0.000000 0.000000 0.000000 0.000000 0.000000 0.000000 0.000000 0.000000 0.000000 0.000000
0.000000 0.000000 0.300173 0.300171 0.300170 0.300171 0.300170 0.300170 0.300170 0.300170 0.300171 0.300170 0.300171 0.300171 0.300170 0.300170 0.300172 0.300172 0.300171 0.000000 0.000000
0.000000 0.000000 0.300010 0.300010 0.300010 0.300009 0.300010 0.300010 0.300010 0.300010 0.300010 0.300010 0.300009 0.300010 0.300010 0.300010 0.300011 0.300011 0.300012 0.000000 0.000000
0.000000 0.000000 0.299964 0.299962 0.299967 0.299972 0.299969 0.299970 0.299967 0.299970 0.299967 0.299970 0.299970 0.299970 0.299969 0.299964 0.299963 0.299960 0.299961 0.000000 0.000000
0.000000 0.000000 0.298571 0.298567 0.298574 0.298586 0.298604 0.298613 0.298615 0.298615 0.298617 0.298614 0.298618 0.298615 0.298596 0.298592 0.298587 0.298579 0.298566 0.000000 0.000000
0.000000 0.000000 0.294380 0.294379 0.294398 0.294436 0.294462 0.294502 0.294501 0.294513 0.294504 0.294502 0.294500 0.294502 0.294485 0.294458 0.294438 0.294420 0.294407 0.000000 0.000000
0.000000 0.000000 0.288269 0.288274 0.288291 0.288334 0.288386 0.288446 0.288445 0.288454 0.288450 0.288449 0.288453 0.288449 0.288400 0.288352 0.288326 0.288304 0.288287 0.000000 0.000000
0.000000 0.000000 0.280953 0.280955 0.280966 0.281014 0.281064 0.281129 0.281129 0.281136 0.281137 0.281140 0.281144 0.281133 0.281080 0.281034 0.280992 0.280982 0.280957 0.000000 0.000000
0.000000 0.000000 0.273282 0.273294 0.273318 0.273347 0.273399 0.273470 0.273465 0.273481 0.273485 0.273486 0.273485 0.273489 0.273422 0.273365 0.273333 0.273319 0.273298 0.000000 0.000000
0.000000 0.000000 0.265381 0.265395 0.265407 0.265434 0.265509 0.265571 0.265569 0.265578 0.265587 0.265580 0.265571 0.265578 0.265522 0.265458 0.265422 0.265412 0.265397 0.000000 0.000000
0.000000 0.000000 0.257043 0.257052 0.257065 0.257124 0.257173 0.257246 0.257230 0.257269 0.257264 0.257263 0.257276 0.257253 0.257207 0.257166 0.257121 0.257098 0.257063 0.000000 0.000000
0.000000 0.000000 0.248075 0.248098 0.248125 0.248166 0.248218 0.248305 0.248306 0.248322 0.248301 0.248327 0.248322 0.248316 0.248232 0.248188 0.248157 0.248142 0.248058 0.000000 0.000000
0.000000 0.000000 0.238648 0.238672 0.238684 0.238734 0.238780 0.238981 0.238983 0.238998 0.239045 0.239020 0.239008 0.238991 0.238840 0.238795 0.238722 0.238716 0.238662 0.000000 0.000000
0.000000 0.000000 0.228073 0.228083 0.228120 0.228157 0.228377 0.228402 0.228449 0.228451 0.228451 0.228454 0.228458 0.228467 0.228462 0.228230 0.228178 0.228120 0.228060 0.000000 0.000000
0.000000 0.000000 0.216061 0.216079 0.216129 0.216384 0.216419 0.216545 0.216621 0.216635 0.216676 0.216708 0.216680 0.216693 0.216579 0.216519 0.216177 0.216215 0.216188 0.000000 0.000000
0.000000 0.000000 0.203032 0.203051 0.203405 0.203395 0.203411 0.203484 0.203381 0.203427 0.203375 0.203411 0.203458 0.203377 0.203336 0.203313 0.203447 0.202980 0.202978 0.000000 0.000000
0.000000 0.000000 0.187335 0.187861 0.187908 0.188073 0.188334 0.188421 0.188506 0.188493 0.188623 0.188621 0.188556 0.188608 0.188482 0.188284 0.187940 0.188010 0.187469 0.000000 0.000000
0.000000 0.000000 0.177893 0.177627 0.177131 0.177205 0.177296 0.177769 0.177751 0.177869 0.177729 0.177764 0.177759 0.177724 0.177304 0.177237 0.177050 0.177521 0.177761 0.000000 0.000000
0.000000 0.000000 0.300000 0.300000 0.300000 0.300000 0.300000 0.300000 0.300000 0.300000 0.300000 0.300000 0.300000 0.300000 0.300000 0.300000 0.300000 0.300000 0.300000 0.000000 0.000000
0.000000 0.000000 0.000000 0.000000 0.000000 0.000000 0.000000 0.000000 0.000000 0.000000 0.000000 0.000000 0.000000 0.000000 0.000000 0.000000 0.000000 0.000000 0.000000 0.000000 0.000000