geotop/1.0zi/1.0Montebello/Templates/testdem/maps/_Eocclay060&.asc
ncols         21
nrows         20
xllcorner     100.000000
yllcorner     100.000000
cellsize      50.000000
NODATA_value  -9999.0
0.000000 0.000000 0.000000 0.000000 0.000000 0.000000 0.000000 0.000000 0.000000 0.000000 0.000000 0.000000 0.000000 0.000000 0.000000 0.000000 0.000000 0.000000 0.000000 0.000000 0.000000
0.000000 0.000000 0.349496 0.349499 0.349498 0.349497 0.349499 0.349500 0.349499 0.349499 0.349498 0.349499 0.349499 0.349499 0.349499 0.349499 0.349497 0.349498 0.349498 0.000000 0.000000
0.000000 0.000000 0.349979 0.349977 0.349977 0.349980 0.349977 0.349977 0.349977 0.349977 0.349977 0.349977 0.349977 0.349977 0.349978 0.349978 0.349979 0.349978 0.349977 0.000000 0.000000
0.000000 0.000000 0.350081 0.350090 0.350087 0.350082 0.350084 0.350084 0.350088 0.350085 0.350088 0.350086 0.350086 0.350085 0.350089 0.350091 0.350090 0.350089 0.350087 0.000000 0.000000
0.000000 0.000000 0.351893 0.351880 0.351873 0.351857 0.351836 0.351832 0.351830 0.351832 0.351830 0.351834 0.351835 0.351836 0.351845 0.351851 0.351864 0.351871 0.351880 0.000000 0.000000
0.000000 0.000000 0.356482 0.356475 0.356450 0.356406 0.356371 0.356337 0.356343 0.356338 0.356336 0.356336 0.356343 0.356340 0.356357 0.356392 0.356410 0.356425 0.356431 0.000000 0.000000
0.000000 0.000000 0.362578 0.362565 0.362547 0.362503 0.362458 0.362391 0.362392 0.362388 0.362382 0.362383 0.362384 0.362384 0.362436 0.362475 0.362499 0.362516 0.362523 0.000000 0.000000
0.000000 0.000000 0.369892 0.369875 0.369853 0.369792 0.369741 0.369679 0.369681 0.369676 0.369668 0.369665 0.369663 0.369673 0.369720 0.369763 0.369802 0.369813 0.369828 0.000000 0.000000
0.000000 0.000000 0.378073 0.378050 0.378016 0.377969 0.377909 0.377837 0.377845 0.377834 0.377822 0.377820 0.377823 0.377819 0.377886 0.377939 0.377970 0.377984 0.377997 0.000000 0.000000
0.000000 0.000000 0.387399 0.387365 0.387336 0.387283 0.387214 0.387136 0.387138 0.387132 0.387114 0.387121 0.387129 0.387125 0.387179 0.387249 0.387289 0.387305 0.387311 0.000000 0.000000
0.000000 0.000000 0.398405 0.398376 0.398347 0.398231 0.398199 0.398089 0.398114 0.398064 0.398067 0.398058 0.398038 0.398068 0.398133 0.398176 0.398233 0.398254 0.398302 0.000000 0.000000
0.000000 0.000000 0.411711 0.411647 0.411568 0.411515 0.411450 0.411308 0.411296 0.411303 0.411314 0.411272 0.411293 0.411275 0.411401 0.411478 0.411507 0.411528 0.411622 0.000000 0.000000
0.000000 0.000000 0.426913 0.426852 0.426833 0.426707 0.426628 0.426227 0.426217 0.426196 0.426039 0.426146 0.426145 0.426180 0.426470 0.426529 0.426684 0.426693 0.426694 0.000000 0.000000
0.000000 0.000000 0.445213 0.445186 0.445042 0.444971 0.444422 0.444698 0.444582 0.444587 0.444689 0.444589 0.444574 0.444502 0.444257 0.444861 0.444854 0.444999 0.445077 0.000000 0.000000
0.000000 0.000000 0.462044 0.461990 0.461922 0.461391 0.461680 0.461312 0.461258 0.461223 0.461081 0.461060 0.461116 0.461131 0.461448 0.461158 0.461847 0.461673 0.461634 0.000000 0.000000
0.000000 0.000000 0.473279 0.473252 0.472892 0.473022 0.472979 0.472959 0.473108 0.473068 0.473135 0.473121 0.473060 0.473140 0.473114 0.473150 0.472821 0.473335 0.473323 0.000000 0.000000
0.000000 0.000000 0.481878 0.481667 0.481631 0.481573 0.481458 0.481420 0.481395 0.481400 0.481349 0.481350 0.481373 0.481354 0.481396 0.481480 0.481585 0.481581 0.481785 0.000000 0.000000
0.000000 0.000000 0.486258 0.486340 0.486391 0.486400 0.486371 0.486255 0.486290 0.486254 0.486306 0.486294 0.486281 0.486306 0.486401 0.486419 0.486380 0.486366 0.486282 0.000000 0.000000
0.000000 0.000000 0.350000 0.350000 0.350000 0.350000 0.350000 0.350000 0.350000 0.350000 0.350000 0.350000 0.350000 0.350000 0.350000 0.350000 0.350000 0.350000 0.350000 0.000000 0.000000
0.000000 0.000000 0.000000 0.000000 0.000000 0.000000 0.000000 0.000000 0.000000 0.000000 0.000000 0.000000 0.000000 0.000000 0.000000 0.000000 0.000000 0.000000 0.000000 0.000000 0.000000