geotop/1.0zi/1.0Montebello/Templates/testdem/maps/_Eocsilt2285.asc
ncols         21
nrows         20
xllcorner     100.000000
yllcorner     100.000000
cellsize      50.000000
NODATA_value  -9999.0
0.000000 0.000000 0.000000 0.000000 0.000000 0.000000 0.000000 0.000000 0.000000 0.000000 0.000000 0.000000 0.000000 0.000000 0.000000 0.000000 0.000000 0.000000 0.000000 0.000000 0.000000
0.000000 0.000000 0.350055 0.350055 0.350055 0.350055 0.350055 0.350055 0.350055 0.350055 0.350055 0.350055 0.350055 0.350055 0.350055 0.350055 0.350055 0.350055 0.350055 0.000000 0.000000
0.000000 0.000000 0.349998 0.349998 0.349998 0.349999 0.349998 0.349998 0.349998 0.349998 0.349998 0.349998 0.349998 0.349998 0.349998 0.349999 0.349998 0.349998 0.349998 0.000000 0.000000
0.000000 0.000000 0.350759 0.350759 0.350757 0.350758 0.350760 0.350760 0.350759 0.350760 0.350760 0.350760 0.350759 0.350760 0.350760 0.350758 0.350757 0.350759 0.350759 0.000000 0.000000
0.000000 0.000000 0.353726 0.353725 0.353724 0.353724 0.353726 0.353725 0.353726 0.353727 0.353727 0.353727 0.353726 0.353725 0.353726 0.353724 0.353724 0.353725 0.353726 0.000000 0.000000
0.000000 0.000000 0.357593 0.357592 0.357591 0.357591 0.357593 0.357592 0.357592 0.357593 0.357594 0.357593 0.357592 0.357592 0.357593 0.357591 0.357591 0.357592 0.357593 0.000000 0.000000
0.000000 0.000000 0.361134 0.361134 0.361133 0.361133 0.361135 0.361134 0.361134 0.361135 0.361135 0.361135 0.361134 0.361134 0.361135 0.361133 0.361133 0.361134 0.361134 0.000000 0.000000
0.000000 0.000000 0.364369 0.364368 0.364367 0.364367 0.364369 0.364368 0.364368 0.364369 0.364369 0.364369 0.364368 0.364368 0.364369 0.364367 0.364367 0.364368 0.364369 0.000000 0.000000
0.000000 0.000000 0.367385 0.367385 0.367384 0.367384 0.367385 0.367385 0.367385 0.367386 0.367386 0.367386 0.367385 0.367385 0.367385 0.367384 0.367384 0.367385 0.367385 0.000000 0.000000
0.000000 0.000000 0.370257 0.370256 0.370255 0.370256 0.370257 0.370257 0.370257 0.370257 0.370257 0.370257 0.370257 0.370257 0.370257 0.370256 0.370255 0.370256 0.370257 0.000000 0.000000
0.000000 0.000000 0.373017 0.373016 0.373015 0.373016 0.373017 0.373016 0.373016 0.373017 0.373017 0.373017 0.373016 0.373016 0.373017 0.373016 0.373015 0.373016 0.373017 0.000000 0.000000
0.000000 0.000000 0.375688 0.375687 0.375686 0.375687 0.375688 0.375687 0.375687 0.375688 0.375688 0.375688 0.375687 0.375687 0.375688 0.375687 0.375686 0.375687 0.375688 0.000000 0.000000
0.000000 0.000000 0.378291 0.378290 0.378289 0.378290 0.378291 0.378290 0.378290 0.378291 0.378291 0.378291 0.378290 0.378290 0.378291 0.378290 0.378289 0.378290 0.378291 0.000000 0.000000
0.000000 0.000000 0.380835 0.380835 0.380834 0.380834 0.380836 0.380835 0.380835 0.380836 0.380836 0.380836 0.380835 0.380835 0.380836 0.380834 0.380834 0.380835 0.380835 0.000000 0.000000
0.000000 0.000000 0.383332 0.383332 0.383331 0.383331 0.383332 0.383332 0.383332 0.383333 0.383333 0.383333 0.383332 0.383332 0.383332 0.383331 0.383331 0.383332 0.383332 0.000000 0.000000
0.000000 0.000000 0.385784 0.385784 0.385783 0.385783 0.385784 0.385784 0.385784 0.385785 0.385785 0.385785 0.385784 0.385784 0.385784 0.385783 0.385783 0.385784 0.385784 0.000000 0.000000
0.000000 0.000000 0.388194 0.388194 0.388193 0.388193 0.388194 0.388194 0.388194 0.388194 0.388195 0.388194 0.388194 0.388194 0.388194 0.388193 0.388193 0.388194 0.388194 0.000000 0.000000
0.000000 0.000000 0.390599 0.390599 0.390598 0.390599 0.390600 0.390599 0.390599 0.390600 0.390600 0.390600 0.390599 0.390599 0.390600 0.390599 0.390598 0.390599 0.390599 0.000000 0.000000
0.000000 0.000000 0.350000 0.350000 0.350000 0.350000 0.350000 0.350000 0.350000 0.350000 0.350000 0.350000 0.350000 0.350000 0.350000 0.350000 0.350000 0.350000 0.350000 0.000000 0.000000
0.000000 0.000000 0.000000 0.000000 0.000000 0.000000 0.000000 0.000000 0.000000 0.000000 0.000000 0.000000 0.000000 0.000000 0.000000 0.000000 0.000000 0.000000 0.000000 0.000000 0.000000