geotop/1.0zi/1.0Montebello/Templates/testdem/maps/_Eocsand8148.asc
ncols         21
nrows         20
xllcorner     100.000000
yllcorner     100.000000
cellsize      50.000000
NODATA_value  -9999.0
0.000000 0.000000 0.000000 0.000000 0.000000 0.000000 0.000000 0.000000 0.000000 0.000000 0.000000 0.000000 0.000000 0.000000 0.000000 0.000000 0.000000 0.000000 0.000000 0.000000 0.000000
0.000000 0.000000 0.300207 0.300205 0.300205 0.300206 0.300205 0.300204 0.300204 0.300204 0.300205 0.300204 0.300205 0.300205 0.300204 0.300205 0.300206 0.300206 0.300206 0.000000 0.000000
0.000000 0.000000 0.300011 0.300012 0.300012 0.300010 0.300011 0.300012 0.300011 0.300011 0.300012 0.300012 0.300011 0.300011 0.300011 0.300011 0.300012 0.300013 0.300013 0.000000 0.000000
0.000000 0.000000 0.299894 0.299893 0.299897 0.299905 0.299901 0.299909 0.299904 0.299906 0.299906 0.299906 0.299906 0.299908 0.299903 0.299898 0.299896 0.299893 0.299894 0.000000 0.000000
0.000000 0.000000 0.297954 0.297951 0.297960 0.297975 0.297998 0.298007 0.298014 0.298013 0.298016 0.298016 0.298019 0.298013 0.297989 0.297983 0.297971 0.297957 0.297947 0.000000 0.000000
0.000000 0.000000 0.292319 0.292320 0.292344 0.292389 0.292424 0.292471 0.292471 0.292484 0.292476 0.292477 0.292473 0.292473 0.292449 0.292416 0.292387 0.292365 0.292353 0.000000 0.000000
0.000000 0.000000 0.284460 0.284468 0.284488 0.284539 0.284604 0.284678 0.284679 0.284689 0.284686 0.284688 0.284690 0.284684 0.284620 0.284562 0.284527 0.284499 0.284483 0.000000 0.000000
0.000000 0.000000 0.275155 0.275159 0.275175 0.275233 0.275295 0.275377 0.275378 0.275387 0.275389 0.275395 0.275399 0.275384 0.275314 0.275259 0.275205 0.275189 0.275164 0.000000 0.000000
0.000000 0.000000 0.265210 0.265226 0.265256 0.265294 0.265361 0.265449 0.265445 0.265464 0.265469 0.265474 0.265471 0.265473 0.265387 0.265318 0.265275 0.265254 0.265233 0.000000 0.000000
0.000000 0.000000 0.254695 0.254714 0.254730 0.254768 0.254865 0.254944 0.254944 0.254954 0.254967 0.254961 0.254949 0.254953 0.254881 0.254800 0.254750 0.254734 0.254717 0.000000 0.000000
0.000000 0.000000 0.243269 0.243281 0.243301 0.243383 0.243450 0.243544 0.243525 0.243575 0.243569 0.243571 0.243590 0.243556 0.243489 0.243439 0.243375 0.243341 0.243298 0.000000 0.000000
0.000000 0.000000 0.230582 0.230615 0.230656 0.230708 0.230785 0.230903 0.230911 0.230925 0.230898 0.230939 0.230927 0.230920 0.230798 0.230736 0.230692 0.230668 0.230561 0.000000 0.000000
0.000000 0.000000 0.216860 0.216892 0.216909 0.216985 0.217053 0.217361 0.217365 0.217384 0.217464 0.217422 0.217405 0.217376 0.217142 0.217079 0.216962 0.216948 0.216896 0.000000 0.000000
0.000000 0.000000 0.200776 0.200785 0.200852 0.200905 0.201291 0.201263 0.201343 0.201342 0.201318 0.201342 0.201353 0.201370 0.201404 0.201004 0.200939 0.200833 0.200757 0.000000 0.000000
0.000000 0.000000 0.181817 0.181852 0.181932 0.182420 0.182382 0.182626 0.182736 0.182764 0.182846 0.182904 0.182850 0.182861 0.182624 0.182634 0.181988 0.182084 0.182070 0.000000 0.000000
0.000000 0.000000 0.161020 0.161050 0.161759 0.161572 0.161625 0.161694 0.161432 0.161516 0.161378 0.161430 0.161545 0.161368 0.161352 0.161312 0.161819 0.160802 0.160815 0.000000 0.000000
0.000000 0.000000 0.135238 0.136347 0.136127 0.136538 0.137095 0.137257 0.137557 0.137487 0.137816 0.137788 0.137601 0.137783 0.137504 0.137094 0.136165 0.136753 0.135598 0.000000 0.000000
0.000000 0.000000 0.125677 0.124650 0.123706 0.123702 0.123659 0.124565 0.124416 0.124682 0.124254 0.124341 0.124405 0.124260 0.123504 0.123537 0.123530 0.124272 0.125273 0.000000 0.000000
0.000000 0.000000 0.300000 0.300000 0.300000 0.300000 0.300000 0.300000 0.300000 0.300000 0.300000 0.300000 0.300000 0.300000 0.300000 0.300000 0.300000 0.300000 0.300000 0.000000 0.000000
0.000000 0.000000 0.000000 0.000000 0.000000 0.000000 0.000000 0.000000 0.000000 0.000000 0.000000 0.000000 0.000000 0.000000 0.000000 0.000000 0.000000 0.000000 0.000000 0.000000 0.000000