geotop/1.0zi/1.0Montebello/Templates/testdem/maps/_Eocclay4361.asc
ncols         21
nrows         20
xllcorner     100.000000
yllcorner     100.000000
cellsize      50.000000
NODATA_value  -9999.0
0.000000 0.000000 0.000000 0.000000 0.000000 0.000000 0.000000 0.000000 0.000000 0.000000 0.000000 0.000000 0.000000 0.000000 0.000000 0.000000 0.000000 0.000000 0.000000 0.000000 0.000000
0.000000 0.000000 0.349804 0.349805 0.349805 0.349805 0.349805 0.349805 0.349805 0.349805 0.349805 0.349805 0.349805 0.349805 0.349805 0.349805 0.349805 0.349805 0.349805 0.000000 0.000000
0.000000 0.000000 0.349993 0.349994 0.349993 0.349993 0.349993 0.349993 0.349993 0.349993 0.349993 0.349993 0.349993 0.349993 0.349993 0.349993 0.349993 0.349993 0.349993 0.000000 0.000000
0.000000 0.000000 0.349994 0.349995 0.349993 0.349994 0.349995 0.349995 0.349995 0.349995 0.349995 0.349994 0.349994 0.349993 0.349996 0.349997 0.349996 0.349996 0.349995 0.000000 0.000000
0.000000 0.000000 0.350335 0.350335 0.350333 0.350333 0.350326 0.350325 0.350326 0.350325 0.350324 0.350326 0.350323 0.350323 0.350326 0.350326 0.350327 0.350326 0.350329 0.000000 0.000000
0.000000 0.000000 0.351536 0.351535 0.351529 0.351520 0.351518 0.351509 0.351508 0.351504 0.351508 0.351508 0.351510 0.351507 0.351504 0.351510 0.351515 0.351520 0.351525 0.000000 0.000000
0.000000 0.000000 0.353331 0.353326 0.353320 0.353309 0.353297 0.353279 0.353279 0.353275 0.353278 0.353278 0.353277 0.353276 0.353289 0.353304 0.353312 0.353316 0.353321 0.000000 0.000000
0.000000 0.000000 0.355384 0.355382 0.355378 0.355363 0.355352 0.355334 0.355336 0.355333 0.355334 0.355333 0.355329 0.355327 0.355343 0.355358 0.355365 0.355369 0.355375 0.000000 0.000000
0.000000 0.000000 0.357439 0.357435 0.357427 0.357417 0.357405 0.357387 0.357389 0.357385 0.357385 0.357386 0.357382 0.357381 0.357395 0.357412 0.357419 0.357422 0.357429 0.000000 0.000000
0.000000 0.000000 0.359491 0.359486 0.359480 0.359469 0.359454 0.359436 0.359440 0.359437 0.359437 0.359437 0.359433 0.359430 0.359447 0.359464 0.359471 0.359475 0.359481 0.000000 0.000000
0.000000 0.000000 0.361584 0.361578 0.361572 0.361563 0.361552 0.361531 0.361534 0.361529 0.361529 0.361530 0.361526 0.361523 0.361537 0.361550 0.361559 0.361563 0.361571 0.000000 0.000000
0.000000 0.000000 0.363747 0.363742 0.363734 0.363720 0.363709 0.363688 0.363689 0.363686 0.363686 0.363685 0.363682 0.363678 0.363697 0.363713 0.363721 0.363725 0.363748 0.000000 0.000000
0.000000 0.000000 0.365937 0.365931 0.365922 0.365912 0.365897 0.365854 0.365855 0.365851 0.365851 0.365852 0.365847 0.365845 0.365882 0.365900 0.365909 0.365912 0.365927 0.000000 0.000000
0.000000 0.000000 0.368251 0.368242 0.368234 0.368223 0.368180 0.368169 0.368163 0.368159 0.368160 0.368160 0.368155 0.368152 0.368164 0.368209 0.368218 0.368227 0.368236 0.000000 0.000000
0.000000 0.000000 0.370743 0.370735 0.370719 0.370678 0.370658 0.370632 0.370618 0.370614 0.370607 0.370606 0.370606 0.370599 0.370618 0.370650 0.370699 0.370697 0.370705 0.000000 0.000000
0.000000 0.000000 0.373311 0.373303 0.373251 0.373241 0.373229 0.373216 0.373215 0.373214 0.373216 0.373215 0.373206 0.373212 0.373217 0.373230 0.373232 0.373283 0.373297 0.000000 0.000000
0.000000 0.000000 0.376160 0.376095 0.376050 0.376030 0.375999 0.375983 0.375980 0.375977 0.375970 0.375970 0.375968 0.375960 0.375971 0.376009 0.376033 0.376060 0.376123 0.000000 0.000000
0.000000 0.000000 0.378392 0.378374 0.378408 0.378383 0.378356 0.378294 0.378290 0.378283 0.378285 0.378284 0.378278 0.378279 0.378334 0.378367 0.378403 0.378350 0.378378 0.000000 0.000000
0.000000 0.000000 0.350000 0.350000 0.350000 0.350000 0.350000 0.350000 0.350000 0.350000 0.350000 0.350000 0.350000 0.350000 0.350000 0.350000 0.350000 0.350000 0.350000 0.000000 0.000000
0.000000 0.000000 0.000000 0.000000 0.000000 0.000000 0.000000 0.000000 0.000000 0.000000 0.000000 0.000000 0.000000 0.000000 0.000000 0.000000 0.000000 0.000000 0.000000 0.000000 0.000000