geotop/1.0zi/1.0Montebello/Templates/testdem/maps/_Eocsilt8031.asc
ncols         21
nrows         20
xllcorner     100.000000
yllcorner     100.000000
cellsize      50.000000
NODATA_value  -9999.0
0.000000 0.000000 0.000000 0.000000 0.000000 0.000000 0.000000 0.000000 0.000000 0.000000 0.000000 0.000000 0.000000 0.000000 0.000000 0.000000 0.000000 0.000000 0.000000 0.000000 0.000000
0.000000 0.000000 0.350168 0.350169 0.350169 0.350169 0.350169 0.350169 0.350169 0.350169 0.350169 0.350168 0.350168 0.350168 0.350168 0.350169 0.350169 0.350169 0.350169 0.000000 0.000000
0.000000 0.000000 0.350005 0.350005 0.350005 0.350005 0.350006 0.350005 0.350006 0.350006 0.350006 0.350006 0.350006 0.350006 0.350006 0.350005 0.350004 0.350004 0.350005 0.000000 0.000000
0.000000 0.000000 0.350103 0.350099 0.350097 0.350091 0.350092 0.350087 0.350090 0.350090 0.350087 0.350089 0.350089 0.350089 0.350092 0.350095 0.350099 0.350099 0.350100 0.000000 0.000000
0.000000 0.000000 0.351016 0.351022 0.351017 0.351006 0.350999 0.350992 0.350988 0.350987 0.350986 0.350986 0.350987 0.350989 0.351003 0.351008 0.351011 0.351021 0.351023 0.000000 0.000000
0.000000 0.000000 0.353691 0.353691 0.353681 0.353664 0.353645 0.353623 0.353622 0.353616 0.353620 0.353620 0.353622 0.353621 0.353633 0.353646 0.353658 0.353667 0.353672 0.000000 0.000000
0.000000 0.000000 0.357518 0.357514 0.357502 0.357476 0.357443 0.357409 0.357409 0.357405 0.357406 0.357404 0.357401 0.357406 0.357436 0.357463 0.357481 0.357496 0.357503 0.000000 0.000000
0.000000 0.000000 0.362042 0.362040 0.362033 0.362005 0.361974 0.361936 0.361935 0.361931 0.361930 0.361926 0.361925 0.361931 0.361965 0.361993 0.362019 0.362026 0.362038 0.000000 0.000000
0.000000 0.000000 0.366903 0.366894 0.366879 0.366860 0.366827 0.366783 0.366785 0.366775 0.366773 0.366771 0.366773 0.366771 0.366814 0.366848 0.366870 0.366880 0.366891 0.000000 0.000000
0.000000 0.000000 0.372010 0.372001 0.371992 0.371974 0.371927 0.371888 0.371888 0.371883 0.371877 0.371880 0.371885 0.371883 0.371919 0.371958 0.371982 0.371990 0.371997 0.000000 0.000000
0.000000 0.000000 0.377519 0.377513 0.377503 0.377463 0.377430 0.377385 0.377394 0.377370 0.377373 0.377372 0.377363 0.377379 0.377411 0.377436 0.377467 0.377483 0.377503 0.000000 0.000000
0.000000 0.000000 0.383617 0.383600 0.383581 0.383555 0.383518 0.383460 0.383457 0.383450 0.383463 0.383443 0.383449 0.383453 0.383512 0.383542 0.383563 0.383575 0.383625 0.000000 0.000000
0.000000 0.000000 0.390183 0.390167 0.390159 0.390122 0.390089 0.389943 0.389941 0.389932 0.389893 0.389913 0.389921 0.389935 0.390047 0.390077 0.390133 0.390139 0.390164 0.000000 0.000000
0.000000 0.000000 0.397837 0.397832 0.397800 0.397775 0.397593 0.397603 0.397566 0.397566 0.397576 0.397565 0.397560 0.397552 0.397538 0.397726 0.397758 0.397807 0.397843 0.000000 0.000000
0.000000 0.000000 0.406815 0.406798 0.406760 0.406532 0.406544 0.406431 0.406379 0.406366 0.406328 0.406300 0.406325 0.406320 0.406430 0.406431 0.406732 0.406688 0.406694 0.000000 0.000000
0.000000 0.000000 0.416635 0.416620 0.416293 0.416371 0.416347 0.416311 0.416429 0.416390 0.416452 0.416428 0.416375 0.416456 0.416468 0.416487 0.416263 0.416729 0.416722 0.000000 0.000000
0.000000 0.000000 0.428749 0.428239 0.428328 0.428141 0.427884 0.427808 0.427675 0.427705 0.427556 0.427568 0.427652 0.427571 0.427700 0.427889 0.428308 0.428055 0.428583 0.000000 0.000000
0.000000 0.000000 0.433521 0.433973 0.434410 0.434404 0.434412 0.433994 0.434057 0.433936 0.434127 0.434087 0.434061 0.434125 0.434477 0.434470 0.434489 0.434139 0.433697 0.000000 0.000000
0.000000 0.000000 0.350000 0.350000 0.350000 0.350000 0.350000 0.350000 0.350000 0.350000 0.350000 0.350000 0.350000 0.350000 0.350000 0.350000 0.350000 0.350000 0.350000 0.000000 0.000000
0.000000 0.000000 0.000000 0.000000 0.000000 0.000000 0.000000 0.000000 0.000000 0.000000 0.000000 0.000000 0.000000 0.000000 0.000000 0.000000 0.000000 0.000000 0.000000 0.000000 0.000000