geotop/1.0zi/1.0Montebello/Templates/testdem/maps/_Eocclay1912.asc
ncols         21
nrows         20
xllcorner     100.000000
yllcorner     100.000000
cellsize      50.000000
NODATA_value  -9999.0
0.000000 0.000000 0.000000 0.000000 0.000000 0.000000 0.000000 0.000000 0.000000 0.000000 0.000000 0.000000 0.000000 0.000000 0.000000 0.000000 0.000000 0.000000 0.000000 0.000000 0.000000
0.000000 0.000000 0.349900 0.349900 0.349900 0.349900 0.349900 0.349900 0.349900 0.349900 0.349900 0.349900 0.349900 0.349900 0.349900 0.349900 0.349900 0.349900 0.349900 0.000000 0.000000
0.000000 0.000000 0.349994 0.349994 0.349993 0.349994 0.349994 0.349994 0.349994 0.349994 0.349994 0.349994 0.349994 0.349994 0.349994 0.349994 0.349993 0.349994 0.349994 0.000000 0.000000
0.000000 0.000000 0.350658 0.350658 0.350656 0.350657 0.350658 0.350658 0.350658 0.350658 0.350658 0.350658 0.350658 0.350658 0.350658 0.350657 0.350656 0.350658 0.350658 0.000000 0.000000
0.000000 0.000000 0.353426 0.353425 0.353424 0.353424 0.353427 0.353426 0.353426 0.353428 0.353428 0.353428 0.353426 0.353426 0.353427 0.353424 0.353424 0.353425 0.353426 0.000000 0.000000
0.000000 0.000000 0.356606 0.356605 0.356604 0.356604 0.356607 0.356606 0.356606 0.356607 0.356607 0.356607 0.356606 0.356606 0.356607 0.356604 0.356604 0.356605 0.356606 0.000000 0.000000
0.000000 0.000000 0.359620 0.359620 0.359618 0.359619 0.359621 0.359620 0.359620 0.359621 0.359621 0.359621 0.359620 0.359620 0.359621 0.359619 0.359618 0.359620 0.359620 0.000000 0.000000
0.000000 0.000000 0.362396 0.362396 0.362394 0.362395 0.362396 0.362396 0.362396 0.362397 0.362397 0.362397 0.362396 0.362396 0.362396 0.362395 0.362394 0.362396 0.362396 0.000000 0.000000
0.000000 0.000000 0.364994 0.364993 0.364992 0.364992 0.364994 0.364993 0.364994 0.364994 0.364994 0.364994 0.364994 0.364993 0.364994 0.364992 0.364992 0.364993 0.364994 0.000000 0.000000
0.000000 0.000000 0.367476 0.367476 0.367475 0.367475 0.367477 0.367476 0.367476 0.367477 0.367477 0.367477 0.367476 0.367476 0.367477 0.367475 0.367475 0.367476 0.367476 0.000000 0.000000
0.000000 0.000000 0.369871 0.369870 0.369869 0.369869 0.369871 0.369870 0.369870 0.369871 0.369871 0.369871 0.369870 0.369870 0.369871 0.369869 0.369869 0.369870 0.369871 0.000000 0.000000
0.000000 0.000000 0.372199 0.372199 0.372197 0.372198 0.372199 0.372199 0.372199 0.372199 0.372199 0.372199 0.372199 0.372199 0.372199 0.372198 0.372197 0.372199 0.372199 0.000000 0.000000
0.000000 0.000000 0.374477 0.374477 0.374475 0.374476 0.374477 0.374477 0.374477 0.374477 0.374478 0.374477 0.374477 0.374477 0.374477 0.374476 0.374475 0.374477 0.374477 0.000000 0.000000
0.000000 0.000000 0.376709 0.376709 0.376708 0.376708 0.376709 0.376709 0.376709 0.376710 0.376710 0.376710 0.376709 0.376709 0.376709 0.376708 0.376708 0.376709 0.376709 0.000000 0.000000
0.000000 0.000000 0.378906 0.378906 0.378904 0.378905 0.378906 0.378906 0.378906 0.378906 0.378907 0.378906 0.378906 0.378906 0.378906 0.378905 0.378904 0.378906 0.378906 0.000000 0.000000
0.000000 0.000000 0.381074 0.381074 0.381072 0.381073 0.381074 0.381074 0.381074 0.381074 0.381074 0.381074 0.381074 0.381074 0.381074 0.381073 0.381072 0.381074 0.381074 0.000000 0.000000
0.000000 0.000000 0.383212 0.383212 0.383210 0.383211 0.383212 0.383212 0.383212 0.383212 0.383213 0.383212 0.383212 0.383212 0.383212 0.383211 0.383210 0.383212 0.383212 0.000000 0.000000
0.000000 0.000000 0.385359 0.385360 0.385358 0.385359 0.385360 0.385360 0.385360 0.385360 0.385360 0.385360 0.385360 0.385360 0.385360 0.385359 0.385358 0.385360 0.385360 0.000000 0.000000
0.000000 0.000000 0.350000 0.350000 0.350000 0.350000 0.350000 0.350000 0.350000 0.350000 0.350000 0.350000 0.350000 0.350000 0.350000 0.350000 0.350000 0.350000 0.350000 0.000000 0.000000
0.000000 0.000000 0.000000 0.000000 0.000000 0.000000 0.000000 0.000000 0.000000 0.000000 0.000000 0.000000 0.000000 0.000000 0.000000 0.000000 0.000000 0.000000 0.000000 0.000000 0.000000