geotop/1.0zi/1.0Montebello/Templates/testdem/maps/_Eocsilt6311.asc
ncols         21
nrows         20
xllcorner     100.000000
yllcorner     100.000000
cellsize      50.000000
NODATA_value  -9999.0
0.000000 0.000000 0.000000 0.000000 0.000000 0.000000 0.000000 0.000000 0.000000 0.000000 0.000000 0.000000 0.000000 0.000000 0.000000 0.000000 0.000000 0.000000 0.000000 0.000000 0.000000
0.000000 0.000000 0.350126 0.350127 0.350127 0.350127 0.350127 0.350127 0.350127 0.350127 0.350127 0.350127 0.350127 0.350127 0.350127 0.350127 0.350128 0.350127 0.350127 0.000000 0.000000
0.000000 0.000000 0.350002 0.350002 0.350002 0.350002 0.350003 0.350002 0.350003 0.350003 0.350003 0.350003 0.350003 0.350003 0.350003 0.350002 0.350001 0.350001 0.350002 0.000000 0.000000
0.000000 0.000000 0.350053 0.350050 0.350050 0.350044 0.350045 0.350043 0.350045 0.350046 0.350044 0.350043 0.350044 0.350044 0.350046 0.350049 0.350051 0.350052 0.350052 0.000000 0.000000
0.000000 0.000000 0.350619 0.350625 0.350621 0.350616 0.350612 0.350607 0.350606 0.350603 0.350602 0.350603 0.350605 0.350606 0.350612 0.350615 0.350615 0.350624 0.350628 0.000000 0.000000
0.000000 0.000000 0.352328 0.352331 0.352324 0.352309 0.352297 0.352279 0.352278 0.352273 0.352277 0.352279 0.352280 0.352277 0.352284 0.352292 0.352302 0.352306 0.352312 0.000000 0.000000
0.000000 0.000000 0.354898 0.354896 0.354888 0.354868 0.354844 0.354819 0.354820 0.354817 0.354819 0.354819 0.354816 0.354820 0.354840 0.354860 0.354871 0.354882 0.354890 0.000000 0.000000
0.000000 0.000000 0.358035 0.358035 0.358033 0.358013 0.357989 0.357961 0.357962 0.357959 0.357958 0.357957 0.357956 0.357959 0.357983 0.358004 0.358023 0.358026 0.358037 0.000000 0.000000
0.000000 0.000000 0.361339 0.361334 0.361323 0.361310 0.361287 0.361255 0.361257 0.361250 0.361248 0.361249 0.361249 0.361248 0.361278 0.361301 0.361318 0.361324 0.361334 0.000000 0.000000
0.000000 0.000000 0.364689 0.364685 0.364679 0.364669 0.364637 0.364609 0.364610 0.364607 0.364602 0.364606 0.364610 0.364606 0.364631 0.364658 0.364675 0.364678 0.364685 0.000000 0.000000
0.000000 0.000000 0.368158 0.368156 0.368152 0.368127 0.368106 0.368075 0.368082 0.368066 0.368066 0.368068 0.368063 0.368073 0.368092 0.368110 0.368128 0.368138 0.368153 0.000000 0.000000
0.000000 0.000000 0.371840 0.371834 0.371823 0.371805 0.371785 0.371746 0.371747 0.371740 0.371748 0.371738 0.371740 0.371744 0.371780 0.371797 0.371810 0.371816 0.371852 0.000000 0.000000
0.000000 0.000000 0.375657 0.375648 0.375643 0.375623 0.375605 0.375525 0.375524 0.375518 0.375500 0.375509 0.375515 0.375521 0.375581 0.375598 0.375628 0.375631 0.375656 0.000000 0.000000
0.000000 0.000000 0.379850 0.379845 0.379832 0.379818 0.379737 0.379720 0.379702 0.379701 0.379696 0.379699 0.379697 0.379694 0.379704 0.379787 0.379811 0.379832 0.379858 0.000000 0.000000
0.000000 0.000000 0.384525 0.384521 0.384502 0.384412 0.384390 0.384342 0.384312 0.384307 0.384291 0.384279 0.384291 0.384286 0.384325 0.384358 0.384482 0.384471 0.384486 0.000000 0.000000
0.000000 0.000000 0.389529 0.389524 0.389404 0.389391 0.389385 0.389357 0.389384 0.389369 0.389383 0.389370 0.389355 0.389382 0.389400 0.389409 0.389388 0.389541 0.389544 0.000000 0.000000
0.000000 0.000000 0.395376 0.395209 0.395168 0.395119 0.395037 0.395002 0.394983 0.394984 0.394944 0.394942 0.394960 0.394950 0.394994 0.395056 0.395156 0.395168 0.395342 0.000000 0.000000
0.000000 0.000000 0.399373 0.399412 0.399567 0.399532 0.399485 0.399331 0.399330 0.399294 0.399325 0.399315 0.399323 0.399330 0.399471 0.399506 0.399593 0.399437 0.399408 0.000000 0.000000
0.000000 0.000000 0.350000 0.350000 0.350000 0.350000 0.350000 0.350000 0.350000 0.350000 0.350000 0.350000 0.350000 0.350000 0.350000 0.350000 0.350000 0.350000 0.350000 0.000000 0.000000
0.000000 0.000000 0.000000 0.000000 0.000000 0.000000 0.000000 0.000000 0.000000 0.000000 0.000000 0.000000 0.000000 0.000000 0.000000 0.000000 0.000000 0.000000 0.000000 0.000000 0.000000