geotop/1.0zi/1.0Montebello/Templates/testdem/maps/_Eocsand5883.asc
ncols         21
nrows         20
xllcorner     100.000000
yllcorner     100.000000
cellsize      50.000000
NODATA_value  -9999.0
0.000000 0.000000 0.000000 0.000000 0.000000 0.000000 0.000000 0.000000 0.000000 0.000000 0.000000 0.000000 0.000000 0.000000 0.000000 0.000000 0.000000 0.000000 0.000000 0.000000 0.000000
0.000000 0.000000 0.300146 0.300145 0.300145 0.300145 0.300145 0.300144 0.300145 0.300145 0.300145 0.300145 0.300145 0.300145 0.300145 0.300145 0.300145 0.300145 0.300146 0.000000 0.000000
0.000000 0.000000 0.300009 0.300008 0.300008 0.300008 0.300008 0.300008 0.300008 0.300008 0.300008 0.300008 0.300007 0.300007 0.300008 0.300008 0.300009 0.300010 0.300009 0.000000 0.000000
0.000000 0.000000 0.299968 0.299967 0.299970 0.299974 0.299971 0.299973 0.299971 0.299973 0.299971 0.299974 0.299973 0.299974 0.299970 0.299965 0.299966 0.299963 0.299965 0.000000 0.000000
0.000000 0.000000 0.298982 0.298980 0.298982 0.298990 0.299004 0.299013 0.299013 0.299013 0.299016 0.299015 0.299018 0.299016 0.299006 0.299004 0.299000 0.298989 0.298981 0.000000 0.000000
0.000000 0.000000 0.295803 0.295799 0.295811 0.295845 0.295862 0.295897 0.295898 0.295907 0.295899 0.295897 0.295893 0.295897 0.295885 0.295865 0.295849 0.295833 0.295824 0.000000 0.000000
0.000000 0.000000 0.291044 0.291049 0.291059 0.291095 0.291137 0.291187 0.291186 0.291193 0.291189 0.291187 0.291189 0.291188 0.291150 0.291109 0.291092 0.291073 0.291059 0.000000 0.000000
0.000000 0.000000 0.285252 0.285252 0.285256 0.285295 0.285337 0.285391 0.285390 0.285396 0.285396 0.285397 0.285400 0.285393 0.285351 0.285312 0.285281 0.285273 0.285254 0.000000 0.000000
0.000000 0.000000 0.279260 0.279269 0.279285 0.279308 0.279349 0.279408 0.279404 0.279415 0.279420 0.279417 0.279417 0.279422 0.279368 0.279325 0.279297 0.279288 0.279271 0.000000 0.000000
0.000000 0.000000 0.273208 0.273218 0.273225 0.273242 0.273301 0.273353 0.273349 0.273356 0.273364 0.273355 0.273349 0.273355 0.273312 0.273264 0.273235 0.273230 0.273218 0.000000 0.000000
0.000000 0.000000 0.266945 0.266952 0.266955 0.266998 0.267038 0.267096 0.267084 0.267112 0.267111 0.267108 0.267115 0.267101 0.267066 0.267034 0.267003 0.266984 0.266959 0.000000 0.000000
0.000000 0.000000 0.260354 0.260369 0.260387 0.260418 0.260453 0.260523 0.260520 0.260536 0.260519 0.260536 0.260533 0.260528 0.260465 0.260435 0.260413 0.260403 0.260338 0.000000 0.000000
0.000000 0.000000 0.253568 0.253581 0.253588 0.253623 0.253656 0.253798 0.253798 0.253810 0.253840 0.253823 0.253813 0.253803 0.253698 0.253669 0.253619 0.253614 0.253568 0.000000 0.000000
0.000000 0.000000 0.246174 0.246183 0.246203 0.246225 0.246365 0.246399 0.246431 0.246433 0.246443 0.246438 0.246437 0.246443 0.246426 0.246285 0.246243 0.246208 0.246161 0.000000 0.000000
0.000000 0.000000 0.238003 0.238015 0.238047 0.238193 0.238237 0.238320 0.238374 0.238383 0.238410 0.238425 0.238408 0.238421 0.238357 0.238291 0.238084 0.238101 0.238073 0.000000 0.000000
0.000000 0.000000 0.229335 0.229346 0.229540 0.229570 0.229581 0.229633 0.229593 0.229616 0.229599 0.229619 0.229642 0.229604 0.229571 0.229552 0.229573 0.229325 0.229320 0.000000 0.000000
0.000000 0.000000 0.219357 0.219622 0.219708 0.219785 0.219912 0.219975 0.219998 0.220001 0.220059 0.220066 0.220040 0.220053 0.219980 0.219883 0.219731 0.219684 0.219415 0.000000 0.000000
0.000000 0.000000 0.212179 0.212155 0.211918 0.211981 0.212076 0.212322 0.212326 0.212382 0.212342 0.212357 0.212341 0.212335 0.212110 0.212040 0.211883 0.212128 0.212136 0.000000 0.000000
0.000000 0.000000 0.300000 0.300000 0.300000 0.300000 0.300000 0.300000 0.300000 0.300000 0.300000 0.300000 0.300000 0.300000 0.300000 0.300000 0.300000 0.300000 0.300000 0.000000 0.000000
0.000000 0.000000 0.000000 0.000000 0.000000 0.000000 0.000000 0.000000 0.000000 0.000000 0.000000 0.000000 0.000000 0.000000 0.000000 0.000000 0.000000 0.000000 0.000000 0.000000 0.000000