geotop/1.0zi/1.0Montebello/Templates/testdem/maps/_Eocclay3041.asc
ncols         21
nrows         20
xllcorner     100.000000
yllcorner     100.000000
cellsize      50.000000
NODATA_value  -9999.0
0.000000 0.000000 0.000000 0.000000 0.000000 0.000000 0.000000 0.000000 0.000000 0.000000 0.000000 0.000000 0.000000 0.000000 0.000000 0.000000 0.000000 0.000000 0.000000 0.000000 0.000000
0.000000 0.000000 0.349830 0.349830 0.349830 0.349830 0.349830 0.349830 0.349830 0.349830 0.349829 0.349830 0.349830 0.349830 0.349830 0.349830 0.349830 0.349830 0.349830 0.000000 0.000000
0.000000 0.000000 0.349995 0.349995 0.349995 0.349995 0.349995 0.349995 0.349995 0.349995 0.349996 0.349995 0.349995 0.349995 0.349995 0.349995 0.349995 0.349995 0.349995 0.000000 0.000000
0.000000 0.000000 0.351183 0.351183 0.351181 0.351182 0.351183 0.351183 0.351183 0.351183 0.351184 0.351183 0.351183 0.351183 0.351183 0.351182 0.351181 0.351183 0.351183 0.000000 0.000000
0.000000 0.000000 0.355954 0.355953 0.355951 0.355951 0.355955 0.355954 0.355954 0.355955 0.355956 0.355955 0.355954 0.355954 0.355955 0.355951 0.355951 0.355953 0.355954 0.000000 0.000000
0.000000 0.000000 0.361244 0.361243 0.361242 0.361242 0.361244 0.361243 0.361243 0.361244 0.361245 0.361244 0.361243 0.361243 0.361244 0.361242 0.361242 0.361243 0.361244 0.000000 0.000000
0.000000 0.000000 0.366195 0.366195 0.366193 0.366193 0.366195 0.366195 0.366195 0.366196 0.366196 0.366196 0.366195 0.366195 0.366195 0.366193 0.366193 0.366195 0.366195 0.000000 0.000000
0.000000 0.000000 0.370703 0.370703 0.370701 0.370702 0.370703 0.370703 0.370703 0.370703 0.370704 0.370703 0.370703 0.370703 0.370703 0.370702 0.370701 0.370703 0.370703 0.000000 0.000000
0.000000 0.000000 0.374875 0.374875 0.374874 0.374874 0.374876 0.374875 0.374875 0.374876 0.374876 0.374876 0.374875 0.374875 0.374876 0.374874 0.374874 0.374875 0.374875 0.000000 0.000000
0.000000 0.000000 0.378811 0.378811 0.378809 0.378810 0.378811 0.378811 0.378811 0.378811 0.378812 0.378811 0.378811 0.378811 0.378811 0.378810 0.378809 0.378811 0.378811 0.000000 0.000000
0.000000 0.000000 0.382556 0.382556 0.382555 0.382555 0.382557 0.382556 0.382556 0.382557 0.382557 0.382557 0.382556 0.382556 0.382557 0.382555 0.382555 0.382556 0.382556 0.000000 0.000000
0.000000 0.000000 0.386148 0.386148 0.386147 0.386147 0.386148 0.386148 0.386148 0.386148 0.386149 0.386148 0.386148 0.386148 0.386148 0.386147 0.386147 0.386148 0.386148 0.000000 0.000000
0.000000 0.000000 0.389614 0.389614 0.389613 0.389613 0.389614 0.389614 0.389614 0.389615 0.389615 0.389615 0.389614 0.389614 0.389614 0.389613 0.389613 0.389614 0.389614 0.000000 0.000000
0.000000 0.000000 0.392982 0.392982 0.392981 0.392981 0.392983 0.392982 0.392982 0.392983 0.392983 0.392983 0.392982 0.392982 0.392983 0.392981 0.392981 0.392982 0.392982 0.000000 0.000000
0.000000 0.000000 0.396258 0.396258 0.396257 0.396257 0.396258 0.396258 0.396258 0.396259 0.396259 0.396259 0.396258 0.396258 0.396258 0.396257 0.396257 0.396258 0.396258 0.000000 0.000000
0.000000 0.000000 0.399449 0.399449 0.399448 0.399448 0.399449 0.399449 0.399449 0.399449 0.399450 0.399449 0.399449 0.399449 0.399449 0.399448 0.399448 0.399449 0.399449 0.000000 0.000000
0.000000 0.000000 0.402564 0.402563 0.402562 0.402563 0.402564 0.402563 0.402563 0.402564 0.402564 0.402564 0.402563 0.402563 0.402564 0.402563 0.402562 0.402563 0.402564 0.000000 0.000000
0.000000 0.000000 0.405672 0.405672 0.405671 0.405671 0.405672 0.405672 0.405672 0.405673 0.405673 0.405673 0.405672 0.405672 0.405672 0.405671 0.405671 0.405672 0.405672 0.000000 0.000000
0.000000 0.000000 0.350000 0.350000 0.350000 0.350000 0.350000 0.350000 0.350000 0.350000 0.350000 0.350000 0.350000 0.350000 0.350000 0.350000 0.350000 0.350000 0.350000 0.000000 0.000000
0.000000 0.000000 0.000000 0.000000 0.000000 0.000000 0.000000 0.000000 0.000000 0.000000 0.000000 0.000000 0.000000 0.000000 0.000000 0.000000 0.000000 0.000000 0.000000 0.000000 0.000000