geotop/1.0zi/1.0Montebello/Templates/testdem/maps/_Eocclay1650.asc
ncols         21
nrows         20
xllcorner     100.000000
yllcorner     100.000000
cellsize      50.000000
NODATA_value  -9999.0
0.000000 0.000000 0.000000 0.000000 0.000000 0.000000 0.000000 0.000000 0.000000 0.000000 0.000000 0.000000 0.000000 0.000000 0.000000 0.000000 0.000000 0.000000 0.000000 0.000000 0.000000
0.000000 0.000000 0.349910 0.349910 0.349910 0.349910 0.349910 0.349910 0.349910 0.349910 0.349910 0.349910 0.349910 0.349910 0.349910 0.349910 0.349910 0.349910 0.349910 0.000000 0.000000
0.000000 0.000000 0.349993 0.349993 0.349993 0.349993 0.349993 0.349993 0.349993 0.349993 0.349993 0.349993 0.349993 0.349993 0.349993 0.349993 0.349993 0.349993 0.349993 0.000000 0.000000
0.000000 0.000000 0.350628 0.350628 0.350626 0.350627 0.350628 0.350628 0.350628 0.350628 0.350628 0.350628 0.350628 0.350628 0.350628 0.350627 0.350626 0.350628 0.350628 0.000000 0.000000
0.000000 0.000000 0.353130 0.353129 0.353127 0.353127 0.353131 0.353130 0.353130 0.353131 0.353131 0.353131 0.353130 0.353130 0.353131 0.353127 0.353127 0.353129 0.353130 0.000000 0.000000
0.000000 0.000000 0.355927 0.355927 0.355925 0.355925 0.355928 0.355927 0.355927 0.355928 0.355928 0.355928 0.355927 0.355927 0.355928 0.355925 0.355925 0.355927 0.355927 0.000000 0.000000
0.000000 0.000000 0.358583 0.358583 0.358582 0.358582 0.358584 0.358584 0.358584 0.358584 0.358584 0.358584 0.358584 0.358584 0.358584 0.358582 0.358582 0.358583 0.358583 0.000000 0.000000
0.000000 0.000000 0.361029 0.361028 0.361027 0.361028 0.361029 0.361029 0.361029 0.361029 0.361029 0.361029 0.361029 0.361029 0.361029 0.361028 0.361027 0.361028 0.361029 0.000000 0.000000
0.000000 0.000000 0.363319 0.363319 0.363318 0.363318 0.363320 0.363320 0.363320 0.363320 0.363320 0.363320 0.363320 0.363320 0.363320 0.363318 0.363318 0.363319 0.363319 0.000000 0.000000
0.000000 0.000000 0.365512 0.365511 0.365510 0.365511 0.365512 0.365512 0.365512 0.365512 0.365512 0.365512 0.365512 0.365512 0.365512 0.365511 0.365510 0.365511 0.365512 0.000000 0.000000
0.000000 0.000000 0.367628 0.367628 0.367627 0.367627 0.367629 0.367628 0.367628 0.367629 0.367629 0.367629 0.367628 0.367628 0.367629 0.367627 0.367627 0.367628 0.367628 0.000000 0.000000
0.000000 0.000000 0.369689 0.369689 0.369688 0.369688 0.369690 0.369689 0.369689 0.369690 0.369690 0.369690 0.369689 0.369689 0.369690 0.369688 0.369688 0.369689 0.369689 0.000000 0.000000
0.000000 0.000000 0.371710 0.371710 0.371709 0.371709 0.371711 0.371710 0.371710 0.371711 0.371711 0.371711 0.371710 0.371710 0.371711 0.371709 0.371709 0.371710 0.371710 0.000000 0.000000
0.000000 0.000000 0.373691 0.373691 0.373689 0.373690 0.373691 0.373691 0.373691 0.373691 0.373691 0.373691 0.373691 0.373691 0.373691 0.373690 0.373689 0.373691 0.373691 0.000000 0.000000
0.000000 0.000000 0.375641 0.375641 0.375640 0.375640 0.375641 0.375641 0.375641 0.375641 0.375641 0.375641 0.375641 0.375641 0.375641 0.375640 0.375640 0.375641 0.375641 0.000000 0.000000
0.000000 0.000000 0.377568 0.377567 0.377566 0.377567 0.377568 0.377568 0.377568 0.377568 0.377568 0.377568 0.377568 0.377568 0.377568 0.377567 0.377566 0.377567 0.377568 0.000000 0.000000
0.000000 0.000000 0.379471 0.379471 0.379470 0.379470 0.379472 0.379471 0.379471 0.379471 0.379471 0.379471 0.379471 0.379471 0.379472 0.379470 0.379470 0.379471 0.379471 0.000000 0.000000
0.000000 0.000000 0.381392 0.381392 0.381391 0.381391 0.381393 0.381392 0.381392 0.381393 0.381393 0.381393 0.381392 0.381392 0.381393 0.381391 0.381391 0.381392 0.381392 0.000000 0.000000
0.000000 0.000000 0.350000 0.350000 0.350000 0.350000 0.350000 0.350000 0.350000 0.350000 0.350000 0.350000 0.350000 0.350000 0.350000 0.350000 0.350000 0.350000 0.350000 0.000000 0.000000
0.000000 0.000000 0.000000 0.000000 0.000000 0.000000 0.000000 0.000000 0.000000 0.000000 0.000000 0.000000 0.000000 0.000000 0.000000 0.000000 0.000000 0.000000 0.000000 0.000000 0.000000