geotop/1.0zi/1.0Montebello/Templates/testdem/maps/_Eocsand4553.asc
ncols         21
nrows         20
xllcorner     100.000000
yllcorner     100.000000
cellsize      50.000000
NODATA_value  -9999.0
0.000000 0.000000 0.000000 0.000000 0.000000 0.000000 0.000000 0.000000 0.000000 0.000000 0.000000 0.000000 0.000000 0.000000 0.000000 0.000000 0.000000 0.000000 0.000000 0.000000 0.000000
0.000000 0.000000 0.300110 0.300109 0.300109 0.300109 0.300109 0.300109 0.300109 0.300109 0.300109 0.300109 0.300109 0.300109 0.300109 0.300109 0.300109 0.300109 0.300110 0.000000 0.000000
0.000000 0.000000 0.300006 0.300005 0.300005 0.300004 0.300004 0.300004 0.300004 0.300004 0.300004 0.300004 0.300004 0.300004 0.300004 0.300005 0.300006 0.300006 0.300006 0.000000 0.000000
0.000000 0.000000 0.299974 0.299973 0.299976 0.299979 0.299977 0.299979 0.299977 0.299978 0.299978 0.299979 0.299979 0.299980 0.299976 0.299972 0.299973 0.299971 0.299974 0.000000 0.000000
0.000000 0.000000 0.299275 0.299273 0.299274 0.299285 0.299295 0.299301 0.299302 0.299305 0.299307 0.299302 0.299305 0.299303 0.299294 0.299294 0.299289 0.299280 0.299273 0.000000 0.000000
0.000000 0.000000 0.296861 0.296855 0.296865 0.296892 0.296903 0.296932 0.296935 0.296945 0.296936 0.296933 0.296926 0.296925 0.296919 0.296903 0.296891 0.296882 0.296873 0.000000 0.000000
0.000000 0.000000 0.293186 0.293189 0.293195 0.293223 0.293253 0.293292 0.293290 0.293298 0.293291 0.293292 0.293293 0.293289 0.293262 0.293230 0.293215 0.293202 0.293190 0.000000 0.000000
0.000000 0.000000 0.288952 0.288955 0.288958 0.288986 0.289015 0.289052 0.289049 0.289056 0.289054 0.289054 0.289059 0.289060 0.289024 0.288993 0.288974 0.288966 0.288954 0.000000 0.000000
0.000000 0.000000 0.284684 0.284690 0.284698 0.284719 0.284746 0.284789 0.284786 0.284794 0.284793 0.284791 0.284795 0.284794 0.284761 0.284725 0.284709 0.284700 0.284684 0.000000 0.000000
0.000000 0.000000 0.280423 0.280429 0.280434 0.280456 0.280489 0.280527 0.280521 0.280528 0.280527 0.280526 0.280531 0.280534 0.280496 0.280460 0.280445 0.280437 0.280424 0.000000 0.000000
0.000000 0.000000 0.276102 0.276109 0.276113 0.276130 0.276155 0.276200 0.276195 0.276206 0.276205 0.276202 0.276208 0.276210 0.276177 0.276150 0.276130 0.276121 0.276107 0.000000 0.000000
0.000000 0.000000 0.271630 0.271635 0.271644 0.271670 0.271695 0.271740 0.271740 0.271747 0.271746 0.271746 0.271750 0.271753 0.271711 0.271679 0.271660 0.271653 0.271606 0.000000 0.000000
0.000000 0.000000 0.267099 0.267106 0.267114 0.267133 0.267165 0.267257 0.267256 0.267264 0.267265 0.267263 0.267270 0.267269 0.267190 0.267151 0.267133 0.267124 0.267096 0.000000 0.000000
0.000000 0.000000 0.262298 0.262312 0.262317 0.262337 0.262429 0.262453 0.262467 0.262474 0.262472 0.262472 0.262479 0.262480 0.262454 0.262362 0.262342 0.262322 0.262305 0.000000 0.000000
0.000000 0.000000 0.257120 0.257130 0.257154 0.257235 0.257277 0.257335 0.257364 0.257374 0.257386 0.257387 0.257385 0.257395 0.257351 0.257287 0.257184 0.257187 0.257173 0.000000 0.000000
0.000000 0.000000 0.251770 0.251781 0.251879 0.251895 0.251922 0.251951 0.251954 0.251957 0.251951 0.251952 0.251967 0.251950 0.251937 0.251909 0.251907 0.251797 0.251771 0.000000 0.000000
0.000000 0.000000 0.245818 0.245948 0.246029 0.246067 0.246133 0.246169 0.246177 0.246183 0.246198 0.246196 0.246196 0.246208 0.246182 0.246103 0.246051 0.245997 0.245864 0.000000 0.000000
0.000000 0.000000 0.241174 0.241199 0.241112 0.241160 0.241218 0.241349 0.241361 0.241375 0.241368 0.241369 0.241379 0.241371 0.241253 0.241186 0.241110 0.241223 0.241171 0.000000 0.000000
0.000000 0.000000 0.300000 0.300000 0.300000 0.300000 0.300000 0.300000 0.300000 0.300000 0.300000 0.300000 0.300000 0.300000 0.300000 0.300000 0.300000 0.300000 0.300000 0.000000 0.000000
0.000000 0.000000 0.000000 0.000000 0.000000 0.000000 0.000000 0.000000 0.000000 0.000000 0.000000 0.000000 0.000000 0.000000 0.000000 0.000000 0.000000 0.000000 0.000000 0.000000 0.000000