geotop/1.0zi/1.0Montebello/Templates/testdem/maps/_Eocsilt8009.asc
ncols         21
nrows         20
xllcorner     100.000000
yllcorner     100.000000
cellsize      50.000000
NODATA_value  -9999.0
0.000000 0.000000 0.000000 0.000000 0.000000 0.000000 0.000000 0.000000 0.000000 0.000000 0.000000 0.000000 0.000000 0.000000 0.000000 0.000000 0.000000 0.000000 0.000000 0.000000 0.000000
0.000000 0.000000 0.350167 0.350168 0.350168 0.350168 0.350168 0.350168 0.350168 0.350168 0.350168 0.350167 0.350167 0.350167 0.350167 0.350168 0.350168 0.350168 0.350168 0.000000 0.000000
0.000000 0.000000 0.350005 0.350005 0.350005 0.350005 0.350006 0.350005 0.350006 0.350006 0.350006 0.350006 0.350006 0.350006 0.350006 0.350005 0.350003 0.350004 0.350005 0.000000 0.000000
0.000000 0.000000 0.350103 0.350099 0.350098 0.350091 0.350093 0.350087 0.350090 0.350091 0.350087 0.350090 0.350089 0.350090 0.350092 0.350095 0.350099 0.350099 0.350100 0.000000 0.000000
0.000000 0.000000 0.351011 0.351017 0.351012 0.351001 0.350994 0.350987 0.350983 0.350981 0.350981 0.350981 0.350982 0.350984 0.350998 0.351002 0.351006 0.351016 0.351018 0.000000 0.000000
0.000000 0.000000 0.353656 0.353656 0.353646 0.353629 0.353610 0.353588 0.353587 0.353581 0.353585 0.353585 0.353586 0.353585 0.353598 0.353610 0.353623 0.353631 0.353636 0.000000 0.000000
0.000000 0.000000 0.357449 0.357444 0.357433 0.357406 0.357374 0.357340 0.357340 0.357336 0.357337 0.357335 0.357332 0.357337 0.357367 0.357394 0.357412 0.357427 0.357434 0.000000 0.000000
0.000000 0.000000 0.361939 0.361937 0.361930 0.361902 0.361871 0.361833 0.361832 0.361828 0.361827 0.361823 0.361822 0.361828 0.361862 0.361890 0.361916 0.361922 0.361934 0.000000 0.000000
0.000000 0.000000 0.366761 0.366752 0.366737 0.366718 0.366685 0.366642 0.366643 0.366634 0.366631 0.366629 0.366631 0.366630 0.366672 0.366706 0.366728 0.366738 0.366748 0.000000 0.000000
0.000000 0.000000 0.371823 0.371814 0.371806 0.371787 0.371741 0.371702 0.371702 0.371697 0.371691 0.371694 0.371699 0.371697 0.371732 0.371771 0.371796 0.371803 0.371811 0.000000 0.000000
0.000000 0.000000 0.377279 0.377273 0.377263 0.377223 0.377190 0.377146 0.377155 0.377130 0.377134 0.377132 0.377123 0.377139 0.377172 0.377196 0.377227 0.377243 0.377263 0.000000 0.000000
0.000000 0.000000 0.383312 0.383295 0.383276 0.383250 0.383213 0.383157 0.383153 0.383146 0.383159 0.383140 0.383145 0.383149 0.383207 0.383237 0.383258 0.383270 0.383320 0.000000 0.000000
0.000000 0.000000 0.389803 0.389786 0.389778 0.389742 0.389709 0.389564 0.389562 0.389553 0.389516 0.389535 0.389543 0.389556 0.389667 0.389697 0.389752 0.389758 0.389783 0.000000 0.000000
0.000000 0.000000 0.397359 0.397354 0.397323 0.397297 0.397118 0.397127 0.397090 0.397090 0.397100 0.397090 0.397085 0.397077 0.397064 0.397249 0.397281 0.397329 0.397365 0.000000 0.000000
0.000000 0.000000 0.406212 0.406195 0.406157 0.405934 0.405946 0.405833 0.405781 0.405769 0.405732 0.405704 0.405729 0.405723 0.405833 0.405834 0.406130 0.406086 0.406093 0.000000 0.000000
0.000000 0.000000 0.415904 0.415888 0.415567 0.415643 0.415619 0.415584 0.415699 0.415660 0.415720 0.415696 0.415645 0.415725 0.415736 0.415755 0.415538 0.415993 0.415986 0.000000 0.000000
0.000000 0.000000 0.427872 0.427371 0.427453 0.427267 0.427015 0.426940 0.426811 0.426841 0.426696 0.426707 0.426788 0.426710 0.426836 0.427023 0.427433 0.427191 0.427709 0.000000 0.000000
0.000000 0.000000 0.432679 0.433120 0.433551 0.433542 0.433548 0.433134 0.433195 0.433076 0.433262 0.433223 0.433198 0.433260 0.433609 0.433604 0.433629 0.433280 0.432849 0.000000 0.000000
0.000000 0.000000 0.350000 0.350000 0.350000 0.350000 0.350000 0.350000 0.350000 0.350000 0.350000 0.350000 0.350000 0.350000 0.350000 0.350000 0.350000 0.350000 0.350000 0.000000 0.000000
0.000000 0.000000 0.000000 0.000000 0.000000 0.000000 0.000000 0.000000 0.000000 0.000000 0.000000 0.000000 0.000000 0.000000 0.000000 0.000000 0.000000 0.000000 0.000000 0.000000 0.000000