geotop/1.0zi/1.0Montebello/Templates/testdem/maps/_Eocsand7220.asc
ncols         21
nrows         20
xllcorner     100.000000
yllcorner     100.000000
cellsize      50.000000
NODATA_value  -9999.0
0.000000 0.000000 0.000000 0.000000 0.000000 0.000000 0.000000 0.000000 0.000000 0.000000 0.000000 0.000000 0.000000 0.000000 0.000000 0.000000 0.000000 0.000000 0.000000 0.000000 0.000000
0.000000 0.000000 0.300180 0.300178 0.300178 0.300179 0.300178 0.300178 0.300178 0.300178 0.300179 0.300178 0.300178 0.300178 0.300178 0.300178 0.300179 0.300179 0.300179 0.000000 0.000000
0.000000 0.000000 0.300010 0.300011 0.300010 0.300009 0.300010 0.300011 0.300010 0.300010 0.300010 0.300011 0.300010 0.300010 0.300010 0.300010 0.300011 0.300011 0.300012 0.000000 0.000000
0.000000 0.000000 0.299958 0.299957 0.299962 0.299967 0.299965 0.299968 0.299963 0.299967 0.299966 0.299966 0.299966 0.299967 0.299965 0.299960 0.299959 0.299955 0.299956 0.000000 0.000000
0.000000 0.000000 0.298446 0.298443 0.298451 0.298463 0.298483 0.298491 0.298494 0.298494 0.298496 0.298495 0.298498 0.298493 0.298475 0.298470 0.298465 0.298455 0.298442 0.000000 0.000000
0.000000 0.000000 0.293959 0.293959 0.293979 0.294018 0.294047 0.294089 0.294087 0.294099 0.294091 0.294091 0.294089 0.294088 0.294070 0.294042 0.294020 0.293999 0.293986 0.000000 0.000000
0.000000 0.000000 0.287528 0.287534 0.287552 0.287596 0.287652 0.287715 0.287714 0.287723 0.287720 0.287721 0.287725 0.287719 0.287666 0.287616 0.287588 0.287564 0.287547 0.000000 0.000000
0.000000 0.000000 0.279841 0.279844 0.279856 0.279906 0.279960 0.280029 0.280027 0.280036 0.280037 0.280042 0.280046 0.280033 0.279975 0.279928 0.279884 0.279871 0.279846 0.000000 0.000000
0.000000 0.000000 0.271753 0.271766 0.271791 0.271822 0.271879 0.271953 0.271947 0.271965 0.271969 0.271972 0.271971 0.271972 0.271901 0.271841 0.271808 0.271791 0.271770 0.000000 0.000000
0.000000 0.000000 0.263376 0.263392 0.263405 0.263433 0.263514 0.263580 0.263577 0.263587 0.263597 0.263592 0.263582 0.263587 0.263527 0.263459 0.263421 0.263408 0.263392 0.000000 0.000000
0.000000 0.000000 0.254485 0.254496 0.254511 0.254573 0.254626 0.254705 0.254687 0.254729 0.254724 0.254725 0.254739 0.254712 0.254661 0.254619 0.254570 0.254544 0.254507 0.000000 0.000000
0.000000 0.000000 0.244866 0.244892 0.244921 0.244963 0.245022 0.245116 0.245117 0.245133 0.245111 0.245143 0.245136 0.245127 0.245035 0.244988 0.244955 0.244936 0.244848 0.000000 0.000000
0.000000 0.000000 0.234696 0.234722 0.234736 0.234790 0.234841 0.235062 0.235063 0.235079 0.235131 0.235107 0.235093 0.235072 0.234906 0.234857 0.234777 0.234767 0.234713 0.000000 0.000000
0.000000 0.000000 0.223187 0.223199 0.223241 0.223280 0.223529 0.223550 0.223600 0.223603 0.223600 0.223609 0.223614 0.223621 0.223618 0.223360 0.223305 0.223237 0.223173 0.000000 0.000000
0.000000 0.000000 0.210001 0.210022 0.210079 0.210368 0.210400 0.210544 0.210624 0.210641 0.210688 0.210728 0.210695 0.210706 0.210572 0.210517 0.210129 0.210172 0.210145 0.000000 0.000000
0.000000 0.000000 0.195635 0.195658 0.196066 0.196036 0.196059 0.196137 0.196010 0.196063 0.196000 0.196043 0.196100 0.196001 0.195958 0.195933 0.196112 0.195563 0.195562 0.000000 0.000000
0.000000 0.000000 0.178134 0.178756 0.178778 0.178975 0.179289 0.179392 0.179501 0.179483 0.179641 0.179640 0.179558 0.179623 0.179470 0.179237 0.178812 0.178938 0.178297 0.000000 0.000000
0.000000 0.000000 0.168278 0.167905 0.167324 0.167395 0.167480 0.168037 0.168002 0.168145 0.167963 0.168011 0.168012 0.167960 0.167469 0.167409 0.167227 0.167760 0.168107 0.000000 0.000000
0.000000 0.000000 0.300000 0.300000 0.300000 0.300000 0.300000 0.300000 0.300000 0.300000 0.300000 0.300000 0.300000 0.300000 0.300000 0.300000 0.300000 0.300000 0.300000 0.000000 0.000000
0.000000 0.000000 0.000000 0.000000 0.000000 0.000000 0.000000 0.000000 0.000000 0.000000 0.000000 0.000000 0.000000 0.000000 0.000000 0.000000 0.000000 0.000000 0.000000 0.000000 0.000000