geotop/1.0zi/1.0Montebello/Templates/testdem/maps/_Eocclay5576.asc
ncols         21
nrows         20
xllcorner     100.000000
yllcorner     100.000000
cellsize      50.000000
NODATA_value  -9999.0
0.000000 0.000000 0.000000 0.000000 0.000000 0.000000 0.000000 0.000000 0.000000 0.000000 0.000000 0.000000 0.000000 0.000000 0.000000 0.000000 0.000000 0.000000 0.000000 0.000000 0.000000
0.000000 0.000000 0.349750 0.349751 0.349751 0.349751 0.349751 0.349751 0.349751 0.349751 0.349751 0.349751 0.349751 0.349751 0.349751 0.349751 0.349751 0.349751 0.349751 0.000000 0.000000
0.000000 0.000000 0.349990 0.349990 0.349990 0.349990 0.349989 0.349989 0.349990 0.349989 0.349989 0.349989 0.349990 0.349990 0.349990 0.349990 0.349990 0.349990 0.349990 0.000000 0.000000
0.000000 0.000000 0.349988 0.349990 0.349987 0.349988 0.349990 0.349990 0.349990 0.349988 0.349990 0.349988 0.349988 0.349988 0.349990 0.349992 0.349990 0.349991 0.349990 0.000000 0.000000
0.000000 0.000000 0.350469 0.350469 0.350469 0.350465 0.350454 0.350450 0.350452 0.350453 0.350451 0.350452 0.350448 0.350448 0.350453 0.350452 0.350457 0.350459 0.350462 0.000000 0.000000
0.000000 0.000000 0.352029 0.352031 0.352025 0.352007 0.352001 0.351985 0.351984 0.351980 0.351984 0.351983 0.351987 0.351987 0.351990 0.352001 0.352007 0.352019 0.352024 0.000000 0.000000
0.000000 0.000000 0.354300 0.354298 0.354297 0.354281 0.354261 0.354234 0.354234 0.354230 0.354232 0.354234 0.354235 0.354233 0.354251 0.354271 0.354280 0.354289 0.354296 0.000000 0.000000
0.000000 0.000000 0.357063 0.357063 0.357062 0.357042 0.357023 0.356995 0.356995 0.356992 0.356993 0.356993 0.356991 0.356995 0.357015 0.357032 0.357046 0.357051 0.357061 0.000000 0.000000
0.000000 0.000000 0.359856 0.359854 0.359848 0.359838 0.359818 0.359791 0.359793 0.359788 0.359786 0.359787 0.359787 0.359784 0.359808 0.359827 0.359840 0.359844 0.359852 0.000000 0.000000
0.000000 0.000000 0.362681 0.362676 0.362675 0.362667 0.362639 0.362614 0.362616 0.362613 0.362609 0.362613 0.362616 0.362613 0.362632 0.362655 0.362668 0.362671 0.362677 0.000000 0.000000
0.000000 0.000000 0.365609 0.365606 0.365606 0.365587 0.365568 0.365539 0.365546 0.365532 0.365533 0.365534 0.365531 0.365538 0.365553 0.365567 0.365582 0.365590 0.365603 0.000000 0.000000
0.000000 0.000000 0.368673 0.368666 0.368659 0.368645 0.368628 0.368595 0.368597 0.368589 0.368597 0.368589 0.368590 0.368592 0.368621 0.368634 0.368644 0.368649 0.368680 0.000000 0.000000
0.000000 0.000000 0.371816 0.371809 0.371808 0.371792 0.371777 0.371710 0.371711 0.371705 0.371691 0.371699 0.371704 0.371708 0.371756 0.371768 0.371791 0.371794 0.371816 0.000000 0.000000
0.000000 0.000000 0.375220 0.375216 0.375209 0.375199 0.375135 0.375118 0.375104 0.375103 0.375098 0.375100 0.375101 0.375098 0.375105 0.375167 0.375188 0.375204 0.375227 0.000000 0.000000
0.000000 0.000000 0.378963 0.378957 0.378944 0.378880 0.378859 0.378822 0.378795 0.378791 0.378779 0.378773 0.378780 0.378774 0.378801 0.378831 0.378925 0.378918 0.378932 0.000000 0.000000
0.000000 0.000000 0.382911 0.382906 0.382823 0.382808 0.382803 0.382778 0.382795 0.382785 0.382792 0.382782 0.382772 0.382789 0.382802 0.382810 0.382805 0.382912 0.382916 0.000000 0.000000
0.000000 0.000000 0.387417 0.387303 0.387263 0.387230 0.387176 0.387148 0.387140 0.387138 0.387113 0.387109 0.387119 0.387115 0.387145 0.387184 0.387249 0.387277 0.387392 0.000000 0.000000
0.000000 0.000000 0.390736 0.390738 0.390840 0.390812 0.390768 0.390661 0.390659 0.390635 0.390650 0.390643 0.390650 0.390652 0.390749 0.390780 0.390852 0.390747 0.390752 0.000000 0.000000
0.000000 0.000000 0.350000 0.350000 0.350000 0.350000 0.350000 0.350000 0.350000 0.350000 0.350000 0.350000 0.350000 0.350000 0.350000 0.350000 0.350000 0.350000 0.350000 0.000000 0.000000
0.000000 0.000000 0.000000 0.000000 0.000000 0.000000 0.000000 0.000000 0.000000 0.000000 0.000000 0.000000 0.000000 0.000000 0.000000 0.000000 0.000000 0.000000 0.000000 0.000000 0.000000