geotop/1.0zi/1.0Montebello/Templates/testdem/maps/_Eocclay6560.asc
ncols         21
nrows         20
xllcorner     100.000000
yllcorner     100.000000
cellsize      50.000000
NODATA_value  -9999.0
0.000000 0.000000 0.000000 0.000000 0.000000 0.000000 0.000000 0.000000 0.000000 0.000000 0.000000 0.000000 0.000000 0.000000 0.000000 0.000000 0.000000 0.000000 0.000000 0.000000 0.000000
0.000000 0.000000 0.349707 0.349709 0.349709 0.349708 0.349709 0.349709 0.349709 0.349709 0.349708 0.349709 0.349709 0.349709 0.349709 0.349709 0.349707 0.349707 0.349708 0.000000 0.000000
0.000000 0.000000 0.349988 0.349988 0.349988 0.349989 0.349987 0.349987 0.349988 0.349987 0.349987 0.349987 0.349988 0.349986 0.349988 0.349988 0.349989 0.349989 0.349986 0.000000 0.000000
0.000000 0.000000 0.349983 0.349987 0.349984 0.349984 0.349986 0.349986 0.349987 0.349984 0.349989 0.349986 0.349986 0.349986 0.349986 0.349988 0.349986 0.349988 0.349987 0.000000 0.000000
0.000000 0.000000 0.350591 0.350590 0.350589 0.350587 0.350573 0.350571 0.350571 0.350574 0.350570 0.350570 0.350566 0.350568 0.350574 0.350574 0.350580 0.350581 0.350588 0.000000 0.000000
0.000000 0.000000 0.352461 0.352461 0.352453 0.352428 0.352421 0.352402 0.352402 0.352397 0.352400 0.352400 0.352403 0.352403 0.352407 0.352422 0.352434 0.352446 0.352452 0.000000 0.000000
0.000000 0.000000 0.355252 0.355250 0.355245 0.355226 0.355202 0.355172 0.355172 0.355167 0.355168 0.355169 0.355170 0.355169 0.355191 0.355215 0.355228 0.355238 0.355246 0.000000 0.000000
0.000000 0.000000 0.358600 0.358600 0.358595 0.358571 0.358547 0.358515 0.358515 0.358513 0.358512 0.358509 0.358509 0.358514 0.358538 0.358559 0.358579 0.358586 0.358597 0.000000 0.000000
0.000000 0.000000 0.362061 0.362059 0.362048 0.362034 0.362010 0.361978 0.361980 0.361974 0.361971 0.361970 0.361970 0.361969 0.361998 0.362022 0.362041 0.362046 0.362056 0.000000 0.000000
0.000000 0.000000 0.365613 0.365607 0.365603 0.365591 0.365556 0.365527 0.365528 0.365524 0.365519 0.365521 0.365527 0.365523 0.365547 0.365576 0.365596 0.365601 0.365608 0.000000 0.000000
0.000000 0.000000 0.369347 0.369344 0.369339 0.369314 0.369290 0.369257 0.369264 0.369247 0.369247 0.369246 0.369243 0.369253 0.369272 0.369290 0.369313 0.369324 0.369339 0.000000 0.000000
0.000000 0.000000 0.373323 0.373317 0.373304 0.373284 0.373262 0.373222 0.373222 0.373215 0.373222 0.373209 0.373213 0.373216 0.373252 0.373271 0.373288 0.373295 0.373333 0.000000 0.000000
0.000000 0.000000 0.377472 0.377463 0.377457 0.377435 0.377414 0.377326 0.377326 0.377319 0.377299 0.377307 0.377315 0.377322 0.377385 0.377404 0.377439 0.377443 0.377469 0.000000 0.000000
0.000000 0.000000 0.382062 0.382058 0.382043 0.382026 0.381934 0.381917 0.381897 0.381897 0.381891 0.381891 0.381891 0.381888 0.381895 0.381989 0.382018 0.382042 0.382070 0.000000 0.000000
0.000000 0.000000 0.387219 0.387215 0.387193 0.387090 0.387066 0.387013 0.386980 0.386974 0.386955 0.386941 0.386956 0.386949 0.386991 0.387026 0.387169 0.387157 0.387173 0.000000 0.000000
0.000000 0.000000 0.392767 0.392761 0.392623 0.392611 0.392602 0.392573 0.392607 0.392590 0.392605 0.392587 0.392572 0.392603 0.392619 0.392629 0.392603 0.392782 0.392784 0.000000 0.000000
0.000000 0.000000 0.399327 0.399131 0.399090 0.399031 0.398932 0.398893 0.398868 0.398871 0.398822 0.398818 0.398842 0.398827 0.398875 0.398949 0.399075 0.399080 0.399284 0.000000 0.000000
0.000000 0.000000 0.403678 0.403739 0.403923 0.403883 0.403831 0.403650 0.403651 0.403609 0.403648 0.403633 0.403642 0.403651 0.403813 0.403851 0.403951 0.403769 0.403721 0.000000 0.000000
0.000000 0.000000 0.350000 0.350000 0.350000 0.350000 0.350000 0.350000 0.350000 0.350000 0.350000 0.350000 0.350000 0.350000 0.350000 0.350000 0.350000 0.350000 0.350000 0.000000 0.000000
0.000000 0.000000 0.000000 0.000000 0.000000 0.000000 0.000000 0.000000 0.000000 0.000000 0.000000 0.000000 0.000000 0.000000 0.000000 0.000000 0.000000 0.000000 0.000000 0.000000 0.000000