geotop/1.0zi/1.0Montebello/Templates/testdem/maps/_Eocsand7633.asc
ncols         21
nrows         20
xllcorner     100.000000
yllcorner     100.000000
cellsize      50.000000
NODATA_value  -9999.0
0.000000 0.000000 0.000000 0.000000 0.000000 0.000000 0.000000 0.000000 0.000000 0.000000 0.000000 0.000000 0.000000 0.000000 0.000000 0.000000 0.000000 0.000000 0.000000 0.000000 0.000000
0.000000 0.000000 0.300195 0.300193 0.300193 0.300194 0.300193 0.300192 0.300193 0.300193 0.300194 0.300193 0.300193 0.300193 0.300193 0.300193 0.300194 0.300194 0.300194 0.000000 0.000000
0.000000 0.000000 0.300010 0.300011 0.300011 0.300010 0.300010 0.300011 0.300011 0.300011 0.300011 0.300011 0.300010 0.300011 0.300010 0.300011 0.300011 0.300012 0.300013 0.000000 0.000000
0.000000 0.000000 0.299894 0.299893 0.299898 0.299905 0.299901 0.299909 0.299904 0.299906 0.299907 0.299906 0.299906 0.299908 0.299903 0.299898 0.299896 0.299893 0.299893 0.000000 0.000000
0.000000 0.000000 0.298076 0.298072 0.298081 0.298097 0.298118 0.298127 0.298133 0.298132 0.298135 0.298134 0.298137 0.298132 0.298108 0.298102 0.298092 0.298081 0.298072 0.000000 0.000000
0.000000 0.000000 0.293032 0.293033 0.293054 0.293096 0.293127 0.293172 0.293172 0.293185 0.293177 0.293178 0.293174 0.293173 0.293151 0.293120 0.293094 0.293071 0.293060 0.000000 0.000000
0.000000 0.000000 0.285919 0.285926 0.285944 0.285992 0.286052 0.286120 0.286121 0.286131 0.286128 0.286130 0.286132 0.286126 0.286066 0.286012 0.285980 0.285952 0.285938 0.000000 0.000000
0.000000 0.000000 0.277449 0.277452 0.277466 0.277520 0.277577 0.277653 0.277653 0.277662 0.277664 0.277669 0.277673 0.277658 0.277593 0.277542 0.277492 0.277477 0.277453 0.000000 0.000000
0.000000 0.000000 0.268467 0.268482 0.268509 0.268543 0.268604 0.268685 0.268681 0.268699 0.268704 0.268708 0.268705 0.268707 0.268627 0.268563 0.268524 0.268504 0.268484 0.000000 0.000000
0.000000 0.000000 0.259069 0.259086 0.259100 0.259133 0.259220 0.259293 0.259292 0.259302 0.259314 0.259308 0.259297 0.259301 0.259234 0.259161 0.259115 0.259100 0.259085 0.000000 0.000000
0.000000 0.000000 0.248980 0.248991 0.249007 0.249079 0.249140 0.249224 0.249206 0.249252 0.249247 0.249248 0.249264 0.249234 0.249174 0.249128 0.249071 0.249039 0.249001 0.000000 0.000000
0.000000 0.000000 0.237917 0.237946 0.237979 0.238027 0.238093 0.238198 0.238203 0.238218 0.238194 0.238230 0.238220 0.238212 0.238104 0.238050 0.238011 0.237988 0.237893 0.000000 0.000000
0.000000 0.000000 0.226094 0.226123 0.226136 0.226201 0.226259 0.226519 0.226523 0.226540 0.226605 0.226573 0.226557 0.226532 0.226332 0.226278 0.226179 0.226166 0.226114 0.000000 0.000000
0.000000 0.000000 0.212474 0.212484 0.212536 0.212582 0.212892 0.212891 0.212956 0.212958 0.212946 0.212961 0.212967 0.212978 0.212989 0.212668 0.212605 0.212519 0.212453 0.000000 0.000000
0.000000 0.000000 0.196641 0.196666 0.196733 0.197110 0.197113 0.197299 0.197394 0.197416 0.197478 0.197526 0.197484 0.197494 0.197313 0.197285 0.196781 0.196845 0.196826 0.000000 0.000000
0.000000 0.000000 0.179276 0.179302 0.179842 0.179748 0.179782 0.179856 0.179672 0.179740 0.179646 0.179693 0.179773 0.179639 0.179604 0.179575 0.179889 0.179133 0.179143 0.000000 0.000000
0.000000 0.000000 0.157752 0.158604 0.158526 0.158817 0.159244 0.159372 0.159565 0.159524 0.159759 0.159746 0.159617 0.159732 0.159519 0.159205 0.158557 0.158872 0.157993 0.000000 0.000000
0.000000 0.000000 0.147677 0.146993 0.146209 0.146253 0.146283 0.147018 0.146937 0.147140 0.146843 0.146909 0.146936 0.146841 0.146207 0.146188 0.146065 0.146730 0.147390 0.000000 0.000000
0.000000 0.000000 0.300000 0.300000 0.300000 0.300000 0.300000 0.300000 0.300000 0.300000 0.300000 0.300000 0.300000 0.300000 0.300000 0.300000 0.300000 0.300000 0.300000 0.000000 0.000000
0.000000 0.000000 0.000000 0.000000 0.000000 0.000000 0.000000 0.000000 0.000000 0.000000 0.000000 0.000000 0.000000 0.000000 0.000000 0.000000 0.000000 0.000000 0.000000 0.000000 0.000000