geotop/1.0zi/1.0Montebello/Templates/testdem/maps/_Eocsand4219.asc
ncols         21
nrows         20
xllcorner     100.000000
yllcorner     100.000000
cellsize      50.000000
NODATA_value  -9999.0
0.000000 0.000000 0.000000 0.000000 0.000000 0.000000 0.000000 0.000000 0.000000 0.000000 0.000000 0.000000 0.000000 0.000000 0.000000 0.000000 0.000000 0.000000 0.000000 0.000000 0.000000
0.000000 0.000000 0.300106 0.300105 0.300105 0.300105 0.300105 0.300105 0.300105 0.300105 0.300105 0.300105 0.300105 0.300105 0.300105 0.300105 0.300105 0.300105 0.300106 0.000000 0.000000
0.000000 0.000000 0.300005 0.300004 0.300004 0.300004 0.300004 0.300003 0.300004 0.300004 0.300004 0.300004 0.300004 0.300004 0.300004 0.300004 0.300006 0.300006 0.300005 0.000000 0.000000
0.000000 0.000000 0.299975 0.299973 0.299976 0.299979 0.299977 0.299979 0.299977 0.299978 0.299978 0.299979 0.299979 0.299981 0.299976 0.299973 0.299973 0.299972 0.299974 0.000000 0.000000
0.000000 0.000000 0.299286 0.299285 0.299289 0.299288 0.299296 0.299300 0.299301 0.299304 0.299306 0.299301 0.299305 0.299304 0.299300 0.299300 0.299301 0.299296 0.299290 0.000000 0.000000
0.000000 0.000000 0.296988 0.296986 0.296995 0.297008 0.297013 0.297035 0.297036 0.297045 0.297037 0.297036 0.297033 0.297040 0.297040 0.297030 0.297021 0.297016 0.297009 0.000000 0.000000
0.000000 0.000000 0.293535 0.293542 0.293552 0.293574 0.293596 0.293631 0.293628 0.293635 0.293629 0.293632 0.293636 0.293638 0.293615 0.293586 0.293573 0.293565 0.293553 0.000000 0.000000
0.000000 0.000000 0.289592 0.289601 0.289611 0.289638 0.289662 0.289697 0.289692 0.289699 0.289697 0.289698 0.289705 0.289712 0.289679 0.289648 0.289630 0.289625 0.289612 0.000000 0.000000
0.000000 0.000000 0.285631 0.285643 0.285658 0.285677 0.285701 0.285742 0.285738 0.285746 0.285745 0.285744 0.285750 0.285753 0.285724 0.285689 0.285674 0.285667 0.285651 0.000000 0.000000
0.000000 0.000000 0.281689 0.281701 0.281713 0.281734 0.281764 0.281800 0.281794 0.281800 0.281799 0.281798 0.281806 0.281813 0.281778 0.281744 0.281729 0.281723 0.281710 0.000000 0.000000
0.000000 0.000000 0.277701 0.277713 0.277726 0.277742 0.277763 0.277806 0.277800 0.277811 0.277809 0.277808 0.277815 0.277821 0.277793 0.277768 0.277749 0.277741 0.277726 0.000000 0.000000
0.000000 0.000000 0.273584 0.273596 0.273612 0.273636 0.273660 0.273702 0.273701 0.273707 0.273706 0.273707 0.273713 0.273720 0.273682 0.273651 0.273633 0.273627 0.273581 0.000000 0.000000
0.000000 0.000000 0.269422 0.269436 0.269453 0.269471 0.269499 0.269584 0.269582 0.269590 0.269590 0.269589 0.269598 0.269603 0.269531 0.269495 0.269477 0.269470 0.269440 0.000000 0.000000
0.000000 0.000000 0.265033 0.265052 0.265067 0.265086 0.265167 0.265191 0.265203 0.265210 0.265208 0.265208 0.265218 0.265224 0.265200 0.265115 0.265096 0.265079 0.265060 0.000000 0.000000
0.000000 0.000000 0.260316 0.260333 0.260365 0.260438 0.260476 0.260530 0.260555 0.260564 0.260576 0.260577 0.260578 0.260593 0.260554 0.260493 0.260400 0.260403 0.260388 0.000000 0.000000
0.000000 0.000000 0.255463 0.255481 0.255579 0.255595 0.255617 0.255646 0.255648 0.255651 0.255646 0.255649 0.255665 0.255656 0.255645 0.255617 0.255613 0.255517 0.255491 0.000000 0.000000
0.000000 0.000000 0.250096 0.250219 0.250305 0.250339 0.250396 0.250430 0.250436 0.250441 0.250453 0.250453 0.250457 0.250473 0.250452 0.250380 0.250334 0.250283 0.250165 0.000000 0.000000
0.000000 0.000000 0.245877 0.245914 0.245854 0.245898 0.245950 0.246064 0.246073 0.246085 0.246080 0.246082 0.246094 0.246094 0.245996 0.245932 0.245861 0.245959 0.245905 0.000000 0.000000
0.000000 0.000000 0.300000 0.300000 0.300000 0.300000 0.300000 0.300000 0.300000 0.300000 0.300000 0.300000 0.300000 0.300000 0.300000 0.300000 0.300000 0.300000 0.300000 0.000000 0.000000
0.000000 0.000000 0.000000 0.000000 0.000000 0.000000 0.000000 0.000000 0.000000 0.000000 0.000000 0.000000 0.000000 0.000000 0.000000 0.000000 0.000000 0.000000 0.000000 0.000000 0.000000