geotop/1.0zi/1.0Montebello/Templates/testdem/maps/_Eocclay099l.asc
ncols         21
nrows         20
xllcorner     100.000000
yllcorner     100.000000
cellsize      50.000000
NODATA_value  -9999.0
0.000000 0.000000 0.000000 0.000000 0.000000 0.000000 0.000000 0.000000 0.000000 0.000000 0.000000 0.000000 0.000000 0.000000 0.000000 0.000000 0.000000 0.000000 0.000000 0.000000 0.000000
0.000000 0.000000 0.349482 0.349484 0.349484 0.349483 0.349485 0.349485 0.349484 0.349485 0.349484 0.349485 0.349485 0.349484 0.349485 0.349484 0.349483 0.349483 0.349484 0.000000 0.000000
0.000000 0.000000 0.349978 0.349976 0.349976 0.349978 0.349975 0.349975 0.349976 0.349975 0.349975 0.349976 0.349976 0.349975 0.349976 0.349977 0.349977 0.349977 0.349976 0.000000 0.000000
0.000000 0.000000 0.350112 0.350124 0.350118 0.350112 0.350116 0.350114 0.350118 0.350117 0.350118 0.350115 0.350116 0.350117 0.350118 0.350122 0.350121 0.350121 0.350119 0.000000 0.000000
0.000000 0.000000 0.352121 0.352109 0.352100 0.352087 0.352063 0.352056 0.352056 0.352058 0.352055 0.352061 0.352061 0.352060 0.352070 0.352076 0.352089 0.352098 0.352108 0.000000 0.000000
0.000000 0.000000 0.357031 0.357027 0.356999 0.356955 0.356917 0.356881 0.356889 0.356884 0.356878 0.356880 0.356887 0.356883 0.356900 0.356938 0.356955 0.356973 0.356979 0.000000 0.000000
0.000000 0.000000 0.363542 0.363532 0.363510 0.363466 0.363418 0.363345 0.363347 0.363342 0.363334 0.363336 0.363336 0.363335 0.363390 0.363432 0.363456 0.363477 0.363484 0.000000 0.000000
0.000000 0.000000 0.371397 0.371384 0.371359 0.371297 0.371242 0.371174 0.371176 0.371170 0.371160 0.371159 0.371155 0.371164 0.371213 0.371259 0.371299 0.371313 0.371328 0.000000 0.000000
0.000000 0.000000 0.380288 0.380269 0.380231 0.380183 0.380118 0.380035 0.380044 0.380032 0.380018 0.380015 0.380017 0.380012 0.380083 0.380140 0.380172 0.380190 0.380203 0.000000 0.000000
0.000000 0.000000 0.390569 0.390535 0.390500 0.390448 0.390370 0.390282 0.390282 0.390277 0.390253 0.390260 0.390274 0.390268 0.390324 0.390401 0.390443 0.390464 0.390468 0.000000 0.000000
0.000000 0.000000 0.402898 0.402866 0.402834 0.402707 0.402670 0.402542 0.402576 0.402518 0.402520 0.402510 0.402486 0.402520 0.402588 0.402636 0.402698 0.402724 0.402777 0.000000 0.000000
0.000000 0.000000 0.418000 0.417928 0.417836 0.417786 0.417714 0.417545 0.417536 0.417549 0.417554 0.417504 0.417529 0.417512 0.417650 0.417740 0.417767 0.417794 0.417897 0.000000 0.000000
0.000000 0.000000 0.435072 0.435008 0.434994 0.434859 0.434771 0.434309 0.434296 0.434271 0.434085 0.434214 0.434208 0.434250 0.434573 0.434639 0.434813 0.434837 0.434817 0.000000 0.000000
0.000000 0.000000 0.454307 0.454298 0.454139 0.454080 0.453516 0.453835 0.453715 0.453723 0.453839 0.453723 0.453707 0.453629 0.453359 0.453986 0.453965 0.454113 0.454189 0.000000 0.000000
0.000000 0.000000 0.469265 0.469225 0.469162 0.468745 0.468962 0.468679 0.468633 0.468605 0.468493 0.468474 0.468522 0.468529 0.468774 0.468548 0.469093 0.468959 0.468928 0.000000 0.000000
0.000000 0.000000 0.478743 0.478716 0.478471 0.478494 0.478497 0.478444 0.478529 0.478497 0.478527 0.478510 0.478475 0.478531 0.478549 0.478545 0.478409 0.478726 0.478712 0.000000 0.000000
0.000000 0.000000 0.486100 0.485934 0.485909 0.485822 0.485755 0.485699 0.485673 0.485675 0.485628 0.485627 0.485647 0.485633 0.485684 0.485729 0.485857 0.485836 0.485986 0.000000 0.000000
0.000000 0.000000 0.489881 0.489996 0.490010 0.490024 0.490029 0.489917 0.489966 0.489928 0.489988 0.489974 0.489952 0.489987 0.490067 0.490060 0.489992 0.490031 0.489906 0.000000 0.000000
0.000000 0.000000 0.350000 0.350000 0.350000 0.350000 0.350000 0.350000 0.350000 0.350000 0.350000 0.350000 0.350000 0.350000 0.350000 0.350000 0.350000 0.350000 0.350000 0.000000 0.000000
0.000000 0.000000 0.000000 0.000000 0.000000 0.000000 0.000000 0.000000 0.000000 0.000000 0.000000 0.000000 0.000000 0.000000 0.000000 0.000000 0.000000 0.000000 0.000000 0.000000 0.000000