geotop/1.0zi/1.0Montebello/Templates/testdem/maps/_Eocsand139a.asc
ncols         21
nrows         20
xllcorner     100.000000
yllcorner     100.000000
cellsize      50.000000
NODATA_value  -9999.0
0.000000 0.000000 0.000000 0.000000 0.000000 0.000000 0.000000 0.000000 0.000000 0.000000 0.000000 0.000000 0.000000 0.000000 0.000000 0.000000 0.000000 0.000000 0.000000 0.000000 0.000000
0.000000 0.000000 0.300293 0.300290 0.300290 0.300291 0.300290 0.300290 0.300290 0.300290 0.300291 0.300290 0.300290 0.300291 0.300290 0.300290 0.300291 0.300291 0.300291 0.000000 0.000000
0.000000 0.000000 0.300011 0.300013 0.300014 0.300011 0.300013 0.300014 0.300013 0.300013 0.300013 0.300012 0.300012 0.300013 0.300012 0.300013 0.300014 0.300014 0.300013 0.000000 0.000000
0.000000 0.000000 0.299626 0.299616 0.299631 0.299639 0.299634 0.299645 0.299642 0.299641 0.299645 0.299643 0.299643 0.299638 0.299640 0.299632 0.299628 0.299624 0.299624 0.000000 0.000000
0.000000 0.000000 0.295645 0.295655 0.295672 0.295706 0.295742 0.295756 0.295760 0.295763 0.295771 0.295760 0.295754 0.295759 0.295734 0.295716 0.295697 0.295679 0.295665 0.000000 0.000000
0.000000 0.000000 0.285717 0.285730 0.285776 0.285853 0.285927 0.285993 0.285994 0.286007 0.286016 0.286013 0.286000 0.286008 0.285973 0.285904 0.285872 0.285840 0.285828 0.000000 0.000000
0.000000 0.000000 0.272151 0.272176 0.272219 0.272310 0.272405 0.272548 0.272556 0.272567 0.272584 0.272582 0.272585 0.272582 0.272474 0.272390 0.272340 0.272295 0.272282 0.000000 0.000000
0.000000 0.000000 0.255733 0.255764 0.255810 0.255933 0.256039 0.256176 0.256190 0.256204 0.256227 0.256229 0.256237 0.256218 0.256120 0.256023 0.255940 0.255914 0.255884 0.000000 0.000000
0.000000 0.000000 0.236941 0.236988 0.237062 0.237160 0.237285 0.237457 0.237462 0.237491 0.237519 0.237524 0.237520 0.237531 0.237383 0.237263 0.237196 0.237157 0.237131 0.000000 0.000000
0.000000 0.000000 0.215027 0.215102 0.215173 0.215279 0.215429 0.215613 0.215638 0.215654 0.215702 0.215687 0.215659 0.215670 0.215554 0.215392 0.215306 0.215261 0.215253 0.000000 0.000000
0.000000 0.000000 0.188532 0.188604 0.188665 0.188936 0.188995 0.189263 0.189222 0.189351 0.189343 0.189366 0.189419 0.189344 0.189202 0.189101 0.188971 0.188915 0.188803 0.000000 0.000000
0.000000 0.000000 0.155959 0.156118 0.156310 0.156401 0.156541 0.156893 0.156953 0.156924 0.156912 0.157019 0.156961 0.157001 0.156709 0.156515 0.156462 0.156404 0.156189 0.000000 0.000000
0.000000 0.000000 0.120123 0.120254 0.120266 0.120542 0.120705 0.121646 0.121707 0.121768 0.122157 0.121882 0.121896 0.121805 0.121146 0.121014 0.120654 0.120605 0.120662 0.000000 0.000000
0.000000 0.000000 0.083636 0.083653 0.083923 0.084019 0.084988 0.084414 0.084643 0.084633 0.084420 0.084629 0.084656 0.084794 0.085275 0.084180 0.084226 0.083971 0.083840 0.000000 0.000000
0.000000 0.000000 0.059758 0.059809 0.059915 0.060431 0.060296 0.060579 0.060663 0.060697 0.060810 0.060856 0.060800 0.060806 0.060555 0.060694 0.060034 0.060164 0.060187 0.000000 0.000000
0.000000 0.000000 0.045221 0.045260 0.045469 0.045663 0.045586 0.045744 0.045713 0.045750 0.045774 0.045802 0.045805 0.045767 0.045648 0.045725 0.045553 0.045387 0.045408 0.000000 0.000000
0.000000 0.000000 0.035108 0.035183 0.035340 0.035441 0.035425 0.035522 0.035492 0.035514 0.035531 0.035546 0.035550 0.035525 0.035455 0.035480 0.035403 0.035259 0.035222 0.000000 0.000000
0.000000 0.000000 0.028174 0.028206 0.028323 0.028357 0.028351 0.028423 0.028380 0.028402 0.028393 0.028406 0.028419 0.028391 0.028343 0.028359 0.028370 0.028232 0.028223 0.000000 0.000000
0.000000 0.000000 0.300000 0.300000 0.300000 0.300000 0.300000 0.300000 0.300000 0.300000 0.300000 0.300000 0.300000 0.300000 0.300000 0.300000 0.300000 0.300000 0.300000 0.000000 0.000000
0.000000 0.000000 0.000000 0.000000 0.000000 0.000000 0.000000 0.000000 0.000000 0.000000 0.000000 0.000000 0.000000 0.000000 0.000000 0.000000 0.000000 0.000000 0.000000 0.000000 0.000000