geotop/1.0zi/1.0Montebello/Templates/testdem/maps/_Eocsilt2634.asc
ncols         21
nrows         20
xllcorner     100.000000
yllcorner     100.000000
cellsize      50.000000
NODATA_value  -9999.0
0.000000 0.000000 0.000000 0.000000 0.000000 0.000000 0.000000 0.000000 0.000000 0.000000 0.000000 0.000000 0.000000 0.000000 0.000000 0.000000 0.000000 0.000000 0.000000 0.000000 0.000000
0.000000 0.000000 0.350063 0.350063 0.350063 0.350063 0.350063 0.350063 0.350063 0.350063 0.350062 0.350063 0.350063 0.350063 0.350063 0.350063 0.350063 0.350063 0.350063 0.000000 0.000000
0.000000 0.000000 0.349998 0.349997 0.349998 0.349998 0.349998 0.349998 0.349998 0.349998 0.349998 0.349998 0.349998 0.349998 0.349998 0.349998 0.349998 0.349997 0.349998 0.000000 0.000000
0.000000 0.000000 0.350876 0.350875 0.350873 0.350874 0.350876 0.350876 0.350876 0.350876 0.350876 0.350876 0.350876 0.350876 0.350876 0.350874 0.350873 0.350875 0.350876 0.000000 0.000000
0.000000 0.000000 0.354299 0.354298 0.354296 0.354296 0.354299 0.354298 0.354298 0.354300 0.354300 0.354300 0.354298 0.354298 0.354299 0.354296 0.354296 0.354298 0.354299 0.000000 0.000000
0.000000 0.000000 0.358733 0.358733 0.358731 0.358731 0.358734 0.358733 0.358733 0.358734 0.358734 0.358734 0.358733 0.358733 0.358734 0.358731 0.358731 0.358733 0.358733 0.000000 0.000000
0.000000 0.000000 0.362796 0.362796 0.362794 0.362795 0.362796 0.362796 0.362796 0.362797 0.362797 0.362797 0.362796 0.362796 0.362796 0.362795 0.362794 0.362796 0.362796 0.000000 0.000000
0.000000 0.000000 0.366502 0.366501 0.366500 0.366500 0.366502 0.366501 0.366501 0.366502 0.366502 0.366502 0.366501 0.366501 0.366502 0.366500 0.366500 0.366501 0.366502 0.000000 0.000000
0.000000 0.000000 0.369950 0.369950 0.369949 0.369949 0.369951 0.369950 0.369950 0.369951 0.369951 0.369951 0.369950 0.369950 0.369951 0.369949 0.369949 0.369950 0.369950 0.000000 0.000000
0.000000 0.000000 0.373222 0.373222 0.373221 0.373221 0.373222 0.373222 0.373222 0.373223 0.373223 0.373223 0.373222 0.373222 0.373222 0.373221 0.373221 0.373222 0.373222 0.000000 0.000000
0.000000 0.000000 0.376357 0.376356 0.376355 0.376356 0.376357 0.376357 0.376357 0.376357 0.376357 0.376357 0.376357 0.376357 0.376357 0.376356 0.376355 0.376356 0.376357 0.000000 0.000000
0.000000 0.000000 0.379383 0.379382 0.379381 0.379382 0.379383 0.379383 0.379383 0.379383 0.379383 0.379383 0.379383 0.379383 0.379383 0.379382 0.379381 0.379382 0.379383 0.000000 0.000000
0.000000 0.000000 0.382322 0.382322 0.382321 0.382321 0.382322 0.382322 0.382322 0.382323 0.382323 0.382323 0.382322 0.382322 0.382322 0.382321 0.382321 0.382322 0.382322 0.000000 0.000000
0.000000 0.000000 0.385189 0.385189 0.385188 0.385189 0.385190 0.385189 0.385189 0.385190 0.385190 0.385190 0.385189 0.385189 0.385190 0.385189 0.385188 0.385189 0.385189 0.000000 0.000000
0.000000 0.000000 0.387994 0.387993 0.387992 0.387993 0.387994 0.387993 0.387993 0.387994 0.387994 0.387994 0.387993 0.387993 0.387994 0.387993 0.387992 0.387993 0.387994 0.000000 0.000000
0.000000 0.000000 0.390740 0.390740 0.390739 0.390739 0.390740 0.390740 0.390740 0.390741 0.390741 0.390741 0.390740 0.390740 0.390740 0.390739 0.390739 0.390740 0.390740 0.000000 0.000000
0.000000 0.000000 0.393432 0.393432 0.393431 0.393431 0.393432 0.393432 0.393432 0.393432 0.393433 0.393432 0.393432 0.393432 0.393432 0.393431 0.393431 0.393432 0.393432 0.000000 0.000000
0.000000 0.000000 0.396106 0.396106 0.396105 0.396106 0.396107 0.396106 0.396107 0.396107 0.396107 0.396107 0.396107 0.396106 0.396107 0.396106 0.396105 0.396106 0.396107 0.000000 0.000000
0.000000 0.000000 0.350000 0.350000 0.350000 0.350000 0.350000 0.350000 0.350000 0.350000 0.350000 0.350000 0.350000 0.350000 0.350000 0.350000 0.350000 0.350000 0.350000 0.000000 0.000000
0.000000 0.000000 0.000000 0.000000 0.000000 0.000000 0.000000 0.000000 0.000000 0.000000 0.000000 0.000000 0.000000 0.000000 0.000000 0.000000 0.000000 0.000000 0.000000 0.000000 0.000000