geotop/1.0zi/1.0Montebello/Templates/testdem/maps/_Eocsand3711.asc
ncols         21
nrows         20
xllcorner     100.000000
yllcorner     100.000000
cellsize      50.000000
NODATA_value  -9999.0
0.000000 0.000000 0.000000 0.000000 0.000000 0.000000 0.000000 0.000000 0.000000 0.000000 0.000000 0.000000 0.000000 0.000000 0.000000 0.000000 0.000000 0.000000 0.000000 0.000000 0.000000
0.000000 0.000000 0.300093 0.300092 0.300092 0.300092 0.300092 0.300092 0.300093 0.300092 0.300092 0.300093 0.300092 0.300092 0.300092 0.300092 0.300093 0.300092 0.300093 0.000000 0.000000
0.000000 0.000000 0.300004 0.300003 0.300003 0.300003 0.300003 0.300003 0.300003 0.300003 0.300003 0.300004 0.300003 0.300003 0.300003 0.300003 0.300005 0.300005 0.300005 0.000000 0.000000
0.000000 0.000000 0.299971 0.299972 0.299973 0.299975 0.299972 0.299975 0.299972 0.299973 0.299972 0.299974 0.299974 0.299976 0.299975 0.299971 0.299971 0.299970 0.299971 0.000000 0.000000
0.000000 0.000000 0.299289 0.299283 0.299288 0.299289 0.299297 0.299304 0.299305 0.299308 0.299308 0.299306 0.299306 0.299305 0.299297 0.299299 0.299297 0.299293 0.299290 0.000000 0.000000
0.000000 0.000000 0.297146 0.297140 0.297148 0.297162 0.297174 0.297196 0.297196 0.297206 0.297198 0.297195 0.297190 0.297188 0.297185 0.297176 0.297171 0.297168 0.297162 0.000000 0.000000
0.000000 0.000000 0.294036 0.294034 0.294042 0.294068 0.294100 0.294137 0.294137 0.294144 0.294137 0.294137 0.294132 0.294123 0.294093 0.294068 0.294060 0.294055 0.294046 0.000000 0.000000
0.000000 0.000000 0.290527 0.290527 0.290537 0.290569 0.290606 0.290643 0.290641 0.290647 0.290645 0.290645 0.290641 0.290632 0.290593 0.290566 0.290552 0.290549 0.290540 0.000000 0.000000
0.000000 0.000000 0.287012 0.287015 0.287030 0.287055 0.287090 0.287132 0.287130 0.287138 0.287136 0.287134 0.287130 0.287120 0.287084 0.287053 0.287042 0.287036 0.287023 0.000000 0.000000
0.000000 0.000000 0.283523 0.283527 0.283539 0.283565 0.283606 0.283645 0.283640 0.283646 0.283645 0.283643 0.283640 0.283633 0.283593 0.283562 0.283551 0.283546 0.283536 0.000000 0.000000
0.000000 0.000000 0.280014 0.280018 0.280031 0.280052 0.280084 0.280130 0.280126 0.280135 0.280134 0.280131 0.280128 0.280120 0.280085 0.280064 0.280048 0.280042 0.280029 0.000000 0.000000
0.000000 0.000000 0.276412 0.276416 0.276431 0.276460 0.276495 0.276539 0.276540 0.276546 0.276544 0.276545 0.276539 0.276532 0.276488 0.276461 0.276447 0.276442 0.276400 0.000000 0.000000
0.000000 0.000000 0.272793 0.272798 0.272814 0.272838 0.272877 0.272958 0.272958 0.272965 0.272965 0.272963 0.272960 0.272949 0.272879 0.272847 0.272832 0.272826 0.272799 0.000000 0.000000
0.000000 0.000000 0.268998 0.269009 0.269023 0.269047 0.269131 0.269158 0.269171 0.269177 0.269175 0.269174 0.269171 0.269162 0.269133 0.269061 0.269045 0.269029 0.269013 0.000000 0.000000
0.000000 0.000000 0.264947 0.264956 0.264985 0.265053 0.265101 0.265153 0.265179 0.265187 0.265197 0.265197 0.265186 0.265185 0.265143 0.265090 0.265011 0.265014 0.265001 0.000000 0.000000
0.000000 0.000000 0.260810 0.260819 0.260900 0.260922 0.260956 0.260987 0.260993 0.260996 0.260992 0.260993 0.260995 0.260973 0.260954 0.260930 0.260925 0.260848 0.260826 0.000000 0.000000
0.000000 0.000000 0.256268 0.256359 0.256435 0.256470 0.256533 0.256566 0.256574 0.256578 0.256587 0.256586 0.256578 0.256575 0.256550 0.256492 0.256454 0.256409 0.256315 0.000000 0.000000
0.000000 0.000000 0.252642 0.252670 0.252623 0.252669 0.252729 0.252828 0.252839 0.252849 0.252846 0.252846 0.252843 0.252828 0.252739 0.252684 0.252623 0.252703 0.252657 0.000000 0.000000
0.000000 0.000000 0.300000 0.300000 0.300000 0.300000 0.300000 0.300000 0.300000 0.300000 0.300000 0.300000 0.300000 0.300000 0.300000 0.300000 0.300000 0.300000 0.300000 0.000000 0.000000
0.000000 0.000000 0.000000 0.000000 0.000000 0.000000 0.000000 0.000000 0.000000 0.000000 0.000000 0.000000 0.000000 0.000000 0.000000 0.000000 0.000000 0.000000 0.000000 0.000000 0.000000