geotop/1.0zi/1.0Montebello/Templates/testdem/maps/_Eocsand6335.asc
ncols         21
nrows         20
xllcorner     100.000000
yllcorner     100.000000
cellsize      50.000000
NODATA_value  -9999.0
0.000000 0.000000 0.000000 0.000000 0.000000 0.000000 0.000000 0.000000 0.000000 0.000000 0.000000 0.000000 0.000000 0.000000 0.000000 0.000000 0.000000 0.000000 0.000000 0.000000 0.000000
0.000000 0.000000 0.300156 0.300155 0.300154 0.300155 0.300154 0.300154 0.300154 0.300154 0.300155 0.300154 0.300155 0.300155 0.300154 0.300154 0.300156 0.300156 0.300155 0.000000 0.000000
0.000000 0.000000 0.300009 0.300010 0.300009 0.300008 0.300009 0.300009 0.300009 0.300009 0.300009 0.300009 0.300008 0.300009 0.300009 0.300009 0.300010 0.300010 0.300011 0.000000 0.000000
0.000000 0.000000 0.299963 0.299962 0.299966 0.299971 0.299969 0.299971 0.299967 0.299970 0.299967 0.299970 0.299969 0.299970 0.299968 0.299963 0.299963 0.299960 0.299960 0.000000 0.000000
0.000000 0.000000 0.298789 0.298783 0.298789 0.298798 0.298815 0.298824 0.298825 0.298825 0.298829 0.298829 0.298831 0.298829 0.298816 0.298813 0.298806 0.298796 0.298784 0.000000 0.000000
0.000000 0.000000 0.295268 0.295264 0.295278 0.295316 0.295335 0.295372 0.295372 0.295382 0.295375 0.295371 0.295367 0.295370 0.295358 0.295336 0.295317 0.295301 0.295290 0.000000 0.000000
0.000000 0.000000 0.290009 0.290013 0.290026 0.290065 0.290111 0.290165 0.290165 0.290173 0.290169 0.290168 0.290170 0.290167 0.290124 0.290080 0.290058 0.290038 0.290022 0.000000 0.000000
0.000000 0.000000 0.283638 0.283637 0.283645 0.283687 0.283733 0.283792 0.283792 0.283798 0.283799 0.283800 0.283803 0.283795 0.283746 0.283704 0.283668 0.283659 0.283637 0.000000 0.000000
0.000000 0.000000 0.277003 0.277010 0.277030 0.277057 0.277102 0.277165 0.277162 0.277175 0.277180 0.277178 0.277179 0.277181 0.277121 0.277074 0.277042 0.277031 0.277011 0.000000 0.000000
0.000000 0.000000 0.270243 0.270254 0.270263 0.270285 0.270350 0.270407 0.270404 0.270411 0.270420 0.270413 0.270404 0.270411 0.270361 0.270306 0.270273 0.270266 0.270251 0.000000 0.000000
0.000000 0.000000 0.263201 0.263206 0.263215 0.263263 0.263307 0.263370 0.263356 0.263388 0.263387 0.263385 0.263394 0.263374 0.263334 0.263300 0.263262 0.263242 0.263212 0.000000 0.000000
0.000000 0.000000 0.255725 0.255737 0.255761 0.255797 0.255838 0.255916 0.255914 0.255930 0.255913 0.255933 0.255929 0.255922 0.255849 0.255815 0.255788 0.255777 0.255702 0.000000 0.000000
0.000000 0.000000 0.247963 0.247980 0.247990 0.248030 0.248068 0.248231 0.248233 0.248246 0.248282 0.248263 0.248251 0.248238 0.248116 0.248082 0.248020 0.248015 0.247964 0.000000 0.000000
0.000000 0.000000 0.239423 0.239432 0.239459 0.239489 0.239654 0.239688 0.239726 0.239727 0.239737 0.239732 0.239735 0.239740 0.239721 0.239551 0.239501 0.239459 0.239406 0.000000 0.000000
0.000000 0.000000 0.229887 0.229895 0.229936 0.230118 0.230164 0.230262 0.230323 0.230335 0.230367 0.230389 0.230365 0.230377 0.230296 0.230229 0.229975 0.229998 0.229967 0.000000 0.000000
0.000000 0.000000 0.219675 0.219685 0.219932 0.219957 0.219969 0.220027 0.219969 0.220000 0.219972 0.220000 0.220030 0.219975 0.219938 0.219919 0.219965 0.219650 0.219644 0.000000 0.000000
0.000000 0.000000 0.207713 0.208056 0.208139 0.208241 0.208411 0.208482 0.208522 0.208520 0.208602 0.208605 0.208567 0.208590 0.208499 0.208371 0.208163 0.208141 0.207783 0.000000 0.000000
0.000000 0.000000 0.199564 0.199479 0.199158 0.199231 0.199327 0.199646 0.199648 0.199722 0.199657 0.199677 0.199662 0.199647 0.199354 0.199284 0.199105 0.199428 0.199490 0.000000 0.000000
0.000000 0.000000 0.300000 0.300000 0.300000 0.300000 0.300000 0.300000 0.300000 0.300000 0.300000 0.300000 0.300000 0.300000 0.300000 0.300000 0.300000 0.300000 0.300000 0.000000 0.000000
0.000000 0.000000 0.000000 0.000000 0.000000 0.000000 0.000000 0.000000 0.000000 0.000000 0.000000 0.000000 0.000000 0.000000 0.000000 0.000000 0.000000 0.000000 0.000000 0.000000 0.000000