geotop/1.0zi/1.0Montebello/Templates/testdem/maps/_Eocsand0215.asc
ncols         21
nrows         20
xllcorner     100.000000
yllcorner     100.000000
cellsize      50.000000
NODATA_value  -9999.0
0.000000 0.000000 0.000000 0.000000 0.000000 0.000000 0.000000 0.000000 0.000000 0.000000 0.000000 0.000000 0.000000 0.000000 0.000000 0.000000 0.000000 0.000000 0.000000 0.000000 0.000000
0.000000 0.000000 0.300012 0.300012 0.300012 0.300012 0.300012 0.300012 0.300012 0.300012 0.300012 0.300012 0.300012 0.300012 0.300012 0.300012 0.300012 0.300012 0.300012 0.000000 0.000000
0.000000 0.000000 0.299996 0.299996 0.299997 0.299996 0.299996 0.299996 0.299996 0.299996 0.299996 0.299996 0.299996 0.299996 0.299996 0.299996 0.299997 0.299996 0.299996 0.000000 0.000000
0.000000 0.000000 0.299608 0.299608 0.299612 0.299609 0.299608 0.299608 0.299608 0.299608 0.299608 0.299608 0.299608 0.299608 0.299608 0.299609 0.299612 0.299608 0.299608 0.000000 0.000000
0.000000 0.000000 0.298608 0.298608 0.298610 0.298608 0.298608 0.298608 0.298608 0.298608 0.298608 0.298608 0.298608 0.298608 0.298608 0.298608 0.298610 0.298608 0.298608 0.000000 0.000000
0.000000 0.000000 0.297712 0.297712 0.297713 0.297712 0.297712 0.297712 0.297712 0.297712 0.297712 0.297712 0.297712 0.297712 0.297712 0.297712 0.297713 0.297712 0.297712 0.000000 0.000000
0.000000 0.000000 0.296924 0.296924 0.296924 0.296924 0.296924 0.296924 0.296924 0.296924 0.296924 0.296924 0.296924 0.296924 0.296924 0.296924 0.296924 0.296924 0.296924 0.000000 0.000000
0.000000 0.000000 0.296212 0.296211 0.296212 0.296212 0.296212 0.296212 0.296212 0.296212 0.296212 0.296212 0.296212 0.296212 0.296212 0.296212 0.296212 0.296211 0.296212 0.000000 0.000000
0.000000 0.000000 0.295551 0.295550 0.295550 0.295551 0.295551 0.295551 0.295551 0.295551 0.295551 0.295551 0.295551 0.295551 0.295551 0.295551 0.295550 0.295550 0.295551 0.000000 0.000000
0.000000 0.000000 0.294919 0.294919 0.294919 0.294919 0.294919 0.294919 0.294919 0.294919 0.294919 0.294919 0.294919 0.294919 0.294919 0.294919 0.294919 0.294919 0.294919 0.000000 0.000000
0.000000 0.000000 0.294313 0.294313 0.294312 0.294313 0.294313 0.294313 0.294313 0.294313 0.294313 0.294313 0.294313 0.294313 0.294313 0.294313 0.294312 0.294313 0.294313 0.000000 0.000000
0.000000 0.000000 0.293725 0.293725 0.293724 0.293725 0.293725 0.293725 0.293725 0.293725 0.293725 0.293725 0.293725 0.293725 0.293725 0.293725 0.293724 0.293725 0.293725 0.000000 0.000000
0.000000 0.000000 0.293150 0.293150 0.293150 0.293150 0.293150 0.293150 0.293150 0.293150 0.293150 0.293150 0.293150 0.293150 0.293150 0.293150 0.293150 0.293150 0.293150 0.000000 0.000000
0.000000 0.000000 0.292591 0.292591 0.292591 0.292591 0.292591 0.292591 0.292591 0.292591 0.292591 0.292591 0.292591 0.292591 0.292591 0.292591 0.292591 0.292591 0.292591 0.000000 0.000000
0.000000 0.000000 0.292042 0.292042 0.292042 0.292042 0.292042 0.292042 0.292042 0.292042 0.292042 0.292042 0.292042 0.292042 0.292042 0.292042 0.292042 0.292042 0.292042 0.000000 0.000000
0.000000 0.000000 0.291499 0.291499 0.291498 0.291499 0.291499 0.291499 0.291499 0.291499 0.291499 0.291499 0.291499 0.291499 0.291499 0.291499 0.291498 0.291499 0.291499 0.000000 0.000000
0.000000 0.000000 0.290971 0.290971 0.290971 0.290971 0.290971 0.290971 0.290971 0.290971 0.290971 0.290971 0.290971 0.290971 0.290971 0.290971 0.290971 0.290971 0.290971 0.000000 0.000000
0.000000 0.000000 0.290403 0.290402 0.290402 0.290403 0.290403 0.290403 0.290403 0.290403 0.290403 0.290403 0.290403 0.290403 0.290403 0.290403 0.290402 0.290402 0.290403 0.000000 0.000000
0.000000 0.000000 0.300000 0.300000 0.300000 0.300000 0.300000 0.300000 0.300000 0.300000 0.300000 0.300000 0.300000 0.300000 0.300000 0.300000 0.300000 0.300000 0.300000 0.000000 0.000000
0.000000 0.000000 0.000000 0.000000 0.000000 0.000000 0.000000 0.000000 0.000000 0.000000 0.000000 0.000000 0.000000 0.000000 0.000000 0.000000 0.000000 0.000000 0.000000 0.000000 0.000000