geotop/1.0zi/1.0Montebello/Templates/testdem/maps/_Eocsand9040.asc
ncols         21
nrows         20
xllcorner     100.000000
yllcorner     100.000000
cellsize      50.000000
NODATA_value  -9999.0
0.000000 0.000000 0.000000 0.000000 0.000000 0.000000 0.000000 0.000000 0.000000 0.000000 0.000000 0.000000 0.000000 0.000000 0.000000 0.000000 0.000000 0.000000 0.000000 0.000000 0.000000
0.000000 0.000000 0.300227 0.300224 0.300224 0.300225 0.300224 0.300224 0.300224 0.300224 0.300225 0.300224 0.300224 0.300224 0.300224 0.300224 0.300226 0.300225 0.300225 0.000000 0.000000
0.000000 0.000000 0.300012 0.300014 0.300014 0.300012 0.300013 0.300014 0.300013 0.300013 0.300013 0.300013 0.300012 0.300013 0.300013 0.300013 0.300014 0.300014 0.300015 0.000000 0.000000
0.000000 0.000000 0.299856 0.299856 0.299862 0.299870 0.299869 0.299873 0.299867 0.299868 0.299869 0.299868 0.299867 0.299869 0.299864 0.299858 0.299855 0.299856 0.299855 0.000000 0.000000
0.000000 0.000000 0.297526 0.297529 0.297544 0.297571 0.297597 0.297601 0.297604 0.297606 0.297607 0.297603 0.297601 0.297600 0.297578 0.297567 0.297554 0.297550 0.297538 0.000000 0.000000
0.000000 0.000000 0.290929 0.290941 0.290973 0.291024 0.291075 0.291121 0.291119 0.291132 0.291124 0.291124 0.291115 0.291119 0.291090 0.291047 0.291024 0.291012 0.290998 0.000000 0.000000
0.000000 0.000000 0.281816 0.281837 0.281862 0.281923 0.281995 0.282090 0.282085 0.282094 0.282095 0.282094 0.282096 0.282091 0.282012 0.281953 0.281917 0.281897 0.281881 0.000000 0.000000
0.000000 0.000000 0.271011 0.271033 0.271055 0.271126 0.271199 0.271287 0.271284 0.271295 0.271297 0.271302 0.271308 0.271290 0.271216 0.271152 0.271095 0.271089 0.271061 0.000000 0.000000
0.000000 0.000000 0.259300 0.259331 0.259368 0.259418 0.259502 0.259602 0.259592 0.259613 0.259621 0.259625 0.259621 0.259625 0.259523 0.259447 0.259404 0.259393 0.259366 0.000000 0.000000
0.000000 0.000000 0.246626 0.246665 0.246689 0.246742 0.246859 0.246948 0.246945 0.246958 0.246974 0.246965 0.246952 0.246957 0.246874 0.246778 0.246728 0.246717 0.246703 0.000000 0.000000
0.000000 0.000000 0.232538 0.232567 0.232593 0.232712 0.232788 0.232904 0.232872 0.232941 0.232929 0.232937 0.232960 0.232920 0.232833 0.232775 0.232703 0.232681 0.232625 0.000000 0.000000
0.000000 0.000000 0.216490 0.216545 0.216612 0.216676 0.216781 0.216921 0.216923 0.216932 0.216905 0.216959 0.216935 0.216936 0.216784 0.216701 0.216665 0.216651 0.216525 0.000000 0.000000
0.000000 0.000000 0.198723 0.198785 0.198800 0.198926 0.199011 0.199424 0.199424 0.199445 0.199571 0.199497 0.199483 0.199444 0.199125 0.199049 0.198900 0.198904 0.198854 0.000000 0.000000
0.000000 0.000000 0.177167 0.177194 0.177304 0.177384 0.177955 0.177830 0.177938 0.177935 0.177877 0.177934 0.177946 0.177994 0.178102 0.177496 0.177450 0.177320 0.177223 0.000000 0.000000
0.000000 0.000000 0.151545 0.151627 0.151752 0.152503 0.152317 0.152715 0.152847 0.152887 0.153033 0.153106 0.153023 0.153028 0.152646 0.152801 0.151824 0.152046 0.152056 0.000000 0.000000
0.000000 0.000000 0.124671 0.124735 0.125771 0.125341 0.125478 0.125483 0.125044 0.125167 0.124937 0.124990 0.125177 0.124925 0.124991 0.124875 0.125883 0.124361 0.124386 0.000000 0.000000
0.000000 0.000000 0.094776 0.096100 0.095656 0.096244 0.096901 0.097099 0.097536 0.097431 0.097873 0.097821 0.097564 0.097835 0.097477 0.096993 0.095719 0.096725 0.095363 0.000000 0.000000
0.000000 0.000000 0.086461 0.085461 0.084573 0.084600 0.084558 0.085435 0.085274 0.085534 0.085105 0.085194 0.085261 0.085119 0.084395 0.084422 0.084438 0.085144 0.086144 0.000000 0.000000
0.000000 0.000000 0.300000 0.300000 0.300000 0.300000 0.300000 0.300000 0.300000 0.300000 0.300000 0.300000 0.300000 0.300000 0.300000 0.300000 0.300000 0.300000 0.300000 0.000000 0.000000
0.000000 0.000000 0.000000 0.000000 0.000000 0.000000 0.000000 0.000000 0.000000 0.000000 0.000000 0.000000 0.000000 0.000000 0.000000 0.000000 0.000000 0.000000 0.000000 0.000000 0.000000