geotop/1.0zi/1.0Montebello/Templates/testdem/maps/_Eocsilt3859.asc
ncols         21
nrows         20
xllcorner     100.000000
yllcorner     100.000000
cellsize      50.000000
NODATA_value  -9999.0
0.000000 0.000000 0.000000 0.000000 0.000000 0.000000 0.000000 0.000000 0.000000 0.000000 0.000000 0.000000 0.000000 0.000000 0.000000 0.000000 0.000000 0.000000 0.000000 0.000000 0.000000
0.000000 0.000000 0.350078 0.350078 0.350078 0.350078 0.350078 0.350078 0.350078 0.350078 0.350078 0.350078 0.350078 0.350078 0.350078 0.350078 0.350078 0.350078 0.350078 0.000000 0.000000
0.000000 0.000000 0.350001 0.350002 0.350002 0.350002 0.350003 0.350003 0.350003 0.350003 0.350003 0.350003 0.350003 0.350003 0.350002 0.350002 0.350001 0.350001 0.350001 0.000000 0.000000
0.000000 0.000000 0.350032 0.350031 0.350031 0.350027 0.350029 0.350026 0.350028 0.350029 0.350028 0.350028 0.350028 0.350027 0.350028 0.350030 0.350031 0.350032 0.350032 0.000000 0.000000
0.000000 0.000000 0.350374 0.350378 0.350374 0.350377 0.350375 0.350373 0.350372 0.350369 0.350369 0.350370 0.350372 0.350372 0.350372 0.350371 0.350371 0.350375 0.350377 0.000000 0.000000
0.000000 0.000000 0.351425 0.351426 0.351422 0.351415 0.351409 0.351395 0.351395 0.351391 0.351395 0.351396 0.351396 0.351398 0.351405 0.351411 0.351413 0.351412 0.351413 0.000000 0.000000
0.000000 0.000000 0.352967 0.352969 0.352966 0.352951 0.352935 0.352918 0.352919 0.352916 0.352920 0.352919 0.352920 0.352925 0.352940 0.352953 0.352955 0.352958 0.352964 0.000000 0.000000
0.000000 0.000000 0.354742 0.354740 0.354735 0.354719 0.354700 0.354682 0.354683 0.354679 0.354680 0.354680 0.354681 0.354686 0.354707 0.354722 0.354731 0.354731 0.354735 0.000000 0.000000
0.000000 0.000000 0.356527 0.356524 0.356516 0.356504 0.356486 0.356464 0.356464 0.356460 0.356461 0.356462 0.356464 0.356470 0.356489 0.356506 0.356511 0.356515 0.356521 0.000000 0.000000
0.000000 0.000000 0.358297 0.358295 0.358288 0.358275 0.358254 0.358235 0.358237 0.358234 0.358235 0.358235 0.358236 0.358240 0.358262 0.358278 0.358283 0.358285 0.358290 0.000000 0.000000
0.000000 0.000000 0.360068 0.360065 0.360059 0.360048 0.360031 0.360009 0.360010 0.360005 0.360006 0.360007 0.360008 0.360013 0.360031 0.360044 0.360051 0.360053 0.360059 0.000000 0.000000
0.000000 0.000000 0.361888 0.361885 0.361877 0.361862 0.361845 0.361823 0.361822 0.361819 0.361820 0.361819 0.361822 0.361826 0.361849 0.361864 0.361870 0.361872 0.361893 0.000000 0.000000
0.000000 0.000000 0.363718 0.363715 0.363707 0.363694 0.363674 0.363634 0.363633 0.363629 0.363630 0.363630 0.363631 0.363637 0.363674 0.363691 0.363698 0.363700 0.363713 0.000000 0.000000
0.000000 0.000000 0.365639 0.365633 0.365626 0.365613 0.365570 0.365557 0.365550 0.365547 0.365548 0.365548 0.365549 0.365554 0.365570 0.365608 0.365615 0.365622 0.365629 0.000000 0.000000
0.000000 0.000000 0.367692 0.367687 0.367672 0.367637 0.367613 0.367586 0.367573 0.367569 0.367564 0.367564 0.367569 0.367570 0.367593 0.367621 0.367659 0.367656 0.367662 0.000000 0.000000
0.000000 0.000000 0.369790 0.369786 0.369744 0.369733 0.369715 0.369699 0.369696 0.369694 0.369696 0.369696 0.369694 0.369706 0.369717 0.369730 0.369731 0.369769 0.369780 0.000000 0.000000
0.000000 0.000000 0.372098 0.372052 0.372013 0.371995 0.371963 0.371946 0.371942 0.371939 0.371934 0.371935 0.371939 0.371941 0.371955 0.371986 0.372003 0.372025 0.372072 0.000000 0.000000
0.000000 0.000000 0.373936 0.373922 0.373946 0.373922 0.373892 0.373841 0.373835 0.373830 0.373832 0.373832 0.373833 0.373841 0.373888 0.373916 0.373945 0.373903 0.373926 0.000000 0.000000
0.000000 0.000000 0.350000 0.350000 0.350000 0.350000 0.350000 0.350000 0.350000 0.350000 0.350000 0.350000 0.350000 0.350000 0.350000 0.350000 0.350000 0.350000 0.350000 0.000000 0.000000
0.000000 0.000000 0.000000 0.000000 0.000000 0.000000 0.000000 0.000000 0.000000 0.000000 0.000000 0.000000 0.000000 0.000000 0.000000 0.000000 0.000000 0.000000 0.000000 0.000000 0.000000