geotop/1.0zi/1.0Montebello/Templates/testdem/maps/_Eocclay3984.asc
ncols         21
nrows         20
xllcorner     100.000000
yllcorner     100.000000
cellsize      50.000000
NODATA_value  -9999.0
0.000000 0.000000 0.000000 0.000000 0.000000 0.000000 0.000000 0.000000 0.000000 0.000000 0.000000 0.000000 0.000000 0.000000 0.000000 0.000000 0.000000 0.000000 0.000000 0.000000 0.000000
0.000000 0.000000 0.349814 0.349815 0.349815 0.349815 0.349815 0.349815 0.349815 0.349815 0.349815 0.349815 0.349815 0.349815 0.349815 0.349815 0.349815 0.349815 0.349815 0.000000 0.000000
0.000000 0.000000 0.349994 0.349994 0.349994 0.349994 0.349994 0.349994 0.349994 0.349994 0.349994 0.349993 0.349994 0.349994 0.349994 0.349994 0.349994 0.349994 0.349994 0.000000 0.000000
0.000000 0.000000 0.349994 0.349995 0.349993 0.349994 0.349995 0.349995 0.349995 0.349994 0.349995 0.349994 0.349994 0.349993 0.349996 0.349997 0.349995 0.349996 0.349994 0.000000 0.000000
0.000000 0.000000 0.350334 0.350337 0.350336 0.350335 0.350329 0.350327 0.350328 0.350327 0.350326 0.350328 0.350325 0.350324 0.350329 0.350330 0.350330 0.350329 0.350332 0.000000 0.000000
0.000000 0.000000 0.351483 0.351484 0.351480 0.351472 0.351470 0.351460 0.351461 0.351456 0.351460 0.351460 0.351462 0.351461 0.351459 0.351464 0.351469 0.351473 0.351477 0.000000 0.000000
0.000000 0.000000 0.353161 0.353157 0.353154 0.353144 0.353134 0.353116 0.353116 0.353112 0.353115 0.353115 0.353115 0.353114 0.353128 0.353143 0.353149 0.353152 0.353155 0.000000 0.000000
0.000000 0.000000 0.355053 0.355052 0.355048 0.355034 0.355022 0.355005 0.355007 0.355004 0.355005 0.355004 0.355001 0.355000 0.355018 0.355032 0.355039 0.355042 0.355047 0.000000 0.000000
0.000000 0.000000 0.356937 0.356934 0.356927 0.356917 0.356905 0.356886 0.356888 0.356884 0.356884 0.356885 0.356882 0.356883 0.356899 0.356916 0.356923 0.356924 0.356931 0.000000 0.000000
0.000000 0.000000 0.358811 0.358808 0.358803 0.358792 0.358776 0.358758 0.358761 0.358758 0.358759 0.358759 0.358756 0.358755 0.358774 0.358791 0.358798 0.358800 0.358805 0.000000 0.000000
0.000000 0.000000 0.360714 0.360710 0.360704 0.360696 0.360684 0.360663 0.360666 0.360661 0.360662 0.360662 0.360659 0.360659 0.360675 0.360687 0.360696 0.360699 0.360705 0.000000 0.000000
0.000000 0.000000 0.362672 0.362669 0.362661 0.362649 0.362636 0.362616 0.362616 0.362613 0.362614 0.362612 0.362611 0.362609 0.362631 0.362646 0.362653 0.362655 0.362677 0.000000 0.000000
0.000000 0.000000 0.364645 0.364641 0.364634 0.364624 0.364609 0.364568 0.364569 0.364565 0.364565 0.364565 0.364562 0.364563 0.364599 0.364617 0.364625 0.364627 0.364641 0.000000 0.000000
0.000000 0.000000 0.366721 0.366714 0.366708 0.366697 0.366657 0.366646 0.366640 0.366637 0.366638 0.366637 0.366634 0.366634 0.366648 0.366688 0.366696 0.366704 0.366712 0.000000 0.000000
0.000000 0.000000 0.368944 0.368939 0.368924 0.368889 0.368869 0.368845 0.368832 0.368827 0.368822 0.368820 0.368821 0.368817 0.368838 0.368868 0.368910 0.368908 0.368914 0.000000 0.000000
0.000000 0.000000 0.371224 0.371219 0.371174 0.371166 0.371154 0.371141 0.371138 0.371137 0.371139 0.371138 0.371131 0.371138 0.371146 0.371160 0.371161 0.371204 0.371215 0.000000 0.000000
0.000000 0.000000 0.373737 0.373684 0.373644 0.373627 0.373599 0.373585 0.373581 0.373579 0.373574 0.373573 0.373572 0.373568 0.373580 0.373614 0.373633 0.373657 0.373709 0.000000 0.000000
0.000000 0.000000 0.375724 0.375709 0.375738 0.375717 0.375691 0.375639 0.375634 0.375628 0.375631 0.375629 0.375625 0.375628 0.375676 0.375706 0.375738 0.375691 0.375715 0.000000 0.000000
0.000000 0.000000 0.350000 0.350000 0.350000 0.350000 0.350000 0.350000 0.350000 0.350000 0.350000 0.350000 0.350000 0.350000 0.350000 0.350000 0.350000 0.350000 0.350000 0.000000 0.000000
0.000000 0.000000 0.000000 0.000000 0.000000 0.000000 0.000000 0.000000 0.000000 0.000000 0.000000 0.000000 0.000000 0.000000 0.000000 0.000000 0.000000 0.000000 0.000000 0.000000 0.000000