geotop/1.0zi/1.0Montebello/Templates/testdem/maps/_Eocclay5227.asc
ncols         21
nrows         20
xllcorner     100.000000
yllcorner     100.000000
cellsize      50.000000
NODATA_value  -9999.0
0.000000 0.000000 0.000000 0.000000 0.000000 0.000000 0.000000 0.000000 0.000000 0.000000 0.000000 0.000000 0.000000 0.000000 0.000000 0.000000 0.000000 0.000000 0.000000 0.000000 0.000000
0.000000 0.000000 0.349766 0.349766 0.349766 0.349767 0.349767 0.349767 0.349766 0.349766 0.349766 0.349766 0.349766 0.349766 0.349767 0.349766 0.349766 0.349766 0.349766 0.000000 0.000000
0.000000 0.000000 0.349990 0.349991 0.349991 0.349991 0.349990 0.349990 0.349990 0.349990 0.349990 0.349990 0.349991 0.349991 0.349991 0.349991 0.349990 0.349990 0.349990 0.000000 0.000000
0.000000 0.000000 0.349989 0.349991 0.349989 0.349989 0.349991 0.349991 0.349991 0.349990 0.349991 0.349990 0.349990 0.349989 0.349991 0.349993 0.349991 0.349992 0.349991 0.000000 0.000000
0.000000 0.000000 0.350391 0.350391 0.350391 0.350386 0.350376 0.350373 0.350374 0.350377 0.350374 0.350376 0.350371 0.350371 0.350375 0.350374 0.350379 0.350380 0.350383 0.000000 0.000000
0.000000 0.000000 0.351829 0.351832 0.351827 0.351810 0.351805 0.351790 0.351789 0.351785 0.351789 0.351789 0.351792 0.351792 0.351795 0.351805 0.351810 0.351822 0.351826 0.000000 0.000000
0.000000 0.000000 0.353921 0.353919 0.353918 0.353902 0.353885 0.353860 0.353860 0.353857 0.353859 0.353861 0.353862 0.353860 0.353877 0.353896 0.353905 0.353913 0.353920 0.000000 0.000000
0.000000 0.000000 0.356445 0.356445 0.356444 0.356425 0.356407 0.356382 0.356382 0.356379 0.356380 0.356380 0.356379 0.356383 0.356401 0.356417 0.356431 0.356436 0.356444 0.000000 0.000000
0.000000 0.000000 0.358996 0.358993 0.358988 0.358978 0.358961 0.358936 0.358937 0.358933 0.358931 0.358932 0.358932 0.358930 0.358953 0.358971 0.358983 0.358986 0.358993 0.000000 0.000000
0.000000 0.000000 0.361569 0.361564 0.361563 0.361556 0.361530 0.361507 0.361509 0.361506 0.361503 0.361507 0.361510 0.361507 0.361526 0.361546 0.361560 0.361561 0.361567 0.000000 0.000000
0.000000 0.000000 0.364220 0.364218 0.364218 0.364200 0.364182 0.364157 0.364163 0.364150 0.364151 0.364153 0.364150 0.364157 0.364170 0.364183 0.364197 0.364205 0.364216 0.000000 0.000000
0.000000 0.000000 0.366980 0.366974 0.366968 0.366954 0.366940 0.366910 0.366912 0.366904 0.366912 0.366905 0.366906 0.366908 0.366934 0.366946 0.366956 0.366960 0.366989 0.000000 0.000000
0.000000 0.000000 0.369794 0.369788 0.369787 0.369772 0.369759 0.369700 0.369700 0.369695 0.369683 0.369690 0.369695 0.369700 0.369742 0.369752 0.369774 0.369776 0.369798 0.000000 0.000000
0.000000 0.000000 0.372817 0.372813 0.372807 0.372797 0.372743 0.372727 0.372714 0.372713 0.372708 0.372711 0.372712 0.372711 0.372717 0.372771 0.372790 0.372805 0.372826 0.000000 0.000000
0.000000 0.000000 0.376115 0.376112 0.376099 0.376044 0.376026 0.375994 0.375969 0.375966 0.375955 0.375951 0.375957 0.375952 0.375975 0.376003 0.376085 0.376079 0.376093 0.000000 0.000000
0.000000 0.000000 0.379574 0.379568 0.379499 0.379483 0.379478 0.379457 0.379469 0.379460 0.379465 0.379456 0.379450 0.379464 0.379476 0.379484 0.379486 0.379574 0.379578 0.000000 0.000000
0.000000 0.000000 0.383472 0.383379 0.383339 0.383310 0.383267 0.383244 0.383239 0.383237 0.383217 0.383213 0.383221 0.383219 0.383244 0.383277 0.383330 0.383362 0.383454 0.000000 0.000000
0.000000 0.000000 0.386425 0.386417 0.386496 0.386470 0.386437 0.386350 0.386346 0.386327 0.386337 0.386332 0.386339 0.386341 0.386422 0.386443 0.386509 0.386425 0.386439 0.000000 0.000000
0.000000 0.000000 0.350000 0.350000 0.350000 0.350000 0.350000 0.350000 0.350000 0.350000 0.350000 0.350000 0.350000 0.350000 0.350000 0.350000 0.350000 0.350000 0.350000 0.000000 0.000000
0.000000 0.000000 0.000000 0.000000 0.000000 0.000000 0.000000 0.000000 0.000000 0.000000 0.000000 0.000000 0.000000 0.000000 0.000000 0.000000 0.000000 0.000000 0.000000 0.000000 0.000000