geotop/1.0zi/1.0Montebello/Templates/testdem/maps/_Eocsilt6848.asc
ncols         21
nrows         20
xllcorner     100.000000
yllcorner     100.000000
cellsize      50.000000
NODATA_value  -9999.0
0.000000 0.000000 0.000000 0.000000 0.000000 0.000000 0.000000 0.000000 0.000000 0.000000 0.000000 0.000000 0.000000 0.000000 0.000000 0.000000 0.000000 0.000000 0.000000 0.000000 0.000000
0.000000 0.000000 0.350136 0.350137 0.350137 0.350137 0.350137 0.350137 0.350137 0.350137 0.350137 0.350137 0.350137 0.350137 0.350137 0.350137 0.350137 0.350137 0.350136 0.000000 0.000000
0.000000 0.000000 0.350003 0.350002 0.350003 0.350003 0.350003 0.350003 0.350003 0.350003 0.350003 0.350003 0.350004 0.350004 0.350003 0.350003 0.350001 0.350001 0.350002 0.000000 0.000000
0.000000 0.000000 0.350058 0.350054 0.350053 0.350048 0.350049 0.350047 0.350049 0.350049 0.350047 0.350048 0.350048 0.350048 0.350050 0.350053 0.350056 0.350057 0.350057 0.000000 0.000000
0.000000 0.000000 0.350697 0.350703 0.350699 0.350692 0.350688 0.350681 0.350680 0.350677 0.350678 0.350680 0.350681 0.350681 0.350691 0.350695 0.350694 0.350701 0.350706 0.000000 0.000000
0.000000 0.000000 0.352614 0.352616 0.352607 0.352594 0.352580 0.352561 0.352560 0.352555 0.352560 0.352562 0.352562 0.352560 0.352569 0.352578 0.352587 0.352592 0.352598 0.000000 0.000000
0.000000 0.000000 0.355498 0.355495 0.355486 0.355464 0.355438 0.355412 0.355413 0.355409 0.355411 0.355410 0.355407 0.355412 0.355433 0.355456 0.355469 0.355481 0.355489 0.000000 0.000000
0.000000 0.000000 0.358983 0.358982 0.358978 0.358956 0.358931 0.358901 0.358902 0.358898 0.358897 0.358896 0.358894 0.358899 0.358924 0.358947 0.358967 0.358971 0.358983 0.000000 0.000000
0.000000 0.000000 0.362668 0.362662 0.362650 0.362635 0.362610 0.362576 0.362577 0.362570 0.362568 0.362568 0.362569 0.362567 0.362600 0.362628 0.362644 0.362651 0.362661 0.000000 0.000000
0.000000 0.000000 0.366438 0.366432 0.366426 0.366413 0.366378 0.366348 0.366349 0.366345 0.366341 0.366344 0.366348 0.366345 0.366372 0.366403 0.366421 0.366425 0.366432 0.000000 0.000000
0.000000 0.000000 0.370382 0.370378 0.370372 0.370344 0.370321 0.370287 0.370294 0.370276 0.370278 0.370279 0.370273 0.370284 0.370306 0.370326 0.370347 0.370358 0.370375 0.000000 0.000000
0.000000 0.000000 0.374611 0.374601 0.374588 0.374569 0.374545 0.374503 0.374503 0.374495 0.374505 0.374493 0.374496 0.374499 0.374539 0.374560 0.374575 0.374582 0.374622 0.000000 0.000000
0.000000 0.000000 0.379036 0.379025 0.379019 0.378996 0.378975 0.378881 0.378881 0.378873 0.378852 0.378863 0.378869 0.378877 0.378947 0.378969 0.379003 0.379006 0.379032 0.000000 0.000000
0.000000 0.000000 0.383971 0.383965 0.383948 0.383931 0.383832 0.383817 0.383796 0.383795 0.383794 0.383793 0.383792 0.383788 0.383792 0.383898 0.383923 0.383950 0.383979 0.000000 0.000000
0.000000 0.000000 0.389545 0.389537 0.389513 0.389399 0.389379 0.389322 0.389287 0.389281 0.389262 0.389247 0.389261 0.389254 0.389305 0.389338 0.389493 0.389477 0.389491 0.000000 0.000000
0.000000 0.000000 0.395570 0.395561 0.395403 0.395399 0.395392 0.395361 0.395404 0.395383 0.395405 0.395389 0.395369 0.395404 0.395422 0.395434 0.395386 0.395591 0.395594 0.000000 0.000000
0.000000 0.000000 0.402757 0.402527 0.402495 0.402427 0.402313 0.402272 0.402238 0.402242 0.402187 0.402186 0.402214 0.402194 0.402251 0.402338 0.402483 0.402467 0.402704 0.000000 0.000000
0.000000 0.000000 0.407279 0.407373 0.407590 0.407550 0.407504 0.407298 0.407303 0.407252 0.407308 0.407293 0.407298 0.407312 0.407497 0.407534 0.407626 0.407417 0.407335 0.000000 0.000000
0.000000 0.000000 0.350000 0.350000 0.350000 0.350000 0.350000 0.350000 0.350000 0.350000 0.350000 0.350000 0.350000 0.350000 0.350000 0.350000 0.350000 0.350000 0.350000 0.000000 0.000000
0.000000 0.000000 0.000000 0.000000 0.000000 0.000000 0.000000 0.000000 0.000000 0.000000 0.000000 0.000000 0.000000 0.000000 0.000000 0.000000 0.000000 0.000000 0.000000 0.000000 0.000000