geotop/1.0zi/1.0Montebello/Templates/testdem/maps/_Eocsilt4422.asc
ncols         21
nrows         20
xllcorner     100.000000
yllcorner     100.000000
cellsize      50.000000
NODATA_value  -9999.0
0.000000 0.000000 0.000000 0.000000 0.000000 0.000000 0.000000 0.000000 0.000000 0.000000 0.000000 0.000000 0.000000 0.000000 0.000000 0.000000 0.000000 0.000000 0.000000 0.000000 0.000000
0.000000 0.000000 0.350090 0.350090 0.350090 0.350090 0.350089 0.350090 0.350090 0.350090 0.350090 0.350090 0.350090 0.350090 0.350089 0.350090 0.350090 0.350090 0.350089 0.000000 0.000000
0.000000 0.000000 0.350002 0.350002 0.350002 0.350003 0.350003 0.350003 0.350003 0.350003 0.350003 0.350003 0.350003 0.350003 0.350003 0.350002 0.350001 0.350001 0.350002 0.000000 0.000000
0.000000 0.000000 0.350031 0.350031 0.350031 0.350026 0.350027 0.350025 0.350027 0.350027 0.350027 0.350027 0.350027 0.350026 0.350027 0.350030 0.350031 0.350032 0.350031 0.000000 0.000000
0.000000 0.000000 0.350386 0.350389 0.350387 0.350383 0.350380 0.350376 0.350375 0.350372 0.350371 0.350373 0.350374 0.350376 0.350380 0.350380 0.350381 0.350389 0.350392 0.000000 0.000000
0.000000 0.000000 0.351532 0.351535 0.351532 0.351521 0.351515 0.351500 0.351498 0.351493 0.351497 0.351500 0.351503 0.351502 0.351507 0.351513 0.351519 0.351521 0.351525 0.000000 0.000000
0.000000 0.000000 0.353312 0.353312 0.353310 0.353296 0.353281 0.353264 0.353265 0.353263 0.353266 0.353265 0.353262 0.353265 0.353277 0.353291 0.353297 0.353304 0.353310 0.000000 0.000000
0.000000 0.000000 0.355386 0.355383 0.355383 0.355370 0.355357 0.355340 0.355342 0.355339 0.355339 0.355339 0.355337 0.355335 0.355352 0.355367 0.355378 0.355380 0.355386 0.000000 0.000000
0.000000 0.000000 0.357498 0.357494 0.357490 0.357481 0.357468 0.357446 0.357448 0.357444 0.357444 0.357445 0.357443 0.357443 0.357460 0.357477 0.357485 0.357490 0.357498 0.000000 0.000000
0.000000 0.000000 0.359596 0.359593 0.359592 0.359582 0.359566 0.359548 0.359551 0.359548 0.359548 0.359548 0.359545 0.359543 0.359562 0.359579 0.359586 0.359590 0.359596 0.000000 0.000000
0.000000 0.000000 0.361709 0.361706 0.361704 0.361697 0.361686 0.361664 0.361667 0.361662 0.361662 0.361663 0.361660 0.361659 0.361674 0.361686 0.361696 0.361700 0.361707 0.000000 0.000000
0.000000 0.000000 0.363892 0.363889 0.363885 0.363874 0.363861 0.363840 0.363840 0.363837 0.363837 0.363837 0.363835 0.363834 0.363854 0.363869 0.363878 0.363882 0.363905 0.000000 0.000000
0.000000 0.000000 0.366103 0.366100 0.366096 0.366088 0.366073 0.366029 0.366030 0.366025 0.366025 0.366026 0.366022 0.366021 0.366060 0.366078 0.366087 0.366091 0.366105 0.000000 0.000000
0.000000 0.000000 0.368441 0.368434 0.368432 0.368424 0.368380 0.368369 0.368362 0.368359 0.368360 0.368360 0.368356 0.368354 0.368366 0.368411 0.368420 0.368430 0.368438 0.000000 0.000000
0.000000 0.000000 0.370959 0.370954 0.370943 0.370905 0.370886 0.370858 0.370845 0.370840 0.370833 0.370833 0.370833 0.370827 0.370848 0.370879 0.370928 0.370927 0.370934 0.000000 0.000000
0.000000 0.000000 0.373557 0.373552 0.373505 0.373499 0.373487 0.373473 0.373472 0.373471 0.373473 0.373472 0.373464 0.373472 0.373478 0.373491 0.373491 0.373544 0.373557 0.000000 0.000000
0.000000 0.000000 0.376443 0.376380 0.376342 0.376325 0.376294 0.376277 0.376274 0.376271 0.376264 0.376264 0.376263 0.376257 0.376269 0.376306 0.376331 0.376357 0.376421 0.000000 0.000000
0.000000 0.000000 0.378702 0.378689 0.378731 0.378710 0.378683 0.378620 0.378615 0.378608 0.378611 0.378610 0.378605 0.378607 0.378664 0.378696 0.378732 0.378678 0.378704 0.000000 0.000000
0.000000 0.000000 0.350000 0.350000 0.350000 0.350000 0.350000 0.350000 0.350000 0.350000 0.350000 0.350000 0.350000 0.350000 0.350000 0.350000 0.350000 0.350000 0.350000 0.000000 0.000000
0.000000 0.000000 0.000000 0.000000 0.000000 0.000000 0.000000 0.000000 0.000000 0.000000 0.000000 0.000000 0.000000 0.000000 0.000000 0.000000 0.000000 0.000000 0.000000 0.000000 0.000000