geotop/1.0zi/1.0Montebello/Templates/testdem/maps/_Eocsand5103.asc
ncols         21
nrows         20
xllcorner     100.000000
yllcorner     100.000000
cellsize      50.000000
NODATA_value  -9999.0
0.000000 0.000000 0.000000 0.000000 0.000000 0.000000 0.000000 0.000000 0.000000 0.000000 0.000000 0.000000 0.000000 0.000000 0.000000 0.000000 0.000000 0.000000 0.000000 0.000000 0.000000
0.000000 0.000000 0.300125 0.300125 0.300125 0.300124 0.300124 0.300124 0.300125 0.300125 0.300125 0.300125 0.300125 0.300125 0.300124 0.300124 0.300125 0.300125 0.300125 0.000000 0.000000
0.000000 0.000000 0.300008 0.300007 0.300007 0.300006 0.300007 0.300007 0.300006 0.300006 0.300007 0.300007 0.300006 0.300006 0.300006 0.300007 0.300008 0.300009 0.300008 0.000000 0.000000
0.000000 0.000000 0.299974 0.299973 0.299975 0.299980 0.299977 0.299979 0.299977 0.299977 0.299977 0.299978 0.299978 0.299980 0.299976 0.299972 0.299974 0.299971 0.299973 0.000000 0.000000
0.000000 0.000000 0.299192 0.299189 0.299190 0.299200 0.299211 0.299216 0.299217 0.299219 0.299223 0.299219 0.299222 0.299220 0.299211 0.299211 0.299206 0.299197 0.299190 0.000000 0.000000
0.000000 0.000000 0.296534 0.296528 0.296537 0.296565 0.296578 0.296606 0.296610 0.296619 0.296611 0.296609 0.296601 0.296602 0.296596 0.296580 0.296567 0.296555 0.296545 0.000000 0.000000
0.000000 0.000000 0.292507 0.292509 0.292518 0.292548 0.292583 0.292624 0.292624 0.292630 0.292625 0.292625 0.292625 0.292621 0.292593 0.292560 0.292543 0.292526 0.292513 0.000000 0.000000
0.000000 0.000000 0.287644 0.287646 0.287648 0.287680 0.287717 0.287760 0.287758 0.287764 0.287764 0.287764 0.287766 0.287763 0.287727 0.287691 0.287670 0.287659 0.287644 0.000000 0.000000
0.000000 0.000000 0.282653 0.282659 0.282668 0.282694 0.282730 0.282777 0.282775 0.282782 0.282784 0.282780 0.282782 0.282780 0.282744 0.282705 0.282686 0.282673 0.282655 0.000000 0.000000
0.000000 0.000000 0.277664 0.277668 0.277674 0.277694 0.277736 0.277780 0.277776 0.277782 0.277782 0.277781 0.277784 0.277785 0.277741 0.277705 0.277693 0.277680 0.277666 0.000000 0.000000
0.000000 0.000000 0.272561 0.272567 0.272570 0.272601 0.272633 0.272684 0.272680 0.272690 0.272691 0.272687 0.272691 0.272690 0.272655 0.272625 0.272598 0.272585 0.272568 0.000000 0.000000
0.000000 0.000000 0.267259 0.267264 0.267271 0.267301 0.267336 0.267386 0.267389 0.267394 0.267394 0.267395 0.267396 0.267397 0.267350 0.267315 0.267298 0.267287 0.267234 0.000000 0.000000
0.000000 0.000000 0.261861 0.261868 0.261877 0.261901 0.261943 0.262052 0.262052 0.262059 0.262062 0.262059 0.262064 0.262061 0.261967 0.261926 0.261905 0.261893 0.261861 0.000000 0.000000
0.000000 0.000000 0.256076 0.256092 0.256097 0.256123 0.256237 0.256265 0.256283 0.256289 0.256289 0.256288 0.256293 0.256292 0.256265 0.256155 0.256133 0.256107 0.256087 0.000000 0.000000
0.000000 0.000000 0.249793 0.249803 0.249831 0.249936 0.249987 0.250057 0.250092 0.250101 0.250118 0.250118 0.250112 0.250121 0.250070 0.250000 0.249872 0.249876 0.249857 0.000000 0.000000
0.000000 0.000000 0.243237 0.243248 0.243374 0.243405 0.243438 0.243474 0.243475 0.243476 0.243469 0.243470 0.243486 0.243460 0.243442 0.243416 0.243414 0.243266 0.243233 0.000000 0.000000
0.000000 0.000000 0.235858 0.236031 0.236125 0.236177 0.236272 0.236323 0.236335 0.236340 0.236362 0.236360 0.236354 0.236369 0.236330 0.236228 0.236157 0.236097 0.235920 0.000000 0.000000
0.000000 0.000000 0.230256 0.230270 0.230141 0.230204 0.230275 0.230450 0.230466 0.230480 0.230471 0.230473 0.230482 0.230466 0.230308 0.230234 0.230146 0.230297 0.230246 0.000000 0.000000
0.000000 0.000000 0.300000 0.300000 0.300000 0.300000 0.300000 0.300000 0.300000 0.300000 0.300000 0.300000 0.300000 0.300000 0.300000 0.300000 0.300000 0.300000 0.300000 0.000000 0.000000
0.000000 0.000000 0.000000 0.000000 0.000000 0.000000 0.000000 0.000000 0.000000 0.000000 0.000000 0.000000 0.000000 0.000000 0.000000 0.000000 0.000000 0.000000 0.000000 0.000000 0.000000