geotop/1.0zi/1.0Montebello/Templates/testdem/maps/_Eocsilt7361.asc
ncols         21
nrows         20
xllcorner     100.000000
yllcorner     100.000000
cellsize      50.000000
NODATA_value  -9999.0
0.000000 0.000000 0.000000 0.000000 0.000000 0.000000 0.000000 0.000000 0.000000 0.000000 0.000000 0.000000 0.000000 0.000000 0.000000 0.000000 0.000000 0.000000 0.000000 0.000000 0.000000
0.000000 0.000000 0.350152 0.350153 0.350153 0.350153 0.350153 0.350153 0.350153 0.350153 0.350153 0.350152 0.350152 0.350153 0.350152 0.350153 0.350153 0.350153 0.350152 0.000000 0.000000
0.000000 0.000000 0.350004 0.350003 0.350003 0.350003 0.350004 0.350004 0.350004 0.350004 0.350004 0.350004 0.350005 0.350004 0.350004 0.350003 0.350002 0.350002 0.350004 0.000000 0.000000
0.000000 0.000000 0.350093 0.350090 0.350088 0.350082 0.350084 0.350079 0.350081 0.350082 0.350079 0.350081 0.350081 0.350081 0.350083 0.350086 0.350089 0.350089 0.350090 0.000000 0.000000
0.000000 0.000000 0.350913 0.350919 0.350915 0.350905 0.350899 0.350892 0.350889 0.350888 0.350887 0.350888 0.350888 0.350890 0.350903 0.350908 0.350910 0.350920 0.350922 0.000000 0.000000
0.000000 0.000000 0.353213 0.353214 0.353205 0.353190 0.353172 0.353151 0.353150 0.353145 0.353148 0.353149 0.353150 0.353149 0.353160 0.353172 0.353183 0.353191 0.353196 0.000000 0.000000
0.000000 0.000000 0.356533 0.356530 0.356520 0.356495 0.356466 0.356435 0.356436 0.356433 0.356433 0.356432 0.356429 0.356434 0.356460 0.356485 0.356501 0.356515 0.356522 0.000000 0.000000
0.000000 0.000000 0.360495 0.360494 0.360489 0.360464 0.360436 0.360402 0.360402 0.360398 0.360396 0.360394 0.360392 0.360398 0.360428 0.360453 0.360477 0.360483 0.360495 0.000000 0.000000
0.000000 0.000000 0.364715 0.364707 0.364694 0.364677 0.364648 0.364609 0.364611 0.364602 0.364600 0.364598 0.364599 0.364598 0.364636 0.364667 0.364686 0.364696 0.364706 0.000000 0.000000
0.000000 0.000000 0.369086 0.369078 0.369071 0.369056 0.369015 0.368980 0.368981 0.368977 0.368971 0.368974 0.368978 0.368976 0.369008 0.369043 0.369064 0.369071 0.369078 0.000000 0.000000
0.000000 0.000000 0.373724 0.373719 0.373712 0.373678 0.373649 0.373611 0.373619 0.373598 0.373600 0.373599 0.373592 0.373606 0.373634 0.373655 0.373682 0.373696 0.373714 0.000000 0.000000
0.000000 0.000000 0.378774 0.378760 0.378745 0.378723 0.378692 0.378643 0.378642 0.378635 0.378645 0.378629 0.378633 0.378638 0.378687 0.378711 0.378730 0.378740 0.378784 0.000000 0.000000
0.000000 0.000000 0.384124 0.384111 0.384104 0.384075 0.384048 0.383932 0.383930 0.383923 0.383894 0.383907 0.383914 0.383925 0.384015 0.384040 0.384084 0.384090 0.384115 0.000000 0.000000
0.000000 0.000000 0.390217 0.390211 0.390189 0.390168 0.390033 0.390028 0.390000 0.390000 0.390002 0.389996 0.389993 0.389989 0.389988 0.390128 0.390157 0.390194 0.390225 0.000000 0.000000
0.000000 0.000000 0.397229 0.397218 0.397188 0.397028 0.397018 0.396939 0.396897 0.396888 0.396861 0.396840 0.396857 0.396852 0.396928 0.396950 0.397165 0.397140 0.397151 0.000000 0.000000
0.000000 0.000000 0.404880 0.404868 0.404643 0.404668 0.404654 0.404617 0.404689 0.404661 0.404697 0.404676 0.404643 0.404698 0.404720 0.404733 0.404621 0.404930 0.404927 0.000000 0.000000
0.000000 0.000000 0.414249 0.413901 0.413908 0.413794 0.413618 0.413563 0.413493 0.413508 0.413414 0.413417 0.413466 0.413425 0.413512 0.413642 0.413893 0.413798 0.414155 0.000000 0.000000
0.000000 0.000000 0.419165 0.419404 0.419728 0.419696 0.419664 0.419359 0.419383 0.419303 0.419412 0.419385 0.419380 0.419414 0.419681 0.419704 0.419785 0.419498 0.419270 0.000000 0.000000
0.000000 0.000000 0.350000 0.350000 0.350000 0.350000 0.350000 0.350000 0.350000 0.350000 0.350000 0.350000 0.350000 0.350000 0.350000 0.350000 0.350000 0.350000 0.350000 0.000000 0.000000
0.000000 0.000000 0.000000 0.000000 0.000000 0.000000 0.000000 0.000000 0.000000 0.000000 0.000000 0.000000 0.000000 0.000000 0.000000 0.000000 0.000000 0.000000 0.000000 0.000000 0.000000