geotop/1.0zi/1.0Montebello/Templates/testdem/maps/_Eocsilt0885.asc
ncols         21
nrows         20
xllcorner     100.000000
yllcorner     100.000000
cellsize      50.000000
NODATA_value  -9999.0
0.000000 0.000000 0.000000 0.000000 0.000000 0.000000 0.000000 0.000000 0.000000 0.000000 0.000000 0.000000 0.000000 0.000000 0.000000 0.000000 0.000000 0.000000 0.000000 0.000000 0.000000
0.000000 0.000000 0.350018 0.350018 0.350018 0.350018 0.350018 0.350018 0.350018 0.350018 0.350018 0.350018 0.350018 0.350018 0.350018 0.350018 0.350018 0.350018 0.350018 0.000000 0.000000
0.000000 0.000000 0.349999 0.349999 0.349999 0.349999 0.349999 0.349999 0.349999 0.349999 0.349999 0.349999 0.349999 0.349999 0.349999 0.349999 0.349999 0.349999 0.349999 0.000000 0.000000
0.000000 0.000000 0.350387 0.350386 0.350384 0.350385 0.350387 0.350387 0.350387 0.350387 0.350387 0.350387 0.350387 0.350387 0.350387 0.350385 0.350384 0.350386 0.350387 0.000000 0.000000
0.000000 0.000000 0.351688 0.351687 0.351685 0.351684 0.351688 0.351687 0.351687 0.351688 0.351687 0.351688 0.351687 0.351687 0.351688 0.351684 0.351685 0.351687 0.351688 0.000000 0.000000
0.000000 0.000000 0.353249 0.353248 0.353246 0.353246 0.353249 0.353248 0.353248 0.353249 0.353249 0.353249 0.353248 0.353248 0.353249 0.353246 0.353246 0.353248 0.353249 0.000000 0.000000
0.000000 0.000000 0.354675 0.354675 0.354673 0.354673 0.354675 0.354675 0.354675 0.354675 0.354675 0.354675 0.354675 0.354675 0.354675 0.354673 0.354673 0.354675 0.354675 0.000000 0.000000
0.000000 0.000000 0.355982 0.355981 0.355980 0.355980 0.355982 0.355981 0.355981 0.355982 0.355982 0.355982 0.355981 0.355981 0.355982 0.355980 0.355980 0.355981 0.355982 0.000000 0.000000
0.000000 0.000000 0.357204 0.357203 0.357202 0.357202 0.357204 0.357204 0.357203 0.357204 0.357204 0.357204 0.357203 0.357204 0.357204 0.357202 0.357202 0.357203 0.357204 0.000000 0.000000
0.000000 0.000000 0.358375 0.358374 0.358373 0.358373 0.358375 0.358375 0.358375 0.358375 0.358375 0.358375 0.358375 0.358375 0.358375 0.358373 0.358373 0.358374 0.358375 0.000000 0.000000
0.000000 0.000000 0.359506 0.359506 0.359504 0.359505 0.359506 0.359506 0.359506 0.359506 0.359506 0.359506 0.359506 0.359506 0.359506 0.359505 0.359504 0.359506 0.359506 0.000000 0.000000
0.000000 0.000000 0.360611 0.360611 0.360610 0.360610 0.360611 0.360611 0.360611 0.360611 0.360611 0.360611 0.360611 0.360611 0.360611 0.360610 0.360610 0.360611 0.360611 0.000000 0.000000
0.000000 0.000000 0.361698 0.361697 0.361696 0.361696 0.361698 0.361698 0.361698 0.361698 0.361698 0.361698 0.361698 0.361698 0.361698 0.361696 0.361696 0.361697 0.361698 0.000000 0.000000
0.000000 0.000000 0.362765 0.362765 0.362764 0.362764 0.362765 0.362765 0.362765 0.362765 0.362765 0.362765 0.362765 0.362765 0.362765 0.362764 0.362764 0.362765 0.362765 0.000000 0.000000
0.000000 0.000000 0.363821 0.363820 0.363819 0.363819 0.363821 0.363821 0.363820 0.363821 0.363821 0.363821 0.363820 0.363821 0.363821 0.363819 0.363819 0.363820 0.363821 0.000000 0.000000
0.000000 0.000000 0.364869 0.364868 0.364867 0.364867 0.364869 0.364869 0.364869 0.364869 0.364869 0.364869 0.364869 0.364869 0.364869 0.364867 0.364867 0.364868 0.364869 0.000000 0.000000
0.000000 0.000000 0.365907 0.365906 0.365905 0.365905 0.365907 0.365907 0.365907 0.365907 0.365907 0.365907 0.365907 0.365907 0.365907 0.365905 0.365905 0.365906 0.365907 0.000000 0.000000
0.000000 0.000000 0.366972 0.366972 0.366971 0.366971 0.366973 0.366973 0.366973 0.366973 0.366973 0.366973 0.366973 0.366973 0.366973 0.366971 0.366971 0.366972 0.366973 0.000000 0.000000
0.000000 0.000000 0.350000 0.350000 0.350000 0.350000 0.350000 0.350000 0.350000 0.350000 0.350000 0.350000 0.350000 0.350000 0.350000 0.350000 0.350000 0.350000 0.350000 0.000000 0.000000
0.000000 0.000000 0.000000 0.000000 0.000000 0.000000 0.000000 0.000000 0.000000 0.000000 0.000000 0.000000 0.000000 0.000000 0.000000 0.000000 0.000000 0.000000 0.000000 0.000000 0.000000