geotop/1.0zi/1.0Montebello/Templates/testdem/maps/_Eocsilt7025.asc
ncols         21
nrows         20
xllcorner     100.000000
yllcorner     100.000000
cellsize      50.000000
NODATA_value  -9999.0
0.000000 0.000000 0.000000 0.000000 0.000000 0.000000 0.000000 0.000000 0.000000 0.000000 0.000000 0.000000 0.000000 0.000000 0.000000 0.000000 0.000000 0.000000 0.000000 0.000000 0.000000
0.000000 0.000000 0.350140 0.350141 0.350141 0.350141 0.350141 0.350141 0.350141 0.350141 0.350141 0.350141 0.350141 0.350141 0.350141 0.350141 0.350141 0.350141 0.350140 0.000000 0.000000
0.000000 0.000000 0.350003 0.350003 0.350003 0.350003 0.350003 0.350003 0.350003 0.350003 0.350003 0.350003 0.350004 0.350004 0.350003 0.350003 0.350001 0.350001 0.350003 0.000000 0.000000
0.000000 0.000000 0.350060 0.350057 0.350056 0.350050 0.350051 0.350048 0.350051 0.350051 0.350049 0.350051 0.350050 0.350050 0.350052 0.350055 0.350058 0.350059 0.350059 0.000000 0.000000
0.000000 0.000000 0.350740 0.350746 0.350741 0.350733 0.350728 0.350722 0.350720 0.350718 0.350719 0.350719 0.350720 0.350721 0.350732 0.350736 0.350735 0.350743 0.350748 0.000000 0.000000
0.000000 0.000000 0.352791 0.352793 0.352784 0.352770 0.352754 0.352734 0.352734 0.352728 0.352733 0.352734 0.352734 0.352733 0.352743 0.352753 0.352762 0.352768 0.352774 0.000000 0.000000
0.000000 0.000000 0.355836 0.355834 0.355824 0.355801 0.355773 0.355745 0.355747 0.355743 0.355744 0.355743 0.355739 0.355744 0.355768 0.355791 0.355804 0.355817 0.355825 0.000000 0.000000
0.000000 0.000000 0.359492 0.359491 0.359486 0.359463 0.359437 0.359405 0.359406 0.359402 0.359401 0.359399 0.359397 0.359402 0.359429 0.359453 0.359474 0.359478 0.359491 0.000000 0.000000
0.000000 0.000000 0.363365 0.363358 0.363345 0.363330 0.363303 0.363266 0.363269 0.363261 0.363259 0.363257 0.363258 0.363257 0.363292 0.363320 0.363337 0.363345 0.363356 0.000000 0.000000
0.000000 0.000000 0.367344 0.367337 0.367330 0.367317 0.367279 0.367247 0.367249 0.367244 0.367239 0.367242 0.367246 0.367244 0.367272 0.367304 0.367323 0.367328 0.367336 0.000000 0.000000
0.000000 0.000000 0.371527 0.371523 0.371516 0.371486 0.371461 0.371424 0.371433 0.371413 0.371415 0.371414 0.371407 0.371420 0.371444 0.371465 0.371487 0.371499 0.371517 0.000000 0.000000
0.000000 0.000000 0.376034 0.376022 0.376008 0.375988 0.375961 0.375916 0.375916 0.375908 0.375919 0.375904 0.375907 0.375911 0.375955 0.375976 0.375992 0.376000 0.376043 0.000000 0.000000
0.000000 0.000000 0.380771 0.380759 0.380752 0.380727 0.380703 0.380602 0.380602 0.380594 0.380570 0.380581 0.380587 0.380596 0.380673 0.380695 0.380733 0.380736 0.380763 0.000000 0.000000
0.000000 0.000000 0.386089 0.386084 0.386065 0.386046 0.385935 0.385922 0.385899 0.385898 0.385898 0.385894 0.385892 0.385889 0.385892 0.386008 0.386034 0.386065 0.386095 0.000000 0.000000
0.000000 0.000000 0.392139 0.392130 0.392104 0.391975 0.391957 0.391892 0.391856 0.391848 0.391827 0.391809 0.391823 0.391818 0.391877 0.391907 0.392079 0.392061 0.392075 0.000000 0.000000
0.000000 0.000000 0.398700 0.398690 0.398511 0.398517 0.398507 0.398470 0.398523 0.398499 0.398525 0.398506 0.398481 0.398524 0.398546 0.398558 0.398489 0.398726 0.398727 0.000000 0.000000
0.000000 0.000000 0.406603 0.406336 0.406314 0.406231 0.406097 0.406052 0.406009 0.406015 0.405949 0.405948 0.405981 0.405956 0.406022 0.406122 0.406297 0.406259 0.406534 0.000000 0.000000
0.000000 0.000000 0.411313 0.411452 0.411700 0.411664 0.411618 0.411379 0.411390 0.411330 0.411401 0.411381 0.411383 0.411403 0.411615 0.411648 0.411739 0.411505 0.411380 0.000000 0.000000
0.000000 0.000000 0.350000 0.350000 0.350000 0.350000 0.350000 0.350000 0.350000 0.350000 0.350000 0.350000 0.350000 0.350000 0.350000 0.350000 0.350000 0.350000 0.350000 0.000000 0.000000
0.000000 0.000000 0.000000 0.000000 0.000000 0.000000 0.000000 0.000000 0.000000 0.000000 0.000000 0.000000 0.000000 0.000000 0.000000 0.000000 0.000000 0.000000 0.000000 0.000000 0.000000