geotop/1.0zi/1.0Montebello/Templates/testdem/maps/_Eocsand2772.asc
ncols         21
nrows         20
xllcorner     100.000000
yllcorner     100.000000
cellsize      50.000000
NODATA_value  -9999.0
0.000000 0.000000 0.000000 0.000000 0.000000 0.000000 0.000000 0.000000 0.000000 0.000000 0.000000 0.000000 0.000000 0.000000 0.000000 0.000000 0.000000 0.000000 0.000000 0.000000 0.000000
0.000000 0.000000 0.300083 0.300083 0.300083 0.300083 0.300083 0.300083 0.300083 0.300083 0.300084 0.300083 0.300083 0.300083 0.300083 0.300083 0.300083 0.300083 0.300083 0.000000 0.000000
0.000000 0.000000 0.300011 0.300012 0.300012 0.300011 0.300011 0.300011 0.300011 0.300011 0.300010 0.300011 0.300011 0.300011 0.300011 0.300011 0.300012 0.300012 0.300011 0.000000 0.000000
0.000000 0.000000 0.298185 0.298186 0.298190 0.298188 0.298184 0.298185 0.298185 0.298185 0.298184 0.298185 0.298185 0.298185 0.298184 0.298188 0.298190 0.298186 0.298185 0.000000 0.000000
0.000000 0.000000 0.290445 0.290446 0.290450 0.290450 0.290444 0.290446 0.290445 0.290443 0.290442 0.290443 0.290445 0.290446 0.290444 0.290450 0.290450 0.290446 0.290445 0.000000 0.000000
0.000000 0.000000 0.281028 0.281029 0.281032 0.281032 0.281027 0.281029 0.281029 0.281026 0.281026 0.281026 0.281029 0.281029 0.281027 0.281032 0.281032 0.281029 0.281028 0.000000 0.000000
0.000000 0.000000 0.272268 0.272269 0.272272 0.272271 0.272267 0.272269 0.272269 0.272267 0.272266 0.272267 0.272269 0.272269 0.272267 0.272271 0.272272 0.272269 0.272268 0.000000 0.000000
0.000000 0.000000 0.264275 0.264276 0.264278 0.264278 0.264274 0.264275 0.264275 0.264274 0.264273 0.264274 0.264275 0.264275 0.264274 0.264278 0.264278 0.264276 0.264275 0.000000 0.000000
0.000000 0.000000 0.256850 0.256851 0.256853 0.256853 0.256850 0.256851 0.256851 0.256849 0.256849 0.256849 0.256851 0.256851 0.256850 0.256853 0.256853 0.256851 0.256850 0.000000 0.000000
0.000000 0.000000 0.249821 0.249822 0.249824 0.249823 0.249820 0.249821 0.249821 0.249820 0.249819 0.249820 0.249821 0.249821 0.249820 0.249823 0.249824 0.249822 0.249821 0.000000 0.000000
0.000000 0.000000 0.243100 0.243101 0.243103 0.243102 0.243100 0.243101 0.243100 0.243099 0.243099 0.243099 0.243100 0.243101 0.243100 0.243102 0.243103 0.243101 0.243100 0.000000 0.000000
0.000000 0.000000 0.236626 0.236626 0.236629 0.236628 0.236625 0.236626 0.236626 0.236625 0.236624 0.236625 0.236626 0.236626 0.236625 0.236628 0.236629 0.236626 0.236626 0.000000 0.000000
0.000000 0.000000 0.230346 0.230347 0.230349 0.230348 0.230346 0.230347 0.230347 0.230346 0.230345 0.230346 0.230347 0.230347 0.230346 0.230348 0.230349 0.230347 0.230346 0.000000 0.000000
0.000000 0.000000 0.224229 0.224230 0.224232 0.224231 0.224229 0.224230 0.224230 0.224228 0.224228 0.224228 0.224230 0.224230 0.224229 0.224231 0.224232 0.224230 0.224229 0.000000 0.000000
0.000000 0.000000 0.218258 0.218259 0.218261 0.218260 0.218258 0.218259 0.218259 0.218258 0.218257 0.218258 0.218259 0.218259 0.218258 0.218260 0.218261 0.218259 0.218258 0.000000 0.000000
0.000000 0.000000 0.212420 0.212421 0.212423 0.212422 0.212420 0.212421 0.212421 0.212419 0.212419 0.212419 0.212421 0.212421 0.212420 0.212422 0.212423 0.212421 0.212420 0.000000 0.000000
0.000000 0.000000 0.206707 0.206707 0.206709 0.206708 0.206706 0.206707 0.206707 0.206706 0.206705 0.206706 0.206707 0.206707 0.206706 0.206708 0.206709 0.206707 0.206707 0.000000 0.000000
0.000000 0.000000 0.201034 0.201034 0.201036 0.201035 0.201033 0.201034 0.201034 0.201033 0.201032 0.201033 0.201034 0.201034 0.201033 0.201035 0.201036 0.201034 0.201033 0.000000 0.000000
0.000000 0.000000 0.300000 0.300000 0.300000 0.300000 0.300000 0.300000 0.300000 0.300000 0.300000 0.300000 0.300000 0.300000 0.300000 0.300000 0.300000 0.300000 0.300000 0.000000 0.000000
0.000000 0.000000 0.000000 0.000000 0.000000 0.000000 0.000000 0.000000 0.000000 0.000000 0.000000 0.000000 0.000000 0.000000 0.000000 0.000000 0.000000 0.000000 0.000000 0.000000 0.000000