geotop/1.0zi/1.0Montebello/Templates/testdem/maps/_Eocclay6850.asc
ncols         21
nrows         20
xllcorner     100.000000
yllcorner     100.000000
cellsize      50.000000
NODATA_value  -9999.0
0.000000 0.000000 0.000000 0.000000 0.000000 0.000000 0.000000 0.000000 0.000000 0.000000 0.000000 0.000000 0.000000 0.000000 0.000000 0.000000 0.000000 0.000000 0.000000 0.000000 0.000000
0.000000 0.000000 0.349697 0.349698 0.349698 0.349697 0.349699 0.349699 0.349698 0.349698 0.349697 0.349698 0.349698 0.349698 0.349699 0.349698 0.349697 0.349697 0.349698 0.000000 0.000000
0.000000 0.000000 0.349988 0.349988 0.349988 0.349989 0.349987 0.349987 0.349987 0.349987 0.349987 0.349987 0.349988 0.349986 0.349988 0.349988 0.349989 0.349989 0.349986 0.000000 0.000000
0.000000 0.000000 0.349979 0.349984 0.349981 0.349981 0.349983 0.349983 0.349984 0.349981 0.349986 0.349983 0.349983 0.349983 0.349982 0.349984 0.349982 0.349984 0.349983 0.000000 0.000000
0.000000 0.000000 0.350657 0.350655 0.350653 0.350650 0.350637 0.350635 0.350635 0.350637 0.350634 0.350635 0.350631 0.350634 0.350642 0.350642 0.350647 0.350648 0.350655 0.000000 0.000000
0.000000 0.000000 0.352710 0.352709 0.352700 0.352675 0.352666 0.352646 0.352647 0.352641 0.352645 0.352645 0.352647 0.352648 0.352655 0.352671 0.352682 0.352694 0.352701 0.000000 0.000000
0.000000 0.000000 0.355691 0.355688 0.355682 0.355662 0.355637 0.355606 0.355606 0.355600 0.355603 0.355604 0.355604 0.355604 0.355629 0.355655 0.355667 0.355676 0.355685 0.000000 0.000000
0.000000 0.000000 0.359261 0.359260 0.359254 0.359229 0.359205 0.359172 0.359172 0.359168 0.359168 0.359167 0.359165 0.359171 0.359198 0.359220 0.359240 0.359247 0.359258 0.000000 0.000000
0.000000 0.000000 0.362964 0.362959 0.362948 0.362934 0.362909 0.362875 0.362878 0.362870 0.362868 0.362867 0.362867 0.362866 0.362898 0.362927 0.362942 0.362948 0.362958 0.000000 0.000000
0.000000 0.000000 0.366782 0.366775 0.366769 0.366756 0.366720 0.366690 0.366691 0.366686 0.366682 0.366686 0.366691 0.366687 0.366714 0.366746 0.366764 0.366768 0.366776 0.000000 0.000000
0.000000 0.000000 0.370821 0.370816 0.370810 0.370783 0.370758 0.370723 0.370731 0.370712 0.370714 0.370715 0.370709 0.370720 0.370742 0.370763 0.370785 0.370796 0.370813 0.000000 0.000000
0.000000 0.000000 0.375149 0.375139 0.375126 0.375106 0.375081 0.375039 0.375039 0.375031 0.375041 0.375028 0.375031 0.375034 0.375075 0.375096 0.375112 0.375119 0.375160 0.000000 0.000000
0.000000 0.000000 0.379693 0.379681 0.379675 0.379652 0.379629 0.379533 0.379532 0.379525 0.379503 0.379515 0.379521 0.379529 0.379602 0.379624 0.379659 0.379662 0.379689 0.000000 0.000000
0.000000 0.000000 0.384771 0.384766 0.384748 0.384731 0.384627 0.384612 0.384590 0.384589 0.384588 0.384588 0.384586 0.384583 0.384587 0.384697 0.384723 0.384751 0.384780 0.000000 0.000000
0.000000 0.000000 0.390521 0.390512 0.390488 0.390369 0.390349 0.390291 0.390254 0.390247 0.390228 0.390213 0.390227 0.390220 0.390273 0.390306 0.390467 0.390450 0.390465 0.000000 0.000000
0.000000 0.000000 0.396743 0.396734 0.396570 0.396567 0.396560 0.396528 0.396574 0.396552 0.396575 0.396558 0.396537 0.396574 0.396592 0.396603 0.396552 0.396767 0.396769 0.000000 0.000000
0.000000 0.000000 0.404204 0.403962 0.403930 0.403858 0.403739 0.403696 0.403660 0.403665 0.403607 0.403607 0.403636 0.403614 0.403675 0.403766 0.403918 0.403899 0.404147 0.000000 0.000000
0.000000 0.000000 0.408870 0.408972 0.409201 0.409161 0.409114 0.408896 0.408901 0.408848 0.408908 0.408892 0.408897 0.408911 0.409107 0.409145 0.409240 0.409018 0.408929 0.000000 0.000000
0.000000 0.000000 0.350000 0.350000 0.350000 0.350000 0.350000 0.350000 0.350000 0.350000 0.350000 0.350000 0.350000 0.350000 0.350000 0.350000 0.350000 0.350000 0.350000 0.000000 0.000000
0.000000 0.000000 0.000000 0.000000 0.000000 0.000000 0.000000 0.000000 0.000000 0.000000 0.000000 0.000000 0.000000 0.000000 0.000000 0.000000 0.000000 0.000000 0.000000 0.000000 0.000000