geotop/1.0zi/1.0Montebello/Templates/testdem/maps/_Eocsand1416.asc
ncols         21
nrows         20
xllcorner     100.000000
yllcorner     100.000000
cellsize      50.000000
NODATA_value  -9999.0
0.000000 0.000000 0.000000 0.000000 0.000000 0.000000 0.000000 0.000000 0.000000 0.000000 0.000000 0.000000 0.000000 0.000000 0.000000 0.000000 0.000000 0.000000 0.000000 0.000000 0.000000
0.000000 0.000000 0.300043 0.300043 0.300043 0.300043 0.300043 0.300043 0.300043 0.300043 0.300043 0.300043 0.300043 0.300043 0.300043 0.300043 0.300043 0.300043 0.300043 0.000000 0.000000
0.000000 0.000000 0.300006 0.300007 0.300007 0.300006 0.300006 0.300006 0.300006 0.300006 0.300006 0.300006 0.300006 0.300006 0.300006 0.300006 0.300007 0.300007 0.300006 0.000000 0.000000
0.000000 0.000000 0.298860 0.298861 0.298866 0.298864 0.298860 0.298860 0.298861 0.298860 0.298860 0.298860 0.298861 0.298860 0.298860 0.298864 0.298866 0.298861 0.298860 0.000000 0.000000
0.000000 0.000000 0.294786 0.294787 0.294792 0.294792 0.294785 0.294787 0.294787 0.294785 0.294785 0.294785 0.294787 0.294787 0.294785 0.294792 0.294792 0.294787 0.294786 0.000000 0.000000
0.000000 0.000000 0.289986 0.289987 0.289991 0.289991 0.289985 0.289987 0.289987 0.289986 0.289986 0.289986 0.289987 0.289987 0.289985 0.289991 0.289991 0.289987 0.289986 0.000000 0.000000
0.000000 0.000000 0.285485 0.285485 0.285489 0.285488 0.285484 0.285485 0.285485 0.285484 0.285484 0.285484 0.285485 0.285485 0.285484 0.285488 0.285489 0.285485 0.285485 0.000000 0.000000
0.000000 0.000000 0.281338 0.281339 0.281342 0.281341 0.281337 0.281338 0.281338 0.281338 0.281338 0.281338 0.281338 0.281338 0.281337 0.281341 0.281342 0.281339 0.281338 0.000000 0.000000
0.000000 0.000000 0.277450 0.277451 0.277454 0.277453 0.277449 0.277450 0.277450 0.277449 0.277450 0.277449 0.277450 0.277450 0.277449 0.277453 0.277454 0.277451 0.277450 0.000000 0.000000
0.000000 0.000000 0.273723 0.273724 0.273727 0.273726 0.273723 0.273724 0.273724 0.273723 0.273723 0.273723 0.273724 0.273724 0.273723 0.273726 0.273727 0.273724 0.273723 0.000000 0.000000
0.000000 0.000000 0.270118 0.270118 0.270121 0.270120 0.270117 0.270118 0.270118 0.270117 0.270118 0.270117 0.270118 0.270118 0.270117 0.270120 0.270121 0.270118 0.270118 0.000000 0.000000
0.000000 0.000000 0.266597 0.266597 0.266600 0.266599 0.266596 0.266597 0.266597 0.266596 0.266596 0.266596 0.266597 0.266597 0.266596 0.266599 0.266600 0.266597 0.266597 0.000000 0.000000
0.000000 0.000000 0.263135 0.263136 0.263139 0.263138 0.263135 0.263136 0.263136 0.263135 0.263135 0.263135 0.263136 0.263136 0.263135 0.263138 0.263139 0.263136 0.263135 0.000000 0.000000
0.000000 0.000000 0.259735 0.259736 0.259738 0.259737 0.259735 0.259735 0.259735 0.259735 0.259735 0.259735 0.259735 0.259735 0.259735 0.259737 0.259738 0.259736 0.259735 0.000000 0.000000
0.000000 0.000000 0.256382 0.256382 0.256385 0.256384 0.256381 0.256382 0.256382 0.256381 0.256381 0.256381 0.256382 0.256382 0.256381 0.256384 0.256385 0.256382 0.256382 0.000000 0.000000
0.000000 0.000000 0.253062 0.253062 0.253065 0.253064 0.253061 0.253062 0.253062 0.253061 0.253062 0.253061 0.253062 0.253062 0.253061 0.253064 0.253065 0.253062 0.253062 0.000000 0.000000
0.000000 0.000000 0.249779 0.249780 0.249782 0.249781 0.249779 0.249779 0.249779 0.249779 0.249779 0.249779 0.249779 0.249779 0.249779 0.249781 0.249782 0.249780 0.249779 0.000000 0.000000
0.000000 0.000000 0.246459 0.246459 0.246462 0.246461 0.246458 0.246459 0.246459 0.246458 0.246458 0.246458 0.246459 0.246459 0.246458 0.246461 0.246462 0.246459 0.246458 0.000000 0.000000
0.000000 0.000000 0.300000 0.300000 0.300000 0.300000 0.300000 0.300000 0.300000 0.300000 0.300000 0.300000 0.300000 0.300000 0.300000 0.300000 0.300000 0.300000 0.300000 0.000000 0.000000
0.000000 0.000000 0.000000 0.000000 0.000000 0.000000 0.000000 0.000000 0.000000 0.000000 0.000000 0.000000 0.000000 0.000000 0.000000 0.000000 0.000000 0.000000 0.000000 0.000000 0.000000