geotop/1.0zi/1.0Montebello/Templates/testdem/maps/_Eocsilt3153.asc
ncols         21
nrows         20
xllcorner     100.000000
yllcorner     100.000000
cellsize      50.000000
NODATA_value  -9999.0
0.000000 0.000000 0.000000 0.000000 0.000000 0.000000 0.000000 0.000000 0.000000 0.000000 0.000000 0.000000 0.000000 0.000000 0.000000 0.000000 0.000000 0.000000 0.000000 0.000000 0.000000
0.000000 0.000000 0.350087 0.350087 0.350087 0.350087 0.350087 0.350087 0.350087 0.350087 0.350086 0.350087 0.350087 0.350087 0.350087 0.350087 0.350087 0.350087 0.350087 0.000000 0.000000
0.000000 0.000000 0.349994 0.349994 0.349994 0.349994 0.349994 0.349994 0.349994 0.349994 0.349995 0.349994 0.349994 0.349994 0.349994 0.349994 0.349994 0.349994 0.349994 0.000000 0.000000
0.000000 0.000000 0.351305 0.351304 0.351302 0.351303 0.351305 0.351305 0.351305 0.351305 0.351306 0.351305 0.351305 0.351305 0.351305 0.351303 0.351302 0.351304 0.351305 0.000000 0.000000
0.000000 0.000000 0.355897 0.355896 0.355894 0.355894 0.355897 0.355896 0.355896 0.355897 0.355898 0.355897 0.355896 0.355896 0.355897 0.355894 0.355894 0.355896 0.355897 0.000000 0.000000
0.000000 0.000000 0.361454 0.361454 0.361452 0.361452 0.361455 0.361454 0.361454 0.361455 0.361455 0.361455 0.361454 0.361454 0.361455 0.361452 0.361452 0.361454 0.361454 0.000000 0.000000
0.000000 0.000000 0.366476 0.366476 0.366474 0.366475 0.366476 0.366476 0.366476 0.366477 0.366477 0.366477 0.366476 0.366476 0.366476 0.366475 0.366474 0.366476 0.366476 0.000000 0.000000
0.000000 0.000000 0.371015 0.371014 0.371013 0.371013 0.371015 0.371014 0.371014 0.371015 0.371015 0.371015 0.371014 0.371014 0.371015 0.371013 0.371013 0.371014 0.371015 0.000000 0.000000
0.000000 0.000000 0.375205 0.375205 0.375203 0.375204 0.375205 0.375205 0.375205 0.375205 0.375206 0.375205 0.375205 0.375205 0.375205 0.375204 0.375203 0.375205 0.375205 0.000000 0.000000
0.000000 0.000000 0.379149 0.379149 0.379148 0.379148 0.379149 0.379149 0.379149 0.379149 0.379150 0.379149 0.379149 0.379149 0.379149 0.379148 0.379148 0.379149 0.379149 0.000000 0.000000
0.000000 0.000000 0.382896 0.382896 0.382895 0.382895 0.382896 0.382896 0.382896 0.382897 0.382897 0.382897 0.382896 0.382896 0.382896 0.382895 0.382895 0.382896 0.382896 0.000000 0.000000
0.000000 0.000000 0.386482 0.386482 0.386481 0.386481 0.386482 0.386482 0.386482 0.386482 0.386483 0.386482 0.386482 0.386482 0.386482 0.386481 0.386481 0.386482 0.386482 0.000000 0.000000
0.000000 0.000000 0.389933 0.389933 0.389931 0.389932 0.389933 0.389932 0.389933 0.389933 0.389933 0.389933 0.389933 0.389932 0.389933 0.389932 0.389931 0.389933 0.389933 0.000000 0.000000
0.000000 0.000000 0.393278 0.393278 0.393277 0.393277 0.393278 0.393278 0.393278 0.393278 0.393279 0.393278 0.393278 0.393278 0.393278 0.393277 0.393277 0.393278 0.393278 0.000000 0.000000
0.000000 0.000000 0.396525 0.396524 0.396523 0.396524 0.396525 0.396524 0.396524 0.396525 0.396525 0.396525 0.396524 0.396524 0.396525 0.396524 0.396523 0.396524 0.396525 0.000000 0.000000
0.000000 0.000000 0.399679 0.399679 0.399678 0.399678 0.399679 0.399679 0.399679 0.399679 0.399680 0.399679 0.399679 0.399679 0.399679 0.399678 0.399678 0.399679 0.399679 0.000000 0.000000
0.000000 0.000000 0.402751 0.402751 0.402750 0.402750 0.402751 0.402751 0.402751 0.402751 0.402752 0.402751 0.402751 0.402751 0.402751 0.402750 0.402750 0.402751 0.402751 0.000000 0.000000
0.000000 0.000000 0.405807 0.405807 0.405806 0.405807 0.405808 0.405807 0.405807 0.405808 0.405808 0.405808 0.405807 0.405807 0.405808 0.405807 0.405806 0.405807 0.405808 0.000000 0.000000
0.000000 0.000000 0.350000 0.350000 0.350000 0.350000 0.350000 0.350000 0.350000 0.350000 0.350000 0.350000 0.350000 0.350000 0.350000 0.350000 0.350000 0.350000 0.350000 0.000000 0.000000
0.000000 0.000000 0.000000 0.000000 0.000000 0.000000 0.000000 0.000000 0.000000 0.000000 0.000000 0.000000 0.000000 0.000000 0.000000 0.000000 0.000000 0.000000 0.000000 0.000000 0.000000