geotop/1.0zi/1.0Montebello/Templates/testdem/maps/_Eocsilt3644.asc
ncols         21
nrows         20
xllcorner     100.000000
yllcorner     100.000000
cellsize      50.000000
NODATA_value  -9999.0
0.000000 0.000000 0.000000 0.000000 0.000000 0.000000 0.000000 0.000000 0.000000 0.000000 0.000000 0.000000 0.000000 0.000000 0.000000 0.000000 0.000000 0.000000 0.000000 0.000000 0.000000
0.000000 0.000000 0.350095 0.350095 0.350095 0.350095 0.350095 0.350095 0.350095 0.350095 0.350094 0.350095 0.350095 0.350095 0.350095 0.350095 0.350095 0.350095 0.350095 0.000000 0.000000
0.000000 0.000000 0.349993 0.349993 0.349993 0.349993 0.349993 0.349993 0.349993 0.349993 0.349994 0.349993 0.349993 0.349993 0.349993 0.349993 0.349993 0.349993 0.349993 0.000000 0.000000
0.000000 0.000000 0.351383 0.351382 0.351379 0.351381 0.351383 0.351383 0.351382 0.351382 0.351383 0.351382 0.351382 0.351383 0.351383 0.351381 0.351379 0.351382 0.351383 0.000000 0.000000
0.000000 0.000000 0.356404 0.356403 0.356401 0.356402 0.356404 0.356403 0.356402 0.356404 0.356404 0.356404 0.356402 0.356403 0.356404 0.356402 0.356401 0.356403 0.356404 0.000000 0.000000
0.000000 0.000000 0.362670 0.362669 0.362668 0.362668 0.362670 0.362669 0.362668 0.362669 0.362670 0.362669 0.362668 0.362669 0.362670 0.362668 0.362668 0.362669 0.362670 0.000000 0.000000
0.000000 0.000000 0.368346 0.368345 0.368344 0.368344 0.368346 0.368345 0.368345 0.368345 0.368346 0.368345 0.368345 0.368345 0.368346 0.368344 0.368344 0.368345 0.368346 0.000000 0.000000
0.000000 0.000000 0.373467 0.373466 0.373465 0.373465 0.373467 0.373466 0.373466 0.373466 0.373467 0.373466 0.373466 0.373466 0.373467 0.373465 0.373465 0.373466 0.373467 0.000000 0.000000
0.000000 0.000000 0.378182 0.378181 0.378180 0.378180 0.378182 0.378181 0.378181 0.378181 0.378182 0.378181 0.378181 0.378181 0.378182 0.378180 0.378180 0.378181 0.378182 0.000000 0.000000
0.000000 0.000000 0.382602 0.382602 0.382601 0.382601 0.382602 0.382602 0.382601 0.382602 0.382602 0.382602 0.382601 0.382602 0.382602 0.382601 0.382601 0.382602 0.382602 0.000000 0.000000
0.000000 0.000000 0.386788 0.386787 0.386786 0.386786 0.386788 0.386787 0.386787 0.386787 0.386788 0.386787 0.386787 0.386787 0.386788 0.386786 0.386786 0.386787 0.386788 0.000000 0.000000
0.000000 0.000000 0.390780 0.390779 0.390778 0.390778 0.390779 0.390779 0.390779 0.390779 0.390779 0.390779 0.390779 0.390779 0.390779 0.390778 0.390778 0.390779 0.390780 0.000000 0.000000
0.000000 0.000000 0.394608 0.394608 0.394607 0.394607 0.394608 0.394608 0.394607 0.394608 0.394608 0.394608 0.394607 0.394608 0.394608 0.394607 0.394607 0.394608 0.394608 0.000000 0.000000
0.000000 0.000000 0.398303 0.398302 0.398301 0.398302 0.398303 0.398302 0.398302 0.398302 0.398303 0.398302 0.398302 0.398302 0.398303 0.398302 0.398301 0.398302 0.398303 0.000000 0.000000
0.000000 0.000000 0.401874 0.401874 0.401873 0.401873 0.401874 0.401874 0.401873 0.401874 0.401874 0.401874 0.401873 0.401874 0.401874 0.401873 0.401873 0.401874 0.401874 0.000000 0.000000
0.000000 0.000000 0.405328 0.405328 0.405327 0.405327 0.405328 0.405328 0.405327 0.405328 0.405328 0.405328 0.405327 0.405328 0.405328 0.405327 0.405327 0.405328 0.405328 0.000000 0.000000
0.000000 0.000000 0.408676 0.408676 0.408675 0.408675 0.408676 0.408676 0.408675 0.408676 0.408676 0.408676 0.408675 0.408676 0.408676 0.408675 0.408675 0.408676 0.408676 0.000000 0.000000
0.000000 0.000000 0.411962 0.411962 0.411961 0.411962 0.411963 0.411962 0.411962 0.411962 0.411963 0.411962 0.411962 0.411962 0.411963 0.411962 0.411961 0.411962 0.411963 0.000000 0.000000
0.000000 0.000000 0.350000 0.350000 0.350000 0.350000 0.350000 0.350000 0.350000 0.350000 0.350000 0.350000 0.350000 0.350000 0.350000 0.350000 0.350000 0.350000 0.350000 0.000000 0.000000
0.000000 0.000000 0.000000 0.000000 0.000000 0.000000 0.000000 0.000000 0.000000 0.000000 0.000000 0.000000 0.000000 0.000000 0.000000 0.000000 0.000000 0.000000 0.000000 0.000000 0.000000