geotop/1.0zi/1.0Montebello/Templates/testdem/maps/_Eocclay6617.asc
ncols         21
nrows         20
xllcorner     100.000000
yllcorner     100.000000
cellsize      50.000000
NODATA_value  -9999.0
0.000000 0.000000 0.000000 0.000000 0.000000 0.000000 0.000000 0.000000 0.000000 0.000000 0.000000 0.000000 0.000000 0.000000 0.000000 0.000000 0.000000 0.000000 0.000000 0.000000 0.000000
0.000000 0.000000 0.349703 0.349704 0.349704 0.349703 0.349704 0.349704 0.349704 0.349704 0.349703 0.349704 0.349704 0.349704 0.349704 0.349704 0.349702 0.349703 0.349704 0.000000 0.000000
0.000000 0.000000 0.349989 0.349988 0.349988 0.349989 0.349987 0.349988 0.349988 0.349988 0.349987 0.349987 0.349988 0.349987 0.349988 0.349988 0.349989 0.349989 0.349987 0.000000 0.000000
0.000000 0.000000 0.349982 0.349986 0.349982 0.349983 0.349984 0.349984 0.349986 0.349982 0.349987 0.349985 0.349985 0.349985 0.349984 0.349986 0.349984 0.349986 0.349985 0.000000 0.000000
0.000000 0.000000 0.350600 0.350600 0.350598 0.350596 0.350583 0.350581 0.350581 0.350583 0.350580 0.350580 0.350576 0.350578 0.350584 0.350584 0.350590 0.350591 0.350598 0.000000 0.000000
0.000000 0.000000 0.352523 0.352523 0.352515 0.352490 0.352482 0.352462 0.352463 0.352458 0.352461 0.352460 0.352463 0.352463 0.352469 0.352484 0.352495 0.352507 0.352514 0.000000 0.000000
0.000000 0.000000 0.355374 0.355372 0.355367 0.355347 0.355323 0.355294 0.355293 0.355288 0.355289 0.355290 0.355291 0.355290 0.355313 0.355338 0.355350 0.355360 0.355368 0.000000 0.000000
0.000000 0.000000 0.358794 0.358794 0.358788 0.358764 0.358741 0.358709 0.358709 0.358706 0.358705 0.358703 0.358701 0.358707 0.358732 0.358753 0.358773 0.358780 0.358791 0.000000 0.000000
0.000000 0.000000 0.362333 0.362329 0.362319 0.362305 0.362281 0.362249 0.362251 0.362244 0.362241 0.362240 0.362240 0.362239 0.362268 0.362296 0.362311 0.362317 0.362327 0.000000 0.000000
0.000000 0.000000 0.365968 0.365961 0.365957 0.365944 0.365909 0.365880 0.365882 0.365877 0.365872 0.365874 0.365880 0.365876 0.365901 0.365931 0.365949 0.365954 0.365962 0.000000 0.000000
0.000000 0.000000 0.369794 0.369789 0.369785 0.369759 0.369735 0.369702 0.369709 0.369691 0.369692 0.369692 0.369687 0.369697 0.369717 0.369736 0.369759 0.369770 0.369786 0.000000 0.000000
0.000000 0.000000 0.373875 0.373866 0.373855 0.373835 0.373812 0.373772 0.373772 0.373764 0.373773 0.373760 0.373762 0.373765 0.373802 0.373822 0.373838 0.373846 0.373885 0.000000 0.000000
0.000000 0.000000 0.378140 0.378130 0.378125 0.378103 0.378082 0.377992 0.377992 0.377984 0.377963 0.377972 0.377979 0.377986 0.378052 0.378073 0.378107 0.378111 0.378138 0.000000 0.000000
0.000000 0.000000 0.382876 0.382871 0.382856 0.382839 0.382744 0.382729 0.382708 0.382707 0.382704 0.382702 0.382702 0.382699 0.382702 0.382803 0.382829 0.382855 0.382884 0.000000 0.000000
0.000000 0.000000 0.388204 0.388198 0.388176 0.388069 0.388046 0.387995 0.387959 0.387953 0.387934 0.387920 0.387933 0.387926 0.387971 0.388005 0.388153 0.388139 0.388154 0.000000 0.000000
0.000000 0.000000 0.393945 0.393938 0.393793 0.393784 0.393778 0.393747 0.393786 0.393767 0.393784 0.393766 0.393749 0.393781 0.393796 0.393808 0.393773 0.393962 0.393965 0.000000 0.000000
0.000000 0.000000 0.400761 0.400552 0.400515 0.400452 0.400348 0.400310 0.400281 0.400284 0.400233 0.400229 0.400254 0.400237 0.400287 0.400368 0.400499 0.400497 0.400713 0.000000 0.000000
0.000000 0.000000 0.405209 0.405280 0.405479 0.405439 0.405389 0.405199 0.405201 0.405155 0.405200 0.405184 0.405192 0.405202 0.405372 0.405412 0.405508 0.405315 0.405255 0.000000 0.000000
0.000000 0.000000 0.350000 0.350000 0.350000 0.350000 0.350000 0.350000 0.350000 0.350000 0.350000 0.350000 0.350000 0.350000 0.350000 0.350000 0.350000 0.350000 0.350000 0.000000 0.000000
0.000000 0.000000 0.000000 0.000000 0.000000 0.000000 0.000000 0.000000 0.000000 0.000000 0.000000 0.000000 0.000000 0.000000 0.000000 0.000000 0.000000 0.000000 0.000000 0.000000 0.000000