geotop/1.0zi/1.0Montebello/Templates/testdem/maps/_Eocsand5777.asc
ncols         21
nrows         20
xllcorner     100.000000
yllcorner     100.000000
cellsize      50.000000
NODATA_value  -9999.0
0.000000 0.000000 0.000000 0.000000 0.000000 0.000000 0.000000 0.000000 0.000000 0.000000 0.000000 0.000000 0.000000 0.000000 0.000000 0.000000 0.000000 0.000000 0.000000 0.000000 0.000000
0.000000 0.000000 0.300142 0.300142 0.300141 0.300141 0.300141 0.300141 0.300141 0.300141 0.300141 0.300141 0.300141 0.300142 0.300141 0.300141 0.300142 0.300142 0.300142 0.000000 0.000000
0.000000 0.000000 0.300009 0.300008 0.300008 0.300008 0.300008 0.300008 0.300008 0.300008 0.300008 0.300008 0.300007 0.300007 0.300008 0.300008 0.300010 0.300010 0.300009 0.000000 0.000000
0.000000 0.000000 0.299967 0.299966 0.299970 0.299974 0.299971 0.299973 0.299970 0.299972 0.299971 0.299973 0.299973 0.299974 0.299970 0.299965 0.299966 0.299963 0.299965 0.000000 0.000000
0.000000 0.000000 0.298997 0.298994 0.298996 0.299004 0.299018 0.299026 0.299026 0.299027 0.299030 0.299028 0.299031 0.299029 0.299020 0.299018 0.299014 0.299003 0.298995 0.000000 0.000000
0.000000 0.000000 0.295913 0.295908 0.295917 0.295949 0.295966 0.296000 0.296002 0.296010 0.296002 0.296000 0.295996 0.296001 0.295991 0.295972 0.295958 0.295942 0.295934 0.000000 0.000000
0.000000 0.000000 0.291342 0.291346 0.291352 0.291386 0.291427 0.291478 0.291476 0.291483 0.291478 0.291476 0.291479 0.291478 0.291443 0.291405 0.291388 0.291370 0.291358 0.000000 0.000000
0.000000 0.000000 0.285785 0.285784 0.285785 0.285822 0.285862 0.285916 0.285915 0.285921 0.285920 0.285921 0.285924 0.285918 0.285879 0.285842 0.285813 0.285805 0.285787 0.000000 0.000000
0.000000 0.000000 0.280049 0.280057 0.280069 0.280091 0.280131 0.280188 0.280185 0.280195 0.280199 0.280196 0.280197 0.280202 0.280151 0.280111 0.280085 0.280076 0.280060 0.000000 0.000000
0.000000 0.000000 0.274269 0.274278 0.274282 0.274297 0.274354 0.274405 0.274401 0.274407 0.274415 0.274406 0.274401 0.274408 0.274367 0.274322 0.274294 0.274290 0.274279 0.000000 0.000000
0.000000 0.000000 0.268302 0.268308 0.268308 0.268349 0.268387 0.268444 0.268432 0.268459 0.268457 0.268454 0.268462 0.268449 0.268416 0.268387 0.268357 0.268340 0.268316 0.000000 0.000000
0.000000 0.000000 0.262039 0.262053 0.262067 0.262096 0.262130 0.262198 0.262194 0.262210 0.262193 0.262209 0.262207 0.262203 0.262144 0.262117 0.262096 0.262087 0.262024 0.000000 0.000000
0.000000 0.000000 0.255611 0.255623 0.255626 0.255659 0.255690 0.255826 0.255826 0.255838 0.255866 0.255850 0.255840 0.255831 0.255733 0.255708 0.255660 0.255655 0.255610 0.000000 0.000000
0.000000 0.000000 0.248631 0.248639 0.248655 0.248676 0.248807 0.248842 0.248871 0.248873 0.248883 0.248878 0.248877 0.248883 0.248868 0.248738 0.248697 0.248664 0.248619 0.000000 0.000000
0.000000 0.000000 0.240947 0.240957 0.240984 0.241118 0.241162 0.241241 0.241292 0.241300 0.241325 0.241339 0.241324 0.241337 0.241279 0.241216 0.241023 0.241039 0.241011 0.000000 0.000000
0.000000 0.000000 0.232820 0.232829 0.233004 0.233035 0.233046 0.233097 0.233062 0.233084 0.233068 0.233088 0.233109 0.233075 0.233045 0.233027 0.233040 0.232814 0.232808 0.000000 0.000000
0.000000 0.000000 0.223521 0.223760 0.223843 0.223912 0.224027 0.224087 0.224106 0.224110 0.224161 0.224168 0.224147 0.224157 0.224092 0.224006 0.223870 0.223816 0.223574 0.000000 0.000000
0.000000 0.000000 0.216725 0.216717 0.216504 0.216564 0.216656 0.216882 0.216886 0.216936 0.216904 0.216917 0.216902 0.216898 0.216694 0.216628 0.216478 0.216697 0.216691 0.000000 0.000000
0.000000 0.000000 0.300000 0.300000 0.300000 0.300000 0.300000 0.300000 0.300000 0.300000 0.300000 0.300000 0.300000 0.300000 0.300000 0.300000 0.300000 0.300000 0.300000 0.000000 0.000000
0.000000 0.000000 0.000000 0.000000 0.000000 0.000000 0.000000 0.000000 0.000000 0.000000 0.000000 0.000000 0.000000 0.000000 0.000000 0.000000 0.000000 0.000000 0.000000 0.000000 0.000000