geotop/1.0zi/1.0Montebello/Templates/testdem/maps/_Eocsand3488.asc
ncols         21
nrows         20
xllcorner     100.000000
yllcorner     100.000000
cellsize      50.000000
NODATA_value  -9999.0
0.000000 0.000000 0.000000 0.000000 0.000000 0.000000 0.000000 0.000000 0.000000 0.000000 0.000000 0.000000 0.000000 0.000000 0.000000 0.000000 0.000000 0.000000 0.000000 0.000000 0.000000
0.000000 0.000000 0.300092 0.300092 0.300092 0.300092 0.300092 0.300092 0.300092 0.300092 0.300094 0.300092 0.300092 0.300092 0.300092 0.300092 0.300092 0.300092 0.300092 0.000000 0.000000
0.000000 0.000000 0.300010 0.300011 0.300011 0.300010 0.300011 0.300010 0.300010 0.300011 0.300009 0.300011 0.300010 0.300010 0.300011 0.300010 0.300011 0.300011 0.300010 0.000000 0.000000
0.000000 0.000000 0.297322 0.297323 0.297328 0.297326 0.297322 0.297322 0.297323 0.297322 0.297322 0.297322 0.297323 0.297322 0.297322 0.297326 0.297328 0.297323 0.297322 0.000000 0.000000
0.000000 0.000000 0.287035 0.287036 0.287040 0.287040 0.287034 0.287037 0.287037 0.287034 0.287033 0.287034 0.287037 0.287037 0.287034 0.287040 0.287040 0.287036 0.287035 0.000000 0.000000
0.000000 0.000000 0.275039 0.275040 0.275043 0.275043 0.275038 0.275040 0.275040 0.275039 0.275037 0.275039 0.275040 0.275040 0.275038 0.275043 0.275043 0.275040 0.275039 0.000000 0.000000
0.000000 0.000000 0.263989 0.263990 0.263993 0.263993 0.263989 0.263991 0.263991 0.263989 0.263988 0.263989 0.263991 0.263991 0.263989 0.263993 0.263993 0.263990 0.263989 0.000000 0.000000
0.000000 0.000000 0.253977 0.253978 0.253980 0.253980 0.253976 0.253978 0.253978 0.253977 0.253976 0.253977 0.253978 0.253978 0.253976 0.253980 0.253980 0.253978 0.253977 0.000000 0.000000
0.000000 0.000000 0.244742 0.244743 0.244745 0.244745 0.244741 0.244743 0.244743 0.244742 0.244741 0.244742 0.244743 0.244743 0.244741 0.244745 0.244745 0.244743 0.244742 0.000000 0.000000
0.000000 0.000000 0.236068 0.236068 0.236071 0.236070 0.236067 0.236069 0.236069 0.236068 0.236067 0.236068 0.236069 0.236069 0.236067 0.236070 0.236071 0.236068 0.236068 0.000000 0.000000
0.000000 0.000000 0.227841 0.227841 0.227844 0.227843 0.227840 0.227842 0.227842 0.227841 0.227840 0.227841 0.227842 0.227842 0.227840 0.227843 0.227844 0.227841 0.227841 0.000000 0.000000
0.000000 0.000000 0.219982 0.219982 0.219985 0.219984 0.219981 0.219983 0.219983 0.219982 0.219981 0.219982 0.219983 0.219983 0.219981 0.219984 0.219985 0.219982 0.219982 0.000000 0.000000
0.000000 0.000000 0.212431 0.212431 0.212433 0.212433 0.212430 0.212431 0.212431 0.212430 0.212429 0.212430 0.212431 0.212431 0.212430 0.212433 0.212433 0.212431 0.212431 0.000000 0.000000
0.000000 0.000000 0.205130 0.205131 0.205133 0.205132 0.205130 0.205131 0.205131 0.205130 0.205129 0.205130 0.205131 0.205131 0.205130 0.205132 0.205133 0.205131 0.205130 0.000000 0.000000
0.000000 0.000000 0.198059 0.198059 0.198061 0.198060 0.198058 0.198059 0.198059 0.198058 0.198057 0.198058 0.198059 0.198059 0.198058 0.198060 0.198061 0.198059 0.198059 0.000000 0.000000
0.000000 0.000000 0.191205 0.191205 0.191207 0.191207 0.191204 0.191206 0.191206 0.191205 0.191204 0.191205 0.191206 0.191206 0.191204 0.191207 0.191207 0.191205 0.191205 0.000000 0.000000
0.000000 0.000000 0.184543 0.184544 0.184546 0.184545 0.184543 0.184544 0.184544 0.184543 0.184542 0.184543 0.184544 0.184544 0.184543 0.184545 0.184546 0.184544 0.184543 0.000000 0.000000
0.000000 0.000000 0.177964 0.177963 0.177965 0.177964 0.177962 0.177963 0.177963 0.177962 0.177962 0.177962 0.177963 0.177963 0.177962 0.177964 0.177965 0.177963 0.177963 0.000000 0.000000
0.000000 0.000000 0.300000 0.300000 0.300000 0.300000 0.300000 0.300000 0.300000 0.300000 0.300000 0.300000 0.300000 0.300000 0.300000 0.300000 0.300000 0.300000 0.300000 0.000000 0.000000
0.000000 0.000000 0.000000 0.000000 0.000000 0.000000 0.000000 0.000000 0.000000 0.000000 0.000000 0.000000 0.000000 0.000000 0.000000 0.000000 0.000000 0.000000 0.000000 0.000000 0.000000