geotop/1.0zi/1.0Montebello/Templates/testdem/maps/_Eocclay5650.asc
ncols         21
nrows         20
xllcorner     100.000000
yllcorner     100.000000
cellsize      50.000000
NODATA_value  -9999.0
0.000000 0.000000 0.000000 0.000000 0.000000 0.000000 0.000000 0.000000 0.000000 0.000000 0.000000 0.000000 0.000000 0.000000 0.000000 0.000000 0.000000 0.000000 0.000000 0.000000 0.000000
0.000000 0.000000 0.349746 0.349747 0.349747 0.349747 0.349747 0.349747 0.349747 0.349747 0.349747 0.349747 0.349747 0.349747 0.349747 0.349747 0.349746 0.349746 0.349746 0.000000 0.000000
0.000000 0.000000 0.349989 0.349990 0.349990 0.349989 0.349989 0.349989 0.349989 0.349989 0.349989 0.349989 0.349989 0.349990 0.349989 0.349989 0.349989 0.349989 0.349989 0.000000 0.000000
0.000000 0.000000 0.349988 0.349990 0.349987 0.349988 0.349990 0.349990 0.349989 0.349988 0.349990 0.349988 0.349988 0.349988 0.349990 0.349992 0.349990 0.349991 0.349990 0.000000 0.000000
0.000000 0.000000 0.350481 0.350481 0.350481 0.350476 0.350465 0.350462 0.350463 0.350464 0.350463 0.350464 0.350459 0.350459 0.350464 0.350463 0.350468 0.350470 0.350474 0.000000 0.000000
0.000000 0.000000 0.352078 0.352080 0.352074 0.352056 0.352049 0.352033 0.352033 0.352028 0.352032 0.352032 0.352035 0.352035 0.352038 0.352050 0.352056 0.352067 0.352072 0.000000 0.000000
0.000000 0.000000 0.354383 0.354381 0.354379 0.354363 0.354343 0.354316 0.354316 0.354312 0.354314 0.354316 0.354317 0.354315 0.354333 0.354354 0.354363 0.354372 0.354379 0.000000 0.000000
0.000000 0.000000 0.357180 0.357180 0.357179 0.357159 0.357140 0.357111 0.357112 0.357109 0.357110 0.357109 0.357107 0.357111 0.357132 0.357149 0.357163 0.357169 0.357178 0.000000 0.000000
0.000000 0.000000 0.360013 0.360010 0.360004 0.359994 0.359974 0.359946 0.359949 0.359943 0.359941 0.359943 0.359942 0.359940 0.359964 0.359984 0.359996 0.360000 0.360008 0.000000 0.000000
0.000000 0.000000 0.362880 0.362875 0.362874 0.362866 0.362837 0.362812 0.362814 0.362811 0.362807 0.362811 0.362815 0.362811 0.362831 0.362854 0.362867 0.362870 0.362876 0.000000 0.000000
0.000000 0.000000 0.365856 0.365853 0.365853 0.365834 0.365814 0.365785 0.365792 0.365778 0.365779 0.365780 0.365777 0.365784 0.365799 0.365814 0.365829 0.365837 0.365850 0.000000 0.000000
0.000000 0.000000 0.368974 0.368967 0.368960 0.368946 0.368929 0.368895 0.368897 0.368889 0.368898 0.368889 0.368890 0.368892 0.368921 0.368934 0.368945 0.368950 0.368981 0.000000 0.000000
0.000000 0.000000 0.372175 0.372169 0.372167 0.372151 0.372136 0.372068 0.372068 0.372062 0.372048 0.372057 0.372061 0.372066 0.372114 0.372127 0.372151 0.372153 0.372176 0.000000 0.000000
0.000000 0.000000 0.375649 0.375644 0.375637 0.375626 0.375561 0.375544 0.375529 0.375528 0.375523 0.375526 0.375526 0.375523 0.375531 0.375595 0.375615 0.375632 0.375655 0.000000 0.000000
0.000000 0.000000 0.379471 0.379466 0.379452 0.379386 0.379364 0.379326 0.379299 0.379295 0.379282 0.379276 0.379284 0.379277 0.379305 0.379336 0.379432 0.379425 0.379439 0.000000 0.000000
0.000000 0.000000 0.383507 0.383502 0.383416 0.383401 0.383396 0.383370 0.383388 0.383378 0.383385 0.383375 0.383365 0.383382 0.383396 0.383404 0.383398 0.383510 0.383513 0.000000 0.000000
0.000000 0.000000 0.388124 0.388006 0.387965 0.387930 0.387873 0.387844 0.387835 0.387833 0.387808 0.387804 0.387814 0.387809 0.387841 0.387883 0.387951 0.387978 0.388098 0.000000 0.000000
0.000000 0.000000 0.391504 0.391508 0.391614 0.391585 0.391539 0.391427 0.391424 0.391400 0.391416 0.391409 0.391416 0.391418 0.391520 0.391552 0.391627 0.391518 0.391521 0.000000 0.000000
0.000000 0.000000 0.350000 0.350000 0.350000 0.350000 0.350000 0.350000 0.350000 0.350000 0.350000 0.350000 0.350000 0.350000 0.350000 0.350000 0.350000 0.350000 0.350000 0.000000 0.000000
0.000000 0.000000 0.000000 0.000000 0.000000 0.000000 0.000000 0.000000 0.000000 0.000000 0.000000 0.000000 0.000000 0.000000 0.000000 0.000000 0.000000 0.000000 0.000000 0.000000 0.000000