geotop/1.0zi/1.0Montebello/Templates/testdem/maps/_Eocsilt3734.asc
ncols         21
nrows         20
xllcorner     100.000000
yllcorner     100.000000
cellsize      50.000000
NODATA_value  -9999.0
0.000000 0.000000 0.000000 0.000000 0.000000 0.000000 0.000000 0.000000 0.000000 0.000000 0.000000 0.000000 0.000000 0.000000 0.000000 0.000000 0.000000 0.000000 0.000000 0.000000 0.000000
0.000000 0.000000 0.350077 0.350077 0.350077 0.350077 0.350077 0.350077 0.350077 0.350077 0.350077 0.350077 0.350077 0.350077 0.350077 0.350077 0.350077 0.350077 0.350077 0.000000 0.000000
0.000000 0.000000 0.350001 0.350002 0.350002 0.350002 0.350003 0.350003 0.350003 0.350003 0.350003 0.350003 0.350003 0.350003 0.350002 0.350002 0.350001 0.350001 0.350001 0.000000 0.000000
0.000000 0.000000 0.350033 0.350031 0.350032 0.350028 0.350029 0.350026 0.350028 0.350029 0.350028 0.350028 0.350029 0.350027 0.350028 0.350031 0.350032 0.350033 0.350032 0.000000 0.000000
0.000000 0.000000 0.350368 0.350372 0.350368 0.350371 0.350369 0.350367 0.350366 0.350363 0.350363 0.350364 0.350366 0.350365 0.350366 0.350365 0.350364 0.350369 0.350371 0.000000 0.000000
0.000000 0.000000 0.351407 0.351409 0.351405 0.351399 0.351392 0.351379 0.351378 0.351374 0.351378 0.351380 0.351381 0.351383 0.351388 0.351392 0.351395 0.351394 0.351395 0.000000 0.000000
0.000000 0.000000 0.352920 0.352923 0.352920 0.352906 0.352889 0.352873 0.352874 0.352871 0.352874 0.352874 0.352876 0.352880 0.352894 0.352905 0.352908 0.352910 0.352916 0.000000 0.000000
0.000000 0.000000 0.354671 0.354670 0.354665 0.354649 0.354630 0.354612 0.354613 0.354610 0.354611 0.354611 0.354613 0.354617 0.354637 0.354651 0.354660 0.354660 0.354664 0.000000 0.000000
0.000000 0.000000 0.356426 0.356424 0.356416 0.356403 0.356386 0.356364 0.356365 0.356361 0.356362 0.356363 0.356365 0.356371 0.356389 0.356404 0.356410 0.356413 0.356419 0.000000 0.000000
0.000000 0.000000 0.358164 0.358163 0.358157 0.358144 0.358123 0.358105 0.358107 0.358104 0.358104 0.358105 0.358107 0.358110 0.358130 0.358146 0.358151 0.358152 0.358157 0.000000 0.000000
0.000000 0.000000 0.359904 0.359903 0.359896 0.359886 0.359869 0.359847 0.359849 0.359844 0.359845 0.359846 0.359848 0.359852 0.359869 0.359880 0.359887 0.359890 0.359895 0.000000 0.000000
0.000000 0.000000 0.361690 0.361688 0.361681 0.361667 0.361649 0.361627 0.361626 0.361624 0.361625 0.361624 0.361628 0.361631 0.361653 0.361666 0.361673 0.361674 0.361695 0.000000 0.000000
0.000000 0.000000 0.363484 0.363482 0.363475 0.363463 0.363443 0.363403 0.363403 0.363399 0.363399 0.363400 0.363402 0.363407 0.363443 0.363458 0.363464 0.363466 0.363479 0.000000 0.000000
0.000000 0.000000 0.365366 0.365361 0.365354 0.365342 0.365300 0.365287 0.365280 0.365277 0.365278 0.365279 0.365280 0.365285 0.365300 0.365335 0.365342 0.365348 0.365356 0.000000 0.000000
0.000000 0.000000 0.367374 0.367371 0.367356 0.367323 0.367299 0.367273 0.367260 0.367256 0.367251 0.367251 0.367257 0.367257 0.367278 0.367304 0.367342 0.367339 0.367345 0.000000 0.000000
0.000000 0.000000 0.369425 0.369421 0.369381 0.369370 0.369353 0.369338 0.369334 0.369333 0.369335 0.369334 0.369334 0.369345 0.369355 0.369366 0.369367 0.369404 0.369414 0.000000 0.000000
0.000000 0.000000 0.371676 0.371632 0.371595 0.371578 0.371546 0.371530 0.371526 0.371524 0.371519 0.371520 0.371524 0.371526 0.371538 0.371567 0.371583 0.371604 0.371650 0.000000 0.000000
0.000000 0.000000 0.373474 0.373462 0.373485 0.373463 0.373433 0.373384 0.373378 0.373373 0.373375 0.373374 0.373376 0.373384 0.373428 0.373455 0.373483 0.373441 0.373464 0.000000 0.000000
0.000000 0.000000 0.350000 0.350000 0.350000 0.350000 0.350000 0.350000 0.350000 0.350000 0.350000 0.350000 0.350000 0.350000 0.350000 0.350000 0.350000 0.350000 0.350000 0.000000 0.000000
0.000000 0.000000 0.000000 0.000000 0.000000 0.000000 0.000000 0.000000 0.000000 0.000000 0.000000 0.000000 0.000000 0.000000 0.000000 0.000000 0.000000 0.000000 0.000000 0.000000 0.000000