geotop/1.0zi/1.0Montebello/Templates/testdem/maps/_Eocsand173d.asc
ncols         21
nrows         20
xllcorner     100.000000
yllcorner     100.000000
cellsize      50.000000
NODATA_value  -9999.0
0.000000 0.000000 0.000000 0.000000 0.000000 0.000000 0.000000 0.000000 0.000000 0.000000 0.000000 0.000000 0.000000 0.000000 0.000000 0.000000 0.000000 0.000000 0.000000 0.000000 0.000000
0.000000 0.000000 0.300303 0.300301 0.300301 0.300302 0.300300 0.300300 0.300301 0.300300 0.300301 0.300301 0.300301 0.300301 0.300301 0.300300 0.300301 0.300301 0.300301 0.000000 0.000000
0.000000 0.000000 0.300010 0.300012 0.300013 0.300010 0.300012 0.300013 0.300012 0.300012 0.300012 0.300011 0.300011 0.300012 0.300011 0.300012 0.300013 0.300013 0.300013 0.000000 0.000000
0.000000 0.000000 0.299625 0.299615 0.299630 0.299638 0.299633 0.299643 0.299640 0.299643 0.299644 0.299642 0.299642 0.299637 0.299639 0.299630 0.299626 0.299623 0.299622 0.000000 0.000000
0.000000 0.000000 0.295484 0.295494 0.295515 0.295550 0.295587 0.295602 0.295609 0.295613 0.295619 0.295605 0.295599 0.295606 0.295583 0.295563 0.295543 0.295524 0.295510 0.000000 0.000000
0.000000 0.000000 0.285089 0.285104 0.285154 0.285232 0.285307 0.285376 0.285380 0.285396 0.285400 0.285396 0.285383 0.285393 0.285358 0.285285 0.285254 0.285221 0.285211 0.000000 0.000000
0.000000 0.000000 0.270915 0.270943 0.270993 0.271087 0.271185 0.271336 0.271347 0.271363 0.271372 0.271368 0.271371 0.271370 0.271260 0.271172 0.271120 0.271075 0.271063 0.000000 0.000000
0.000000 0.000000 0.253683 0.253718 0.253771 0.253901 0.254010 0.254150 0.254168 0.254188 0.254202 0.254202 0.254209 0.254193 0.254098 0.253997 0.253910 0.253885 0.253854 0.000000 0.000000
0.000000 0.000000 0.233789 0.233842 0.233926 0.234029 0.234161 0.234344 0.234354 0.234397 0.234406 0.234418 0.234412 0.234427 0.234277 0.234149 0.234080 0.234032 0.234006 0.000000 0.000000
0.000000 0.000000 0.210314 0.210399 0.210493 0.210593 0.210757 0.210948 0.210985 0.211011 0.211041 0.211028 0.210997 0.211013 0.210898 0.210724 0.210634 0.210582 0.210575 0.000000 0.000000
0.000000 0.000000 0.181630 0.181714 0.181783 0.182083 0.182147 0.182433 0.182382 0.182542 0.182500 0.182532 0.182601 0.182525 0.182371 0.182273 0.182134 0.182070 0.181950 0.000000 0.000000
0.000000 0.000000 0.146227 0.146409 0.146630 0.146716 0.146874 0.147247 0.147317 0.147298 0.147250 0.147374 0.147314 0.147369 0.147057 0.146852 0.146801 0.146732 0.146505 0.000000 0.000000
0.000000 0.000000 0.108591 0.108728 0.108729 0.109010 0.109197 0.110144 0.110226 0.110311 0.110682 0.110397 0.110409 0.110331 0.109656 0.109520 0.109147 0.109085 0.109178 0.000000 0.000000
0.000000 0.000000 0.074013 0.074032 0.074267 0.074355 0.075204 0.074688 0.074892 0.074897 0.074687 0.074877 0.074902 0.075029 0.075455 0.074507 0.074541 0.074315 0.074210 0.000000 0.000000
0.000000 0.000000 0.053445 0.053485 0.053592 0.053955 0.053963 0.054082 0.054165 0.054179 0.054241 0.054284 0.054246 0.054264 0.054170 0.054146 0.053706 0.053768 0.053766 0.000000 0.000000
0.000000 0.000000 0.040522 0.040554 0.040708 0.040898 0.040859 0.040978 0.040982 0.041005 0.041035 0.041062 0.041054 0.041036 0.040943 0.040974 0.040778 0.040703 0.040707 0.000000 0.000000
0.000000 0.000000 0.031523 0.031582 0.031686 0.031825 0.031802 0.031900 0.031898 0.031914 0.031943 0.031958 0.031951 0.031937 0.031858 0.031882 0.031740 0.031684 0.031656 0.000000 0.000000
0.000000 0.000000 0.025295 0.025315 0.025410 0.025483 0.025464 0.025544 0.025520 0.025537 0.025541 0.025554 0.025558 0.025537 0.025477 0.025500 0.025450 0.025361 0.025364 0.000000 0.000000
0.000000 0.000000 0.300000 0.300000 0.300000 0.300000 0.300000 0.300000 0.300000 0.300000 0.300000 0.300000 0.300000 0.300000 0.300000 0.300000 0.300000 0.300000 0.300000 0.000000 0.000000
0.000000 0.000000 0.000000 0.000000 0.000000 0.000000 0.000000 0.000000 0.000000 0.000000 0.000000 0.000000 0.000000 0.000000 0.000000 0.000000 0.000000 0.000000 0.000000 0.000000 0.000000