geotop/1.0zi/1.0Montebello/Templates/testdem/maps/_Eocsand5108.asc
ncols         21
nrows         20
xllcorner     100.000000
yllcorner     100.000000
cellsize      50.000000
NODATA_value  -9999.0
0.000000 0.000000 0.000000 0.000000 0.000000 0.000000 0.000000 0.000000 0.000000 0.000000 0.000000 0.000000 0.000000 0.000000 0.000000 0.000000 0.000000 0.000000 0.000000 0.000000 0.000000
0.000000 0.000000 0.300125 0.300125 0.300125 0.300124 0.300124 0.300124 0.300125 0.300125 0.300125 0.300125 0.300125 0.300125 0.300124 0.300124 0.300125 0.300125 0.300125 0.000000 0.000000
0.000000 0.000000 0.300008 0.300007 0.300007 0.300006 0.300007 0.300007 0.300006 0.300006 0.300007 0.300007 0.300006 0.300006 0.300006 0.300007 0.300008 0.300009 0.300008 0.000000 0.000000
0.000000 0.000000 0.299974 0.299973 0.299975 0.299980 0.299977 0.299979 0.299977 0.299977 0.299977 0.299978 0.299978 0.299980 0.299976 0.299972 0.299974 0.299971 0.299973 0.000000 0.000000
0.000000 0.000000 0.299192 0.299189 0.299190 0.299200 0.299211 0.299216 0.299217 0.299219 0.299223 0.299219 0.299222 0.299220 0.299211 0.299211 0.299206 0.299197 0.299190 0.000000 0.000000
0.000000 0.000000 0.296534 0.296528 0.296537 0.296566 0.296578 0.296607 0.296610 0.296619 0.296611 0.296609 0.296602 0.296603 0.296596 0.296581 0.296568 0.296555 0.296546 0.000000 0.000000
0.000000 0.000000 0.292506 0.292509 0.292518 0.292548 0.292583 0.292624 0.292624 0.292630 0.292624 0.292625 0.292625 0.292621 0.292593 0.292560 0.292543 0.292526 0.292513 0.000000 0.000000
0.000000 0.000000 0.287643 0.287646 0.287647 0.287679 0.287716 0.287759 0.287758 0.287764 0.287764 0.287763 0.287765 0.287763 0.287726 0.287691 0.287669 0.287659 0.287644 0.000000 0.000000
0.000000 0.000000 0.282652 0.282657 0.282666 0.282692 0.282728 0.282775 0.282774 0.282781 0.282782 0.282779 0.282781 0.282778 0.282743 0.282703 0.282685 0.282671 0.282653 0.000000 0.000000
0.000000 0.000000 0.277660 0.277664 0.277670 0.277690 0.277732 0.277777 0.277772 0.277778 0.277779 0.277777 0.277780 0.277781 0.277738 0.277702 0.277689 0.277676 0.277662 0.000000 0.000000
0.000000 0.000000 0.272554 0.272560 0.272563 0.272593 0.272626 0.272677 0.272673 0.272683 0.272684 0.272680 0.272684 0.272684 0.272649 0.272618 0.272591 0.272578 0.272561 0.000000 0.000000
0.000000 0.000000 0.267248 0.267252 0.267260 0.267290 0.267325 0.267375 0.267378 0.267383 0.267384 0.267384 0.267385 0.267386 0.267339 0.267304 0.267287 0.267275 0.267223 0.000000 0.000000
0.000000 0.000000 0.261845 0.261852 0.261861 0.261885 0.261927 0.262036 0.262036 0.262044 0.262046 0.262043 0.262048 0.262046 0.261952 0.261910 0.261889 0.261877 0.261845 0.000000 0.000000
0.000000 0.000000 0.256054 0.256070 0.256075 0.256101 0.256215 0.256244 0.256262 0.256268 0.256268 0.256267 0.256272 0.256271 0.256244 0.256134 0.256111 0.256085 0.256065 0.000000 0.000000
0.000000 0.000000 0.249764 0.249774 0.249802 0.249907 0.249959 0.250029 0.250063 0.250072 0.250090 0.250090 0.250083 0.250093 0.250042 0.249972 0.249844 0.249846 0.249828 0.000000 0.000000
0.000000 0.000000 0.243200 0.243211 0.243336 0.243368 0.243402 0.243437 0.243439 0.243439 0.243433 0.243433 0.243449 0.243423 0.243406 0.243380 0.243377 0.243228 0.243195 0.000000 0.000000
0.000000 0.000000 0.235810 0.235983 0.236078 0.236130 0.236226 0.236277 0.236289 0.236294 0.236315 0.236313 0.236307 0.236323 0.236284 0.236182 0.236110 0.236050 0.235872 0.000000 0.000000
0.000000 0.000000 0.230200 0.230214 0.230085 0.230147 0.230220 0.230394 0.230411 0.230425 0.230416 0.230417 0.230426 0.230410 0.230253 0.230179 0.230091 0.230241 0.230189 0.000000 0.000000
0.000000 0.000000 0.300000 0.300000 0.300000 0.300000 0.300000 0.300000 0.300000 0.300000 0.300000 0.300000 0.300000 0.300000 0.300000 0.300000 0.300000 0.300000 0.300000 0.000000 0.000000
0.000000 0.000000 0.000000 0.000000 0.000000 0.000000 0.000000 0.000000 0.000000 0.000000 0.000000 0.000000 0.000000 0.000000 0.000000 0.000000 0.000000 0.000000 0.000000 0.000000 0.000000