geotop/1.0zi/1.0Montebello/Templates/testdem/maps/_Eocsand108C.asc
ncols         21
nrows         20
xllcorner     100.000000
yllcorner     100.000000
cellsize      50.000000
NODATA_value  -9999.0
0.000000 0.000000 0.000000 0.000000 0.000000 0.000000 0.000000 0.000000 0.000000 0.000000 0.000000 0.000000 0.000000 0.000000 0.000000 0.000000 0.000000 0.000000 0.000000 0.000000 0.000000
0.000000 0.000000 0.300284 0.300282 0.300282 0.300283 0.300281 0.300281 0.300282 0.300281 0.300282 0.300282 0.300282 0.300282 0.300282 0.300281 0.300282 0.300282 0.300282 0.000000 0.000000
0.000000 0.000000 0.300010 0.300012 0.300013 0.300010 0.300012 0.300013 0.300012 0.300012 0.300012 0.300011 0.300011 0.300012 0.300011 0.300012 0.300013 0.300013 0.300013 0.000000 0.000000
0.000000 0.000000 0.299627 0.299616 0.299631 0.299639 0.299634 0.299645 0.299642 0.299641 0.299645 0.299644 0.299643 0.299638 0.299640 0.299632 0.299628 0.299624 0.299624 0.000000 0.000000
0.000000 0.000000 0.295651 0.295659 0.295676 0.295709 0.295745 0.295758 0.295763 0.295766 0.295773 0.295763 0.295757 0.295762 0.295737 0.295720 0.295701 0.295684 0.295670 0.000000 0.000000
0.000000 0.000000 0.285933 0.285944 0.285988 0.286065 0.286138 0.286205 0.286206 0.286217 0.286228 0.286224 0.286211 0.286220 0.286184 0.286116 0.286084 0.286052 0.286040 0.000000 0.000000
0.000000 0.000000 0.272797 0.272818 0.272860 0.272950 0.273042 0.273184 0.273191 0.273201 0.273219 0.273217 0.273220 0.273217 0.273111 0.273030 0.272980 0.272936 0.272923 0.000000 0.000000
0.000000 0.000000 0.256968 0.256995 0.257039 0.257160 0.257262 0.257397 0.257410 0.257424 0.257446 0.257448 0.257456 0.257438 0.257342 0.257249 0.257168 0.257143 0.257114 0.000000 0.000000
0.000000 0.000000 0.238979 0.239021 0.239092 0.239188 0.239308 0.239476 0.239480 0.239507 0.239536 0.239540 0.239537 0.239548 0.239404 0.239289 0.239224 0.239186 0.239161 0.000000 0.000000
0.000000 0.000000 0.218180 0.218248 0.218315 0.218417 0.218560 0.218737 0.218762 0.218776 0.218823 0.218809 0.218783 0.218795 0.218682 0.218528 0.218445 0.218402 0.218395 0.000000 0.000000
0.000000 0.000000 0.193263 0.193327 0.193385 0.193642 0.193697 0.193954 0.193915 0.194037 0.194031 0.194052 0.194102 0.194033 0.193897 0.193802 0.193678 0.193624 0.193519 0.000000 0.000000
0.000000 0.000000 0.162803 0.162949 0.163128 0.163221 0.163348 0.163686 0.163740 0.163715 0.163705 0.163805 0.163754 0.163791 0.163513 0.163333 0.163281 0.163226 0.163021 0.000000 0.000000
0.000000 0.000000 0.128854 0.128980 0.128997 0.129261 0.129417 0.130324 0.130384 0.130439 0.130809 0.130552 0.130564 0.130481 0.129846 0.129718 0.129374 0.129325 0.129372 0.000000 0.000000
0.000000 0.000000 0.092200 0.092217 0.092503 0.092607 0.093630 0.093037 0.093280 0.093269 0.093053 0.093269 0.093298 0.093444 0.093943 0.092790 0.092833 0.092562 0.092424 0.000000 0.000000
0.000000 0.000000 0.065988 0.066050 0.066161 0.066804 0.066531 0.066934 0.067021 0.067064 0.067226 0.067267 0.067193 0.067190 0.066837 0.067123 0.066287 0.066476 0.066516 0.000000 0.000000
0.000000 0.000000 0.050116 0.050162 0.050443 0.050590 0.050511 0.050670 0.050601 0.050649 0.050654 0.050686 0.050705 0.050645 0.050535 0.050613 0.050536 0.050259 0.050283 0.000000 0.000000
0.000000 0.000000 0.039016 0.039111 0.039302 0.039362 0.039375 0.039459 0.039406 0.039430 0.039435 0.039450 0.039463 0.039429 0.039377 0.039379 0.039376 0.039167 0.039112 0.000000 0.000000
0.000000 0.000000 0.031357 0.031402 0.031535 0.031544 0.031576 0.031640 0.031589 0.031610 0.031597 0.031609 0.031625 0.031595 0.031554 0.031540 0.031590 0.031420 0.031391 0.000000 0.000000
0.000000 0.000000 0.300000 0.300000 0.300000 0.300000 0.300000 0.300000 0.300000 0.300000 0.300000 0.300000 0.300000 0.300000 0.300000 0.300000 0.300000 0.300000 0.300000 0.000000 0.000000
0.000000 0.000000 0.000000 0.000000 0.000000 0.000000 0.000000 0.000000 0.000000 0.000000 0.000000 0.000000 0.000000 0.000000 0.000000 0.000000 0.000000 0.000000 0.000000 0.000000 0.000000