geotop/1.0zi/1.0Montebello/Templates/testdem/maps/_Eocsilt082k.asc
ncols         21
nrows         20
xllcorner     100.000000
yllcorner     100.000000
cellsize      50.000000
NODATA_value  -9999.0
0.000000 0.000000 0.000000 0.000000 0.000000 0.000000 0.000000 0.000000 0.000000 0.000000 0.000000 0.000000 0.000000 0.000000 0.000000 0.000000 0.000000 0.000000 0.000000 0.000000 0.000000
0.000000 0.000000 0.350236 0.350236 0.350236 0.350236 0.350235 0.350235 0.350236 0.350235 0.350236 0.350235 0.350235 0.350235 0.350235 0.350236 0.350236 0.350236 0.350236 0.000000 0.000000
0.000000 0.000000 0.350009 0.350009 0.350009 0.350008 0.350010 0.350010 0.350009 0.350010 0.350010 0.350010 0.350010 0.350010 0.350009 0.350009 0.350007 0.350007 0.350008 0.000000 0.000000
0.000000 0.000000 0.350202 0.350198 0.350191 0.350188 0.350186 0.350180 0.350183 0.350183 0.350182 0.350186 0.350186 0.350186 0.350188 0.350192 0.350196 0.350199 0.350201 0.000000 0.000000
0.000000 0.000000 0.351933 0.351938 0.351928 0.351902 0.351892 0.351883 0.351887 0.351885 0.351883 0.351885 0.351891 0.351889 0.351904 0.351914 0.351921 0.351927 0.351931 0.000000 0.000000
0.000000 0.000000 0.356396 0.356388 0.356371 0.356337 0.356300 0.356270 0.356269 0.356266 0.356264 0.356265 0.356270 0.356267 0.356286 0.356314 0.356330 0.356340 0.356347 0.000000 0.000000
0.000000 0.000000 0.362589 0.362575 0.362556 0.362509 0.362461 0.362398 0.362402 0.362399 0.362392 0.362391 0.362389 0.362393 0.362442 0.362480 0.362506 0.362524 0.362531 0.000000 0.000000
0.000000 0.000000 0.370006 0.369989 0.369969 0.369909 0.369857 0.369798 0.369800 0.369795 0.369786 0.369783 0.369781 0.369789 0.369836 0.369880 0.369921 0.369929 0.369944 0.000000 0.000000
0.000000 0.000000 0.378374 0.378350 0.378316 0.378268 0.378206 0.378132 0.378140 0.378129 0.378117 0.378115 0.378119 0.378113 0.378183 0.378237 0.378270 0.378285 0.378298 0.000000 0.000000
0.000000 0.000000 0.387912 0.387878 0.387846 0.387794 0.387725 0.387645 0.387647 0.387642 0.387623 0.387630 0.387638 0.387634 0.387689 0.387761 0.387801 0.387818 0.387822 0.000000 0.000000
0.000000 0.000000 0.399152 0.399123 0.399095 0.398975 0.398944 0.398833 0.398858 0.398808 0.398810 0.398800 0.398780 0.398810 0.398877 0.398921 0.398979 0.399001 0.399049 0.000000 0.000000
0.000000 0.000000 0.412739 0.412673 0.412594 0.412542 0.412476 0.412332 0.412319 0.412328 0.412339 0.412297 0.412319 0.412300 0.412429 0.412508 0.412536 0.412558 0.412651 0.000000 0.000000
0.000000 0.000000 0.428025 0.427966 0.427950 0.427825 0.427747 0.427348 0.427339 0.427317 0.427159 0.427266 0.427264 0.427301 0.427589 0.427648 0.427803 0.427812 0.427809 0.000000 0.000000
0.000000 0.000000 0.445471 0.445447 0.445317 0.445255 0.444756 0.445013 0.444908 0.444913 0.445009 0.444913 0.444901 0.444834 0.444609 0.445160 0.445150 0.445281 0.445352 0.000000 0.000000
0.000000 0.000000 0.459441 0.459403 0.459351 0.458978 0.459150 0.458902 0.458861 0.458838 0.458742 0.458723 0.458761 0.458769 0.458983 0.458811 0.459291 0.459178 0.459155 0.000000 0.000000
0.000000 0.000000 0.467618 0.467597 0.467454 0.467378 0.467417 0.467332 0.467369 0.467349 0.467343 0.467332 0.467324 0.467353 0.467410 0.467370 0.467412 0.467553 0.467542 0.000000 0.000000
0.000000 0.000000 0.472588 0.472623 0.472430 0.472499 0.472508 0.472496 0.472581 0.472557 0.472603 0.472591 0.472554 0.472604 0.472589 0.472582 0.472400 0.472684 0.472629 0.000000 0.000000
0.000000 0.000000 0.477111 0.476919 0.476786 0.476773 0.476703 0.476751 0.476741 0.476760 0.476709 0.476715 0.476725 0.476714 0.476680 0.476732 0.476752 0.476867 0.477056 0.000000 0.000000
0.000000 0.000000 0.350000 0.350000 0.350000 0.350000 0.350000 0.350000 0.350000 0.350000 0.350000 0.350000 0.350000 0.350000 0.350000 0.350000 0.350000 0.350000 0.350000 0.000000 0.000000
0.000000 0.000000 0.000000 0.000000 0.000000 0.000000 0.000000 0.000000 0.000000 0.000000 0.000000 0.000000 0.000000 0.000000 0.000000 0.000000 0.000000 0.000000 0.000000 0.000000 0.000000