geotop/1.0zi/1.0Montebello/Templates/testdem/maps/_Eocclay0664.asc
ncols         21
nrows         20
xllcorner     100.000000
yllcorner     100.000000
cellsize      50.000000
NODATA_value  -9999.0
0.000000 0.000000 0.000000 0.000000 0.000000 0.000000 0.000000 0.000000 0.000000 0.000000 0.000000 0.000000 0.000000 0.000000 0.000000 0.000000 0.000000 0.000000 0.000000 0.000000 0.000000
0.000000 0.000000 0.349963 0.349963 0.349963 0.349963 0.349963 0.349963 0.349963 0.349963 0.349963 0.349963 0.349963 0.349963 0.349963 0.349963 0.349963 0.349963 0.349963 0.000000 0.000000
0.000000 0.000000 0.349996 0.349996 0.349995 0.349996 0.349996 0.349996 0.349996 0.349996 0.349996 0.349996 0.349996 0.349996 0.349996 0.349996 0.349995 0.349996 0.349996 0.000000 0.000000
0.000000 0.000000 0.350285 0.350286 0.350283 0.350285 0.350285 0.350285 0.350285 0.350285 0.350285 0.350285 0.350285 0.350285 0.350285 0.350285 0.350283 0.350286 0.350285 0.000000 0.000000
0.000000 0.000000 0.351329 0.351329 0.351326 0.351329 0.351329 0.351329 0.351329 0.351329 0.351329 0.351329 0.351329 0.351329 0.351329 0.351329 0.351326 0.351329 0.351329 0.000000 0.000000
0.000000 0.000000 0.352423 0.352423 0.352422 0.352423 0.352423 0.352423 0.352423 0.352423 0.352423 0.352423 0.352423 0.352423 0.352423 0.352423 0.352422 0.352423 0.352423 0.000000 0.000000
0.000000 0.000000 0.353470 0.353470 0.353469 0.353470 0.353470 0.353470 0.353470 0.353470 0.353470 0.353470 0.353470 0.353470 0.353470 0.353470 0.353469 0.353470 0.353470 0.000000 0.000000
0.000000 0.000000 0.354447 0.354447 0.354446 0.354447 0.354447 0.354447 0.354447 0.354447 0.354447 0.354447 0.354447 0.354447 0.354447 0.354447 0.354446 0.354447 0.354447 0.000000 0.000000
0.000000 0.000000 0.355372 0.355372 0.355371 0.355372 0.355372 0.355372 0.355372 0.355372 0.355372 0.355372 0.355372 0.355372 0.355372 0.355372 0.355371 0.355372 0.355372 0.000000 0.000000
0.000000 0.000000 0.356265 0.356265 0.356264 0.356265 0.356265 0.356266 0.356266 0.356266 0.356265 0.356266 0.356266 0.356266 0.356265 0.356265 0.356264 0.356265 0.356265 0.000000 0.000000
0.000000 0.000000 0.357136 0.357136 0.357134 0.357135 0.357136 0.357136 0.357136 0.357136 0.357136 0.357136 0.357136 0.357136 0.357136 0.357135 0.357134 0.357136 0.357136 0.000000 0.000000
0.000000 0.000000 0.357989 0.357989 0.357988 0.357989 0.357989 0.357989 0.357990 0.357989 0.357989 0.357989 0.357990 0.357989 0.357989 0.357989 0.357988 0.357989 0.357989 0.000000 0.000000
0.000000 0.000000 0.358829 0.358829 0.358828 0.358829 0.358829 0.358829 0.358829 0.358829 0.358829 0.358829 0.358829 0.358829 0.358829 0.358829 0.358828 0.358829 0.358829 0.000000 0.000000
0.000000 0.000000 0.359658 0.359658 0.359657 0.359658 0.359658 0.359658 0.359658 0.359658 0.359658 0.359658 0.359658 0.359658 0.359658 0.359658 0.359657 0.359658 0.359658 0.000000 0.000000
0.000000 0.000000 0.360480 0.360480 0.360478 0.360479 0.360480 0.360480 0.360480 0.360480 0.360480 0.360480 0.360480 0.360480 0.360480 0.360479 0.360478 0.360480 0.360480 0.000000 0.000000
0.000000 0.000000 0.361298 0.361298 0.361297 0.361298 0.361298 0.361298 0.361298 0.361298 0.361298 0.361298 0.361298 0.361298 0.361298 0.361298 0.361297 0.361298 0.361298 0.000000 0.000000
0.000000 0.000000 0.362108 0.362108 0.362107 0.362108 0.362108 0.362108 0.362108 0.362108 0.362108 0.362108 0.362108 0.362108 0.362108 0.362108 0.362107 0.362108 0.362108 0.000000 0.000000
0.000000 0.000000 0.362925 0.362925 0.362924 0.362925 0.362925 0.362925 0.362925 0.362925 0.362925 0.362925 0.362925 0.362925 0.362925 0.362925 0.362924 0.362925 0.362925 0.000000 0.000000
0.000000 0.000000 0.350000 0.350000 0.350000 0.350000 0.350000 0.350000 0.350000 0.350000 0.350000 0.350000 0.350000 0.350000 0.350000 0.350000 0.350000 0.350000 0.350000 0.000000 0.000000
0.000000 0.000000 0.000000 0.000000 0.000000 0.000000 0.000000 0.000000 0.000000 0.000000 0.000000 0.000000 0.000000 0.000000 0.000000 0.000000 0.000000 0.000000 0.000000 0.000000 0.000000