geotop/1.0zi/1.0Montebello/Templates/testdem/maps/_Eocsand2298.asc
ncols         21
nrows         20
xllcorner     100.000000
yllcorner     100.000000
cellsize      50.000000
NODATA_value  -9999.0
0.000000 0.000000 0.000000 0.000000 0.000000 0.000000 0.000000 0.000000 0.000000 0.000000 0.000000 0.000000 0.000000 0.000000 0.000000 0.000000 0.000000 0.000000 0.000000 0.000000 0.000000
0.000000 0.000000 0.300069 0.300069 0.300069 0.300069 0.300069 0.300069 0.300069 0.300069 0.300069 0.300069 0.300069 0.300069 0.300069 0.300069 0.300069 0.300069 0.300069 0.000000 0.000000
0.000000 0.000000 0.300011 0.300011 0.300011 0.300011 0.300011 0.300011 0.300011 0.300011 0.300011 0.300011 0.300011 0.300011 0.300011 0.300011 0.300011 0.300011 0.300011 0.000000 0.000000
0.000000 0.000000 0.298526 0.298527 0.298532 0.298530 0.298526 0.298526 0.298527 0.298526 0.298526 0.298526 0.298527 0.298526 0.298526 0.298530 0.298532 0.298527 0.298526 0.000000 0.000000
0.000000 0.000000 0.292304 0.292305 0.292309 0.292309 0.292303 0.292305 0.292304 0.292302 0.292302 0.292302 0.292304 0.292305 0.292303 0.292309 0.292309 0.292305 0.292304 0.000000 0.000000
0.000000 0.000000 0.284640 0.284641 0.284644 0.284643 0.284638 0.284640 0.284640 0.284638 0.284638 0.284638 0.284640 0.284640 0.284638 0.284643 0.284644 0.284641 0.284640 0.000000 0.000000
0.000000 0.000000 0.277495 0.277496 0.277499 0.277498 0.277495 0.277496 0.277496 0.277494 0.277494 0.277494 0.277496 0.277496 0.277495 0.277498 0.277499 0.277496 0.277495 0.000000 0.000000
0.000000 0.000000 0.270947 0.270947 0.270950 0.270949 0.270946 0.270947 0.270947 0.270946 0.270945 0.270946 0.270947 0.270947 0.270946 0.270949 0.270950 0.270947 0.270947 0.000000 0.000000
0.000000 0.000000 0.264833 0.264833 0.264836 0.264835 0.264832 0.264833 0.264833 0.264832 0.264831 0.264832 0.264833 0.264833 0.264832 0.264835 0.264836 0.264833 0.264833 0.000000 0.000000
0.000000 0.000000 0.259007 0.259008 0.259010 0.259009 0.259007 0.259008 0.259007 0.259006 0.259006 0.259006 0.259007 0.259008 0.259007 0.259009 0.259010 0.259008 0.259007 0.000000 0.000000
0.000000 0.000000 0.253405 0.253406 0.253408 0.253407 0.253404 0.253405 0.253405 0.253404 0.253404 0.253404 0.253405 0.253405 0.253404 0.253407 0.253408 0.253406 0.253405 0.000000 0.000000
0.000000 0.000000 0.247980 0.247981 0.247983 0.247982 0.247980 0.247981 0.247981 0.247979 0.247979 0.247979 0.247981 0.247981 0.247980 0.247982 0.247983 0.247981 0.247980 0.000000 0.000000
0.000000 0.000000 0.242690 0.242691 0.242693 0.242692 0.242690 0.242691 0.242691 0.242690 0.242689 0.242690 0.242691 0.242691 0.242690 0.242692 0.242693 0.242691 0.242690 0.000000 0.000000
0.000000 0.000000 0.237516 0.237517 0.237519 0.237518 0.237516 0.237516 0.237516 0.237515 0.237515 0.237515 0.237516 0.237516 0.237516 0.237518 0.237519 0.237517 0.237516 0.000000 0.000000
0.000000 0.000000 0.232437 0.232437 0.232439 0.232439 0.232436 0.232437 0.232437 0.232436 0.232436 0.232436 0.232437 0.232437 0.232436 0.232439 0.232439 0.232437 0.232437 0.000000 0.000000
0.000000 0.000000 0.227446 0.227447 0.227449 0.227448 0.227446 0.227447 0.227446 0.227445 0.227445 0.227445 0.227446 0.227447 0.227446 0.227448 0.227449 0.227447 0.227446 0.000000 0.000000
0.000000 0.000000 0.222539 0.222539 0.222542 0.222541 0.222538 0.222539 0.222539 0.222538 0.222538 0.222538 0.222539 0.222539 0.222538 0.222541 0.222542 0.222539 0.222539 0.000000 0.000000
0.000000 0.000000 0.217640 0.217640 0.217642 0.217641 0.217639 0.217640 0.217640 0.217639 0.217638 0.217639 0.217640 0.217640 0.217639 0.217641 0.217642 0.217640 0.217639 0.000000 0.000000
0.000000 0.000000 0.300000 0.300000 0.300000 0.300000 0.300000 0.300000 0.300000 0.300000 0.300000 0.300000 0.300000 0.300000 0.300000 0.300000 0.300000 0.300000 0.300000 0.000000 0.000000
0.000000 0.000000 0.000000 0.000000 0.000000 0.000000 0.000000 0.000000 0.000000 0.000000 0.000000 0.000000 0.000000 0.000000 0.000000 0.000000 0.000000 0.000000 0.000000 0.000000 0.000000