geotop/1.0zi/1.0Montebello/Templates/testdem/maps/_Eocsilt059y.asc
ncols         21
nrows         20
xllcorner     100.000000
yllcorner     100.000000
cellsize      50.000000
NODATA_value  -9999.0
0.000000 0.000000 0.000000 0.000000 0.000000 0.000000 0.000000 0.000000 0.000000 0.000000 0.000000 0.000000 0.000000 0.000000 0.000000 0.000000 0.000000 0.000000 0.000000 0.000000 0.000000
0.000000 0.000000 0.350232 0.350232 0.350232 0.350232 0.350231 0.350231 0.350232 0.350231 0.350232 0.350231 0.350231 0.350231 0.350231 0.350232 0.350232 0.350232 0.350232 0.000000 0.000000
0.000000 0.000000 0.350009 0.350009 0.350009 0.350008 0.350010 0.350009 0.350009 0.350010 0.350010 0.350009 0.350010 0.350010 0.350009 0.350008 0.350007 0.350007 0.350008 0.000000 0.000000
0.000000 0.000000 0.350196 0.350192 0.350185 0.350182 0.350180 0.350174 0.350178 0.350179 0.350176 0.350180 0.350181 0.350181 0.350183 0.350186 0.350190 0.350193 0.350194 0.000000 0.000000
0.000000 0.000000 0.351850 0.351855 0.351845 0.351821 0.351809 0.351802 0.351805 0.351802 0.351802 0.351804 0.351810 0.351808 0.351822 0.351832 0.351839 0.351845 0.351849 0.000000 0.000000
0.000000 0.000000 0.356146 0.356139 0.356121 0.356089 0.356052 0.356022 0.356022 0.356018 0.356017 0.356019 0.356023 0.356020 0.356039 0.356065 0.356081 0.356091 0.356098 0.000000 0.000000
0.000000 0.000000 0.362126 0.362113 0.362094 0.362048 0.362001 0.361940 0.361944 0.361941 0.361935 0.361934 0.361931 0.361935 0.361983 0.362019 0.362044 0.362062 0.362069 0.000000 0.000000
0.000000 0.000000 0.369271 0.369254 0.369235 0.369177 0.369126 0.369069 0.369070 0.369066 0.369058 0.369054 0.369052 0.369060 0.369105 0.369148 0.369188 0.369196 0.369210 0.000000 0.000000
0.000000 0.000000 0.377284 0.377261 0.377227 0.377181 0.377122 0.377050 0.377057 0.377047 0.377036 0.377034 0.377038 0.377033 0.377099 0.377151 0.377183 0.377198 0.377211 0.000000 0.000000
0.000000 0.000000 0.386348 0.386316 0.386286 0.386235 0.386169 0.386093 0.386095 0.386089 0.386072 0.386078 0.386086 0.386082 0.386135 0.386203 0.386241 0.386257 0.386262 0.000000 0.000000
0.000000 0.000000 0.396941 0.396913 0.396887 0.396774 0.396744 0.396638 0.396662 0.396615 0.396617 0.396608 0.396590 0.396618 0.396680 0.396722 0.396777 0.396797 0.396843 0.000000 0.000000
0.000000 0.000000 0.409660 0.409599 0.409525 0.409474 0.409412 0.409276 0.409265 0.409271 0.409282 0.409243 0.409263 0.409247 0.409367 0.409439 0.409467 0.409487 0.409576 0.000000 0.000000
0.000000 0.000000 0.424038 0.423981 0.423963 0.423846 0.423772 0.423397 0.423388 0.423368 0.423223 0.423322 0.423321 0.423353 0.423623 0.423679 0.423824 0.423832 0.423835 0.000000 0.000000
0.000000 0.000000 0.440995 0.440970 0.440841 0.440775 0.440282 0.440522 0.440418 0.440421 0.440509 0.440421 0.440408 0.440344 0.440130 0.440672 0.440668 0.440798 0.440868 0.000000 0.000000
0.000000 0.000000 0.455964 0.455920 0.455862 0.455428 0.455643 0.455349 0.455303 0.455274 0.455161 0.455140 0.455186 0.455196 0.455448 0.455233 0.455795 0.455658 0.455629 0.000000 0.000000
0.000000 0.000000 0.465226 0.465204 0.464987 0.464990 0.464997 0.464941 0.465016 0.464990 0.465011 0.464999 0.464972 0.465018 0.465041 0.465032 0.464936 0.465207 0.465197 0.000000 0.000000
0.000000 0.000000 0.471024 0.471025 0.470842 0.470918 0.470899 0.470898 0.470976 0.470954 0.470993 0.470983 0.470950 0.470994 0.470974 0.470988 0.470807 0.471081 0.471063 0.000000 0.000000
0.000000 0.000000 0.475945 0.475738 0.475638 0.475617 0.475529 0.475568 0.475547 0.475567 0.475510 0.475517 0.475533 0.475516 0.475495 0.475557 0.475604 0.475672 0.475882 0.000000 0.000000
0.000000 0.000000 0.350000 0.350000 0.350000 0.350000 0.350000 0.350000 0.350000 0.350000 0.350000 0.350000 0.350000 0.350000 0.350000 0.350000 0.350000 0.350000 0.350000 0.000000 0.000000
0.000000 0.000000 0.000000 0.000000 0.000000 0.000000 0.000000 0.000000 0.000000 0.000000 0.000000 0.000000 0.000000 0.000000 0.000000 0.000000 0.000000 0.000000 0.000000 0.000000 0.000000