geotop/1.0zi/1.0Montebello/Templates/testdem/maps/_Eocsilt8265.asc
ncols         21
nrows         20
xllcorner     100.000000
yllcorner     100.000000
cellsize      50.000000
NODATA_value  -9999.0
0.000000 0.000000 0.000000 0.000000 0.000000 0.000000 0.000000 0.000000 0.000000 0.000000 0.000000 0.000000 0.000000 0.000000 0.000000 0.000000 0.000000 0.000000 0.000000 0.000000 0.000000
0.000000 0.000000 0.350172 0.350172 0.350172 0.350173 0.350172 0.350172 0.350172 0.350172 0.350173 0.350172 0.350172 0.350172 0.350172 0.350172 0.350173 0.350173 0.350172 0.000000 0.000000
0.000000 0.000000 0.350005 0.350005 0.350005 0.350005 0.350006 0.350006 0.350006 0.350006 0.350006 0.350006 0.350006 0.350006 0.350006 0.350005 0.350004 0.350004 0.350005 0.000000 0.000000
0.000000 0.000000 0.350102 0.350099 0.350097 0.350091 0.350092 0.350087 0.350090 0.350090 0.350087 0.350089 0.350089 0.350089 0.350092 0.350095 0.350098 0.350098 0.350100 0.000000 0.000000
0.000000 0.000000 0.351047 0.351053 0.351048 0.351037 0.351030 0.351023 0.351019 0.351017 0.351017 0.351017 0.351018 0.351020 0.351033 0.351038 0.351041 0.351052 0.351054 0.000000 0.000000
0.000000 0.000000 0.353812 0.353813 0.353803 0.353787 0.353768 0.353745 0.353743 0.353738 0.353742 0.353743 0.353744 0.353743 0.353755 0.353769 0.353782 0.353790 0.353796 0.000000 0.000000
0.000000 0.000000 0.357768 0.357764 0.357753 0.357726 0.357693 0.357658 0.357658 0.357654 0.357655 0.357654 0.357651 0.357656 0.357686 0.357714 0.357733 0.357748 0.357756 0.000000 0.000000
0.000000 0.000000 0.362445 0.362443 0.362437 0.362409 0.362377 0.362338 0.362337 0.362333 0.362332 0.362329 0.362327 0.362334 0.362368 0.362396 0.362424 0.362430 0.362443 0.000000 0.000000
0.000000 0.000000 0.367486 0.367477 0.367462 0.367443 0.367410 0.367365 0.367366 0.367357 0.367354 0.367352 0.367354 0.367353 0.367396 0.367432 0.367453 0.367465 0.367476 0.000000 0.000000
0.000000 0.000000 0.372811 0.372802 0.372793 0.372775 0.372727 0.372687 0.372686 0.372682 0.372676 0.372679 0.372684 0.372682 0.372719 0.372759 0.372784 0.372793 0.372801 0.000000 0.000000
0.000000 0.000000 0.378582 0.378576 0.378567 0.378526 0.378492 0.378445 0.378455 0.378429 0.378433 0.378432 0.378422 0.378439 0.378473 0.378498 0.378530 0.378548 0.378569 0.000000 0.000000
0.000000 0.000000 0.385004 0.384987 0.384967 0.384942 0.384903 0.384843 0.384839 0.384832 0.384846 0.384826 0.384832 0.384836 0.384897 0.384929 0.384950 0.384963 0.385017 0.000000 0.000000
0.000000 0.000000 0.391954 0.391938 0.391931 0.391893 0.391859 0.391703 0.391701 0.391692 0.391651 0.391672 0.391681 0.391696 0.391814 0.391846 0.391905 0.391912 0.391938 0.000000 0.000000
0.000000 0.000000 0.400114 0.400110 0.400077 0.400051 0.399856 0.399872 0.399830 0.399832 0.399845 0.399832 0.399827 0.399818 0.399798 0.400002 0.400034 0.400088 0.400127 0.000000 0.000000
0.000000 0.000000 0.409729 0.409712 0.409673 0.409424 0.409447 0.409322 0.409266 0.409253 0.409211 0.409181 0.409209 0.409204 0.409325 0.409317 0.409646 0.409596 0.409603 0.000000 0.000000
0.000000 0.000000 0.420226 0.420211 0.419853 0.419953 0.419926 0.419893 0.420026 0.419985 0.420056 0.420031 0.419972 0.420062 0.420067 0.420089 0.419824 0.420343 0.420336 0.000000 0.000000
0.000000 0.000000 0.433086 0.432535 0.432653 0.432446 0.432170 0.432089 0.431935 0.431972 0.431807 0.431822 0.431916 0.431823 0.431963 0.432167 0.432636 0.432332 0.432908 0.000000 0.000000
0.000000 0.000000 0.437738 0.438239 0.438695 0.438699 0.438722 0.438282 0.438355 0.438226 0.438436 0.438394 0.438362 0.438434 0.438799 0.438782 0.438781 0.438428 0.437938 0.000000 0.000000
0.000000 0.000000 0.350000 0.350000 0.350000 0.350000 0.350000 0.350000 0.350000 0.350000 0.350000 0.350000 0.350000 0.350000 0.350000 0.350000 0.350000 0.350000 0.350000 0.000000 0.000000
0.000000 0.000000 0.000000 0.000000 0.000000 0.000000 0.000000 0.000000 0.000000 0.000000 0.000000 0.000000 0.000000 0.000000 0.000000 0.000000 0.000000 0.000000 0.000000 0.000000 0.000000