geotop/1.0zi/1.0Montebello/Templates/testdem/maps/_Eocclay9143.asc
ncols         21
nrows         20
xllcorner     100.000000
yllcorner     100.000000
cellsize      50.000000
NODATA_value  -9999.0
0.000000 0.000000 0.000000 0.000000 0.000000 0.000000 0.000000 0.000000 0.000000 0.000000 0.000000 0.000000 0.000000 0.000000 0.000000 0.000000 0.000000 0.000000 0.000000 0.000000 0.000000
0.000000 0.000000 0.349573 0.349576 0.349575 0.349575 0.349576 0.349577 0.349576 0.349576 0.349575 0.349576 0.349576 0.349576 0.349576 0.349576 0.349574 0.349574 0.349575 0.000000 0.000000
0.000000 0.000000 0.349982 0.349981 0.349980 0.349983 0.349980 0.349980 0.349981 0.349980 0.349980 0.349980 0.349981 0.349980 0.349981 0.349981 0.349982 0.349981 0.349980 0.000000 0.000000
0.000000 0.000000 0.350022 0.350027 0.350025 0.350022 0.350023 0.350024 0.350028 0.350025 0.350028 0.350026 0.350027 0.350025 0.350027 0.350029 0.350027 0.350026 0.350024 0.000000 0.000000
0.000000 0.000000 0.351242 0.351235 0.351228 0.351218 0.351201 0.351201 0.351196 0.351198 0.351196 0.351198 0.351197 0.351199 0.351208 0.351212 0.351222 0.351223 0.351233 0.000000 0.000000
0.000000 0.000000 0.354750 0.354744 0.354721 0.354690 0.354663 0.354637 0.354641 0.354634 0.354636 0.354635 0.354640 0.354639 0.354653 0.354679 0.354692 0.354702 0.354708 0.000000 0.000000
0.000000 0.000000 0.359462 0.359451 0.359437 0.359408 0.359371 0.359318 0.359321 0.359316 0.359315 0.359316 0.359316 0.359317 0.359359 0.359390 0.359407 0.359417 0.359425 0.000000 0.000000
0.000000 0.000000 0.365050 0.365038 0.365024 0.364987 0.364949 0.364902 0.364904 0.364898 0.364896 0.364893 0.364890 0.364901 0.364938 0.364970 0.364999 0.365004 0.365018 0.000000 0.000000
0.000000 0.000000 0.371088 0.371073 0.371053 0.371028 0.370983 0.370931 0.370936 0.370926 0.370921 0.370918 0.370920 0.370919 0.370970 0.371009 0.371030 0.371036 0.371049 0.000000 0.000000
0.000000 0.000000 0.377664 0.377643 0.377628 0.377600 0.377540 0.377491 0.377493 0.377486 0.377477 0.377482 0.377488 0.377486 0.377528 0.377578 0.377604 0.377611 0.377618 0.000000 0.000000
0.000000 0.000000 0.385031 0.385015 0.385001 0.384937 0.384899 0.384834 0.384851 0.384815 0.384821 0.384816 0.384804 0.384826 0.384870 0.384900 0.384937 0.384949 0.384980 0.000000 0.000000
0.000000 0.000000 0.393463 0.393431 0.393393 0.393361 0.393306 0.393228 0.393229 0.393223 0.393237 0.393206 0.393219 0.393219 0.393298 0.393341 0.393361 0.393369 0.393434 0.000000 0.000000
0.000000 0.000000 0.402846 0.402816 0.402806 0.402736 0.402690 0.402467 0.402467 0.402456 0.402386 0.402426 0.402434 0.402455 0.402624 0.402664 0.402742 0.402743 0.402768 0.000000 0.000000
0.000000 0.000000 0.414325 0.414312 0.414248 0.414204 0.413894 0.413970 0.413909 0.413910 0.413943 0.413909 0.413902 0.413877 0.413806 0.414138 0.414160 0.414233 0.414284 0.000000 0.000000
0.000000 0.000000 0.427996 0.427953 0.427883 0.427471 0.427587 0.427360 0.427287 0.427264 0.427181 0.427142 0.427188 0.427187 0.427400 0.427297 0.427835 0.427713 0.427706 0.000000 0.000000
0.000000 0.000000 0.442200 0.442167 0.441600 0.441854 0.441775 0.441781 0.442024 0.441957 0.442084 0.442055 0.441952 0.442090 0.442039 0.442104 0.441527 0.442367 0.442354 0.000000 0.000000
0.000000 0.000000 0.457789 0.457088 0.457343 0.457025 0.456678 0.456571 0.456331 0.456388 0.456148 0.456176 0.456316 0.456169 0.456356 0.456611 0.457302 0.456738 0.457461 0.000000 0.000000
0.000000 0.000000 0.461842 0.462380 0.462848 0.462839 0.462867 0.462406 0.462492 0.462355 0.462582 0.462535 0.462498 0.462575 0.462951 0.462932 0.462912 0.462542 0.462004 0.000000 0.000000
0.000000 0.000000 0.350000 0.350000 0.350000 0.350000 0.350000 0.350000 0.350000 0.350000 0.350000 0.350000 0.350000 0.350000 0.350000 0.350000 0.350000 0.350000 0.350000 0.000000 0.000000
0.000000 0.000000 0.000000 0.000000 0.000000 0.000000 0.000000 0.000000 0.000000 0.000000 0.000000 0.000000 0.000000 0.000000 0.000000 0.000000 0.000000 0.000000 0.000000 0.000000 0.000000