geotop/1.0zi/1.0Montebello/Templates/testdem/maps/_Eocsilt4084.asc
ncols         21
nrows         20
xllcorner     100.000000
yllcorner     100.000000
cellsize      50.000000
NODATA_value  -9999.0
0.000000 0.000000 0.000000 0.000000 0.000000 0.000000 0.000000 0.000000 0.000000 0.000000 0.000000 0.000000 0.000000 0.000000 0.000000 0.000000 0.000000 0.000000 0.000000 0.000000 0.000000
0.000000 0.000000 0.350085 0.350085 0.350085 0.350085 0.350085 0.350085 0.350085 0.350085 0.350085 0.350085 0.350085 0.350085 0.350085 0.350085 0.350085 0.350085 0.350085 0.000000 0.000000
0.000000 0.000000 0.350001 0.350002 0.350002 0.350002 0.350003 0.350003 0.350003 0.350003 0.350003 0.350003 0.350003 0.350003 0.350003 0.350002 0.350001 0.350001 0.350001 0.000000 0.000000
0.000000 0.000000 0.350032 0.350031 0.350031 0.350027 0.350028 0.350025 0.350027 0.350028 0.350027 0.350027 0.350027 0.350026 0.350028 0.350030 0.350031 0.350033 0.350032 0.000000 0.000000
0.000000 0.000000 0.350378 0.350381 0.350378 0.350380 0.350379 0.350376 0.350375 0.350372 0.350371 0.350373 0.350374 0.350374 0.350375 0.350374 0.350373 0.350378 0.350381 0.000000 0.000000
0.000000 0.000000 0.351460 0.351460 0.351457 0.351454 0.351451 0.351440 0.351439 0.351434 0.351438 0.351441 0.351442 0.351437 0.351438 0.351443 0.351447 0.351446 0.351448 0.000000 0.000000
0.000000 0.000000 0.353099 0.353100 0.353098 0.353087 0.353077 0.353063 0.353065 0.353063 0.353066 0.353064 0.353060 0.353059 0.353068 0.353081 0.353085 0.353089 0.353096 0.000000 0.000000
0.000000 0.000000 0.355011 0.355008 0.355004 0.354992 0.354980 0.354964 0.354966 0.354963 0.354963 0.354963 0.354960 0.354957 0.354973 0.354988 0.354998 0.354999 0.355004 0.000000 0.000000
0.000000 0.000000 0.356941 0.356936 0.356929 0.356921 0.356910 0.356891 0.356892 0.356889 0.356889 0.356890 0.356887 0.356885 0.356899 0.356915 0.356923 0.356927 0.356934 0.000000 0.000000
0.000000 0.000000 0.358855 0.358850 0.358845 0.358836 0.358823 0.358806 0.358809 0.358806 0.358806 0.358807 0.358803 0.358800 0.358816 0.358832 0.358839 0.358842 0.358847 0.000000 0.000000
0.000000 0.000000 0.360775 0.360771 0.360766 0.360759 0.360750 0.360730 0.360732 0.360728 0.360728 0.360729 0.360725 0.360722 0.360735 0.360747 0.360756 0.360760 0.360767 0.000000 0.000000
0.000000 0.000000 0.362754 0.362750 0.362743 0.362733 0.362722 0.362703 0.362703 0.362700 0.362700 0.362700 0.362698 0.362694 0.362712 0.362726 0.362735 0.362738 0.362759 0.000000 0.000000
0.000000 0.000000 0.364752 0.364747 0.364740 0.364733 0.364720 0.364680 0.364681 0.364677 0.364677 0.364677 0.364673 0.364671 0.364704 0.364721 0.364729 0.364733 0.364747 0.000000 0.000000
0.000000 0.000000 0.366856 0.366848 0.366842 0.366834 0.366796 0.366786 0.366780 0.366777 0.366777 0.366777 0.366773 0.366770 0.366780 0.366820 0.366829 0.366838 0.366845 0.000000 0.000000
0.000000 0.000000 0.369111 0.369105 0.369091 0.369058 0.369041 0.369017 0.369004 0.369000 0.368994 0.368993 0.368993 0.368985 0.369003 0.369032 0.369075 0.369074 0.369080 0.000000 0.000000
0.000000 0.000000 0.371426 0.371419 0.371374 0.371368 0.371359 0.371347 0.371345 0.371344 0.371345 0.371345 0.371337 0.371341 0.371345 0.371358 0.371359 0.371404 0.371416 0.000000 0.000000
0.000000 0.000000 0.373982 0.373927 0.373888 0.373873 0.373848 0.373835 0.373831 0.373829 0.373823 0.373823 0.373821 0.373814 0.373822 0.373854 0.373875 0.373899 0.373953 0.000000 0.000000
0.000000 0.000000 0.375999 0.375983 0.376014 0.375995 0.375972 0.375921 0.375916 0.375911 0.375912 0.375911 0.375906 0.375906 0.375950 0.375979 0.376012 0.375965 0.375989 0.000000 0.000000
0.000000 0.000000 0.350000 0.350000 0.350000 0.350000 0.350000 0.350000 0.350000 0.350000 0.350000 0.350000 0.350000 0.350000 0.350000 0.350000 0.350000 0.350000 0.350000 0.000000 0.000000
0.000000 0.000000 0.000000 0.000000 0.000000 0.000000 0.000000 0.000000 0.000000 0.000000 0.000000 0.000000 0.000000 0.000000 0.000000 0.000000 0.000000 0.000000 0.000000 0.000000 0.000000