geotop/1.0zi/1.0Montebello/Templates/testdem/maps/_Eocsilt8168.asc
ncols         21
nrows         20
xllcorner     100.000000
yllcorner     100.000000
cellsize      50.000000
NODATA_value  -9999.0
0.000000 0.000000 0.000000 0.000000 0.000000 0.000000 0.000000 0.000000 0.000000 0.000000 0.000000 0.000000 0.000000 0.000000 0.000000 0.000000 0.000000 0.000000 0.000000 0.000000 0.000000
0.000000 0.000000 0.350171 0.350171 0.350171 0.350172 0.350171 0.350171 0.350171 0.350171 0.350171 0.350171 0.350171 0.350171 0.350171 0.350171 0.350172 0.350171 0.350171 0.000000 0.000000
0.000000 0.000000 0.350005 0.350005 0.350005 0.350005 0.350006 0.350005 0.350006 0.350006 0.350006 0.350006 0.350006 0.350006 0.350006 0.350005 0.350004 0.350004 0.350005 0.000000 0.000000
0.000000 0.000000 0.350102 0.350099 0.350097 0.350091 0.350092 0.350087 0.350090 0.350090 0.350087 0.350089 0.350089 0.350089 0.350092 0.350095 0.350099 0.350099 0.350100 0.000000 0.000000
0.000000 0.000000 0.351034 0.351041 0.351036 0.351025 0.351018 0.351011 0.351007 0.351005 0.351005 0.351005 0.351006 0.351008 0.351022 0.351026 0.351030 0.351040 0.351042 0.000000 0.000000
0.000000 0.000000 0.353766 0.353767 0.353756 0.353740 0.353721 0.353698 0.353697 0.353691 0.353695 0.353695 0.353697 0.353696 0.353708 0.353721 0.353734 0.353742 0.353748 0.000000 0.000000
0.000000 0.000000 0.357670 0.357667 0.357655 0.357629 0.357596 0.357561 0.357561 0.357557 0.357558 0.357556 0.357553 0.357559 0.357589 0.357616 0.357635 0.357650 0.357657 0.000000 0.000000
0.000000 0.000000 0.362288 0.362286 0.362280 0.362252 0.362220 0.362181 0.362181 0.362176 0.362175 0.362172 0.362170 0.362177 0.362211 0.362239 0.362266 0.362273 0.362285 0.000000 0.000000
0.000000 0.000000 0.367260 0.367251 0.367236 0.367217 0.367183 0.367139 0.367141 0.367131 0.367129 0.367127 0.367128 0.367127 0.367170 0.367205 0.367226 0.367238 0.367249 0.000000 0.000000
0.000000 0.000000 0.372499 0.372490 0.372481 0.372463 0.372415 0.372375 0.372375 0.372370 0.372364 0.372367 0.372373 0.372371 0.372407 0.372447 0.372471 0.372480 0.372488 0.000000 0.000000
0.000000 0.000000 0.378169 0.378163 0.378153 0.378112 0.378079 0.378032 0.378042 0.378017 0.378020 0.378019 0.378010 0.378026 0.378060 0.378085 0.378116 0.378133 0.378155 0.000000 0.000000
0.000000 0.000000 0.384464 0.384447 0.384427 0.384401 0.384363 0.384305 0.384301 0.384294 0.384307 0.384287 0.384293 0.384297 0.384357 0.384388 0.384410 0.384422 0.384475 0.000000 0.000000
0.000000 0.000000 0.391264 0.391248 0.391240 0.391203 0.391169 0.391017 0.391015 0.391006 0.390966 0.390986 0.390995 0.391009 0.391125 0.391156 0.391214 0.391220 0.391247 0.000000 0.000000
0.000000 0.000000 0.399226 0.399222 0.399189 0.399163 0.398973 0.398987 0.398947 0.398948 0.398959 0.398948 0.398942 0.398934 0.398917 0.399114 0.399146 0.399198 0.399236 0.000000 0.000000
0.000000 0.000000 0.408593 0.408576 0.408537 0.408296 0.408315 0.408195 0.408141 0.408128 0.408087 0.408058 0.408085 0.408080 0.408196 0.408192 0.408510 0.408462 0.408469 0.000000 0.000000
0.000000 0.000000 0.418832 0.418818 0.418471 0.418562 0.418536 0.418502 0.418630 0.418589 0.418657 0.418632 0.418575 0.418662 0.418670 0.418690 0.418442 0.418940 0.418933 0.000000 0.000000
0.000000 0.000000 0.431420 0.430885 0.430991 0.430791 0.430522 0.430444 0.430298 0.430332 0.430173 0.430186 0.430277 0.430189 0.430324 0.430523 0.430972 0.430688 0.431246 0.000000 0.000000
0.000000 0.000000 0.436129 0.436614 0.437063 0.437064 0.437082 0.436649 0.436719 0.436593 0.436796 0.436754 0.436724 0.436793 0.437154 0.437141 0.437147 0.436794 0.436321 0.000000 0.000000
0.000000 0.000000 0.350000 0.350000 0.350000 0.350000 0.350000 0.350000 0.350000 0.350000 0.350000 0.350000 0.350000 0.350000 0.350000 0.350000 0.350000 0.350000 0.350000 0.000000 0.000000
0.000000 0.000000 0.000000 0.000000 0.000000 0.000000 0.000000 0.000000 0.000000 0.000000 0.000000 0.000000 0.000000 0.000000 0.000000 0.000000 0.000000 0.000000 0.000000 0.000000 0.000000