geotop/1.0zi/1.0Montebello/Templates/testdem/maps/_Eocsand3542.asc
ncols         21
nrows         20
xllcorner     100.000000
yllcorner     100.000000
cellsize      50.000000
NODATA_value  -9999.0
0.000000 0.000000 0.000000 0.000000 0.000000 0.000000 0.000000 0.000000 0.000000 0.000000 0.000000 0.000000 0.000000 0.000000 0.000000 0.000000 0.000000 0.000000 0.000000 0.000000 0.000000
0.000000 0.000000 0.300093 0.300093 0.300093 0.300093 0.300093 0.300093 0.300093 0.300093 0.300094 0.300093 0.300093 0.300093 0.300093 0.300093 0.300093 0.300093 0.300093 0.000000 0.000000
0.000000 0.000000 0.300010 0.300011 0.300011 0.300010 0.300010 0.300010 0.300010 0.300010 0.300009 0.300010 0.300010 0.300010 0.300010 0.300010 0.300011 0.300011 0.300010 0.000000 0.000000
0.000000 0.000000 0.297317 0.297318 0.297323 0.297321 0.297318 0.297318 0.297318 0.297317 0.297317 0.297317 0.297318 0.297318 0.297318 0.297321 0.297323 0.297318 0.297317 0.000000 0.000000
0.000000 0.000000 0.286956 0.286957 0.286961 0.286960 0.286955 0.286958 0.286958 0.286955 0.286954 0.286955 0.286958 0.286958 0.286955 0.286960 0.286961 0.286957 0.286956 0.000000 0.000000
0.000000 0.000000 0.274869 0.274870 0.274873 0.274873 0.274868 0.274871 0.274871 0.274869 0.274868 0.274869 0.274871 0.274871 0.274868 0.274873 0.274873 0.274870 0.274869 0.000000 0.000000
0.000000 0.000000 0.263733 0.263734 0.263737 0.263737 0.263733 0.263735 0.263735 0.263733 0.263732 0.263733 0.263735 0.263735 0.263733 0.263737 0.263737 0.263734 0.263733 0.000000 0.000000
0.000000 0.000000 0.253638 0.253639 0.253642 0.253641 0.253638 0.253640 0.253640 0.253638 0.253637 0.253638 0.253640 0.253640 0.253638 0.253641 0.253642 0.253639 0.253638 0.000000 0.000000
0.000000 0.000000 0.244325 0.244325 0.244328 0.244327 0.244324 0.244326 0.244326 0.244325 0.244324 0.244325 0.244326 0.244326 0.244324 0.244327 0.244328 0.244325 0.244325 0.000000 0.000000
0.000000 0.000000 0.235575 0.235576 0.235578 0.235578 0.235575 0.235576 0.235576 0.235575 0.235574 0.235575 0.235576 0.235576 0.235575 0.235578 0.235578 0.235576 0.235575 0.000000 0.000000
0.000000 0.000000 0.227277 0.227278 0.227280 0.227279 0.227277 0.227278 0.227278 0.227277 0.227276 0.227277 0.227278 0.227278 0.227277 0.227279 0.227280 0.227278 0.227277 0.000000 0.000000
0.000000 0.000000 0.219350 0.219350 0.219352 0.219352 0.219349 0.219351 0.219351 0.219350 0.219349 0.219350 0.219351 0.219351 0.219349 0.219352 0.219352 0.219350 0.219350 0.000000 0.000000
0.000000 0.000000 0.211733 0.211734 0.211736 0.211735 0.211733 0.211734 0.211734 0.211733 0.211732 0.211733 0.211734 0.211734 0.211733 0.211735 0.211736 0.211734 0.211733 0.000000 0.000000
0.000000 0.000000 0.204371 0.204371 0.204373 0.204372 0.204370 0.204371 0.204371 0.204370 0.204370 0.204370 0.204371 0.204371 0.204370 0.204372 0.204373 0.204371 0.204371 0.000000 0.000000
0.000000 0.000000 0.197240 0.197240 0.197242 0.197241 0.197239 0.197240 0.197240 0.197240 0.197239 0.197240 0.197240 0.197240 0.197239 0.197241 0.197242 0.197240 0.197240 0.000000 0.000000
0.000000 0.000000 0.190331 0.190331 0.190333 0.190333 0.190330 0.190332 0.190332 0.190331 0.190330 0.190331 0.190332 0.190332 0.190330 0.190333 0.190333 0.190331 0.190331 0.000000 0.000000
0.000000 0.000000 0.183618 0.183618 0.183620 0.183619 0.183617 0.183618 0.183618 0.183617 0.183617 0.183617 0.183618 0.183618 0.183617 0.183619 0.183620 0.183618 0.183618 0.000000 0.000000
0.000000 0.000000 0.176997 0.176997 0.176999 0.176998 0.176996 0.176997 0.176997 0.176996 0.176995 0.176996 0.176997 0.176997 0.176996 0.176998 0.176999 0.176997 0.176996 0.000000 0.000000
0.000000 0.000000 0.300000 0.300000 0.300000 0.300000 0.300000 0.300000 0.300000 0.300000 0.300000 0.300000 0.300000 0.300000 0.300000 0.300000 0.300000 0.300000 0.300000 0.000000 0.000000
0.000000 0.000000 0.000000 0.000000 0.000000 0.000000 0.000000 0.000000 0.000000 0.000000 0.000000 0.000000 0.000000 0.000000 0.000000 0.000000 0.000000 0.000000 0.000000 0.000000 0.000000