geotop/1.0zi/1.0Montebello/Templates/testdem/maps/_Eocsilt7656.asc
ncols         21
nrows         20
xllcorner     100.000000
yllcorner     100.000000
cellsize      50.000000
NODATA_value  -9999.0
0.000000 0.000000 0.000000 0.000000 0.000000 0.000000 0.000000 0.000000 0.000000 0.000000 0.000000 0.000000 0.000000 0.000000 0.000000 0.000000 0.000000 0.000000 0.000000 0.000000 0.000000
0.000000 0.000000 0.350157 0.350158 0.350158 0.350158 0.350158 0.350158 0.350158 0.350158 0.350158 0.350158 0.350158 0.350158 0.350157 0.350158 0.350158 0.350158 0.350158 0.000000 0.000000
0.000000 0.000000 0.350005 0.350005 0.350004 0.350004 0.350005 0.350005 0.350005 0.350005 0.350005 0.350005 0.350006 0.350006 0.350005 0.350004 0.350003 0.350003 0.350004 0.000000 0.000000
0.000000 0.000000 0.350103 0.350099 0.350098 0.350091 0.350092 0.350087 0.350090 0.350090 0.350087 0.350089 0.350089 0.350089 0.350092 0.350095 0.350098 0.350098 0.350099 0.000000 0.000000
0.000000 0.000000 0.350968 0.350974 0.350970 0.350960 0.350954 0.350947 0.350943 0.350942 0.350942 0.350942 0.350943 0.350945 0.350958 0.350963 0.350965 0.350975 0.350978 0.000000 0.000000
0.000000 0.000000 0.353408 0.353410 0.353400 0.353384 0.353366 0.353345 0.353344 0.353338 0.353342 0.353342 0.353344 0.353343 0.353355 0.353366 0.353378 0.353386 0.353391 0.000000 0.000000
0.000000 0.000000 0.356933 0.356930 0.356919 0.356894 0.356864 0.356832 0.356832 0.356828 0.356829 0.356828 0.356825 0.356830 0.356858 0.356884 0.356900 0.356915 0.356922 0.000000 0.000000
0.000000 0.000000 0.361126 0.361124 0.361118 0.361092 0.361063 0.361027 0.361027 0.361023 0.361022 0.361019 0.361017 0.361024 0.361055 0.361082 0.361107 0.361113 0.361125 0.000000 0.000000
0.000000 0.000000 0.365609 0.365601 0.365588 0.365570 0.365540 0.365499 0.365500 0.365491 0.365489 0.365487 0.365489 0.365488 0.365528 0.365560 0.365580 0.365591 0.365601 0.000000 0.000000
0.000000 0.000000 0.370285 0.370277 0.370269 0.370253 0.370210 0.370174 0.370174 0.370169 0.370164 0.370166 0.370172 0.370170 0.370203 0.370239 0.370262 0.370270 0.370277 0.000000 0.000000
0.000000 0.000000 0.375281 0.375276 0.375268 0.375232 0.375202 0.375161 0.375169 0.375147 0.375149 0.375148 0.375141 0.375155 0.375185 0.375208 0.375236 0.375252 0.375271 0.000000 0.000000
0.000000 0.000000 0.380762 0.380747 0.380731 0.380707 0.380674 0.380622 0.380620 0.380612 0.380624 0.380607 0.380612 0.380616 0.380669 0.380696 0.380715 0.380727 0.380774 0.000000 0.000000
0.000000 0.000000 0.386611 0.386596 0.386590 0.386558 0.386529 0.386401 0.386399 0.386390 0.386358 0.386374 0.386382 0.386394 0.386492 0.386519 0.386568 0.386575 0.386600 0.000000 0.000000
0.000000 0.000000 0.393340 0.393335 0.393309 0.393287 0.393134 0.393134 0.393102 0.393101 0.393107 0.393100 0.393096 0.393091 0.393086 0.393244 0.393275 0.393317 0.393350 0.000000 0.000000
0.000000 0.000000 0.401151 0.401138 0.401106 0.400920 0.400918 0.400826 0.400780 0.400769 0.400739 0.400714 0.400735 0.400730 0.400820 0.400834 0.401082 0.401051 0.401060 0.000000 0.000000
0.000000 0.000000 0.409704 0.409691 0.409426 0.409471 0.409454 0.409418 0.409507 0.409474 0.409520 0.409497 0.409458 0.409523 0.409541 0.409556 0.409403 0.409773 0.409768 0.000000 0.000000
0.000000 0.000000 0.420257 0.419842 0.419878 0.419736 0.419529 0.419466 0.419372 0.419392 0.419278 0.419284 0.419347 0.419291 0.419395 0.419548 0.419863 0.419711 0.420139 0.000000 0.000000
0.000000 0.000000 0.425223 0.425551 0.425929 0.425906 0.425890 0.425535 0.425574 0.425476 0.425619 0.425587 0.425575 0.425620 0.425927 0.425937 0.425998 0.425678 0.425361 0.000000 0.000000
0.000000 0.000000 0.350000 0.350000 0.350000 0.350000 0.350000 0.350000 0.350000 0.350000 0.350000 0.350000 0.350000 0.350000 0.350000 0.350000 0.350000 0.350000 0.350000 0.000000 0.000000
0.000000 0.000000 0.000000 0.000000 0.000000 0.000000 0.000000 0.000000 0.000000 0.000000 0.000000 0.000000 0.000000 0.000000 0.000000 0.000000 0.000000 0.000000 0.000000 0.000000 0.000000