geotop/1.0zi/1.0Montebello/Templates/testdem/maps/_Eocclay1692.asc
ncols         21
nrows         20
xllcorner     100.000000
yllcorner     100.000000
cellsize      50.000000
NODATA_value  -9999.0
0.000000 0.000000 0.000000 0.000000 0.000000 0.000000 0.000000 0.000000 0.000000 0.000000 0.000000 0.000000 0.000000 0.000000 0.000000 0.000000 0.000000 0.000000 0.000000 0.000000 0.000000
0.000000 0.000000 0.349910 0.349910 0.349910 0.349910 0.349910 0.349910 0.349910 0.349910 0.349910 0.349910 0.349910 0.349910 0.349910 0.349910 0.349910 0.349910 0.349910 0.000000 0.000000
0.000000 0.000000 0.349993 0.349993 0.349993 0.349993 0.349993 0.349993 0.349993 0.349993 0.349993 0.349993 0.349993 0.349993 0.349993 0.349993 0.349993 0.349993 0.349993 0.000000 0.000000
0.000000 0.000000 0.350628 0.350628 0.350626 0.350626 0.350628 0.350628 0.350628 0.350628 0.350628 0.350628 0.350628 0.350628 0.350628 0.350626 0.350626 0.350628 0.350628 0.000000 0.000000
0.000000 0.000000 0.353153 0.353152 0.353150 0.353150 0.353154 0.353153 0.353153 0.353154 0.353154 0.353154 0.353153 0.353153 0.353154 0.353150 0.353150 0.353152 0.353153 0.000000 0.000000
0.000000 0.000000 0.355985 0.355984 0.355983 0.355983 0.355986 0.355985 0.355985 0.355986 0.355986 0.355986 0.355985 0.355985 0.355986 0.355983 0.355983 0.355984 0.355985 0.000000 0.000000
0.000000 0.000000 0.358680 0.358680 0.358678 0.358679 0.358681 0.358680 0.358680 0.358681 0.358681 0.358681 0.358680 0.358680 0.358681 0.358679 0.358678 0.358680 0.358680 0.000000 0.000000
0.000000 0.000000 0.361166 0.361166 0.361165 0.361165 0.361167 0.361167 0.361167 0.361167 0.361167 0.361167 0.361167 0.361167 0.361167 0.361165 0.361165 0.361166 0.361166 0.000000 0.000000
0.000000 0.000000 0.363498 0.363497 0.363496 0.363497 0.363498 0.363498 0.363498 0.363498 0.363498 0.363498 0.363498 0.363498 0.363498 0.363497 0.363496 0.363497 0.363498 0.000000 0.000000
0.000000 0.000000 0.365730 0.365729 0.365728 0.365728 0.365730 0.365730 0.365730 0.365730 0.365730 0.365730 0.365730 0.365730 0.365730 0.365728 0.365728 0.365729 0.365730 0.000000 0.000000
0.000000 0.000000 0.367885 0.367885 0.367884 0.367884 0.367886 0.367885 0.367885 0.367886 0.367886 0.367886 0.367885 0.367885 0.367886 0.367884 0.367884 0.367885 0.367885 0.000000 0.000000
0.000000 0.000000 0.369985 0.369985 0.369984 0.369984 0.369986 0.369985 0.369985 0.369985 0.369985 0.369985 0.369985 0.369985 0.369986 0.369984 0.369984 0.369985 0.369985 0.000000 0.000000
0.000000 0.000000 0.372044 0.372044 0.372043 0.372043 0.372045 0.372044 0.372044 0.372045 0.372044 0.372045 0.372044 0.372044 0.372045 0.372043 0.372043 0.372044 0.372044 0.000000 0.000000
0.000000 0.000000 0.374063 0.374062 0.374061 0.374062 0.374063 0.374063 0.374063 0.374063 0.374063 0.374063 0.374063 0.374063 0.374063 0.374062 0.374061 0.374062 0.374063 0.000000 0.000000
0.000000 0.000000 0.376050 0.376050 0.376049 0.376049 0.376051 0.376050 0.376050 0.376051 0.376050 0.376051 0.376050 0.376050 0.376051 0.376049 0.376049 0.376050 0.376050 0.000000 0.000000
0.000000 0.000000 0.378013 0.378013 0.378012 0.378012 0.378014 0.378013 0.378013 0.378014 0.378014 0.378014 0.378013 0.378013 0.378014 0.378012 0.378012 0.378013 0.378013 0.000000 0.000000
0.000000 0.000000 0.379953 0.379953 0.379952 0.379952 0.379954 0.379953 0.379953 0.379954 0.379953 0.379954 0.379953 0.379953 0.379954 0.379952 0.379952 0.379953 0.379953 0.000000 0.000000
0.000000 0.000000 0.381907 0.381907 0.381905 0.381906 0.381907 0.381907 0.381907 0.381907 0.381907 0.381907 0.381907 0.381907 0.381907 0.381906 0.381905 0.381907 0.381907 0.000000 0.000000
0.000000 0.000000 0.350000 0.350000 0.350000 0.350000 0.350000 0.350000 0.350000 0.350000 0.350000 0.350000 0.350000 0.350000 0.350000 0.350000 0.350000 0.350000 0.350000 0.000000 0.000000
0.000000 0.000000 0.000000 0.000000 0.000000 0.000000 0.000000 0.000000 0.000000 0.000000 0.000000 0.000000 0.000000 0.000000 0.000000 0.000000 0.000000 0.000000 0.000000 0.000000 0.000000