geotop/1.0zi/1.0Montebello/Templates/testdem/maps/_Eocsand5815.asc
ncols         21
nrows         20
xllcorner     100.000000
yllcorner     100.000000
cellsize      50.000000
NODATA_value  -9999.0
0.000000 0.000000 0.000000 0.000000 0.000000 0.000000 0.000000 0.000000 0.000000 0.000000 0.000000 0.000000 0.000000 0.000000 0.000000 0.000000 0.000000 0.000000 0.000000 0.000000 0.000000
0.000000 0.000000 0.300144 0.300144 0.300143 0.300143 0.300143 0.300143 0.300143 0.300143 0.300143 0.300143 0.300143 0.300143 0.300143 0.300143 0.300143 0.300144 0.300144 0.000000 0.000000
0.000000 0.000000 0.300009 0.300008 0.300008 0.300008 0.300008 0.300008 0.300008 0.300008 0.300008 0.300008 0.300007 0.300007 0.300008 0.300008 0.300009 0.300010 0.300009 0.000000 0.000000
0.000000 0.000000 0.299968 0.299967 0.299970 0.299974 0.299971 0.299973 0.299971 0.299972 0.299971 0.299974 0.299973 0.299974 0.299970 0.299965 0.299966 0.299963 0.299965 0.000000 0.000000
0.000000 0.000000 0.298997 0.298994 0.298996 0.299004 0.299018 0.299026 0.299026 0.299027 0.299030 0.299028 0.299031 0.299029 0.299020 0.299018 0.299014 0.299003 0.298995 0.000000 0.000000
0.000000 0.000000 0.295911 0.295907 0.295916 0.295948 0.295965 0.295999 0.296000 0.296008 0.296001 0.295999 0.295995 0.295999 0.295989 0.295971 0.295956 0.295941 0.295932 0.000000 0.000000
0.000000 0.000000 0.291299 0.291303 0.291309 0.291344 0.291385 0.291435 0.291434 0.291440 0.291435 0.291433 0.291436 0.291435 0.291400 0.291362 0.291345 0.291327 0.291314 0.000000 0.000000
0.000000 0.000000 0.285658 0.285657 0.285658 0.285695 0.285736 0.285790 0.285789 0.285794 0.285794 0.285794 0.285798 0.285792 0.285752 0.285715 0.285686 0.285678 0.285660 0.000000 0.000000
0.000000 0.000000 0.279827 0.279835 0.279848 0.279869 0.279910 0.279968 0.279964 0.279974 0.279979 0.279976 0.279976 0.279981 0.279930 0.279890 0.279863 0.279855 0.279838 0.000000 0.000000
0.000000 0.000000 0.273948 0.273957 0.273961 0.273976 0.274034 0.274085 0.274081 0.274087 0.274095 0.274086 0.274080 0.274087 0.274047 0.274001 0.273973 0.273969 0.273958 0.000000 0.000000
0.000000 0.000000 0.267875 0.267880 0.267880 0.267922 0.267960 0.268018 0.268005 0.268032 0.268031 0.268028 0.268035 0.268022 0.267989 0.267960 0.267930 0.267912 0.267888 0.000000 0.000000
0.000000 0.000000 0.261495 0.261508 0.261523 0.261552 0.261586 0.261655 0.261652 0.261668 0.261650 0.261667 0.261664 0.261660 0.261600 0.261573 0.261552 0.261543 0.261479 0.000000 0.000000
0.000000 0.000000 0.254940 0.254952 0.254955 0.254988 0.255020 0.255158 0.255158 0.255170 0.255198 0.255182 0.255172 0.255163 0.255063 0.255037 0.254989 0.254984 0.254939 0.000000 0.000000
0.000000 0.000000 0.247814 0.247822 0.247838 0.247859 0.247993 0.248028 0.248058 0.248060 0.248069 0.248064 0.248064 0.248070 0.248054 0.247922 0.247881 0.247847 0.247802 0.000000 0.000000
0.000000 0.000000 0.239959 0.239969 0.239996 0.240134 0.240178 0.240258 0.240311 0.240319 0.240344 0.240358 0.240343 0.240356 0.240297 0.240233 0.240036 0.240052 0.240025 0.000000 0.000000
0.000000 0.000000 0.231641 0.231650 0.231830 0.231860 0.231871 0.231923 0.231887 0.231908 0.231892 0.231912 0.231934 0.231899 0.231868 0.231851 0.231866 0.231633 0.231628 0.000000 0.000000
0.000000 0.000000 0.222105 0.222352 0.222435 0.222507 0.222625 0.222686 0.222707 0.222710 0.222763 0.222770 0.222747 0.222759 0.222692 0.222603 0.222462 0.222410 0.222160 0.000000 0.000000
0.000000 0.000000 0.215170 0.215156 0.214935 0.214995 0.215089 0.215321 0.215326 0.215377 0.215342 0.215355 0.215340 0.215336 0.215126 0.215059 0.214907 0.215134 0.215133 0.000000 0.000000
0.000000 0.000000 0.300000 0.300000 0.300000 0.300000 0.300000 0.300000 0.300000 0.300000 0.300000 0.300000 0.300000 0.300000 0.300000 0.300000 0.300000 0.300000 0.300000 0.000000 0.000000
0.000000 0.000000 0.000000 0.000000 0.000000 0.000000 0.000000 0.000000 0.000000 0.000000 0.000000 0.000000 0.000000 0.000000 0.000000 0.000000 0.000000 0.000000 0.000000 0.000000 0.000000