geotop/1.0zi/1.0Montebello/Templates/testdem/maps/_Eocsilt2115.asc
ncols         21
nrows         20
xllcorner     100.000000
yllcorner     100.000000
cellsize      50.000000
NODATA_value  -9999.0
0.000000 0.000000 0.000000 0.000000 0.000000 0.000000 0.000000 0.000000 0.000000 0.000000 0.000000 0.000000 0.000000 0.000000 0.000000 0.000000 0.000000 0.000000 0.000000 0.000000 0.000000
0.000000 0.000000 0.350049 0.350049 0.350049 0.350049 0.350049 0.350049 0.350049 0.350049 0.350049 0.350049 0.350049 0.350049 0.350049 0.350049 0.350049 0.350049 0.350049 0.000000 0.000000
0.000000 0.000000 0.349997 0.349997 0.349997 0.349997 0.349997 0.349997 0.349997 0.349997 0.349997 0.349997 0.349997 0.349997 0.349997 0.349997 0.349997 0.349997 0.349997 0.000000 0.000000
0.000000 0.000000 0.350701 0.350700 0.350698 0.350699 0.350701 0.350701 0.350701 0.350701 0.350701 0.350701 0.350701 0.350701 0.350701 0.350699 0.350698 0.350700 0.350701 0.000000 0.000000
0.000000 0.000000 0.353380 0.353380 0.353378 0.353378 0.353381 0.353380 0.353380 0.353381 0.353381 0.353381 0.353380 0.353380 0.353381 0.353378 0.353378 0.353380 0.353380 0.000000 0.000000
0.000000 0.000000 0.356903 0.356903 0.356901 0.356901 0.356904 0.356903 0.356903 0.356904 0.356904 0.356904 0.356903 0.356903 0.356904 0.356901 0.356901 0.356903 0.356903 0.000000 0.000000
0.000000 0.000000 0.360140 0.360140 0.360138 0.360139 0.360141 0.360140 0.360140 0.360141 0.360141 0.360141 0.360140 0.360140 0.360141 0.360139 0.360138 0.360140 0.360140 0.000000 0.000000
0.000000 0.000000 0.363102 0.363101 0.363100 0.363100 0.363102 0.363101 0.363101 0.363102 0.363102 0.363102 0.363101 0.363101 0.363102 0.363100 0.363100 0.363101 0.363102 0.000000 0.000000
0.000000 0.000000 0.365868 0.365868 0.365867 0.365867 0.365869 0.365868 0.365868 0.365869 0.365869 0.365869 0.365868 0.365868 0.365869 0.365867 0.365867 0.365868 0.365868 0.000000 0.000000
0.000000 0.000000 0.368508 0.368508 0.368507 0.368507 0.368508 0.368508 0.368508 0.368509 0.368509 0.368509 0.368508 0.368508 0.368508 0.368507 0.368507 0.368508 0.368508 0.000000 0.000000
0.000000 0.000000 0.371051 0.371050 0.371049 0.371049 0.371051 0.371050 0.371050 0.371051 0.371051 0.371051 0.371050 0.371050 0.371051 0.371049 0.371049 0.371050 0.371051 0.000000 0.000000
0.000000 0.000000 0.373518 0.373518 0.373517 0.373517 0.373519 0.373518 0.373518 0.373519 0.373519 0.373519 0.373518 0.373518 0.373519 0.373517 0.373517 0.373518 0.373518 0.000000 0.000000
0.000000 0.000000 0.375929 0.375929 0.375927 0.375928 0.375929 0.375929 0.375929 0.375929 0.375929 0.375929 0.375929 0.375929 0.375929 0.375928 0.375927 0.375929 0.375929 0.000000 0.000000
0.000000 0.000000 0.378288 0.378288 0.378287 0.378287 0.378289 0.378288 0.378288 0.378289 0.378289 0.378289 0.378288 0.378288 0.378289 0.378287 0.378287 0.378288 0.378288 0.000000 0.000000
0.000000 0.000000 0.380607 0.380607 0.380606 0.380606 0.380607 0.380607 0.380607 0.380608 0.380608 0.380608 0.380607 0.380607 0.380607 0.380606 0.380606 0.380607 0.380607 0.000000 0.000000
0.000000 0.000000 0.382889 0.382889 0.382888 0.382888 0.382889 0.382889 0.382889 0.382889 0.382890 0.382889 0.382889 0.382889 0.382889 0.382888 0.382888 0.382889 0.382889 0.000000 0.000000
0.000000 0.000000 0.385135 0.385135 0.385133 0.385134 0.385135 0.385135 0.385135 0.385135 0.385135 0.385135 0.385135 0.385135 0.385135 0.385134 0.385133 0.385135 0.385135 0.000000 0.000000
0.000000 0.000000 0.387377 0.387377 0.387376 0.387377 0.387378 0.387377 0.387377 0.387378 0.387378 0.387378 0.387377 0.387377 0.387378 0.387377 0.387376 0.387377 0.387377 0.000000 0.000000
0.000000 0.000000 0.350000 0.350000 0.350000 0.350000 0.350000 0.350000 0.350000 0.350000 0.350000 0.350000 0.350000 0.350000 0.350000 0.350000 0.350000 0.350000 0.350000 0.000000 0.000000
0.000000 0.000000 0.000000 0.000000 0.000000 0.000000 0.000000 0.000000 0.000000 0.000000 0.000000 0.000000 0.000000 0.000000 0.000000 0.000000 0.000000 0.000000 0.000000 0.000000 0.000000