geotop/1.0zi/1.0Montebello/Templates/testdem/maps/_Eocclay0756.asc
ncols         21
nrows         20
xllcorner     100.000000
yllcorner     100.000000
cellsize      50.000000
NODATA_value  -9999.0
0.000000 0.000000 0.000000 0.000000 0.000000 0.000000 0.000000 0.000000 0.000000 0.000000 0.000000 0.000000 0.000000 0.000000 0.000000 0.000000 0.000000 0.000000 0.000000 0.000000 0.000000
0.000000 0.000000 0.349958 0.349958 0.349958 0.349958 0.349958 0.349958 0.349958 0.349958 0.349958 0.349958 0.349958 0.349958 0.349958 0.349958 0.349958 0.349958 0.349958 0.000000 0.000000
0.000000 0.000000 0.349995 0.349995 0.349995 0.349995 0.349995 0.349995 0.349995 0.349995 0.349995 0.349995 0.349995 0.349995 0.349995 0.349995 0.349995 0.349995 0.349995 0.000000 0.000000
0.000000 0.000000 0.350321 0.350321 0.350319 0.350319 0.350321 0.350321 0.350321 0.350321 0.350321 0.350321 0.350321 0.350321 0.350321 0.350319 0.350319 0.350321 0.350321 0.000000 0.000000
0.000000 0.000000 0.351509 0.351508 0.351506 0.351506 0.351510 0.351509 0.351509 0.351509 0.351509 0.351509 0.351509 0.351509 0.351510 0.351506 0.351506 0.351508 0.351509 0.000000 0.000000
0.000000 0.000000 0.352778 0.352778 0.352776 0.352776 0.352778 0.352778 0.352778 0.352778 0.352778 0.352778 0.352778 0.352778 0.352778 0.352776 0.352776 0.352778 0.352778 0.000000 0.000000
0.000000 0.000000 0.353988 0.353988 0.353986 0.353986 0.353989 0.353988 0.353988 0.353989 0.353988 0.353989 0.353988 0.353988 0.353989 0.353986 0.353986 0.353988 0.353988 0.000000 0.000000
0.000000 0.000000 0.355112 0.355111 0.355110 0.355110 0.355112 0.355111 0.355111 0.355112 0.355112 0.355112 0.355111 0.355111 0.355112 0.355110 0.355110 0.355111 0.355112 0.000000 0.000000
0.000000 0.000000 0.356171 0.356170 0.356169 0.356169 0.356171 0.356171 0.356171 0.356171 0.356171 0.356171 0.356171 0.356171 0.356171 0.356169 0.356169 0.356170 0.356171 0.000000 0.000000
0.000000 0.000000 0.357190 0.357190 0.357188 0.357188 0.357190 0.357190 0.357190 0.357190 0.357190 0.357190 0.357190 0.357190 0.357190 0.357188 0.357188 0.357190 0.357190 0.000000 0.000000
0.000000 0.000000 0.358179 0.358178 0.358177 0.358177 0.358179 0.358179 0.358179 0.358179 0.358179 0.358179 0.358179 0.358179 0.358179 0.358177 0.358177 0.358178 0.358179 0.000000 0.000000
0.000000 0.000000 0.359148 0.359147 0.359146 0.359146 0.359148 0.359148 0.359147 0.359148 0.359148 0.359148 0.359147 0.359148 0.359148 0.359146 0.359146 0.359147 0.359148 0.000000 0.000000
0.000000 0.000000 0.360099 0.360099 0.360098 0.360098 0.360099 0.360099 0.360099 0.360099 0.360099 0.360099 0.360099 0.360099 0.360099 0.360098 0.360098 0.360099 0.360099 0.000000 0.000000
0.000000 0.000000 0.361037 0.361036 0.361035 0.361035 0.361037 0.361037 0.361037 0.361037 0.361037 0.361037 0.361037 0.361037 0.361037 0.361035 0.361035 0.361036 0.361037 0.000000 0.000000
0.000000 0.000000 0.361965 0.361965 0.361964 0.361964 0.361965 0.361965 0.361965 0.361965 0.361965 0.361965 0.361965 0.361965 0.361965 0.361964 0.361964 0.361965 0.361965 0.000000 0.000000
0.000000 0.000000 0.362888 0.362887 0.362886 0.362886 0.362888 0.362888 0.362888 0.362888 0.362888 0.362888 0.362888 0.362888 0.362888 0.362886 0.362886 0.362887 0.362888 0.000000 0.000000
0.000000 0.000000 0.363802 0.363801 0.363800 0.363800 0.363802 0.363802 0.363802 0.363802 0.363802 0.363802 0.363802 0.363802 0.363802 0.363800 0.363800 0.363801 0.363802 0.000000 0.000000
0.000000 0.000000 0.364730 0.364730 0.364728 0.364729 0.364730 0.364730 0.364730 0.364730 0.364730 0.364730 0.364730 0.364730 0.364730 0.364729 0.364728 0.364730 0.364730 0.000000 0.000000
0.000000 0.000000 0.350000 0.350000 0.350000 0.350000 0.350000 0.350000 0.350000 0.350000 0.350000 0.350000 0.350000 0.350000 0.350000 0.350000 0.350000 0.350000 0.350000 0.000000 0.000000
0.000000 0.000000 0.000000 0.000000 0.000000 0.000000 0.000000 0.000000 0.000000 0.000000 0.000000 0.000000 0.000000 0.000000 0.000000 0.000000 0.000000 0.000000 0.000000 0.000000 0.000000