geotop/1.0zi/1.0Montebello/Templates/testdem/maps/_Eocclay9121.asc
ncols         21
nrows         20
xllcorner     100.000000
yllcorner     100.000000
cellsize      50.000000
NODATA_value  -9999.0
0.000000 0.000000 0.000000 0.000000 0.000000 0.000000 0.000000 0.000000 0.000000 0.000000 0.000000 0.000000 0.000000 0.000000 0.000000 0.000000 0.000000 0.000000 0.000000 0.000000 0.000000
0.000000 0.000000 0.349573 0.349576 0.349575 0.349575 0.349576 0.349577 0.349576 0.349576 0.349575 0.349576 0.349576 0.349576 0.349576 0.349576 0.349574 0.349574 0.349575 0.000000 0.000000
0.000000 0.000000 0.349982 0.349981 0.349980 0.349983 0.349980 0.349980 0.349981 0.349980 0.349980 0.349980 0.349981 0.349980 0.349981 0.349981 0.349982 0.349981 0.349980 0.000000 0.000000
0.000000 0.000000 0.350022 0.350027 0.350025 0.350022 0.350023 0.350024 0.350028 0.350025 0.350028 0.350026 0.350027 0.350025 0.350027 0.350029 0.350027 0.350026 0.350024 0.000000 0.000000
0.000000 0.000000 0.351242 0.351236 0.351228 0.351219 0.351201 0.351201 0.351196 0.351198 0.351196 0.351198 0.351197 0.351199 0.351208 0.351212 0.351222 0.351223 0.351233 0.000000 0.000000
0.000000 0.000000 0.354742 0.354735 0.354713 0.354682 0.354656 0.354630 0.354634 0.354627 0.354630 0.354628 0.354633 0.354632 0.354646 0.354672 0.354685 0.354694 0.354700 0.000000 0.000000
0.000000 0.000000 0.359429 0.359418 0.359404 0.359375 0.359339 0.359287 0.359289 0.359284 0.359283 0.359284 0.359285 0.359286 0.359327 0.359358 0.359375 0.359385 0.359393 0.000000 0.000000
0.000000 0.000000 0.364998 0.364986 0.364972 0.364935 0.364897 0.364851 0.364852 0.364847 0.364845 0.364842 0.364839 0.364849 0.364887 0.364919 0.364948 0.364952 0.364967 0.000000 0.000000
0.000000 0.000000 0.371014 0.370999 0.370979 0.370954 0.370910 0.370858 0.370864 0.370853 0.370849 0.370846 0.370847 0.370846 0.370898 0.370936 0.370958 0.370963 0.370976 0.000000 0.000000
0.000000 0.000000 0.377564 0.377543 0.377528 0.377501 0.377441 0.377394 0.377395 0.377388 0.377380 0.377384 0.377391 0.377389 0.377430 0.377480 0.377506 0.377512 0.377520 0.000000 0.000000
0.000000 0.000000 0.384899 0.384883 0.384869 0.384806 0.384768 0.384705 0.384720 0.384686 0.384691 0.384687 0.384675 0.384696 0.384740 0.384770 0.384807 0.384819 0.384849 0.000000 0.000000
0.000000 0.000000 0.393289 0.393257 0.393220 0.393188 0.393134 0.393058 0.393058 0.393052 0.393067 0.393036 0.393049 0.393048 0.393127 0.393170 0.393190 0.393198 0.393263 0.000000 0.000000
0.000000 0.000000 0.402622 0.402592 0.402582 0.402513 0.402468 0.402248 0.402247 0.402236 0.402168 0.402207 0.402215 0.402236 0.402404 0.402444 0.402521 0.402522 0.402547 0.000000 0.000000
0.000000 0.000000 0.414033 0.414019 0.413956 0.413912 0.413606 0.413681 0.413620 0.413622 0.413654 0.413621 0.413614 0.413589 0.413520 0.413849 0.413871 0.413943 0.413995 0.000000 0.000000
0.000000 0.000000 0.427628 0.427585 0.427515 0.427107 0.427221 0.426996 0.426924 0.426902 0.426821 0.426782 0.426827 0.426826 0.427037 0.426937 0.427470 0.427350 0.427343 0.000000 0.000000
0.000000 0.000000 0.441790 0.441756 0.441192 0.441443 0.441366 0.441370 0.441611 0.441546 0.441672 0.441643 0.441540 0.441678 0.441629 0.441693 0.441122 0.441956 0.441943 0.000000 0.000000
0.000000 0.000000 0.457407 0.456703 0.456957 0.456638 0.456290 0.456183 0.455943 0.456001 0.455760 0.455789 0.455928 0.455780 0.455969 0.456225 0.456918 0.456354 0.457081 0.000000 0.000000
0.000000 0.000000 0.461460 0.462006 0.462476 0.462469 0.462500 0.462035 0.462123 0.461984 0.462215 0.462167 0.462130 0.462207 0.462587 0.462566 0.462543 0.462173 0.461626 0.000000 0.000000
0.000000 0.000000 0.350000 0.350000 0.350000 0.350000 0.350000 0.350000 0.350000 0.350000 0.350000 0.350000 0.350000 0.350000 0.350000 0.350000 0.350000 0.350000 0.350000 0.000000 0.000000
0.000000 0.000000 0.000000 0.000000 0.000000 0.000000 0.000000 0.000000 0.000000 0.000000 0.000000 0.000000 0.000000 0.000000 0.000000 0.000000 0.000000 0.000000 0.000000 0.000000 0.000000