geotop/1.0zi/1.0Montebello/Templates/testdem/maps/_Eocsilt3897.asc
ncols         21
nrows         20
xllcorner     100.000000
yllcorner     100.000000
cellsize      50.000000
NODATA_value  -9999.0
0.000000 0.000000 0.000000 0.000000 0.000000 0.000000 0.000000 0.000000 0.000000 0.000000 0.000000 0.000000 0.000000 0.000000 0.000000 0.000000 0.000000 0.000000 0.000000 0.000000 0.000000
0.000000 0.000000 0.350078 0.350078 0.350078 0.350078 0.350078 0.350078 0.350078 0.350078 0.350078 0.350078 0.350078 0.350078 0.350078 0.350078 0.350078 0.350078 0.350078 0.000000 0.000000
0.000000 0.000000 0.350001 0.350002 0.350002 0.350002 0.350003 0.350003 0.350003 0.350003 0.350003 0.350003 0.350003 0.350003 0.350002 0.350002 0.350001 0.350001 0.350001 0.000000 0.000000
0.000000 0.000000 0.350032 0.350031 0.350031 0.350027 0.350029 0.350026 0.350028 0.350029 0.350028 0.350028 0.350028 0.350027 0.350028 0.350030 0.350031 0.350032 0.350032 0.000000 0.000000
0.000000 0.000000 0.350374 0.350378 0.350374 0.350377 0.350375 0.350373 0.350372 0.350369 0.350369 0.350370 0.350372 0.350372 0.350372 0.350371 0.350370 0.350375 0.350377 0.000000 0.000000
0.000000 0.000000 0.351426 0.351427 0.351423 0.351416 0.351409 0.351395 0.351395 0.351391 0.351394 0.351396 0.351397 0.351399 0.351406 0.351412 0.351414 0.351413 0.351414 0.000000 0.000000
0.000000 0.000000 0.352980 0.352981 0.352978 0.352963 0.352948 0.352932 0.352933 0.352929 0.352933 0.352933 0.352932 0.352936 0.352951 0.352965 0.352968 0.352970 0.352976 0.000000 0.000000
0.000000 0.000000 0.354771 0.354769 0.354763 0.354748 0.354728 0.354710 0.354711 0.354708 0.354709 0.354708 0.354709 0.354714 0.354735 0.354751 0.354759 0.354759 0.354764 0.000000 0.000000
0.000000 0.000000 0.356570 0.356567 0.356559 0.356546 0.356529 0.356507 0.356507 0.356503 0.356504 0.356505 0.356506 0.356512 0.356532 0.356548 0.356554 0.356557 0.356564 0.000000 0.000000
0.000000 0.000000 0.358353 0.358350 0.358344 0.358331 0.358310 0.358291 0.358293 0.358290 0.358291 0.358291 0.358292 0.358296 0.358317 0.358334 0.358339 0.358341 0.358346 0.000000 0.000000
0.000000 0.000000 0.360137 0.360134 0.360128 0.360117 0.360100 0.360078 0.360079 0.360074 0.360075 0.360076 0.360077 0.360082 0.360100 0.360112 0.360120 0.360122 0.360128 0.000000 0.000000
0.000000 0.000000 0.361970 0.361967 0.361960 0.361945 0.361927 0.361905 0.361904 0.361901 0.361902 0.361902 0.361904 0.361908 0.361932 0.361946 0.361953 0.361955 0.361975 0.000000 0.000000
0.000000 0.000000 0.363815 0.363812 0.363804 0.363792 0.363772 0.363731 0.363731 0.363727 0.363727 0.363727 0.363728 0.363734 0.363771 0.363789 0.363795 0.363797 0.363811 0.000000 0.000000
0.000000 0.000000 0.365752 0.365746 0.365739 0.365727 0.365684 0.365670 0.365663 0.365660 0.365661 0.365661 0.365662 0.365667 0.365683 0.365721 0.365728 0.365735 0.365743 0.000000 0.000000
0.000000 0.000000 0.367823 0.367818 0.367804 0.367768 0.367744 0.367717 0.367704 0.367699 0.367695 0.367694 0.367699 0.367700 0.367723 0.367752 0.367790 0.367788 0.367794 0.000000 0.000000
0.000000 0.000000 0.369941 0.369936 0.369894 0.369883 0.369865 0.369849 0.369846 0.369844 0.369846 0.369846 0.369844 0.369856 0.369867 0.369881 0.369881 0.369920 0.369931 0.000000 0.000000
0.000000 0.000000 0.372271 0.372224 0.372185 0.372167 0.372135 0.372117 0.372113 0.372111 0.372106 0.372106 0.372110 0.372112 0.372126 0.372158 0.372175 0.372197 0.372245 0.000000 0.000000
0.000000 0.000000 0.374124 0.374110 0.374134 0.374110 0.374080 0.374028 0.374023 0.374017 0.374019 0.374019 0.374020 0.374028 0.374075 0.374104 0.374133 0.374091 0.374114 0.000000 0.000000
0.000000 0.000000 0.350000 0.350000 0.350000 0.350000 0.350000 0.350000 0.350000 0.350000 0.350000 0.350000 0.350000 0.350000 0.350000 0.350000 0.350000 0.350000 0.350000 0.000000 0.000000
0.000000 0.000000 0.000000 0.000000 0.000000 0.000000 0.000000 0.000000 0.000000 0.000000 0.000000 0.000000 0.000000 0.000000 0.000000 0.000000 0.000000 0.000000 0.000000 0.000000 0.000000