geotop/1.0zi/1.0Montebello/Templates/testdem/maps/_Eocsand5980.asc
ncols         21
nrows         20
xllcorner     100.000000
yllcorner     100.000000
cellsize      50.000000
NODATA_value  -9999.0
0.000000 0.000000 0.000000 0.000000 0.000000 0.000000 0.000000 0.000000 0.000000 0.000000 0.000000 0.000000 0.000000 0.000000 0.000000 0.000000 0.000000 0.000000 0.000000 0.000000 0.000000
0.000000 0.000000 0.300149 0.300149 0.300148 0.300148 0.300148 0.300148 0.300148 0.300148 0.300148 0.300148 0.300148 0.300149 0.300148 0.300148 0.300148 0.300149 0.300149 0.000000 0.000000
0.000000 0.000000 0.300009 0.300008 0.300008 0.300008 0.300008 0.300008 0.300008 0.300008 0.300008 0.300008 0.300007 0.300007 0.300008 0.300008 0.300009 0.300010 0.300009 0.000000 0.000000
0.000000 0.000000 0.299969 0.299968 0.299972 0.299975 0.299973 0.299974 0.299972 0.299974 0.299973 0.299975 0.299974 0.299976 0.299972 0.299967 0.299968 0.299965 0.299967 0.000000 0.000000
0.000000 0.000000 0.298941 0.298938 0.298940 0.298948 0.298963 0.298972 0.298972 0.298973 0.298976 0.298974 0.298977 0.298975 0.298965 0.298963 0.298958 0.298947 0.298938 0.000000 0.000000
0.000000 0.000000 0.295675 0.295671 0.295684 0.295718 0.295736 0.295770 0.295771 0.295780 0.295773 0.295770 0.295766 0.295770 0.295758 0.295738 0.295721 0.295706 0.295696 0.000000 0.000000
0.000000 0.000000 0.290816 0.290820 0.290830 0.290867 0.290909 0.290961 0.290960 0.290967 0.290963 0.290960 0.290963 0.290961 0.290923 0.290882 0.290863 0.290844 0.290830 0.000000 0.000000
0.000000 0.000000 0.284912 0.284912 0.284917 0.284956 0.284998 0.285054 0.285053 0.285059 0.285059 0.285060 0.285063 0.285055 0.285013 0.284973 0.284941 0.284933 0.284913 0.000000 0.000000
0.000000 0.000000 0.278801 0.278809 0.278826 0.278849 0.278891 0.278951 0.278947 0.278958 0.278963 0.278960 0.278960 0.278964 0.278910 0.278867 0.278838 0.278829 0.278811 0.000000 0.000000
0.000000 0.000000 0.272619 0.272629 0.272636 0.272653 0.272713 0.272766 0.272762 0.272769 0.272777 0.272769 0.272762 0.272768 0.272725 0.272675 0.272646 0.272641 0.272628 0.000000 0.000000
0.000000 0.000000 0.266212 0.266218 0.266222 0.266266 0.266307 0.266366 0.266353 0.266382 0.266381 0.266378 0.266385 0.266370 0.266335 0.266302 0.266270 0.266251 0.266225 0.000000 0.000000
0.000000 0.000000 0.259458 0.259473 0.259493 0.259523 0.259560 0.259630 0.259628 0.259644 0.259627 0.259644 0.259641 0.259636 0.259572 0.259541 0.259518 0.259508 0.259441 0.000000 0.000000
0.000000 0.000000 0.252496 0.252509 0.252516 0.252552 0.252586 0.252732 0.252732 0.252744 0.252775 0.252758 0.252747 0.252736 0.252629 0.252599 0.252547 0.252542 0.252495 0.000000 0.000000
0.000000 0.000000 0.244893 0.244903 0.244924 0.244947 0.245092 0.245125 0.245158 0.245159 0.245169 0.245165 0.245164 0.245169 0.245153 0.245008 0.244964 0.244927 0.244879 0.000000 0.000000
0.000000 0.000000 0.236478 0.236490 0.236523 0.236676 0.236719 0.236804 0.236860 0.236869 0.236897 0.236913 0.236895 0.236907 0.236842 0.236775 0.236560 0.236578 0.236549 0.000000 0.000000
0.000000 0.000000 0.227533 0.227544 0.227747 0.227775 0.227786 0.227839 0.227795 0.227819 0.227800 0.227822 0.227846 0.227805 0.227773 0.227754 0.227779 0.227520 0.227514 0.000000 0.000000
0.000000 0.000000 0.217205 0.217484 0.217569 0.217649 0.217782 0.217846 0.217873 0.217875 0.217936 0.217943 0.217915 0.217929 0.217854 0.217752 0.217592 0.217549 0.217265 0.000000 0.000000
0.000000 0.000000 0.209850 0.209816 0.209564 0.209627 0.209723 0.209979 0.209983 0.210041 0.209998 0.210013 0.209997 0.209990 0.209756 0.209685 0.209525 0.209785 0.209802 0.000000 0.000000
0.000000 0.000000 0.300000 0.300000 0.300000 0.300000 0.300000 0.300000 0.300000 0.300000 0.300000 0.300000 0.300000 0.300000 0.300000 0.300000 0.300000 0.300000 0.300000 0.000000 0.000000
0.000000 0.000000 0.000000 0.000000 0.000000 0.000000 0.000000 0.000000 0.000000 0.000000 0.000000 0.000000 0.000000 0.000000 0.000000 0.000000 0.000000 0.000000 0.000000 0.000000 0.000000