geotop/1.0zi/1.0Montebello/Templates/testdem/maps/_Eocsand9187.asc
ncols         21
nrows         20
xllcorner     100.000000
yllcorner     100.000000
cellsize      50.000000
NODATA_value  -9999.0
0.000000 0.000000 0.000000 0.000000 0.000000 0.000000 0.000000 0.000000 0.000000 0.000000 0.000000 0.000000 0.000000 0.000000 0.000000 0.000000 0.000000 0.000000 0.000000 0.000000 0.000000
0.000000 0.000000 0.300234 0.300231 0.300231 0.300231 0.300230 0.300230 0.300230 0.300230 0.300231 0.300230 0.300230 0.300231 0.300230 0.300230 0.300232 0.300232 0.300231 0.000000 0.000000
0.000000 0.000000 0.300012 0.300014 0.300014 0.300012 0.300013 0.300014 0.300014 0.300014 0.300014 0.300014 0.300013 0.300013 0.300013 0.300013 0.300014 0.300015 0.300015 0.000000 0.000000
0.000000 0.000000 0.299855 0.299854 0.299861 0.299869 0.299868 0.299872 0.299865 0.299867 0.299867 0.299867 0.299866 0.299868 0.299863 0.299857 0.299854 0.299855 0.299854 0.000000 0.000000
0.000000 0.000000 0.297492 0.297494 0.297512 0.297538 0.297565 0.297569 0.297572 0.297574 0.297575 0.297572 0.297569 0.297569 0.297546 0.297536 0.297522 0.297518 0.297506 0.000000 0.000000
0.000000 0.000000 0.290727 0.290738 0.290775 0.290825 0.290882 0.290930 0.290928 0.290941 0.290935 0.290936 0.290928 0.290931 0.290902 0.290857 0.290834 0.290821 0.290808 0.000000 0.000000
0.000000 0.000000 0.281365 0.281385 0.281415 0.281476 0.281551 0.281653 0.281646 0.281655 0.281658 0.281658 0.281660 0.281653 0.281575 0.281515 0.281479 0.281457 0.281441 0.000000 0.000000
0.000000 0.000000 0.270273 0.270295 0.270322 0.270394 0.270471 0.270562 0.270558 0.270570 0.270575 0.270581 0.270586 0.270567 0.270494 0.270429 0.270369 0.270362 0.270333 0.000000 0.000000
0.000000 0.000000 0.258230 0.258261 0.258301 0.258352 0.258442 0.258548 0.258537 0.258559 0.258569 0.258574 0.258570 0.258573 0.258468 0.258392 0.258346 0.258333 0.258308 0.000000 0.000000
0.000000 0.000000 0.245148 0.245188 0.245218 0.245273 0.245393 0.245491 0.245486 0.245502 0.245520 0.245512 0.245499 0.245502 0.245419 0.245320 0.245266 0.245253 0.245239 0.000000 0.000000
0.000000 0.000000 0.230543 0.230573 0.230600 0.230728 0.230805 0.230933 0.230900 0.230971 0.230961 0.230971 0.230995 0.230952 0.230863 0.230803 0.230728 0.230704 0.230644 0.000000 0.000000
0.000000 0.000000 0.213833 0.213895 0.213970 0.214033 0.214143 0.214300 0.214296 0.214310 0.214282 0.214344 0.214317 0.214318 0.214161 0.214074 0.214033 0.214016 0.213888 0.000000 0.000000
0.000000 0.000000 0.195267 0.195324 0.195344 0.195483 0.195574 0.196016 0.196015 0.196040 0.196177 0.196100 0.196085 0.196042 0.195709 0.195628 0.195472 0.195469 0.195421 0.000000 0.000000
0.000000 0.000000 0.172615 0.172640 0.172765 0.172853 0.173462 0.173316 0.173435 0.173435 0.173372 0.173440 0.173452 0.173501 0.173638 0.172986 0.172940 0.172796 0.172696 0.000000 0.000000
0.000000 0.000000 0.145779 0.145860 0.145998 0.146801 0.146578 0.147027 0.147165 0.147212 0.147374 0.147453 0.147363 0.147363 0.146948 0.147143 0.146094 0.146328 0.146344 0.000000 0.000000
0.000000 0.000000 0.118170 0.118231 0.119315 0.118835 0.118988 0.118984 0.118519 0.118650 0.118410 0.118466 0.118662 0.118397 0.118493 0.118366 0.119458 0.117854 0.117880 0.000000 0.000000
0.000000 0.000000 0.088628 0.089901 0.089454 0.090031 0.090665 0.090865 0.091296 0.091196 0.091632 0.091583 0.091330 0.091594 0.091250 0.090784 0.089534 0.090537 0.089221 0.000000 0.000000
0.000000 0.000000 0.080178 0.079317 0.078490 0.078538 0.078529 0.079343 0.079214 0.079450 0.079079 0.079160 0.079210 0.079089 0.078419 0.078422 0.078387 0.079074 0.079931 0.000000 0.000000
0.000000 0.000000 0.300000 0.300000 0.300000 0.300000 0.300000 0.300000 0.300000 0.300000 0.300000 0.300000 0.300000 0.300000 0.300000 0.300000 0.300000 0.300000 0.300000 0.000000 0.000000
0.000000 0.000000 0.000000 0.000000 0.000000 0.000000 0.000000 0.000000 0.000000 0.000000 0.000000 0.000000 0.000000 0.000000 0.000000 0.000000 0.000000 0.000000 0.000000 0.000000 0.000000