geotop/1.0zi/1.0Montebello/Templates/testdem/maps/_Eocclay139Z.asc
ncols         21
nrows         20
xllcorner     100.000000
yllcorner     100.000000
cellsize      50.000000
NODATA_value  -9999.0
0.000000 0.000000 0.000000 0.000000 0.000000 0.000000 0.000000 0.000000 0.000000 0.000000 0.000000 0.000000 0.000000 0.000000 0.000000 0.000000 0.000000 0.000000 0.000000 0.000000 0.000000
0.000000 0.000000 0.349456 0.349458 0.349458 0.349457 0.349459 0.349459 0.349458 0.349459 0.349458 0.349459 0.349459 0.349459 0.349459 0.349458 0.349457 0.349457 0.349458 0.000000 0.000000
0.000000 0.000000 0.349976 0.349974 0.349974 0.349976 0.349973 0.349973 0.349974 0.349973 0.349973 0.349974 0.349974 0.349973 0.349975 0.349975 0.349975 0.349975 0.349974 0.000000 0.000000
0.000000 0.000000 0.350125 0.350137 0.350131 0.350127 0.350132 0.350132 0.350132 0.350130 0.350130 0.350128 0.350128 0.350130 0.350130 0.350134 0.350133 0.350133 0.350132 0.000000 0.000000
0.000000 0.000000 0.352199 0.352186 0.352180 0.352166 0.352143 0.352137 0.352134 0.352134 0.352130 0.352136 0.352137 0.352136 0.352145 0.352152 0.352165 0.352175 0.352183 0.000000 0.000000
0.000000 0.000000 0.357307 0.357301 0.357274 0.357230 0.357193 0.357157 0.357160 0.357154 0.357148 0.357150 0.357157 0.357153 0.357170 0.357209 0.357227 0.357246 0.357251 0.000000 0.000000
0.000000 0.000000 0.364124 0.364112 0.364092 0.364047 0.364000 0.363926 0.363921 0.363915 0.363906 0.363908 0.363908 0.363908 0.363964 0.364007 0.364032 0.364053 0.364060 0.000000 0.000000
0.000000 0.000000 0.372399 0.372384 0.372360 0.372297 0.372244 0.372173 0.372166 0.372159 0.372148 0.372147 0.372143 0.372153 0.372204 0.372251 0.372293 0.372307 0.372322 0.000000 0.000000
0.000000 0.000000 0.381864 0.381842 0.381805 0.381756 0.381693 0.381606 0.381604 0.381590 0.381575 0.381573 0.381575 0.381569 0.381644 0.381704 0.381737 0.381756 0.381769 0.000000 0.000000
0.000000 0.000000 0.392940 0.392903 0.392868 0.392814 0.392738 0.392645 0.392632 0.392624 0.392600 0.392608 0.392622 0.392616 0.392675 0.392757 0.392801 0.392823 0.392827 0.000000 0.000000
0.000000 0.000000 0.406393 0.406358 0.406327 0.406190 0.406160 0.406023 0.406044 0.405978 0.405982 0.405970 0.405943 0.405982 0.406054 0.406105 0.406171 0.406200 0.406257 0.000000 0.000000
0.000000 0.000000 0.423012 0.422931 0.422834 0.422787 0.422716 0.422535 0.422504 0.422520 0.422525 0.422470 0.422500 0.422479 0.422629 0.422728 0.422755 0.422785 0.422895 0.000000 0.000000
0.000000 0.000000 0.441484 0.441417 0.441412 0.441268 0.441184 0.440693 0.440661 0.440629 0.440426 0.440570 0.440563 0.440610 0.440953 0.441022 0.441210 0.441235 0.441205 0.000000 0.000000
0.000000 0.000000 0.460786 0.460778 0.460631 0.460580 0.460049 0.460371 0.460245 0.460251 0.460370 0.460254 0.460239 0.460163 0.459893 0.460494 0.460466 0.460606 0.460678 0.000000 0.000000
0.000000 0.000000 0.474097 0.474065 0.474007 0.473677 0.473809 0.473604 0.473557 0.473535 0.473454 0.473433 0.473470 0.473471 0.473652 0.473515 0.473943 0.473847 0.473827 0.000000 0.000000
0.000000 0.000000 0.482606 0.482583 0.482391 0.482375 0.482382 0.482327 0.482386 0.482359 0.482375 0.482359 0.482337 0.482377 0.482405 0.482397 0.482336 0.482569 0.482558 0.000000 0.000000
0.000000 0.000000 0.489298 0.489146 0.489142 0.489026 0.488980 0.488914 0.488876 0.488878 0.488824 0.488822 0.488848 0.488829 0.488894 0.488921 0.489101 0.489035 0.489171 0.000000 0.000000
0.000000 0.000000 0.492637 0.492764 0.492785 0.492783 0.492813 0.492695 0.492742 0.492704 0.492762 0.492746 0.492725 0.492760 0.492845 0.492817 0.492770 0.492793 0.492653 0.000000 0.000000
0.000000 0.000000 0.350000 0.350000 0.350000 0.350000 0.350000 0.350000 0.350000 0.350000 0.350000 0.350000 0.350000 0.350000 0.350000 0.350000 0.350000 0.350000 0.350000 0.000000 0.000000
0.000000 0.000000 0.000000 0.000000 0.000000 0.000000 0.000000 0.000000 0.000000 0.000000 0.000000 0.000000 0.000000 0.000000 0.000000 0.000000 0.000000 0.000000 0.000000 0.000000 0.000000