geotop/1.0zi/1.0Montebello/Templates/testdem/maps/_Eocsilt3749.asc
ncols         21
nrows         20
xllcorner     100.000000
yllcorner     100.000000
cellsize      50.000000
NODATA_value  -9999.0
0.000000 0.000000 0.000000 0.000000 0.000000 0.000000 0.000000 0.000000 0.000000 0.000000 0.000000 0.000000 0.000000 0.000000 0.000000 0.000000 0.000000 0.000000 0.000000 0.000000 0.000000
0.000000 0.000000 0.350077 0.350077 0.350077 0.350077 0.350077 0.350077 0.350077 0.350077 0.350077 0.350077 0.350077 0.350077 0.350077 0.350077 0.350077 0.350077 0.350077 0.000000 0.000000
0.000000 0.000000 0.350001 0.350002 0.350002 0.350002 0.350003 0.350003 0.350003 0.350003 0.350003 0.350003 0.350003 0.350003 0.350002 0.350002 0.350001 0.350001 0.350001 0.000000 0.000000
0.000000 0.000000 0.350033 0.350031 0.350032 0.350028 0.350029 0.350026 0.350028 0.350029 0.350028 0.350028 0.350029 0.350027 0.350028 0.350031 0.350032 0.350033 0.350032 0.000000 0.000000
0.000000 0.000000 0.350368 0.350372 0.350369 0.350372 0.350370 0.350368 0.350367 0.350364 0.350364 0.350365 0.350367 0.350367 0.350367 0.350365 0.350365 0.350370 0.350371 0.000000 0.000000
0.000000 0.000000 0.351407 0.351410 0.351405 0.351398 0.351392 0.351379 0.351378 0.351374 0.351378 0.351380 0.351381 0.351383 0.351389 0.351393 0.351395 0.351394 0.351395 0.000000 0.000000
0.000000 0.000000 0.352921 0.352924 0.352921 0.352906 0.352890 0.352873 0.352874 0.352871 0.352875 0.352874 0.352877 0.352881 0.352895 0.352906 0.352909 0.352911 0.352917 0.000000 0.000000
0.000000 0.000000 0.354673 0.354672 0.354667 0.354651 0.354632 0.354614 0.354615 0.354612 0.354613 0.354613 0.354615 0.354619 0.354639 0.354653 0.354662 0.354662 0.354666 0.000000 0.000000
0.000000 0.000000 0.356430 0.356427 0.356420 0.356407 0.356389 0.356367 0.356368 0.356364 0.356365 0.356366 0.356369 0.356374 0.356393 0.356408 0.356414 0.356417 0.356423 0.000000 0.000000
0.000000 0.000000 0.358170 0.358169 0.358163 0.358150 0.358129 0.358110 0.358112 0.358109 0.358110 0.358111 0.358112 0.358116 0.358136 0.358152 0.358157 0.358158 0.358163 0.000000 0.000000
0.000000 0.000000 0.359913 0.359911 0.359905 0.359894 0.359878 0.359855 0.359857 0.359852 0.359853 0.359854 0.359856 0.359860 0.359878 0.359888 0.359896 0.359898 0.359904 0.000000 0.000000
0.000000 0.000000 0.361702 0.361700 0.361692 0.361678 0.361660 0.361638 0.361637 0.361634 0.361635 0.361635 0.361638 0.361642 0.361665 0.361678 0.361684 0.361686 0.361706 0.000000 0.000000
0.000000 0.000000 0.363499 0.363497 0.363489 0.363477 0.363457 0.363417 0.363416 0.363413 0.363413 0.363414 0.363416 0.363421 0.363457 0.363472 0.363478 0.363480 0.363493 0.000000 0.000000
0.000000 0.000000 0.365383 0.365378 0.365372 0.365359 0.365317 0.365303 0.365297 0.365294 0.365295 0.365295 0.365297 0.365302 0.365317 0.365352 0.365359 0.365366 0.365373 0.000000 0.000000
0.000000 0.000000 0.367395 0.367392 0.367378 0.367343 0.367319 0.367293 0.367280 0.367276 0.367271 0.367271 0.367277 0.367278 0.367299 0.367325 0.367363 0.367360 0.367366 0.000000 0.000000
0.000000 0.000000 0.369450 0.369446 0.369406 0.369395 0.369378 0.369362 0.369359 0.369357 0.369359 0.369359 0.369358 0.369370 0.369380 0.369391 0.369392 0.369429 0.369439 0.000000 0.000000
0.000000 0.000000 0.371706 0.371662 0.371625 0.371607 0.371576 0.371559 0.371555 0.371553 0.371548 0.371549 0.371553 0.371556 0.371568 0.371597 0.371613 0.371634 0.371680 0.000000 0.000000
0.000000 0.000000 0.373508 0.373495 0.373518 0.373496 0.373466 0.373416 0.373410 0.373405 0.373407 0.373407 0.373409 0.373417 0.373461 0.373488 0.373516 0.373475 0.373497 0.000000 0.000000
0.000000 0.000000 0.350000 0.350000 0.350000 0.350000 0.350000 0.350000 0.350000 0.350000 0.350000 0.350000 0.350000 0.350000 0.350000 0.350000 0.350000 0.350000 0.350000 0.000000 0.000000
0.000000 0.000000 0.000000 0.000000 0.000000 0.000000 0.000000 0.000000 0.000000 0.000000 0.000000 0.000000 0.000000 0.000000 0.000000 0.000000 0.000000 0.000000 0.000000 0.000000 0.000000