geotop/1.0zi/1.0Montebello/Templates/testdem/maps/_Eocsilt5477.asc
ncols         21
nrows         20
xllcorner     100.000000
yllcorner     100.000000
cellsize      50.000000
NODATA_value  -9999.0
0.000000 0.000000 0.000000 0.000000 0.000000 0.000000 0.000000 0.000000 0.000000 0.000000 0.000000 0.000000 0.000000 0.000000 0.000000 0.000000 0.000000 0.000000 0.000000 0.000000 0.000000
0.000000 0.000000 0.350110 0.350110 0.350110 0.350110 0.350110 0.350110 0.350110 0.350110 0.350110 0.350110 0.350110 0.350110 0.350110 0.350110 0.350110 0.350110 0.350110 0.000000 0.000000
0.000000 0.000000 0.350002 0.350002 0.350002 0.350003 0.350003 0.350003 0.350003 0.350003 0.350003 0.350003 0.350003 0.350003 0.350003 0.350002 0.350001 0.350001 0.350002 0.000000 0.000000
0.000000 0.000000 0.350038 0.350037 0.350037 0.350031 0.350033 0.350031 0.350033 0.350034 0.350033 0.350032 0.350032 0.350032 0.350033 0.350036 0.350036 0.350038 0.350037 0.000000 0.000000
0.000000 0.000000 0.350455 0.350458 0.350456 0.350453 0.350450 0.350445 0.350444 0.350442 0.350439 0.350442 0.350442 0.350443 0.350448 0.350451 0.350450 0.350460 0.350463 0.000000 0.000000
0.000000 0.000000 0.351822 0.351826 0.351822 0.351809 0.351799 0.351782 0.351780 0.351777 0.351781 0.351784 0.351784 0.351781 0.351786 0.351791 0.351800 0.351803 0.351808 0.000000 0.000000
0.000000 0.000000 0.353958 0.353956 0.353953 0.353936 0.353916 0.353893 0.353895 0.353893 0.353895 0.353895 0.353892 0.353895 0.353909 0.353926 0.353933 0.353942 0.353947 0.000000 0.000000
0.000000 0.000000 0.356549 0.356550 0.356551 0.356534 0.356515 0.356491 0.356491 0.356489 0.356489 0.356489 0.356487 0.356489 0.356506 0.356524 0.356539 0.356541 0.356549 0.000000 0.000000
0.000000 0.000000 0.359266 0.359261 0.359255 0.359245 0.359226 0.359197 0.359199 0.359194 0.359192 0.359194 0.359193 0.359191 0.359215 0.359234 0.359247 0.359252 0.359260 0.000000 0.000000
0.000000 0.000000 0.361975 0.361971 0.361969 0.361962 0.361935 0.361911 0.361914 0.361911 0.361907 0.361911 0.361913 0.361910 0.361928 0.361949 0.361962 0.361964 0.361969 0.000000 0.000000
0.000000 0.000000 0.364742 0.364740 0.364740 0.364721 0.364703 0.364676 0.364682 0.364670 0.364670 0.364672 0.364668 0.364674 0.364689 0.364702 0.364716 0.364724 0.364735 0.000000 0.000000
0.000000 0.000000 0.367637 0.367630 0.367624 0.367611 0.367595 0.367563 0.367565 0.367557 0.367566 0.367559 0.367559 0.367561 0.367588 0.367600 0.367610 0.367614 0.367644 0.000000 0.000000
0.000000 0.000000 0.370591 0.370585 0.370584 0.370569 0.370555 0.370493 0.370493 0.370487 0.370474 0.370482 0.370486 0.370490 0.370534 0.370545 0.370567 0.370569 0.370590 0.000000 0.000000
0.000000 0.000000 0.373777 0.373773 0.373766 0.373757 0.373699 0.373682 0.373668 0.373668 0.373663 0.373665 0.373665 0.373663 0.373669 0.373726 0.373745 0.373760 0.373782 0.000000 0.000000
0.000000 0.000000 0.377260 0.377257 0.377244 0.377185 0.377166 0.377130 0.377106 0.377103 0.377091 0.377085 0.377092 0.377085 0.377110 0.377139 0.377226 0.377219 0.377232 0.000000 0.000000
0.000000 0.000000 0.380934 0.380928 0.380854 0.380838 0.380832 0.380809 0.380822 0.380812 0.380818 0.380810 0.380801 0.380815 0.380828 0.380837 0.380835 0.380932 0.380935 0.000000 0.000000
0.000000 0.000000 0.385092 0.384990 0.384951 0.384920 0.384872 0.384846 0.384839 0.384837 0.384815 0.384812 0.384819 0.384816 0.384843 0.384879 0.384936 0.384966 0.385068 0.000000 0.000000
0.000000 0.000000 0.388198 0.388194 0.388283 0.388257 0.388215 0.388119 0.388116 0.388095 0.388106 0.388101 0.388107 0.388108 0.388196 0.388224 0.388292 0.388199 0.388209 0.000000 0.000000
0.000000 0.000000 0.350000 0.350000 0.350000 0.350000 0.350000 0.350000 0.350000 0.350000 0.350000 0.350000 0.350000 0.350000 0.350000 0.350000 0.350000 0.350000 0.350000 0.000000 0.000000
0.000000 0.000000 0.000000 0.000000 0.000000 0.000000 0.000000 0.000000 0.000000 0.000000 0.000000 0.000000 0.000000 0.000000 0.000000 0.000000 0.000000 0.000000 0.000000 0.000000 0.000000