geotop/1.0zi/1.0Montebello/Templates/testdem/maps/_Eocsand8624.asc
ncols         21
nrows         20
xllcorner     100.000000
yllcorner     100.000000
cellsize      50.000000
NODATA_value  -9999.0
0.000000 0.000000 0.000000 0.000000 0.000000 0.000000 0.000000 0.000000 0.000000 0.000000 0.000000 0.000000 0.000000 0.000000 0.000000 0.000000 0.000000 0.000000 0.000000 0.000000 0.000000
0.000000 0.000000 0.300217 0.300215 0.300215 0.300215 0.300214 0.300214 0.300214 0.300214 0.300215 0.300214 0.300215 0.300215 0.300214 0.300215 0.300216 0.300216 0.300216 0.000000 0.000000
0.000000 0.000000 0.300011 0.300013 0.300012 0.300011 0.300012 0.300013 0.300012 0.300012 0.300012 0.300012 0.300012 0.300012 0.300012 0.300012 0.300013 0.300013 0.300014 0.000000 0.000000
0.000000 0.000000 0.299893 0.299892 0.299898 0.299907 0.299903 0.299910 0.299905 0.299907 0.299907 0.299907 0.299907 0.299909 0.299903 0.299898 0.299896 0.299892 0.299893 0.000000 0.000000
0.000000 0.000000 0.297833 0.297834 0.297848 0.297866 0.297892 0.297900 0.297904 0.297906 0.297907 0.297903 0.297901 0.297900 0.297879 0.297872 0.297859 0.297847 0.297835 0.000000 0.000000
0.000000 0.000000 0.291756 0.291762 0.291789 0.291840 0.291879 0.291925 0.291925 0.291938 0.291928 0.291928 0.291919 0.291922 0.291896 0.291863 0.291833 0.291813 0.291800 0.000000 0.000000
0.000000 0.000000 0.283253 0.283267 0.283287 0.283343 0.283415 0.283493 0.283493 0.283502 0.283500 0.283498 0.283500 0.283495 0.283426 0.283367 0.283331 0.283303 0.283287 0.000000 0.000000
0.000000 0.000000 0.273185 0.273196 0.273211 0.273276 0.273342 0.273429 0.273428 0.273440 0.273441 0.273445 0.273450 0.273433 0.273359 0.273303 0.273246 0.273231 0.273204 0.000000 0.000000
0.000000 0.000000 0.262334 0.262358 0.262389 0.262432 0.262508 0.262600 0.262594 0.262614 0.262619 0.262622 0.262618 0.262621 0.262529 0.262456 0.262412 0.262390 0.262367 0.000000 0.000000
0.000000 0.000000 0.250737 0.250764 0.250782 0.250824 0.250932 0.251015 0.251015 0.251025 0.251039 0.251028 0.251017 0.251021 0.250944 0.250857 0.250804 0.250786 0.250770 0.000000 0.000000
0.000000 0.000000 0.237990 0.238007 0.238026 0.238126 0.238197 0.238304 0.238276 0.238337 0.238323 0.238329 0.238348 0.238312 0.238235 0.238184 0.238113 0.238078 0.238029 0.000000 0.000000
0.000000 0.000000 0.223660 0.223707 0.223751 0.223806 0.223901 0.224024 0.224037 0.224046 0.224018 0.224064 0.224043 0.224042 0.223905 0.223832 0.223788 0.223760 0.223645 0.000000 0.000000
0.000000 0.000000 0.207968 0.208016 0.208021 0.208123 0.208196 0.208551 0.208558 0.208574 0.208675 0.208614 0.208599 0.208566 0.208291 0.208225 0.208086 0.208077 0.208023 0.000000 0.000000
0.000000 0.000000 0.189254 0.189268 0.189346 0.189412 0.189882 0.189815 0.189908 0.189907 0.189866 0.189904 0.189912 0.189947 0.190008 0.189515 0.189455 0.189326 0.189240 0.000000 0.000000
0.000000 0.000000 0.167000 0.167052 0.167148 0.167758 0.167664 0.167975 0.168101 0.168132 0.168241 0.168305 0.168236 0.168247 0.167940 0.168009 0.167204 0.167345 0.167340 0.000000 0.000000
0.000000 0.000000 0.142880 0.142924 0.143795 0.143495 0.143587 0.143633 0.143287 0.143390 0.143201 0.143253 0.143402 0.143188 0.143200 0.143135 0.143871 0.142582 0.142600 0.000000 0.000000
0.000000 0.000000 0.113920 0.115216 0.114850 0.115384 0.116034 0.116230 0.116624 0.116531 0.116938 0.116891 0.116653 0.116898 0.116552 0.116073 0.114894 0.115742 0.114394 0.000000 0.000000
0.000000 0.000000 0.105164 0.103987 0.103002 0.102991 0.102916 0.103887 0.103701 0.103991 0.103500 0.103596 0.103678 0.103511 0.102708 0.102764 0.102817 0.103553 0.104715 0.000000 0.000000
0.000000 0.000000 0.300000 0.300000 0.300000 0.300000 0.300000 0.300000 0.300000 0.300000 0.300000 0.300000 0.300000 0.300000 0.300000 0.300000 0.300000 0.300000 0.300000 0.000000 0.000000
0.000000 0.000000 0.000000 0.000000 0.000000 0.000000 0.000000 0.000000 0.000000 0.000000 0.000000 0.000000 0.000000 0.000000 0.000000 0.000000 0.000000 0.000000 0.000000 0.000000 0.000000