geotop/1.0zi/1.0Montebello/Templates/testdem/maps/_Eocsilt2737.asc
ncols         21
nrows         20
xllcorner     100.000000
yllcorner     100.000000
cellsize      50.000000
NODATA_value  -9999.0
0.000000 0.000000 0.000000 0.000000 0.000000 0.000000 0.000000 0.000000 0.000000 0.000000 0.000000 0.000000 0.000000 0.000000 0.000000 0.000000 0.000000 0.000000 0.000000 0.000000 0.000000
0.000000 0.000000 0.350066 0.350066 0.350066 0.350066 0.350066 0.350066 0.350066 0.350066 0.350066 0.350066 0.350066 0.350066 0.350066 0.350066 0.350066 0.350066 0.350066 0.000000 0.000000
0.000000 0.000000 0.349998 0.349998 0.349998 0.349999 0.349999 0.349998 0.349998 0.349998 0.349999 0.349998 0.349998 0.349998 0.349999 0.349999 0.349998 0.349998 0.349998 0.000000 0.000000
0.000000 0.000000 0.350916 0.350915 0.350913 0.350914 0.350916 0.350916 0.350916 0.350916 0.350916 0.350916 0.350916 0.350916 0.350916 0.350914 0.350913 0.350915 0.350916 0.000000 0.000000
0.000000 0.000000 0.354546 0.354546 0.354544 0.354544 0.354547 0.354546 0.354546 0.354547 0.354547 0.354547 0.354546 0.354546 0.354547 0.354544 0.354544 0.354546 0.354546 0.000000 0.000000
0.000000 0.000000 0.359232 0.359232 0.359230 0.359231 0.359233 0.359232 0.359232 0.359233 0.359233 0.359233 0.359232 0.359232 0.359233 0.359231 0.359230 0.359232 0.359232 0.000000 0.000000
0.000000 0.000000 0.363519 0.363519 0.363518 0.363518 0.363520 0.363519 0.363519 0.363520 0.363520 0.363520 0.363519 0.363519 0.363520 0.363518 0.363518 0.363519 0.363519 0.000000 0.000000
0.000000 0.000000 0.367421 0.367421 0.367419 0.367420 0.367421 0.367421 0.367421 0.367421 0.367422 0.367421 0.367421 0.367421 0.367421 0.367420 0.367419 0.367421 0.367421 0.000000 0.000000
0.000000 0.000000 0.371045 0.371044 0.371043 0.371043 0.371045 0.371044 0.371044 0.371045 0.371045 0.371045 0.371044 0.371044 0.371045 0.371043 0.371043 0.371044 0.371045 0.000000 0.000000
0.000000 0.000000 0.374475 0.374474 0.374473 0.374474 0.374475 0.374474 0.374474 0.374475 0.374475 0.374475 0.374474 0.374474 0.374475 0.374474 0.374473 0.374474 0.374475 0.000000 0.000000
0.000000 0.000000 0.377754 0.377753 0.377752 0.377753 0.377754 0.377753 0.377753 0.377754 0.377754 0.377754 0.377753 0.377753 0.377754 0.377753 0.377752 0.377753 0.377754 0.000000 0.000000
0.000000 0.000000 0.380913 0.380913 0.380912 0.380912 0.380913 0.380913 0.380913 0.380914 0.380914 0.380914 0.380913 0.380913 0.380913 0.380912 0.380912 0.380913 0.380913 0.000000 0.000000
0.000000 0.000000 0.383976 0.383976 0.383975 0.383975 0.383976 0.383976 0.383976 0.383977 0.383977 0.383977 0.383976 0.383976 0.383976 0.383975 0.383975 0.383976 0.383976 0.000000 0.000000
0.000000 0.000000 0.386959 0.386959 0.386958 0.386958 0.386959 0.386959 0.386959 0.386960 0.386960 0.386960 0.386959 0.386959 0.386959 0.386958 0.386958 0.386959 0.386959 0.000000 0.000000
0.000000 0.000000 0.389870 0.389869 0.389868 0.389869 0.389870 0.389869 0.389869 0.389870 0.389870 0.389870 0.389869 0.389869 0.389870 0.389869 0.389868 0.389869 0.389870 0.000000 0.000000
0.000000 0.000000 0.392715 0.392714 0.392713 0.392714 0.392715 0.392714 0.392714 0.392715 0.392715 0.392715 0.392714 0.392714 0.392715 0.392714 0.392713 0.392714 0.392715 0.000000 0.000000
0.000000 0.000000 0.395499 0.395499 0.395497 0.395498 0.395499 0.395499 0.395499 0.395499 0.395499 0.395499 0.395499 0.395499 0.395499 0.395498 0.395497 0.395499 0.395499 0.000000 0.000000
0.000000 0.000000 0.398263 0.398263 0.398262 0.398262 0.398263 0.398263 0.398263 0.398263 0.398264 0.398263 0.398263 0.398263 0.398263 0.398262 0.398262 0.398263 0.398263 0.000000 0.000000
0.000000 0.000000 0.350000 0.350000 0.350000 0.350000 0.350000 0.350000 0.350000 0.350000 0.350000 0.350000 0.350000 0.350000 0.350000 0.350000 0.350000 0.350000 0.350000 0.000000 0.000000
0.000000 0.000000 0.000000 0.000000 0.000000 0.000000 0.000000 0.000000 0.000000 0.000000 0.000000 0.000000 0.000000 0.000000 0.000000 0.000000 0.000000 0.000000 0.000000 0.000000 0.000000