geotop/1.0zi/1.0Montebello/Templates/testdem/maps/_Eocsand8023.asc
ncols         21
nrows         20
xllcorner     100.000000
yllcorner     100.000000
cellsize      50.000000
NODATA_value  -9999.0
0.000000 0.000000 0.000000 0.000000 0.000000 0.000000 0.000000 0.000000 0.000000 0.000000 0.000000 0.000000 0.000000 0.000000 0.000000 0.000000 0.000000 0.000000 0.000000 0.000000 0.000000
0.000000 0.000000 0.300205 0.300203 0.300203 0.300203 0.300202 0.300202 0.300202 0.300202 0.300203 0.300202 0.300203 0.300203 0.300202 0.300203 0.300204 0.300204 0.300204 0.000000 0.000000
0.000000 0.000000 0.300011 0.300012 0.300011 0.300010 0.300011 0.300012 0.300011 0.300011 0.300012 0.300012 0.300011 0.300011 0.300011 0.300011 0.300012 0.300013 0.300013 0.000000 0.000000
0.000000 0.000000 0.299894 0.299893 0.299898 0.299906 0.299901 0.299909 0.299904 0.299906 0.299906 0.299906 0.299906 0.299908 0.299903 0.299898 0.299896 0.299893 0.299893 0.000000 0.000000
0.000000 0.000000 0.297978 0.297976 0.297984 0.298000 0.298023 0.298032 0.298039 0.298037 0.298041 0.298040 0.298044 0.298038 0.298014 0.298007 0.297996 0.297984 0.297975 0.000000 0.000000
0.000000 0.000000 0.292463 0.292464 0.292487 0.292533 0.292567 0.292614 0.292614 0.292628 0.292620 0.292621 0.292616 0.292616 0.292593 0.292559 0.292531 0.292509 0.292498 0.000000 0.000000
0.000000 0.000000 0.284741 0.284749 0.284770 0.284821 0.284885 0.284958 0.284959 0.284969 0.284966 0.284968 0.284971 0.284964 0.284901 0.284844 0.284809 0.284781 0.284766 0.000000 0.000000
0.000000 0.000000 0.275607 0.275612 0.275627 0.275685 0.275747 0.275828 0.275829 0.275838 0.275840 0.275846 0.275850 0.275835 0.275766 0.275711 0.275658 0.275643 0.275619 0.000000 0.000000
0.000000 0.000000 0.265866 0.265882 0.265912 0.265950 0.266016 0.266103 0.266099 0.266118 0.266123 0.266127 0.266125 0.266127 0.266042 0.265973 0.265931 0.265911 0.265891 0.000000 0.000000
0.000000 0.000000 0.255595 0.255614 0.255630 0.255668 0.255763 0.255842 0.255841 0.255851 0.255864 0.255858 0.255846 0.255851 0.255779 0.255700 0.255651 0.255635 0.255620 0.000000 0.000000
0.000000 0.000000 0.244466 0.244479 0.244499 0.244579 0.244646 0.244738 0.244719 0.244769 0.244762 0.244765 0.244783 0.244750 0.244685 0.244635 0.244572 0.244539 0.244499 0.000000 0.000000
0.000000 0.000000 0.232148 0.232182 0.232221 0.232273 0.232349 0.232464 0.232472 0.232486 0.232459 0.232500 0.232488 0.232481 0.232362 0.232301 0.232258 0.232235 0.232132 0.000000 0.000000
0.000000 0.000000 0.218864 0.218897 0.218913 0.218988 0.219054 0.219352 0.219356 0.219374 0.219452 0.219412 0.219395 0.219367 0.219141 0.219079 0.218965 0.218953 0.218902 0.000000 0.000000
0.000000 0.000000 0.203349 0.203360 0.203423 0.203476 0.203846 0.203825 0.203901 0.203901 0.203880 0.203902 0.203912 0.203928 0.203957 0.203574 0.203509 0.203409 0.203337 0.000000 0.000000
0.000000 0.000000 0.185115 0.185149 0.185227 0.185692 0.185666 0.185896 0.186003 0.186029 0.186107 0.186163 0.186112 0.186123 0.185899 0.185897 0.185283 0.185374 0.185361 0.000000 0.000000
0.000000 0.000000 0.165113 0.165145 0.165816 0.165654 0.165702 0.165775 0.165531 0.165611 0.165484 0.165535 0.165642 0.165475 0.165452 0.165416 0.165876 0.164921 0.164936 0.000000 0.000000
0.000000 0.000000 0.140263 0.141321 0.141135 0.141524 0.142057 0.142212 0.142488 0.142425 0.142733 0.142709 0.142535 0.142702 0.142437 0.142044 0.141175 0.141704 0.140609 0.000000 0.000000
0.000000 0.000000 0.130587 0.129630 0.128714 0.128722 0.128697 0.129575 0.129441 0.129695 0.129292 0.129376 0.129432 0.129297 0.128560 0.128579 0.128547 0.129280 0.130216 0.000000 0.000000
0.000000 0.000000 0.300000 0.300000 0.300000 0.300000 0.300000 0.300000 0.300000 0.300000 0.300000 0.300000 0.300000 0.300000 0.300000 0.300000 0.300000 0.300000 0.300000 0.000000 0.000000
0.000000 0.000000 0.000000 0.000000 0.000000 0.000000 0.000000 0.000000 0.000000 0.000000 0.000000 0.000000 0.000000 0.000000 0.000000 0.000000 0.000000 0.000000 0.000000 0.000000 0.000000