geotop/1.0zi/1.0Montebello/Templates/testdem/maps/_Eocsilt2814.asc
ncols         21
nrows         20
xllcorner     100.000000
yllcorner     100.000000
cellsize      50.000000
NODATA_value  -9999.0
0.000000 0.000000 0.000000 0.000000 0.000000 0.000000 0.000000 0.000000 0.000000 0.000000 0.000000 0.000000 0.000000 0.000000 0.000000 0.000000 0.000000 0.000000 0.000000 0.000000 0.000000
0.000000 0.000000 0.350072 0.350072 0.350072 0.350072 0.350072 0.350072 0.350072 0.350072 0.350072 0.350072 0.350072 0.350072 0.350072 0.350072 0.350072 0.350072 0.350072 0.000000 0.000000
0.000000 0.000000 0.349998 0.349998 0.349998 0.349998 0.349998 0.349998 0.349998 0.349998 0.349999 0.349998 0.349998 0.349998 0.349998 0.349998 0.349998 0.349998 0.349998 0.000000 0.000000
0.000000 0.000000 0.351025 0.351024 0.351022 0.351023 0.351025 0.351025 0.351025 0.351025 0.351025 0.351025 0.351025 0.351025 0.351025 0.351023 0.351022 0.351024 0.351025 0.000000 0.000000
0.000000 0.000000 0.354885 0.354884 0.354883 0.354883 0.354885 0.354884 0.354885 0.354886 0.354886 0.354886 0.354885 0.354884 0.354885 0.354883 0.354883 0.354884 0.354885 0.000000 0.000000
0.000000 0.000000 0.359762 0.359761 0.359760 0.359760 0.359762 0.359761 0.359762 0.359763 0.359763 0.359763 0.359762 0.359761 0.359762 0.359760 0.359760 0.359761 0.359762 0.000000 0.000000
0.000000 0.000000 0.364204 0.364204 0.364202 0.364203 0.364205 0.364204 0.364204 0.364205 0.364205 0.364205 0.364204 0.364204 0.364205 0.364203 0.364202 0.364204 0.364204 0.000000 0.000000
0.000000 0.000000 0.368237 0.368236 0.368235 0.368236 0.368237 0.368237 0.368237 0.368237 0.368238 0.368237 0.368237 0.368237 0.368237 0.368236 0.368235 0.368236 0.368237 0.000000 0.000000
0.000000 0.000000 0.371975 0.371975 0.371974 0.371974 0.371975 0.371975 0.371975 0.371976 0.371976 0.371976 0.371975 0.371975 0.371975 0.371974 0.371974 0.371975 0.371975 0.000000 0.000000
0.000000 0.000000 0.375508 0.375508 0.375507 0.375507 0.375509 0.375508 0.375508 0.375509 0.375509 0.375509 0.375508 0.375508 0.375509 0.375507 0.375507 0.375508 0.375508 0.000000 0.000000
0.000000 0.000000 0.378879 0.378878 0.378877 0.378878 0.378879 0.378878 0.378878 0.378879 0.378879 0.378879 0.378878 0.378878 0.378879 0.378878 0.378877 0.378878 0.378879 0.000000 0.000000
0.000000 0.000000 0.382119 0.382119 0.382118 0.382118 0.382119 0.382119 0.382119 0.382120 0.382120 0.382120 0.382119 0.382119 0.382119 0.382118 0.382118 0.382119 0.382119 0.000000 0.000000
0.000000 0.000000 0.385254 0.385254 0.385253 0.385253 0.385255 0.385254 0.385254 0.385255 0.385255 0.385255 0.385254 0.385254 0.385255 0.385253 0.385253 0.385254 0.385254 0.000000 0.000000
0.000000 0.000000 0.388306 0.388306 0.388305 0.388305 0.388306 0.388306 0.388306 0.388306 0.388307 0.388306 0.388306 0.388306 0.388306 0.388305 0.388305 0.388306 0.388306 0.000000 0.000000
0.000000 0.000000 0.391282 0.391282 0.391281 0.391281 0.391282 0.391282 0.391282 0.391282 0.391283 0.391282 0.391282 0.391282 0.391282 0.391281 0.391281 0.391282 0.391282 0.000000 0.000000
0.000000 0.000000 0.394188 0.394188 0.394187 0.394187 0.394188 0.394188 0.394188 0.394188 0.394189 0.394188 0.394188 0.394188 0.394188 0.394187 0.394187 0.394188 0.394188 0.000000 0.000000
0.000000 0.000000 0.397029 0.397029 0.397028 0.397028 0.397029 0.397029 0.397029 0.397029 0.397030 0.397029 0.397029 0.397029 0.397029 0.397028 0.397028 0.397029 0.397029 0.000000 0.000000
0.000000 0.000000 0.399857 0.399857 0.399856 0.399856 0.399857 0.399857 0.399857 0.399857 0.399858 0.399857 0.399857 0.399857 0.399857 0.399856 0.399856 0.399857 0.399857 0.000000 0.000000
0.000000 0.000000 0.350000 0.350000 0.350000 0.350000 0.350000 0.350000 0.350000 0.350000 0.350000 0.350000 0.350000 0.350000 0.350000 0.350000 0.350000 0.350000 0.350000 0.000000 0.000000
0.000000 0.000000 0.000000 0.000000 0.000000 0.000000 0.000000 0.000000 0.000000 0.000000 0.000000 0.000000 0.000000 0.000000 0.000000 0.000000 0.000000 0.000000 0.000000 0.000000 0.000000