geotop/1.0zi/1.0Montebello/Templates/testdem/maps/_Eocsand6865.asc
ncols         21
nrows         20
xllcorner     100.000000
yllcorner     100.000000
cellsize      50.000000
NODATA_value  -9999.0
0.000000 0.000000 0.000000 0.000000 0.000000 0.000000 0.000000 0.000000 0.000000 0.000000 0.000000 0.000000 0.000000 0.000000 0.000000 0.000000 0.000000 0.000000 0.000000 0.000000 0.000000
0.000000 0.000000 0.300170 0.300168 0.300168 0.300169 0.300168 0.300168 0.300168 0.300168 0.300169 0.300168 0.300168 0.300168 0.300168 0.300168 0.300169 0.300170 0.300169 0.000000 0.000000
0.000000 0.000000 0.300009 0.300010 0.300010 0.300009 0.300010 0.300010 0.300010 0.300010 0.300010 0.300010 0.300009 0.300010 0.300010 0.300010 0.300010 0.300011 0.300012 0.000000 0.000000
0.000000 0.000000 0.299963 0.299962 0.299966 0.299971 0.299969 0.299971 0.299967 0.299970 0.299967 0.299970 0.299970 0.299970 0.299969 0.299964 0.299963 0.299960 0.299960 0.000000 0.000000
0.000000 0.000000 0.298614 0.298609 0.298616 0.298626 0.298643 0.298652 0.298654 0.298654 0.298656 0.298653 0.298656 0.298653 0.298635 0.298631 0.298628 0.298619 0.298607 0.000000 0.000000
0.000000 0.000000 0.294561 0.294561 0.294579 0.294617 0.294640 0.294679 0.294678 0.294689 0.294681 0.294679 0.294676 0.294678 0.294662 0.294636 0.294616 0.294599 0.294586 0.000000 0.000000
0.000000 0.000000 0.288607 0.288612 0.288628 0.288670 0.288721 0.288779 0.288779 0.288787 0.288783 0.288782 0.288785 0.288781 0.288734 0.288686 0.288661 0.288639 0.288623 0.000000 0.000000
0.000000 0.000000 0.281468 0.281470 0.281480 0.281527 0.281576 0.281640 0.281639 0.281647 0.281647 0.281650 0.281654 0.281643 0.281591 0.281545 0.281505 0.281494 0.281470 0.000000 0.000000
0.000000 0.000000 0.273995 0.274006 0.274030 0.274058 0.274109 0.274177 0.274173 0.274188 0.274192 0.274193 0.274192 0.274195 0.274130 0.274073 0.274042 0.274029 0.274008 0.000000 0.000000
0.000000 0.000000 0.266317 0.266330 0.266342 0.266368 0.266440 0.266501 0.266498 0.266507 0.266516 0.266509 0.266499 0.266506 0.266452 0.266389 0.266353 0.266344 0.266328 0.000000 0.000000
0.000000 0.000000 0.258236 0.258245 0.258257 0.258313 0.258361 0.258431 0.258416 0.258453 0.258449 0.258447 0.258459 0.258437 0.258392 0.258352 0.258308 0.258286 0.258252 0.000000 0.000000
0.000000 0.000000 0.249570 0.249591 0.249616 0.249656 0.249705 0.249790 0.249790 0.249807 0.249786 0.249810 0.249806 0.249799 0.249717 0.249675 0.249644 0.249630 0.249548 0.000000 0.000000
0.000000 0.000000 0.240488 0.240511 0.240524 0.240570 0.240614 0.240806 0.240808 0.240823 0.240867 0.240844 0.240830 0.240815 0.240670 0.240626 0.240555 0.240549 0.240496 0.000000 0.000000
0.000000 0.000000 0.230338 0.230348 0.230383 0.230418 0.230626 0.230653 0.230698 0.230700 0.230701 0.230703 0.230706 0.230713 0.230706 0.230485 0.230435 0.230379 0.230320 0.000000 0.000000
0.000000 0.000000 0.218843 0.218860 0.218909 0.219148 0.219186 0.219303 0.219377 0.219390 0.219429 0.219458 0.219431 0.219444 0.219338 0.219273 0.218950 0.218985 0.218957 0.000000 0.000000
0.000000 0.000000 0.206403 0.206421 0.206753 0.206756 0.206769 0.206833 0.206740 0.206784 0.206736 0.206770 0.206813 0.206737 0.206703 0.206680 0.206788 0.206354 0.206350 0.000000 0.000000
0.000000 0.000000 0.191493 0.191980 0.192039 0.192184 0.192423 0.192510 0.192584 0.192575 0.192692 0.192692 0.192632 0.192677 0.192555 0.192372 0.192063 0.192108 0.191607 0.000000 0.000000
0.000000 0.000000 0.182261 0.182047 0.181584 0.181663 0.181754 0.182191 0.182179 0.182287 0.182164 0.182196 0.182187 0.182157 0.181766 0.181691 0.181505 0.181950 0.182139 0.000000 0.000000
0.000000 0.000000 0.300000 0.300000 0.300000 0.300000 0.300000 0.300000 0.300000 0.300000 0.300000 0.300000 0.300000 0.300000 0.300000 0.300000 0.300000 0.300000 0.300000 0.000000 0.000000
0.000000 0.000000 0.000000 0.000000 0.000000 0.000000 0.000000 0.000000 0.000000 0.000000 0.000000 0.000000 0.000000 0.000000 0.000000 0.000000 0.000000 0.000000 0.000000 0.000000 0.000000