geotop/1.0zi/1.0Montebello/Templates/testdem/maps/_Eocclay5442.asc
ncols         21
nrows         20
xllcorner     100.000000
yllcorner     100.000000
cellsize      50.000000
NODATA_value  -9999.0
0.000000 0.000000 0.000000 0.000000 0.000000 0.000000 0.000000 0.000000 0.000000 0.000000 0.000000 0.000000 0.000000 0.000000 0.000000 0.000000 0.000000 0.000000 0.000000 0.000000 0.000000
0.000000 0.000000 0.349755 0.349756 0.349756 0.349756 0.349756 0.349756 0.349756 0.349756 0.349756 0.349756 0.349756 0.349756 0.349756 0.349756 0.349755 0.349755 0.349755 0.000000 0.000000
0.000000 0.000000 0.349990 0.349990 0.349990 0.349990 0.349989 0.349990 0.349990 0.349990 0.349989 0.349989 0.349990 0.349990 0.349990 0.349990 0.349990 0.349990 0.349990 0.000000 0.000000
0.000000 0.000000 0.349987 0.349989 0.349987 0.349988 0.349990 0.349989 0.349990 0.349988 0.349989 0.349988 0.349988 0.349987 0.349990 0.349991 0.349989 0.349990 0.349989 0.000000 0.000000
0.000000 0.000000 0.350388 0.350388 0.350389 0.350384 0.350374 0.350370 0.350371 0.350374 0.350372 0.350373 0.350368 0.350368 0.350372 0.350371 0.350376 0.350377 0.350380 0.000000 0.000000
0.000000 0.000000 0.351838 0.351840 0.351835 0.351817 0.351812 0.351796 0.351796 0.351792 0.351795 0.351795 0.351799 0.351799 0.351801 0.351812 0.351817 0.351828 0.351832 0.000000 0.000000
0.000000 0.000000 0.353994 0.353993 0.353991 0.353976 0.353957 0.353931 0.353931 0.353928 0.353929 0.353932 0.353932 0.353930 0.353947 0.353966 0.353975 0.353983 0.353989 0.000000 0.000000
0.000000 0.000000 0.356634 0.356634 0.356633 0.356615 0.356596 0.356569 0.356569 0.356567 0.356567 0.356567 0.356565 0.356569 0.356588 0.356604 0.356618 0.356623 0.356631 0.000000 0.000000
0.000000 0.000000 0.359297 0.359295 0.359290 0.359280 0.359262 0.359235 0.359237 0.359232 0.359229 0.359231 0.359231 0.359228 0.359251 0.359270 0.359282 0.359285 0.359291 0.000000 0.000000
0.000000 0.000000 0.361984 0.361979 0.361978 0.361971 0.361944 0.361920 0.361922 0.361919 0.361915 0.361919 0.361922 0.361918 0.361937 0.361959 0.361972 0.361973 0.361978 0.000000 0.000000
0.000000 0.000000 0.364759 0.364757 0.364757 0.364739 0.364721 0.364693 0.364699 0.364687 0.364687 0.364689 0.364685 0.364692 0.364706 0.364719 0.364733 0.364741 0.364752 0.000000 0.000000
0.000000 0.000000 0.367654 0.367648 0.367642 0.367629 0.367613 0.367581 0.367583 0.367575 0.367583 0.367576 0.367576 0.367578 0.367605 0.367617 0.367627 0.367631 0.367660 0.000000 0.000000
0.000000 0.000000 0.370615 0.370609 0.370608 0.370593 0.370579 0.370516 0.370516 0.370511 0.370498 0.370505 0.370510 0.370514 0.370558 0.370570 0.370592 0.370594 0.370615 0.000000 0.000000
0.000000 0.000000 0.373806 0.373803 0.373796 0.373787 0.373728 0.373711 0.373697 0.373696 0.373691 0.373694 0.373694 0.373692 0.373699 0.373756 0.373776 0.373791 0.373812 0.000000 0.000000
0.000000 0.000000 0.377301 0.377298 0.377285 0.377226 0.377206 0.377171 0.377146 0.377142 0.377130 0.377126 0.377132 0.377126 0.377151 0.377180 0.377267 0.377260 0.377273 0.000000 0.000000
0.000000 0.000000 0.380977 0.380972 0.380898 0.380882 0.380876 0.380852 0.380866 0.380857 0.380862 0.380853 0.380845 0.380859 0.380871 0.380881 0.380880 0.380976 0.380978 0.000000 0.000000
0.000000 0.000000 0.385141 0.385040 0.384999 0.384969 0.384921 0.384895 0.384888 0.384886 0.384864 0.384861 0.384868 0.384865 0.384892 0.384928 0.384986 0.385016 0.385117 0.000000 0.000000
0.000000 0.000000 0.388261 0.388257 0.388345 0.388318 0.388277 0.388180 0.388177 0.388156 0.388167 0.388162 0.388168 0.388169 0.388257 0.388286 0.388354 0.388262 0.388273 0.000000 0.000000
0.000000 0.000000 0.350000 0.350000 0.350000 0.350000 0.350000 0.350000 0.350000 0.350000 0.350000 0.350000 0.350000 0.350000 0.350000 0.350000 0.350000 0.350000 0.350000 0.000000 0.000000
0.000000 0.000000 0.000000 0.000000 0.000000 0.000000 0.000000 0.000000 0.000000 0.000000 0.000000 0.000000 0.000000 0.000000 0.000000 0.000000 0.000000 0.000000 0.000000 0.000000 0.000000