geotop/1.0zi/1.0Montebello/Templates/testdem/maps/_Eocsand3976.asc
ncols         21
nrows         20
xllcorner     100.000000
yllcorner     100.000000
cellsize      50.000000
NODATA_value  -9999.0
0.000000 0.000000 0.000000 0.000000 0.000000 0.000000 0.000000 0.000000 0.000000 0.000000 0.000000 0.000000 0.000000 0.000000 0.000000 0.000000 0.000000 0.000000 0.000000 0.000000 0.000000
0.000000 0.000000 0.300101 0.300101 0.300101 0.300100 0.300101 0.300101 0.300101 0.300101 0.300101 0.300101 0.300101 0.300101 0.300101 0.300101 0.300101 0.300101 0.300101 0.000000 0.000000
0.000000 0.000000 0.300005 0.300004 0.300004 0.300004 0.300004 0.300003 0.300003 0.300004 0.300004 0.300004 0.300003 0.300003 0.300004 0.300004 0.300006 0.300006 0.300005 0.000000 0.000000
0.000000 0.000000 0.299974 0.299973 0.299976 0.299979 0.299977 0.299979 0.299977 0.299977 0.299977 0.299979 0.299978 0.299980 0.299976 0.299973 0.299973 0.299972 0.299974 0.000000 0.000000
0.000000 0.000000 0.299290 0.299285 0.299289 0.299289 0.299297 0.299303 0.299304 0.299308 0.299307 0.299305 0.299305 0.299305 0.299298 0.299299 0.299300 0.299295 0.299290 0.000000 0.000000
0.000000 0.000000 0.297100 0.297098 0.297105 0.297118 0.297128 0.297150 0.297151 0.297161 0.297153 0.297150 0.297147 0.297146 0.297144 0.297133 0.297126 0.297122 0.297117 0.000000 0.000000
0.000000 0.000000 0.293862 0.293864 0.293870 0.293892 0.293917 0.293950 0.293948 0.293955 0.293948 0.293951 0.293953 0.293950 0.293923 0.293895 0.293885 0.293880 0.293870 0.000000 0.000000
0.000000 0.000000 0.290142 0.290145 0.290155 0.290183 0.290210 0.290243 0.290240 0.290246 0.290244 0.290247 0.290251 0.290251 0.290213 0.290183 0.290167 0.290164 0.290154 0.000000 0.000000
0.000000 0.000000 0.286415 0.286421 0.286436 0.286456 0.286483 0.286522 0.286520 0.286527 0.286525 0.286525 0.286529 0.286526 0.286491 0.286457 0.286445 0.286440 0.286426 0.000000 0.000000
0.000000 0.000000 0.282715 0.282721 0.282733 0.282756 0.282789 0.282824 0.282818 0.282824 0.282823 0.282823 0.282828 0.282828 0.282788 0.282754 0.282742 0.282738 0.282728 0.000000 0.000000
0.000000 0.000000 0.278985 0.278991 0.279004 0.279022 0.279047 0.279089 0.279085 0.279094 0.279093 0.279092 0.279097 0.279095 0.279061 0.279036 0.279020 0.279015 0.279002 0.000000 0.000000
0.000000 0.000000 0.275148 0.275154 0.275169 0.275196 0.275223 0.275264 0.275264 0.275270 0.275268 0.275271 0.275273 0.275273 0.275228 0.275198 0.275184 0.275180 0.275137 0.000000 0.000000
0.000000 0.000000 0.271282 0.271289 0.271305 0.271326 0.271359 0.271439 0.271438 0.271446 0.271445 0.271446 0.271451 0.271447 0.271372 0.271336 0.271322 0.271317 0.271291 0.000000 0.000000
0.000000 0.000000 0.267218 0.267231 0.267245 0.267267 0.267349 0.267373 0.267385 0.267392 0.267389 0.267391 0.267396 0.267392 0.267361 0.267281 0.267266 0.267252 0.267236 0.000000 0.000000
0.000000 0.000000 0.262868 0.262878 0.262908 0.262979 0.263022 0.263071 0.263097 0.263106 0.263116 0.263119 0.263116 0.263121 0.263076 0.263017 0.262935 0.262940 0.262928 0.000000 0.000000
0.000000 0.000000 0.258408 0.258419 0.258507 0.258527 0.258554 0.258581 0.258586 0.258590 0.258585 0.258588 0.258600 0.258582 0.258562 0.258535 0.258533 0.258450 0.258428 0.000000 0.000000
0.000000 0.000000 0.253494 0.253596 0.253677 0.253711 0.253770 0.253800 0.253807 0.253812 0.253822 0.253823 0.253823 0.253827 0.253800 0.253734 0.253697 0.253651 0.253548 0.000000 0.000000
0.000000 0.000000 0.249600 0.249630 0.249576 0.249621 0.249676 0.249777 0.249788 0.249799 0.249795 0.249798 0.249804 0.249794 0.249697 0.249637 0.249576 0.249667 0.249619 0.000000 0.000000
0.000000 0.000000 0.300000 0.300000 0.300000 0.300000 0.300000 0.300000 0.300000 0.300000 0.300000 0.300000 0.300000 0.300000 0.300000 0.300000 0.300000 0.300000 0.300000 0.000000 0.000000
0.000000 0.000000 0.000000 0.000000 0.000000 0.000000 0.000000 0.000000 0.000000 0.000000 0.000000 0.000000 0.000000 0.000000 0.000000 0.000000 0.000000 0.000000 0.000000 0.000000 0.000000