geotop/1.0zi/1.0Montebello/Templates/testdem/maps/_Eocclay4918.asc
ncols         21
nrows         20
xllcorner     100.000000
yllcorner     100.000000
cellsize      50.000000
NODATA_value  -9999.0
0.000000 0.000000 0.000000 0.000000 0.000000 0.000000 0.000000 0.000000 0.000000 0.000000 0.000000 0.000000 0.000000 0.000000 0.000000 0.000000 0.000000 0.000000 0.000000 0.000000 0.000000
0.000000 0.000000 0.349779 0.349780 0.349780 0.349780 0.349781 0.349780 0.349780 0.349780 0.349780 0.349780 0.349780 0.349780 0.349780 0.349780 0.349780 0.349780 0.349780 0.000000 0.000000
0.000000 0.000000 0.349992 0.349992 0.349992 0.349992 0.349991 0.349992 0.349992 0.349992 0.349991 0.349991 0.349992 0.349992 0.349992 0.349992 0.349992 0.349992 0.349992 0.000000 0.000000
0.000000 0.000000 0.349987 0.349989 0.349987 0.349988 0.349990 0.349990 0.349990 0.349988 0.349989 0.349988 0.349988 0.349987 0.349990 0.349991 0.349989 0.349990 0.349989 0.000000 0.000000
0.000000 0.000000 0.350383 0.350381 0.350381 0.350376 0.350367 0.350365 0.350366 0.350367 0.350365 0.350367 0.350363 0.350365 0.350369 0.350368 0.350372 0.350374 0.350377 0.000000 0.000000
0.000000 0.000000 0.351758 0.351761 0.351755 0.351739 0.351735 0.351721 0.351720 0.351716 0.351720 0.351719 0.351723 0.351724 0.351726 0.351736 0.351741 0.351749 0.351754 0.000000 0.000000
0.000000 0.000000 0.353762 0.353759 0.353755 0.353741 0.353725 0.353703 0.353703 0.353699 0.353701 0.353701 0.353703 0.353704 0.353719 0.353738 0.353746 0.353754 0.353760 0.000000 0.000000
0.000000 0.000000 0.356119 0.356117 0.356115 0.356098 0.356080 0.356058 0.356059 0.356056 0.356057 0.356056 0.356055 0.356057 0.356077 0.356094 0.356103 0.356108 0.356116 0.000000 0.000000
0.000000 0.000000 0.358490 0.358486 0.358481 0.358469 0.358453 0.358430 0.358432 0.358428 0.358428 0.358429 0.358427 0.358430 0.358447 0.358467 0.358474 0.358479 0.358487 0.000000 0.000000
0.000000 0.000000 0.360880 0.360875 0.360872 0.360859 0.360839 0.360818 0.360821 0.360818 0.360818 0.360818 0.360816 0.360816 0.360837 0.360857 0.360865 0.360870 0.360876 0.000000 0.000000
0.000000 0.000000 0.363328 0.363323 0.363319 0.363310 0.363294 0.363269 0.363271 0.363266 0.363266 0.363267 0.363265 0.363266 0.363284 0.363298 0.363309 0.363314 0.363322 0.000000 0.000000
0.000000 0.000000 0.365870 0.365866 0.365860 0.365845 0.365828 0.365804 0.365804 0.365801 0.365801 0.365800 0.365799 0.365799 0.365822 0.365840 0.365849 0.365854 0.365879 0.000000 0.000000
0.000000 0.000000 0.368461 0.368456 0.368450 0.368439 0.368419 0.368366 0.368367 0.368363 0.368362 0.368363 0.368360 0.368362 0.368408 0.368429 0.368439 0.368444 0.368459 0.000000 0.000000
0.000000 0.000000 0.371226 0.371217 0.371212 0.371200 0.371144 0.371131 0.371123 0.371120 0.371120 0.371120 0.371117 0.371118 0.371133 0.371187 0.371198 0.371209 0.371218 0.000000 0.000000
0.000000 0.000000 0.374228 0.374221 0.374206 0.374156 0.374130 0.374097 0.374080 0.374075 0.374067 0.374067 0.374070 0.374066 0.374092 0.374128 0.374188 0.374186 0.374194 0.000000 0.000000
0.000000 0.000000 0.377345 0.377337 0.377276 0.377267 0.377249 0.377233 0.377233 0.377233 0.377236 0.377234 0.377226 0.377239 0.377247 0.377261 0.377259 0.377327 0.377343 0.000000 0.000000
0.000000 0.000000 0.380849 0.380766 0.380719 0.380694 0.380650 0.380627 0.380622 0.380619 0.380610 0.380610 0.380612 0.380606 0.380624 0.380673 0.380705 0.380734 0.380816 0.000000 0.000000
0.000000 0.000000 0.383526 0.383514 0.383570 0.383540 0.383504 0.383422 0.383415 0.383408 0.383412 0.383411 0.383406 0.383414 0.383489 0.383527 0.383571 0.383501 0.383526 0.000000 0.000000
0.000000 0.000000 0.350000 0.350000 0.350000 0.350000 0.350000 0.350000 0.350000 0.350000 0.350000 0.350000 0.350000 0.350000 0.350000 0.350000 0.350000 0.350000 0.350000 0.000000 0.000000
0.000000 0.000000 0.000000 0.000000 0.000000 0.000000 0.000000 0.000000 0.000000 0.000000 0.000000 0.000000 0.000000 0.000000 0.000000 0.000000 0.000000 0.000000 0.000000 0.000000 0.000000