geotop/1.0zi/1.0Montebello/Templates/testdem/maps/_Eocclay3399.asc
ncols         21
nrows         20
xllcorner     100.000000
yllcorner     100.000000
cellsize      50.000000
NODATA_value  -9999.0
0.000000 0.000000 0.000000 0.000000 0.000000 0.000000 0.000000 0.000000 0.000000 0.000000 0.000000 0.000000 0.000000 0.000000 0.000000 0.000000 0.000000 0.000000 0.000000 0.000000 0.000000
0.000000 0.000000 0.349818 0.349818 0.349818 0.349818 0.349818 0.349818 0.349818 0.349818 0.349817 0.349818 0.349818 0.349818 0.349818 0.349818 0.349818 0.349818 0.349818 0.000000 0.000000
0.000000 0.000000 0.349996 0.349996 0.349995 0.349996 0.349996 0.349996 0.349996 0.349996 0.349996 0.349996 0.349996 0.349996 0.349996 0.349996 0.349995 0.349996 0.349996 0.000000 0.000000
0.000000 0.000000 0.351302 0.351301 0.351299 0.351300 0.351301 0.351301 0.351301 0.351301 0.351302 0.351301 0.351301 0.351301 0.351301 0.351300 0.351299 0.351301 0.351302 0.000000 0.000000
0.000000 0.000000 0.356579 0.356578 0.356576 0.356576 0.356580 0.356579 0.356579 0.356580 0.356581 0.356580 0.356579 0.356579 0.356580 0.356576 0.356576 0.356578 0.356579 0.000000 0.000000
0.000000 0.000000 0.362394 0.362394 0.362392 0.362392 0.362395 0.362394 0.362394 0.362395 0.362395 0.362395 0.362394 0.362394 0.362395 0.362392 0.362392 0.362394 0.362394 0.000000 0.000000
0.000000 0.000000 0.367836 0.367835 0.367834 0.367834 0.367836 0.367835 0.367835 0.367836 0.367837 0.367836 0.367835 0.367835 0.367836 0.367834 0.367834 0.367835 0.367836 0.000000 0.000000
0.000000 0.000000 0.372784 0.372784 0.372782 0.372783 0.372784 0.372784 0.372784 0.372784 0.372785 0.372784 0.372784 0.372784 0.372784 0.372783 0.372782 0.372784 0.372784 0.000000 0.000000
0.000000 0.000000 0.377355 0.377355 0.377354 0.377354 0.377356 0.377355 0.377355 0.377355 0.377356 0.377355 0.377355 0.377355 0.377356 0.377354 0.377354 0.377355 0.377355 0.000000 0.000000
0.000000 0.000000 0.381655 0.381655 0.381654 0.381654 0.381656 0.381655 0.381655 0.381655 0.381656 0.381655 0.381655 0.381655 0.381656 0.381654 0.381654 0.381655 0.381655 0.000000 0.000000
0.000000 0.000000 0.385739 0.385739 0.385737 0.385738 0.385739 0.385739 0.385739 0.385739 0.385740 0.385739 0.385739 0.385739 0.385739 0.385738 0.385737 0.385739 0.385739 0.000000 0.000000
0.000000 0.000000 0.389645 0.389645 0.389644 0.389644 0.389646 0.389645 0.389645 0.389646 0.389646 0.389646 0.389645 0.389645 0.389646 0.389644 0.389644 0.389645 0.389645 0.000000 0.000000
0.000000 0.000000 0.393404 0.393404 0.393403 0.393403 0.393404 0.393404 0.393404 0.393404 0.393405 0.393404 0.393404 0.393404 0.393404 0.393403 0.393403 0.393404 0.393404 0.000000 0.000000
0.000000 0.000000 0.397044 0.397044 0.397043 0.397043 0.397045 0.397044 0.397044 0.397045 0.397045 0.397045 0.397044 0.397044 0.397045 0.397043 0.397043 0.397044 0.397044 0.000000 0.000000
0.000000 0.000000 0.400576 0.400576 0.400575 0.400576 0.400577 0.400576 0.400576 0.400577 0.400577 0.400577 0.400576 0.400576 0.400577 0.400576 0.400575 0.400576 0.400576 0.000000 0.000000
0.000000 0.000000 0.404006 0.404006 0.404005 0.404005 0.404006 0.404006 0.404006 0.404006 0.404007 0.404006 0.404006 0.404006 0.404006 0.404005 0.404005 0.404006 0.404006 0.000000 0.000000
0.000000 0.000000 0.407345 0.407344 0.407343 0.407344 0.407345 0.407344 0.407344 0.407345 0.407345 0.407345 0.407344 0.407344 0.407345 0.407344 0.407343 0.407344 0.407345 0.000000 0.000000
0.000000 0.000000 0.410655 0.410655 0.410654 0.410655 0.410656 0.410655 0.410655 0.410656 0.410656 0.410656 0.410655 0.410655 0.410656 0.410655 0.410654 0.410655 0.410656 0.000000 0.000000
0.000000 0.000000 0.350000 0.350000 0.350000 0.350000 0.350000 0.350000 0.350000 0.350000 0.350000 0.350000 0.350000 0.350000 0.350000 0.350000 0.350000 0.350000 0.350000 0.000000 0.000000
0.000000 0.000000 0.000000 0.000000 0.000000 0.000000 0.000000 0.000000 0.000000 0.000000 0.000000 0.000000 0.000000 0.000000 0.000000 0.000000 0.000000 0.000000 0.000000 0.000000 0.000000