geotop/1.0zi/1.0Montebello/Templates/testdem/maps/_Eocclay5153.asc
ncols         21
nrows         20
xllcorner     100.000000
yllcorner     100.000000
cellsize      50.000000
NODATA_value  -9999.0
0.000000 0.000000 0.000000 0.000000 0.000000 0.000000 0.000000 0.000000 0.000000 0.000000 0.000000 0.000000 0.000000 0.000000 0.000000 0.000000 0.000000 0.000000 0.000000 0.000000 0.000000
0.000000 0.000000 0.349771 0.349771 0.349772 0.349772 0.349772 0.349772 0.349771 0.349772 0.349772 0.349772 0.349772 0.349771 0.349772 0.349772 0.349771 0.349771 0.349771 0.000000 0.000000
0.000000 0.000000 0.349991 0.349991 0.349991 0.349991 0.349991 0.349991 0.349991 0.349991 0.349990 0.349990 0.349991 0.349991 0.349991 0.349991 0.349991 0.349991 0.349991 0.000000 0.000000
0.000000 0.000000 0.349988 0.349990 0.349988 0.349989 0.349991 0.349991 0.349991 0.349989 0.349990 0.349989 0.349989 0.349988 0.349991 0.349992 0.349990 0.349991 0.349990 0.000000 0.000000
0.000000 0.000000 0.350380 0.350378 0.350378 0.350373 0.350365 0.350363 0.350364 0.350364 0.350362 0.350364 0.350361 0.350362 0.350366 0.350365 0.350370 0.350371 0.350374 0.000000 0.000000
0.000000 0.000000 0.351770 0.351773 0.351768 0.351752 0.351746 0.351733 0.351731 0.351727 0.351731 0.351731 0.351734 0.351735 0.351737 0.351747 0.351752 0.351762 0.351767 0.000000 0.000000
0.000000 0.000000 0.353825 0.353823 0.353820 0.353805 0.353788 0.353766 0.353765 0.353761 0.353763 0.353764 0.353766 0.353766 0.353781 0.353800 0.353809 0.353817 0.353825 0.000000 0.000000
0.000000 0.000000 0.356307 0.356305 0.356303 0.356286 0.356268 0.356244 0.356245 0.356242 0.356242 0.356243 0.356241 0.356243 0.356263 0.356280 0.356290 0.356297 0.356305 0.000000 0.000000
0.000000 0.000000 0.358810 0.358808 0.358804 0.358791 0.358773 0.358750 0.358751 0.358747 0.358747 0.358749 0.358747 0.358749 0.358766 0.358786 0.358795 0.358800 0.358810 0.000000 0.000000
0.000000 0.000000 0.361334 0.361331 0.361329 0.361319 0.361297 0.361274 0.361276 0.361274 0.361273 0.361274 0.361273 0.361272 0.361294 0.361313 0.361319 0.361326 0.361333 0.000000 0.000000
0.000000 0.000000 0.363932 0.363929 0.363927 0.363912 0.363895 0.363869 0.363871 0.363866 0.363865 0.363867 0.363865 0.363866 0.363883 0.363899 0.363913 0.363919 0.363928 0.000000 0.000000
0.000000 0.000000 0.366632 0.366630 0.366626 0.366610 0.366593 0.366567 0.366566 0.366563 0.366563 0.366562 0.366561 0.366561 0.366584 0.366602 0.366611 0.366617 0.366644 0.000000 0.000000
0.000000 0.000000 0.369386 0.369382 0.369378 0.369365 0.369344 0.369288 0.369288 0.369284 0.369283 0.369284 0.369282 0.369283 0.369331 0.369352 0.369363 0.369370 0.369386 0.000000 0.000000
0.000000 0.000000 0.372341 0.372333 0.372330 0.372317 0.372258 0.372243 0.372234 0.372231 0.372231 0.372231 0.372229 0.372229 0.372243 0.372300 0.372312 0.372325 0.372335 0.000000 0.000000
0.000000 0.000000 0.375555 0.375550 0.375536 0.375482 0.375455 0.375420 0.375402 0.375397 0.375388 0.375389 0.375392 0.375387 0.375413 0.375448 0.375515 0.375513 0.375523 0.000000 0.000000
0.000000 0.000000 0.378911 0.378905 0.378841 0.378825 0.378808 0.378789 0.378789 0.378789 0.378792 0.378792 0.378784 0.378797 0.378805 0.378818 0.378820 0.378897 0.378914 0.000000 0.000000
0.000000 0.000000 0.382695 0.382606 0.382558 0.382531 0.382482 0.382456 0.382450 0.382447 0.382436 0.382437 0.382440 0.382432 0.382452 0.382504 0.382542 0.382572 0.382664 0.000000 0.000000
0.000000 0.000000 0.385563 0.385556 0.385624 0.385592 0.385555 0.385465 0.385457 0.385449 0.385454 0.385453 0.385449 0.385457 0.385537 0.385575 0.385621 0.385543 0.385569 0.000000 0.000000
0.000000 0.000000 0.350000 0.350000 0.350000 0.350000 0.350000 0.350000 0.350000 0.350000 0.350000 0.350000 0.350000 0.350000 0.350000 0.350000 0.350000 0.350000 0.350000 0.000000 0.000000
0.000000 0.000000 0.000000 0.000000 0.000000 0.000000 0.000000 0.000000 0.000000 0.000000 0.000000 0.000000 0.000000 0.000000 0.000000 0.000000 0.000000 0.000000 0.000000 0.000000 0.000000