geotop/1.0zi/1.0Montebello/Templates/testdem/maps/_Eocclay6497.asc
ncols         21
nrows         20
xllcorner     100.000000
yllcorner     100.000000
cellsize      50.000000
NODATA_value  -9999.0
0.000000 0.000000 0.000000 0.000000 0.000000 0.000000 0.000000 0.000000 0.000000 0.000000 0.000000 0.000000 0.000000 0.000000 0.000000 0.000000 0.000000 0.000000 0.000000 0.000000 0.000000
0.000000 0.000000 0.349710 0.349711 0.349712 0.349710 0.349712 0.349712 0.349711 0.349711 0.349710 0.349712 0.349712 0.349711 0.349712 0.349712 0.349710 0.349710 0.349711 0.000000 0.000000
0.000000 0.000000 0.349989 0.349988 0.349988 0.349989 0.349988 0.349988 0.349988 0.349988 0.349987 0.349987 0.349988 0.349987 0.349988 0.349988 0.349989 0.349989 0.349987 0.000000 0.000000
0.000000 0.000000 0.349983 0.349987 0.349984 0.349984 0.349986 0.349986 0.349987 0.349984 0.349989 0.349986 0.349986 0.349986 0.349986 0.349988 0.349986 0.349988 0.349987 0.000000 0.000000
0.000000 0.000000 0.350594 0.350594 0.350591 0.350588 0.350574 0.350572 0.350572 0.350574 0.350571 0.350570 0.350566 0.350568 0.350574 0.350573 0.350580 0.350582 0.350589 0.000000 0.000000
0.000000 0.000000 0.352435 0.352436 0.352428 0.352405 0.352398 0.352379 0.352380 0.352374 0.352377 0.352378 0.352382 0.352382 0.352386 0.352401 0.352412 0.352424 0.352429 0.000000 0.000000
0.000000 0.000000 0.355179 0.355178 0.355173 0.355154 0.355130 0.355101 0.355100 0.355095 0.355097 0.355098 0.355099 0.355098 0.355121 0.355145 0.355157 0.355166 0.355174 0.000000 0.000000
0.000000 0.000000 0.358476 0.358477 0.358472 0.358449 0.358425 0.358393 0.358393 0.358390 0.358390 0.358388 0.358388 0.358393 0.358417 0.358438 0.358457 0.358464 0.358475 0.000000 0.000000
0.000000 0.000000 0.361882 0.361879 0.361869 0.361855 0.361832 0.361800 0.361802 0.361796 0.361793 0.361792 0.361793 0.361792 0.361821 0.361845 0.361862 0.361867 0.361877 0.000000 0.000000
0.000000 0.000000 0.365371 0.365366 0.365361 0.365349 0.365315 0.365286 0.365288 0.365284 0.365279 0.365282 0.365288 0.365284 0.365308 0.365337 0.365356 0.365360 0.365367 0.000000 0.000000
0.000000 0.000000 0.369035 0.369033 0.369028 0.369003 0.368980 0.368947 0.368954 0.368938 0.368938 0.368938 0.368935 0.368945 0.368964 0.368982 0.369003 0.369014 0.369029 0.000000 0.000000
0.000000 0.000000 0.372932 0.372926 0.372914 0.372894 0.372872 0.372832 0.372833 0.372825 0.372833 0.372822 0.372825 0.372828 0.372864 0.372883 0.372899 0.372905 0.372943 0.000000 0.000000
0.000000 0.000000 0.376992 0.376983 0.376978 0.376957 0.376936 0.376851 0.376850 0.376843 0.376824 0.376833 0.376840 0.376847 0.376910 0.376928 0.376962 0.376965 0.376991 0.000000 0.000000
0.000000 0.000000 0.381477 0.381473 0.381459 0.381442 0.381353 0.381336 0.381317 0.381316 0.381311 0.381312 0.381311 0.381309 0.381317 0.381408 0.381436 0.381459 0.381486 0.000000 0.000000
0.000000 0.000000 0.386505 0.386501 0.386480 0.386381 0.386357 0.386305 0.386273 0.386267 0.386249 0.386236 0.386251 0.386244 0.386285 0.386320 0.386458 0.386446 0.386462 0.000000 0.000000
0.000000 0.000000 0.391905 0.391899 0.391766 0.391754 0.391746 0.391716 0.391749 0.391732 0.391747 0.391730 0.391716 0.391746 0.391762 0.391773 0.391748 0.391920 0.391922 0.000000 0.000000
0.000000 0.000000 0.398270 0.398083 0.398041 0.397984 0.397890 0.397851 0.397829 0.397830 0.397785 0.397782 0.397805 0.397791 0.397839 0.397910 0.398028 0.398035 0.398231 0.000000 0.000000
0.000000 0.000000 0.402536 0.402589 0.402764 0.402725 0.402673 0.402500 0.402500 0.402459 0.402496 0.402483 0.402493 0.402501 0.402658 0.402696 0.402793 0.402618 0.402577 0.000000 0.000000
0.000000 0.000000 0.350000 0.350000 0.350000 0.350000 0.350000 0.350000 0.350000 0.350000 0.350000 0.350000 0.350000 0.350000 0.350000 0.350000 0.350000 0.350000 0.350000 0.000000 0.000000
0.000000 0.000000 0.000000 0.000000 0.000000 0.000000 0.000000 0.000000 0.000000 0.000000 0.000000 0.000000 0.000000 0.000000 0.000000 0.000000 0.000000 0.000000 0.000000 0.000000 0.000000