geotop/1.0zi/1.0Montebello/Templates/testdem/maps/_Eocsand3047.asc
ncols         21
nrows         20
xllcorner     100.000000
yllcorner     100.000000
cellsize      50.000000
NODATA_value  -9999.0
0.000000 0.000000 0.000000 0.000000 0.000000 0.000000 0.000000 0.000000 0.000000 0.000000 0.000000 0.000000 0.000000 0.000000 0.000000 0.000000 0.000000 0.000000 0.000000 0.000000 0.000000
0.000000 0.000000 0.300086 0.300086 0.300086 0.300086 0.300086 0.300086 0.300086 0.300086 0.300087 0.300086 0.300086 0.300086 0.300086 0.300086 0.300086 0.300086 0.300086 0.000000 0.000000
0.000000 0.000000 0.300009 0.300009 0.300010 0.300009 0.300009 0.300009 0.300009 0.300009 0.300008 0.300009 0.300009 0.300009 0.300009 0.300009 0.300010 0.300009 0.300009 0.000000 0.000000
0.000000 0.000000 0.297588 0.297589 0.297593 0.297591 0.297588 0.297588 0.297589 0.297588 0.297587 0.297588 0.297589 0.297588 0.297588 0.297591 0.297593 0.297589 0.297588 0.000000 0.000000
0.000000 0.000000 0.288430 0.288431 0.288435 0.288435 0.288429 0.288431 0.288430 0.288428 0.288427 0.288428 0.288430 0.288431 0.288429 0.288435 0.288435 0.288431 0.288430 0.000000 0.000000
0.000000 0.000000 0.277762 0.277763 0.277766 0.277766 0.277761 0.277762 0.277762 0.277760 0.277759 0.277760 0.277762 0.277762 0.277761 0.277766 0.277766 0.277763 0.277762 0.000000 0.000000
0.000000 0.000000 0.267938 0.267939 0.267942 0.267941 0.267937 0.267939 0.267939 0.267937 0.267936 0.267937 0.267939 0.267939 0.267937 0.267941 0.267942 0.267939 0.267938 0.000000 0.000000
0.000000 0.000000 0.259021 0.259022 0.259024 0.259024 0.259020 0.259021 0.259021 0.259020 0.259019 0.259020 0.259021 0.259021 0.259020 0.259024 0.259024 0.259022 0.259021 0.000000 0.000000
0.000000 0.000000 0.250773 0.250773 0.250776 0.250775 0.250772 0.250773 0.250773 0.250772 0.250771 0.250772 0.250773 0.250773 0.250772 0.250775 0.250776 0.250773 0.250773 0.000000 0.000000
0.000000 0.000000 0.242997 0.242998 0.243001 0.243000 0.242997 0.242998 0.242998 0.242997 0.242996 0.242997 0.242998 0.242998 0.242997 0.243000 0.243001 0.242998 0.242997 0.000000 0.000000
0.000000 0.000000 0.235602 0.235602 0.235605 0.235604 0.235601 0.235602 0.235602 0.235601 0.235600 0.235601 0.235602 0.235602 0.235601 0.235604 0.235605 0.235602 0.235602 0.000000 0.000000
0.000000 0.000000 0.228513 0.228514 0.228516 0.228515 0.228513 0.228514 0.228514 0.228512 0.228512 0.228512 0.228514 0.228514 0.228513 0.228515 0.228516 0.228514 0.228513 0.000000 0.000000
0.000000 0.000000 0.221676 0.221677 0.221679 0.221678 0.221676 0.221677 0.221677 0.221676 0.221675 0.221676 0.221677 0.221677 0.221676 0.221678 0.221679 0.221677 0.221676 0.000000 0.000000
0.000000 0.000000 0.215037 0.215037 0.215039 0.215039 0.215036 0.215037 0.215037 0.215036 0.215035 0.215036 0.215037 0.215037 0.215036 0.215039 0.215039 0.215037 0.215037 0.000000 0.000000
0.000000 0.000000 0.208583 0.208583 0.208585 0.208584 0.208582 0.208583 0.208583 0.208582 0.208581 0.208582 0.208583 0.208583 0.208582 0.208584 0.208585 0.208583 0.208583 0.000000 0.000000
0.000000 0.000000 0.202300 0.202301 0.202303 0.202302 0.202300 0.202301 0.202301 0.202300 0.202299 0.202300 0.202301 0.202301 0.202300 0.202302 0.202303 0.202301 0.202300 0.000000 0.000000
0.000000 0.000000 0.196172 0.196172 0.196175 0.196174 0.196172 0.196172 0.196172 0.196171 0.196170 0.196171 0.196172 0.196172 0.196172 0.196174 0.196175 0.196172 0.196172 0.000000 0.000000
0.000000 0.000000 0.190063 0.190063 0.190065 0.190064 0.190062 0.190063 0.190063 0.190061 0.190061 0.190061 0.190063 0.190063 0.190062 0.190064 0.190065 0.190063 0.190062 0.000000 0.000000
0.000000 0.000000 0.300000 0.300000 0.300000 0.300000 0.300000 0.300000 0.300000 0.300000 0.300000 0.300000 0.300000 0.300000 0.300000 0.300000 0.300000 0.300000 0.300000 0.000000 0.000000
0.000000 0.000000 0.000000 0.000000 0.000000 0.000000 0.000000 0.000000 0.000000 0.000000 0.000000 0.000000 0.000000 0.000000 0.000000 0.000000 0.000000 0.000000 0.000000 0.000000 0.000000