geotop/1.0zi/1.0Montebello/Templates/testdem/maps/_Eocsand139`.asc
ncols         21
nrows         20
xllcorner     100.000000
yllcorner     100.000000
cellsize      50.000000
NODATA_value  -9999.0
0.000000 0.000000 0.000000 0.000000 0.000000 0.000000 0.000000 0.000000 0.000000 0.000000 0.000000 0.000000 0.000000 0.000000 0.000000 0.000000 0.000000 0.000000 0.000000 0.000000 0.000000
0.000000 0.000000 0.300293 0.300290 0.300290 0.300291 0.300290 0.300290 0.300290 0.300290 0.300291 0.300290 0.300290 0.300291 0.300290 0.300290 0.300291 0.300291 0.300291 0.000000 0.000000
0.000000 0.000000 0.300011 0.300013 0.300014 0.300011 0.300013 0.300014 0.300013 0.300013 0.300013 0.300012 0.300012 0.300013 0.300012 0.300013 0.300014 0.300014 0.300013 0.000000 0.000000
0.000000 0.000000 0.299626 0.299616 0.299631 0.299639 0.299634 0.299645 0.299642 0.299641 0.299645 0.299643 0.299643 0.299638 0.299640 0.299632 0.299628 0.299624 0.299624 0.000000 0.000000
0.000000 0.000000 0.295645 0.295655 0.295672 0.295706 0.295742 0.295756 0.295760 0.295763 0.295771 0.295760 0.295754 0.295759 0.295734 0.295716 0.295697 0.295679 0.295665 0.000000 0.000000
0.000000 0.000000 0.285717 0.285730 0.285776 0.285853 0.285927 0.285993 0.285994 0.286007 0.286016 0.286013 0.286000 0.286008 0.285973 0.285904 0.285872 0.285840 0.285828 0.000000 0.000000
0.000000 0.000000 0.272151 0.272176 0.272220 0.272311 0.272406 0.272549 0.272556 0.272567 0.272585 0.272583 0.272586 0.272582 0.272475 0.272391 0.272340 0.272296 0.272282 0.000000 0.000000
0.000000 0.000000 0.255735 0.255765 0.255811 0.255935 0.256041 0.256178 0.256191 0.256206 0.256228 0.256231 0.256238 0.256220 0.256121 0.256025 0.255941 0.255916 0.255886 0.000000 0.000000
0.000000 0.000000 0.236945 0.236991 0.237066 0.237164 0.237289 0.237461 0.237466 0.237495 0.237523 0.237528 0.237524 0.237535 0.237387 0.237266 0.237199 0.237161 0.237135 0.000000 0.000000
0.000000 0.000000 0.215035 0.215110 0.215181 0.215287 0.215437 0.215620 0.215646 0.215661 0.215709 0.215694 0.215667 0.215678 0.215562 0.215400 0.215313 0.215269 0.215261 0.000000 0.000000
0.000000 0.000000 0.188545 0.188617 0.188678 0.188948 0.189008 0.189275 0.189234 0.189364 0.189356 0.189379 0.189431 0.189357 0.189215 0.189114 0.188983 0.188927 0.188816 0.000000 0.000000
0.000000 0.000000 0.155980 0.156139 0.156330 0.156422 0.156561 0.156913 0.156974 0.156944 0.156933 0.157039 0.156981 0.157021 0.156729 0.156535 0.156482 0.156425 0.156209 0.000000 0.000000
0.000000 0.000000 0.120152 0.120282 0.120294 0.120570 0.120733 0.121674 0.121735 0.121796 0.122185 0.121910 0.121924 0.121833 0.121174 0.121042 0.120681 0.120633 0.120690 0.000000 0.000000
0.000000 0.000000 0.083666 0.083683 0.083953 0.084048 0.085018 0.084444 0.084673 0.084662 0.084450 0.084659 0.084686 0.084824 0.085305 0.084209 0.084256 0.084001 0.083870 0.000000 0.000000
0.000000 0.000000 0.059783 0.059833 0.059939 0.060455 0.060321 0.060604 0.060687 0.060721 0.060835 0.060880 0.060824 0.060831 0.060579 0.060719 0.060058 0.060189 0.060211 0.000000 0.000000
0.000000 0.000000 0.045242 0.045281 0.045490 0.045684 0.045607 0.045765 0.045734 0.045771 0.045795 0.045823 0.045826 0.045788 0.045669 0.045746 0.045574 0.045408 0.045429 0.000000 0.000000
0.000000 0.000000 0.035126 0.035201 0.035358 0.035459 0.035443 0.035540 0.035510 0.035532 0.035549 0.035564 0.035568 0.035543 0.035473 0.035498 0.035421 0.035277 0.035240 0.000000 0.000000
0.000000 0.000000 0.028189 0.028221 0.028339 0.028372 0.028366 0.028438 0.028396 0.028417 0.028408 0.028421 0.028434 0.028406 0.028358 0.028374 0.028386 0.028247 0.028238 0.000000 0.000000
0.000000 0.000000 0.300000 0.300000 0.300000 0.300000 0.300000 0.300000 0.300000 0.300000 0.300000 0.300000 0.300000 0.300000 0.300000 0.300000 0.300000 0.300000 0.300000 0.000000 0.000000
0.000000 0.000000 0.000000 0.000000 0.000000 0.000000 0.000000 0.000000 0.000000 0.000000 0.000000 0.000000 0.000000 0.000000 0.000000 0.000000 0.000000 0.000000 0.000000 0.000000 0.000000