geotop/1.0zi/1.0Montebello/Templates/testdem/maps/_Eocsand9868.asc
ncols         21
nrows         20
xllcorner     100.000000
yllcorner     100.000000
cellsize      50.000000
NODATA_value  -9999.0
0.000000 0.000000 0.000000 0.000000 0.000000 0.000000 0.000000 0.000000 0.000000 0.000000 0.000000 0.000000 0.000000 0.000000 0.000000 0.000000 0.000000 0.000000 0.000000 0.000000 0.000000
0.000000 0.000000 0.300242 0.300240 0.300240 0.300241 0.300240 0.300239 0.300240 0.300240 0.300241 0.300240 0.300240 0.300240 0.300240 0.300240 0.300241 0.300240 0.300240 0.000000 0.000000
0.000000 0.000000 0.300011 0.300013 0.300013 0.300011 0.300012 0.300013 0.300012 0.300012 0.300013 0.300012 0.300012 0.300012 0.300012 0.300012 0.300013 0.300014 0.300014 0.000000 0.000000
0.000000 0.000000 0.299810 0.299808 0.299817 0.299825 0.299824 0.299830 0.299822 0.299824 0.299824 0.299823 0.299821 0.299823 0.299818 0.299811 0.299808 0.299805 0.299807 0.000000 0.000000
0.000000 0.000000 0.297020 0.297020 0.297037 0.297069 0.297097 0.297107 0.297107 0.297107 0.297111 0.297104 0.297098 0.297098 0.297075 0.297060 0.297046 0.297037 0.297024 0.000000 0.000000
0.000000 0.000000 0.289381 0.289393 0.289431 0.289493 0.289557 0.289615 0.289611 0.289624 0.289623 0.289622 0.289611 0.289616 0.289581 0.289526 0.289499 0.289478 0.289466 0.000000 0.000000
0.000000 0.000000 0.278853 0.278876 0.278907 0.278981 0.279063 0.279174 0.279172 0.279182 0.279191 0.279191 0.279192 0.279188 0.279095 0.279028 0.278986 0.278958 0.278943 0.000000 0.000000
0.000000 0.000000 0.266335 0.266362 0.266394 0.266483 0.266574 0.266676 0.266674 0.266688 0.266699 0.266705 0.266708 0.266692 0.266605 0.266530 0.266463 0.266449 0.266420 0.000000 0.000000
0.000000 0.000000 0.252558 0.252596 0.252646 0.252715 0.252818 0.252940 0.252928 0.252953 0.252970 0.252974 0.252968 0.252974 0.252852 0.252762 0.252710 0.252689 0.252663 0.000000 0.000000
0.000000 0.000000 0.237303 0.237357 0.237397 0.237471 0.237585 0.237713 0.237710 0.237728 0.237755 0.237745 0.237729 0.237736 0.237637 0.237519 0.237458 0.237435 0.237423 0.000000 0.000000
0.000000 0.000000 0.219901 0.219946 0.219985 0.220151 0.220204 0.220377 0.220341 0.220426 0.220419 0.220432 0.220460 0.220414 0.220302 0.220229 0.220143 0.220112 0.220038 0.000000 0.000000
0.000000 0.000000 0.199530 0.199622 0.199725 0.199804 0.199894 0.200112 0.200116 0.200127 0.200103 0.200178 0.200142 0.200155 0.199955 0.199841 0.199795 0.199768 0.199618 0.000000 0.000000
0.000000 0.000000 0.176509 0.176595 0.176620 0.176781 0.176891 0.177468 0.177478 0.177516 0.177721 0.177596 0.177585 0.177536 0.177103 0.177006 0.176794 0.176784 0.176749 0.000000 0.000000
0.000000 0.000000 0.147987 0.148028 0.148214 0.148327 0.149133 0.148844 0.149017 0.149018 0.148910 0.149023 0.149043 0.149129 0.149391 0.148501 0.148471 0.148265 0.148142 0.000000 0.000000
0.000000 0.000000 0.115896 0.115992 0.116150 0.117177 0.116731 0.117382 0.117521 0.117590 0.117826 0.117902 0.117784 0.117778 0.117199 0.117629 0.116288 0.116608 0.116659 0.000000 0.000000
0.000000 0.000000 0.087949 0.088003 0.089069 0.088507 0.088707 0.088658 0.088189 0.088315 0.088063 0.088104 0.088308 0.088057 0.088205 0.088018 0.089230 0.087600 0.087624 0.000000 0.000000
0.000000 0.000000 0.064766 0.065511 0.065348 0.065648 0.066045 0.066195 0.066411 0.066363 0.066602 0.066575 0.066440 0.066578 0.066350 0.066050 0.065415 0.065850 0.065076 0.000000 0.000000
0.000000 0.000000 0.054571 0.054561 0.054162 0.054328 0.054498 0.054887 0.054931 0.055005 0.054958 0.054977 0.054938 0.054951 0.054588 0.054457 0.054150 0.054617 0.054618 0.000000 0.000000
0.000000 0.000000 0.300000 0.300000 0.300000 0.300000 0.300000 0.300000 0.300000 0.300000 0.300000 0.300000 0.300000 0.300000 0.300000 0.300000 0.300000 0.300000 0.300000 0.000000 0.000000
0.000000 0.000000 0.000000 0.000000 0.000000 0.000000 0.000000 0.000000 0.000000 0.000000 0.000000 0.000000 0.000000 0.000000 0.000000 0.000000 0.000000 0.000000 0.000000 0.000000 0.000000