geotop/1.0zi/1.0Montebello/Templates/testdem/maps/_Eocsilt9958.asc
ncols         21
nrows         20
xllcorner     100.000000
yllcorner     100.000000
cellsize      50.000000
NODATA_value  -9999.0
0.000000 0.000000 0.000000 0.000000 0.000000 0.000000 0.000000 0.000000 0.000000 0.000000 0.000000 0.000000 0.000000 0.000000 0.000000 0.000000 0.000000 0.000000 0.000000 0.000000 0.000000
0.000000 0.000000 0.350212 0.350212 0.350212 0.350212 0.350211 0.350211 0.350212 0.350211 0.350212 0.350211 0.350211 0.350211 0.350211 0.350212 0.350212 0.350212 0.350212 0.000000 0.000000
0.000000 0.000000 0.350008 0.350008 0.350008 0.350007 0.350009 0.350008 0.350008 0.350008 0.350009 0.350008 0.350009 0.350009 0.350008 0.350007 0.350006 0.350006 0.350007 0.000000 0.000000
0.000000 0.000000 0.350151 0.350149 0.350142 0.350139 0.350138 0.350132 0.350136 0.350137 0.350134 0.350138 0.350139 0.350138 0.350141 0.350144 0.350149 0.350150 0.350152 0.000000 0.000000
0.000000 0.000000 0.351515 0.351521 0.351511 0.351489 0.351479 0.351472 0.351475 0.351472 0.351472 0.351474 0.351480 0.351478 0.351492 0.351501 0.351504 0.351511 0.351514 0.000000 0.000000
0.000000 0.000000 0.355273 0.355267 0.355251 0.355221 0.355187 0.355160 0.355158 0.355154 0.355152 0.355154 0.355158 0.355155 0.355175 0.355199 0.355211 0.355219 0.355226 0.000000 0.000000
0.000000 0.000000 0.360604 0.360592 0.360574 0.360532 0.360490 0.360435 0.360437 0.360434 0.360428 0.360427 0.360424 0.360428 0.360474 0.360506 0.360528 0.360544 0.360550 0.000000 0.000000
0.000000 0.000000 0.366933 0.366919 0.366903 0.366855 0.366809 0.366759 0.366760 0.366755 0.366747 0.366744 0.366742 0.366749 0.366792 0.366831 0.366865 0.366871 0.366885 0.000000 0.000000
0.000000 0.000000 0.373929 0.373909 0.373882 0.373843 0.373790 0.373728 0.373733 0.373723 0.373712 0.373710 0.373714 0.373710 0.373772 0.373818 0.373845 0.373857 0.373869 0.000000 0.000000
0.000000 0.000000 0.381672 0.381645 0.381623 0.381581 0.381523 0.381458 0.381459 0.381452 0.381436 0.381442 0.381449 0.381446 0.381496 0.381555 0.381586 0.381598 0.381603 0.000000 0.000000
0.000000 0.000000 0.390497 0.390474 0.390454 0.390363 0.390336 0.390249 0.390267 0.390227 0.390226 0.390220 0.390206 0.390229 0.390285 0.390322 0.390366 0.390382 0.390419 0.000000 0.000000
0.000000 0.000000 0.400848 0.400800 0.400746 0.400701 0.400653 0.400543 0.400540 0.400539 0.400547 0.400509 0.400528 0.400521 0.400622 0.400680 0.400703 0.400718 0.400792 0.000000 0.000000
0.000000 0.000000 0.412528 0.412485 0.412471 0.412383 0.412325 0.412032 0.412026 0.412011 0.411901 0.411966 0.411971 0.411996 0.412216 0.412264 0.412372 0.412378 0.412393 0.000000 0.000000
0.000000 0.000000 0.426900 0.426881 0.426782 0.426721 0.426312 0.426465 0.426377 0.426381 0.426436 0.426375 0.426367 0.426320 0.426185 0.426630 0.426643 0.426747 0.426808 0.000000 0.000000
0.000000 0.000000 0.442602 0.442555 0.442482 0.441979 0.442204 0.441886 0.441821 0.441792 0.441669 0.441637 0.441690 0.441697 0.441976 0.441762 0.442408 0.442253 0.442226 0.000000 0.000000
0.000000 0.000000 0.455453 0.455429 0.454972 0.455197 0.455113 0.455130 0.455327 0.455275 0.455377 0.455360 0.455274 0.455380 0.455321 0.455399 0.454896 0.455587 0.455576 0.000000 0.000000
0.000000 0.000000 0.465098 0.464869 0.464853 0.464793 0.464659 0.464636 0.464598 0.464606 0.464546 0.464551 0.464581 0.464554 0.464596 0.464699 0.464823 0.464790 0.465025 0.000000 0.000000
0.000000 0.000000 0.470569 0.470394 0.470511 0.470414 0.470297 0.470212 0.470156 0.470156 0.470110 0.470113 0.470149 0.470116 0.470214 0.470302 0.470497 0.470307 0.470486 0.000000 0.000000
0.000000 0.000000 0.350000 0.350000 0.350000 0.350000 0.350000 0.350000 0.350000 0.350000 0.350000 0.350000 0.350000 0.350000 0.350000 0.350000 0.350000 0.350000 0.350000 0.000000 0.000000
0.000000 0.000000 0.000000 0.000000 0.000000 0.000000 0.000000 0.000000 0.000000 0.000000 0.000000 0.000000 0.000000 0.000000 0.000000 0.000000 0.000000 0.000000 0.000000 0.000000 0.000000