geotop/1.0zi/1.0Montebello/Templates/testdem/maps/_Eocsilt5886.asc
ncols         21
nrows         20
xllcorner     100.000000
yllcorner     100.000000
cellsize      50.000000
NODATA_value  -9999.0
0.000000 0.000000 0.000000 0.000000 0.000000 0.000000 0.000000 0.000000 0.000000 0.000000 0.000000 0.000000 0.000000 0.000000 0.000000 0.000000 0.000000 0.000000 0.000000 0.000000 0.000000
0.000000 0.000000 0.350117 0.350117 0.350118 0.350118 0.350117 0.350118 0.350118 0.350118 0.350118 0.350118 0.350117 0.350118 0.350117 0.350118 0.350118 0.350118 0.350117 0.000000 0.000000
0.000000 0.000000 0.350002 0.350002 0.350002 0.350003 0.350003 0.350003 0.350003 0.350003 0.350003 0.350003 0.350004 0.350003 0.350003 0.350003 0.350001 0.350001 0.350002 0.000000 0.000000
0.000000 0.000000 0.350047 0.350046 0.350045 0.350039 0.350041 0.350039 0.350041 0.350041 0.350040 0.350039 0.350040 0.350039 0.350042 0.350044 0.350046 0.350047 0.350047 0.000000 0.000000
0.000000 0.000000 0.350530 0.350533 0.350532 0.350528 0.350525 0.350520 0.350519 0.350517 0.350515 0.350516 0.350518 0.350519 0.350525 0.350527 0.350526 0.350535 0.350538 0.000000 0.000000
0.000000 0.000000 0.352065 0.352068 0.352062 0.352048 0.352037 0.352020 0.352018 0.352014 0.352018 0.352020 0.352021 0.352018 0.352024 0.352032 0.352041 0.352045 0.352051 0.000000 0.000000
0.000000 0.000000 0.354408 0.354405 0.354399 0.354381 0.354359 0.354336 0.354337 0.354335 0.354337 0.354337 0.354334 0.354338 0.354355 0.354373 0.354381 0.354391 0.354397 0.000000 0.000000
0.000000 0.000000 0.357261 0.357262 0.357261 0.357242 0.357221 0.357195 0.357196 0.357193 0.357193 0.357192 0.357191 0.357194 0.357214 0.357234 0.357250 0.357253 0.357262 0.000000 0.000000
0.000000 0.000000 0.360259 0.360254 0.360246 0.360234 0.360213 0.360184 0.360185 0.360180 0.360177 0.360179 0.360179 0.360177 0.360204 0.360226 0.360240 0.360245 0.360254 0.000000 0.000000
0.000000 0.000000 0.363272 0.363268 0.363264 0.363256 0.363227 0.363201 0.363203 0.363199 0.363195 0.363200 0.363203 0.363200 0.363221 0.363245 0.363259 0.363261 0.363267 0.000000 0.000000
0.000000 0.000000 0.366372 0.366368 0.366367 0.366345 0.366325 0.366297 0.366303 0.366289 0.366290 0.366291 0.366287 0.366294 0.366312 0.366328 0.366343 0.366352 0.366365 0.000000 0.000000
0.000000 0.000000 0.369635 0.369627 0.369618 0.369603 0.369586 0.369551 0.369552 0.369544 0.369553 0.369545 0.369547 0.369549 0.369580 0.369595 0.369606 0.369611 0.369643 0.000000 0.000000
0.000000 0.000000 0.372990 0.372983 0.372980 0.372962 0.372946 0.372876 0.372876 0.372870 0.372855 0.372863 0.372868 0.372873 0.372925 0.372939 0.372964 0.372967 0.372989 0.000000 0.000000
0.000000 0.000000 0.376643 0.376638 0.376628 0.376617 0.376549 0.376532 0.376516 0.376515 0.376511 0.376513 0.376513 0.376510 0.376519 0.376588 0.376609 0.376626 0.376649 0.000000 0.000000
0.000000 0.000000 0.380676 0.380671 0.380655 0.380583 0.380561 0.380520 0.380494 0.380489 0.380476 0.380468 0.380477 0.380471 0.380502 0.380535 0.380637 0.380628 0.380642 0.000000 0.000000
0.000000 0.000000 0.384956 0.384951 0.384856 0.384841 0.384835 0.384809 0.384829 0.384817 0.384826 0.384816 0.384805 0.384824 0.384840 0.384850 0.384839 0.384961 0.384964 0.000000 0.000000
0.000000 0.000000 0.389876 0.389746 0.389704 0.389666 0.389604 0.389573 0.389561 0.389560 0.389531 0.389528 0.389540 0.389534 0.389570 0.389617 0.389692 0.389716 0.389848 0.000000 0.000000
0.000000 0.000000 0.393419 0.393431 0.393546 0.393515 0.393469 0.393348 0.393346 0.393319 0.393338 0.393331 0.393339 0.393342 0.393452 0.393487 0.393564 0.393444 0.393440 0.000000 0.000000
0.000000 0.000000 0.350000 0.350000 0.350000 0.350000 0.350000 0.350000 0.350000 0.350000 0.350000 0.350000 0.350000 0.350000 0.350000 0.350000 0.350000 0.350000 0.350000 0.000000 0.000000
0.000000 0.000000 0.000000 0.000000 0.000000 0.000000 0.000000 0.000000 0.000000 0.000000 0.000000 0.000000 0.000000 0.000000 0.000000 0.000000 0.000000 0.000000 0.000000 0.000000 0.000000