geotop/1.0zi/1.0Montebello/Templates/testdem/maps/_Eocsilt0480.asc
ncols         21
nrows         20
xllcorner     100.000000
yllcorner     100.000000
cellsize      50.000000
NODATA_value  -9999.0
0.000000 0.000000 0.000000 0.000000 0.000000 0.000000 0.000000 0.000000 0.000000 0.000000 0.000000 0.000000 0.000000 0.000000 0.000000 0.000000 0.000000 0.000000 0.000000 0.000000 0.000000
0.000000 0.000000 0.350008 0.350008 0.350008 0.350008 0.350008 0.350008 0.350008 0.350008 0.350008 0.350008 0.350008 0.350008 0.350008 0.350008 0.350008 0.350008 0.350008 0.000000 0.000000
0.000000 0.000000 0.349998 0.349998 0.349998 0.349998 0.349998 0.349998 0.349998 0.349998 0.349998 0.349998 0.349998 0.349998 0.349998 0.349998 0.349998 0.349998 0.349998 0.000000 0.000000
0.000000 0.000000 0.350278 0.350278 0.350275 0.350278 0.350278 0.350278 0.350278 0.350278 0.350278 0.350278 0.350278 0.350278 0.350278 0.350278 0.350275 0.350278 0.350278 0.000000 0.000000
0.000000 0.000000 0.351109 0.351109 0.351107 0.351109 0.351109 0.351109 0.351109 0.351109 0.351109 0.351109 0.351109 0.351109 0.351109 0.351109 0.351107 0.351109 0.351109 0.000000 0.000000
0.000000 0.000000 0.351973 0.351973 0.351971 0.351973 0.351973 0.351973 0.351973 0.351973 0.351973 0.351973 0.351973 0.351973 0.351973 0.351973 0.351971 0.351973 0.351973 0.000000 0.000000
0.000000 0.000000 0.352752 0.352752 0.352750 0.352752 0.352752 0.352752 0.352752 0.352752 0.352752 0.352752 0.352752 0.352752 0.352752 0.352752 0.352750 0.352752 0.352752 0.000000 0.000000
0.000000 0.000000 0.353472 0.353472 0.353471 0.353472 0.353472 0.353472 0.353472 0.353472 0.353472 0.353472 0.353472 0.353472 0.353472 0.353472 0.353471 0.353472 0.353472 0.000000 0.000000
0.000000 0.000000 0.354152 0.354152 0.354151 0.354152 0.354152 0.354152 0.354152 0.354152 0.354152 0.354152 0.354152 0.354152 0.354152 0.354152 0.354151 0.354152 0.354152 0.000000 0.000000
0.000000 0.000000 0.354808 0.354808 0.354806 0.354808 0.354808 0.354808 0.354808 0.354808 0.354808 0.354808 0.354808 0.354808 0.354808 0.354808 0.354806 0.354808 0.354808 0.000000 0.000000
0.000000 0.000000 0.355445 0.355445 0.355444 0.355445 0.355445 0.355445 0.355445 0.355445 0.355445 0.355445 0.355445 0.355445 0.355445 0.355445 0.355444 0.355445 0.355445 0.000000 0.000000
0.000000 0.000000 0.356069 0.356069 0.356068 0.356069 0.356069 0.356070 0.356070 0.356069 0.356069 0.356069 0.356070 0.356070 0.356069 0.356069 0.356068 0.356069 0.356069 0.000000 0.000000
0.000000 0.000000 0.356682 0.356682 0.356681 0.356682 0.356682 0.356682 0.356682 0.356682 0.356682 0.356682 0.356682 0.356682 0.356682 0.356682 0.356681 0.356682 0.356682 0.000000 0.000000
0.000000 0.000000 0.357284 0.357284 0.357283 0.357284 0.357284 0.357284 0.357284 0.357284 0.357284 0.357284 0.357284 0.357284 0.357284 0.357284 0.357283 0.357284 0.357284 0.000000 0.000000
0.000000 0.000000 0.357880 0.357880 0.357879 0.357880 0.357880 0.357880 0.357880 0.357880 0.357880 0.357880 0.357880 0.357880 0.357880 0.357880 0.357879 0.357880 0.357880 0.000000 0.000000
0.000000 0.000000 0.358473 0.358473 0.358472 0.358473 0.358473 0.358473 0.358473 0.358473 0.358473 0.358473 0.358473 0.358473 0.358473 0.358473 0.358472 0.358473 0.358473 0.000000 0.000000
0.000000 0.000000 0.359059 0.359059 0.359058 0.359059 0.359059 0.359059 0.359059 0.359059 0.359059 0.359059 0.359059 0.359059 0.359059 0.359059 0.359058 0.359059 0.359059 0.000000 0.000000
0.000000 0.000000 0.359658 0.359659 0.359657 0.359659 0.359659 0.359659 0.359659 0.359659 0.359659 0.359659 0.359659 0.359659 0.359659 0.359659 0.359657 0.359659 0.359659 0.000000 0.000000
0.000000 0.000000 0.350000 0.350000 0.350000 0.350000 0.350000 0.350000 0.350000 0.350000 0.350000 0.350000 0.350000 0.350000 0.350000 0.350000 0.350000 0.350000 0.350000 0.000000 0.000000
0.000000 0.000000 0.000000 0.000000 0.000000 0.000000 0.000000 0.000000 0.000000 0.000000 0.000000 0.000000 0.000000 0.000000 0.000000 0.000000 0.000000 0.000000 0.000000 0.000000 0.000000