geotop/1.0zi/1.0Montebello/Templates/testdem/maps/_Eocsilt3439.asc
ncols         21
nrows         20
xllcorner     100.000000
yllcorner     100.000000
cellsize      50.000000
NODATA_value  -9999.0
0.000000 0.000000 0.000000 0.000000 0.000000 0.000000 0.000000 0.000000 0.000000 0.000000 0.000000 0.000000 0.000000 0.000000 0.000000 0.000000 0.000000 0.000000 0.000000 0.000000 0.000000
0.000000 0.000000 0.350092 0.350092 0.350092 0.350092 0.350092 0.350092 0.350092 0.350092 0.350091 0.350092 0.350092 0.350092 0.350092 0.350092 0.350092 0.350092 0.350092 0.000000 0.000000
0.000000 0.000000 0.349994 0.349993 0.349994 0.349994 0.349994 0.349994 0.349994 0.349994 0.349994 0.349994 0.349994 0.349994 0.349994 0.349994 0.349994 0.349993 0.349994 0.000000 0.000000
0.000000 0.000000 0.351370 0.351369 0.351367 0.351368 0.351370 0.351370 0.351370 0.351370 0.351370 0.351370 0.351370 0.351370 0.351370 0.351368 0.351367 0.351369 0.351370 0.000000 0.000000
0.000000 0.000000 0.356247 0.356247 0.356245 0.356245 0.356247 0.356247 0.356247 0.356248 0.356248 0.356248 0.356247 0.356247 0.356247 0.356245 0.356245 0.356247 0.356247 0.000000 0.000000
0.000000 0.000000 0.362232 0.362231 0.362230 0.362230 0.362232 0.362231 0.362231 0.362232 0.362233 0.362232 0.362231 0.362231 0.362232 0.362230 0.362230 0.362231 0.362232 0.000000 0.000000
0.000000 0.000000 0.367648 0.367647 0.367646 0.367646 0.367648 0.367647 0.367647 0.367648 0.367649 0.367648 0.367647 0.367647 0.367648 0.367646 0.367646 0.367647 0.367648 0.000000 0.000000
0.000000 0.000000 0.372538 0.372538 0.372537 0.372537 0.372539 0.372538 0.372538 0.372539 0.372539 0.372539 0.372538 0.372538 0.372539 0.372537 0.372537 0.372538 0.372538 0.000000 0.000000
0.000000 0.000000 0.377046 0.377046 0.377045 0.377045 0.377047 0.377046 0.377046 0.377047 0.377047 0.377047 0.377046 0.377046 0.377047 0.377045 0.377045 0.377046 0.377046 0.000000 0.000000
0.000000 0.000000 0.381279 0.381279 0.381277 0.381278 0.381279 0.381279 0.381279 0.381279 0.381280 0.381279 0.381279 0.381279 0.381279 0.381278 0.381277 0.381279 0.381279 0.000000 0.000000
0.000000 0.000000 0.385291 0.385291 0.385290 0.385290 0.385291 0.385291 0.385291 0.385291 0.385292 0.385291 0.385291 0.385291 0.385291 0.385290 0.385290 0.385291 0.385291 0.000000 0.000000
0.000000 0.000000 0.389122 0.389122 0.389121 0.389121 0.389123 0.389122 0.389122 0.389123 0.389123 0.389123 0.389122 0.389122 0.389123 0.389121 0.389121 0.389122 0.389122 0.000000 0.000000
0.000000 0.000000 0.392802 0.392801 0.392800 0.392801 0.392802 0.392801 0.392801 0.392802 0.392802 0.392802 0.392801 0.392801 0.392802 0.392801 0.392800 0.392801 0.392802 0.000000 0.000000
0.000000 0.000000 0.396358 0.396358 0.396357 0.396357 0.396358 0.396358 0.396358 0.396358 0.396359 0.396358 0.396358 0.396358 0.396358 0.396357 0.396357 0.396358 0.396358 0.000000 0.000000
0.000000 0.000000 0.399802 0.399802 0.399801 0.399801 0.399802 0.399802 0.399802 0.399802 0.399803 0.399802 0.399802 0.399802 0.399802 0.399801 0.399801 0.399802 0.399802 0.000000 0.000000
0.000000 0.000000 0.403139 0.403139 0.403138 0.403138 0.403139 0.403139 0.403139 0.403139 0.403140 0.403139 0.403139 0.403139 0.403139 0.403138 0.403138 0.403139 0.403139 0.000000 0.000000
0.000000 0.000000 0.406380 0.406380 0.406379 0.406380 0.406381 0.406380 0.406380 0.406381 0.406381 0.406381 0.406380 0.406380 0.406381 0.406380 0.406379 0.406380 0.406380 0.000000 0.000000
0.000000 0.000000 0.409582 0.409582 0.409581 0.409581 0.409583 0.409582 0.409582 0.409583 0.409583 0.409583 0.409582 0.409582 0.409583 0.409581 0.409581 0.409582 0.409582 0.000000 0.000000
0.000000 0.000000 0.350000 0.350000 0.350000 0.350000 0.350000 0.350000 0.350000 0.350000 0.350000 0.350000 0.350000 0.350000 0.350000 0.350000 0.350000 0.350000 0.350000 0.000000 0.000000
0.000000 0.000000 0.000000 0.000000 0.000000 0.000000 0.000000 0.000000 0.000000 0.000000 0.000000 0.000000 0.000000 0.000000 0.000000 0.000000 0.000000 0.000000 0.000000 0.000000 0.000000