geotop/1.0zi/1.0Montebello/Templates/testdem/maps/_Eocsilt8715.asc
ncols         21
nrows         20
xllcorner     100.000000
yllcorner     100.000000
cellsize      50.000000
NODATA_value  -9999.0
0.000000 0.000000 0.000000 0.000000 0.000000 0.000000 0.000000 0.000000 0.000000 0.000000 0.000000 0.000000 0.000000 0.000000 0.000000 0.000000 0.000000 0.000000 0.000000 0.000000 0.000000
0.000000 0.000000 0.350185 0.350185 0.350185 0.350186 0.350185 0.350185 0.350185 0.350185 0.350185 0.350185 0.350185 0.350185 0.350185 0.350185 0.350186 0.350186 0.350185 0.000000 0.000000
0.000000 0.000000 0.350005 0.350005 0.350005 0.350005 0.350006 0.350005 0.350005 0.350006 0.350006 0.350006 0.350006 0.350006 0.350005 0.350005 0.350003 0.350003 0.350004 0.000000 0.000000
0.000000 0.000000 0.350120 0.350116 0.350112 0.350107 0.350107 0.350103 0.350106 0.350106 0.350103 0.350106 0.350106 0.350105 0.350108 0.350113 0.350117 0.350115 0.350118 0.000000 0.000000
0.000000 0.000000 0.351197 0.351202 0.351190 0.351176 0.351167 0.351163 0.351162 0.351159 0.351160 0.351162 0.351167 0.351165 0.351177 0.351182 0.351186 0.351195 0.351198 0.000000 0.000000
0.000000 0.000000 0.354232 0.354229 0.354219 0.354198 0.354177 0.354157 0.354155 0.354148 0.354154 0.354154 0.354158 0.354155 0.354169 0.354183 0.354197 0.354204 0.354211 0.000000 0.000000
0.000000 0.000000 0.358558 0.358550 0.358538 0.358508 0.358471 0.358434 0.358435 0.358432 0.358433 0.358433 0.358430 0.358435 0.358468 0.358497 0.358516 0.358531 0.358539 0.000000 0.000000
0.000000 0.000000 0.363670 0.363664 0.363657 0.363624 0.363590 0.363550 0.363550 0.363544 0.363544 0.363542 0.363540 0.363547 0.363583 0.363613 0.363642 0.363648 0.363662 0.000000 0.000000
0.000000 0.000000 0.369218 0.369205 0.369188 0.369165 0.369126 0.369081 0.369083 0.369074 0.369072 0.369070 0.369073 0.369070 0.369118 0.369155 0.369178 0.369189 0.369201 0.000000 0.000000
0.000000 0.000000 0.375148 0.375135 0.375125 0.375102 0.375047 0.375007 0.375007 0.375003 0.374996 0.375001 0.375007 0.375005 0.375044 0.375088 0.375115 0.375123 0.375132 0.000000 0.000000
0.000000 0.000000 0.381662 0.381654 0.381643 0.381590 0.381554 0.381503 0.381517 0.381487 0.381494 0.381491 0.381481 0.381499 0.381538 0.381564 0.381601 0.381618 0.381643 0.000000 0.000000
0.000000 0.000000 0.389010 0.388985 0.388961 0.388932 0.388884 0.388824 0.388817 0.388813 0.388828 0.388805 0.388816 0.388816 0.388886 0.388924 0.388946 0.388959 0.389019 0.000000 0.000000
0.000000 0.000000 0.397064 0.397039 0.397036 0.396982 0.396944 0.396764 0.396760 0.396753 0.396700 0.396732 0.396741 0.396757 0.396899 0.396933 0.397005 0.397008 0.397036 0.000000 0.000000
0.000000 0.000000 0.406694 0.406686 0.406644 0.406609 0.406363 0.406408 0.406360 0.406362 0.406386 0.406364 0.406361 0.406340 0.406304 0.406562 0.406591 0.406658 0.406702 0.000000 0.000000
0.000000 0.000000 0.418108 0.418080 0.418030 0.417709 0.417767 0.417606 0.417543 0.417528 0.417470 0.417437 0.417474 0.417469 0.417632 0.417586 0.418007 0.417928 0.417930 0.000000 0.000000
0.000000 0.000000 0.430284 0.430262 0.429814 0.429978 0.429926 0.429914 0.430094 0.430044 0.430143 0.430119 0.430041 0.430150 0.430137 0.430175 0.429780 0.430444 0.430436 0.000000 0.000000
0.000000 0.000000 0.444379 0.443760 0.443945 0.443681 0.443370 0.443280 0.443085 0.443132 0.442934 0.442957 0.443075 0.442953 0.443120 0.443350 0.443928 0.443502 0.444149 0.000000 0.000000
0.000000 0.000000 0.448602 0.449112 0.449555 0.449550 0.449574 0.449139 0.449219 0.449090 0.449307 0.449264 0.449230 0.449302 0.449666 0.449648 0.449639 0.449301 0.448799 0.000000 0.000000
0.000000 0.000000 0.350000 0.350000 0.350000 0.350000 0.350000 0.350000 0.350000 0.350000 0.350000 0.350000 0.350000 0.350000 0.350000 0.350000 0.350000 0.350000 0.350000 0.000000 0.000000
0.000000 0.000000 0.000000 0.000000 0.000000 0.000000 0.000000 0.000000 0.000000 0.000000 0.000000 0.000000 0.000000 0.000000 0.000000 0.000000 0.000000 0.000000 0.000000 0.000000 0.000000