geotop/1.0zi/1.0Montebello/Templates/testdem/maps/_Eocsand8429.asc
ncols         21
nrows         20
xllcorner     100.000000
yllcorner     100.000000
cellsize      50.000000
NODATA_value  -9999.0
0.000000 0.000000 0.000000 0.000000 0.000000 0.000000 0.000000 0.000000 0.000000 0.000000 0.000000 0.000000 0.000000 0.000000 0.000000 0.000000 0.000000 0.000000 0.000000 0.000000 0.000000
0.000000 0.000000 0.300210 0.300208 0.300208 0.300208 0.300207 0.300207 0.300207 0.300207 0.300208 0.300207 0.300207 0.300208 0.300207 0.300207 0.300209 0.300209 0.300209 0.000000 0.000000
0.000000 0.000000 0.300011 0.300012 0.300012 0.300011 0.300012 0.300012 0.300012 0.300012 0.300012 0.300012 0.300011 0.300012 0.300012 0.300012 0.300012 0.300013 0.300013 0.000000 0.000000
0.000000 0.000000 0.299893 0.299893 0.299897 0.299905 0.299901 0.299909 0.299904 0.299906 0.299906 0.299906 0.299906 0.299908 0.299903 0.299898 0.299896 0.299893 0.299894 0.000000 0.000000
0.000000 0.000000 0.297936 0.297934 0.297943 0.297957 0.297979 0.297989 0.297996 0.297995 0.297999 0.297997 0.298001 0.297994 0.297973 0.297965 0.297953 0.297939 0.297929 0.000000 0.000000
0.000000 0.000000 0.292156 0.292158 0.292179 0.292226 0.292262 0.292310 0.292310 0.292323 0.292314 0.292316 0.292312 0.292312 0.292285 0.292251 0.292223 0.292202 0.292190 0.000000 0.000000
0.000000 0.000000 0.284033 0.284045 0.284061 0.284114 0.284181 0.284260 0.284260 0.284268 0.284268 0.284267 0.284271 0.284265 0.284197 0.284140 0.284106 0.284077 0.284062 0.000000 0.000000
0.000000 0.000000 0.274397 0.274405 0.274417 0.274479 0.274541 0.274626 0.274627 0.274638 0.274640 0.274645 0.274651 0.274634 0.274562 0.274507 0.274453 0.274438 0.274412 0.000000 0.000000
0.000000 0.000000 0.264048 0.264069 0.264095 0.264135 0.264206 0.264297 0.264292 0.264311 0.264317 0.264321 0.264320 0.264322 0.264232 0.264162 0.264119 0.264097 0.264075 0.000000 0.000000
0.000000 0.000000 0.253045 0.253068 0.253082 0.253121 0.253221 0.253304 0.253304 0.253314 0.253328 0.253320 0.253310 0.253314 0.253239 0.253155 0.253106 0.253087 0.253072 0.000000 0.000000
0.000000 0.000000 0.241023 0.241036 0.241051 0.241143 0.241208 0.241313 0.241287 0.241345 0.241334 0.241340 0.241361 0.241326 0.241251 0.241202 0.241135 0.241100 0.241055 0.000000 0.000000
0.000000 0.000000 0.227594 0.227635 0.227672 0.227722 0.227808 0.227928 0.227941 0.227950 0.227926 0.227970 0.227954 0.227951 0.227821 0.227752 0.227711 0.227683 0.227575 0.000000 0.000000
0.000000 0.000000 0.212976 0.213017 0.213019 0.213110 0.213175 0.213506 0.213514 0.213528 0.213622 0.213570 0.213558 0.213526 0.213271 0.213209 0.213082 0.213071 0.213017 0.000000 0.000000
0.000000 0.000000 0.195693 0.195703 0.195767 0.195827 0.196244 0.196205 0.196291 0.196289 0.196261 0.196294 0.196304 0.196332 0.196374 0.195930 0.195871 0.195753 0.195674 0.000000 0.000000
0.000000 0.000000 0.175214 0.175255 0.175338 0.175876 0.175813 0.176086 0.176208 0.176233 0.176331 0.176393 0.176336 0.176346 0.176080 0.176112 0.175398 0.175514 0.175505 0.000000 0.000000
0.000000 0.000000 0.152801 0.152837 0.153610 0.153377 0.153441 0.153505 0.153208 0.153300 0.153144 0.153197 0.153331 0.153138 0.153130 0.153081 0.153686 0.152547 0.152565 0.000000 0.000000
0.000000 0.000000 0.125268 0.126476 0.126182 0.126650 0.127250 0.127435 0.127781 0.127700 0.128070 0.128034 0.127827 0.128038 0.127723 0.127277 0.126231 0.126939 0.125683 0.000000 0.000000
0.000000 0.000000 0.115965 0.114837 0.113846 0.113838 0.113769 0.114722 0.114554 0.114834 0.114369 0.114464 0.114541 0.114383 0.113591 0.113641 0.113669 0.114420 0.115529 0.000000 0.000000
0.000000 0.000000 0.300000 0.300000 0.300000 0.300000 0.300000 0.300000 0.300000 0.300000 0.300000 0.300000 0.300000 0.300000 0.300000 0.300000 0.300000 0.300000 0.300000 0.000000 0.000000
0.000000 0.000000 0.000000 0.000000 0.000000 0.000000 0.000000 0.000000 0.000000 0.000000 0.000000 0.000000 0.000000 0.000000 0.000000 0.000000 0.000000 0.000000 0.000000 0.000000 0.000000