geotop/1.0zi/1.0Montebello/Templates/testdem/maps/_Eocsand3192.asc
ncols         21
nrows         20
xllcorner     100.000000
yllcorner     100.000000
cellsize      50.000000
NODATA_value  -9999.0
0.000000 0.000000 0.000000 0.000000 0.000000 0.000000 0.000000 0.000000 0.000000 0.000000 0.000000 0.000000 0.000000 0.000000 0.000000 0.000000 0.000000 0.000000 0.000000 0.000000 0.000000
0.000000 0.000000 0.300088 0.300088 0.300088 0.300088 0.300088 0.300088 0.300088 0.300088 0.300089 0.300088 0.300088 0.300088 0.300088 0.300088 0.300088 0.300088 0.300088 0.000000 0.000000
0.000000 0.000000 0.300011 0.300011 0.300011 0.300011 0.300011 0.300011 0.300011 0.300011 0.300009 0.300011 0.300011 0.300011 0.300011 0.300011 0.300011 0.300011 0.300011 0.000000 0.000000
0.000000 0.000000 0.297434 0.297435 0.297439 0.297437 0.297434 0.297434 0.297435 0.297434 0.297433 0.297434 0.297435 0.297434 0.297434 0.297437 0.297439 0.297435 0.297434 0.000000 0.000000
0.000000 0.000000 0.287834 0.287836 0.287840 0.287839 0.287834 0.287836 0.287835 0.287833 0.287832 0.287833 0.287835 0.287836 0.287834 0.287839 0.287840 0.287836 0.287834 0.000000 0.000000
0.000000 0.000000 0.276738 0.276740 0.276743 0.276743 0.276738 0.276740 0.276739 0.276738 0.276736 0.276738 0.276739 0.276740 0.276738 0.276743 0.276743 0.276740 0.276738 0.000000 0.000000
0.000000 0.000000 0.266536 0.266537 0.266540 0.266539 0.266536 0.266537 0.266537 0.266535 0.266534 0.266535 0.266537 0.266537 0.266536 0.266539 0.266540 0.266537 0.266536 0.000000 0.000000
0.000000 0.000000 0.257282 0.257283 0.257286 0.257285 0.257282 0.257283 0.257283 0.257281 0.257280 0.257281 0.257283 0.257283 0.257282 0.257285 0.257286 0.257283 0.257282 0.000000 0.000000
0.000000 0.000000 0.248729 0.248730 0.248732 0.248732 0.248729 0.248730 0.248730 0.248728 0.248727 0.248728 0.248730 0.248730 0.248729 0.248732 0.248732 0.248730 0.248729 0.000000 0.000000
0.000000 0.000000 0.240673 0.240674 0.240677 0.240676 0.240673 0.240674 0.240674 0.240673 0.240672 0.240673 0.240674 0.240674 0.240673 0.240676 0.240677 0.240674 0.240673 0.000000 0.000000
0.000000 0.000000 0.233016 0.233017 0.233019 0.233018 0.233016 0.233017 0.233017 0.233016 0.233015 0.233016 0.233017 0.233017 0.233016 0.233018 0.233019 0.233017 0.233016 0.000000 0.000000
0.000000 0.000000 0.225684 0.225684 0.225687 0.225686 0.225684 0.225685 0.225684 0.225683 0.225682 0.225683 0.225684 0.225685 0.225684 0.225686 0.225687 0.225684 0.225684 0.000000 0.000000
0.000000 0.000000 0.218624 0.218625 0.218627 0.218627 0.218624 0.218625 0.218625 0.218624 0.218623 0.218624 0.218625 0.218625 0.218624 0.218627 0.218627 0.218625 0.218624 0.000000 0.000000
0.000000 0.000000 0.211777 0.211778 0.211780 0.211779 0.211777 0.211778 0.211778 0.211777 0.211776 0.211777 0.211778 0.211778 0.211777 0.211779 0.211780 0.211778 0.211777 0.000000 0.000000
0.000000 0.000000 0.205128 0.205128 0.205131 0.205130 0.205128 0.205128 0.205128 0.205127 0.205127 0.205127 0.205128 0.205128 0.205128 0.205130 0.205131 0.205128 0.205128 0.000000 0.000000
0.000000 0.000000 0.198664 0.198664 0.198667 0.198666 0.198664 0.198665 0.198664 0.198664 0.198663 0.198664 0.198664 0.198665 0.198664 0.198666 0.198667 0.198664 0.198664 0.000000 0.000000
0.000000 0.000000 0.192365 0.192366 0.192368 0.192367 0.192365 0.192366 0.192366 0.192365 0.192364 0.192365 0.192366 0.192366 0.192365 0.192367 0.192368 0.192366 0.192365 0.000000 0.000000
0.000000 0.000000 0.186100 0.186100 0.186102 0.186101 0.186099 0.186100 0.186100 0.186099 0.186098 0.186099 0.186100 0.186100 0.186099 0.186101 0.186102 0.186100 0.186099 0.000000 0.000000
0.000000 0.000000 0.300000 0.300000 0.300000 0.300000 0.300000 0.300000 0.300000 0.300000 0.300000 0.300000 0.300000 0.300000 0.300000 0.300000 0.300000 0.300000 0.300000 0.000000 0.000000
0.000000 0.000000 0.000000 0.000000 0.000000 0.000000 0.000000 0.000000 0.000000 0.000000 0.000000 0.000000 0.000000 0.000000 0.000000 0.000000 0.000000 0.000000 0.000000 0.000000 0.000000