geotop/1.0zi/1.0Montebello/Templates/testdem/maps/_Eocsilt8346.asc
ncols         21
nrows         20
xllcorner     100.000000
yllcorner     100.000000
cellsize      50.000000
NODATA_value  -9999.0
0.000000 0.000000 0.000000 0.000000 0.000000 0.000000 0.000000 0.000000 0.000000 0.000000 0.000000 0.000000 0.000000 0.000000 0.000000 0.000000 0.000000 0.000000 0.000000 0.000000 0.000000
0.000000 0.000000 0.350172 0.350173 0.350173 0.350173 0.350173 0.350173 0.350173 0.350173 0.350173 0.350173 0.350173 0.350173 0.350173 0.350173 0.350174 0.350173 0.350173 0.000000 0.000000
0.000000 0.000000 0.350005 0.350005 0.350006 0.350005 0.350006 0.350006 0.350006 0.350006 0.350006 0.350006 0.350007 0.350006 0.350006 0.350005 0.350004 0.350004 0.350005 0.000000 0.000000
0.000000 0.000000 0.350102 0.350099 0.350097 0.350091 0.350092 0.350087 0.350090 0.350090 0.350087 0.350089 0.350089 0.350089 0.350092 0.350095 0.350098 0.350098 0.350100 0.000000 0.000000
0.000000 0.000000 0.351048 0.351054 0.351048 0.351037 0.351030 0.351023 0.351020 0.351018 0.351018 0.351018 0.351019 0.351021 0.351035 0.351039 0.351042 0.351053 0.351054 0.000000 0.000000
0.000000 0.000000 0.353818 0.353819 0.353810 0.353794 0.353775 0.353752 0.353749 0.353744 0.353748 0.353748 0.353749 0.353749 0.353761 0.353775 0.353789 0.353796 0.353803 0.000000 0.000000
0.000000 0.000000 0.357801 0.357798 0.357786 0.357760 0.357727 0.357691 0.357691 0.357687 0.357689 0.357687 0.357684 0.357689 0.357720 0.357748 0.357766 0.357782 0.357789 0.000000 0.000000
0.000000 0.000000 0.362518 0.362516 0.362510 0.362482 0.362450 0.362410 0.362409 0.362405 0.362404 0.362401 0.362399 0.362406 0.362440 0.362469 0.362497 0.362504 0.362516 0.000000 0.000000
0.000000 0.000000 0.367606 0.367597 0.367583 0.367564 0.367530 0.367484 0.367485 0.367476 0.367474 0.367471 0.367473 0.367472 0.367516 0.367551 0.367574 0.367586 0.367596 0.000000 0.000000
0.000000 0.000000 0.372988 0.372979 0.372971 0.372952 0.372904 0.372863 0.372863 0.372858 0.372852 0.372855 0.372860 0.372858 0.372895 0.372936 0.372962 0.372971 0.372978 0.000000 0.000000
0.000000 0.000000 0.378830 0.378824 0.378815 0.378773 0.378740 0.378692 0.378701 0.378676 0.378679 0.378678 0.378668 0.378685 0.378719 0.378745 0.378778 0.378796 0.378817 0.000000 0.000000
0.000000 0.000000 0.385339 0.385322 0.385303 0.385277 0.385238 0.385177 0.385172 0.385166 0.385180 0.385159 0.385165 0.385169 0.385231 0.385264 0.385286 0.385300 0.385353 0.000000 0.000000
0.000000 0.000000 0.392396 0.392380 0.392373 0.392334 0.392300 0.392141 0.392138 0.392129 0.392087 0.392109 0.392118 0.392133 0.392253 0.392286 0.392347 0.392355 0.392380 0.000000 0.000000
0.000000 0.000000 0.400695 0.400691 0.400658 0.400632 0.400432 0.400449 0.400406 0.400407 0.400421 0.400408 0.400402 0.400393 0.400373 0.400581 0.400614 0.400670 0.400708 0.000000 0.000000
0.000000 0.000000 0.410485 0.410468 0.410429 0.410175 0.410200 0.410071 0.410014 0.410000 0.409957 0.409927 0.409955 0.409950 0.410075 0.410065 0.410403 0.410353 0.410358 0.000000 0.000000
0.000000 0.000000 0.421171 0.421156 0.420790 0.420895 0.420866 0.420834 0.420970 0.420928 0.421001 0.420976 0.420915 0.421006 0.421011 0.421035 0.420761 0.421295 0.421286 0.000000 0.000000
0.000000 0.000000 0.434228 0.433667 0.433793 0.433580 0.433299 0.433216 0.433057 0.433095 0.432925 0.432941 0.433037 0.432942 0.433084 0.433293 0.433776 0.433462 0.434046 0.000000 0.000000
0.000000 0.000000 0.438864 0.439374 0.439833 0.439838 0.439862 0.439418 0.439493 0.439362 0.439575 0.439532 0.439499 0.439572 0.439940 0.439924 0.439920 0.439568 0.439069 0.000000 0.000000
0.000000 0.000000 0.350000 0.350000 0.350000 0.350000 0.350000 0.350000 0.350000 0.350000 0.350000 0.350000 0.350000 0.350000 0.350000 0.350000 0.350000 0.350000 0.350000 0.000000 0.000000
0.000000 0.000000 0.000000 0.000000 0.000000 0.000000 0.000000 0.000000 0.000000 0.000000 0.000000 0.000000 0.000000 0.000000 0.000000 0.000000 0.000000 0.000000 0.000000 0.000000 0.000000