geotop/1.0zi/1.0Montebello/Templates/testdem/maps/_Eocclay8030.asc
ncols         21
nrows         20
xllcorner     100.000000
yllcorner     100.000000
cellsize      50.000000
NODATA_value  -9999.0
0.000000 0.000000 0.000000 0.000000 0.000000 0.000000 0.000000 0.000000 0.000000 0.000000 0.000000 0.000000 0.000000 0.000000 0.000000 0.000000 0.000000 0.000000 0.000000 0.000000 0.000000
0.000000 0.000000 0.349627 0.349628 0.349628 0.349627 0.349629 0.349629 0.349629 0.349629 0.349628 0.349629 0.349629 0.349629 0.349629 0.349629 0.349627 0.349627 0.349628 0.000000 0.000000
0.000000 0.000000 0.349984 0.349983 0.349983 0.349985 0.349983 0.349983 0.349983 0.349983 0.349983 0.349982 0.349983 0.349982 0.349983 0.349984 0.349984 0.349984 0.349982 0.000000 0.000000
0.000000 0.000000 0.350004 0.350008 0.350006 0.350004 0.350007 0.350004 0.350006 0.350003 0.350007 0.350004 0.350004 0.350003 0.350005 0.350006 0.350005 0.350009 0.350006 0.000000 0.000000
0.000000 0.000000 0.351006 0.351002 0.350999 0.350994 0.350978 0.350976 0.350973 0.350976 0.350973 0.350973 0.350969 0.350973 0.350983 0.350985 0.350993 0.350995 0.351003 0.000000 0.000000
0.000000 0.000000 0.353854 0.353853 0.353840 0.353811 0.353796 0.353771 0.353772 0.353765 0.353769 0.353768 0.353770 0.353772 0.353783 0.353803 0.353819 0.353833 0.353839 0.000000 0.000000
0.000000 0.000000 0.357762 0.357758 0.357749 0.357725 0.357693 0.357655 0.357653 0.357647 0.357649 0.357649 0.357649 0.357650 0.357684 0.357714 0.357731 0.357744 0.357751 0.000000 0.000000
0.000000 0.000000 0.362389 0.362386 0.362377 0.362347 0.362316 0.362274 0.362273 0.362269 0.362268 0.362265 0.362263 0.362271 0.362307 0.362334 0.362360 0.362369 0.362381 0.000000 0.000000
0.000000 0.000000 0.367289 0.367282 0.367267 0.367248 0.367215 0.367172 0.367175 0.367165 0.367162 0.367160 0.367161 0.367160 0.367202 0.367237 0.367258 0.367267 0.367277 0.000000 0.000000
0.000000 0.000000 0.372479 0.372469 0.372461 0.372442 0.372394 0.372354 0.372354 0.372349 0.372343 0.372346 0.372352 0.372350 0.372386 0.372426 0.372451 0.372459 0.372466 0.000000 0.000000
0.000000 0.000000 0.378129 0.378123 0.378113 0.378073 0.378039 0.377992 0.378001 0.377976 0.377979 0.377978 0.377969 0.377986 0.378019 0.378044 0.378076 0.378092 0.378113 0.000000 0.000000
0.000000 0.000000 0.384388 0.384372 0.384351 0.384325 0.384287 0.384228 0.384224 0.384217 0.384231 0.384210 0.384216 0.384219 0.384279 0.384310 0.384332 0.384344 0.384396 0.000000 0.000000
0.000000 0.000000 0.391153 0.391136 0.391128 0.391090 0.391056 0.390904 0.390902 0.390893 0.390853 0.390874 0.390883 0.390897 0.391012 0.391044 0.391102 0.391108 0.391133 0.000000 0.000000
0.000000 0.000000 0.399071 0.399065 0.399033 0.399006 0.398816 0.398828 0.398788 0.398788 0.398799 0.398788 0.398783 0.398775 0.398760 0.398956 0.398989 0.399040 0.399077 0.000000 0.000000
0.000000 0.000000 0.408403 0.408385 0.408345 0.408106 0.408121 0.408003 0.407947 0.407934 0.407894 0.407865 0.407892 0.407886 0.408001 0.408000 0.408317 0.408270 0.408276 0.000000 0.000000
0.000000 0.000000 0.418669 0.418653 0.418306 0.418391 0.418366 0.418329 0.418457 0.418416 0.418482 0.418455 0.418400 0.418486 0.418497 0.418516 0.418275 0.418770 0.418762 0.000000 0.000000
0.000000 0.000000 0.431505 0.430952 0.431053 0.430850 0.430572 0.430491 0.430345 0.430379 0.430217 0.430230 0.430322 0.430233 0.430372 0.430577 0.431032 0.430751 0.431324 0.000000 0.000000
0.000000 0.000000 0.436406 0.436919 0.437402 0.437400 0.437418 0.436956 0.437028 0.436895 0.437109 0.437065 0.437034 0.437106 0.437493 0.437479 0.437491 0.437106 0.436604 0.000000 0.000000
0.000000 0.000000 0.350000 0.350000 0.350000 0.350000 0.350000 0.350000 0.350000 0.350000 0.350000 0.350000 0.350000 0.350000 0.350000 0.350000 0.350000 0.350000 0.350000 0.000000 0.000000
0.000000 0.000000 0.000000 0.000000 0.000000 0.000000 0.000000 0.000000 0.000000 0.000000 0.000000 0.000000 0.000000 0.000000 0.000000 0.000000 0.000000 0.000000 0.000000 0.000000 0.000000