geotop/1.0zi/1.0Montebello/Templates/testdem/maps/_Eocsand079u.asc
ncols         21
nrows         20
xllcorner     100.000000
yllcorner     100.000000
cellsize      50.000000
NODATA_value  -9999.0
0.000000 0.000000 0.000000 0.000000 0.000000 0.000000 0.000000 0.000000 0.000000 0.000000 0.000000 0.000000 0.000000 0.000000 0.000000 0.000000 0.000000 0.000000 0.000000 0.000000 0.000000
0.000000 0.000000 0.300274 0.300272 0.300272 0.300273 0.300272 0.300271 0.300272 0.300272 0.300273 0.300272 0.300272 0.300272 0.300272 0.300272 0.300273 0.300272 0.300272 0.000000 0.000000
0.000000 0.000000 0.300012 0.300014 0.300014 0.300012 0.300014 0.300014 0.300013 0.300014 0.300014 0.300014 0.300013 0.300013 0.300013 0.300013 0.300014 0.300015 0.300015 0.000000 0.000000
0.000000 0.000000 0.299719 0.299714 0.299724 0.299733 0.299733 0.299738 0.299732 0.299734 0.299733 0.299731 0.299730 0.299732 0.299726 0.299718 0.299715 0.299713 0.299714 0.000000 0.000000
0.000000 0.000000 0.296112 0.296121 0.296140 0.296181 0.296212 0.296226 0.296223 0.296223 0.296227 0.296220 0.296214 0.296215 0.296191 0.296175 0.296154 0.296140 0.296127 0.000000 0.000000
0.000000 0.000000 0.286959 0.286973 0.287016 0.287096 0.287168 0.287232 0.287227 0.287235 0.287239 0.287238 0.287227 0.287232 0.287195 0.287133 0.287097 0.287072 0.287059 0.000000 0.000000
0.000000 0.000000 0.274540 0.274568 0.274605 0.274699 0.274791 0.274922 0.274917 0.274923 0.274937 0.274937 0.274938 0.274935 0.274832 0.274755 0.274704 0.274669 0.274653 0.000000 0.000000
0.000000 0.000000 0.259637 0.259671 0.259714 0.259836 0.259939 0.260062 0.260059 0.260069 0.260085 0.260092 0.260096 0.260078 0.259982 0.259895 0.259813 0.259794 0.259763 0.000000 0.000000
0.000000 0.000000 0.242858 0.242906 0.242975 0.243072 0.243194 0.243342 0.243326 0.243348 0.243372 0.243376 0.243370 0.243379 0.243240 0.243133 0.243067 0.243037 0.243011 0.000000 0.000000
0.000000 0.000000 0.223683 0.223752 0.223815 0.223923 0.224061 0.224222 0.224219 0.224229 0.224266 0.224252 0.224236 0.224244 0.224133 0.223989 0.223908 0.223874 0.223863 0.000000 0.000000
0.000000 0.000000 0.201006 0.201066 0.201123 0.201365 0.201428 0.201653 0.201603 0.201704 0.201699 0.201718 0.201759 0.201698 0.201563 0.201475 0.201357 0.201313 0.201215 0.000000 0.000000
0.000000 0.000000 0.173519 0.173653 0.173815 0.173922 0.174056 0.174346 0.174373 0.174356 0.174332 0.174419 0.174374 0.174413 0.174152 0.173993 0.173933 0.173890 0.173698 0.000000 0.000000
0.000000 0.000000 0.142366 0.142488 0.142523 0.142781 0.142940 0.143757 0.143778 0.143821 0.144146 0.143924 0.143928 0.143854 0.143263 0.143143 0.142824 0.142805 0.142810 0.000000 0.000000
0.000000 0.000000 0.106113 0.106162 0.106440 0.106574 0.107632 0.107080 0.107304 0.107293 0.107088 0.107290 0.107317 0.107460 0.107943 0.106773 0.106794 0.106515 0.106364 0.000000 0.000000
0.000000 0.000000 0.075715 0.075806 0.075921 0.076798 0.076350 0.076949 0.077041 0.077097 0.077328 0.077366 0.077275 0.077252 0.076735 0.077184 0.076049 0.076328 0.076388 0.000000 0.000000
0.000000 0.000000 0.056884 0.056930 0.057393 0.057381 0.057369 0.057489 0.057324 0.057380 0.057334 0.057358 0.057418 0.057318 0.057268 0.057286 0.057500 0.056916 0.056939 0.000000 0.000000
0.000000 0.000000 0.043752 0.043909 0.044144 0.044137 0.044228 0.044283 0.044220 0.044240 0.044241 0.044252 0.044269 0.044234 0.044205 0.044138 0.044218 0.043931 0.043803 0.000000 0.000000
0.000000 0.000000 0.035054 0.035156 0.035257 0.035255 0.035345 0.035411 0.035377 0.035395 0.035390 0.035397 0.035404 0.035385 0.035331 0.035267 0.035303 0.035173 0.035080 0.000000 0.000000
0.000000 0.000000 0.300000 0.300000 0.300000 0.300000 0.300000 0.300000 0.300000 0.300000 0.300000 0.300000 0.300000 0.300000 0.300000 0.300000 0.300000 0.300000 0.300000 0.000000 0.000000
0.000000 0.000000 0.000000 0.000000 0.000000 0.000000 0.000000 0.000000 0.000000 0.000000 0.000000 0.000000 0.000000 0.000000 0.000000 0.000000 0.000000 0.000000 0.000000 0.000000 0.000000