geotop/1.0zi/1.0Montebello/Templates/testdem/maps/_Eocsilt2543.asc
ncols         21
nrows         20
xllcorner     100.000000
yllcorner     100.000000
cellsize      50.000000
NODATA_value  -9999.0
0.000000 0.000000 0.000000 0.000000 0.000000 0.000000 0.000000 0.000000 0.000000 0.000000 0.000000 0.000000 0.000000 0.000000 0.000000 0.000000 0.000000 0.000000 0.000000 0.000000 0.000000
0.000000 0.000000 0.350060 0.350060 0.350060 0.350060 0.350060 0.350060 0.350060 0.350060 0.350059 0.350060 0.350060 0.350060 0.350060 0.350060 0.350060 0.350060 0.350060 0.000000 0.000000
0.000000 0.000000 0.349998 0.349998 0.349998 0.349998 0.349998 0.349998 0.349998 0.349998 0.349998 0.349998 0.349998 0.349998 0.349998 0.349998 0.349998 0.349998 0.349998 0.000000 0.000000
0.000000 0.000000 0.350844 0.350843 0.350841 0.350842 0.350844 0.350844 0.350843 0.350844 0.350844 0.350844 0.350843 0.350844 0.350844 0.350842 0.350841 0.350843 0.350844 0.000000 0.000000
0.000000 0.000000 0.354130 0.354129 0.354128 0.354128 0.354130 0.354130 0.354130 0.354131 0.354131 0.354131 0.354130 0.354130 0.354130 0.354128 0.354128 0.354129 0.354130 0.000000 0.000000
0.000000 0.000000 0.358402 0.358401 0.358400 0.358400 0.358402 0.358401 0.358401 0.358402 0.358403 0.358402 0.358401 0.358401 0.358402 0.358400 0.358400 0.358401 0.358402 0.000000 0.000000
0.000000 0.000000 0.362316 0.362315 0.362314 0.362314 0.362316 0.362315 0.362315 0.362316 0.362317 0.362316 0.362315 0.362315 0.362316 0.362314 0.362314 0.362315 0.362316 0.000000 0.000000
0.000000 0.000000 0.365890 0.365889 0.365888 0.365888 0.365890 0.365889 0.365889 0.365890 0.365890 0.365890 0.365889 0.365889 0.365890 0.365888 0.365888 0.365889 0.365890 0.000000 0.000000
0.000000 0.000000 0.369219 0.369218 0.369217 0.369218 0.369219 0.369219 0.369219 0.369219 0.369220 0.369219 0.369219 0.369219 0.369219 0.369218 0.369217 0.369218 0.369219 0.000000 0.000000
0.000000 0.000000 0.372380 0.372380 0.372379 0.372379 0.372381 0.372380 0.372380 0.372381 0.372381 0.372381 0.372380 0.372380 0.372381 0.372379 0.372379 0.372380 0.372380 0.000000 0.000000
0.000000 0.000000 0.375411 0.375411 0.375410 0.375410 0.375411 0.375411 0.375411 0.375412 0.375412 0.375412 0.375411 0.375411 0.375411 0.375410 0.375410 0.375411 0.375411 0.000000 0.000000
0.000000 0.000000 0.378339 0.378339 0.378338 0.378338 0.378339 0.378339 0.378339 0.378340 0.378340 0.378340 0.378339 0.378339 0.378339 0.378338 0.378338 0.378339 0.378339 0.000000 0.000000
0.000000 0.000000 0.381185 0.381185 0.381184 0.381184 0.381185 0.381185 0.381185 0.381186 0.381186 0.381186 0.381185 0.381185 0.381185 0.381184 0.381184 0.381185 0.381185 0.000000 0.000000
0.000000 0.000000 0.383963 0.383963 0.383962 0.383962 0.383963 0.383963 0.383963 0.383964 0.383964 0.383964 0.383963 0.383963 0.383963 0.383962 0.383962 0.383963 0.383963 0.000000 0.000000
0.000000 0.000000 0.386684 0.386683 0.386682 0.386683 0.386684 0.386683 0.386683 0.386684 0.386684 0.386684 0.386683 0.386683 0.386684 0.386683 0.386682 0.386683 0.386684 0.000000 0.000000
0.000000 0.000000 0.389351 0.389351 0.389350 0.389350 0.389351 0.389351 0.389351 0.389351 0.389352 0.389351 0.389351 0.389351 0.389351 0.389350 0.389350 0.389351 0.389351 0.000000 0.000000
0.000000 0.000000 0.391968 0.391968 0.391967 0.391967 0.391968 0.391968 0.391968 0.391968 0.391969 0.391968 0.391968 0.391968 0.391968 0.391967 0.391967 0.391968 0.391968 0.000000 0.000000
0.000000 0.000000 0.394571 0.394572 0.394570 0.394571 0.394572 0.394572 0.394572 0.394572 0.394572 0.394572 0.394572 0.394572 0.394572 0.394571 0.394570 0.394572 0.394572 0.000000 0.000000
0.000000 0.000000 0.350000 0.350000 0.350000 0.350000 0.350000 0.350000 0.350000 0.350000 0.350000 0.350000 0.350000 0.350000 0.350000 0.350000 0.350000 0.350000 0.350000 0.000000 0.000000
0.000000 0.000000 0.000000 0.000000 0.000000 0.000000 0.000000 0.000000 0.000000 0.000000 0.000000 0.000000 0.000000 0.000000 0.000000 0.000000 0.000000 0.000000 0.000000 0.000000 0.000000