geotop/1.0zi/1.0Montebello/Templates/testdem/maps/_Eocsand1003.asc
ncols         21
nrows         20
xllcorner     100.000000
yllcorner     100.000000
cellsize      50.000000
NODATA_value  -9999.0
0.000000 0.000000 0.000000 0.000000 0.000000 0.000000 0.000000 0.000000 0.000000 0.000000 0.000000 0.000000 0.000000 0.000000 0.000000 0.000000 0.000000 0.000000 0.000000 0.000000 0.000000
0.000000 0.000000 0.300032 0.300032 0.300032 0.300032 0.300032 0.300032 0.300032 0.300032 0.300032 0.300032 0.300032 0.300032 0.300032 0.300032 0.300032 0.300032 0.300032 0.000000 0.000000
0.000000 0.000000 0.300004 0.300004 0.300004 0.300004 0.300004 0.300004 0.300004 0.300004 0.300004 0.300004 0.300004 0.300004 0.300004 0.300004 0.300004 0.300004 0.300004 0.000000 0.000000
0.000000 0.000000 0.299097 0.299098 0.299102 0.299100 0.299097 0.299097 0.299097 0.299097 0.299097 0.299097 0.299097 0.299097 0.299097 0.299100 0.299102 0.299098 0.299097 0.000000 0.000000
0.000000 0.000000 0.295977 0.295979 0.295982 0.295983 0.295976 0.295977 0.295978 0.295976 0.295977 0.295976 0.295978 0.295977 0.295976 0.295983 0.295982 0.295979 0.295977 0.000000 0.000000
0.000000 0.000000 0.292465 0.292466 0.292469 0.292470 0.292464 0.292465 0.292465 0.292464 0.292464 0.292464 0.292465 0.292465 0.292464 0.292470 0.292469 0.292466 0.292465 0.000000 0.000000
0.000000 0.000000 0.289193 0.289194 0.289197 0.289197 0.289193 0.289193 0.289193 0.289193 0.289193 0.289193 0.289193 0.289193 0.289193 0.289197 0.289197 0.289194 0.289193 0.000000 0.000000
0.000000 0.000000 0.286186 0.286187 0.286190 0.286189 0.286186 0.286186 0.286186 0.286186 0.286186 0.286186 0.286186 0.286186 0.286186 0.286189 0.286190 0.286187 0.286186 0.000000 0.000000
0.000000 0.000000 0.283370 0.283371 0.283373 0.283373 0.283370 0.283370 0.283370 0.283370 0.283370 0.283370 0.283370 0.283370 0.283370 0.283373 0.283373 0.283371 0.283370 0.000000 0.000000
0.000000 0.000000 0.280670 0.280671 0.280674 0.280673 0.280670 0.280670 0.280670 0.280670 0.280670 0.280670 0.280670 0.280670 0.280670 0.280673 0.280674 0.280671 0.280670 0.000000 0.000000
0.000000 0.000000 0.278060 0.278060 0.278063 0.278062 0.278060 0.278060 0.278060 0.278059 0.278059 0.278059 0.278060 0.278060 0.278060 0.278062 0.278063 0.278060 0.278060 0.000000 0.000000
0.000000 0.000000 0.275510 0.275511 0.275513 0.275513 0.275510 0.275510 0.275510 0.275510 0.275510 0.275510 0.275510 0.275510 0.275510 0.275513 0.275513 0.275511 0.275510 0.000000 0.000000
0.000000 0.000000 0.273002 0.273003 0.273005 0.273005 0.273002 0.273002 0.273002 0.273002 0.273002 0.273002 0.273002 0.273002 0.273002 0.273005 0.273005 0.273003 0.273002 0.000000 0.000000
0.000000 0.000000 0.270535 0.270536 0.270538 0.270538 0.270535 0.270535 0.270535 0.270535 0.270535 0.270535 0.270535 0.270535 0.270535 0.270538 0.270538 0.270536 0.270535 0.000000 0.000000
0.000000 0.000000 0.268096 0.268097 0.268099 0.268099 0.268096 0.268096 0.268096 0.268096 0.268096 0.268096 0.268096 0.268096 0.268096 0.268099 0.268099 0.268097 0.268096 0.000000 0.000000
0.000000 0.000000 0.265675 0.265676 0.265678 0.265678 0.265675 0.265675 0.265675 0.265675 0.265675 0.265675 0.265675 0.265675 0.265675 0.265678 0.265678 0.265676 0.265675 0.000000 0.000000
0.000000 0.000000 0.263281 0.263282 0.263284 0.263283 0.263281 0.263281 0.263281 0.263281 0.263281 0.263281 0.263281 0.263281 0.263281 0.263283 0.263284 0.263282 0.263281 0.000000 0.000000
0.000000 0.000000 0.260831 0.260831 0.260833 0.260833 0.260830 0.260830 0.260830 0.260830 0.260830 0.260830 0.260830 0.260830 0.260830 0.260833 0.260833 0.260831 0.260830 0.000000 0.000000
0.000000 0.000000 0.300000 0.300000 0.300000 0.300000 0.300000 0.300000 0.300000 0.300000 0.300000 0.300000 0.300000 0.300000 0.300000 0.300000 0.300000 0.300000 0.300000 0.000000 0.000000
0.000000 0.000000 0.000000 0.000000 0.000000 0.000000 0.000000 0.000000 0.000000 0.000000 0.000000 0.000000 0.000000 0.000000 0.000000 0.000000 0.000000 0.000000 0.000000 0.000000 0.000000