geotop/1.0zi/1.0Montebello/Templates/testdem/maps/_Eocclay4897.asc
ncols         21
nrows         20
xllcorner     100.000000
yllcorner     100.000000
cellsize      50.000000
NODATA_value  -9999.0
0.000000 0.000000 0.000000 0.000000 0.000000 0.000000 0.000000 0.000000 0.000000 0.000000 0.000000 0.000000 0.000000 0.000000 0.000000 0.000000 0.000000 0.000000 0.000000 0.000000 0.000000
0.000000 0.000000 0.349780 0.349781 0.349781 0.349781 0.349781 0.349781 0.349781 0.349781 0.349781 0.349781 0.349781 0.349781 0.349781 0.349781 0.349781 0.349781 0.349781 0.000000 0.000000
0.000000 0.000000 0.349992 0.349992 0.349992 0.349992 0.349992 0.349992 0.349992 0.349992 0.349991 0.349991 0.349992 0.349992 0.349992 0.349992 0.349992 0.349992 0.349992 0.000000 0.000000
0.000000 0.000000 0.349987 0.349989 0.349987 0.349988 0.349989 0.349989 0.349989 0.349988 0.349989 0.349988 0.349988 0.349987 0.349989 0.349991 0.349989 0.349990 0.349988 0.000000 0.000000
0.000000 0.000000 0.350373 0.350371 0.350371 0.350366 0.350357 0.350355 0.350356 0.350357 0.350355 0.350357 0.350353 0.350355 0.350359 0.350358 0.350362 0.350364 0.350367 0.000000 0.000000
0.000000 0.000000 0.351721 0.351724 0.351718 0.351703 0.351698 0.351685 0.351683 0.351679 0.351683 0.351683 0.351686 0.351687 0.351689 0.351699 0.351704 0.351712 0.351717 0.000000 0.000000
0.000000 0.000000 0.353707 0.353704 0.353700 0.353686 0.353670 0.353648 0.353648 0.353644 0.353647 0.353647 0.353649 0.353649 0.353665 0.353683 0.353691 0.353699 0.353705 0.000000 0.000000
0.000000 0.000000 0.356046 0.356044 0.356041 0.356025 0.356007 0.355985 0.355986 0.355983 0.355983 0.355983 0.355981 0.355984 0.356004 0.356020 0.356029 0.356035 0.356042 0.000000 0.000000
0.000000 0.000000 0.358397 0.358393 0.358388 0.358376 0.358360 0.358338 0.358340 0.358336 0.358336 0.358336 0.358335 0.358337 0.358354 0.358374 0.358381 0.358386 0.358394 0.000000 0.000000
0.000000 0.000000 0.360767 0.360762 0.360759 0.360746 0.360726 0.360705 0.360708 0.360705 0.360705 0.360705 0.360703 0.360703 0.360724 0.360744 0.360751 0.360756 0.360763 0.000000 0.000000
0.000000 0.000000 0.363193 0.363188 0.363185 0.363175 0.363159 0.363134 0.363137 0.363132 0.363131 0.363132 0.363130 0.363131 0.363149 0.363164 0.363174 0.363180 0.363187 0.000000 0.000000
0.000000 0.000000 0.365712 0.365709 0.365702 0.365687 0.365671 0.365647 0.365647 0.365644 0.365644 0.365642 0.365641 0.365641 0.365665 0.365682 0.365692 0.365696 0.365722 0.000000 0.000000
0.000000 0.000000 0.368279 0.368274 0.368268 0.368256 0.368236 0.368185 0.368185 0.368181 0.368181 0.368181 0.368179 0.368181 0.368226 0.368247 0.368256 0.368262 0.368277 0.000000 0.000000
0.000000 0.000000 0.371016 0.371006 0.371002 0.370990 0.370935 0.370922 0.370914 0.370911 0.370911 0.370910 0.370908 0.370909 0.370924 0.370977 0.370987 0.370999 0.371008 0.000000 0.000000
0.000000 0.000000 0.373986 0.373979 0.373964 0.373915 0.373889 0.373856 0.373840 0.373835 0.373827 0.373827 0.373829 0.373825 0.373851 0.373887 0.373946 0.373944 0.373952 0.000000 0.000000
0.000000 0.000000 0.377069 0.377061 0.377001 0.376992 0.376975 0.376959 0.376959 0.376958 0.376961 0.376960 0.376952 0.376964 0.376973 0.376986 0.376984 0.377052 0.377067 0.000000 0.000000
0.000000 0.000000 0.380531 0.380450 0.380403 0.380379 0.380336 0.380314 0.380309 0.380306 0.380297 0.380297 0.380299 0.380293 0.380311 0.380358 0.380390 0.380418 0.380499 0.000000 0.000000
0.000000 0.000000 0.383183 0.383170 0.383225 0.383195 0.383160 0.383081 0.383074 0.383067 0.383071 0.383069 0.383065 0.383072 0.383145 0.383182 0.383226 0.383156 0.383182 0.000000 0.000000
0.000000 0.000000 0.350000 0.350000 0.350000 0.350000 0.350000 0.350000 0.350000 0.350000 0.350000 0.350000 0.350000 0.350000 0.350000 0.350000 0.350000 0.350000 0.350000 0.000000 0.000000
0.000000 0.000000 0.000000 0.000000 0.000000 0.000000 0.000000 0.000000 0.000000 0.000000 0.000000 0.000000 0.000000 0.000000 0.000000 0.000000 0.000000 0.000000 0.000000 0.000000 0.000000