geotop/1.0zi/1.0Montebello/Templates/testdem/maps/_Eocsilt142S.asc
ncols         21
nrows         20
xllcorner     100.000000
yllcorner     100.000000
cellsize      50.000000
NODATA_value  -9999.0
0.000000 0.000000 0.000000 0.000000 0.000000 0.000000 0.000000 0.000000 0.000000 0.000000 0.000000 0.000000 0.000000 0.000000 0.000000 0.000000 0.000000 0.000000 0.000000 0.000000 0.000000
0.000000 0.000000 0.350252 0.350253 0.350253 0.350253 0.350252 0.350252 0.350252 0.350252 0.350252 0.350252 0.350252 0.350252 0.350252 0.350253 0.350253 0.350253 0.350253 0.000000 0.000000
0.000000 0.000000 0.350013 0.350013 0.350013 0.350012 0.350013 0.350013 0.350014 0.350014 0.350014 0.350014 0.350014 0.350014 0.350013 0.350012 0.350011 0.350011 0.350013 0.000000 0.000000
0.000000 0.000000 0.350249 0.350247 0.350237 0.350233 0.350234 0.350224 0.350227 0.350229 0.350225 0.350229 0.350228 0.350232 0.350229 0.350234 0.350239 0.350243 0.350245 0.000000 0.000000
0.000000 0.000000 0.352156 0.352159 0.352147 0.352127 0.352113 0.352106 0.352105 0.352102 0.352097 0.352103 0.352109 0.352104 0.352119 0.352130 0.352137 0.352145 0.352151 0.000000 0.000000
0.000000 0.000000 0.356970 0.356964 0.356946 0.356914 0.356876 0.356846 0.356842 0.356836 0.356832 0.356833 0.356839 0.356835 0.356854 0.356884 0.356897 0.356911 0.356917 0.000000 0.000000
0.000000 0.000000 0.363716 0.363703 0.363680 0.363634 0.363586 0.363517 0.363514 0.363509 0.363501 0.363501 0.363498 0.363502 0.363553 0.363594 0.363620 0.363643 0.363649 0.000000 0.000000
0.000000 0.000000 0.371854 0.371838 0.371816 0.371755 0.371702 0.371636 0.371630 0.371622 0.371611 0.371610 0.371606 0.371615 0.371662 0.371711 0.371753 0.371764 0.371779 0.000000 0.000000
0.000000 0.000000 0.381175 0.381151 0.381113 0.381064 0.381002 0.380916 0.380914 0.380900 0.380886 0.380883 0.380886 0.380880 0.380954 0.381013 0.381047 0.381067 0.381080 0.000000 0.000000
0.000000 0.000000 0.392007 0.391969 0.391933 0.391881 0.391807 0.391717 0.391704 0.391696 0.391673 0.391680 0.391694 0.391688 0.391745 0.391825 0.391868 0.391890 0.391894 0.000000 0.000000
0.000000 0.000000 0.405043 0.405006 0.404975 0.404842 0.404813 0.404682 0.404702 0.404639 0.404643 0.404632 0.404606 0.404642 0.404712 0.404762 0.404826 0.404853 0.404908 0.000000 0.000000
0.000000 0.000000 0.420991 0.420911 0.420817 0.420772 0.420704 0.420533 0.420503 0.420518 0.420523 0.420472 0.420500 0.420481 0.420623 0.420717 0.420743 0.420772 0.420877 0.000000 0.000000
0.000000 0.000000 0.438353 0.438288 0.438280 0.438148 0.438070 0.437620 0.437590 0.437561 0.437376 0.437507 0.437501 0.437544 0.437859 0.437923 0.438095 0.438118 0.438092 0.000000 0.000000
0.000000 0.000000 0.455546 0.455536 0.455414 0.455369 0.454931 0.455182 0.455079 0.455083 0.455176 0.455084 0.455072 0.455010 0.454799 0.455294 0.455275 0.455390 0.455449 0.000000 0.000000
0.000000 0.000000 0.466132 0.466113 0.466064 0.465878 0.465880 0.465803 0.465765 0.465754 0.465721 0.465697 0.465716 0.465708 0.465779 0.465776 0.466009 0.465974 0.465973 0.000000 0.000000
0.000000 0.000000 0.472168 0.472151 0.472133 0.471956 0.472026 0.471924 0.471895 0.471885 0.471845 0.471832 0.471852 0.471850 0.471941 0.471872 0.472105 0.472038 0.472029 0.000000 0.000000
0.000000 0.000000 0.475591 0.475667 0.475514 0.475529 0.475591 0.475560 0.475628 0.475604 0.475642 0.475627 0.475598 0.475643 0.475648 0.475595 0.475492 0.475702 0.475602 0.000000 0.000000
0.000000 0.000000 0.479181 0.479022 0.478883 0.478851 0.478828 0.478874 0.478869 0.478886 0.478837 0.478840 0.478848 0.478841 0.478804 0.478816 0.478851 0.478967 0.479115 0.000000 0.000000
0.000000 0.000000 0.350000 0.350000 0.350000 0.350000 0.350000 0.350000 0.350000 0.350000 0.350000 0.350000 0.350000 0.350000 0.350000 0.350000 0.350000 0.350000 0.350000 0.000000 0.000000
0.000000 0.000000 0.000000 0.000000 0.000000 0.000000 0.000000 0.000000 0.000000 0.000000 0.000000 0.000000 0.000000 0.000000 0.000000 0.000000 0.000000 0.000000 0.000000 0.000000 0.000000