geotop/1.0zi/1.0Montebello/Templates/testdem/maps/_Eocsand2289.asc
ncols         21
nrows         20
xllcorner     100.000000
yllcorner     100.000000
cellsize      50.000000
NODATA_value  -9999.0
0.000000 0.000000 0.000000 0.000000 0.000000 0.000000 0.000000 0.000000 0.000000 0.000000 0.000000 0.000000 0.000000 0.000000 0.000000 0.000000 0.000000 0.000000 0.000000 0.000000 0.000000
0.000000 0.000000 0.300069 0.300069 0.300069 0.300069 0.300069 0.300069 0.300069 0.300069 0.300069 0.300069 0.300069 0.300069 0.300069 0.300069 0.300069 0.300069 0.300069 0.000000 0.000000
0.000000 0.000000 0.300011 0.300011 0.300011 0.300011 0.300011 0.300011 0.300011 0.300011 0.300011 0.300011 0.300011 0.300011 0.300011 0.300011 0.300011 0.300011 0.300011 0.000000 0.000000
0.000000 0.000000 0.298526 0.298527 0.298531 0.298529 0.298526 0.298526 0.298527 0.298526 0.298526 0.298526 0.298527 0.298526 0.298526 0.298529 0.298531 0.298527 0.298526 0.000000 0.000000
0.000000 0.000000 0.292304 0.292306 0.292309 0.292309 0.292303 0.292305 0.292305 0.292302 0.292302 0.292302 0.292305 0.292305 0.292303 0.292309 0.292309 0.292306 0.292304 0.000000 0.000000
0.000000 0.000000 0.284642 0.284643 0.284646 0.284646 0.284641 0.284642 0.284642 0.284640 0.284640 0.284640 0.284642 0.284642 0.284641 0.284646 0.284646 0.284643 0.284642 0.000000 0.000000
0.000000 0.000000 0.277502 0.277503 0.277505 0.277505 0.277501 0.277502 0.277502 0.277501 0.277500 0.277501 0.277502 0.277502 0.277501 0.277505 0.277505 0.277503 0.277502 0.000000 0.000000
0.000000 0.000000 0.270959 0.270960 0.270963 0.270962 0.270959 0.270960 0.270960 0.270958 0.270958 0.270958 0.270960 0.270960 0.270959 0.270962 0.270963 0.270960 0.270959 0.000000 0.000000
0.000000 0.000000 0.264852 0.264853 0.264855 0.264855 0.264852 0.264853 0.264853 0.264851 0.264851 0.264851 0.264853 0.264853 0.264852 0.264855 0.264855 0.264853 0.264852 0.000000 0.000000
0.000000 0.000000 0.259034 0.259035 0.259037 0.259037 0.259034 0.259035 0.259035 0.259034 0.259033 0.259034 0.259035 0.259035 0.259034 0.259037 0.259037 0.259035 0.259034 0.000000 0.000000
0.000000 0.000000 0.253440 0.253441 0.253443 0.253442 0.253440 0.253441 0.253441 0.253439 0.253439 0.253439 0.253441 0.253441 0.253440 0.253442 0.253443 0.253441 0.253440 0.000000 0.000000
0.000000 0.000000 0.248024 0.248025 0.248027 0.248026 0.248023 0.248024 0.248024 0.248023 0.248023 0.248023 0.248024 0.248024 0.248023 0.248026 0.248027 0.248025 0.248024 0.000000 0.000000
0.000000 0.000000 0.242743 0.242743 0.242746 0.242745 0.242742 0.242743 0.242743 0.242742 0.242742 0.242742 0.242743 0.242743 0.242742 0.242745 0.242746 0.242743 0.242743 0.000000 0.000000
0.000000 0.000000 0.237577 0.237578 0.237580 0.237579 0.237577 0.237578 0.237578 0.237577 0.237576 0.237577 0.237578 0.237578 0.237577 0.237579 0.237580 0.237578 0.237577 0.000000 0.000000
0.000000 0.000000 0.232507 0.232508 0.232510 0.232509 0.232507 0.232507 0.232507 0.232506 0.232506 0.232506 0.232507 0.232507 0.232507 0.232509 0.232510 0.232508 0.232507 0.000000 0.000000
0.000000 0.000000 0.227526 0.227526 0.227528 0.227528 0.227525 0.227526 0.227526 0.227525 0.227525 0.227525 0.227526 0.227526 0.227525 0.227528 0.227528 0.227526 0.227526 0.000000 0.000000
0.000000 0.000000 0.222628 0.222628 0.222631 0.222630 0.222627 0.222628 0.222628 0.222627 0.222627 0.222627 0.222628 0.222628 0.222627 0.222630 0.222631 0.222628 0.222628 0.000000 0.000000
0.000000 0.000000 0.217737 0.217737 0.217739 0.217738 0.217736 0.217737 0.217737 0.217736 0.217735 0.217736 0.217737 0.217737 0.217736 0.217738 0.217739 0.217737 0.217737 0.000000 0.000000
0.000000 0.000000 0.300000 0.300000 0.300000 0.300000 0.300000 0.300000 0.300000 0.300000 0.300000 0.300000 0.300000 0.300000 0.300000 0.300000 0.300000 0.300000 0.300000 0.000000 0.000000
0.000000 0.000000 0.000000 0.000000 0.000000 0.000000 0.000000 0.000000 0.000000 0.000000 0.000000 0.000000 0.000000 0.000000 0.000000 0.000000 0.000000 0.000000 0.000000 0.000000 0.000000