geotop/1.0zi/1.0Montebello/Templates/testdem/maps/_Eocclay6392.asc
ncols         21
nrows         20
xllcorner     100.000000
yllcorner     100.000000
cellsize      50.000000
NODATA_value  -9999.0
0.000000 0.000000 0.000000 0.000000 0.000000 0.000000 0.000000 0.000000 0.000000 0.000000 0.000000 0.000000 0.000000 0.000000 0.000000 0.000000 0.000000 0.000000 0.000000 0.000000 0.000000
0.000000 0.000000 0.349715 0.349716 0.349716 0.349715 0.349716 0.349716 0.349716 0.349716 0.349715 0.349716 0.349716 0.349716 0.349716 0.349716 0.349714 0.349714 0.349716 0.000000 0.000000
0.000000 0.000000 0.349989 0.349989 0.349989 0.349990 0.349988 0.349988 0.349988 0.349988 0.349988 0.349987 0.349988 0.349987 0.349988 0.349988 0.349989 0.349989 0.349987 0.000000 0.000000
0.000000 0.000000 0.349983 0.349988 0.349984 0.349985 0.349986 0.349986 0.349988 0.349984 0.349989 0.349986 0.349987 0.349986 0.349986 0.349988 0.349986 0.349988 0.349987 0.000000 0.000000
0.000000 0.000000 0.350596 0.350596 0.350593 0.350590 0.350577 0.350574 0.350574 0.350576 0.350574 0.350573 0.350568 0.350570 0.350577 0.350577 0.350583 0.350584 0.350592 0.000000 0.000000
0.000000 0.000000 0.352425 0.352425 0.352418 0.352395 0.352388 0.352369 0.352370 0.352365 0.352367 0.352369 0.352372 0.352373 0.352377 0.352392 0.352401 0.352413 0.352418 0.000000 0.000000
0.000000 0.000000 0.355126 0.355124 0.355119 0.355100 0.355077 0.355048 0.355047 0.355042 0.355044 0.355046 0.355046 0.355045 0.355068 0.355092 0.355103 0.355112 0.355121 0.000000 0.000000
0.000000 0.000000 0.358374 0.358374 0.358369 0.358346 0.358324 0.358292 0.358292 0.358289 0.358289 0.358288 0.358286 0.358292 0.358317 0.358338 0.358355 0.358361 0.358373 0.000000 0.000000
0.000000 0.000000 0.361718 0.361715 0.361706 0.361693 0.361670 0.361638 0.361640 0.361634 0.361631 0.361632 0.361631 0.361630 0.361661 0.361684 0.361700 0.361704 0.361714 0.000000 0.000000
0.000000 0.000000 0.365141 0.365136 0.365132 0.365120 0.365087 0.365058 0.365059 0.365056 0.365052 0.365055 0.365060 0.365056 0.365082 0.365110 0.365127 0.365130 0.365138 0.000000 0.000000
0.000000 0.000000 0.368729 0.368727 0.368722 0.368698 0.368676 0.368643 0.368650 0.368634 0.368634 0.368635 0.368631 0.368641 0.368661 0.368679 0.368698 0.368708 0.368724 0.000000 0.000000
0.000000 0.000000 0.372537 0.372531 0.372520 0.372501 0.372480 0.372441 0.372441 0.372433 0.372442 0.372431 0.372433 0.372436 0.372474 0.372492 0.372505 0.372511 0.372549 0.000000 0.000000
0.000000 0.000000 0.376499 0.376490 0.376485 0.376464 0.376445 0.376361 0.376360 0.376354 0.376335 0.376345 0.376351 0.376358 0.376421 0.376438 0.376470 0.376473 0.376498 0.000000 0.000000
0.000000 0.000000 0.380864 0.380860 0.380846 0.380830 0.380745 0.380727 0.380708 0.380708 0.380703 0.380705 0.380704 0.380701 0.380711 0.380799 0.380824 0.380846 0.380873 0.000000 0.000000
0.000000 0.000000 0.385746 0.385741 0.385721 0.385626 0.385603 0.385553 0.385521 0.385515 0.385499 0.385488 0.385500 0.385494 0.385536 0.385570 0.385701 0.385688 0.385705 0.000000 0.000000
0.000000 0.000000 0.390977 0.390971 0.390844 0.390831 0.390825 0.390795 0.390826 0.390810 0.390825 0.390810 0.390795 0.390823 0.390842 0.390852 0.390827 0.390990 0.390993 0.000000 0.000000
0.000000 0.000000 0.397123 0.396945 0.396903 0.396849 0.396761 0.396723 0.396702 0.396703 0.396661 0.396659 0.396679 0.396667 0.396714 0.396782 0.396890 0.396900 0.397086 0.000000 0.000000
0.000000 0.000000 0.401282 0.401328 0.401495 0.401458 0.401408 0.401241 0.401241 0.401202 0.401237 0.401226 0.401234 0.401242 0.401395 0.401431 0.401523 0.401355 0.401321 0.000000 0.000000
0.000000 0.000000 0.350000 0.350000 0.350000 0.350000 0.350000 0.350000 0.350000 0.350000 0.350000 0.350000 0.350000 0.350000 0.350000 0.350000 0.350000 0.350000 0.350000 0.000000 0.000000
0.000000 0.000000 0.000000 0.000000 0.000000 0.000000 0.000000 0.000000 0.000000 0.000000 0.000000 0.000000 0.000000 0.000000 0.000000 0.000000 0.000000 0.000000 0.000000 0.000000 0.000000