geotop/1.0zi/1.0Montebello/Templates/testdem/maps/_Eocsand2461.asc
ncols         21
nrows         20
xllcorner     100.000000
yllcorner     100.000000
cellsize      50.000000
NODATA_value  -9999.0
0.000000 0.000000 0.000000 0.000000 0.000000 0.000000 0.000000 0.000000 0.000000 0.000000 0.000000 0.000000 0.000000 0.000000 0.000000 0.000000 0.000000 0.000000 0.000000 0.000000 0.000000
0.000000 0.000000 0.300074 0.300074 0.300074 0.300074 0.300074 0.300074 0.300074 0.300074 0.300076 0.300074 0.300074 0.300074 0.300074 0.300074 0.300074 0.300074 0.300074 0.000000 0.000000
0.000000 0.000000 0.300012 0.300013 0.300013 0.300012 0.300013 0.300012 0.300013 0.300013 0.300011 0.300013 0.300013 0.300012 0.300013 0.300012 0.300013 0.300013 0.300012 0.000000 0.000000
0.000000 0.000000 0.298384 0.298385 0.298389 0.298387 0.298383 0.298384 0.298384 0.298384 0.298384 0.298384 0.298384 0.298384 0.298383 0.298387 0.298389 0.298385 0.298384 0.000000 0.000000
0.000000 0.000000 0.291559 0.291560 0.291564 0.291563 0.291557 0.291559 0.291559 0.291556 0.291556 0.291556 0.291559 0.291559 0.291557 0.291563 0.291564 0.291560 0.291559 0.000000 0.000000
0.000000 0.000000 0.283268 0.283269 0.283272 0.283272 0.283267 0.283268 0.283268 0.283266 0.283266 0.283266 0.283268 0.283268 0.283267 0.283272 0.283272 0.283269 0.283268 0.000000 0.000000
0.000000 0.000000 0.275555 0.275556 0.275558 0.275558 0.275554 0.275555 0.275555 0.275553 0.275553 0.275553 0.275555 0.275555 0.275554 0.275558 0.275558 0.275556 0.275555 0.000000 0.000000
0.000000 0.000000 0.268497 0.268498 0.268500 0.268499 0.268496 0.268497 0.268497 0.268496 0.268495 0.268496 0.268497 0.268497 0.268496 0.268499 0.268500 0.268498 0.268497 0.000000 0.000000
0.000000 0.000000 0.261920 0.261921 0.261923 0.261923 0.261920 0.261921 0.261921 0.261919 0.261919 0.261919 0.261921 0.261921 0.261920 0.261923 0.261923 0.261921 0.261920 0.000000 0.000000
0.000000 0.000000 0.255673 0.255673 0.255676 0.255675 0.255672 0.255673 0.255673 0.255672 0.255671 0.255672 0.255673 0.255673 0.255672 0.255675 0.255676 0.255673 0.255673 0.000000 0.000000
0.000000 0.000000 0.249681 0.249682 0.249684 0.249683 0.249680 0.249681 0.249681 0.249680 0.249680 0.249680 0.249681 0.249681 0.249680 0.249683 0.249684 0.249682 0.249681 0.000000 0.000000
0.000000 0.000000 0.243890 0.243891 0.243893 0.243892 0.243890 0.243891 0.243890 0.243889 0.243889 0.243889 0.243890 0.243891 0.243890 0.243892 0.243893 0.243891 0.243890 0.000000 0.000000
0.000000 0.000000 0.238259 0.238259 0.238261 0.238261 0.238258 0.238259 0.238259 0.238258 0.238257 0.238258 0.238259 0.238259 0.238258 0.238261 0.238261 0.238259 0.238259 0.000000 0.000000
0.000000 0.000000 0.232758 0.232759 0.232761 0.232760 0.232758 0.232759 0.232759 0.232758 0.232757 0.232758 0.232759 0.232759 0.232758 0.232760 0.232761 0.232759 0.232758 0.000000 0.000000
0.000000 0.000000 0.227369 0.227370 0.227372 0.227371 0.227369 0.227369 0.227369 0.227368 0.227368 0.227368 0.227369 0.227369 0.227369 0.227371 0.227372 0.227370 0.227369 0.000000 0.000000
0.000000 0.000000 0.222081 0.222082 0.222084 0.222083 0.222081 0.222082 0.222082 0.222080 0.222080 0.222080 0.222082 0.222082 0.222081 0.222083 0.222084 0.222082 0.222081 0.000000 0.000000
0.000000 0.000000 0.216889 0.216890 0.216892 0.216891 0.216889 0.216889 0.216889 0.216888 0.216888 0.216888 0.216889 0.216889 0.216889 0.216891 0.216892 0.216890 0.216889 0.000000 0.000000
0.000000 0.000000 0.211705 0.211705 0.211707 0.211706 0.211704 0.211705 0.211705 0.211703 0.211703 0.211703 0.211705 0.211705 0.211704 0.211706 0.211707 0.211705 0.211704 0.000000 0.000000
0.000000 0.000000 0.300000 0.300000 0.300000 0.300000 0.300000 0.300000 0.300000 0.300000 0.300000 0.300000 0.300000 0.300000 0.300000 0.300000 0.300000 0.300000 0.300000 0.000000 0.000000
0.000000 0.000000 0.000000 0.000000 0.000000 0.000000 0.000000 0.000000 0.000000 0.000000 0.000000 0.000000 0.000000 0.000000 0.000000 0.000000 0.000000 0.000000 0.000000 0.000000 0.000000