geotop/1.0zi/1.0Montebello/Templates/testdem/maps/_Eocclay3845.asc
ncols         21
nrows         20
xllcorner     100.000000
yllcorner     100.000000
cellsize      50.000000
NODATA_value  -9999.0
0.000000 0.000000 0.000000 0.000000 0.000000 0.000000 0.000000 0.000000 0.000000 0.000000 0.000000 0.000000 0.000000 0.000000 0.000000 0.000000 0.000000 0.000000 0.000000 0.000000 0.000000
0.000000 0.000000 0.349826 0.349827 0.349827 0.349827 0.349827 0.349827 0.349827 0.349827 0.349827 0.349827 0.349827 0.349827 0.349827 0.349827 0.349827 0.349827 0.349827 0.000000 0.000000
0.000000 0.000000 0.349994 0.349994 0.349994 0.349994 0.349994 0.349994 0.349994 0.349994 0.349994 0.349993 0.349994 0.349994 0.349994 0.349994 0.349994 0.349994 0.349994 0.000000 0.000000
0.000000 0.000000 0.349996 0.349996 0.349995 0.349996 0.349998 0.349999 0.349999 0.349998 0.349999 0.349998 0.349997 0.349996 0.349997 0.349997 0.349997 0.349997 0.349996 0.000000 0.000000
0.000000 0.000000 0.350337 0.350339 0.350338 0.350334 0.350328 0.350324 0.350324 0.350323 0.350324 0.350325 0.350323 0.350324 0.350331 0.350331 0.350332 0.350331 0.350335 0.000000 0.000000
0.000000 0.000000 0.351469 0.351471 0.351466 0.351458 0.351452 0.351444 0.351444 0.351439 0.351443 0.351443 0.351447 0.351447 0.351446 0.351452 0.351456 0.351460 0.351464 0.000000 0.000000
0.000000 0.000000 0.353094 0.353092 0.353087 0.353075 0.353059 0.353038 0.353038 0.353034 0.353037 0.353038 0.353039 0.353045 0.353063 0.353078 0.353083 0.353085 0.353088 0.000000 0.000000
0.000000 0.000000 0.354885 0.354885 0.354880 0.354862 0.354845 0.354825 0.354826 0.354823 0.354824 0.354824 0.354825 0.354830 0.354851 0.354865 0.354871 0.354873 0.354879 0.000000 0.000000
0.000000 0.000000 0.356679 0.356677 0.356669 0.356657 0.356639 0.356618 0.356619 0.356615 0.356616 0.356616 0.356618 0.356623 0.356643 0.356660 0.356665 0.356666 0.356673 0.000000 0.000000
0.000000 0.000000 0.358462 0.358459 0.358453 0.358439 0.358418 0.358398 0.358400 0.358397 0.358398 0.358398 0.358399 0.358404 0.358425 0.358442 0.358448 0.358450 0.358455 0.000000 0.000000
0.000000 0.000000 0.360269 0.360266 0.360259 0.360248 0.360232 0.360208 0.360210 0.360205 0.360205 0.360207 0.360208 0.360212 0.360231 0.360244 0.360251 0.360254 0.360260 0.000000 0.000000
0.000000 0.000000 0.362126 0.362124 0.362116 0.362100 0.362083 0.362060 0.362060 0.362056 0.362057 0.362056 0.362059 0.362063 0.362087 0.362101 0.362108 0.362110 0.362131 0.000000 0.000000
0.000000 0.000000 0.363995 0.363992 0.363984 0.363971 0.363951 0.363909 0.363909 0.363905 0.363905 0.363906 0.363907 0.363913 0.363951 0.363969 0.363975 0.363977 0.363991 0.000000 0.000000
0.000000 0.000000 0.365959 0.365953 0.365946 0.365933 0.365889 0.365875 0.365868 0.365865 0.365866 0.365866 0.365867 0.365873 0.365889 0.365928 0.365935 0.365942 0.365950 0.000000 0.000000
0.000000 0.000000 0.368059 0.368054 0.368039 0.368003 0.367978 0.367951 0.367937 0.367933 0.367928 0.367928 0.367933 0.367934 0.367957 0.367986 0.368025 0.368023 0.368029 0.000000 0.000000
0.000000 0.000000 0.370208 0.370203 0.370160 0.370149 0.370131 0.370115 0.370111 0.370109 0.370111 0.370111 0.370110 0.370122 0.370133 0.370146 0.370147 0.370186 0.370197 0.000000 0.000000
0.000000 0.000000 0.372570 0.372522 0.372483 0.372464 0.372431 0.372413 0.372409 0.372407 0.372401 0.372402 0.372406 0.372408 0.372423 0.372455 0.372472 0.372494 0.372543 0.000000 0.000000
0.000000 0.000000 0.374450 0.374436 0.374460 0.374436 0.374405 0.374353 0.374347 0.374341 0.374343 0.374343 0.374344 0.374353 0.374401 0.374430 0.374460 0.374416 0.374440 0.000000 0.000000
0.000000 0.000000 0.350000 0.350000 0.350000 0.350000 0.350000 0.350000 0.350000 0.350000 0.350000 0.350000 0.350000 0.350000 0.350000 0.350000 0.350000 0.350000 0.350000 0.000000 0.000000
0.000000 0.000000 0.000000 0.000000 0.000000 0.000000 0.000000 0.000000 0.000000 0.000000 0.000000 0.000000 0.000000 0.000000 0.000000 0.000000 0.000000 0.000000 0.000000 0.000000 0.000000