geotop/1.0zi/1.0Montebello/Templates/testdem/maps/_Eocclay4060.asc
ncols         21
nrows         20
xllcorner     100.000000
yllcorner     100.000000
cellsize      50.000000
NODATA_value  -9999.0
0.000000 0.000000 0.000000 0.000000 0.000000 0.000000 0.000000 0.000000 0.000000 0.000000 0.000000 0.000000 0.000000 0.000000 0.000000 0.000000 0.000000 0.000000 0.000000 0.000000 0.000000
0.000000 0.000000 0.349814 0.349814 0.349814 0.349815 0.349815 0.349814 0.349814 0.349814 0.349814 0.349814 0.349814 0.349814 0.349815 0.349814 0.349814 0.349814 0.349814 0.000000 0.000000
0.000000 0.000000 0.349994 0.349994 0.349994 0.349994 0.349994 0.349994 0.349994 0.349994 0.349994 0.349993 0.349994 0.349994 0.349994 0.349994 0.349994 0.349994 0.349994 0.000000 0.000000
0.000000 0.000000 0.349994 0.349995 0.349993 0.349994 0.349995 0.349995 0.349996 0.349995 0.349995 0.349994 0.349994 0.349993 0.349996 0.349997 0.349996 0.349996 0.349995 0.000000 0.000000
0.000000 0.000000 0.350333 0.350336 0.350334 0.350334 0.350327 0.350326 0.350326 0.350326 0.350325 0.350327 0.350323 0.350323 0.350327 0.350327 0.350328 0.350327 0.350331 0.000000 0.000000
0.000000 0.000000 0.351504 0.351505 0.351502 0.351494 0.351492 0.351483 0.351483 0.351478 0.351483 0.351482 0.351484 0.351483 0.351479 0.351484 0.351489 0.351494 0.351498 0.000000 0.000000
0.000000 0.000000 0.353209 0.353205 0.353202 0.353194 0.353185 0.353167 0.353167 0.353163 0.353166 0.353166 0.353166 0.353163 0.353175 0.353189 0.353196 0.353200 0.353204 0.000000 0.000000
0.000000 0.000000 0.355137 0.355136 0.355132 0.355120 0.355109 0.355093 0.355095 0.355092 0.355092 0.355092 0.355088 0.355085 0.355100 0.355114 0.355122 0.355125 0.355131 0.000000 0.000000
0.000000 0.000000 0.357061 0.357057 0.357051 0.357043 0.357032 0.357014 0.357015 0.357012 0.357012 0.357013 0.357010 0.357008 0.357021 0.357038 0.357045 0.357048 0.357054 0.000000 0.000000
0.000000 0.000000 0.358978 0.358974 0.358969 0.358960 0.358946 0.358929 0.358932 0.358929 0.358929 0.358930 0.358926 0.358922 0.358939 0.358955 0.358962 0.358965 0.358971 0.000000 0.000000
0.000000 0.000000 0.360926 0.360922 0.360916 0.360910 0.360900 0.360880 0.360882 0.360877 0.360877 0.360879 0.360875 0.360872 0.360885 0.360897 0.360906 0.360910 0.360916 0.000000 0.000000
0.000000 0.000000 0.362934 0.362930 0.362923 0.362912 0.362902 0.362882 0.362882 0.362880 0.362880 0.362879 0.362876 0.362872 0.362890 0.362905 0.362913 0.362917 0.362939 0.000000 0.000000
0.000000 0.000000 0.364960 0.364955 0.364948 0.364940 0.364927 0.364887 0.364888 0.364884 0.364884 0.364885 0.364880 0.364878 0.364912 0.364929 0.364938 0.364941 0.364955 0.000000 0.000000
0.000000 0.000000 0.367094 0.367087 0.367081 0.367073 0.367034 0.367024 0.367018 0.367015 0.367015 0.367015 0.367011 0.367008 0.367018 0.367059 0.367068 0.367077 0.367085 0.000000 0.000000
0.000000 0.000000 0.369384 0.369378 0.369364 0.369330 0.369312 0.369288 0.369275 0.369270 0.369264 0.369264 0.369264 0.369256 0.369274 0.369303 0.369348 0.369346 0.369353 0.000000 0.000000
0.000000 0.000000 0.371735 0.371729 0.371684 0.371677 0.371668 0.371656 0.371654 0.371653 0.371654 0.371653 0.371645 0.371650 0.371654 0.371667 0.371668 0.371714 0.371726 0.000000 0.000000
0.000000 0.000000 0.374330 0.374275 0.374235 0.374220 0.374194 0.374180 0.374177 0.374175 0.374168 0.374169 0.374167 0.374159 0.374167 0.374201 0.374222 0.374247 0.374302 0.000000 0.000000
0.000000 0.000000 0.376377 0.376362 0.376393 0.376374 0.376351 0.376298 0.376293 0.376288 0.376289 0.376289 0.376283 0.376283 0.376328 0.376358 0.376391 0.376344 0.376368 0.000000 0.000000
0.000000 0.000000 0.350000 0.350000 0.350000 0.350000 0.350000 0.350000 0.350000 0.350000 0.350000 0.350000 0.350000 0.350000 0.350000 0.350000 0.350000 0.350000 0.350000 0.000000 0.000000
0.000000 0.000000 0.000000 0.000000 0.000000 0.000000 0.000000 0.000000 0.000000 0.000000 0.000000 0.000000 0.000000 0.000000 0.000000 0.000000 0.000000 0.000000 0.000000 0.000000 0.000000