geotop/1.0zi/1.0Montebello/Templates/testdem/maps/_Eocsilt3433.asc
ncols         21
nrows         20
xllcorner     100.000000
yllcorner     100.000000
cellsize      50.000000
NODATA_value  -9999.0
0.000000 0.000000 0.000000 0.000000 0.000000 0.000000 0.000000 0.000000 0.000000 0.000000 0.000000 0.000000 0.000000 0.000000 0.000000 0.000000 0.000000 0.000000 0.000000 0.000000 0.000000
0.000000 0.000000 0.350092 0.350092 0.350092 0.350092 0.350092 0.350092 0.350092 0.350092 0.350091 0.350092 0.350092 0.350092 0.350092 0.350092 0.350092 0.350092 0.350092 0.000000 0.000000
0.000000 0.000000 0.349994 0.349993 0.349994 0.349994 0.349994 0.349994 0.349994 0.349994 0.349994 0.349994 0.349994 0.349994 0.349994 0.349994 0.349994 0.349993 0.349994 0.000000 0.000000
0.000000 0.000000 0.351370 0.351369 0.351367 0.351368 0.351370 0.351370 0.351369 0.351370 0.351370 0.351370 0.351369 0.351370 0.351370 0.351368 0.351367 0.351369 0.351370 0.000000 0.000000
0.000000 0.000000 0.356246 0.356246 0.356243 0.356244 0.356246 0.356245 0.356245 0.356247 0.356247 0.356247 0.356245 0.356245 0.356246 0.356244 0.356243 0.356246 0.356246 0.000000 0.000000
0.000000 0.000000 0.362225 0.362224 0.362223 0.362223 0.362225 0.362224 0.362224 0.362225 0.362226 0.362225 0.362224 0.362224 0.362225 0.362223 0.362223 0.362224 0.362225 0.000000 0.000000
0.000000 0.000000 0.367633 0.367632 0.367631 0.367631 0.367633 0.367632 0.367632 0.367633 0.367634 0.367633 0.367632 0.367632 0.367633 0.367631 0.367631 0.367632 0.367633 0.000000 0.000000
0.000000 0.000000 0.372516 0.372515 0.372514 0.372514 0.372516 0.372515 0.372515 0.372516 0.372516 0.372516 0.372515 0.372515 0.372516 0.372514 0.372514 0.372515 0.372516 0.000000 0.000000
0.000000 0.000000 0.377016 0.377016 0.377014 0.377015 0.377016 0.377016 0.377016 0.377016 0.377017 0.377016 0.377016 0.377016 0.377016 0.377015 0.377014 0.377016 0.377016 0.000000 0.000000
0.000000 0.000000 0.381241 0.381241 0.381240 0.381240 0.381241 0.381241 0.381241 0.381241 0.381242 0.381241 0.381241 0.381241 0.381241 0.381240 0.381240 0.381241 0.381241 0.000000 0.000000
0.000000 0.000000 0.385246 0.385246 0.385245 0.385245 0.385247 0.385246 0.385246 0.385247 0.385247 0.385247 0.385246 0.385246 0.385247 0.385245 0.385245 0.385246 0.385246 0.000000 0.000000
0.000000 0.000000 0.389071 0.389070 0.389069 0.389070 0.389071 0.389070 0.389070 0.389071 0.389071 0.389071 0.389070 0.389070 0.389071 0.389070 0.389069 0.389070 0.389071 0.000000 0.000000
0.000000 0.000000 0.392744 0.392743 0.392742 0.392743 0.392744 0.392743 0.392743 0.392744 0.392744 0.392744 0.392743 0.392743 0.392744 0.392743 0.392742 0.392743 0.392744 0.000000 0.000000
0.000000 0.000000 0.396294 0.396294 0.396293 0.396293 0.396294 0.396294 0.396294 0.396294 0.396295 0.396294 0.396294 0.396294 0.396294 0.396293 0.396293 0.396294 0.396294 0.000000 0.000000
0.000000 0.000000 0.399732 0.399732 0.399731 0.399731 0.399732 0.399732 0.399732 0.399732 0.399733 0.399732 0.399732 0.399732 0.399732 0.399731 0.399731 0.399732 0.399732 0.000000 0.000000
0.000000 0.000000 0.403063 0.403063 0.403062 0.403063 0.403064 0.403063 0.403063 0.403064 0.403064 0.403064 0.403063 0.403063 0.403064 0.403063 0.403062 0.403063 0.403063 0.000000 0.000000
0.000000 0.000000 0.406300 0.406300 0.406299 0.406299 0.406300 0.406300 0.406300 0.406300 0.406301 0.406300 0.406300 0.406300 0.406300 0.406299 0.406299 0.406300 0.406300 0.000000 0.000000
0.000000 0.000000 0.409497 0.409497 0.409496 0.409497 0.409498 0.409497 0.409497 0.409498 0.409498 0.409498 0.409497 0.409497 0.409498 0.409497 0.409496 0.409497 0.409497 0.000000 0.000000
0.000000 0.000000 0.350000 0.350000 0.350000 0.350000 0.350000 0.350000 0.350000 0.350000 0.350000 0.350000 0.350000 0.350000 0.350000 0.350000 0.350000 0.350000 0.350000 0.000000 0.000000
0.000000 0.000000 0.000000 0.000000 0.000000 0.000000 0.000000 0.000000 0.000000 0.000000 0.000000 0.000000 0.000000 0.000000 0.000000 0.000000 0.000000 0.000000 0.000000 0.000000 0.000000