geotop/1.0zi/1.0Montebello/Templates/testdem/maps/_Eocsilt0756.asc
ncols         21
nrows         20
xllcorner     100.000000
yllcorner     100.000000
cellsize      50.000000
NODATA_value  -9999.0
0.000000 0.000000 0.000000 0.000000 0.000000 0.000000 0.000000 0.000000 0.000000 0.000000 0.000000 0.000000 0.000000 0.000000 0.000000 0.000000 0.000000 0.000000 0.000000 0.000000 0.000000
0.000000 0.000000 0.350014 0.350014 0.350014 0.350014 0.350014 0.350014 0.350014 0.350014 0.350014 0.350014 0.350014 0.350014 0.350014 0.350014 0.350014 0.350014 0.350014 0.000000 0.000000
0.000000 0.000000 0.350000 0.350000 0.350000 0.350000 0.350000 0.350000 0.350000 0.350000 0.350000 0.350000 0.350000 0.350000 0.350000 0.350000 0.350000 0.350000 0.350000 0.000000 0.000000
0.000000 0.000000 0.350330 0.350329 0.350327 0.350328 0.350330 0.350330 0.350329 0.350330 0.350330 0.350330 0.350329 0.350330 0.350330 0.350328 0.350327 0.350329 0.350330 0.000000 0.000000
0.000000 0.000000 0.351427 0.351426 0.351424 0.351424 0.351427 0.351427 0.351427 0.351427 0.351427 0.351427 0.351427 0.351427 0.351427 0.351424 0.351424 0.351426 0.351427 0.000000 0.000000
0.000000 0.000000 0.352723 0.352722 0.352720 0.352720 0.352723 0.352723 0.352722 0.352723 0.352723 0.352723 0.352722 0.352723 0.352723 0.352720 0.352720 0.352722 0.352723 0.000000 0.000000
0.000000 0.000000 0.353914 0.353913 0.353912 0.353912 0.353914 0.353914 0.353913 0.353914 0.353914 0.353914 0.353913 0.353914 0.353914 0.353912 0.353912 0.353913 0.353914 0.000000 0.000000
0.000000 0.000000 0.355015 0.355015 0.355013 0.355014 0.355015 0.355015 0.355015 0.355015 0.355015 0.355015 0.355015 0.355015 0.355015 0.355014 0.355013 0.355015 0.355015 0.000000 0.000000
0.000000 0.000000 0.356054 0.356053 0.356052 0.356052 0.356054 0.356054 0.356054 0.356054 0.356054 0.356054 0.356054 0.356054 0.356054 0.356052 0.356052 0.356053 0.356054 0.000000 0.000000
0.000000 0.000000 0.357053 0.357053 0.357051 0.357051 0.357053 0.357053 0.357053 0.357053 0.357053 0.357053 0.357053 0.357053 0.357053 0.357051 0.357051 0.357053 0.357053 0.000000 0.000000
0.000000 0.000000 0.358022 0.358022 0.358020 0.358021 0.358022 0.358022 0.358022 0.358022 0.358022 0.358022 0.358022 0.358022 0.358022 0.358021 0.358020 0.358022 0.358022 0.000000 0.000000
0.000000 0.000000 0.358971 0.358971 0.358970 0.358970 0.358971 0.358971 0.358971 0.358971 0.358971 0.358971 0.358971 0.358971 0.358971 0.358970 0.358970 0.358971 0.358971 0.000000 0.000000
0.000000 0.000000 0.359903 0.359903 0.359902 0.359902 0.359903 0.359903 0.359903 0.359903 0.359903 0.359903 0.359903 0.359903 0.359903 0.359902 0.359902 0.359903 0.359903 0.000000 0.000000
0.000000 0.000000 0.360821 0.360821 0.360820 0.360820 0.360821 0.360821 0.360821 0.360821 0.360821 0.360821 0.360821 0.360821 0.360821 0.360820 0.360820 0.360821 0.360821 0.000000 0.000000
0.000000 0.000000 0.361731 0.361730 0.361729 0.361729 0.361731 0.361731 0.361730 0.361731 0.361731 0.361731 0.361730 0.361731 0.361731 0.361729 0.361729 0.361730 0.361731 0.000000 0.000000
0.000000 0.000000 0.362634 0.362633 0.362632 0.362632 0.362634 0.362634 0.362634 0.362634 0.362634 0.362634 0.362634 0.362634 0.362634 0.362632 0.362632 0.362633 0.362634 0.000000 0.000000
0.000000 0.000000 0.363528 0.363528 0.363527 0.363527 0.363528 0.363528 0.363528 0.363528 0.363528 0.363528 0.363528 0.363528 0.363528 0.363527 0.363527 0.363528 0.363528 0.000000 0.000000
0.000000 0.000000 0.364436 0.364436 0.364435 0.364435 0.364436 0.364436 0.364436 0.364436 0.364436 0.364436 0.364436 0.364436 0.364436 0.364435 0.364435 0.364436 0.364436 0.000000 0.000000
0.000000 0.000000 0.350000 0.350000 0.350000 0.350000 0.350000 0.350000 0.350000 0.350000 0.350000 0.350000 0.350000 0.350000 0.350000 0.350000 0.350000 0.350000 0.350000 0.000000 0.000000
0.000000 0.000000 0.000000 0.000000 0.000000 0.000000 0.000000 0.000000 0.000000 0.000000 0.000000 0.000000 0.000000 0.000000 0.000000 0.000000 0.000000 0.000000 0.000000 0.000000 0.000000