geotop/1.0zi/1.0Montebello/Templates/testdem/maps/_Eocsand9651.asc
ncols         21
nrows         20
xllcorner     100.000000
yllcorner     100.000000
cellsize      50.000000
NODATA_value  -9999.0
0.000000 0.000000 0.000000 0.000000 0.000000 0.000000 0.000000 0.000000 0.000000 0.000000 0.000000 0.000000 0.000000 0.000000 0.000000 0.000000 0.000000 0.000000 0.000000 0.000000 0.000000
0.000000 0.000000 0.300241 0.300238 0.300238 0.300239 0.300238 0.300238 0.300238 0.300238 0.300239 0.300238 0.300239 0.300239 0.300238 0.300238 0.300239 0.300239 0.300239 0.000000 0.000000
0.000000 0.000000 0.300011 0.300013 0.300013 0.300011 0.300012 0.300013 0.300012 0.300012 0.300012 0.300012 0.300011 0.300012 0.300012 0.300012 0.300013 0.300013 0.300014 0.000000 0.000000
0.000000 0.000000 0.299810 0.299808 0.299817 0.299825 0.299824 0.299830 0.299822 0.299824 0.299824 0.299823 0.299821 0.299823 0.299818 0.299811 0.299808 0.299805 0.299807 0.000000 0.000000
0.000000 0.000000 0.297019 0.297019 0.297035 0.297068 0.297096 0.297105 0.297105 0.297106 0.297109 0.297102 0.297096 0.297097 0.297073 0.297059 0.297045 0.297035 0.297022 0.000000 0.000000
0.000000 0.000000 0.289465 0.289476 0.289513 0.289574 0.289638 0.289695 0.289692 0.289704 0.289703 0.289703 0.289691 0.289695 0.289662 0.289608 0.289581 0.289560 0.289548 0.000000 0.000000
0.000000 0.000000 0.279151 0.279173 0.279203 0.279275 0.279357 0.279467 0.279465 0.279475 0.279483 0.279483 0.279483 0.279479 0.279389 0.279323 0.279282 0.279253 0.279239 0.000000 0.000000
0.000000 0.000000 0.266899 0.266925 0.266955 0.267043 0.267133 0.267233 0.267231 0.267245 0.267255 0.267261 0.267264 0.267246 0.267164 0.267089 0.267023 0.267010 0.266981 0.000000 0.000000
0.000000 0.000000 0.253461 0.253498 0.253546 0.253613 0.253715 0.253835 0.253824 0.253848 0.253864 0.253868 0.253861 0.253866 0.253749 0.253661 0.253610 0.253588 0.253563 0.000000 0.000000
0.000000 0.000000 0.238644 0.238695 0.238733 0.238805 0.238918 0.239042 0.239040 0.239057 0.239083 0.239073 0.239056 0.239062 0.238968 0.238854 0.238794 0.238771 0.238759 0.000000 0.000000
0.000000 0.000000 0.221818 0.221860 0.221896 0.222057 0.222111 0.222278 0.222243 0.222325 0.222319 0.222331 0.222357 0.222310 0.222206 0.222135 0.222051 0.222021 0.221948 0.000000 0.000000
0.000000 0.000000 0.202213 0.202300 0.202398 0.202475 0.202563 0.202773 0.202777 0.202788 0.202764 0.202837 0.202801 0.202811 0.202623 0.202513 0.202469 0.202442 0.202295 0.000000 0.000000
0.000000 0.000000 0.180144 0.180226 0.180250 0.180403 0.180510 0.181062 0.181072 0.181107 0.181302 0.181184 0.181171 0.181122 0.180713 0.180619 0.180418 0.180407 0.180370 0.000000 0.000000
0.000000 0.000000 0.152840 0.152879 0.153054 0.153164 0.153932 0.153668 0.153834 0.153835 0.153737 0.153840 0.153858 0.153936 0.154183 0.153338 0.153305 0.153108 0.152989 0.000000 0.000000
0.000000 0.000000 0.121694 0.121785 0.121942 0.122938 0.122525 0.123143 0.123285 0.123351 0.123576 0.123653 0.123538 0.123531 0.122988 0.123386 0.122086 0.122391 0.122436 0.000000 0.000000
0.000000 0.000000 0.093545 0.093599 0.094698 0.094118 0.094317 0.094267 0.093783 0.093913 0.093654 0.093697 0.093906 0.093644 0.093801 0.093618 0.094867 0.093185 0.093210 0.000000 0.000000
0.000000 0.000000 0.069021 0.069875 0.069625 0.069994 0.070441 0.070583 0.070855 0.070792 0.071080 0.071046 0.070881 0.071050 0.070817 0.070485 0.069697 0.070287 0.069396 0.000000 0.000000
0.000000 0.000000 0.059134 0.058997 0.058482 0.058641 0.058787 0.059248 0.059272 0.059371 0.059278 0.059306 0.059276 0.059271 0.058857 0.058746 0.058457 0.059015 0.059145 0.000000 0.000000
0.000000 0.000000 0.300000 0.300000 0.300000 0.300000 0.300000 0.300000 0.300000 0.300000 0.300000 0.300000 0.300000 0.300000 0.300000 0.300000 0.300000 0.300000 0.300000 0.000000 0.000000
0.000000 0.000000 0.000000 0.000000 0.000000 0.000000 0.000000 0.000000 0.000000 0.000000 0.000000 0.000000 0.000000 0.000000 0.000000 0.000000 0.000000 0.000000 0.000000 0.000000 0.000000