geotop/1.0zi/1.0Montebello/Templates/testdem/maps/_Eocsilt4225.asc
ncols         21
nrows         20
xllcorner     100.000000
yllcorner     100.000000
cellsize      50.000000
NODATA_value  -9999.0
0.000000 0.000000 0.000000 0.000000 0.000000 0.000000 0.000000 0.000000 0.000000 0.000000 0.000000 0.000000 0.000000 0.000000 0.000000 0.000000 0.000000 0.000000 0.000000 0.000000 0.000000
0.000000 0.000000 0.350088 0.350088 0.350088 0.350088 0.350088 0.350088 0.350088 0.350088 0.350088 0.350088 0.350088 0.350088 0.350088 0.350088 0.350088 0.350088 0.350088 0.000000 0.000000
0.000000 0.000000 0.350002 0.350002 0.350002 0.350003 0.350003 0.350003 0.350003 0.350003 0.350003 0.350003 0.350003 0.350003 0.350003 0.350002 0.350001 0.350001 0.350001 0.000000 0.000000
0.000000 0.000000 0.350032 0.350031 0.350031 0.350027 0.350028 0.350025 0.350027 0.350028 0.350027 0.350027 0.350027 0.350026 0.350028 0.350031 0.350031 0.350033 0.350032 0.000000 0.000000
0.000000 0.000000 0.350380 0.350381 0.350378 0.350380 0.350378 0.350376 0.350374 0.350371 0.350370 0.350373 0.350373 0.350373 0.350375 0.350374 0.350373 0.350378 0.350381 0.000000 0.000000
0.000000 0.000000 0.351482 0.351483 0.351479 0.351474 0.351471 0.351459 0.351458 0.351453 0.351457 0.351459 0.351460 0.351456 0.351459 0.351464 0.351467 0.351468 0.351470 0.000000 0.000000
0.000000 0.000000 0.353176 0.353174 0.353168 0.353155 0.353142 0.353128 0.353130 0.353127 0.353130 0.353128 0.353125 0.353125 0.353134 0.353148 0.353153 0.353157 0.353165 0.000000 0.000000
0.000000 0.000000 0.355146 0.355141 0.355135 0.355120 0.355106 0.355090 0.355091 0.355088 0.355089 0.355088 0.355086 0.355084 0.355100 0.355116 0.355126 0.355128 0.355134 0.000000 0.000000
0.000000 0.000000 0.357131 0.357124 0.357116 0.357105 0.357092 0.357071 0.357073 0.357069 0.357070 0.357071 0.357068 0.357067 0.357082 0.357099 0.357107 0.357111 0.357120 0.000000 0.000000
0.000000 0.000000 0.359103 0.359096 0.359090 0.359078 0.359063 0.359045 0.359048 0.359045 0.359046 0.359046 0.359042 0.359039 0.359056 0.359074 0.359081 0.359084 0.359090 0.000000 0.000000
0.000000 0.000000 0.361084 0.361078 0.361071 0.361062 0.361051 0.361030 0.361033 0.361028 0.361028 0.361029 0.361025 0.361023 0.361037 0.361049 0.361059 0.361063 0.361071 0.000000 0.000000
0.000000 0.000000 0.363129 0.363122 0.363114 0.363101 0.363089 0.363067 0.363068 0.363065 0.363066 0.363065 0.363063 0.363060 0.363079 0.363094 0.363103 0.363106 0.363129 0.000000 0.000000
0.000000 0.000000 0.365195 0.365189 0.365180 0.365170 0.365155 0.365113 0.365114 0.365110 0.365110 0.365110 0.365106 0.365104 0.365140 0.365158 0.365167 0.365170 0.365185 0.000000 0.000000
0.000000 0.000000 0.367375 0.367365 0.367357 0.367347 0.367306 0.367294 0.367288 0.367285 0.367286 0.367285 0.367281 0.367278 0.367290 0.367332 0.367341 0.367350 0.367359 0.000000 0.000000
0.000000 0.000000 0.369714 0.369706 0.369690 0.369652 0.369633 0.369606 0.369594 0.369589 0.369584 0.369583 0.369583 0.369575 0.369595 0.369625 0.369671 0.369670 0.369677 0.000000 0.000000
0.000000 0.000000 0.372122 0.372113 0.372065 0.372055 0.372044 0.372030 0.372029 0.372027 0.372029 0.372028 0.372020 0.372025 0.372031 0.372044 0.372047 0.372094 0.372107 0.000000 0.000000
0.000000 0.000000 0.374785 0.374725 0.374681 0.374663 0.374635 0.374618 0.374615 0.374612 0.374606 0.374606 0.374604 0.374597 0.374607 0.374643 0.374666 0.374691 0.374750 0.000000 0.000000
0.000000 0.000000 0.376878 0.376860 0.376889 0.376866 0.376840 0.376784 0.376779 0.376773 0.376776 0.376774 0.376769 0.376769 0.376818 0.376850 0.376885 0.376837 0.376863 0.000000 0.000000
0.000000 0.000000 0.350000 0.350000 0.350000 0.350000 0.350000 0.350000 0.350000 0.350000 0.350000 0.350000 0.350000 0.350000 0.350000 0.350000 0.350000 0.350000 0.350000 0.000000 0.000000
0.000000 0.000000 0.000000 0.000000 0.000000 0.000000 0.000000 0.000000 0.000000 0.000000 0.000000 0.000000 0.000000 0.000000 0.000000 0.000000 0.000000 0.000000 0.000000 0.000000 0.000000