geotop/1.0zi/1.0Montebello/Templates/testdem/maps/_Eocsand9935.asc
ncols         21
nrows         20
xllcorner     100.000000
yllcorner     100.000000
cellsize      50.000000
NODATA_value  -9999.0
0.000000 0.000000 0.000000 0.000000 0.000000 0.000000 0.000000 0.000000 0.000000 0.000000 0.000000 0.000000 0.000000 0.000000 0.000000 0.000000 0.000000 0.000000 0.000000 0.000000 0.000000
0.000000 0.000000 0.300245 0.300242 0.300243 0.300244 0.300243 0.300242 0.300243 0.300243 0.300244 0.300243 0.300243 0.300243 0.300243 0.300243 0.300244 0.300243 0.300243 0.000000 0.000000
0.000000 0.000000 0.300011 0.300013 0.300012 0.300011 0.300012 0.300013 0.300012 0.300012 0.300012 0.300012 0.300011 0.300012 0.300012 0.300012 0.300013 0.300013 0.300014 0.000000 0.000000
0.000000 0.000000 0.299810 0.299808 0.299818 0.299826 0.299825 0.299831 0.299823 0.299825 0.299825 0.299823 0.299822 0.299824 0.299819 0.299812 0.299809 0.299806 0.299808 0.000000 0.000000
0.000000 0.000000 0.296982 0.296982 0.296999 0.297034 0.297063 0.297073 0.297073 0.297073 0.297077 0.297070 0.297064 0.297065 0.297041 0.297027 0.297012 0.297002 0.296990 0.000000 0.000000
0.000000 0.000000 0.289212 0.289225 0.289264 0.289335 0.289401 0.289460 0.289457 0.289465 0.289469 0.289468 0.289457 0.289462 0.289426 0.289370 0.289343 0.289321 0.289310 0.000000 0.000000
0.000000 0.000000 0.278475 0.278499 0.278532 0.278614 0.278697 0.278813 0.278810 0.278817 0.278830 0.278830 0.278831 0.278827 0.278732 0.278664 0.278622 0.278593 0.278579 0.000000 0.000000
0.000000 0.000000 0.265716 0.265744 0.265778 0.265876 0.265969 0.266072 0.266070 0.266081 0.266097 0.266102 0.266106 0.266089 0.266001 0.265925 0.265857 0.265842 0.265814 0.000000 0.000000
0.000000 0.000000 0.251647 0.251686 0.251739 0.251817 0.251923 0.252048 0.252036 0.252057 0.252079 0.252083 0.252077 0.252084 0.251959 0.251868 0.251815 0.251792 0.251768 0.000000 0.000000
0.000000 0.000000 0.236025 0.236080 0.236123 0.236208 0.236325 0.236456 0.236454 0.236468 0.236500 0.236489 0.236474 0.236481 0.236379 0.236261 0.236198 0.236173 0.236163 0.000000 0.000000
0.000000 0.000000 0.218145 0.218192 0.218233 0.218415 0.218471 0.218647 0.218610 0.218693 0.218693 0.218706 0.218734 0.218688 0.218573 0.218499 0.218410 0.218378 0.218303 0.000000 0.000000
0.000000 0.000000 0.197138 0.197234 0.197344 0.197435 0.197531 0.197755 0.197760 0.197764 0.197747 0.197825 0.197787 0.197802 0.197595 0.197478 0.197431 0.197402 0.197249 0.000000 0.000000
0.000000 0.000000 0.173347 0.173436 0.173463 0.173641 0.173759 0.174358 0.174370 0.174402 0.174626 0.174493 0.174483 0.174432 0.173981 0.173883 0.173662 0.173651 0.173621 0.000000 0.000000
0.000000 0.000000 0.143881 0.143920 0.144123 0.144248 0.145093 0.144774 0.144955 0.144947 0.144832 0.144959 0.144975 0.145073 0.145355 0.144432 0.144408 0.144192 0.144066 0.000000 0.000000
0.000000 0.000000 0.111254 0.111354 0.111507 0.112570 0.112086 0.112758 0.112896 0.112959 0.113219 0.113286 0.113173 0.113157 0.112566 0.113027 0.111660 0.111990 0.112047 0.000000 0.000000
0.000000 0.000000 0.083886 0.083939 0.084961 0.084425 0.084620 0.084568 0.084118 0.084233 0.083997 0.084036 0.084232 0.083992 0.084139 0.083957 0.085126 0.083563 0.083587 0.000000 0.000000
0.000000 0.000000 0.062018 0.062669 0.062571 0.062809 0.063164 0.063240 0.063409 0.063370 0.063570 0.063548 0.063440 0.063549 0.063410 0.063140 0.062639 0.062950 0.062276 0.000000 0.000000
0.000000 0.000000 0.051672 0.051735 0.051360 0.051518 0.051691 0.052009 0.052062 0.052117 0.052101 0.052115 0.052072 0.052094 0.051790 0.051658 0.051361 0.051813 0.051742 0.000000 0.000000
0.000000 0.000000 0.300000 0.300000 0.300000 0.300000 0.300000 0.300000 0.300000 0.300000 0.300000 0.300000 0.300000 0.300000 0.300000 0.300000 0.300000 0.300000 0.300000 0.000000 0.000000
0.000000 0.000000 0.000000 0.000000 0.000000 0.000000 0.000000 0.000000 0.000000 0.000000 0.000000 0.000000 0.000000 0.000000 0.000000 0.000000 0.000000 0.000000 0.000000 0.000000 0.000000