geotop/1.0zi/1.0Montebello/Templates/testdem/maps/_Eocclay2397.asc
ncols         21
nrows         20
xllcorner     100.000000
yllcorner     100.000000
cellsize      50.000000
NODATA_value  -9999.0
0.000000 0.000000 0.000000 0.000000 0.000000 0.000000 0.000000 0.000000 0.000000 0.000000 0.000000 0.000000 0.000000 0.000000 0.000000 0.000000 0.000000 0.000000 0.000000 0.000000 0.000000
0.000000 0.000000 0.349872 0.349872 0.349872 0.349871 0.349872 0.349872 0.349872 0.349872 0.349871 0.349872 0.349872 0.349872 0.349872 0.349871 0.349872 0.349872 0.349872 0.000000 0.000000
0.000000 0.000000 0.349990 0.349990 0.349989 0.349990 0.349990 0.349990 0.349990 0.349990 0.349990 0.349990 0.349990 0.349990 0.349990 0.349990 0.349989 0.349990 0.349990 0.000000 0.000000
0.000000 0.000000 0.350735 0.350735 0.350733 0.350734 0.350735 0.350735 0.350735 0.350735 0.350735 0.350735 0.350735 0.350735 0.350735 0.350734 0.350733 0.350735 0.350735 0.000000 0.000000
0.000000 0.000000 0.354142 0.354141 0.354139 0.354139 0.354143 0.354142 0.354142 0.354143 0.354143 0.354143 0.354142 0.354142 0.354143 0.354139 0.354139 0.354141 0.354142 0.000000 0.000000
0.000000 0.000000 0.358089 0.358088 0.358087 0.358087 0.358089 0.358088 0.358088 0.358089 0.358090 0.358089 0.358088 0.358088 0.358089 0.358087 0.358087 0.358088 0.358089 0.000000 0.000000
0.000000 0.000000 0.361842 0.361841 0.361840 0.361840 0.361842 0.361842 0.361842 0.361843 0.361843 0.361843 0.361842 0.361842 0.361842 0.361840 0.361840 0.361841 0.361842 0.000000 0.000000
0.000000 0.000000 0.365294 0.365293 0.365292 0.365292 0.365294 0.365293 0.365293 0.365294 0.365294 0.365294 0.365293 0.365293 0.365294 0.365292 0.365292 0.365293 0.365294 0.000000 0.000000
0.000000 0.000000 0.368517 0.368516 0.368515 0.368515 0.368517 0.368516 0.368517 0.368517 0.368517 0.368517 0.368517 0.368516 0.368517 0.368515 0.368515 0.368516 0.368517 0.000000 0.000000
0.000000 0.000000 0.371584 0.371583 0.371582 0.371583 0.371584 0.371584 0.371584 0.371584 0.371584 0.371584 0.371584 0.371584 0.371584 0.371583 0.371582 0.371583 0.371584 0.000000 0.000000
0.000000 0.000000 0.374530 0.374530 0.374529 0.374529 0.374531 0.374530 0.374530 0.374531 0.374531 0.374531 0.374530 0.374530 0.374531 0.374529 0.374529 0.374530 0.374530 0.000000 0.000000
0.000000 0.000000 0.377384 0.377384 0.377383 0.377383 0.377384 0.377384 0.377384 0.377385 0.377385 0.377385 0.377384 0.377384 0.377384 0.377383 0.377383 0.377384 0.377384 0.000000 0.000000
0.000000 0.000000 0.380166 0.380165 0.380164 0.380165 0.380166 0.380165 0.380166 0.380166 0.380166 0.380166 0.380166 0.380165 0.380166 0.380165 0.380164 0.380165 0.380166 0.000000 0.000000
0.000000 0.000000 0.382887 0.382887 0.382886 0.382886 0.382888 0.382887 0.382887 0.382888 0.382888 0.382888 0.382887 0.382887 0.382888 0.382886 0.382886 0.382887 0.382887 0.000000 0.000000
0.000000 0.000000 0.385559 0.385559 0.385557 0.385558 0.385559 0.385559 0.385559 0.385559 0.385559 0.385559 0.385559 0.385559 0.385559 0.385558 0.385557 0.385559 0.385559 0.000000 0.000000
0.000000 0.000000 0.388183 0.388183 0.388182 0.388182 0.388183 0.388183 0.388183 0.388184 0.388184 0.388184 0.388183 0.388183 0.388183 0.388182 0.388182 0.388183 0.388183 0.000000 0.000000
0.000000 0.000000 0.390762 0.390762 0.390761 0.390762 0.390763 0.390762 0.390762 0.390763 0.390763 0.390763 0.390762 0.390762 0.390763 0.390762 0.390761 0.390762 0.390762 0.000000 0.000000
0.000000 0.000000 0.393334 0.393334 0.393333 0.393334 0.393335 0.393334 0.393334 0.393335 0.393335 0.393335 0.393334 0.393334 0.393335 0.393334 0.393333 0.393334 0.393334 0.000000 0.000000
0.000000 0.000000 0.350000 0.350000 0.350000 0.350000 0.350000 0.350000 0.350000 0.350000 0.350000 0.350000 0.350000 0.350000 0.350000 0.350000 0.350000 0.350000 0.350000 0.000000 0.000000
0.000000 0.000000 0.000000 0.000000 0.000000 0.000000 0.000000 0.000000 0.000000 0.000000 0.000000 0.000000 0.000000 0.000000 0.000000 0.000000 0.000000 0.000000 0.000000 0.000000 0.000000