geotop/1.0zi/1.0Montebello/Templates/testdem/maps/_Eocsilt032.asc
ncols         21
nrows         20
xllcorner     100.000000
yllcorner     100.000000
cellsize      50.000000
NODATA_value  -9999.0
0.000000 0.000000 0.000000 0.000000 0.000000 0.000000 0.000000 0.000000 0.000000 0.000000 0.000000 0.000000 0.000000 0.000000 0.000000 0.000000 0.000000 0.000000 0.000000 0.000000 0.000000
0.000000 0.000000 0.350225 0.350225 0.350225 0.350225 0.350224 0.350224 0.350225 0.350224 0.350225 0.350224 0.350224 0.350224 0.350225 0.350225 0.350226 0.350225 0.350225 0.000000 0.000000
0.000000 0.000000 0.350006 0.350006 0.350007 0.350006 0.350007 0.350007 0.350007 0.350007 0.350007 0.350007 0.350008 0.350007 0.350007 0.350006 0.350005 0.350005 0.350006 0.000000 0.000000
0.000000 0.000000 0.350190 0.350187 0.350179 0.350176 0.350175 0.350169 0.350173 0.350174 0.350171 0.350175 0.350176 0.350176 0.350178 0.350181 0.350184 0.350187 0.350188 0.000000 0.000000
0.000000 0.000000 0.351723 0.351733 0.351721 0.351698 0.351688 0.351681 0.351684 0.351682 0.351681 0.351684 0.351689 0.351687 0.351701 0.351710 0.351717 0.351723 0.351727 0.000000 0.000000
0.000000 0.000000 0.355805 0.355801 0.355784 0.355753 0.355718 0.355689 0.355688 0.355685 0.355683 0.355685 0.355689 0.355686 0.355704 0.355730 0.355745 0.355755 0.355762 0.000000 0.000000
0.000000 0.000000 0.361528 0.361519 0.361501 0.361457 0.361412 0.361352 0.361356 0.361353 0.361347 0.361346 0.361343 0.361347 0.361393 0.361428 0.361453 0.361471 0.361477 0.000000 0.000000
0.000000 0.000000 0.368345 0.368334 0.368316 0.368264 0.368215 0.368160 0.368163 0.368158 0.368150 0.368147 0.368145 0.368152 0.368196 0.368237 0.368276 0.368283 0.368298 0.000000 0.000000
0.000000 0.000000 0.375952 0.375934 0.375903 0.375861 0.375804 0.375736 0.375743 0.375733 0.375722 0.375720 0.375724 0.375719 0.375783 0.375832 0.375863 0.375877 0.375890 0.000000 0.000000
0.000000 0.000000 0.384480 0.384455 0.384428 0.384381 0.384319 0.384246 0.384248 0.384243 0.384225 0.384232 0.384239 0.384235 0.384286 0.384351 0.384387 0.384402 0.384407 0.000000 0.000000
0.000000 0.000000 0.394347 0.394327 0.394303 0.394200 0.394171 0.394072 0.394094 0.394050 0.394051 0.394043 0.394027 0.394053 0.394111 0.394152 0.394203 0.394222 0.394264 0.000000 0.000000
0.000000 0.000000 0.406084 0.406037 0.405973 0.405925 0.405869 0.405743 0.405740 0.405744 0.405754 0.405709 0.405733 0.405721 0.405831 0.405899 0.405926 0.405945 0.406028 0.000000 0.000000
0.000000 0.000000 0.419381 0.419341 0.419328 0.419225 0.419157 0.418812 0.418808 0.418792 0.418660 0.418742 0.418746 0.418775 0.419024 0.419078 0.419209 0.419218 0.419226 0.000000 0.000000
0.000000 0.000000 0.435468 0.435459 0.435342 0.435279 0.434810 0.435016 0.434919 0.434929 0.435007 0.434927 0.434917 0.434858 0.434669 0.435184 0.435189 0.435312 0.435380 0.000000 0.000000
0.000000 0.000000 0.451203 0.451165 0.451099 0.450615 0.450859 0.450532 0.450479 0.450453 0.450329 0.450303 0.450356 0.450366 0.450644 0.450404 0.451034 0.450881 0.450849 0.000000 0.000000
0.000000 0.000000 0.461957 0.461940 0.461627 0.461729 0.461691 0.461671 0.461798 0.461762 0.461819 0.461806 0.461754 0.461823 0.461806 0.461842 0.461566 0.462013 0.462003 0.000000 0.000000
0.000000 0.000000 0.469004 0.468942 0.468792 0.468841 0.468784 0.468781 0.468832 0.468818 0.468834 0.468830 0.468811 0.468838 0.468830 0.468879 0.468761 0.468971 0.469026 0.000000 0.000000
0.000000 0.000000 0.474321 0.474092 0.474056 0.474011 0.473903 0.473913 0.473873 0.473891 0.473826 0.473834 0.473861 0.473832 0.473852 0.473921 0.474030 0.474012 0.474244 0.000000 0.000000
0.000000 0.000000 0.350000 0.350000 0.350000 0.350000 0.350000 0.350000 0.350000 0.350000 0.350000 0.350000 0.350000 0.350000 0.350000 0.350000 0.350000 0.350000 0.350000 0.000000 0.000000
0.000000 0.000000 0.000000 0.000000 0.000000 0.000000 0.000000 0.000000 0.000000 0.000000 0.000000 0.000000 0.000000 0.000000 0.000000 0.000000 0.000000 0.000000 0.000000 0.000000 0.000000