geotop/1.0zi/1.0Montebello/Templates/testdem/maps/_Eocsilt4741.asc
ncols         21
nrows         20
xllcorner     100.000000
yllcorner     100.000000
cellsize      50.000000
NODATA_value  -9999.0
0.000000 0.000000 0.000000 0.000000 0.000000 0.000000 0.000000 0.000000 0.000000 0.000000 0.000000 0.000000 0.000000 0.000000 0.000000 0.000000 0.000000 0.000000 0.000000 0.000000 0.000000
0.000000 0.000000 0.350096 0.350096 0.350096 0.350096 0.350095 0.350096 0.350096 0.350096 0.350096 0.350096 0.350096 0.350096 0.350095 0.350096 0.350096 0.350096 0.350095 0.000000 0.000000
0.000000 0.000000 0.350002 0.350002 0.350003 0.350003 0.350003 0.350003 0.350004 0.350003 0.350003 0.350003 0.350003 0.350003 0.350003 0.350003 0.350002 0.350001 0.350002 0.000000 0.000000
0.000000 0.000000 0.350034 0.350033 0.350033 0.350028 0.350030 0.350027 0.350029 0.350030 0.350029 0.350029 0.350029 0.350028 0.350030 0.350032 0.350033 0.350035 0.350033 0.000000 0.000000
0.000000 0.000000 0.350387 0.350390 0.350389 0.350384 0.350382 0.350378 0.350377 0.350374 0.350373 0.350375 0.350376 0.350376 0.350381 0.350382 0.350383 0.350391 0.350394 0.000000 0.000000
0.000000 0.000000 0.351546 0.351548 0.351544 0.351533 0.351526 0.351511 0.351509 0.351503 0.351508 0.351511 0.351515 0.351514 0.351519 0.351525 0.351531 0.351533 0.351537 0.000000 0.000000
0.000000 0.000000 0.353367 0.353366 0.353360 0.353345 0.353327 0.353310 0.353311 0.353308 0.353312 0.353311 0.353308 0.353314 0.353326 0.353341 0.353347 0.353354 0.353360 0.000000 0.000000
0.000000 0.000000 0.355530 0.355527 0.355526 0.355512 0.355494 0.355476 0.355477 0.355474 0.355474 0.355475 0.355474 0.355474 0.355492 0.355510 0.355520 0.355523 0.355528 0.000000 0.000000
0.000000 0.000000 0.357778 0.357773 0.357767 0.357755 0.357739 0.357716 0.357717 0.357712 0.357713 0.357714 0.357713 0.357715 0.357734 0.357753 0.357761 0.357767 0.357775 0.000000 0.000000
0.000000 0.000000 0.360004 0.360001 0.359996 0.359985 0.359966 0.359946 0.359949 0.359945 0.359946 0.359947 0.359945 0.359945 0.359965 0.359983 0.359991 0.359995 0.360001 0.000000 0.000000
0.000000 0.000000 0.362252 0.362247 0.362244 0.362234 0.362219 0.362196 0.362198 0.362192 0.362193 0.362195 0.362193 0.362193 0.362210 0.362225 0.362235 0.362240 0.362247 0.000000 0.000000
0.000000 0.000000 0.364581 0.364577 0.364571 0.364557 0.364541 0.364518 0.364518 0.364514 0.364515 0.364515 0.364514 0.364515 0.364537 0.364554 0.364563 0.364567 0.364591 0.000000 0.000000
0.000000 0.000000 0.366942 0.366937 0.366932 0.366921 0.366902 0.366854 0.366854 0.366850 0.366850 0.366851 0.366848 0.366850 0.366892 0.366912 0.366921 0.366926 0.366940 0.000000 0.000000
0.000000 0.000000 0.369449 0.369440 0.369436 0.369425 0.369374 0.369361 0.369354 0.369350 0.369351 0.369352 0.369349 0.369350 0.369364 0.369413 0.369423 0.369433 0.369442 0.000000 0.000000
0.000000 0.000000 0.372156 0.372149 0.372135 0.372091 0.372067 0.372036 0.372022 0.372016 0.372010 0.372009 0.372012 0.372008 0.372032 0.372066 0.372120 0.372118 0.372125 0.000000 0.000000
0.000000 0.000000 0.374961 0.374954 0.374901 0.374891 0.374874 0.374858 0.374856 0.374854 0.374858 0.374858 0.374851 0.374862 0.374871 0.374885 0.374886 0.374944 0.374958 0.000000 0.000000
0.000000 0.000000 0.378090 0.378018 0.377975 0.377953 0.377915 0.377895 0.377891 0.377887 0.377880 0.377881 0.377882 0.377878 0.377893 0.377936 0.377963 0.377991 0.378062 0.000000 0.000000
0.000000 0.000000 0.380517 0.380502 0.380547 0.380520 0.380487 0.380417 0.380411 0.380403 0.380407 0.380407 0.380403 0.380409 0.380473 0.380509 0.380549 0.380489 0.380515 0.000000 0.000000
0.000000 0.000000 0.350000 0.350000 0.350000 0.350000 0.350000 0.350000 0.350000 0.350000 0.350000 0.350000 0.350000 0.350000 0.350000 0.350000 0.350000 0.350000 0.350000 0.000000 0.000000
0.000000 0.000000 0.000000 0.000000 0.000000 0.000000 0.000000 0.000000 0.000000 0.000000 0.000000 0.000000 0.000000 0.000000 0.000000 0.000000 0.000000 0.000000 0.000000 0.000000 0.000000