geotop/1.0zi/1.0Montebello/Templates/testdem/maps/_Eocclay7495.asc
ncols         21
nrows         20
xllcorner     100.000000
yllcorner     100.000000
cellsize      50.000000
NODATA_value  -9999.0
0.000000 0.000000 0.000000 0.000000 0.000000 0.000000 0.000000 0.000000 0.000000 0.000000 0.000000 0.000000 0.000000 0.000000 0.000000 0.000000 0.000000 0.000000 0.000000 0.000000 0.000000
0.000000 0.000000 0.349659 0.349660 0.349660 0.349659 0.349660 0.349660 0.349660 0.349660 0.349659 0.349660 0.349660 0.349660 0.349661 0.349660 0.349658 0.349659 0.349660 0.000000 0.000000
0.000000 0.000000 0.349986 0.349985 0.349986 0.349987 0.349986 0.349985 0.349985 0.349985 0.349985 0.349985 0.349986 0.349985 0.349986 0.349986 0.349987 0.349986 0.349984 0.000000 0.000000
0.000000 0.000000 0.350004 0.350009 0.350005 0.350005 0.350007 0.350005 0.350007 0.350004 0.350007 0.350005 0.350005 0.350004 0.350005 0.350008 0.350006 0.350010 0.350008 0.000000 0.000000
0.000000 0.000000 0.350951 0.350948 0.350944 0.350939 0.350924 0.350921 0.350918 0.350922 0.350918 0.350919 0.350915 0.350919 0.350929 0.350930 0.350938 0.350939 0.350946 0.000000 0.000000
0.000000 0.000000 0.353478 0.353476 0.353465 0.353439 0.353426 0.353402 0.353404 0.353398 0.353401 0.353400 0.353402 0.353403 0.353414 0.353433 0.353447 0.353461 0.353467 0.000000 0.000000
0.000000 0.000000 0.356974 0.356971 0.356963 0.356940 0.356912 0.356876 0.356874 0.356869 0.356870 0.356871 0.356871 0.356872 0.356903 0.356931 0.356947 0.356959 0.356967 0.000000 0.000000
0.000000 0.000000 0.361142 0.361140 0.361132 0.361104 0.361076 0.361037 0.361037 0.361033 0.361032 0.361030 0.361028 0.361036 0.361068 0.361093 0.361117 0.361126 0.361138 0.000000 0.000000
0.000000 0.000000 0.365511 0.365504 0.365492 0.365475 0.365445 0.365406 0.365408 0.365400 0.365397 0.365395 0.365395 0.365395 0.365433 0.365465 0.365484 0.365493 0.365502 0.000000 0.000000
0.000000 0.000000 0.370086 0.370077 0.370070 0.370054 0.370010 0.369975 0.369975 0.369971 0.369965 0.369968 0.369973 0.369971 0.370004 0.370040 0.370063 0.370070 0.370078 0.000000 0.000000
0.000000 0.000000 0.375004 0.374998 0.374991 0.374956 0.374925 0.374884 0.374893 0.374871 0.374873 0.374872 0.374864 0.374879 0.374909 0.374931 0.374959 0.374974 0.374993 0.000000 0.000000
0.000000 0.000000 0.380378 0.380364 0.380348 0.380324 0.380292 0.380240 0.380238 0.380231 0.380242 0.380225 0.380229 0.380233 0.380285 0.380312 0.380331 0.380342 0.380389 0.000000 0.000000
0.000000 0.000000 0.386109 0.386094 0.386088 0.386056 0.386027 0.385901 0.385900 0.385892 0.385860 0.385876 0.385883 0.385895 0.385992 0.386019 0.386067 0.386073 0.386099 0.000000 0.000000
0.000000 0.000000 0.392686 0.392681 0.392656 0.392633 0.392485 0.392482 0.392451 0.392451 0.392455 0.392449 0.392445 0.392440 0.392437 0.392591 0.392622 0.392663 0.392696 0.000000 0.000000
0.000000 0.000000 0.400311 0.400299 0.400267 0.400088 0.400082 0.399995 0.399947 0.399938 0.399908 0.399886 0.399904 0.399899 0.399984 0.400003 0.400242 0.400213 0.400223 0.000000 0.000000
0.000000 0.000000 0.408671 0.408658 0.408403 0.408441 0.408425 0.408388 0.408473 0.408442 0.408484 0.408461 0.408423 0.408486 0.408505 0.408519 0.408379 0.408734 0.408730 0.000000 0.000000
0.000000 0.000000 0.419038 0.418636 0.418661 0.418526 0.418324 0.418263 0.418177 0.418195 0.418085 0.418091 0.418149 0.418097 0.418198 0.418347 0.418645 0.418512 0.418927 0.000000 0.000000
0.000000 0.000000 0.424140 0.424448 0.424826 0.424799 0.424776 0.424424 0.424458 0.424363 0.424498 0.424467 0.424457 0.424499 0.424806 0.424821 0.424894 0.424566 0.424270 0.000000 0.000000
0.000000 0.000000 0.350000 0.350000 0.350000 0.350000 0.350000 0.350000 0.350000 0.350000 0.350000 0.350000 0.350000 0.350000 0.350000 0.350000 0.350000 0.350000 0.350000 0.000000 0.000000
0.000000 0.000000 0.000000 0.000000 0.000000 0.000000 0.000000 0.000000 0.000000 0.000000 0.000000 0.000000 0.000000 0.000000 0.000000 0.000000 0.000000 0.000000 0.000000 0.000000 0.000000