geotop/1.0zi/1.0Montebello/Templates/testdem/maps/_Eocsand1957.asc
ncols         21
nrows         20
xllcorner     100.000000
yllcorner     100.000000
cellsize      50.000000
NODATA_value  -9999.0
0.000000 0.000000 0.000000 0.000000 0.000000 0.000000 0.000000 0.000000 0.000000 0.000000 0.000000 0.000000 0.000000 0.000000 0.000000 0.000000 0.000000 0.000000 0.000000 0.000000 0.000000
0.000000 0.000000 0.300058 0.300058 0.300058 0.300058 0.300058 0.300058 0.300058 0.300058 0.300058 0.300058 0.300058 0.300058 0.300058 0.300058 0.300058 0.300058 0.300058 0.000000 0.000000
0.000000 0.000000 0.300008 0.300008 0.300009 0.300008 0.300008 0.300008 0.300008 0.300008 0.300008 0.300008 0.300008 0.300008 0.300008 0.300008 0.300009 0.300008 0.300008 0.000000 0.000000
0.000000 0.000000 0.298652 0.298652 0.298657 0.298654 0.298651 0.298651 0.298652 0.298651 0.298651 0.298651 0.298652 0.298651 0.298651 0.298654 0.298657 0.298652 0.298652 0.000000 0.000000
0.000000 0.000000 0.293301 0.293302 0.293306 0.293306 0.293299 0.293301 0.293301 0.293299 0.293299 0.293299 0.293301 0.293301 0.293299 0.293306 0.293306 0.293302 0.293301 0.000000 0.000000
0.000000 0.000000 0.286793 0.286794 0.286797 0.286797 0.286792 0.286794 0.286793 0.286792 0.286791 0.286792 0.286793 0.286794 0.286792 0.286797 0.286797 0.286794 0.286793 0.000000 0.000000
0.000000 0.000000 0.280715 0.280716 0.280719 0.280718 0.280714 0.280715 0.280715 0.280713 0.280713 0.280713 0.280715 0.280715 0.280714 0.280718 0.280719 0.280716 0.280715 0.000000 0.000000
0.000000 0.000000 0.275128 0.275128 0.275131 0.275131 0.275127 0.275128 0.275128 0.275127 0.275126 0.275127 0.275128 0.275128 0.275127 0.275131 0.275131 0.275128 0.275128 0.000000 0.000000
0.000000 0.000000 0.269899 0.269900 0.269902 0.269902 0.269898 0.269899 0.269899 0.269898 0.269898 0.269898 0.269899 0.269899 0.269898 0.269902 0.269902 0.269900 0.269899 0.000000 0.000000
0.000000 0.000000 0.264903 0.264903 0.264906 0.264905 0.264902 0.264903 0.264903 0.264902 0.264901 0.264902 0.264903 0.264903 0.264902 0.264905 0.264906 0.264903 0.264903 0.000000 0.000000
0.000000 0.000000 0.260085 0.260085 0.260088 0.260087 0.260084 0.260085 0.260085 0.260084 0.260084 0.260084 0.260085 0.260085 0.260084 0.260087 0.260088 0.260085 0.260085 0.000000 0.000000
0.000000 0.000000 0.255401 0.255401 0.255404 0.255403 0.255400 0.255401 0.255401 0.255400 0.255399 0.255400 0.255401 0.255401 0.255400 0.255403 0.255404 0.255401 0.255401 0.000000 0.000000
0.000000 0.000000 0.250818 0.250819 0.250821 0.250820 0.250818 0.250818 0.250818 0.250817 0.250817 0.250817 0.250818 0.250818 0.250818 0.250820 0.250821 0.250819 0.250818 0.000000 0.000000
0.000000 0.000000 0.246329 0.246329 0.246332 0.246331 0.246328 0.246329 0.246329 0.246328 0.246327 0.246328 0.246329 0.246329 0.246328 0.246331 0.246332 0.246329 0.246329 0.000000 0.000000
0.000000 0.000000 0.241912 0.241912 0.241915 0.241914 0.241911 0.241912 0.241912 0.241911 0.241911 0.241911 0.241912 0.241912 0.241911 0.241914 0.241915 0.241912 0.241912 0.000000 0.000000
0.000000 0.000000 0.237554 0.237555 0.237557 0.237556 0.237554 0.237555 0.237554 0.237553 0.237553 0.237553 0.237554 0.237555 0.237554 0.237556 0.237557 0.237555 0.237554 0.000000 0.000000
0.000000 0.000000 0.233258 0.233258 0.233261 0.233260 0.233258 0.233258 0.233258 0.233257 0.233257 0.233257 0.233258 0.233258 0.233258 0.233260 0.233261 0.233258 0.233258 0.000000 0.000000
0.000000 0.000000 0.228952 0.228952 0.228955 0.228954 0.228951 0.228952 0.228952 0.228951 0.228951 0.228951 0.228952 0.228952 0.228951 0.228954 0.228955 0.228952 0.228952 0.000000 0.000000
0.000000 0.000000 0.300000 0.300000 0.300000 0.300000 0.300000 0.300000 0.300000 0.300000 0.300000 0.300000 0.300000 0.300000 0.300000 0.300000 0.300000 0.300000 0.300000 0.000000 0.000000
0.000000 0.000000 0.000000 0.000000 0.000000 0.000000 0.000000 0.000000 0.000000 0.000000 0.000000 0.000000 0.000000 0.000000 0.000000 0.000000 0.000000 0.000000 0.000000 0.000000 0.000000