geotop/1.0zi/1.0Montebello/Templates/testdem/maps/_Eocsilt2964.asc
ncols         21
nrows         20
xllcorner     100.000000
yllcorner     100.000000
cellsize      50.000000
NODATA_value  -9999.0
0.000000 0.000000 0.000000 0.000000 0.000000 0.000000 0.000000 0.000000 0.000000 0.000000 0.000000 0.000000 0.000000 0.000000 0.000000 0.000000 0.000000 0.000000 0.000000 0.000000 0.000000
0.000000 0.000000 0.350079 0.350079 0.350079 0.350079 0.350079 0.350079 0.350079 0.350079 0.350078 0.350079 0.350079 0.350079 0.350079 0.350079 0.350079 0.350079 0.350079 0.000000 0.000000
0.000000 0.000000 0.349996 0.349996 0.349996 0.349996 0.349996 0.349996 0.349996 0.349996 0.349997 0.349996 0.349996 0.349996 0.349996 0.349996 0.349996 0.349996 0.349996 0.000000 0.000000
0.000000 0.000000 0.351119 0.351119 0.351116 0.351117 0.351120 0.351119 0.351119 0.351120 0.351120 0.351120 0.351119 0.351119 0.351120 0.351117 0.351116 0.351119 0.351119 0.000000 0.000000
0.000000 0.000000 0.355334 0.355334 0.355332 0.355332 0.355335 0.355334 0.355334 0.355335 0.355335 0.355335 0.355334 0.355334 0.355335 0.355332 0.355332 0.355334 0.355334 0.000000 0.000000
0.000000 0.000000 0.360569 0.360569 0.360567 0.360567 0.360570 0.360569 0.360569 0.360570 0.360570 0.360570 0.360569 0.360569 0.360570 0.360567 0.360567 0.360569 0.360569 0.000000 0.000000
0.000000 0.000000 0.365316 0.365316 0.365315 0.365315 0.365317 0.365316 0.365316 0.365317 0.365317 0.365317 0.365316 0.365316 0.365317 0.365315 0.365315 0.365316 0.365316 0.000000 0.000000
0.000000 0.000000 0.369613 0.369612 0.369611 0.369611 0.369613 0.369612 0.369612 0.369613 0.369613 0.369613 0.369612 0.369612 0.369613 0.369611 0.369611 0.369612 0.369613 0.000000 0.000000
0.000000 0.000000 0.373585 0.373585 0.373583 0.373584 0.373585 0.373585 0.373585 0.373585 0.373586 0.373585 0.373585 0.373585 0.373585 0.373584 0.373583 0.373585 0.373585 0.000000 0.000000
0.000000 0.000000 0.377329 0.377329 0.377328 0.377328 0.377329 0.377329 0.377329 0.377330 0.377330 0.377330 0.377329 0.377329 0.377329 0.377328 0.377328 0.377329 0.377329 0.000000 0.000000
0.000000 0.000000 0.380891 0.380890 0.380889 0.380890 0.380891 0.380891 0.380891 0.380891 0.380892 0.380891 0.380891 0.380891 0.380891 0.380890 0.380889 0.380890 0.380891 0.000000 0.000000
0.000000 0.000000 0.384305 0.384304 0.384303 0.384304 0.384305 0.384304 0.384304 0.384305 0.384305 0.384305 0.384304 0.384304 0.384305 0.384304 0.384303 0.384304 0.384305 0.000000 0.000000
0.000000 0.000000 0.387598 0.387597 0.387596 0.387597 0.387598 0.387598 0.387598 0.387598 0.387598 0.387598 0.387598 0.387598 0.387598 0.387597 0.387596 0.387597 0.387598 0.000000 0.000000
0.000000 0.000000 0.390796 0.390796 0.390795 0.390795 0.390796 0.390796 0.390796 0.390796 0.390797 0.390796 0.390796 0.390796 0.390796 0.390795 0.390795 0.390796 0.390796 0.000000 0.000000
0.000000 0.000000 0.393905 0.393905 0.393904 0.393904 0.393905 0.393905 0.393905 0.393906 0.393906 0.393906 0.393905 0.393905 0.393905 0.393904 0.393904 0.393905 0.393905 0.000000 0.000000
0.000000 0.000000 0.396932 0.396931 0.396930 0.396931 0.396932 0.396931 0.396931 0.396932 0.396932 0.396932 0.396931 0.396931 0.396932 0.396931 0.396930 0.396931 0.396932 0.000000 0.000000
0.000000 0.000000 0.399885 0.399885 0.399884 0.399884 0.399886 0.399885 0.399885 0.399886 0.399886 0.399886 0.399885 0.399885 0.399886 0.399884 0.399884 0.399885 0.399885 0.000000 0.000000
0.000000 0.000000 0.402828 0.402828 0.402827 0.402827 0.402828 0.402828 0.402828 0.402829 0.402829 0.402829 0.402828 0.402828 0.402828 0.402827 0.402827 0.402828 0.402828 0.000000 0.000000
0.000000 0.000000 0.350000 0.350000 0.350000 0.350000 0.350000 0.350000 0.350000 0.350000 0.350000 0.350000 0.350000 0.350000 0.350000 0.350000 0.350000 0.350000 0.350000 0.000000 0.000000
0.000000 0.000000 0.000000 0.000000 0.000000 0.000000 0.000000 0.000000 0.000000 0.000000 0.000000 0.000000 0.000000 0.000000 0.000000 0.000000 0.000000 0.000000 0.000000 0.000000 0.000000