geotop/1.0zi/1.0Montebello/Templates/testdem/maps/_Eocclay1148.asc
ncols         21
nrows         20
xllcorner     100.000000
yllcorner     100.000000
cellsize      50.000000
NODATA_value  -9999.0
0.000000 0.000000 0.000000 0.000000 0.000000 0.000000 0.000000 0.000000 0.000000 0.000000 0.000000 0.000000 0.000000 0.000000 0.000000 0.000000 0.000000 0.000000 0.000000 0.000000 0.000000
0.000000 0.000000 0.349943 0.349943 0.349943 0.349943 0.349943 0.349943 0.349943 0.349943 0.349943 0.349943 0.349943 0.349943 0.349943 0.349943 0.349943 0.349943 0.349943 0.000000 0.000000
0.000000 0.000000 0.349995 0.349994 0.349994 0.349995 0.349995 0.349995 0.349995 0.349995 0.349995 0.349995 0.349995 0.349995 0.349995 0.349995 0.349994 0.349994 0.349995 0.000000 0.000000
0.000000 0.000000 0.350441 0.350441 0.350439 0.350440 0.350442 0.350441 0.350441 0.350442 0.350442 0.350442 0.350441 0.350441 0.350442 0.350440 0.350439 0.350441 0.350441 0.000000 0.000000
0.000000 0.000000 0.352145 0.352144 0.352141 0.352142 0.352145 0.352144 0.352144 0.352145 0.352145 0.352145 0.352144 0.352144 0.352145 0.352142 0.352141 0.352144 0.352145 0.000000 0.000000
0.000000 0.000000 0.354051 0.354050 0.354048 0.354048 0.354051 0.354050 0.354050 0.354051 0.354051 0.354051 0.354050 0.354050 0.354051 0.354048 0.354048 0.354050 0.354051 0.000000 0.000000
0.000000 0.000000 0.355869 0.355869 0.355867 0.355867 0.355869 0.355869 0.355869 0.355869 0.355869 0.355869 0.355869 0.355869 0.355869 0.355867 0.355867 0.355869 0.355869 0.000000 0.000000
0.000000 0.000000 0.357549 0.357549 0.357547 0.357547 0.357549 0.357549 0.357549 0.357549 0.357549 0.357549 0.357549 0.357549 0.357549 0.357547 0.357547 0.357549 0.357549 0.000000 0.000000
0.000000 0.000000 0.359125 0.359125 0.359123 0.359124 0.359125 0.359125 0.359125 0.359125 0.359125 0.359125 0.359125 0.359125 0.359125 0.359124 0.359123 0.359125 0.359125 0.000000 0.000000
0.000000 0.000000 0.360637 0.360637 0.360635 0.360636 0.360637 0.360637 0.360637 0.360637 0.360637 0.360637 0.360637 0.360637 0.360637 0.360636 0.360635 0.360637 0.360637 0.000000 0.000000
0.000000 0.000000 0.362100 0.362100 0.362099 0.362099 0.362100 0.362100 0.362100 0.362101 0.362100 0.362101 0.362100 0.362100 0.362100 0.362099 0.362099 0.362100 0.362100 0.000000 0.000000
0.000000 0.000000 0.363530 0.363530 0.363528 0.363529 0.363530 0.363530 0.363530 0.363530 0.363530 0.363530 0.363530 0.363530 0.363530 0.363529 0.363528 0.363530 0.363530 0.000000 0.000000
0.000000 0.000000 0.364936 0.364936 0.364935 0.364935 0.364936 0.364936 0.364936 0.364937 0.364937 0.364937 0.364936 0.364936 0.364936 0.364935 0.364935 0.364936 0.364936 0.000000 0.000000
0.000000 0.000000 0.366318 0.366318 0.366316 0.366317 0.366318 0.366318 0.366318 0.366318 0.366318 0.366318 0.366318 0.366318 0.366318 0.366317 0.366316 0.366318 0.366318 0.000000 0.000000
0.000000 0.000000 0.367686 0.367685 0.367684 0.367684 0.367686 0.367685 0.367685 0.367686 0.367686 0.367686 0.367685 0.367685 0.367686 0.367684 0.367684 0.367685 0.367686 0.000000 0.000000
0.000000 0.000000 0.369044 0.369044 0.369042 0.369043 0.369044 0.369044 0.369044 0.369044 0.369044 0.369044 0.369044 0.369044 0.369044 0.369043 0.369042 0.369044 0.369044 0.000000 0.000000
0.000000 0.000000 0.370388 0.370388 0.370386 0.370387 0.370388 0.370388 0.370388 0.370388 0.370388 0.370388 0.370388 0.370388 0.370388 0.370387 0.370386 0.370388 0.370388 0.000000 0.000000
0.000000 0.000000 0.371755 0.371755 0.371754 0.371754 0.371755 0.371755 0.371755 0.371756 0.371756 0.371756 0.371755 0.371755 0.371755 0.371754 0.371754 0.371755 0.371755 0.000000 0.000000
0.000000 0.000000 0.350000 0.350000 0.350000 0.350000 0.350000 0.350000 0.350000 0.350000 0.350000 0.350000 0.350000 0.350000 0.350000 0.350000 0.350000 0.350000 0.350000 0.000000 0.000000
0.000000 0.000000 0.000000 0.000000 0.000000 0.000000 0.000000 0.000000 0.000000 0.000000 0.000000 0.000000 0.000000 0.000000 0.000000 0.000000 0.000000 0.000000 0.000000 0.000000 0.000000