geotop/1.0zi/1.0Montebello/Templates/testdem/maps/_Eocsand7419.asc
ncols         21
nrows         20
xllcorner     100.000000
yllcorner     100.000000
cellsize      50.000000
NODATA_value  -9999.0
0.000000 0.000000 0.000000 0.000000 0.000000 0.000000 0.000000 0.000000 0.000000 0.000000 0.000000 0.000000 0.000000 0.000000 0.000000 0.000000 0.000000 0.000000 0.000000 0.000000 0.000000
0.000000 0.000000 0.300189 0.300187 0.300186 0.300187 0.300186 0.300186 0.300186 0.300186 0.300187 0.300186 0.300186 0.300187 0.300186 0.300186 0.300188 0.300187 0.300187 0.000000 0.000000
0.000000 0.000000 0.300010 0.300011 0.300010 0.300009 0.300010 0.300010 0.300010 0.300010 0.300010 0.300010 0.300009 0.300010 0.300010 0.300010 0.300011 0.300011 0.300012 0.000000 0.000000
0.000000 0.000000 0.299891 0.299890 0.299895 0.299902 0.299898 0.299906 0.299901 0.299903 0.299903 0.299903 0.299903 0.299905 0.299900 0.299895 0.299893 0.299890 0.299890 0.000000 0.000000
0.000000 0.000000 0.298106 0.298103 0.298111 0.298127 0.298147 0.298156 0.298163 0.298161 0.298164 0.298163 0.298167 0.298161 0.298138 0.298133 0.298122 0.298111 0.298103 0.000000 0.000000
0.000000 0.000000 0.293260 0.293260 0.293281 0.293322 0.293353 0.293397 0.293396 0.293408 0.293401 0.293401 0.293398 0.293398 0.293376 0.293346 0.293321 0.293299 0.293288 0.000000 0.000000
0.000000 0.000000 0.286424 0.286431 0.286449 0.286496 0.286554 0.286621 0.286621 0.286630 0.286628 0.286629 0.286632 0.286626 0.286568 0.286515 0.286484 0.286458 0.286443 0.000000 0.000000
0.000000 0.000000 0.278277 0.278281 0.278293 0.278346 0.278402 0.278475 0.278475 0.278483 0.278485 0.278490 0.278495 0.278481 0.278418 0.278368 0.278320 0.278305 0.278282 0.000000 0.000000
0.000000 0.000000 0.269670 0.269684 0.269710 0.269743 0.269802 0.269880 0.269876 0.269893 0.269898 0.269902 0.269900 0.269902 0.269825 0.269762 0.269725 0.269706 0.269687 0.000000 0.000000
0.000000 0.000000 0.260702 0.260719 0.260732 0.260764 0.260848 0.260918 0.260917 0.260926 0.260938 0.260932 0.260922 0.260927 0.260862 0.260791 0.260747 0.260733 0.260719 0.000000 0.000000
0.000000 0.000000 0.251122 0.251133 0.251148 0.251217 0.251276 0.251356 0.251338 0.251382 0.251378 0.251379 0.251394 0.251366 0.251308 0.251264 0.251210 0.251180 0.251143 0.000000 0.000000
0.000000 0.000000 0.240672 0.240700 0.240731 0.240777 0.240840 0.240940 0.240944 0.240958 0.240936 0.240970 0.240962 0.240953 0.240852 0.240800 0.240763 0.240742 0.240650 0.000000 0.000000
0.000000 0.000000 0.229561 0.229589 0.229602 0.229663 0.229718 0.229961 0.229964 0.229979 0.230041 0.230012 0.229997 0.229974 0.229788 0.229736 0.229643 0.229632 0.229580 0.000000 0.000000
0.000000 0.000000 0.216856 0.216866 0.216914 0.216957 0.217242 0.217248 0.217308 0.217308 0.217302 0.217314 0.217320 0.217330 0.217336 0.217040 0.216980 0.216901 0.216838 0.000000 0.000000
0.000000 0.000000 0.202177 0.202201 0.202263 0.202603 0.202618 0.202784 0.202875 0.202892 0.202950 0.202994 0.202957 0.202968 0.202806 0.202767 0.202310 0.202366 0.202345 0.000000 0.000000
0.000000 0.000000 0.186126 0.186151 0.186633 0.186568 0.186596 0.186671 0.186512 0.186571 0.186493 0.186537 0.186608 0.186489 0.186450 0.186423 0.186678 0.186012 0.186019 0.000000 0.000000
0.000000 0.000000 0.166336 0.167091 0.167056 0.167306 0.167686 0.167801 0.167959 0.167925 0.168130 0.168121 0.168013 0.168107 0.167919 0.167638 0.167087 0.167319 0.166543 0.000000 0.000000
0.000000 0.000000 0.156330 0.155776 0.155070 0.155127 0.155181 0.155841 0.155781 0.155957 0.155711 0.155769 0.155785 0.155709 0.155133 0.155097 0.154945 0.155562 0.156092 0.000000 0.000000
0.000000 0.000000 0.300000 0.300000 0.300000 0.300000 0.300000 0.300000 0.300000 0.300000 0.300000 0.300000 0.300000 0.300000 0.300000 0.300000 0.300000 0.300000 0.300000 0.000000 0.000000
0.000000 0.000000 0.000000 0.000000 0.000000 0.000000 0.000000 0.000000 0.000000 0.000000 0.000000 0.000000 0.000000 0.000000 0.000000 0.000000 0.000000 0.000000 0.000000 0.000000 0.000000