geotop/1.0zi/1.0Montebello/Templates/testdem/maps/_Eocsilt2390.asc
ncols         21
nrows         20
xllcorner     100.000000
yllcorner     100.000000
cellsize      50.000000
NODATA_value  -9999.0
0.000000 0.000000 0.000000 0.000000 0.000000 0.000000 0.000000 0.000000 0.000000 0.000000 0.000000 0.000000 0.000000 0.000000 0.000000 0.000000 0.000000 0.000000 0.000000 0.000000 0.000000
0.000000 0.000000 0.350057 0.350057 0.350057 0.350057 0.350057 0.350057 0.350057 0.350057 0.350056 0.350057 0.350057 0.350057 0.350057 0.350057 0.350057 0.350057 0.350057 0.000000 0.000000
0.000000 0.000000 0.349998 0.349998 0.349998 0.349998 0.349998 0.349998 0.349998 0.349998 0.349999 0.349998 0.349998 0.349998 0.349998 0.349998 0.349998 0.349998 0.349998 0.000000 0.000000
0.000000 0.000000 0.350792 0.350792 0.350790 0.350791 0.350793 0.350793 0.350792 0.350793 0.350793 0.350793 0.350792 0.350793 0.350793 0.350791 0.350790 0.350792 0.350792 0.000000 0.000000
0.000000 0.000000 0.353875 0.353875 0.353873 0.353873 0.353876 0.353875 0.353875 0.353876 0.353876 0.353876 0.353875 0.353875 0.353876 0.353873 0.353873 0.353875 0.353875 0.000000 0.000000
0.000000 0.000000 0.357897 0.357896 0.357895 0.357895 0.357897 0.357896 0.357896 0.357897 0.357898 0.357897 0.357896 0.357896 0.357897 0.357895 0.357895 0.357896 0.357897 0.000000 0.000000
0.000000 0.000000 0.361584 0.361583 0.361582 0.361582 0.361584 0.361583 0.361584 0.361584 0.361585 0.361584 0.361584 0.361583 0.361584 0.361582 0.361582 0.361583 0.361584 0.000000 0.000000
0.000000 0.000000 0.364952 0.364952 0.364950 0.364951 0.364952 0.364952 0.364952 0.364953 0.364953 0.364953 0.364952 0.364952 0.364952 0.364951 0.364950 0.364952 0.364952 0.000000 0.000000
0.000000 0.000000 0.368092 0.368092 0.368091 0.368091 0.368092 0.368092 0.368092 0.368093 0.368093 0.368093 0.368092 0.368092 0.368092 0.368091 0.368091 0.368092 0.368092 0.000000 0.000000
0.000000 0.000000 0.371077 0.371077 0.371075 0.371076 0.371077 0.371077 0.371077 0.371077 0.371078 0.371077 0.371077 0.371077 0.371077 0.371076 0.371075 0.371077 0.371077 0.000000 0.000000
0.000000 0.000000 0.373942 0.373941 0.373940 0.373941 0.373942 0.373942 0.373942 0.373942 0.373942 0.373942 0.373942 0.373942 0.373942 0.373941 0.373940 0.373941 0.373942 0.000000 0.000000
0.000000 0.000000 0.376714 0.376713 0.376712 0.376713 0.376714 0.376713 0.376713 0.376714 0.376714 0.376714 0.376713 0.376713 0.376714 0.376713 0.376712 0.376713 0.376714 0.000000 0.000000
0.000000 0.000000 0.379413 0.379413 0.379412 0.379412 0.379413 0.379413 0.379413 0.379413 0.379414 0.379413 0.379413 0.379413 0.379413 0.379412 0.379412 0.379413 0.379413 0.000000 0.000000
0.000000 0.000000 0.382052 0.382052 0.382051 0.382051 0.382052 0.382052 0.382052 0.382053 0.382053 0.382053 0.382052 0.382052 0.382052 0.382051 0.382051 0.382052 0.382052 0.000000 0.000000
0.000000 0.000000 0.384640 0.384640 0.384639 0.384639 0.384640 0.384640 0.384640 0.384641 0.384641 0.384641 0.384640 0.384640 0.384640 0.384639 0.384639 0.384640 0.384640 0.000000 0.000000
0.000000 0.000000 0.387180 0.387180 0.387179 0.387179 0.387181 0.387180 0.387180 0.387181 0.387181 0.387181 0.387180 0.387180 0.387181 0.387179 0.387179 0.387180 0.387180 0.000000 0.000000
0.000000 0.000000 0.389675 0.389674 0.389673 0.389674 0.389675 0.389674 0.389674 0.389675 0.389675 0.389675 0.389674 0.389674 0.389675 0.389674 0.389673 0.389674 0.389675 0.000000 0.000000
0.000000 0.000000 0.392158 0.392158 0.392157 0.392158 0.392159 0.392158 0.392159 0.392159 0.392159 0.392159 0.392159 0.392158 0.392159 0.392158 0.392157 0.392158 0.392159 0.000000 0.000000
0.000000 0.000000 0.350000 0.350000 0.350000 0.350000 0.350000 0.350000 0.350000 0.350000 0.350000 0.350000 0.350000 0.350000 0.350000 0.350000 0.350000 0.350000 0.350000 0.000000 0.000000
0.000000 0.000000 0.000000 0.000000 0.000000 0.000000 0.000000 0.000000 0.000000 0.000000 0.000000 0.000000 0.000000 0.000000 0.000000 0.000000 0.000000 0.000000 0.000000 0.000000 0.000000