geotop/1.0zi/1.0Montebello/Templates/testdem/maps/_Eocclay2955.asc
ncols         21
nrows         20
xllcorner     100.000000
yllcorner     100.000000
cellsize      50.000000
NODATA_value  -9999.0
0.000000 0.000000 0.000000 0.000000 0.000000 0.000000 0.000000 0.000000 0.000000 0.000000 0.000000 0.000000 0.000000 0.000000 0.000000 0.000000 0.000000 0.000000 0.000000 0.000000 0.000000
0.000000 0.000000 0.349831 0.349831 0.349831 0.349831 0.349831 0.349831 0.349831 0.349831 0.349830 0.349831 0.349831 0.349831 0.349831 0.349831 0.349831 0.349831 0.349831 0.000000 0.000000
0.000000 0.000000 0.349995 0.349995 0.349994 0.349995 0.349995 0.349995 0.349995 0.349995 0.349995 0.349995 0.349995 0.349995 0.349995 0.349995 0.349994 0.349995 0.349995 0.000000 0.000000
0.000000 0.000000 0.351059 0.351059 0.351057 0.351058 0.351059 0.351059 0.351059 0.351059 0.351059 0.351059 0.351059 0.351059 0.351059 0.351058 0.351057 0.351059 0.351059 0.000000 0.000000
0.000000 0.000000 0.355603 0.355602 0.355601 0.355601 0.355604 0.355603 0.355603 0.355605 0.355605 0.355605 0.355603 0.355603 0.355604 0.355601 0.355601 0.355602 0.355603 0.000000 0.000000
0.000000 0.000000 0.360708 0.360707 0.360706 0.360706 0.360708 0.360707 0.360708 0.360709 0.360709 0.360709 0.360708 0.360707 0.360708 0.360706 0.360706 0.360707 0.360708 0.000000 0.000000
0.000000 0.000000 0.365498 0.365497 0.365496 0.365496 0.365498 0.365498 0.365498 0.365499 0.365499 0.365499 0.365498 0.365498 0.365498 0.365496 0.365496 0.365497 0.365498 0.000000 0.000000
0.000000 0.000000 0.369864 0.369863 0.369862 0.369862 0.369864 0.369863 0.369863 0.369864 0.369865 0.369864 0.369863 0.369863 0.369864 0.369862 0.369862 0.369863 0.369864 0.000000 0.000000
0.000000 0.000000 0.373908 0.373908 0.373907 0.373907 0.373909 0.373908 0.373908 0.373909 0.373909 0.373909 0.373908 0.373908 0.373909 0.373907 0.373907 0.373908 0.373908 0.000000 0.000000
0.000000 0.000000 0.377728 0.377728 0.377727 0.377727 0.377729 0.377728 0.377728 0.377729 0.377729 0.377729 0.377728 0.377728 0.377729 0.377727 0.377727 0.377728 0.377728 0.000000 0.000000
0.000000 0.000000 0.381368 0.381367 0.381366 0.381367 0.381368 0.381367 0.381368 0.381368 0.381369 0.381368 0.381368 0.381367 0.381368 0.381367 0.381366 0.381367 0.381368 0.000000 0.000000
0.000000 0.000000 0.384859 0.384859 0.384858 0.384858 0.384859 0.384859 0.384859 0.384860 0.384860 0.384860 0.384859 0.384859 0.384859 0.384858 0.384858 0.384859 0.384859 0.000000 0.000000
0.000000 0.000000 0.388231 0.388231 0.388230 0.388230 0.388231 0.388231 0.388231 0.388232 0.388232 0.388232 0.388231 0.388231 0.388231 0.388230 0.388230 0.388231 0.388231 0.000000 0.000000
0.000000 0.000000 0.391514 0.391514 0.391513 0.391513 0.391514 0.391514 0.391514 0.391515 0.391515 0.391515 0.391514 0.391514 0.391514 0.391513 0.391513 0.391514 0.391514 0.000000 0.000000
0.000000 0.000000 0.394712 0.394712 0.394711 0.394711 0.394712 0.394712 0.394712 0.394712 0.394713 0.394712 0.394712 0.394712 0.394712 0.394711 0.394711 0.394712 0.394712 0.000000 0.000000
0.000000 0.000000 0.397830 0.397830 0.397829 0.397829 0.397830 0.397830 0.397830 0.397830 0.397831 0.397830 0.397830 0.397830 0.397830 0.397829 0.397829 0.397830 0.397830 0.000000 0.000000
0.000000 0.000000 0.400876 0.400876 0.400875 0.400875 0.400876 0.400876 0.400876 0.400877 0.400877 0.400877 0.400876 0.400876 0.400876 0.400875 0.400875 0.400876 0.400876 0.000000 0.000000
0.000000 0.000000 0.403914 0.403915 0.403914 0.403914 0.403915 0.403915 0.403915 0.403915 0.403916 0.403915 0.403915 0.403915 0.403915 0.403914 0.403914 0.403915 0.403915 0.000000 0.000000
0.000000 0.000000 0.350000 0.350000 0.350000 0.350000 0.350000 0.350000 0.350000 0.350000 0.350000 0.350000 0.350000 0.350000 0.350000 0.350000 0.350000 0.350000 0.350000 0.000000 0.000000
0.000000 0.000000 0.000000 0.000000 0.000000 0.000000 0.000000 0.000000 0.000000 0.000000 0.000000 0.000000 0.000000 0.000000 0.000000 0.000000 0.000000 0.000000 0.000000 0.000000 0.000000