geotop/1.0zi/1.0Montebello/Templates/testdem/maps/_Eocsilt2612.asc
ncols         21
nrows         20
xllcorner     100.000000
yllcorner     100.000000
cellsize      50.000000
NODATA_value  -9999.0
0.000000 0.000000 0.000000 0.000000 0.000000 0.000000 0.000000 0.000000 0.000000 0.000000 0.000000 0.000000 0.000000 0.000000 0.000000 0.000000 0.000000 0.000000 0.000000 0.000000 0.000000
0.000000 0.000000 0.350063 0.350063 0.350063 0.350063 0.350063 0.350063 0.350063 0.350063 0.350062 0.350063 0.350063 0.350063 0.350063 0.350063 0.350063 0.350063 0.350063 0.000000 0.000000
0.000000 0.000000 0.349998 0.349997 0.349998 0.349998 0.349998 0.349998 0.349998 0.349998 0.349998 0.349998 0.349998 0.349998 0.349998 0.349998 0.349998 0.349997 0.349998 0.000000 0.000000
0.000000 0.000000 0.350876 0.350875 0.350873 0.350874 0.350876 0.350876 0.350876 0.350876 0.350876 0.350876 0.350876 0.350876 0.350876 0.350874 0.350873 0.350875 0.350876 0.000000 0.000000
0.000000 0.000000 0.354295 0.354295 0.354293 0.354293 0.354296 0.354295 0.354295 0.354296 0.354296 0.354296 0.354295 0.354295 0.354296 0.354293 0.354293 0.354295 0.354295 0.000000 0.000000
0.000000 0.000000 0.358720 0.358720 0.358718 0.358718 0.358721 0.358720 0.358720 0.358721 0.358721 0.358721 0.358720 0.358720 0.358721 0.358718 0.358718 0.358720 0.358720 0.000000 0.000000
0.000000 0.000000 0.362770 0.362770 0.362768 0.362769 0.362771 0.362770 0.362770 0.362771 0.362771 0.362771 0.362770 0.362770 0.362771 0.362769 0.362768 0.362770 0.362770 0.000000 0.000000
0.000000 0.000000 0.366465 0.366464 0.366463 0.366463 0.366465 0.366464 0.366464 0.366465 0.366465 0.366465 0.366464 0.366464 0.366465 0.366463 0.366463 0.366464 0.366465 0.000000 0.000000
0.000000 0.000000 0.369902 0.369902 0.369901 0.369901 0.369903 0.369902 0.369902 0.369903 0.369903 0.369903 0.369902 0.369902 0.369903 0.369901 0.369901 0.369902 0.369902 0.000000 0.000000
0.000000 0.000000 0.373163 0.373163 0.373162 0.373162 0.373164 0.373163 0.373163 0.373164 0.373164 0.373164 0.373163 0.373163 0.373164 0.373162 0.373162 0.373163 0.373163 0.000000 0.000000
0.000000 0.000000 0.376287 0.376287 0.376286 0.376286 0.376287 0.376287 0.376287 0.376287 0.376288 0.376287 0.376287 0.376287 0.376287 0.376286 0.376286 0.376287 0.376287 0.000000 0.000000
0.000000 0.000000 0.379302 0.379302 0.379301 0.379301 0.379302 0.379302 0.379302 0.379303 0.379303 0.379303 0.379302 0.379302 0.379302 0.379301 0.379301 0.379302 0.379302 0.000000 0.000000
0.000000 0.000000 0.382231 0.382230 0.382229 0.382230 0.382231 0.382230 0.382230 0.382231 0.382231 0.382231 0.382230 0.382230 0.382231 0.382230 0.382229 0.382230 0.382231 0.000000 0.000000
0.000000 0.000000 0.385087 0.385087 0.385086 0.385086 0.385087 0.385087 0.385087 0.385088 0.385088 0.385088 0.385087 0.385087 0.385087 0.385086 0.385086 0.385087 0.385087 0.000000 0.000000
0.000000 0.000000 0.387881 0.387880 0.387879 0.387880 0.387881 0.387880 0.387880 0.387881 0.387881 0.387881 0.387880 0.387880 0.387881 0.387880 0.387879 0.387880 0.387881 0.000000 0.000000
0.000000 0.000000 0.390616 0.390616 0.390615 0.390616 0.390617 0.390616 0.390616 0.390617 0.390617 0.390617 0.390616 0.390616 0.390617 0.390616 0.390615 0.390616 0.390616 0.000000 0.000000
0.000000 0.000000 0.393298 0.393298 0.393297 0.393297 0.393298 0.393298 0.393298 0.393298 0.393299 0.393298 0.393298 0.393298 0.393298 0.393297 0.393297 0.393298 0.393298 0.000000 0.000000
0.000000 0.000000 0.395963 0.395964 0.395962 0.395963 0.395964 0.395964 0.395964 0.395964 0.395964 0.395964 0.395964 0.395964 0.395964 0.395963 0.395962 0.395964 0.395964 0.000000 0.000000
0.000000 0.000000 0.350000 0.350000 0.350000 0.350000 0.350000 0.350000 0.350000 0.350000 0.350000 0.350000 0.350000 0.350000 0.350000 0.350000 0.350000 0.350000 0.350000 0.000000 0.000000
0.000000 0.000000 0.000000 0.000000 0.000000 0.000000 0.000000 0.000000 0.000000 0.000000 0.000000 0.000000 0.000000 0.000000 0.000000 0.000000 0.000000 0.000000 0.000000 0.000000 0.000000