geotop/1.0zi/1.0Montebello/Templates/testdem/maps/_Eocclay7081.asc
ncols         21
nrows         20
xllcorner     100.000000
yllcorner     100.000000
cellsize      50.000000
NODATA_value  -9999.0
0.000000 0.000000 0.000000 0.000000 0.000000 0.000000 0.000000 0.000000 0.000000 0.000000 0.000000 0.000000 0.000000 0.000000 0.000000 0.000000 0.000000 0.000000 0.000000 0.000000 0.000000
0.000000 0.000000 0.349681 0.349682 0.349682 0.349681 0.349683 0.349682 0.349682 0.349682 0.349681 0.349683 0.349682 0.349682 0.349683 0.349683 0.349681 0.349681 0.349682 0.000000 0.000000
0.000000 0.000000 0.349987 0.349987 0.349987 0.349988 0.349987 0.349987 0.349987 0.349987 0.349986 0.349986 0.349987 0.349986 0.349987 0.349987 0.349988 0.349988 0.349985 0.000000 0.000000
0.000000 0.000000 0.349980 0.349985 0.349981 0.349982 0.349983 0.349983 0.349985 0.349981 0.349985 0.349983 0.349983 0.349982 0.349983 0.349985 0.349982 0.349984 0.349984 0.000000 0.000000
0.000000 0.000000 0.350738 0.350736 0.350732 0.350728 0.350714 0.350712 0.350711 0.350713 0.350711 0.350711 0.350707 0.350711 0.350718 0.350719 0.350725 0.350726 0.350734 0.000000 0.000000
0.000000 0.000000 0.352971 0.352969 0.352959 0.352934 0.352922 0.352900 0.352902 0.352896 0.352900 0.352899 0.352901 0.352902 0.352910 0.352928 0.352939 0.352952 0.352959 0.000000 0.000000
0.000000 0.000000 0.356145 0.356142 0.356134 0.356114 0.356087 0.356054 0.356054 0.356048 0.356050 0.356051 0.356050 0.356051 0.356078 0.356104 0.356117 0.356128 0.356137 0.000000 0.000000
0.000000 0.000000 0.359935 0.359933 0.359926 0.359900 0.359874 0.359839 0.359839 0.359835 0.359835 0.359833 0.359830 0.359838 0.359867 0.359889 0.359910 0.359918 0.359930 0.000000 0.000000
0.000000 0.000000 0.363879 0.363874 0.363861 0.363846 0.363819 0.363783 0.363786 0.363777 0.363775 0.363774 0.363774 0.363773 0.363808 0.363837 0.363853 0.363860 0.363870 0.000000 0.000000
0.000000 0.000000 0.367969 0.367961 0.367955 0.367940 0.367901 0.367868 0.367870 0.367865 0.367860 0.367862 0.367867 0.367865 0.367894 0.367927 0.367946 0.367952 0.367960 0.000000 0.000000
0.000000 0.000000 0.372319 0.372313 0.372306 0.372276 0.372249 0.372210 0.372219 0.372199 0.372201 0.372201 0.372194 0.372207 0.372232 0.372253 0.372276 0.372289 0.372307 0.000000 0.000000
0.000000 0.000000 0.377009 0.376997 0.376982 0.376961 0.376933 0.376887 0.376887 0.376878 0.376889 0.376874 0.376876 0.376881 0.376925 0.376948 0.376965 0.376973 0.377017 0.000000 0.000000
0.000000 0.000000 0.381962 0.381949 0.381941 0.381915 0.381890 0.381783 0.381783 0.381775 0.381749 0.381761 0.381768 0.381778 0.381859 0.381882 0.381921 0.381925 0.381953 0.000000 0.000000
0.000000 0.000000 0.387547 0.387542 0.387521 0.387501 0.387382 0.387370 0.387346 0.387344 0.387345 0.387341 0.387339 0.387336 0.387338 0.387462 0.387489 0.387521 0.387553 0.000000 0.000000
0.000000 0.000000 0.393929 0.393919 0.393891 0.393753 0.393736 0.393668 0.393628 0.393619 0.393597 0.393579 0.393594 0.393588 0.393651 0.393681 0.393865 0.393845 0.393859 0.000000 0.000000
0.000000 0.000000 0.400870 0.400859 0.400666 0.400676 0.400666 0.400627 0.400686 0.400661 0.400690 0.400669 0.400642 0.400689 0.400710 0.400722 0.400643 0.400900 0.400902 0.000000 0.000000
0.000000 0.000000 0.409303 0.409010 0.408992 0.408901 0.408753 0.408704 0.408656 0.408663 0.408590 0.408590 0.408627 0.408598 0.408669 0.408779 0.408974 0.408924 0.409226 0.000000 0.000000
0.000000 0.000000 0.414209 0.414373 0.414648 0.414611 0.414566 0.414302 0.414316 0.414249 0.414331 0.414309 0.414310 0.414333 0.414566 0.414599 0.414693 0.414435 0.414285 0.000000 0.000000
0.000000 0.000000 0.350000 0.350000 0.350000 0.350000 0.350000 0.350000 0.350000 0.350000 0.350000 0.350000 0.350000 0.350000 0.350000 0.350000 0.350000 0.350000 0.350000 0.000000 0.000000
0.000000 0.000000 0.000000 0.000000 0.000000 0.000000 0.000000 0.000000 0.000000 0.000000 0.000000 0.000000 0.000000 0.000000 0.000000 0.000000 0.000000 0.000000 0.000000 0.000000 0.000000