geotop/1.0zi/1.0Montebello/Templates/testdem/maps/_Eocsand003+.asc
ncols         21
nrows         20
xllcorner     100.000000
yllcorner     100.000000
cellsize      50.000000
NODATA_value  -9999.0
0.000000 0.000000 0.000000 0.000000 0.000000 0.000000 0.000000 0.000000 0.000000 0.000000 0.000000 0.000000 0.000000 0.000000 0.000000 0.000000 0.000000 0.000000 0.000000 0.000000 0.000000
0.000000 0.000000 0.300246 0.300244 0.300244 0.300245 0.300244 0.300244 0.300244 0.300244 0.300245 0.300244 0.300244 0.300245 0.300244 0.300244 0.300245 0.300245 0.300244 0.000000 0.000000
0.000000 0.000000 0.300011 0.300013 0.300012 0.300011 0.300012 0.300013 0.300012 0.300012 0.300012 0.300012 0.300011 0.300012 0.300012 0.300012 0.300013 0.300013 0.300013 0.000000 0.000000
0.000000 0.000000 0.299806 0.299803 0.299814 0.299822 0.299822 0.299828 0.299820 0.299822 0.299821 0.299819 0.299818 0.299820 0.299814 0.299808 0.299804 0.299802 0.299803 0.000000 0.000000
0.000000 0.000000 0.296915 0.296913 0.296933 0.296969 0.296998 0.297008 0.297008 0.297008 0.297012 0.297005 0.297000 0.297000 0.296976 0.296962 0.296947 0.296936 0.296924 0.000000 0.000000
0.000000 0.000000 0.289030 0.289041 0.289083 0.289154 0.289221 0.289281 0.289278 0.289286 0.289290 0.289289 0.289277 0.289283 0.289246 0.289190 0.289162 0.289140 0.289128 0.000000 0.000000
0.000000 0.000000 0.278151 0.278173 0.278208 0.278292 0.278376 0.278492 0.278489 0.278496 0.278509 0.278509 0.278510 0.278506 0.278410 0.278342 0.278299 0.278269 0.278256 0.000000 0.000000
0.000000 0.000000 0.265213 0.265240 0.265276 0.265376 0.265470 0.265575 0.265572 0.265583 0.265598 0.265604 0.265608 0.265591 0.265502 0.265425 0.265356 0.265341 0.265313 0.000000 0.000000
0.000000 0.000000 0.250919 0.250957 0.251013 0.251093 0.251200 0.251326 0.251315 0.251336 0.251357 0.251361 0.251355 0.251362 0.251236 0.251144 0.251090 0.251067 0.251043 0.000000 0.000000
0.000000 0.000000 0.235010 0.235063 0.235110 0.235197 0.235316 0.235449 0.235447 0.235461 0.235494 0.235482 0.235466 0.235474 0.235371 0.235250 0.235186 0.235161 0.235151 0.000000 0.000000
0.000000 0.000000 0.216752 0.216797 0.216842 0.217029 0.217085 0.217265 0.217228 0.217311 0.217311 0.217325 0.217353 0.217306 0.217189 0.217114 0.217023 0.216990 0.216913 0.000000 0.000000
0.000000 0.000000 0.195240 0.195335 0.195452 0.195545 0.195644 0.195873 0.195879 0.195881 0.195863 0.195943 0.195903 0.195919 0.195708 0.195588 0.195540 0.195510 0.195355 0.000000 0.000000
0.000000 0.000000 0.170838 0.170925 0.170956 0.171141 0.171263 0.171880 0.171892 0.171925 0.172156 0.172016 0.172007 0.171953 0.171490 0.171390 0.171162 0.171150 0.171123 0.000000 0.000000
0.000000 0.000000 0.140638 0.140673 0.140887 0.141016 0.141888 0.141548 0.141735 0.141725 0.141601 0.141734 0.141751 0.141853 0.142151 0.141201 0.141179 0.140956 0.140828 0.000000 0.000000
0.000000 0.000000 0.107682 0.107778 0.107934 0.109008 0.108508 0.109196 0.109331 0.109395 0.109659 0.109723 0.109609 0.109591 0.108985 0.109466 0.108085 0.108420 0.108482 0.000000 0.000000
0.000000 0.000000 0.080843 0.080892 0.081878 0.081373 0.081563 0.081519 0.081087 0.081198 0.080972 0.081009 0.081196 0.080966 0.081102 0.080925 0.082039 0.080538 0.080562 0.000000 0.000000
0.000000 0.000000 0.059947 0.060531 0.060491 0.060687 0.061017 0.061087 0.061219 0.061189 0.061359 0.061341 0.061252 0.061339 0.061216 0.060964 0.060561 0.060768 0.060167 0.000000 0.000000
0.000000 0.000000 0.049540 0.049651 0.049340 0.049495 0.049675 0.049954 0.050010 0.050053 0.050054 0.050064 0.050021 0.050046 0.049775 0.049636 0.049349 0.049738 0.049621 0.000000 0.000000
0.000000 0.000000 0.300000 0.300000 0.300000 0.300000 0.300000 0.300000 0.300000 0.300000 0.300000 0.300000 0.300000 0.300000 0.300000 0.300000 0.300000 0.300000 0.300000 0.000000 0.000000
0.000000 0.000000 0.000000 0.000000 0.000000 0.000000 0.000000 0.000000 0.000000 0.000000 0.000000 0.000000 0.000000 0.000000 0.000000 0.000000 0.000000 0.000000 0.000000 0.000000 0.000000