geotop/1.0zi/1.0Montebello/Templates/testdem/maps/_Eocsilt6351.asc
ncols         21
nrows         20
xllcorner     100.000000
yllcorner     100.000000
cellsize      50.000000
NODATA_value  -9999.0
0.000000 0.000000 0.000000 0.000000 0.000000 0.000000 0.000000 0.000000 0.000000 0.000000 0.000000 0.000000 0.000000 0.000000 0.000000 0.000000 0.000000 0.000000 0.000000 0.000000 0.000000
0.000000 0.000000 0.350127 0.350128 0.350128 0.350128 0.350127 0.350128 0.350128 0.350127 0.350128 0.350127 0.350127 0.350127 0.350127 0.350128 0.350128 0.350128 0.350127 0.000000 0.000000
0.000000 0.000000 0.350002 0.350002 0.350002 0.350002 0.350003 0.350002 0.350003 0.350003 0.350003 0.350003 0.350003 0.350003 0.350003 0.350002 0.350001 0.350001 0.350002 0.000000 0.000000
0.000000 0.000000 0.350053 0.350051 0.350050 0.350044 0.350045 0.350043 0.350045 0.350046 0.350044 0.350044 0.350044 0.350044 0.350047 0.350050 0.350051 0.350053 0.350053 0.000000 0.000000
0.000000 0.000000 0.350619 0.350625 0.350622 0.350617 0.350613 0.350607 0.350606 0.350604 0.350602 0.350603 0.350606 0.350606 0.350612 0.350615 0.350616 0.350625 0.350629 0.000000 0.000000
0.000000 0.000000 0.352334 0.352338 0.352330 0.352315 0.352303 0.352285 0.352284 0.352279 0.352284 0.352286 0.352287 0.352284 0.352291 0.352299 0.352309 0.352313 0.352318 0.000000 0.000000
0.000000 0.000000 0.354911 0.354909 0.354901 0.354881 0.354857 0.354832 0.354833 0.354830 0.354831 0.354831 0.354828 0.354832 0.354852 0.354873 0.354884 0.354895 0.354903 0.000000 0.000000
0.000000 0.000000 0.358056 0.358057 0.358054 0.358034 0.358011 0.357983 0.357983 0.357980 0.357979 0.357979 0.357977 0.357981 0.358004 0.358026 0.358044 0.358047 0.358058 0.000000 0.000000
0.000000 0.000000 0.361369 0.361364 0.361354 0.361341 0.361318 0.361286 0.361287 0.361281 0.361279 0.361279 0.361280 0.361278 0.361309 0.361332 0.361348 0.361354 0.361365 0.000000 0.000000
0.000000 0.000000 0.364730 0.364726 0.364721 0.364710 0.364678 0.364650 0.364651 0.364647 0.364643 0.364647 0.364651 0.364647 0.364672 0.364699 0.364716 0.364719 0.364727 0.000000 0.000000
0.000000 0.000000 0.368213 0.368210 0.368206 0.368182 0.368160 0.368129 0.368136 0.368120 0.368121 0.368122 0.368117 0.368127 0.368147 0.368164 0.368183 0.368193 0.368207 0.000000 0.000000
0.000000 0.000000 0.371909 0.371903 0.371892 0.371874 0.371853 0.371815 0.371816 0.371808 0.371816 0.371807 0.371809 0.371812 0.371848 0.371865 0.371879 0.371884 0.371921 0.000000 0.000000
0.000000 0.000000 0.375743 0.375734 0.375729 0.375709 0.375691 0.375610 0.375609 0.375603 0.375585 0.375594 0.375600 0.375607 0.375667 0.375684 0.375714 0.375717 0.375742 0.000000 0.000000
0.000000 0.000000 0.379956 0.379951 0.379938 0.379924 0.379842 0.379825 0.379807 0.379806 0.379801 0.379804 0.379802 0.379800 0.379809 0.379893 0.379917 0.379938 0.379964 0.000000 0.000000
0.000000 0.000000 0.384657 0.384652 0.384633 0.384543 0.384520 0.384472 0.384442 0.384436 0.384421 0.384409 0.384421 0.384415 0.384455 0.384488 0.384613 0.384602 0.384617 0.000000 0.000000
0.000000 0.000000 0.389689 0.389684 0.389563 0.389550 0.389544 0.389516 0.389543 0.389528 0.389542 0.389529 0.389514 0.389541 0.389559 0.389569 0.389547 0.389701 0.389704 0.000000 0.000000
0.000000 0.000000 0.395574 0.395406 0.395364 0.395314 0.395231 0.395196 0.395177 0.395178 0.395137 0.395136 0.395154 0.395143 0.395188 0.395250 0.395352 0.395364 0.395539 0.000000 0.000000
0.000000 0.000000 0.399590 0.399631 0.399787 0.399751 0.399703 0.399548 0.399547 0.399510 0.399542 0.399532 0.399540 0.399547 0.399690 0.399725 0.399813 0.399655 0.399626 0.000000 0.000000
0.000000 0.000000 0.350000 0.350000 0.350000 0.350000 0.350000 0.350000 0.350000 0.350000 0.350000 0.350000 0.350000 0.350000 0.350000 0.350000 0.350000 0.350000 0.350000 0.000000 0.000000
0.000000 0.000000 0.000000 0.000000 0.000000 0.000000 0.000000 0.000000 0.000000 0.000000 0.000000 0.000000 0.000000 0.000000 0.000000 0.000000 0.000000 0.000000 0.000000 0.000000 0.000000