geotop/1.0zi/1.0Montebello/Templates/testdem/maps/_Eocclay4762.asc
ncols         21
nrows         20
xllcorner     100.000000
yllcorner     100.000000
cellsize      50.000000
NODATA_value  -9999.0
0.000000 0.000000 0.000000 0.000000 0.000000 0.000000 0.000000 0.000000 0.000000 0.000000 0.000000 0.000000 0.000000 0.000000 0.000000 0.000000 0.000000 0.000000 0.000000 0.000000 0.000000
0.000000 0.000000 0.349787 0.349788 0.349788 0.349788 0.349788 0.349788 0.349788 0.349788 0.349788 0.349788 0.349788 0.349788 0.349788 0.349788 0.349787 0.349788 0.349787 0.000000 0.000000
0.000000 0.000000 0.349992 0.349992 0.349992 0.349992 0.349992 0.349992 0.349992 0.349992 0.349992 0.349991 0.349992 0.349992 0.349992 0.349992 0.349992 0.349992 0.349992 0.000000 0.000000
0.000000 0.000000 0.349992 0.349994 0.349992 0.349992 0.349994 0.349994 0.349994 0.349993 0.349994 0.349993 0.349993 0.349992 0.349994 0.349995 0.349994 0.349994 0.349993 0.000000 0.000000
0.000000 0.000000 0.350336 0.350334 0.350334 0.350329 0.350321 0.350318 0.350319 0.350318 0.350318 0.350320 0.350317 0.350318 0.350323 0.350322 0.350326 0.350327 0.350330 0.000000 0.000000
0.000000 0.000000 0.351602 0.351605 0.351599 0.351584 0.351579 0.351566 0.351564 0.351560 0.351564 0.351564 0.351568 0.351569 0.351571 0.351580 0.351586 0.351593 0.351598 0.000000 0.000000
0.000000 0.000000 0.353497 0.353494 0.353490 0.353476 0.353461 0.353439 0.353439 0.353435 0.353438 0.353438 0.353440 0.353441 0.353456 0.353474 0.353483 0.353489 0.353495 0.000000 0.000000
0.000000 0.000000 0.355735 0.355733 0.355730 0.355714 0.355696 0.355675 0.355676 0.355672 0.355673 0.355673 0.355672 0.355674 0.355694 0.355710 0.355719 0.355724 0.355731 0.000000 0.000000
0.000000 0.000000 0.357980 0.357977 0.357972 0.357960 0.357944 0.357922 0.357924 0.357919 0.357920 0.357921 0.357920 0.357922 0.357939 0.357959 0.357966 0.357970 0.357978 0.000000 0.000000
0.000000 0.000000 0.360239 0.360234 0.360231 0.360218 0.360198 0.360178 0.360181 0.360177 0.360178 0.360178 0.360177 0.360177 0.360197 0.360217 0.360224 0.360229 0.360235 0.000000 0.000000
0.000000 0.000000 0.362546 0.362540 0.362537 0.362528 0.362512 0.362488 0.362490 0.362484 0.362485 0.362486 0.362484 0.362485 0.362503 0.362517 0.362528 0.362532 0.362540 0.000000 0.000000
0.000000 0.000000 0.364935 0.364931 0.364925 0.364910 0.364895 0.364871 0.364871 0.364867 0.364868 0.364867 0.364866 0.364866 0.364889 0.364906 0.364916 0.364920 0.364944 0.000000 0.000000
0.000000 0.000000 0.367363 0.367358 0.367352 0.367341 0.367322 0.367273 0.367273 0.367268 0.367268 0.367270 0.367267 0.367269 0.367312 0.367333 0.367342 0.367347 0.367362 0.000000 0.000000
0.000000 0.000000 0.369944 0.369935 0.369931 0.369919 0.369867 0.369853 0.369846 0.369842 0.369843 0.369843 0.369841 0.369842 0.369857 0.369907 0.369918 0.369928 0.369937 0.000000 0.000000
0.000000 0.000000 0.372738 0.372731 0.372717 0.372671 0.372645 0.372614 0.372598 0.372592 0.372586 0.372586 0.372589 0.372585 0.372610 0.372645 0.372701 0.372698 0.372706 0.000000 0.000000
0.000000 0.000000 0.375631 0.375624 0.375568 0.375558 0.375541 0.375525 0.375524 0.375522 0.375526 0.375525 0.375518 0.375529 0.375538 0.375553 0.375553 0.375614 0.375628 0.000000 0.000000
0.000000 0.000000 0.378866 0.378791 0.378746 0.378724 0.378684 0.378663 0.378658 0.378655 0.378647 0.378648 0.378650 0.378645 0.378661 0.378705 0.378734 0.378763 0.378836 0.000000 0.000000
0.000000 0.000000 0.381369 0.381354 0.381401 0.381373 0.381339 0.381266 0.381259 0.381252 0.381256 0.381255 0.381251 0.381258 0.381325 0.381361 0.381402 0.381340 0.381367 0.000000 0.000000
0.000000 0.000000 0.350000 0.350000 0.350000 0.350000 0.350000 0.350000 0.350000 0.350000 0.350000 0.350000 0.350000 0.350000 0.350000 0.350000 0.350000 0.350000 0.350000 0.000000 0.000000
0.000000 0.000000 0.000000 0.000000 0.000000 0.000000 0.000000 0.000000 0.000000 0.000000 0.000000 0.000000 0.000000 0.000000 0.000000 0.000000 0.000000 0.000000 0.000000 0.000000 0.000000