geotop/1.0zi/1.0Montebello/Templates/testdem/maps/_Eocsilt9585.asc
ncols         21
nrows         20
xllcorner     100.000000
yllcorner     100.000000
cellsize      50.000000
NODATA_value  -9999.0
0.000000 0.000000 0.000000 0.000000 0.000000 0.000000 0.000000 0.000000 0.000000 0.000000 0.000000 0.000000 0.000000 0.000000 0.000000 0.000000 0.000000 0.000000 0.000000 0.000000 0.000000
0.000000 0.000000 0.350204 0.350204 0.350204 0.350204 0.350204 0.350204 0.350204 0.350204 0.350204 0.350203 0.350203 0.350204 0.350204 0.350204 0.350205 0.350205 0.350204 0.000000 0.000000
0.000000 0.000000 0.350008 0.350008 0.350008 0.350007 0.350008 0.350008 0.350008 0.350008 0.350009 0.350008 0.350009 0.350009 0.350008 0.350007 0.350006 0.350006 0.350007 0.000000 0.000000
0.000000 0.000000 0.350146 0.350143 0.350137 0.350132 0.350132 0.350126 0.350129 0.350130 0.350127 0.350131 0.350132 0.350131 0.350134 0.350138 0.350143 0.350144 0.350146 0.000000 0.000000
0.000000 0.000000 0.351443 0.351448 0.351437 0.351420 0.351410 0.351404 0.351407 0.351404 0.351405 0.351407 0.351412 0.351410 0.351424 0.351431 0.351435 0.351441 0.351444 0.000000 0.000000
0.000000 0.000000 0.354999 0.354994 0.354979 0.354958 0.354926 0.354902 0.354900 0.354895 0.354898 0.354900 0.354904 0.354902 0.354918 0.354939 0.354950 0.354958 0.354966 0.000000 0.000000
0.000000 0.000000 0.360012 0.360003 0.359986 0.359953 0.359912 0.359859 0.359865 0.359861 0.359860 0.359860 0.359858 0.359864 0.359903 0.359934 0.359955 0.359970 0.359978 0.000000 0.000000
0.000000 0.000000 0.365950 0.365940 0.365927 0.365890 0.365848 0.365800 0.365803 0.365798 0.365795 0.365793 0.365791 0.365800 0.365838 0.365875 0.365907 0.365913 0.365927 0.000000 0.000000
0.000000 0.000000 0.372479 0.372464 0.372442 0.372414 0.372366 0.372307 0.372314 0.372303 0.372298 0.372297 0.372300 0.372298 0.372354 0.372396 0.372422 0.372433 0.372446 0.000000 0.000000
0.000000 0.000000 0.379631 0.379612 0.379595 0.379565 0.379500 0.379446 0.379450 0.379442 0.379433 0.379439 0.379447 0.379445 0.379489 0.379544 0.379574 0.379585 0.379592 0.000000 0.000000
0.000000 0.000000 0.387690 0.387677 0.387663 0.387591 0.387549 0.387477 0.387497 0.387459 0.387466 0.387461 0.387449 0.387472 0.387521 0.387555 0.387596 0.387614 0.387647 0.000000 0.000000
0.000000 0.000000 0.397030 0.396998 0.396956 0.396923 0.396860 0.396772 0.396774 0.396770 0.396786 0.396753 0.396771 0.396769 0.396856 0.396908 0.396930 0.396944 0.397015 0.000000 0.000000
0.000000 0.000000 0.407489 0.407462 0.407454 0.407373 0.407321 0.407064 0.407067 0.407054 0.406972 0.407023 0.407032 0.407057 0.407248 0.407294 0.407387 0.407394 0.407415 0.000000 0.000000
0.000000 0.000000 0.420333 0.420325 0.420252 0.420207 0.419845 0.419954 0.419886 0.419889 0.419937 0.419894 0.419888 0.419855 0.419754 0.420144 0.420162 0.420255 0.420312 0.000000 0.000000
0.000000 0.000000 0.435048 0.435006 0.434938 0.434482 0.434646 0.434371 0.434305 0.434280 0.434182 0.434146 0.434200 0.434204 0.434456 0.434304 0.434902 0.434767 0.434751 0.000000 0.000000
0.000000 0.000000 0.448631 0.448608 0.448091 0.448349 0.448255 0.448272 0.448501 0.448441 0.448564 0.448544 0.448448 0.448573 0.448512 0.448593 0.448030 0.448817 0.448806 0.000000 0.000000
0.000000 0.000000 0.460533 0.460136 0.460239 0.460069 0.459861 0.459793 0.459669 0.459698 0.459565 0.459581 0.459657 0.459580 0.459692 0.459848 0.460212 0.459954 0.460369 0.000000 0.000000
0.000000 0.000000 0.465586 0.465590 0.465825 0.465735 0.465646 0.465442 0.465417 0.465379 0.465403 0.465393 0.465415 0.465408 0.465597 0.465663 0.465836 0.465563 0.465565 0.000000 0.000000
0.000000 0.000000 0.350000 0.350000 0.350000 0.350000 0.350000 0.350000 0.350000 0.350000 0.350000 0.350000 0.350000 0.350000 0.350000 0.350000 0.350000 0.350000 0.350000 0.000000 0.000000
0.000000 0.000000 0.000000 0.000000 0.000000 0.000000 0.000000 0.000000 0.000000 0.000000 0.000000 0.000000 0.000000 0.000000 0.000000 0.000000 0.000000 0.000000 0.000000 0.000000 0.000000