geotop/1.0zi/1.0Montebello/Templates/testdem/maps/_Eocsand9095.asc
ncols         21
nrows         20
xllcorner     100.000000
yllcorner     100.000000
cellsize      50.000000
NODATA_value  -9999.0
0.000000 0.000000 0.000000 0.000000 0.000000 0.000000 0.000000 0.000000 0.000000 0.000000 0.000000 0.000000 0.000000 0.000000 0.000000 0.000000 0.000000 0.000000 0.000000 0.000000 0.000000
0.000000 0.000000 0.300233 0.300230 0.300230 0.300231 0.300230 0.300229 0.300230 0.300230 0.300231 0.300230 0.300230 0.300230 0.300230 0.300230 0.300231 0.300231 0.300231 0.000000 0.000000
0.000000 0.000000 0.300012 0.300014 0.300014 0.300012 0.300013 0.300014 0.300013 0.300013 0.300014 0.300014 0.300013 0.300013 0.300013 0.300013 0.300014 0.300015 0.300015 0.000000 0.000000
0.000000 0.000000 0.299855 0.299854 0.299861 0.299869 0.299868 0.299872 0.299865 0.299867 0.299867 0.299867 0.299866 0.299868 0.299863 0.299857 0.299854 0.299855 0.299854 0.000000 0.000000
0.000000 0.000000 0.297491 0.297493 0.297511 0.297537 0.297564 0.297569 0.297572 0.297573 0.297575 0.297571 0.297569 0.297568 0.297545 0.297535 0.297522 0.297518 0.297505 0.000000 0.000000
0.000000 0.000000 0.290752 0.290764 0.290801 0.290850 0.290905 0.290952 0.290950 0.290962 0.290956 0.290957 0.290949 0.290952 0.290924 0.290880 0.290857 0.290845 0.290831 0.000000 0.000000
0.000000 0.000000 0.281468 0.281490 0.281520 0.281580 0.281654 0.281750 0.281745 0.281754 0.281756 0.281755 0.281758 0.281753 0.281674 0.281614 0.281578 0.281557 0.281542 0.000000 0.000000
0.000000 0.000000 0.270475 0.270498 0.270525 0.270596 0.270671 0.270760 0.270756 0.270767 0.270771 0.270777 0.270782 0.270764 0.270690 0.270626 0.270568 0.270563 0.270534 0.000000 0.000000
0.000000 0.000000 0.258545 0.258577 0.258619 0.258669 0.258756 0.258857 0.258847 0.258868 0.258877 0.258882 0.258878 0.258882 0.258779 0.258703 0.258659 0.258649 0.258621 0.000000 0.000000
0.000000 0.000000 0.245610 0.245650 0.245679 0.245732 0.245853 0.245943 0.245940 0.245952 0.245970 0.245961 0.245949 0.245953 0.245871 0.245774 0.245722 0.245712 0.245697 0.000000 0.000000
0.000000 0.000000 0.231195 0.231225 0.231257 0.231378 0.231457 0.231574 0.231542 0.231612 0.231601 0.231610 0.231634 0.231593 0.231505 0.231448 0.231374 0.231352 0.231294 0.000000 0.000000
0.000000 0.000000 0.214739 0.214797 0.214871 0.214934 0.215044 0.215187 0.215189 0.215196 0.215171 0.215227 0.215203 0.215205 0.215050 0.214966 0.214930 0.214915 0.214787 0.000000 0.000000
0.000000 0.000000 0.196482 0.196547 0.196567 0.196697 0.196786 0.197211 0.197212 0.197232 0.197366 0.197289 0.197275 0.197235 0.196908 0.196830 0.196676 0.196681 0.196633 0.000000 0.000000
0.000000 0.000000 0.174275 0.174302 0.174425 0.174505 0.175103 0.174962 0.175074 0.175069 0.175008 0.175071 0.175084 0.175135 0.175258 0.174626 0.174582 0.174446 0.174347 0.000000 0.000000
0.000000 0.000000 0.147939 0.148027 0.148162 0.148942 0.148735 0.149166 0.149300 0.149340 0.149498 0.149573 0.149486 0.149490 0.149078 0.149258 0.148240 0.148476 0.148490 0.000000 0.000000
0.000000 0.000000 0.120678 0.120744 0.121814 0.121350 0.121501 0.121496 0.121041 0.121165 0.120928 0.120982 0.121176 0.120917 0.120996 0.120871 0.121935 0.120365 0.120390 0.000000 0.000000
0.000000 0.000000 0.091079 0.092374 0.091932 0.092514 0.093159 0.093355 0.093790 0.093684 0.094124 0.094073 0.093818 0.094088 0.093734 0.093261 0.091998 0.093004 0.091669 0.000000 0.000000
0.000000 0.000000 0.082754 0.081845 0.080999 0.081041 0.081020 0.081857 0.081715 0.081958 0.081565 0.081647 0.081705 0.081577 0.080883 0.080897 0.080878 0.081571 0.082481 0.000000 0.000000
0.000000 0.000000 0.300000 0.300000 0.300000 0.300000 0.300000 0.300000 0.300000 0.300000 0.300000 0.300000 0.300000 0.300000 0.300000 0.300000 0.300000 0.300000 0.300000 0.000000 0.000000
0.000000 0.000000 0.000000 0.000000 0.000000 0.000000 0.000000 0.000000 0.000000 0.000000 0.000000 0.000000 0.000000 0.000000 0.000000 0.000000 0.000000 0.000000 0.000000 0.000000 0.000000