geotop/1.0zi/1.0Montebello/Templates/testdem/maps/_Eocsilt7145.asc
ncols         21
nrows         20
xllcorner     100.000000
yllcorner     100.000000
cellsize      50.000000
NODATA_value  -9999.0
0.000000 0.000000 0.000000 0.000000 0.000000 0.000000 0.000000 0.000000 0.000000 0.000000 0.000000 0.000000 0.000000 0.000000 0.000000 0.000000 0.000000 0.000000 0.000000 0.000000 0.000000
0.000000 0.000000 0.350143 0.350144 0.350144 0.350144 0.350144 0.350144 0.350144 0.350144 0.350144 0.350144 0.350144 0.350144 0.350144 0.350144 0.350144 0.350144 0.350143 0.000000 0.000000
0.000000 0.000000 0.350004 0.350003 0.350003 0.350003 0.350003 0.350003 0.350003 0.350003 0.350004 0.350004 0.350004 0.350004 0.350003 0.350003 0.350001 0.350001 0.350003 0.000000 0.000000
0.000000 0.000000 0.350063 0.350060 0.350058 0.350052 0.350054 0.350051 0.350054 0.350053 0.350051 0.350053 0.350053 0.350053 0.350054 0.350057 0.350060 0.350062 0.350062 0.000000 0.000000
0.000000 0.000000 0.350775 0.350781 0.350777 0.350768 0.350763 0.350757 0.350755 0.350753 0.350753 0.350754 0.350754 0.350756 0.350767 0.350771 0.350770 0.350778 0.350783 0.000000 0.000000
0.000000 0.000000 0.352881 0.352883 0.352873 0.352860 0.352843 0.352823 0.352823 0.352817 0.352821 0.352822 0.352823 0.352822 0.352831 0.352842 0.352851 0.352858 0.352864 0.000000 0.000000
0.000000 0.000000 0.355993 0.355990 0.355979 0.355957 0.355928 0.355899 0.355901 0.355897 0.355899 0.355897 0.355894 0.355899 0.355922 0.355946 0.355960 0.355973 0.355981 0.000000 0.000000
0.000000 0.000000 0.359721 0.359720 0.359714 0.359691 0.359664 0.359632 0.359633 0.359629 0.359628 0.359625 0.359623 0.359629 0.359656 0.359681 0.359702 0.359707 0.359719 0.000000 0.000000
0.000000 0.000000 0.363677 0.363669 0.363657 0.363641 0.363613 0.363576 0.363579 0.363570 0.363568 0.363567 0.363568 0.363567 0.363602 0.363631 0.363648 0.363657 0.363668 0.000000 0.000000
0.000000 0.000000 0.367750 0.367743 0.367736 0.367722 0.367683 0.367651 0.367652 0.367647 0.367642 0.367645 0.367649 0.367647 0.367676 0.367709 0.367728 0.367734 0.367742 0.000000 0.000000
0.000000 0.000000 0.372042 0.372037 0.372030 0.371999 0.371973 0.371936 0.371944 0.371924 0.371926 0.371926 0.371919 0.371932 0.371956 0.371977 0.372001 0.372013 0.372031 0.000000 0.000000
0.000000 0.000000 0.376676 0.376664 0.376649 0.376629 0.376600 0.376555 0.376554 0.376546 0.376557 0.376542 0.376545 0.376550 0.376594 0.376617 0.376633 0.376642 0.376685 0.000000 0.000000
0.000000 0.000000 0.381558 0.381545 0.381538 0.381512 0.381487 0.381382 0.381382 0.381374 0.381349 0.381360 0.381367 0.381377 0.381456 0.381479 0.381518 0.381522 0.381549 0.000000 0.000000
0.000000 0.000000 0.387058 0.387052 0.387032 0.387013 0.386895 0.386884 0.386860 0.386859 0.386859 0.386856 0.386853 0.386850 0.386852 0.386974 0.387001 0.387032 0.387063 0.000000 0.000000
0.000000 0.000000 0.393334 0.393324 0.393297 0.393161 0.393144 0.393076 0.393038 0.393030 0.393008 0.392989 0.393004 0.392999 0.393061 0.393090 0.393272 0.393252 0.393266 0.000000 0.000000
0.000000 0.000000 0.400154 0.400143 0.399953 0.399962 0.399952 0.399913 0.399971 0.399945 0.399974 0.399954 0.399928 0.399974 0.399995 0.400008 0.399930 0.400183 0.400184 0.000000 0.000000
0.000000 0.000000 0.408404 0.408118 0.408101 0.408011 0.407867 0.407818 0.407770 0.407778 0.407706 0.407706 0.407742 0.407714 0.407785 0.407892 0.408083 0.408035 0.408329 0.000000 0.000000
0.000000 0.000000 0.413196 0.413354 0.413618 0.413581 0.413536 0.413280 0.413294 0.413229 0.413309 0.413287 0.413288 0.413311 0.413537 0.413569 0.413660 0.413415 0.413269 0.000000 0.000000
0.000000 0.000000 0.350000 0.350000 0.350000 0.350000 0.350000 0.350000 0.350000 0.350000 0.350000 0.350000 0.350000 0.350000 0.350000 0.350000 0.350000 0.350000 0.350000 0.000000 0.000000
0.000000 0.000000 0.000000 0.000000 0.000000 0.000000 0.000000 0.000000 0.000000 0.000000 0.000000 0.000000 0.000000 0.000000 0.000000 0.000000 0.000000 0.000000 0.000000 0.000000 0.000000