geotop/1.0zi/1.0Montebello/Templates/testdem/maps/_Eocsand0257.asc
ncols         21
nrows         20
xllcorner     100.000000
yllcorner     100.000000
cellsize      50.000000
NODATA_value  -9999.0
0.000000 0.000000 0.000000 0.000000 0.000000 0.000000 0.000000 0.000000 0.000000 0.000000 0.000000 0.000000 0.000000 0.000000 0.000000 0.000000 0.000000 0.000000 0.000000 0.000000 0.000000
0.000000 0.000000 0.300012 0.300012 0.300012 0.300012 0.300012 0.300012 0.300012 0.300012 0.300012 0.300012 0.300012 0.300012 0.300012 0.300012 0.300012 0.300012 0.300012 0.000000 0.000000
0.000000 0.000000 0.299999 0.299999 0.300000 0.299999 0.299999 0.299999 0.299999 0.299999 0.299999 0.299999 0.299999 0.299999 0.299999 0.299999 0.300000 0.299999 0.299999 0.000000 0.000000
0.000000 0.000000 0.299550 0.299550 0.299554 0.299550 0.299550 0.299550 0.299550 0.299550 0.299550 0.299550 0.299550 0.299550 0.299550 0.299550 0.299554 0.299550 0.299550 0.000000 0.000000
0.000000 0.000000 0.298417 0.298418 0.298422 0.298418 0.298418 0.298417 0.298417 0.298417 0.298417 0.298417 0.298417 0.298417 0.298418 0.298418 0.298422 0.298418 0.298417 0.000000 0.000000
0.000000 0.000000 0.297380 0.297380 0.297383 0.297380 0.297380 0.297380 0.297380 0.297380 0.297380 0.297380 0.297380 0.297380 0.297380 0.297380 0.297383 0.297380 0.297380 0.000000 0.000000
0.000000 0.000000 0.296453 0.296453 0.296456 0.296454 0.296453 0.296453 0.296453 0.296453 0.296453 0.296453 0.296453 0.296453 0.296453 0.296454 0.296456 0.296453 0.296453 0.000000 0.000000
0.000000 0.000000 0.295606 0.295607 0.295609 0.295607 0.295606 0.295606 0.295606 0.295606 0.295606 0.295606 0.295606 0.295606 0.295606 0.295607 0.295609 0.295607 0.295606 0.000000 0.000000
0.000000 0.000000 0.294815 0.294815 0.294818 0.294815 0.294815 0.294815 0.294815 0.294815 0.294815 0.294815 0.294815 0.294815 0.294815 0.294815 0.294818 0.294815 0.294815 0.000000 0.000000
0.000000 0.000000 0.294055 0.294055 0.294058 0.294055 0.294055 0.294055 0.294055 0.294055 0.294055 0.294055 0.294055 0.294055 0.294055 0.294055 0.294058 0.294055 0.294055 0.000000 0.000000
0.000000 0.000000 0.293322 0.293322 0.293324 0.293322 0.293322 0.293322 0.293322 0.293322 0.293322 0.293322 0.293322 0.293322 0.293322 0.293322 0.293324 0.293322 0.293322 0.000000 0.000000
0.000000 0.000000 0.292607 0.292608 0.292610 0.292608 0.292607 0.292607 0.292607 0.292607 0.292607 0.292607 0.292607 0.292607 0.292607 0.292608 0.292610 0.292608 0.292607 0.000000 0.000000
0.000000 0.000000 0.291907 0.291908 0.291910 0.291908 0.291907 0.291907 0.291907 0.291907 0.291907 0.291907 0.291907 0.291907 0.291907 0.291908 0.291910 0.291908 0.291907 0.000000 0.000000
0.000000 0.000000 0.291223 0.291223 0.291226 0.291223 0.291223 0.291223 0.291223 0.291223 0.291223 0.291223 0.291223 0.291223 0.291223 0.291223 0.291226 0.291223 0.291223 0.000000 0.000000
0.000000 0.000000 0.290549 0.290549 0.290552 0.290549 0.290549 0.290549 0.290549 0.290549 0.290549 0.290549 0.290549 0.290549 0.290549 0.290549 0.290552 0.290549 0.290549 0.000000 0.000000
0.000000 0.000000 0.289880 0.289880 0.289882 0.289880 0.289880 0.289880 0.289879 0.289879 0.289879 0.289879 0.289879 0.289880 0.289880 0.289880 0.289882 0.289880 0.289880 0.000000 0.000000
0.000000 0.000000 0.289222 0.289222 0.289225 0.289222 0.289222 0.289222 0.289222 0.289222 0.289222 0.289222 0.289222 0.289222 0.289222 0.289222 0.289225 0.289222 0.289222 0.000000 0.000000
0.000000 0.000000 0.288526 0.288525 0.288528 0.288526 0.288525 0.288525 0.288525 0.288525 0.288525 0.288525 0.288525 0.288525 0.288525 0.288526 0.288528 0.288525 0.288525 0.000000 0.000000
0.000000 0.000000 0.300000 0.300000 0.300000 0.300000 0.300000 0.300000 0.300000 0.300000 0.300000 0.300000 0.300000 0.300000 0.300000 0.300000 0.300000 0.300000 0.300000 0.000000 0.000000
0.000000 0.000000 0.000000 0.000000 0.000000 0.000000 0.000000 0.000000 0.000000 0.000000 0.000000 0.000000 0.000000 0.000000 0.000000 0.000000 0.000000 0.000000 0.000000 0.000000 0.000000