geotop/1.0zi/1.0Montebello/Templates/testdem/maps/_Eocclay9740.asc
ncols         21
nrows         20
xllcorner     100.000000
yllcorner     100.000000
cellsize      50.000000
NODATA_value  -9999.0
0.000000 0.000000 0.000000 0.000000 0.000000 0.000000 0.000000 0.000000 0.000000 0.000000 0.000000 0.000000 0.000000 0.000000 0.000000 0.000000 0.000000 0.000000 0.000000 0.000000 0.000000
0.000000 0.000000 0.349552 0.349555 0.349555 0.349554 0.349555 0.349555 0.349555 0.349555 0.349554 0.349555 0.349555 0.349555 0.349555 0.349555 0.349553 0.349554 0.349554 0.000000 0.000000
0.000000 0.000000 0.349981 0.349979 0.349979 0.349982 0.349979 0.349979 0.349979 0.349979 0.349979 0.349979 0.349980 0.349979 0.349980 0.349981 0.349981 0.349980 0.349979 0.000000 0.000000
0.000000 0.000000 0.350040 0.350045 0.350042 0.350038 0.350039 0.350039 0.350043 0.350040 0.350043 0.350041 0.350042 0.350040 0.350043 0.350046 0.350045 0.350046 0.350043 0.000000 0.000000
0.000000 0.000000 0.351484 0.351478 0.351471 0.351459 0.351441 0.351438 0.351435 0.351437 0.351435 0.351439 0.351439 0.351441 0.351451 0.351456 0.351466 0.351470 0.351479 0.000000 0.000000
0.000000 0.000000 0.355420 0.355415 0.355392 0.355356 0.355325 0.355294 0.355299 0.355292 0.355292 0.355292 0.355299 0.355296 0.355313 0.355344 0.355359 0.355372 0.355378 0.000000 0.000000
0.000000 0.000000 0.360644 0.360632 0.360618 0.360582 0.360542 0.360484 0.360485 0.360479 0.360475 0.360476 0.360477 0.360477 0.360525 0.360560 0.360580 0.360593 0.360601 0.000000 0.000000
0.000000 0.000000 0.366872 0.366859 0.366843 0.366797 0.366752 0.366699 0.366700 0.366693 0.366688 0.366685 0.366684 0.366693 0.366737 0.366774 0.366807 0.366815 0.366830 0.000000 0.000000
0.000000 0.000000 0.373692 0.373674 0.373650 0.373616 0.373564 0.373504 0.373510 0.373498 0.373490 0.373488 0.373491 0.373488 0.373547 0.373592 0.373618 0.373628 0.373641 0.000000 0.000000
0.000000 0.000000 0.381249 0.381223 0.381204 0.381167 0.381109 0.381046 0.381047 0.381038 0.381025 0.381030 0.381039 0.381035 0.381084 0.381143 0.381173 0.381185 0.381191 0.000000 0.000000
0.000000 0.000000 0.389883 0.389861 0.389842 0.389760 0.389732 0.389646 0.389664 0.389622 0.389625 0.389619 0.389605 0.389629 0.389683 0.389720 0.389763 0.389778 0.389816 0.000000 0.000000
0.000000 0.000000 0.399977 0.399932 0.399882 0.399842 0.399797 0.399689 0.399686 0.399681 0.399693 0.399655 0.399674 0.399668 0.399766 0.399823 0.399846 0.399859 0.399935 0.000000 0.000000
0.000000 0.000000 0.411395 0.411353 0.411341 0.411261 0.411205 0.410918 0.410913 0.410895 0.410793 0.410855 0.410862 0.410887 0.411101 0.411149 0.411254 0.411259 0.411278 0.000000 0.000000
0.000000 0.000000 0.425611 0.425591 0.425499 0.425441 0.425038 0.425179 0.425093 0.425092 0.425145 0.425090 0.425080 0.425038 0.424908 0.425353 0.425369 0.425472 0.425535 0.000000 0.000000
0.000000 0.000000 0.441917 0.441868 0.441786 0.441257 0.441483 0.441153 0.441079 0.441043 0.440923 0.440884 0.440945 0.440948 0.441240 0.441023 0.441713 0.441550 0.441524 0.000000 0.000000
0.000000 0.000000 0.456725 0.456696 0.456105 0.456427 0.456316 0.456348 0.456611 0.456542 0.456683 0.456660 0.456547 0.456688 0.456599 0.456701 0.456016 0.456926 0.456913 0.000000 0.000000
0.000000 0.000000 0.469942 0.469446 0.469612 0.469388 0.469133 0.469050 0.468884 0.468922 0.468751 0.468772 0.468871 0.468768 0.468905 0.469095 0.469573 0.469198 0.469715 0.000000 0.000000
0.000000 0.000000 0.474666 0.474846 0.475151 0.475087 0.475039 0.474753 0.474765 0.474694 0.474784 0.474762 0.474765 0.474785 0.475032 0.475071 0.475173 0.474877 0.474700 0.000000 0.000000
0.000000 0.000000 0.350000 0.350000 0.350000 0.350000 0.350000 0.350000 0.350000 0.350000 0.350000 0.350000 0.350000 0.350000 0.350000 0.350000 0.350000 0.350000 0.350000 0.000000 0.000000
0.000000 0.000000 0.000000 0.000000 0.000000 0.000000 0.000000 0.000000 0.000000 0.000000 0.000000 0.000000 0.000000 0.000000 0.000000 0.000000 0.000000 0.000000 0.000000 0.000000 0.000000