geotop/1.0zi/1.0Montebello/Templates/testdem/maps/_Eocsilt8335.asc
ncols         21
nrows         20
xllcorner     100.000000
yllcorner     100.000000
cellsize      50.000000
NODATA_value  -9999.0
0.000000 0.000000 0.000000 0.000000 0.000000 0.000000 0.000000 0.000000 0.000000 0.000000 0.000000 0.000000 0.000000 0.000000 0.000000 0.000000 0.000000 0.000000 0.000000 0.000000 0.000000
0.000000 0.000000 0.350172 0.350173 0.350173 0.350173 0.350173 0.350173 0.350173 0.350173 0.350173 0.350173 0.350173 0.350173 0.350173 0.350173 0.350173 0.350173 0.350173 0.000000 0.000000
0.000000 0.000000 0.350005 0.350005 0.350006 0.350005 0.350006 0.350006 0.350006 0.350006 0.350006 0.350006 0.350007 0.350006 0.350006 0.350005 0.350004 0.350004 0.350005 0.000000 0.000000
0.000000 0.000000 0.350102 0.350099 0.350097 0.350091 0.350092 0.350087 0.350090 0.350090 0.350087 0.350089 0.350089 0.350089 0.350092 0.350095 0.350098 0.350098 0.350100 0.000000 0.000000
0.000000 0.000000 0.351048 0.351054 0.351048 0.351037 0.351030 0.351023 0.351020 0.351018 0.351018 0.351018 0.351019 0.351021 0.351035 0.351039 0.351042 0.351053 0.351054 0.000000 0.000000
0.000000 0.000000 0.353817 0.353818 0.353809 0.353793 0.353774 0.353751 0.353748 0.353743 0.353747 0.353747 0.353748 0.353748 0.353760 0.353774 0.353788 0.353795 0.353802 0.000000 0.000000
0.000000 0.000000 0.357796 0.357792 0.357781 0.357754 0.357721 0.357686 0.357686 0.357682 0.357683 0.357681 0.357678 0.357683 0.357714 0.357742 0.357761 0.357776 0.357784 0.000000 0.000000
0.000000 0.000000 0.362505 0.362504 0.362497 0.362469 0.362437 0.362398 0.362397 0.362393 0.362391 0.362388 0.362387 0.362393 0.362428 0.362457 0.362484 0.362491 0.362504 0.000000 0.000000
0.000000 0.000000 0.367586 0.367577 0.367562 0.367543 0.367509 0.367464 0.367465 0.367455 0.367453 0.367451 0.367453 0.367451 0.367495 0.367531 0.367553 0.367565 0.367575 0.000000 0.000000
0.000000 0.000000 0.372958 0.372949 0.372941 0.372922 0.372874 0.372833 0.372833 0.372828 0.372822 0.372825 0.372830 0.372828 0.372865 0.372906 0.372932 0.372941 0.372948 0.000000 0.000000
0.000000 0.000000 0.378788 0.378782 0.378774 0.378732 0.378698 0.378651 0.378660 0.378634 0.378638 0.378636 0.378627 0.378644 0.378678 0.378704 0.378736 0.378755 0.378776 0.000000 0.000000
0.000000 0.000000 0.385284 0.385267 0.385247 0.385221 0.385182 0.385122 0.385117 0.385111 0.385124 0.385104 0.385110 0.385114 0.385176 0.385208 0.385231 0.385244 0.385297 0.000000 0.000000
0.000000 0.000000 0.392323 0.392307 0.392301 0.392262 0.392228 0.392070 0.392066 0.392057 0.392016 0.392038 0.392046 0.392061 0.392181 0.392214 0.392274 0.392282 0.392307 0.000000 0.000000
0.000000 0.000000 0.400600 0.400596 0.400564 0.400537 0.400338 0.400355 0.400313 0.400314 0.400327 0.400314 0.400308 0.400299 0.400279 0.400487 0.400520 0.400576 0.400614 0.000000 0.000000
0.000000 0.000000 0.410363 0.410346 0.410307 0.410054 0.410078 0.409950 0.409894 0.409880 0.409837 0.409806 0.409835 0.409830 0.409954 0.409945 0.410281 0.410231 0.410236 0.000000 0.000000
0.000000 0.000000 0.421019 0.421005 0.420640 0.420745 0.420716 0.420683 0.420819 0.420777 0.420849 0.420824 0.420764 0.420855 0.420860 0.420883 0.420611 0.421142 0.421134 0.000000 0.000000
0.000000 0.000000 0.434047 0.433487 0.433612 0.433400 0.433120 0.433037 0.432879 0.432916 0.432748 0.432763 0.432859 0.432764 0.432906 0.433114 0.433595 0.433283 0.433866 0.000000 0.000000
0.000000 0.000000 0.438686 0.439195 0.439654 0.439658 0.439682 0.439238 0.439313 0.439182 0.439395 0.439352 0.439319 0.439392 0.439760 0.439743 0.439740 0.439388 0.438890 0.000000 0.000000
0.000000 0.000000 0.350000 0.350000 0.350000 0.350000 0.350000 0.350000 0.350000 0.350000 0.350000 0.350000 0.350000 0.350000 0.350000 0.350000 0.350000 0.350000 0.350000 0.000000 0.000000
0.000000 0.000000 0.000000 0.000000 0.000000 0.000000 0.000000 0.000000 0.000000 0.000000 0.000000 0.000000 0.000000 0.000000 0.000000 0.000000 0.000000 0.000000 0.000000 0.000000 0.000000