geotop/1.0zi/1.0Montebello/Templates/testdem/maps/_Eocsand188$.asc
ncols         21
nrows         20
xllcorner     100.000000
yllcorner     100.000000
cellsize      50.000000
NODATA_value  -9999.0
0.000000 0.000000 0.000000 0.000000 0.000000 0.000000 0.000000 0.000000 0.000000 0.000000 0.000000 0.000000 0.000000 0.000000 0.000000 0.000000 0.000000 0.000000 0.000000 0.000000 0.000000
0.000000 0.000000 0.300309 0.300306 0.300306 0.300307 0.300306 0.300306 0.300306 0.300306 0.300307 0.300306 0.300306 0.300306 0.300306 0.300306 0.300307 0.300307 0.300307 0.000000 0.000000
0.000000 0.000000 0.300011 0.300012 0.300012 0.300010 0.300012 0.300012 0.300011 0.300012 0.300011 0.300011 0.300011 0.300011 0.300011 0.300011 0.300012 0.300013 0.300012 0.000000 0.000000
0.000000 0.000000 0.299622 0.299615 0.299630 0.299637 0.299632 0.299643 0.299639 0.299642 0.299643 0.299641 0.299641 0.299636 0.299639 0.299630 0.299626 0.299622 0.299622 0.000000 0.000000
0.000000 0.000000 0.295391 0.295407 0.295430 0.295471 0.295509 0.295526 0.295533 0.295536 0.295542 0.295528 0.295522 0.295529 0.295506 0.295486 0.295464 0.295443 0.295432 0.000000 0.000000
0.000000 0.000000 0.284778 0.284800 0.284852 0.284936 0.285009 0.285082 0.285086 0.285103 0.285107 0.285103 0.285091 0.285101 0.285065 0.284992 0.284959 0.284925 0.284917 0.000000 0.000000
0.000000 0.000000 0.270328 0.270363 0.270415 0.270516 0.270616 0.270773 0.270786 0.270804 0.270805 0.270805 0.270809 0.270808 0.270696 0.270607 0.270552 0.270506 0.270496 0.000000 0.000000
0.000000 0.000000 0.252723 0.252766 0.252822 0.252962 0.253072 0.253219 0.253238 0.253259 0.253271 0.253272 0.253280 0.253264 0.253166 0.253064 0.252974 0.252948 0.252920 0.000000 0.000000
0.000000 0.000000 0.232320 0.232383 0.232472 0.232585 0.232720 0.232912 0.232923 0.232968 0.232974 0.232988 0.232983 0.233000 0.232846 0.232715 0.232642 0.232593 0.232570 0.000000 0.000000
0.000000 0.000000 0.208124 0.208224 0.208323 0.208438 0.208605 0.208809 0.208848 0.208876 0.208902 0.208892 0.208861 0.208879 0.208760 0.208582 0.208487 0.208433 0.208431 0.000000 0.000000
0.000000 0.000000 0.178422 0.178525 0.178600 0.178926 0.178990 0.179295 0.179243 0.179412 0.179361 0.179399 0.179474 0.179396 0.179236 0.179137 0.178989 0.178922 0.178803 0.000000 0.000000
0.000000 0.000000 0.141773 0.141980 0.142216 0.142316 0.142481 0.142874 0.142952 0.142931 0.142875 0.143008 0.142947 0.143008 0.142685 0.142474 0.142420 0.142347 0.142122 0.000000 0.000000
0.000000 0.000000 0.103609 0.103761 0.103764 0.104062 0.104250 0.105208 0.105292 0.105381 0.105750 0.105466 0.105481 0.105403 0.104726 0.104594 0.104215 0.104153 0.104258 0.000000 0.000000
0.000000 0.000000 0.070344 0.070370 0.070590 0.070680 0.071463 0.071003 0.071197 0.071204 0.071012 0.071189 0.071215 0.071332 0.071718 0.070844 0.070870 0.070662 0.070569 0.000000 0.000000
0.000000 0.000000 0.051088 0.051124 0.051232 0.051541 0.051610 0.051672 0.051757 0.051769 0.051804 0.051854 0.051826 0.051850 0.051802 0.051714 0.051352 0.051386 0.051378 0.000000 0.000000
0.000000 0.000000 0.038817 0.038845 0.038983 0.039162 0.039151 0.039242 0.039256 0.039275 0.039301 0.039328 0.039318 0.039309 0.039240 0.039245 0.039051 0.038994 0.038992 0.000000 0.000000
0.000000 0.000000 0.030233 0.030285 0.030378 0.030517 0.030500 0.030587 0.030596 0.030608 0.030639 0.030654 0.030645 0.030636 0.030564 0.030582 0.030428 0.030394 0.030365 0.000000 0.000000
0.000000 0.000000 0.024277 0.024292 0.024375 0.024455 0.024436 0.024512 0.024497 0.024513 0.024521 0.024532 0.024534 0.024516 0.024457 0.024478 0.024410 0.024345 0.024349 0.000000 0.000000
0.000000 0.000000 0.300000 0.300000 0.300000 0.300000 0.300000 0.300000 0.300000 0.300000 0.300000 0.300000 0.300000 0.300000 0.300000 0.300000 0.300000 0.300000 0.300000 0.000000 0.000000
0.000000 0.000000 0.000000 0.000000 0.000000 0.000000 0.000000 0.000000 0.000000 0.000000 0.000000 0.000000 0.000000 0.000000 0.000000 0.000000 0.000000 0.000000 0.000000 0.000000 0.000000