geotop/1.0zi/1.0Montebello/Templates/testdem/maps/_Eocsilt7607.asc
ncols         21
nrows         20
xllcorner     100.000000
yllcorner     100.000000
cellsize      50.000000
NODATA_value  -9999.0
0.000000 0.000000 0.000000 0.000000 0.000000 0.000000 0.000000 0.000000 0.000000 0.000000 0.000000 0.000000 0.000000 0.000000 0.000000 0.000000 0.000000 0.000000 0.000000 0.000000 0.000000
0.000000 0.000000 0.350154 0.350155 0.350155 0.350156 0.350155 0.350156 0.350155 0.350155 0.350156 0.350155 0.350155 0.350155 0.350155 0.350155 0.350156 0.350156 0.350155 0.000000 0.000000
0.000000 0.000000 0.350005 0.350004 0.350004 0.350004 0.350004 0.350004 0.350004 0.350005 0.350005 0.350005 0.350005 0.350005 0.350004 0.350004 0.350002 0.350003 0.350004 0.000000 0.000000
0.000000 0.000000 0.350103 0.350099 0.350097 0.350091 0.350093 0.350087 0.350090 0.350090 0.350087 0.350089 0.350089 0.350089 0.350092 0.350095 0.350098 0.350098 0.350099 0.000000 0.000000
0.000000 0.000000 0.350964 0.350970 0.350966 0.350956 0.350950 0.350943 0.350939 0.350938 0.350938 0.350939 0.350939 0.350941 0.350954 0.350959 0.350961 0.350971 0.350973 0.000000 0.000000
0.000000 0.000000 0.353383 0.353384 0.353374 0.353359 0.353341 0.353319 0.353319 0.353313 0.353317 0.353317 0.353318 0.353317 0.353329 0.353341 0.353353 0.353361 0.353366 0.000000 0.000000
0.000000 0.000000 0.356870 0.356866 0.356856 0.356831 0.356801 0.356769 0.356769 0.356766 0.356767 0.356765 0.356762 0.356767 0.356795 0.356820 0.356837 0.356852 0.356859 0.000000 0.000000
0.000000 0.000000 0.361018 0.361017 0.361011 0.360986 0.360957 0.360921 0.360921 0.360917 0.360916 0.360913 0.360911 0.360917 0.360949 0.360975 0.361000 0.361006 0.361018 0.000000 0.000000
0.000000 0.000000 0.365452 0.365444 0.365431 0.365413 0.365383 0.365342 0.365344 0.365336 0.365333 0.365332 0.365333 0.365332 0.365371 0.365403 0.365423 0.365434 0.365444 0.000000 0.000000
0.000000 0.000000 0.370070 0.370062 0.370055 0.370039 0.369996 0.369960 0.369960 0.369956 0.369950 0.369953 0.369958 0.369956 0.369989 0.370025 0.370047 0.370055 0.370062 0.000000 0.000000
0.000000 0.000000 0.374999 0.374993 0.374986 0.374950 0.374920 0.374879 0.374888 0.374866 0.374868 0.374868 0.374860 0.374874 0.374904 0.374927 0.374955 0.374970 0.374988 0.000000 0.000000
0.000000 0.000000 0.380398 0.380384 0.380367 0.380344 0.380312 0.380260 0.380258 0.380251 0.380262 0.380246 0.380250 0.380254 0.380307 0.380333 0.380352 0.380364 0.380410 0.000000 0.000000
0.000000 0.000000 0.386152 0.386138 0.386131 0.386100 0.386072 0.385945 0.385944 0.385936 0.385904 0.385919 0.385927 0.385939 0.386036 0.386062 0.386110 0.386117 0.386142 0.000000 0.000000
0.000000 0.000000 0.392760 0.392755 0.392730 0.392708 0.392558 0.392557 0.392526 0.392526 0.392530 0.392524 0.392520 0.392515 0.392511 0.392665 0.392696 0.392738 0.392770 0.000000 0.000000
0.000000 0.000000 0.400418 0.400406 0.400374 0.400193 0.400190 0.400100 0.400055 0.400045 0.400015 0.399992 0.400011 0.400006 0.400093 0.400109 0.400350 0.400320 0.400330 0.000000 0.000000
0.000000 0.000000 0.408799 0.408786 0.408529 0.408570 0.408555 0.408518 0.408604 0.408572 0.408616 0.408594 0.408555 0.408618 0.408637 0.408651 0.408507 0.408865 0.408861 0.000000 0.000000
0.000000 0.000000 0.419131 0.418729 0.418760 0.418623 0.418422 0.418360 0.418271 0.418291 0.418180 0.418187 0.418245 0.418193 0.418293 0.418442 0.418744 0.418604 0.419018 0.000000 0.000000
0.000000 0.000000 0.424098 0.424409 0.424778 0.424753 0.424734 0.424387 0.424424 0.424330 0.424466 0.424435 0.424423 0.424466 0.424766 0.424779 0.424844 0.424530 0.424230 0.000000 0.000000
0.000000 0.000000 0.350000 0.350000 0.350000 0.350000 0.350000 0.350000 0.350000 0.350000 0.350000 0.350000 0.350000 0.350000 0.350000 0.350000 0.350000 0.350000 0.350000 0.000000 0.000000
0.000000 0.000000 0.000000 0.000000 0.000000 0.000000 0.000000 0.000000 0.000000 0.000000 0.000000 0.000000 0.000000 0.000000 0.000000 0.000000 0.000000 0.000000 0.000000 0.000000 0.000000