geotop/1.0zi/1.0Montebello/Templates/testdem/maps/_Eocsand7708.asc
ncols         21
nrows         20
xllcorner     100.000000
yllcorner     100.000000
cellsize      50.000000
NODATA_value  -9999.0
0.000000 0.000000 0.000000 0.000000 0.000000 0.000000 0.000000 0.000000 0.000000 0.000000 0.000000 0.000000 0.000000 0.000000 0.000000 0.000000 0.000000 0.000000 0.000000 0.000000 0.000000
0.000000 0.000000 0.300196 0.300194 0.300194 0.300195 0.300194 0.300193 0.300193 0.300194 0.300194 0.300193 0.300194 0.300194 0.300193 0.300194 0.300195 0.300195 0.300195 0.000000 0.000000
0.000000 0.000000 0.300010 0.300012 0.300011 0.300010 0.300011 0.300011 0.300011 0.300011 0.300011 0.300011 0.300010 0.300011 0.300011 0.300011 0.300012 0.300012 0.300013 0.000000 0.000000
0.000000 0.000000 0.299894 0.299893 0.299898 0.299906 0.299901 0.299909 0.299904 0.299906 0.299906 0.299906 0.299906 0.299908 0.299903 0.299898 0.299896 0.299893 0.299893 0.000000 0.000000
0.000000 0.000000 0.298077 0.298074 0.298083 0.298098 0.298119 0.298128 0.298134 0.298133 0.298136 0.298135 0.298138 0.298133 0.298110 0.298104 0.298093 0.298082 0.298073 0.000000 0.000000
0.000000 0.000000 0.293017 0.293018 0.293039 0.293083 0.293114 0.293159 0.293159 0.293172 0.293164 0.293165 0.293161 0.293160 0.293138 0.293107 0.293081 0.293058 0.293047 0.000000 0.000000
0.000000 0.000000 0.285844 0.285852 0.285871 0.285920 0.285980 0.286049 0.286050 0.286059 0.286057 0.286058 0.286061 0.286055 0.285994 0.285940 0.285908 0.285880 0.285865 0.000000 0.000000
0.000000 0.000000 0.277300 0.277304 0.277318 0.277374 0.277431 0.277507 0.277508 0.277517 0.277518 0.277524 0.277528 0.277513 0.277448 0.277396 0.277347 0.277331 0.277307 0.000000 0.000000
0.000000 0.000000 0.268227 0.268242 0.268269 0.268305 0.268366 0.268448 0.268444 0.268463 0.268467 0.268471 0.268469 0.268470 0.268390 0.268325 0.268286 0.268266 0.268247 0.000000 0.000000
0.000000 0.000000 0.258719 0.258737 0.258751 0.258786 0.258874 0.258947 0.258947 0.258957 0.258968 0.258963 0.258952 0.258956 0.258888 0.258814 0.258769 0.258753 0.258738 0.000000 0.000000
0.000000 0.000000 0.248498 0.248510 0.248526 0.248601 0.248662 0.248747 0.248729 0.248776 0.248770 0.248772 0.248788 0.248757 0.248696 0.248650 0.248593 0.248561 0.248523 0.000000 0.000000
0.000000 0.000000 0.237273 0.237304 0.237338 0.237387 0.237455 0.237560 0.237566 0.237581 0.237557 0.237593 0.237584 0.237576 0.237467 0.237412 0.237372 0.237349 0.237254 0.000000 0.000000
0.000000 0.000000 0.225258 0.225289 0.225303 0.225370 0.225429 0.225694 0.225697 0.225715 0.225781 0.225748 0.225733 0.225707 0.225505 0.225449 0.225349 0.225336 0.225285 0.000000 0.000000
0.000000 0.000000 0.211392 0.211404 0.211457 0.211505 0.211821 0.211819 0.211886 0.211887 0.211875 0.211890 0.211898 0.211909 0.211921 0.211593 0.211531 0.211443 0.211376 0.000000 0.000000
0.000000 0.000000 0.195242 0.195271 0.195339 0.195728 0.195727 0.195918 0.196016 0.196038 0.196101 0.196151 0.196108 0.196118 0.195932 0.195906 0.195391 0.195457 0.195439 0.000000 0.000000
0.000000 0.000000 0.177515 0.177544 0.178098 0.178000 0.178034 0.178108 0.177918 0.177987 0.177890 0.177937 0.178021 0.177884 0.177849 0.177820 0.178150 0.177373 0.177383 0.000000 0.000000
0.000000 0.000000 0.155516 0.156394 0.156307 0.156611 0.157050 0.157179 0.157381 0.157339 0.157582 0.157567 0.157434 0.157554 0.157337 0.157013 0.156342 0.156678 0.155774 0.000000 0.000000
0.000000 0.000000 0.145390 0.144675 0.143873 0.143912 0.143936 0.144690 0.144604 0.144813 0.144503 0.144571 0.144601 0.144502 0.143854 0.143838 0.143729 0.144405 0.145098 0.000000 0.000000
0.000000 0.000000 0.300000 0.300000 0.300000 0.300000 0.300000 0.300000 0.300000 0.300000 0.300000 0.300000 0.300000 0.300000 0.300000 0.300000 0.300000 0.300000 0.300000 0.000000 0.000000
0.000000 0.000000 0.000000 0.000000 0.000000 0.000000 0.000000 0.000000 0.000000 0.000000 0.000000 0.000000 0.000000 0.000000 0.000000 0.000000 0.000000 0.000000 0.000000 0.000000 0.000000