geotop/1.0zi/1.0Montebello/Templates/testdem/maps/_Eocsand2015.asc
ncols         21
nrows         20
xllcorner     100.000000
yllcorner     100.000000
cellsize      50.000000
NODATA_value  -9999.0
0.000000 0.000000 0.000000 0.000000 0.000000 0.000000 0.000000 0.000000 0.000000 0.000000 0.000000 0.000000 0.000000 0.000000 0.000000 0.000000 0.000000 0.000000 0.000000 0.000000 0.000000
0.000000 0.000000 0.300060 0.300060 0.300059 0.300060 0.300060 0.300060 0.300060 0.300060 0.300060 0.300060 0.300060 0.300060 0.300060 0.300060 0.300059 0.300060 0.300060 0.000000 0.000000
0.000000 0.000000 0.300008 0.300009 0.300009 0.300008 0.300008 0.300008 0.300008 0.300008 0.300008 0.300008 0.300008 0.300008 0.300008 0.300008 0.300009 0.300009 0.300008 0.000000 0.000000
0.000000 0.000000 0.298651 0.298652 0.298656 0.298654 0.298651 0.298651 0.298651 0.298650 0.298651 0.298650 0.298651 0.298651 0.298651 0.298654 0.298656 0.298652 0.298651 0.000000 0.000000
0.000000 0.000000 0.293223 0.293225 0.293228 0.293229 0.293222 0.293224 0.293224 0.293221 0.293221 0.293221 0.293224 0.293224 0.293222 0.293229 0.293228 0.293225 0.293223 0.000000 0.000000
0.000000 0.000000 0.286545 0.286546 0.286549 0.286549 0.286543 0.286545 0.286545 0.286543 0.286543 0.286543 0.286545 0.286545 0.286543 0.286549 0.286549 0.286546 0.286545 0.000000 0.000000
0.000000 0.000000 0.280296 0.280297 0.280300 0.280300 0.280295 0.280297 0.280296 0.280295 0.280295 0.280295 0.280296 0.280297 0.280295 0.280300 0.280300 0.280297 0.280296 0.000000 0.000000
0.000000 0.000000 0.274556 0.274556 0.274559 0.274559 0.274555 0.274556 0.274556 0.274555 0.274554 0.274555 0.274556 0.274556 0.274555 0.274559 0.274559 0.274556 0.274556 0.000000 0.000000
0.000000 0.000000 0.269187 0.269187 0.269190 0.269189 0.269186 0.269187 0.269187 0.269186 0.269185 0.269186 0.269187 0.269187 0.269186 0.269189 0.269190 0.269187 0.269187 0.000000 0.000000
0.000000 0.000000 0.264060 0.264060 0.264063 0.264062 0.264059 0.264060 0.264060 0.264059 0.264058 0.264059 0.264060 0.264060 0.264059 0.264062 0.264063 0.264060 0.264060 0.000000 0.000000
0.000000 0.000000 0.259118 0.259118 0.259121 0.259120 0.259117 0.259118 0.259118 0.259117 0.259116 0.259117 0.259118 0.259118 0.259117 0.259120 0.259121 0.259118 0.259118 0.000000 0.000000
0.000000 0.000000 0.254316 0.254317 0.254319 0.254319 0.254316 0.254317 0.254316 0.254315 0.254315 0.254315 0.254316 0.254317 0.254316 0.254319 0.254319 0.254317 0.254316 0.000000 0.000000
0.000000 0.000000 0.249623 0.249623 0.249626 0.249625 0.249622 0.249623 0.249623 0.249622 0.249622 0.249622 0.249623 0.249623 0.249622 0.249625 0.249626 0.249623 0.249623 0.000000 0.000000
0.000000 0.000000 0.245026 0.245026 0.245029 0.245028 0.245025 0.245026 0.245026 0.245025 0.245025 0.245025 0.245026 0.245026 0.245025 0.245028 0.245029 0.245026 0.245026 0.000000 0.000000
0.000000 0.000000 0.240503 0.240504 0.240506 0.240505 0.240503 0.240504 0.240503 0.240502 0.240502 0.240502 0.240503 0.240504 0.240503 0.240505 0.240506 0.240504 0.240503 0.000000 0.000000
0.000000 0.000000 0.236043 0.236043 0.236045 0.236045 0.236042 0.236043 0.236043 0.236042 0.236041 0.236042 0.236043 0.236043 0.236042 0.236045 0.236045 0.236043 0.236043 0.000000 0.000000
0.000000 0.000000 0.231645 0.231646 0.231648 0.231648 0.231645 0.231646 0.231646 0.231645 0.231644 0.231645 0.231646 0.231646 0.231645 0.231648 0.231648 0.231646 0.231645 0.000000 0.000000
0.000000 0.000000 0.227245 0.227245 0.227248 0.227247 0.227244 0.227245 0.227245 0.227244 0.227244 0.227244 0.227245 0.227245 0.227244 0.227247 0.227248 0.227245 0.227245 0.000000 0.000000
0.000000 0.000000 0.300000 0.300000 0.300000 0.300000 0.300000 0.300000 0.300000 0.300000 0.300000 0.300000 0.300000 0.300000 0.300000 0.300000 0.300000 0.300000 0.300000 0.000000 0.000000
0.000000 0.000000 0.000000 0.000000 0.000000 0.000000 0.000000 0.000000 0.000000 0.000000 0.000000 0.000000 0.000000 0.000000 0.000000 0.000000 0.000000 0.000000 0.000000 0.000000 0.000000