geotop/1.0zi/1.0Montebello/Templates/testdem/maps/_Eocsilt1736.asc
ncols         21
nrows         20
xllcorner     100.000000
yllcorner     100.000000
cellsize      50.000000
NODATA_value  -9999.0
0.000000 0.000000 0.000000 0.000000 0.000000 0.000000 0.000000 0.000000 0.000000 0.000000 0.000000 0.000000 0.000000 0.000000 0.000000 0.000000 0.000000 0.000000 0.000000 0.000000 0.000000
0.000000 0.000000 0.350040 0.350040 0.350040 0.350040 0.350040 0.350040 0.350040 0.350040 0.350040 0.350040 0.350040 0.350040 0.350040 0.350040 0.350040 0.350040 0.350040 0.000000 0.000000
0.000000 0.000000 0.349998 0.349998 0.349998 0.349998 0.349998 0.349998 0.349998 0.349998 0.349998 0.349998 0.349998 0.349998 0.349998 0.349998 0.349998 0.349998 0.349998 0.000000 0.000000
0.000000 0.000000 0.350655 0.350655 0.350652 0.350654 0.350656 0.350656 0.350655 0.350656 0.350656 0.350656 0.350655 0.350656 0.350656 0.350654 0.350652 0.350655 0.350655 0.000000 0.000000
0.000000 0.000000 0.353028 0.353027 0.353025 0.353025 0.353028 0.353028 0.353028 0.353029 0.353028 0.353029 0.353028 0.353028 0.353028 0.353025 0.353025 0.353027 0.353028 0.000000 0.000000
0.000000 0.000000 0.356005 0.356004 0.356003 0.356003 0.356006 0.356005 0.356005 0.356006 0.356006 0.356006 0.356005 0.356005 0.356006 0.356003 0.356003 0.356004 0.356005 0.000000 0.000000
0.000000 0.000000 0.358727 0.358726 0.358725 0.358725 0.358727 0.358727 0.358727 0.358727 0.358727 0.358727 0.358727 0.358727 0.358727 0.358725 0.358725 0.358726 0.358727 0.000000 0.000000
0.000000 0.000000 0.361220 0.361220 0.361218 0.361219 0.361220 0.361220 0.361220 0.361220 0.361220 0.361220 0.361220 0.361220 0.361220 0.361219 0.361218 0.361220 0.361220 0.000000 0.000000
0.000000 0.000000 0.363552 0.363552 0.363550 0.363551 0.363552 0.363552 0.363552 0.363552 0.363552 0.363552 0.363552 0.363552 0.363552 0.363551 0.363550 0.363552 0.363552 0.000000 0.000000
0.000000 0.000000 0.365781 0.365781 0.365779 0.365780 0.365781 0.365781 0.365781 0.365781 0.365781 0.365781 0.365781 0.365781 0.365781 0.365780 0.365779 0.365781 0.365781 0.000000 0.000000
0.000000 0.000000 0.367930 0.367930 0.367928 0.367929 0.367930 0.367930 0.367930 0.367930 0.367930 0.367930 0.367930 0.367930 0.367930 0.367929 0.367928 0.367930 0.367930 0.000000 0.000000
0.000000 0.000000 0.370019 0.370019 0.370018 0.370019 0.370020 0.370020 0.370020 0.370020 0.370020 0.370020 0.370020 0.370020 0.370020 0.370019 0.370018 0.370019 0.370019 0.000000 0.000000
0.000000 0.000000 0.372066 0.372066 0.372064 0.372065 0.372066 0.372066 0.372066 0.372066 0.372066 0.372066 0.372066 0.372066 0.372066 0.372065 0.372064 0.372066 0.372066 0.000000 0.000000
0.000000 0.000000 0.374071 0.374071 0.374069 0.374070 0.374071 0.374071 0.374071 0.374071 0.374071 0.374071 0.374071 0.374071 0.374071 0.374070 0.374069 0.374071 0.374071 0.000000 0.000000
0.000000 0.000000 0.376044 0.376043 0.376042 0.376043 0.376044 0.376044 0.376044 0.376044 0.376044 0.376044 0.376044 0.376044 0.376044 0.376043 0.376042 0.376043 0.376044 0.000000 0.000000
0.000000 0.000000 0.377991 0.377991 0.377990 0.377990 0.377992 0.377991 0.377991 0.377991 0.377991 0.377991 0.377991 0.377991 0.377992 0.377990 0.377990 0.377991 0.377991 0.000000 0.000000
0.000000 0.000000 0.379914 0.379914 0.379913 0.379913 0.379915 0.379914 0.379914 0.379914 0.379914 0.379914 0.379914 0.379914 0.379915 0.379913 0.379913 0.379914 0.379914 0.000000 0.000000
0.000000 0.000000 0.381849 0.381850 0.381848 0.381849 0.381850 0.381850 0.381850 0.381850 0.381850 0.381850 0.381850 0.381850 0.381850 0.381849 0.381848 0.381850 0.381850 0.000000 0.000000
0.000000 0.000000 0.350000 0.350000 0.350000 0.350000 0.350000 0.350000 0.350000 0.350000 0.350000 0.350000 0.350000 0.350000 0.350000 0.350000 0.350000 0.350000 0.350000 0.000000 0.000000
0.000000 0.000000 0.000000 0.000000 0.000000 0.000000 0.000000 0.000000 0.000000 0.000000 0.000000 0.000000 0.000000 0.000000 0.000000 0.000000 0.000000 0.000000 0.000000 0.000000 0.000000