geotop/1.0zi/1.0Montebello/Templates/testdem/maps/_Eocsand7159.asc
ncols         21
nrows         20
xllcorner     100.000000
yllcorner     100.000000
cellsize      50.000000
NODATA_value  -9999.0
0.000000 0.000000 0.000000 0.000000 0.000000 0.000000 0.000000 0.000000 0.000000 0.000000 0.000000 0.000000 0.000000 0.000000 0.000000 0.000000 0.000000 0.000000 0.000000 0.000000 0.000000
0.000000 0.000000 0.300178 0.300176 0.300175 0.300176 0.300175 0.300175 0.300175 0.300175 0.300176 0.300175 0.300175 0.300176 0.300175 0.300175 0.300177 0.300177 0.300176 0.000000 0.000000
0.000000 0.000000 0.300010 0.300011 0.300010 0.300009 0.300010 0.300010 0.300010 0.300010 0.300010 0.300010 0.300009 0.300010 0.300010 0.300010 0.300011 0.300011 0.300012 0.000000 0.000000
0.000000 0.000000 0.299959 0.299957 0.299962 0.299967 0.299965 0.299968 0.299963 0.299967 0.299966 0.299966 0.299966 0.299967 0.299965 0.299960 0.299959 0.299955 0.299956 0.000000 0.000000
0.000000 0.000000 0.298473 0.298470 0.298478 0.298490 0.298510 0.298518 0.298521 0.298521 0.298523 0.298522 0.298525 0.298520 0.298502 0.298497 0.298492 0.298483 0.298470 0.000000 0.000000
0.000000 0.000000 0.294079 0.294079 0.294099 0.294138 0.294166 0.294208 0.294206 0.294219 0.294210 0.294210 0.294208 0.294207 0.294190 0.294162 0.294140 0.294121 0.294107 0.000000 0.000000
0.000000 0.000000 0.287745 0.287751 0.287769 0.287813 0.287868 0.287931 0.287929 0.287939 0.287935 0.287936 0.287940 0.287934 0.287883 0.287832 0.287806 0.287781 0.287764 0.000000 0.000000
0.000000 0.000000 0.280169 0.280172 0.280185 0.280234 0.280288 0.280356 0.280354 0.280363 0.280364 0.280369 0.280373 0.280360 0.280303 0.280256 0.280213 0.280200 0.280175 0.000000 0.000000
0.000000 0.000000 0.272206 0.272219 0.272245 0.272275 0.272331 0.272405 0.272399 0.272416 0.272420 0.272424 0.272423 0.272424 0.272354 0.272295 0.272262 0.272246 0.272224 0.000000 0.000000
0.000000 0.000000 0.263971 0.263987 0.264000 0.264028 0.264108 0.264173 0.264170 0.264180 0.264190 0.264185 0.264175 0.264180 0.264121 0.264054 0.264016 0.264005 0.263988 0.000000 0.000000
0.000000 0.000000 0.255245 0.255256 0.255270 0.255332 0.255385 0.255462 0.255444 0.255485 0.255481 0.255482 0.255496 0.255469 0.255419 0.255377 0.255330 0.255304 0.255267 0.000000 0.000000
0.000000 0.000000 0.245822 0.245847 0.245876 0.245918 0.245975 0.246068 0.246068 0.246085 0.246063 0.246094 0.246088 0.246079 0.245989 0.245942 0.245910 0.245892 0.245805 0.000000 0.000000
0.000000 0.000000 0.235875 0.235901 0.235916 0.235968 0.236019 0.236234 0.236235 0.236251 0.236302 0.236278 0.236265 0.236244 0.236082 0.236035 0.235956 0.235948 0.235893 0.000000 0.000000
0.000000 0.000000 0.224649 0.224661 0.224702 0.224741 0.224982 0.225005 0.225054 0.225056 0.225055 0.225062 0.225067 0.225074 0.225070 0.224819 0.224765 0.224700 0.224637 0.000000 0.000000
0.000000 0.000000 0.211815 0.211836 0.211892 0.212170 0.212205 0.212344 0.212422 0.212439 0.212484 0.212522 0.212492 0.212502 0.212374 0.212316 0.211943 0.211984 0.211956 0.000000 0.000000
0.000000 0.000000 0.197854 0.197876 0.198268 0.198245 0.198268 0.198346 0.198226 0.198277 0.198218 0.198259 0.198313 0.198219 0.198175 0.198150 0.198314 0.197791 0.197789 0.000000 0.000000
0.000000 0.000000 0.180900 0.181493 0.181525 0.181711 0.182011 0.182111 0.182212 0.182196 0.182345 0.182345 0.182269 0.182329 0.182182 0.181959 0.181560 0.181667 0.181056 0.000000 0.000000
0.000000 0.000000 0.171148 0.170809 0.170257 0.170331 0.170421 0.170954 0.170924 0.171059 0.170891 0.170936 0.170935 0.170888 0.170416 0.170352 0.170167 0.170680 0.170991 0.000000 0.000000
0.000000 0.000000 0.300000 0.300000 0.300000 0.300000 0.300000 0.300000 0.300000 0.300000 0.300000 0.300000 0.300000 0.300000 0.300000 0.300000 0.300000 0.300000 0.300000 0.000000 0.000000
0.000000 0.000000 0.000000 0.000000 0.000000 0.000000 0.000000 0.000000 0.000000 0.000000 0.000000 0.000000 0.000000 0.000000 0.000000 0.000000 0.000000 0.000000 0.000000 0.000000 0.000000