geotop/1.0zi/1.0Montebello/Templates/testdem/maps/_Eocclay8578.asc
ncols         21
nrows         20
xllcorner     100.000000
yllcorner     100.000000
cellsize      50.000000
NODATA_value  -9999.0
0.000000 0.000000 0.000000 0.000000 0.000000 0.000000 0.000000 0.000000 0.000000 0.000000 0.000000 0.000000 0.000000 0.000000 0.000000 0.000000 0.000000 0.000000 0.000000 0.000000 0.000000
0.000000 0.000000 0.349607 0.349609 0.349609 0.349608 0.349610 0.349610 0.349610 0.349610 0.349609 0.349610 0.349610 0.349610 0.349610 0.349610 0.349607 0.349608 0.349609 0.000000 0.000000
0.000000 0.000000 0.349983 0.349981 0.349981 0.349984 0.349981 0.349981 0.349981 0.349981 0.349981 0.349981 0.349981 0.349981 0.349982 0.349982 0.349983 0.349982 0.349981 0.000000 0.000000
0.000000 0.000000 0.350004 0.350009 0.350006 0.350004 0.350007 0.350004 0.350006 0.350003 0.350007 0.350004 0.350004 0.350003 0.350006 0.350007 0.350006 0.350009 0.350006 0.000000 0.000000
0.000000 0.000000 0.351054 0.351047 0.351044 0.351038 0.351021 0.351020 0.351017 0.351018 0.351016 0.351018 0.351015 0.351018 0.351027 0.351029 0.351039 0.351041 0.351051 0.000000 0.000000
0.000000 0.000000 0.354163 0.354160 0.354143 0.354112 0.354094 0.354069 0.354071 0.354064 0.354069 0.354069 0.354074 0.354073 0.354085 0.354106 0.354121 0.354135 0.354140 0.000000 0.000000
0.000000 0.000000 0.358411 0.358404 0.358395 0.358368 0.358334 0.358292 0.358291 0.358286 0.358287 0.358289 0.358290 0.358290 0.358326 0.358357 0.358374 0.358387 0.358395 0.000000 0.000000
0.000000 0.000000 0.363442 0.363436 0.363428 0.363394 0.363362 0.363317 0.363317 0.363311 0.363311 0.363309 0.363306 0.363315 0.363354 0.363381 0.363408 0.363417 0.363431 0.000000 0.000000
0.000000 0.000000 0.368831 0.368820 0.368805 0.368784 0.368747 0.368701 0.368704 0.368694 0.368691 0.368690 0.368691 0.368690 0.368735 0.368772 0.368793 0.368803 0.368814 0.000000 0.000000
0.000000 0.000000 0.374601 0.374588 0.374580 0.374559 0.374505 0.374463 0.374463 0.374458 0.374451 0.374456 0.374462 0.374460 0.374499 0.374542 0.374568 0.374577 0.374585 0.000000 0.000000
0.000000 0.000000 0.380963 0.380955 0.380945 0.380896 0.380861 0.380806 0.380820 0.380789 0.380796 0.380794 0.380784 0.380802 0.380841 0.380866 0.380901 0.380919 0.380943 0.000000 0.000000
0.000000 0.000000 0.388107 0.388084 0.388062 0.388035 0.387988 0.387926 0.387919 0.387914 0.387928 0.387905 0.387915 0.387915 0.387984 0.388020 0.388042 0.388056 0.388113 0.000000 0.000000
0.000000 0.000000 0.395932 0.395909 0.395906 0.395856 0.395820 0.395642 0.395638 0.395630 0.395579 0.395610 0.395618 0.395634 0.395771 0.395804 0.395873 0.395878 0.395905 0.000000 0.000000
0.000000 0.000000 0.405268 0.405261 0.405223 0.405190 0.404957 0.404987 0.404941 0.404941 0.404961 0.404943 0.404939 0.404921 0.404892 0.405137 0.405167 0.405232 0.405275 0.000000 0.000000
0.000000 0.000000 0.416400 0.416374 0.416327 0.416023 0.416069 0.415914 0.415849 0.415834 0.415779 0.415748 0.415782 0.415776 0.415928 0.415896 0.416297 0.416227 0.416230 0.000000 0.000000
0.000000 0.000000 0.428559 0.428537 0.428098 0.428247 0.428204 0.428178 0.428352 0.428300 0.428394 0.428367 0.428292 0.428400 0.428395 0.428426 0.428058 0.428707 0.428697 0.000000 0.000000
0.000000 0.000000 0.443418 0.442744 0.442932 0.442659 0.442322 0.442220 0.442018 0.442065 0.441855 0.441880 0.442002 0.441876 0.442053 0.442301 0.442908 0.442472 0.443172 0.000000 0.000000
0.000000 0.000000 0.447873 0.448517 0.449046 0.449058 0.449106 0.448588 0.448689 0.448533 0.448799 0.448748 0.448702 0.448792 0.449220 0.449184 0.449145 0.448752 0.448117 0.000000 0.000000
0.000000 0.000000 0.350000 0.350000 0.350000 0.350000 0.350000 0.350000 0.350000 0.350000 0.350000 0.350000 0.350000 0.350000 0.350000 0.350000 0.350000 0.350000 0.350000 0.000000 0.000000
0.000000 0.000000 0.000000 0.000000 0.000000 0.000000 0.000000 0.000000 0.000000 0.000000 0.000000 0.000000 0.000000 0.000000 0.000000 0.000000 0.000000 0.000000 0.000000 0.000000 0.000000