geotop/1.0zi/1.0Montebello/Templates/testdem/maps/_Eocclay8167.asc
ncols         21
nrows         20
xllcorner     100.000000
yllcorner     100.000000
cellsize      50.000000
NODATA_value  -9999.0
0.000000 0.000000 0.000000 0.000000 0.000000 0.000000 0.000000 0.000000 0.000000 0.000000 0.000000 0.000000 0.000000 0.000000 0.000000 0.000000 0.000000 0.000000 0.000000 0.000000 0.000000
0.000000 0.000000 0.349622 0.349624 0.349624 0.349623 0.349625 0.349625 0.349624 0.349625 0.349623 0.349625 0.349625 0.349624 0.349625 0.349624 0.349622 0.349623 0.349623 0.000000 0.000000
0.000000 0.000000 0.349984 0.349983 0.349983 0.349985 0.349983 0.349983 0.349983 0.349983 0.349982 0.349982 0.349983 0.349982 0.349983 0.349984 0.349984 0.349984 0.349982 0.000000 0.000000
0.000000 0.000000 0.350004 0.350009 0.350006 0.350004 0.350007 0.350004 0.350006 0.350003 0.350007 0.350004 0.350004 0.350003 0.350005 0.350006 0.350005 0.350009 0.350006 0.000000 0.000000
0.000000 0.000000 0.351016 0.351013 0.351009 0.351004 0.350989 0.350986 0.350984 0.350986 0.350983 0.350983 0.350979 0.350983 0.350993 0.350995 0.351004 0.351007 0.351015 0.000000 0.000000
0.000000 0.000000 0.353942 0.353940 0.353928 0.353899 0.353884 0.353858 0.353859 0.353852 0.353856 0.353855 0.353858 0.353859 0.353870 0.353891 0.353907 0.353921 0.353927 0.000000 0.000000
0.000000 0.000000 0.357924 0.357920 0.357911 0.357887 0.357855 0.357816 0.357814 0.357808 0.357810 0.357810 0.357810 0.357811 0.357846 0.357876 0.357893 0.357906 0.357914 0.000000 0.000000
0.000000 0.000000 0.362646 0.362644 0.362635 0.362605 0.362574 0.362531 0.362530 0.362526 0.362525 0.362522 0.362520 0.362529 0.362565 0.362592 0.362618 0.362628 0.362641 0.000000 0.000000
0.000000 0.000000 0.367662 0.367655 0.367640 0.367621 0.367588 0.367544 0.367546 0.367536 0.367534 0.367531 0.367532 0.367532 0.367574 0.367609 0.367630 0.367640 0.367651 0.000000 0.000000
0.000000 0.000000 0.372989 0.372980 0.372972 0.372952 0.372903 0.372863 0.372863 0.372858 0.372852 0.372855 0.372861 0.372859 0.372896 0.372936 0.372961 0.372970 0.372978 0.000000 0.000000
0.000000 0.000000 0.378808 0.378802 0.378791 0.378750 0.378716 0.378668 0.378678 0.378652 0.378656 0.378654 0.378645 0.378663 0.378696 0.378722 0.378754 0.378772 0.378793 0.000000 0.000000
0.000000 0.000000 0.385275 0.385258 0.385237 0.385211 0.385172 0.385112 0.385108 0.385101 0.385114 0.385093 0.385099 0.385103 0.385165 0.385196 0.385219 0.385231 0.385286 0.000000 0.000000
0.000000 0.000000 0.392287 0.392271 0.392263 0.392224 0.392189 0.392031 0.392029 0.392020 0.391978 0.392000 0.392009 0.392024 0.392144 0.392176 0.392236 0.392243 0.392269 0.000000 0.000000
0.000000 0.000000 0.400534 0.400530 0.400495 0.400468 0.400269 0.400285 0.400244 0.400244 0.400257 0.400245 0.400239 0.400230 0.400211 0.400418 0.400451 0.400506 0.400545 0.000000 0.000000
0.000000 0.000000 0.410287 0.410270 0.410228 0.409976 0.409997 0.409871 0.409814 0.409799 0.409757 0.409727 0.409755 0.409750 0.409873 0.409866 0.410200 0.410150 0.410157 0.000000 0.000000
0.000000 0.000000 0.421016 0.421001 0.420631 0.420732 0.420705 0.420670 0.420808 0.420765 0.420837 0.420810 0.420750 0.420842 0.420849 0.420870 0.420600 0.421132 0.421125 0.000000 0.000000
0.000000 0.000000 0.434404 0.433821 0.433942 0.433725 0.433432 0.433347 0.433187 0.433224 0.433050 0.433066 0.433165 0.433068 0.433214 0.433430 0.433923 0.433605 0.434214 0.000000 0.000000
0.000000 0.000000 0.439225 0.439781 0.440282 0.440289 0.440317 0.439837 0.439918 0.439777 0.440007 0.439961 0.439925 0.440004 0.440403 0.440381 0.440376 0.439986 0.439443 0.000000 0.000000
0.000000 0.000000 0.350000 0.350000 0.350000 0.350000 0.350000 0.350000 0.350000 0.350000 0.350000 0.350000 0.350000 0.350000 0.350000 0.350000 0.350000 0.350000 0.350000 0.000000 0.000000
0.000000 0.000000 0.000000 0.000000 0.000000 0.000000 0.000000 0.000000 0.000000 0.000000 0.000000 0.000000 0.000000 0.000000 0.000000 0.000000 0.000000 0.000000 0.000000 0.000000 0.000000