geotop/1.0zi/1.0Montebello/Templates/testdem/maps/_Eocclay4731.asc
ncols         21
nrows         20
xllcorner     100.000000
yllcorner     100.000000
cellsize      50.000000
NODATA_value  -9999.0
0.000000 0.000000 0.000000 0.000000 0.000000 0.000000 0.000000 0.000000 0.000000 0.000000 0.000000 0.000000 0.000000 0.000000 0.000000 0.000000 0.000000 0.000000 0.000000 0.000000 0.000000
0.000000 0.000000 0.349788 0.349788 0.349789 0.349789 0.349789 0.349789 0.349789 0.349789 0.349789 0.349789 0.349789 0.349789 0.349789 0.349789 0.349788 0.349788 0.349788 0.000000 0.000000
0.000000 0.000000 0.349992 0.349992 0.349992 0.349992 0.349992 0.349992 0.349992 0.349992 0.349992 0.349991 0.349992 0.349992 0.349992 0.349992 0.349992 0.349992 0.349992 0.000000 0.000000
0.000000 0.000000 0.349992 0.349994 0.349992 0.349993 0.349994 0.349994 0.349994 0.349993 0.349994 0.349993 0.349993 0.349992 0.349994 0.349995 0.349994 0.349994 0.349993 0.000000 0.000000
0.000000 0.000000 0.350338 0.350337 0.350336 0.350331 0.350323 0.350321 0.350321 0.350320 0.350320 0.350322 0.350319 0.350320 0.350325 0.350324 0.350328 0.350329 0.350332 0.000000 0.000000
0.000000 0.000000 0.351595 0.351598 0.351592 0.351576 0.351572 0.351559 0.351557 0.351553 0.351557 0.351558 0.351561 0.351562 0.351564 0.351573 0.351579 0.351586 0.351591 0.000000 0.000000
0.000000 0.000000 0.353481 0.353478 0.353475 0.353461 0.353445 0.353424 0.353424 0.353419 0.353423 0.353423 0.353425 0.353425 0.353440 0.353458 0.353467 0.353474 0.353480 0.000000 0.000000
0.000000 0.000000 0.355705 0.355703 0.355701 0.355685 0.355667 0.355646 0.355647 0.355643 0.355645 0.355645 0.355643 0.355646 0.355665 0.355681 0.355690 0.355695 0.355702 0.000000 0.000000
0.000000 0.000000 0.357934 0.357931 0.357926 0.357915 0.357899 0.357877 0.357879 0.357875 0.357875 0.357877 0.357875 0.357877 0.357894 0.357913 0.357920 0.357924 0.357932 0.000000 0.000000
0.000000 0.000000 0.360175 0.360170 0.360167 0.360155 0.360135 0.360115 0.360118 0.360115 0.360115 0.360116 0.360114 0.360114 0.360134 0.360153 0.360161 0.360165 0.360172 0.000000 0.000000
0.000000 0.000000 0.362462 0.362457 0.362454 0.362445 0.362430 0.362406 0.362408 0.362402 0.362403 0.362405 0.362402 0.362403 0.362420 0.362435 0.362445 0.362450 0.362457 0.000000 0.000000
0.000000 0.000000 0.364830 0.364826 0.364821 0.364807 0.364792 0.364769 0.364768 0.364764 0.364765 0.364765 0.364763 0.364763 0.364785 0.364802 0.364812 0.364816 0.364840 0.000000 0.000000
0.000000 0.000000 0.367236 0.367231 0.367225 0.367215 0.367196 0.367147 0.367148 0.367143 0.367143 0.367145 0.367142 0.367143 0.367186 0.367206 0.367216 0.367220 0.367235 0.000000 0.000000
0.000000 0.000000 0.369791 0.369782 0.369779 0.369767 0.369716 0.369703 0.369695 0.369692 0.369693 0.369694 0.369690 0.369691 0.369705 0.369755 0.369766 0.369776 0.369785 0.000000 0.000000
0.000000 0.000000 0.372555 0.372549 0.372535 0.372491 0.372466 0.372435 0.372419 0.372414 0.372407 0.372408 0.372410 0.372405 0.372429 0.372464 0.372519 0.372517 0.372525 0.000000 0.000000
0.000000 0.000000 0.375417 0.375410 0.375356 0.375346 0.375330 0.375315 0.375314 0.375312 0.375315 0.375315 0.375307 0.375318 0.375325 0.375340 0.375341 0.375401 0.375415 0.000000 0.000000
0.000000 0.000000 0.378613 0.378540 0.378496 0.378475 0.378437 0.378417 0.378412 0.378409 0.378401 0.378403 0.378403 0.378397 0.378413 0.378456 0.378485 0.378513 0.378586 0.000000 0.000000
0.000000 0.000000 0.381090 0.381075 0.381123 0.381096 0.381063 0.380991 0.380985 0.380977 0.380981 0.380981 0.380976 0.380982 0.381047 0.381083 0.381124 0.381062 0.381089 0.000000 0.000000
0.000000 0.000000 0.350000 0.350000 0.350000 0.350000 0.350000 0.350000 0.350000 0.350000 0.350000 0.350000 0.350000 0.350000 0.350000 0.350000 0.350000 0.350000 0.350000 0.000000 0.000000
0.000000 0.000000 0.000000 0.000000 0.000000 0.000000 0.000000 0.000000 0.000000 0.000000 0.000000 0.000000 0.000000 0.000000 0.000000 0.000000 0.000000 0.000000 0.000000 0.000000 0.000000