geotop/1.0zi/1.0Montebello/Templates/testdem/maps/_Eocsand9877.asc
ncols         21
nrows         20
xllcorner     100.000000
yllcorner     100.000000
cellsize      50.000000
NODATA_value  -9999.0
0.000000 0.000000 0.000000 0.000000 0.000000 0.000000 0.000000 0.000000 0.000000 0.000000 0.000000 0.000000 0.000000 0.000000 0.000000 0.000000 0.000000 0.000000 0.000000 0.000000 0.000000
0.000000 0.000000 0.300242 0.300240 0.300240 0.300241 0.300240 0.300240 0.300240 0.300240 0.300241 0.300240 0.300240 0.300241 0.300240 0.300240 0.300241 0.300241 0.300240 0.000000 0.000000
0.000000 0.000000 0.300011 0.300013 0.300013 0.300011 0.300012 0.300013 0.300012 0.300012 0.300013 0.300012 0.300012 0.300012 0.300012 0.300012 0.300013 0.300013 0.300014 0.000000 0.000000
0.000000 0.000000 0.299810 0.299808 0.299817 0.299825 0.299824 0.299830 0.299822 0.299824 0.299824 0.299822 0.299821 0.299823 0.299818 0.299811 0.299808 0.299805 0.299806 0.000000 0.000000
0.000000 0.000000 0.297020 0.297021 0.297037 0.297069 0.297097 0.297107 0.297107 0.297108 0.297111 0.297104 0.297098 0.297098 0.297075 0.297061 0.297046 0.297037 0.297024 0.000000 0.000000
0.000000 0.000000 0.289359 0.289371 0.289409 0.289471 0.289537 0.289595 0.289592 0.289604 0.289604 0.289603 0.289592 0.289597 0.289561 0.289506 0.289479 0.289458 0.289446 0.000000 0.000000
0.000000 0.000000 0.278775 0.278798 0.278829 0.278904 0.278986 0.279100 0.279097 0.279108 0.279117 0.279117 0.279118 0.279114 0.279020 0.278952 0.278911 0.278883 0.278868 0.000000 0.000000
0.000000 0.000000 0.266199 0.266226 0.266258 0.266348 0.266439 0.266542 0.266539 0.266554 0.266565 0.266571 0.266574 0.266558 0.266471 0.266395 0.266328 0.266315 0.266286 0.000000 0.000000
0.000000 0.000000 0.252356 0.252395 0.252445 0.252515 0.252619 0.252742 0.252730 0.252755 0.252772 0.252776 0.252770 0.252777 0.252654 0.252564 0.252512 0.252490 0.252465 0.000000 0.000000
0.000000 0.000000 0.237021 0.237075 0.237115 0.237190 0.237305 0.237434 0.237431 0.237449 0.237477 0.237467 0.237451 0.237458 0.237358 0.237240 0.237179 0.237156 0.237144 0.000000 0.000000
0.000000 0.000000 0.219514 0.219559 0.219599 0.219766 0.219821 0.219995 0.219959 0.220044 0.220038 0.220052 0.220080 0.220033 0.219921 0.219848 0.219761 0.219731 0.219656 0.000000 0.000000
0.000000 0.000000 0.199006 0.199099 0.199204 0.199283 0.199376 0.199596 0.199600 0.199610 0.199587 0.199663 0.199627 0.199640 0.199439 0.199324 0.199278 0.199251 0.199100 0.000000 0.000000
0.000000 0.000000 0.175823 0.175910 0.175935 0.176097 0.176210 0.176793 0.176803 0.176841 0.177049 0.176923 0.176912 0.176863 0.176425 0.176328 0.176115 0.176105 0.176071 0.000000 0.000000
0.000000 0.000000 0.147096 0.147138 0.147326 0.147440 0.148254 0.147958 0.148133 0.148134 0.148024 0.148139 0.148160 0.148248 0.148517 0.147618 0.147590 0.147383 0.147258 0.000000 0.000000
0.000000 0.000000 0.114885 0.114981 0.115140 0.116170 0.115716 0.116371 0.116511 0.116580 0.116818 0.116894 0.116776 0.116770 0.116188 0.116628 0.115281 0.115604 0.115656 0.000000 0.000000
0.000000 0.000000 0.087063 0.087117 0.088174 0.087613 0.087811 0.087761 0.087295 0.087420 0.087170 0.087211 0.087413 0.087165 0.087314 0.087129 0.088335 0.086718 0.086742 0.000000 0.000000
0.000000 0.000000 0.064187 0.064911 0.064760 0.065045 0.065433 0.065519 0.065725 0.065679 0.065910 0.065883 0.065754 0.065886 0.065725 0.065432 0.064828 0.065237 0.064486 0.000000 0.000000
0.000000 0.000000 0.053955 0.053962 0.053524 0.053688 0.053855 0.054225 0.054272 0.054341 0.054302 0.054320 0.054280 0.054295 0.053948 0.053820 0.053515 0.054023 0.054008 0.000000 0.000000
0.000000 0.000000 0.300000 0.300000 0.300000 0.300000 0.300000 0.300000 0.300000 0.300000 0.300000 0.300000 0.300000 0.300000 0.300000 0.300000 0.300000 0.300000 0.300000 0.000000 0.000000
0.000000 0.000000 0.000000 0.000000 0.000000 0.000000 0.000000 0.000000 0.000000 0.000000 0.000000 0.000000 0.000000 0.000000 0.000000 0.000000 0.000000 0.000000 0.000000 0.000000 0.000000