geotop/1.0zi/1.0Montebello/Templates/testdem/maps/_Eocsand4435.asc
ncols         21
nrows         20
xllcorner     100.000000
yllcorner     100.000000
cellsize      50.000000
NODATA_value  -9999.0
0.000000 0.000000 0.000000 0.000000 0.000000 0.000000 0.000000 0.000000 0.000000 0.000000 0.000000 0.000000 0.000000 0.000000 0.000000 0.000000 0.000000 0.000000 0.000000 0.000000 0.000000
0.000000 0.000000 0.300108 0.300107 0.300107 0.300107 0.300107 0.300107 0.300107 0.300107 0.300107 0.300107 0.300107 0.300107 0.300107 0.300107 0.300107 0.300107 0.300108 0.000000 0.000000
0.000000 0.000000 0.300005 0.300004 0.300004 0.300004 0.300004 0.300004 0.300004 0.300004 0.300004 0.300004 0.300004 0.300004 0.300004 0.300004 0.300006 0.300006 0.300005 0.000000 0.000000
0.000000 0.000000 0.299974 0.299973 0.299975 0.299979 0.299977 0.299979 0.299977 0.299978 0.299977 0.299979 0.299979 0.299980 0.299976 0.299972 0.299973 0.299971 0.299973 0.000000 0.000000
0.000000 0.000000 0.299274 0.299270 0.299273 0.299283 0.299294 0.299300 0.299301 0.299304 0.299306 0.299301 0.299304 0.299302 0.299292 0.299290 0.299286 0.299278 0.299271 0.000000 0.000000
0.000000 0.000000 0.296881 0.296877 0.296883 0.296909 0.296920 0.296948 0.296951 0.296961 0.296952 0.296949 0.296942 0.296942 0.296937 0.296923 0.296911 0.296901 0.296893 0.000000 0.000000
0.000000 0.000000 0.293241 0.293245 0.293249 0.293275 0.293304 0.293342 0.293341 0.293348 0.293341 0.293342 0.293344 0.293340 0.293314 0.293284 0.293269 0.293256 0.293244 0.000000 0.000000
0.000000 0.000000 0.289046 0.289049 0.289050 0.289077 0.289104 0.289141 0.289137 0.289143 0.289142 0.289143 0.289148 0.289149 0.289115 0.289084 0.289065 0.289058 0.289046 0.000000 0.000000
0.000000 0.000000 0.284813 0.284819 0.284826 0.284845 0.284871 0.284914 0.284910 0.284919 0.284918 0.284915 0.284920 0.284919 0.284887 0.284852 0.284837 0.284828 0.284813 0.000000 0.000000
0.000000 0.000000 0.280592 0.280598 0.280601 0.280621 0.280654 0.280691 0.280685 0.280691 0.280691 0.280689 0.280696 0.280698 0.280661 0.280626 0.280612 0.280604 0.280592 0.000000 0.000000
0.000000 0.000000 0.276313 0.276319 0.276323 0.276338 0.276361 0.276406 0.276400 0.276411 0.276410 0.276407 0.276414 0.276416 0.276385 0.276359 0.276340 0.276331 0.276317 0.000000 0.000000
0.000000 0.000000 0.271889 0.271895 0.271901 0.271925 0.271951 0.271994 0.271994 0.272000 0.272000 0.272001 0.272005 0.272008 0.271966 0.271935 0.271917 0.271909 0.271863 0.000000 0.000000
0.000000 0.000000 0.267406 0.267413 0.267420 0.267437 0.267468 0.267559 0.267557 0.267565 0.267566 0.267564 0.267572 0.267571 0.267494 0.267457 0.267439 0.267430 0.267402 0.000000 0.000000
0.000000 0.000000 0.262662 0.262675 0.262679 0.262697 0.262787 0.262810 0.262823 0.262830 0.262829 0.262828 0.262836 0.262838 0.262813 0.262723 0.262703 0.262684 0.262667 0.000000 0.000000
0.000000 0.000000 0.257548 0.257558 0.257580 0.257658 0.257698 0.257755 0.257783 0.257793 0.257805 0.257806 0.257805 0.257816 0.257773 0.257710 0.257610 0.257613 0.257599 0.000000 0.000000
0.000000 0.000000 0.252270 0.252280 0.252375 0.252389 0.252414 0.252443 0.252445 0.252448 0.252442 0.252444 0.252460 0.252444 0.252431 0.252405 0.252403 0.252295 0.252269 0.000000 0.000000
0.000000 0.000000 0.246402 0.246530 0.246609 0.246643 0.246707 0.246743 0.246750 0.246756 0.246770 0.246769 0.246770 0.246783 0.246758 0.246681 0.246631 0.246577 0.246447 0.000000 0.000000
0.000000 0.000000 0.241814 0.241840 0.241753 0.241799 0.241854 0.241984 0.241995 0.242008 0.242002 0.242004 0.242014 0.242007 0.241892 0.241826 0.241751 0.241862 0.241811 0.000000 0.000000
0.000000 0.000000 0.300000 0.300000 0.300000 0.300000 0.300000 0.300000 0.300000 0.300000 0.300000 0.300000 0.300000 0.300000 0.300000 0.300000 0.300000 0.300000 0.300000 0.000000 0.000000
0.000000 0.000000 0.000000 0.000000 0.000000 0.000000 0.000000 0.000000 0.000000 0.000000 0.000000 0.000000 0.000000 0.000000 0.000000 0.000000 0.000000 0.000000 0.000000 0.000000 0.000000