geotop/1.0zi/1.0Montebello/Templates/testdem/maps/_Eocclay2450.asc
ncols         21
nrows         20
xllcorner     100.000000
yllcorner     100.000000
cellsize      50.000000
NODATA_value  -9999.0
0.000000 0.000000 0.000000 0.000000 0.000000 0.000000 0.000000 0.000000 0.000000 0.000000 0.000000 0.000000 0.000000 0.000000 0.000000 0.000000 0.000000 0.000000 0.000000 0.000000 0.000000
0.000000 0.000000 0.349867 0.349867 0.349867 0.349867 0.349867 0.349867 0.349867 0.349867 0.349866 0.349867 0.349867 0.349867 0.349867 0.349867 0.349867 0.349867 0.349867 0.000000 0.000000
0.000000 0.000000 0.349990 0.349990 0.349989 0.349990 0.349990 0.349990 0.349990 0.349990 0.349990 0.349990 0.349990 0.349990 0.349990 0.349990 0.349989 0.349990 0.349990 0.000000 0.000000
0.000000 0.000000 0.350767 0.350767 0.350765 0.350766 0.350767 0.350767 0.350767 0.350767 0.350767 0.350767 0.350767 0.350767 0.350767 0.350766 0.350765 0.350767 0.350767 0.000000 0.000000
0.000000 0.000000 0.354311 0.354310 0.354308 0.354308 0.354312 0.354311 0.354311 0.354312 0.354312 0.354312 0.354311 0.354311 0.354312 0.354308 0.354308 0.354310 0.354311 0.000000 0.000000
0.000000 0.000000 0.358387 0.358386 0.358385 0.358385 0.358387 0.358386 0.358386 0.358387 0.358388 0.358387 0.358386 0.358386 0.358387 0.358385 0.358385 0.358386 0.358387 0.000000 0.000000
0.000000 0.000000 0.362248 0.362247 0.362246 0.362246 0.362248 0.362247 0.362247 0.362248 0.362249 0.362248 0.362247 0.362247 0.362248 0.362246 0.362246 0.362247 0.362248 0.000000 0.000000
0.000000 0.000000 0.365792 0.365792 0.365790 0.365791 0.365792 0.365792 0.365792 0.365793 0.365793 0.365793 0.365792 0.365792 0.365792 0.365791 0.365790 0.365792 0.365792 0.000000 0.000000
0.000000 0.000000 0.369097 0.369097 0.369096 0.369096 0.369098 0.369097 0.369097 0.369098 0.369098 0.369098 0.369097 0.369097 0.369098 0.369096 0.369096 0.369097 0.369097 0.000000 0.000000
0.000000 0.000000 0.372239 0.372239 0.372237 0.372238 0.372239 0.372239 0.372239 0.372240 0.372240 0.372240 0.372239 0.372239 0.372239 0.372238 0.372237 0.372239 0.372239 0.000000 0.000000
0.000000 0.000000 0.375254 0.375254 0.375253 0.375253 0.375255 0.375254 0.375254 0.375255 0.375255 0.375255 0.375254 0.375254 0.375255 0.375253 0.375253 0.375254 0.375254 0.000000 0.000000
0.000000 0.000000 0.378171 0.378170 0.378169 0.378170 0.378171 0.378170 0.378170 0.378171 0.378171 0.378171 0.378170 0.378170 0.378171 0.378170 0.378169 0.378170 0.378171 0.000000 0.000000
0.000000 0.000000 0.381009 0.381008 0.381007 0.381008 0.381009 0.381008 0.381008 0.381009 0.381009 0.381009 0.381008 0.381008 0.381009 0.381008 0.381007 0.381008 0.381009 0.000000 0.000000
0.000000 0.000000 0.383782 0.383782 0.383781 0.383781 0.383782 0.383782 0.383782 0.383782 0.383783 0.383782 0.383782 0.383782 0.383782 0.383781 0.383781 0.383782 0.383782 0.000000 0.000000
0.000000 0.000000 0.386502 0.386501 0.386500 0.386501 0.386502 0.386501 0.386502 0.386502 0.386502 0.386502 0.386502 0.386501 0.386502 0.386501 0.386500 0.386501 0.386502 0.000000 0.000000
0.000000 0.000000 0.389172 0.389172 0.389171 0.389171 0.389172 0.389172 0.389172 0.389172 0.389173 0.389172 0.389172 0.389172 0.389172 0.389171 0.389171 0.389172 0.389172 0.000000 0.000000
0.000000 0.000000 0.391796 0.391795 0.391794 0.391795 0.391796 0.391795 0.391795 0.391796 0.391796 0.391796 0.391795 0.391795 0.391796 0.391795 0.391794 0.391795 0.391796 0.000000 0.000000
0.000000 0.000000 0.394415 0.394415 0.394414 0.394414 0.394415 0.394415 0.394415 0.394416 0.394416 0.394416 0.394415 0.394415 0.394415 0.394414 0.394414 0.394415 0.394415 0.000000 0.000000
0.000000 0.000000 0.350000 0.350000 0.350000 0.350000 0.350000 0.350000 0.350000 0.350000 0.350000 0.350000 0.350000 0.350000 0.350000 0.350000 0.350000 0.350000 0.350000 0.000000 0.000000
0.000000 0.000000 0.000000 0.000000 0.000000 0.000000 0.000000 0.000000 0.000000 0.000000 0.000000 0.000000 0.000000 0.000000 0.000000 0.000000 0.000000 0.000000 0.000000 0.000000 0.000000