geotop/1.0zi/1.0Montebello/Templates/testdem/maps/_Eocsand165=.asc
ncols         21
nrows         20
xllcorner     100.000000
yllcorner     100.000000
cellsize      50.000000
NODATA_value  -9999.0
0.000000 0.000000 0.000000 0.000000 0.000000 0.000000 0.000000 0.000000 0.000000 0.000000 0.000000 0.000000 0.000000 0.000000 0.000000 0.000000 0.000000 0.000000 0.000000 0.000000 0.000000
0.000000 0.000000 0.300300 0.300297 0.300297 0.300298 0.300297 0.300296 0.300297 0.300296 0.300298 0.300297 0.300297 0.300297 0.300297 0.300297 0.300298 0.300297 0.300298 0.000000 0.000000
0.000000 0.000000 0.300011 0.300013 0.300014 0.300012 0.300013 0.300014 0.300013 0.300013 0.300013 0.300012 0.300012 0.300013 0.300012 0.300013 0.300014 0.300014 0.300014 0.000000 0.000000
0.000000 0.000000 0.299627 0.299616 0.299632 0.299639 0.299634 0.299645 0.299641 0.299641 0.299645 0.299644 0.299643 0.299638 0.299640 0.299632 0.299628 0.299624 0.299624 0.000000 0.000000
0.000000 0.000000 0.295553 0.295563 0.295583 0.295619 0.295654 0.295668 0.295674 0.295678 0.295684 0.295671 0.295665 0.295670 0.295648 0.295630 0.295610 0.295593 0.295578 0.000000 0.000000
0.000000 0.000000 0.285285 0.285302 0.285350 0.285430 0.285504 0.285571 0.285574 0.285587 0.285594 0.285591 0.285578 0.285586 0.285551 0.285481 0.285449 0.285419 0.285407 0.000000 0.000000
0.000000 0.000000 0.271289 0.271318 0.271367 0.271462 0.271558 0.271703 0.271713 0.271726 0.271740 0.271736 0.271738 0.271735 0.271629 0.271543 0.271492 0.271450 0.271435 0.000000 0.000000
0.000000 0.000000 0.254295 0.254330 0.254384 0.254512 0.254620 0.254759 0.254776 0.254793 0.254811 0.254812 0.254819 0.254800 0.254703 0.254604 0.254519 0.254496 0.254465 0.000000 0.000000
0.000000 0.000000 0.234715 0.234769 0.234852 0.234956 0.235085 0.235260 0.235269 0.235300 0.235324 0.235327 0.235321 0.235334 0.235185 0.235061 0.234994 0.234957 0.234929 0.000000 0.000000
0.000000 0.000000 0.211687 0.211772 0.211854 0.211967 0.212123 0.212311 0.212342 0.212360 0.212404 0.212385 0.212355 0.212367 0.212253 0.212084 0.211996 0.211954 0.211944 0.000000 0.000000
0.000000 0.000000 0.183622 0.183706 0.183782 0.184071 0.184131 0.184409 0.184371 0.184511 0.184493 0.184515 0.184569 0.184491 0.184348 0.184244 0.184110 0.184056 0.183936 0.000000 0.000000
0.000000 0.000000 0.149018 0.149198 0.149415 0.149507 0.149656 0.150020 0.150094 0.150060 0.150039 0.150147 0.150081 0.150128 0.149828 0.149623 0.149574 0.149520 0.149293 0.000000 0.000000
0.000000 0.000000 0.111786 0.111926 0.111946 0.112233 0.112398 0.113357 0.113425 0.113492 0.113885 0.113593 0.113607 0.113513 0.112846 0.112716 0.112348 0.112306 0.112371 0.000000 0.000000
0.000000 0.000000 0.076532 0.076554 0.076807 0.076896 0.077781 0.077258 0.077470 0.077462 0.077259 0.077450 0.077473 0.077599 0.078039 0.077039 0.077085 0.076858 0.076738 0.000000 0.000000
0.000000 0.000000 0.055075 0.055118 0.055225 0.055630 0.055619 0.055786 0.055871 0.055895 0.055961 0.056013 0.055972 0.055989 0.055838 0.055844 0.055343 0.055421 0.055425 0.000000 0.000000
0.000000 0.000000 0.041734 0.041769 0.041933 0.042141 0.042095 0.042230 0.042225 0.042254 0.042282 0.042310 0.042304 0.042282 0.042176 0.042222 0.042011 0.041911 0.041924 0.000000 0.000000
0.000000 0.000000 0.032442 0.032506 0.032631 0.032765 0.032743 0.032844 0.032834 0.032853 0.032877 0.032894 0.032889 0.032873 0.032793 0.032822 0.032688 0.032600 0.032572 0.000000 0.000000
0.000000 0.000000 0.026032 0.026059 0.026164 0.026227 0.026212 0.026292 0.026262 0.026282 0.026281 0.026294 0.026301 0.026278 0.026220 0.026241 0.026206 0.026099 0.026098 0.000000 0.000000
0.000000 0.000000 0.300000 0.300000 0.300000 0.300000 0.300000 0.300000 0.300000 0.300000 0.300000 0.300000 0.300000 0.300000 0.300000 0.300000 0.300000 0.300000 0.300000 0.000000 0.000000
0.000000 0.000000 0.000000 0.000000 0.000000 0.000000 0.000000 0.000000 0.000000 0.000000 0.000000 0.000000 0.000000 0.000000 0.000000 0.000000 0.000000 0.000000 0.000000 0.000000 0.000000