geotop/1.0zi/1.0Montebello/Templates/testdem/maps/_Eocsilt5121.asc
ncols         21
nrows         20
xllcorner     100.000000
yllcorner     100.000000
cellsize      50.000000
NODATA_value  -9999.0
0.000000 0.000000 0.000000 0.000000 0.000000 0.000000 0.000000 0.000000 0.000000 0.000000 0.000000 0.000000 0.000000 0.000000 0.000000 0.000000 0.000000 0.000000 0.000000 0.000000 0.000000
0.000000 0.000000 0.350103 0.350103 0.350103 0.350103 0.350103 0.350103 0.350103 0.350103 0.350103 0.350103 0.350103 0.350103 0.350103 0.350103 0.350103 0.350103 0.350103 0.000000 0.000000
0.000000 0.000000 0.350002 0.350002 0.350002 0.350003 0.350003 0.350003 0.350003 0.350003 0.350003 0.350003 0.350003 0.350003 0.350003 0.350002 0.350001 0.350001 0.350001 0.000000 0.000000
0.000000 0.000000 0.350037 0.350037 0.350036 0.350032 0.350033 0.350031 0.350033 0.350034 0.350033 0.350032 0.350032 0.350032 0.350033 0.350036 0.350036 0.350038 0.350037 0.000000 0.000000
0.000000 0.000000 0.350427 0.350431 0.350430 0.350426 0.350423 0.350420 0.350418 0.350416 0.350414 0.350416 0.350417 0.350417 0.350422 0.350423 0.350424 0.350431 0.350435 0.000000 0.000000
0.000000 0.000000 0.351701 0.351704 0.351700 0.351689 0.351681 0.351666 0.351664 0.351659 0.351663 0.351665 0.351669 0.351668 0.351672 0.351678 0.351686 0.351689 0.351693 0.000000 0.000000
0.000000 0.000000 0.353683 0.353682 0.353676 0.353661 0.353642 0.353624 0.353625 0.353623 0.353626 0.353624 0.353622 0.353627 0.353639 0.353654 0.353662 0.353671 0.353677 0.000000 0.000000
0.000000 0.000000 0.356075 0.356074 0.356074 0.356059 0.356040 0.356021 0.356021 0.356018 0.356018 0.356018 0.356018 0.356018 0.356035 0.356054 0.356065 0.356069 0.356077 0.000000 0.000000
0.000000 0.000000 0.358577 0.358573 0.358568 0.358555 0.358536 0.358512 0.358513 0.358509 0.358509 0.358510 0.358509 0.358511 0.358529 0.358549 0.358559 0.358566 0.358576 0.000000 0.000000
0.000000 0.000000 0.361060 0.361058 0.361055 0.361045 0.361024 0.361002 0.361005 0.361002 0.361001 0.361002 0.361001 0.361000 0.361021 0.361039 0.361046 0.361052 0.361059 0.000000 0.000000
0.000000 0.000000 0.363587 0.363584 0.363583 0.363567 0.363551 0.363526 0.363528 0.363523 0.363522 0.363524 0.363522 0.363522 0.363540 0.363555 0.363569 0.363575 0.363584 0.000000 0.000000
0.000000 0.000000 0.366214 0.366212 0.366208 0.366194 0.366176 0.366151 0.366150 0.366147 0.366147 0.366147 0.366147 0.366146 0.366169 0.366187 0.366195 0.366201 0.366227 0.000000 0.000000
0.000000 0.000000 0.368887 0.368884 0.368879 0.368868 0.368846 0.368793 0.368793 0.368789 0.368788 0.368789 0.368786 0.368788 0.368834 0.368854 0.368865 0.368871 0.368887 0.000000 0.000000
0.000000 0.000000 0.371750 0.371743 0.371740 0.371728 0.371671 0.371657 0.371648 0.371645 0.371645 0.371646 0.371643 0.371644 0.371657 0.371711 0.371722 0.371735 0.371745 0.000000 0.000000
0.000000 0.000000 0.374858 0.374853 0.374840 0.374788 0.374762 0.374727 0.374711 0.374706 0.374698 0.374697 0.374701 0.374696 0.374721 0.374756 0.374819 0.374818 0.374827 0.000000 0.000000
0.000000 0.000000 0.378103 0.378098 0.378036 0.378021 0.378004 0.377986 0.377985 0.377984 0.377988 0.377988 0.377980 0.377993 0.378001 0.378014 0.378016 0.378089 0.378106 0.000000 0.000000
0.000000 0.000000 0.381753 0.381668 0.381621 0.381595 0.381548 0.381523 0.381517 0.381514 0.381504 0.381505 0.381508 0.381500 0.381519 0.381569 0.381605 0.381635 0.381723 0.000000 0.000000
0.000000 0.000000 0.384526 0.384519 0.384583 0.384552 0.384516 0.384430 0.384422 0.384415 0.384419 0.384419 0.384414 0.384422 0.384499 0.384536 0.384580 0.384506 0.384532 0.000000 0.000000
0.000000 0.000000 0.350000 0.350000 0.350000 0.350000 0.350000 0.350000 0.350000 0.350000 0.350000 0.350000 0.350000 0.350000 0.350000 0.350000 0.350000 0.350000 0.350000 0.000000 0.000000
0.000000 0.000000 0.000000 0.000000 0.000000 0.000000 0.000000 0.000000 0.000000 0.000000 0.000000 0.000000 0.000000 0.000000 0.000000 0.000000 0.000000 0.000000 0.000000 0.000000 0.000000