geotop/1.0zi/1.0Montebello/Templates/testdem/maps/_Eocclay0390.asc
ncols         21
nrows         20
xllcorner     100.000000
yllcorner     100.000000
cellsize      50.000000
NODATA_value  -9999.0
0.000000 0.000000 0.000000 0.000000 0.000000 0.000000 0.000000 0.000000 0.000000 0.000000 0.000000 0.000000 0.000000 0.000000 0.000000 0.000000 0.000000 0.000000 0.000000 0.000000 0.000000
0.000000 0.000000 0.349975 0.349975 0.349975 0.349975 0.349975 0.349975 0.349975 0.349975 0.349975 0.349975 0.349975 0.349975 0.349975 0.349975 0.349975 0.349975 0.349975 0.000000 0.000000
0.000000 0.000000 0.349998 0.349998 0.349997 0.349997 0.349998 0.349998 0.349998 0.349998 0.349998 0.349998 0.349998 0.349998 0.349998 0.349997 0.349997 0.349998 0.349998 0.000000 0.000000
0.000000 0.000000 0.350266 0.350266 0.350264 0.350266 0.350266 0.350266 0.350266 0.350266 0.350266 0.350266 0.350266 0.350266 0.350266 0.350266 0.350264 0.350266 0.350266 0.000000 0.000000
0.000000 0.000000 0.351002 0.351002 0.351000 0.351002 0.351002 0.351002 0.351002 0.351002 0.351002 0.351002 0.351002 0.351002 0.351002 0.351002 0.351000 0.351002 0.351002 0.000000 0.000000
0.000000 0.000000 0.351686 0.351686 0.351684 0.351686 0.351686 0.351686 0.351686 0.351686 0.351686 0.351686 0.351686 0.351686 0.351686 0.351686 0.351684 0.351686 0.351686 0.000000 0.000000
0.000000 0.000000 0.352320 0.352320 0.352318 0.352319 0.352320 0.352320 0.352320 0.352320 0.352320 0.352320 0.352320 0.352320 0.352320 0.352319 0.352318 0.352320 0.352320 0.000000 0.000000
0.000000 0.000000 0.352905 0.352905 0.352904 0.352905 0.352905 0.352906 0.352906 0.352906 0.352905 0.352906 0.352906 0.352906 0.352905 0.352905 0.352904 0.352905 0.352905 0.000000 0.000000
0.000000 0.000000 0.353458 0.353458 0.353457 0.353458 0.353458 0.353458 0.353458 0.353458 0.353458 0.353458 0.353458 0.353458 0.353458 0.353458 0.353457 0.353458 0.353458 0.000000 0.000000
0.000000 0.000000 0.353992 0.353992 0.353991 0.353992 0.353992 0.353992 0.353992 0.353992 0.353992 0.353992 0.353992 0.353992 0.353992 0.353992 0.353991 0.353992 0.353992 0.000000 0.000000
0.000000 0.000000 0.354511 0.354511 0.354510 0.354511 0.354511 0.354511 0.354511 0.354511 0.354511 0.354511 0.354511 0.354511 0.354511 0.354511 0.354510 0.354511 0.354511 0.000000 0.000000
0.000000 0.000000 0.355020 0.355020 0.355018 0.355020 0.355020 0.355020 0.355020 0.355020 0.355020 0.355020 0.355020 0.355020 0.355020 0.355020 0.355018 0.355020 0.355020 0.000000 0.000000
0.000000 0.000000 0.355519 0.355519 0.355518 0.355519 0.355519 0.355519 0.355519 0.355519 0.355519 0.355519 0.355519 0.355519 0.355519 0.355519 0.355518 0.355519 0.355519 0.000000 0.000000
0.000000 0.000000 0.356009 0.356009 0.356007 0.356009 0.356009 0.356009 0.356009 0.356009 0.356009 0.356009 0.356009 0.356009 0.356009 0.356009 0.356007 0.356009 0.356009 0.000000 0.000000
0.000000 0.000000 0.356493 0.356493 0.356492 0.356493 0.356493 0.356494 0.356494 0.356493 0.356493 0.356493 0.356494 0.356494 0.356493 0.356493 0.356492 0.356493 0.356493 0.000000 0.000000
0.000000 0.000000 0.356977 0.356977 0.356976 0.356977 0.356977 0.356977 0.356977 0.356977 0.356977 0.356977 0.356977 0.356977 0.356977 0.356977 0.356976 0.356977 0.356977 0.000000 0.000000
0.000000 0.000000 0.357456 0.357456 0.357454 0.357455 0.357456 0.357456 0.357456 0.357456 0.357456 0.357456 0.357456 0.357456 0.357456 0.357455 0.357454 0.357456 0.357456 0.000000 0.000000
0.000000 0.000000 0.357950 0.357950 0.357949 0.357950 0.357950 0.357950 0.357950 0.357950 0.357950 0.357950 0.357950 0.357950 0.357950 0.357950 0.357949 0.357950 0.357950 0.000000 0.000000
0.000000 0.000000 0.350000 0.350000 0.350000 0.350000 0.350000 0.350000 0.350000 0.350000 0.350000 0.350000 0.350000 0.350000 0.350000 0.350000 0.350000 0.350000 0.350000 0.000000 0.000000
0.000000 0.000000 0.000000 0.000000 0.000000 0.000000 0.000000 0.000000 0.000000 0.000000 0.000000 0.000000 0.000000 0.000000 0.000000 0.000000 0.000000 0.000000 0.000000 0.000000 0.000000