geotop/1.0zi/1.0Montebello/Templates/testdem/maps/_Eocsand3089.asc
ncols         21
nrows         20
xllcorner     100.000000
yllcorner     100.000000
cellsize      50.000000
NODATA_value  -9999.0
0.000000 0.000000 0.000000 0.000000 0.000000 0.000000 0.000000 0.000000 0.000000 0.000000 0.000000 0.000000 0.000000 0.000000 0.000000 0.000000 0.000000 0.000000 0.000000 0.000000 0.000000
0.000000 0.000000 0.300087 0.300087 0.300087 0.300087 0.300087 0.300087 0.300087 0.300087 0.300089 0.300087 0.300087 0.300087 0.300087 0.300087 0.300087 0.300087 0.300087 0.000000 0.000000
0.000000 0.000000 0.300011 0.300011 0.300011 0.300011 0.300011 0.300011 0.300011 0.300011 0.300009 0.300011 0.300011 0.300011 0.300011 0.300011 0.300011 0.300011 0.300011 0.000000 0.000000
0.000000 0.000000 0.297508 0.297508 0.297513 0.297511 0.297508 0.297508 0.297508 0.297508 0.297507 0.297508 0.297508 0.297508 0.297508 0.297511 0.297513 0.297508 0.297508 0.000000 0.000000
0.000000 0.000000 0.288139 0.288140 0.288144 0.288144 0.288138 0.288140 0.288139 0.288137 0.288136 0.288137 0.288139 0.288140 0.288138 0.288144 0.288144 0.288140 0.288139 0.000000 0.000000
0.000000 0.000000 0.277313 0.277315 0.277318 0.277318 0.277313 0.277315 0.277314 0.277313 0.277311 0.277313 0.277314 0.277315 0.277313 0.277318 0.277318 0.277315 0.277313 0.000000 0.000000
0.000000 0.000000 0.267371 0.267372 0.267375 0.267375 0.267371 0.267372 0.267372 0.267371 0.267369 0.267371 0.267372 0.267372 0.267371 0.267375 0.267375 0.267372 0.267371 0.000000 0.000000
0.000000 0.000000 0.258354 0.258355 0.258358 0.258358 0.258354 0.258355 0.258355 0.258354 0.258353 0.258354 0.258355 0.258355 0.258354 0.258358 0.258358 0.258355 0.258354 0.000000 0.000000
0.000000 0.000000 0.250018 0.250019 0.250022 0.250021 0.250018 0.250019 0.250019 0.250018 0.250017 0.250018 0.250019 0.250019 0.250018 0.250021 0.250022 0.250019 0.250018 0.000000 0.000000
0.000000 0.000000 0.242163 0.242164 0.242166 0.242166 0.242163 0.242164 0.242164 0.242163 0.242162 0.242163 0.242164 0.242164 0.242163 0.242166 0.242166 0.242164 0.242163 0.000000 0.000000
0.000000 0.000000 0.234693 0.234694 0.234696 0.234696 0.234693 0.234694 0.234694 0.234693 0.234692 0.234693 0.234694 0.234694 0.234693 0.234696 0.234696 0.234694 0.234693 0.000000 0.000000
0.000000 0.000000 0.227537 0.227537 0.227540 0.227539 0.227536 0.227537 0.227537 0.227536 0.227535 0.227536 0.227537 0.227537 0.227536 0.227539 0.227540 0.227537 0.227537 0.000000 0.000000
0.000000 0.000000 0.220642 0.220643 0.220645 0.220644 0.220642 0.220643 0.220643 0.220642 0.220641 0.220642 0.220643 0.220643 0.220642 0.220644 0.220645 0.220643 0.220642 0.000000 0.000000
0.000000 0.000000 0.213952 0.213952 0.213955 0.213954 0.213952 0.213952 0.213952 0.213951 0.213950 0.213951 0.213952 0.213952 0.213952 0.213954 0.213955 0.213952 0.213952 0.000000 0.000000
0.000000 0.000000 0.207451 0.207452 0.207454 0.207453 0.207451 0.207452 0.207452 0.207450 0.207450 0.207450 0.207452 0.207452 0.207451 0.207453 0.207454 0.207452 0.207451 0.000000 0.000000
0.000000 0.000000 0.201127 0.201128 0.201130 0.201129 0.201127 0.201128 0.201128 0.201127 0.201126 0.201127 0.201128 0.201128 0.201127 0.201129 0.201130 0.201128 0.201127 0.000000 0.000000
0.000000 0.000000 0.194959 0.194959 0.194962 0.194961 0.194959 0.194959 0.194959 0.194958 0.194958 0.194958 0.194959 0.194959 0.194959 0.194961 0.194962 0.194959 0.194959 0.000000 0.000000
0.000000 0.000000 0.188805 0.188805 0.188807 0.188806 0.188804 0.188805 0.188805 0.188804 0.188803 0.188804 0.188805 0.188805 0.188804 0.188806 0.188807 0.188805 0.188804 0.000000 0.000000
0.000000 0.000000 0.300000 0.300000 0.300000 0.300000 0.300000 0.300000 0.300000 0.300000 0.300000 0.300000 0.300000 0.300000 0.300000 0.300000 0.300000 0.300000 0.300000 0.000000 0.000000
0.000000 0.000000 0.000000 0.000000 0.000000 0.000000 0.000000 0.000000 0.000000 0.000000 0.000000 0.000000 0.000000 0.000000 0.000000 0.000000 0.000000 0.000000 0.000000 0.000000 0.000000