geotop/1.0zi/1.0Montebello/Templates/testdem/maps/_Eocsilt9043.asc
ncols         21
nrows         20
xllcorner     100.000000
yllcorner     100.000000
cellsize      50.000000
NODATA_value  -9999.0
0.000000 0.000000 0.000000 0.000000 0.000000 0.000000 0.000000 0.000000 0.000000 0.000000 0.000000 0.000000 0.000000 0.000000 0.000000 0.000000 0.000000 0.000000 0.000000 0.000000 0.000000
0.000000 0.000000 0.350192 0.350192 0.350193 0.350193 0.350192 0.350193 0.350193 0.350192 0.350193 0.350192 0.350192 0.350192 0.350192 0.350193 0.350193 0.350193 0.350192 0.000000 0.000000
0.000000 0.000000 0.350005 0.350005 0.350005 0.350005 0.350006 0.350006 0.350006 0.350006 0.350006 0.350006 0.350007 0.350006 0.350006 0.350005 0.350004 0.350004 0.350005 0.000000 0.000000
0.000000 0.000000 0.350121 0.350117 0.350111 0.350107 0.350107 0.350102 0.350105 0.350105 0.350102 0.350105 0.350105 0.350105 0.350107 0.350111 0.350116 0.350117 0.350119 0.000000 0.000000
0.000000 0.000000 0.351250 0.351254 0.351245 0.351229 0.351220 0.351215 0.351217 0.351214 0.351214 0.351216 0.351220 0.351219 0.351232 0.351239 0.351241 0.351245 0.351247 0.000000 0.000000
0.000000 0.000000 0.354428 0.354422 0.354410 0.354390 0.354363 0.354342 0.354340 0.354334 0.354339 0.354339 0.354343 0.354340 0.354355 0.354373 0.354383 0.354386 0.354394 0.000000 0.000000
0.000000 0.000000 0.358953 0.358943 0.358929 0.358897 0.358860 0.358815 0.358819 0.358815 0.358814 0.358813 0.358811 0.358815 0.358853 0.358881 0.358900 0.358911 0.358918 0.000000 0.000000
0.000000 0.000000 0.364305 0.364294 0.364284 0.364250 0.364213 0.364171 0.364173 0.364167 0.364166 0.364163 0.364161 0.364168 0.364204 0.364237 0.364266 0.364267 0.364281 0.000000 0.000000
0.000000 0.000000 0.370131 0.370115 0.370096 0.370071 0.370029 0.369979 0.369983 0.369973 0.369969 0.369967 0.369969 0.369968 0.370019 0.370056 0.370078 0.370084 0.370098 0.000000 0.000000
0.000000 0.000000 0.376414 0.376395 0.376383 0.376357 0.376299 0.376255 0.376257 0.376250 0.376242 0.376247 0.376253 0.376251 0.376291 0.376339 0.376364 0.376369 0.376376 0.000000 0.000000
0.000000 0.000000 0.383369 0.383354 0.383341 0.383282 0.383245 0.383188 0.383204 0.383170 0.383176 0.383172 0.383160 0.383180 0.383223 0.383251 0.383287 0.383298 0.383326 0.000000 0.000000
0.000000 0.000000 0.391282 0.391255 0.391222 0.391190 0.391138 0.391069 0.391068 0.391064 0.391077 0.391051 0.391063 0.391062 0.391137 0.391178 0.391196 0.391203 0.391265 0.000000 0.000000
0.000000 0.000000 0.400023 0.399992 0.399985 0.399923 0.399881 0.399679 0.399679 0.399668 0.399606 0.399642 0.399649 0.399668 0.399825 0.399862 0.399935 0.399933 0.399958 0.000000 0.000000
0.000000 0.000000 0.410592 0.410579 0.410525 0.410486 0.410207 0.410268 0.410215 0.410217 0.410245 0.410217 0.410211 0.410187 0.410135 0.410431 0.410453 0.410517 0.410564 0.000000 0.000000
0.000000 0.000000 0.423092 0.423052 0.422991 0.422628 0.422716 0.422523 0.422460 0.422440 0.422370 0.422334 0.422374 0.422372 0.422557 0.422483 0.422956 0.422849 0.422844 0.000000 0.000000
0.000000 0.000000 0.436099 0.436068 0.435573 0.435775 0.435710 0.435706 0.435914 0.435855 0.435964 0.435939 0.435850 0.435970 0.435940 0.435996 0.435520 0.436244 0.436232 0.000000 0.000000
0.000000 0.000000 0.450278 0.449671 0.449867 0.449599 0.449297 0.449205 0.449007 0.449054 0.448853 0.448876 0.448993 0.448870 0.449035 0.449258 0.449837 0.449387 0.450012 0.000000 0.000000
0.000000 0.000000 0.454536 0.454944 0.455341 0.455315 0.455318 0.454927 0.454990 0.454877 0.455057 0.455019 0.454995 0.455052 0.455378 0.455378 0.455398 0.455070 0.454663 0.000000 0.000000
0.000000 0.000000 0.350000 0.350000 0.350000 0.350000 0.350000 0.350000 0.350000 0.350000 0.350000 0.350000 0.350000 0.350000 0.350000 0.350000 0.350000 0.350000 0.350000 0.000000 0.000000
0.000000 0.000000 0.000000 0.000000 0.000000 0.000000 0.000000 0.000000 0.000000 0.000000 0.000000 0.000000 0.000000 0.000000 0.000000 0.000000 0.000000 0.000000 0.000000 0.000000 0.000000