geotop/1.0zi/1.0Montebello/Templates/testdem/maps/_Eocclay5495.asc
ncols         21
nrows         20
xllcorner     100.000000
yllcorner     100.000000
cellsize      50.000000
NODATA_value  -9999.0
0.000000 0.000000 0.000000 0.000000 0.000000 0.000000 0.000000 0.000000 0.000000 0.000000 0.000000 0.000000 0.000000 0.000000 0.000000 0.000000 0.000000 0.000000 0.000000 0.000000 0.000000
0.000000 0.000000 0.349752 0.349753 0.349753 0.349753 0.349753 0.349753 0.349753 0.349753 0.349753 0.349753 0.349753 0.349753 0.349753 0.349753 0.349753 0.349753 0.349753 0.000000 0.000000
0.000000 0.000000 0.349990 0.349990 0.349990 0.349990 0.349989 0.349989 0.349990 0.349990 0.349989 0.349989 0.349990 0.349990 0.349990 0.349990 0.349990 0.349990 0.349990 0.000000 0.000000
0.000000 0.000000 0.349985 0.349987 0.349985 0.349986 0.349988 0.349988 0.349988 0.349987 0.349988 0.349987 0.349987 0.349986 0.349988 0.349989 0.349987 0.349988 0.349987 0.000000 0.000000
0.000000 0.000000 0.350408 0.350408 0.350408 0.350403 0.350393 0.350389 0.350390 0.350392 0.350390 0.350392 0.350386 0.350387 0.350391 0.350390 0.350395 0.350397 0.350400 0.000000 0.000000
0.000000 0.000000 0.351902 0.351903 0.351898 0.351880 0.351874 0.351858 0.351858 0.351854 0.351857 0.351857 0.351860 0.351860 0.351863 0.351874 0.351879 0.351891 0.351896 0.000000 0.000000
0.000000 0.000000 0.354108 0.354106 0.354105 0.354089 0.354069 0.354043 0.354043 0.354040 0.354041 0.354044 0.354043 0.354041 0.354059 0.354079 0.354088 0.354097 0.354103 0.000000 0.000000
0.000000 0.000000 0.356802 0.356802 0.356801 0.356782 0.356763 0.356735 0.356736 0.356733 0.356734 0.356734 0.356731 0.356735 0.356755 0.356771 0.356785 0.356790 0.356799 0.000000 0.000000
0.000000 0.000000 0.359523 0.359520 0.359515 0.359505 0.359486 0.359459 0.359460 0.359456 0.359453 0.359455 0.359454 0.359452 0.359475 0.359494 0.359506 0.359510 0.359517 0.000000 0.000000
0.000000 0.000000 0.362271 0.362266 0.362265 0.362257 0.362230 0.362205 0.362207 0.362204 0.362200 0.362205 0.362207 0.362204 0.362223 0.362245 0.362258 0.362260 0.362266 0.000000 0.000000
0.000000 0.000000 0.365114 0.365111 0.365112 0.365093 0.365074 0.365046 0.365052 0.365040 0.365040 0.365042 0.365038 0.365044 0.365059 0.365073 0.365087 0.365096 0.365108 0.000000 0.000000
0.000000 0.000000 0.368084 0.368078 0.368071 0.368057 0.368041 0.368009 0.368011 0.368003 0.368011 0.368003 0.368004 0.368006 0.368033 0.368046 0.368056 0.368060 0.368091 0.000000 0.000000
0.000000 0.000000 0.371126 0.371120 0.371118 0.371103 0.371088 0.371024 0.371024 0.371019 0.371006 0.371013 0.371018 0.371022 0.371067 0.371079 0.371102 0.371104 0.371126 0.000000 0.000000
0.000000 0.000000 0.374411 0.374407 0.374400 0.374390 0.374330 0.374312 0.374298 0.374297 0.374292 0.374295 0.374295 0.374293 0.374300 0.374359 0.374379 0.374395 0.374417 0.000000 0.000000
0.000000 0.000000 0.378014 0.378009 0.377997 0.377936 0.377914 0.377878 0.377852 0.377849 0.377837 0.377831 0.377838 0.377832 0.377857 0.377887 0.377977 0.377970 0.377984 0.000000 0.000000
0.000000 0.000000 0.381807 0.381803 0.381724 0.381708 0.381703 0.381679 0.381694 0.381684 0.381690 0.381681 0.381671 0.381687 0.381700 0.381708 0.381706 0.381807 0.381811 0.000000 0.000000
0.000000 0.000000 0.386119 0.386013 0.385972 0.385941 0.385890 0.385863 0.385856 0.385854 0.385831 0.385827 0.385836 0.385832 0.385860 0.385897 0.385958 0.385988 0.386095 0.000000 0.000000
0.000000 0.000000 0.389329 0.389327 0.389421 0.389393 0.389350 0.389249 0.389246 0.389224 0.389237 0.389231 0.389238 0.389239 0.389330 0.389360 0.389430 0.389334 0.389343 0.000000 0.000000
0.000000 0.000000 0.350000 0.350000 0.350000 0.350000 0.350000 0.350000 0.350000 0.350000 0.350000 0.350000 0.350000 0.350000 0.350000 0.350000 0.350000 0.350000 0.350000 0.000000 0.000000
0.000000 0.000000 0.000000 0.000000 0.000000 0.000000 0.000000 0.000000 0.000000 0.000000 0.000000 0.000000 0.000000 0.000000 0.000000 0.000000 0.000000 0.000000 0.000000 0.000000 0.000000