geotop/1.0zi/1.0Montebello/Templates/testdem/maps/_Eocsilt2806.asc
ncols         21
nrows         20
xllcorner     100.000000
yllcorner     100.000000
cellsize      50.000000
NODATA_value  -9999.0
0.000000 0.000000 0.000000 0.000000 0.000000 0.000000 0.000000 0.000000 0.000000 0.000000 0.000000 0.000000 0.000000 0.000000 0.000000 0.000000 0.000000 0.000000 0.000000 0.000000 0.000000
0.000000 0.000000 0.350072 0.350072 0.350072 0.350072 0.350072 0.350072 0.350072 0.350072 0.350071 0.350072 0.350072 0.350072 0.350072 0.350072 0.350072 0.350072 0.350072 0.000000 0.000000
0.000000 0.000000 0.349998 0.349998 0.349998 0.349998 0.349998 0.349998 0.349998 0.349998 0.349999 0.349998 0.349998 0.349998 0.349998 0.349998 0.349998 0.349998 0.349998 0.000000 0.000000
0.000000 0.000000 0.351018 0.351017 0.351015 0.351016 0.351018 0.351018 0.351018 0.351018 0.351018 0.351018 0.351018 0.351018 0.351018 0.351016 0.351015 0.351017 0.351018 0.000000 0.000000
0.000000 0.000000 0.354846 0.354846 0.354844 0.354844 0.354847 0.354846 0.354846 0.354847 0.354847 0.354847 0.354846 0.354846 0.354847 0.354844 0.354844 0.354846 0.354846 0.000000 0.000000
0.000000 0.000000 0.359697 0.359697 0.359695 0.359695 0.359698 0.359697 0.359697 0.359698 0.359698 0.359698 0.359697 0.359697 0.359698 0.359695 0.359695 0.359697 0.359697 0.000000 0.000000
0.000000 0.000000 0.364121 0.364120 0.364119 0.364119 0.364121 0.364120 0.364120 0.364121 0.364122 0.364121 0.364120 0.364120 0.364121 0.364119 0.364119 0.364120 0.364121 0.000000 0.000000
0.000000 0.000000 0.368138 0.368138 0.368136 0.368137 0.368138 0.368138 0.368138 0.368139 0.368139 0.368139 0.368138 0.368138 0.368138 0.368137 0.368136 0.368138 0.368138 0.000000 0.000000
0.000000 0.000000 0.371864 0.371863 0.371862 0.371862 0.371864 0.371863 0.371863 0.371864 0.371864 0.371864 0.371863 0.371863 0.371864 0.371862 0.371862 0.371863 0.371864 0.000000 0.000000
0.000000 0.000000 0.375385 0.375385 0.375384 0.375384 0.375386 0.375385 0.375385 0.375386 0.375386 0.375386 0.375385 0.375385 0.375386 0.375384 0.375384 0.375385 0.375385 0.000000 0.000000
0.000000 0.000000 0.378746 0.378745 0.378744 0.378745 0.378746 0.378745 0.378745 0.378746 0.378746 0.378746 0.378745 0.378745 0.378746 0.378745 0.378744 0.378745 0.378746 0.000000 0.000000
0.000000 0.000000 0.381977 0.381976 0.381975 0.381976 0.381977 0.381977 0.381977 0.381977 0.381977 0.381977 0.381977 0.381977 0.381977 0.381976 0.381975 0.381976 0.381977 0.000000 0.000000
0.000000 0.000000 0.385104 0.385104 0.385102 0.385103 0.385104 0.385104 0.385104 0.385104 0.385105 0.385104 0.385104 0.385104 0.385104 0.385103 0.385102 0.385104 0.385104 0.000000 0.000000
0.000000 0.000000 0.388148 0.388148 0.388147 0.388147 0.388148 0.388148 0.388148 0.388149 0.388149 0.388149 0.388148 0.388148 0.388148 0.388147 0.388147 0.388148 0.388148 0.000000 0.000000
0.000000 0.000000 0.391118 0.391117 0.391116 0.391117 0.391118 0.391117 0.391117 0.391118 0.391118 0.391118 0.391117 0.391117 0.391118 0.391117 0.391116 0.391117 0.391118 0.000000 0.000000
0.000000 0.000000 0.394018 0.394017 0.394016 0.394017 0.394018 0.394017 0.394017 0.394018 0.394018 0.394018 0.394017 0.394017 0.394018 0.394017 0.394016 0.394017 0.394018 0.000000 0.000000
0.000000 0.000000 0.396853 0.396853 0.396851 0.396852 0.396853 0.396853 0.396853 0.396853 0.396853 0.396853 0.396853 0.396853 0.396853 0.396852 0.396851 0.396853 0.396853 0.000000 0.000000
0.000000 0.000000 0.399675 0.399675 0.399674 0.399674 0.399675 0.399675 0.399675 0.399676 0.399676 0.399676 0.399675 0.399675 0.399675 0.399674 0.399674 0.399675 0.399675 0.000000 0.000000
0.000000 0.000000 0.350000 0.350000 0.350000 0.350000 0.350000 0.350000 0.350000 0.350000 0.350000 0.350000 0.350000 0.350000 0.350000 0.350000 0.350000 0.350000 0.350000 0.000000 0.000000
0.000000 0.000000 0.000000 0.000000 0.000000 0.000000 0.000000 0.000000 0.000000 0.000000 0.000000 0.000000 0.000000 0.000000 0.000000 0.000000 0.000000 0.000000 0.000000 0.000000 0.000000