geotop/1.0zi/1.0Montebello/Templates/testdem/maps/_Eocsand5601.asc
ncols         21
nrows         20
xllcorner     100.000000
yllcorner     100.000000
cellsize      50.000000
NODATA_value  -9999.0
0.000000 0.000000 0.000000 0.000000 0.000000 0.000000 0.000000 0.000000 0.000000 0.000000 0.000000 0.000000 0.000000 0.000000 0.000000 0.000000 0.000000 0.000000 0.000000 0.000000 0.000000
0.000000 0.000000 0.300140 0.300139 0.300139 0.300139 0.300139 0.300138 0.300139 0.300139 0.300139 0.300139 0.300139 0.300139 0.300139 0.300139 0.300139 0.300139 0.300140 0.000000 0.000000
0.000000 0.000000 0.300009 0.300008 0.300008 0.300008 0.300008 0.300008 0.300007 0.300008 0.300008 0.300008 0.300007 0.300007 0.300007 0.300008 0.300009 0.300009 0.300009 0.000000 0.000000
0.000000 0.000000 0.299967 0.299966 0.299969 0.299973 0.299970 0.299972 0.299970 0.299972 0.299971 0.299973 0.299972 0.299974 0.299969 0.299965 0.299965 0.299963 0.299965 0.000000 0.000000
0.000000 0.000000 0.299018 0.299015 0.299016 0.299025 0.299038 0.299047 0.299047 0.299047 0.299051 0.299049 0.299052 0.299051 0.299041 0.299039 0.299035 0.299023 0.299017 0.000000 0.000000
0.000000 0.000000 0.296010 0.296005 0.296014 0.296046 0.296062 0.296096 0.296098 0.296106 0.296098 0.296096 0.296092 0.296095 0.296086 0.296069 0.296054 0.296039 0.296029 0.000000 0.000000
0.000000 0.000000 0.291521 0.291525 0.291530 0.291564 0.291604 0.291654 0.291652 0.291659 0.291654 0.291652 0.291655 0.291654 0.291620 0.291583 0.291566 0.291548 0.291535 0.000000 0.000000
0.000000 0.000000 0.286081 0.286080 0.286081 0.286117 0.286157 0.286210 0.286208 0.286214 0.286213 0.286214 0.286217 0.286211 0.286173 0.286138 0.286108 0.286100 0.286082 0.000000 0.000000
0.000000 0.000000 0.280478 0.280486 0.280498 0.280519 0.280558 0.280615 0.280611 0.280621 0.280626 0.280623 0.280623 0.280628 0.280578 0.280540 0.280513 0.280505 0.280489 0.000000 0.000000
0.000000 0.000000 0.274846 0.274856 0.274859 0.274874 0.274930 0.274980 0.274975 0.274982 0.274989 0.274981 0.274975 0.274982 0.274943 0.274899 0.274871 0.274867 0.274855 0.000000 0.000000
0.000000 0.000000 0.269041 0.269047 0.269047 0.269086 0.269124 0.269180 0.269167 0.269194 0.269193 0.269190 0.269197 0.269184 0.269153 0.269125 0.269095 0.269078 0.269054 0.000000 0.000000
0.000000 0.000000 0.262961 0.262975 0.262989 0.263016 0.263049 0.263115 0.263112 0.263128 0.263111 0.263127 0.263124 0.263120 0.263064 0.263038 0.263017 0.263008 0.262946 0.000000 0.000000
0.000000 0.000000 0.256732 0.256744 0.256747 0.256779 0.256809 0.256940 0.256940 0.256952 0.256978 0.256963 0.256954 0.256945 0.256851 0.256827 0.256780 0.256776 0.256731 0.000000 0.000000
0.000000 0.000000 0.249984 0.249993 0.250008 0.250028 0.250153 0.250187 0.250216 0.250217 0.250227 0.250222 0.250221 0.250227 0.250213 0.250090 0.250049 0.250017 0.249972 0.000000 0.000000
0.000000 0.000000 0.242575 0.242585 0.242611 0.242739 0.242780 0.242855 0.242905 0.242913 0.242938 0.242951 0.242936 0.242948 0.242895 0.242835 0.242650 0.242664 0.242636 0.000000 0.000000
0.000000 0.000000 0.234752 0.234762 0.234927 0.234956 0.234966 0.235015 0.234982 0.235003 0.234989 0.235008 0.235028 0.234995 0.234968 0.234952 0.234962 0.234749 0.234742 0.000000 0.000000
0.000000 0.000000 0.225833 0.226058 0.226138 0.226203 0.226309 0.226364 0.226381 0.226385 0.226433 0.226441 0.226421 0.226430 0.226371 0.226293 0.226165 0.226110 0.225882 0.000000 0.000000
0.000000 0.000000 0.219260 0.219257 0.219056 0.219111 0.219198 0.219409 0.219414 0.219462 0.219432 0.219445 0.219431 0.219427 0.219236 0.219175 0.219031 0.219239 0.219229 0.000000 0.000000
0.000000 0.000000 0.300000 0.300000 0.300000 0.300000 0.300000 0.300000 0.300000 0.300000 0.300000 0.300000 0.300000 0.300000 0.300000 0.300000 0.300000 0.300000 0.300000 0.000000 0.000000
0.000000 0.000000 0.000000 0.000000 0.000000 0.000000 0.000000 0.000000 0.000000 0.000000 0.000000 0.000000 0.000000 0.000000 0.000000 0.000000 0.000000 0.000000 0.000000 0.000000 0.000000