geotop/1.0zi/1.0Montebello/Templates/testdem/maps/_Eocclay8771.asc
ncols         21
nrows         20
xllcorner     100.000000
yllcorner     100.000000
cellsize      50.000000
NODATA_value  -9999.0
0.000000 0.000000 0.000000 0.000000 0.000000 0.000000 0.000000 0.000000 0.000000 0.000000 0.000000 0.000000 0.000000 0.000000 0.000000 0.000000 0.000000 0.000000 0.000000 0.000000 0.000000
0.000000 0.000000 0.349593 0.349595 0.349595 0.349594 0.349596 0.349596 0.349595 0.349595 0.349594 0.349596 0.349595 0.349595 0.349596 0.349595 0.349593 0.349594 0.349595 0.000000 0.000000
0.000000 0.000000 0.349983 0.349982 0.349982 0.349984 0.349982 0.349982 0.349982 0.349982 0.349981 0.349981 0.349982 0.349981 0.349982 0.349983 0.349983 0.349983 0.349981 0.000000 0.000000
0.000000 0.000000 0.350022 0.350027 0.350025 0.350020 0.350021 0.350022 0.350025 0.350023 0.350026 0.350024 0.350024 0.350022 0.350025 0.350027 0.350025 0.350027 0.350025 0.000000 0.000000
0.000000 0.000000 0.351188 0.351180 0.351177 0.351168 0.351151 0.351151 0.351147 0.351148 0.351146 0.351148 0.351146 0.351148 0.351158 0.351162 0.351172 0.351172 0.351181 0.000000 0.000000
0.000000 0.000000 0.354478 0.354474 0.354455 0.354425 0.354401 0.354377 0.354381 0.354374 0.354378 0.354378 0.354384 0.354382 0.354396 0.354421 0.354434 0.354444 0.354450 0.000000 0.000000
0.000000 0.000000 0.358921 0.358912 0.358902 0.358873 0.358840 0.358791 0.358792 0.358787 0.358788 0.358789 0.358790 0.358790 0.358831 0.358861 0.358879 0.358889 0.358897 0.000000 0.000000
0.000000 0.000000 0.364181 0.364172 0.364163 0.364127 0.364092 0.364048 0.364049 0.364044 0.364044 0.364042 0.364039 0.364048 0.364086 0.364116 0.364145 0.364151 0.364164 0.000000 0.000000
0.000000 0.000000 0.369832 0.369820 0.369805 0.369780 0.369740 0.369693 0.369698 0.369688 0.369685 0.369683 0.369684 0.369682 0.369733 0.369770 0.369791 0.369797 0.369811 0.000000 0.000000
0.000000 0.000000 0.375933 0.375915 0.375907 0.375882 0.375825 0.375782 0.375784 0.375778 0.375771 0.375776 0.375783 0.375779 0.375820 0.375867 0.375893 0.375901 0.375908 0.000000 0.000000
0.000000 0.000000 0.382702 0.382691 0.382681 0.382625 0.382588 0.382532 0.382548 0.382514 0.382522 0.382518 0.382508 0.382526 0.382569 0.382597 0.382633 0.382647 0.382674 0.000000 0.000000
0.000000 0.000000 0.390367 0.390344 0.390316 0.390285 0.390235 0.390169 0.390168 0.390164 0.390178 0.390152 0.390164 0.390162 0.390237 0.390276 0.390296 0.390306 0.390367 0.000000 0.000000
0.000000 0.000000 0.398818 0.398791 0.398788 0.398729 0.398689 0.398495 0.398495 0.398485 0.398428 0.398462 0.398470 0.398487 0.398640 0.398677 0.398749 0.398751 0.398777 0.000000 0.000000
0.000000 0.000000 0.409023 0.409014 0.408968 0.408930 0.408664 0.408716 0.408665 0.408666 0.408692 0.408668 0.408663 0.408641 0.408597 0.408881 0.408907 0.408973 0.409020 0.000000 0.000000
0.000000 0.000000 0.421207 0.421173 0.421119 0.420770 0.420844 0.420665 0.420599 0.420581 0.420517 0.420482 0.420521 0.420515 0.420692 0.420634 0.421092 0.420997 0.420996 0.000000 0.000000
0.000000 0.000000 0.434308 0.434282 0.433787 0.433980 0.433920 0.433910 0.434118 0.434058 0.434168 0.434141 0.434053 0.434174 0.434153 0.434204 0.433742 0.434478 0.434467 0.000000 0.000000
0.000000 0.000000 0.449772 0.449062 0.449296 0.448988 0.448634 0.448531 0.448301 0.448356 0.448126 0.448153 0.448289 0.448146 0.448338 0.448598 0.449271 0.448754 0.449489 0.000000 0.000000
0.000000 0.000000 0.453889 0.454539 0.455061 0.455070 0.455120 0.454610 0.454717 0.454561 0.454829 0.454777 0.454730 0.454820 0.455239 0.455205 0.455153 0.454769 0.454126 0.000000 0.000000
0.000000 0.000000 0.350000 0.350000 0.350000 0.350000 0.350000 0.350000 0.350000 0.350000 0.350000 0.350000 0.350000 0.350000 0.350000 0.350000 0.350000 0.350000 0.350000 0.000000 0.000000
0.000000 0.000000 0.000000 0.000000 0.000000 0.000000 0.000000 0.000000 0.000000 0.000000 0.000000 0.000000 0.000000 0.000000 0.000000 0.000000 0.000000 0.000000 0.000000 0.000000 0.000000