geotop/1.0zi/1.0Montebello/Templates/testdem/maps/_Eocsand3956.asc
ncols         21
nrows         20
xllcorner     100.000000
yllcorner     100.000000
cellsize      50.000000
NODATA_value  -9999.0
0.000000 0.000000 0.000000 0.000000 0.000000 0.000000 0.000000 0.000000 0.000000 0.000000 0.000000 0.000000 0.000000 0.000000 0.000000 0.000000 0.000000 0.000000 0.000000 0.000000 0.000000
0.000000 0.000000 0.300100 0.300099 0.300099 0.300099 0.300099 0.300099 0.300099 0.300099 0.300099 0.300099 0.300099 0.300099 0.300099 0.300099 0.300099 0.300099 0.300100 0.000000 0.000000
0.000000 0.000000 0.300005 0.300004 0.300004 0.300004 0.300004 0.300003 0.300003 0.300003 0.300004 0.300004 0.300003 0.300003 0.300004 0.300004 0.300006 0.300006 0.300005 0.000000 0.000000
0.000000 0.000000 0.299974 0.299973 0.299975 0.299979 0.299976 0.299979 0.299976 0.299977 0.299977 0.299978 0.299978 0.299980 0.299976 0.299973 0.299973 0.299971 0.299973 0.000000 0.000000
0.000000 0.000000 0.299290 0.299285 0.299289 0.299289 0.299298 0.299304 0.299305 0.299308 0.299307 0.299306 0.299306 0.299305 0.299298 0.299299 0.299299 0.299295 0.299290 0.000000 0.000000
0.000000 0.000000 0.297108 0.297105 0.297114 0.297128 0.297139 0.297160 0.297161 0.297171 0.297163 0.297161 0.297158 0.297155 0.297152 0.297140 0.297134 0.297130 0.297125 0.000000 0.000000
0.000000 0.000000 0.293886 0.293887 0.293895 0.293921 0.293950 0.293986 0.293984 0.293991 0.293983 0.293986 0.293985 0.293979 0.293947 0.293918 0.293909 0.293904 0.293895 0.000000 0.000000
0.000000 0.000000 0.290189 0.290191 0.290202 0.290232 0.290265 0.290300 0.290297 0.290304 0.290302 0.290304 0.290305 0.290300 0.290259 0.290229 0.290213 0.290211 0.290201 0.000000 0.000000
0.000000 0.000000 0.286483 0.286488 0.286504 0.286527 0.286559 0.286601 0.286598 0.286606 0.286604 0.286604 0.286604 0.286596 0.286559 0.286524 0.286513 0.286508 0.286494 0.000000 0.000000
0.000000 0.000000 0.282805 0.282811 0.282823 0.282848 0.282886 0.282924 0.282919 0.282925 0.282924 0.282924 0.282924 0.282920 0.282878 0.282843 0.282832 0.282828 0.282818 0.000000 0.000000
0.000000 0.000000 0.279098 0.279104 0.279117 0.279137 0.279166 0.279212 0.279208 0.279218 0.279216 0.279215 0.279215 0.279209 0.279173 0.279148 0.279132 0.279127 0.279115 0.000000 0.000000
0.000000 0.000000 0.275285 0.275291 0.275306 0.275335 0.275367 0.275411 0.275412 0.275418 0.275416 0.275418 0.275416 0.275411 0.275365 0.275335 0.275320 0.275317 0.275274 0.000000 0.000000
0.000000 0.000000 0.271444 0.271451 0.271467 0.271490 0.271527 0.271611 0.271611 0.271619 0.271618 0.271617 0.271618 0.271609 0.271534 0.271498 0.271484 0.271480 0.271453 0.000000 0.000000
0.000000 0.000000 0.267408 0.267420 0.267434 0.267458 0.267543 0.267570 0.267584 0.267590 0.267588 0.267588 0.267589 0.267582 0.267550 0.267471 0.267456 0.267441 0.267426 0.000000 0.000000
0.000000 0.000000 0.263086 0.263096 0.263126 0.263197 0.263244 0.263297 0.263324 0.263333 0.263343 0.263345 0.263337 0.263338 0.263293 0.263234 0.263153 0.263158 0.263146 0.000000 0.000000
0.000000 0.000000 0.258658 0.258668 0.258756 0.258776 0.258808 0.258839 0.258845 0.258849 0.258844 0.258846 0.258852 0.258831 0.258810 0.258783 0.258781 0.258699 0.258677 0.000000 0.000000
0.000000 0.000000 0.253780 0.253881 0.253961 0.253997 0.254059 0.254093 0.254101 0.254107 0.254117 0.254116 0.254112 0.254111 0.254084 0.254018 0.253982 0.253936 0.253834 0.000000 0.000000
0.000000 0.000000 0.249913 0.249942 0.249890 0.249935 0.249994 0.250099 0.250111 0.250122 0.250118 0.250120 0.250121 0.250107 0.250011 0.249950 0.249889 0.249980 0.249932 0.000000 0.000000
0.000000 0.000000 0.300000 0.300000 0.300000 0.300000 0.300000 0.300000 0.300000 0.300000 0.300000 0.300000 0.300000 0.300000 0.300000 0.300000 0.300000 0.300000 0.300000 0.000000 0.000000
0.000000 0.000000 0.000000 0.000000 0.000000 0.000000 0.000000 0.000000 0.000000 0.000000 0.000000 0.000000 0.000000 0.000000 0.000000 0.000000 0.000000 0.000000 0.000000 0.000000 0.000000