geotop/1.0zi/1.0Montebello/Templates/testdem/maps/_Eocsilt3091.asc
ncols         21
nrows         20
xllcorner     100.000000
yllcorner     100.000000
cellsize      50.000000
NODATA_value  -9999.0
0.000000 0.000000 0.000000 0.000000 0.000000 0.000000 0.000000 0.000000 0.000000 0.000000 0.000000 0.000000 0.000000 0.000000 0.000000 0.000000 0.000000 0.000000 0.000000 0.000000 0.000000
0.000000 0.000000 0.350085 0.350085 0.350085 0.350085 0.350085 0.350085 0.350085 0.350085 0.350084 0.350085 0.350085 0.350085 0.350085 0.350085 0.350085 0.350085 0.350085 0.000000 0.000000
0.000000 0.000000 0.349995 0.349994 0.349995 0.349995 0.349995 0.349995 0.349995 0.349995 0.349995 0.349995 0.349995 0.349995 0.349995 0.349995 0.349995 0.349994 0.349995 0.000000 0.000000
0.000000 0.000000 0.351268 0.351268 0.351265 0.351267 0.351269 0.351268 0.351268 0.351269 0.351269 0.351269 0.351268 0.351268 0.351269 0.351267 0.351265 0.351268 0.351268 0.000000 0.000000
0.000000 0.000000 0.355761 0.355761 0.355759 0.355759 0.355761 0.355760 0.355761 0.355762 0.355762 0.355762 0.355761 0.355760 0.355761 0.355759 0.355759 0.355761 0.355761 0.000000 0.000000
0.000000 0.000000 0.361219 0.361219 0.361217 0.361217 0.361220 0.361219 0.361219 0.361220 0.361220 0.361220 0.361219 0.361219 0.361220 0.361217 0.361217 0.361219 0.361219 0.000000 0.000000
0.000000 0.000000 0.366152 0.366152 0.366150 0.366150 0.366152 0.366152 0.366152 0.366153 0.366153 0.366153 0.366152 0.366152 0.366152 0.366150 0.366150 0.366152 0.366152 0.000000 0.000000
0.000000 0.000000 0.370611 0.370610 0.370609 0.370609 0.370611 0.370610 0.370610 0.370611 0.370612 0.370611 0.370610 0.370610 0.370611 0.370609 0.370609 0.370610 0.370611 0.000000 0.000000
0.000000 0.000000 0.374729 0.374729 0.374728 0.374728 0.374729 0.374729 0.374729 0.374730 0.374730 0.374730 0.374729 0.374729 0.374729 0.374728 0.374728 0.374729 0.374729 0.000000 0.000000
0.000000 0.000000 0.378607 0.378607 0.378606 0.378606 0.378607 0.378607 0.378607 0.378608 0.378608 0.378608 0.378607 0.378607 0.378607 0.378606 0.378606 0.378607 0.378607 0.000000 0.000000
0.000000 0.000000 0.382293 0.382292 0.382291 0.382292 0.382293 0.382292 0.382292 0.382293 0.382293 0.382293 0.382292 0.382292 0.382293 0.382292 0.382291 0.382292 0.382293 0.000000 0.000000
0.000000 0.000000 0.385821 0.385821 0.385820 0.385820 0.385821 0.385821 0.385821 0.385821 0.385822 0.385821 0.385821 0.385821 0.385821 0.385820 0.385820 0.385821 0.385821 0.000000 0.000000
0.000000 0.000000 0.389218 0.389218 0.389217 0.389217 0.389218 0.389218 0.389218 0.389218 0.389219 0.389218 0.389218 0.389218 0.389218 0.389217 0.389217 0.389218 0.389218 0.000000 0.000000
0.000000 0.000000 0.392512 0.392512 0.392511 0.392511 0.392512 0.392512 0.392512 0.392513 0.392513 0.392513 0.392512 0.392512 0.392512 0.392511 0.392511 0.392512 0.392512 0.000000 0.000000
0.000000 0.000000 0.395711 0.395711 0.395709 0.395710 0.395711 0.395711 0.395711 0.395711 0.395712 0.395711 0.395711 0.395711 0.395711 0.395710 0.395709 0.395711 0.395711 0.000000 0.000000
0.000000 0.000000 0.398820 0.398820 0.398819 0.398819 0.398820 0.398820 0.398820 0.398820 0.398821 0.398820 0.398820 0.398820 0.398820 0.398819 0.398819 0.398820 0.398820 0.000000 0.000000
0.000000 0.000000 0.401851 0.401851 0.401849 0.401850 0.401851 0.401851 0.401851 0.401851 0.401851 0.401851 0.401851 0.401851 0.401851 0.401850 0.401849 0.401851 0.401851 0.000000 0.000000
0.000000 0.000000 0.404871 0.404871 0.404870 0.404871 0.404872 0.404871 0.404871 0.404872 0.404872 0.404872 0.404871 0.404871 0.404872 0.404871 0.404870 0.404871 0.404871 0.000000 0.000000
0.000000 0.000000 0.350000 0.350000 0.350000 0.350000 0.350000 0.350000 0.350000 0.350000 0.350000 0.350000 0.350000 0.350000 0.350000 0.350000 0.350000 0.350000 0.350000 0.000000 0.000000
0.000000 0.000000 0.000000 0.000000 0.000000 0.000000 0.000000 0.000000 0.000000 0.000000 0.000000 0.000000 0.000000 0.000000 0.000000 0.000000 0.000000 0.000000 0.000000 0.000000 0.000000