geotop/1.0zi/1.0Montebello/Templates/testdem/maps/_Eocsand6242.asc
ncols         21
nrows         20
xllcorner     100.000000
yllcorner     100.000000
cellsize      50.000000
NODATA_value  -9999.0
0.000000 0.000000 0.000000 0.000000 0.000000 0.000000 0.000000 0.000000 0.000000 0.000000 0.000000 0.000000 0.000000 0.000000 0.000000 0.000000 0.000000 0.000000 0.000000 0.000000 0.000000
0.000000 0.000000 0.300154 0.300152 0.300151 0.300152 0.300151 0.300151 0.300152 0.300152 0.300152 0.300151 0.300152 0.300152 0.300151 0.300151 0.300153 0.300153 0.300152 0.000000 0.000000
0.000000 0.000000 0.300008 0.300009 0.300009 0.300008 0.300009 0.300009 0.300009 0.300009 0.300009 0.300009 0.300008 0.300009 0.300009 0.300009 0.300010 0.300010 0.300011 0.000000 0.000000
0.000000 0.000000 0.299967 0.299965 0.299969 0.299974 0.299972 0.299974 0.299970 0.299973 0.299970 0.299973 0.299972 0.299973 0.299971 0.299966 0.299966 0.299963 0.299964 0.000000 0.000000
0.000000 0.000000 0.298848 0.298843 0.298848 0.298856 0.298872 0.298880 0.298881 0.298881 0.298885 0.298885 0.298888 0.298885 0.298873 0.298870 0.298865 0.298854 0.298843 0.000000 0.000000
0.000000 0.000000 0.295425 0.295422 0.295435 0.295472 0.295491 0.295528 0.295528 0.295538 0.295531 0.295527 0.295523 0.295526 0.295514 0.295493 0.295474 0.295459 0.295448 0.000000 0.000000
0.000000 0.000000 0.290277 0.290281 0.290293 0.290331 0.290377 0.290430 0.290430 0.290438 0.290434 0.290432 0.290435 0.290432 0.290390 0.290347 0.290326 0.290306 0.290290 0.000000 0.000000
0.000000 0.000000 0.284029 0.284029 0.284036 0.284077 0.284122 0.284181 0.284180 0.284186 0.284187 0.284188 0.284191 0.284183 0.284135 0.284094 0.284059 0.284050 0.284028 0.000000 0.000000
0.000000 0.000000 0.277531 0.277539 0.277559 0.277584 0.277628 0.277691 0.277687 0.277700 0.277705 0.277703 0.277704 0.277706 0.277647 0.277601 0.277570 0.277560 0.277540 0.000000 0.000000
0.000000 0.000000 0.270926 0.270937 0.270945 0.270966 0.271030 0.271086 0.271083 0.271090 0.271098 0.271092 0.271083 0.271090 0.271041 0.270987 0.270955 0.270948 0.270933 0.000000 0.000000
0.000000 0.000000 0.264058 0.264065 0.264072 0.264119 0.264162 0.264223 0.264210 0.264242 0.264241 0.264238 0.264247 0.264228 0.264189 0.264155 0.264119 0.264099 0.264070 0.000000 0.000000
0.000000 0.000000 0.256783 0.256796 0.256817 0.256852 0.256893 0.256969 0.256967 0.256983 0.256966 0.256985 0.256982 0.256975 0.256904 0.256871 0.256845 0.256834 0.256761 0.000000 0.000000
0.000000 0.000000 0.249242 0.249260 0.249270 0.249308 0.249345 0.249503 0.249505 0.249518 0.249553 0.249534 0.249523 0.249510 0.249391 0.249359 0.249300 0.249294 0.249244 0.000000 0.000000
0.000000 0.000000 0.240970 0.240981 0.241006 0.241034 0.241193 0.241228 0.241264 0.241266 0.241276 0.241271 0.241274 0.241279 0.241259 0.241096 0.241047 0.241007 0.240954 0.000000 0.000000
0.000000 0.000000 0.231756 0.231766 0.231804 0.231978 0.232024 0.232118 0.232178 0.232189 0.232220 0.232242 0.232219 0.232230 0.232153 0.232086 0.231843 0.231865 0.231833 0.000000 0.000000
0.000000 0.000000 0.221907 0.221920 0.222153 0.222180 0.222192 0.222249 0.222196 0.222226 0.222200 0.222226 0.222255 0.222203 0.222166 0.222147 0.222186 0.221887 0.221880 0.000000 0.000000
0.000000 0.000000 0.210421 0.210746 0.210831 0.210927 0.211087 0.211154 0.211190 0.211189 0.211267 0.211270 0.211236 0.211256 0.211170 0.211049 0.210855 0.210825 0.210487 0.000000 0.000000
0.000000 0.000000 0.202492 0.202425 0.202125 0.202196 0.202291 0.202592 0.202595 0.202665 0.202607 0.202626 0.202611 0.202598 0.202320 0.202251 0.202077 0.202380 0.202426 0.000000 0.000000
0.000000 0.000000 0.300000 0.300000 0.300000 0.300000 0.300000 0.300000 0.300000 0.300000 0.300000 0.300000 0.300000 0.300000 0.300000 0.300000 0.300000 0.300000 0.300000 0.000000 0.000000
0.000000 0.000000 0.000000 0.000000 0.000000 0.000000 0.000000 0.000000 0.000000 0.000000 0.000000 0.000000 0.000000 0.000000 0.000000 0.000000 0.000000 0.000000 0.000000 0.000000 0.000000