geotop/1.0zi/1.0Montebello/Templates/testdem/maps/_Eocsilt5401.asc
ncols         21
nrows         20
xllcorner     100.000000
yllcorner     100.000000
cellsize      50.000000
NODATA_value  -9999.0
0.000000 0.000000 0.000000 0.000000 0.000000 0.000000 0.000000 0.000000 0.000000 0.000000 0.000000 0.000000 0.000000 0.000000 0.000000 0.000000 0.000000 0.000000 0.000000 0.000000 0.000000
0.000000 0.000000 0.350109 0.350109 0.350109 0.350109 0.350109 0.350109 0.350109 0.350109 0.350109 0.350109 0.350109 0.350109 0.350109 0.350109 0.350109 0.350109 0.350109 0.000000 0.000000
0.000000 0.000000 0.350002 0.350002 0.350003 0.350003 0.350003 0.350003 0.350003 0.350003 0.350003 0.350003 0.350004 0.350003 0.350003 0.350003 0.350002 0.350001 0.350002 0.000000 0.000000
0.000000 0.000000 0.350037 0.350037 0.350036 0.350031 0.350033 0.350031 0.350033 0.350034 0.350033 0.350032 0.350032 0.350031 0.350033 0.350036 0.350036 0.350038 0.350037 0.000000 0.000000
0.000000 0.000000 0.350440 0.350444 0.350442 0.350439 0.350436 0.350431 0.350430 0.350429 0.350426 0.350428 0.350429 0.350430 0.350435 0.350437 0.350437 0.350446 0.350449 0.000000 0.000000
0.000000 0.000000 0.351764 0.351768 0.351764 0.351751 0.351742 0.351727 0.351724 0.351721 0.351726 0.351728 0.351729 0.351726 0.351731 0.351736 0.351744 0.351747 0.351751 0.000000 0.000000
0.000000 0.000000 0.353817 0.353815 0.353812 0.353795 0.353776 0.353755 0.353756 0.353754 0.353757 0.353758 0.353754 0.353758 0.353772 0.353788 0.353795 0.353804 0.353809 0.000000 0.000000
0.000000 0.000000 0.356313 0.356314 0.356315 0.356299 0.356280 0.356257 0.356258 0.356255 0.356256 0.356256 0.356254 0.356256 0.356273 0.356290 0.356305 0.356307 0.356315 0.000000 0.000000
0.000000 0.000000 0.358932 0.358927 0.358922 0.358912 0.358893 0.358866 0.358867 0.358863 0.358861 0.358862 0.358863 0.358860 0.358884 0.358902 0.358915 0.358920 0.358928 0.000000 0.000000
0.000000 0.000000 0.361539 0.361535 0.361534 0.361527 0.361501 0.361478 0.361481 0.361478 0.361474 0.361478 0.361481 0.361478 0.361496 0.361516 0.361529 0.361531 0.361535 0.000000 0.000000
0.000000 0.000000 0.364198 0.364196 0.364197 0.364178 0.364160 0.364135 0.364141 0.364129 0.364129 0.364131 0.364128 0.364134 0.364148 0.364161 0.364175 0.364183 0.364193 0.000000 0.000000
0.000000 0.000000 0.366975 0.366968 0.366963 0.366950 0.366935 0.366905 0.366906 0.366899 0.366907 0.366900 0.366901 0.366904 0.366930 0.366941 0.366951 0.366955 0.366983 0.000000 0.000000
0.000000 0.000000 0.369802 0.369797 0.369796 0.369782 0.369769 0.369709 0.369709 0.369704 0.369692 0.369699 0.369703 0.369708 0.369750 0.369760 0.369782 0.369784 0.369804 0.000000 0.000000
0.000000 0.000000 0.372844 0.372841 0.372835 0.372826 0.372771 0.372755 0.372742 0.372741 0.372736 0.372739 0.372740 0.372737 0.372744 0.372798 0.372817 0.372831 0.372852 0.000000 0.000000
0.000000 0.000000 0.376163 0.376161 0.376148 0.376093 0.376074 0.376041 0.376018 0.376015 0.376004 0.375998 0.376005 0.375999 0.376023 0.376050 0.376133 0.376127 0.376139 0.000000 0.000000
0.000000 0.000000 0.379656 0.379651 0.379581 0.379565 0.379560 0.379538 0.379549 0.379540 0.379545 0.379538 0.379530 0.379544 0.379556 0.379565 0.379566 0.379656 0.379659 0.000000 0.000000
0.000000 0.000000 0.383593 0.383499 0.383460 0.383432 0.383387 0.383363 0.383357 0.383355 0.383336 0.383332 0.383339 0.383337 0.383362 0.383395 0.383449 0.383480 0.383574 0.000000 0.000000
0.000000 0.000000 0.386566 0.386559 0.386640 0.386614 0.386580 0.386491 0.386488 0.386469 0.386478 0.386473 0.386480 0.386481 0.386563 0.386585 0.386651 0.386567 0.386580 0.000000 0.000000
0.000000 0.000000 0.350000 0.350000 0.350000 0.350000 0.350000 0.350000 0.350000 0.350000 0.350000 0.350000 0.350000 0.350000 0.350000 0.350000 0.350000 0.350000 0.350000 0.000000 0.000000
0.000000 0.000000 0.000000 0.000000 0.000000 0.000000 0.000000 0.000000 0.000000 0.000000 0.000000 0.000000 0.000000 0.000000 0.000000 0.000000 0.000000 0.000000 0.000000 0.000000 0.000000