geotop/1.0zi/1.0Montebello/Templates/testdem/maps/_Eocclay9136.asc
ncols         21
nrows         20
xllcorner     100.000000
yllcorner     100.000000
cellsize      50.000000
NODATA_value  -9999.0
0.000000 0.000000 0.000000 0.000000 0.000000 0.000000 0.000000 0.000000 0.000000 0.000000 0.000000 0.000000 0.000000 0.000000 0.000000 0.000000 0.000000 0.000000 0.000000 0.000000 0.000000
0.000000 0.000000 0.349573 0.349576 0.349575 0.349575 0.349576 0.349577 0.349576 0.349576 0.349575 0.349576 0.349576 0.349576 0.349576 0.349576 0.349574 0.349574 0.349575 0.000000 0.000000
0.000000 0.000000 0.349982 0.349981 0.349980 0.349983 0.349980 0.349980 0.349981 0.349980 0.349980 0.349980 0.349981 0.349980 0.349981 0.349981 0.349982 0.349981 0.349980 0.000000 0.000000
0.000000 0.000000 0.350022 0.350027 0.350025 0.350022 0.350023 0.350024 0.350028 0.350025 0.350028 0.350026 0.350027 0.350025 0.350027 0.350029 0.350027 0.350026 0.350024 0.000000 0.000000
0.000000 0.000000 0.351242 0.351236 0.351228 0.351219 0.351201 0.351201 0.351196 0.351198 0.351196 0.351198 0.351197 0.351199 0.351208 0.351212 0.351222 0.351223 0.351233 0.000000 0.000000
0.000000 0.000000 0.354740 0.354734 0.354711 0.354681 0.354654 0.354628 0.354632 0.354626 0.354628 0.354627 0.354632 0.354631 0.354644 0.354671 0.354683 0.354692 0.354699 0.000000 0.000000
0.000000 0.000000 0.359430 0.359419 0.359405 0.359376 0.359340 0.359288 0.359290 0.359285 0.359284 0.359285 0.359286 0.359287 0.359328 0.359359 0.359376 0.359386 0.359394 0.000000 0.000000
0.000000 0.000000 0.364999 0.364987 0.364973 0.364937 0.364898 0.364852 0.364853 0.364848 0.364846 0.364843 0.364841 0.364851 0.364889 0.364920 0.364949 0.364954 0.364968 0.000000 0.000000
0.000000 0.000000 0.371017 0.371002 0.370982 0.370957 0.370913 0.370861 0.370866 0.370856 0.370851 0.370849 0.370850 0.370849 0.370901 0.370939 0.370960 0.370966 0.370979 0.000000 0.000000
0.000000 0.000000 0.377569 0.377548 0.377534 0.377506 0.377446 0.377399 0.377400 0.377393 0.377385 0.377389 0.377396 0.377394 0.377435 0.377485 0.377511 0.377517 0.377525 0.000000 0.000000
0.000000 0.000000 0.384907 0.384892 0.384878 0.384814 0.384776 0.384713 0.384729 0.384694 0.384700 0.384695 0.384683 0.384704 0.384749 0.384778 0.384815 0.384827 0.384858 0.000000 0.000000
0.000000 0.000000 0.393303 0.393271 0.393234 0.393202 0.393147 0.393071 0.393071 0.393065 0.393080 0.393049 0.393062 0.393061 0.393140 0.393184 0.393203 0.393211 0.393276 0.000000 0.000000
0.000000 0.000000 0.402643 0.402612 0.402603 0.402533 0.402488 0.402267 0.402267 0.402256 0.402187 0.402227 0.402234 0.402256 0.402423 0.402464 0.402541 0.402542 0.402567 0.000000 0.000000
0.000000 0.000000 0.414063 0.414049 0.413986 0.413942 0.413635 0.413710 0.413649 0.413651 0.413683 0.413650 0.413643 0.413618 0.413549 0.413879 0.413900 0.413973 0.414024 0.000000 0.000000
0.000000 0.000000 0.427671 0.427628 0.427558 0.427149 0.427263 0.427038 0.426965 0.426943 0.426861 0.426822 0.426868 0.426866 0.427078 0.426979 0.427511 0.427392 0.427384 0.000000 0.000000
0.000000 0.000000 0.441844 0.441810 0.441246 0.441497 0.441419 0.441425 0.441665 0.441600 0.441726 0.441697 0.441594 0.441732 0.441682 0.441747 0.441175 0.442011 0.441998 0.000000 0.000000
0.000000 0.000000 0.457468 0.456765 0.457018 0.456700 0.456351 0.456245 0.456004 0.456062 0.455822 0.455850 0.455989 0.455842 0.456031 0.456286 0.456977 0.456414 0.457141 0.000000 0.000000
0.000000 0.000000 0.461527 0.462073 0.462543 0.462536 0.462566 0.462102 0.462189 0.462050 0.462281 0.462233 0.462195 0.462273 0.462652 0.462632 0.462609 0.462238 0.461692 0.000000 0.000000
0.000000 0.000000 0.350000 0.350000 0.350000 0.350000 0.350000 0.350000 0.350000 0.350000 0.350000 0.350000 0.350000 0.350000 0.350000 0.350000 0.350000 0.350000 0.350000 0.000000 0.000000
0.000000 0.000000 0.000000 0.000000 0.000000 0.000000 0.000000 0.000000 0.000000 0.000000 0.000000 0.000000 0.000000 0.000000 0.000000 0.000000 0.000000 0.000000 0.000000 0.000000 0.000000