geotop/1.0zi/1.0Montebello/Templates/testdem/maps/_Eocsand2573.asc
ncols         21
nrows         20
xllcorner     100.000000
yllcorner     100.000000
cellsize      50.000000
NODATA_value  -9999.0
0.000000 0.000000 0.000000 0.000000 0.000000 0.000000 0.000000 0.000000 0.000000 0.000000 0.000000 0.000000 0.000000 0.000000 0.000000 0.000000 0.000000 0.000000 0.000000 0.000000 0.000000
0.000000 0.000000 0.300076 0.300076 0.300076 0.300076 0.300076 0.300076 0.300076 0.300076 0.300077 0.300076 0.300076 0.300076 0.300076 0.300076 0.300076 0.300076 0.300076 0.000000 0.000000
0.000000 0.000000 0.300012 0.300013 0.300013 0.300012 0.300013 0.300012 0.300012 0.300013 0.300011 0.300013 0.300012 0.300012 0.300013 0.300012 0.300013 0.300013 0.300012 0.000000 0.000000
0.000000 0.000000 0.298340 0.298341 0.298345 0.298343 0.298340 0.298340 0.298340 0.298340 0.298340 0.298340 0.298340 0.298340 0.298340 0.298343 0.298345 0.298341 0.298340 0.000000 0.000000
0.000000 0.000000 0.291293 0.291294 0.291298 0.291298 0.291292 0.291293 0.291293 0.291291 0.291290 0.291291 0.291293 0.291293 0.291292 0.291298 0.291298 0.291294 0.291293 0.000000 0.000000
0.000000 0.000000 0.282678 0.282679 0.282682 0.282682 0.282677 0.282679 0.282679 0.282677 0.282676 0.282677 0.282679 0.282679 0.282677 0.282682 0.282682 0.282679 0.282678 0.000000 0.000000
0.000000 0.000000 0.274647 0.274648 0.274650 0.274650 0.274646 0.274647 0.274647 0.274646 0.274645 0.274646 0.274647 0.274647 0.274646 0.274650 0.274650 0.274648 0.274647 0.000000 0.000000
0.000000 0.000000 0.267295 0.267296 0.267299 0.267298 0.267295 0.267296 0.267296 0.267294 0.267294 0.267294 0.267296 0.267296 0.267295 0.267298 0.267299 0.267296 0.267295 0.000000 0.000000
0.000000 0.000000 0.260447 0.260448 0.260451 0.260450 0.260447 0.260448 0.260448 0.260446 0.260446 0.260446 0.260448 0.260448 0.260447 0.260450 0.260451 0.260448 0.260447 0.000000 0.000000
0.000000 0.000000 0.253946 0.253947 0.253949 0.253949 0.253946 0.253947 0.253947 0.253945 0.253945 0.253945 0.253947 0.253947 0.253946 0.253949 0.253949 0.253947 0.253946 0.000000 0.000000
0.000000 0.000000 0.247714 0.247715 0.247717 0.247716 0.247713 0.247714 0.247714 0.247713 0.247713 0.247713 0.247714 0.247714 0.247713 0.247716 0.247717 0.247715 0.247714 0.000000 0.000000
0.000000 0.000000 0.241693 0.241693 0.241695 0.241695 0.241692 0.241693 0.241693 0.241692 0.241691 0.241692 0.241693 0.241693 0.241692 0.241695 0.241695 0.241693 0.241693 0.000000 0.000000
0.000000 0.000000 0.235839 0.235840 0.235842 0.235841 0.235839 0.235840 0.235840 0.235838 0.235838 0.235838 0.235840 0.235840 0.235839 0.235841 0.235842 0.235840 0.235839 0.000000 0.000000
0.000000 0.000000 0.230125 0.230126 0.230128 0.230127 0.230125 0.230126 0.230126 0.230124 0.230124 0.230124 0.230126 0.230126 0.230125 0.230127 0.230128 0.230126 0.230125 0.000000 0.000000
0.000000 0.000000 0.224530 0.224531 0.224533 0.224532 0.224530 0.224531 0.224531 0.224529 0.224529 0.224529 0.224531 0.224531 0.224530 0.224532 0.224533 0.224531 0.224530 0.000000 0.000000
0.000000 0.000000 0.219044 0.219045 0.219047 0.219046 0.219044 0.219045 0.219045 0.219044 0.219043 0.219044 0.219045 0.219045 0.219044 0.219046 0.219047 0.219045 0.219044 0.000000 0.000000
0.000000 0.000000 0.213661 0.213662 0.213664 0.213663 0.213661 0.213662 0.213662 0.213661 0.213660 0.213661 0.213662 0.213662 0.213661 0.213663 0.213664 0.213662 0.213661 0.000000 0.000000
0.000000 0.000000 0.208303 0.208302 0.208305 0.208304 0.208302 0.208302 0.208302 0.208301 0.208301 0.208301 0.208302 0.208302 0.208302 0.208304 0.208305 0.208302 0.208302 0.000000 0.000000
0.000000 0.000000 0.300000 0.300000 0.300000 0.300000 0.300000 0.300000 0.300000 0.300000 0.300000 0.300000 0.300000 0.300000 0.300000 0.300000 0.300000 0.300000 0.300000 0.000000 0.000000
0.000000 0.000000 0.000000 0.000000 0.000000 0.000000 0.000000 0.000000 0.000000 0.000000 0.000000 0.000000 0.000000 0.000000 0.000000 0.000000 0.000000 0.000000 0.000000 0.000000 0.000000