geotop/1.0zi/1.0Montebello/Templates/testdem/maps/_Eocsand8798.asc
ncols         21
nrows         20
xllcorner     100.000000
yllcorner     100.000000
cellsize      50.000000
NODATA_value  -9999.0
0.000000 0.000000 0.000000 0.000000 0.000000 0.000000 0.000000 0.000000 0.000000 0.000000 0.000000 0.000000 0.000000 0.000000 0.000000 0.000000 0.000000 0.000000 0.000000 0.000000 0.000000
0.000000 0.000000 0.300224 0.300221 0.300221 0.300222 0.300221 0.300220 0.300221 0.300221 0.300221 0.300221 0.300221 0.300221 0.300221 0.300221 0.300222 0.300222 0.300222 0.000000 0.000000
0.000000 0.000000 0.300012 0.300014 0.300013 0.300012 0.300013 0.300013 0.300013 0.300013 0.300013 0.300013 0.300012 0.300013 0.300013 0.300013 0.300014 0.300014 0.300015 0.000000 0.000000
0.000000 0.000000 0.299857 0.299856 0.299863 0.299870 0.299869 0.299873 0.299866 0.299868 0.299868 0.299868 0.299867 0.299870 0.299864 0.299858 0.299856 0.299857 0.299856 0.000000 0.000000
0.000000 0.000000 0.297589 0.297591 0.297603 0.297631 0.297657 0.297661 0.297665 0.297667 0.297668 0.297664 0.297662 0.297661 0.297639 0.297628 0.297614 0.297608 0.297596 0.000000 0.000000
0.000000 0.000000 0.291189 0.291198 0.291227 0.291275 0.291325 0.291370 0.291367 0.291380 0.291370 0.291370 0.291361 0.291365 0.291337 0.291294 0.291271 0.291257 0.291245 0.000000 0.000000
0.000000 0.000000 0.282333 0.282350 0.282372 0.282431 0.282501 0.282593 0.282588 0.282597 0.282596 0.282595 0.282597 0.282592 0.282514 0.282456 0.282420 0.282398 0.282383 0.000000 0.000000
0.000000 0.000000 0.271859 0.271877 0.271893 0.271962 0.272032 0.272117 0.272113 0.272123 0.272124 0.272129 0.272133 0.272117 0.272044 0.271982 0.271924 0.271916 0.271889 0.000000 0.000000
0.000000 0.000000 0.260550 0.260576 0.260607 0.260655 0.260735 0.260831 0.260820 0.260840 0.260846 0.260849 0.260846 0.260850 0.260750 0.260676 0.260632 0.260619 0.260593 0.000000 0.000000
0.000000 0.000000 0.248374 0.248407 0.248424 0.248474 0.248586 0.248671 0.248666 0.248678 0.248692 0.248682 0.248669 0.248675 0.248594 0.248501 0.248450 0.248437 0.248423 0.000000 0.000000
0.000000 0.000000 0.234912 0.234934 0.234952 0.235065 0.235137 0.235246 0.235215 0.235281 0.235266 0.235273 0.235294 0.235258 0.235173 0.235116 0.235045 0.235020 0.234967 0.000000 0.000000
0.000000 0.000000 0.219669 0.219715 0.219770 0.219831 0.219929 0.220061 0.220061 0.220069 0.220041 0.220091 0.220068 0.220070 0.219923 0.219845 0.219807 0.219789 0.219669 0.000000 0.000000
0.000000 0.000000 0.202889 0.202941 0.202946 0.203063 0.203141 0.203526 0.203524 0.203543 0.203657 0.203588 0.203573 0.203539 0.203237 0.203164 0.203021 0.203020 0.202971 0.000000 0.000000
0.000000 0.000000 0.182662 0.182679 0.182771 0.182845 0.183370 0.183265 0.183362 0.183359 0.183307 0.183355 0.183365 0.183410 0.183497 0.182937 0.182886 0.182760 0.182669 0.000000 0.000000
0.000000 0.000000 0.158613 0.158679 0.158785 0.159472 0.159322 0.159676 0.159800 0.159835 0.159962 0.160031 0.159953 0.159965 0.159617 0.159734 0.158832 0.159024 0.159029 0.000000 0.000000
0.000000 0.000000 0.132967 0.133016 0.133979 0.133603 0.133718 0.133736 0.133328 0.133443 0.133229 0.133282 0.133452 0.133218 0.133260 0.133160 0.134060 0.132635 0.132659 0.000000 0.000000
0.000000 0.000000 0.103283 0.104615 0.104180 0.104758 0.105420 0.105616 0.106041 0.105937 0.106370 0.106319 0.106064 0.106332 0.105972 0.105483 0.104222 0.105191 0.103815 0.000000 0.000000
0.000000 0.000000 0.094998 0.093860 0.092906 0.092907 0.092836 0.093766 0.093577 0.093857 0.093381 0.093475 0.093555 0.093397 0.092629 0.092674 0.092734 0.093458 0.094584 0.000000 0.000000
0.000000 0.000000 0.300000 0.300000 0.300000 0.300000 0.300000 0.300000 0.300000 0.300000 0.300000 0.300000 0.300000 0.300000 0.300000 0.300000 0.300000 0.300000 0.300000 0.000000 0.000000
0.000000 0.000000 0.000000 0.000000 0.000000 0.000000 0.000000 0.000000 0.000000 0.000000 0.000000 0.000000 0.000000 0.000000 0.000000 0.000000 0.000000 0.000000 0.000000 0.000000 0.000000