geotop/1.0zi/1.0Montebello/Templates/testdem/maps/_Eocsilt0495.asc
ncols         21
nrows         20
xllcorner     100.000000
yllcorner     100.000000
cellsize      50.000000
NODATA_value  -9999.0
0.000000 0.000000 0.000000 0.000000 0.000000 0.000000 0.000000 0.000000 0.000000 0.000000 0.000000 0.000000 0.000000 0.000000 0.000000 0.000000 0.000000 0.000000 0.000000 0.000000 0.000000
0.000000 0.000000 0.350009 0.350009 0.350009 0.350009 0.350009 0.350009 0.350009 0.350009 0.350009 0.350009 0.350009 0.350009 0.350009 0.350009 0.350009 0.350009 0.350009 0.000000 0.000000
0.000000 0.000000 0.349998 0.349998 0.349998 0.349998 0.349998 0.349998 0.349998 0.349998 0.349998 0.349998 0.349998 0.349998 0.349998 0.349998 0.349998 0.349998 0.349998 0.000000 0.000000
0.000000 0.000000 0.350279 0.350279 0.350277 0.350279 0.350279 0.350279 0.350279 0.350279 0.350279 0.350279 0.350279 0.350279 0.350279 0.350279 0.350277 0.350279 0.350279 0.000000 0.000000
0.000000 0.000000 0.351131 0.351132 0.351129 0.351131 0.351132 0.351132 0.351132 0.351132 0.351132 0.351132 0.351132 0.351132 0.351132 0.351131 0.351129 0.351132 0.351131 0.000000 0.000000
0.000000 0.000000 0.352027 0.352027 0.352025 0.352027 0.352027 0.352027 0.352027 0.352027 0.352027 0.352027 0.352027 0.352027 0.352027 0.352027 0.352025 0.352027 0.352027 0.000000 0.000000
0.000000 0.000000 0.352836 0.352836 0.352834 0.352836 0.352836 0.352836 0.352836 0.352836 0.352836 0.352836 0.352836 0.352836 0.352836 0.352836 0.352834 0.352836 0.352836 0.000000 0.000000
0.000000 0.000000 0.353584 0.353584 0.353583 0.353584 0.353584 0.353584 0.353584 0.353584 0.353584 0.353584 0.353584 0.353584 0.353584 0.353584 0.353583 0.353584 0.353584 0.000000 0.000000
0.000000 0.000000 0.354290 0.354290 0.354288 0.354289 0.354290 0.354290 0.354290 0.354290 0.354290 0.354290 0.354290 0.354290 0.354290 0.354289 0.354288 0.354290 0.354290 0.000000 0.000000
0.000000 0.000000 0.354969 0.354969 0.354968 0.354969 0.354969 0.354969 0.354969 0.354969 0.354969 0.354969 0.354969 0.354969 0.354969 0.354969 0.354968 0.354969 0.354969 0.000000 0.000000
0.000000 0.000000 0.355630 0.355630 0.355628 0.355630 0.355630 0.355630 0.355630 0.355630 0.355630 0.355630 0.355630 0.355630 0.355630 0.355630 0.355628 0.355630 0.355630 0.000000 0.000000
0.000000 0.000000 0.356276 0.356276 0.356275 0.356276 0.356276 0.356276 0.356276 0.356276 0.356276 0.356276 0.356276 0.356276 0.356276 0.356276 0.356275 0.356276 0.356276 0.000000 0.000000
0.000000 0.000000 0.356911 0.356911 0.356909 0.356911 0.356911 0.356911 0.356911 0.356911 0.356911 0.356911 0.356911 0.356911 0.356911 0.356911 0.356909 0.356911 0.356911 0.000000 0.000000
0.000000 0.000000 0.357534 0.357534 0.357533 0.357534 0.357534 0.357535 0.357535 0.357534 0.357534 0.357534 0.357535 0.357535 0.357534 0.357534 0.357533 0.357534 0.357534 0.000000 0.000000
0.000000 0.000000 0.358151 0.358151 0.358150 0.358151 0.358151 0.358151 0.358151 0.358151 0.358151 0.358151 0.358151 0.358151 0.358151 0.358151 0.358150 0.358151 0.358151 0.000000 0.000000
0.000000 0.000000 0.358765 0.358765 0.358764 0.358765 0.358766 0.358766 0.358766 0.358766 0.358766 0.358766 0.358766 0.358766 0.358766 0.358765 0.358764 0.358765 0.358765 0.000000 0.000000
0.000000 0.000000 0.359372 0.359372 0.359371 0.359372 0.359372 0.359372 0.359372 0.359372 0.359372 0.359372 0.359372 0.359372 0.359372 0.359372 0.359371 0.359372 0.359372 0.000000 0.000000
0.000000 0.000000 0.359991 0.359992 0.359990 0.359992 0.359992 0.359992 0.359992 0.359992 0.359992 0.359992 0.359992 0.359992 0.359992 0.359992 0.359990 0.359992 0.359992 0.000000 0.000000
0.000000 0.000000 0.350000 0.350000 0.350000 0.350000 0.350000 0.350000 0.350000 0.350000 0.350000 0.350000 0.350000 0.350000 0.350000 0.350000 0.350000 0.350000 0.350000 0.000000 0.000000
0.000000 0.000000 0.000000 0.000000 0.000000 0.000000 0.000000 0.000000 0.000000 0.000000 0.000000 0.000000 0.000000 0.000000 0.000000 0.000000 0.000000 0.000000 0.000000 0.000000 0.000000