geotop/1.0zi/1.0Montebello/Templates/testdem/maps/_Eocsand4709.asc
ncols         21
nrows         20
xllcorner     100.000000
yllcorner     100.000000
cellsize      50.000000
NODATA_value  -9999.0
0.000000 0.000000 0.000000 0.000000 0.000000 0.000000 0.000000 0.000000 0.000000 0.000000 0.000000 0.000000 0.000000 0.000000 0.000000 0.000000 0.000000 0.000000 0.000000 0.000000 0.000000
0.000000 0.000000 0.300117 0.300116 0.300116 0.300116 0.300116 0.300116 0.300116 0.300116 0.300116 0.300116 0.300116 0.300116 0.300116 0.300116 0.300116 0.300116 0.300117 0.000000 0.000000
0.000000 0.000000 0.300006 0.300005 0.300005 0.300005 0.300005 0.300005 0.300005 0.300005 0.300005 0.300005 0.300005 0.300004 0.300005 0.300005 0.300007 0.300007 0.300006 0.000000 0.000000
0.000000 0.000000 0.299974 0.299973 0.299975 0.299979 0.299976 0.299979 0.299977 0.299977 0.299977 0.299978 0.299978 0.299980 0.299976 0.299972 0.299973 0.299971 0.299973 0.000000 0.000000
0.000000 0.000000 0.299276 0.299274 0.299275 0.299285 0.299296 0.299301 0.299302 0.299306 0.299308 0.299303 0.299306 0.299304 0.299295 0.299294 0.299289 0.299280 0.299274 0.000000 0.000000
0.000000 0.000000 0.296861 0.296855 0.296865 0.296892 0.296903 0.296932 0.296935 0.296945 0.296936 0.296933 0.296926 0.296925 0.296919 0.296903 0.296891 0.296882 0.296873 0.000000 0.000000
0.000000 0.000000 0.293165 0.293169 0.293178 0.293206 0.293238 0.293276 0.293275 0.293283 0.293275 0.293276 0.293277 0.293272 0.293245 0.293213 0.293198 0.293185 0.293172 0.000000 0.000000
0.000000 0.000000 0.288799 0.288803 0.288805 0.288834 0.288869 0.288908 0.288906 0.288913 0.288911 0.288910 0.288914 0.288911 0.288875 0.288840 0.288821 0.288814 0.288801 0.000000 0.000000
0.000000 0.000000 0.284347 0.284355 0.284364 0.284386 0.284418 0.284462 0.284459 0.284468 0.284467 0.284464 0.284468 0.284465 0.284430 0.284391 0.284376 0.284367 0.284350 0.000000 0.000000
0.000000 0.000000 0.279909 0.279916 0.279922 0.279945 0.279982 0.280021 0.280016 0.280023 0.280022 0.280020 0.280025 0.280026 0.279987 0.279949 0.279933 0.279925 0.279912 0.000000 0.000000
0.000000 0.000000 0.275405 0.275413 0.275418 0.275436 0.275465 0.275512 0.275507 0.275518 0.275517 0.275514 0.275519 0.275519 0.275485 0.275456 0.275436 0.275427 0.275412 0.000000 0.000000
0.000000 0.000000 0.270742 0.270748 0.270758 0.270785 0.270814 0.270860 0.270861 0.270868 0.270866 0.270867 0.270869 0.270871 0.270827 0.270793 0.270775 0.270767 0.270719 0.000000 0.000000
0.000000 0.000000 0.266011 0.266020 0.266029 0.266049 0.266085 0.266180 0.266180 0.266189 0.266188 0.266186 0.266193 0.266191 0.266107 0.266067 0.266048 0.266040 0.266010 0.000000 0.000000
0.000000 0.000000 0.260990 0.261006 0.261011 0.261032 0.261132 0.261157 0.261173 0.261180 0.261178 0.261176 0.261183 0.261183 0.261155 0.261057 0.261037 0.261017 0.260999 0.000000 0.000000
0.000000 0.000000 0.255565 0.255577 0.255602 0.255688 0.255735 0.255797 0.255826 0.255837 0.255849 0.255850 0.255846 0.255856 0.255809 0.255740 0.255633 0.255637 0.255621 0.000000 0.000000
0.000000 0.000000 0.249948 0.249960 0.250065 0.250083 0.250114 0.250145 0.250148 0.250151 0.250144 0.250145 0.250160 0.250140 0.250125 0.250096 0.250094 0.249977 0.249949 0.000000 0.000000
0.000000 0.000000 0.243683 0.243824 0.243909 0.243950 0.244023 0.244063 0.244072 0.244079 0.244093 0.244091 0.244090 0.244102 0.244072 0.243987 0.243932 0.243876 0.243734 0.000000 0.000000
0.000000 0.000000 0.238821 0.238849 0.238756 0.238808 0.238871 0.239011 0.239024 0.239039 0.239031 0.239031 0.239041 0.239031 0.238904 0.238833 0.238753 0.238873 0.238819 0.000000 0.000000
0.000000 0.000000 0.300000 0.300000 0.300000 0.300000 0.300000 0.300000 0.300000 0.300000 0.300000 0.300000 0.300000 0.300000 0.300000 0.300000 0.300000 0.300000 0.300000 0.000000 0.000000
0.000000 0.000000 0.000000 0.000000 0.000000 0.000000 0.000000 0.000000 0.000000 0.000000 0.000000 0.000000 0.000000 0.000000 0.000000 0.000000 0.000000 0.000000 0.000000 0.000000 0.000000