geotop/1.0zi/1.0Montebello/Templates/testdem/maps/_Eocsilt2213.asc
ncols         21
nrows         20
xllcorner     100.000000
yllcorner     100.000000
cellsize      50.000000
NODATA_value  -9999.0
0.000000 0.000000 0.000000 0.000000 0.000000 0.000000 0.000000 0.000000 0.000000 0.000000 0.000000 0.000000 0.000000 0.000000 0.000000 0.000000 0.000000 0.000000 0.000000 0.000000 0.000000
0.000000 0.000000 0.350052 0.350052 0.350052 0.350052 0.350052 0.350052 0.350052 0.350052 0.350052 0.350052 0.350052 0.350052 0.350052 0.350052 0.350052 0.350052 0.350052 0.000000 0.000000
0.000000 0.000000 0.349998 0.349998 0.349998 0.349998 0.349998 0.349998 0.349998 0.349998 0.349998 0.349998 0.349998 0.349998 0.349998 0.349998 0.349998 0.349998 0.349998 0.000000 0.000000
0.000000 0.000000 0.350709 0.350708 0.350706 0.350707 0.350709 0.350709 0.350708 0.350709 0.350709 0.350709 0.350708 0.350709 0.350709 0.350707 0.350706 0.350708 0.350709 0.000000 0.000000
0.000000 0.000000 0.353466 0.353466 0.353464 0.353464 0.353467 0.353466 0.353466 0.353467 0.353467 0.353467 0.353466 0.353466 0.353467 0.353464 0.353464 0.353466 0.353466 0.000000 0.000000
0.000000 0.000000 0.357126 0.357126 0.357124 0.357125 0.357127 0.357126 0.357126 0.357127 0.357127 0.357127 0.357126 0.357126 0.357127 0.357125 0.357124 0.357126 0.357126 0.000000 0.000000
0.000000 0.000000 0.360496 0.360495 0.360494 0.360494 0.360496 0.360495 0.360495 0.360496 0.360496 0.360496 0.360495 0.360495 0.360496 0.360494 0.360494 0.360495 0.360496 0.000000 0.000000
0.000000 0.000000 0.363580 0.363580 0.363579 0.363579 0.363581 0.363580 0.363580 0.363581 0.363581 0.363581 0.363580 0.363580 0.363581 0.363579 0.363579 0.363580 0.363580 0.000000 0.000000
0.000000 0.000000 0.366463 0.366463 0.366461 0.366462 0.366463 0.366463 0.366463 0.366464 0.366464 0.366464 0.366463 0.366463 0.366463 0.366462 0.366461 0.366463 0.366463 0.000000 0.000000
0.000000 0.000000 0.369213 0.369212 0.369211 0.369212 0.369213 0.369212 0.369212 0.369213 0.369213 0.369213 0.369212 0.369212 0.369213 0.369212 0.369211 0.369212 0.369213 0.000000 0.000000
0.000000 0.000000 0.371860 0.371860 0.371859 0.371859 0.371861 0.371860 0.371860 0.371861 0.371861 0.371861 0.371860 0.371860 0.371861 0.371859 0.371859 0.371860 0.371860 0.000000 0.000000
0.000000 0.000000 0.374430 0.374430 0.374428 0.374429 0.374430 0.374430 0.374430 0.374430 0.374430 0.374430 0.374430 0.374430 0.374430 0.374429 0.374428 0.374430 0.374430 0.000000 0.000000
0.000000 0.000000 0.376938 0.376938 0.376937 0.376937 0.376939 0.376938 0.376938 0.376939 0.376939 0.376939 0.376938 0.376938 0.376939 0.376937 0.376937 0.376938 0.376938 0.000000 0.000000
0.000000 0.000000 0.379393 0.379393 0.379392 0.379392 0.379393 0.379393 0.379393 0.379393 0.379394 0.379393 0.379393 0.379393 0.379393 0.379392 0.379392 0.379393 0.379393 0.000000 0.000000
0.000000 0.000000 0.381804 0.381803 0.381802 0.381803 0.381804 0.381804 0.381804 0.381804 0.381804 0.381804 0.381804 0.381804 0.381804 0.381803 0.381802 0.381803 0.381804 0.000000 0.000000
0.000000 0.000000 0.384175 0.384175 0.384174 0.384175 0.384176 0.384175 0.384175 0.384176 0.384176 0.384176 0.384175 0.384175 0.384176 0.384175 0.384174 0.384175 0.384175 0.000000 0.000000
0.000000 0.000000 0.386509 0.386509 0.386508 0.386508 0.386509 0.386509 0.386509 0.386510 0.386510 0.386510 0.386509 0.386509 0.386509 0.386508 0.386508 0.386509 0.386509 0.000000 0.000000
0.000000 0.000000 0.388833 0.388833 0.388831 0.388832 0.388833 0.388833 0.388833 0.388833 0.388833 0.388833 0.388833 0.388833 0.388833 0.388832 0.388831 0.388833 0.388833 0.000000 0.000000
0.000000 0.000000 0.350000 0.350000 0.350000 0.350000 0.350000 0.350000 0.350000 0.350000 0.350000 0.350000 0.350000 0.350000 0.350000 0.350000 0.350000 0.350000 0.350000 0.000000 0.000000
0.000000 0.000000 0.000000 0.000000 0.000000 0.000000 0.000000 0.000000 0.000000 0.000000 0.000000 0.000000 0.000000 0.000000 0.000000 0.000000 0.000000 0.000000 0.000000 0.000000 0.000000