geotop/1.0zi/1.0Montebello/Templates/testdem/maps/_Eocsilt039€.asc
ncols         21
nrows         20
xllcorner     100.000000
yllcorner     100.000000
cellsize      50.000000
NODATA_value  -9999.0
0.000000 0.000000 0.000000 0.000000 0.000000 0.000000 0.000000 0.000000 0.000000 0.000000 0.000000 0.000000 0.000000 0.000000 0.000000 0.000000 0.000000 0.000000 0.000000 0.000000 0.000000
0.000000 0.000000 0.350228 0.350228 0.350228 0.350228 0.350227 0.350227 0.350228 0.350227 0.350228 0.350227 0.350227 0.350227 0.350227 0.350228 0.350228 0.350228 0.350228 0.000000 0.000000
0.000000 0.000000 0.350007 0.350007 0.350008 0.350007 0.350008 0.350008 0.350008 0.350008 0.350008 0.350008 0.350009 0.350008 0.350008 0.350007 0.350006 0.350006 0.350007 0.000000 0.000000
0.000000 0.000000 0.350193 0.350190 0.350183 0.350179 0.350178 0.350172 0.350176 0.350177 0.350174 0.350178 0.350179 0.350178 0.350181 0.350184 0.350187 0.350190 0.350191 0.000000 0.000000
0.000000 0.000000 0.351767 0.351775 0.351764 0.351740 0.351730 0.351722 0.351726 0.351723 0.351722 0.351725 0.351731 0.351729 0.351742 0.351752 0.351759 0.351765 0.351769 0.000000 0.000000
0.000000 0.000000 0.355907 0.355903 0.355885 0.355854 0.355818 0.355788 0.355788 0.355784 0.355783 0.355784 0.355789 0.355785 0.355804 0.355830 0.355845 0.355855 0.355862 0.000000 0.000000
0.000000 0.000000 0.361701 0.361691 0.361672 0.361627 0.361581 0.361521 0.361525 0.361522 0.361516 0.361515 0.361512 0.361516 0.361563 0.361598 0.361623 0.361641 0.361647 0.000000 0.000000
0.000000 0.000000 0.368607 0.368594 0.368576 0.368523 0.368473 0.368418 0.368420 0.368415 0.368407 0.368404 0.368402 0.368410 0.368454 0.368496 0.368534 0.368542 0.368557 0.000000 0.000000
0.000000 0.000000 0.376329 0.376309 0.376277 0.376234 0.376176 0.376107 0.376114 0.376104 0.376093 0.376091 0.376095 0.376090 0.376155 0.376205 0.376236 0.376250 0.376263 0.000000 0.000000
0.000000 0.000000 0.385008 0.384980 0.384952 0.384904 0.384840 0.384766 0.384769 0.384763 0.384746 0.384752 0.384760 0.384756 0.384807 0.384872 0.384909 0.384925 0.384929 0.000000 0.000000
0.000000 0.000000 0.395077 0.395054 0.395029 0.394923 0.394893 0.394793 0.394815 0.394771 0.394771 0.394764 0.394747 0.394773 0.394832 0.394874 0.394926 0.394945 0.394988 0.000000 0.000000
0.000000 0.000000 0.407085 0.407034 0.406967 0.406919 0.406860 0.406732 0.406729 0.406734 0.406743 0.406698 0.406722 0.406709 0.406822 0.406891 0.406919 0.406938 0.407022 0.000000 0.000000
0.000000 0.000000 0.420688 0.420644 0.420631 0.420525 0.420454 0.420101 0.420097 0.420079 0.419944 0.420029 0.420032 0.420063 0.420317 0.420372 0.420507 0.420516 0.420522 0.000000 0.000000
0.000000 0.000000 0.437051 0.437038 0.436918 0.436854 0.436376 0.436592 0.436494 0.436504 0.436586 0.436503 0.436493 0.436432 0.436235 0.436759 0.436762 0.436887 0.436956 0.000000 0.000000
0.000000 0.000000 0.452639 0.452599 0.452535 0.452062 0.452302 0.451981 0.451930 0.451904 0.451783 0.451758 0.451809 0.451820 0.452094 0.451856 0.452470 0.452320 0.452289 0.000000 0.000000
0.000000 0.000000 0.462969 0.462951 0.462667 0.462741 0.462714 0.462684 0.462796 0.462763 0.462810 0.462797 0.462752 0.462815 0.462809 0.462833 0.462609 0.463005 0.462995 0.000000 0.000000
0.000000 0.000000 0.469631 0.469590 0.469426 0.469486 0.469440 0.469438 0.469500 0.469483 0.469508 0.469502 0.469478 0.469511 0.469499 0.469538 0.469394 0.469631 0.469662 0.000000 0.000000
0.000000 0.000000 0.474845 0.474619 0.474562 0.474523 0.474421 0.474442 0.474407 0.474425 0.474362 0.474370 0.474395 0.474369 0.474375 0.474443 0.474533 0.474544 0.474772 0.000000 0.000000
0.000000 0.000000 0.350000 0.350000 0.350000 0.350000 0.350000 0.350000 0.350000 0.350000 0.350000 0.350000 0.350000 0.350000 0.350000 0.350000 0.350000 0.350000 0.350000 0.000000 0.000000
0.000000 0.000000 0.000000 0.000000 0.000000 0.000000 0.000000 0.000000 0.000000 0.000000 0.000000 0.000000 0.000000 0.000000 0.000000 0.000000 0.000000 0.000000 0.000000 0.000000 0.000000