geotop/1.0zi/1.0Montebello/Templates/testdem/maps/_Eocsand9465.asc
ncols         21
nrows         20
xllcorner     100.000000
yllcorner     100.000000
cellsize      50.000000
NODATA_value  -9999.0
0.000000 0.000000 0.000000 0.000000 0.000000 0.000000 0.000000 0.000000 0.000000 0.000000 0.000000 0.000000 0.000000 0.000000 0.000000 0.000000 0.000000 0.000000 0.000000 0.000000 0.000000
0.000000 0.000000 0.300238 0.300235 0.300235 0.300236 0.300235 0.300235 0.300235 0.300236 0.300236 0.300236 0.300236 0.300236 0.300235 0.300235 0.300237 0.300236 0.300236 0.000000 0.000000
0.000000 0.000000 0.300011 0.300013 0.300013 0.300011 0.300012 0.300013 0.300012 0.300012 0.300012 0.300013 0.300012 0.300012 0.300012 0.300012 0.300013 0.300013 0.300014 0.000000 0.000000
0.000000 0.000000 0.299814 0.299812 0.299820 0.299828 0.299827 0.299833 0.299825 0.299827 0.299827 0.299825 0.299824 0.299826 0.299820 0.299814 0.299812 0.299810 0.299810 0.000000 0.000000
0.000000 0.000000 0.297170 0.297171 0.297189 0.297217 0.297246 0.297253 0.297253 0.297254 0.297255 0.297248 0.297244 0.297243 0.297220 0.297208 0.297194 0.297184 0.297172 0.000000 0.000000
0.000000 0.000000 0.289939 0.289949 0.289988 0.290040 0.290101 0.290153 0.290151 0.290162 0.290157 0.290155 0.290145 0.290148 0.290118 0.290068 0.290042 0.290021 0.290007 0.000000 0.000000
0.000000 0.000000 0.279993 0.280011 0.280043 0.280108 0.280187 0.280297 0.280287 0.280296 0.280298 0.280296 0.280297 0.280290 0.280207 0.280143 0.280103 0.280074 0.280058 0.000000 0.000000
0.000000 0.000000 0.268195 0.268216 0.268245 0.268320 0.268403 0.268502 0.268496 0.268507 0.268511 0.268516 0.268519 0.268499 0.268422 0.268351 0.268286 0.268273 0.268243 0.000000 0.000000
0.000000 0.000000 0.255294 0.255324 0.255367 0.255422 0.255518 0.255634 0.255620 0.255642 0.255652 0.255655 0.255649 0.255651 0.255541 0.255457 0.255407 0.255387 0.255359 0.000000 0.000000
0.000000 0.000000 0.241152 0.241191 0.241224 0.241284 0.241414 0.241522 0.241514 0.241529 0.241548 0.241536 0.241520 0.241522 0.241435 0.241326 0.241266 0.241244 0.241229 0.000000 0.000000
0.000000 0.000000 0.225195 0.225223 0.225252 0.225394 0.225477 0.225620 0.225582 0.225657 0.225644 0.225653 0.225677 0.225629 0.225533 0.225466 0.225383 0.225347 0.225281 0.000000 0.000000
0.000000 0.000000 0.206732 0.206796 0.206881 0.206946 0.207071 0.207247 0.207242 0.207251 0.207220 0.207285 0.207250 0.207253 0.207079 0.206979 0.206933 0.206905 0.206764 0.000000 0.000000
0.000000 0.000000 0.186039 0.186095 0.186113 0.186273 0.186375 0.186884 0.186879 0.186904 0.187066 0.186966 0.186947 0.186897 0.186519 0.186426 0.186244 0.186229 0.186184 0.000000 0.000000
0.000000 0.000000 0.160551 0.160568 0.160715 0.160808 0.161525 0.161317 0.161452 0.161446 0.161354 0.161438 0.161450 0.161512 0.161704 0.160934 0.160893 0.160709 0.160595 0.000000 0.000000
0.000000 0.000000 0.130891 0.130977 0.131120 0.132045 0.131723 0.132277 0.132414 0.132465 0.132661 0.132736 0.132626 0.132618 0.132112 0.132408 0.131193 0.131465 0.131495 0.000000 0.000000
0.000000 0.000000 0.102452 0.102503 0.103627 0.103063 0.103259 0.103225 0.102724 0.102853 0.102587 0.102632 0.102841 0.102566 0.102698 0.102530 0.103756 0.102045 0.102069 0.000000 0.000000
0.000000 0.000000 0.075562 0.076599 0.076249 0.076724 0.077254 0.077430 0.077782 0.077698 0.078057 0.078014 0.077804 0.078019 0.077726 0.077332 0.076308 0.077101 0.076020 0.000000 0.000000
0.000000 0.000000 0.066282 0.065895 0.065268 0.065398 0.065499 0.066101 0.066072 0.066220 0.066027 0.066073 0.066069 0.066023 0.065503 0.065426 0.065206 0.065811 0.066188 0.000000 0.000000
0.000000 0.000000 0.300000 0.300000 0.300000 0.300000 0.300000 0.300000 0.300000 0.300000 0.300000 0.300000 0.300000 0.300000 0.300000 0.300000 0.300000 0.300000 0.300000 0.000000 0.000000
0.000000 0.000000 0.000000 0.000000 0.000000 0.000000 0.000000 0.000000 0.000000 0.000000 0.000000 0.000000 0.000000 0.000000 0.000000 0.000000 0.000000 0.000000 0.000000 0.000000 0.000000