geotop/1.0zi/1.0Montebello/Templates/testdem/maps/_Eocsand1299.asc
ncols         21
nrows         20
xllcorner     100.000000
yllcorner     100.000000
cellsize      50.000000
NODATA_value  -9999.0
0.000000 0.000000 0.000000 0.000000 0.000000 0.000000 0.000000 0.000000 0.000000 0.000000 0.000000 0.000000 0.000000 0.000000 0.000000 0.000000 0.000000 0.000000 0.000000 0.000000 0.000000
0.000000 0.000000 0.300040 0.300040 0.300040 0.300040 0.300040 0.300040 0.300040 0.300040 0.300040 0.300040 0.300040 0.300040 0.300040 0.300040 0.300040 0.300040 0.300040 0.000000 0.000000
0.000000 0.000000 0.300006 0.300007 0.300007 0.300006 0.300007 0.300007 0.300007 0.300007 0.300007 0.300007 0.300007 0.300007 0.300007 0.300006 0.300007 0.300007 0.300006 0.000000 0.000000
0.000000 0.000000 0.298884 0.298884 0.298889 0.298887 0.298883 0.298884 0.298884 0.298883 0.298883 0.298883 0.298884 0.298884 0.298883 0.298887 0.298889 0.298884 0.298884 0.000000 0.000000
0.000000 0.000000 0.295101 0.295103 0.295107 0.295107 0.295100 0.295102 0.295102 0.295100 0.295101 0.295100 0.295102 0.295102 0.295100 0.295107 0.295107 0.295103 0.295101 0.000000 0.000000
0.000000 0.000000 0.290703 0.290704 0.290708 0.290708 0.290702 0.290704 0.290704 0.290703 0.290703 0.290703 0.290704 0.290704 0.290702 0.290708 0.290708 0.290704 0.290703 0.000000 0.000000
0.000000 0.000000 0.286580 0.286581 0.286584 0.286583 0.286579 0.286580 0.286580 0.286579 0.286579 0.286579 0.286580 0.286580 0.286579 0.286583 0.286584 0.286581 0.286580 0.000000 0.000000
0.000000 0.000000 0.282784 0.282784 0.282788 0.282787 0.282783 0.282784 0.282784 0.282783 0.282783 0.282783 0.282784 0.282784 0.282783 0.282787 0.282788 0.282784 0.282784 0.000000 0.000000
0.000000 0.000000 0.279225 0.279225 0.279228 0.279228 0.279224 0.279225 0.279225 0.279224 0.279224 0.279224 0.279225 0.279225 0.279224 0.279228 0.279228 0.279225 0.279225 0.000000 0.000000
0.000000 0.000000 0.275812 0.275812 0.275815 0.275814 0.275811 0.275812 0.275812 0.275811 0.275811 0.275811 0.275812 0.275812 0.275811 0.275814 0.275815 0.275812 0.275812 0.000000 0.000000
0.000000 0.000000 0.272509 0.272509 0.272512 0.272511 0.272508 0.272509 0.272509 0.272508 0.272508 0.272508 0.272509 0.272509 0.272508 0.272511 0.272512 0.272509 0.272509 0.000000 0.000000
0.000000 0.000000 0.269282 0.269282 0.269285 0.269284 0.269281 0.269282 0.269282 0.269281 0.269281 0.269281 0.269282 0.269282 0.269281 0.269284 0.269285 0.269282 0.269282 0.000000 0.000000
0.000000 0.000000 0.266108 0.266108 0.266111 0.266110 0.266107 0.266108 0.266108 0.266107 0.266108 0.266107 0.266108 0.266108 0.266107 0.266110 0.266111 0.266108 0.266108 0.000000 0.000000
0.000000 0.000000 0.262988 0.262988 0.262991 0.262990 0.262987 0.262988 0.262988 0.262987 0.262987 0.262987 0.262988 0.262988 0.262987 0.262990 0.262991 0.262988 0.262988 0.000000 0.000000
0.000000 0.000000 0.259906 0.259906 0.259909 0.259908 0.259905 0.259906 0.259906 0.259906 0.259906 0.259906 0.259906 0.259906 0.259905 0.259908 0.259909 0.259906 0.259906 0.000000 0.000000
0.000000 0.000000 0.256851 0.256852 0.256855 0.256854 0.256851 0.256852 0.256852 0.256851 0.256851 0.256851 0.256852 0.256852 0.256851 0.256854 0.256855 0.256852 0.256851 0.000000 0.000000
0.000000 0.000000 0.253826 0.253826 0.253829 0.253828 0.253825 0.253826 0.253826 0.253825 0.253825 0.253825 0.253826 0.253826 0.253825 0.253828 0.253829 0.253826 0.253826 0.000000 0.000000
0.000000 0.000000 0.250749 0.250748 0.250751 0.250750 0.250747 0.250748 0.250748 0.250748 0.250748 0.250748 0.250748 0.250748 0.250747 0.250750 0.250751 0.250748 0.250748 0.000000 0.000000
0.000000 0.000000 0.300000 0.300000 0.300000 0.300000 0.300000 0.300000 0.300000 0.300000 0.300000 0.300000 0.300000 0.300000 0.300000 0.300000 0.300000 0.300000 0.300000 0.000000 0.000000
0.000000 0.000000 0.000000 0.000000 0.000000 0.000000 0.000000 0.000000 0.000000 0.000000 0.000000 0.000000 0.000000 0.000000 0.000000 0.000000 0.000000 0.000000 0.000000 0.000000 0.000000