geotop/1.0zi/1.0Montebello/Templates/testdem/maps/_Eocsand8364.asc
ncols         21
nrows         20
xllcorner     100.000000
yllcorner     100.000000
cellsize      50.000000
NODATA_value  -9999.0
0.000000 0.000000 0.000000 0.000000 0.000000 0.000000 0.000000 0.000000 0.000000 0.000000 0.000000 0.000000 0.000000 0.000000 0.000000 0.000000 0.000000 0.000000 0.000000 0.000000 0.000000
0.000000 0.000000 0.300210 0.300207 0.300207 0.300208 0.300207 0.300206 0.300207 0.300207 0.300208 0.300207 0.300207 0.300207 0.300207 0.300207 0.300208 0.300208 0.300208 0.000000 0.000000
0.000000 0.000000 0.300011 0.300012 0.300012 0.300010 0.300011 0.300012 0.300012 0.300012 0.300012 0.300012 0.300011 0.300012 0.300011 0.300011 0.300012 0.300013 0.300013 0.000000 0.000000
0.000000 0.000000 0.299893 0.299893 0.299897 0.299905 0.299901 0.299909 0.299904 0.299906 0.299906 0.299906 0.299906 0.299908 0.299903 0.299898 0.299896 0.299893 0.299894 0.000000 0.000000
0.000000 0.000000 0.297936 0.297933 0.297942 0.297957 0.297979 0.297989 0.297995 0.297994 0.297999 0.297997 0.298000 0.297994 0.297970 0.297964 0.297952 0.297938 0.297929 0.000000 0.000000
0.000000 0.000000 0.292170 0.292171 0.292193 0.292238 0.292273 0.292321 0.292322 0.292335 0.292326 0.292328 0.292324 0.292323 0.292300 0.292264 0.292235 0.292213 0.292201 0.000000 0.000000
0.000000 0.000000 0.284104 0.284111 0.284131 0.284182 0.284247 0.284322 0.284324 0.284334 0.284331 0.284333 0.284335 0.284329 0.284264 0.284205 0.284169 0.284140 0.284124 0.000000 0.000000
0.000000 0.000000 0.274538 0.274542 0.274557 0.274616 0.274679 0.274763 0.274765 0.274773 0.274775 0.274781 0.274785 0.274770 0.274698 0.274641 0.274587 0.274570 0.274544 0.000000 0.000000
0.000000 0.000000 0.264278 0.264294 0.264323 0.264362 0.264429 0.264520 0.264517 0.264536 0.264541 0.264545 0.264543 0.264545 0.264457 0.264385 0.264341 0.264319 0.264298 0.000000 0.000000
0.000000 0.000000 0.253384 0.253403 0.253418 0.253456 0.253555 0.253637 0.253638 0.253648 0.253660 0.253654 0.253642 0.253647 0.253572 0.253489 0.253437 0.253419 0.253403 0.000000 0.000000
0.000000 0.000000 0.241496 0.241509 0.241527 0.241611 0.241679 0.241777 0.241758 0.241810 0.241803 0.241806 0.241825 0.241790 0.241721 0.241668 0.241602 0.241565 0.241522 0.000000 0.000000
0.000000 0.000000 0.228236 0.228271 0.228310 0.228363 0.228442 0.228565 0.228576 0.228588 0.228560 0.228603 0.228590 0.228584 0.228457 0.228391 0.228345 0.228318 0.228209 0.000000 0.000000
0.000000 0.000000 0.213825 0.213858 0.213871 0.213950 0.214020 0.214345 0.214351 0.214370 0.214455 0.214410 0.214392 0.214362 0.214116 0.214048 0.213925 0.213908 0.213858 0.000000 0.000000
0.000000 0.000000 0.196825 0.196833 0.196900 0.196954 0.197366 0.197329 0.197417 0.197414 0.197386 0.197413 0.197425 0.197444 0.197486 0.197056 0.196989 0.196874 0.196797 0.000000 0.000000
0.000000 0.000000 0.176702 0.176738 0.176818 0.177345 0.177289 0.177555 0.177673 0.177702 0.177791 0.177853 0.177795 0.177805 0.177546 0.177570 0.176871 0.176977 0.176967 0.000000 0.000000
0.000000 0.000000 0.154666 0.154696 0.155458 0.155232 0.155294 0.155358 0.155071 0.155159 0.155006 0.155058 0.155186 0.154995 0.154988 0.154939 0.155518 0.154404 0.154422 0.000000 0.000000
0.000000 0.000000 0.127529 0.128712 0.128436 0.128887 0.129479 0.129660 0.129999 0.129918 0.130277 0.130244 0.130039 0.130243 0.129935 0.129495 0.128470 0.129148 0.127914 0.000000 0.000000
0.000000 0.000000 0.118186 0.117075 0.116097 0.116086 0.116023 0.116969 0.116805 0.117084 0.116623 0.116716 0.116790 0.116631 0.115848 0.115893 0.115910 0.116654 0.117742 0.000000 0.000000
0.000000 0.000000 0.300000 0.300000 0.300000 0.300000 0.300000 0.300000 0.300000 0.300000 0.300000 0.300000 0.300000 0.300000 0.300000 0.300000 0.300000 0.300000 0.300000 0.000000 0.000000
0.000000 0.000000 0.000000 0.000000 0.000000 0.000000 0.000000 0.000000 0.000000 0.000000 0.000000 0.000000 0.000000 0.000000 0.000000 0.000000 0.000000 0.000000 0.000000 0.000000 0.000000