geotop/1.0zi/1.0Montebello/Templates/testdem/maps/_Eocclay3394.asc
ncols         21
nrows         20
xllcorner     100.000000
yllcorner     100.000000
cellsize      50.000000
NODATA_value  -9999.0
0.000000 0.000000 0.000000 0.000000 0.000000 0.000000 0.000000 0.000000 0.000000 0.000000 0.000000 0.000000 0.000000 0.000000 0.000000 0.000000 0.000000 0.000000 0.000000 0.000000 0.000000
0.000000 0.000000 0.349818 0.349818 0.349818 0.349818 0.349818 0.349818 0.349818 0.349818 0.349817 0.349818 0.349818 0.349818 0.349818 0.349818 0.349818 0.349818 0.349818 0.000000 0.000000
0.000000 0.000000 0.349996 0.349996 0.349995 0.349996 0.349996 0.349996 0.349996 0.349996 0.349996 0.349996 0.349996 0.349996 0.349996 0.349996 0.349995 0.349996 0.349996 0.000000 0.000000
0.000000 0.000000 0.351302 0.351302 0.351299 0.351300 0.351301 0.351301 0.351301 0.351301 0.351302 0.351301 0.351301 0.351301 0.351301 0.351300 0.351299 0.351302 0.351302 0.000000 0.000000
0.000000 0.000000 0.356570 0.356569 0.356567 0.356568 0.356571 0.356570 0.356570 0.356571 0.356572 0.356571 0.356570 0.356570 0.356571 0.356568 0.356567 0.356569 0.356570 0.000000 0.000000
0.000000 0.000000 0.362378 0.362377 0.362375 0.362375 0.362378 0.362377 0.362377 0.362378 0.362379 0.362378 0.362377 0.362377 0.362378 0.362375 0.362375 0.362377 0.362378 0.000000 0.000000
0.000000 0.000000 0.367811 0.367811 0.367809 0.367810 0.367812 0.367811 0.367811 0.367812 0.367812 0.367812 0.367811 0.367811 0.367812 0.367810 0.367809 0.367811 0.367811 0.000000 0.000000
0.000000 0.000000 0.372752 0.372752 0.372751 0.372751 0.372753 0.372752 0.372752 0.372753 0.372753 0.372753 0.372752 0.372752 0.372753 0.372751 0.372751 0.372752 0.372752 0.000000 0.000000
0.000000 0.000000 0.377317 0.377317 0.377315 0.377316 0.377317 0.377317 0.377317 0.377317 0.377318 0.377317 0.377317 0.377317 0.377317 0.377316 0.377315 0.377317 0.377317 0.000000 0.000000
0.000000 0.000000 0.381611 0.381611 0.381610 0.381610 0.381611 0.381611 0.381611 0.381611 0.381612 0.381611 0.381611 0.381611 0.381611 0.381610 0.381610 0.381611 0.381611 0.000000 0.000000
0.000000 0.000000 0.385689 0.385689 0.385688 0.385688 0.385689 0.385689 0.385689 0.385689 0.385690 0.385689 0.385689 0.385689 0.385689 0.385688 0.385688 0.385689 0.385689 0.000000 0.000000
0.000000 0.000000 0.389590 0.389590 0.389589 0.389589 0.389591 0.389590 0.389590 0.389591 0.389591 0.389591 0.389590 0.389590 0.389591 0.389589 0.389589 0.389590 0.389590 0.000000 0.000000
0.000000 0.000000 0.393344 0.393344 0.393343 0.393343 0.393344 0.393344 0.393344 0.393344 0.393345 0.393344 0.393344 0.393344 0.393344 0.393343 0.393343 0.393344 0.393344 0.000000 0.000000
0.000000 0.000000 0.396980 0.396979 0.396978 0.396979 0.396980 0.396979 0.396979 0.396980 0.396980 0.396980 0.396979 0.396979 0.396980 0.396979 0.396978 0.396979 0.396980 0.000000 0.000000
0.000000 0.000000 0.400507 0.400507 0.400506 0.400506 0.400508 0.400507 0.400507 0.400508 0.400508 0.400508 0.400507 0.400507 0.400508 0.400506 0.400506 0.400507 0.400507 0.000000 0.000000
0.000000 0.000000 0.403932 0.403932 0.403931 0.403931 0.403933 0.403932 0.403932 0.403933 0.403933 0.403933 0.403932 0.403932 0.403933 0.403931 0.403931 0.403932 0.403932 0.000000 0.000000
0.000000 0.000000 0.407267 0.407267 0.407266 0.407266 0.407267 0.407267 0.407267 0.407267 0.407268 0.407267 0.407267 0.407267 0.407267 0.407266 0.407266 0.407267 0.407267 0.000000 0.000000
0.000000 0.000000 0.410574 0.410575 0.410574 0.410574 0.410575 0.410575 0.410575 0.410575 0.410575 0.410575 0.410575 0.410575 0.410575 0.410574 0.410574 0.410575 0.410575 0.000000 0.000000
0.000000 0.000000 0.350000 0.350000 0.350000 0.350000 0.350000 0.350000 0.350000 0.350000 0.350000 0.350000 0.350000 0.350000 0.350000 0.350000 0.350000 0.350000 0.350000 0.000000 0.000000
0.000000 0.000000 0.000000 0.000000 0.000000 0.000000 0.000000 0.000000 0.000000 0.000000 0.000000 0.000000 0.000000 0.000000 0.000000 0.000000 0.000000 0.000000 0.000000 0.000000 0.000000