geotop/1.0zi/1.0Montebello/Templates/testdem/maps/_Eocclay5579.asc
ncols         21
nrows         20
xllcorner     100.000000
yllcorner     100.000000
cellsize      50.000000
NODATA_value  -9999.0
0.000000 0.000000 0.000000 0.000000 0.000000 0.000000 0.000000 0.000000 0.000000 0.000000 0.000000 0.000000 0.000000 0.000000 0.000000 0.000000 0.000000 0.000000 0.000000 0.000000 0.000000
0.000000 0.000000 0.349750 0.349751 0.349751 0.349751 0.349751 0.349751 0.349751 0.349751 0.349751 0.349751 0.349751 0.349751 0.349751 0.349751 0.349751 0.349751 0.349751 0.000000 0.000000
0.000000 0.000000 0.349990 0.349990 0.349990 0.349990 0.349989 0.349989 0.349990 0.349989 0.349989 0.349989 0.349990 0.349990 0.349990 0.349990 0.349990 0.349990 0.349990 0.000000 0.000000
0.000000 0.000000 0.349988 0.349990 0.349987 0.349988 0.349990 0.349990 0.349990 0.349988 0.349990 0.349988 0.349988 0.349988 0.349990 0.349992 0.349990 0.349991 0.349990 0.000000 0.000000
0.000000 0.000000 0.350469 0.350469 0.350469 0.350464 0.350454 0.350450 0.350451 0.350453 0.350451 0.350452 0.350447 0.350448 0.350453 0.350451 0.350457 0.350458 0.350462 0.000000 0.000000
0.000000 0.000000 0.352030 0.352031 0.352025 0.352007 0.352001 0.351985 0.351984 0.351980 0.351984 0.351983 0.351987 0.351987 0.351990 0.352002 0.352007 0.352019 0.352024 0.000000 0.000000
0.000000 0.000000 0.354301 0.354299 0.354297 0.354281 0.354261 0.354234 0.354234 0.354231 0.354232 0.354234 0.354235 0.354233 0.354251 0.354271 0.354281 0.354289 0.354296 0.000000 0.000000
0.000000 0.000000 0.357063 0.357063 0.357062 0.357042 0.357023 0.356995 0.356995 0.356992 0.356993 0.356993 0.356991 0.356995 0.357015 0.357032 0.357046 0.357051 0.357061 0.000000 0.000000
0.000000 0.000000 0.359857 0.359854 0.359848 0.359838 0.359818 0.359791 0.359793 0.359788 0.359786 0.359787 0.359787 0.359784 0.359809 0.359828 0.359840 0.359844 0.359852 0.000000 0.000000
0.000000 0.000000 0.362681 0.362676 0.362675 0.362667 0.362639 0.362614 0.362616 0.362613 0.362609 0.362613 0.362616 0.362613 0.362633 0.362655 0.362669 0.362671 0.362677 0.000000 0.000000
0.000000 0.000000 0.365610 0.365607 0.365607 0.365587 0.365568 0.365540 0.365546 0.365533 0.365533 0.365535 0.365531 0.365538 0.365553 0.365567 0.365582 0.365591 0.365603 0.000000 0.000000
0.000000 0.000000 0.368673 0.368667 0.368660 0.368646 0.368629 0.368596 0.368598 0.368590 0.368598 0.368590 0.368591 0.368593 0.368621 0.368634 0.368645 0.368649 0.368681 0.000000 0.000000
0.000000 0.000000 0.371817 0.371811 0.371809 0.371793 0.371778 0.371711 0.371712 0.371706 0.371692 0.371700 0.371705 0.371710 0.371757 0.371769 0.371792 0.371795 0.371818 0.000000 0.000000
0.000000 0.000000 0.375222 0.375218 0.375211 0.375200 0.375137 0.375120 0.375105 0.375104 0.375099 0.375102 0.375102 0.375100 0.375107 0.375169 0.375190 0.375206 0.375229 0.000000 0.000000
0.000000 0.000000 0.378965 0.378960 0.378947 0.378882 0.378861 0.378824 0.378798 0.378794 0.378782 0.378775 0.378783 0.378776 0.378803 0.378834 0.378927 0.378920 0.378934 0.000000 0.000000
0.000000 0.000000 0.382914 0.382909 0.382826 0.382811 0.382806 0.382782 0.382799 0.382788 0.382795 0.382785 0.382775 0.382792 0.382805 0.382813 0.382808 0.382916 0.382919 0.000000 0.000000
0.000000 0.000000 0.387422 0.387308 0.387267 0.387234 0.387181 0.387153 0.387144 0.387142 0.387118 0.387114 0.387124 0.387119 0.387149 0.387189 0.387254 0.387281 0.387396 0.000000 0.000000
0.000000 0.000000 0.390741 0.390743 0.390846 0.390818 0.390774 0.390667 0.390664 0.390640 0.390655 0.390649 0.390656 0.390658 0.390755 0.390785 0.390858 0.390753 0.390757 0.000000 0.000000
0.000000 0.000000 0.350000 0.350000 0.350000 0.350000 0.350000 0.350000 0.350000 0.350000 0.350000 0.350000 0.350000 0.350000 0.350000 0.350000 0.350000 0.350000 0.350000 0.000000 0.000000
0.000000 0.000000 0.000000 0.000000 0.000000 0.000000 0.000000 0.000000 0.000000 0.000000 0.000000 0.000000 0.000000 0.000000 0.000000 0.000000 0.000000 0.000000 0.000000 0.000000 0.000000