geotop/1.0zi/1.0Montebello/Templates/testdem/maps/_Eocsilt8817.asc
ncols         21
nrows         20
xllcorner     100.000000
yllcorner     100.000000
cellsize      50.000000
NODATA_value  -9999.0
0.000000 0.000000 0.000000 0.000000 0.000000 0.000000 0.000000 0.000000 0.000000 0.000000 0.000000 0.000000 0.000000 0.000000 0.000000 0.000000 0.000000 0.000000 0.000000 0.000000 0.000000
0.000000 0.000000 0.350189 0.350189 0.350189 0.350190 0.350189 0.350189 0.350189 0.350189 0.350189 0.350189 0.350189 0.350189 0.350189 0.350189 0.350190 0.350189 0.350189 0.000000 0.000000
0.000000 0.000000 0.350005 0.350005 0.350005 0.350005 0.350006 0.350005 0.350005 0.350006 0.350006 0.350006 0.350006 0.350006 0.350005 0.350005 0.350003 0.350003 0.350005 0.000000 0.000000
0.000000 0.000000 0.350121 0.350117 0.350112 0.350107 0.350107 0.350102 0.350105 0.350106 0.350102 0.350105 0.350105 0.350105 0.350108 0.350111 0.350117 0.350117 0.350120 0.000000 0.000000
0.000000 0.000000 0.351222 0.351227 0.351219 0.351202 0.351193 0.351190 0.351190 0.351187 0.351187 0.351189 0.351194 0.351192 0.351205 0.351212 0.351214 0.351218 0.351220 0.000000 0.000000
0.000000 0.000000 0.354326 0.354322 0.354312 0.354294 0.354268 0.354247 0.354247 0.354241 0.354245 0.354246 0.354249 0.354247 0.354262 0.354279 0.354289 0.354293 0.354300 0.000000 0.000000
0.000000 0.000000 0.358732 0.358724 0.358712 0.358682 0.358647 0.358603 0.358606 0.358603 0.358603 0.358603 0.358600 0.358605 0.358642 0.358669 0.358687 0.358699 0.358706 0.000000 0.000000
0.000000 0.000000 0.363938 0.363930 0.363923 0.363890 0.363855 0.363815 0.363817 0.363812 0.363811 0.363809 0.363807 0.363815 0.363849 0.363881 0.363910 0.363911 0.363925 0.000000 0.000000
0.000000 0.000000 0.369588 0.369575 0.369559 0.369536 0.369496 0.369448 0.369453 0.369443 0.369440 0.369439 0.369441 0.369439 0.369489 0.369526 0.369547 0.369554 0.369567 0.000000 0.000000
0.000000 0.000000 0.375655 0.375640 0.375631 0.375607 0.375552 0.375510 0.375512 0.375506 0.375500 0.375504 0.375510 0.375509 0.375548 0.375594 0.375619 0.375624 0.375631 0.000000 0.000000
0.000000 0.000000 0.382337 0.382327 0.382319 0.382263 0.382228 0.382174 0.382190 0.382158 0.382165 0.382161 0.382151 0.382170 0.382211 0.382239 0.382273 0.382284 0.382311 0.000000 0.000000
0.000000 0.000000 0.389902 0.389881 0.389854 0.389825 0.389777 0.389711 0.389712 0.389707 0.389722 0.389697 0.389709 0.389709 0.389781 0.389819 0.389837 0.389845 0.389904 0.000000 0.000000
0.000000 0.000000 0.398218 0.398194 0.398192 0.398135 0.398097 0.397907 0.397908 0.397899 0.397843 0.397877 0.397884 0.397903 0.398050 0.398086 0.398155 0.398155 0.398179 0.000000 0.000000
0.000000 0.000000 0.408219 0.408212 0.408168 0.408133 0.407875 0.407928 0.407880 0.407882 0.407908 0.407883 0.407879 0.407858 0.407813 0.408088 0.408112 0.408173 0.408217 0.000000 0.000000
0.000000 0.000000 0.420060 0.420030 0.419978 0.419643 0.419718 0.419543 0.419483 0.419466 0.419404 0.419370 0.419408 0.419405 0.419574 0.419516 0.419956 0.419861 0.419858 0.000000 0.000000
0.000000 0.000000 0.432581 0.432558 0.432093 0.432276 0.432222 0.432214 0.432411 0.432355 0.432458 0.432433 0.432351 0.432466 0.432444 0.432492 0.432056 0.432742 0.432730 0.000000 0.000000
0.000000 0.000000 0.446773 0.446155 0.446354 0.446088 0.445779 0.445688 0.445492 0.445540 0.445338 0.445362 0.445480 0.445358 0.445524 0.445752 0.446336 0.445889 0.446528 0.000000 0.000000
0.000000 0.000000 0.450968 0.451454 0.451887 0.451876 0.451897 0.451477 0.451555 0.451431 0.451638 0.451596 0.451565 0.451634 0.451982 0.451970 0.451963 0.451625 0.451146 0.000000 0.000000
0.000000 0.000000 0.350000 0.350000 0.350000 0.350000 0.350000 0.350000 0.350000 0.350000 0.350000 0.350000 0.350000 0.350000 0.350000 0.350000 0.350000 0.350000 0.350000 0.000000 0.000000
0.000000 0.000000 0.000000 0.000000 0.000000 0.000000 0.000000 0.000000 0.000000 0.000000 0.000000 0.000000 0.000000 0.000000 0.000000 0.000000 0.000000 0.000000 0.000000 0.000000 0.000000