geotop/1.0zi/1.0Montebello/Templates/testdem/maps/_Eocclay7240.asc
ncols         21
nrows         20
xllcorner     100.000000
yllcorner     100.000000
cellsize      50.000000
NODATA_value  -9999.0
0.000000 0.000000 0.000000 0.000000 0.000000 0.000000 0.000000 0.000000 0.000000 0.000000 0.000000 0.000000 0.000000 0.000000 0.000000 0.000000 0.000000 0.000000 0.000000 0.000000 0.000000
0.000000 0.000000 0.349671 0.349673 0.349673 0.349672 0.349673 0.349673 0.349673 0.349673 0.349672 0.349673 0.349673 0.349673 0.349673 0.349673 0.349671 0.349671 0.349672 0.000000 0.000000
0.000000 0.000000 0.349986 0.349986 0.349987 0.349988 0.349986 0.349986 0.349986 0.349986 0.349986 0.349986 0.349986 0.349985 0.349987 0.349987 0.349988 0.349987 0.349985 0.000000 0.000000
0.000000 0.000000 0.349979 0.349984 0.349980 0.349981 0.349982 0.349982 0.349984 0.349980 0.349984 0.349982 0.349982 0.349981 0.349981 0.349983 0.349981 0.349984 0.349983 0.000000 0.000000
0.000000 0.000000 0.350773 0.350770 0.350766 0.350763 0.350749 0.350746 0.350745 0.350747 0.350745 0.350745 0.350741 0.350745 0.350753 0.350753 0.350760 0.350761 0.350769 0.000000 0.000000
0.000000 0.000000 0.353115 0.353114 0.353103 0.353078 0.353066 0.353044 0.353046 0.353040 0.353043 0.353043 0.353045 0.353046 0.353054 0.353072 0.353084 0.353097 0.353104 0.000000 0.000000
0.000000 0.000000 0.356392 0.356388 0.356381 0.356360 0.356332 0.356298 0.356298 0.356292 0.356294 0.356295 0.356295 0.356295 0.356324 0.356350 0.356364 0.356375 0.356384 0.000000 0.000000
0.000000 0.000000 0.360306 0.360304 0.360297 0.360271 0.360244 0.360208 0.360208 0.360204 0.360204 0.360201 0.360199 0.360207 0.360237 0.360260 0.360282 0.360290 0.360302 0.000000 0.000000
0.000000 0.000000 0.364389 0.364384 0.364371 0.364356 0.364328 0.364291 0.364294 0.364285 0.364283 0.364281 0.364281 0.364281 0.364316 0.364347 0.364363 0.364371 0.364381 0.000000 0.000000
0.000000 0.000000 0.368638 0.368629 0.368623 0.368609 0.368568 0.368534 0.368536 0.368531 0.368526 0.368528 0.368533 0.368531 0.368561 0.368596 0.368615 0.368622 0.368630 0.000000 0.000000
0.000000 0.000000 0.373172 0.373167 0.373159 0.373128 0.373101 0.373061 0.373070 0.373048 0.373051 0.373050 0.373043 0.373057 0.373083 0.373104 0.373129 0.373143 0.373162 0.000000 0.000000
0.000000 0.000000 0.378082 0.378069 0.378054 0.378032 0.378003 0.377955 0.377954 0.377946 0.377957 0.377941 0.377944 0.377948 0.377995 0.378020 0.378036 0.378046 0.378091 0.000000 0.000000
0.000000 0.000000 0.383284 0.383271 0.383263 0.383236 0.383210 0.383097 0.383096 0.383088 0.383061 0.383074 0.383081 0.383091 0.383177 0.383202 0.383243 0.383248 0.383276 0.000000 0.000000
0.000000 0.000000 0.389185 0.389179 0.389157 0.389137 0.389009 0.388998 0.388973 0.388971 0.388973 0.388968 0.388966 0.388962 0.388963 0.389097 0.389125 0.389160 0.389192 0.000000 0.000000
0.000000 0.000000 0.395961 0.395950 0.395920 0.395771 0.395756 0.395681 0.395640 0.395631 0.395606 0.395586 0.395603 0.395598 0.395667 0.395694 0.395895 0.395873 0.395886 0.000000 0.000000
0.000000 0.000000 0.403355 0.403343 0.403131 0.403148 0.403137 0.403097 0.403164 0.403136 0.403170 0.403147 0.403118 0.403169 0.403191 0.403203 0.403107 0.403394 0.403394 0.000000 0.000000
0.000000 0.000000 0.412403 0.412077 0.412069 0.411966 0.411801 0.411748 0.411689 0.411699 0.411616 0.411617 0.411660 0.411625 0.411706 0.411828 0.412052 0.411981 0.412317 0.000000 0.000000
0.000000 0.000000 0.417426 0.417629 0.417936 0.417900 0.417859 0.417566 0.417586 0.417510 0.417608 0.417582 0.417581 0.417609 0.417867 0.417896 0.417987 0.417707 0.417518 0.000000 0.000000
0.000000 0.000000 0.350000 0.350000 0.350000 0.350000 0.350000 0.350000 0.350000 0.350000 0.350000 0.350000 0.350000 0.350000 0.350000 0.350000 0.350000 0.350000 0.350000 0.000000 0.000000
0.000000 0.000000 0.000000 0.000000 0.000000 0.000000 0.000000 0.000000 0.000000 0.000000 0.000000 0.000000 0.000000 0.000000 0.000000 0.000000 0.000000 0.000000 0.000000 0.000000 0.000000