geotop/1.0zi/1.0Montebello/Templates/testdem/maps/_Eocclay8856.asc
ncols         21
nrows         20
xllcorner     100.000000
yllcorner     100.000000
cellsize      50.000000
NODATA_value  -9999.0
0.000000 0.000000 0.000000 0.000000 0.000000 0.000000 0.000000 0.000000 0.000000 0.000000 0.000000 0.000000 0.000000 0.000000 0.000000 0.000000 0.000000 0.000000 0.000000 0.000000 0.000000
0.000000 0.000000 0.349586 0.349588 0.349588 0.349587 0.349589 0.349589 0.349588 0.349588 0.349587 0.349589 0.349588 0.349588 0.349589 0.349588 0.349586 0.349587 0.349587 0.000000 0.000000
0.000000 0.000000 0.349983 0.349982 0.349982 0.349984 0.349981 0.349981 0.349982 0.349981 0.349981 0.349981 0.349982 0.349981 0.349982 0.349982 0.349983 0.349983 0.349981 0.000000 0.000000
0.000000 0.000000 0.350023 0.350027 0.350026 0.350023 0.350024 0.350025 0.350028 0.350026 0.350029 0.350027 0.350028 0.350026 0.350028 0.350030 0.350028 0.350027 0.350025 0.000000 0.000000
0.000000 0.000000 0.351208 0.351201 0.351197 0.351188 0.351171 0.351170 0.351167 0.351168 0.351166 0.351168 0.351166 0.351168 0.351178 0.351182 0.351192 0.351193 0.351202 0.000000 0.000000
0.000000 0.000000 0.354541 0.354538 0.354519 0.354489 0.354466 0.354442 0.354446 0.354439 0.354444 0.354443 0.354449 0.354448 0.354461 0.354486 0.354498 0.354508 0.354514 0.000000 0.000000
0.000000 0.000000 0.359040 0.359031 0.359022 0.358993 0.358960 0.358911 0.358912 0.358907 0.358908 0.358909 0.358910 0.358911 0.358951 0.358982 0.358999 0.359008 0.359016 0.000000 0.000000
0.000000 0.000000 0.364371 0.364362 0.364353 0.364318 0.364283 0.364239 0.364241 0.364235 0.364235 0.364233 0.364231 0.364241 0.364278 0.364308 0.364336 0.364341 0.364355 0.000000 0.000000
0.000000 0.000000 0.370109 0.370098 0.370083 0.370059 0.370019 0.369971 0.369977 0.369967 0.369964 0.369962 0.369964 0.369963 0.370012 0.370049 0.370070 0.370075 0.370088 0.000000 0.000000
0.000000 0.000000 0.376317 0.376301 0.376293 0.376268 0.376211 0.376168 0.376171 0.376165 0.376158 0.376163 0.376170 0.376167 0.376208 0.376255 0.376280 0.376286 0.376293 0.000000 0.000000
0.000000 0.000000 0.383222 0.383211 0.383202 0.383146 0.383109 0.383053 0.383070 0.383036 0.383043 0.383040 0.383029 0.383049 0.383092 0.383120 0.383155 0.383167 0.383194 0.000000 0.000000
0.000000 0.000000 0.391060 0.391038 0.391010 0.390980 0.390930 0.390863 0.390863 0.390859 0.390873 0.390847 0.390859 0.390859 0.390933 0.390973 0.390992 0.390999 0.391061 0.000000 0.000000
0.000000 0.000000 0.399723 0.399698 0.399696 0.399637 0.399597 0.399398 0.399399 0.399390 0.399330 0.399366 0.399374 0.399394 0.399549 0.399586 0.399658 0.399657 0.399682 0.000000 0.000000
0.000000 0.000000 0.410216 0.410209 0.410162 0.410125 0.409851 0.409909 0.409859 0.409861 0.409889 0.409863 0.409858 0.409836 0.409786 0.410079 0.410103 0.410168 0.410214 0.000000 0.000000
0.000000 0.000000 0.422750 0.422718 0.422664 0.422303 0.422388 0.422200 0.422135 0.422117 0.422050 0.422014 0.422056 0.422053 0.422235 0.422167 0.422641 0.422537 0.422533 0.000000 0.000000
0.000000 0.000000 0.436153 0.436128 0.435618 0.435828 0.435767 0.435762 0.435982 0.435921 0.436036 0.436009 0.435918 0.436045 0.436016 0.436068 0.435578 0.436335 0.436322 0.000000 0.000000
0.000000 0.000000 0.451757 0.451045 0.451290 0.450979 0.450625 0.450522 0.450291 0.450348 0.450113 0.450142 0.450280 0.450136 0.450326 0.450588 0.451271 0.450732 0.451470 0.000000 0.000000
0.000000 0.000000 0.455839 0.456477 0.456994 0.457002 0.457053 0.456551 0.456658 0.456505 0.456769 0.456718 0.456672 0.456763 0.457173 0.457139 0.457089 0.456703 0.456072 0.000000 0.000000
0.000000 0.000000 0.350000 0.350000 0.350000 0.350000 0.350000 0.350000 0.350000 0.350000 0.350000 0.350000 0.350000 0.350000 0.350000 0.350000 0.350000 0.350000 0.350000 0.000000 0.000000
0.000000 0.000000 0.000000 0.000000 0.000000 0.000000 0.000000 0.000000 0.000000 0.000000 0.000000 0.000000 0.000000 0.000000 0.000000 0.000000 0.000000 0.000000 0.000000 0.000000 0.000000