geotop/1.0zi/1.0Montebello/Templates/testdem/maps/_Eocsand1293.asc
ncols         21
nrows         20
xllcorner     100.000000
yllcorner     100.000000
cellsize      50.000000
NODATA_value  -9999.0
0.000000 0.000000 0.000000 0.000000 0.000000 0.000000 0.000000 0.000000 0.000000 0.000000 0.000000 0.000000 0.000000 0.000000 0.000000 0.000000 0.000000 0.000000 0.000000 0.000000 0.000000
0.000000 0.000000 0.300040 0.300040 0.300040 0.300040 0.300040 0.300040 0.300040 0.300040 0.300040 0.300040 0.300040 0.300040 0.300040 0.300040 0.300040 0.300040 0.300040 0.000000 0.000000
0.000000 0.000000 0.300006 0.300007 0.300007 0.300006 0.300007 0.300006 0.300007 0.300007 0.300007 0.300007 0.300007 0.300006 0.300007 0.300006 0.300007 0.300007 0.300006 0.000000 0.000000
0.000000 0.000000 0.298883 0.298884 0.298888 0.298886 0.298883 0.298883 0.298883 0.298883 0.298883 0.298883 0.298883 0.298883 0.298883 0.298886 0.298888 0.298884 0.298883 0.000000 0.000000
0.000000 0.000000 0.295109 0.295111 0.295115 0.295115 0.295108 0.295110 0.295110 0.295108 0.295109 0.295108 0.295110 0.295110 0.295108 0.295115 0.295115 0.295111 0.295109 0.000000 0.000000
0.000000 0.000000 0.290722 0.290723 0.290727 0.290726 0.290721 0.290722 0.290722 0.290721 0.290721 0.290721 0.290722 0.290722 0.290721 0.290726 0.290727 0.290723 0.290722 0.000000 0.000000
0.000000 0.000000 0.286607 0.286608 0.286611 0.286610 0.286606 0.286607 0.286607 0.286606 0.286606 0.286606 0.286607 0.286607 0.286606 0.286610 0.286611 0.286608 0.286607 0.000000 0.000000
0.000000 0.000000 0.282819 0.282820 0.282823 0.282822 0.282819 0.282820 0.282820 0.282819 0.282819 0.282819 0.282820 0.282820 0.282819 0.282822 0.282823 0.282820 0.282819 0.000000 0.000000
0.000000 0.000000 0.279269 0.279269 0.279272 0.279271 0.279268 0.279269 0.279269 0.279268 0.279268 0.279268 0.279269 0.279269 0.279268 0.279271 0.279272 0.279269 0.279269 0.000000 0.000000
0.000000 0.000000 0.275863 0.275864 0.275867 0.275866 0.275863 0.275863 0.275863 0.275863 0.275863 0.275863 0.275863 0.275863 0.275863 0.275866 0.275867 0.275864 0.275863 0.000000 0.000000
0.000000 0.000000 0.272568 0.272569 0.272572 0.272571 0.272568 0.272568 0.272568 0.272568 0.272568 0.272568 0.272568 0.272568 0.272568 0.272571 0.272572 0.272569 0.272568 0.000000 0.000000
0.000000 0.000000 0.269349 0.269349 0.269352 0.269351 0.269348 0.269349 0.269349 0.269348 0.269348 0.269348 0.269349 0.269349 0.269348 0.269351 0.269352 0.269349 0.269349 0.000000 0.000000
0.000000 0.000000 0.266183 0.266183 0.266186 0.266185 0.266182 0.266183 0.266183 0.266182 0.266182 0.266182 0.266183 0.266183 0.266182 0.266185 0.266186 0.266183 0.266183 0.000000 0.000000
0.000000 0.000000 0.263070 0.263071 0.263073 0.263072 0.263070 0.263070 0.263070 0.263070 0.263070 0.263070 0.263070 0.263070 0.263070 0.263072 0.263073 0.263071 0.263070 0.000000 0.000000
0.000000 0.000000 0.259996 0.259997 0.260000 0.259999 0.259996 0.259996 0.259997 0.259996 0.259996 0.259996 0.259997 0.259996 0.259996 0.259999 0.260000 0.259997 0.259996 0.000000 0.000000
0.000000 0.000000 0.256950 0.256950 0.256953 0.256952 0.256949 0.256950 0.256950 0.256949 0.256949 0.256949 0.256950 0.256950 0.256949 0.256952 0.256953 0.256950 0.256950 0.000000 0.000000
0.000000 0.000000 0.253931 0.253932 0.253935 0.253934 0.253931 0.253932 0.253932 0.253931 0.253931 0.253931 0.253932 0.253932 0.253931 0.253934 0.253935 0.253932 0.253931 0.000000 0.000000
0.000000 0.000000 0.250862 0.250861 0.250864 0.250863 0.250861 0.250861 0.250861 0.250861 0.250861 0.250861 0.250861 0.250861 0.250861 0.250863 0.250864 0.250861 0.250861 0.000000 0.000000
0.000000 0.000000 0.300000 0.300000 0.300000 0.300000 0.300000 0.300000 0.300000 0.300000 0.300000 0.300000 0.300000 0.300000 0.300000 0.300000 0.300000 0.300000 0.300000 0.000000 0.000000
0.000000 0.000000 0.000000 0.000000 0.000000 0.000000 0.000000 0.000000 0.000000 0.000000 0.000000 0.000000 0.000000 0.000000 0.000000 0.000000 0.000000 0.000000 0.000000 0.000000 0.000000