geotop/1.0zi/1.0Montebello/Templates/testdem/maps/_Eocsand1891.asc
ncols         21
nrows         20
xllcorner     100.000000
yllcorner     100.000000
cellsize      50.000000
NODATA_value  -9999.0
0.000000 0.000000 0.000000 0.000000 0.000000 0.000000 0.000000 0.000000 0.000000 0.000000 0.000000 0.000000 0.000000 0.000000 0.000000 0.000000 0.000000 0.000000 0.000000 0.000000 0.000000
0.000000 0.000000 0.300057 0.300057 0.300057 0.300057 0.300057 0.300057 0.300057 0.300057 0.300057 0.300057 0.300057 0.300057 0.300057 0.300057 0.300057 0.300057 0.300057 0.000000 0.000000
0.000000 0.000000 0.300008 0.300008 0.300009 0.300008 0.300008 0.300008 0.300008 0.300008 0.300008 0.300008 0.300008 0.300008 0.300008 0.300008 0.300009 0.300008 0.300008 0.000000 0.000000
0.000000 0.000000 0.298651 0.298652 0.298656 0.298654 0.298650 0.298651 0.298651 0.298650 0.298651 0.298650 0.298651 0.298651 0.298650 0.298654 0.298656 0.298652 0.298651 0.000000 0.000000
0.000000 0.000000 0.293364 0.293366 0.293370 0.293370 0.293363 0.293365 0.293365 0.293362 0.293362 0.293362 0.293365 0.293365 0.293363 0.293370 0.293370 0.293366 0.293364 0.000000 0.000000
0.000000 0.000000 0.287006 0.287007 0.287010 0.287010 0.287005 0.287006 0.287006 0.287004 0.287004 0.287004 0.287006 0.287006 0.287005 0.287010 0.287010 0.287007 0.287006 0.000000 0.000000
0.000000 0.000000 0.281070 0.281071 0.281073 0.281073 0.281069 0.281070 0.281070 0.281068 0.281068 0.281068 0.281070 0.281070 0.281069 0.281073 0.281073 0.281071 0.281070 0.000000 0.000000
0.000000 0.000000 0.275619 0.275619 0.275622 0.275621 0.275618 0.275619 0.275619 0.275617 0.275617 0.275617 0.275619 0.275619 0.275618 0.275621 0.275622 0.275619 0.275619 0.000000 0.000000
0.000000 0.000000 0.270519 0.270520 0.270523 0.270522 0.270519 0.270520 0.270520 0.270518 0.270518 0.270518 0.270520 0.270520 0.270519 0.270522 0.270523 0.270520 0.270519 0.000000 0.000000
0.000000 0.000000 0.265648 0.265648 0.265651 0.265650 0.265647 0.265648 0.265648 0.265646 0.265646 0.265646 0.265648 0.265648 0.265647 0.265650 0.265651 0.265648 0.265648 0.000000 0.000000
0.000000 0.000000 0.260950 0.260951 0.260953 0.260952 0.260950 0.260950 0.260950 0.260949 0.260949 0.260949 0.260950 0.260950 0.260950 0.260952 0.260953 0.260951 0.260950 0.000000 0.000000
0.000000 0.000000 0.256383 0.256384 0.256386 0.256386 0.256383 0.256384 0.256384 0.256382 0.256382 0.256382 0.256384 0.256384 0.256383 0.256386 0.256386 0.256384 0.256383 0.000000 0.000000
0.000000 0.000000 0.251916 0.251916 0.251919 0.251918 0.251915 0.251916 0.251916 0.251915 0.251915 0.251915 0.251916 0.251916 0.251915 0.251918 0.251919 0.251916 0.251916 0.000000 0.000000
0.000000 0.000000 0.247539 0.247540 0.247542 0.247542 0.247539 0.247540 0.247540 0.247539 0.247538 0.247539 0.247540 0.247540 0.247539 0.247542 0.247542 0.247540 0.247539 0.000000 0.000000
0.000000 0.000000 0.243234 0.243234 0.243237 0.243236 0.243233 0.243234 0.243234 0.243233 0.243232 0.243233 0.243234 0.243234 0.243233 0.243236 0.243237 0.243234 0.243234 0.000000 0.000000
0.000000 0.000000 0.238985 0.238986 0.238988 0.238988 0.238985 0.238986 0.238986 0.238985 0.238984 0.238985 0.238986 0.238986 0.238985 0.238988 0.238988 0.238986 0.238985 0.000000 0.000000
0.000000 0.000000 0.234796 0.234797 0.234799 0.234799 0.234796 0.234797 0.234797 0.234796 0.234795 0.234796 0.234797 0.234797 0.234796 0.234799 0.234799 0.234797 0.234796 0.000000 0.000000
0.000000 0.000000 0.230588 0.230588 0.230590 0.230590 0.230587 0.230588 0.230588 0.230587 0.230586 0.230587 0.230588 0.230588 0.230587 0.230590 0.230590 0.230588 0.230587 0.000000 0.000000
0.000000 0.000000 0.300000 0.300000 0.300000 0.300000 0.300000 0.300000 0.300000 0.300000 0.300000 0.300000 0.300000 0.300000 0.300000 0.300000 0.300000 0.300000 0.300000 0.000000 0.000000
0.000000 0.000000 0.000000 0.000000 0.000000 0.000000 0.000000 0.000000 0.000000 0.000000 0.000000 0.000000 0.000000 0.000000 0.000000 0.000000 0.000000 0.000000 0.000000 0.000000 0.000000