geotop/1.0zi/1.0Montebello/Templates/testdem/maps/_Eocsand1821.asc
ncols         21
nrows         20
xllcorner     100.000000
yllcorner     100.000000
cellsize      50.000000
NODATA_value  -9999.0
0.000000 0.000000 0.000000 0.000000 0.000000 0.000000 0.000000 0.000000 0.000000 0.000000 0.000000 0.000000 0.000000 0.000000 0.000000 0.000000 0.000000 0.000000 0.000000 0.000000 0.000000
0.000000 0.000000 0.300055 0.300055 0.300055 0.300055 0.300055 0.300055 0.300055 0.300055 0.300055 0.300055 0.300055 0.300055 0.300055 0.300055 0.300055 0.300055 0.300055 0.000000 0.000000
0.000000 0.000000 0.300008 0.300009 0.300009 0.300008 0.300008 0.300008 0.300008 0.300008 0.300008 0.300008 0.300008 0.300008 0.300008 0.300008 0.300009 0.300009 0.300008 0.000000 0.000000
0.000000 0.000000 0.298667 0.298668 0.298672 0.298670 0.298667 0.298667 0.298667 0.298667 0.298667 0.298667 0.298667 0.298667 0.298667 0.298670 0.298672 0.298668 0.298667 0.000000 0.000000
0.000000 0.000000 0.293491 0.293493 0.293496 0.293496 0.293489 0.293491 0.293491 0.293489 0.293489 0.293489 0.293491 0.293491 0.293489 0.293496 0.293496 0.293493 0.293491 0.000000 0.000000
0.000000 0.000000 0.287336 0.287337 0.287340 0.287340 0.287334 0.287336 0.287336 0.287334 0.287334 0.287334 0.287336 0.287336 0.287334 0.287340 0.287340 0.287337 0.287336 0.000000 0.000000
0.000000 0.000000 0.281607 0.281608 0.281611 0.281610 0.281606 0.281607 0.281607 0.281606 0.281605 0.281606 0.281607 0.281607 0.281606 0.281610 0.281611 0.281608 0.281607 0.000000 0.000000
0.000000 0.000000 0.276346 0.276347 0.276349 0.276348 0.276345 0.276346 0.276346 0.276345 0.276345 0.276345 0.276346 0.276346 0.276345 0.276348 0.276349 0.276347 0.276346 0.000000 0.000000
0.000000 0.000000 0.271422 0.271423 0.271426 0.271425 0.271421 0.271422 0.271422 0.271421 0.271421 0.271421 0.271422 0.271422 0.271421 0.271425 0.271426 0.271423 0.271422 0.000000 0.000000
0.000000 0.000000 0.266716 0.266716 0.266719 0.266718 0.266715 0.266716 0.266716 0.266715 0.266714 0.266715 0.266716 0.266716 0.266715 0.266718 0.266719 0.266716 0.266716 0.000000 0.000000
0.000000 0.000000 0.262176 0.262177 0.262179 0.262178 0.262175 0.262176 0.262176 0.262175 0.262175 0.262175 0.262176 0.262176 0.262175 0.262178 0.262179 0.262177 0.262176 0.000000 0.000000
0.000000 0.000000 0.257761 0.257761 0.257764 0.257763 0.257760 0.257761 0.257761 0.257760 0.257760 0.257760 0.257761 0.257761 0.257760 0.257763 0.257764 0.257761 0.257761 0.000000 0.000000
0.000000 0.000000 0.253437 0.253438 0.253440 0.253439 0.253436 0.253437 0.253437 0.253436 0.253436 0.253436 0.253437 0.253437 0.253436 0.253439 0.253440 0.253438 0.253437 0.000000 0.000000
0.000000 0.000000 0.249201 0.249201 0.249203 0.249202 0.249200 0.249200 0.249200 0.249200 0.249199 0.249200 0.249200 0.249200 0.249200 0.249202 0.249203 0.249201 0.249201 0.000000 0.000000
0.000000 0.000000 0.245032 0.245032 0.245035 0.245034 0.245031 0.245032 0.245032 0.245031 0.245031 0.245031 0.245032 0.245032 0.245031 0.245034 0.245035 0.245032 0.245032 0.000000 0.000000
0.000000 0.000000 0.240920 0.240920 0.240923 0.240921 0.240919 0.240920 0.240920 0.240919 0.240919 0.240919 0.240920 0.240920 0.240919 0.240921 0.240923 0.240920 0.240920 0.000000 0.000000
0.000000 0.000000 0.236864 0.236865 0.236867 0.236866 0.236864 0.236864 0.236864 0.236864 0.236863 0.236864 0.236864 0.236864 0.236864 0.236866 0.236867 0.236865 0.236864 0.000000 0.000000
0.000000 0.000000 0.232782 0.232782 0.232785 0.232784 0.232781 0.232782 0.232782 0.232781 0.232781 0.232781 0.232782 0.232782 0.232781 0.232784 0.232785 0.232782 0.232782 0.000000 0.000000
0.000000 0.000000 0.300000 0.300000 0.300000 0.300000 0.300000 0.300000 0.300000 0.300000 0.300000 0.300000 0.300000 0.300000 0.300000 0.300000 0.300000 0.300000 0.300000 0.000000 0.000000
0.000000 0.000000 0.000000 0.000000 0.000000 0.000000 0.000000 0.000000 0.000000 0.000000 0.000000 0.000000 0.000000 0.000000 0.000000 0.000000 0.000000 0.000000 0.000000 0.000000 0.000000