geotop/1.0zi/1.0Montebello/Templates/testdem/maps/_Eocclay1671.asc
ncols         21
nrows         20
xllcorner     100.000000
yllcorner     100.000000
cellsize      50.000000
NODATA_value  -9999.0
0.000000 0.000000 0.000000 0.000000 0.000000 0.000000 0.000000 0.000000 0.000000 0.000000 0.000000 0.000000 0.000000 0.000000 0.000000 0.000000 0.000000 0.000000 0.000000 0.000000 0.000000
0.000000 0.000000 0.349910 0.349910 0.349910 0.349910 0.349910 0.349910 0.349910 0.349910 0.349910 0.349910 0.349910 0.349910 0.349910 0.349910 0.349910 0.349910 0.349910 0.000000 0.000000
0.000000 0.000000 0.349993 0.349993 0.349993 0.349993 0.349993 0.349993 0.349993 0.349993 0.349993 0.349993 0.349993 0.349993 0.349993 0.349993 0.349993 0.349993 0.349993 0.000000 0.000000
0.000000 0.000000 0.350628 0.350628 0.350626 0.350626 0.350628 0.350628 0.350628 0.350628 0.350628 0.350628 0.350628 0.350628 0.350628 0.350626 0.350626 0.350628 0.350628 0.000000 0.000000
0.000000 0.000000 0.353153 0.353152 0.353150 0.353150 0.353154 0.353153 0.353153 0.353154 0.353154 0.353154 0.353153 0.353153 0.353154 0.353150 0.353150 0.353152 0.353153 0.000000 0.000000
0.000000 0.000000 0.355978 0.355977 0.355976 0.355976 0.355979 0.355978 0.355978 0.355979 0.355979 0.355979 0.355978 0.355978 0.355979 0.355976 0.355976 0.355977 0.355978 0.000000 0.000000
0.000000 0.000000 0.358665 0.358664 0.358663 0.358663 0.358665 0.358665 0.358665 0.358665 0.358665 0.358665 0.358665 0.358665 0.358665 0.358663 0.358663 0.358664 0.358665 0.000000 0.000000
0.000000 0.000000 0.361139 0.361139 0.361137 0.361138 0.361140 0.361139 0.361139 0.361140 0.361140 0.361140 0.361139 0.361139 0.361140 0.361138 0.361137 0.361139 0.361139 0.000000 0.000000
0.000000 0.000000 0.363457 0.363457 0.363456 0.363456 0.363458 0.363457 0.363457 0.363458 0.363458 0.363458 0.363457 0.363457 0.363458 0.363456 0.363456 0.363457 0.363457 0.000000 0.000000
0.000000 0.000000 0.365676 0.365676 0.365674 0.365675 0.365676 0.365676 0.365676 0.365676 0.365676 0.365676 0.365676 0.365676 0.365676 0.365675 0.365674 0.365676 0.365676 0.000000 0.000000
0.000000 0.000000 0.367818 0.367818 0.367816 0.367817 0.367818 0.367818 0.367818 0.367818 0.367818 0.367818 0.367818 0.367818 0.367818 0.367817 0.367816 0.367818 0.367818 0.000000 0.000000
0.000000 0.000000 0.369904 0.369904 0.369903 0.369903 0.369905 0.369904 0.369904 0.369905 0.369905 0.369905 0.369904 0.369904 0.369905 0.369903 0.369903 0.369904 0.369904 0.000000 0.000000
0.000000 0.000000 0.371949 0.371949 0.371948 0.371949 0.371950 0.371950 0.371950 0.371950 0.371950 0.371950 0.371950 0.371950 0.371950 0.371949 0.371948 0.371949 0.371949 0.000000 0.000000
0.000000 0.000000 0.373954 0.373954 0.373953 0.373953 0.373955 0.373954 0.373954 0.373955 0.373955 0.373955 0.373954 0.373954 0.373955 0.373953 0.373953 0.373954 0.373954 0.000000 0.000000
0.000000 0.000000 0.375928 0.375928 0.375927 0.375927 0.375928 0.375928 0.375928 0.375928 0.375928 0.375928 0.375928 0.375928 0.375928 0.375927 0.375927 0.375928 0.375928 0.000000 0.000000
0.000000 0.000000 0.377878 0.377877 0.377876 0.377877 0.377878 0.377878 0.377878 0.377878 0.377878 0.377878 0.377878 0.377878 0.377878 0.377877 0.377876 0.377877 0.377878 0.000000 0.000000
0.000000 0.000000 0.379804 0.379803 0.379802 0.379803 0.379804 0.379804 0.379804 0.379804 0.379804 0.379804 0.379804 0.379804 0.379804 0.379803 0.379802 0.379803 0.379804 0.000000 0.000000
0.000000 0.000000 0.381745 0.381745 0.381744 0.381745 0.381746 0.381746 0.381746 0.381746 0.381746 0.381746 0.381746 0.381746 0.381746 0.381745 0.381744 0.381745 0.381746 0.000000 0.000000
0.000000 0.000000 0.350000 0.350000 0.350000 0.350000 0.350000 0.350000 0.350000 0.350000 0.350000 0.350000 0.350000 0.350000 0.350000 0.350000 0.350000 0.350000 0.350000 0.000000 0.000000
0.000000 0.000000 0.000000 0.000000 0.000000 0.000000 0.000000 0.000000 0.000000 0.000000 0.000000 0.000000 0.000000 0.000000 0.000000 0.000000 0.000000 0.000000 0.000000 0.000000 0.000000