geotop/1.0zi/1.0Montebello/Templates/testdem/maps/_Eocsilt9147.asc
ncols         21
nrows         20
xllcorner     100.000000
yllcorner     100.000000
cellsize      50.000000
NODATA_value  -9999.0
0.000000 0.000000 0.000000 0.000000 0.000000 0.000000 0.000000 0.000000 0.000000 0.000000 0.000000 0.000000 0.000000 0.000000 0.000000 0.000000 0.000000 0.000000 0.000000 0.000000 0.000000
0.000000 0.000000 0.350194 0.350194 0.350194 0.350195 0.350194 0.350194 0.350194 0.350194 0.350194 0.350194 0.350194 0.350194 0.350194 0.350194 0.350195 0.350195 0.350194 0.000000 0.000000
0.000000 0.000000 0.350005 0.350005 0.350006 0.350005 0.350006 0.350006 0.350006 0.350006 0.350006 0.350006 0.350007 0.350007 0.350006 0.350005 0.350004 0.350004 0.350005 0.000000 0.000000
0.000000 0.000000 0.350123 0.350119 0.350114 0.350109 0.350109 0.350104 0.350107 0.350108 0.350104 0.350107 0.350107 0.350107 0.350110 0.350114 0.350119 0.350119 0.350122 0.000000 0.000000
0.000000 0.000000 0.351266 0.351271 0.351260 0.351244 0.351234 0.351230 0.351231 0.351228 0.351228 0.351230 0.351234 0.351232 0.351246 0.351252 0.351255 0.351259 0.351261 0.000000 0.000000
0.000000 0.000000 0.354523 0.354517 0.354502 0.354483 0.354454 0.354433 0.354430 0.354424 0.354428 0.354428 0.354432 0.354429 0.354444 0.354462 0.354472 0.354476 0.354483 0.000000 0.000000
0.000000 0.000000 0.359160 0.359150 0.359134 0.359103 0.359064 0.359016 0.359020 0.359017 0.359015 0.359014 0.359011 0.359017 0.359054 0.359082 0.359101 0.359113 0.359120 0.000000 0.000000
0.000000 0.000000 0.364639 0.364628 0.364615 0.364581 0.364542 0.364499 0.364501 0.364495 0.364493 0.364490 0.364487 0.364496 0.364531 0.364564 0.364594 0.364596 0.364610 0.000000 0.000000
0.000000 0.000000 0.370608 0.370591 0.370571 0.370546 0.370501 0.370448 0.370454 0.370443 0.370438 0.370436 0.370438 0.370437 0.370489 0.370526 0.370549 0.370556 0.370569 0.000000 0.000000
0.000000 0.000000 0.377064 0.377044 0.377029 0.377002 0.376943 0.376895 0.376897 0.376890 0.376882 0.376886 0.376892 0.376890 0.376931 0.376980 0.377006 0.377012 0.377019 0.000000 0.000000
0.000000 0.000000 0.384235 0.384220 0.384207 0.384144 0.384106 0.384044 0.384060 0.384026 0.384031 0.384026 0.384015 0.384035 0.384079 0.384108 0.384144 0.384156 0.384186 0.000000 0.000000
0.000000 0.000000 0.392425 0.392393 0.392357 0.392326 0.392272 0.392196 0.392197 0.392191 0.392205 0.392176 0.392189 0.392188 0.392265 0.392307 0.392327 0.392334 0.392398 0.000000 0.000000
0.000000 0.000000 0.401493 0.401464 0.401454 0.401387 0.401342 0.401128 0.401128 0.401117 0.401050 0.401088 0.401095 0.401116 0.401278 0.401317 0.401392 0.401393 0.401417 0.000000 0.000000
0.000000 0.000000 0.412508 0.412494 0.412434 0.412392 0.412098 0.412168 0.412110 0.412111 0.412142 0.412109 0.412103 0.412079 0.412013 0.412328 0.412349 0.412419 0.412467 0.000000 0.000000
0.000000 0.000000 0.425484 0.425444 0.425378 0.424993 0.425098 0.424885 0.424818 0.424797 0.424720 0.424681 0.424724 0.424724 0.424922 0.424830 0.425332 0.425220 0.425213 0.000000 0.000000
0.000000 0.000000 0.438742 0.438711 0.438199 0.438420 0.438349 0.438351 0.438567 0.438506 0.438620 0.438594 0.438501 0.438626 0.438583 0.438642 0.438131 0.438887 0.438875 0.000000 0.000000
0.000000 0.000000 0.452676 0.452095 0.452288 0.452030 0.451740 0.451650 0.451456 0.451501 0.451305 0.451327 0.451440 0.451322 0.451479 0.451691 0.452251 0.451809 0.452409 0.000000 0.000000
0.000000 0.000000 0.457004 0.457343 0.457712 0.457675 0.457661 0.457303 0.457349 0.457249 0.457401 0.457367 0.457351 0.457397 0.457697 0.457709 0.457754 0.457434 0.457096 0.000000 0.000000
0.000000 0.000000 0.350000 0.350000 0.350000 0.350000 0.350000 0.350000 0.350000 0.350000 0.350000 0.350000 0.350000 0.350000 0.350000 0.350000 0.350000 0.350000 0.350000 0.000000 0.000000
0.000000 0.000000 0.000000 0.000000 0.000000 0.000000 0.000000 0.000000 0.000000 0.000000 0.000000 0.000000 0.000000 0.000000 0.000000 0.000000 0.000000 0.000000 0.000000 0.000000 0.000000