geotop/1.0zi/1.0Montebello/Templates/testdem/maps/_Eocclay7377.asc
ncols         21
nrows         20
xllcorner     100.000000
yllcorner     100.000000
cellsize      50.000000
NODATA_value  -9999.0
0.000000 0.000000 0.000000 0.000000 0.000000 0.000000 0.000000 0.000000 0.000000 0.000000 0.000000 0.000000 0.000000 0.000000 0.000000 0.000000 0.000000 0.000000 0.000000 0.000000 0.000000
0.000000 0.000000 0.349660 0.349662 0.349662 0.349661 0.349662 0.349662 0.349662 0.349662 0.349661 0.349662 0.349662 0.349662 0.349662 0.349662 0.349660 0.349660 0.349661 0.000000 0.000000
0.000000 0.000000 0.349986 0.349986 0.349986 0.349987 0.349986 0.349985 0.349986 0.349986 0.349985 0.349985 0.349986 0.349985 0.349986 0.349986 0.349987 0.349986 0.349984 0.000000 0.000000
0.000000 0.000000 0.350007 0.350011 0.350008 0.350007 0.350009 0.350007 0.350009 0.350006 0.350009 0.350007 0.350007 0.350006 0.350008 0.350010 0.350009 0.350012 0.350011 0.000000 0.000000
0.000000 0.000000 0.350915 0.350912 0.350909 0.350903 0.350888 0.350886 0.350883 0.350886 0.350883 0.350883 0.350879 0.350884 0.350893 0.350894 0.350902 0.350903 0.350910 0.000000 0.000000
0.000000 0.000000 0.353377 0.353375 0.353365 0.353338 0.353326 0.353303 0.353304 0.353298 0.353301 0.353301 0.353303 0.353304 0.353314 0.353333 0.353346 0.353360 0.353366 0.000000 0.000000
0.000000 0.000000 0.356798 0.356794 0.356787 0.356764 0.356736 0.356701 0.356699 0.356694 0.356695 0.356696 0.356696 0.356697 0.356728 0.356755 0.356770 0.356782 0.356790 0.000000 0.000000
0.000000 0.000000 0.360876 0.360874 0.360867 0.360840 0.360812 0.360774 0.360774 0.360770 0.360769 0.360767 0.360765 0.360772 0.360804 0.360828 0.360852 0.360861 0.360873 0.000000 0.000000
0.000000 0.000000 0.365144 0.365139 0.365126 0.365109 0.365080 0.365042 0.365044 0.365036 0.365033 0.365031 0.365031 0.365031 0.365069 0.365100 0.365118 0.365127 0.365136 0.000000 0.000000
0.000000 0.000000 0.369603 0.369595 0.369589 0.369572 0.369530 0.369495 0.369496 0.369491 0.369485 0.369488 0.369494 0.369491 0.369524 0.369559 0.369581 0.369588 0.369595 0.000000 0.000000
0.000000 0.000000 0.374385 0.374379 0.374371 0.374338 0.374308 0.374268 0.374276 0.374255 0.374257 0.374256 0.374248 0.374263 0.374291 0.374313 0.374341 0.374355 0.374374 0.000000 0.000000
0.000000 0.000000 0.379594 0.379580 0.379565 0.379541 0.379510 0.379460 0.379458 0.379451 0.379462 0.379445 0.379448 0.379453 0.379503 0.379529 0.379548 0.379559 0.379604 0.000000 0.000000
0.000000 0.000000 0.385134 0.385120 0.385113 0.385083 0.385055 0.384934 0.384933 0.384925 0.384894 0.384909 0.384916 0.384928 0.385021 0.385047 0.385093 0.385099 0.385125 0.000000 0.000000
0.000000 0.000000 0.391466 0.391461 0.391438 0.391415 0.391274 0.391270 0.391240 0.391240 0.391242 0.391237 0.391234 0.391229 0.391227 0.391374 0.391405 0.391444 0.391476 0.000000 0.000000
0.000000 0.000000 0.398782 0.398771 0.398739 0.398571 0.398562 0.398480 0.398434 0.398425 0.398396 0.398375 0.398393 0.398388 0.398468 0.398489 0.398715 0.398688 0.398699 0.000000 0.000000
0.000000 0.000000 0.406788 0.406776 0.406537 0.406567 0.406553 0.406515 0.406593 0.406564 0.406602 0.406579 0.406544 0.406603 0.406624 0.406637 0.406514 0.406844 0.406841 0.000000 0.000000
0.000000 0.000000 0.416677 0.416302 0.416315 0.416191 0.416002 0.415944 0.415868 0.415884 0.415782 0.415786 0.415839 0.415794 0.415888 0.416027 0.416299 0.416189 0.416575 0.000000 0.000000
0.000000 0.000000 0.421755 0.422025 0.422379 0.422348 0.422319 0.421988 0.422016 0.421928 0.422049 0.422020 0.422014 0.422051 0.422340 0.422361 0.422442 0.422130 0.421872 0.000000 0.000000
0.000000 0.000000 0.350000 0.350000 0.350000 0.350000 0.350000 0.350000 0.350000 0.350000 0.350000 0.350000 0.350000 0.350000 0.350000 0.350000 0.350000 0.350000 0.350000 0.000000 0.000000
0.000000 0.000000 0.000000 0.000000 0.000000 0.000000 0.000000 0.000000 0.000000 0.000000 0.000000 0.000000 0.000000 0.000000 0.000000 0.000000 0.000000 0.000000 0.000000 0.000000 0.000000