geotop/1.0zi/1.0Montebello/Templates/testdem/maps/_Eocclay116p.asc
ncols         21
nrows         20
xllcorner     100.000000
yllcorner     100.000000
cellsize      50.000000
NODATA_value  -9999.0
0.000000 0.000000 0.000000 0.000000 0.000000 0.000000 0.000000 0.000000 0.000000 0.000000 0.000000 0.000000 0.000000 0.000000 0.000000 0.000000 0.000000 0.000000 0.000000 0.000000 0.000000
0.000000 0.000000 0.349471 0.349474 0.349474 0.349473 0.349475 0.349475 0.349474 0.349475 0.349473 0.349475 0.349474 0.349474 0.349474 0.349474 0.349472 0.349473 0.349473 0.000000 0.000000
0.000000 0.000000 0.349977 0.349976 0.349975 0.349978 0.349975 0.349975 0.349976 0.349975 0.349975 0.349976 0.349975 0.349975 0.349976 0.349977 0.349977 0.349976 0.349976 0.000000 0.000000
0.000000 0.000000 0.350125 0.350138 0.350132 0.350128 0.350133 0.350132 0.350132 0.350131 0.350131 0.350128 0.350129 0.350130 0.350131 0.350135 0.350134 0.350133 0.350132 0.000000 0.000000
0.000000 0.000000 0.352200 0.352187 0.352180 0.352167 0.352144 0.352137 0.352134 0.352134 0.352131 0.352137 0.352137 0.352136 0.352145 0.352152 0.352165 0.352175 0.352184 0.000000 0.000000
0.000000 0.000000 0.357215 0.357210 0.357184 0.357140 0.357104 0.357069 0.357072 0.357066 0.357060 0.357061 0.357068 0.357065 0.357082 0.357120 0.357137 0.357156 0.357161 0.000000 0.000000
0.000000 0.000000 0.363858 0.363847 0.363827 0.363783 0.363737 0.363663 0.363659 0.363653 0.363644 0.363646 0.363646 0.363645 0.363701 0.363743 0.363768 0.363789 0.363795 0.000000 0.000000
0.000000 0.000000 0.371886 0.371873 0.371850 0.371787 0.371736 0.371666 0.371659 0.371652 0.371641 0.371640 0.371636 0.371646 0.371696 0.371742 0.371783 0.371797 0.371812 0.000000 0.000000
0.000000 0.000000 0.381012 0.380991 0.380956 0.380907 0.380847 0.380762 0.380760 0.380746 0.380731 0.380729 0.380730 0.380725 0.380798 0.380856 0.380889 0.380907 0.380920 0.000000 0.000000
0.000000 0.000000 0.391616 0.391581 0.391547 0.391495 0.391422 0.391331 0.391319 0.391311 0.391287 0.391295 0.391308 0.391302 0.391360 0.391438 0.391481 0.391503 0.391507 0.000000 0.000000
0.000000 0.000000 0.404395 0.404362 0.404332 0.404201 0.404172 0.404040 0.404060 0.403997 0.404000 0.403989 0.403964 0.404000 0.404069 0.404118 0.404182 0.404210 0.404264 0.000000 0.000000
0.000000 0.000000 0.420100 0.420025 0.419932 0.419885 0.419819 0.419644 0.419616 0.419629 0.419634 0.419582 0.419609 0.419589 0.419733 0.419826 0.419853 0.419882 0.419988 0.000000 0.000000
0.000000 0.000000 0.437728 0.437663 0.437655 0.437517 0.437436 0.436961 0.436929 0.436900 0.436706 0.436842 0.436835 0.436879 0.437211 0.437278 0.437459 0.437484 0.437458 0.000000 0.000000
0.000000 0.000000 0.457009 0.457000 0.456847 0.456793 0.456243 0.456568 0.456437 0.456443 0.456562 0.456445 0.456429 0.456350 0.456077 0.456697 0.456671 0.456817 0.456892 0.000000 0.000000
0.000000 0.000000 0.471223 0.471186 0.471127 0.470747 0.470933 0.470682 0.470634 0.470608 0.470509 0.470489 0.470533 0.470537 0.470756 0.470564 0.471059 0.470941 0.470914 0.000000 0.000000
0.000000 0.000000 0.480248 0.480223 0.480003 0.480004 0.480013 0.479956 0.480030 0.479998 0.480022 0.480005 0.479976 0.480024 0.480050 0.480040 0.479944 0.480220 0.480207 0.000000 0.000000
0.000000 0.000000 0.487304 0.487145 0.487127 0.487028 0.486970 0.486910 0.486881 0.486882 0.486832 0.486831 0.486853 0.486837 0.486895 0.486931 0.487082 0.487042 0.487185 0.000000 0.000000
0.000000 0.000000 0.490903 0.491026 0.491039 0.491047 0.491060 0.490945 0.490997 0.490958 0.491018 0.491003 0.490980 0.491016 0.491098 0.491083 0.491021 0.491058 0.490926 0.000000 0.000000
0.000000 0.000000 0.350000 0.350000 0.350000 0.350000 0.350000 0.350000 0.350000 0.350000 0.350000 0.350000 0.350000 0.350000 0.350000 0.350000 0.350000 0.350000 0.350000 0.000000 0.000000
0.000000 0.000000 0.000000 0.000000 0.000000 0.000000 0.000000 0.000000 0.000000 0.000000 0.000000 0.000000 0.000000 0.000000 0.000000 0.000000 0.000000 0.000000 0.000000 0.000000 0.000000