geotop/1.0zi/1.0Montebello/Templates/testdem/maps/_Eocclay3345.asc
ncols         21
nrows         20
xllcorner     100.000000
yllcorner     100.000000
cellsize      50.000000
NODATA_value  -9999.0
0.000000 0.000000 0.000000 0.000000 0.000000 0.000000 0.000000 0.000000 0.000000 0.000000 0.000000 0.000000 0.000000 0.000000 0.000000 0.000000 0.000000 0.000000 0.000000 0.000000 0.000000
0.000000 0.000000 0.349819 0.349819 0.349820 0.349819 0.349820 0.349819 0.349819 0.349820 0.349819 0.349820 0.349819 0.349819 0.349820 0.349819 0.349820 0.349819 0.349819 0.000000 0.000000
0.000000 0.000000 0.349995 0.349995 0.349995 0.349995 0.349995 0.349995 0.349995 0.349995 0.349996 0.349995 0.349995 0.349995 0.349995 0.349995 0.349995 0.349995 0.349995 0.000000 0.000000
0.000000 0.000000 0.351286 0.351286 0.351284 0.351285 0.351285 0.351286 0.351286 0.351286 0.351286 0.351286 0.351286 0.351286 0.351285 0.351285 0.351284 0.351286 0.351286 0.000000 0.000000
0.000000 0.000000 0.356453 0.356453 0.356451 0.356451 0.356455 0.356453 0.356453 0.356455 0.356455 0.356455 0.356453 0.356453 0.356455 0.356451 0.356451 0.356453 0.356453 0.000000 0.000000
0.000000 0.000000 0.362165 0.362164 0.362163 0.362163 0.362166 0.362164 0.362165 0.362165 0.362166 0.362165 0.362165 0.362164 0.362166 0.362163 0.362163 0.362164 0.362165 0.000000 0.000000
0.000000 0.000000 0.367512 0.367511 0.367510 0.367510 0.367512 0.367511 0.367511 0.367512 0.367513 0.367512 0.367511 0.367511 0.367512 0.367510 0.367510 0.367511 0.367512 0.000000 0.000000
0.000000 0.000000 0.372377 0.372377 0.372375 0.372376 0.372378 0.372377 0.372377 0.372378 0.372378 0.372378 0.372377 0.372377 0.372378 0.372376 0.372375 0.372377 0.372377 0.000000 0.000000
0.000000 0.000000 0.376875 0.376874 0.376873 0.376873 0.376875 0.376874 0.376874 0.376875 0.376875 0.376875 0.376874 0.376874 0.376875 0.376873 0.376873 0.376874 0.376875 0.000000 0.000000
0.000000 0.000000 0.381108 0.381108 0.381107 0.381107 0.381109 0.381108 0.381108 0.381109 0.381109 0.381109 0.381108 0.381108 0.381109 0.381107 0.381107 0.381108 0.381108 0.000000 0.000000
0.000000 0.000000 0.385132 0.385131 0.385130 0.385131 0.385132 0.385131 0.385131 0.385132 0.385132 0.385132 0.385131 0.385131 0.385132 0.385131 0.385130 0.385131 0.385132 0.000000 0.000000
0.000000 0.000000 0.388982 0.388982 0.388981 0.388981 0.388983 0.388982 0.388982 0.388983 0.388983 0.388983 0.388982 0.388982 0.388983 0.388981 0.388981 0.388982 0.388982 0.000000 0.000000
0.000000 0.000000 0.392689 0.392689 0.392687 0.392688 0.392689 0.392689 0.392689 0.392689 0.392690 0.392689 0.392689 0.392689 0.392689 0.392688 0.392687 0.392689 0.392689 0.000000 0.000000
0.000000 0.000000 0.396281 0.396281 0.396280 0.396280 0.396281 0.396281 0.396281 0.396281 0.396282 0.396281 0.396281 0.396281 0.396281 0.396280 0.396280 0.396281 0.396281 0.000000 0.000000
0.000000 0.000000 0.399769 0.399768 0.399767 0.399768 0.399769 0.399768 0.399768 0.399769 0.399769 0.399769 0.399768 0.399768 0.399769 0.399768 0.399767 0.399768 0.399769 0.000000 0.000000
0.000000 0.000000 0.403157 0.403157 0.403155 0.403156 0.403157 0.403157 0.403157 0.403157 0.403157 0.403157 0.403157 0.403157 0.403157 0.403156 0.403155 0.403157 0.403157 0.000000 0.000000
0.000000 0.000000 0.406458 0.406457 0.406456 0.406457 0.406458 0.406457 0.406457 0.406458 0.406458 0.406458 0.406457 0.406457 0.406458 0.406457 0.406456 0.406457 0.406458 0.000000 0.000000
0.000000 0.000000 0.409734 0.409735 0.409734 0.409734 0.409735 0.409735 0.409735 0.409735 0.409736 0.409735 0.409735 0.409735 0.409735 0.409734 0.409734 0.409735 0.409735 0.000000 0.000000
0.000000 0.000000 0.350000 0.350000 0.350000 0.350000 0.350000 0.350000 0.350000 0.350000 0.350000 0.350000 0.350000 0.350000 0.350000 0.350000 0.350000 0.350000 0.350000 0.000000 0.000000
0.000000 0.000000 0.000000 0.000000 0.000000 0.000000 0.000000 0.000000 0.000000 0.000000 0.000000 0.000000 0.000000 0.000000 0.000000 0.000000 0.000000 0.000000 0.000000 0.000000 0.000000