geotop/1.0zi/1.0Montebello/Templates/testdem/maps/_Eocsand0600.asc
ncols         21
nrows         20
xllcorner     100.000000
yllcorner     100.000000
cellsize      50.000000
NODATA_value  -9999.0
0.000000 0.000000 0.000000 0.000000 0.000000 0.000000 0.000000 0.000000 0.000000 0.000000 0.000000 0.000000 0.000000 0.000000 0.000000 0.000000 0.000000 0.000000 0.000000 0.000000 0.000000
0.000000 0.000000 0.300021 0.300021 0.300021 0.300021 0.300021 0.300021 0.300021 0.300021 0.300021 0.300021 0.300021 0.300021 0.300021 0.300021 0.300021 0.300021 0.300021 0.000000 0.000000
0.000000 0.000000 0.300005 0.300006 0.300006 0.300006 0.300005 0.300005 0.300005 0.300005 0.300005 0.300005 0.300005 0.300005 0.300005 0.300006 0.300006 0.300006 0.300005 0.000000 0.000000
0.000000 0.000000 0.299436 0.299436 0.299441 0.299436 0.299436 0.299436 0.299436 0.299436 0.299436 0.299436 0.299436 0.299436 0.299436 0.299436 0.299441 0.299436 0.299436 0.000000 0.000000
0.000000 0.000000 0.297582 0.297582 0.297586 0.297582 0.297582 0.297582 0.297582 0.297582 0.297582 0.297582 0.297582 0.297582 0.297582 0.297582 0.297586 0.297582 0.297582 0.000000 0.000000
0.000000 0.000000 0.295591 0.295591 0.295594 0.295591 0.295591 0.295590 0.295590 0.295591 0.295591 0.295591 0.295590 0.295590 0.295591 0.295591 0.295594 0.295591 0.295591 0.000000 0.000000
0.000000 0.000000 0.293725 0.293725 0.293728 0.293725 0.293725 0.293725 0.293725 0.293725 0.293725 0.293725 0.293725 0.293725 0.293725 0.293725 0.293728 0.293725 0.293725 0.000000 0.000000
0.000000 0.000000 0.291987 0.291987 0.291990 0.291987 0.291987 0.291987 0.291987 0.291987 0.291987 0.291987 0.291987 0.291987 0.291987 0.291987 0.291990 0.291987 0.291987 0.000000 0.000000
0.000000 0.000000 0.290342 0.290342 0.290345 0.290342 0.290342 0.290342 0.290342 0.290342 0.290342 0.290342 0.290342 0.290342 0.290342 0.290342 0.290345 0.290342 0.290342 0.000000 0.000000
0.000000 0.000000 0.288754 0.288754 0.288757 0.288754 0.288754 0.288754 0.288754 0.288754 0.288754 0.288754 0.288754 0.288754 0.288754 0.288754 0.288757 0.288754 0.288754 0.000000 0.000000
0.000000 0.000000 0.287207 0.287207 0.287210 0.287208 0.287207 0.287207 0.287207 0.287207 0.287207 0.287207 0.287207 0.287207 0.287207 0.287208 0.287210 0.287207 0.287207 0.000000 0.000000
0.000000 0.000000 0.285690 0.285690 0.285692 0.285690 0.285690 0.285689 0.285689 0.285689 0.285689 0.285689 0.285689 0.285689 0.285690 0.285690 0.285692 0.285690 0.285690 0.000000 0.000000
0.000000 0.000000 0.284197 0.284197 0.284199 0.284197 0.284197 0.284196 0.284196 0.284196 0.284197 0.284196 0.284196 0.284196 0.284197 0.284197 0.284199 0.284197 0.284197 0.000000 0.000000
0.000000 0.000000 0.282725 0.282725 0.282727 0.282725 0.282724 0.282724 0.282724 0.282724 0.282724 0.282724 0.282724 0.282724 0.282724 0.282725 0.282727 0.282725 0.282725 0.000000 0.000000
0.000000 0.000000 0.281265 0.281265 0.281268 0.281266 0.281265 0.281265 0.281265 0.281265 0.281265 0.281265 0.281265 0.281265 0.281265 0.281266 0.281268 0.281265 0.281265 0.000000 0.000000
0.000000 0.000000 0.279812 0.279812 0.279814 0.279812 0.279811 0.279811 0.279811 0.279811 0.279811 0.279811 0.279811 0.279811 0.279811 0.279812 0.279814 0.279812 0.279812 0.000000 0.000000
0.000000 0.000000 0.278372 0.278372 0.278374 0.278372 0.278371 0.278371 0.278371 0.278371 0.278371 0.278371 0.278371 0.278371 0.278371 0.278372 0.278374 0.278372 0.278372 0.000000 0.000000
0.000000 0.000000 0.276917 0.276917 0.276919 0.276917 0.276917 0.276917 0.276917 0.276917 0.276917 0.276917 0.276917 0.276917 0.276917 0.276917 0.276919 0.276917 0.276917 0.000000 0.000000
0.000000 0.000000 0.300000 0.300000 0.300000 0.300000 0.300000 0.300000 0.300000 0.300000 0.300000 0.300000 0.300000 0.300000 0.300000 0.300000 0.300000 0.300000 0.300000 0.000000 0.000000
0.000000 0.000000 0.000000 0.000000 0.000000 0.000000 0.000000 0.000000 0.000000 0.000000 0.000000 0.000000 0.000000 0.000000 0.000000 0.000000 0.000000 0.000000 0.000000 0.000000 0.000000