geotop/1.0zi/1.0Montebello/Templates/testdem/maps/_Eocsand5623.asc
ncols         21
nrows         20
xllcorner     100.000000
yllcorner     100.000000
cellsize      50.000000
NODATA_value  -9999.0
0.000000 0.000000 0.000000 0.000000 0.000000 0.000000 0.000000 0.000000 0.000000 0.000000 0.000000 0.000000 0.000000 0.000000 0.000000 0.000000 0.000000 0.000000 0.000000 0.000000 0.000000
0.000000 0.000000 0.300142 0.300141 0.300141 0.300141 0.300141 0.300140 0.300141 0.300141 0.300141 0.300141 0.300141 0.300141 0.300141 0.300141 0.300141 0.300141 0.300141 0.000000 0.000000
0.000000 0.000000 0.300009 0.300008 0.300008 0.300008 0.300008 0.300008 0.300008 0.300008 0.300008 0.300008 0.300007 0.300007 0.300008 0.300008 0.300009 0.300010 0.300009 0.000000 0.000000
0.000000 0.000000 0.299967 0.299966 0.299970 0.299973 0.299971 0.299973 0.299970 0.299972 0.299971 0.299973 0.299973 0.299974 0.299970 0.299965 0.299966 0.299963 0.299965 0.000000 0.000000
0.000000 0.000000 0.299007 0.299004 0.299006 0.299014 0.299028 0.299037 0.299036 0.299037 0.299041 0.299038 0.299042 0.299041 0.299030 0.299029 0.299024 0.299013 0.299006 0.000000 0.000000
0.000000 0.000000 0.295970 0.295966 0.295975 0.296007 0.296023 0.296057 0.296059 0.296067 0.296059 0.296057 0.296053 0.296056 0.296047 0.296030 0.296015 0.296000 0.295990 0.000000 0.000000
0.000000 0.000000 0.291452 0.291457 0.291462 0.291496 0.291537 0.291586 0.291585 0.291591 0.291586 0.291584 0.291587 0.291586 0.291552 0.291515 0.291498 0.291480 0.291467 0.000000 0.000000
0.000000 0.000000 0.285982 0.285982 0.285982 0.286019 0.286059 0.286112 0.286110 0.286116 0.286115 0.286116 0.286119 0.286113 0.286075 0.286039 0.286010 0.286002 0.285984 0.000000 0.000000
0.000000 0.000000 0.280346 0.280354 0.280366 0.280387 0.280427 0.280483 0.280480 0.280490 0.280494 0.280491 0.280492 0.280497 0.280447 0.280408 0.280381 0.280373 0.280357 0.000000 0.000000
0.000000 0.000000 0.274679 0.274689 0.274692 0.274707 0.274763 0.274813 0.274809 0.274815 0.274823 0.274814 0.274808 0.274815 0.274776 0.274732 0.274704 0.274700 0.274689 0.000000 0.000000
0.000000 0.000000 0.268835 0.268841 0.268841 0.268881 0.268919 0.268975 0.268962 0.268989 0.268988 0.268985 0.268992 0.268979 0.268948 0.268919 0.268889 0.268872 0.268848 0.000000 0.000000
0.000000 0.000000 0.262712 0.262726 0.262740 0.262767 0.262801 0.262867 0.262864 0.262880 0.262863 0.262879 0.262876 0.262872 0.262815 0.262789 0.262768 0.262759 0.262697 0.000000 0.000000
0.000000 0.000000 0.256436 0.256448 0.256451 0.256483 0.256514 0.256646 0.256646 0.256657 0.256684 0.256669 0.256659 0.256650 0.256556 0.256532 0.256485 0.256480 0.256435 0.000000 0.000000
0.000000 0.000000 0.249634 0.249642 0.249658 0.249678 0.249804 0.249838 0.249867 0.249869 0.249879 0.249874 0.249873 0.249878 0.249864 0.249740 0.249699 0.249667 0.249622 0.000000 0.000000
0.000000 0.000000 0.242162 0.242172 0.242198 0.242327 0.242369 0.242445 0.242496 0.242503 0.242528 0.242541 0.242526 0.242539 0.242484 0.242424 0.242237 0.242251 0.242224 0.000000 0.000000
0.000000 0.000000 0.234270 0.234279 0.234446 0.234477 0.234486 0.234536 0.234502 0.234523 0.234509 0.234528 0.234548 0.234515 0.234488 0.234471 0.234482 0.234266 0.234259 0.000000 0.000000
0.000000 0.000000 0.225264 0.225493 0.225573 0.225640 0.225748 0.225804 0.225822 0.225826 0.225875 0.225882 0.225862 0.225871 0.225811 0.225730 0.225600 0.225546 0.225315 0.000000 0.000000
0.000000 0.000000 0.218645 0.218640 0.218436 0.218493 0.218582 0.218796 0.218801 0.218849 0.218819 0.218832 0.218817 0.218813 0.218619 0.218557 0.218412 0.218622 0.218613 0.000000 0.000000
0.000000 0.000000 0.300000 0.300000 0.300000 0.300000 0.300000 0.300000 0.300000 0.300000 0.300000 0.300000 0.300000 0.300000 0.300000 0.300000 0.300000 0.300000 0.300000 0.000000 0.000000
0.000000 0.000000 0.000000 0.000000 0.000000 0.000000 0.000000 0.000000 0.000000 0.000000 0.000000 0.000000 0.000000 0.000000 0.000000 0.000000 0.000000 0.000000 0.000000 0.000000 0.000000