geotop/1.0zi/1.0Montebello/Templates/testdem/maps/_Eocsand6474.asc
ncols         21
nrows         20
xllcorner     100.000000
yllcorner     100.000000
cellsize      50.000000
NODATA_value  -9999.0
0.000000 0.000000 0.000000 0.000000 0.000000 0.000000 0.000000 0.000000 0.000000 0.000000 0.000000 0.000000 0.000000 0.000000 0.000000 0.000000 0.000000 0.000000 0.000000 0.000000 0.000000
0.000000 0.000000 0.300160 0.300158 0.300158 0.300158 0.300157 0.300157 0.300158 0.300158 0.300158 0.300158 0.300158 0.300158 0.300157 0.300157 0.300159 0.300159 0.300158 0.000000 0.000000
0.000000 0.000000 0.300009 0.300010 0.300009 0.300008 0.300009 0.300010 0.300009 0.300009 0.300009 0.300010 0.300009 0.300010 0.300009 0.300010 0.300010 0.300010 0.300011 0.000000 0.000000
0.000000 0.000000 0.299963 0.299962 0.299966 0.299971 0.299969 0.299971 0.299967 0.299970 0.299967 0.299970 0.299969 0.299970 0.299968 0.299963 0.299963 0.299960 0.299960 0.000000 0.000000
0.000000 0.000000 0.298778 0.298773 0.298779 0.298787 0.298805 0.298813 0.298814 0.298814 0.298818 0.298818 0.298821 0.298818 0.298806 0.298803 0.298796 0.298785 0.298774 0.000000 0.000000
0.000000 0.000000 0.295201 0.295198 0.295212 0.295250 0.295270 0.295307 0.295308 0.295318 0.295311 0.295308 0.295302 0.295305 0.295295 0.295272 0.295251 0.295235 0.295224 0.000000 0.000000
0.000000 0.000000 0.289835 0.289839 0.289852 0.289892 0.289940 0.289995 0.289994 0.290002 0.289999 0.289999 0.290000 0.289996 0.289955 0.289909 0.289885 0.289864 0.289849 0.000000 0.000000
0.000000 0.000000 0.283339 0.283338 0.283346 0.283389 0.283436 0.283497 0.283496 0.283502 0.283504 0.283506 0.283508 0.283499 0.283451 0.283408 0.283370 0.283360 0.283338 0.000000 0.000000
0.000000 0.000000 0.276566 0.276574 0.276594 0.276621 0.276668 0.276732 0.276729 0.276742 0.276747 0.276748 0.276746 0.276748 0.276689 0.276641 0.276606 0.276595 0.276576 0.000000 0.000000
0.000000 0.000000 0.269656 0.269667 0.269676 0.269699 0.269766 0.269824 0.269821 0.269828 0.269837 0.269832 0.269821 0.269828 0.269779 0.269722 0.269686 0.269679 0.269664 0.000000 0.000000
0.000000 0.000000 0.262446 0.262451 0.262460 0.262510 0.262556 0.262620 0.262606 0.262638 0.262638 0.262637 0.262644 0.262624 0.262585 0.262549 0.262508 0.262488 0.262458 0.000000 0.000000
0.000000 0.000000 0.254779 0.254791 0.254815 0.254852 0.254896 0.254975 0.254973 0.254989 0.254972 0.254994 0.254988 0.254982 0.254909 0.254873 0.254843 0.254831 0.254756 0.000000 0.000000
0.000000 0.000000 0.246805 0.246822 0.246833 0.246875 0.246914 0.247083 0.247084 0.247097 0.247135 0.247117 0.247103 0.247089 0.246965 0.246929 0.246864 0.246858 0.246807 0.000000 0.000000
0.000000 0.000000 0.238011 0.238020 0.238048 0.238079 0.238252 0.238287 0.238325 0.238326 0.238336 0.238333 0.238335 0.238340 0.238323 0.238144 0.238091 0.238048 0.237994 0.000000 0.000000
0.000000 0.000000 0.228166 0.228175 0.228216 0.228409 0.228456 0.228558 0.228621 0.228633 0.228666 0.228692 0.228664 0.228676 0.228594 0.228524 0.228257 0.228281 0.228250 0.000000 0.000000
0.000000 0.000000 0.217604 0.217615 0.217874 0.217899 0.217914 0.217973 0.217911 0.217943 0.217914 0.217944 0.217974 0.217915 0.217880 0.217859 0.217908 0.217575 0.217570 0.000000 0.000000
0.000000 0.000000 0.205185 0.205548 0.205631 0.205741 0.205923 0.205999 0.206043 0.206039 0.206127 0.206132 0.206089 0.206114 0.206020 0.205882 0.205656 0.205639 0.205261 0.000000 0.000000
0.000000 0.000000 0.196831 0.196732 0.196394 0.196471 0.196571 0.196908 0.196908 0.196988 0.196916 0.196940 0.196922 0.196905 0.196599 0.196524 0.196337 0.196676 0.196752 0.000000 0.000000
0.000000 0.000000 0.300000 0.300000 0.300000 0.300000 0.300000 0.300000 0.300000 0.300000 0.300000 0.300000 0.300000 0.300000 0.300000 0.300000 0.300000 0.300000 0.300000 0.000000 0.000000
0.000000 0.000000 0.000000 0.000000 0.000000 0.000000 0.000000 0.000000 0.000000 0.000000 0.000000 0.000000 0.000000 0.000000 0.000000 0.000000 0.000000 0.000000 0.000000 0.000000 0.000000