geotop/1.0zi/1.0Montebello/Templates/testdem/maps/_Eocsilt9000.asc
ncols         21
nrows         20
xllcorner     100.000000
yllcorner     100.000000
cellsize      50.000000
NODATA_value  -9999.0
0.000000 0.000000 0.000000 0.000000 0.000000 0.000000 0.000000 0.000000 0.000000 0.000000 0.000000 0.000000 0.000000 0.000000 0.000000 0.000000 0.000000 0.000000 0.000000 0.000000 0.000000
0.000000 0.000000 0.350192 0.350192 0.350192 0.350192 0.350192 0.350192 0.350192 0.350192 0.350192 0.350192 0.350192 0.350192 0.350192 0.350192 0.350192 0.350192 0.350192 0.000000 0.000000
0.000000 0.000000 0.350005 0.350005 0.350005 0.350005 0.350006 0.350006 0.350006 0.350006 0.350006 0.350006 0.350006 0.350006 0.350006 0.350005 0.350004 0.350004 0.350005 0.000000 0.000000
0.000000 0.000000 0.350121 0.350117 0.350111 0.350107 0.350106 0.350102 0.350105 0.350105 0.350102 0.350105 0.350105 0.350105 0.350107 0.350111 0.350116 0.350116 0.350119 0.000000 0.000000
0.000000 0.000000 0.351249 0.351253 0.351244 0.351228 0.351220 0.351215 0.351217 0.351214 0.351214 0.351216 0.351220 0.351219 0.351232 0.351239 0.351241 0.351245 0.351247 0.000000 0.000000
0.000000 0.000000 0.354421 0.354415 0.354403 0.354383 0.354356 0.354335 0.354333 0.354326 0.354331 0.354332 0.354335 0.354333 0.354347 0.354365 0.354375 0.354379 0.354386 0.000000 0.000000
0.000000 0.000000 0.358920 0.358910 0.358896 0.358865 0.358828 0.358784 0.358787 0.358783 0.358783 0.358782 0.358779 0.358784 0.358822 0.358850 0.358868 0.358880 0.358887 0.000000 0.000000
0.000000 0.000000 0.364241 0.364231 0.364221 0.364187 0.364151 0.364109 0.364111 0.364106 0.364104 0.364102 0.364099 0.364107 0.364143 0.364175 0.364204 0.364206 0.364220 0.000000 0.000000
0.000000 0.000000 0.370033 0.370017 0.369999 0.369974 0.369933 0.369883 0.369888 0.369877 0.369874 0.369872 0.369874 0.369872 0.369923 0.369961 0.369983 0.369989 0.370002 0.000000 0.000000
0.000000 0.000000 0.376274 0.376256 0.376244 0.376219 0.376162 0.376118 0.376120 0.376113 0.376106 0.376110 0.376116 0.376114 0.376155 0.376202 0.376227 0.376232 0.376239 0.000000 0.000000
0.000000 0.000000 0.383176 0.383163 0.383151 0.383093 0.383056 0.382999 0.383015 0.382981 0.382988 0.382984 0.382973 0.382992 0.383035 0.383063 0.383099 0.383109 0.383137 0.000000 0.000000
0.000000 0.000000 0.391023 0.390996 0.390965 0.390934 0.390883 0.390814 0.390814 0.390810 0.390823 0.390797 0.390809 0.390809 0.390883 0.390923 0.390941 0.390948 0.391010 0.000000 0.000000
0.000000 0.000000 0.399681 0.399652 0.399646 0.399585 0.399544 0.399344 0.399345 0.399334 0.399274 0.399309 0.399316 0.399335 0.399490 0.399527 0.399600 0.399598 0.399622 0.000000 0.000000
0.000000 0.000000 0.410141 0.410129 0.410077 0.410039 0.409765 0.409824 0.409773 0.409774 0.409802 0.409775 0.409769 0.409746 0.409695 0.409987 0.410010 0.410073 0.410120 0.000000 0.000000
0.000000 0.000000 0.422514 0.422476 0.422418 0.422060 0.422146 0.421957 0.421895 0.421876 0.421807 0.421771 0.421811 0.421809 0.421991 0.421920 0.422386 0.422281 0.422277 0.000000 0.000000
0.000000 0.000000 0.435432 0.435402 0.434913 0.435113 0.435050 0.435045 0.435252 0.435194 0.435302 0.435277 0.435189 0.435309 0.435280 0.435334 0.434864 0.435582 0.435570 0.000000 0.000000
0.000000 0.000000 0.449626 0.449015 0.449213 0.448946 0.448642 0.448550 0.448353 0.448401 0.448199 0.448222 0.448340 0.448217 0.448382 0.448606 0.449187 0.448736 0.449364 0.000000 0.000000
0.000000 0.000000 0.453864 0.454289 0.454695 0.454673 0.454680 0.454283 0.454350 0.454235 0.454421 0.454382 0.454356 0.454416 0.454746 0.454743 0.454757 0.454427 0.454003 0.000000 0.000000
0.000000 0.000000 0.350000 0.350000 0.350000 0.350000 0.350000 0.350000 0.350000 0.350000 0.350000 0.350000 0.350000 0.350000 0.350000 0.350000 0.350000 0.350000 0.350000 0.000000 0.000000
0.000000 0.000000 0.000000 0.000000 0.000000 0.000000 0.000000 0.000000 0.000000 0.000000 0.000000 0.000000 0.000000 0.000000 0.000000 0.000000 0.000000 0.000000 0.000000 0.000000 0.000000