geotop/1.0zi/1.0Montebello/Templates/testdem/maps/_Eocclay116v.asc
ncols         21
nrows         20
xllcorner     100.000000
yllcorner     100.000000
cellsize      50.000000
NODATA_value  -9999.0
0.000000 0.000000 0.000000 0.000000 0.000000 0.000000 0.000000 0.000000 0.000000 0.000000 0.000000 0.000000 0.000000 0.000000 0.000000 0.000000 0.000000 0.000000 0.000000 0.000000 0.000000
0.000000 0.000000 0.349471 0.349474 0.349474 0.349473 0.349475 0.349475 0.349474 0.349475 0.349473 0.349475 0.349474 0.349474 0.349474 0.349474 0.349472 0.349473 0.349473 0.000000 0.000000
0.000000 0.000000 0.349977 0.349976 0.349975 0.349978 0.349975 0.349975 0.349976 0.349975 0.349975 0.349976 0.349975 0.349975 0.349976 0.349977 0.349977 0.349976 0.349976 0.000000 0.000000
0.000000 0.000000 0.350125 0.350138 0.350132 0.350128 0.350133 0.350132 0.350132 0.350131 0.350131 0.350128 0.350129 0.350130 0.350131 0.350135 0.350134 0.350133 0.350132 0.000000 0.000000
0.000000 0.000000 0.352200 0.352187 0.352180 0.352167 0.352144 0.352137 0.352134 0.352134 0.352130 0.352136 0.352136 0.352136 0.352145 0.352152 0.352165 0.352175 0.352184 0.000000 0.000000
0.000000 0.000000 0.357216 0.357211 0.357184 0.357140 0.357104 0.357069 0.357072 0.357066 0.357060 0.357061 0.357069 0.357065 0.357082 0.357120 0.357137 0.357156 0.357161 0.000000 0.000000
0.000000 0.000000 0.363858 0.363847 0.363827 0.363783 0.363738 0.363663 0.363659 0.363653 0.363644 0.363646 0.363646 0.363646 0.363701 0.363744 0.363768 0.363789 0.363796 0.000000 0.000000
0.000000 0.000000 0.371887 0.371873 0.371850 0.371788 0.371737 0.371667 0.371660 0.371653 0.371642 0.371641 0.371637 0.371647 0.371696 0.371743 0.371784 0.371798 0.371813 0.000000 0.000000
0.000000 0.000000 0.381014 0.380993 0.380958 0.380909 0.380848 0.380764 0.380761 0.380748 0.380733 0.380731 0.380732 0.380727 0.380800 0.380858 0.380891 0.380909 0.380922 0.000000 0.000000
0.000000 0.000000 0.391620 0.391585 0.391551 0.391499 0.391426 0.391335 0.391322 0.391315 0.391291 0.391299 0.391312 0.391306 0.391364 0.391442 0.391485 0.391507 0.391511 0.000000 0.000000
0.000000 0.000000 0.404402 0.404369 0.404339 0.404208 0.404179 0.404047 0.404067 0.404004 0.404007 0.403997 0.403971 0.404007 0.404077 0.404125 0.404189 0.404217 0.404271 0.000000 0.000000
0.000000 0.000000 0.420112 0.420037 0.419944 0.419897 0.419831 0.419656 0.419628 0.419641 0.419646 0.419594 0.419621 0.419601 0.419745 0.419838 0.419866 0.419894 0.420000 0.000000 0.000000
0.000000 0.000000 0.437746 0.437681 0.437673 0.437535 0.437454 0.436978 0.436947 0.436918 0.436723 0.436859 0.436853 0.436896 0.437229 0.437296 0.437477 0.437502 0.437476 0.000000 0.000000
0.000000 0.000000 0.457030 0.457021 0.456868 0.456814 0.456264 0.456589 0.456458 0.456464 0.456584 0.456466 0.456450 0.456371 0.456098 0.456718 0.456693 0.456839 0.456913 0.000000 0.000000
0.000000 0.000000 0.471243 0.471206 0.471147 0.470767 0.470953 0.470702 0.470654 0.470629 0.470529 0.470510 0.470553 0.470558 0.470777 0.470584 0.471080 0.470962 0.470935 0.000000 0.000000
0.000000 0.000000 0.480267 0.480242 0.480022 0.480023 0.480032 0.479975 0.480049 0.480018 0.480041 0.480024 0.479995 0.480043 0.480069 0.480059 0.479964 0.480239 0.480226 0.000000 0.000000
0.000000 0.000000 0.487322 0.487163 0.487146 0.487046 0.486989 0.486928 0.486899 0.486900 0.486850 0.486849 0.486872 0.486855 0.486913 0.486950 0.487101 0.487060 0.487204 0.000000 0.000000
0.000000 0.000000 0.490920 0.491042 0.491055 0.491064 0.491076 0.490962 0.491013 0.490974 0.491035 0.491019 0.490997 0.491032 0.491114 0.491100 0.491037 0.491075 0.490943 0.000000 0.000000
0.000000 0.000000 0.350000 0.350000 0.350000 0.350000 0.350000 0.350000 0.350000 0.350000 0.350000 0.350000 0.350000 0.350000 0.350000 0.350000 0.350000 0.350000 0.350000 0.000000 0.000000
0.000000 0.000000 0.000000 0.000000 0.000000 0.000000 0.000000 0.000000 0.000000 0.000000 0.000000 0.000000 0.000000 0.000000 0.000000 0.000000 0.000000 0.000000 0.000000 0.000000 0.000000