geotop/1.0zi/1.0Montebello/Templates/testdem/maps/_Eocsand4945.asc
ncols         21
nrows         20
xllcorner     100.000000
yllcorner     100.000000
cellsize      50.000000
NODATA_value  -9999.0
0.000000 0.000000 0.000000 0.000000 0.000000 0.000000 0.000000 0.000000 0.000000 0.000000 0.000000 0.000000 0.000000 0.000000 0.000000 0.000000 0.000000 0.000000 0.000000 0.000000 0.000000
0.000000 0.000000 0.300121 0.300120 0.300120 0.300120 0.300120 0.300120 0.300120 0.300120 0.300120 0.300120 0.300120 0.300120 0.300120 0.300120 0.300120 0.300120 0.300121 0.000000 0.000000
0.000000 0.000000 0.300006 0.300005 0.300005 0.300005 0.300005 0.300005 0.300005 0.300005 0.300005 0.300005 0.300005 0.300005 0.300005 0.300005 0.300007 0.300007 0.300006 0.000000 0.000000
0.000000 0.000000 0.299976 0.299975 0.299977 0.299981 0.299978 0.299980 0.299978 0.299979 0.299978 0.299980 0.299980 0.299982 0.299978 0.299974 0.299975 0.299973 0.299975 0.000000 0.000000
0.000000 0.000000 0.299189 0.299187 0.299188 0.299198 0.299208 0.299214 0.299215 0.299217 0.299220 0.299216 0.299219 0.299217 0.299208 0.299208 0.299203 0.299194 0.299187 0.000000 0.000000
0.000000 0.000000 0.296539 0.296533 0.296543 0.296571 0.296582 0.296611 0.296615 0.296623 0.296615 0.296614 0.296606 0.296606 0.296599 0.296584 0.296572 0.296561 0.296552 0.000000 0.000000
0.000000 0.000000 0.292578 0.292582 0.292592 0.292622 0.292656 0.292696 0.292695 0.292701 0.292695 0.292698 0.292697 0.292692 0.292663 0.292630 0.292615 0.292600 0.292587 0.000000 0.000000
0.000000 0.000000 0.287918 0.287923 0.287927 0.287958 0.287994 0.288034 0.288032 0.288038 0.288038 0.288038 0.288041 0.288038 0.288000 0.287964 0.287945 0.287937 0.287924 0.000000 0.000000
0.000000 0.000000 0.283148 0.283157 0.283168 0.283191 0.283225 0.283271 0.283268 0.283276 0.283276 0.283275 0.283277 0.283273 0.283237 0.283197 0.283182 0.283171 0.283154 0.000000 0.000000
0.000000 0.000000 0.278372 0.278381 0.278389 0.278413 0.278453 0.278494 0.278489 0.278495 0.278495 0.278495 0.278498 0.278498 0.278457 0.278418 0.278402 0.278393 0.278379 0.000000 0.000000
0.000000 0.000000 0.273503 0.273513 0.273520 0.273540 0.273572 0.273621 0.273616 0.273626 0.273627 0.273625 0.273629 0.273627 0.273591 0.273561 0.273541 0.273530 0.273515 0.000000 0.000000
0.000000 0.000000 0.268444 0.268452 0.268465 0.268494 0.268527 0.268575 0.268576 0.268581 0.268582 0.268584 0.268585 0.268585 0.268538 0.268503 0.268484 0.268475 0.268424 0.000000 0.000000
0.000000 0.000000 0.263289 0.263300 0.263312 0.263334 0.263374 0.263478 0.263476 0.263484 0.263486 0.263485 0.263490 0.263487 0.263396 0.263354 0.263334 0.263324 0.263294 0.000000 0.000000
0.000000 0.000000 0.257790 0.257808 0.257817 0.257840 0.257952 0.257978 0.257994 0.258000 0.257999 0.258000 0.258005 0.258003 0.257974 0.257867 0.257846 0.257823 0.257806 0.000000 0.000000
0.000000 0.000000 0.251821 0.251836 0.251865 0.251964 0.252015 0.252082 0.252114 0.252123 0.252139 0.252141 0.252135 0.252144 0.252092 0.252021 0.251901 0.251905 0.251889 0.000000 0.000000
0.000000 0.000000 0.245620 0.245635 0.245756 0.245775 0.245809 0.245842 0.245842 0.245844 0.245837 0.245840 0.245855 0.245830 0.245813 0.245785 0.245790 0.245653 0.245623 0.000000 0.000000
0.000000 0.000000 0.238649 0.238815 0.238908 0.238957 0.239045 0.239091 0.239100 0.239106 0.239125 0.239125 0.239120 0.239133 0.239096 0.238999 0.238935 0.238877 0.238714 0.000000 0.000000
0.000000 0.000000 0.233321 0.233345 0.233235 0.233296 0.233367 0.233529 0.233543 0.233557 0.233549 0.233552 0.233560 0.233545 0.233397 0.233321 0.233233 0.233372 0.233321 0.000000 0.000000
0.000000 0.000000 0.300000 0.300000 0.300000 0.300000 0.300000 0.300000 0.300000 0.300000 0.300000 0.300000 0.300000 0.300000 0.300000 0.300000 0.300000 0.300000 0.300000 0.000000 0.000000
0.000000 0.000000 0.000000 0.000000 0.000000 0.000000 0.000000 0.000000 0.000000 0.000000 0.000000 0.000000 0.000000 0.000000 0.000000 0.000000 0.000000 0.000000 0.000000 0.000000 0.000000