geotop/1.0zi/1.0Montebello/Templates/testdem/maps/_Eocsilt8122.asc
ncols         21
nrows         20
xllcorner     100.000000
yllcorner     100.000000
cellsize      50.000000
NODATA_value  -9999.0
0.000000 0.000000 0.000000 0.000000 0.000000 0.000000 0.000000 0.000000 0.000000 0.000000 0.000000 0.000000 0.000000 0.000000 0.000000 0.000000 0.000000 0.000000 0.000000 0.000000 0.000000
0.000000 0.000000 0.350170 0.350170 0.350170 0.350171 0.350170 0.350170 0.350170 0.350170 0.350170 0.350170 0.350170 0.350170 0.350170 0.350170 0.350171 0.350170 0.350170 0.000000 0.000000
0.000000 0.000000 0.350005 0.350005 0.350005 0.350005 0.350006 0.350005 0.350006 0.350006 0.350006 0.350006 0.350006 0.350006 0.350006 0.350005 0.350003 0.350004 0.350005 0.000000 0.000000
0.000000 0.000000 0.350103 0.350099 0.350097 0.350091 0.350092 0.350087 0.350090 0.350090 0.350087 0.350089 0.350089 0.350089 0.350092 0.350095 0.350099 0.350099 0.350100 0.000000 0.000000
0.000000 0.000000 0.351024 0.351030 0.351025 0.351014 0.351007 0.351000 0.350996 0.350995 0.350994 0.350994 0.350995 0.350997 0.351011 0.351016 0.351019 0.351029 0.351032 0.000000 0.000000
0.000000 0.000000 0.353730 0.353731 0.353720 0.353704 0.353684 0.353662 0.353661 0.353655 0.353659 0.353659 0.353661 0.353660 0.353672 0.353685 0.353698 0.353706 0.353712 0.000000 0.000000
0.000000 0.000000 0.357601 0.357597 0.357585 0.357559 0.357526 0.357491 0.357492 0.357487 0.357489 0.357487 0.357484 0.357489 0.357519 0.357546 0.357565 0.357580 0.357587 0.000000 0.000000
0.000000 0.000000 0.362181 0.362179 0.362172 0.362144 0.362113 0.362074 0.362074 0.362069 0.362068 0.362065 0.362063 0.362070 0.362104 0.362132 0.362159 0.362165 0.362178 0.000000 0.000000
0.000000 0.000000 0.367110 0.367101 0.367085 0.367066 0.367033 0.366989 0.366991 0.366981 0.366979 0.366977 0.366978 0.366977 0.367020 0.367054 0.367076 0.367087 0.367098 0.000000 0.000000
0.000000 0.000000 0.372298 0.372289 0.372280 0.372261 0.372214 0.372174 0.372175 0.372170 0.372164 0.372167 0.372172 0.372170 0.372206 0.372245 0.372270 0.372278 0.372286 0.000000 0.000000
0.000000 0.000000 0.377906 0.377900 0.377891 0.377850 0.377817 0.377771 0.377780 0.377755 0.377759 0.377757 0.377748 0.377765 0.377798 0.377822 0.377854 0.377871 0.377892 0.000000 0.000000
0.000000 0.000000 0.384127 0.384111 0.384091 0.384065 0.384027 0.383969 0.383966 0.383959 0.383972 0.383952 0.383958 0.383962 0.384021 0.384052 0.384073 0.384086 0.384138 0.000000 0.000000
0.000000 0.000000 0.390842 0.390826 0.390818 0.390780 0.390747 0.390597 0.390595 0.390586 0.390547 0.390567 0.390575 0.390589 0.390703 0.390734 0.390791 0.390798 0.390824 0.000000 0.000000
0.000000 0.000000 0.398689 0.398684 0.398652 0.398626 0.398440 0.398452 0.398413 0.398413 0.398425 0.398413 0.398408 0.398400 0.398384 0.398577 0.398610 0.398661 0.398698 0.000000 0.000000
0.000000 0.000000 0.407913 0.407896 0.407857 0.407622 0.407638 0.407520 0.407467 0.407454 0.407415 0.407386 0.407412 0.407407 0.407521 0.407518 0.407830 0.407784 0.407791 0.000000 0.000000
0.000000 0.000000 0.418001 0.417987 0.417647 0.417733 0.417708 0.417673 0.417798 0.417757 0.417822 0.417798 0.417743 0.417827 0.417837 0.417856 0.417618 0.418104 0.418097 0.000000 0.000000
0.000000 0.000000 0.430424 0.429898 0.429997 0.429802 0.429538 0.429460 0.429320 0.429352 0.429197 0.429210 0.429298 0.429213 0.429345 0.429540 0.429978 0.429706 0.430254 0.000000 0.000000
0.000000 0.000000 0.435172 0.435644 0.436089 0.436087 0.436102 0.435675 0.435742 0.435618 0.435816 0.435775 0.435747 0.435814 0.436172 0.436160 0.436171 0.435819 0.435358 0.000000 0.000000
0.000000 0.000000 0.350000 0.350000 0.350000 0.350000 0.350000 0.350000 0.350000 0.350000 0.350000 0.350000 0.350000 0.350000 0.350000 0.350000 0.350000 0.350000 0.350000 0.000000 0.000000
0.000000 0.000000 0.000000 0.000000 0.000000 0.000000 0.000000 0.000000 0.000000 0.000000 0.000000 0.000000 0.000000 0.000000 0.000000 0.000000 0.000000 0.000000 0.000000 0.000000 0.000000