geotop/1.0zi/1.0Montebello/Templates/testdem/maps/_Eocclay8576.asc
ncols         21
nrows         20
xllcorner     100.000000
yllcorner     100.000000
cellsize      50.000000
NODATA_value  -9999.0
0.000000 0.000000 0.000000 0.000000 0.000000 0.000000 0.000000 0.000000 0.000000 0.000000 0.000000 0.000000 0.000000 0.000000 0.000000 0.000000 0.000000 0.000000 0.000000 0.000000 0.000000
0.000000 0.000000 0.349607 0.349609 0.349609 0.349608 0.349610 0.349610 0.349610 0.349610 0.349609 0.349610 0.349610 0.349610 0.349610 0.349610 0.349607 0.349608 0.349609 0.000000 0.000000
0.000000 0.000000 0.349983 0.349981 0.349981 0.349984 0.349981 0.349981 0.349981 0.349981 0.349981 0.349981 0.349981 0.349981 0.349982 0.349982 0.349983 0.349982 0.349981 0.000000 0.000000
0.000000 0.000000 0.350004 0.350009 0.350006 0.350004 0.350007 0.350004 0.350006 0.350003 0.350007 0.350004 0.350004 0.350003 0.350006 0.350007 0.350006 0.350009 0.350006 0.000000 0.000000
0.000000 0.000000 0.351054 0.351047 0.351044 0.351038 0.351021 0.351020 0.351017 0.351018 0.351016 0.351018 0.351015 0.351018 0.351027 0.351029 0.351039 0.351041 0.351051 0.000000 0.000000
0.000000 0.000000 0.354162 0.354159 0.354142 0.354111 0.354093 0.354068 0.354070 0.354063 0.354068 0.354068 0.354073 0.354072 0.354084 0.354105 0.354121 0.354134 0.354139 0.000000 0.000000
0.000000 0.000000 0.358407 0.358400 0.358392 0.358365 0.358331 0.358289 0.358288 0.358283 0.358284 0.358286 0.358286 0.358287 0.358323 0.358353 0.358370 0.358383 0.358392 0.000000 0.000000
0.000000 0.000000 0.363435 0.363430 0.363421 0.363388 0.363356 0.363310 0.363310 0.363304 0.363304 0.363302 0.363300 0.363309 0.363347 0.363374 0.363402 0.363411 0.363424 0.000000 0.000000
0.000000 0.000000 0.368820 0.368809 0.368794 0.368773 0.368736 0.368690 0.368693 0.368683 0.368681 0.368679 0.368680 0.368679 0.368725 0.368761 0.368782 0.368792 0.368804 0.000000 0.000000
0.000000 0.000000 0.374586 0.374572 0.374564 0.374543 0.374489 0.374447 0.374447 0.374442 0.374435 0.374440 0.374446 0.374444 0.374483 0.374526 0.374552 0.374561 0.374569 0.000000 0.000000
0.000000 0.000000 0.380941 0.380933 0.380923 0.380874 0.380839 0.380784 0.380798 0.380767 0.380774 0.380772 0.380762 0.380780 0.380819 0.380844 0.380879 0.380897 0.380921 0.000000 0.000000
0.000000 0.000000 0.388077 0.388054 0.388032 0.388005 0.387958 0.387896 0.387889 0.387884 0.387898 0.387875 0.387885 0.387886 0.387954 0.387990 0.388012 0.388026 0.388083 0.000000 0.000000
0.000000 0.000000 0.395893 0.395869 0.395867 0.395817 0.395781 0.395603 0.395599 0.395591 0.395541 0.395571 0.395579 0.395595 0.395732 0.395765 0.395834 0.395839 0.395866 0.000000 0.000000
0.000000 0.000000 0.405216 0.405209 0.405171 0.405138 0.404905 0.404936 0.404889 0.404890 0.404909 0.404891 0.404887 0.404870 0.404841 0.405085 0.405116 0.405180 0.405223 0.000000 0.000000
0.000000 0.000000 0.416333 0.416307 0.416259 0.415957 0.416002 0.415848 0.415783 0.415767 0.415713 0.415682 0.415716 0.415710 0.415862 0.415830 0.416230 0.416160 0.416163 0.000000 0.000000
0.000000 0.000000 0.428476 0.428454 0.428016 0.428165 0.428122 0.428096 0.428270 0.428218 0.428311 0.428285 0.428210 0.428318 0.428313 0.428343 0.427977 0.428624 0.428614 0.000000 0.000000
0.000000 0.000000 0.443322 0.442650 0.442837 0.442564 0.442228 0.442126 0.441924 0.441971 0.441762 0.441786 0.441908 0.441782 0.441960 0.442207 0.442813 0.442378 0.443077 0.000000 0.000000
0.000000 0.000000 0.447783 0.448426 0.448956 0.448968 0.449016 0.448497 0.448599 0.448443 0.448708 0.448657 0.448611 0.448702 0.449129 0.449093 0.449054 0.448661 0.448027 0.000000 0.000000
0.000000 0.000000 0.350000 0.350000 0.350000 0.350000 0.350000 0.350000 0.350000 0.350000 0.350000 0.350000 0.350000 0.350000 0.350000 0.350000 0.350000 0.350000 0.350000 0.000000 0.000000
0.000000 0.000000 0.000000 0.000000 0.000000 0.000000 0.000000 0.000000 0.000000 0.000000 0.000000 0.000000 0.000000 0.000000 0.000000 0.000000 0.000000 0.000000 0.000000 0.000000 0.000000