geotop/1.0zi/1.0Montebello/Templates/testdem/maps/_Eocsand1177.asc
ncols         21
nrows         20
xllcorner     100.000000
yllcorner     100.000000
cellsize      50.000000
NODATA_value  -9999.0
0.000000 0.000000 0.000000 0.000000 0.000000 0.000000 0.000000 0.000000 0.000000 0.000000 0.000000 0.000000 0.000000 0.000000 0.000000 0.000000 0.000000 0.000000 0.000000 0.000000 0.000000
0.000000 0.000000 0.300039 0.300039 0.300039 0.300039 0.300039 0.300039 0.300039 0.300039 0.300039 0.300039 0.300039 0.300039 0.300039 0.300039 0.300039 0.300039 0.300039 0.000000 0.000000
0.000000 0.000000 0.300004 0.300004 0.300005 0.300004 0.300004 0.300004 0.300004 0.300004 0.300004 0.300004 0.300004 0.300004 0.300004 0.300004 0.300005 0.300004 0.300004 0.000000 0.000000
0.000000 0.000000 0.299081 0.299082 0.299087 0.299085 0.299081 0.299082 0.299082 0.299081 0.299081 0.299081 0.299082 0.299082 0.299081 0.299085 0.299087 0.299082 0.299081 0.000000 0.000000
0.000000 0.000000 0.295717 0.295719 0.295723 0.295723 0.295717 0.295718 0.295718 0.295716 0.295717 0.295716 0.295718 0.295718 0.295717 0.295723 0.295723 0.295719 0.295717 0.000000 0.000000
0.000000 0.000000 0.291739 0.291740 0.291744 0.291744 0.291739 0.291740 0.291740 0.291738 0.291739 0.291738 0.291740 0.291740 0.291739 0.291744 0.291744 0.291740 0.291739 0.000000 0.000000
0.000000 0.000000 0.288008 0.288008 0.288012 0.288011 0.288007 0.288008 0.288008 0.288007 0.288007 0.288007 0.288008 0.288008 0.288007 0.288011 0.288012 0.288008 0.288008 0.000000 0.000000
0.000000 0.000000 0.284569 0.284570 0.284573 0.284572 0.284569 0.284570 0.284570 0.284569 0.284569 0.284569 0.284570 0.284570 0.284569 0.284572 0.284573 0.284570 0.284569 0.000000 0.000000
0.000000 0.000000 0.281345 0.281345 0.281348 0.281348 0.281345 0.281345 0.281345 0.281344 0.281344 0.281344 0.281345 0.281345 0.281345 0.281348 0.281348 0.281345 0.281345 0.000000 0.000000
0.000000 0.000000 0.278253 0.278254 0.278257 0.278256 0.278253 0.278254 0.278253 0.278253 0.278253 0.278253 0.278253 0.278254 0.278253 0.278256 0.278257 0.278254 0.278253 0.000000 0.000000
0.000000 0.000000 0.275263 0.275264 0.275267 0.275266 0.275263 0.275263 0.275263 0.275263 0.275263 0.275263 0.275263 0.275263 0.275263 0.275266 0.275267 0.275264 0.275263 0.000000 0.000000
0.000000 0.000000 0.272342 0.272343 0.272345 0.272345 0.272342 0.272342 0.272342 0.272342 0.272342 0.272342 0.272342 0.272342 0.272342 0.272345 0.272345 0.272343 0.272342 0.000000 0.000000
0.000000 0.000000 0.269470 0.269470 0.269473 0.269472 0.269470 0.269470 0.269470 0.269469 0.269469 0.269469 0.269470 0.269470 0.269470 0.269472 0.269473 0.269470 0.269470 0.000000 0.000000
0.000000 0.000000 0.266648 0.266649 0.266652 0.266651 0.266648 0.266649 0.266648 0.266648 0.266648 0.266648 0.266648 0.266649 0.266648 0.266651 0.266652 0.266649 0.266648 0.000000 0.000000
0.000000 0.000000 0.263858 0.263859 0.263862 0.263861 0.263858 0.263859 0.263859 0.263858 0.263858 0.263858 0.263859 0.263859 0.263858 0.263861 0.263862 0.263859 0.263858 0.000000 0.000000
0.000000 0.000000 0.261089 0.261090 0.261093 0.261092 0.261089 0.261090 0.261090 0.261089 0.261089 0.261089 0.261090 0.261090 0.261089 0.261092 0.261093 0.261090 0.261089 0.000000 0.000000
0.000000 0.000000 0.258350 0.258351 0.258354 0.258353 0.258350 0.258351 0.258351 0.258350 0.258350 0.258350 0.258351 0.258351 0.258350 0.258353 0.258354 0.258351 0.258350 0.000000 0.000000
0.000000 0.000000 0.255568 0.255568 0.255570 0.255569 0.255567 0.255567 0.255567 0.255567 0.255567 0.255567 0.255567 0.255567 0.255567 0.255569 0.255570 0.255568 0.255567 0.000000 0.000000
0.000000 0.000000 0.300000 0.300000 0.300000 0.300000 0.300000 0.300000 0.300000 0.300000 0.300000 0.300000 0.300000 0.300000 0.300000 0.300000 0.300000 0.300000 0.300000 0.000000 0.000000
0.000000 0.000000 0.000000 0.000000 0.000000 0.000000 0.000000 0.000000 0.000000 0.000000 0.000000 0.000000 0.000000 0.000000 0.000000 0.000000 0.000000 0.000000 0.000000 0.000000 0.000000