geotop/1.0zi/1.0Montebello/Templates/testdem/maps/_Eocsilt5944.asc
ncols         21
nrows         20
xllcorner     100.000000
yllcorner     100.000000
cellsize      50.000000
NODATA_value  -9999.0
0.000000 0.000000 0.000000 0.000000 0.000000 0.000000 0.000000 0.000000 0.000000 0.000000 0.000000 0.000000 0.000000 0.000000 0.000000 0.000000 0.000000 0.000000 0.000000 0.000000 0.000000
0.000000 0.000000 0.350119 0.350119 0.350119 0.350119 0.350119 0.350119 0.350119 0.350119 0.350119 0.350119 0.350119 0.350119 0.350119 0.350119 0.350119 0.350119 0.350119 0.000000 0.000000
0.000000 0.000000 0.350002 0.350002 0.350002 0.350003 0.350003 0.350003 0.350003 0.350003 0.350003 0.350003 0.350003 0.350003 0.350003 0.350002 0.350001 0.350001 0.350002 0.000000 0.000000
0.000000 0.000000 0.350047 0.350046 0.350045 0.350040 0.350041 0.350039 0.350041 0.350042 0.350041 0.350040 0.350040 0.350040 0.350042 0.350045 0.350046 0.350048 0.350047 0.000000 0.000000
0.000000 0.000000 0.350544 0.350547 0.350546 0.350542 0.350539 0.350534 0.350533 0.350531 0.350529 0.350530 0.350532 0.350533 0.350538 0.350541 0.350540 0.350549 0.350552 0.000000 0.000000
0.000000 0.000000 0.352107 0.352110 0.352104 0.352090 0.352079 0.352061 0.352060 0.352056 0.352060 0.352062 0.352063 0.352059 0.352066 0.352074 0.352084 0.352088 0.352093 0.000000 0.000000
0.000000 0.000000 0.354481 0.354479 0.354473 0.354454 0.354432 0.354409 0.354410 0.354408 0.354410 0.354410 0.354407 0.354411 0.354428 0.354447 0.354455 0.354465 0.354471 0.000000 0.000000
0.000000 0.000000 0.357370 0.357370 0.357369 0.357351 0.357329 0.357303 0.357304 0.357301 0.357301 0.357300 0.357299 0.357301 0.357322 0.357342 0.357358 0.357361 0.357371 0.000000 0.000000
0.000000 0.000000 0.360407 0.360402 0.360393 0.360382 0.360361 0.360331 0.360332 0.360327 0.360324 0.360325 0.360326 0.360324 0.360351 0.360373 0.360387 0.360393 0.360402 0.000000 0.000000
0.000000 0.000000 0.363463 0.363458 0.363454 0.363446 0.363416 0.363390 0.363393 0.363389 0.363385 0.363389 0.363392 0.363389 0.363411 0.363435 0.363449 0.363452 0.363458 0.000000 0.000000
0.000000 0.000000 0.366610 0.366607 0.366606 0.366583 0.366563 0.366535 0.366541 0.366527 0.366527 0.366529 0.366525 0.366532 0.366550 0.366566 0.366582 0.366591 0.366604 0.000000 0.000000
0.000000 0.000000 0.369928 0.369920 0.369911 0.369896 0.369878 0.369843 0.369844 0.369836 0.369845 0.369837 0.369839 0.369841 0.369873 0.369888 0.369899 0.369904 0.369937 0.000000 0.000000
0.000000 0.000000 0.373343 0.373336 0.373333 0.373315 0.373299 0.373227 0.373227 0.373221 0.373206 0.373214 0.373219 0.373225 0.373277 0.373291 0.373317 0.373320 0.373343 0.000000 0.000000
0.000000 0.000000 0.377067 0.377062 0.377052 0.377041 0.376970 0.376954 0.376938 0.376937 0.376932 0.376934 0.376935 0.376932 0.376940 0.377011 0.377032 0.377050 0.377073 0.000000 0.000000
0.000000 0.000000 0.381184 0.381178 0.381162 0.381087 0.381066 0.381024 0.380998 0.380993 0.380980 0.380971 0.380980 0.380974 0.381006 0.381039 0.381144 0.381135 0.381149 0.000000 0.000000
0.000000 0.000000 0.385559 0.385553 0.385455 0.385440 0.385435 0.385409 0.385430 0.385418 0.385427 0.385417 0.385405 0.385425 0.385441 0.385451 0.385439 0.385564 0.385568 0.000000 0.000000
0.000000 0.000000 0.390597 0.390463 0.390421 0.390382 0.390318 0.390287 0.390274 0.390273 0.390244 0.390240 0.390253 0.390247 0.390283 0.390332 0.390410 0.390431 0.390568 0.000000 0.000000
0.000000 0.000000 0.394204 0.394218 0.394339 0.394308 0.394261 0.394138 0.394136 0.394108 0.394128 0.394121 0.394129 0.394132 0.394245 0.394280 0.394358 0.394233 0.394226 0.000000 0.000000
0.000000 0.000000 0.350000 0.350000 0.350000 0.350000 0.350000 0.350000 0.350000 0.350000 0.350000 0.350000 0.350000 0.350000 0.350000 0.350000 0.350000 0.350000 0.350000 0.000000 0.000000
0.000000 0.000000 0.000000 0.000000 0.000000 0.000000 0.000000 0.000000 0.000000 0.000000 0.000000 0.000000 0.000000 0.000000 0.000000 0.000000 0.000000 0.000000 0.000000 0.000000 0.000000