geotop/1.0zi/1.0Montebello/Templates/testdem/maps/_Eocclay8497.asc
ncols         21
nrows         20
xllcorner     100.000000
yllcorner     100.000000
cellsize      50.000000
NODATA_value  -9999.0
0.000000 0.000000 0.000000 0.000000 0.000000 0.000000 0.000000 0.000000 0.000000 0.000000 0.000000 0.000000 0.000000 0.000000 0.000000 0.000000 0.000000 0.000000 0.000000 0.000000 0.000000
0.000000 0.000000 0.349609 0.349611 0.349611 0.349610 0.349612 0.349612 0.349612 0.349612 0.349611 0.349612 0.349612 0.349612 0.349612 0.349612 0.349610 0.349610 0.349611 0.000000 0.000000
0.000000 0.000000 0.349982 0.349981 0.349981 0.349983 0.349981 0.349981 0.349981 0.349981 0.349981 0.349981 0.349981 0.349981 0.349981 0.349982 0.349983 0.349982 0.349980 0.000000 0.000000
0.000000 0.000000 0.350005 0.350009 0.350007 0.350005 0.350008 0.350005 0.350007 0.350004 0.350008 0.350005 0.350005 0.350004 0.350006 0.350007 0.350006 0.350010 0.350007 0.000000 0.000000
0.000000 0.000000 0.351046 0.351039 0.351037 0.351031 0.351013 0.351012 0.351009 0.351010 0.351008 0.351010 0.351008 0.351011 0.351020 0.351021 0.351031 0.351033 0.351043 0.000000 0.000000
0.000000 0.000000 0.354119 0.354117 0.354099 0.354069 0.354051 0.354026 0.354028 0.354021 0.354026 0.354026 0.354031 0.354030 0.354042 0.354062 0.354078 0.354091 0.354097 0.000000 0.000000
0.000000 0.000000 0.358324 0.358317 0.358309 0.358283 0.358249 0.358207 0.358206 0.358201 0.358202 0.358204 0.358205 0.358205 0.358241 0.358271 0.358288 0.358300 0.358309 0.000000 0.000000
0.000000 0.000000 0.363305 0.363299 0.363291 0.363258 0.363226 0.363181 0.363181 0.363175 0.363175 0.363173 0.363171 0.363180 0.363217 0.363244 0.363271 0.363280 0.363293 0.000000 0.000000
0.000000 0.000000 0.368631 0.368620 0.368606 0.368585 0.368549 0.368503 0.368506 0.368496 0.368494 0.368492 0.368493 0.368492 0.368537 0.368572 0.368594 0.368604 0.368615 0.000000 0.000000
0.000000 0.000000 0.374327 0.374314 0.374306 0.374285 0.374232 0.374190 0.374191 0.374185 0.374179 0.374184 0.374190 0.374187 0.374225 0.374268 0.374293 0.374303 0.374310 0.000000 0.000000
0.000000 0.000000 0.380595 0.380588 0.380579 0.380530 0.380496 0.380442 0.380456 0.380425 0.380432 0.380430 0.380420 0.380438 0.380475 0.380500 0.380535 0.380552 0.380576 0.000000 0.000000
0.000000 0.000000 0.387623 0.387600 0.387579 0.387552 0.387507 0.387445 0.387439 0.387434 0.387448 0.387425 0.387435 0.387435 0.387502 0.387537 0.387559 0.387573 0.387629 0.000000 0.000000
0.000000 0.000000 0.395307 0.395284 0.395282 0.395233 0.395197 0.395023 0.395020 0.395012 0.394962 0.394992 0.395000 0.395015 0.395149 0.395181 0.395249 0.395253 0.395281 0.000000 0.000000
0.000000 0.000000 0.404453 0.404446 0.404409 0.404377 0.404151 0.404179 0.404134 0.404134 0.404152 0.404135 0.404131 0.404114 0.404086 0.404324 0.404354 0.404417 0.404459 0.000000 0.000000
0.000000 0.000000 0.415346 0.415322 0.415275 0.414981 0.415023 0.414874 0.414810 0.414795 0.414742 0.414712 0.414745 0.414738 0.414884 0.414855 0.415244 0.415177 0.415181 0.000000 0.000000
0.000000 0.000000 0.427265 0.427244 0.426818 0.426959 0.426920 0.426893 0.427061 0.427010 0.427101 0.427074 0.427002 0.427107 0.427103 0.427129 0.426778 0.427406 0.427397 0.000000 0.000000
0.000000 0.000000 0.441909 0.441248 0.441427 0.441163 0.440834 0.440736 0.440540 0.440586 0.440381 0.440404 0.440523 0.440401 0.440572 0.440813 0.441402 0.440982 0.441669 0.000000 0.000000
0.000000 0.000000 0.446423 0.447060 0.447590 0.447603 0.447652 0.447139 0.447238 0.447083 0.447345 0.447295 0.447250 0.447339 0.447761 0.447724 0.447688 0.447291 0.446663 0.000000 0.000000
0.000000 0.000000 0.350000 0.350000 0.350000 0.350000 0.350000 0.350000 0.350000 0.350000 0.350000 0.350000 0.350000 0.350000 0.350000 0.350000 0.350000 0.350000 0.350000 0.000000 0.000000
0.000000 0.000000 0.000000 0.000000 0.000000 0.000000 0.000000 0.000000 0.000000 0.000000 0.000000 0.000000 0.000000 0.000000 0.000000 0.000000 0.000000 0.000000 0.000000 0.000000 0.000000