geotop/1.0zi/1.0Montebello/Templates/testdem/maps/_Eocsilt6601.asc
ncols         21
nrows         20
xllcorner     100.000000
yllcorner     100.000000
cellsize      50.000000
NODATA_value  -9999.0
0.000000 0.000000 0.000000 0.000000 0.000000 0.000000 0.000000 0.000000 0.000000 0.000000 0.000000 0.000000 0.000000 0.000000 0.000000 0.000000 0.000000 0.000000 0.000000 0.000000 0.000000
0.000000 0.000000 0.350131 0.350132 0.350132 0.350133 0.350132 0.350132 0.350132 0.350132 0.350133 0.350132 0.350132 0.350132 0.350132 0.350132 0.350133 0.350133 0.350132 0.000000 0.000000
0.000000 0.000000 0.350002 0.350002 0.350002 0.350002 0.350003 0.350002 0.350003 0.350003 0.350003 0.350003 0.350003 0.350003 0.350003 0.350002 0.350001 0.350001 0.350002 0.000000 0.000000
0.000000 0.000000 0.350056 0.350053 0.350053 0.350047 0.350048 0.350046 0.350048 0.350049 0.350047 0.350046 0.350047 0.350047 0.350049 0.350052 0.350054 0.350055 0.350056 0.000000 0.000000
0.000000 0.000000 0.350636 0.350642 0.350639 0.350631 0.350628 0.350621 0.350620 0.350618 0.350617 0.350619 0.350620 0.350621 0.350628 0.350631 0.350632 0.350640 0.350644 0.000000 0.000000
0.000000 0.000000 0.352413 0.352416 0.352408 0.352395 0.352382 0.352364 0.352363 0.352358 0.352362 0.352363 0.352364 0.352362 0.352368 0.352377 0.352387 0.352392 0.352398 0.000000 0.000000
0.000000 0.000000 0.355135 0.355133 0.355125 0.355104 0.355079 0.355053 0.355054 0.355051 0.355052 0.355050 0.355048 0.355052 0.355071 0.355093 0.355107 0.355119 0.355126 0.000000 0.000000
0.000000 0.000000 0.358446 0.358446 0.358443 0.358422 0.358397 0.358369 0.358370 0.358366 0.358365 0.358362 0.358362 0.358365 0.358387 0.358410 0.358431 0.358435 0.358446 0.000000 0.000000
0.000000 0.000000 0.361936 0.361930 0.361919 0.361905 0.361881 0.361849 0.361850 0.361843 0.361840 0.361839 0.361841 0.361839 0.361868 0.361895 0.361912 0.361919 0.361929 0.000000 0.000000
0.000000 0.000000 0.365489 0.365484 0.365479 0.365467 0.365433 0.365405 0.365406 0.365402 0.365397 0.365399 0.365404 0.365400 0.365424 0.365454 0.365472 0.365476 0.365483 0.000000 0.000000
0.000000 0.000000 0.369183 0.369179 0.369175 0.369149 0.369126 0.369094 0.369101 0.369084 0.369085 0.369084 0.369080 0.369089 0.369108 0.369127 0.369149 0.369160 0.369176 0.000000 0.000000
0.000000 0.000000 0.373125 0.373115 0.373105 0.373086 0.373063 0.373025 0.373025 0.373017 0.373025 0.373013 0.373016 0.373019 0.373055 0.373074 0.373090 0.373097 0.373135 0.000000 0.000000
0.000000 0.000000 0.377228 0.377219 0.377214 0.377192 0.377172 0.377087 0.377086 0.377079 0.377058 0.377066 0.377074 0.377080 0.377143 0.377163 0.377196 0.377200 0.377225 0.000000 0.000000
0.000000 0.000000 0.381770 0.381765 0.381751 0.381735 0.381645 0.381629 0.381610 0.381609 0.381605 0.381603 0.381604 0.381600 0.381604 0.381699 0.381725 0.381750 0.381777 0.000000 0.000000
0.000000 0.000000 0.386868 0.386862 0.386842 0.386740 0.386717 0.386667 0.386635 0.386629 0.386611 0.386596 0.386609 0.386602 0.386644 0.386679 0.386819 0.386807 0.386821 0.000000 0.000000
0.000000 0.000000 0.392351 0.392344 0.392208 0.392198 0.392191 0.392161 0.392196 0.392177 0.392194 0.392176 0.392161 0.392191 0.392206 0.392218 0.392188 0.392366 0.392368 0.000000 0.000000
0.000000 0.000000 0.398819 0.398625 0.398587 0.398528 0.398431 0.398395 0.398369 0.398371 0.398324 0.398319 0.398343 0.398328 0.398374 0.398449 0.398571 0.398575 0.398775 0.000000 0.000000
0.000000 0.000000 0.403090 0.403151 0.403333 0.403294 0.403245 0.403068 0.403069 0.403027 0.403067 0.403052 0.403061 0.403069 0.403227 0.403266 0.403359 0.403181 0.403132 0.000000 0.000000
0.000000 0.000000 0.350000 0.350000 0.350000 0.350000 0.350000 0.350000 0.350000 0.350000 0.350000 0.350000 0.350000 0.350000 0.350000 0.350000 0.350000 0.350000 0.350000 0.000000 0.000000
0.000000 0.000000 0.000000 0.000000 0.000000 0.000000 0.000000 0.000000 0.000000 0.000000 0.000000 0.000000 0.000000 0.000000 0.000000 0.000000 0.000000 0.000000 0.000000 0.000000 0.000000