geotop/1.0zi/1.0Montebello/Templates/testdem/maps/_Eocsand0830.asc
ncols         21
nrows         20
xllcorner     100.000000
yllcorner     100.000000
cellsize      50.000000
NODATA_value  -9999.0
0.000000 0.000000 0.000000 0.000000 0.000000 0.000000 0.000000 0.000000 0.000000 0.000000 0.000000 0.000000 0.000000 0.000000 0.000000 0.000000 0.000000 0.000000 0.000000 0.000000 0.000000
0.000000 0.000000 0.300030 0.300030 0.300029 0.300030 0.300030 0.300030 0.300030 0.300030 0.300030 0.300030 0.300030 0.300030 0.300030 0.300030 0.300029 0.300030 0.300030 0.000000 0.000000
0.000000 0.000000 0.300005 0.300006 0.300006 0.300005 0.300005 0.300005 0.300005 0.300005 0.300005 0.300005 0.300005 0.300005 0.300005 0.300005 0.300006 0.300006 0.300005 0.000000 0.000000
0.000000 0.000000 0.299351 0.299351 0.299356 0.299354 0.299350 0.299351 0.299351 0.299351 0.299351 0.299351 0.299351 0.299351 0.299350 0.299354 0.299356 0.299351 0.299351 0.000000 0.000000
0.000000 0.000000 0.297039 0.297041 0.297045 0.297045 0.297038 0.297039 0.297039 0.297038 0.297039 0.297038 0.297039 0.297039 0.297038 0.297045 0.297045 0.297041 0.297039 0.000000 0.000000
0.000000 0.000000 0.294345 0.294346 0.294350 0.294350 0.294345 0.294345 0.294345 0.294345 0.294345 0.294345 0.294345 0.294345 0.294345 0.294350 0.294350 0.294346 0.294345 0.000000 0.000000
0.000000 0.000000 0.291790 0.291791 0.291794 0.291794 0.291790 0.291790 0.291790 0.291790 0.291790 0.291790 0.291790 0.291790 0.291790 0.291794 0.291794 0.291791 0.291790 0.000000 0.000000
0.000000 0.000000 0.289415 0.289416 0.289419 0.289418 0.289415 0.289415 0.289415 0.289415 0.289415 0.289415 0.289415 0.289415 0.289415 0.289418 0.289419 0.289416 0.289415 0.000000 0.000000
0.000000 0.000000 0.287173 0.287174 0.287177 0.287177 0.287173 0.287174 0.287174 0.287173 0.287173 0.287173 0.287174 0.287174 0.287173 0.287177 0.287177 0.287174 0.287173 0.000000 0.000000
0.000000 0.000000 0.285016 0.285017 0.285019 0.285019 0.285016 0.285016 0.285016 0.285016 0.285016 0.285016 0.285016 0.285016 0.285016 0.285019 0.285019 0.285017 0.285016 0.000000 0.000000
0.000000 0.000000 0.282922 0.282923 0.282925 0.282925 0.282922 0.282922 0.282922 0.282922 0.282922 0.282922 0.282922 0.282922 0.282922 0.282925 0.282925 0.282923 0.282922 0.000000 0.000000
0.000000 0.000000 0.280870 0.280871 0.280873 0.280873 0.280870 0.280870 0.280870 0.280870 0.280870 0.280870 0.280870 0.280870 0.280870 0.280873 0.280873 0.280871 0.280870 0.000000 0.000000
0.000000 0.000000 0.278853 0.278853 0.278856 0.278855 0.278853 0.278853 0.278853 0.278852 0.278853 0.278852 0.278853 0.278853 0.278853 0.278855 0.278856 0.278853 0.278853 0.000000 0.000000
0.000000 0.000000 0.276864 0.276865 0.276867 0.276867 0.276864 0.276864 0.276864 0.276864 0.276864 0.276864 0.276864 0.276864 0.276864 0.276867 0.276867 0.276865 0.276864 0.000000 0.000000
0.000000 0.000000 0.274893 0.274894 0.274897 0.274896 0.274893 0.274893 0.274894 0.274893 0.274893 0.274893 0.274894 0.274893 0.274893 0.274896 0.274897 0.274894 0.274893 0.000000 0.000000
0.000000 0.000000 0.272935 0.272936 0.272938 0.272938 0.272935 0.272935 0.272935 0.272935 0.272935 0.272935 0.272935 0.272935 0.272935 0.272938 0.272938 0.272936 0.272935 0.000000 0.000000
0.000000 0.000000 0.270993 0.270994 0.270996 0.270996 0.270993 0.270993 0.270993 0.270993 0.270993 0.270993 0.270993 0.270993 0.270993 0.270996 0.270996 0.270994 0.270993 0.000000 0.000000
0.000000 0.000000 0.269033 0.269033 0.269036 0.269035 0.269033 0.269032 0.269033 0.269032 0.269032 0.269032 0.269033 0.269032 0.269033 0.269035 0.269036 0.269033 0.269032 0.000000 0.000000
0.000000 0.000000 0.300000 0.300000 0.300000 0.300000 0.300000 0.300000 0.300000 0.300000 0.300000 0.300000 0.300000 0.300000 0.300000 0.300000 0.300000 0.300000 0.300000 0.000000 0.000000
0.000000 0.000000 0.000000 0.000000 0.000000 0.000000 0.000000 0.000000 0.000000 0.000000 0.000000 0.000000 0.000000 0.000000 0.000000 0.000000 0.000000 0.000000 0.000000 0.000000 0.000000