geotop/1.0zi/1.0Montebello/Templates/testdem/maps/_Eocsilt8483.asc
ncols         21
nrows         20
xllcorner     100.000000
yllcorner     100.000000
cellsize      50.000000
NODATA_value  -9999.0
0.000000 0.000000 0.000000 0.000000 0.000000 0.000000 0.000000 0.000000 0.000000 0.000000 0.000000 0.000000 0.000000 0.000000 0.000000 0.000000 0.000000 0.000000 0.000000 0.000000 0.000000
0.000000 0.000000 0.350177 0.350178 0.350178 0.350178 0.350178 0.350178 0.350178 0.350178 0.350178 0.350177 0.350177 0.350177 0.350177 0.350178 0.350178 0.350178 0.350178 0.000000 0.000000
0.000000 0.000000 0.350006 0.350006 0.350006 0.350005 0.350006 0.350006 0.350006 0.350006 0.350007 0.350006 0.350007 0.350007 0.350006 0.350006 0.350004 0.350004 0.350006 0.000000 0.000000
0.000000 0.000000 0.350102 0.350099 0.350096 0.350091 0.350092 0.350087 0.350090 0.350090 0.350087 0.350089 0.350089 0.350089 0.350092 0.350095 0.350098 0.350098 0.350100 0.000000 0.000000
0.000000 0.000000 0.351074 0.351079 0.351068 0.351057 0.351048 0.351041 0.351040 0.351037 0.351038 0.351040 0.351043 0.351042 0.351055 0.351059 0.351063 0.351072 0.351074 0.000000 0.000000
0.000000 0.000000 0.353922 0.353919 0.353911 0.353892 0.353871 0.353849 0.353847 0.353841 0.353846 0.353847 0.353850 0.353847 0.353861 0.353874 0.353887 0.353894 0.353901 0.000000 0.000000
0.000000 0.000000 0.358033 0.358026 0.358016 0.357988 0.357952 0.357915 0.357917 0.357913 0.357913 0.357913 0.357911 0.357915 0.357947 0.357974 0.357992 0.358007 0.358015 0.000000 0.000000
0.000000 0.000000 0.362896 0.362892 0.362885 0.362855 0.362823 0.362782 0.362782 0.362776 0.362776 0.362773 0.362771 0.362778 0.362813 0.362841 0.362869 0.362875 0.362888 0.000000 0.000000
0.000000 0.000000 0.368149 0.368137 0.368122 0.368101 0.368065 0.368019 0.368021 0.368011 0.368009 0.368008 0.368010 0.368008 0.368053 0.368088 0.368110 0.368121 0.368133 0.000000 0.000000
0.000000 0.000000 0.373724 0.373712 0.373704 0.373684 0.373632 0.373591 0.373592 0.373586 0.373580 0.373585 0.373590 0.373588 0.373625 0.373667 0.373692 0.373701 0.373708 0.000000 0.000000
0.000000 0.000000 0.379801 0.379794 0.379785 0.379737 0.379703 0.379652 0.379666 0.379636 0.379642 0.379640 0.379630 0.379647 0.379684 0.379708 0.379742 0.379759 0.379782 0.000000 0.000000
0.000000 0.000000 0.386599 0.386577 0.386557 0.386531 0.386487 0.386427 0.386421 0.386416 0.386429 0.386408 0.386417 0.386418 0.386483 0.386517 0.386538 0.386551 0.386606 0.000000 0.000000
0.000000 0.000000 0.393998 0.393976 0.393974 0.393926 0.393892 0.393726 0.393722 0.393714 0.393667 0.393695 0.393702 0.393717 0.393846 0.393876 0.393941 0.393946 0.393972 0.000000 0.000000
0.000000 0.000000 0.402753 0.402747 0.402712 0.402681 0.402466 0.402492 0.402449 0.402449 0.402466 0.402449 0.402446 0.402429 0.402404 0.402630 0.402659 0.402718 0.402758 0.000000 0.000000
0.000000 0.000000 0.413110 0.413087 0.413043 0.412767 0.412803 0.412663 0.412603 0.412589 0.412540 0.412510 0.412541 0.412535 0.412672 0.412648 0.413013 0.412951 0.412955 0.000000 0.000000
0.000000 0.000000 0.424354 0.424334 0.423940 0.424065 0.424029 0.424002 0.424154 0.424107 0.424189 0.424165 0.424099 0.424195 0.424194 0.424219 0.423902 0.424480 0.424472 0.000000 0.000000
0.000000 0.000000 0.437916 0.437324 0.437475 0.437240 0.436944 0.436855 0.436682 0.436722 0.436540 0.436560 0.436665 0.436558 0.436712 0.436929 0.437451 0.437088 0.437704 0.000000 0.000000
0.000000 0.000000 0.442399 0.442931 0.443395 0.443397 0.443427 0.442977 0.443058 0.442924 0.443147 0.443102 0.443068 0.443141 0.443515 0.443491 0.443478 0.443124 0.442601 0.000000 0.000000
0.000000 0.000000 0.350000 0.350000 0.350000 0.350000 0.350000 0.350000 0.350000 0.350000 0.350000 0.350000 0.350000 0.350000 0.350000 0.350000 0.350000 0.350000 0.350000 0.000000 0.000000
0.000000 0.000000 0.000000 0.000000 0.000000 0.000000 0.000000 0.000000 0.000000 0.000000 0.000000 0.000000 0.000000 0.000000 0.000000 0.000000 0.000000 0.000000 0.000000 0.000000 0.000000