geotop/1.0zi/1.0Montebello/Templates/testdem/maps/_Eocsand6229.asc
ncols         21
nrows         20
xllcorner     100.000000
yllcorner     100.000000
cellsize      50.000000
NODATA_value  -9999.0
0.000000 0.000000 0.000000 0.000000 0.000000 0.000000 0.000000 0.000000 0.000000 0.000000 0.000000 0.000000 0.000000 0.000000 0.000000 0.000000 0.000000 0.000000 0.000000 0.000000 0.000000
0.000000 0.000000 0.300152 0.300150 0.300150 0.300151 0.300150 0.300150 0.300150 0.300150 0.300151 0.300150 0.300150 0.300150 0.300150 0.300150 0.300151 0.300151 0.300151 0.000000 0.000000
0.000000 0.000000 0.300008 0.300009 0.300009 0.300008 0.300009 0.300009 0.300009 0.300009 0.300009 0.300009 0.300008 0.300009 0.300009 0.300009 0.300010 0.300010 0.300011 0.000000 0.000000
0.000000 0.000000 0.299969 0.299967 0.299972 0.299977 0.299974 0.299976 0.299973 0.299975 0.299972 0.299975 0.299975 0.299975 0.299973 0.299968 0.299968 0.299965 0.299966 0.000000 0.000000
0.000000 0.000000 0.298870 0.298866 0.298870 0.298878 0.298894 0.298902 0.298903 0.298903 0.298907 0.298907 0.298910 0.298907 0.298895 0.298892 0.298887 0.298876 0.298865 0.000000 0.000000
0.000000 0.000000 0.295475 0.295473 0.295486 0.295523 0.295541 0.295578 0.295578 0.295588 0.295581 0.295577 0.295573 0.295576 0.295564 0.295543 0.295524 0.295509 0.295498 0.000000 0.000000
0.000000 0.000000 0.290359 0.290364 0.290375 0.290413 0.290459 0.290512 0.290511 0.290519 0.290516 0.290514 0.290517 0.290514 0.290472 0.290429 0.290407 0.290388 0.290372 0.000000 0.000000
0.000000 0.000000 0.284144 0.284144 0.284151 0.284192 0.284237 0.284295 0.284295 0.284301 0.284302 0.284303 0.284306 0.284298 0.284250 0.284209 0.284175 0.284165 0.284143 0.000000 0.000000
0.000000 0.000000 0.277681 0.277690 0.277709 0.277734 0.277778 0.277841 0.277838 0.277850 0.277855 0.277853 0.277854 0.277856 0.277797 0.277752 0.277721 0.277710 0.277691 0.000000 0.000000
0.000000 0.000000 0.271114 0.271126 0.271134 0.271155 0.271218 0.271274 0.271270 0.271278 0.271286 0.271279 0.271270 0.271278 0.271228 0.271175 0.271143 0.271137 0.271121 0.000000 0.000000
0.000000 0.000000 0.264287 0.264295 0.264302 0.264348 0.264391 0.264452 0.264439 0.264470 0.264470 0.264467 0.264476 0.264457 0.264418 0.264385 0.264348 0.264329 0.264300 0.000000 0.000000
0.000000 0.000000 0.257059 0.257073 0.257094 0.257129 0.257168 0.257244 0.257242 0.257258 0.257241 0.257261 0.257257 0.257251 0.257180 0.257147 0.257121 0.257110 0.257038 0.000000 0.000000
0.000000 0.000000 0.249571 0.249588 0.249597 0.249637 0.249672 0.249830 0.249831 0.249844 0.249879 0.249861 0.249850 0.249837 0.249719 0.249686 0.249628 0.249622 0.249572 0.000000 0.000000
0.000000 0.000000 0.241358 0.241370 0.241395 0.241421 0.241578 0.241614 0.241650 0.241651 0.241662 0.241656 0.241659 0.241664 0.241644 0.241482 0.241434 0.241394 0.241342 0.000000 0.000000
0.000000 0.000000 0.232216 0.232227 0.232264 0.232436 0.232482 0.232575 0.232635 0.232646 0.232676 0.232698 0.232675 0.232686 0.232610 0.232543 0.232303 0.232324 0.232293 0.000000 0.000000
0.000000 0.000000 0.222446 0.222459 0.222689 0.222717 0.222729 0.222785 0.222733 0.222763 0.222738 0.222764 0.222792 0.222741 0.222704 0.222684 0.222721 0.222427 0.222420 0.000000 0.000000
0.000000 0.000000 0.211061 0.211383 0.211468 0.211563 0.211719 0.211788 0.211823 0.211822 0.211898 0.211902 0.211869 0.211888 0.211801 0.211681 0.211492 0.211458 0.211127 0.000000 0.000000
0.000000 0.000000 0.203170 0.203109 0.202814 0.202883 0.202980 0.203275 0.203278 0.203347 0.203290 0.203309 0.203294 0.203281 0.203009 0.202938 0.202765 0.203063 0.203106 0.000000 0.000000
0.000000 0.000000 0.300000 0.300000 0.300000 0.300000 0.300000 0.300000 0.300000 0.300000 0.300000 0.300000 0.300000 0.300000 0.300000 0.300000 0.300000 0.300000 0.300000 0.000000 0.000000
0.000000 0.000000 0.000000 0.000000 0.000000 0.000000 0.000000 0.000000 0.000000 0.000000 0.000000 0.000000 0.000000 0.000000 0.000000 0.000000 0.000000 0.000000 0.000000 0.000000 0.000000