geotop/1.0zi/1.0Montebello/Templates/testdem/maps/_Eocsilt2211.asc
ncols         21
nrows         20
xllcorner     100.000000
yllcorner     100.000000
cellsize      50.000000
NODATA_value  -9999.0
0.000000 0.000000 0.000000 0.000000 0.000000 0.000000 0.000000 0.000000 0.000000 0.000000 0.000000 0.000000 0.000000 0.000000 0.000000 0.000000 0.000000 0.000000 0.000000 0.000000 0.000000
0.000000 0.000000 0.350052 0.350052 0.350052 0.350052 0.350052 0.350052 0.350052 0.350052 0.350052 0.350052 0.350052 0.350052 0.350052 0.350052 0.350052 0.350052 0.350052 0.000000 0.000000
0.000000 0.000000 0.349998 0.349998 0.349998 0.349998 0.349998 0.349998 0.349998 0.349998 0.349998 0.349998 0.349998 0.349998 0.349998 0.349998 0.349998 0.349998 0.349998 0.000000 0.000000
0.000000 0.000000 0.350709 0.350708 0.350706 0.350707 0.350709 0.350709 0.350708 0.350709 0.350709 0.350709 0.350708 0.350709 0.350709 0.350707 0.350706 0.350708 0.350709 0.000000 0.000000
0.000000 0.000000 0.353466 0.353466 0.353464 0.353464 0.353467 0.353466 0.353466 0.353467 0.353467 0.353467 0.353466 0.353466 0.353467 0.353464 0.353464 0.353466 0.353466 0.000000 0.000000
0.000000 0.000000 0.357126 0.357126 0.357124 0.357124 0.357127 0.357126 0.357126 0.357127 0.357127 0.357127 0.357126 0.357126 0.357127 0.357124 0.357124 0.357126 0.357126 0.000000 0.000000
0.000000 0.000000 0.360494 0.360494 0.360492 0.360492 0.360494 0.360494 0.360494 0.360495 0.360495 0.360495 0.360494 0.360494 0.360494 0.360492 0.360492 0.360494 0.360494 0.000000 0.000000
0.000000 0.000000 0.363577 0.363577 0.363575 0.363576 0.363577 0.363577 0.363577 0.363577 0.363578 0.363577 0.363577 0.363577 0.363577 0.363576 0.363575 0.363577 0.363577 0.000000 0.000000
0.000000 0.000000 0.366458 0.366457 0.366456 0.366457 0.366458 0.366457 0.366458 0.366458 0.366458 0.366458 0.366458 0.366457 0.366458 0.366457 0.366456 0.366457 0.366458 0.000000 0.000000
0.000000 0.000000 0.369205 0.369205 0.369204 0.369204 0.369205 0.369205 0.369205 0.369206 0.369206 0.369206 0.369205 0.369205 0.369205 0.369204 0.369204 0.369205 0.369205 0.000000 0.000000
0.000000 0.000000 0.371851 0.371850 0.371849 0.371850 0.371851 0.371851 0.371851 0.371851 0.371851 0.371851 0.371851 0.371851 0.371851 0.371850 0.371849 0.371850 0.371851 0.000000 0.000000
0.000000 0.000000 0.374418 0.374418 0.374417 0.374417 0.374418 0.374418 0.374418 0.374419 0.374419 0.374419 0.374418 0.374418 0.374418 0.374417 0.374417 0.374418 0.374418 0.000000 0.000000
0.000000 0.000000 0.376925 0.376925 0.376923 0.376924 0.376925 0.376925 0.376925 0.376925 0.376925 0.376925 0.376925 0.376925 0.376925 0.376924 0.376923 0.376925 0.376925 0.000000 0.000000
0.000000 0.000000 0.379378 0.379377 0.379376 0.379377 0.379378 0.379377 0.379377 0.379378 0.379378 0.379378 0.379377 0.379377 0.379378 0.379377 0.379376 0.379377 0.379378 0.000000 0.000000
0.000000 0.000000 0.381787 0.381786 0.381785 0.381786 0.381787 0.381786 0.381786 0.381787 0.381787 0.381787 0.381786 0.381786 0.381787 0.381786 0.381785 0.381786 0.381787 0.000000 0.000000
0.000000 0.000000 0.384157 0.384156 0.384155 0.384156 0.384157 0.384156 0.384156 0.384157 0.384157 0.384157 0.384156 0.384156 0.384157 0.384156 0.384155 0.384156 0.384157 0.000000 0.000000
0.000000 0.000000 0.386489 0.386488 0.386487 0.386488 0.386489 0.386488 0.386488 0.386489 0.386489 0.386489 0.386488 0.386488 0.386489 0.386488 0.386487 0.386488 0.386489 0.000000 0.000000
0.000000 0.000000 0.388811 0.388811 0.388810 0.388810 0.388811 0.388811 0.388811 0.388811 0.388811 0.388811 0.388811 0.388811 0.388811 0.388810 0.388810 0.388811 0.388811 0.000000 0.000000
0.000000 0.000000 0.350000 0.350000 0.350000 0.350000 0.350000 0.350000 0.350000 0.350000 0.350000 0.350000 0.350000 0.350000 0.350000 0.350000 0.350000 0.350000 0.350000 0.000000 0.000000
0.000000 0.000000 0.000000 0.000000 0.000000 0.000000 0.000000 0.000000 0.000000 0.000000 0.000000 0.000000 0.000000 0.000000 0.000000 0.000000 0.000000 0.000000 0.000000 0.000000 0.000000