geotop/1.0zi/1.0Montebello/Templates/testdem/maps/_Eocclay1201.asc
ncols         21
nrows         20
xllcorner     100.000000
yllcorner     100.000000
cellsize      50.000000
NODATA_value  -9999.0
0.000000 0.000000 0.000000 0.000000 0.000000 0.000000 0.000000 0.000000 0.000000 0.000000 0.000000 0.000000 0.000000 0.000000 0.000000 0.000000 0.000000 0.000000 0.000000 0.000000 0.000000
0.000000 0.000000 0.349935 0.349935 0.349935 0.349935 0.349935 0.349935 0.349935 0.349935 0.349935 0.349935 0.349935 0.349935 0.349935 0.349935 0.349935 0.349935 0.349935 0.000000 0.000000
0.000000 0.000000 0.349994 0.349994 0.349993 0.349994 0.349994 0.349994 0.349994 0.349994 0.349994 0.349994 0.349994 0.349994 0.349994 0.349994 0.349993 0.349994 0.349994 0.000000 0.000000
0.000000 0.000000 0.350464 0.350464 0.350462 0.350463 0.350464 0.350464 0.350464 0.350464 0.350464 0.350464 0.350464 0.350464 0.350464 0.350463 0.350462 0.350464 0.350464 0.000000 0.000000
0.000000 0.000000 0.352265 0.352264 0.352261 0.352262 0.352265 0.352264 0.352264 0.352265 0.352265 0.352265 0.352264 0.352264 0.352265 0.352262 0.352261 0.352264 0.352265 0.000000 0.000000
0.000000 0.000000 0.354281 0.354281 0.354279 0.354279 0.354282 0.354281 0.354281 0.354282 0.354282 0.354282 0.354281 0.354281 0.354282 0.354279 0.354279 0.354281 0.354281 0.000000 0.000000
0.000000 0.000000 0.356204 0.356203 0.356202 0.356202 0.356204 0.356204 0.356204 0.356204 0.356204 0.356204 0.356204 0.356204 0.356204 0.356202 0.356202 0.356203 0.356204 0.000000 0.000000
0.000000 0.000000 0.357978 0.357978 0.357976 0.357977 0.357978 0.357978 0.357978 0.357978 0.357978 0.357978 0.357978 0.357978 0.357978 0.357977 0.357976 0.357978 0.357978 0.000000 0.000000
0.000000 0.000000 0.359641 0.359641 0.359639 0.359640 0.359641 0.359641 0.359641 0.359641 0.359641 0.359641 0.359641 0.359641 0.359641 0.359640 0.359639 0.359641 0.359641 0.000000 0.000000
0.000000 0.000000 0.361234 0.361234 0.361232 0.361233 0.361234 0.361234 0.361234 0.361234 0.361234 0.361234 0.361234 0.361234 0.361234 0.361233 0.361232 0.361234 0.361234 0.000000 0.000000
0.000000 0.000000 0.362774 0.362774 0.362773 0.362773 0.362774 0.362774 0.362774 0.362774 0.362774 0.362774 0.362774 0.362774 0.362774 0.362773 0.362773 0.362774 0.362774 0.000000 0.000000
0.000000 0.000000 0.364278 0.364278 0.364277 0.364277 0.364279 0.364278 0.364278 0.364279 0.364279 0.364279 0.364278 0.364278 0.364279 0.364277 0.364277 0.364278 0.364278 0.000000 0.000000
0.000000 0.000000 0.365757 0.365757 0.365755 0.365756 0.365757 0.365757 0.365757 0.365757 0.365757 0.365757 0.365757 0.365757 0.365757 0.365756 0.365755 0.365757 0.365757 0.000000 0.000000
0.000000 0.000000 0.367209 0.367209 0.367207 0.367208 0.367209 0.367209 0.367209 0.367209 0.367209 0.367209 0.367209 0.367209 0.367209 0.367208 0.367207 0.367209 0.367209 0.000000 0.000000
0.000000 0.000000 0.368643 0.368642 0.368641 0.368641 0.368643 0.368642 0.368642 0.368643 0.368643 0.368643 0.368642 0.368642 0.368643 0.368641 0.368641 0.368642 0.368643 0.000000 0.000000
0.000000 0.000000 0.370062 0.370062 0.370060 0.370061 0.370062 0.370062 0.370062 0.370062 0.370062 0.370062 0.370062 0.370062 0.370062 0.370061 0.370060 0.370062 0.370062 0.000000 0.000000
0.000000 0.000000 0.371468 0.371468 0.371466 0.371467 0.371468 0.371468 0.371468 0.371468 0.371468 0.371468 0.371468 0.371468 0.371468 0.371467 0.371466 0.371468 0.371468 0.000000 0.000000
0.000000 0.000000 0.372899 0.372899 0.372898 0.372898 0.372899 0.372899 0.372899 0.372899 0.372899 0.372899 0.372899 0.372899 0.372899 0.372898 0.372898 0.372899 0.372899 0.000000 0.000000
0.000000 0.000000 0.350000 0.350000 0.350000 0.350000 0.350000 0.350000 0.350000 0.350000 0.350000 0.350000 0.350000 0.350000 0.350000 0.350000 0.350000 0.350000 0.350000 0.000000 0.000000
0.000000 0.000000 0.000000 0.000000 0.000000 0.000000 0.000000 0.000000 0.000000 0.000000 0.000000 0.000000 0.000000 0.000000 0.000000 0.000000 0.000000 0.000000 0.000000 0.000000 0.000000