geotop/1.0zi/1.0Montebello/Templates/testdem/maps/_Eocsilt5583.asc
ncols         21
nrows         20
xllcorner     100.000000
yllcorner     100.000000
cellsize      50.000000
NODATA_value  -9999.0
0.000000 0.000000 0.000000 0.000000 0.000000 0.000000 0.000000 0.000000 0.000000 0.000000 0.000000 0.000000 0.000000 0.000000 0.000000 0.000000 0.000000 0.000000 0.000000 0.000000 0.000000
0.000000 0.000000 0.350110 0.350110 0.350110 0.350110 0.350110 0.350110 0.350110 0.350110 0.350110 0.350110 0.350110 0.350110 0.350110 0.350110 0.350110 0.350110 0.350110 0.000000 0.000000
0.000000 0.000000 0.350002 0.350002 0.350002 0.350003 0.350003 0.350003 0.350003 0.350003 0.350003 0.350003 0.350003 0.350003 0.350003 0.350002 0.350001 0.350001 0.350001 0.000000 0.000000
0.000000 0.000000 0.350045 0.350045 0.350043 0.350039 0.350040 0.350038 0.350040 0.350040 0.350039 0.350039 0.350039 0.350039 0.350040 0.350044 0.350045 0.350046 0.350046 0.000000 0.000000
0.000000 0.000000 0.350513 0.350516 0.350515 0.350511 0.350508 0.350503 0.350502 0.350500 0.350498 0.350499 0.350501 0.350501 0.350507 0.350510 0.350509 0.350518 0.350522 0.000000 0.000000
0.000000 0.000000 0.351955 0.351959 0.351955 0.351941 0.351931 0.351914 0.351912 0.351909 0.351913 0.351915 0.351916 0.351913 0.351918 0.351924 0.351933 0.351937 0.351941 0.000000 0.000000
0.000000 0.000000 0.354166 0.354163 0.354160 0.354142 0.354122 0.354099 0.354100 0.354098 0.354101 0.354101 0.354097 0.354101 0.354116 0.354133 0.354140 0.354149 0.354155 0.000000 0.000000
0.000000 0.000000 0.356835 0.356835 0.356836 0.356819 0.356799 0.356774 0.356775 0.356772 0.356772 0.356772 0.356771 0.356773 0.356791 0.356809 0.356824 0.356827 0.356836 0.000000 0.000000
0.000000 0.000000 0.359634 0.359629 0.359622 0.359612 0.359592 0.359563 0.359565 0.359560 0.359558 0.359559 0.359559 0.359557 0.359582 0.359601 0.359615 0.359620 0.359629 0.000000 0.000000
0.000000 0.000000 0.362431 0.362426 0.362424 0.362417 0.362389 0.362365 0.362367 0.362364 0.362360 0.362364 0.362367 0.362364 0.362383 0.362404 0.362418 0.362420 0.362426 0.000000 0.000000
0.000000 0.000000 0.365295 0.365292 0.365292 0.365272 0.365253 0.365226 0.365232 0.365219 0.365220 0.365221 0.365218 0.365224 0.365240 0.365253 0.365268 0.365277 0.365289 0.000000 0.000000
0.000000 0.000000 0.368297 0.368290 0.368283 0.368269 0.368253 0.368220 0.368222 0.368214 0.368223 0.368215 0.368216 0.368219 0.368247 0.368259 0.368269 0.368274 0.368305 0.000000 0.000000
0.000000 0.000000 0.371367 0.371361 0.371359 0.371344 0.371329 0.371264 0.371264 0.371259 0.371245 0.371253 0.371257 0.371262 0.371308 0.371319 0.371343 0.371345 0.371367 0.000000 0.000000
0.000000 0.000000 0.374690 0.374686 0.374678 0.374669 0.374607 0.374591 0.374577 0.374576 0.374571 0.374573 0.374574 0.374571 0.374578 0.374638 0.374658 0.374674 0.374696 0.000000 0.000000
0.000000 0.000000 0.378334 0.378329 0.378316 0.378254 0.378233 0.378196 0.378172 0.378168 0.378156 0.378149 0.378157 0.378151 0.378177 0.378206 0.378297 0.378290 0.378304 0.000000 0.000000
0.000000 0.000000 0.382182 0.382177 0.382097 0.382082 0.382077 0.382053 0.382069 0.382058 0.382065 0.382057 0.382047 0.382063 0.382076 0.382084 0.382079 0.382184 0.382187 0.000000 0.000000
0.000000 0.000000 0.386562 0.386452 0.386413 0.386381 0.386329 0.386303 0.386294 0.386292 0.386269 0.386265 0.386275 0.386270 0.386299 0.386337 0.386400 0.386427 0.386538 0.000000 0.000000
0.000000 0.000000 0.389796 0.389797 0.389895 0.389868 0.389825 0.389723 0.389720 0.389697 0.389711 0.389705 0.389712 0.389714 0.389807 0.389836 0.389907 0.389806 0.389811 0.000000 0.000000
0.000000 0.000000 0.350000 0.350000 0.350000 0.350000 0.350000 0.350000 0.350000 0.350000 0.350000 0.350000 0.350000 0.350000 0.350000 0.350000 0.350000 0.350000 0.350000 0.000000 0.000000
0.000000 0.000000 0.000000 0.000000 0.000000 0.000000 0.000000 0.000000 0.000000 0.000000 0.000000 0.000000 0.000000 0.000000 0.000000 0.000000 0.000000 0.000000 0.000000 0.000000 0.000000