geotop/1.0zi/1.0Montebello/Templates/testdem/maps/_Eocsand9848.asc
ncols         21
nrows         20
xllcorner     100.000000
yllcorner     100.000000
cellsize      50.000000
NODATA_value  -9999.0
0.000000 0.000000 0.000000 0.000000 0.000000 0.000000 0.000000 0.000000 0.000000 0.000000 0.000000 0.000000 0.000000 0.000000 0.000000 0.000000 0.000000 0.000000 0.000000 0.000000 0.000000
0.000000 0.000000 0.300242 0.300239 0.300240 0.300240 0.300240 0.300239 0.300240 0.300240 0.300241 0.300240 0.300240 0.300240 0.300240 0.300240 0.300241 0.300240 0.300240 0.000000 0.000000
0.000000 0.000000 0.300011 0.300013 0.300013 0.300011 0.300012 0.300013 0.300012 0.300012 0.300013 0.300012 0.300012 0.300012 0.300012 0.300012 0.300013 0.300013 0.300014 0.000000 0.000000
0.000000 0.000000 0.299810 0.299808 0.299817 0.299825 0.299824 0.299830 0.299822 0.299824 0.299824 0.299823 0.299821 0.299823 0.299818 0.299811 0.299808 0.299805 0.299807 0.000000 0.000000
0.000000 0.000000 0.297020 0.297021 0.297037 0.297069 0.297097 0.297107 0.297107 0.297108 0.297111 0.297104 0.297098 0.297098 0.297075 0.297061 0.297046 0.297037 0.297024 0.000000 0.000000
0.000000 0.000000 0.289383 0.289395 0.289432 0.289495 0.289558 0.289616 0.289613 0.289625 0.289625 0.289624 0.289612 0.289618 0.289583 0.289528 0.289500 0.289480 0.289467 0.000000 0.000000
0.000000 0.000000 0.278877 0.278900 0.278931 0.279005 0.279087 0.279198 0.279196 0.279206 0.279215 0.279215 0.279216 0.279212 0.279119 0.279052 0.279010 0.278982 0.278967 0.000000 0.000000
0.000000 0.000000 0.266391 0.266418 0.266449 0.266538 0.266629 0.266731 0.266729 0.266743 0.266754 0.266760 0.266763 0.266746 0.266660 0.266584 0.266517 0.266504 0.266475 0.000000 0.000000
0.000000 0.000000 0.252655 0.252693 0.252742 0.252811 0.252914 0.253036 0.253024 0.253049 0.253066 0.253070 0.253063 0.253070 0.252948 0.252858 0.252806 0.252785 0.252760 0.000000 0.000000
0.000000 0.000000 0.237455 0.237508 0.237548 0.237622 0.237736 0.237863 0.237860 0.237878 0.237905 0.237895 0.237879 0.237886 0.237787 0.237670 0.237609 0.237586 0.237574 0.000000 0.000000
0.000000 0.000000 0.220126 0.220170 0.220209 0.220374 0.220428 0.220599 0.220563 0.220648 0.220642 0.220654 0.220682 0.220636 0.220525 0.220452 0.220366 0.220335 0.220261 0.000000 0.000000
0.000000 0.000000 0.199852 0.199943 0.200046 0.200125 0.200215 0.200431 0.200435 0.200446 0.200422 0.200497 0.200461 0.200474 0.200275 0.200161 0.200115 0.200088 0.199939 0.000000 0.000000
0.000000 0.000000 0.176955 0.177040 0.177065 0.177224 0.177335 0.177908 0.177919 0.177956 0.178160 0.178036 0.178024 0.177975 0.177544 0.177447 0.177237 0.177227 0.177192 0.000000 0.000000
0.000000 0.000000 0.148587 0.148627 0.148812 0.148925 0.149726 0.149439 0.149612 0.149613 0.149506 0.149617 0.149637 0.149723 0.149983 0.149098 0.149068 0.148862 0.148740 0.000000 0.000000
0.000000 0.000000 0.116611 0.116705 0.116864 0.117887 0.117444 0.118090 0.118229 0.118298 0.118533 0.118609 0.118491 0.118485 0.117912 0.118338 0.117002 0.117320 0.117370 0.000000 0.000000
0.000000 0.000000 0.088630 0.088684 0.089755 0.089189 0.089387 0.089337 0.088865 0.088992 0.088739 0.088780 0.088985 0.088733 0.088883 0.088697 0.089916 0.088278 0.088302 0.000000 0.000000
0.000000 0.000000 0.065281 0.066040 0.065865 0.066172 0.066574 0.066701 0.066924 0.066874 0.067120 0.067091 0.066953 0.067095 0.066888 0.066585 0.065933 0.066388 0.065600 0.000000 0.000000
0.000000 0.000000 0.055116 0.055091 0.054657 0.054822 0.054986 0.055379 0.055421 0.055498 0.055446 0.055466 0.055429 0.055440 0.055074 0.054949 0.054644 0.055143 0.055160 0.000000 0.000000
0.000000 0.000000 0.300000 0.300000 0.300000 0.300000 0.300000 0.300000 0.300000 0.300000 0.300000 0.300000 0.300000 0.300000 0.300000 0.300000 0.300000 0.300000 0.300000 0.000000 0.000000
0.000000 0.000000 0.000000 0.000000 0.000000 0.000000 0.000000 0.000000 0.000000 0.000000 0.000000 0.000000 0.000000 0.000000 0.000000 0.000000 0.000000 0.000000 0.000000 0.000000 0.000000