geotop/1.0zi/1.0Montebello/Templates/testdem/maps/_Eocsilt1294.asc
ncols         21
nrows         20
xllcorner     100.000000
yllcorner     100.000000
cellsize      50.000000
NODATA_value  -9999.0
0.000000 0.000000 0.000000 0.000000 0.000000 0.000000 0.000000 0.000000 0.000000 0.000000 0.000000 0.000000 0.000000 0.000000 0.000000 0.000000 0.000000 0.000000 0.000000 0.000000 0.000000
0.000000 0.000000 0.350025 0.350025 0.350025 0.350025 0.350025 0.350025 0.350025 0.350025 0.350025 0.350025 0.350025 0.350025 0.350025 0.350025 0.350025 0.350025 0.350025 0.000000 0.000000
0.000000 0.000000 0.350000 0.350000 0.350000 0.350000 0.350000 0.350000 0.350000 0.350000 0.350000 0.350000 0.350000 0.350000 0.350000 0.350000 0.350000 0.350000 0.350000 0.000000 0.000000
0.000000 0.000000 0.350570 0.350569 0.350567 0.350568 0.350570 0.350570 0.350570 0.350570 0.350570 0.350570 0.350570 0.350570 0.350570 0.350568 0.350567 0.350569 0.350570 0.000000 0.000000
0.000000 0.000000 0.352375 0.352375 0.352373 0.352373 0.352376 0.352375 0.352375 0.352376 0.352376 0.352376 0.352375 0.352375 0.352376 0.352373 0.352373 0.352375 0.352375 0.000000 0.000000
0.000000 0.000000 0.354591 0.354590 0.354588 0.354589 0.354591 0.354591 0.354590 0.354591 0.354591 0.354591 0.354590 0.354591 0.354591 0.354589 0.354588 0.354590 0.354591 0.000000 0.000000
0.000000 0.000000 0.356632 0.356632 0.356630 0.356631 0.356633 0.356632 0.356632 0.356633 0.356633 0.356633 0.356632 0.356632 0.356633 0.356631 0.356630 0.356632 0.356632 0.000000 0.000000
0.000000 0.000000 0.358507 0.358507 0.358505 0.358506 0.358508 0.358507 0.358507 0.358508 0.358507 0.358508 0.358507 0.358507 0.358508 0.358506 0.358505 0.358507 0.358507 0.000000 0.000000
0.000000 0.000000 0.360265 0.360264 0.360263 0.360263 0.360265 0.360265 0.360265 0.360265 0.360265 0.360265 0.360265 0.360265 0.360265 0.360263 0.360263 0.360264 0.360265 0.000000 0.000000
0.000000 0.000000 0.361950 0.361950 0.361948 0.361949 0.361950 0.361950 0.361950 0.361950 0.361950 0.361950 0.361950 0.361950 0.361950 0.361949 0.361948 0.361950 0.361950 0.000000 0.000000
0.000000 0.000000 0.363580 0.363580 0.363578 0.363579 0.363580 0.363580 0.363580 0.363580 0.363580 0.363580 0.363580 0.363580 0.363580 0.363579 0.363578 0.363580 0.363580 0.000000 0.000000
0.000000 0.000000 0.365172 0.365172 0.365171 0.365171 0.365173 0.365172 0.365172 0.365173 0.365172 0.365173 0.365172 0.365172 0.365173 0.365171 0.365171 0.365172 0.365172 0.000000 0.000000
0.000000 0.000000 0.366738 0.366738 0.366736 0.366737 0.366738 0.366738 0.366738 0.366738 0.366738 0.366738 0.366738 0.366738 0.366738 0.366737 0.366736 0.366738 0.366738 0.000000 0.000000
0.000000 0.000000 0.368277 0.368277 0.368275 0.368276 0.368277 0.368277 0.368277 0.368277 0.368277 0.368277 0.368277 0.368277 0.368277 0.368276 0.368275 0.368277 0.368277 0.000000 0.000000
0.000000 0.000000 0.369797 0.369796 0.369795 0.369795 0.369797 0.369796 0.369796 0.369797 0.369797 0.369797 0.369796 0.369796 0.369797 0.369795 0.369795 0.369796 0.369797 0.000000 0.000000
0.000000 0.000000 0.371302 0.371302 0.371301 0.371301 0.371303 0.371302 0.371302 0.371303 0.371303 0.371303 0.371302 0.371302 0.371303 0.371301 0.371301 0.371302 0.371302 0.000000 0.000000
0.000000 0.000000 0.372794 0.372794 0.372792 0.372793 0.372794 0.372794 0.372794 0.372794 0.372794 0.372794 0.372794 0.372794 0.372794 0.372793 0.372792 0.372794 0.372794 0.000000 0.000000
0.000000 0.000000 0.374310 0.374310 0.374309 0.374309 0.374311 0.374310 0.374310 0.374311 0.374311 0.374311 0.374310 0.374310 0.374311 0.374309 0.374309 0.374310 0.374310 0.000000 0.000000
0.000000 0.000000 0.350000 0.350000 0.350000 0.350000 0.350000 0.350000 0.350000 0.350000 0.350000 0.350000 0.350000 0.350000 0.350000 0.350000 0.350000 0.350000 0.350000 0.000000 0.000000
0.000000 0.000000 0.000000 0.000000 0.000000 0.000000 0.000000 0.000000 0.000000 0.000000 0.000000 0.000000 0.000000 0.000000 0.000000 0.000000 0.000000 0.000000 0.000000 0.000000 0.000000