geotop/1.0zi/1.0Montebello/Templates/testdem/maps/_Eocsilt0911.asc
ncols         21
nrows         20
xllcorner     100.000000
yllcorner     100.000000
cellsize      50.000000
NODATA_value  -9999.0
0.000000 0.000000 0.000000 0.000000 0.000000 0.000000 0.000000 0.000000 0.000000 0.000000 0.000000 0.000000 0.000000 0.000000 0.000000 0.000000 0.000000 0.000000 0.000000 0.000000 0.000000
0.000000 0.000000 0.350018 0.350018 0.350018 0.350018 0.350018 0.350018 0.350018 0.350018 0.350018 0.350018 0.350018 0.350018 0.350018 0.350018 0.350018 0.350018 0.350018 0.000000 0.000000
0.000000 0.000000 0.349999 0.349999 0.349999 0.349999 0.349999 0.349999 0.349999 0.349999 0.349999 0.349999 0.349999 0.349999 0.349999 0.349999 0.349999 0.349999 0.349999 0.000000 0.000000
0.000000 0.000000 0.350395 0.350394 0.350392 0.350393 0.350395 0.350395 0.350395 0.350395 0.350395 0.350395 0.350395 0.350395 0.350395 0.350393 0.350392 0.350394 0.350395 0.000000 0.000000
0.000000 0.000000 0.351727 0.351726 0.351724 0.351724 0.351727 0.351727 0.351727 0.351727 0.351727 0.351727 0.351727 0.351727 0.351727 0.351724 0.351724 0.351726 0.351727 0.000000 0.000000
0.000000 0.000000 0.353325 0.353324 0.353322 0.353322 0.353325 0.353324 0.353324 0.353325 0.353325 0.353325 0.353324 0.353324 0.353325 0.353322 0.353322 0.353324 0.353325 0.000000 0.000000
0.000000 0.000000 0.354785 0.354785 0.354783 0.354783 0.354785 0.354785 0.354785 0.354785 0.354785 0.354785 0.354785 0.354785 0.354785 0.354783 0.354783 0.354785 0.354785 0.000000 0.000000
0.000000 0.000000 0.356124 0.356124 0.356122 0.356123 0.356124 0.356124 0.356124 0.356124 0.356124 0.356124 0.356124 0.356124 0.356124 0.356123 0.356122 0.356124 0.356124 0.000000 0.000000
0.000000 0.000000 0.357378 0.357377 0.357376 0.357376 0.357378 0.357378 0.357377 0.357378 0.357378 0.357378 0.357377 0.357378 0.357378 0.357376 0.357376 0.357377 0.357378 0.000000 0.000000
0.000000 0.000000 0.358579 0.358579 0.358577 0.358578 0.358579 0.358579 0.358579 0.358579 0.358579 0.358579 0.358579 0.358579 0.358579 0.358578 0.358577 0.358579 0.358579 0.000000 0.000000
0.000000 0.000000 0.359740 0.359740 0.359739 0.359739 0.359740 0.359740 0.359740 0.359740 0.359740 0.359740 0.359740 0.359740 0.359740 0.359739 0.359739 0.359740 0.359740 0.000000 0.000000
0.000000 0.000000 0.360875 0.360875 0.360874 0.360874 0.360875 0.360875 0.360875 0.360875 0.360875 0.360875 0.360875 0.360875 0.360875 0.360874 0.360874 0.360875 0.360875 0.000000 0.000000
0.000000 0.000000 0.361992 0.361991 0.361990 0.361990 0.361992 0.361991 0.361991 0.361992 0.361992 0.361992 0.361991 0.361991 0.361992 0.361990 0.361990 0.361991 0.361992 0.000000 0.000000
0.000000 0.000000 0.363088 0.363088 0.363087 0.363087 0.363088 0.363088 0.363088 0.363088 0.363088 0.363088 0.363088 0.363088 0.363088 0.363087 0.363087 0.363088 0.363088 0.000000 0.000000
0.000000 0.000000 0.364172 0.364172 0.364171 0.364171 0.364172 0.364172 0.364172 0.364172 0.364172 0.364172 0.364172 0.364172 0.364172 0.364171 0.364171 0.364172 0.364172 0.000000 0.000000
0.000000 0.000000 0.365249 0.365249 0.365247 0.365248 0.365249 0.365249 0.365249 0.365249 0.365249 0.365249 0.365249 0.365249 0.365249 0.365248 0.365247 0.365249 0.365249 0.000000 0.000000
0.000000 0.000000 0.366315 0.366315 0.366314 0.366314 0.366315 0.366315 0.366315 0.366315 0.366315 0.366315 0.366315 0.366315 0.366315 0.366314 0.366314 0.366315 0.366315 0.000000 0.000000
0.000000 0.000000 0.367408 0.367408 0.367407 0.367407 0.367408 0.367408 0.367408 0.367408 0.367408 0.367408 0.367408 0.367408 0.367408 0.367407 0.367407 0.367408 0.367408 0.000000 0.000000
0.000000 0.000000 0.350000 0.350000 0.350000 0.350000 0.350000 0.350000 0.350000 0.350000 0.350000 0.350000 0.350000 0.350000 0.350000 0.350000 0.350000 0.350000 0.350000 0.000000 0.000000
0.000000 0.000000 0.000000 0.000000 0.000000 0.000000 0.000000 0.000000 0.000000 0.000000 0.000000 0.000000 0.000000 0.000000 0.000000 0.000000 0.000000 0.000000 0.000000 0.000000 0.000000