geotop/1.0zi/1.0Montebello/Templates/testdem/maps/_Eocclay1582.asc
ncols         21
nrows         20
xllcorner     100.000000
yllcorner     100.000000
cellsize      50.000000
NODATA_value  -9999.0
0.000000 0.000000 0.000000 0.000000 0.000000 0.000000 0.000000 0.000000 0.000000 0.000000 0.000000 0.000000 0.000000 0.000000 0.000000 0.000000 0.000000 0.000000 0.000000 0.000000 0.000000
0.000000 0.000000 0.349916 0.349916 0.349916 0.349916 0.349916 0.349916 0.349916 0.349916 0.349916 0.349916 0.349916 0.349916 0.349916 0.349916 0.349916 0.349916 0.349916 0.000000 0.000000
0.000000 0.000000 0.349993 0.349993 0.349993 0.349993 0.349993 0.349993 0.349993 0.349993 0.349993 0.349993 0.349993 0.349993 0.349993 0.349993 0.349993 0.349993 0.349993 0.000000 0.000000
0.000000 0.000000 0.350615 0.350615 0.350612 0.350613 0.350615 0.350615 0.350615 0.350615 0.350615 0.350615 0.350615 0.350615 0.350615 0.350613 0.350612 0.350615 0.350615 0.000000 0.000000
0.000000 0.000000 0.353019 0.353018 0.353016 0.353016 0.353020 0.353019 0.353019 0.353020 0.353020 0.353020 0.353019 0.353019 0.353020 0.353016 0.353016 0.353018 0.353019 0.000000 0.000000
0.000000 0.000000 0.355705 0.355704 0.355703 0.355703 0.355706 0.355705 0.355705 0.355705 0.355705 0.355705 0.355705 0.355705 0.355706 0.355703 0.355703 0.355704 0.355705 0.000000 0.000000
0.000000 0.000000 0.358254 0.358253 0.358252 0.358252 0.358254 0.358254 0.358254 0.358254 0.358254 0.358254 0.358254 0.358254 0.358254 0.358252 0.358252 0.358253 0.358254 0.000000 0.000000
0.000000 0.000000 0.360600 0.360599 0.360598 0.360599 0.360600 0.360600 0.360600 0.360600 0.360600 0.360600 0.360600 0.360600 0.360600 0.360599 0.360598 0.360599 0.360600 0.000000 0.000000
0.000000 0.000000 0.362797 0.362797 0.362796 0.362796 0.362798 0.362797 0.362797 0.362798 0.362798 0.362798 0.362797 0.362797 0.362798 0.362796 0.362796 0.362797 0.362797 0.000000 0.000000
0.000000 0.000000 0.364901 0.364901 0.364899 0.364900 0.364901 0.364901 0.364901 0.364901 0.364901 0.364901 0.364901 0.364901 0.364901 0.364900 0.364899 0.364901 0.364901 0.000000 0.000000
0.000000 0.000000 0.366932 0.366932 0.366931 0.366931 0.366933 0.366932 0.366932 0.366933 0.366932 0.366933 0.366932 0.366932 0.366933 0.366931 0.366931 0.366932 0.366932 0.000000 0.000000
0.000000 0.000000 0.368911 0.368911 0.368909 0.368910 0.368911 0.368911 0.368911 0.368911 0.368911 0.368911 0.368911 0.368911 0.368911 0.368910 0.368909 0.368911 0.368911 0.000000 0.000000
0.000000 0.000000 0.370852 0.370852 0.370851 0.370851 0.370853 0.370852 0.370852 0.370853 0.370853 0.370853 0.370852 0.370852 0.370853 0.370851 0.370851 0.370852 0.370852 0.000000 0.000000
0.000000 0.000000 0.372756 0.372756 0.372754 0.372755 0.372756 0.372756 0.372756 0.372756 0.372756 0.372756 0.372756 0.372756 0.372756 0.372755 0.372754 0.372756 0.372756 0.000000 0.000000
0.000000 0.000000 0.374630 0.374630 0.374629 0.374629 0.374631 0.374630 0.374630 0.374631 0.374630 0.374631 0.374630 0.374630 0.374631 0.374629 0.374629 0.374630 0.374630 0.000000 0.000000
0.000000 0.000000 0.376483 0.376482 0.376481 0.376482 0.376483 0.376483 0.376483 0.376483 0.376483 0.376483 0.376483 0.376483 0.376483 0.376482 0.376481 0.376482 0.376483 0.000000 0.000000
0.000000 0.000000 0.378314 0.378313 0.378312 0.378313 0.378314 0.378314 0.378314 0.378314 0.378314 0.378314 0.378314 0.378314 0.378314 0.378313 0.378312 0.378313 0.378314 0.000000 0.000000
0.000000 0.000000 0.380164 0.380164 0.380163 0.380163 0.380165 0.380164 0.380164 0.380165 0.380165 0.380165 0.380164 0.380164 0.380165 0.380163 0.380163 0.380164 0.380164 0.000000 0.000000
0.000000 0.000000 0.350000 0.350000 0.350000 0.350000 0.350000 0.350000 0.350000 0.350000 0.350000 0.350000 0.350000 0.350000 0.350000 0.350000 0.350000 0.350000 0.350000 0.000000 0.000000
0.000000 0.000000 0.000000 0.000000 0.000000 0.000000 0.000000 0.000000 0.000000 0.000000 0.000000 0.000000 0.000000 0.000000 0.000000 0.000000 0.000000 0.000000 0.000000 0.000000 0.000000