geotop/1.0zi/1.0Montebello/Templates/testdem/maps/_Eocclay2283.asc
ncols         21
nrows         20
xllcorner     100.000000
yllcorner     100.000000
cellsize      50.000000
NODATA_value  -9999.0
0.000000 0.000000 0.000000 0.000000 0.000000 0.000000 0.000000 0.000000 0.000000 0.000000 0.000000 0.000000 0.000000 0.000000 0.000000 0.000000 0.000000 0.000000 0.000000 0.000000 0.000000
0.000000 0.000000 0.349876 0.349876 0.349876 0.349876 0.349876 0.349876 0.349876 0.349876 0.349876 0.349876 0.349876 0.349876 0.349876 0.349876 0.349876 0.349876 0.349876 0.000000 0.000000
0.000000 0.000000 0.349991 0.349991 0.349990 0.349991 0.349991 0.349991 0.349991 0.349991 0.349991 0.349991 0.349991 0.349991 0.349991 0.349991 0.349990 0.349991 0.349991 0.000000 0.000000
0.000000 0.000000 0.350715 0.350714 0.350712 0.350713 0.350715 0.350714 0.350714 0.350715 0.350714 0.350715 0.350714 0.350714 0.350715 0.350713 0.350712 0.350714 0.350715 0.000000 0.000000
0.000000 0.000000 0.353969 0.353968 0.353966 0.353967 0.353970 0.353969 0.353969 0.353970 0.353971 0.353970 0.353969 0.353969 0.353970 0.353967 0.353966 0.353968 0.353969 0.000000 0.000000
0.000000 0.000000 0.357762 0.357761 0.357760 0.357760 0.357762 0.357762 0.357762 0.357763 0.357763 0.357763 0.357762 0.357762 0.357762 0.357760 0.357760 0.357761 0.357762 0.000000 0.000000
0.000000 0.000000 0.361353 0.361353 0.361352 0.361352 0.361354 0.361353 0.361353 0.361354 0.361354 0.361354 0.361353 0.361353 0.361354 0.361352 0.361352 0.361353 0.361353 0.000000 0.000000
0.000000 0.000000 0.364654 0.364653 0.364652 0.364652 0.364654 0.364653 0.364653 0.364654 0.364654 0.364654 0.364653 0.364653 0.364654 0.364652 0.364652 0.364653 0.364654 0.000000 0.000000
0.000000 0.000000 0.367736 0.367735 0.367734 0.367734 0.367736 0.367735 0.367735 0.367736 0.367736 0.367736 0.367735 0.367735 0.367736 0.367734 0.367734 0.367735 0.367736 0.000000 0.000000
0.000000 0.000000 0.370673 0.370672 0.370671 0.370671 0.370673 0.370672 0.370672 0.370673 0.370673 0.370673 0.370672 0.370672 0.370673 0.370671 0.370671 0.370672 0.370673 0.000000 0.000000
0.000000 0.000000 0.373498 0.373498 0.373496 0.373497 0.373498 0.373498 0.373498 0.373498 0.373498 0.373498 0.373498 0.373498 0.373498 0.373497 0.373496 0.373498 0.373498 0.000000 0.000000
0.000000 0.000000 0.376234 0.376234 0.376233 0.376233 0.376235 0.376234 0.376234 0.376235 0.376235 0.376235 0.376234 0.376234 0.376235 0.376233 0.376233 0.376234 0.376234 0.000000 0.000000
0.000000 0.000000 0.378904 0.378903 0.378902 0.378902 0.378904 0.378903 0.378903 0.378904 0.378904 0.378904 0.378903 0.378903 0.378904 0.378902 0.378902 0.378903 0.378904 0.000000 0.000000
0.000000 0.000000 0.381515 0.381515 0.381514 0.381514 0.381516 0.381515 0.381515 0.381516 0.381516 0.381516 0.381515 0.381515 0.381516 0.381514 0.381514 0.381515 0.381515 0.000000 0.000000
0.000000 0.000000 0.384080 0.384080 0.384079 0.384079 0.384080 0.384080 0.384080 0.384080 0.384081 0.384080 0.384080 0.384080 0.384080 0.384079 0.384079 0.384080 0.384080 0.000000 0.000000
0.000000 0.000000 0.386601 0.386601 0.386599 0.386600 0.386601 0.386601 0.386601 0.386601 0.386601 0.386601 0.386601 0.386601 0.386601 0.386600 0.386599 0.386601 0.386601 0.000000 0.000000
0.000000 0.000000 0.389080 0.389080 0.389079 0.389080 0.389081 0.389080 0.389080 0.389081 0.389081 0.389081 0.389080 0.389080 0.389081 0.389080 0.389079 0.389080 0.389080 0.000000 0.000000
0.000000 0.000000 0.391559 0.391559 0.391557 0.391558 0.391559 0.391559 0.391559 0.391559 0.391559 0.391559 0.391559 0.391559 0.391559 0.391558 0.391557 0.391559 0.391559 0.000000 0.000000
0.000000 0.000000 0.350000 0.350000 0.350000 0.350000 0.350000 0.350000 0.350000 0.350000 0.350000 0.350000 0.350000 0.350000 0.350000 0.350000 0.350000 0.350000 0.350000 0.000000 0.000000
0.000000 0.000000 0.000000 0.000000 0.000000 0.000000 0.000000 0.000000 0.000000 0.000000 0.000000 0.000000 0.000000 0.000000 0.000000 0.000000 0.000000 0.000000 0.000000 0.000000 0.000000