geotop/1.0zi/1.0Montebello/Templates/testdem/maps/_Eocclay105T.asc
ncols         21
nrows         20
xllcorner     100.000000
yllcorner     100.000000
cellsize      50.000000
NODATA_value  -9999.0
0.000000 0.000000 0.000000 0.000000 0.000000 0.000000 0.000000 0.000000 0.000000 0.000000 0.000000 0.000000 0.000000 0.000000 0.000000 0.000000 0.000000 0.000000 0.000000 0.000000 0.000000
0.000000 0.000000 0.349473 0.349475 0.349475 0.349474 0.349476 0.349476 0.349475 0.349476 0.349475 0.349476 0.349476 0.349476 0.349476 0.349476 0.349474 0.349474 0.349475 0.000000 0.000000
0.000000 0.000000 0.349977 0.349976 0.349975 0.349978 0.349975 0.349975 0.349976 0.349975 0.349975 0.349976 0.349975 0.349975 0.349976 0.349977 0.349977 0.349977 0.349976 0.000000 0.000000
0.000000 0.000000 0.350129 0.350141 0.350135 0.350131 0.350136 0.350136 0.350135 0.350134 0.350133 0.350131 0.350132 0.350133 0.350134 0.350137 0.350137 0.350136 0.350135 0.000000 0.000000
0.000000 0.000000 0.352196 0.352183 0.352176 0.352163 0.352140 0.352134 0.352131 0.352131 0.352128 0.352133 0.352134 0.352133 0.352142 0.352149 0.352161 0.352171 0.352180 0.000000 0.000000
0.000000 0.000000 0.357182 0.357177 0.357150 0.357106 0.357070 0.357035 0.357038 0.357032 0.357026 0.357028 0.357035 0.357031 0.357048 0.357086 0.357104 0.357122 0.357127 0.000000 0.000000
0.000000 0.000000 0.363785 0.363773 0.363753 0.363709 0.363664 0.363590 0.363586 0.363580 0.363571 0.363574 0.363573 0.363573 0.363628 0.363670 0.363694 0.363715 0.363722 0.000000 0.000000
0.000000 0.000000 0.371757 0.371743 0.371720 0.371658 0.371607 0.371538 0.371531 0.371524 0.371513 0.371512 0.371508 0.371518 0.371567 0.371613 0.371654 0.371668 0.371682 0.000000 0.000000
0.000000 0.000000 0.380804 0.380784 0.380748 0.380700 0.380639 0.380555 0.380553 0.380540 0.380525 0.380523 0.380525 0.380519 0.380591 0.380649 0.380681 0.380700 0.380712 0.000000 0.000000
0.000000 0.000000 0.391298 0.391263 0.391230 0.391177 0.391105 0.391015 0.391003 0.390996 0.390972 0.390980 0.390993 0.390987 0.391044 0.391122 0.391164 0.391185 0.391189 0.000000 0.000000
0.000000 0.000000 0.403920 0.403887 0.403858 0.403728 0.403700 0.403569 0.403589 0.403527 0.403530 0.403519 0.403494 0.403529 0.403598 0.403646 0.403709 0.403737 0.403790 0.000000 0.000000
0.000000 0.000000 0.419411 0.419337 0.419245 0.419197 0.419132 0.418960 0.418933 0.418946 0.418951 0.418899 0.418925 0.418907 0.419048 0.419140 0.419167 0.419195 0.419299 0.000000 0.000000
0.000000 0.000000 0.436829 0.436764 0.436755 0.436618 0.436538 0.436068 0.436037 0.436009 0.435816 0.435950 0.435944 0.435987 0.436316 0.436382 0.436560 0.436585 0.436560 0.000000 0.000000
0.000000 0.000000 0.456059 0.456050 0.455895 0.455840 0.455288 0.455613 0.455482 0.455488 0.455607 0.455489 0.455473 0.455394 0.455121 0.455743 0.455718 0.455865 0.455939 0.000000 0.000000
0.000000 0.000000 0.470465 0.470427 0.470367 0.469976 0.470174 0.469913 0.469864 0.469838 0.469734 0.469715 0.469760 0.469765 0.469993 0.469788 0.470299 0.470175 0.470147 0.000000 0.000000
0.000000 0.000000 0.479605 0.479580 0.479353 0.479360 0.479368 0.479313 0.479391 0.479359 0.479384 0.479367 0.479336 0.479387 0.479410 0.479401 0.479293 0.479581 0.479567 0.000000 0.000000
0.000000 0.000000 0.486746 0.486586 0.486565 0.486470 0.486410 0.486351 0.486325 0.486326 0.486277 0.486276 0.486298 0.486282 0.486338 0.486376 0.486519 0.486485 0.486629 0.000000 0.000000
0.000000 0.000000 0.490419 0.490540 0.490553 0.490564 0.490574 0.490461 0.490513 0.490475 0.490535 0.490520 0.490497 0.490533 0.490613 0.490600 0.490534 0.490573 0.490443 0.000000 0.000000
0.000000 0.000000 0.350000 0.350000 0.350000 0.350000 0.350000 0.350000 0.350000 0.350000 0.350000 0.350000 0.350000 0.350000 0.350000 0.350000 0.350000 0.350000 0.350000 0.000000 0.000000
0.000000 0.000000 0.000000 0.000000 0.000000 0.000000 0.000000 0.000000 0.000000 0.000000 0.000000 0.000000 0.000000 0.000000 0.000000 0.000000 0.000000 0.000000 0.000000 0.000000 0.000000