geotop/1.0zi/1.0Montebello/Templates/testdem/maps/_Eocclay5559.asc
ncols         21
nrows         20
xllcorner     100.000000
yllcorner     100.000000
cellsize      50.000000
NODATA_value  -9999.0
0.000000 0.000000 0.000000 0.000000 0.000000 0.000000 0.000000 0.000000 0.000000 0.000000 0.000000 0.000000 0.000000 0.000000 0.000000 0.000000 0.000000 0.000000 0.000000 0.000000 0.000000
0.000000 0.000000 0.349750 0.349751 0.349751 0.349751 0.349751 0.349751 0.349751 0.349751 0.349751 0.349751 0.349751 0.349751 0.349751 0.349751 0.349751 0.349751 0.349751 0.000000 0.000000
0.000000 0.000000 0.349990 0.349990 0.349990 0.349990 0.349989 0.349989 0.349990 0.349989 0.349989 0.349989 0.349990 0.349990 0.349990 0.349990 0.349990 0.349990 0.349990 0.000000 0.000000
0.000000 0.000000 0.349988 0.349990 0.349988 0.349989 0.349990 0.349990 0.349990 0.349989 0.349990 0.349989 0.349989 0.349988 0.349991 0.349992 0.349990 0.349991 0.349990 0.000000 0.000000
0.000000 0.000000 0.350467 0.350467 0.350467 0.350462 0.350451 0.350447 0.350449 0.350450 0.350449 0.350450 0.350445 0.350445 0.350450 0.350449 0.350454 0.350456 0.350460 0.000000 0.000000
0.000000 0.000000 0.352020 0.352021 0.352016 0.351998 0.351992 0.351976 0.351975 0.351971 0.351975 0.351974 0.351978 0.351978 0.351981 0.351992 0.351998 0.352009 0.352014 0.000000 0.000000
0.000000 0.000000 0.354281 0.354279 0.354277 0.354261 0.354241 0.354215 0.354215 0.354211 0.354213 0.354215 0.354215 0.354213 0.354231 0.354251 0.354261 0.354269 0.354276 0.000000 0.000000
0.000000 0.000000 0.357031 0.357031 0.357030 0.357010 0.356991 0.356963 0.356964 0.356961 0.356962 0.356961 0.356959 0.356963 0.356983 0.357000 0.357014 0.357019 0.357028 0.000000 0.000000
0.000000 0.000000 0.359811 0.359808 0.359802 0.359792 0.359773 0.359745 0.359747 0.359742 0.359740 0.359741 0.359741 0.359739 0.359763 0.359782 0.359794 0.359798 0.359806 0.000000 0.000000
0.000000 0.000000 0.362620 0.362614 0.362614 0.362606 0.362578 0.362553 0.362555 0.362552 0.362548 0.362552 0.362555 0.362552 0.362571 0.362593 0.362607 0.362609 0.362615 0.000000 0.000000
0.000000 0.000000 0.365531 0.365528 0.365528 0.365508 0.365489 0.365461 0.365467 0.365454 0.365455 0.365456 0.365452 0.365459 0.365475 0.365488 0.365503 0.365512 0.365524 0.000000 0.000000
0.000000 0.000000 0.368575 0.368568 0.368561 0.368547 0.368531 0.368498 0.368499 0.368491 0.368500 0.368492 0.368493 0.368495 0.368523 0.368536 0.368546 0.368551 0.368582 0.000000 0.000000
0.000000 0.000000 0.371696 0.371690 0.371689 0.371673 0.371658 0.371592 0.371592 0.371586 0.371573 0.371580 0.371585 0.371590 0.371637 0.371649 0.371672 0.371674 0.371697 0.000000 0.000000
0.000000 0.000000 0.375077 0.375072 0.375065 0.375055 0.374992 0.374975 0.374960 0.374960 0.374955 0.374957 0.374958 0.374955 0.374962 0.375024 0.375044 0.375060 0.375083 0.000000 0.000000
0.000000 0.000000 0.378790 0.378785 0.378772 0.378708 0.378687 0.378650 0.378624 0.378620 0.378607 0.378601 0.378609 0.378602 0.378629 0.378659 0.378752 0.378745 0.378759 0.000000 0.000000
0.000000 0.000000 0.382705 0.382700 0.382618 0.382603 0.382598 0.382574 0.382590 0.382580 0.382587 0.382577 0.382567 0.382584 0.382597 0.382605 0.382600 0.382707 0.382710 0.000000 0.000000
0.000000 0.000000 0.387170 0.387057 0.387017 0.386985 0.386931 0.386904 0.386896 0.386893 0.386869 0.386865 0.386875 0.386871 0.386900 0.386939 0.387003 0.387031 0.387145 0.000000 0.000000
0.000000 0.000000 0.390461 0.390463 0.390564 0.390536 0.390493 0.390387 0.390384 0.390360 0.390375 0.390368 0.390376 0.390378 0.390473 0.390503 0.390576 0.390472 0.390477 0.000000 0.000000
0.000000 0.000000 0.350000 0.350000 0.350000 0.350000 0.350000 0.350000 0.350000 0.350000 0.350000 0.350000 0.350000 0.350000 0.350000 0.350000 0.350000 0.350000 0.350000 0.000000 0.000000
0.000000 0.000000 0.000000 0.000000 0.000000 0.000000 0.000000 0.000000 0.000000 0.000000 0.000000 0.000000 0.000000 0.000000 0.000000 0.000000 0.000000 0.000000 0.000000 0.000000 0.000000