geotop/1.0zi/1.0Montebello/Templates/testdem/maps/_Eocsilt2668.asc
ncols         21
nrows         20
xllcorner     100.000000
yllcorner     100.000000
cellsize      50.000000
NODATA_value  -9999.0
0.000000 0.000000 0.000000 0.000000 0.000000 0.000000 0.000000 0.000000 0.000000 0.000000 0.000000 0.000000 0.000000 0.000000 0.000000 0.000000 0.000000 0.000000 0.000000 0.000000 0.000000
0.000000 0.000000 0.350063 0.350063 0.350063 0.350063 0.350063 0.350063 0.350063 0.350063 0.350063 0.350063 0.350063 0.350063 0.350063 0.350063 0.350063 0.350063 0.350063 0.000000 0.000000
0.000000 0.000000 0.349998 0.349997 0.349998 0.349998 0.349998 0.349998 0.349998 0.349998 0.349998 0.349998 0.349998 0.349998 0.349998 0.349998 0.349998 0.349997 0.349998 0.000000 0.000000
0.000000 0.000000 0.350877 0.350876 0.350874 0.350875 0.350877 0.350877 0.350877 0.350877 0.350877 0.350877 0.350877 0.350877 0.350877 0.350875 0.350874 0.350876 0.350877 0.000000 0.000000
0.000000 0.000000 0.354312 0.354311 0.354309 0.354310 0.354312 0.354311 0.354312 0.354313 0.354313 0.354313 0.354312 0.354311 0.354312 0.354310 0.354309 0.354311 0.354312 0.000000 0.000000
0.000000 0.000000 0.358800 0.358799 0.358798 0.358798 0.358800 0.358800 0.358800 0.358801 0.358801 0.358801 0.358800 0.358800 0.358800 0.358798 0.358798 0.358799 0.358800 0.000000 0.000000
0.000000 0.000000 0.362919 0.362918 0.362917 0.362917 0.362919 0.362919 0.362919 0.362920 0.362920 0.362920 0.362919 0.362919 0.362919 0.362917 0.362917 0.362918 0.362919 0.000000 0.000000
0.000000 0.000000 0.366675 0.366674 0.366673 0.366674 0.366675 0.366675 0.366675 0.366675 0.366676 0.366675 0.366675 0.366675 0.366675 0.366674 0.366673 0.366674 0.366675 0.000000 0.000000
0.000000 0.000000 0.370169 0.370168 0.370167 0.370168 0.370169 0.370169 0.370169 0.370169 0.370170 0.370169 0.370169 0.370169 0.370169 0.370168 0.370167 0.370168 0.370169 0.000000 0.000000
0.000000 0.000000 0.373481 0.373481 0.373480 0.373480 0.373482 0.373481 0.373481 0.373482 0.373482 0.373482 0.373481 0.373481 0.373482 0.373480 0.373480 0.373481 0.373481 0.000000 0.000000
0.000000 0.000000 0.376653 0.376653 0.376652 0.376652 0.376653 0.376653 0.376653 0.376654 0.376654 0.376654 0.376653 0.376653 0.376653 0.376652 0.376652 0.376653 0.376653 0.000000 0.000000
0.000000 0.000000 0.379714 0.379714 0.379713 0.379713 0.379714 0.379714 0.379714 0.379714 0.379715 0.379714 0.379714 0.379714 0.379714 0.379713 0.379713 0.379714 0.379714 0.000000 0.000000
0.000000 0.000000 0.382686 0.382686 0.382685 0.382685 0.382686 0.382686 0.382686 0.382686 0.382687 0.382686 0.382686 0.382686 0.382686 0.382685 0.382685 0.382686 0.382686 0.000000 0.000000
0.000000 0.000000 0.385584 0.385584 0.385583 0.385583 0.385584 0.385584 0.385584 0.385584 0.385585 0.385584 0.385584 0.385584 0.385584 0.385583 0.385583 0.385584 0.385584 0.000000 0.000000
0.000000 0.000000 0.388417 0.388417 0.388416 0.388416 0.388418 0.388417 0.388417 0.388418 0.388418 0.388418 0.388417 0.388417 0.388418 0.388416 0.388416 0.388417 0.388417 0.000000 0.000000
0.000000 0.000000 0.391192 0.391191 0.391190 0.391191 0.391192 0.391191 0.391191 0.391192 0.391192 0.391192 0.391191 0.391191 0.391192 0.391191 0.391190 0.391191 0.391192 0.000000 0.000000
0.000000 0.000000 0.393910 0.393910 0.393909 0.393909 0.393910 0.393910 0.393910 0.393910 0.393910 0.393910 0.393910 0.393910 0.393910 0.393909 0.393909 0.393910 0.393910 0.000000 0.000000
0.000000 0.000000 0.396607 0.396607 0.396606 0.396607 0.396608 0.396607 0.396607 0.396608 0.396608 0.396608 0.396607 0.396607 0.396608 0.396607 0.396606 0.396607 0.396608 0.000000 0.000000
0.000000 0.000000 0.350000 0.350000 0.350000 0.350000 0.350000 0.350000 0.350000 0.350000 0.350000 0.350000 0.350000 0.350000 0.350000 0.350000 0.350000 0.350000 0.350000 0.000000 0.000000
0.000000 0.000000 0.000000 0.000000 0.000000 0.000000 0.000000 0.000000 0.000000 0.000000 0.000000 0.000000 0.000000 0.000000 0.000000 0.000000 0.000000 0.000000 0.000000 0.000000 0.000000