geotop/1.0zi/1.0Montebello/Templates/testdem/maps/_Eocsilt9297.asc
ncols         21
nrows         20
xllcorner     100.000000
yllcorner     100.000000
cellsize      50.000000
NODATA_value  -9999.0
0.000000 0.000000 0.000000 0.000000 0.000000 0.000000 0.000000 0.000000 0.000000 0.000000 0.000000 0.000000 0.000000 0.000000 0.000000 0.000000 0.000000 0.000000 0.000000 0.000000 0.000000
0.000000 0.000000 0.350198 0.350198 0.350198 0.350198 0.350198 0.350198 0.350198 0.350198 0.350198 0.350198 0.350198 0.350198 0.350198 0.350198 0.350199 0.350198 0.350198 0.000000 0.000000
0.000000 0.000000 0.350006 0.350005 0.350006 0.350005 0.350006 0.350006 0.350006 0.350006 0.350006 0.350006 0.350007 0.350007 0.350006 0.350005 0.350004 0.350004 0.350005 0.000000 0.000000
0.000000 0.000000 0.350122 0.350119 0.350114 0.350109 0.350108 0.350104 0.350107 0.350107 0.350104 0.350107 0.350107 0.350107 0.350110 0.350113 0.350119 0.350119 0.350122 0.000000 0.000000
0.000000 0.000000 0.351275 0.351280 0.351269 0.351253 0.351243 0.351238 0.351240 0.351237 0.351237 0.351239 0.351243 0.351241 0.351254 0.351261 0.351265 0.351268 0.351271 0.000000 0.000000
0.000000 0.000000 0.354592 0.354587 0.354572 0.354552 0.354522 0.354499 0.354496 0.354490 0.354493 0.354494 0.354498 0.354496 0.354511 0.354531 0.354542 0.354547 0.354555 0.000000 0.000000
0.000000 0.000000 0.359330 0.359321 0.359305 0.359272 0.359233 0.359183 0.359187 0.359184 0.359182 0.359181 0.359178 0.359184 0.359221 0.359252 0.359272 0.359285 0.359293 0.000000 0.000000
0.000000 0.000000 0.364937 0.364926 0.364914 0.364879 0.364838 0.364793 0.364795 0.364790 0.364787 0.364783 0.364781 0.364790 0.364826 0.364861 0.364893 0.364896 0.364911 0.000000 0.000000
0.000000 0.000000 0.371063 0.371047 0.371026 0.371000 0.370954 0.370898 0.370904 0.370893 0.370888 0.370885 0.370888 0.370887 0.370940 0.370980 0.371004 0.371013 0.371026 0.000000 0.000000
0.000000 0.000000 0.377713 0.377694 0.377678 0.377650 0.377589 0.377538 0.377541 0.377533 0.377523 0.377528 0.377534 0.377533 0.377575 0.377626 0.377654 0.377663 0.377670 0.000000 0.000000
0.000000 0.000000 0.385129 0.385115 0.385102 0.385036 0.384996 0.384930 0.384947 0.384912 0.384917 0.384911 0.384900 0.384921 0.384966 0.384998 0.385037 0.385051 0.385082 0.000000 0.000000
0.000000 0.000000 0.393635 0.393604 0.393566 0.393535 0.393477 0.393396 0.393398 0.393392 0.393405 0.393374 0.393389 0.393389 0.393468 0.393514 0.393536 0.393546 0.393612 0.000000 0.000000
0.000000 0.000000 0.403091 0.403063 0.403054 0.402983 0.402935 0.402708 0.402709 0.402697 0.402626 0.402665 0.402674 0.402696 0.402865 0.402908 0.402990 0.402993 0.403017 0.000000 0.000000
0.000000 0.000000 0.414621 0.414610 0.414547 0.414503 0.414190 0.414267 0.414206 0.414207 0.414240 0.414205 0.414199 0.414173 0.414100 0.414436 0.414459 0.414535 0.414587 0.000000 0.000000
0.000000 0.000000 0.428145 0.428106 0.428038 0.427632 0.427750 0.427517 0.427450 0.427427 0.427343 0.427304 0.427351 0.427352 0.427565 0.427461 0.427993 0.427876 0.427867 0.000000 0.000000
0.000000 0.000000 0.441668 0.441640 0.441118 0.441354 0.441274 0.441277 0.441502 0.441439 0.441556 0.441530 0.441435 0.441563 0.441515 0.441583 0.441050 0.441829 0.441818 0.000000 0.000000
0.000000 0.000000 0.455251 0.454712 0.454891 0.454646 0.454373 0.454284 0.454103 0.454145 0.453959 0.453979 0.454087 0.453976 0.454126 0.454328 0.454856 0.454446 0.455007 0.000000 0.000000
0.000000 0.000000 0.459762 0.460010 0.460341 0.460287 0.460249 0.459928 0.459954 0.459870 0.459987 0.459959 0.459954 0.459986 0.460259 0.460289 0.460374 0.460068 0.459824 0.000000 0.000000
0.000000 0.000000 0.350000 0.350000 0.350000 0.350000 0.350000 0.350000 0.350000 0.350000 0.350000 0.350000 0.350000 0.350000 0.350000 0.350000 0.350000 0.350000 0.350000 0.000000 0.000000
0.000000 0.000000 0.000000 0.000000 0.000000 0.000000 0.000000 0.000000 0.000000 0.000000 0.000000 0.000000 0.000000 0.000000 0.000000 0.000000 0.000000 0.000000 0.000000 0.000000 0.000000