geotop/1.0zi/1.0Montebello/Templates/testdem/maps/_Eocsand060'.asc
ncols         21
nrows         20
xllcorner     100.000000
yllcorner     100.000000
cellsize      50.000000
NODATA_value  -9999.0
0.000000 0.000000 0.000000 0.000000 0.000000 0.000000 0.000000 0.000000 0.000000 0.000000 0.000000 0.000000 0.000000 0.000000 0.000000 0.000000 0.000000 0.000000 0.000000 0.000000 0.000000
0.000000 0.000000 0.300271 0.300269 0.300269 0.300270 0.300269 0.300269 0.300269 0.300269 0.300270 0.300269 0.300269 0.300270 0.300269 0.300269 0.300270 0.300269 0.300269 0.000000 0.000000
0.000000 0.000000 0.300012 0.300014 0.300014 0.300012 0.300014 0.300014 0.300013 0.300013 0.300014 0.300013 0.300013 0.300013 0.300013 0.300013 0.300014 0.300015 0.300015 0.000000 0.000000
0.000000 0.000000 0.299723 0.299718 0.299729 0.299737 0.299736 0.299742 0.299735 0.299737 0.299736 0.299735 0.299733 0.299735 0.299729 0.299723 0.299721 0.299718 0.299719 0.000000 0.000000
0.000000 0.000000 0.296240 0.296248 0.296265 0.296306 0.296337 0.296350 0.296348 0.296348 0.296351 0.296344 0.296339 0.296339 0.296316 0.296300 0.296280 0.296266 0.296253 0.000000 0.000000
0.000000 0.000000 0.287331 0.287344 0.287387 0.287464 0.287536 0.287600 0.287594 0.287602 0.287605 0.287604 0.287593 0.287599 0.287563 0.287502 0.287468 0.287442 0.287430 0.000000 0.000000
0.000000 0.000000 0.275226 0.275253 0.275290 0.275380 0.275472 0.275601 0.275596 0.275602 0.275615 0.275615 0.275616 0.275612 0.275512 0.275437 0.275387 0.275353 0.275338 0.000000 0.000000
0.000000 0.000000 0.260734 0.260768 0.260809 0.260928 0.261030 0.261150 0.261147 0.261157 0.261172 0.261178 0.261183 0.261165 0.261072 0.260987 0.260908 0.260889 0.260859 0.000000 0.000000
0.000000 0.000000 0.244498 0.244544 0.244612 0.244705 0.244825 0.244969 0.244954 0.244974 0.244997 0.245002 0.244995 0.245004 0.244870 0.244766 0.244703 0.244674 0.244648 0.000000 0.000000
0.000000 0.000000 0.226053 0.226119 0.226178 0.226283 0.226418 0.226573 0.226568 0.226580 0.226616 0.226602 0.226586 0.226594 0.226487 0.226348 0.226271 0.226238 0.226228 0.000000 0.000000
0.000000 0.000000 0.204381 0.204438 0.204493 0.204723 0.204786 0.205002 0.204953 0.205050 0.205046 0.205063 0.205102 0.205043 0.204916 0.204831 0.204718 0.204676 0.204583 0.000000 0.000000
0.000000 0.000000 0.178259 0.178385 0.178538 0.178643 0.178770 0.179049 0.179072 0.179059 0.179037 0.179118 0.179077 0.179111 0.178865 0.178714 0.178657 0.178617 0.178433 0.000000 0.000000
0.000000 0.000000 0.148581 0.148700 0.148737 0.148980 0.149134 0.149913 0.149931 0.149973 0.150277 0.150070 0.150072 0.150004 0.149442 0.149326 0.149026 0.149008 0.149005 0.000000 0.000000
0.000000 0.000000 0.113269 0.113322 0.113595 0.113732 0.114775 0.114257 0.114477 0.114468 0.114277 0.114467 0.114494 0.114631 0.115092 0.113943 0.113955 0.113681 0.113532 0.000000 0.000000
0.000000 0.000000 0.081589 0.081688 0.081812 0.082772 0.082271 0.082928 0.083028 0.083090 0.083343 0.083385 0.083284 0.083259 0.082695 0.083196 0.081954 0.082263 0.082330 0.000000 0.000000
0.000000 0.000000 0.061234 0.061282 0.061849 0.061727 0.061758 0.061838 0.061618 0.061684 0.061599 0.061625 0.061711 0.061587 0.061586 0.061564 0.061970 0.061202 0.061225 0.000000 0.000000
0.000000 0.000000 0.046944 0.047148 0.047371 0.047353 0.047482 0.047523 0.047469 0.047486 0.047496 0.047506 0.047517 0.047490 0.047468 0.047371 0.047451 0.047178 0.046997 0.000000 0.000000
0.000000 0.000000 0.037689 0.037813 0.037865 0.037876 0.037990 0.038065 0.038049 0.038066 0.038070 0.038075 0.038073 0.038064 0.037993 0.037915 0.037911 0.037850 0.037727 0.000000 0.000000
0.000000 0.000000 0.300000 0.300000 0.300000 0.300000 0.300000 0.300000 0.300000 0.300000 0.300000 0.300000 0.300000 0.300000 0.300000 0.300000 0.300000 0.300000 0.300000 0.000000 0.000000
0.000000 0.000000 0.000000 0.000000 0.000000 0.000000 0.000000 0.000000 0.000000 0.000000 0.000000 0.000000 0.000000 0.000000 0.000000 0.000000 0.000000 0.000000 0.000000 0.000000 0.000000