geotop/1.0zi/1.0Montebello/Templates/testdem/maps/_Eocsilt9687.asc
ncols         21
nrows         20
xllcorner     100.000000
yllcorner     100.000000
cellsize      50.000000
NODATA_value  -9999.0
0.000000 0.000000 0.000000 0.000000 0.000000 0.000000 0.000000 0.000000 0.000000 0.000000 0.000000 0.000000 0.000000 0.000000 0.000000 0.000000 0.000000 0.000000 0.000000 0.000000 0.000000
0.000000 0.000000 0.350207 0.350207 0.350207 0.350207 0.350206 0.350206 0.350207 0.350206 0.350207 0.350206 0.350206 0.350206 0.350206 0.350207 0.350207 0.350207 0.350207 0.000000 0.000000
0.000000 0.000000 0.350008 0.350008 0.350008 0.350007 0.350009 0.350008 0.350008 0.350008 0.350009 0.350008 0.350009 0.350009 0.350008 0.350007 0.350006 0.350006 0.350007 0.000000 0.000000
0.000000 0.000000 0.350150 0.350147 0.350141 0.350137 0.350137 0.350131 0.350135 0.350136 0.350133 0.350136 0.350137 0.350137 0.350139 0.350142 0.350148 0.350149 0.350150 0.000000 0.000000
0.000000 0.000000 0.351495 0.351500 0.351490 0.351470 0.351460 0.351453 0.351456 0.351453 0.351453 0.351455 0.351461 0.351459 0.351473 0.351482 0.351486 0.351492 0.351496 0.000000 0.000000
0.000000 0.000000 0.355152 0.355147 0.355133 0.355108 0.355075 0.355048 0.355047 0.355041 0.355042 0.355043 0.355048 0.355045 0.355063 0.355086 0.355098 0.355106 0.355113 0.000000 0.000000
0.000000 0.000000 0.360284 0.360273 0.360257 0.360220 0.360178 0.360125 0.360127 0.360123 0.360119 0.360118 0.360116 0.360121 0.360163 0.360195 0.360216 0.360232 0.360239 0.000000 0.000000
0.000000 0.000000 0.366367 0.366354 0.366340 0.366297 0.366252 0.366204 0.366205 0.366198 0.366193 0.366190 0.366188 0.366196 0.366237 0.366274 0.366308 0.366313 0.366327 0.000000 0.000000
0.000000 0.000000 0.373065 0.373046 0.373022 0.372988 0.372937 0.372877 0.372882 0.372870 0.372862 0.372860 0.372864 0.372861 0.372920 0.372964 0.372990 0.373001 0.373014 0.000000 0.000000
0.000000 0.000000 0.380429 0.380405 0.380385 0.380350 0.380294 0.380232 0.380234 0.380225 0.380212 0.380217 0.380225 0.380222 0.380269 0.380326 0.380355 0.380367 0.380373 0.000000 0.000000
0.000000 0.000000 0.388764 0.388744 0.388726 0.388645 0.388619 0.388537 0.388554 0.388513 0.388516 0.388511 0.388498 0.388520 0.388572 0.388608 0.388649 0.388664 0.388700 0.000000 0.000000
0.000000 0.000000 0.398466 0.398423 0.398374 0.398336 0.398293 0.398189 0.398187 0.398182 0.398194 0.398158 0.398176 0.398171 0.398264 0.398318 0.398340 0.398354 0.398426 0.000000 0.000000
0.000000 0.000000 0.409359 0.409319 0.409307 0.409232 0.409179 0.408908 0.408903 0.408886 0.408790 0.408848 0.408854 0.408878 0.409079 0.409125 0.409225 0.409230 0.409248 0.000000 0.000000
0.000000 0.000000 0.422769 0.422750 0.422665 0.422611 0.422237 0.422365 0.422284 0.422284 0.422331 0.422281 0.422272 0.422234 0.422114 0.422526 0.422542 0.422639 0.422697 0.000000 0.000000
0.000000 0.000000 0.437896 0.437853 0.437777 0.437301 0.437497 0.437201 0.437133 0.437102 0.436994 0.436957 0.437012 0.437015 0.437275 0.437087 0.437708 0.437563 0.437542 0.000000 0.000000
0.000000 0.000000 0.451271 0.451246 0.450744 0.451000 0.450911 0.450929 0.451148 0.451088 0.451205 0.451185 0.451091 0.451210 0.451142 0.451225 0.450666 0.451430 0.451418 0.000000 0.000000
0.000000 0.000000 0.462296 0.461964 0.462028 0.461899 0.461719 0.461664 0.461571 0.461592 0.461486 0.461498 0.461557 0.461499 0.461588 0.461722 0.461996 0.461817 0.462163 0.000000 0.000000
0.000000 0.000000 0.467548 0.467471 0.467659 0.467560 0.467456 0.467300 0.467258 0.467236 0.467228 0.467224 0.467254 0.467234 0.467388 0.467465 0.467657 0.467412 0.467494 0.000000 0.000000
0.000000 0.000000 0.350000 0.350000 0.350000 0.350000 0.350000 0.350000 0.350000 0.350000 0.350000 0.350000 0.350000 0.350000 0.350000 0.350000 0.350000 0.350000 0.350000 0.000000 0.000000
0.000000 0.000000 0.000000 0.000000 0.000000 0.000000 0.000000 0.000000 0.000000 0.000000 0.000000 0.000000 0.000000 0.000000 0.000000 0.000000 0.000000 0.000000 0.000000 0.000000 0.000000