geotop/1.0zi/1.0Montebello/Templates/testdem/maps/_Eocsilt1230.asc
ncols         21
nrows         20
xllcorner     100.000000
yllcorner     100.000000
cellsize      50.000000
NODATA_value  -9999.0
0.000000 0.000000 0.000000 0.000000 0.000000 0.000000 0.000000 0.000000 0.000000 0.000000 0.000000 0.000000 0.000000 0.000000 0.000000 0.000000 0.000000 0.000000 0.000000 0.000000 0.000000
0.000000 0.000000 0.350024 0.350024 0.350024 0.350024 0.350024 0.350024 0.350024 0.350024 0.350024 0.350024 0.350024 0.350024 0.350024 0.350024 0.350024 0.350024 0.350024 0.000000 0.000000
0.000000 0.000000 0.350000 0.350000 0.350000 0.350000 0.350000 0.350000 0.350000 0.350000 0.350000 0.350000 0.350000 0.350000 0.350000 0.350000 0.350000 0.350000 0.350000 0.000000 0.000000
0.000000 0.000000 0.350563 0.350562 0.350560 0.350561 0.350563 0.350563 0.350563 0.350563 0.350563 0.350563 0.350563 0.350563 0.350563 0.350561 0.350560 0.350562 0.350563 0.000000 0.000000
0.000000 0.000000 0.352320 0.352319 0.352317 0.352317 0.352320 0.352319 0.352319 0.352320 0.352320 0.352320 0.352319 0.352319 0.352320 0.352317 0.352317 0.352319 0.352320 0.000000 0.000000
0.000000 0.000000 0.354448 0.354448 0.354446 0.354446 0.354449 0.354448 0.354448 0.354449 0.354449 0.354449 0.354448 0.354448 0.354449 0.354446 0.354446 0.354448 0.354448 0.000000 0.000000
0.000000 0.000000 0.356403 0.356403 0.356401 0.356401 0.356403 0.356403 0.356403 0.356403 0.356403 0.356403 0.356403 0.356403 0.356403 0.356401 0.356401 0.356403 0.356403 0.000000 0.000000
0.000000 0.000000 0.358194 0.358194 0.358193 0.358193 0.358195 0.358194 0.358194 0.358195 0.358195 0.358195 0.358194 0.358194 0.358195 0.358193 0.358193 0.358194 0.358194 0.000000 0.000000
0.000000 0.000000 0.359872 0.359872 0.359870 0.359871 0.359872 0.359872 0.359872 0.359872 0.359872 0.359872 0.359872 0.359872 0.359872 0.359871 0.359870 0.359872 0.359872 0.000000 0.000000
0.000000 0.000000 0.361480 0.361480 0.361478 0.361479 0.361480 0.361480 0.361480 0.361480 0.361480 0.361480 0.361480 0.361480 0.361480 0.361479 0.361478 0.361480 0.361480 0.000000 0.000000
0.000000 0.000000 0.363035 0.363035 0.363033 0.363034 0.363035 0.363035 0.363035 0.363035 0.363035 0.363035 0.363035 0.363035 0.363035 0.363034 0.363033 0.363035 0.363035 0.000000 0.000000
0.000000 0.000000 0.364554 0.364554 0.364552 0.364553 0.364554 0.364554 0.364554 0.364554 0.364554 0.364554 0.364554 0.364554 0.364554 0.364553 0.364552 0.364554 0.364554 0.000000 0.000000
0.000000 0.000000 0.366047 0.366047 0.366046 0.366046 0.366047 0.366047 0.366047 0.366047 0.366047 0.366047 0.366047 0.366047 0.366047 0.366046 0.366046 0.366047 0.366047 0.000000 0.000000
0.000000 0.000000 0.367514 0.367514 0.367513 0.367513 0.367514 0.367514 0.367514 0.367515 0.367514 0.367515 0.367514 0.367514 0.367514 0.367513 0.367513 0.367514 0.367514 0.000000 0.000000
0.000000 0.000000 0.368963 0.368962 0.368961 0.368962 0.368963 0.368963 0.368963 0.368963 0.368963 0.368963 0.368963 0.368963 0.368963 0.368962 0.368961 0.368962 0.368963 0.000000 0.000000
0.000000 0.000000 0.370398 0.370398 0.370396 0.370397 0.370398 0.370398 0.370398 0.370398 0.370398 0.370398 0.370398 0.370398 0.370398 0.370397 0.370396 0.370398 0.370398 0.000000 0.000000
0.000000 0.000000 0.371820 0.371819 0.371818 0.371819 0.371820 0.371820 0.371820 0.371820 0.371820 0.371820 0.371820 0.371820 0.371820 0.371819 0.371818 0.371819 0.371820 0.000000 0.000000
0.000000 0.000000 0.373272 0.373272 0.373270 0.373271 0.373272 0.373272 0.373272 0.373272 0.373272 0.373272 0.373272 0.373272 0.373272 0.373271 0.373270 0.373272 0.373272 0.000000 0.000000
0.000000 0.000000 0.350000 0.350000 0.350000 0.350000 0.350000 0.350000 0.350000 0.350000 0.350000 0.350000 0.350000 0.350000 0.350000 0.350000 0.350000 0.350000 0.350000 0.000000 0.000000
0.000000 0.000000 0.000000 0.000000 0.000000 0.000000 0.000000 0.000000 0.000000 0.000000 0.000000 0.000000 0.000000 0.000000 0.000000 0.000000 0.000000 0.000000 0.000000 0.000000 0.000000