geotop/1.0zi/1.0Montebello/Templates/testdem/maps/_Eocsilt6467.asc
ncols         21
nrows         20
xllcorner     100.000000
yllcorner     100.000000
cellsize      50.000000
NODATA_value  -9999.0
0.000000 0.000000 0.000000 0.000000 0.000000 0.000000 0.000000 0.000000 0.000000 0.000000 0.000000 0.000000 0.000000 0.000000 0.000000 0.000000 0.000000 0.000000 0.000000 0.000000 0.000000
0.000000 0.000000 0.350130 0.350131 0.350131 0.350131 0.350131 0.350131 0.350131 0.350131 0.350131 0.350131 0.350131 0.350131 0.350131 0.350131 0.350131 0.350131 0.350131 0.000000 0.000000
0.000000 0.000000 0.350003 0.350002 0.350002 0.350002 0.350003 0.350003 0.350003 0.350003 0.350003 0.350003 0.350003 0.350004 0.350003 0.350002 0.350001 0.350001 0.350002 0.000000 0.000000
0.000000 0.000000 0.350054 0.350051 0.350050 0.350044 0.350045 0.350043 0.350045 0.350046 0.350044 0.350044 0.350044 0.350044 0.350047 0.350050 0.350052 0.350053 0.350053 0.000000 0.000000
0.000000 0.000000 0.350627 0.350633 0.350630 0.350625 0.350621 0.350615 0.350614 0.350612 0.350610 0.350612 0.350614 0.350614 0.350620 0.350624 0.350624 0.350633 0.350637 0.000000 0.000000
0.000000 0.000000 0.352362 0.352365 0.352358 0.352343 0.352330 0.352312 0.352311 0.352306 0.352310 0.352312 0.352313 0.352311 0.352317 0.352325 0.352335 0.352340 0.352345 0.000000 0.000000
0.000000 0.000000 0.354985 0.354983 0.354975 0.354954 0.354930 0.354904 0.354905 0.354902 0.354904 0.354903 0.354901 0.354905 0.354925 0.354946 0.354958 0.354969 0.354976 0.000000 0.000000
0.000000 0.000000 0.358185 0.358186 0.358183 0.358162 0.358139 0.358110 0.358111 0.358108 0.358107 0.358106 0.358105 0.358108 0.358131 0.358154 0.358173 0.358176 0.358187 0.000000 0.000000
0.000000 0.000000 0.361556 0.361551 0.361541 0.361527 0.361503 0.361471 0.361472 0.361466 0.361463 0.361464 0.361465 0.361463 0.361494 0.361518 0.361535 0.361541 0.361551 0.000000 0.000000
0.000000 0.000000 0.364981 0.364976 0.364971 0.364960 0.364927 0.364898 0.364900 0.364896 0.364892 0.364895 0.364899 0.364896 0.364921 0.364949 0.364966 0.364969 0.364977 0.000000 0.000000
0.000000 0.000000 0.368533 0.368531 0.368527 0.368501 0.368479 0.368448 0.368454 0.368438 0.368439 0.368440 0.368436 0.368445 0.368465 0.368483 0.368503 0.368513 0.368528 0.000000 0.000000
0.000000 0.000000 0.372312 0.372306 0.372294 0.372276 0.372254 0.372215 0.372216 0.372208 0.372217 0.372206 0.372209 0.372212 0.372249 0.372267 0.372281 0.372287 0.372324 0.000000 0.000000
0.000000 0.000000 0.376235 0.376227 0.376221 0.376201 0.376181 0.376099 0.376098 0.376091 0.376073 0.376082 0.376088 0.376095 0.376157 0.376175 0.376206 0.376209 0.376234 0.000000 0.000000
0.000000 0.000000 0.380556 0.380551 0.380538 0.380523 0.380438 0.380421 0.380402 0.380402 0.380397 0.380399 0.380397 0.380395 0.380404 0.380491 0.380517 0.380538 0.380564 0.000000 0.000000
0.000000 0.000000 0.385388 0.385384 0.385364 0.385270 0.385246 0.385196 0.385166 0.385160 0.385144 0.385131 0.385144 0.385139 0.385180 0.385214 0.385344 0.385332 0.385347 0.000000 0.000000
0.000000 0.000000 0.390570 0.390565 0.390438 0.390426 0.390419 0.390389 0.390419 0.390403 0.390417 0.390404 0.390388 0.390417 0.390435 0.390446 0.390422 0.390584 0.390586 0.000000 0.000000
0.000000 0.000000 0.396648 0.396472 0.396430 0.396377 0.396289 0.396252 0.396231 0.396232 0.396190 0.396188 0.396208 0.396196 0.396243 0.396310 0.396418 0.396428 0.396612 0.000000 0.000000
0.000000 0.000000 0.400753 0.400799 0.400962 0.400925 0.400875 0.400712 0.400712 0.400673 0.400708 0.400697 0.400705 0.400713 0.400863 0.400899 0.400990 0.400826 0.400791 0.000000 0.000000
0.000000 0.000000 0.350000 0.350000 0.350000 0.350000 0.350000 0.350000 0.350000 0.350000 0.350000 0.350000 0.350000 0.350000 0.350000 0.350000 0.350000 0.350000 0.350000 0.000000 0.000000
0.000000 0.000000 0.000000 0.000000 0.000000 0.000000 0.000000 0.000000 0.000000 0.000000 0.000000 0.000000 0.000000 0.000000 0.000000 0.000000 0.000000 0.000000 0.000000 0.000000 0.000000