geotop/1.0zi/1.0Montebello/Templates/testdem/maps/_Eocclay3021.asc
ncols         21
nrows         20
xllcorner     100.000000
yllcorner     100.000000
cellsize      50.000000
NODATA_value  -9999.0
0.000000 0.000000 0.000000 0.000000 0.000000 0.000000 0.000000 0.000000 0.000000 0.000000 0.000000 0.000000 0.000000 0.000000 0.000000 0.000000 0.000000 0.000000 0.000000 0.000000 0.000000
0.000000 0.000000 0.349827 0.349827 0.349827 0.349827 0.349827 0.349827 0.349827 0.349827 0.349826 0.349827 0.349827 0.349827 0.349827 0.349827 0.349827 0.349827 0.349827 0.000000 0.000000
0.000000 0.000000 0.349995 0.349995 0.349995 0.349995 0.349995 0.349995 0.349995 0.349995 0.349996 0.349995 0.349995 0.349995 0.349995 0.349995 0.349995 0.349995 0.349995 0.000000 0.000000
0.000000 0.000000 0.351109 0.351109 0.351107 0.351108 0.351109 0.351109 0.351108 0.351109 0.351109 0.351109 0.351108 0.351109 0.351109 0.351108 0.351107 0.351109 0.351109 0.000000 0.000000
0.000000 0.000000 0.355795 0.355794 0.355793 0.355793 0.355796 0.355795 0.355795 0.355797 0.355797 0.355797 0.355795 0.355795 0.355796 0.355793 0.355793 0.355794 0.355795 0.000000 0.000000
0.000000 0.000000 0.361025 0.361025 0.361023 0.361023 0.361026 0.361025 0.361025 0.361026 0.361026 0.361026 0.361025 0.361025 0.361026 0.361023 0.361023 0.361025 0.361025 0.000000 0.000000
0.000000 0.000000 0.365926 0.365926 0.365924 0.365924 0.365926 0.365926 0.365926 0.365927 0.365927 0.365927 0.365926 0.365926 0.365926 0.365924 0.365924 0.365926 0.365926 0.000000 0.000000
0.000000 0.000000 0.370390 0.370389 0.370388 0.370388 0.370390 0.370390 0.370390 0.370390 0.370391 0.370390 0.370390 0.370390 0.370390 0.370388 0.370388 0.370389 0.370390 0.000000 0.000000
0.000000 0.000000 0.374523 0.374523 0.374522 0.374522 0.374523 0.374523 0.374523 0.374524 0.374524 0.374524 0.374523 0.374523 0.374523 0.374522 0.374522 0.374523 0.374523 0.000000 0.000000
0.000000 0.000000 0.378423 0.378423 0.378422 0.378422 0.378424 0.378423 0.378423 0.378424 0.378424 0.378424 0.378423 0.378423 0.378424 0.378422 0.378422 0.378423 0.378423 0.000000 0.000000
0.000000 0.000000 0.382137 0.382136 0.382135 0.382136 0.382137 0.382136 0.382136 0.382137 0.382138 0.382137 0.382136 0.382136 0.382137 0.382136 0.382135 0.382136 0.382137 0.000000 0.000000
0.000000 0.000000 0.385699 0.385699 0.385698 0.385698 0.385700 0.385699 0.385699 0.385700 0.385700 0.385700 0.385699 0.385699 0.385700 0.385698 0.385698 0.385699 0.385699 0.000000 0.000000
0.000000 0.000000 0.389140 0.389139 0.389138 0.389139 0.389140 0.389139 0.389139 0.389140 0.389140 0.389140 0.389139 0.389139 0.389140 0.389139 0.389138 0.389139 0.389140 0.000000 0.000000
0.000000 0.000000 0.392484 0.392483 0.392482 0.392483 0.392484 0.392483 0.392484 0.392484 0.392484 0.392484 0.392484 0.392483 0.392484 0.392483 0.392482 0.392483 0.392484 0.000000 0.000000
0.000000 0.000000 0.395738 0.395738 0.395737 0.395737 0.395738 0.395738 0.395738 0.395739 0.395739 0.395739 0.395738 0.395738 0.395738 0.395737 0.395737 0.395738 0.395738 0.000000 0.000000
0.000000 0.000000 0.398909 0.398909 0.398908 0.398908 0.398909 0.398909 0.398909 0.398909 0.398910 0.398909 0.398909 0.398909 0.398909 0.398908 0.398908 0.398909 0.398909 0.000000 0.000000
0.000000 0.000000 0.402006 0.402006 0.402005 0.402005 0.402006 0.402006 0.402006 0.402007 0.402007 0.402007 0.402006 0.402006 0.402006 0.402005 0.402005 0.402006 0.402006 0.000000 0.000000
0.000000 0.000000 0.405093 0.405093 0.405092 0.405092 0.405094 0.405093 0.405093 0.405094 0.405094 0.405094 0.405093 0.405093 0.405094 0.405092 0.405092 0.405093 0.405093 0.000000 0.000000
0.000000 0.000000 0.350000 0.350000 0.350000 0.350000 0.350000 0.350000 0.350000 0.350000 0.350000 0.350000 0.350000 0.350000 0.350000 0.350000 0.350000 0.350000 0.350000 0.000000 0.000000
0.000000 0.000000 0.000000 0.000000 0.000000 0.000000 0.000000 0.000000 0.000000 0.000000 0.000000 0.000000 0.000000 0.000000 0.000000 0.000000 0.000000 0.000000 0.000000 0.000000 0.000000