geotop/1.0zi/1.0Montebello/Templates/testdem/maps/_Eocclay5118.asc
ncols         21
nrows         20
xllcorner     100.000000
yllcorner     100.000000
cellsize      50.000000
NODATA_value  -9999.0
0.000000 0.000000 0.000000 0.000000 0.000000 0.000000 0.000000 0.000000 0.000000 0.000000 0.000000 0.000000 0.000000 0.000000 0.000000 0.000000 0.000000 0.000000 0.000000 0.000000 0.000000
0.000000 0.000000 0.349772 0.349772 0.349772 0.349772 0.349773 0.349773 0.349772 0.349772 0.349772 0.349772 0.349772 0.349772 0.349773 0.349772 0.349772 0.349772 0.349772 0.000000 0.000000
0.000000 0.000000 0.349991 0.349991 0.349991 0.349991 0.349991 0.349991 0.349991 0.349991 0.349991 0.349990 0.349991 0.349991 0.349991 0.349991 0.349991 0.349991 0.349991 0.000000 0.000000
0.000000 0.000000 0.349988 0.349990 0.349988 0.349989 0.349991 0.349991 0.349991 0.349989 0.349990 0.349989 0.349989 0.349988 0.349991 0.349992 0.349990 0.349991 0.349990 0.000000 0.000000
0.000000 0.000000 0.350381 0.350380 0.350379 0.350374 0.350366 0.350364 0.350365 0.350365 0.350363 0.350365 0.350362 0.350363 0.350367 0.350366 0.350371 0.350372 0.350375 0.000000 0.000000
0.000000 0.000000 0.351764 0.351767 0.351762 0.351746 0.351741 0.351727 0.351726 0.351722 0.351725 0.351725 0.351729 0.351730 0.351731 0.351741 0.351746 0.351756 0.351761 0.000000 0.000000
0.000000 0.000000 0.353811 0.353809 0.353806 0.353792 0.353775 0.353752 0.353752 0.353748 0.353750 0.353751 0.353753 0.353753 0.353768 0.353786 0.353796 0.353804 0.353811 0.000000 0.000000
0.000000 0.000000 0.356282 0.356281 0.356279 0.356262 0.356243 0.356220 0.356221 0.356218 0.356218 0.356218 0.356217 0.356219 0.356239 0.356255 0.356266 0.356273 0.356280 0.000000 0.000000
0.000000 0.000000 0.358773 0.358771 0.358767 0.358754 0.358737 0.358714 0.358715 0.358711 0.358711 0.358712 0.358711 0.358712 0.358729 0.358749 0.358758 0.358764 0.358773 0.000000 0.000000
0.000000 0.000000 0.361283 0.361280 0.361278 0.361268 0.361246 0.361224 0.361226 0.361223 0.361223 0.361224 0.361222 0.361222 0.361244 0.361262 0.361268 0.361275 0.361282 0.000000 0.000000
0.000000 0.000000 0.363865 0.363862 0.363860 0.363845 0.363829 0.363803 0.363805 0.363800 0.363799 0.363801 0.363799 0.363800 0.363817 0.363832 0.363846 0.363853 0.363862 0.000000 0.000000
0.000000 0.000000 0.366547 0.366545 0.366541 0.366526 0.366508 0.366483 0.366482 0.366479 0.366479 0.366478 0.366477 0.366477 0.366500 0.366518 0.366527 0.366533 0.366560 0.000000 0.000000
0.000000 0.000000 0.369282 0.369278 0.369274 0.369262 0.369240 0.369185 0.369185 0.369181 0.369180 0.369181 0.369179 0.369180 0.369228 0.369249 0.369260 0.369266 0.369282 0.000000 0.000000
0.000000 0.000000 0.372214 0.372207 0.372204 0.372191 0.372132 0.372118 0.372109 0.372106 0.372106 0.372106 0.372104 0.372104 0.372118 0.372174 0.372186 0.372199 0.372209 0.000000 0.000000
0.000000 0.000000 0.375403 0.375398 0.375384 0.375331 0.375304 0.375269 0.375251 0.375247 0.375238 0.375238 0.375241 0.375236 0.375262 0.375298 0.375363 0.375362 0.375371 0.000000 0.000000
0.000000 0.000000 0.378730 0.378725 0.378661 0.378645 0.378628 0.378610 0.378610 0.378610 0.378613 0.378612 0.378604 0.378617 0.378625 0.378639 0.378640 0.378716 0.378733 0.000000 0.000000
0.000000 0.000000 0.382480 0.382392 0.382344 0.382318 0.382269 0.382243 0.382237 0.382234 0.382223 0.382225 0.382228 0.382219 0.382239 0.382291 0.382328 0.382359 0.382449 0.000000 0.000000
0.000000 0.000000 0.385325 0.385318 0.385384 0.385352 0.385316 0.385227 0.385218 0.385211 0.385215 0.385215 0.385210 0.385218 0.385298 0.385336 0.385381 0.385305 0.385331 0.000000 0.000000
0.000000 0.000000 0.350000 0.350000 0.350000 0.350000 0.350000 0.350000 0.350000 0.350000 0.350000 0.350000 0.350000 0.350000 0.350000 0.350000 0.350000 0.350000 0.350000 0.000000 0.000000
0.000000 0.000000 0.000000 0.000000 0.000000 0.000000 0.000000 0.000000 0.000000 0.000000 0.000000 0.000000 0.000000 0.000000 0.000000 0.000000 0.000000 0.000000 0.000000 0.000000 0.000000