geotop/1.0zi/1.0Montebello/Templates/testdem/maps/_Eocclay3336.asc
ncols         21
nrows         20
xllcorner     100.000000
yllcorner     100.000000
cellsize      50.000000
NODATA_value  -9999.0
0.000000 0.000000 0.000000 0.000000 0.000000 0.000000 0.000000 0.000000 0.000000 0.000000 0.000000 0.000000 0.000000 0.000000 0.000000 0.000000 0.000000 0.000000 0.000000 0.000000 0.000000
0.000000 0.000000 0.349819 0.349819 0.349820 0.349819 0.349820 0.349819 0.349819 0.349820 0.349819 0.349820 0.349819 0.349819 0.349820 0.349819 0.349820 0.349819 0.349819 0.000000 0.000000
0.000000 0.000000 0.349995 0.349995 0.349995 0.349995 0.349995 0.349995 0.349995 0.349995 0.349996 0.349995 0.349995 0.349995 0.349995 0.349995 0.349995 0.349995 0.349995 0.000000 0.000000
0.000000 0.000000 0.351286 0.351286 0.351283 0.351284 0.351285 0.351285 0.351285 0.351285 0.351286 0.351285 0.351285 0.351285 0.351285 0.351284 0.351283 0.351286 0.351286 0.000000 0.000000
0.000000 0.000000 0.356446 0.356446 0.356444 0.356444 0.356448 0.356446 0.356446 0.356448 0.356448 0.356448 0.356446 0.356446 0.356448 0.356444 0.356444 0.356446 0.356446 0.000000 0.000000
0.000000 0.000000 0.362143 0.362142 0.362141 0.362141 0.362143 0.362142 0.362142 0.362143 0.362144 0.362143 0.362142 0.362142 0.362143 0.362141 0.362141 0.362142 0.362143 0.000000 0.000000
0.000000 0.000000 0.367473 0.367473 0.367471 0.367472 0.367474 0.367473 0.367473 0.367474 0.367474 0.367474 0.367473 0.367473 0.367474 0.367472 0.367471 0.367473 0.367473 0.000000 0.000000
0.000000 0.000000 0.372323 0.372323 0.372321 0.372322 0.372324 0.372323 0.372323 0.372323 0.372324 0.372323 0.372323 0.372323 0.372324 0.372322 0.372321 0.372323 0.372323 0.000000 0.000000
0.000000 0.000000 0.376805 0.376805 0.376804 0.376804 0.376806 0.376805 0.376805 0.376806 0.376806 0.376806 0.376805 0.376805 0.376806 0.376804 0.376804 0.376805 0.376805 0.000000 0.000000
0.000000 0.000000 0.381025 0.381025 0.381023 0.381024 0.381025 0.381025 0.381025 0.381025 0.381026 0.381025 0.381025 0.381025 0.381025 0.381024 0.381023 0.381025 0.381025 0.000000 0.000000
0.000000 0.000000 0.385035 0.385034 0.385033 0.385033 0.385035 0.385034 0.385034 0.385035 0.385035 0.385035 0.385034 0.385034 0.385035 0.385033 0.385033 0.385034 0.385035 0.000000 0.000000
0.000000 0.000000 0.388872 0.388872 0.388870 0.388871 0.388872 0.388872 0.388872 0.388872 0.388873 0.388872 0.388872 0.388872 0.388872 0.388871 0.388870 0.388872 0.388872 0.000000 0.000000
0.000000 0.000000 0.392565 0.392565 0.392564 0.392564 0.392566 0.392565 0.392565 0.392566 0.392566 0.392566 0.392565 0.392565 0.392566 0.392564 0.392564 0.392565 0.392565 0.000000 0.000000
0.000000 0.000000 0.396143 0.396142 0.396141 0.396142 0.396143 0.396142 0.396142 0.396143 0.396143 0.396143 0.396142 0.396142 0.396143 0.396142 0.396141 0.396142 0.396143 0.000000 0.000000
0.000000 0.000000 0.399615 0.399615 0.399613 0.399614 0.399615 0.399615 0.399615 0.399615 0.399615 0.399615 0.399615 0.399615 0.399615 0.399614 0.399613 0.399615 0.399615 0.000000 0.000000
0.000000 0.000000 0.402990 0.402990 0.402989 0.402990 0.402991 0.402990 0.402990 0.402991 0.402991 0.402991 0.402990 0.402990 0.402991 0.402990 0.402989 0.402990 0.402990 0.000000 0.000000
0.000000 0.000000 0.406280 0.406280 0.406278 0.406279 0.406280 0.406280 0.406280 0.406280 0.406280 0.406280 0.406280 0.406280 0.406280 0.406279 0.406278 0.406280 0.406280 0.000000 0.000000
0.000000 0.000000 0.409546 0.409546 0.409545 0.409546 0.409547 0.409546 0.409546 0.409547 0.409547 0.409547 0.409546 0.409546 0.409547 0.409546 0.409545 0.409546 0.409546 0.000000 0.000000
0.000000 0.000000 0.350000 0.350000 0.350000 0.350000 0.350000 0.350000 0.350000 0.350000 0.350000 0.350000 0.350000 0.350000 0.350000 0.350000 0.350000 0.350000 0.350000 0.000000 0.000000
0.000000 0.000000 0.000000 0.000000 0.000000 0.000000 0.000000 0.000000 0.000000 0.000000 0.000000 0.000000 0.000000 0.000000 0.000000 0.000000 0.000000 0.000000 0.000000 0.000000 0.000000