geotop/1.0zi/1.0Montebello/Templates/testdem/maps/_Eocclay4212.asc
ncols         21
nrows         20
xllcorner     100.000000
yllcorner     100.000000
cellsize      50.000000
NODATA_value  -9999.0
0.000000 0.000000 0.000000 0.000000 0.000000 0.000000 0.000000 0.000000 0.000000 0.000000 0.000000 0.000000 0.000000 0.000000 0.000000 0.000000 0.000000 0.000000 0.000000 0.000000 0.000000
0.000000 0.000000 0.349807 0.349808 0.349808 0.349808 0.349808 0.349808 0.349808 0.349808 0.349808 0.349808 0.349808 0.349808 0.349808 0.349808 0.349808 0.349808 0.349808 0.000000 0.000000
0.000000 0.000000 0.349993 0.349994 0.349994 0.349994 0.349993 0.349994 0.349993 0.349993 0.349993 0.349993 0.349993 0.349994 0.349993 0.349994 0.349993 0.349993 0.349993 0.000000 0.000000
0.000000 0.000000 0.349994 0.349995 0.349993 0.349994 0.349995 0.349995 0.349996 0.349995 0.349995 0.349994 0.349994 0.349993 0.349996 0.349997 0.349996 0.349996 0.349995 0.000000 0.000000
0.000000 0.000000 0.350334 0.350334 0.350333 0.350333 0.350326 0.350325 0.350325 0.350325 0.350324 0.350326 0.350322 0.350322 0.350325 0.350326 0.350326 0.350326 0.350329 0.000000 0.000000
0.000000 0.000000 0.351533 0.351533 0.351528 0.351520 0.351517 0.351507 0.351507 0.351503 0.351507 0.351506 0.351508 0.351506 0.351504 0.351509 0.351515 0.351519 0.351525 0.000000 0.000000
0.000000 0.000000 0.353298 0.353292 0.353287 0.353278 0.353268 0.353248 0.353248 0.353244 0.353247 0.353247 0.353246 0.353243 0.353257 0.353273 0.353280 0.353284 0.353289 0.000000 0.000000
0.000000 0.000000 0.355278 0.355275 0.355270 0.355257 0.355246 0.355228 0.355230 0.355227 0.355228 0.355227 0.355223 0.355220 0.355236 0.355251 0.355259 0.355262 0.355269 0.000000 0.000000
0.000000 0.000000 0.357258 0.357253 0.357246 0.357237 0.357225 0.357205 0.357207 0.357203 0.357204 0.357204 0.357201 0.357199 0.357214 0.357231 0.357238 0.357241 0.357249 0.000000 0.000000
0.000000 0.000000 0.359233 0.359227 0.359220 0.359210 0.359195 0.359177 0.359180 0.359177 0.359178 0.359178 0.359174 0.359171 0.359188 0.359206 0.359213 0.359216 0.359223 0.000000 0.000000
0.000000 0.000000 0.361243 0.361237 0.361230 0.361223 0.361212 0.361190 0.361193 0.361188 0.361188 0.361189 0.361185 0.361182 0.361197 0.361209 0.361219 0.361223 0.361230 0.000000 0.000000
0.000000 0.000000 0.363319 0.363313 0.363305 0.363293 0.363282 0.363261 0.363261 0.363258 0.363259 0.363257 0.363255 0.363251 0.363270 0.363285 0.363294 0.363297 0.363321 0.000000 0.000000
0.000000 0.000000 0.365418 0.365411 0.365402 0.365393 0.365379 0.365336 0.365338 0.365334 0.365334 0.365334 0.365330 0.365327 0.365363 0.365382 0.365390 0.365394 0.365409 0.000000 0.000000
0.000000 0.000000 0.367633 0.367623 0.367616 0.367606 0.367565 0.367553 0.367547 0.367544 0.367545 0.367544 0.367540 0.367537 0.367549 0.367592 0.367601 0.367610 0.367619 0.000000 0.000000
0.000000 0.000000 0.370014 0.370006 0.369990 0.369953 0.369934 0.369907 0.369894 0.369889 0.369884 0.369883 0.369883 0.369875 0.369894 0.369925 0.369972 0.369971 0.369978 0.000000 0.000000
0.000000 0.000000 0.372464 0.372455 0.372406 0.372398 0.372387 0.372373 0.372372 0.372370 0.372372 0.372371 0.372363 0.372367 0.372373 0.372387 0.372389 0.372437 0.372450 0.000000 0.000000
0.000000 0.000000 0.375174 0.375112 0.375068 0.375052 0.375023 0.375006 0.375003 0.375001 0.374994 0.374994 0.374992 0.374984 0.374995 0.375031 0.375054 0.375080 0.375139 0.000000 0.000000
0.000000 0.000000 0.377304 0.377285 0.377316 0.377294 0.377268 0.377211 0.377206 0.377200 0.377203 0.377201 0.377196 0.377195 0.377245 0.377277 0.377313 0.377263 0.377290 0.000000 0.000000
0.000000 0.000000 0.350000 0.350000 0.350000 0.350000 0.350000 0.350000 0.350000 0.350000 0.350000 0.350000 0.350000 0.350000 0.350000 0.350000 0.350000 0.350000 0.350000 0.000000 0.000000
0.000000 0.000000 0.000000 0.000000 0.000000 0.000000 0.000000 0.000000 0.000000 0.000000 0.000000 0.000000 0.000000 0.000000 0.000000 0.000000 0.000000 0.000000 0.000000 0.000000 0.000000