geotop/1.0zi/1.0Montebello/Templates/testdem/maps/_Eocsand1192.asc
ncols         21
nrows         20
xllcorner     100.000000
yllcorner     100.000000
cellsize      50.000000
NODATA_value  -9999.0
0.000000 0.000000 0.000000 0.000000 0.000000 0.000000 0.000000 0.000000 0.000000 0.000000 0.000000 0.000000 0.000000 0.000000 0.000000 0.000000 0.000000 0.000000 0.000000 0.000000 0.000000
0.000000 0.000000 0.300039 0.300039 0.300039 0.300039 0.300039 0.300039 0.300039 0.300039 0.300039 0.300039 0.300039 0.300039 0.300039 0.300039 0.300039 0.300039 0.300039 0.000000 0.000000
0.000000 0.000000 0.300004 0.300004 0.300005 0.300004 0.300004 0.300004 0.300004 0.300004 0.300004 0.300004 0.300004 0.300004 0.300004 0.300004 0.300005 0.300004 0.300004 0.000000 0.000000
0.000000 0.000000 0.299082 0.299082 0.299087 0.299085 0.299081 0.299082 0.299082 0.299081 0.299081 0.299081 0.299082 0.299082 0.299081 0.299085 0.299087 0.299082 0.299082 0.000000 0.000000
0.000000 0.000000 0.295702 0.295704 0.295708 0.295708 0.295702 0.295703 0.295703 0.295701 0.295702 0.295701 0.295703 0.295703 0.295702 0.295708 0.295708 0.295704 0.295702 0.000000 0.000000
0.000000 0.000000 0.291698 0.291699 0.291703 0.291702 0.291697 0.291698 0.291698 0.291697 0.291697 0.291697 0.291698 0.291698 0.291697 0.291702 0.291703 0.291699 0.291698 0.000000 0.000000
0.000000 0.000000 0.287935 0.287935 0.287939 0.287938 0.287934 0.287935 0.287935 0.287934 0.287934 0.287934 0.287935 0.287935 0.287934 0.287938 0.287939 0.287935 0.287935 0.000000 0.000000
0.000000 0.000000 0.284465 0.284465 0.284469 0.284468 0.284465 0.284465 0.284465 0.284464 0.284464 0.284464 0.284465 0.284465 0.284465 0.284468 0.284469 0.284465 0.284465 0.000000 0.000000
0.000000 0.000000 0.281209 0.281210 0.281213 0.281212 0.281209 0.281210 0.281210 0.281209 0.281209 0.281209 0.281210 0.281210 0.281209 0.281212 0.281213 0.281210 0.281209 0.000000 0.000000
0.000000 0.000000 0.278088 0.278088 0.278091 0.278090 0.278087 0.278088 0.278088 0.278087 0.278087 0.278087 0.278088 0.278088 0.278087 0.278090 0.278091 0.278088 0.278088 0.000000 0.000000
0.000000 0.000000 0.275068 0.275068 0.275071 0.275070 0.275068 0.275068 0.275068 0.275067 0.275067 0.275067 0.275068 0.275068 0.275068 0.275070 0.275071 0.275068 0.275068 0.000000 0.000000
0.000000 0.000000 0.272117 0.272118 0.272120 0.272120 0.272117 0.272117 0.272117 0.272117 0.272117 0.272117 0.272117 0.272117 0.272117 0.272120 0.272120 0.272118 0.272117 0.000000 0.000000
0.000000 0.000000 0.269215 0.269216 0.269219 0.269218 0.269215 0.269216 0.269216 0.269215 0.269215 0.269215 0.269216 0.269216 0.269215 0.269218 0.269219 0.269216 0.269215 0.000000 0.000000
0.000000 0.000000 0.266364 0.266365 0.266368 0.266367 0.266364 0.266365 0.266365 0.266364 0.266364 0.266364 0.266365 0.266365 0.266364 0.266367 0.266368 0.266365 0.266364 0.000000 0.000000
0.000000 0.000000 0.263545 0.263546 0.263549 0.263548 0.263545 0.263546 0.263546 0.263545 0.263545 0.263545 0.263546 0.263546 0.263545 0.263548 0.263549 0.263546 0.263545 0.000000 0.000000
0.000000 0.000000 0.260747 0.260748 0.260750 0.260749 0.260747 0.260747 0.260747 0.260747 0.260747 0.260747 0.260747 0.260747 0.260747 0.260749 0.260750 0.260748 0.260747 0.000000 0.000000
0.000000 0.000000 0.257979 0.257979 0.257982 0.257981 0.257979 0.257979 0.257979 0.257978 0.257979 0.257978 0.257979 0.257979 0.257979 0.257981 0.257982 0.257979 0.257979 0.000000 0.000000
0.000000 0.000000 0.255169 0.255169 0.255172 0.255171 0.255169 0.255169 0.255169 0.255168 0.255169 0.255168 0.255169 0.255169 0.255169 0.255171 0.255172 0.255169 0.255169 0.000000 0.000000
0.000000 0.000000 0.300000 0.300000 0.300000 0.300000 0.300000 0.300000 0.300000 0.300000 0.300000 0.300000 0.300000 0.300000 0.300000 0.300000 0.300000 0.300000 0.300000 0.000000 0.000000
0.000000 0.000000 0.000000 0.000000 0.000000 0.000000 0.000000 0.000000 0.000000 0.000000 0.000000 0.000000 0.000000 0.000000 0.000000 0.000000 0.000000 0.000000 0.000000 0.000000 0.000000