geotop/1.0zi/1.0Montebello/Templates/testdem/maps/_Eocclay003-.asc
ncols         21
nrows         20
xllcorner     100.000000
yllcorner     100.000000
cellsize      50.000000
NODATA_value  -9999.0
0.000000 0.000000 0.000000 0.000000 0.000000 0.000000 0.000000 0.000000 0.000000 0.000000 0.000000 0.000000 0.000000 0.000000 0.000000 0.000000 0.000000 0.000000 0.000000 0.000000 0.000000
0.000000 0.000000 0.349540 0.349543 0.349542 0.349541 0.349543 0.349544 0.349543 0.349543 0.349542 0.349543 0.349543 0.349543 0.349543 0.349543 0.349541 0.349542 0.349542 0.000000 0.000000
0.000000 0.000000 0.349982 0.349980 0.349980 0.349982 0.349979 0.349979 0.349980 0.349979 0.349979 0.349980 0.349980 0.349979 0.349980 0.349981 0.349981 0.349981 0.349980 0.000000 0.000000
0.000000 0.000000 0.350040 0.350045 0.350041 0.350036 0.350038 0.350038 0.350042 0.350039 0.350043 0.350040 0.350041 0.350039 0.350042 0.350045 0.350044 0.350045 0.350042 0.000000 0.000000
0.000000 0.000000 0.351539 0.351534 0.351526 0.351512 0.351493 0.351490 0.351487 0.351490 0.351487 0.351491 0.351491 0.351493 0.351503 0.351508 0.351519 0.351524 0.351532 0.000000 0.000000
0.000000 0.000000 0.355616 0.355611 0.355586 0.355545 0.355512 0.355480 0.355485 0.355481 0.355478 0.355478 0.355485 0.355482 0.355500 0.355531 0.355547 0.355561 0.355566 0.000000 0.000000
0.000000 0.000000 0.361104 0.361093 0.361076 0.361036 0.360994 0.360933 0.360934 0.360930 0.360923 0.360925 0.360926 0.360925 0.360976 0.361011 0.361032 0.361046 0.361053 0.000000 0.000000
0.000000 0.000000 0.367637 0.367623 0.367604 0.367553 0.367506 0.367451 0.367452 0.367447 0.367439 0.367437 0.367435 0.367444 0.367490 0.367528 0.367562 0.367571 0.367585 0.000000 0.000000
0.000000 0.000000 0.374838 0.374820 0.374792 0.374752 0.374698 0.374635 0.374641 0.374630 0.374619 0.374617 0.374620 0.374617 0.374680 0.374726 0.374753 0.374764 0.374776 0.000000 0.000000
0.000000 0.000000 0.382883 0.382855 0.382832 0.382788 0.382728 0.382660 0.382661 0.382654 0.382638 0.382644 0.382652 0.382648 0.382700 0.382761 0.382794 0.382806 0.382812 0.000000 0.000000
0.000000 0.000000 0.392155 0.392133 0.392109 0.392015 0.391986 0.391894 0.391913 0.391871 0.391871 0.391864 0.391850 0.391874 0.391933 0.391971 0.392018 0.392034 0.392073 0.000000 0.000000
0.000000 0.000000 0.403105 0.403056 0.402996 0.402949 0.402899 0.402782 0.402779 0.402778 0.402787 0.402746 0.402766 0.402758 0.402866 0.402927 0.402951 0.402966 0.403046 0.000000 0.000000
0.000000 0.000000 0.415572 0.415528 0.415512 0.415417 0.415355 0.415038 0.415032 0.415015 0.414896 0.414968 0.414973 0.415001 0.415238 0.415289 0.415407 0.415413 0.415426 0.000000 0.000000
0.000000 0.000000 0.431104 0.431087 0.430975 0.430909 0.430456 0.430635 0.430538 0.430543 0.430608 0.430539 0.430530 0.430477 0.430321 0.430814 0.430824 0.430941 0.431007 0.000000 0.000000
0.000000 0.000000 0.448254 0.448202 0.448121 0.447552 0.447821 0.447456 0.447384 0.447351 0.447210 0.447177 0.447238 0.447248 0.447570 0.447310 0.448042 0.447863 0.447830 0.000000 0.000000
0.000000 0.000000 0.462510 0.462484 0.461935 0.462231 0.462121 0.462153 0.462397 0.462336 0.462465 0.462445 0.462339 0.462468 0.462385 0.462487 0.461847 0.462689 0.462676 0.000000 0.000000
0.000000 0.000000 0.474216 0.473829 0.473912 0.473756 0.473548 0.473497 0.473387 0.473413 0.473288 0.473303 0.473372 0.473301 0.473390 0.473548 0.473873 0.473650 0.474049 0.000000 0.000000
0.000000 0.000000 0.479124 0.479209 0.479432 0.479373 0.479312 0.479100 0.479101 0.479053 0.479106 0.479092 0.479098 0.479107 0.479295 0.479344 0.479441 0.479213 0.479130 0.000000 0.000000
0.000000 0.000000 0.350000 0.350000 0.350000 0.350000 0.350000 0.350000 0.350000 0.350000 0.350000 0.350000 0.350000 0.350000 0.350000 0.350000 0.350000 0.350000 0.350000 0.000000 0.000000
0.000000 0.000000 0.000000 0.000000 0.000000 0.000000 0.000000 0.000000 0.000000 0.000000 0.000000 0.000000 0.000000 0.000000 0.000000 0.000000 0.000000 0.000000 0.000000 0.000000 0.000000