geotop/1.0zi/1.0Montebello/Templates/testdem/maps/_Eocsand4805.asc
ncols         21
nrows         20
xllcorner     100.000000
yllcorner     100.000000
cellsize      50.000000
NODATA_value  -9999.0
0.000000 0.000000 0.000000 0.000000 0.000000 0.000000 0.000000 0.000000 0.000000 0.000000 0.000000 0.000000 0.000000 0.000000 0.000000 0.000000 0.000000 0.000000 0.000000 0.000000 0.000000
0.000000 0.000000 0.300118 0.300118 0.300118 0.300118 0.300118 0.300118 0.300118 0.300118 0.300118 0.300118 0.300118 0.300118 0.300118 0.300118 0.300118 0.300118 0.300118 0.000000 0.000000
0.000000 0.000000 0.300006 0.300005 0.300005 0.300005 0.300005 0.300005 0.300005 0.300005 0.300005 0.300005 0.300005 0.300005 0.300005 0.300005 0.300007 0.300007 0.300006 0.000000 0.000000
0.000000 0.000000 0.299975 0.299973 0.299975 0.299979 0.299976 0.299979 0.299977 0.299977 0.299977 0.299978 0.299978 0.299980 0.299976 0.299972 0.299973 0.299971 0.299973 0.000000 0.000000
0.000000 0.000000 0.299250 0.299247 0.299249 0.299259 0.299269 0.299275 0.299276 0.299279 0.299281 0.299277 0.299280 0.299278 0.299268 0.299268 0.299263 0.299254 0.299248 0.000000 0.000000
0.000000 0.000000 0.296752 0.296746 0.296756 0.296783 0.296794 0.296823 0.296827 0.296836 0.296827 0.296825 0.296818 0.296818 0.296811 0.296795 0.296783 0.296774 0.296765 0.000000 0.000000
0.000000 0.000000 0.292951 0.292955 0.292965 0.292994 0.293027 0.293066 0.293065 0.293072 0.293065 0.293067 0.293067 0.293062 0.293034 0.293001 0.292986 0.292972 0.292960 0.000000 0.000000
0.000000 0.000000 0.288466 0.288471 0.288474 0.288505 0.288540 0.288580 0.288578 0.288585 0.288584 0.288583 0.288586 0.288583 0.288546 0.288511 0.288491 0.288484 0.288471 0.000000 0.000000
0.000000 0.000000 0.283884 0.283892 0.283903 0.283927 0.283960 0.284005 0.284002 0.284011 0.284010 0.284008 0.284010 0.284006 0.283970 0.283931 0.283916 0.283906 0.283890 0.000000 0.000000
0.000000 0.000000 0.279306 0.279315 0.279322 0.279346 0.279386 0.279426 0.279420 0.279427 0.279427 0.279425 0.279429 0.279429 0.279388 0.279350 0.279334 0.279326 0.279313 0.000000 0.000000
0.000000 0.000000 0.274652 0.274662 0.274668 0.274688 0.274719 0.274767 0.274763 0.274773 0.274773 0.274770 0.274774 0.274772 0.274737 0.274708 0.274688 0.274678 0.274663 0.000000 0.000000
0.000000 0.000000 0.269826 0.269834 0.269846 0.269875 0.269907 0.269954 0.269955 0.269962 0.269961 0.269962 0.269963 0.269963 0.269918 0.269883 0.269864 0.269856 0.269807 0.000000 0.000000
0.000000 0.000000 0.264922 0.264932 0.264944 0.264966 0.265005 0.265104 0.265103 0.265112 0.265112 0.265111 0.265116 0.265112 0.265025 0.264984 0.264965 0.264956 0.264926 0.000000 0.000000
0.000000 0.000000 0.259706 0.259724 0.259732 0.259755 0.259861 0.259887 0.259902 0.259910 0.259908 0.259907 0.259913 0.259911 0.259881 0.259780 0.259759 0.259739 0.259721 0.000000 0.000000
0.000000 0.000000 0.254060 0.254074 0.254102 0.254194 0.254244 0.254308 0.254339 0.254349 0.254363 0.254363 0.254358 0.254366 0.254317 0.254247 0.254134 0.254139 0.254124 0.000000 0.000000
0.000000 0.000000 0.248205 0.248219 0.248332 0.248351 0.248384 0.248416 0.248418 0.248421 0.248414 0.248415 0.248430 0.248407 0.248390 0.248362 0.248363 0.248239 0.248210 0.000000 0.000000
0.000000 0.000000 0.241655 0.241807 0.241896 0.241941 0.242022 0.242064 0.242073 0.242080 0.242096 0.242094 0.242091 0.242101 0.242069 0.241979 0.241920 0.241865 0.241715 0.000000 0.000000
0.000000 0.000000 0.236600 0.236627 0.236529 0.236585 0.236652 0.236801 0.236814 0.236828 0.236821 0.236822 0.236830 0.236816 0.236681 0.236609 0.236526 0.236655 0.236603 0.000000 0.000000
0.000000 0.000000 0.300000 0.300000 0.300000 0.300000 0.300000 0.300000 0.300000 0.300000 0.300000 0.300000 0.300000 0.300000 0.300000 0.300000 0.300000 0.300000 0.300000 0.000000 0.000000
0.000000 0.000000 0.000000 0.000000 0.000000 0.000000 0.000000 0.000000 0.000000 0.000000 0.000000 0.000000 0.000000 0.000000 0.000000 0.000000 0.000000 0.000000 0.000000 0.000000 0.000000