geotop/1.0zi/1.0Montebello/Templates/testdem/maps/_Eocsand3254.asc
ncols         21
nrows         20
xllcorner     100.000000
yllcorner     100.000000
cellsize      50.000000
NODATA_value  -9999.0
0.000000 0.000000 0.000000 0.000000 0.000000 0.000000 0.000000 0.000000 0.000000 0.000000 0.000000 0.000000 0.000000 0.000000 0.000000 0.000000 0.000000 0.000000 0.000000 0.000000 0.000000
0.000000 0.000000 0.300089 0.300089 0.300089 0.300089 0.300089 0.300089 0.300089 0.300089 0.300090 0.300089 0.300089 0.300089 0.300089 0.300089 0.300089 0.300089 0.300089 0.000000 0.000000
0.000000 0.000000 0.300011 0.300011 0.300011 0.300011 0.300011 0.300011 0.300011 0.300011 0.300009 0.300011 0.300011 0.300011 0.300011 0.300011 0.300011 0.300011 0.300011 0.000000 0.000000
0.000000 0.000000 0.297432 0.297433 0.297438 0.297436 0.297432 0.297433 0.297433 0.297432 0.297432 0.297432 0.297433 0.297433 0.297432 0.297436 0.297438 0.297433 0.297432 0.000000 0.000000
0.000000 0.000000 0.287798 0.287800 0.287804 0.287803 0.287797 0.287799 0.287799 0.287797 0.287796 0.287797 0.287799 0.287799 0.287797 0.287803 0.287804 0.287800 0.287798 0.000000 0.000000
0.000000 0.000000 0.276617 0.276619 0.276622 0.276622 0.276617 0.276618 0.276618 0.276616 0.276615 0.276616 0.276618 0.276618 0.276617 0.276622 0.276622 0.276619 0.276617 0.000000 0.000000
0.000000 0.000000 0.266320 0.266321 0.266324 0.266324 0.266320 0.266321 0.266321 0.266319 0.266318 0.266319 0.266321 0.266321 0.266320 0.266324 0.266324 0.266321 0.266320 0.000000 0.000000
0.000000 0.000000 0.256975 0.256976 0.256978 0.256978 0.256975 0.256976 0.256976 0.256974 0.256973 0.256974 0.256976 0.256976 0.256975 0.256978 0.256978 0.256976 0.256975 0.000000 0.000000
0.000000 0.000000 0.248335 0.248336 0.248339 0.248338 0.248335 0.248336 0.248336 0.248335 0.248334 0.248335 0.248336 0.248336 0.248335 0.248338 0.248339 0.248336 0.248335 0.000000 0.000000
0.000000 0.000000 0.240198 0.240199 0.240201 0.240201 0.240198 0.240199 0.240199 0.240198 0.240197 0.240198 0.240199 0.240199 0.240198 0.240201 0.240201 0.240199 0.240198 0.000000 0.000000
0.000000 0.000000 0.232463 0.232463 0.232466 0.232465 0.232463 0.232463 0.232463 0.232462 0.232461 0.232462 0.232463 0.232463 0.232463 0.232465 0.232466 0.232463 0.232463 0.000000 0.000000
0.000000 0.000000 0.225055 0.225056 0.225059 0.225058 0.225055 0.225056 0.225056 0.225055 0.225054 0.225055 0.225056 0.225056 0.225055 0.225058 0.225059 0.225056 0.225055 0.000000 0.000000
0.000000 0.000000 0.217924 0.217925 0.217927 0.217926 0.217924 0.217925 0.217925 0.217924 0.217923 0.217924 0.217925 0.217925 0.217924 0.217926 0.217927 0.217925 0.217924 0.000000 0.000000
0.000000 0.000000 0.211008 0.211009 0.211011 0.211010 0.211008 0.211009 0.211008 0.211007 0.211007 0.211007 0.211008 0.211009 0.211008 0.211010 0.211011 0.211009 0.211008 0.000000 0.000000
0.000000 0.000000 0.204292 0.204293 0.204295 0.204294 0.204292 0.204293 0.204293 0.204292 0.204291 0.204292 0.204293 0.204293 0.204292 0.204294 0.204295 0.204293 0.204292 0.000000 0.000000
0.000000 0.000000 0.197765 0.197765 0.197767 0.197767 0.197764 0.197765 0.197765 0.197764 0.197763 0.197764 0.197765 0.197765 0.197764 0.197767 0.197767 0.197765 0.197765 0.000000 0.000000
0.000000 0.000000 0.191405 0.191405 0.191408 0.191407 0.191405 0.191406 0.191405 0.191404 0.191404 0.191404 0.191405 0.191406 0.191405 0.191407 0.191408 0.191405 0.191405 0.000000 0.000000
0.000000 0.000000 0.185091 0.185091 0.185093 0.185092 0.185090 0.185091 0.185091 0.185090 0.185089 0.185090 0.185091 0.185091 0.185090 0.185092 0.185093 0.185091 0.185090 0.000000 0.000000
0.000000 0.000000 0.300000 0.300000 0.300000 0.300000 0.300000 0.300000 0.300000 0.300000 0.300000 0.300000 0.300000 0.300000 0.300000 0.300000 0.300000 0.300000 0.300000 0.000000 0.000000
0.000000 0.000000 0.000000 0.000000 0.000000 0.000000 0.000000 0.000000 0.000000 0.000000 0.000000 0.000000 0.000000 0.000000 0.000000 0.000000 0.000000 0.000000 0.000000 0.000000 0.000000