geotop/1.0zi/1.0Montebello/Templates/testdem/maps/_Eocclay3566.asc
ncols         21
nrows         20
xllcorner     100.000000
yllcorner     100.000000
cellsize      50.000000
NODATA_value  -9999.0
0.000000 0.000000 0.000000 0.000000 0.000000 0.000000 0.000000 0.000000 0.000000 0.000000 0.000000 0.000000 0.000000 0.000000 0.000000 0.000000 0.000000 0.000000 0.000000 0.000000 0.000000
0.000000 0.000000 0.349810 0.349810 0.349810 0.349810 0.349810 0.349810 0.349810 0.349810 0.349809 0.349810 0.349810 0.349810 0.349810 0.349810 0.349810 0.349810 0.349810 0.000000 0.000000
0.000000 0.000000 0.349996 0.349996 0.349995 0.349996 0.349996 0.349996 0.349996 0.349996 0.349996 0.349996 0.349996 0.349996 0.349996 0.349996 0.349995 0.349996 0.349996 0.000000 0.000000
0.000000 0.000000 0.351305 0.351304 0.351302 0.351303 0.351304 0.351304 0.351304 0.351305 0.351305 0.351305 0.351304 0.351304 0.351304 0.351303 0.351302 0.351304 0.351305 0.000000 0.000000
0.000000 0.000000 0.356738 0.356738 0.356736 0.356736 0.356740 0.356738 0.356738 0.356739 0.356739 0.356739 0.356738 0.356738 0.356740 0.356736 0.356736 0.356738 0.356738 0.000000 0.000000
0.000000 0.000000 0.362761 0.362761 0.362759 0.362759 0.362762 0.362760 0.362760 0.362761 0.362762 0.362761 0.362760 0.362760 0.362762 0.362759 0.362759 0.362761 0.362761 0.000000 0.000000
0.000000 0.000000 0.368401 0.368400 0.368399 0.368399 0.368401 0.368400 0.368400 0.368401 0.368401 0.368401 0.368400 0.368400 0.368401 0.368399 0.368399 0.368400 0.368401 0.000000 0.000000
0.000000 0.000000 0.373530 0.373529 0.373528 0.373528 0.373530 0.373529 0.373529 0.373530 0.373530 0.373530 0.373529 0.373529 0.373530 0.373528 0.373528 0.373529 0.373530 0.000000 0.000000
0.000000 0.000000 0.378265 0.378265 0.378264 0.378264 0.378266 0.378265 0.378265 0.378265 0.378266 0.378265 0.378265 0.378265 0.378266 0.378264 0.378264 0.378265 0.378265 0.000000 0.000000
0.000000 0.000000 0.382717 0.382717 0.382716 0.382716 0.382717 0.382717 0.382717 0.382717 0.382718 0.382717 0.382717 0.382717 0.382717 0.382716 0.382716 0.382717 0.382717 0.000000 0.000000
0.000000 0.000000 0.386942 0.386942 0.386941 0.386941 0.386942 0.386942 0.386941 0.386942 0.386942 0.386942 0.386941 0.386942 0.386942 0.386941 0.386941 0.386942 0.386942 0.000000 0.000000
0.000000 0.000000 0.390981 0.390981 0.390980 0.390980 0.390981 0.390981 0.390980 0.390981 0.390981 0.390981 0.390980 0.390981 0.390981 0.390980 0.390980 0.390981 0.390981 0.000000 0.000000
0.000000 0.000000 0.394864 0.394864 0.394863 0.394863 0.394864 0.394864 0.394864 0.394864 0.394865 0.394864 0.394864 0.394864 0.394864 0.394863 0.394863 0.394864 0.394864 0.000000 0.000000
0.000000 0.000000 0.398620 0.398620 0.398619 0.398619 0.398621 0.398620 0.398620 0.398620 0.398621 0.398620 0.398620 0.398620 0.398621 0.398619 0.398619 0.398620 0.398620 0.000000 0.000000
0.000000 0.000000 0.402261 0.402261 0.402260 0.402260 0.402261 0.402261 0.402260 0.402261 0.402261 0.402261 0.402260 0.402261 0.402261 0.402260 0.402260 0.402261 0.402261 0.000000 0.000000
0.000000 0.000000 0.405790 0.405790 0.405789 0.405789 0.405791 0.405790 0.405790 0.405790 0.405791 0.405790 0.405790 0.405790 0.405791 0.405789 0.405789 0.405790 0.405790 0.000000 0.000000
0.000000 0.000000 0.409221 0.409221 0.409220 0.409220 0.409221 0.409220 0.409220 0.409221 0.409221 0.409221 0.409220 0.409220 0.409221 0.409220 0.409220 0.409221 0.409221 0.000000 0.000000
0.000000 0.000000 0.412607 0.412607 0.412606 0.412606 0.412608 0.412607 0.412607 0.412607 0.412608 0.412607 0.412607 0.412607 0.412608 0.412606 0.412606 0.412607 0.412607 0.000000 0.000000
0.000000 0.000000 0.350000 0.350000 0.350000 0.350000 0.350000 0.350000 0.350000 0.350000 0.350000 0.350000 0.350000 0.350000 0.350000 0.350000 0.350000 0.350000 0.350000 0.000000 0.000000
0.000000 0.000000 0.000000 0.000000 0.000000 0.000000 0.000000 0.000000 0.000000 0.000000 0.000000 0.000000 0.000000 0.000000 0.000000 0.000000 0.000000 0.000000 0.000000 0.000000 0.000000