geotop/1.0zi/1.0Montebello/Templates/testdem/maps/_Eocclay2382.asc
ncols         21
nrows         20
xllcorner     100.000000
yllcorner     100.000000
cellsize      50.000000
NODATA_value  -9999.0
0.000000 0.000000 0.000000 0.000000 0.000000 0.000000 0.000000 0.000000 0.000000 0.000000 0.000000 0.000000 0.000000 0.000000 0.000000 0.000000 0.000000 0.000000 0.000000 0.000000 0.000000
0.000000 0.000000 0.349874 0.349874 0.349874 0.349874 0.349874 0.349874 0.349874 0.349874 0.349873 0.349874 0.349874 0.349874 0.349874 0.349874 0.349874 0.349874 0.349874 0.000000 0.000000
0.000000 0.000000 0.349990 0.349990 0.349989 0.349990 0.349990 0.349990 0.349990 0.349990 0.349990 0.349990 0.349990 0.349990 0.349990 0.349990 0.349989 0.349990 0.349990 0.000000 0.000000
0.000000 0.000000 0.350732 0.350731 0.350729 0.350730 0.350732 0.350731 0.350731 0.350732 0.350732 0.350732 0.350731 0.350731 0.350732 0.350730 0.350729 0.350731 0.350732 0.000000 0.000000
0.000000 0.000000 0.354115 0.354114 0.354112 0.354112 0.354116 0.354114 0.354114 0.354116 0.354116 0.354116 0.354114 0.354114 0.354116 0.354112 0.354112 0.354114 0.354115 0.000000 0.000000
0.000000 0.000000 0.358031 0.358031 0.358029 0.358029 0.358032 0.358031 0.358031 0.358032 0.358032 0.358032 0.358031 0.358031 0.358032 0.358029 0.358029 0.358031 0.358031 0.000000 0.000000
0.000000 0.000000 0.361754 0.361754 0.361752 0.361753 0.361755 0.361754 0.361754 0.361755 0.361755 0.361755 0.361754 0.361754 0.361755 0.361753 0.361752 0.361754 0.361754 0.000000 0.000000
0.000000 0.000000 0.365178 0.365178 0.365176 0.365177 0.365178 0.365178 0.365178 0.365179 0.365179 0.365179 0.365178 0.365178 0.365178 0.365177 0.365176 0.365178 0.365178 0.000000 0.000000
0.000000 0.000000 0.368376 0.368375 0.368374 0.368374 0.368376 0.368375 0.368375 0.368376 0.368376 0.368376 0.368375 0.368375 0.368376 0.368374 0.368374 0.368375 0.368376 0.000000 0.000000
0.000000 0.000000 0.371419 0.371419 0.371418 0.371418 0.371419 0.371419 0.371419 0.371420 0.371420 0.371420 0.371419 0.371419 0.371419 0.371418 0.371418 0.371419 0.371419 0.000000 0.000000
0.000000 0.000000 0.374343 0.374343 0.374342 0.374342 0.374344 0.374343 0.374343 0.374344 0.374344 0.374344 0.374343 0.374343 0.374344 0.374342 0.374342 0.374343 0.374343 0.000000 0.000000
0.000000 0.000000 0.377176 0.377176 0.377174 0.377175 0.377176 0.377176 0.377176 0.377176 0.377177 0.377176 0.377176 0.377176 0.377176 0.377175 0.377174 0.377176 0.377176 0.000000 0.000000
0.000000 0.000000 0.379937 0.379937 0.379936 0.379936 0.379938 0.379937 0.379937 0.379938 0.379938 0.379938 0.379937 0.379937 0.379938 0.379936 0.379936 0.379937 0.379937 0.000000 0.000000
0.000000 0.000000 0.382640 0.382640 0.382638 0.382639 0.382640 0.382640 0.382640 0.382640 0.382641 0.382640 0.382640 0.382640 0.382640 0.382639 0.382638 0.382640 0.382640 0.000000 0.000000
0.000000 0.000000 0.385294 0.385293 0.385292 0.385293 0.385294 0.385293 0.385293 0.385294 0.385294 0.385294 0.385293 0.385293 0.385294 0.385293 0.385292 0.385293 0.385294 0.000000 0.000000
0.000000 0.000000 0.387901 0.387901 0.387899 0.387900 0.387901 0.387901 0.387901 0.387901 0.387901 0.387901 0.387901 0.387901 0.387901 0.387900 0.387899 0.387901 0.387901 0.000000 0.000000
0.000000 0.000000 0.390464 0.390463 0.390462 0.390463 0.390464 0.390463 0.390464 0.390464 0.390464 0.390464 0.390464 0.390463 0.390464 0.390463 0.390462 0.390463 0.390464 0.000000 0.000000
0.000000 0.000000 0.393020 0.393020 0.393019 0.393020 0.393021 0.393020 0.393020 0.393021 0.393021 0.393021 0.393020 0.393020 0.393021 0.393020 0.393019 0.393020 0.393021 0.000000 0.000000
0.000000 0.000000 0.350000 0.350000 0.350000 0.350000 0.350000 0.350000 0.350000 0.350000 0.350000 0.350000 0.350000 0.350000 0.350000 0.350000 0.350000 0.350000 0.350000 0.000000 0.000000
0.000000 0.000000 0.000000 0.000000 0.000000 0.000000 0.000000 0.000000 0.000000 0.000000 0.000000 0.000000 0.000000 0.000000 0.000000 0.000000 0.000000 0.000000 0.000000 0.000000 0.000000