geotop/1.0zi/1.0Montebello/Templates/testdem/maps/_Eocclay7047.asc
ncols         21
nrows         20
xllcorner     100.000000
yllcorner     100.000000
cellsize      50.000000
NODATA_value  -9999.0
0.000000 0.000000 0.000000 0.000000 0.000000 0.000000 0.000000 0.000000 0.000000 0.000000 0.000000 0.000000 0.000000 0.000000 0.000000 0.000000 0.000000 0.000000 0.000000 0.000000 0.000000
0.000000 0.000000 0.349683 0.349684 0.349684 0.349683 0.349685 0.349684 0.349684 0.349684 0.349683 0.349685 0.349684 0.349684 0.349685 0.349685 0.349683 0.349683 0.349684 0.000000 0.000000
0.000000 0.000000 0.349987 0.349987 0.349987 0.349988 0.349987 0.349987 0.349987 0.349987 0.349986 0.349986 0.349987 0.349986 0.349987 0.349987 0.349988 0.349988 0.349985 0.000000 0.000000
0.000000 0.000000 0.349977 0.349982 0.349978 0.349979 0.349980 0.349980 0.349982 0.349978 0.349983 0.349980 0.349980 0.349979 0.349980 0.349982 0.349979 0.349982 0.349981 0.000000 0.000000
0.000000 0.000000 0.350714 0.350712 0.350708 0.350705 0.350691 0.350689 0.350688 0.350690 0.350688 0.350688 0.350684 0.350687 0.350695 0.350695 0.350701 0.350702 0.350710 0.000000 0.000000
0.000000 0.000000 0.352920 0.352919 0.352908 0.352884 0.352872 0.352850 0.352853 0.352846 0.352850 0.352849 0.352851 0.352852 0.352860 0.352878 0.352889 0.352902 0.352909 0.000000 0.000000
0.000000 0.000000 0.356073 0.356070 0.356062 0.356042 0.356015 0.355982 0.355982 0.355976 0.355978 0.355979 0.355978 0.355979 0.356006 0.356032 0.356045 0.356056 0.356064 0.000000 0.000000
0.000000 0.000000 0.359836 0.359835 0.359828 0.359802 0.359776 0.359741 0.359742 0.359738 0.359737 0.359735 0.359732 0.359740 0.359769 0.359791 0.359812 0.359819 0.359832 0.000000 0.000000
0.000000 0.000000 0.363753 0.363748 0.363736 0.363721 0.363694 0.363658 0.363661 0.363653 0.363651 0.363649 0.363649 0.363648 0.363683 0.363712 0.363727 0.363734 0.363745 0.000000 0.000000
0.000000 0.000000 0.367812 0.367804 0.367798 0.367784 0.367745 0.367712 0.367714 0.367709 0.367704 0.367707 0.367711 0.367709 0.367738 0.367771 0.367790 0.367795 0.367804 0.000000 0.000000
0.000000 0.000000 0.372127 0.372122 0.372115 0.372085 0.372059 0.372020 0.372029 0.372008 0.372011 0.372010 0.372003 0.372017 0.372041 0.372062 0.372085 0.372098 0.372116 0.000000 0.000000
0.000000 0.000000 0.376777 0.376765 0.376751 0.376730 0.376702 0.376656 0.376656 0.376648 0.376659 0.376643 0.376646 0.376650 0.376695 0.376717 0.376733 0.376742 0.376785 0.000000 0.000000
0.000000 0.000000 0.381685 0.381672 0.381665 0.381639 0.381614 0.381509 0.381508 0.381500 0.381475 0.381487 0.381493 0.381504 0.381583 0.381607 0.381645 0.381649 0.381677 0.000000 0.000000
0.000000 0.000000 0.387213 0.387208 0.387187 0.387168 0.387051 0.387038 0.387014 0.387013 0.387013 0.387010 0.387007 0.387004 0.387007 0.387129 0.387156 0.387188 0.387219 0.000000 0.000000
0.000000 0.000000 0.393523 0.393513 0.393485 0.393350 0.393332 0.393265 0.393226 0.393218 0.393196 0.393178 0.393192 0.393187 0.393249 0.393278 0.393460 0.393440 0.393455 0.000000 0.000000
0.000000 0.000000 0.400382 0.400371 0.400182 0.400191 0.400181 0.400142 0.400200 0.400175 0.400203 0.400182 0.400156 0.400202 0.400223 0.400235 0.400159 0.400411 0.400412 0.000000 0.000000
0.000000 0.000000 0.408702 0.408416 0.408396 0.408307 0.408164 0.408116 0.408069 0.408076 0.408005 0.408004 0.408040 0.408013 0.408082 0.408189 0.408379 0.408333 0.408628 0.000000 0.000000
0.000000 0.000000 0.413590 0.413747 0.414017 0.413980 0.413934 0.413676 0.413689 0.413624 0.413703 0.413681 0.413682 0.413704 0.413933 0.413966 0.414060 0.413807 0.413664 0.000000 0.000000
0.000000 0.000000 0.350000 0.350000 0.350000 0.350000 0.350000 0.350000 0.350000 0.350000 0.350000 0.350000 0.350000 0.350000 0.350000 0.350000 0.350000 0.350000 0.350000 0.000000 0.000000
0.000000 0.000000 0.000000 0.000000 0.000000 0.000000 0.000000 0.000000 0.000000 0.000000 0.000000 0.000000 0.000000 0.000000 0.000000 0.000000 0.000000 0.000000 0.000000 0.000000 0.000000