geotop/1.0zi/1.0Montebello/Templates/testdem/maps/_Eocclay8815.asc
ncols         21
nrows         20
xllcorner     100.000000
yllcorner     100.000000
cellsize      50.000000
NODATA_value  -9999.0
0.000000 0.000000 0.000000 0.000000 0.000000 0.000000 0.000000 0.000000 0.000000 0.000000 0.000000 0.000000 0.000000 0.000000 0.000000 0.000000 0.000000 0.000000 0.000000 0.000000 0.000000
0.000000 0.000000 0.349586 0.349589 0.349589 0.349588 0.349590 0.349590 0.349589 0.349589 0.349588 0.349590 0.349589 0.349589 0.349589 0.349589 0.349587 0.349588 0.349588 0.000000 0.000000
0.000000 0.000000 0.349983 0.349982 0.349982 0.349984 0.349982 0.349981 0.349982 0.349982 0.349981 0.349981 0.349982 0.349981 0.349982 0.349983 0.349983 0.349983 0.349981 0.000000 0.000000
0.000000 0.000000 0.350023 0.350027 0.350026 0.350023 0.350024 0.350025 0.350028 0.350026 0.350029 0.350027 0.350027 0.350025 0.350028 0.350030 0.350028 0.350027 0.350025 0.000000 0.000000
0.000000 0.000000 0.351208 0.351202 0.351198 0.351188 0.351171 0.351171 0.351167 0.351168 0.351166 0.351168 0.351166 0.351169 0.351178 0.351182 0.351193 0.351193 0.351202 0.000000 0.000000
0.000000 0.000000 0.354532 0.354529 0.354510 0.354480 0.354457 0.354433 0.354437 0.354430 0.354435 0.354434 0.354440 0.354439 0.354452 0.354477 0.354489 0.354499 0.354505 0.000000 0.000000
0.000000 0.000000 0.359019 0.359011 0.359002 0.358973 0.358939 0.358891 0.358892 0.358887 0.358888 0.358889 0.358890 0.358891 0.358931 0.358962 0.358978 0.358988 0.358996 0.000000 0.000000
0.000000 0.000000 0.364333 0.364324 0.364315 0.364279 0.364245 0.364200 0.364202 0.364197 0.364197 0.364195 0.364192 0.364202 0.364239 0.364269 0.364298 0.364302 0.364316 0.000000 0.000000
0.000000 0.000000 0.370046 0.370035 0.370020 0.369996 0.369956 0.369908 0.369914 0.369904 0.369901 0.369899 0.369901 0.369900 0.369949 0.369987 0.370007 0.370012 0.370025 0.000000 0.000000
0.000000 0.000000 0.376223 0.376207 0.376199 0.376174 0.376117 0.376075 0.376077 0.376071 0.376064 0.376069 0.376076 0.376074 0.376114 0.376161 0.376186 0.376192 0.376199 0.000000 0.000000
0.000000 0.000000 0.383088 0.383077 0.383068 0.383012 0.382976 0.382920 0.382936 0.382903 0.382910 0.382906 0.382896 0.382916 0.382958 0.382986 0.383022 0.383033 0.383061 0.000000 0.000000
0.000000 0.000000 0.390874 0.390852 0.390824 0.390794 0.390744 0.390678 0.390678 0.390674 0.390688 0.390662 0.390674 0.390674 0.390748 0.390787 0.390806 0.390814 0.390875 0.000000 0.000000
0.000000 0.000000 0.399472 0.399447 0.399445 0.399386 0.399346 0.399149 0.399150 0.399141 0.399082 0.399118 0.399126 0.399145 0.399298 0.399335 0.399408 0.399407 0.399432 0.000000 0.000000
0.000000 0.000000 0.409877 0.409870 0.409823 0.409786 0.409515 0.409572 0.409521 0.409523 0.409551 0.409526 0.409521 0.409499 0.409450 0.409740 0.409765 0.409828 0.409875 0.000000 0.000000
0.000000 0.000000 0.422302 0.422270 0.422215 0.421858 0.421941 0.421756 0.421691 0.421673 0.421606 0.421571 0.421612 0.421609 0.421789 0.421723 0.422193 0.422090 0.422086 0.000000 0.000000
0.000000 0.000000 0.435604 0.435579 0.435074 0.435279 0.435220 0.435214 0.435431 0.435371 0.435484 0.435457 0.435367 0.435493 0.435465 0.435517 0.435034 0.435783 0.435770 0.000000 0.000000
0.000000 0.000000 0.451153 0.450441 0.450684 0.450374 0.450020 0.449917 0.449687 0.449744 0.449510 0.449538 0.449676 0.449532 0.449722 0.449984 0.450664 0.450130 0.450867 0.000000 0.000000
0.000000 0.000000 0.455228 0.455870 0.456388 0.456397 0.456449 0.455944 0.456052 0.455899 0.456164 0.456112 0.456066 0.456157 0.456570 0.456535 0.456484 0.456097 0.455461 0.000000 0.000000
0.000000 0.000000 0.350000 0.350000 0.350000 0.350000 0.350000 0.350000 0.350000 0.350000 0.350000 0.350000 0.350000 0.350000 0.350000 0.350000 0.350000 0.350000 0.350000 0.000000 0.000000
0.000000 0.000000 0.000000 0.000000 0.000000 0.000000 0.000000 0.000000 0.000000 0.000000 0.000000 0.000000 0.000000 0.000000 0.000000 0.000000 0.000000 0.000000 0.000000 0.000000 0.000000