geotop/1.0zi/1.0Montebello/Templates/testdem/maps/_Eocsilt5411.asc
ncols         21
nrows         20
xllcorner     100.000000
yllcorner     100.000000
cellsize      50.000000
NODATA_value  -9999.0
0.000000 0.000000 0.000000 0.000000 0.000000 0.000000 0.000000 0.000000 0.000000 0.000000 0.000000 0.000000 0.000000 0.000000 0.000000 0.000000 0.000000 0.000000 0.000000 0.000000 0.000000
0.000000 0.000000 0.350108 0.350108 0.350108 0.350108 0.350108 0.350108 0.350108 0.350108 0.350108 0.350108 0.350108 0.350108 0.350108 0.350108 0.350108 0.350108 0.350108 0.000000 0.000000
0.000000 0.000000 0.350002 0.350002 0.350002 0.350003 0.350003 0.350003 0.350003 0.350003 0.350003 0.350003 0.350004 0.350003 0.350003 0.350003 0.350001 0.350001 0.350002 0.000000 0.000000
0.000000 0.000000 0.350038 0.350037 0.350037 0.350032 0.350033 0.350031 0.350033 0.350034 0.350033 0.350032 0.350033 0.350032 0.350033 0.350036 0.350036 0.350038 0.350037 0.000000 0.000000
0.000000 0.000000 0.350439 0.350442 0.350441 0.350437 0.350435 0.350430 0.350429 0.350427 0.350424 0.350427 0.350428 0.350428 0.350434 0.350436 0.350435 0.350444 0.350447 0.000000 0.000000
0.000000 0.000000 0.351768 0.351772 0.351769 0.351756 0.351746 0.351730 0.351728 0.351724 0.351729 0.351731 0.351732 0.351728 0.351733 0.351738 0.351747 0.351750 0.351754 0.000000 0.000000
0.000000 0.000000 0.353838 0.353836 0.353833 0.353816 0.353797 0.353775 0.353777 0.353775 0.353777 0.353778 0.353774 0.353777 0.353792 0.353807 0.353814 0.353823 0.353828 0.000000 0.000000
0.000000 0.000000 0.356353 0.356354 0.356355 0.356339 0.356320 0.356297 0.356298 0.356295 0.356296 0.356296 0.356294 0.356296 0.356313 0.356330 0.356345 0.356347 0.356355 0.000000 0.000000
0.000000 0.000000 0.358988 0.358984 0.358978 0.358968 0.358950 0.358923 0.358924 0.358919 0.358917 0.358919 0.358919 0.358917 0.358941 0.358959 0.358972 0.358977 0.358984 0.000000 0.000000
0.000000 0.000000 0.361610 0.361606 0.361605 0.361599 0.361573 0.361550 0.361552 0.361549 0.361545 0.361549 0.361552 0.361549 0.361567 0.361588 0.361601 0.361602 0.361607 0.000000 0.000000
0.000000 0.000000 0.364282 0.364280 0.364281 0.364262 0.364245 0.364220 0.364225 0.364213 0.364214 0.364216 0.364212 0.364218 0.364232 0.364246 0.364259 0.364267 0.364278 0.000000 0.000000
0.000000 0.000000 0.367072 0.367066 0.367060 0.367047 0.367033 0.367002 0.367004 0.366996 0.367004 0.366998 0.366999 0.367001 0.367027 0.367039 0.367048 0.367052 0.367081 0.000000 0.000000
0.000000 0.000000 0.369912 0.369906 0.369905 0.369891 0.369878 0.369818 0.369818 0.369813 0.369801 0.369808 0.369812 0.369817 0.369859 0.369869 0.369891 0.369893 0.369914 0.000000 0.000000
0.000000 0.000000 0.372964 0.372961 0.372955 0.372946 0.372891 0.372875 0.372861 0.372861 0.372856 0.372859 0.372859 0.372857 0.372864 0.372918 0.372937 0.372951 0.372972 0.000000 0.000000
0.000000 0.000000 0.376295 0.376292 0.376279 0.376224 0.376205 0.376171 0.376148 0.376145 0.376134 0.376128 0.376135 0.376129 0.376153 0.376181 0.376264 0.376258 0.376270 0.000000 0.000000
0.000000 0.000000 0.379801 0.379797 0.379727 0.379711 0.379706 0.379683 0.379695 0.379686 0.379691 0.379683 0.379675 0.379689 0.379702 0.379711 0.379711 0.379802 0.379805 0.000000 0.000000
0.000000 0.000000 0.383758 0.383664 0.383625 0.383596 0.383552 0.383527 0.383521 0.383519 0.383499 0.383495 0.383503 0.383500 0.383526 0.383559 0.383614 0.383645 0.383739 0.000000 0.000000
0.000000 0.000000 0.386742 0.386735 0.386817 0.386791 0.386757 0.386668 0.386664 0.386645 0.386655 0.386650 0.386656 0.386658 0.386740 0.386762 0.386828 0.386743 0.386755 0.000000 0.000000
0.000000 0.000000 0.350000 0.350000 0.350000 0.350000 0.350000 0.350000 0.350000 0.350000 0.350000 0.350000 0.350000 0.350000 0.350000 0.350000 0.350000 0.350000 0.350000 0.000000 0.000000
0.000000 0.000000 0.000000 0.000000 0.000000 0.000000 0.000000 0.000000 0.000000 0.000000 0.000000 0.000000 0.000000 0.000000 0.000000 0.000000 0.000000 0.000000 0.000000 0.000000 0.000000