geotop/1.0zi/1.0Montebello/Templates/testdem/maps/_Eocsand6399.asc
ncols         21
nrows         20
xllcorner     100.000000
yllcorner     100.000000
cellsize      50.000000
NODATA_value  -9999.0
0.000000 0.000000 0.000000 0.000000 0.000000 0.000000 0.000000 0.000000 0.000000 0.000000 0.000000 0.000000 0.000000 0.000000 0.000000 0.000000 0.000000 0.000000 0.000000 0.000000 0.000000
0.000000 0.000000 0.300158 0.300156 0.300155 0.300156 0.300155 0.300155 0.300156 0.300156 0.300156 0.300156 0.300156 0.300156 0.300155 0.300155 0.300157 0.300157 0.300156 0.000000 0.000000
0.000000 0.000000 0.300009 0.300010 0.300009 0.300008 0.300009 0.300009 0.300009 0.300009 0.300009 0.300010 0.300008 0.300010 0.300009 0.300010 0.300010 0.300010 0.300011 0.000000 0.000000
0.000000 0.000000 0.299963 0.299962 0.299966 0.299971 0.299969 0.299970 0.299967 0.299970 0.299967 0.299970 0.299969 0.299970 0.299968 0.299963 0.299962 0.299960 0.299960 0.000000 0.000000
0.000000 0.000000 0.298778 0.298772 0.298778 0.298787 0.298804 0.298812 0.298813 0.298813 0.298818 0.298817 0.298820 0.298817 0.298805 0.298802 0.298795 0.298784 0.298773 0.000000 0.000000
0.000000 0.000000 0.295220 0.295217 0.295231 0.295268 0.295288 0.295325 0.295326 0.295336 0.295328 0.295325 0.295320 0.295323 0.295311 0.295289 0.295269 0.295254 0.295243 0.000000 0.000000
0.000000 0.000000 0.289923 0.289926 0.289939 0.289978 0.290026 0.290080 0.290080 0.290088 0.290084 0.290083 0.290085 0.290082 0.290039 0.289994 0.289972 0.289952 0.289936 0.000000 0.000000
0.000000 0.000000 0.283506 0.283505 0.283513 0.283556 0.283602 0.283662 0.283662 0.283667 0.283668 0.283670 0.283673 0.283664 0.283615 0.283572 0.283537 0.283527 0.283505 0.000000 0.000000
0.000000 0.000000 0.276823 0.276831 0.276851 0.276878 0.276924 0.276988 0.276984 0.276997 0.277002 0.277001 0.277001 0.277003 0.276942 0.276895 0.276863 0.276852 0.276832 0.000000 0.000000
0.000000 0.000000 0.270011 0.270022 0.270031 0.270053 0.270119 0.270176 0.270173 0.270181 0.270189 0.270182 0.270173 0.270181 0.270129 0.270074 0.270040 0.270034 0.270018 0.000000 0.000000
0.000000 0.000000 0.262910 0.262915 0.262924 0.262973 0.263017 0.263081 0.263067 0.263099 0.263098 0.263096 0.263105 0.263085 0.263045 0.263009 0.262971 0.262951 0.262921 0.000000 0.000000
0.000000 0.000000 0.255368 0.255380 0.255404 0.255440 0.255482 0.255561 0.255559 0.255575 0.255558 0.255578 0.255574 0.255567 0.255493 0.255458 0.255431 0.255420 0.255345 0.000000 0.000000
0.000000 0.000000 0.247534 0.247552 0.247562 0.247602 0.247641 0.247806 0.247808 0.247821 0.247858 0.247838 0.247826 0.247813 0.247689 0.247654 0.247592 0.247587 0.247536 0.000000 0.000000
0.000000 0.000000 0.238909 0.238918 0.238945 0.238975 0.239144 0.239178 0.239216 0.239217 0.239227 0.239222 0.239225 0.239231 0.239211 0.239038 0.238988 0.238945 0.238892 0.000000 0.000000
0.000000 0.000000 0.229269 0.229278 0.229319 0.229505 0.229551 0.229650 0.229712 0.229724 0.229756 0.229779 0.229755 0.229766 0.229684 0.229616 0.229358 0.229382 0.229350 0.000000 0.000000
0.000000 0.000000 0.218942 0.218953 0.219204 0.219228 0.219242 0.219300 0.219241 0.219273 0.219244 0.219271 0.219303 0.219246 0.219208 0.219188 0.219237 0.218915 0.218909 0.000000 0.000000
0.000000 0.000000 0.206828 0.207178 0.207261 0.207367 0.207541 0.207614 0.207656 0.207653 0.207737 0.207740 0.207701 0.207725 0.207631 0.207499 0.207286 0.207265 0.206900 0.000000 0.000000
0.000000 0.000000 0.198618 0.198528 0.198201 0.198276 0.198374 0.198701 0.198702 0.198778 0.198710 0.198731 0.198716 0.198700 0.198400 0.198328 0.198147 0.198475 0.198542 0.000000 0.000000
0.000000 0.000000 0.300000 0.300000 0.300000 0.300000 0.300000 0.300000 0.300000 0.300000 0.300000 0.300000 0.300000 0.300000 0.300000 0.300000 0.300000 0.300000 0.300000 0.000000 0.000000
0.000000 0.000000 0.000000 0.000000 0.000000 0.000000 0.000000 0.000000 0.000000 0.000000 0.000000 0.000000 0.000000 0.000000 0.000000 0.000000 0.000000 0.000000 0.000000 0.000000 0.000000