geotop/1.0zi/1.0Montebello/Templates/testdem/maps/_Eocsilt2935.asc
ncols         21
nrows         20
xllcorner     100.000000
yllcorner     100.000000
cellsize      50.000000
NODATA_value  -9999.0
0.000000 0.000000 0.000000 0.000000 0.000000 0.000000 0.000000 0.000000 0.000000 0.000000 0.000000 0.000000 0.000000 0.000000 0.000000 0.000000 0.000000 0.000000 0.000000 0.000000 0.000000
0.000000 0.000000 0.350075 0.350075 0.350075 0.350075 0.350075 0.350075 0.350075 0.350075 0.350074 0.350075 0.350075 0.350075 0.350075 0.350075 0.350075 0.350075 0.350075 0.000000 0.000000
0.000000 0.000000 0.349997 0.349997 0.349997 0.349997 0.349997 0.349997 0.349997 0.349997 0.349998 0.349997 0.349997 0.349997 0.349997 0.349997 0.349997 0.349997 0.349997 0.000000 0.000000
0.000000 0.000000 0.351082 0.351081 0.351079 0.351080 0.351082 0.351082 0.351082 0.351082 0.351082 0.351082 0.351082 0.351082 0.351082 0.351080 0.351079 0.351081 0.351082 0.000000 0.000000
0.000000 0.000000 0.355172 0.355172 0.355170 0.355170 0.355173 0.355172 0.355172 0.355173 0.355173 0.355173 0.355172 0.355172 0.355173 0.355170 0.355170 0.355172 0.355172 0.000000 0.000000
0.000000 0.000000 0.360305 0.360305 0.360303 0.360304 0.360306 0.360305 0.360305 0.360306 0.360307 0.360306 0.360305 0.360305 0.360306 0.360304 0.360303 0.360305 0.360305 0.000000 0.000000
0.000000 0.000000 0.364971 0.364970 0.364969 0.364969 0.364971 0.364971 0.364971 0.364971 0.364972 0.364971 0.364971 0.364971 0.364971 0.364969 0.364969 0.364970 0.364971 0.000000 0.000000
0.000000 0.000000 0.369198 0.369198 0.369196 0.369197 0.369198 0.369198 0.369198 0.369199 0.369199 0.369199 0.369198 0.369198 0.369198 0.369197 0.369196 0.369198 0.369198 0.000000 0.000000
0.000000 0.000000 0.373110 0.373110 0.373108 0.373109 0.373110 0.373110 0.373110 0.373110 0.373111 0.373110 0.373110 0.373110 0.373110 0.373109 0.373108 0.373110 0.373110 0.000000 0.000000
0.000000 0.000000 0.376801 0.376801 0.376800 0.376800 0.376801 0.376801 0.376801 0.376802 0.376802 0.376802 0.376801 0.376801 0.376801 0.376800 0.376800 0.376801 0.376801 0.000000 0.000000
0.000000 0.000000 0.380317 0.380317 0.380316 0.380316 0.380317 0.380317 0.380317 0.380317 0.380318 0.380317 0.380317 0.380317 0.380317 0.380316 0.380316 0.380317 0.380317 0.000000 0.000000
0.000000 0.000000 0.383691 0.383691 0.383689 0.383690 0.383691 0.383691 0.383691 0.383691 0.383692 0.383691 0.383691 0.383691 0.383691 0.383690 0.383689 0.383691 0.383691 0.000000 0.000000
0.000000 0.000000 0.386949 0.386948 0.386947 0.386948 0.386949 0.386948 0.386949 0.386949 0.386949 0.386949 0.386949 0.386948 0.386949 0.386948 0.386947 0.386948 0.386949 0.000000 0.000000
0.000000 0.000000 0.390115 0.390114 0.390113 0.390114 0.390115 0.390115 0.390115 0.390115 0.390115 0.390115 0.390115 0.390115 0.390115 0.390114 0.390113 0.390114 0.390115 0.000000 0.000000
0.000000 0.000000 0.393196 0.393196 0.393195 0.393196 0.393197 0.393196 0.393196 0.393197 0.393197 0.393197 0.393196 0.393196 0.393197 0.393196 0.393195 0.393196 0.393196 0.000000 0.000000
0.000000 0.000000 0.396199 0.396199 0.396198 0.396198 0.396199 0.396199 0.396199 0.396199 0.396200 0.396199 0.396199 0.396199 0.396199 0.396198 0.396198 0.396199 0.396199 0.000000 0.000000
0.000000 0.000000 0.399129 0.399129 0.399128 0.399128 0.399129 0.399129 0.399129 0.399129 0.399130 0.399129 0.399129 0.399129 0.399129 0.399128 0.399128 0.399129 0.399129 0.000000 0.000000
0.000000 0.000000 0.402041 0.402041 0.402040 0.402041 0.402042 0.402041 0.402041 0.402042 0.402042 0.402042 0.402041 0.402041 0.402042 0.402041 0.402040 0.402041 0.402042 0.000000 0.000000
0.000000 0.000000 0.350000 0.350000 0.350000 0.350000 0.350000 0.350000 0.350000 0.350000 0.350000 0.350000 0.350000 0.350000 0.350000 0.350000 0.350000 0.350000 0.350000 0.000000 0.000000
0.000000 0.000000 0.000000 0.000000 0.000000 0.000000 0.000000 0.000000 0.000000 0.000000 0.000000 0.000000 0.000000 0.000000 0.000000 0.000000 0.000000 0.000000 0.000000 0.000000 0.000000