geotop/1.0zi/1.0Montebello/Templates/testdem/maps/_Eocsand2646.asc
ncols         21
nrows         20
xllcorner     100.000000
yllcorner     100.000000
cellsize      50.000000
NODATA_value  -9999.0
0.000000 0.000000 0.000000 0.000000 0.000000 0.000000 0.000000 0.000000 0.000000 0.000000 0.000000 0.000000 0.000000 0.000000 0.000000 0.000000 0.000000 0.000000 0.000000 0.000000 0.000000
0.000000 0.000000 0.300078 0.300078 0.300077 0.300078 0.300077 0.300078 0.300078 0.300077 0.300079 0.300077 0.300078 0.300078 0.300077 0.300078 0.300077 0.300078 0.300078 0.000000 0.000000
0.000000 0.000000 0.300012 0.300013 0.300013 0.300012 0.300012 0.300012 0.300012 0.300012 0.300011 0.300012 0.300012 0.300012 0.300012 0.300012 0.300013 0.300013 0.300012 0.000000 0.000000
0.000000 0.000000 0.298311 0.298312 0.298316 0.298314 0.298311 0.298311 0.298311 0.298311 0.298311 0.298311 0.298311 0.298311 0.298311 0.298314 0.298316 0.298312 0.298311 0.000000 0.000000
0.000000 0.000000 0.291105 0.291107 0.291110 0.291110 0.291104 0.291106 0.291106 0.291103 0.291103 0.291103 0.291106 0.291106 0.291104 0.291110 0.291110 0.291107 0.291105 0.000000 0.000000
0.000000 0.000000 0.282290 0.282291 0.282294 0.282293 0.282288 0.282290 0.282290 0.282288 0.282288 0.282288 0.282290 0.282290 0.282288 0.282293 0.282294 0.282291 0.282290 0.000000 0.000000
0.000000 0.000000 0.274059 0.274060 0.274063 0.274062 0.274059 0.274060 0.274060 0.274058 0.274058 0.274058 0.274060 0.274060 0.274059 0.274062 0.274063 0.274060 0.274059 0.000000 0.000000
0.000000 0.000000 0.266527 0.266528 0.266531 0.266530 0.266527 0.266528 0.266528 0.266526 0.266526 0.266526 0.266528 0.266528 0.266527 0.266530 0.266531 0.266528 0.266527 0.000000 0.000000
0.000000 0.000000 0.259513 0.259514 0.259516 0.259516 0.259513 0.259514 0.259514 0.259512 0.259512 0.259512 0.259514 0.259514 0.259513 0.259516 0.259516 0.259514 0.259513 0.000000 0.000000
0.000000 0.000000 0.252857 0.252857 0.252860 0.252859 0.252856 0.252857 0.252857 0.252856 0.252855 0.252856 0.252857 0.252857 0.252856 0.252859 0.252860 0.252857 0.252857 0.000000 0.000000
0.000000 0.000000 0.246478 0.246479 0.246481 0.246480 0.246478 0.246479 0.246478 0.246477 0.246477 0.246477 0.246478 0.246479 0.246478 0.246480 0.246481 0.246479 0.246478 0.000000 0.000000
0.000000 0.000000 0.240318 0.240319 0.240321 0.240320 0.240318 0.240319 0.240319 0.240317 0.240317 0.240317 0.240319 0.240319 0.240318 0.240320 0.240321 0.240319 0.240318 0.000000 0.000000
0.000000 0.000000 0.234332 0.234333 0.234335 0.234334 0.234332 0.234333 0.234333 0.234332 0.234331 0.234332 0.234333 0.234333 0.234332 0.234334 0.234335 0.234333 0.234332 0.000000 0.000000
0.000000 0.000000 0.228492 0.228492 0.228494 0.228493 0.228491 0.228492 0.228492 0.228491 0.228490 0.228491 0.228492 0.228492 0.228491 0.228493 0.228494 0.228492 0.228492 0.000000 0.000000
0.000000 0.000000 0.222777 0.222778 0.222780 0.222779 0.222777 0.222778 0.222777 0.222776 0.222776 0.222776 0.222777 0.222778 0.222777 0.222779 0.222780 0.222778 0.222777 0.000000 0.000000
0.000000 0.000000 0.217178 0.217178 0.217180 0.217179 0.217177 0.217178 0.217178 0.217177 0.217176 0.217177 0.217178 0.217178 0.217177 0.217179 0.217180 0.217178 0.217178 0.000000 0.000000
0.000000 0.000000 0.211687 0.211688 0.211690 0.211689 0.211687 0.211688 0.211688 0.211687 0.211686 0.211687 0.211688 0.211688 0.211687 0.211689 0.211690 0.211688 0.211687 0.000000 0.000000
0.000000 0.000000 0.206231 0.206231 0.206233 0.206232 0.206230 0.206231 0.206231 0.206230 0.206229 0.206230 0.206231 0.206231 0.206230 0.206232 0.206233 0.206231 0.206231 0.000000 0.000000
0.000000 0.000000 0.300000 0.300000 0.300000 0.300000 0.300000 0.300000 0.300000 0.300000 0.300000 0.300000 0.300000 0.300000 0.300000 0.300000 0.300000 0.300000 0.300000 0.000000 0.000000
0.000000 0.000000 0.000000 0.000000 0.000000 0.000000 0.000000 0.000000 0.000000 0.000000 0.000000 0.000000 0.000000 0.000000 0.000000 0.000000 0.000000 0.000000 0.000000 0.000000 0.000000