geotop/1.0zi/1.0Montebello/Templates/testdem/maps/_Eocsilt7886.asc
ncols         21
nrows         20
xllcorner     100.000000
yllcorner     100.000000
cellsize      50.000000
NODATA_value  -9999.0
0.000000 0.000000 0.000000 0.000000 0.000000 0.000000 0.000000 0.000000 0.000000 0.000000 0.000000 0.000000 0.000000 0.000000 0.000000 0.000000 0.000000 0.000000 0.000000 0.000000 0.000000
0.000000 0.000000 0.350164 0.350164 0.350164 0.350165 0.350164 0.350164 0.350164 0.350164 0.350164 0.350164 0.350164 0.350164 0.350164 0.350164 0.350165 0.350164 0.350164 0.000000 0.000000
0.000000 0.000000 0.350005 0.350005 0.350004 0.350004 0.350005 0.350005 0.350005 0.350005 0.350006 0.350006 0.350006 0.350006 0.350005 0.350005 0.350003 0.350003 0.350004 0.000000 0.000000
0.000000 0.000000 0.350103 0.350099 0.350098 0.350091 0.350093 0.350088 0.350090 0.350091 0.350087 0.350090 0.350090 0.350090 0.350092 0.350095 0.350099 0.350099 0.350100 0.000000 0.000000
0.000000 0.000000 0.351005 0.351010 0.351006 0.350994 0.350988 0.350981 0.350977 0.350976 0.350975 0.350975 0.350976 0.350978 0.350992 0.350997 0.351000 0.351010 0.351012 0.000000 0.000000
0.000000 0.000000 0.353598 0.353598 0.353588 0.353572 0.353553 0.353531 0.353530 0.353524 0.353528 0.353529 0.353530 0.353529 0.353541 0.353553 0.353566 0.353574 0.353579 0.000000 0.000000
0.000000 0.000000 0.357300 0.357295 0.357284 0.357258 0.357226 0.357192 0.357193 0.357189 0.357190 0.357188 0.357185 0.357190 0.357220 0.357246 0.357264 0.357278 0.357286 0.000000 0.000000
0.000000 0.000000 0.361687 0.361684 0.361678 0.361650 0.361620 0.361583 0.361583 0.361578 0.361577 0.361574 0.361572 0.361579 0.361611 0.361639 0.361665 0.361671 0.361683 0.000000 0.000000
0.000000 0.000000 0.366392 0.366383 0.366368 0.366349 0.366317 0.366275 0.366276 0.366267 0.366265 0.366263 0.366264 0.366263 0.366305 0.366338 0.366359 0.366370 0.366380 0.000000 0.000000
0.000000 0.000000 0.371320 0.371311 0.371302 0.371284 0.371239 0.371201 0.371202 0.371197 0.371191 0.371193 0.371199 0.371197 0.371231 0.371269 0.371293 0.371301 0.371308 0.000000 0.000000
0.000000 0.000000 0.376615 0.376608 0.376599 0.376560 0.376529 0.376485 0.376494 0.376470 0.376473 0.376472 0.376464 0.376479 0.376511 0.376535 0.376564 0.376580 0.376600 0.000000 0.000000
0.000000 0.000000 0.382454 0.382437 0.382418 0.382393 0.382358 0.382303 0.382300 0.382293 0.382305 0.382286 0.382292 0.382296 0.382352 0.382381 0.382401 0.382413 0.382462 0.000000 0.000000
0.000000 0.000000 0.388718 0.388701 0.388693 0.388658 0.388627 0.388488 0.388486 0.388477 0.388441 0.388459 0.388467 0.388480 0.388587 0.388615 0.388668 0.388674 0.388700 0.000000 0.000000
0.000000 0.000000 0.395980 0.395973 0.395944 0.395919 0.395750 0.395756 0.395721 0.395721 0.395729 0.395720 0.395715 0.395708 0.395698 0.395873 0.395904 0.395951 0.395985 0.000000 0.000000
0.000000 0.000000 0.404463 0.404446 0.404410 0.404199 0.404207 0.404102 0.404052 0.404040 0.404006 0.403979 0.404002 0.403997 0.404099 0.404105 0.404383 0.404345 0.404352 0.000000 0.000000
0.000000 0.000000 0.413756 0.413740 0.413439 0.413503 0.413482 0.413446 0.413552 0.413516 0.413571 0.413547 0.413500 0.413575 0.413589 0.413606 0.413411 0.413836 0.413830 0.000000 0.000000
0.000000 0.000000 0.425244 0.424770 0.424836 0.424664 0.424427 0.424357 0.424240 0.424266 0.424132 0.424141 0.424216 0.424146 0.424264 0.424439 0.424816 0.424606 0.425094 0.000000 0.000000
0.000000 0.000000 0.430117 0.430520 0.430935 0.430921 0.430919 0.430523 0.430576 0.430464 0.430636 0.430599 0.430578 0.430635 0.430972 0.430973 0.431009 0.430669 0.430275 0.000000 0.000000
0.000000 0.000000 0.350000 0.350000 0.350000 0.350000 0.350000 0.350000 0.350000 0.350000 0.350000 0.350000 0.350000 0.350000 0.350000 0.350000 0.350000 0.350000 0.350000 0.000000 0.000000
0.000000 0.000000 0.000000 0.000000 0.000000 0.000000 0.000000 0.000000 0.000000 0.000000 0.000000 0.000000 0.000000 0.000000 0.000000 0.000000 0.000000 0.000000 0.000000 0.000000 0.000000