geotop/1.0zi/1.0Montebello/Templates/testdem/maps/_Eocclay6425.asc
ncols         21
nrows         20
xllcorner     100.000000
yllcorner     100.000000
cellsize      50.000000
NODATA_value  -9999.0
0.000000 0.000000 0.000000 0.000000 0.000000 0.000000 0.000000 0.000000 0.000000 0.000000 0.000000 0.000000 0.000000 0.000000 0.000000 0.000000 0.000000 0.000000 0.000000 0.000000 0.000000
0.000000 0.000000 0.349713 0.349714 0.349714 0.349713 0.349715 0.349715 0.349714 0.349714 0.349713 0.349715 0.349714 0.349714 0.349715 0.349715 0.349713 0.349713 0.349714 0.000000 0.000000
0.000000 0.000000 0.349989 0.349988 0.349989 0.349989 0.349988 0.349988 0.349988 0.349988 0.349988 0.349987 0.349988 0.349987 0.349988 0.349988 0.349989 0.349989 0.349987 0.000000 0.000000
0.000000 0.000000 0.349983 0.349988 0.349984 0.349985 0.349986 0.349986 0.349988 0.349984 0.349989 0.349986 0.349986 0.349986 0.349986 0.349988 0.349986 0.349988 0.349987 0.000000 0.000000
0.000000 0.000000 0.350593 0.350593 0.350590 0.350587 0.350574 0.350571 0.350571 0.350574 0.350571 0.350570 0.350565 0.350567 0.350574 0.350574 0.350579 0.350581 0.350589 0.000000 0.000000
0.000000 0.000000 0.352431 0.352432 0.352425 0.352401 0.352394 0.352375 0.352376 0.352371 0.352373 0.352375 0.352378 0.352378 0.352383 0.352398 0.352408 0.352420 0.352424 0.000000 0.000000
0.000000 0.000000 0.355141 0.355139 0.355134 0.355115 0.355092 0.355063 0.355062 0.355057 0.355059 0.355061 0.355061 0.355061 0.355084 0.355107 0.355119 0.355128 0.355136 0.000000 0.000000
0.000000 0.000000 0.358402 0.358402 0.358397 0.358375 0.358352 0.358320 0.358320 0.358317 0.358317 0.358316 0.358315 0.358320 0.358346 0.358366 0.358384 0.358390 0.358401 0.000000 0.000000
0.000000 0.000000 0.361764 0.361761 0.361751 0.361738 0.361715 0.361683 0.361685 0.361678 0.361676 0.361677 0.361676 0.361675 0.361705 0.361729 0.361745 0.361750 0.361759 0.000000 0.000000
0.000000 0.000000 0.365205 0.365199 0.365195 0.365183 0.365150 0.365121 0.365122 0.365118 0.365114 0.365118 0.365123 0.365119 0.365145 0.365173 0.365190 0.365193 0.365201 0.000000 0.000000
0.000000 0.000000 0.368814 0.368811 0.368806 0.368782 0.368760 0.368727 0.368734 0.368717 0.368718 0.368719 0.368715 0.368725 0.368745 0.368763 0.368783 0.368793 0.368808 0.000000 0.000000
0.000000 0.000000 0.372647 0.372641 0.372629 0.372610 0.372589 0.372549 0.372550 0.372542 0.372550 0.372540 0.372542 0.372545 0.372583 0.372601 0.372615 0.372620 0.372658 0.000000 0.000000
0.000000 0.000000 0.376636 0.376628 0.376622 0.376601 0.376582 0.376497 0.376497 0.376490 0.376471 0.376481 0.376487 0.376494 0.376558 0.376576 0.376607 0.376610 0.376636 0.000000 0.000000
0.000000 0.000000 0.381036 0.381031 0.381017 0.381001 0.380915 0.380897 0.380878 0.380877 0.380873 0.380875 0.380873 0.380871 0.380881 0.380970 0.380996 0.381017 0.381045 0.000000 0.000000
0.000000 0.000000 0.385959 0.385954 0.385934 0.385838 0.385814 0.385764 0.385731 0.385725 0.385709 0.385698 0.385710 0.385704 0.385746 0.385781 0.385913 0.385901 0.385917 0.000000 0.000000
0.000000 0.000000 0.391238 0.391232 0.391103 0.391090 0.391084 0.391054 0.391085 0.391069 0.391083 0.391069 0.391053 0.391082 0.391101 0.391112 0.391086 0.391252 0.391255 0.000000 0.000000
0.000000 0.000000 0.397446 0.397265 0.397223 0.397168 0.397078 0.397040 0.397018 0.397020 0.396976 0.396975 0.396995 0.396983 0.397031 0.397100 0.397211 0.397220 0.397409 0.000000 0.000000
0.000000 0.000000 0.401636 0.401684 0.401853 0.401815 0.401765 0.401596 0.401595 0.401556 0.401592 0.401581 0.401589 0.401597 0.401752 0.401789 0.401882 0.401712 0.401676 0.000000 0.000000
0.000000 0.000000 0.350000 0.350000 0.350000 0.350000 0.350000 0.350000 0.350000 0.350000 0.350000 0.350000 0.350000 0.350000 0.350000 0.350000 0.350000 0.350000 0.350000 0.000000 0.000000
0.000000 0.000000 0.000000 0.000000 0.000000 0.000000 0.000000 0.000000 0.000000 0.000000 0.000000 0.000000 0.000000 0.000000 0.000000 0.000000 0.000000 0.000000 0.000000 0.000000 0.000000