geotop/1.0zi/1.0Montebello/Templates/testdem/maps/_Eocsilt133{.asc
ncols         21
nrows         20
xllcorner     100.000000
yllcorner     100.000000
cellsize      50.000000
NODATA_value  -9999.0
0.000000 0.000000 0.000000 0.000000 0.000000 0.000000 0.000000 0.000000 0.000000 0.000000 0.000000 0.000000 0.000000 0.000000 0.000000 0.000000 0.000000 0.000000 0.000000 0.000000 0.000000
0.000000 0.000000 0.350250 0.350250 0.350251 0.350251 0.350250 0.350250 0.350250 0.350250 0.350250 0.350250 0.350250 0.350250 0.350250 0.350250 0.350251 0.350251 0.350250 0.000000 0.000000
0.000000 0.000000 0.350013 0.350013 0.350013 0.350012 0.350013 0.350013 0.350013 0.350013 0.350014 0.350014 0.350014 0.350014 0.350013 0.350012 0.350011 0.350011 0.350012 0.000000 0.000000
0.000000 0.000000 0.350249 0.350247 0.350237 0.350233 0.350234 0.350224 0.350227 0.350228 0.350225 0.350229 0.350228 0.350232 0.350229 0.350234 0.350239 0.350243 0.350245 0.000000 0.000000
0.000000 0.000000 0.352153 0.352157 0.352147 0.352126 0.352113 0.352106 0.352106 0.352102 0.352098 0.352103 0.352109 0.352104 0.352120 0.352130 0.352137 0.352145 0.352150 0.000000 0.000000
0.000000 0.000000 0.356954 0.356948 0.356930 0.356897 0.356860 0.356829 0.356825 0.356820 0.356815 0.356818 0.356823 0.356818 0.356837 0.356867 0.356881 0.356894 0.356901 0.000000 0.000000
0.000000 0.000000 0.363648 0.363637 0.363615 0.363569 0.363521 0.363453 0.363450 0.363446 0.363437 0.363437 0.363434 0.363437 0.363489 0.363529 0.363555 0.363577 0.363584 0.000000 0.000000
0.000000 0.000000 0.371715 0.371701 0.371680 0.371620 0.371568 0.371502 0.371495 0.371489 0.371477 0.371476 0.371472 0.371480 0.371528 0.371576 0.371618 0.371629 0.371643 0.000000 0.000000
0.000000 0.000000 0.380939 0.380916 0.380880 0.380832 0.380771 0.380685 0.380683 0.380669 0.380655 0.380653 0.380655 0.380649 0.380723 0.380781 0.380815 0.380834 0.380847 0.000000 0.000000
0.000000 0.000000 0.391632 0.391598 0.391563 0.391512 0.391440 0.391350 0.391337 0.391330 0.391306 0.391314 0.391327 0.391321 0.391378 0.391457 0.391499 0.391520 0.391524 0.000000 0.000000
0.000000 0.000000 0.404473 0.404440 0.404412 0.404280 0.404253 0.404122 0.404142 0.404080 0.404084 0.404073 0.404047 0.404082 0.404152 0.404200 0.404263 0.404291 0.404344 0.000000 0.000000
0.000000 0.000000 0.420162 0.420087 0.419996 0.419952 0.419886 0.419716 0.419687 0.419702 0.419706 0.419656 0.419683 0.419664 0.419805 0.419897 0.419923 0.419951 0.420054 0.000000 0.000000
0.000000 0.000000 0.437308 0.437247 0.437241 0.437111 0.437034 0.436586 0.436557 0.436529 0.436345 0.436475 0.436468 0.436510 0.436824 0.436886 0.437057 0.437080 0.437055 0.000000 0.000000
0.000000 0.000000 0.454577 0.454569 0.454445 0.454399 0.453953 0.454209 0.454103 0.454108 0.454203 0.454109 0.454096 0.454032 0.453817 0.454322 0.454303 0.454420 0.454481 0.000000 0.000000
0.000000 0.000000 0.465462 0.465443 0.465394 0.465191 0.465210 0.465116 0.465079 0.465066 0.465027 0.465003 0.465025 0.465019 0.465103 0.465082 0.465338 0.465296 0.465291 0.000000 0.000000
0.000000 0.000000 0.471663 0.471645 0.471619 0.471446 0.471517 0.471413 0.471389 0.471378 0.471339 0.471326 0.471344 0.471345 0.471436 0.471366 0.471590 0.471535 0.471525 0.000000 0.000000
0.000000 0.000000 0.475216 0.475289 0.475130 0.475150 0.475209 0.475179 0.475250 0.475225 0.475264 0.475250 0.475219 0.475265 0.475269 0.475218 0.475107 0.475326 0.475229 0.000000 0.000000
0.000000 0.000000 0.478901 0.478739 0.478599 0.478570 0.478545 0.478591 0.478587 0.478605 0.478556 0.478559 0.478567 0.478560 0.478522 0.478536 0.478566 0.478685 0.478836 0.000000 0.000000
0.000000 0.000000 0.350000 0.350000 0.350000 0.350000 0.350000 0.350000 0.350000 0.350000 0.350000 0.350000 0.350000 0.350000 0.350000 0.350000 0.350000 0.350000 0.350000 0.000000 0.000000
0.000000 0.000000 0.000000 0.000000 0.000000 0.000000 0.000000 0.000000 0.000000 0.000000 0.000000 0.000000 0.000000 0.000000 0.000000 0.000000 0.000000 0.000000 0.000000 0.000000 0.000000