geotop/1.0zi/1.0Montebello/Templates/testdem/maps/_Eocclay9493.asc
ncols         21
nrows         20
xllcorner     100.000000
yllcorner     100.000000
cellsize      50.000000
NODATA_value  -9999.0
0.000000 0.000000 0.000000 0.000000 0.000000 0.000000 0.000000 0.000000 0.000000 0.000000 0.000000 0.000000 0.000000 0.000000 0.000000 0.000000 0.000000 0.000000 0.000000 0.000000 0.000000
0.000000 0.000000 0.349558 0.349561 0.349561 0.349560 0.349561 0.349562 0.349561 0.349561 0.349560 0.349561 0.349561 0.349561 0.349561 0.349561 0.349559 0.349560 0.349560 0.000000 0.000000
0.000000 0.000000 0.349981 0.349979 0.349979 0.349982 0.349979 0.349979 0.349980 0.349979 0.349979 0.349979 0.349980 0.349979 0.349980 0.349981 0.349981 0.349981 0.349979 0.000000 0.000000
0.000000 0.000000 0.350041 0.350045 0.350044 0.350041 0.350042 0.350042 0.350046 0.350043 0.350047 0.350044 0.350045 0.350043 0.350046 0.350048 0.350046 0.350047 0.350045 0.000000 0.000000
0.000000 0.000000 0.351417 0.351411 0.351403 0.351392 0.351374 0.351372 0.351369 0.351371 0.351370 0.351374 0.351373 0.351375 0.351385 0.351390 0.351401 0.351404 0.351413 0.000000 0.000000
0.000000 0.000000 0.355173 0.355168 0.355145 0.355113 0.355083 0.355055 0.355059 0.355053 0.355055 0.355055 0.355061 0.355060 0.355075 0.355104 0.355119 0.355131 0.355138 0.000000 0.000000
0.000000 0.000000 0.360208 0.360198 0.360183 0.360152 0.360113 0.360056 0.360060 0.360055 0.360054 0.360056 0.360057 0.360059 0.360102 0.360136 0.360155 0.360168 0.360177 0.000000 0.000000
0.000000 0.000000 0.366191 0.366181 0.366165 0.366126 0.366085 0.366034 0.366037 0.366031 0.366029 0.366027 0.366025 0.366036 0.366076 0.366111 0.366143 0.366151 0.366166 0.000000 0.000000
0.000000 0.000000 0.372715 0.372701 0.372679 0.372652 0.372604 0.372545 0.372553 0.372542 0.372537 0.372535 0.372538 0.372537 0.372592 0.372634 0.372659 0.372669 0.372682 0.000000 0.000000
0.000000 0.000000 0.379897 0.379877 0.379861 0.379830 0.379764 0.379709 0.379713 0.379706 0.379696 0.379702 0.379711 0.379709 0.379753 0.379809 0.379839 0.379850 0.379858 0.000000 0.000000
0.000000 0.000000 0.388041 0.388027 0.388012 0.387941 0.387898 0.387825 0.387845 0.387806 0.387813 0.387808 0.387796 0.387821 0.387869 0.387903 0.387946 0.387964 0.387998 0.000000 0.000000
0.000000 0.000000 0.397488 0.397456 0.397412 0.397379 0.397316 0.397226 0.397228 0.397224 0.397240 0.397206 0.397224 0.397222 0.397311 0.397363 0.397386 0.397400 0.397472 0.000000 0.000000
0.000000 0.000000 0.408115 0.408087 0.408078 0.407996 0.407943 0.407681 0.407683 0.407670 0.407587 0.407639 0.407649 0.407674 0.407869 0.407917 0.408011 0.408018 0.408040 0.000000 0.000000
0.000000 0.000000 0.421273 0.421265 0.421188 0.421142 0.420768 0.420879 0.420809 0.420812 0.420861 0.420816 0.420810 0.420778 0.420675 0.421077 0.421097 0.421193 0.421251 0.000000 0.000000
0.000000 0.000000 0.436674 0.436629 0.436554 0.436068 0.436243 0.435951 0.435879 0.435852 0.435749 0.435711 0.435768 0.435773 0.436040 0.435879 0.436518 0.436373 0.436356 0.000000 0.000000
0.000000 0.000000 0.451537 0.451511 0.450911 0.451221 0.451119 0.451142 0.451412 0.451343 0.451488 0.451464 0.451351 0.451499 0.451424 0.451510 0.450842 0.451761 0.451748 0.000000 0.000000
0.000000 0.000000 0.465918 0.465333 0.465548 0.465274 0.464976 0.464878 0.464673 0.464722 0.464516 0.464542 0.464663 0.464537 0.464703 0.464924 0.465517 0.465043 0.465654 0.000000 0.000000
0.000000 0.000000 0.470359 0.470662 0.471028 0.470978 0.470951 0.470595 0.470632 0.470538 0.470676 0.470646 0.470636 0.470676 0.470975 0.470998 0.471071 0.470743 0.470445 0.000000 0.000000
0.000000 0.000000 0.350000 0.350000 0.350000 0.350000 0.350000 0.350000 0.350000 0.350000 0.350000 0.350000 0.350000 0.350000 0.350000 0.350000 0.350000 0.350000 0.350000 0.000000 0.000000
0.000000 0.000000 0.000000 0.000000 0.000000 0.000000 0.000000 0.000000 0.000000 0.000000 0.000000 0.000000 0.000000 0.000000 0.000000 0.000000 0.000000 0.000000 0.000000 0.000000 0.000000