geotop/1.0zi/1.0Montebello/Templates/testdem/maps/_Eocsand9147.asc
ncols         21
nrows         20
xllcorner     100.000000
yllcorner     100.000000
cellsize      50.000000
NODATA_value  -9999.0
0.000000 0.000000 0.000000 0.000000 0.000000 0.000000 0.000000 0.000000 0.000000 0.000000 0.000000 0.000000 0.000000 0.000000 0.000000 0.000000 0.000000 0.000000 0.000000 0.000000 0.000000
0.000000 0.000000 0.300233 0.300230 0.300230 0.300231 0.300230 0.300229 0.300230 0.300230 0.300231 0.300230 0.300230 0.300230 0.300230 0.300230 0.300232 0.300231 0.300231 0.000000 0.000000
0.000000 0.000000 0.300012 0.300014 0.300014 0.300012 0.300013 0.300014 0.300013 0.300013 0.300014 0.300014 0.300013 0.300013 0.300013 0.300013 0.300014 0.300015 0.300015 0.000000 0.000000
0.000000 0.000000 0.299855 0.299854 0.299861 0.299869 0.299868 0.299872 0.299865 0.299867 0.299867 0.299867 0.299866 0.299868 0.299863 0.299857 0.299854 0.299855 0.299854 0.000000 0.000000
0.000000 0.000000 0.297492 0.297494 0.297512 0.297538 0.297565 0.297569 0.297572 0.297574 0.297575 0.297572 0.297569 0.297569 0.297546 0.297536 0.297522 0.297518 0.297506 0.000000 0.000000
0.000000 0.000000 0.290727 0.290739 0.290776 0.290826 0.290883 0.290930 0.290929 0.290941 0.290936 0.290937 0.290928 0.290932 0.290903 0.290858 0.290835 0.290822 0.290809 0.000000 0.000000
0.000000 0.000000 0.281378 0.281398 0.281429 0.281489 0.281564 0.281665 0.281658 0.281667 0.281670 0.281670 0.281672 0.281665 0.281587 0.281528 0.281492 0.281470 0.281455 0.000000 0.000000
0.000000 0.000000 0.270309 0.270332 0.270359 0.270429 0.270507 0.270597 0.270593 0.270605 0.270609 0.270615 0.270620 0.270602 0.270528 0.270464 0.270404 0.270398 0.270369 0.000000 0.000000
0.000000 0.000000 0.258298 0.258330 0.258370 0.258421 0.258510 0.258615 0.258604 0.258626 0.258635 0.258640 0.258637 0.258639 0.258535 0.258459 0.258414 0.258402 0.258377 0.000000 0.000000
0.000000 0.000000 0.245261 0.245302 0.245332 0.245387 0.245506 0.245603 0.245599 0.245613 0.245631 0.245622 0.245609 0.245613 0.245530 0.245432 0.245379 0.245367 0.245353 0.000000 0.000000
0.000000 0.000000 0.230717 0.230747 0.230774 0.230902 0.230978 0.231104 0.231072 0.231141 0.231131 0.231141 0.231164 0.231122 0.231034 0.230974 0.230901 0.230878 0.230817 0.000000 0.000000
0.000000 0.000000 0.214086 0.214149 0.214224 0.214286 0.214395 0.214549 0.214547 0.214560 0.214531 0.214592 0.214566 0.214567 0.214411 0.214325 0.214286 0.214270 0.214141 0.000000 0.000000
0.000000 0.000000 0.195622 0.195681 0.195701 0.195839 0.195929 0.196367 0.196367 0.196390 0.196526 0.196448 0.196434 0.196391 0.196060 0.195981 0.195827 0.195825 0.195777 0.000000 0.000000
0.000000 0.000000 0.173112 0.173138 0.173262 0.173349 0.173954 0.173808 0.173927 0.173924 0.173861 0.173927 0.173940 0.173990 0.174126 0.173480 0.173436 0.173294 0.173194 0.000000 0.000000
0.000000 0.000000 0.146444 0.146527 0.146664 0.147461 0.147240 0.147681 0.147821 0.147865 0.148025 0.148103 0.148014 0.148015 0.147604 0.147798 0.146759 0.146992 0.147007 0.000000 0.000000
0.000000 0.000000 0.118965 0.119028 0.120108 0.119632 0.119782 0.119776 0.119316 0.119444 0.119203 0.119258 0.119454 0.119191 0.119285 0.119161 0.120250 0.118653 0.118678 0.000000 0.000000
0.000000 0.000000 0.089436 0.090717 0.090269 0.090846 0.091483 0.091680 0.092114 0.092012 0.092448 0.092398 0.092145 0.092411 0.092066 0.091599 0.090348 0.091354 0.090031 0.000000 0.000000
0.000000 0.000000 0.081048 0.080172 0.079336 0.079382 0.079368 0.080188 0.080056 0.080294 0.079915 0.079996 0.080049 0.079926 0.079250 0.079257 0.079231 0.079921 0.080795 0.000000 0.000000
0.000000 0.000000 0.300000 0.300000 0.300000 0.300000 0.300000 0.300000 0.300000 0.300000 0.300000 0.300000 0.300000 0.300000 0.300000 0.300000 0.300000 0.300000 0.300000 0.000000 0.000000
0.000000 0.000000 0.000000 0.000000 0.000000 0.000000 0.000000 0.000000 0.000000 0.000000 0.000000 0.000000 0.000000 0.000000 0.000000 0.000000 0.000000 0.000000 0.000000 0.000000 0.000000