geotop/1.0zi/1.0Montebello/Templates/testdem/maps/_Eocclay6899.asc
ncols         21
nrows         20
xllcorner     100.000000
yllcorner     100.000000
cellsize      50.000000
NODATA_value  -9999.0
0.000000 0.000000 0.000000 0.000000 0.000000 0.000000 0.000000 0.000000 0.000000 0.000000 0.000000 0.000000 0.000000 0.000000 0.000000 0.000000 0.000000 0.000000 0.000000 0.000000 0.000000
0.000000 0.000000 0.349692 0.349693 0.349693 0.349692 0.349694 0.349694 0.349693 0.349693 0.349692 0.349693 0.349693 0.349693 0.349694 0.349693 0.349691 0.349692 0.349693 0.000000 0.000000
0.000000 0.000000 0.349988 0.349987 0.349988 0.349988 0.349987 0.349987 0.349987 0.349987 0.349987 0.349986 0.349987 0.349986 0.349987 0.349987 0.349988 0.349988 0.349986 0.000000 0.000000
0.000000 0.000000 0.349977 0.349982 0.349979 0.349979 0.349980 0.349980 0.349982 0.349978 0.349983 0.349981 0.349981 0.349980 0.349979 0.349981 0.349979 0.349981 0.349980 0.000000 0.000000
0.000000 0.000000 0.350677 0.350675 0.350672 0.350670 0.350657 0.350655 0.350654 0.350656 0.350654 0.350655 0.350651 0.350653 0.350661 0.350662 0.350666 0.350667 0.350675 0.000000 0.000000
0.000000 0.000000 0.352787 0.352786 0.352776 0.352752 0.352743 0.352722 0.352723 0.352718 0.352722 0.352722 0.352724 0.352724 0.352731 0.352748 0.352759 0.352771 0.352778 0.000000 0.000000
0.000000 0.000000 0.355832 0.355829 0.355822 0.355802 0.355777 0.355746 0.355745 0.355740 0.355742 0.355744 0.355744 0.355744 0.355769 0.355795 0.355807 0.355817 0.355825 0.000000 0.000000
0.000000 0.000000 0.359468 0.359467 0.359460 0.359436 0.359412 0.359378 0.359378 0.359374 0.359374 0.359373 0.359371 0.359377 0.359405 0.359427 0.359447 0.359453 0.359465 0.000000 0.000000
0.000000 0.000000 0.363241 0.363236 0.363224 0.363210 0.363185 0.363151 0.363154 0.363146 0.363144 0.363143 0.363143 0.363142 0.363175 0.363203 0.363218 0.363224 0.363234 0.000000 0.000000
0.000000 0.000000 0.367135 0.367128 0.367123 0.367109 0.367073 0.367042 0.367043 0.367038 0.367034 0.367038 0.367043 0.367039 0.367067 0.367099 0.367117 0.367121 0.367129 0.000000 0.000000
0.000000 0.000000 0.371260 0.371255 0.371248 0.371221 0.371196 0.371160 0.371168 0.371149 0.371151 0.371152 0.371146 0.371157 0.371180 0.371200 0.371223 0.371234 0.371251 0.000000 0.000000
0.000000 0.000000 0.375686 0.375675 0.375662 0.375642 0.375617 0.375574 0.375574 0.375565 0.375576 0.375563 0.375566 0.375569 0.375610 0.375632 0.375648 0.375655 0.375697 0.000000 0.000000
0.000000 0.000000 0.380337 0.380326 0.380319 0.380295 0.380273 0.380174 0.380174 0.380166 0.380143 0.380155 0.380162 0.380170 0.380245 0.380267 0.380303 0.380307 0.380333 0.000000 0.000000
0.000000 0.000000 0.385547 0.385542 0.385523 0.385505 0.385398 0.385385 0.385362 0.385361 0.385360 0.385360 0.385358 0.385354 0.385357 0.385471 0.385497 0.385526 0.385556 0.000000 0.000000
0.000000 0.000000 0.391458 0.391449 0.391424 0.391300 0.391281 0.391221 0.391183 0.391176 0.391156 0.391141 0.391155 0.391148 0.391203 0.391236 0.391403 0.391385 0.391399 0.000000 0.000000
0.000000 0.000000 0.397865 0.397856 0.397683 0.397683 0.397676 0.397644 0.397693 0.397671 0.397696 0.397678 0.397656 0.397695 0.397712 0.397724 0.397665 0.397891 0.397893 0.000000 0.000000
0.000000 0.000000 0.405576 0.405321 0.405293 0.405217 0.405092 0.405047 0.405007 0.405013 0.404951 0.404951 0.404983 0.404959 0.405022 0.405118 0.405281 0.405253 0.405516 0.000000 0.000000
0.000000 0.000000 0.410302 0.410420 0.410664 0.410624 0.410579 0.410349 0.410356 0.410300 0.410365 0.410349 0.410353 0.410369 0.410574 0.410611 0.410706 0.410472 0.410367 0.000000 0.000000
0.000000 0.000000 0.350000 0.350000 0.350000 0.350000 0.350000 0.350000 0.350000 0.350000 0.350000 0.350000 0.350000 0.350000 0.350000 0.350000 0.350000 0.350000 0.350000 0.000000 0.000000
0.000000 0.000000 0.000000 0.000000 0.000000 0.000000 0.000000 0.000000 0.000000 0.000000 0.000000 0.000000 0.000000 0.000000 0.000000 0.000000 0.000000 0.000000 0.000000 0.000000 0.000000