geotop/1.0zi/1.0Montebello/Templates/testdem/maps/_Eocclay5169.asc
ncols         21
nrows         20
xllcorner     100.000000
yllcorner     100.000000
cellsize      50.000000
NODATA_value  -9999.0
0.000000 0.000000 0.000000 0.000000 0.000000 0.000000 0.000000 0.000000 0.000000 0.000000 0.000000 0.000000 0.000000 0.000000 0.000000 0.000000 0.000000 0.000000 0.000000 0.000000 0.000000
0.000000 0.000000 0.349769 0.349769 0.349770 0.349770 0.349770 0.349770 0.349770 0.349770 0.349770 0.349770 0.349770 0.349769 0.349770 0.349770 0.349769 0.349769 0.349769 0.000000 0.000000
0.000000 0.000000 0.349991 0.349991 0.349991 0.349991 0.349990 0.349990 0.349991 0.349991 0.349990 0.349990 0.349991 0.349991 0.349991 0.349991 0.349991 0.349990 0.349990 0.000000 0.000000
0.000000 0.000000 0.349989 0.349991 0.349989 0.349989 0.349991 0.349991 0.349991 0.349990 0.349991 0.349990 0.349990 0.349989 0.349991 0.349993 0.349991 0.349992 0.349990 0.000000 0.000000
0.000000 0.000000 0.350382 0.350380 0.350380 0.350375 0.350367 0.350365 0.350366 0.350366 0.350364 0.350366 0.350363 0.350364 0.350368 0.350367 0.350372 0.350373 0.350376 0.000000 0.000000
0.000000 0.000000 0.351782 0.351786 0.351780 0.351764 0.351758 0.351745 0.351743 0.351739 0.351743 0.351743 0.351746 0.351747 0.351749 0.351759 0.351764 0.351774 0.351779 0.000000 0.000000
0.000000 0.000000 0.353852 0.353850 0.353848 0.353833 0.353815 0.353793 0.353792 0.353788 0.353791 0.353792 0.353794 0.353793 0.353809 0.353828 0.353837 0.353845 0.353852 0.000000 0.000000
0.000000 0.000000 0.356351 0.356350 0.356348 0.356331 0.356312 0.356289 0.356289 0.356286 0.356287 0.356286 0.356285 0.356289 0.356307 0.356323 0.356335 0.356341 0.356349 0.000000 0.000000
0.000000 0.000000 0.358874 0.358871 0.358866 0.358855 0.358837 0.358814 0.358815 0.358811 0.358809 0.358811 0.358810 0.358810 0.358830 0.358849 0.358859 0.358864 0.358871 0.000000 0.000000
0.000000 0.000000 0.361416 0.361412 0.361411 0.361401 0.361377 0.361356 0.361357 0.361354 0.361353 0.361356 0.361356 0.361355 0.361374 0.361394 0.361403 0.361408 0.361415 0.000000 0.000000
0.000000 0.000000 0.364034 0.364031 0.364031 0.364013 0.363997 0.363972 0.363975 0.363966 0.363967 0.363968 0.363965 0.363969 0.363985 0.363999 0.364010 0.364020 0.364031 0.000000 0.000000
0.000000 0.000000 0.366757 0.366753 0.366748 0.366733 0.366718 0.366689 0.366688 0.366686 0.366690 0.366686 0.366685 0.366684 0.366712 0.366726 0.366735 0.366740 0.366769 0.000000 0.000000
0.000000 0.000000 0.369533 0.369530 0.369528 0.369512 0.369495 0.369440 0.369438 0.369436 0.369426 0.369432 0.369435 0.369436 0.369479 0.369498 0.369513 0.369519 0.369536 0.000000 0.000000
0.000000 0.000000 0.372516 0.372511 0.372505 0.372495 0.372432 0.372421 0.372409 0.372409 0.372408 0.372409 0.372406 0.372401 0.372415 0.372474 0.372486 0.372503 0.372517 0.000000 0.000000
0.000000 0.000000 0.375763 0.375757 0.375745 0.375689 0.375664 0.375632 0.375611 0.375607 0.375601 0.375597 0.375599 0.375593 0.375621 0.375656 0.375727 0.375724 0.375730 0.000000 0.000000
0.000000 0.000000 0.379160 0.379154 0.379088 0.379070 0.379055 0.379035 0.379045 0.379038 0.379046 0.379041 0.379030 0.379044 0.379058 0.379073 0.379067 0.379153 0.379157 0.000000 0.000000
0.000000 0.000000 0.382984 0.382892 0.382851 0.382823 0.382771 0.382747 0.382738 0.382739 0.382723 0.382725 0.382729 0.382725 0.382748 0.382792 0.382834 0.382864 0.382959 0.000000 0.000000
0.000000 0.000000 0.385887 0.385878 0.385950 0.385923 0.385881 0.385793 0.385786 0.385772 0.385782 0.385783 0.385784 0.385785 0.385863 0.385900 0.385952 0.385869 0.385891 0.000000 0.000000
0.000000 0.000000 0.350000 0.350000 0.350000 0.350000 0.350000 0.350000 0.350000 0.350000 0.350000 0.350000 0.350000 0.350000 0.350000 0.350000 0.350000 0.350000 0.350000 0.000000 0.000000
0.000000 0.000000 0.000000 0.000000 0.000000 0.000000 0.000000 0.000000 0.000000 0.000000 0.000000 0.000000 0.000000 0.000000 0.000000 0.000000 0.000000 0.000000 0.000000 0.000000 0.000000