geotop/1.0zi/1.0Montebello/Templates/testdem/maps/_Eocclay9727.asc
ncols         21
nrows         20
xllcorner     100.000000
yllcorner     100.000000
cellsize      50.000000
NODATA_value  -9999.0
0.000000 0.000000 0.000000 0.000000 0.000000 0.000000 0.000000 0.000000 0.000000 0.000000 0.000000 0.000000 0.000000 0.000000 0.000000 0.000000 0.000000 0.000000 0.000000 0.000000 0.000000
0.000000 0.000000 0.349552 0.349555 0.349555 0.349554 0.349556 0.349556 0.349555 0.349555 0.349554 0.349555 0.349555 0.349555 0.349555 0.349555 0.349553 0.349554 0.349555 0.000000 0.000000
0.000000 0.000000 0.349981 0.349979 0.349979 0.349982 0.349979 0.349979 0.349979 0.349979 0.349979 0.349980 0.349980 0.349979 0.349980 0.349981 0.349981 0.349981 0.349979 0.000000 0.000000
0.000000 0.000000 0.350040 0.350045 0.350042 0.350038 0.350039 0.350039 0.350043 0.350040 0.350043 0.350041 0.350042 0.350040 0.350043 0.350046 0.350045 0.350046 0.350043 0.000000 0.000000
0.000000 0.000000 0.351485 0.351479 0.351473 0.351461 0.351443 0.351440 0.351437 0.351439 0.351437 0.351441 0.351441 0.351443 0.351452 0.351457 0.351468 0.351471 0.351480 0.000000 0.000000
0.000000 0.000000 0.355413 0.355407 0.355385 0.355348 0.355318 0.355286 0.355291 0.355285 0.355285 0.355284 0.355291 0.355289 0.355305 0.355337 0.355352 0.355364 0.355370 0.000000 0.000000
0.000000 0.000000 0.360626 0.360615 0.360601 0.360565 0.360525 0.360467 0.360468 0.360462 0.360458 0.360459 0.360461 0.360461 0.360508 0.360543 0.360562 0.360576 0.360584 0.000000 0.000000
0.000000 0.000000 0.366843 0.366830 0.366813 0.366768 0.366723 0.366670 0.366671 0.366664 0.366659 0.366657 0.366655 0.366665 0.366708 0.366744 0.366777 0.366786 0.366800 0.000000 0.000000
0.000000 0.000000 0.373648 0.373631 0.373607 0.373572 0.373521 0.373461 0.373467 0.373455 0.373446 0.373444 0.373447 0.373445 0.373504 0.373549 0.373574 0.373584 0.373597 0.000000 0.000000
0.000000 0.000000 0.381188 0.381161 0.381143 0.381105 0.381048 0.380985 0.380986 0.380977 0.380964 0.380969 0.380978 0.380974 0.381023 0.381081 0.381111 0.381123 0.381129 0.000000 0.000000
0.000000 0.000000 0.389798 0.389776 0.389757 0.389675 0.389648 0.389562 0.389580 0.389538 0.389541 0.389535 0.389522 0.389545 0.389599 0.389635 0.389678 0.389694 0.389731 0.000000 0.000000
0.000000 0.000000 0.399862 0.399818 0.399767 0.399727 0.399682 0.399575 0.399572 0.399567 0.399579 0.399542 0.399560 0.399554 0.399651 0.399708 0.399731 0.399744 0.399820 0.000000 0.000000
0.000000 0.000000 0.411243 0.411201 0.411189 0.411109 0.411054 0.410768 0.410763 0.410745 0.410644 0.410705 0.410712 0.410737 0.410950 0.410998 0.411103 0.411108 0.411127 0.000000 0.000000
0.000000 0.000000 0.425412 0.425392 0.425300 0.425243 0.424841 0.424982 0.424895 0.424895 0.424947 0.424892 0.424883 0.424841 0.424711 0.425154 0.425170 0.425274 0.425335 0.000000 0.000000
0.000000 0.000000 0.441682 0.441633 0.441551 0.441024 0.441248 0.440920 0.440845 0.440810 0.440690 0.440651 0.440712 0.440715 0.441005 0.440790 0.441478 0.441315 0.441290 0.000000 0.000000
0.000000 0.000000 0.456501 0.456472 0.455880 0.456202 0.456091 0.456123 0.456386 0.456317 0.456458 0.456436 0.456322 0.456463 0.456375 0.456476 0.455790 0.456702 0.456688 0.000000 0.000000
0.000000 0.000000 0.469772 0.469271 0.469440 0.469214 0.468957 0.468874 0.468706 0.468745 0.468572 0.468593 0.468693 0.468589 0.468727 0.468918 0.469401 0.469022 0.469543 0.000000 0.000000
0.000000 0.000000 0.474487 0.474672 0.474981 0.474918 0.474870 0.474581 0.474594 0.474523 0.474614 0.474592 0.474594 0.474615 0.474864 0.474902 0.475004 0.474705 0.474522 0.000000 0.000000
0.000000 0.000000 0.350000 0.350000 0.350000 0.350000 0.350000 0.350000 0.350000 0.350000 0.350000 0.350000 0.350000 0.350000 0.350000 0.350000 0.350000 0.350000 0.350000 0.000000 0.000000
0.000000 0.000000 0.000000 0.000000 0.000000 0.000000 0.000000 0.000000 0.000000 0.000000 0.000000 0.000000 0.000000 0.000000 0.000000 0.000000 0.000000 0.000000 0.000000 0.000000 0.000000