geotop/1.0zi/1.0Montebello/Templates/testdem/maps/_Eocclay0707.asc
ncols         21
nrows         20
xllcorner     100.000000
yllcorner     100.000000
cellsize      50.000000
NODATA_value  -9999.0
0.000000 0.000000 0.000000 0.000000 0.000000 0.000000 0.000000 0.000000 0.000000 0.000000 0.000000 0.000000 0.000000 0.000000 0.000000 0.000000 0.000000 0.000000 0.000000 0.000000 0.000000
0.000000 0.000000 0.349961 0.349961 0.349961 0.349961 0.349961 0.349961 0.349961 0.349961 0.349961 0.349961 0.349961 0.349961 0.349961 0.349961 0.349961 0.349961 0.349961 0.000000 0.000000
0.000000 0.000000 0.349995 0.349995 0.349995 0.349995 0.349995 0.349995 0.349995 0.349995 0.349995 0.349995 0.349995 0.349995 0.349995 0.349995 0.349995 0.349995 0.349995 0.000000 0.000000
0.000000 0.000000 0.350288 0.350288 0.350286 0.350287 0.350288 0.350288 0.350288 0.350288 0.350288 0.350288 0.350288 0.350288 0.350288 0.350287 0.350286 0.350288 0.350288 0.000000 0.000000
0.000000 0.000000 0.351383 0.351382 0.351380 0.351380 0.351384 0.351383 0.351383 0.351383 0.351383 0.351383 0.351383 0.351383 0.351384 0.351380 0.351380 0.351382 0.351383 0.000000 0.000000
0.000000 0.000000 0.352561 0.352560 0.352559 0.352559 0.352561 0.352561 0.352561 0.352561 0.352561 0.352561 0.352561 0.352561 0.352561 0.352559 0.352559 0.352560 0.352561 0.000000 0.000000
0.000000 0.000000 0.353685 0.353685 0.353683 0.353683 0.353685 0.353685 0.353685 0.353685 0.353685 0.353685 0.353685 0.353685 0.353685 0.353683 0.353683 0.353685 0.353685 0.000000 0.000000
0.000000 0.000000 0.354731 0.354730 0.354729 0.354729 0.354731 0.354731 0.354731 0.354731 0.354731 0.354731 0.354731 0.354731 0.354731 0.354729 0.354729 0.354730 0.354731 0.000000 0.000000
0.000000 0.000000 0.355718 0.355718 0.355717 0.355717 0.355718 0.355718 0.355718 0.355718 0.355718 0.355718 0.355718 0.355718 0.355718 0.355717 0.355717 0.355718 0.355718 0.000000 0.000000
0.000000 0.000000 0.356670 0.356669 0.356668 0.356669 0.356670 0.356670 0.356670 0.356670 0.356670 0.356670 0.356670 0.356670 0.356670 0.356669 0.356668 0.356669 0.356670 0.000000 0.000000
0.000000 0.000000 0.357595 0.357594 0.357593 0.357594 0.357595 0.357595 0.357595 0.357595 0.357595 0.357595 0.357595 0.357595 0.357595 0.357594 0.357593 0.357594 0.357595 0.000000 0.000000
0.000000 0.000000 0.358501 0.358501 0.358499 0.358500 0.358501 0.358501 0.358501 0.358501 0.358501 0.358501 0.358501 0.358501 0.358501 0.358500 0.358499 0.358501 0.358501 0.000000 0.000000
0.000000 0.000000 0.359391 0.359391 0.359390 0.359390 0.359391 0.359391 0.359391 0.359391 0.359391 0.359391 0.359391 0.359391 0.359391 0.359390 0.359390 0.359391 0.359391 0.000000 0.000000
0.000000 0.000000 0.360269 0.360269 0.360268 0.360268 0.360269 0.360269 0.360269 0.360269 0.360269 0.360269 0.360269 0.360269 0.360269 0.360268 0.360268 0.360269 0.360269 0.000000 0.000000
0.000000 0.000000 0.361137 0.361137 0.361136 0.361136 0.361137 0.361137 0.361137 0.361137 0.361137 0.361137 0.361137 0.361137 0.361137 0.361136 0.361136 0.361137 0.361137 0.000000 0.000000
0.000000 0.000000 0.362000 0.362000 0.361998 0.361999 0.362000 0.362000 0.362000 0.362000 0.362000 0.362000 0.362000 0.362000 0.362000 0.361999 0.361998 0.362000 0.362000 0.000000 0.000000
0.000000 0.000000 0.362856 0.362855 0.362854 0.362855 0.362856 0.362856 0.362856 0.362856 0.362856 0.362856 0.362856 0.362856 0.362856 0.362855 0.362854 0.362855 0.362856 0.000000 0.000000
0.000000 0.000000 0.363720 0.363720 0.363719 0.363720 0.363721 0.363721 0.363721 0.363721 0.363721 0.363721 0.363721 0.363721 0.363721 0.363720 0.363719 0.363720 0.363721 0.000000 0.000000
0.000000 0.000000 0.350000 0.350000 0.350000 0.350000 0.350000 0.350000 0.350000 0.350000 0.350000 0.350000 0.350000 0.350000 0.350000 0.350000 0.350000 0.350000 0.350000 0.000000 0.000000
0.000000 0.000000 0.000000 0.000000 0.000000 0.000000 0.000000 0.000000 0.000000 0.000000 0.000000 0.000000 0.000000 0.000000 0.000000 0.000000 0.000000 0.000000 0.000000 0.000000 0.000000