geotop/1.0zi/1.0Montebello/Templates/testdem/maps/_Eocsand3179.asc
ncols         21
nrows         20
xllcorner     100.000000
yllcorner     100.000000
cellsize      50.000000
NODATA_value  -9999.0
0.000000 0.000000 0.000000 0.000000 0.000000 0.000000 0.000000 0.000000 0.000000 0.000000 0.000000 0.000000 0.000000 0.000000 0.000000 0.000000 0.000000 0.000000 0.000000 0.000000 0.000000
0.000000 0.000000 0.300087 0.300087 0.300087 0.300088 0.300087 0.300087 0.300087 0.300087 0.300089 0.300087 0.300087 0.300087 0.300087 0.300088 0.300087 0.300087 0.300087 0.000000 0.000000
0.000000 0.000000 0.300011 0.300011 0.300011 0.300011 0.300011 0.300011 0.300011 0.300011 0.300009 0.300011 0.300011 0.300011 0.300011 0.300011 0.300011 0.300011 0.300011 0.000000 0.000000
0.000000 0.000000 0.297433 0.297434 0.297439 0.297437 0.297434 0.297434 0.297434 0.297434 0.297433 0.297434 0.297434 0.297434 0.297434 0.297437 0.297439 0.297434 0.297433 0.000000 0.000000
0.000000 0.000000 0.287856 0.287857 0.287861 0.287861 0.287855 0.287857 0.287857 0.287854 0.287854 0.287854 0.287857 0.287857 0.287855 0.287861 0.287861 0.287857 0.287856 0.000000 0.000000
0.000000 0.000000 0.276804 0.276805 0.276809 0.276808 0.276804 0.276805 0.276805 0.276803 0.276802 0.276803 0.276805 0.276805 0.276804 0.276808 0.276809 0.276805 0.276804 0.000000 0.000000
0.000000 0.000000 0.266649 0.266650 0.266653 0.266652 0.266648 0.266650 0.266650 0.266648 0.266647 0.266648 0.266650 0.266650 0.266648 0.266652 0.266653 0.266650 0.266649 0.000000 0.000000
0.000000 0.000000 0.257438 0.257439 0.257442 0.257441 0.257438 0.257439 0.257439 0.257438 0.257436 0.257438 0.257439 0.257439 0.257438 0.257441 0.257442 0.257439 0.257438 0.000000 0.000000
0.000000 0.000000 0.248924 0.248925 0.248928 0.248927 0.248924 0.248925 0.248925 0.248924 0.248923 0.248924 0.248925 0.248925 0.248924 0.248927 0.248928 0.248925 0.248924 0.000000 0.000000
0.000000 0.000000 0.240904 0.240905 0.240908 0.240907 0.240904 0.240905 0.240905 0.240904 0.240903 0.240904 0.240905 0.240905 0.240904 0.240907 0.240908 0.240905 0.240904 0.000000 0.000000
0.000000 0.000000 0.233280 0.233281 0.233284 0.233283 0.233280 0.233281 0.233281 0.233280 0.233279 0.233280 0.233281 0.233281 0.233280 0.233283 0.233284 0.233281 0.233280 0.000000 0.000000
0.000000 0.000000 0.225979 0.225980 0.225982 0.225982 0.225979 0.225980 0.225980 0.225979 0.225978 0.225979 0.225980 0.225980 0.225979 0.225982 0.225982 0.225980 0.225979 0.000000 0.000000
0.000000 0.000000 0.218949 0.218949 0.218952 0.218951 0.218949 0.218950 0.218949 0.218948 0.218948 0.218948 0.218949 0.218950 0.218949 0.218951 0.218952 0.218949 0.218949 0.000000 0.000000
0.000000 0.000000 0.212129 0.212129 0.212132 0.212131 0.212129 0.212129 0.212129 0.212128 0.212127 0.212128 0.212129 0.212129 0.212129 0.212131 0.212132 0.212129 0.212129 0.000000 0.000000
0.000000 0.000000 0.205505 0.205505 0.205508 0.205507 0.205505 0.205506 0.205505 0.205504 0.205504 0.205504 0.205505 0.205506 0.205505 0.205507 0.205508 0.205505 0.205505 0.000000 0.000000
0.000000 0.000000 0.199065 0.199065 0.199068 0.199067 0.199065 0.199065 0.199065 0.199064 0.199064 0.199064 0.199065 0.199065 0.199065 0.199067 0.199068 0.199065 0.199065 0.000000 0.000000
0.000000 0.000000 0.192788 0.192789 0.192791 0.192790 0.192788 0.192789 0.192789 0.192788 0.192787 0.192788 0.192789 0.192789 0.192788 0.192790 0.192791 0.192789 0.192788 0.000000 0.000000
0.000000 0.000000 0.186542 0.186541 0.186543 0.186543 0.186540 0.186541 0.186541 0.186540 0.186539 0.186540 0.186541 0.186541 0.186540 0.186543 0.186543 0.186541 0.186541 0.000000 0.000000
0.000000 0.000000 0.300000 0.300000 0.300000 0.300000 0.300000 0.300000 0.300000 0.300000 0.300000 0.300000 0.300000 0.300000 0.300000 0.300000 0.300000 0.300000 0.300000 0.000000 0.000000
0.000000 0.000000 0.000000 0.000000 0.000000 0.000000 0.000000 0.000000 0.000000 0.000000 0.000000 0.000000 0.000000 0.000000 0.000000 0.000000 0.000000 0.000000 0.000000 0.000000 0.000000