geotop/1.0zi/1.0Montebello/Templates/testdem/maps/_Eocsand6008.asc
ncols         21
nrows         20
xllcorner     100.000000
yllcorner     100.000000
cellsize      50.000000
NODATA_value  -9999.0
0.000000 0.000000 0.000000 0.000000 0.000000 0.000000 0.000000 0.000000 0.000000 0.000000 0.000000 0.000000 0.000000 0.000000 0.000000 0.000000 0.000000 0.000000 0.000000 0.000000 0.000000
0.000000 0.000000 0.300150 0.300149 0.300149 0.300149 0.300149 0.300148 0.300149 0.300149 0.300149 0.300149 0.300149 0.300149 0.300149 0.300149 0.300149 0.300149 0.300150 0.000000 0.000000
0.000000 0.000000 0.300009 0.300008 0.300008 0.300008 0.300008 0.300008 0.300008 0.300008 0.300008 0.300008 0.300007 0.300007 0.300008 0.300008 0.300010 0.300010 0.300009 0.000000 0.000000
0.000000 0.000000 0.299969 0.299968 0.299972 0.299975 0.299973 0.299974 0.299972 0.299974 0.299973 0.299975 0.299974 0.299976 0.299972 0.299967 0.299968 0.299965 0.299967 0.000000 0.000000
0.000000 0.000000 0.298943 0.298941 0.298943 0.298951 0.298965 0.298974 0.298974 0.298975 0.298978 0.298976 0.298979 0.298977 0.298967 0.298965 0.298960 0.298949 0.298940 0.000000 0.000000
0.000000 0.000000 0.295661 0.295657 0.295670 0.295704 0.295722 0.295756 0.295758 0.295766 0.295759 0.295757 0.295753 0.295756 0.295745 0.295724 0.295707 0.295692 0.295682 0.000000 0.000000
0.000000 0.000000 0.290781 0.290785 0.290795 0.290832 0.290875 0.290926 0.290926 0.290932 0.290928 0.290926 0.290929 0.290927 0.290888 0.290847 0.290828 0.290809 0.290795 0.000000 0.000000
0.000000 0.000000 0.284856 0.284856 0.284861 0.284900 0.284942 0.284998 0.284997 0.285004 0.285003 0.285004 0.285007 0.285000 0.284957 0.284917 0.284885 0.284877 0.284857 0.000000 0.000000
0.000000 0.000000 0.278722 0.278730 0.278746 0.278770 0.278812 0.278872 0.278869 0.278879 0.278884 0.278882 0.278881 0.278886 0.278831 0.278787 0.278759 0.278749 0.278732 0.000000 0.000000
0.000000 0.000000 0.272514 0.272525 0.272532 0.272549 0.272609 0.272662 0.272658 0.272665 0.272673 0.272665 0.272658 0.272664 0.272621 0.272571 0.272541 0.272536 0.272524 0.000000 0.000000
0.000000 0.000000 0.266080 0.266086 0.266090 0.266134 0.266175 0.266235 0.266222 0.266250 0.266249 0.266247 0.266254 0.266239 0.266203 0.266170 0.266138 0.266119 0.266093 0.000000 0.000000
0.000000 0.000000 0.259295 0.259310 0.259330 0.259360 0.259397 0.259468 0.259466 0.259482 0.259465 0.259482 0.259479 0.259473 0.259409 0.259378 0.259355 0.259345 0.259278 0.000000 0.000000
0.000000 0.000000 0.252299 0.252312 0.252320 0.252355 0.252389 0.252536 0.252536 0.252549 0.252580 0.252563 0.252552 0.252541 0.252433 0.252403 0.252351 0.252345 0.252298 0.000000 0.000000
0.000000 0.000000 0.244656 0.244665 0.244687 0.244710 0.244856 0.244889 0.244922 0.244924 0.244933 0.244929 0.244928 0.244934 0.244918 0.244771 0.244727 0.244690 0.244642 0.000000 0.000000
0.000000 0.000000 0.236194 0.236206 0.236239 0.236392 0.236436 0.236522 0.236578 0.236587 0.236615 0.236631 0.236613 0.236625 0.236559 0.236492 0.236275 0.236294 0.236265 0.000000 0.000000
0.000000 0.000000 0.227195 0.227205 0.227410 0.227438 0.227449 0.227502 0.227458 0.227482 0.227463 0.227484 0.227509 0.227467 0.227435 0.227416 0.227442 0.227181 0.227175 0.000000 0.000000
0.000000 0.000000 0.216798 0.217079 0.217164 0.217245 0.217378 0.217443 0.217470 0.217472 0.217534 0.217541 0.217513 0.217527 0.217451 0.217349 0.217186 0.217145 0.216858 0.000000 0.000000
0.000000 0.000000 0.209407 0.209372 0.209117 0.209180 0.209276 0.209535 0.209538 0.209597 0.209553 0.209568 0.209552 0.209545 0.209309 0.209238 0.209077 0.209340 0.209358 0.000000 0.000000
0.000000 0.000000 0.300000 0.300000 0.300000 0.300000 0.300000 0.300000 0.300000 0.300000 0.300000 0.300000 0.300000 0.300000 0.300000 0.300000 0.300000 0.300000 0.300000 0.000000 0.000000
0.000000 0.000000 0.000000 0.000000 0.000000 0.000000 0.000000 0.000000 0.000000 0.000000 0.000000 0.000000 0.000000 0.000000 0.000000 0.000000 0.000000 0.000000 0.000000 0.000000 0.000000