geotop/1.0zi/1.0Montebello/Templates/testdem/maps/_Eocsilt4660.asc
ncols         21
nrows         20
xllcorner     100.000000
yllcorner     100.000000
cellsize      50.000000
NODATA_value  -9999.0
0.000000 0.000000 0.000000 0.000000 0.000000 0.000000 0.000000 0.000000 0.000000 0.000000 0.000000 0.000000 0.000000 0.000000 0.000000 0.000000 0.000000 0.000000 0.000000 0.000000 0.000000
0.000000 0.000000 0.350095 0.350095 0.350095 0.350095 0.350095 0.350095 0.350095 0.350095 0.350095 0.350095 0.350095 0.350095 0.350095 0.350095 0.350095 0.350095 0.350095 0.000000 0.000000
0.000000 0.000000 0.350002 0.350003 0.350003 0.350003 0.350004 0.350004 0.350004 0.350004 0.350004 0.350004 0.350004 0.350003 0.350003 0.350003 0.350002 0.350002 0.350002 0.000000 0.000000
0.000000 0.000000 0.350032 0.350031 0.350031 0.350026 0.350028 0.350025 0.350027 0.350028 0.350027 0.350027 0.350027 0.350026 0.350028 0.350030 0.350031 0.350032 0.350031 0.000000 0.000000
0.000000 0.000000 0.350386 0.350390 0.350389 0.350384 0.350381 0.350378 0.350376 0.350373 0.350372 0.350375 0.350375 0.350376 0.350380 0.350382 0.350382 0.350390 0.350394 0.000000 0.000000
0.000000 0.000000 0.351543 0.351545 0.351541 0.351530 0.351523 0.351508 0.351506 0.351500 0.351505 0.351508 0.351512 0.351511 0.351516 0.351521 0.351528 0.351530 0.351534 0.000000 0.000000
0.000000 0.000000 0.353349 0.353348 0.353344 0.353329 0.353312 0.353294 0.353296 0.353293 0.353297 0.353295 0.353293 0.353297 0.353309 0.353325 0.353331 0.353337 0.353344 0.000000 0.000000
0.000000 0.000000 0.355455 0.355452 0.355452 0.355438 0.355425 0.355408 0.355409 0.355406 0.355407 0.355407 0.355404 0.355403 0.355421 0.355437 0.355447 0.355449 0.355455 0.000000 0.000000
0.000000 0.000000 0.357637 0.357633 0.357628 0.357617 0.357603 0.357581 0.357582 0.357578 0.357578 0.357580 0.357577 0.357578 0.357596 0.357614 0.357622 0.357628 0.357636 0.000000 0.000000
0.000000 0.000000 0.359797 0.359794 0.359791 0.359781 0.359764 0.359745 0.359748 0.359744 0.359745 0.359746 0.359742 0.359741 0.359760 0.359778 0.359786 0.359790 0.359796 0.000000 0.000000
0.000000 0.000000 0.361975 0.361971 0.361969 0.361960 0.361947 0.361924 0.361927 0.361922 0.361922 0.361924 0.361921 0.361920 0.361936 0.361951 0.361960 0.361965 0.361972 0.000000 0.000000
0.000000 0.000000 0.364229 0.364226 0.364221 0.364208 0.364195 0.364173 0.364172 0.364169 0.364170 0.364170 0.364168 0.364167 0.364188 0.364205 0.364214 0.364218 0.364241 0.000000 0.000000
0.000000 0.000000 0.366511 0.366507 0.366503 0.366494 0.366477 0.366431 0.366431 0.366427 0.366427 0.366428 0.366424 0.366425 0.366465 0.366484 0.366493 0.366498 0.366512 0.000000 0.000000
0.000000 0.000000 0.368930 0.368923 0.368921 0.368911 0.368864 0.368851 0.368844 0.368841 0.368842 0.368842 0.368838 0.368838 0.368851 0.368898 0.368908 0.368918 0.368927 0.000000 0.000000
0.000000 0.000000 0.371539 0.371533 0.371521 0.371480 0.371458 0.371429 0.371415 0.371410 0.371404 0.371403 0.371404 0.371399 0.371422 0.371455 0.371506 0.371504 0.371512 0.000000 0.000000
0.000000 0.000000 0.374239 0.374233 0.374183 0.374174 0.374160 0.374145 0.374143 0.374142 0.374145 0.374145 0.374137 0.374146 0.374154 0.374168 0.374169 0.374225 0.374238 0.000000 0.000000
0.000000 0.000000 0.377244 0.377177 0.377136 0.377117 0.377083 0.377064 0.377059 0.377057 0.377050 0.377051 0.377050 0.377044 0.377058 0.377099 0.377125 0.377153 0.377220 0.000000 0.000000
0.000000 0.000000 0.379585 0.379571 0.379615 0.379590 0.379560 0.379493 0.379487 0.379480 0.379484 0.379484 0.379479 0.379482 0.379543 0.379577 0.379616 0.379559 0.379586 0.000000 0.000000
0.000000 0.000000 0.350000 0.350000 0.350000 0.350000 0.350000 0.350000 0.350000 0.350000 0.350000 0.350000 0.350000 0.350000 0.350000 0.350000 0.350000 0.350000 0.350000 0.000000 0.000000
0.000000 0.000000 0.000000 0.000000 0.000000 0.000000 0.000000 0.000000 0.000000 0.000000 0.000000 0.000000 0.000000 0.000000 0.000000 0.000000 0.000000 0.000000 0.000000 0.000000 0.000000