geotop/1.0zi/1.0Montebello/Templates/testdem/maps/_Eocsilt7918.asc
ncols         21
nrows         20
xllcorner     100.000000
yllcorner     100.000000
cellsize      50.000000
NODATA_value  -9999.0
0.000000 0.000000 0.000000 0.000000 0.000000 0.000000 0.000000 0.000000 0.000000 0.000000 0.000000 0.000000 0.000000 0.000000 0.000000 0.000000 0.000000 0.000000 0.000000 0.000000 0.000000
0.000000 0.000000 0.350165 0.350165 0.350166 0.350166 0.350165 0.350166 0.350166 0.350165 0.350166 0.350165 0.350165 0.350165 0.350165 0.350165 0.350166 0.350166 0.350165 0.000000 0.000000
0.000000 0.000000 0.350005 0.350005 0.350004 0.350004 0.350005 0.350005 0.350005 0.350005 0.350006 0.350006 0.350006 0.350006 0.350005 0.350005 0.350003 0.350003 0.350005 0.000000 0.000000
0.000000 0.000000 0.350103 0.350099 0.350098 0.350091 0.350093 0.350088 0.350091 0.350091 0.350088 0.350090 0.350090 0.350090 0.350092 0.350096 0.350099 0.350099 0.350100 0.000000 0.000000
0.000000 0.000000 0.351008 0.351014 0.351009 0.350998 0.350992 0.350984 0.350980 0.350979 0.350979 0.350979 0.350980 0.350982 0.350995 0.351000 0.351003 0.351013 0.351016 0.000000 0.000000
0.000000 0.000000 0.353614 0.353614 0.353603 0.353587 0.353568 0.353546 0.353546 0.353539 0.353543 0.353544 0.353545 0.353544 0.353556 0.353569 0.353581 0.353589 0.353594 0.000000 0.000000
0.000000 0.000000 0.357329 0.357325 0.357313 0.357287 0.357255 0.357221 0.357222 0.357218 0.357219 0.357217 0.357214 0.357219 0.357249 0.357275 0.357293 0.357308 0.357315 0.000000 0.000000
0.000000 0.000000 0.361729 0.361727 0.361720 0.361692 0.361662 0.361624 0.361624 0.361620 0.361619 0.361615 0.361614 0.361620 0.361653 0.361680 0.361706 0.361713 0.361725 0.000000 0.000000
0.000000 0.000000 0.366449 0.366440 0.366425 0.366406 0.366374 0.366331 0.366333 0.366323 0.366321 0.366319 0.366321 0.366319 0.366361 0.366395 0.366415 0.366426 0.366437 0.000000 0.000000
0.000000 0.000000 0.371393 0.371383 0.371375 0.371357 0.371311 0.371273 0.371273 0.371268 0.371262 0.371265 0.371270 0.371268 0.371303 0.371341 0.371365 0.371373 0.371380 0.000000 0.000000
0.000000 0.000000 0.376706 0.376699 0.376690 0.376650 0.376619 0.376575 0.376584 0.376560 0.376563 0.376562 0.376553 0.376569 0.376601 0.376625 0.376655 0.376671 0.376691 0.000000 0.000000
0.000000 0.000000 0.382567 0.382550 0.382531 0.382505 0.382470 0.382414 0.382411 0.382404 0.382417 0.382398 0.382403 0.382407 0.382464 0.382493 0.382513 0.382525 0.382575 0.000000 0.000000
0.000000 0.000000 0.388855 0.388838 0.388831 0.388795 0.388764 0.388624 0.388622 0.388613 0.388577 0.388595 0.388603 0.388616 0.388723 0.388752 0.388805 0.388811 0.388837 0.000000 0.000000
0.000000 0.000000 0.396150 0.396143 0.396114 0.396088 0.395918 0.395924 0.395889 0.395888 0.395897 0.395887 0.395883 0.395876 0.395865 0.396042 0.396073 0.396120 0.396155 0.000000 0.000000
0.000000 0.000000 0.404673 0.404656 0.404619 0.404407 0.404415 0.404309 0.404259 0.404247 0.404212 0.404185 0.404208 0.404203 0.404306 0.404312 0.404592 0.404553 0.404561 0.000000 0.000000
0.000000 0.000000 0.414008 0.413991 0.413688 0.413753 0.413732 0.413696 0.413803 0.413766 0.413822 0.413798 0.413750 0.413826 0.413839 0.413857 0.413659 0.414088 0.414082 0.000000 0.000000
0.000000 0.000000 0.425546 0.425068 0.425136 0.424963 0.424723 0.424653 0.424534 0.424561 0.424425 0.424435 0.424510 0.424439 0.424559 0.424735 0.425116 0.424902 0.425394 0.000000 0.000000
0.000000 0.000000 0.430403 0.430810 0.431226 0.431213 0.431212 0.430813 0.430867 0.430754 0.430928 0.430891 0.430870 0.430927 0.431266 0.431266 0.431301 0.430960 0.430562 0.000000 0.000000
0.000000 0.000000 0.350000 0.350000 0.350000 0.350000 0.350000 0.350000 0.350000 0.350000 0.350000 0.350000 0.350000 0.350000 0.350000 0.350000 0.350000 0.350000 0.350000 0.000000 0.000000
0.000000 0.000000 0.000000 0.000000 0.000000 0.000000 0.000000 0.000000 0.000000 0.000000 0.000000 0.000000 0.000000 0.000000 0.000000 0.000000 0.000000 0.000000 0.000000 0.000000 0.000000