geotop/1.0zi/1.0Montebello/Templates/testdem/maps/_Eocsilt2513.asc
ncols         21
nrows         20
xllcorner     100.000000
yllcorner     100.000000
cellsize      50.000000
NODATA_value  -9999.0
0.000000 0.000000 0.000000 0.000000 0.000000 0.000000 0.000000 0.000000 0.000000 0.000000 0.000000 0.000000 0.000000 0.000000 0.000000 0.000000 0.000000 0.000000 0.000000 0.000000 0.000000
0.000000 0.000000 0.350059 0.350059 0.350059 0.350059 0.350059 0.350059 0.350059 0.350059 0.350059 0.350059 0.350059 0.350059 0.350059 0.350059 0.350059 0.350059 0.350059 0.000000 0.000000
0.000000 0.000000 0.349998 0.349998 0.349998 0.349998 0.349998 0.349998 0.349998 0.349998 0.349998 0.349998 0.349998 0.349998 0.349998 0.349998 0.349998 0.349998 0.349998 0.000000 0.000000
0.000000 0.000000 0.350844 0.350843 0.350841 0.350842 0.350844 0.350844 0.350844 0.350844 0.350844 0.350844 0.350844 0.350844 0.350844 0.350842 0.350841 0.350843 0.350844 0.000000 0.000000
0.000000 0.000000 0.354122 0.354122 0.354120 0.354120 0.354123 0.354122 0.354122 0.354123 0.354123 0.354123 0.354122 0.354122 0.354123 0.354120 0.354120 0.354122 0.354122 0.000000 0.000000
0.000000 0.000000 0.358367 0.358366 0.358365 0.358365 0.358367 0.358367 0.358367 0.358368 0.358368 0.358368 0.358367 0.358367 0.358367 0.358365 0.358365 0.358366 0.358367 0.000000 0.000000
0.000000 0.000000 0.362252 0.362252 0.362250 0.362251 0.362253 0.362252 0.362252 0.362253 0.362253 0.362253 0.362252 0.362252 0.362253 0.362251 0.362250 0.362252 0.362252 0.000000 0.000000
0.000000 0.000000 0.365799 0.365799 0.365797 0.365798 0.365799 0.365799 0.365799 0.365800 0.365800 0.365800 0.365799 0.365799 0.365799 0.365798 0.365797 0.365799 0.365799 0.000000 0.000000
0.000000 0.000000 0.369103 0.369103 0.369102 0.369102 0.369104 0.369103 0.369103 0.369104 0.369104 0.369104 0.369103 0.369103 0.369104 0.369102 0.369102 0.369103 0.369103 0.000000 0.000000
0.000000 0.000000 0.372241 0.372241 0.372240 0.372240 0.372241 0.372241 0.372241 0.372242 0.372242 0.372242 0.372241 0.372241 0.372241 0.372240 0.372240 0.372241 0.372241 0.000000 0.000000
0.000000 0.000000 0.375250 0.375249 0.375248 0.375248 0.375250 0.375249 0.375249 0.375250 0.375250 0.375250 0.375249 0.375249 0.375250 0.375248 0.375248 0.375249 0.375250 0.000000 0.000000
0.000000 0.000000 0.378156 0.378156 0.378155 0.378155 0.378156 0.378156 0.378156 0.378156 0.378157 0.378156 0.378156 0.378156 0.378156 0.378155 0.378155 0.378156 0.378156 0.000000 0.000000
0.000000 0.000000 0.380981 0.380981 0.380980 0.380980 0.380981 0.380981 0.380981 0.380982 0.380982 0.380982 0.380981 0.380981 0.380981 0.380980 0.380980 0.380981 0.380981 0.000000 0.000000
0.000000 0.000000 0.383739 0.383739 0.383738 0.383738 0.383739 0.383739 0.383739 0.383740 0.383740 0.383740 0.383739 0.383739 0.383739 0.383738 0.383738 0.383739 0.383739 0.000000 0.000000
0.000000 0.000000 0.386440 0.386440 0.386439 0.386439 0.386440 0.386440 0.386440 0.386441 0.386441 0.386441 0.386440 0.386440 0.386440 0.386439 0.386439 0.386440 0.386440 0.000000 0.000000
0.000000 0.000000 0.389089 0.389088 0.389087 0.389088 0.389089 0.389088 0.389088 0.389089 0.389089 0.389089 0.389088 0.389088 0.389089 0.389088 0.389087 0.389088 0.389089 0.000000 0.000000
0.000000 0.000000 0.391687 0.391687 0.391686 0.391686 0.391688 0.391687 0.391687 0.391688 0.391688 0.391688 0.391687 0.391687 0.391688 0.391686 0.391686 0.391687 0.391687 0.000000 0.000000
0.000000 0.000000 0.394275 0.394275 0.394274 0.394275 0.394276 0.394275 0.394275 0.394276 0.394276 0.394276 0.394275 0.394275 0.394276 0.394275 0.394274 0.394275 0.394276 0.000000 0.000000
0.000000 0.000000 0.350000 0.350000 0.350000 0.350000 0.350000 0.350000 0.350000 0.350000 0.350000 0.350000 0.350000 0.350000 0.350000 0.350000 0.350000 0.350000 0.350000 0.000000 0.000000
0.000000 0.000000 0.000000 0.000000 0.000000 0.000000 0.000000 0.000000 0.000000 0.000000 0.000000 0.000000 0.000000 0.000000 0.000000 0.000000 0.000000 0.000000 0.000000 0.000000 0.000000