geotop/1.0zi/1.0Montebello/Templates/testdem/maps/_Eocsand8723.asc
ncols         21
nrows         20
xllcorner     100.000000
yllcorner     100.000000
cellsize      50.000000
NODATA_value  -9999.0
0.000000 0.000000 0.000000 0.000000 0.000000 0.000000 0.000000 0.000000 0.000000 0.000000 0.000000 0.000000 0.000000 0.000000 0.000000 0.000000 0.000000 0.000000 0.000000 0.000000 0.000000
0.000000 0.000000 0.300221 0.300219 0.300219 0.300219 0.300218 0.300218 0.300218 0.300218 0.300219 0.300218 0.300218 0.300218 0.300218 0.300218 0.300220 0.300219 0.300219 0.000000 0.000000
0.000000 0.000000 0.300012 0.300013 0.300013 0.300012 0.300013 0.300013 0.300013 0.300013 0.300013 0.300013 0.300012 0.300013 0.300013 0.300013 0.300014 0.300014 0.300015 0.000000 0.000000
0.000000 0.000000 0.299856 0.299855 0.299861 0.299871 0.299869 0.299873 0.299868 0.299869 0.299870 0.299869 0.299868 0.299871 0.299865 0.299859 0.299856 0.299856 0.299855 0.000000 0.000000
0.000000 0.000000 0.297628 0.297630 0.297645 0.297665 0.297692 0.297697 0.297702 0.297702 0.297703 0.297699 0.297697 0.297696 0.297675 0.297667 0.297653 0.297643 0.297630 0.000000 0.000000
0.000000 0.000000 0.291330 0.291337 0.291365 0.291418 0.291459 0.291502 0.291502 0.291515 0.291505 0.291504 0.291495 0.291499 0.291473 0.291438 0.291407 0.291388 0.291374 0.000000 0.000000
0.000000 0.000000 0.282594 0.282609 0.282631 0.282689 0.282762 0.282840 0.282839 0.282848 0.282846 0.282844 0.282845 0.282841 0.282770 0.282710 0.282673 0.282645 0.282628 0.000000 0.000000
0.000000 0.000000 0.272256 0.272268 0.272285 0.272353 0.272421 0.272505 0.272505 0.272517 0.272517 0.272521 0.272525 0.272509 0.272433 0.272376 0.272318 0.272304 0.272275 0.000000 0.000000
0.000000 0.000000 0.261089 0.261114 0.261147 0.261193 0.261270 0.261361 0.261355 0.261374 0.261379 0.261382 0.261378 0.261382 0.261287 0.261213 0.261167 0.261146 0.261122 0.000000 0.000000
0.000000 0.000000 0.249110 0.249137 0.249157 0.249204 0.249315 0.249396 0.249395 0.249405 0.249418 0.249408 0.249394 0.249400 0.249321 0.249231 0.249177 0.249160 0.249143 0.000000 0.000000
0.000000 0.000000 0.235889 0.235906 0.235928 0.236035 0.236108 0.236213 0.236183 0.236246 0.236231 0.236237 0.236256 0.236220 0.236140 0.236088 0.236014 0.235979 0.235928 0.000000 0.000000
0.000000 0.000000 0.220961 0.221011 0.221059 0.221118 0.221217 0.221338 0.221353 0.221359 0.221329 0.221378 0.221355 0.221356 0.221213 0.221136 0.221091 0.221064 0.220943 0.000000 0.000000
0.000000 0.000000 0.204557 0.204607 0.204614 0.204725 0.204800 0.205169 0.205176 0.205191 0.205299 0.205233 0.205216 0.205183 0.204893 0.204824 0.204677 0.204669 0.204614 0.000000 0.000000
0.000000 0.000000 0.184881 0.184895 0.184983 0.185054 0.185560 0.185465 0.185565 0.185561 0.185511 0.185555 0.185563 0.185605 0.185680 0.185150 0.185091 0.184954 0.184863 0.000000 0.000000
0.000000 0.000000 0.161462 0.161520 0.161622 0.162287 0.162162 0.162495 0.162627 0.162658 0.162777 0.162844 0.162767 0.162778 0.162441 0.162540 0.161670 0.161833 0.161830 0.000000 0.000000
0.000000 0.000000 0.136343 0.136389 0.137323 0.136975 0.137083 0.137105 0.136726 0.136832 0.136623 0.136674 0.136836 0.136608 0.136639 0.136561 0.137395 0.136005 0.136022 0.000000 0.000000
0.000000 0.000000 0.106873 0.108197 0.107787 0.108355 0.109018 0.109210 0.109631 0.109528 0.109953 0.109903 0.109650 0.109913 0.109556 0.109067 0.107822 0.108752 0.107368 0.000000 0.000000
0.000000 0.000000 0.098493 0.097333 0.096370 0.096364 0.096289 0.097236 0.097051 0.097335 0.096848 0.096943 0.097024 0.096860 0.096073 0.096128 0.096184 0.096904 0.098048 0.000000 0.000000
0.000000 0.000000 0.300000 0.300000 0.300000 0.300000 0.300000 0.300000 0.300000 0.300000 0.300000 0.300000 0.300000 0.300000 0.300000 0.300000 0.300000 0.300000 0.300000 0.000000 0.000000
0.000000 0.000000 0.000000 0.000000 0.000000 0.000000 0.000000 0.000000 0.000000 0.000000 0.000000 0.000000 0.000000 0.000000 0.000000 0.000000 0.000000 0.000000 0.000000 0.000000 0.000000