geotop/1.0zi/1.0Montebello/Templates/testdem/maps/_Eocclay8928.asc
ncols         21
nrows         20
xllcorner     100.000000
yllcorner     100.000000
cellsize      50.000000
NODATA_value  -9999.0
0.000000 0.000000 0.000000 0.000000 0.000000 0.000000 0.000000 0.000000 0.000000 0.000000 0.000000 0.000000 0.000000 0.000000 0.000000 0.000000 0.000000 0.000000 0.000000 0.000000 0.000000
0.000000 0.000000 0.349582 0.349585 0.349585 0.349584 0.349585 0.349586 0.349585 0.349585 0.349584 0.349585 0.349585 0.349585 0.349585 0.349585 0.349583 0.349583 0.349584 0.000000 0.000000
0.000000 0.000000 0.349983 0.349981 0.349981 0.349983 0.349981 0.349981 0.349981 0.349981 0.349981 0.349981 0.349981 0.349981 0.349982 0.349982 0.349983 0.349982 0.349980 0.000000 0.000000
0.000000 0.000000 0.350023 0.350028 0.350026 0.350023 0.350024 0.350025 0.350029 0.350026 0.350029 0.350027 0.350028 0.350026 0.350028 0.350030 0.350028 0.350027 0.350026 0.000000 0.000000
0.000000 0.000000 0.351225 0.351217 0.351211 0.351201 0.351183 0.351183 0.351179 0.351180 0.351178 0.351180 0.351179 0.351181 0.351190 0.351194 0.351205 0.351205 0.351215 0.000000 0.000000
0.000000 0.000000 0.354609 0.354605 0.354586 0.354556 0.354532 0.354508 0.354512 0.354505 0.354509 0.354509 0.354514 0.354513 0.354526 0.354552 0.354564 0.354574 0.354580 0.000000 0.000000
0.000000 0.000000 0.359156 0.359146 0.359135 0.359106 0.359072 0.359022 0.359024 0.359019 0.359019 0.359021 0.359021 0.359022 0.359063 0.359094 0.359110 0.359120 0.359128 0.000000 0.000000
0.000000 0.000000 0.364548 0.364538 0.364527 0.364491 0.364456 0.364410 0.364412 0.364407 0.364406 0.364404 0.364401 0.364411 0.364449 0.364479 0.364508 0.364512 0.364526 0.000000 0.000000
0.000000 0.000000 0.370360 0.370346 0.370329 0.370305 0.370264 0.370215 0.370221 0.370210 0.370207 0.370205 0.370206 0.370205 0.370255 0.370293 0.370314 0.370319 0.370332 0.000000 0.000000
0.000000 0.000000 0.376657 0.376638 0.376629 0.376602 0.376544 0.376500 0.376503 0.376496 0.376489 0.376494 0.376500 0.376498 0.376539 0.376587 0.376612 0.376618 0.376625 0.000000 0.000000
0.000000 0.000000 0.383673 0.383660 0.383649 0.383591 0.383553 0.383495 0.383512 0.383477 0.383484 0.383480 0.383469 0.383489 0.383532 0.383561 0.383597 0.383608 0.383636 0.000000 0.000000
0.000000 0.000000 0.391654 0.391628 0.391597 0.391566 0.391515 0.391445 0.391445 0.391441 0.391455 0.391428 0.391440 0.391439 0.391515 0.391556 0.391574 0.391582 0.391644 0.000000 0.000000
0.000000 0.000000 0.400490 0.400461 0.400457 0.400395 0.400353 0.400148 0.400149 0.400139 0.400077 0.400114 0.400122 0.400141 0.400300 0.400338 0.400412 0.400410 0.400435 0.000000 0.000000
0.000000 0.000000 0.411217 0.411207 0.411156 0.411116 0.410833 0.410894 0.410842 0.410844 0.410873 0.410845 0.410840 0.410817 0.410763 0.411065 0.411088 0.411154 0.411202 0.000000 0.000000
0.000000 0.000000 0.424028 0.423990 0.423931 0.423558 0.423649 0.423453 0.423387 0.423367 0.423296 0.423259 0.423301 0.423299 0.423488 0.423413 0.423901 0.423792 0.423787 0.000000 0.000000
0.000000 0.000000 0.437641 0.437612 0.437087 0.437306 0.437241 0.437237 0.437464 0.437401 0.437519 0.437491 0.437396 0.437527 0.437493 0.437549 0.437037 0.437814 0.437801 0.000000 0.000000
0.000000 0.000000 0.453278 0.452564 0.452812 0.452497 0.452143 0.452038 0.451804 0.451861 0.451623 0.451652 0.451791 0.451645 0.451835 0.452096 0.452786 0.452237 0.452975 0.000000 0.000000
0.000000 0.000000 0.457319 0.457937 0.458443 0.458447 0.458494 0.458000 0.458103 0.457953 0.458210 0.458159 0.458114 0.458203 0.458606 0.458574 0.458529 0.458147 0.457532 0.000000 0.000000
0.000000 0.000000 0.350000 0.350000 0.350000 0.350000 0.350000 0.350000 0.350000 0.350000 0.350000 0.350000 0.350000 0.350000 0.350000 0.350000 0.350000 0.350000 0.350000 0.000000 0.000000
0.000000 0.000000 0.000000 0.000000 0.000000 0.000000 0.000000 0.000000 0.000000 0.000000 0.000000 0.000000 0.000000 0.000000 0.000000 0.000000 0.000000 0.000000 0.000000 0.000000 0.000000