geotop/1.0zi/1.0Montebello/Templates/testdem/maps/_Eocsand0497.asc
ncols         21
nrows         20
xllcorner     100.000000
yllcorner     100.000000
cellsize      50.000000
NODATA_value  -9999.0
0.000000 0.000000 0.000000 0.000000 0.000000 0.000000 0.000000 0.000000 0.000000 0.000000 0.000000 0.000000 0.000000 0.000000 0.000000 0.000000 0.000000 0.000000 0.000000 0.000000 0.000000
0.000000 0.000000 0.300019 0.300019 0.300019 0.300019 0.300019 0.300019 0.300019 0.300019 0.300019 0.300019 0.300019 0.300019 0.300019 0.300019 0.300019 0.300019 0.300019 0.000000 0.000000
0.000000 0.000000 0.300005 0.300006 0.300006 0.300006 0.300005 0.300005 0.300005 0.300005 0.300005 0.300005 0.300005 0.300005 0.300005 0.300006 0.300006 0.300006 0.300005 0.000000 0.000000
0.000000 0.000000 0.299438 0.299438 0.299442 0.299438 0.299438 0.299437 0.299437 0.299437 0.299438 0.299437 0.299437 0.299437 0.299438 0.299438 0.299442 0.299438 0.299438 0.000000 0.000000
0.000000 0.000000 0.297686 0.297686 0.297690 0.297686 0.297686 0.297686 0.297686 0.297686 0.297686 0.297686 0.297686 0.297686 0.297686 0.297686 0.297690 0.297686 0.297686 0.000000 0.000000
0.000000 0.000000 0.295908 0.295908 0.295911 0.295908 0.295908 0.295907 0.295907 0.295907 0.295908 0.295907 0.295907 0.295907 0.295908 0.295908 0.295911 0.295908 0.295908 0.000000 0.000000
0.000000 0.000000 0.294273 0.294273 0.294277 0.294274 0.294273 0.294273 0.294273 0.294273 0.294273 0.294273 0.294273 0.294273 0.294273 0.294274 0.294277 0.294273 0.294273 0.000000 0.000000
0.000000 0.000000 0.292761 0.292761 0.292764 0.292761 0.292761 0.292760 0.292760 0.292760 0.292761 0.292760 0.292760 0.292760 0.292761 0.292761 0.292764 0.292761 0.292761 0.000000 0.000000
0.000000 0.000000 0.291334 0.291333 0.291336 0.291334 0.291333 0.291333 0.291333 0.291333 0.291333 0.291333 0.291333 0.291333 0.291333 0.291334 0.291336 0.291333 0.291334 0.000000 0.000000
0.000000 0.000000 0.289958 0.289958 0.289960 0.289958 0.289958 0.289957 0.289957 0.289958 0.289958 0.289958 0.289957 0.289957 0.289958 0.289958 0.289960 0.289958 0.289958 0.000000 0.000000
0.000000 0.000000 0.288621 0.288621 0.288623 0.288621 0.288620 0.288620 0.288620 0.288620 0.288620 0.288620 0.288620 0.288620 0.288620 0.288621 0.288623 0.288621 0.288621 0.000000 0.000000
0.000000 0.000000 0.287311 0.287311 0.287313 0.287311 0.287311 0.287310 0.287310 0.287310 0.287311 0.287310 0.287310 0.287310 0.287311 0.287311 0.287313 0.287311 0.287311 0.000000 0.000000
0.000000 0.000000 0.286025 0.286025 0.286028 0.286026 0.286025 0.286025 0.286025 0.286025 0.286025 0.286025 0.286025 0.286025 0.286025 0.286026 0.286028 0.286025 0.286025 0.000000 0.000000
0.000000 0.000000 0.284761 0.284761 0.284764 0.284762 0.284761 0.284761 0.284761 0.284761 0.284761 0.284761 0.284761 0.284761 0.284761 0.284762 0.284764 0.284761 0.284761 0.000000 0.000000
0.000000 0.000000 0.283511 0.283511 0.283513 0.283511 0.283511 0.283510 0.283510 0.283511 0.283511 0.283511 0.283510 0.283510 0.283511 0.283511 0.283513 0.283511 0.283511 0.000000 0.000000
0.000000 0.000000 0.282266 0.282266 0.282268 0.282266 0.282265 0.282265 0.282265 0.282265 0.282265 0.282265 0.282265 0.282265 0.282265 0.282266 0.282268 0.282266 0.282266 0.000000 0.000000
0.000000 0.000000 0.281035 0.281035 0.281038 0.281035 0.281035 0.281035 0.281035 0.281035 0.281035 0.281035 0.281035 0.281035 0.281035 0.281035 0.281038 0.281035 0.281035 0.000000 0.000000
0.000000 0.000000 0.279779 0.279779 0.279782 0.279779 0.279779 0.279779 0.279779 0.279779 0.279779 0.279779 0.279779 0.279779 0.279779 0.279779 0.279782 0.279779 0.279779 0.000000 0.000000
0.000000 0.000000 0.300000 0.300000 0.300000 0.300000 0.300000 0.300000 0.300000 0.300000 0.300000 0.300000 0.300000 0.300000 0.300000 0.300000 0.300000 0.300000 0.300000 0.000000 0.000000
0.000000 0.000000 0.000000 0.000000 0.000000 0.000000 0.000000 0.000000 0.000000 0.000000 0.000000 0.000000 0.000000 0.000000 0.000000 0.000000 0.000000 0.000000 0.000000 0.000000 0.000000