geotop/1.0zi/1.0Montebello/Templates/testdem/maps/_Eocclay8764.asc
ncols         21
nrows         20
xllcorner     100.000000
yllcorner     100.000000
cellsize      50.000000
NODATA_value  -9999.0
0.000000 0.000000 0.000000 0.000000 0.000000 0.000000 0.000000 0.000000 0.000000 0.000000 0.000000 0.000000 0.000000 0.000000 0.000000 0.000000 0.000000 0.000000 0.000000 0.000000 0.000000
0.000000 0.000000 0.349593 0.349595 0.349595 0.349594 0.349596 0.349596 0.349595 0.349595 0.349594 0.349596 0.349595 0.349595 0.349596 0.349595 0.349593 0.349594 0.349595 0.000000 0.000000
0.000000 0.000000 0.349983 0.349982 0.349982 0.349984 0.349982 0.349982 0.349982 0.349982 0.349981 0.349981 0.349982 0.349981 0.349982 0.349983 0.349983 0.349983 0.349981 0.000000 0.000000
0.000000 0.000000 0.350022 0.350027 0.350025 0.350020 0.350021 0.350022 0.350025 0.350023 0.350026 0.350024 0.350024 0.350022 0.350025 0.350027 0.350025 0.350027 0.350025 0.000000 0.000000
0.000000 0.000000 0.351189 0.351181 0.351178 0.351169 0.351152 0.351151 0.351148 0.351149 0.351147 0.351149 0.351147 0.351149 0.351159 0.351163 0.351173 0.351173 0.351182 0.000000 0.000000
0.000000 0.000000 0.354478 0.354473 0.354454 0.354424 0.354401 0.354377 0.354380 0.354374 0.354378 0.354377 0.354383 0.354382 0.354395 0.354420 0.354433 0.354444 0.354449 0.000000 0.000000
0.000000 0.000000 0.358921 0.358912 0.358902 0.358873 0.358839 0.358790 0.358792 0.358787 0.358787 0.358789 0.358790 0.358789 0.358830 0.358861 0.358878 0.358889 0.358897 0.000000 0.000000
0.000000 0.000000 0.364181 0.364171 0.364162 0.364126 0.364091 0.364047 0.364048 0.364043 0.364043 0.364041 0.364038 0.364047 0.364085 0.364115 0.364144 0.364150 0.364164 0.000000 0.000000
0.000000 0.000000 0.369830 0.369818 0.369803 0.369779 0.369738 0.369691 0.369696 0.369686 0.369683 0.369681 0.369682 0.369680 0.369731 0.369768 0.369789 0.369796 0.369809 0.000000 0.000000
0.000000 0.000000 0.375929 0.375912 0.375904 0.375878 0.375822 0.375779 0.375780 0.375774 0.375767 0.375772 0.375779 0.375776 0.375817 0.375864 0.375889 0.375897 0.375905 0.000000 0.000000
0.000000 0.000000 0.382696 0.382685 0.382676 0.382620 0.382582 0.382527 0.382541 0.382508 0.382515 0.382512 0.382501 0.382520 0.382563 0.382591 0.382627 0.382641 0.382669 0.000000 0.000000
0.000000 0.000000 0.390358 0.390335 0.390307 0.390276 0.390226 0.390160 0.390158 0.390154 0.390168 0.390143 0.390154 0.390153 0.390227 0.390267 0.390286 0.390297 0.390358 0.000000 0.000000
0.000000 0.000000 0.398804 0.398777 0.398775 0.398716 0.398676 0.398482 0.398480 0.398470 0.398414 0.398448 0.398456 0.398473 0.398626 0.398663 0.398735 0.398738 0.398764 0.000000 0.000000
0.000000 0.000000 0.409002 0.408994 0.408948 0.408910 0.408644 0.408696 0.408643 0.408645 0.408671 0.408647 0.408642 0.408620 0.408577 0.408860 0.408885 0.408953 0.409000 0.000000 0.000000
0.000000 0.000000 0.421177 0.421144 0.421091 0.420742 0.420816 0.420638 0.420569 0.420551 0.420487 0.420452 0.420491 0.420485 0.420662 0.420604 0.421061 0.420968 0.420968 0.000000 0.000000
0.000000 0.000000 0.434269 0.434244 0.433749 0.433942 0.433882 0.433873 0.434078 0.434018 0.434128 0.434101 0.434013 0.434134 0.434114 0.434164 0.433702 0.434439 0.434428 0.000000 0.000000
0.000000 0.000000 0.449725 0.449015 0.449250 0.448942 0.448587 0.448485 0.448253 0.448308 0.448078 0.448105 0.448241 0.448098 0.448290 0.448550 0.449221 0.448707 0.449443 0.000000 0.000000
0.000000 0.000000 0.453838 0.454488 0.455011 0.455020 0.455069 0.454561 0.454665 0.454509 0.454777 0.454725 0.454678 0.454769 0.455188 0.455154 0.455101 0.454718 0.454076 0.000000 0.000000
0.000000 0.000000 0.350000 0.350000 0.350000 0.350000 0.350000 0.350000 0.350000 0.350000 0.350000 0.350000 0.350000 0.350000 0.350000 0.350000 0.350000 0.350000 0.350000 0.000000 0.000000
0.000000 0.000000 0.000000 0.000000 0.000000 0.000000 0.000000 0.000000 0.000000 0.000000 0.000000 0.000000 0.000000 0.000000 0.000000 0.000000 0.000000 0.000000 0.000000 0.000000 0.000000