geotop/1.0zi/1.0Montebello/Templates/testdem/maps/_Eocclay4029.asc
ncols         21
nrows         20
xllcorner     100.000000
yllcorner     100.000000
cellsize      50.000000
NODATA_value  -9999.0
0.000000 0.000000 0.000000 0.000000 0.000000 0.000000 0.000000 0.000000 0.000000 0.000000 0.000000 0.000000 0.000000 0.000000 0.000000 0.000000 0.000000 0.000000 0.000000 0.000000 0.000000
0.000000 0.000000 0.349814 0.349815 0.349815 0.349815 0.349815 0.349815 0.349815 0.349815 0.349815 0.349815 0.349815 0.349815 0.349815 0.349815 0.349814 0.349815 0.349814 0.000000 0.000000
0.000000 0.000000 0.349994 0.349994 0.349994 0.349994 0.349994 0.349994 0.349994 0.349994 0.349994 0.349993 0.349994 0.349994 0.349994 0.349994 0.349994 0.349994 0.349994 0.000000 0.000000
0.000000 0.000000 0.349994 0.349995 0.349993 0.349994 0.349995 0.349995 0.349995 0.349994 0.349995 0.349994 0.349994 0.349993 0.349996 0.349997 0.349995 0.349996 0.349994 0.000000 0.000000
0.000000 0.000000 0.350333 0.350335 0.350334 0.350334 0.350327 0.350326 0.350326 0.350326 0.350325 0.350327 0.350323 0.350323 0.350326 0.350327 0.350327 0.350327 0.350330 0.000000 0.000000
0.000000 0.000000 0.351493 0.351494 0.351491 0.351483 0.351481 0.351472 0.351472 0.351468 0.351472 0.351472 0.351474 0.351472 0.351469 0.351474 0.351479 0.351483 0.351487 0.000000 0.000000
0.000000 0.000000 0.353184 0.353181 0.353178 0.353170 0.353161 0.353143 0.353143 0.353139 0.353142 0.353142 0.353142 0.353139 0.353151 0.353165 0.353172 0.353176 0.353179 0.000000 0.000000
0.000000 0.000000 0.355096 0.355094 0.355091 0.355078 0.355069 0.355052 0.355054 0.355051 0.355052 0.355051 0.355048 0.355044 0.355060 0.355073 0.355081 0.355084 0.355090 0.000000 0.000000
0.000000 0.000000 0.357002 0.356999 0.356992 0.356984 0.356974 0.356956 0.356957 0.356953 0.356954 0.356954 0.356952 0.356950 0.356963 0.356980 0.356987 0.356989 0.356996 0.000000 0.000000
0.000000 0.000000 0.358900 0.358897 0.358892 0.358883 0.358869 0.358852 0.358855 0.358852 0.358852 0.358853 0.358849 0.358846 0.358862 0.358878 0.358886 0.358888 0.358894 0.000000 0.000000
0.000000 0.000000 0.360829 0.360825 0.360819 0.360813 0.360804 0.360784 0.360786 0.360781 0.360781 0.360782 0.360779 0.360776 0.360789 0.360801 0.360810 0.360813 0.360820 0.000000 0.000000
0.000000 0.000000 0.362816 0.362812 0.362805 0.362794 0.362784 0.362765 0.362765 0.362762 0.362762 0.362761 0.362759 0.362755 0.362773 0.362787 0.362796 0.362799 0.362821 0.000000 0.000000
0.000000 0.000000 0.364819 0.364815 0.364808 0.364800 0.364787 0.364748 0.364748 0.364745 0.364744 0.364745 0.364741 0.364739 0.364772 0.364789 0.364798 0.364801 0.364815 0.000000 0.000000
0.000000 0.000000 0.366929 0.366922 0.366916 0.366908 0.366870 0.366860 0.366854 0.366850 0.366851 0.366851 0.366847 0.366844 0.366854 0.366894 0.366903 0.366912 0.366920 0.000000 0.000000
0.000000 0.000000 0.369191 0.369185 0.369171 0.369137 0.369120 0.369096 0.369083 0.369079 0.369073 0.369072 0.369072 0.369065 0.369082 0.369111 0.369156 0.369154 0.369160 0.000000 0.000000
0.000000 0.000000 0.371512 0.371506 0.371461 0.371455 0.371446 0.371434 0.371432 0.371431 0.371432 0.371431 0.371424 0.371428 0.371432 0.371445 0.371447 0.371491 0.371503 0.000000 0.000000
0.000000 0.000000 0.374073 0.374018 0.373978 0.373964 0.373939 0.373925 0.373922 0.373920 0.373913 0.373913 0.373912 0.373904 0.373912 0.373945 0.373966 0.373991 0.374045 0.000000 0.000000
0.000000 0.000000 0.376095 0.376080 0.376110 0.376091 0.376068 0.376017 0.376012 0.376007 0.376008 0.376007 0.376002 0.376002 0.376047 0.376076 0.376109 0.376062 0.376086 0.000000 0.000000
0.000000 0.000000 0.350000 0.350000 0.350000 0.350000 0.350000 0.350000 0.350000 0.350000 0.350000 0.350000 0.350000 0.350000 0.350000 0.350000 0.350000 0.350000 0.350000 0.000000 0.000000
0.000000 0.000000 0.000000 0.000000 0.000000 0.000000 0.000000 0.000000 0.000000 0.000000 0.000000 0.000000 0.000000 0.000000 0.000000 0.000000 0.000000 0.000000 0.000000 0.000000 0.000000