geotop/1.0zi/1.0Montebello/Templates/testdem/maps/_Eocclay0434.asc
ncols         21
nrows         20
xllcorner     100.000000
yllcorner     100.000000
cellsize      50.000000
NODATA_value  -9999.0
0.000000 0.000000 0.000000 0.000000 0.000000 0.000000 0.000000 0.000000 0.000000 0.000000 0.000000 0.000000 0.000000 0.000000 0.000000 0.000000 0.000000 0.000000 0.000000 0.000000 0.000000
0.000000 0.000000 0.349973 0.349973 0.349973 0.349973 0.349973 0.349973 0.349973 0.349973 0.349973 0.349973 0.349973 0.349973 0.349973 0.349973 0.349973 0.349973 0.349973 0.000000 0.000000
0.000000 0.000000 0.349997 0.349996 0.349996 0.349996 0.349997 0.349997 0.349997 0.349997 0.349997 0.349997 0.349997 0.349997 0.349997 0.349996 0.349996 0.349996 0.349997 0.000000 0.000000
0.000000 0.000000 0.350276 0.350276 0.350274 0.350276 0.350276 0.350276 0.350276 0.350276 0.350276 0.350276 0.350276 0.350276 0.350276 0.350276 0.350274 0.350276 0.350276 0.000000 0.000000
0.000000 0.000000 0.351081 0.351081 0.351079 0.351081 0.351081 0.351081 0.351081 0.351081 0.351081 0.351081 0.351081 0.351081 0.351081 0.351081 0.351079 0.351081 0.351081 0.000000 0.000000
0.000000 0.000000 0.351852 0.351852 0.351850 0.351852 0.351852 0.351852 0.351852 0.351852 0.351852 0.351852 0.351852 0.351852 0.351852 0.351852 0.351850 0.351852 0.351852 0.000000 0.000000
0.000000 0.000000 0.352568 0.352568 0.352567 0.352568 0.352568 0.352568 0.352568 0.352568 0.352568 0.352568 0.352568 0.352568 0.352568 0.352568 0.352567 0.352568 0.352568 0.000000 0.000000
0.000000 0.000000 0.353231 0.353231 0.353229 0.353230 0.353231 0.353231 0.353231 0.353231 0.353231 0.353231 0.353231 0.353231 0.353231 0.353230 0.353229 0.353231 0.353231 0.000000 0.000000
0.000000 0.000000 0.353855 0.353855 0.353853 0.353855 0.353855 0.353855 0.353855 0.353855 0.353855 0.353855 0.353855 0.353855 0.353855 0.353855 0.353853 0.353855 0.353855 0.000000 0.000000
0.000000 0.000000 0.354456 0.354456 0.354455 0.354456 0.354456 0.354456 0.354456 0.354456 0.354456 0.354456 0.354456 0.354456 0.354456 0.354456 0.354455 0.354456 0.354456 0.000000 0.000000
0.000000 0.000000 0.355040 0.355040 0.355039 0.355040 0.355040 0.355040 0.355041 0.355040 0.355040 0.355040 0.355041 0.355040 0.355040 0.355040 0.355039 0.355040 0.355040 0.000000 0.000000
0.000000 0.000000 0.355612 0.355612 0.355611 0.355612 0.355612 0.355612 0.355612 0.355612 0.355612 0.355612 0.355612 0.355612 0.355612 0.355612 0.355611 0.355612 0.355612 0.000000 0.000000
0.000000 0.000000 0.356173 0.356173 0.356172 0.356173 0.356173 0.356173 0.356173 0.356173 0.356173 0.356173 0.356173 0.356173 0.356173 0.356173 0.356172 0.356173 0.356173 0.000000 0.000000
0.000000 0.000000 0.356724 0.356724 0.356722 0.356723 0.356724 0.356724 0.356724 0.356724 0.356724 0.356724 0.356724 0.356724 0.356724 0.356723 0.356722 0.356724 0.356724 0.000000 0.000000
0.000000 0.000000 0.357268 0.357268 0.357266 0.357268 0.357268 0.357268 0.357268 0.357268 0.357268 0.357268 0.357268 0.357268 0.357268 0.357268 0.357266 0.357268 0.357268 0.000000 0.000000
0.000000 0.000000 0.357810 0.357810 0.357808 0.357809 0.357810 0.357810 0.357810 0.357810 0.357810 0.357810 0.357810 0.357810 0.357810 0.357809 0.357808 0.357810 0.357810 0.000000 0.000000
0.000000 0.000000 0.358344 0.358345 0.358343 0.358344 0.358345 0.358345 0.358345 0.358345 0.358345 0.358345 0.358345 0.358345 0.358345 0.358344 0.358343 0.358345 0.358344 0.000000 0.000000
0.000000 0.000000 0.358896 0.358896 0.358895 0.358896 0.358896 0.358896 0.358896 0.358896 0.358896 0.358896 0.358896 0.358896 0.358896 0.358896 0.358895 0.358896 0.358896 0.000000 0.000000
0.000000 0.000000 0.350000 0.350000 0.350000 0.350000 0.350000 0.350000 0.350000 0.350000 0.350000 0.350000 0.350000 0.350000 0.350000 0.350000 0.350000 0.350000 0.350000 0.000000 0.000000
0.000000 0.000000 0.000000 0.000000 0.000000 0.000000 0.000000 0.000000 0.000000 0.000000 0.000000 0.000000 0.000000 0.000000 0.000000 0.000000 0.000000 0.000000 0.000000 0.000000 0.000000