geotop/1.0zi/1.0Montebello/Templates/testdem/maps/_Eocsilt3841.asc
ncols         21
nrows         20
xllcorner     100.000000
yllcorner     100.000000
cellsize      50.000000
NODATA_value  -9999.0
0.000000 0.000000 0.000000 0.000000 0.000000 0.000000 0.000000 0.000000 0.000000 0.000000 0.000000 0.000000 0.000000 0.000000 0.000000 0.000000 0.000000 0.000000 0.000000 0.000000 0.000000
0.000000 0.000000 0.350077 0.350077 0.350077 0.350077 0.350077 0.350077 0.350077 0.350077 0.350077 0.350077 0.350077 0.350077 0.350077 0.350077 0.350077 0.350077 0.350077 0.000000 0.000000
0.000000 0.000000 0.350001 0.350002 0.350002 0.350002 0.350003 0.350003 0.350003 0.350003 0.350003 0.350003 0.350003 0.350003 0.350002 0.350002 0.350001 0.350001 0.350001 0.000000 0.000000
0.000000 0.000000 0.350032 0.350031 0.350031 0.350027 0.350029 0.350026 0.350028 0.350028 0.350028 0.350028 0.350028 0.350027 0.350027 0.350030 0.350031 0.350032 0.350032 0.000000 0.000000
0.000000 0.000000 0.350374 0.350378 0.350374 0.350377 0.350375 0.350373 0.350372 0.350369 0.350369 0.350370 0.350372 0.350372 0.350372 0.350371 0.350370 0.350375 0.350377 0.000000 0.000000
0.000000 0.000000 0.351424 0.351426 0.351422 0.351414 0.351409 0.351395 0.351395 0.351390 0.351394 0.351396 0.351396 0.351398 0.351405 0.351410 0.351412 0.351412 0.351413 0.000000 0.000000
0.000000 0.000000 0.352967 0.352969 0.352965 0.352951 0.352934 0.352918 0.352919 0.352915 0.352919 0.352918 0.352920 0.352924 0.352939 0.352952 0.352955 0.352957 0.352964 0.000000 0.000000
0.000000 0.000000 0.354743 0.354741 0.354735 0.354720 0.354701 0.354683 0.354684 0.354680 0.354681 0.354681 0.354682 0.354687 0.354708 0.354723 0.354732 0.354732 0.354736 0.000000 0.000000
0.000000 0.000000 0.356527 0.356524 0.356516 0.356504 0.356486 0.356464 0.356464 0.356461 0.356461 0.356462 0.356464 0.356470 0.356489 0.356506 0.356512 0.356515 0.356522 0.000000 0.000000
0.000000 0.000000 0.358296 0.358294 0.358288 0.358274 0.358254 0.358235 0.358236 0.358234 0.358234 0.358235 0.358235 0.358239 0.358261 0.358278 0.358283 0.358284 0.358290 0.000000 0.000000
0.000000 0.000000 0.360067 0.360065 0.360058 0.360047 0.360031 0.360008 0.360009 0.360005 0.360005 0.360007 0.360008 0.360012 0.360031 0.360043 0.360050 0.360053 0.360059 0.000000 0.000000
0.000000 0.000000 0.361887 0.361884 0.361876 0.361861 0.361844 0.361822 0.361821 0.361818 0.361819 0.361818 0.361821 0.361825 0.361848 0.361863 0.361869 0.361871 0.361892 0.000000 0.000000
0.000000 0.000000 0.363716 0.363713 0.363705 0.363693 0.363673 0.363632 0.363632 0.363628 0.363628 0.363629 0.363630 0.363636 0.363673 0.363690 0.363696 0.363698 0.363712 0.000000 0.000000
0.000000 0.000000 0.365637 0.365631 0.365624 0.365612 0.365569 0.365555 0.365548 0.365545 0.365546 0.365546 0.365547 0.365553 0.365569 0.365606 0.365613 0.365620 0.365627 0.000000 0.000000
0.000000 0.000000 0.367690 0.367685 0.367670 0.367635 0.367611 0.367584 0.367571 0.367567 0.367562 0.367562 0.367567 0.367568 0.367591 0.367619 0.367657 0.367654 0.367660 0.000000 0.000000
0.000000 0.000000 0.369787 0.369782 0.369741 0.369729 0.369712 0.369696 0.369693 0.369691 0.369693 0.369693 0.369691 0.369703 0.369714 0.369727 0.369728 0.369766 0.369777 0.000000 0.000000
0.000000 0.000000 0.372094 0.372048 0.372009 0.371991 0.371959 0.371942 0.371938 0.371936 0.371931 0.371931 0.371935 0.371937 0.371951 0.371982 0.371999 0.372021 0.372068 0.000000 0.000000
0.000000 0.000000 0.373931 0.373917 0.373941 0.373918 0.373887 0.373837 0.373831 0.373826 0.373827 0.373827 0.373828 0.373837 0.373883 0.373912 0.373941 0.373898 0.373921 0.000000 0.000000
0.000000 0.000000 0.350000 0.350000 0.350000 0.350000 0.350000 0.350000 0.350000 0.350000 0.350000 0.350000 0.350000 0.350000 0.350000 0.350000 0.350000 0.350000 0.350000 0.000000 0.000000
0.000000 0.000000 0.000000 0.000000 0.000000 0.000000 0.000000 0.000000 0.000000 0.000000 0.000000 0.000000 0.000000 0.000000 0.000000 0.000000 0.000000 0.000000 0.000000 0.000000 0.000000