geotop/1.0zi/1.0Montebello/Templates/testdem/maps/_Eocsilt8237.asc
ncols         21
nrows         20
xllcorner     100.000000
yllcorner     100.000000
cellsize      50.000000
NODATA_value  -9999.0
0.000000 0.000000 0.000000 0.000000 0.000000 0.000000 0.000000 0.000000 0.000000 0.000000 0.000000 0.000000 0.000000 0.000000 0.000000 0.000000 0.000000 0.000000 0.000000 0.000000 0.000000
0.000000 0.000000 0.350172 0.350172 0.350172 0.350173 0.350172 0.350172 0.350172 0.350172 0.350173 0.350172 0.350172 0.350172 0.350172 0.350172 0.350173 0.350173 0.350172 0.000000 0.000000
0.000000 0.000000 0.350005 0.350005 0.350005 0.350005 0.350006 0.350006 0.350006 0.350006 0.350006 0.350006 0.350006 0.350006 0.350006 0.350005 0.350004 0.350004 0.350005 0.000000 0.000000
0.000000 0.000000 0.350102 0.350099 0.350097 0.350091 0.350092 0.350087 0.350090 0.350090 0.350087 0.350089 0.350089 0.350089 0.350092 0.350095 0.350098 0.350098 0.350100 0.000000 0.000000
0.000000 0.000000 0.351045 0.351052 0.351046 0.351035 0.351029 0.351021 0.351018 0.351016 0.351015 0.351016 0.351017 0.351019 0.351032 0.351037 0.351040 0.351050 0.351052 0.000000 0.000000
0.000000 0.000000 0.353812 0.353813 0.353803 0.353787 0.353768 0.353745 0.353743 0.353738 0.353742 0.353743 0.353744 0.353743 0.353755 0.353769 0.353782 0.353791 0.353796 0.000000 0.000000
0.000000 0.000000 0.357763 0.357759 0.357748 0.357722 0.357689 0.357653 0.357654 0.357650 0.357651 0.357649 0.357646 0.357652 0.357682 0.357710 0.357728 0.357743 0.357751 0.000000 0.000000
0.000000 0.000000 0.362435 0.362433 0.362426 0.362398 0.362367 0.362327 0.362327 0.362323 0.362322 0.362318 0.362317 0.362323 0.362357 0.362386 0.362413 0.362420 0.362433 0.000000 0.000000
0.000000 0.000000 0.367467 0.367458 0.367443 0.367424 0.367391 0.367346 0.367347 0.367338 0.367336 0.367334 0.367335 0.367334 0.367378 0.367413 0.367434 0.367446 0.367457 0.000000 0.000000
0.000000 0.000000 0.372781 0.372772 0.372763 0.372745 0.372697 0.372657 0.372656 0.372652 0.372646 0.372649 0.372654 0.372652 0.372689 0.372729 0.372754 0.372762 0.372771 0.000000 0.000000
0.000000 0.000000 0.378538 0.378532 0.378523 0.378481 0.378448 0.378401 0.378410 0.378385 0.378389 0.378388 0.378378 0.378395 0.378429 0.378454 0.378486 0.378503 0.378525 0.000000 0.000000
0.000000 0.000000 0.384941 0.384924 0.384904 0.384879 0.384841 0.384781 0.384776 0.384770 0.384784 0.384763 0.384770 0.384773 0.384835 0.384866 0.384888 0.384900 0.384954 0.000000 0.000000
0.000000 0.000000 0.391869 0.391853 0.391846 0.391808 0.391774 0.391619 0.391616 0.391607 0.391566 0.391588 0.391597 0.391611 0.391729 0.391761 0.391820 0.391827 0.391853 0.000000 0.000000
0.000000 0.000000 0.399999 0.399995 0.399962 0.399936 0.399741 0.399757 0.399716 0.399717 0.399730 0.399718 0.399712 0.399703 0.399684 0.399887 0.399919 0.399973 0.400011 0.000000 0.000000
0.000000 0.000000 0.409575 0.409557 0.409519 0.409271 0.409294 0.409169 0.409114 0.409101 0.409059 0.409029 0.409057 0.409052 0.409173 0.409164 0.409492 0.409442 0.409449 0.000000 0.000000
0.000000 0.000000 0.420028 0.420013 0.419657 0.419756 0.419729 0.419697 0.419829 0.419788 0.419859 0.419834 0.419775 0.419864 0.419870 0.419891 0.419628 0.420144 0.420137 0.000000 0.000000
0.000000 0.000000 0.432840 0.432292 0.432409 0.432203 0.431928 0.431848 0.431695 0.431731 0.431567 0.431582 0.431676 0.431583 0.431722 0.431925 0.432392 0.432090 0.432663 0.000000 0.000000
0.000000 0.000000 0.437489 0.437989 0.438444 0.438448 0.438470 0.438032 0.438105 0.437976 0.438186 0.438143 0.438111 0.438183 0.438547 0.438531 0.438530 0.438176 0.437688 0.000000 0.000000
0.000000 0.000000 0.350000 0.350000 0.350000 0.350000 0.350000 0.350000 0.350000 0.350000 0.350000 0.350000 0.350000 0.350000 0.350000 0.350000 0.350000 0.350000 0.350000 0.000000 0.000000
0.000000 0.000000 0.000000 0.000000 0.000000 0.000000 0.000000 0.000000 0.000000 0.000000 0.000000 0.000000 0.000000 0.000000 0.000000 0.000000 0.000000 0.000000 0.000000 0.000000 0.000000