geotop/1.0zi/1.0Montebello/Templates/testdem/maps/_Eocclay9922.asc
ncols         21
nrows         20
xllcorner     100.000000
yllcorner     100.000000
cellsize      50.000000
NODATA_value  -9999.0
0.000000 0.000000 0.000000 0.000000 0.000000 0.000000 0.000000 0.000000 0.000000 0.000000 0.000000 0.000000 0.000000 0.000000 0.000000 0.000000 0.000000 0.000000 0.000000 0.000000 0.000000
0.000000 0.000000 0.349543 0.349546 0.349546 0.349544 0.349547 0.349547 0.349546 0.349546 0.349545 0.349546 0.349546 0.349546 0.349546 0.349546 0.349544 0.349545 0.349546 0.000000 0.000000
0.000000 0.000000 0.349981 0.349980 0.349980 0.349982 0.349979 0.349979 0.349980 0.349979 0.349979 0.349980 0.349979 0.349979 0.349980 0.349981 0.349981 0.349981 0.349979 0.000000 0.000000
0.000000 0.000000 0.350039 0.350044 0.350042 0.350037 0.350039 0.350038 0.350043 0.350040 0.350043 0.350041 0.350041 0.350040 0.350043 0.350046 0.350044 0.350046 0.350043 0.000000 0.000000
0.000000 0.000000 0.351498 0.351492 0.351485 0.351472 0.351454 0.351451 0.351448 0.351451 0.351448 0.351452 0.351452 0.351454 0.351464 0.351469 0.351480 0.351483 0.351492 0.000000 0.000000
0.000000 0.000000 0.355504 0.355499 0.355475 0.355435 0.355404 0.355372 0.355377 0.355372 0.355370 0.355370 0.355376 0.355374 0.355391 0.355423 0.355438 0.355451 0.355456 0.000000 0.000000
0.000000 0.000000 0.360904 0.360892 0.360877 0.360838 0.360797 0.360737 0.360738 0.360733 0.360727 0.360728 0.360729 0.360729 0.360779 0.360814 0.360834 0.360847 0.360855 0.000000 0.000000
0.000000 0.000000 0.367324 0.367310 0.367292 0.367243 0.367197 0.367143 0.367144 0.367139 0.367131 0.367128 0.367126 0.367136 0.367181 0.367218 0.367252 0.367261 0.367275 0.000000 0.000000
0.000000 0.000000 0.374384 0.374365 0.374339 0.374301 0.374249 0.374186 0.374193 0.374182 0.374171 0.374169 0.374171 0.374168 0.374231 0.374276 0.374302 0.374313 0.374325 0.000000 0.000000
0.000000 0.000000 0.382248 0.382220 0.382199 0.382157 0.382099 0.382032 0.382033 0.382027 0.382010 0.382016 0.382024 0.382020 0.382071 0.382131 0.382163 0.382175 0.382181 0.000000 0.000000
0.000000 0.000000 0.391281 0.391258 0.391237 0.391147 0.391119 0.391030 0.391048 0.391007 0.391007 0.391000 0.390986 0.391009 0.391067 0.391105 0.391150 0.391165 0.391204 0.000000 0.000000
0.000000 0.000000 0.401910 0.401862 0.401807 0.401762 0.401714 0.401600 0.401598 0.401596 0.401605 0.401565 0.401584 0.401576 0.401681 0.401741 0.401764 0.401778 0.401856 0.000000 0.000000
0.000000 0.000000 0.413986 0.413941 0.413928 0.413839 0.413780 0.413474 0.413469 0.413452 0.413339 0.413406 0.413411 0.413437 0.413667 0.413717 0.413829 0.413834 0.413850 0.000000 0.000000
0.000000 0.000000 0.429036 0.429017 0.428913 0.428851 0.428417 0.428581 0.428488 0.428492 0.428552 0.428486 0.428478 0.428428 0.428282 0.428757 0.428769 0.428880 0.428945 0.000000 0.000000
0.000000 0.000000 0.445931 0.445879 0.445799 0.445242 0.445499 0.445146 0.445073 0.445040 0.444903 0.444868 0.444928 0.444936 0.445247 0.445003 0.445721 0.445547 0.445517 0.000000 0.000000
0.000000 0.000000 0.460466 0.460438 0.459871 0.460182 0.460071 0.460106 0.460359 0.460295 0.460429 0.460408 0.460298 0.460431 0.460344 0.460448 0.459782 0.460655 0.460643 0.000000 0.000000
0.000000 0.000000 0.472735 0.472309 0.472425 0.472245 0.472022 0.471968 0.471837 0.471868 0.471726 0.471743 0.471822 0.471739 0.471838 0.472006 0.472386 0.472105 0.472547 0.000000 0.000000
0.000000 0.000000 0.477607 0.477720 0.477981 0.477919 0.477863 0.477627 0.477630 0.477575 0.477638 0.477621 0.477627 0.477639 0.477846 0.477891 0.477994 0.477730 0.477619 0.000000 0.000000
0.000000 0.000000 0.350000 0.350000 0.350000 0.350000 0.350000 0.350000 0.350000 0.350000 0.350000 0.350000 0.350000 0.350000 0.350000 0.350000 0.350000 0.350000 0.350000 0.000000 0.000000
0.000000 0.000000 0.000000 0.000000 0.000000 0.000000 0.000000 0.000000 0.000000 0.000000 0.000000 0.000000 0.000000 0.000000 0.000000 0.000000 0.000000 0.000000 0.000000 0.000000 0.000000