geotop/1.0zi/1.0Montebello/Templates/testdem/maps/_Eocsilt7899.asc
ncols         21
nrows         20
xllcorner     100.000000
yllcorner     100.000000
cellsize      50.000000
NODATA_value  -9999.0
0.000000 0.000000 0.000000 0.000000 0.000000 0.000000 0.000000 0.000000 0.000000 0.000000 0.000000 0.000000 0.000000 0.000000 0.000000 0.000000 0.000000 0.000000 0.000000 0.000000 0.000000
0.000000 0.000000 0.350164 0.350164 0.350164 0.350165 0.350164 0.350164 0.350164 0.350164 0.350164 0.350164 0.350164 0.350164 0.350164 0.350164 0.350165 0.350164 0.350164 0.000000 0.000000
0.000000 0.000000 0.350005 0.350005 0.350004 0.350004 0.350005 0.350005 0.350005 0.350005 0.350006 0.350006 0.350006 0.350006 0.350005 0.350005 0.350003 0.350003 0.350004 0.000000 0.000000
0.000000 0.000000 0.350103 0.350099 0.350098 0.350091 0.350093 0.350088 0.350090 0.350091 0.350087 0.350090 0.350090 0.350090 0.350092 0.350095 0.350099 0.350099 0.350100 0.000000 0.000000
0.000000 0.000000 0.351005 0.351010 0.351006 0.350995 0.350988 0.350981 0.350977 0.350976 0.350975 0.350976 0.350977 0.350979 0.350992 0.350997 0.351000 0.351010 0.351013 0.000000 0.000000
0.000000 0.000000 0.353599 0.353599 0.353588 0.353572 0.353553 0.353531 0.353531 0.353525 0.353528 0.353529 0.353530 0.353529 0.353541 0.353554 0.353566 0.353574 0.353579 0.000000 0.000000
0.000000 0.000000 0.357300 0.357295 0.357284 0.357258 0.357226 0.357192 0.357193 0.357189 0.357190 0.357188 0.357185 0.357190 0.357220 0.357246 0.357263 0.357278 0.357286 0.000000 0.000000
0.000000 0.000000 0.361687 0.361684 0.361678 0.361650 0.361620 0.361583 0.361582 0.361578 0.361577 0.361574 0.361572 0.361578 0.361611 0.361638 0.361664 0.361671 0.361683 0.000000 0.000000
0.000000 0.000000 0.366392 0.366383 0.366368 0.366349 0.366318 0.366275 0.366277 0.366267 0.366265 0.366263 0.366265 0.366263 0.366305 0.366338 0.366359 0.366370 0.366380 0.000000 0.000000
0.000000 0.000000 0.371320 0.371311 0.371303 0.371284 0.371239 0.371201 0.371202 0.371197 0.371191 0.371194 0.371199 0.371197 0.371231 0.371270 0.371293 0.371301 0.371308 0.000000 0.000000
0.000000 0.000000 0.376616 0.376609 0.376600 0.376560 0.376529 0.376485 0.376495 0.376471 0.376474 0.376472 0.376464 0.376479 0.376511 0.376535 0.376564 0.376581 0.376600 0.000000 0.000000
0.000000 0.000000 0.382455 0.382438 0.382419 0.382394 0.382359 0.382304 0.382300 0.382293 0.382306 0.382287 0.382292 0.382296 0.382353 0.382381 0.382402 0.382413 0.382463 0.000000 0.000000
0.000000 0.000000 0.388719 0.388702 0.388694 0.388659 0.388628 0.388489 0.388487 0.388478 0.388443 0.388460 0.388468 0.388481 0.388588 0.388616 0.388669 0.388676 0.388701 0.000000 0.000000
0.000000 0.000000 0.395982 0.395975 0.395946 0.395921 0.395752 0.395758 0.395723 0.395723 0.395731 0.395721 0.395717 0.395710 0.395700 0.395875 0.395906 0.395953 0.395987 0.000000 0.000000
0.000000 0.000000 0.404466 0.404449 0.404413 0.404202 0.404210 0.404105 0.404055 0.404043 0.404008 0.403981 0.404005 0.404000 0.404102 0.404108 0.404386 0.404347 0.404355 0.000000 0.000000
0.000000 0.000000 0.413760 0.413744 0.413443 0.413507 0.413486 0.413450 0.413556 0.413520 0.413575 0.413551 0.413504 0.413578 0.413592 0.413609 0.413415 0.413840 0.413834 0.000000 0.000000
0.000000 0.000000 0.425249 0.424775 0.424841 0.424670 0.424433 0.424362 0.424246 0.424271 0.424137 0.424146 0.424221 0.424151 0.424270 0.424445 0.424822 0.424612 0.425100 0.000000 0.000000
0.000000 0.000000 0.430124 0.430527 0.430941 0.430927 0.430925 0.430529 0.430582 0.430470 0.430642 0.430605 0.430584 0.430641 0.430978 0.430979 0.431015 0.430675 0.430282 0.000000 0.000000
0.000000 0.000000 0.350000 0.350000 0.350000 0.350000 0.350000 0.350000 0.350000 0.350000 0.350000 0.350000 0.350000 0.350000 0.350000 0.350000 0.350000 0.350000 0.350000 0.000000 0.000000
0.000000 0.000000 0.000000 0.000000 0.000000 0.000000 0.000000 0.000000 0.000000 0.000000 0.000000 0.000000 0.000000 0.000000 0.000000 0.000000 0.000000 0.000000 0.000000 0.000000 0.000000