geotop/1.0zi/1.0Montebello/Templates/testdem/maps/_Eocclay4690.asc
ncols         21
nrows         20
xllcorner     100.000000
yllcorner     100.000000
cellsize      50.000000
NODATA_value  -9999.0
0.000000 0.000000 0.000000 0.000000 0.000000 0.000000 0.000000 0.000000 0.000000 0.000000 0.000000 0.000000 0.000000 0.000000 0.000000 0.000000 0.000000 0.000000 0.000000 0.000000 0.000000
0.000000 0.000000 0.349789 0.349790 0.349790 0.349790 0.349790 0.349790 0.349790 0.349790 0.349790 0.349790 0.349790 0.349790 0.349790 0.349790 0.349789 0.349789 0.349789 0.000000 0.000000
0.000000 0.000000 0.349992 0.349992 0.349992 0.349992 0.349992 0.349992 0.349992 0.349992 0.349992 0.349991 0.349992 0.349992 0.349992 0.349992 0.349992 0.349992 0.349992 0.000000 0.000000
0.000000 0.000000 0.349992 0.349994 0.349992 0.349993 0.349994 0.349994 0.349994 0.349993 0.349994 0.349993 0.349993 0.349992 0.349994 0.349996 0.349994 0.349995 0.349993 0.000000 0.000000
0.000000 0.000000 0.350338 0.350337 0.350336 0.350331 0.350323 0.350321 0.350321 0.350320 0.350320 0.350322 0.350319 0.350320 0.350325 0.350324 0.350328 0.350329 0.350332 0.000000 0.000000
0.000000 0.000000 0.351596 0.351600 0.351594 0.351578 0.351574 0.351560 0.351559 0.351554 0.351559 0.351559 0.351563 0.351564 0.351566 0.351575 0.351580 0.351588 0.351593 0.000000 0.000000
0.000000 0.000000 0.353475 0.353472 0.353469 0.353455 0.353440 0.353419 0.353419 0.353414 0.353418 0.353418 0.353420 0.353420 0.353435 0.353453 0.353461 0.353468 0.353474 0.000000 0.000000
0.000000 0.000000 0.355686 0.355685 0.355683 0.355667 0.355650 0.355629 0.355630 0.355626 0.355628 0.355628 0.355626 0.355628 0.355647 0.355663 0.355672 0.355677 0.355684 0.000000 0.000000
0.000000 0.000000 0.357895 0.357893 0.357889 0.357878 0.357863 0.357841 0.357843 0.357839 0.357839 0.357841 0.357838 0.357840 0.357857 0.357876 0.357883 0.357887 0.357895 0.000000 0.000000
0.000000 0.000000 0.360115 0.360110 0.360108 0.360096 0.360078 0.360058 0.360061 0.360057 0.360058 0.360059 0.360056 0.360056 0.360075 0.360095 0.360102 0.360106 0.360113 0.000000 0.000000
0.000000 0.000000 0.362378 0.362374 0.362371 0.362363 0.362349 0.362325 0.362327 0.362321 0.362322 0.362324 0.362321 0.362321 0.362338 0.362352 0.362362 0.362367 0.362375 0.000000 0.000000
0.000000 0.000000 0.364720 0.364717 0.364712 0.364698 0.364684 0.364661 0.364661 0.364657 0.364658 0.364657 0.364656 0.364655 0.364676 0.364694 0.364703 0.364707 0.364731 0.000000 0.000000
0.000000 0.000000 0.367097 0.367093 0.367088 0.367078 0.367060 0.367012 0.367013 0.367008 0.367008 0.367009 0.367006 0.367007 0.367049 0.367069 0.367079 0.367083 0.367098 0.000000 0.000000
0.000000 0.000000 0.369620 0.369612 0.369610 0.369599 0.369549 0.369536 0.369529 0.369525 0.369526 0.369527 0.369523 0.369523 0.369537 0.369587 0.369597 0.369607 0.369616 0.000000 0.000000
0.000000 0.000000 0.372348 0.372342 0.372330 0.372287 0.372263 0.372232 0.372216 0.372211 0.372205 0.372205 0.372206 0.372202 0.372225 0.372260 0.372314 0.372312 0.372320 0.000000 0.000000
0.000000 0.000000 0.375170 0.375164 0.375111 0.375102 0.375087 0.375072 0.375070 0.375069 0.375072 0.375072 0.375064 0.375074 0.375081 0.375096 0.375096 0.375155 0.375170 0.000000 0.000000
0.000000 0.000000 0.378319 0.378248 0.378205 0.378185 0.378148 0.378128 0.378123 0.378120 0.378113 0.378114 0.378114 0.378108 0.378123 0.378166 0.378194 0.378222 0.378294 0.000000 0.000000
0.000000 0.000000 0.380761 0.380748 0.380795 0.380769 0.380737 0.380666 0.380660 0.380652 0.380656 0.380656 0.380651 0.380656 0.380720 0.380756 0.380796 0.380735 0.380763 0.000000 0.000000
0.000000 0.000000 0.350000 0.350000 0.350000 0.350000 0.350000 0.350000 0.350000 0.350000 0.350000 0.350000 0.350000 0.350000 0.350000 0.350000 0.350000 0.350000 0.350000 0.000000 0.000000
0.000000 0.000000 0.000000 0.000000 0.000000 0.000000 0.000000 0.000000 0.000000 0.000000 0.000000 0.000000 0.000000 0.000000 0.000000 0.000000 0.000000 0.000000 0.000000 0.000000 0.000000