geotop/1.0zi/1.0Montebello/Templates/testdem/maps/_Eocsand2705.asc
ncols         21
nrows         20
xllcorner     100.000000
yllcorner     100.000000
cellsize      50.000000
NODATA_value  -9999.0
0.000000 0.000000 0.000000 0.000000 0.000000 0.000000 0.000000 0.000000 0.000000 0.000000 0.000000 0.000000 0.000000 0.000000 0.000000 0.000000 0.000000 0.000000 0.000000 0.000000 0.000000
0.000000 0.000000 0.300082 0.300082 0.300082 0.300082 0.300082 0.300082 0.300082 0.300082 0.300083 0.300082 0.300082 0.300082 0.300082 0.300082 0.300082 0.300082 0.300082 0.000000 0.000000
0.000000 0.000000 0.300012 0.300012 0.300012 0.300011 0.300012 0.300012 0.300012 0.300012 0.300010 0.300012 0.300012 0.300012 0.300012 0.300011 0.300012 0.300012 0.300012 0.000000 0.000000
0.000000 0.000000 0.298263 0.298263 0.298268 0.298266 0.298262 0.298263 0.298263 0.298262 0.298262 0.298262 0.298263 0.298263 0.298262 0.298266 0.298268 0.298263 0.298263 0.000000 0.000000
0.000000 0.000000 0.290841 0.290842 0.290846 0.290846 0.290840 0.290842 0.290841 0.290839 0.290838 0.290839 0.290841 0.290842 0.290840 0.290846 0.290846 0.290842 0.290841 0.000000 0.000000
0.000000 0.000000 0.281764 0.281766 0.281768 0.281768 0.281763 0.281765 0.281765 0.281763 0.281762 0.281763 0.281765 0.281765 0.281763 0.281768 0.281768 0.281766 0.281764 0.000000 0.000000
0.000000 0.000000 0.273295 0.273296 0.273299 0.273298 0.273295 0.273296 0.273296 0.273294 0.273293 0.273294 0.273296 0.273296 0.273295 0.273298 0.273299 0.273296 0.273295 0.000000 0.000000
0.000000 0.000000 0.265552 0.265553 0.265556 0.265555 0.265552 0.265553 0.265553 0.265551 0.265551 0.265551 0.265553 0.265553 0.265552 0.265555 0.265556 0.265553 0.265552 0.000000 0.000000
0.000000 0.000000 0.258348 0.258349 0.258351 0.258351 0.258348 0.258349 0.258349 0.258347 0.258347 0.258347 0.258349 0.258349 0.258348 0.258351 0.258351 0.258349 0.258348 0.000000 0.000000
0.000000 0.000000 0.251519 0.251520 0.251522 0.251521 0.251518 0.251519 0.251519 0.251518 0.251517 0.251518 0.251519 0.251519 0.251518 0.251521 0.251522 0.251520 0.251519 0.000000 0.000000
0.000000 0.000000 0.244982 0.244983 0.244985 0.244984 0.244982 0.244983 0.244983 0.244981 0.244981 0.244981 0.244983 0.244983 0.244982 0.244984 0.244985 0.244983 0.244982 0.000000 0.000000
0.000000 0.000000 0.238676 0.238676 0.238679 0.238678 0.238675 0.238676 0.238676 0.238675 0.238674 0.238675 0.238676 0.238676 0.238675 0.238678 0.238679 0.238676 0.238676 0.000000 0.000000
0.000000 0.000000 0.232552 0.232553 0.232555 0.232554 0.232552 0.232552 0.232552 0.232551 0.232551 0.232551 0.232552 0.232552 0.232552 0.232554 0.232555 0.232553 0.232552 0.000000 0.000000
0.000000 0.000000 0.226581 0.226581 0.226583 0.226582 0.226580 0.226581 0.226581 0.226580 0.226579 0.226580 0.226581 0.226581 0.226580 0.226582 0.226583 0.226581 0.226581 0.000000 0.000000
0.000000 0.000000 0.220745 0.220746 0.220748 0.220747 0.220745 0.220746 0.220745 0.220744 0.220744 0.220744 0.220745 0.220746 0.220745 0.220747 0.220748 0.220746 0.220745 0.000000 0.000000
0.000000 0.000000 0.215034 0.215034 0.215036 0.215035 0.215033 0.215034 0.215034 0.215033 0.215032 0.215033 0.215034 0.215034 0.215033 0.215035 0.215036 0.215034 0.215034 0.000000 0.000000
0.000000 0.000000 0.209439 0.209439 0.209441 0.209440 0.209438 0.209439 0.209439 0.209438 0.209437 0.209438 0.209439 0.209439 0.209438 0.209440 0.209441 0.209439 0.209439 0.000000 0.000000
0.000000 0.000000 0.203879 0.203879 0.203881 0.203880 0.203878 0.203879 0.203879 0.203878 0.203877 0.203878 0.203879 0.203879 0.203878 0.203880 0.203881 0.203879 0.203878 0.000000 0.000000
0.000000 0.000000 0.300000 0.300000 0.300000 0.300000 0.300000 0.300000 0.300000 0.300000 0.300000 0.300000 0.300000 0.300000 0.300000 0.300000 0.300000 0.300000 0.300000 0.000000 0.000000
0.000000 0.000000 0.000000 0.000000 0.000000 0.000000 0.000000 0.000000 0.000000 0.000000 0.000000 0.000000 0.000000 0.000000 0.000000 0.000000 0.000000 0.000000 0.000000 0.000000 0.000000