geotop/1.0zi/1.0Montebello/Templates/testdem/maps/_Eocsand3447.asc
ncols         21
nrows         20
xllcorner     100.000000
yllcorner     100.000000
cellsize      50.000000
NODATA_value  -9999.0
0.000000 0.000000 0.000000 0.000000 0.000000 0.000000 0.000000 0.000000 0.000000 0.000000 0.000000 0.000000 0.000000 0.000000 0.000000 0.000000 0.000000 0.000000 0.000000 0.000000 0.000000
0.000000 0.000000 0.300092 0.300092 0.300092 0.300092 0.300092 0.300092 0.300092 0.300092 0.300093 0.300092 0.300092 0.300092 0.300092 0.300092 0.300092 0.300092 0.300092 0.000000 0.000000
0.000000 0.000000 0.300010 0.300011 0.300011 0.300010 0.300011 0.300010 0.300010 0.300011 0.300009 0.300011 0.300010 0.300010 0.300011 0.300010 0.300011 0.300011 0.300010 0.000000 0.000000
0.000000 0.000000 0.297325 0.297326 0.297331 0.297329 0.297326 0.297326 0.297326 0.297326 0.297325 0.297326 0.297326 0.297326 0.297326 0.297329 0.297331 0.297326 0.297325 0.000000 0.000000
0.000000 0.000000 0.287103 0.287104 0.287108 0.287108 0.287102 0.287104 0.287104 0.287101 0.287100 0.287101 0.287104 0.287104 0.287102 0.287108 0.287108 0.287104 0.287103 0.000000 0.000000
0.000000 0.000000 0.275218 0.275219 0.275222 0.275222 0.275217 0.275219 0.275219 0.275217 0.275216 0.275217 0.275219 0.275219 0.275217 0.275222 0.275222 0.275219 0.275218 0.000000 0.000000
0.000000 0.000000 0.264277 0.264277 0.264280 0.264280 0.264276 0.264277 0.264277 0.264276 0.264275 0.264276 0.264277 0.264277 0.264276 0.264280 0.264280 0.264277 0.264277 0.000000 0.000000
0.000000 0.000000 0.254361 0.254361 0.254364 0.254363 0.254360 0.254361 0.254361 0.254360 0.254359 0.254360 0.254361 0.254361 0.254360 0.254363 0.254364 0.254361 0.254361 0.000000 0.000000
0.000000 0.000000 0.245211 0.245212 0.245215 0.245214 0.245211 0.245212 0.245212 0.245211 0.245210 0.245211 0.245212 0.245212 0.245211 0.245214 0.245215 0.245212 0.245211 0.000000 0.000000
0.000000 0.000000 0.236615 0.236615 0.236618 0.236617 0.236614 0.236615 0.236615 0.236614 0.236613 0.236614 0.236615 0.236615 0.236614 0.236617 0.236618 0.236615 0.236615 0.000000 0.000000
0.000000 0.000000 0.228459 0.228459 0.228462 0.228461 0.228458 0.228459 0.228459 0.228458 0.228457 0.228458 0.228459 0.228459 0.228458 0.228461 0.228462 0.228459 0.228459 0.000000 0.000000
0.000000 0.000000 0.220665 0.220666 0.220668 0.220667 0.220665 0.220666 0.220666 0.220665 0.220664 0.220665 0.220666 0.220666 0.220665 0.220667 0.220668 0.220666 0.220665 0.000000 0.000000
0.000000 0.000000 0.213175 0.213175 0.213178 0.213177 0.213174 0.213175 0.213175 0.213174 0.213173 0.213174 0.213175 0.213175 0.213174 0.213177 0.213178 0.213175 0.213175 0.000000 0.000000
0.000000 0.000000 0.205930 0.205930 0.205932 0.205931 0.205929 0.205930 0.205930 0.205929 0.205928 0.205929 0.205930 0.205930 0.205929 0.205931 0.205932 0.205930 0.205930 0.000000 0.000000
0.000000 0.000000 0.198908 0.198908 0.198910 0.198909 0.198907 0.198908 0.198908 0.198907 0.198906 0.198907 0.198908 0.198908 0.198907 0.198909 0.198910 0.198908 0.198908 0.000000 0.000000
0.000000 0.000000 0.192099 0.192099 0.192101 0.192100 0.192098 0.192099 0.192099 0.192098 0.192097 0.192098 0.192099 0.192099 0.192098 0.192100 0.192101 0.192099 0.192099 0.000000 0.000000
0.000000 0.000000 0.185479 0.185479 0.185481 0.185480 0.185478 0.185479 0.185479 0.185478 0.185477 0.185478 0.185479 0.185479 0.185478 0.185480 0.185481 0.185479 0.185479 0.000000 0.000000
0.000000 0.000000 0.178935 0.178934 0.178936 0.178936 0.178933 0.178934 0.178934 0.178933 0.178933 0.178933 0.178934 0.178934 0.178933 0.178936 0.178936 0.178934 0.178934 0.000000 0.000000
0.000000 0.000000 0.300000 0.300000 0.300000 0.300000 0.300000 0.300000 0.300000 0.300000 0.300000 0.300000 0.300000 0.300000 0.300000 0.300000 0.300000 0.300000 0.300000 0.000000 0.000000
0.000000 0.000000 0.000000 0.000000 0.000000 0.000000 0.000000 0.000000 0.000000 0.000000 0.000000 0.000000 0.000000 0.000000 0.000000 0.000000 0.000000 0.000000 0.000000 0.000000 0.000000