geotop/1.0zi/1.0Montebello/Templates/testdem/maps/_Eocsand5519.asc
ncols         21
nrows         20
xllcorner     100.000000
yllcorner     100.000000
cellsize      50.000000
NODATA_value  -9999.0
0.000000 0.000000 0.000000 0.000000 0.000000 0.000000 0.000000 0.000000 0.000000 0.000000 0.000000 0.000000 0.000000 0.000000 0.000000 0.000000 0.000000 0.000000 0.000000 0.000000 0.000000
0.000000 0.000000 0.300139 0.300139 0.300139 0.300138 0.300138 0.300138 0.300139 0.300139 0.300139 0.300139 0.300139 0.300139 0.300138 0.300138 0.300139 0.300139 0.300139 0.000000 0.000000
0.000000 0.000000 0.300009 0.300008 0.300008 0.300008 0.300008 0.300008 0.300007 0.300008 0.300008 0.300008 0.300007 0.300007 0.300007 0.300008 0.300009 0.300009 0.300009 0.000000 0.000000
0.000000 0.000000 0.299966 0.299965 0.299968 0.299972 0.299969 0.299971 0.299969 0.299970 0.299969 0.299972 0.299971 0.299972 0.299968 0.299964 0.299965 0.299963 0.299965 0.000000 0.000000
0.000000 0.000000 0.299069 0.299067 0.299068 0.299076 0.299090 0.299099 0.299098 0.299099 0.299103 0.299100 0.299104 0.299103 0.299092 0.299091 0.299086 0.299074 0.299068 0.000000 0.000000
0.000000 0.000000 0.296135 0.296130 0.296139 0.296171 0.296187 0.296220 0.296222 0.296230 0.296222 0.296220 0.296216 0.296219 0.296211 0.296194 0.296180 0.296164 0.296155 0.000000 0.000000
0.000000 0.000000 0.291722 0.291726 0.291731 0.291764 0.291804 0.291853 0.291851 0.291858 0.291853 0.291851 0.291854 0.291853 0.291820 0.291783 0.291767 0.291749 0.291737 0.000000 0.000000
0.000000 0.000000 0.286363 0.286363 0.286363 0.286399 0.286438 0.286490 0.286489 0.286495 0.286494 0.286494 0.286498 0.286492 0.286454 0.286420 0.286391 0.286383 0.286365 0.000000 0.000000
0.000000 0.000000 0.280850 0.280858 0.280870 0.280890 0.280929 0.280985 0.280981 0.280991 0.280995 0.280993 0.280993 0.280998 0.280949 0.280911 0.280885 0.280877 0.280861 0.000000 0.000000
0.000000 0.000000 0.275315 0.275325 0.275328 0.275342 0.275397 0.275446 0.275442 0.275449 0.275456 0.275448 0.275442 0.275449 0.275411 0.275367 0.275340 0.275336 0.275325 0.000000 0.000000
0.000000 0.000000 0.269618 0.269624 0.269624 0.269663 0.269700 0.269755 0.269742 0.269769 0.269767 0.269764 0.269772 0.269759 0.269729 0.269701 0.269672 0.269655 0.269632 0.000000 0.000000
0.000000 0.000000 0.263659 0.263673 0.263686 0.263713 0.263745 0.263811 0.263807 0.263823 0.263806 0.263822 0.263820 0.263815 0.263760 0.263735 0.263715 0.263706 0.263644 0.000000 0.000000
0.000000 0.000000 0.257562 0.257575 0.257578 0.257608 0.257638 0.257766 0.257766 0.257778 0.257804 0.257789 0.257780 0.257771 0.257680 0.257657 0.257611 0.257606 0.257562 0.000000 0.000000
0.000000 0.000000 0.250971 0.250980 0.250994 0.251013 0.251135 0.251169 0.251197 0.251199 0.251209 0.251204 0.251203 0.251208 0.251194 0.251075 0.251035 0.251004 0.250960 0.000000 0.000000
0.000000 0.000000 0.243746 0.243756 0.243781 0.243904 0.243946 0.244019 0.244069 0.244076 0.244100 0.244113 0.244099 0.244111 0.244059 0.243999 0.243820 0.243833 0.243806 0.000000 0.000000
0.000000 0.000000 0.236128 0.236137 0.236296 0.236327 0.236336 0.236385 0.236354 0.236375 0.236361 0.236380 0.236399 0.236368 0.236341 0.236325 0.236332 0.236127 0.236120 0.000000 0.000000
0.000000 0.000000 0.227465 0.227681 0.227760 0.227823 0.227926 0.227979 0.227995 0.228000 0.228046 0.228053 0.228035 0.228043 0.227986 0.227910 0.227788 0.227730 0.227513 0.000000 0.000000
0.000000 0.000000 0.221041 0.221043 0.220852 0.220906 0.220992 0.221195 0.221200 0.221246 0.221219 0.221232 0.221217 0.221214 0.221030 0.220971 0.220830 0.221027 0.221013 0.000000 0.000000
0.000000 0.000000 0.300000 0.300000 0.300000 0.300000 0.300000 0.300000 0.300000 0.300000 0.300000 0.300000 0.300000 0.300000 0.300000 0.300000 0.300000 0.300000 0.300000 0.000000 0.000000
0.000000 0.000000 0.000000 0.000000 0.000000 0.000000 0.000000 0.000000 0.000000 0.000000 0.000000 0.000000 0.000000 0.000000 0.000000 0.000000 0.000000 0.000000 0.000000 0.000000 0.000000