geotop/1.0zi/1.0Montebello/Templates/testdem/maps/_Eocclay4185.asc
ncols         21
nrows         20
xllcorner     100.000000
yllcorner     100.000000
cellsize      50.000000
NODATA_value  -9999.0
0.000000 0.000000 0.000000 0.000000 0.000000 0.000000 0.000000 0.000000 0.000000 0.000000 0.000000 0.000000 0.000000 0.000000 0.000000 0.000000 0.000000 0.000000 0.000000 0.000000 0.000000
0.000000 0.000000 0.349807 0.349808 0.349808 0.349808 0.349808 0.349808 0.349808 0.349808 0.349808 0.349808 0.349808 0.349808 0.349808 0.349808 0.349808 0.349808 0.349807 0.000000 0.000000
0.000000 0.000000 0.349993 0.349994 0.349994 0.349993 0.349993 0.349994 0.349993 0.349993 0.349993 0.349993 0.349993 0.349994 0.349993 0.349994 0.349993 0.349993 0.349993 0.000000 0.000000
0.000000 0.000000 0.349994 0.349995 0.349993 0.349994 0.349995 0.349995 0.349996 0.349995 0.349995 0.349994 0.349994 0.349993 0.349996 0.349997 0.349996 0.349996 0.349995 0.000000 0.000000
0.000000 0.000000 0.350334 0.350336 0.350334 0.350334 0.350327 0.350326 0.350327 0.350326 0.350325 0.350327 0.350324 0.350323 0.350327 0.350327 0.350328 0.350327 0.350330 0.000000 0.000000
0.000000 0.000000 0.351527 0.351527 0.351523 0.351514 0.351512 0.351502 0.351502 0.351498 0.351502 0.351502 0.351504 0.351502 0.351499 0.351504 0.351510 0.351514 0.351519 0.000000 0.000000
0.000000 0.000000 0.353267 0.353262 0.353257 0.353248 0.353239 0.353219 0.353219 0.353215 0.353218 0.353218 0.353218 0.353215 0.353228 0.353243 0.353250 0.353254 0.353258 0.000000 0.000000
0.000000 0.000000 0.355236 0.355234 0.355229 0.355216 0.355206 0.355188 0.355190 0.355187 0.355188 0.355187 0.355184 0.355180 0.355196 0.355210 0.355218 0.355222 0.355228 0.000000 0.000000
0.000000 0.000000 0.357204 0.357199 0.357192 0.357183 0.357172 0.357152 0.357154 0.357150 0.357150 0.357151 0.357148 0.357146 0.357161 0.357178 0.357185 0.357187 0.357195 0.000000 0.000000
0.000000 0.000000 0.359167 0.359161 0.359155 0.359145 0.359130 0.359112 0.359116 0.359113 0.359113 0.359113 0.359110 0.359106 0.359123 0.359140 0.359148 0.359151 0.359157 0.000000 0.000000
0.000000 0.000000 0.361164 0.361158 0.361151 0.361144 0.361134 0.361112 0.361115 0.361110 0.361110 0.361112 0.361108 0.361104 0.361118 0.361131 0.361140 0.361144 0.361152 0.000000 0.000000
0.000000 0.000000 0.363225 0.363220 0.363212 0.363200 0.363189 0.363168 0.363169 0.363166 0.363166 0.363165 0.363162 0.363158 0.363177 0.363193 0.363201 0.363204 0.363228 0.000000 0.000000
0.000000 0.000000 0.365308 0.365301 0.365293 0.365285 0.365271 0.365228 0.365230 0.365226 0.365226 0.365226 0.365222 0.365220 0.365255 0.365273 0.365282 0.365285 0.365300 0.000000 0.000000
0.000000 0.000000 0.367505 0.367496 0.367489 0.367480 0.367439 0.367428 0.367422 0.367418 0.367419 0.367419 0.367415 0.367412 0.367423 0.367466 0.367475 0.367484 0.367493 0.000000 0.000000
0.000000 0.000000 0.369867 0.369859 0.369843 0.369807 0.369789 0.369762 0.369749 0.369745 0.369739 0.369738 0.369738 0.369730 0.369749 0.369780 0.369826 0.369824 0.369832 0.000000 0.000000
0.000000 0.000000 0.372295 0.372286 0.372238 0.372231 0.372220 0.372206 0.372205 0.372204 0.372206 0.372205 0.372197 0.372201 0.372206 0.372220 0.372222 0.372269 0.372282 0.000000 0.000000
0.000000 0.000000 0.374979 0.374918 0.374876 0.374860 0.374832 0.374816 0.374813 0.374810 0.374804 0.374804 0.374802 0.374794 0.374804 0.374839 0.374862 0.374887 0.374946 0.000000 0.000000
0.000000 0.000000 0.377090 0.377072 0.377103 0.377082 0.377057 0.377001 0.376996 0.376990 0.376992 0.376991 0.376986 0.376985 0.377034 0.377065 0.377100 0.377051 0.377077 0.000000 0.000000
0.000000 0.000000 0.350000 0.350000 0.350000 0.350000 0.350000 0.350000 0.350000 0.350000 0.350000 0.350000 0.350000 0.350000 0.350000 0.350000 0.350000 0.350000 0.350000 0.000000 0.000000
0.000000 0.000000 0.000000 0.000000 0.000000 0.000000 0.000000 0.000000 0.000000 0.000000 0.000000 0.000000 0.000000 0.000000 0.000000 0.000000 0.000000 0.000000 0.000000 0.000000 0.000000