geotop/1.0zi/1.0Montebello/Templates/testdem/maps/_Eocclay0571.asc
ncols         21
nrows         20
xllcorner     100.000000
yllcorner     100.000000
cellsize      50.000000
NODATA_value  -9999.0
0.000000 0.000000 0.000000 0.000000 0.000000 0.000000 0.000000 0.000000 0.000000 0.000000 0.000000 0.000000 0.000000 0.000000 0.000000 0.000000 0.000000 0.000000 0.000000 0.000000 0.000000
0.000000 0.000000 0.349968 0.349968 0.349968 0.349968 0.349968 0.349968 0.349968 0.349968 0.349968 0.349968 0.349968 0.349968 0.349968 0.349968 0.349968 0.349968 0.349968 0.000000 0.000000
0.000000 0.000000 0.349997 0.349997 0.349997 0.349997 0.349997 0.349997 0.349997 0.349997 0.349997 0.349997 0.349997 0.349997 0.349997 0.349997 0.349997 0.349997 0.349997 0.000000 0.000000
0.000000 0.000000 0.350281 0.350281 0.350279 0.350281 0.350281 0.350281 0.350281 0.350281 0.350281 0.350281 0.350281 0.350281 0.350281 0.350281 0.350279 0.350281 0.350281 0.000000 0.000000
0.000000 0.000000 0.351232 0.351232 0.351230 0.351232 0.351232 0.351233 0.351233 0.351233 0.351232 0.351233 0.351233 0.351233 0.351232 0.351232 0.351230 0.351232 0.351232 0.000000 0.000000
0.000000 0.000000 0.352196 0.352197 0.352195 0.352196 0.352197 0.352197 0.352197 0.352197 0.352197 0.352197 0.352197 0.352197 0.352197 0.352196 0.352195 0.352197 0.352196 0.000000 0.000000
0.000000 0.000000 0.353111 0.353111 0.353109 0.353111 0.353111 0.353111 0.353111 0.353111 0.353111 0.353111 0.353111 0.353111 0.353111 0.353111 0.353109 0.353111 0.353111 0.000000 0.000000
0.000000 0.000000 0.353961 0.353962 0.353960 0.353961 0.353962 0.353962 0.353962 0.353962 0.353962 0.353962 0.353962 0.353962 0.353962 0.353961 0.353960 0.353962 0.353961 0.000000 0.000000
0.000000 0.000000 0.354766 0.354766 0.354765 0.354766 0.354766 0.354766 0.354766 0.354766 0.354766 0.354766 0.354766 0.354766 0.354766 0.354766 0.354765 0.354766 0.354766 0.000000 0.000000
0.000000 0.000000 0.355543 0.355543 0.355541 0.355543 0.355543 0.355543 0.355543 0.355543 0.355543 0.355543 0.355543 0.355543 0.355543 0.355543 0.355541 0.355543 0.355543 0.000000 0.000000
0.000000 0.000000 0.356299 0.356299 0.356298 0.356299 0.356299 0.356299 0.356299 0.356299 0.356299 0.356299 0.356299 0.356299 0.356299 0.356299 0.356298 0.356299 0.356299 0.000000 0.000000
0.000000 0.000000 0.357041 0.357041 0.357039 0.357041 0.357041 0.357041 0.357041 0.357041 0.357041 0.357041 0.357041 0.357041 0.357041 0.357041 0.357039 0.357041 0.357041 0.000000 0.000000
0.000000 0.000000 0.357770 0.357770 0.357769 0.357770 0.357770 0.357770 0.357770 0.357770 0.357770 0.357770 0.357770 0.357770 0.357770 0.357770 0.357769 0.357770 0.357770 0.000000 0.000000
0.000000 0.000000 0.358489 0.358489 0.358487 0.358489 0.358489 0.358489 0.358489 0.358489 0.358489 0.358489 0.358489 0.358489 0.358489 0.358489 0.358487 0.358489 0.358489 0.000000 0.000000
0.000000 0.000000 0.359201 0.359201 0.359200 0.359201 0.359201 0.359201 0.359201 0.359201 0.359201 0.359201 0.359201 0.359201 0.359201 0.359201 0.359200 0.359201 0.359201 0.000000 0.000000
0.000000 0.000000 0.359910 0.359910 0.359909 0.359910 0.359910 0.359910 0.359910 0.359910 0.359910 0.359910 0.359910 0.359910 0.359910 0.359910 0.359909 0.359910 0.359910 0.000000 0.000000
0.000000 0.000000 0.360612 0.360612 0.360611 0.360612 0.360612 0.360612 0.360612 0.360612 0.360612 0.360612 0.360612 0.360612 0.360612 0.360612 0.360611 0.360612 0.360612 0.000000 0.000000
0.000000 0.000000 0.361323 0.361323 0.361322 0.361323 0.361323 0.361324 0.361324 0.361323 0.361323 0.361323 0.361324 0.361324 0.361323 0.361323 0.361322 0.361323 0.361323 0.000000 0.000000
0.000000 0.000000 0.350000 0.350000 0.350000 0.350000 0.350000 0.350000 0.350000 0.350000 0.350000 0.350000 0.350000 0.350000 0.350000 0.350000 0.350000 0.350000 0.350000 0.000000 0.000000
0.000000 0.000000 0.000000 0.000000 0.000000 0.000000 0.000000 0.000000 0.000000 0.000000 0.000000 0.000000 0.000000 0.000000 0.000000 0.000000 0.000000 0.000000 0.000000 0.000000 0.000000