geotop/1.0zi/1.0Montebello/Templates/testdem/maps/_Eocclay8313.asc
ncols         21
nrows         20
xllcorner     100.000000
yllcorner     100.000000
cellsize      50.000000
NODATA_value  -9999.0
0.000000 0.000000 0.000000 0.000000 0.000000 0.000000 0.000000 0.000000 0.000000 0.000000 0.000000 0.000000 0.000000 0.000000 0.000000 0.000000 0.000000 0.000000 0.000000 0.000000 0.000000
0.000000 0.000000 0.349619 0.349621 0.349621 0.349620 0.349621 0.349621 0.349621 0.349621 0.349620 0.349622 0.349621 0.349621 0.349622 0.349621 0.349619 0.349620 0.349620 0.000000 0.000000
0.000000 0.000000 0.349984 0.349983 0.349983 0.349985 0.349983 0.349982 0.349983 0.349982 0.349982 0.349982 0.349983 0.349982 0.349983 0.349984 0.349984 0.349983 0.349982 0.000000 0.000000
0.000000 0.000000 0.350004 0.350009 0.350006 0.350004 0.350007 0.350004 0.350006 0.350004 0.350007 0.350005 0.350005 0.350003 0.350005 0.350007 0.350006 0.350009 0.350006 0.000000 0.000000
0.000000 0.000000 0.351016 0.351013 0.351010 0.351006 0.350990 0.350988 0.350984 0.350987 0.350983 0.350985 0.350980 0.350985 0.350994 0.350996 0.351006 0.351009 0.351017 0.000000 0.000000
0.000000 0.000000 0.354003 0.354002 0.353989 0.353960 0.353944 0.353919 0.353920 0.353913 0.353918 0.353916 0.353919 0.353920 0.353931 0.353952 0.353968 0.353982 0.353988 0.000000 0.000000
0.000000 0.000000 0.358046 0.358042 0.358034 0.358009 0.357977 0.357937 0.357936 0.357930 0.357932 0.357932 0.357932 0.357933 0.357968 0.357998 0.358016 0.358029 0.358037 0.000000 0.000000
0.000000 0.000000 0.362850 0.362847 0.362839 0.362808 0.362777 0.362734 0.362732 0.362728 0.362728 0.362725 0.362722 0.362731 0.362768 0.362795 0.362822 0.362832 0.362845 0.000000 0.000000
0.000000 0.000000 0.367966 0.367959 0.367945 0.367925 0.367892 0.367847 0.367849 0.367839 0.367837 0.367835 0.367835 0.367835 0.367878 0.367914 0.367935 0.367946 0.367956 0.000000 0.000000
0.000000 0.000000 0.373412 0.373402 0.373395 0.373375 0.373326 0.373285 0.373284 0.373279 0.373273 0.373276 0.373283 0.373280 0.373318 0.373359 0.373385 0.373395 0.373403 0.000000 0.000000
0.000000 0.000000 0.379376 0.379370 0.379361 0.379319 0.379285 0.379235 0.379244 0.379218 0.379222 0.379221 0.379211 0.379229 0.379263 0.379290 0.379323 0.379342 0.379364 0.000000 0.000000
0.000000 0.000000 0.386025 0.386008 0.385988 0.385961 0.385922 0.385860 0.385855 0.385849 0.385863 0.385841 0.385847 0.385850 0.385914 0.385947 0.385970 0.385984 0.386039 0.000000 0.000000
0.000000 0.000000 0.393256 0.393240 0.393233 0.393193 0.393158 0.392995 0.392992 0.392982 0.392939 0.392962 0.392971 0.392986 0.393110 0.393144 0.393207 0.393215 0.393240 0.000000 0.000000
0.000000 0.000000 0.401794 0.401790 0.401756 0.401729 0.401521 0.401540 0.401496 0.401497 0.401511 0.401498 0.401492 0.401482 0.401461 0.401677 0.401711 0.401769 0.401808 0.000000 0.000000
0.000000 0.000000 0.411917 0.411899 0.411859 0.411593 0.411621 0.411487 0.411427 0.411412 0.411368 0.411337 0.411366 0.411361 0.411491 0.411479 0.411832 0.411779 0.411783 0.000000 0.000000
0.000000 0.000000 0.423044 0.423028 0.422642 0.422756 0.422725 0.422693 0.422838 0.422794 0.422871 0.422844 0.422780 0.422877 0.422880 0.422904 0.422611 0.423176 0.423167 0.000000 0.000000
0.000000 0.000000 0.436882 0.436273 0.436414 0.436183 0.435878 0.435789 0.435615 0.435656 0.435472 0.435489 0.435595 0.435490 0.435644 0.435870 0.436396 0.436048 0.436684 0.000000 0.000000
0.000000 0.000000 0.441618 0.442205 0.442720 0.442731 0.442768 0.442273 0.442360 0.442213 0.442456 0.442408 0.442368 0.442452 0.442861 0.442835 0.442818 0.442427 0.441851 0.000000 0.000000
0.000000 0.000000 0.350000 0.350000 0.350000 0.350000 0.350000 0.350000 0.350000 0.350000 0.350000 0.350000 0.350000 0.350000 0.350000 0.350000 0.350000 0.350000 0.350000 0.000000 0.000000
0.000000 0.000000 0.000000 0.000000 0.000000 0.000000 0.000000 0.000000 0.000000 0.000000 0.000000 0.000000 0.000000 0.000000 0.000000 0.000000 0.000000 0.000000 0.000000 0.000000 0.000000