geotop/1.0zi/1.0Montebello/Templates/testdem/maps/_Eocsand4497.asc
ncols         21
nrows         20
xllcorner     100.000000
yllcorner     100.000000
cellsize      50.000000
NODATA_value  -9999.0
0.000000 0.000000 0.000000 0.000000 0.000000 0.000000 0.000000 0.000000 0.000000 0.000000 0.000000 0.000000 0.000000 0.000000 0.000000 0.000000 0.000000 0.000000 0.000000 0.000000 0.000000
0.000000 0.000000 0.300109 0.300109 0.300109 0.300108 0.300109 0.300109 0.300109 0.300109 0.300109 0.300109 0.300109 0.300109 0.300109 0.300109 0.300109 0.300109 0.300109 0.000000 0.000000
0.000000 0.000000 0.300005 0.300005 0.300005 0.300004 0.300004 0.300004 0.300004 0.300004 0.300004 0.300004 0.300004 0.300004 0.300004 0.300005 0.300006 0.300006 0.300006 0.000000 0.000000
0.000000 0.000000 0.299974 0.299973 0.299976 0.299979 0.299977 0.299979 0.299977 0.299978 0.299977 0.299979 0.299979 0.299980 0.299976 0.299972 0.299973 0.299971 0.299973 0.000000 0.000000
0.000000 0.000000 0.299275 0.299273 0.299274 0.299284 0.299295 0.299301 0.299302 0.299305 0.299307 0.299302 0.299305 0.299303 0.299294 0.299294 0.299288 0.299280 0.299273 0.000000 0.000000
0.000000 0.000000 0.296861 0.296855 0.296865 0.296892 0.296903 0.296932 0.296936 0.296946 0.296936 0.296933 0.296926 0.296925 0.296919 0.296903 0.296892 0.296882 0.296873 0.000000 0.000000
0.000000 0.000000 0.293184 0.293187 0.293193 0.293221 0.293251 0.293289 0.293288 0.293296 0.293289 0.293290 0.293291 0.293287 0.293260 0.293228 0.293213 0.293200 0.293188 0.000000 0.000000
0.000000 0.000000 0.288956 0.288958 0.288961 0.288990 0.289018 0.289056 0.289052 0.289059 0.289058 0.289058 0.289062 0.289063 0.289028 0.288996 0.288977 0.288970 0.288957 0.000000 0.000000
0.000000 0.000000 0.284690 0.284696 0.284704 0.284725 0.284752 0.284795 0.284791 0.284800 0.284799 0.284797 0.284801 0.284800 0.284767 0.284731 0.284716 0.284706 0.284691 0.000000 0.000000
0.000000 0.000000 0.280435 0.280441 0.280446 0.280467 0.280501 0.280539 0.280533 0.280539 0.280538 0.280537 0.280543 0.280545 0.280508 0.280472 0.280457 0.280448 0.280436 0.000000 0.000000
0.000000 0.000000 0.276121 0.276126 0.276132 0.276148 0.276172 0.276217 0.276212 0.276223 0.276222 0.276219 0.276225 0.276227 0.276195 0.276169 0.276149 0.276140 0.276125 0.000000 0.000000
0.000000 0.000000 0.271657 0.271663 0.271671 0.271696 0.271723 0.271767 0.271767 0.271774 0.271773 0.271773 0.271777 0.271780 0.271737 0.271705 0.271687 0.271679 0.271632 0.000000 0.000000
0.000000 0.000000 0.267133 0.267140 0.267148 0.267167 0.267199 0.267291 0.267289 0.267298 0.267298 0.267296 0.267303 0.267303 0.267223 0.267186 0.267167 0.267158 0.267130 0.000000 0.000000
0.000000 0.000000 0.262342 0.262356 0.262360 0.262380 0.262472 0.262496 0.262510 0.262517 0.262515 0.262514 0.262522 0.262523 0.262498 0.262406 0.262386 0.262365 0.262349 0.000000 0.000000
0.000000 0.000000 0.257175 0.257185 0.257209 0.257289 0.257331 0.257389 0.257417 0.257427 0.257440 0.257440 0.257438 0.257449 0.257405 0.257342 0.257239 0.257242 0.257228 0.000000 0.000000
0.000000 0.000000 0.251840 0.251850 0.251948 0.251964 0.251990 0.252019 0.252021 0.252024 0.252019 0.252020 0.252035 0.252018 0.252005 0.251978 0.251976 0.251866 0.251840 0.000000 0.000000
0.000000 0.000000 0.245904 0.246034 0.246114 0.246151 0.246216 0.246253 0.246261 0.246267 0.246281 0.246279 0.246280 0.246292 0.246266 0.246188 0.246137 0.246082 0.245950 0.000000 0.000000
0.000000 0.000000 0.241271 0.241296 0.241209 0.241256 0.241314 0.241445 0.241456 0.241470 0.241464 0.241465 0.241474 0.241467 0.241350 0.241283 0.241207 0.241320 0.241268 0.000000 0.000000
0.000000 0.000000 0.300000 0.300000 0.300000 0.300000 0.300000 0.300000 0.300000 0.300000 0.300000 0.300000 0.300000 0.300000 0.300000 0.300000 0.300000 0.300000 0.300000 0.000000 0.000000
0.000000 0.000000 0.000000 0.000000 0.000000 0.000000 0.000000 0.000000 0.000000 0.000000 0.000000 0.000000 0.000000 0.000000 0.000000 0.000000 0.000000 0.000000 0.000000 0.000000 0.000000