geotop/1.0zi/1.0Montebello/Templates/testdem/maps/_Eocsand4172.asc
ncols         21
nrows         20
xllcorner     100.000000
yllcorner     100.000000
cellsize      50.000000
NODATA_value  -9999.0
0.000000 0.000000 0.000000 0.000000 0.000000 0.000000 0.000000 0.000000 0.000000 0.000000 0.000000 0.000000 0.000000 0.000000 0.000000 0.000000 0.000000 0.000000 0.000000 0.000000 0.000000
0.000000 0.000000 0.300106 0.300106 0.300105 0.300105 0.300105 0.300105 0.300105 0.300105 0.300105 0.300105 0.300105 0.300105 0.300105 0.300105 0.300105 0.300106 0.300106 0.000000 0.000000
0.000000 0.000000 0.300005 0.300004 0.300004 0.300004 0.300004 0.300004 0.300004 0.300004 0.300004 0.300004 0.300004 0.300004 0.300004 0.300004 0.300006 0.300006 0.300005 0.000000 0.000000
0.000000 0.000000 0.299975 0.299973 0.299976 0.299979 0.299977 0.299979 0.299977 0.299978 0.299978 0.299979 0.299979 0.299981 0.299976 0.299973 0.299973 0.299972 0.299974 0.000000 0.000000
0.000000 0.000000 0.299286 0.299282 0.299286 0.299285 0.299293 0.299297 0.299298 0.299301 0.299303 0.299298 0.299302 0.299302 0.299297 0.299297 0.299298 0.299293 0.299288 0.000000 0.000000
0.000000 0.000000 0.297004 0.297004 0.297012 0.297024 0.297028 0.297050 0.297051 0.297061 0.297052 0.297051 0.297047 0.297054 0.297055 0.297045 0.297036 0.297031 0.297024 0.000000 0.000000
0.000000 0.000000 0.293604 0.293611 0.293619 0.293638 0.293659 0.293693 0.293691 0.293698 0.293691 0.293693 0.293697 0.293701 0.293679 0.293650 0.293638 0.293631 0.293619 0.000000 0.000000
0.000000 0.000000 0.289704 0.289712 0.289721 0.289746 0.289769 0.289803 0.289799 0.289805 0.289804 0.289805 0.289812 0.289818 0.289786 0.289756 0.289738 0.289733 0.289721 0.000000 0.000000
0.000000 0.000000 0.285789 0.285800 0.285814 0.285831 0.285854 0.285894 0.285890 0.285898 0.285897 0.285895 0.285902 0.285905 0.285877 0.285843 0.285828 0.285821 0.285805 0.000000 0.000000
0.000000 0.000000 0.281892 0.281903 0.281915 0.281934 0.281963 0.281998 0.281992 0.281998 0.281997 0.281996 0.282004 0.282011 0.281978 0.281943 0.281929 0.281923 0.281911 0.000000 0.000000
0.000000 0.000000 0.277954 0.277965 0.277978 0.277991 0.278011 0.278054 0.278049 0.278058 0.278058 0.278055 0.278063 0.278069 0.278042 0.278017 0.277998 0.277991 0.277976 0.000000 0.000000
0.000000 0.000000 0.273891 0.273902 0.273917 0.273940 0.273962 0.274003 0.274003 0.274008 0.274008 0.274009 0.274014 0.274022 0.273984 0.273954 0.273937 0.273931 0.273885 0.000000 0.000000
0.000000 0.000000 0.269787 0.269800 0.269816 0.269832 0.269859 0.269942 0.269940 0.269948 0.269949 0.269947 0.269956 0.269961 0.269891 0.269856 0.269839 0.269832 0.269803 0.000000 0.000000
0.000000 0.000000 0.265461 0.265480 0.265493 0.265511 0.265590 0.265613 0.265624 0.265631 0.265630 0.265630 0.265639 0.265645 0.265623 0.265539 0.265521 0.265504 0.265486 0.000000 0.000000
0.000000 0.000000 0.260817 0.260834 0.260864 0.260933 0.260970 0.261021 0.261047 0.261056 0.261068 0.261069 0.261069 0.261085 0.261048 0.260988 0.260897 0.260901 0.260886 0.000000 0.000000
0.000000 0.000000 0.256043 0.256060 0.256154 0.256168 0.256188 0.256214 0.256218 0.256220 0.256216 0.256218 0.256234 0.256226 0.256216 0.256190 0.256186 0.256093 0.256068 0.000000 0.000000
0.000000 0.000000 0.250768 0.250886 0.250970 0.251000 0.251054 0.251085 0.251091 0.251096 0.251108 0.251108 0.251112 0.251128 0.251109 0.251040 0.250997 0.250947 0.250832 0.000000 0.000000
0.000000 0.000000 0.246617 0.246652 0.246591 0.246632 0.246680 0.246788 0.246798 0.246810 0.246806 0.246808 0.246819 0.246820 0.246726 0.246664 0.246596 0.246693 0.246641 0.000000 0.000000
0.000000 0.000000 0.300000 0.300000 0.300000 0.300000 0.300000 0.300000 0.300000 0.300000 0.300000 0.300000 0.300000 0.300000 0.300000 0.300000 0.300000 0.300000 0.300000 0.000000 0.000000
0.000000 0.000000 0.000000 0.000000 0.000000 0.000000 0.000000 0.000000 0.000000 0.000000 0.000000 0.000000 0.000000 0.000000 0.000000 0.000000 0.000000 0.000000 0.000000 0.000000 0.000000