geotop/1.0zi/1.0Montebello/Templates/testdem/maps/_Eocsilt3996.asc
ncols         21
nrows         20
xllcorner     100.000000
yllcorner     100.000000
cellsize      50.000000
NODATA_value  -9999.0
0.000000 0.000000 0.000000 0.000000 0.000000 0.000000 0.000000 0.000000 0.000000 0.000000 0.000000 0.000000 0.000000 0.000000 0.000000 0.000000 0.000000 0.000000 0.000000 0.000000 0.000000
0.000000 0.000000 0.350083 0.350083 0.350083 0.350083 0.350083 0.350083 0.350083 0.350083 0.350083 0.350083 0.350083 0.350083 0.350083 0.350083 0.350083 0.350083 0.350083 0.000000 0.000000
0.000000 0.000000 0.350001 0.350002 0.350002 0.350002 0.350003 0.350003 0.350003 0.350003 0.350003 0.350003 0.350003 0.350003 0.350002 0.350002 0.350001 0.350001 0.350001 0.000000 0.000000
0.000000 0.000000 0.350032 0.350031 0.350031 0.350027 0.350028 0.350025 0.350027 0.350028 0.350027 0.350027 0.350027 0.350026 0.350028 0.350031 0.350031 0.350033 0.350032 0.000000 0.000000
0.000000 0.000000 0.350375 0.350378 0.350376 0.350377 0.350376 0.350374 0.350372 0.350369 0.350368 0.350371 0.350371 0.350372 0.350373 0.350372 0.350371 0.350376 0.350378 0.000000 0.000000
0.000000 0.000000 0.351438 0.351439 0.351436 0.351432 0.351430 0.351419 0.351418 0.351413 0.351417 0.351419 0.351421 0.351416 0.351417 0.351422 0.351426 0.351425 0.351427 0.000000 0.000000
0.000000 0.000000 0.353045 0.353046 0.353044 0.353034 0.353024 0.353010 0.353013 0.353010 0.353013 0.353011 0.353008 0.353007 0.353015 0.353028 0.353033 0.353036 0.353043 0.000000 0.000000
0.000000 0.000000 0.354922 0.354919 0.354915 0.354903 0.354891 0.354876 0.354878 0.354875 0.354875 0.354875 0.354872 0.354869 0.354885 0.354900 0.354910 0.354911 0.354915 0.000000 0.000000
0.000000 0.000000 0.356813 0.356809 0.356802 0.356794 0.356784 0.356765 0.356766 0.356762 0.356763 0.356763 0.356761 0.356759 0.356773 0.356789 0.356797 0.356800 0.356808 0.000000 0.000000
0.000000 0.000000 0.358686 0.358683 0.358678 0.358669 0.358655 0.358639 0.358642 0.358639 0.358639 0.358640 0.358636 0.358633 0.358649 0.358665 0.358672 0.358674 0.358680 0.000000 0.000000
0.000000 0.000000 0.360563 0.360560 0.360554 0.360547 0.360539 0.360519 0.360521 0.360517 0.360517 0.360518 0.360515 0.360512 0.360525 0.360536 0.360545 0.360549 0.360555 0.000000 0.000000
0.000000 0.000000 0.362494 0.362490 0.362484 0.362473 0.362463 0.362444 0.362444 0.362441 0.362442 0.362441 0.362439 0.362435 0.362454 0.362468 0.362476 0.362479 0.362500 0.000000 0.000000
0.000000 0.000000 0.364441 0.364437 0.364430 0.364422 0.364410 0.364371 0.364372 0.364368 0.364367 0.364368 0.364364 0.364362 0.364395 0.364412 0.364420 0.364423 0.364436 0.000000 0.000000
0.000000 0.000000 0.366487 0.366480 0.366475 0.366467 0.366430 0.366420 0.366414 0.366411 0.366411 0.366411 0.366407 0.366404 0.366415 0.366454 0.366463 0.366471 0.366478 0.000000 0.000000
0.000000 0.000000 0.368679 0.368673 0.368660 0.368627 0.368610 0.368587 0.368574 0.368570 0.368564 0.368564 0.368564 0.368556 0.368574 0.368603 0.368645 0.368643 0.368649 0.000000 0.000000
0.000000 0.000000 0.370924 0.370918 0.370875 0.370868 0.370859 0.370848 0.370846 0.370844 0.370846 0.370845 0.370838 0.370842 0.370847 0.370860 0.370861 0.370904 0.370915 0.000000 0.000000
0.000000 0.000000 0.373400 0.373348 0.373309 0.373295 0.373270 0.373257 0.373254 0.373252 0.373246 0.373246 0.373244 0.373237 0.373246 0.373278 0.373298 0.373321 0.373373 0.000000 0.000000
0.000000 0.000000 0.375359 0.375344 0.375372 0.375353 0.375331 0.375282 0.375277 0.375272 0.375273 0.375272 0.375267 0.375267 0.375311 0.375340 0.375372 0.375326 0.375350 0.000000 0.000000
0.000000 0.000000 0.350000 0.350000 0.350000 0.350000 0.350000 0.350000 0.350000 0.350000 0.350000 0.350000 0.350000 0.350000 0.350000 0.350000 0.350000 0.350000 0.350000 0.000000 0.000000
0.000000 0.000000 0.000000 0.000000 0.000000 0.000000 0.000000 0.000000 0.000000 0.000000 0.000000 0.000000 0.000000 0.000000 0.000000 0.000000 0.000000 0.000000 0.000000 0.000000 0.000000