geotop/1.0zi/1.0Montebello/Templates/testdem/maps/_Eocsand5453.asc
ncols         21
nrows         20
xllcorner     100.000000
yllcorner     100.000000
cellsize      50.000000
NODATA_value  -9999.0
0.000000 0.000000 0.000000 0.000000 0.000000 0.000000 0.000000 0.000000 0.000000 0.000000 0.000000 0.000000 0.000000 0.000000 0.000000 0.000000 0.000000 0.000000 0.000000 0.000000 0.000000
0.000000 0.000000 0.300137 0.300136 0.300136 0.300136 0.300136 0.300136 0.300136 0.300136 0.300136 0.300136 0.300136 0.300136 0.300136 0.300136 0.300136 0.300136 0.300137 0.000000 0.000000
0.000000 0.000000 0.300008 0.300008 0.300008 0.300007 0.300007 0.300008 0.300007 0.300007 0.300007 0.300008 0.300007 0.300007 0.300007 0.300008 0.300009 0.300009 0.300009 0.000000 0.000000
0.000000 0.000000 0.299975 0.299974 0.299977 0.299981 0.299978 0.299980 0.299978 0.299978 0.299978 0.299980 0.299979 0.299981 0.299977 0.299973 0.299975 0.299972 0.299974 0.000000 0.000000
0.000000 0.000000 0.299167 0.299164 0.299165 0.299173 0.299187 0.299195 0.299195 0.299194 0.299199 0.299195 0.299200 0.299200 0.299190 0.299189 0.299184 0.299173 0.299168 0.000000 0.000000
0.000000 0.000000 0.296352 0.296347 0.296356 0.296387 0.296402 0.296435 0.296438 0.296445 0.296437 0.296434 0.296431 0.296434 0.296427 0.296411 0.296397 0.296382 0.296374 0.000000 0.000000
0.000000 0.000000 0.292057 0.292060 0.292065 0.292098 0.292137 0.292185 0.292184 0.292190 0.292185 0.292183 0.292186 0.292186 0.292153 0.292118 0.292102 0.292085 0.292073 0.000000 0.000000
0.000000 0.000000 0.286824 0.286823 0.286823 0.286858 0.286897 0.286948 0.286947 0.286952 0.286951 0.286951 0.286956 0.286950 0.286913 0.286880 0.286851 0.286844 0.286828 0.000000 0.000000
0.000000 0.000000 0.281444 0.281451 0.281462 0.281482 0.281520 0.281575 0.281572 0.281581 0.281586 0.281582 0.281583 0.281589 0.281541 0.281504 0.281478 0.281471 0.281456 0.000000 0.000000
0.000000 0.000000 0.276050 0.276059 0.276062 0.276075 0.276129 0.276178 0.276174 0.276180 0.276187 0.276179 0.276173 0.276180 0.276143 0.276101 0.276075 0.276071 0.276062 0.000000 0.000000
0.000000 0.000000 0.270510 0.270515 0.270514 0.270552 0.270588 0.270642 0.270630 0.270655 0.270655 0.270651 0.270658 0.270646 0.270617 0.270590 0.270562 0.270546 0.270525 0.000000 0.000000
0.000000 0.000000 0.264725 0.264737 0.264749 0.264776 0.264807 0.264871 0.264867 0.264883 0.264866 0.264881 0.264880 0.264876 0.264822 0.264798 0.264778 0.264770 0.264712 0.000000 0.000000
0.000000 0.000000 0.258815 0.258827 0.258828 0.258858 0.258886 0.259011 0.259011 0.259022 0.259048 0.259033 0.259024 0.259015 0.258928 0.258905 0.258861 0.258858 0.258816 0.000000 0.000000
0.000000 0.000000 0.252444 0.252452 0.252464 0.252482 0.252599 0.252634 0.252661 0.252663 0.252673 0.252667 0.252667 0.252672 0.252658 0.252544 0.252506 0.252476 0.252434 0.000000 0.000000
0.000000 0.000000 0.245476 0.245482 0.245508 0.245625 0.245664 0.245736 0.245784 0.245791 0.245814 0.245825 0.245812 0.245825 0.245775 0.245718 0.245544 0.245558 0.245532 0.000000 0.000000
0.000000 0.000000 0.238137 0.238148 0.238295 0.238327 0.238338 0.238386 0.238359 0.238378 0.238367 0.238384 0.238401 0.238372 0.238347 0.238329 0.238332 0.238140 0.238135 0.000000 0.000000
0.000000 0.000000 0.229828 0.230031 0.230110 0.230170 0.230266 0.230319 0.230332 0.230336 0.230380 0.230387 0.230371 0.230378 0.230324 0.230253 0.230138 0.230078 0.229876 0.000000 0.000000
0.000000 0.000000 0.223612 0.223620 0.223443 0.223495 0.223578 0.223771 0.223777 0.223819 0.223797 0.223807 0.223794 0.223792 0.223617 0.223561 0.223424 0.223609 0.223589 0.000000 0.000000
0.000000 0.000000 0.300000 0.300000 0.300000 0.300000 0.300000 0.300000 0.300000 0.300000 0.300000 0.300000 0.300000 0.300000 0.300000 0.300000 0.300000 0.300000 0.300000 0.000000 0.000000
0.000000 0.000000 0.000000 0.000000 0.000000 0.000000 0.000000 0.000000 0.000000 0.000000 0.000000 0.000000 0.000000 0.000000 0.000000 0.000000 0.000000 0.000000 0.000000 0.000000 0.000000