geotop/1.0zi/1.0Montebello/Templates/testdem/maps/_Eocclay8107.asc
ncols         21
nrows         20
xllcorner     100.000000
yllcorner     100.000000
cellsize      50.000000
NODATA_value  -9999.0
0.000000 0.000000 0.000000 0.000000 0.000000 0.000000 0.000000 0.000000 0.000000 0.000000 0.000000 0.000000 0.000000 0.000000 0.000000 0.000000 0.000000 0.000000 0.000000 0.000000 0.000000
0.000000 0.000000 0.349624 0.349626 0.349626 0.349625 0.349627 0.349627 0.349627 0.349627 0.349625 0.349627 0.349627 0.349626 0.349627 0.349626 0.349624 0.349625 0.349626 0.000000 0.000000
0.000000 0.000000 0.349984 0.349983 0.349983 0.349985 0.349983 0.349983 0.349983 0.349983 0.349983 0.349982 0.349983 0.349982 0.349983 0.349984 0.349985 0.349984 0.349982 0.000000 0.000000
0.000000 0.000000 0.350004 0.350008 0.350006 0.350004 0.350007 0.350004 0.350006 0.350003 0.350006 0.350004 0.350004 0.350003 0.350005 0.350006 0.350005 0.350009 0.350006 0.000000 0.000000
0.000000 0.000000 0.351008 0.351005 0.351002 0.350997 0.350981 0.350979 0.350976 0.350979 0.350975 0.350976 0.350972 0.350976 0.350986 0.350988 0.350996 0.351000 0.351007 0.000000 0.000000
0.000000 0.000000 0.353889 0.353887 0.353874 0.353846 0.353830 0.353805 0.353806 0.353799 0.353803 0.353802 0.353804 0.353806 0.353817 0.353837 0.353853 0.353867 0.353874 0.000000 0.000000
0.000000 0.000000 0.357828 0.357825 0.357815 0.357791 0.357759 0.357720 0.357719 0.357713 0.357715 0.357715 0.357715 0.357716 0.357750 0.357780 0.357797 0.357810 0.357818 0.000000 0.000000
0.000000 0.000000 0.362498 0.362496 0.362487 0.362456 0.362426 0.362383 0.362382 0.362378 0.362377 0.362374 0.362372 0.362380 0.362416 0.362443 0.362469 0.362479 0.362492 0.000000 0.000000
0.000000 0.000000 0.367452 0.367445 0.367430 0.367411 0.367378 0.367334 0.367337 0.367327 0.367324 0.367322 0.367323 0.367322 0.367364 0.367399 0.367420 0.367430 0.367440 0.000000 0.000000
0.000000 0.000000 0.372707 0.372697 0.372689 0.372669 0.372621 0.372581 0.372581 0.372576 0.372570 0.372573 0.372579 0.372576 0.372613 0.372653 0.372678 0.372687 0.372695 0.000000 0.000000
0.000000 0.000000 0.378437 0.378431 0.378420 0.378380 0.378346 0.378298 0.378308 0.378282 0.378286 0.378284 0.378275 0.378292 0.378326 0.378351 0.378383 0.378400 0.378422 0.000000 0.000000
0.000000 0.000000 0.384796 0.384780 0.384759 0.384732 0.384694 0.384635 0.384631 0.384624 0.384637 0.384616 0.384622 0.384625 0.384687 0.384718 0.384740 0.384752 0.384806 0.000000 0.000000
0.000000 0.000000 0.391682 0.391666 0.391657 0.391619 0.391585 0.391430 0.391428 0.391419 0.391378 0.391399 0.391408 0.391422 0.391540 0.391572 0.391631 0.391637 0.391664 0.000000 0.000000
0.000000 0.000000 0.399760 0.399756 0.399722 0.399695 0.399501 0.399514 0.399474 0.399474 0.399486 0.399474 0.399469 0.399461 0.399444 0.399645 0.399678 0.399731 0.399769 0.000000 0.000000
0.000000 0.000000 0.409299 0.409282 0.409241 0.408995 0.409013 0.408892 0.408835 0.408821 0.408780 0.408751 0.408778 0.408773 0.408891 0.408888 0.409212 0.409164 0.409171 0.000000 0.000000
0.000000 0.000000 0.419796 0.419780 0.419423 0.419515 0.419489 0.419453 0.419586 0.419543 0.419612 0.419586 0.419528 0.419617 0.419626 0.419645 0.419392 0.419904 0.419897 0.000000 0.000000
0.000000 0.000000 0.432912 0.432345 0.432455 0.432245 0.431960 0.431877 0.431726 0.431761 0.431593 0.431607 0.431702 0.431610 0.431752 0.431962 0.432435 0.432137 0.432727 0.000000 0.000000
0.000000 0.000000 0.437795 0.438329 0.438821 0.438823 0.438846 0.438376 0.438452 0.438315 0.438536 0.438491 0.438458 0.438534 0.438926 0.438908 0.438912 0.438524 0.438002 0.000000 0.000000
0.000000 0.000000 0.350000 0.350000 0.350000 0.350000 0.350000 0.350000 0.350000 0.350000 0.350000 0.350000 0.350000 0.350000 0.350000 0.350000 0.350000 0.350000 0.350000 0.000000 0.000000
0.000000 0.000000 0.000000 0.000000 0.000000 0.000000 0.000000 0.000000 0.000000 0.000000 0.000000 0.000000 0.000000 0.000000 0.000000 0.000000 0.000000 0.000000 0.000000 0.000000 0.000000