geotop/1.0zi/1.0Montebello/Templates/testdem/maps/_Eocclay0507.asc
ncols         21
nrows         20
xllcorner     100.000000
yllcorner     100.000000
cellsize      50.000000
NODATA_value  -9999.0
0.000000 0.000000 0.000000 0.000000 0.000000 0.000000 0.000000 0.000000 0.000000 0.000000 0.000000 0.000000 0.000000 0.000000 0.000000 0.000000 0.000000 0.000000 0.000000 0.000000 0.000000
0.000000 0.000000 0.349970 0.349970 0.349970 0.349970 0.349970 0.349970 0.349970 0.349970 0.349970 0.349970 0.349970 0.349970 0.349970 0.349970 0.349970 0.349970 0.349970 0.000000 0.000000
0.000000 0.000000 0.349997 0.349997 0.349996 0.349997 0.349997 0.349997 0.349997 0.349997 0.349997 0.349997 0.349997 0.349997 0.349997 0.349997 0.349996 0.349997 0.349997 0.000000 0.000000
0.000000 0.000000 0.350284 0.350284 0.350281 0.350284 0.350284 0.350284 0.350284 0.350284 0.350284 0.350284 0.350284 0.350284 0.350284 0.350284 0.350281 0.350284 0.350284 0.000000 0.000000
0.000000 0.000000 0.351194 0.351194 0.351191 0.351194 0.351194 0.351194 0.351194 0.351194 0.351194 0.351194 0.351194 0.351194 0.351194 0.351194 0.351191 0.351194 0.351194 0.000000 0.000000
0.000000 0.000000 0.352090 0.352090 0.352088 0.352090 0.352090 0.352090 0.352090 0.352090 0.352090 0.352090 0.352090 0.352090 0.352090 0.352090 0.352088 0.352090 0.352090 0.000000 0.000000
0.000000 0.000000 0.352927 0.352927 0.352925 0.352927 0.352927 0.352927 0.352927 0.352927 0.352927 0.352927 0.352927 0.352927 0.352927 0.352927 0.352925 0.352927 0.352927 0.000000 0.000000
0.000000 0.000000 0.353702 0.353702 0.353700 0.353702 0.353702 0.353702 0.353702 0.353702 0.353702 0.353702 0.353702 0.353702 0.353702 0.353702 0.353700 0.353702 0.353702 0.000000 0.000000
0.000000 0.000000 0.354433 0.354433 0.354432 0.354433 0.354433 0.354433 0.354433 0.354433 0.354433 0.354433 0.354433 0.354433 0.354433 0.354433 0.354432 0.354433 0.354433 0.000000 0.000000
0.000000 0.000000 0.355138 0.355138 0.355137 0.355138 0.355138 0.355138 0.355138 0.355138 0.355138 0.355138 0.355138 0.355138 0.355138 0.355138 0.355137 0.355138 0.355138 0.000000 0.000000
0.000000 0.000000 0.355823 0.355823 0.355822 0.355823 0.355823 0.355824 0.355824 0.355823 0.355823 0.355823 0.355824 0.355824 0.355823 0.355823 0.355822 0.355823 0.355823 0.000000 0.000000
0.000000 0.000000 0.356495 0.356495 0.356494 0.356495 0.356495 0.356495 0.356495 0.356495 0.356495 0.356495 0.356495 0.356495 0.356495 0.356495 0.356494 0.356495 0.356495 0.000000 0.000000
0.000000 0.000000 0.357154 0.357154 0.357153 0.357154 0.357154 0.357154 0.357154 0.357154 0.357154 0.357154 0.357154 0.357154 0.357154 0.357154 0.357153 0.357154 0.357154 0.000000 0.000000
0.000000 0.000000 0.357803 0.357803 0.357801 0.357803 0.357803 0.357803 0.357803 0.357803 0.357803 0.357803 0.357803 0.357803 0.357803 0.357803 0.357801 0.357803 0.357803 0.000000 0.000000
0.000000 0.000000 0.358444 0.358444 0.358443 0.358444 0.358444 0.358445 0.358445 0.358445 0.358444 0.358445 0.358445 0.358445 0.358444 0.358444 0.358443 0.358444 0.358444 0.000000 0.000000
0.000000 0.000000 0.359084 0.359084 0.359082 0.359084 0.359084 0.359084 0.359084 0.359084 0.359084 0.359084 0.359084 0.359084 0.359084 0.359084 0.359082 0.359084 0.359084 0.000000 0.000000
0.000000 0.000000 0.359715 0.359715 0.359714 0.359715 0.359715 0.359716 0.359716 0.359716 0.359715 0.359716 0.359716 0.359716 0.359715 0.359715 0.359714 0.359715 0.359715 0.000000 0.000000
0.000000 0.000000 0.360360 0.360360 0.360359 0.360360 0.360360 0.360360 0.360360 0.360360 0.360360 0.360360 0.360360 0.360360 0.360360 0.360360 0.360359 0.360360 0.360360 0.000000 0.000000
0.000000 0.000000 0.350000 0.350000 0.350000 0.350000 0.350000 0.350000 0.350000 0.350000 0.350000 0.350000 0.350000 0.350000 0.350000 0.350000 0.350000 0.350000 0.350000 0.000000 0.000000
0.000000 0.000000 0.000000 0.000000 0.000000 0.000000 0.000000 0.000000 0.000000 0.000000 0.000000 0.000000 0.000000 0.000000 0.000000 0.000000 0.000000 0.000000 0.000000 0.000000 0.000000