geotop/1.0zi/1.0Montebello/Templates/testdem/maps/_Eocsand1039.asc
ncols         21
nrows         20
xllcorner     100.000000
yllcorner     100.000000
cellsize      50.000000
NODATA_value  -9999.0
0.000000 0.000000 0.000000 0.000000 0.000000 0.000000 0.000000 0.000000 0.000000 0.000000 0.000000 0.000000 0.000000 0.000000 0.000000 0.000000 0.000000 0.000000 0.000000 0.000000 0.000000
0.000000 0.000000 0.300032 0.300032 0.300032 0.300032 0.300032 0.300032 0.300032 0.300032 0.300032 0.300032 0.300032 0.300032 0.300032 0.300032 0.300032 0.300032 0.300032 0.000000 0.000000
0.000000 0.000000 0.300004 0.300004 0.300004 0.300004 0.300004 0.300004 0.300004 0.300004 0.300004 0.300004 0.300004 0.300004 0.300004 0.300004 0.300004 0.300004 0.300004 0.000000 0.000000
0.000000 0.000000 0.299098 0.299098 0.299103 0.299101 0.299097 0.299098 0.299098 0.299097 0.299097 0.299097 0.299098 0.299098 0.299097 0.299101 0.299103 0.299098 0.299098 0.000000 0.000000
0.000000 0.000000 0.295975 0.295977 0.295981 0.295981 0.295975 0.295975 0.295976 0.295975 0.295975 0.295975 0.295976 0.295975 0.295975 0.295981 0.295981 0.295977 0.295975 0.000000 0.000000
0.000000 0.000000 0.292442 0.292444 0.292447 0.292447 0.292442 0.292443 0.292443 0.292442 0.292442 0.292442 0.292443 0.292443 0.292442 0.292447 0.292447 0.292444 0.292442 0.000000 0.000000
0.000000 0.000000 0.289138 0.289140 0.289142 0.289142 0.289138 0.289139 0.289139 0.289138 0.289138 0.289138 0.289139 0.289139 0.289138 0.289142 0.289142 0.289140 0.289138 0.000000 0.000000
0.000000 0.000000 0.286094 0.286095 0.286098 0.286097 0.286094 0.286094 0.286094 0.286094 0.286094 0.286094 0.286094 0.286094 0.286094 0.286097 0.286098 0.286095 0.286094 0.000000 0.000000
0.000000 0.000000 0.283238 0.283239 0.283242 0.283241 0.283238 0.283238 0.283239 0.283238 0.283238 0.283238 0.283239 0.283238 0.283238 0.283241 0.283242 0.283239 0.283238 0.000000 0.000000
0.000000 0.000000 0.280498 0.280499 0.280501 0.280501 0.280498 0.280498 0.280498 0.280498 0.280498 0.280498 0.280498 0.280498 0.280498 0.280501 0.280501 0.280499 0.280498 0.000000 0.000000
0.000000 0.000000 0.277846 0.277847 0.277849 0.277849 0.277846 0.277846 0.277846 0.277846 0.277846 0.277846 0.277846 0.277846 0.277846 0.277849 0.277849 0.277847 0.277846 0.000000 0.000000
0.000000 0.000000 0.275254 0.275255 0.275258 0.275257 0.275255 0.275255 0.275255 0.275254 0.275254 0.275254 0.275255 0.275255 0.275255 0.275257 0.275258 0.275255 0.275254 0.000000 0.000000
0.000000 0.000000 0.272704 0.272704 0.272707 0.272706 0.272704 0.272704 0.272704 0.272704 0.272704 0.272704 0.272704 0.272704 0.272704 0.272706 0.272707 0.272704 0.272704 0.000000 0.000000
0.000000 0.000000 0.270194 0.270194 0.270197 0.270196 0.270194 0.270194 0.270194 0.270193 0.270193 0.270193 0.270194 0.270194 0.270194 0.270196 0.270197 0.270194 0.270194 0.000000 0.000000
0.000000 0.000000 0.267710 0.267711 0.267714 0.267713 0.267711 0.267711 0.267711 0.267710 0.267710 0.267710 0.267711 0.267711 0.267711 0.267713 0.267714 0.267711 0.267710 0.000000 0.000000
0.000000 0.000000 0.265245 0.265246 0.265248 0.265248 0.265245 0.265245 0.265245 0.265245 0.265245 0.265245 0.265245 0.265245 0.265245 0.265248 0.265248 0.265246 0.265245 0.000000 0.000000
0.000000 0.000000 0.262805 0.262806 0.262809 0.262808 0.262805 0.262805 0.262806 0.262805 0.262805 0.262805 0.262806 0.262805 0.262805 0.262808 0.262809 0.262806 0.262805 0.000000 0.000000
0.000000 0.000000 0.260315 0.260315 0.260318 0.260317 0.260314 0.260315 0.260315 0.260314 0.260314 0.260314 0.260315 0.260315 0.260314 0.260317 0.260318 0.260315 0.260314 0.000000 0.000000
0.000000 0.000000 0.300000 0.300000 0.300000 0.300000 0.300000 0.300000 0.300000 0.300000 0.300000 0.300000 0.300000 0.300000 0.300000 0.300000 0.300000 0.300000 0.300000 0.000000 0.000000
0.000000 0.000000 0.000000 0.000000 0.000000 0.000000 0.000000 0.000000 0.000000 0.000000 0.000000 0.000000 0.000000 0.000000 0.000000 0.000000 0.000000 0.000000 0.000000 0.000000 0.000000