geotop/1.0zi/1.0Montebello/Templates/testdem/maps/_Eocclay1507.asc
ncols         21
nrows         20
xllcorner     100.000000
yllcorner     100.000000
cellsize      50.000000
NODATA_value  -9999.0
0.000000 0.000000 0.000000 0.000000 0.000000 0.000000 0.000000 0.000000 0.000000 0.000000 0.000000 0.000000 0.000000 0.000000 0.000000 0.000000 0.000000 0.000000 0.000000 0.000000 0.000000
0.000000 0.000000 0.349922 0.349922 0.349922 0.349922 0.349922 0.349922 0.349922 0.349922 0.349922 0.349922 0.349922 0.349922 0.349922 0.349922 0.349922 0.349922 0.349922 0.000000 0.000000
0.000000 0.000000 0.349994 0.349994 0.349994 0.349994 0.349994 0.349994 0.349994 0.349994 0.349994 0.349994 0.349994 0.349994 0.349994 0.349994 0.349994 0.349994 0.349994 0.000000 0.000000
0.000000 0.000000 0.350587 0.350587 0.350584 0.350585 0.350587 0.350587 0.350587 0.350587 0.350587 0.350587 0.350587 0.350587 0.350587 0.350585 0.350584 0.350587 0.350587 0.000000 0.000000
0.000000 0.000000 0.352861 0.352860 0.352859 0.352859 0.352862 0.352861 0.352861 0.352863 0.352862 0.352863 0.352861 0.352861 0.352862 0.352859 0.352859 0.352860 0.352861 0.000000 0.000000
0.000000 0.000000 0.355404 0.355404 0.355402 0.355402 0.355405 0.355404 0.355404 0.355405 0.355405 0.355405 0.355404 0.355404 0.355405 0.355402 0.355402 0.355404 0.355404 0.000000 0.000000
0.000000 0.000000 0.357818 0.357818 0.357816 0.357817 0.357819 0.357818 0.357818 0.357819 0.357819 0.357819 0.357818 0.357818 0.357819 0.357817 0.357816 0.357818 0.357818 0.000000 0.000000
0.000000 0.000000 0.360040 0.360039 0.360038 0.360038 0.360040 0.360040 0.360040 0.360040 0.360040 0.360040 0.360040 0.360040 0.360040 0.360038 0.360038 0.360039 0.360040 0.000000 0.000000
0.000000 0.000000 0.362121 0.362121 0.362119 0.362120 0.362122 0.362121 0.362121 0.362122 0.362122 0.362122 0.362121 0.362121 0.362122 0.362120 0.362119 0.362121 0.362121 0.000000 0.000000
0.000000 0.000000 0.364115 0.364114 0.364113 0.364113 0.364115 0.364115 0.364115 0.364115 0.364115 0.364115 0.364115 0.364115 0.364115 0.364113 0.364113 0.364114 0.364115 0.000000 0.000000
0.000000 0.000000 0.366041 0.366040 0.366039 0.366040 0.366041 0.366041 0.366041 0.366041 0.366041 0.366041 0.366041 0.366041 0.366041 0.366040 0.366039 0.366040 0.366041 0.000000 0.000000
0.000000 0.000000 0.367918 0.367918 0.367917 0.367917 0.367919 0.367918 0.367918 0.367919 0.367919 0.367919 0.367918 0.367918 0.367919 0.367917 0.367917 0.367918 0.367918 0.000000 0.000000
0.000000 0.000000 0.369762 0.369762 0.369761 0.369761 0.369763 0.369763 0.369763 0.369763 0.369763 0.369763 0.369763 0.369763 0.369763 0.369761 0.369761 0.369762 0.369762 0.000000 0.000000
0.000000 0.000000 0.371573 0.371572 0.371571 0.371572 0.371573 0.371573 0.371573 0.371573 0.371573 0.371573 0.371573 0.371573 0.371573 0.371572 0.371571 0.371572 0.371573 0.000000 0.000000
0.000000 0.000000 0.373356 0.373356 0.373354 0.373355 0.373356 0.373356 0.373356 0.373356 0.373356 0.373356 0.373356 0.373356 0.373356 0.373355 0.373354 0.373356 0.373356 0.000000 0.000000
0.000000 0.000000 0.375120 0.375119 0.375118 0.375119 0.375120 0.375120 0.375120 0.375120 0.375120 0.375120 0.375120 0.375120 0.375120 0.375119 0.375118 0.375119 0.375120 0.000000 0.000000
0.000000 0.000000 0.376862 0.376862 0.376861 0.376861 0.376863 0.376862 0.376862 0.376862 0.376862 0.376862 0.376862 0.376862 0.376863 0.376861 0.376861 0.376862 0.376862 0.000000 0.000000
0.000000 0.000000 0.378624 0.378624 0.378623 0.378624 0.378625 0.378625 0.378625 0.378625 0.378625 0.378625 0.378625 0.378625 0.378625 0.378624 0.378623 0.378624 0.378625 0.000000 0.000000
0.000000 0.000000 0.350000 0.350000 0.350000 0.350000 0.350000 0.350000 0.350000 0.350000 0.350000 0.350000 0.350000 0.350000 0.350000 0.350000 0.350000 0.350000 0.350000 0.000000 0.000000
0.000000 0.000000 0.000000 0.000000 0.000000 0.000000 0.000000 0.000000 0.000000 0.000000 0.000000 0.000000 0.000000 0.000000 0.000000 0.000000 0.000000 0.000000 0.000000 0.000000 0.000000