geotop/1.0zi/1.0Montebello/Templates/testdem/maps/_Eocclay9609.asc
ncols         21
nrows         20
xllcorner     100.000000
yllcorner     100.000000
cellsize      50.000000
NODATA_value  -9999.0
0.000000 0.000000 0.000000 0.000000 0.000000 0.000000 0.000000 0.000000 0.000000 0.000000 0.000000 0.000000 0.000000 0.000000 0.000000 0.000000 0.000000 0.000000 0.000000 0.000000 0.000000
0.000000 0.000000 0.349553 0.349556 0.349555 0.349555 0.349556 0.349556 0.349556 0.349556 0.349555 0.349556 0.349556 0.349556 0.349556 0.349556 0.349554 0.349555 0.349555 0.000000 0.000000
0.000000 0.000000 0.349981 0.349979 0.349979 0.349981 0.349979 0.349979 0.349979 0.349979 0.349979 0.349979 0.349980 0.349979 0.349980 0.349981 0.349981 0.349980 0.349979 0.000000 0.000000
0.000000 0.000000 0.350039 0.350043 0.350041 0.350037 0.350038 0.350038 0.350042 0.350040 0.350043 0.350040 0.350041 0.350040 0.350042 0.350045 0.350043 0.350045 0.350042 0.000000 0.000000
0.000000 0.000000 0.351453 0.351447 0.351441 0.351429 0.351411 0.351408 0.351405 0.351407 0.351405 0.351409 0.351409 0.351411 0.351421 0.351425 0.351436 0.351439 0.351448 0.000000 0.000000
0.000000 0.000000 0.355314 0.355309 0.355286 0.355251 0.355220 0.355189 0.355194 0.355188 0.355188 0.355187 0.355194 0.355192 0.355208 0.355238 0.355253 0.355266 0.355271 0.000000 0.000000
0.000000 0.000000 0.360464 0.360453 0.360439 0.360404 0.360364 0.360307 0.360307 0.360302 0.360298 0.360299 0.360301 0.360301 0.360347 0.360381 0.360400 0.360413 0.360421 0.000000 0.000000
0.000000 0.000000 0.366593 0.366581 0.366565 0.366520 0.366476 0.366424 0.366425 0.366418 0.366413 0.366410 0.366409 0.366418 0.366461 0.366496 0.366529 0.366537 0.366551 0.000000 0.000000
0.000000 0.000000 0.373287 0.373270 0.373246 0.373213 0.373162 0.373103 0.373109 0.373097 0.373089 0.373087 0.373090 0.373088 0.373146 0.373189 0.373214 0.373224 0.373236 0.000000 0.000000
0.000000 0.000000 0.380683 0.380657 0.380639 0.380603 0.380547 0.380485 0.380485 0.380477 0.380464 0.380469 0.380478 0.380475 0.380522 0.380578 0.380608 0.380619 0.380626 0.000000 0.000000
0.000000 0.000000 0.389104 0.389083 0.389064 0.388985 0.388958 0.388874 0.388891 0.388850 0.388853 0.388847 0.388835 0.388858 0.388910 0.388944 0.388986 0.389002 0.389038 0.000000 0.000000
0.000000 0.000000 0.398914 0.398871 0.398822 0.398784 0.398739 0.398634 0.398632 0.398627 0.398639 0.398602 0.398620 0.398615 0.398709 0.398762 0.398785 0.398798 0.398872 0.000000 0.000000
0.000000 0.000000 0.409981 0.409940 0.409928 0.409852 0.409798 0.409521 0.409516 0.409498 0.409401 0.409459 0.409467 0.409491 0.409696 0.409742 0.409843 0.409848 0.409868 0.000000 0.000000
0.000000 0.000000 0.423738 0.423718 0.423630 0.423575 0.423187 0.423318 0.423234 0.423233 0.423282 0.423230 0.423222 0.423183 0.423060 0.423485 0.423502 0.423601 0.423662 0.000000 0.000000
0.000000 0.000000 0.439668 0.439620 0.439539 0.439027 0.439236 0.438920 0.438845 0.438811 0.438696 0.438656 0.438715 0.438718 0.438996 0.438793 0.439463 0.439306 0.439284 0.000000 0.000000
0.000000 0.000000 0.454527 0.454498 0.453900 0.454222 0.454113 0.454141 0.454406 0.454336 0.454478 0.454454 0.454340 0.454484 0.454396 0.454494 0.453808 0.454726 0.454712 0.000000 0.000000
0.000000 0.000000 0.468234 0.467700 0.467893 0.467646 0.467373 0.467284 0.467100 0.467143 0.466956 0.466979 0.467088 0.466974 0.467122 0.467323 0.467852 0.467428 0.467986 0.000000 0.000000
0.000000 0.000000 0.472849 0.473079 0.473416 0.473357 0.473317 0.473003 0.473023 0.472944 0.473052 0.473026 0.473025 0.473052 0.473320 0.473351 0.473443 0.473125 0.472898 0.000000 0.000000
0.000000 0.000000 0.350000 0.350000 0.350000 0.350000 0.350000 0.350000 0.350000 0.350000 0.350000 0.350000 0.350000 0.350000 0.350000 0.350000 0.350000 0.350000 0.350000 0.000000 0.000000
0.000000 0.000000 0.000000 0.000000 0.000000 0.000000 0.000000 0.000000 0.000000 0.000000 0.000000 0.000000 0.000000 0.000000 0.000000 0.000000 0.000000 0.000000 0.000000 0.000000 0.000000