geotop/1.0zi/1.0Montebello/Templates/testdem/maps/_Eocsand8524.asc
ncols         21
nrows         20
xllcorner     100.000000
yllcorner     100.000000
cellsize      50.000000
NODATA_value  -9999.0
0.000000 0.000000 0.000000 0.000000 0.000000 0.000000 0.000000 0.000000 0.000000 0.000000 0.000000 0.000000 0.000000 0.000000 0.000000 0.000000 0.000000 0.000000 0.000000 0.000000 0.000000
0.000000 0.000000 0.300214 0.300212 0.300212 0.300212 0.300211 0.300211 0.300211 0.300211 0.300212 0.300211 0.300212 0.300212 0.300211 0.300212 0.300213 0.300213 0.300213 0.000000 0.000000
0.000000 0.000000 0.300012 0.300013 0.300013 0.300011 0.300012 0.300013 0.300013 0.300012 0.300013 0.300013 0.300012 0.300012 0.300012 0.300012 0.300013 0.300014 0.300014 0.000000 0.000000
0.000000 0.000000 0.299893 0.299892 0.299897 0.299905 0.299900 0.299908 0.299903 0.299906 0.299906 0.299906 0.299906 0.299907 0.299902 0.299898 0.299895 0.299892 0.299893 0.000000 0.000000
0.000000 0.000000 0.297873 0.297874 0.297888 0.297905 0.297931 0.297939 0.297943 0.297945 0.297946 0.297942 0.297941 0.297939 0.297917 0.297911 0.297898 0.297886 0.297875 0.000000 0.000000
0.000000 0.000000 0.291912 0.291917 0.291944 0.291994 0.292032 0.292079 0.292079 0.292092 0.292082 0.292082 0.292073 0.292077 0.292051 0.292018 0.291989 0.291969 0.291956 0.000000 0.000000
0.000000 0.000000 0.283546 0.283560 0.283579 0.283634 0.283704 0.283782 0.283782 0.283791 0.283789 0.283788 0.283789 0.283784 0.283716 0.283659 0.283624 0.283596 0.283580 0.000000 0.000000
0.000000 0.000000 0.273640 0.273650 0.273665 0.273729 0.273793 0.273879 0.273879 0.273891 0.273891 0.273895 0.273900 0.273884 0.273811 0.273756 0.273700 0.273686 0.273659 0.000000 0.000000
0.000000 0.000000 0.262985 0.263008 0.263037 0.263079 0.263153 0.263245 0.263239 0.263259 0.263264 0.263266 0.263263 0.263266 0.263175 0.263105 0.263061 0.263040 0.263017 0.000000 0.000000
0.000000 0.000000 0.251622 0.251647 0.251664 0.251705 0.251810 0.251893 0.251893 0.251903 0.251917 0.251906 0.251894 0.251900 0.251823 0.251739 0.251688 0.251670 0.251655 0.000000 0.000000
0.000000 0.000000 0.239163 0.239178 0.239197 0.239294 0.239362 0.239469 0.239441 0.239501 0.239488 0.239493 0.239512 0.239477 0.239402 0.239353 0.239283 0.239249 0.239202 0.000000 0.000000
0.000000 0.000000 0.225196 0.225241 0.225283 0.225336 0.225427 0.225549 0.225561 0.225571 0.225544 0.225588 0.225569 0.225568 0.225434 0.225364 0.225322 0.225294 0.225182 0.000000 0.000000
0.000000 0.000000 0.209941 0.209986 0.209991 0.210088 0.210158 0.210503 0.210510 0.210526 0.210624 0.210565 0.210550 0.210519 0.210253 0.210190 0.210057 0.210047 0.209993 0.000000 0.000000
0.000000 0.000000 0.191810 0.191824 0.191897 0.191960 0.192409 0.192352 0.192442 0.192441 0.192405 0.192439 0.192446 0.192481 0.192535 0.192065 0.192005 0.191882 0.191799 0.000000 0.000000
0.000000 0.000000 0.170275 0.170323 0.170415 0.170996 0.170913 0.171209 0.171333 0.171362 0.171466 0.171528 0.171461 0.171474 0.171184 0.171242 0.170475 0.170607 0.170601 0.000000 0.000000
0.000000 0.000000 0.146829 0.146871 0.147705 0.147428 0.147508 0.147561 0.147233 0.147332 0.147155 0.147206 0.147347 0.147143 0.147150 0.147095 0.147782 0.146554 0.146572 0.000000 0.000000
0.000000 0.000000 0.118379 0.119645 0.119304 0.119813 0.120444 0.120635 0.121011 0.120924 0.121317 0.121272 0.121043 0.121278 0.120946 0.120482 0.119352 0.120154 0.118838 0.000000 0.000000
0.000000 0.000000 0.109439 0.108265 0.107271 0.107256 0.107177 0.108144 0.107962 0.108251 0.107764 0.107859 0.107939 0.107775 0.106976 0.107037 0.107090 0.107837 0.108994 0.000000 0.000000
0.000000 0.000000 0.300000 0.300000 0.300000 0.300000 0.300000 0.300000 0.300000 0.300000 0.300000 0.300000 0.300000 0.300000 0.300000 0.300000 0.300000 0.300000 0.300000 0.000000 0.000000
0.000000 0.000000 0.000000 0.000000 0.000000 0.000000 0.000000 0.000000 0.000000 0.000000 0.000000 0.000000 0.000000 0.000000 0.000000 0.000000 0.000000 0.000000 0.000000 0.000000 0.000000