geotop/1.0zi/1.0Montebello/Templates/testdem/maps/_Eocclay176[.asc
ncols         21
nrows         20
xllcorner     100.000000
yllcorner     100.000000
cellsize      50.000000
NODATA_value  -9999.0
0.000000 0.000000 0.000000 0.000000 0.000000 0.000000 0.000000 0.000000 0.000000 0.000000 0.000000 0.000000 0.000000 0.000000 0.000000 0.000000 0.000000 0.000000 0.000000 0.000000 0.000000
0.000000 0.000000 0.349435 0.349438 0.349438 0.349436 0.349438 0.349439 0.349438 0.349439 0.349437 0.349438 0.349438 0.349438 0.349438 0.349438 0.349436 0.349437 0.349437 0.000000 0.000000
0.000000 0.000000 0.349974 0.349973 0.349972 0.349974 0.349972 0.349972 0.349972 0.349972 0.349972 0.349972 0.349972 0.349972 0.349973 0.349973 0.349974 0.349973 0.349972 0.000000 0.000000
0.000000 0.000000 0.350128 0.350137 0.350131 0.350128 0.350133 0.350133 0.350133 0.350130 0.350132 0.350129 0.350129 0.350131 0.350131 0.350136 0.350134 0.350133 0.350133 0.000000 0.000000
0.000000 0.000000 0.352306 0.352291 0.352282 0.352265 0.352241 0.352234 0.352229 0.352229 0.352226 0.352233 0.352234 0.352232 0.352240 0.352248 0.352263 0.352274 0.352281 0.000000 0.000000
0.000000 0.000000 0.357700 0.357689 0.357660 0.357613 0.357577 0.357538 0.357540 0.357531 0.357528 0.357530 0.357537 0.357532 0.357549 0.357590 0.357608 0.357627 0.357631 0.000000 0.000000
0.000000 0.000000 0.364879 0.364862 0.364838 0.364789 0.364741 0.364660 0.364653 0.364643 0.364643 0.364643 0.364643 0.364641 0.364699 0.364745 0.364771 0.364792 0.364798 0.000000 0.000000
0.000000 0.000000 0.373642 0.373622 0.373594 0.373524 0.373470 0.373395 0.373385 0.373375 0.373369 0.373368 0.373364 0.373373 0.373423 0.373473 0.373517 0.373531 0.373546 0.000000 0.000000
0.000000 0.000000 0.383771 0.383741 0.383698 0.383643 0.383576 0.383481 0.383476 0.383453 0.383450 0.383443 0.383445 0.383437 0.383513 0.383579 0.383613 0.383637 0.383649 0.000000 0.000000
0.000000 0.000000 0.395787 0.395738 0.395691 0.395636 0.395552 0.395451 0.395431 0.395417 0.395404 0.395409 0.395424 0.395415 0.395475 0.395564 0.395610 0.395636 0.395639 0.000000 0.000000
0.000000 0.000000 0.410565 0.410516 0.410480 0.410321 0.410289 0.410136 0.410162 0.410077 0.410103 0.410084 0.410046 0.410086 0.410165 0.410215 0.410287 0.410320 0.410381 0.000000 0.000000
0.000000 0.000000 0.428913 0.428812 0.428696 0.428647 0.428566 0.428366 0.428327 0.428337 0.428365 0.428297 0.428328 0.428297 0.428460 0.428567 0.428593 0.428628 0.428745 0.000000 0.000000
0.000000 0.000000 0.448529 0.448452 0.448453 0.448299 0.448202 0.447696 0.447652 0.447606 0.447412 0.447560 0.447553 0.447594 0.447949 0.448020 0.448217 0.448248 0.448196 0.000000 0.000000
0.000000 0.000000 0.466823 0.466812 0.466682 0.466635 0.466167 0.466459 0.466344 0.466340 0.466462 0.466351 0.466336 0.466265 0.466020 0.466544 0.466520 0.466645 0.466703 0.000000 0.000000
0.000000 0.000000 0.478277 0.478251 0.478193 0.477946 0.478002 0.477884 0.477838 0.477825 0.477774 0.477753 0.477780 0.477774 0.477871 0.477820 0.478128 0.478069 0.478061 0.000000 0.000000
0.000000 0.000000 0.485901 0.485883 0.485721 0.485710 0.485694 0.485662 0.485701 0.485681 0.485697 0.485681 0.485664 0.485693 0.485703 0.485720 0.485672 0.485856 0.485855 0.000000 0.000000
0.000000 0.000000 0.492015 0.491873 0.491897 0.491763 0.491718 0.491654 0.491599 0.491604 0.491544 0.491543 0.491575 0.491548 0.491616 0.491645 0.491860 0.491745 0.491878 0.000000 0.000000
0.000000 0.000000 0.495010 0.495145 0.495179 0.495156 0.495192 0.495071 0.495106 0.495069 0.495121 0.495106 0.495089 0.495120 0.495211 0.495180 0.495168 0.495161 0.495015 0.000000 0.000000
0.000000 0.000000 0.350000 0.350000 0.350000 0.350000 0.350000 0.350000 0.350000 0.350000 0.350000 0.350000 0.350000 0.350000 0.350000 0.350000 0.350000 0.350000 0.350000 0.000000 0.000000
0.000000 0.000000 0.000000 0.000000 0.000000 0.000000 0.000000 0.000000 0.000000 0.000000 0.000000 0.000000 0.000000 0.000000 0.000000 0.000000 0.000000 0.000000 0.000000 0.000000 0.000000