geotop/1.0zi/1.0Montebello/Templates/testdem/maps/_Eocclay6248.asc
ncols         21
nrows         20
xllcorner     100.000000
yllcorner     100.000000
cellsize      50.000000
NODATA_value  -9999.0
0.000000 0.000000 0.000000 0.000000 0.000000 0.000000 0.000000 0.000000 0.000000 0.000000 0.000000 0.000000 0.000000 0.000000 0.000000 0.000000 0.000000 0.000000 0.000000 0.000000 0.000000
0.000000 0.000000 0.349723 0.349724 0.349725 0.349723 0.349725 0.349725 0.349724 0.349724 0.349723 0.349725 0.349725 0.349724 0.349725 0.349725 0.349723 0.349723 0.349724 0.000000 0.000000
0.000000 0.000000 0.349989 0.349989 0.349989 0.349990 0.349988 0.349988 0.349988 0.349988 0.349988 0.349988 0.349989 0.349987 0.349989 0.349989 0.349990 0.349990 0.349987 0.000000 0.000000
0.000000 0.000000 0.349982 0.349985 0.349982 0.349982 0.349984 0.349984 0.349985 0.349982 0.349987 0.349984 0.349984 0.349984 0.349984 0.349986 0.349984 0.349986 0.349985 0.000000 0.000000
0.000000 0.000000 0.350559 0.350559 0.350556 0.350554 0.350541 0.350539 0.350539 0.350541 0.350538 0.350537 0.350532 0.350534 0.350541 0.350541 0.350546 0.350547 0.350555 0.000000 0.000000
0.000000 0.000000 0.352321 0.352321 0.352314 0.352292 0.352285 0.352267 0.352267 0.352262 0.352265 0.352267 0.352270 0.352270 0.352275 0.352289 0.352298 0.352309 0.352314 0.000000 0.000000
0.000000 0.000000 0.354950 0.354948 0.354943 0.354925 0.354903 0.354874 0.354874 0.354869 0.354871 0.354872 0.354873 0.354872 0.354894 0.354917 0.354928 0.354937 0.354945 0.000000 0.000000
0.000000 0.000000 0.358118 0.358118 0.358114 0.358092 0.358070 0.358039 0.358039 0.358036 0.358036 0.358035 0.358033 0.358038 0.358063 0.358083 0.358100 0.358106 0.358117 0.000000 0.000000
0.000000 0.000000 0.361375 0.361372 0.361363 0.361351 0.361329 0.361298 0.361300 0.361293 0.361291 0.361291 0.361291 0.361290 0.361319 0.361342 0.361357 0.361362 0.361371 0.000000 0.000000
0.000000 0.000000 0.364701 0.364695 0.364691 0.364680 0.364648 0.364620 0.364621 0.364617 0.364613 0.364617 0.364622 0.364618 0.364643 0.364670 0.364686 0.364689 0.364697 0.000000 0.000000
0.000000 0.000000 0.368179 0.368176 0.368172 0.368149 0.368127 0.368096 0.368102 0.368086 0.368087 0.368088 0.368084 0.368093 0.368113 0.368130 0.368149 0.368159 0.368173 0.000000 0.000000
0.000000 0.000000 0.371864 0.371857 0.371846 0.371829 0.371808 0.371770 0.371771 0.371763 0.371771 0.371761 0.371763 0.371766 0.371802 0.371819 0.371832 0.371838 0.371875 0.000000 0.000000
0.000000 0.000000 0.375689 0.375680 0.375675 0.375656 0.375637 0.375557 0.375556 0.375549 0.375532 0.375541 0.375547 0.375554 0.375614 0.375631 0.375661 0.375663 0.375689 0.000000 0.000000
0.000000 0.000000 0.379890 0.379885 0.379872 0.379857 0.379776 0.379759 0.379740 0.379739 0.379734 0.379737 0.379735 0.379733 0.379743 0.379827 0.379851 0.379871 0.379898 0.000000 0.000000
0.000000 0.000000 0.384574 0.384569 0.384550 0.384461 0.384438 0.384390 0.384359 0.384354 0.384338 0.384327 0.384339 0.384333 0.384372 0.384406 0.384530 0.384519 0.384535 0.000000 0.000000
0.000000 0.000000 0.389583 0.389577 0.389458 0.389445 0.389438 0.389410 0.389438 0.389422 0.389435 0.389422 0.389407 0.389434 0.389452 0.389462 0.389441 0.389594 0.389597 0.000000 0.000000
0.000000 0.000000 0.395437 0.395271 0.395228 0.395179 0.395097 0.395062 0.395044 0.395044 0.395005 0.395003 0.395021 0.395010 0.395054 0.395116 0.395215 0.395230 0.395403 0.000000 0.000000
0.000000 0.000000 0.399469 0.399504 0.399659 0.399623 0.399574 0.399420 0.399418 0.399382 0.399413 0.399403 0.399411 0.399417 0.399560 0.399595 0.399684 0.399528 0.399503 0.000000 0.000000
0.000000 0.000000 0.350000 0.350000 0.350000 0.350000 0.350000 0.350000 0.350000 0.350000 0.350000 0.350000 0.350000 0.350000 0.350000 0.350000 0.350000 0.350000 0.350000 0.000000 0.000000
0.000000 0.000000 0.000000 0.000000 0.000000 0.000000 0.000000 0.000000 0.000000 0.000000 0.000000 0.000000 0.000000 0.000000 0.000000 0.000000 0.000000 0.000000 0.000000 0.000000 0.000000