geotop/1.0zi/1.0Montebello/Templates/testdem/maps/_Eocclay1349.asc
ncols         21
nrows         20
xllcorner     100.000000
yllcorner     100.000000
cellsize      50.000000
NODATA_value  -9999.0
0.000000 0.000000 0.000000 0.000000 0.000000 0.000000 0.000000 0.000000 0.000000 0.000000 0.000000 0.000000 0.000000 0.000000 0.000000 0.000000 0.000000 0.000000 0.000000 0.000000 0.000000
0.000000 0.000000 0.349928 0.349928 0.349928 0.349928 0.349928 0.349928 0.349928 0.349928 0.349928 0.349928 0.349928 0.349928 0.349928 0.349928 0.349928 0.349928 0.349928 0.000000 0.000000
0.000000 0.000000 0.349994 0.349994 0.349993 0.349994 0.349994 0.349994 0.349994 0.349994 0.349994 0.349994 0.349994 0.349994 0.349994 0.349994 0.349993 0.349994 0.349994 0.000000 0.000000
0.000000 0.000000 0.350558 0.350557 0.350555 0.350556 0.350558 0.350557 0.350557 0.350558 0.350558 0.350558 0.350557 0.350557 0.350558 0.350556 0.350555 0.350557 0.350558 0.000000 0.000000
0.000000 0.000000 0.352615 0.352614 0.352612 0.352612 0.352615 0.352614 0.352614 0.352615 0.352615 0.352615 0.352614 0.352614 0.352615 0.352612 0.352612 0.352614 0.352615 0.000000 0.000000
0.000000 0.000000 0.354899 0.354898 0.354896 0.354897 0.354899 0.354899 0.354899 0.354899 0.354899 0.354899 0.354899 0.354899 0.354899 0.354897 0.354896 0.354898 0.354899 0.000000 0.000000
0.000000 0.000000 0.357078 0.357077 0.357075 0.357076 0.357078 0.357077 0.357077 0.357078 0.357078 0.357078 0.357077 0.357077 0.357078 0.357076 0.357075 0.357077 0.357078 0.000000 0.000000
0.000000 0.000000 0.359087 0.359086 0.359085 0.359085 0.359087 0.359087 0.359087 0.359087 0.359087 0.359087 0.359087 0.359087 0.359087 0.359085 0.359085 0.359086 0.359087 0.000000 0.000000
0.000000 0.000000 0.360970 0.360970 0.360968 0.360969 0.360971 0.360970 0.360970 0.360970 0.360970 0.360970 0.360970 0.360970 0.360971 0.360969 0.360968 0.360970 0.360970 0.000000 0.000000
0.000000 0.000000 0.362776 0.362776 0.362774 0.362775 0.362776 0.362776 0.362776 0.362776 0.362776 0.362776 0.362776 0.362776 0.362776 0.362775 0.362774 0.362776 0.362776 0.000000 0.000000
0.000000 0.000000 0.364523 0.364523 0.364521 0.364522 0.364523 0.364523 0.364523 0.364523 0.364523 0.364523 0.364523 0.364523 0.364523 0.364522 0.364521 0.364523 0.364523 0.000000 0.000000
0.000000 0.000000 0.366230 0.366230 0.366228 0.366229 0.366230 0.366230 0.366230 0.366230 0.366230 0.366230 0.366230 0.366230 0.366230 0.366229 0.366228 0.366230 0.366230 0.000000 0.000000
0.000000 0.000000 0.367908 0.367908 0.367907 0.367907 0.367909 0.367908 0.367908 0.367909 0.367908 0.367909 0.367908 0.367908 0.367909 0.367907 0.367907 0.367908 0.367908 0.000000 0.000000
0.000000 0.000000 0.369558 0.369557 0.369556 0.369556 0.369558 0.369558 0.369558 0.369558 0.369558 0.369558 0.369558 0.369558 0.369558 0.369556 0.369556 0.369557 0.369558 0.000000 0.000000
0.000000 0.000000 0.371186 0.371185 0.371184 0.371184 0.371186 0.371185 0.371185 0.371186 0.371186 0.371186 0.371185 0.371185 0.371186 0.371184 0.371184 0.371185 0.371186 0.000000 0.000000
0.000000 0.000000 0.372798 0.372798 0.372797 0.372797 0.372799 0.372798 0.372798 0.372799 0.372798 0.372799 0.372798 0.372798 0.372799 0.372797 0.372797 0.372798 0.372798 0.000000 0.000000
0.000000 0.000000 0.374394 0.374394 0.374392 0.374393 0.374394 0.374394 0.374394 0.374394 0.374394 0.374394 0.374394 0.374394 0.374394 0.374393 0.374392 0.374394 0.374394 0.000000 0.000000
0.000000 0.000000 0.376013 0.376013 0.376012 0.376012 0.376014 0.376013 0.376013 0.376014 0.376014 0.376014 0.376013 0.376013 0.376014 0.376012 0.376012 0.376013 0.376013 0.000000 0.000000
0.000000 0.000000 0.350000 0.350000 0.350000 0.350000 0.350000 0.350000 0.350000 0.350000 0.350000 0.350000 0.350000 0.350000 0.350000 0.350000 0.350000 0.350000 0.350000 0.000000 0.000000
0.000000 0.000000 0.000000 0.000000 0.000000 0.000000 0.000000 0.000000 0.000000 0.000000 0.000000 0.000000 0.000000 0.000000 0.000000 0.000000 0.000000 0.000000 0.000000 0.000000 0.000000