geotop/1.0zi/1.0Montebello/Templates/testdem/maps/_Eocsilt8145.asc
ncols         21
nrows         20
xllcorner     100.000000
yllcorner     100.000000
cellsize      50.000000
NODATA_value  -9999.0
0.000000 0.000000 0.000000 0.000000 0.000000 0.000000 0.000000 0.000000 0.000000 0.000000 0.000000 0.000000 0.000000 0.000000 0.000000 0.000000 0.000000 0.000000 0.000000 0.000000 0.000000
0.000000 0.000000 0.350170 0.350171 0.350171 0.350171 0.350170 0.350171 0.350171 0.350170 0.350171 0.350170 0.350170 0.350170 0.350170 0.350171 0.350171 0.350171 0.350170 0.000000 0.000000
0.000000 0.000000 0.350005 0.350005 0.350005 0.350005 0.350006 0.350005 0.350006 0.350006 0.350006 0.350006 0.350006 0.350006 0.350006 0.350005 0.350004 0.350004 0.350005 0.000000 0.000000
0.000000 0.000000 0.350103 0.350099 0.350097 0.350091 0.350093 0.350087 0.350090 0.350090 0.350087 0.350090 0.350089 0.350089 0.350092 0.350095 0.350099 0.350099 0.350100 0.000000 0.000000
0.000000 0.000000 0.351025 0.351031 0.351026 0.351016 0.351009 0.351001 0.350997 0.350996 0.350996 0.350996 0.350997 0.350999 0.351013 0.351017 0.351021 0.351031 0.351033 0.000000 0.000000
0.000000 0.000000 0.353736 0.353736 0.353726 0.353709 0.353690 0.353667 0.353667 0.353661 0.353665 0.353665 0.353666 0.353665 0.353677 0.353691 0.353703 0.353712 0.353717 0.000000 0.000000
0.000000 0.000000 0.357616 0.357613 0.357601 0.357575 0.357542 0.357507 0.357507 0.357503 0.357504 0.357502 0.357500 0.357505 0.357535 0.357562 0.357580 0.357596 0.357603 0.000000 0.000000
0.000000 0.000000 0.362209 0.362207 0.362200 0.362172 0.362141 0.362102 0.362102 0.362097 0.362096 0.362093 0.362091 0.362097 0.362131 0.362160 0.362187 0.362193 0.362206 0.000000 0.000000
0.000000 0.000000 0.367151 0.367142 0.367127 0.367108 0.367074 0.367030 0.367032 0.367022 0.367020 0.367018 0.367019 0.367018 0.367061 0.367096 0.367117 0.367129 0.367139 0.000000 0.000000
0.000000 0.000000 0.372355 0.372346 0.372337 0.372318 0.372271 0.372231 0.372232 0.372227 0.372220 0.372223 0.372229 0.372227 0.372263 0.372302 0.372327 0.372335 0.372343 0.000000 0.000000
0.000000 0.000000 0.377982 0.377976 0.377967 0.377926 0.377892 0.377846 0.377856 0.377831 0.377834 0.377833 0.377824 0.377840 0.377873 0.377898 0.377930 0.377947 0.377968 0.000000 0.000000
0.000000 0.000000 0.384227 0.384210 0.384190 0.384165 0.384127 0.384068 0.384064 0.384058 0.384071 0.384051 0.384057 0.384061 0.384121 0.384151 0.384173 0.384185 0.384238 0.000000 0.000000
0.000000 0.000000 0.390969 0.390953 0.390945 0.390907 0.390874 0.390723 0.390721 0.390712 0.390672 0.390693 0.390701 0.390715 0.390830 0.390861 0.390918 0.390925 0.390951 0.000000 0.000000
0.000000 0.000000 0.398853 0.398848 0.398815 0.398790 0.398602 0.398614 0.398575 0.398576 0.398587 0.398576 0.398570 0.398562 0.398546 0.398741 0.398773 0.398824 0.398862 0.000000 0.000000
0.000000 0.000000 0.408122 0.408105 0.408066 0.407829 0.407846 0.407727 0.407674 0.407661 0.407621 0.407592 0.407618 0.407613 0.407728 0.407725 0.408039 0.407992 0.408000 0.000000 0.000000
0.000000 0.000000 0.418259 0.418244 0.417903 0.417990 0.417965 0.417930 0.418055 0.418015 0.418081 0.418056 0.418001 0.418086 0.418095 0.418114 0.417873 0.418363 0.418357 0.000000 0.000000
0.000000 0.000000 0.430736 0.430207 0.430308 0.430112 0.429846 0.429768 0.429626 0.429659 0.429502 0.429516 0.429604 0.429518 0.429652 0.429848 0.430289 0.430014 0.430565 0.000000 0.000000
0.000000 0.000000 0.435476 0.435952 0.436398 0.436397 0.436413 0.435984 0.436052 0.435927 0.436127 0.436086 0.436057 0.436124 0.436483 0.436471 0.436481 0.436129 0.435664 0.000000 0.000000
0.000000 0.000000 0.350000 0.350000 0.350000 0.350000 0.350000 0.350000 0.350000 0.350000 0.350000 0.350000 0.350000 0.350000 0.350000 0.350000 0.350000 0.350000 0.350000 0.000000 0.000000
0.000000 0.000000 0.000000 0.000000 0.000000 0.000000 0.000000 0.000000 0.000000 0.000000 0.000000 0.000000 0.000000 0.000000 0.000000 0.000000 0.000000 0.000000 0.000000 0.000000 0.000000