geotop/1.0zi/1.0Montebello/Templates/testdem/maps/_Eocsilt3789.asc
ncols         21
nrows         20
xllcorner     100.000000
yllcorner     100.000000
cellsize      50.000000
NODATA_value  -9999.0
0.000000 0.000000 0.000000 0.000000 0.000000 0.000000 0.000000 0.000000 0.000000 0.000000 0.000000 0.000000 0.000000 0.000000 0.000000 0.000000 0.000000 0.000000 0.000000 0.000000 0.000000
0.000000 0.000000 0.350076 0.350076 0.350076 0.350076 0.350076 0.350076 0.350076 0.350076 0.350076 0.350076 0.350076 0.350076 0.350076 0.350076 0.350076 0.350076 0.350076 0.000000 0.000000
0.000000 0.000000 0.350001 0.350002 0.350002 0.350002 0.350003 0.350003 0.350003 0.350003 0.350003 0.350003 0.350003 0.350002 0.350002 0.350002 0.350001 0.350001 0.350001 0.000000 0.000000
0.000000 0.000000 0.350032 0.350031 0.350031 0.350027 0.350029 0.350026 0.350028 0.350028 0.350028 0.350028 0.350028 0.350027 0.350027 0.350030 0.350031 0.350032 0.350032 0.000000 0.000000
0.000000 0.000000 0.350373 0.350377 0.350374 0.350377 0.350374 0.350373 0.350371 0.350368 0.350368 0.350370 0.350372 0.350371 0.350372 0.350370 0.350370 0.350374 0.350376 0.000000 0.000000
0.000000 0.000000 0.351417 0.351419 0.351415 0.351408 0.351402 0.351388 0.351387 0.351383 0.351387 0.351389 0.351389 0.351391 0.351398 0.351403 0.351405 0.351404 0.351406 0.000000 0.000000
0.000000 0.000000 0.352952 0.352954 0.352951 0.352936 0.352920 0.352903 0.352904 0.352901 0.352905 0.352904 0.352906 0.352910 0.352925 0.352937 0.352940 0.352943 0.352949 0.000000 0.000000
0.000000 0.000000 0.354722 0.354721 0.354715 0.354700 0.354681 0.354662 0.354664 0.354660 0.354661 0.354661 0.354663 0.354667 0.354688 0.354703 0.354711 0.354711 0.354716 0.000000 0.000000
0.000000 0.000000 0.356497 0.356494 0.356486 0.356473 0.356455 0.356433 0.356434 0.356430 0.356431 0.356432 0.356434 0.356440 0.356459 0.356475 0.356481 0.356484 0.356491 0.000000 0.000000
0.000000 0.000000 0.358255 0.358253 0.358247 0.358233 0.358213 0.358194 0.358195 0.358193 0.358193 0.358194 0.358195 0.358199 0.358220 0.358236 0.358241 0.358243 0.358248 0.000000 0.000000
0.000000 0.000000 0.360015 0.360013 0.360006 0.359995 0.359979 0.359956 0.359958 0.359953 0.359954 0.359955 0.359956 0.359961 0.359979 0.359990 0.359998 0.360000 0.360006 0.000000 0.000000
0.000000 0.000000 0.361822 0.361820 0.361812 0.361797 0.361780 0.361757 0.361756 0.361753 0.361754 0.361754 0.361757 0.361762 0.361784 0.361798 0.361805 0.361806 0.361827 0.000000 0.000000
0.000000 0.000000 0.363638 0.363636 0.363628 0.363615 0.363595 0.363555 0.363554 0.363551 0.363551 0.363552 0.363553 0.363559 0.363595 0.363612 0.363618 0.363620 0.363633 0.000000 0.000000
0.000000 0.000000 0.365543 0.365538 0.365531 0.365519 0.365476 0.365462 0.365456 0.365453 0.365454 0.365454 0.365456 0.365461 0.365476 0.365513 0.365520 0.365526 0.365534 0.000000 0.000000
0.000000 0.000000 0.367579 0.367575 0.367560 0.367525 0.367501 0.367475 0.367462 0.367457 0.367452 0.367452 0.367458 0.367459 0.367481 0.367508 0.367546 0.367544 0.367549 0.000000 0.000000
0.000000 0.000000 0.369658 0.369654 0.369613 0.369601 0.369584 0.369568 0.369564 0.369563 0.369565 0.369564 0.369564 0.369576 0.369586 0.369598 0.369599 0.369637 0.369647 0.000000 0.000000
0.000000 0.000000 0.371942 0.371897 0.371859 0.371841 0.371809 0.371792 0.371787 0.371785 0.371780 0.371781 0.371786 0.371788 0.371801 0.371831 0.371848 0.371869 0.371916 0.000000 0.000000
0.000000 0.000000 0.373763 0.373750 0.373773 0.373750 0.373719 0.373669 0.373663 0.373658 0.373660 0.373660 0.373662 0.373670 0.373715 0.373743 0.373772 0.373729 0.373752 0.000000 0.000000
0.000000 0.000000 0.350000 0.350000 0.350000 0.350000 0.350000 0.350000 0.350000 0.350000 0.350000 0.350000 0.350000 0.350000 0.350000 0.350000 0.350000 0.350000 0.350000 0.000000 0.000000
0.000000 0.000000 0.000000 0.000000 0.000000 0.000000 0.000000 0.000000 0.000000 0.000000 0.000000 0.000000 0.000000 0.000000 0.000000 0.000000 0.000000 0.000000 0.000000 0.000000 0.000000