geotop/1.0zi/1.0Montebello/Templates/testdem/maps/_Eocsilt2311.asc
ncols         21
nrows         20
xllcorner     100.000000
yllcorner     100.000000
cellsize      50.000000
NODATA_value  -9999.0
0.000000 0.000000 0.000000 0.000000 0.000000 0.000000 0.000000 0.000000 0.000000 0.000000 0.000000 0.000000 0.000000 0.000000 0.000000 0.000000 0.000000 0.000000 0.000000 0.000000 0.000000
0.000000 0.000000 0.350056 0.350056 0.350056 0.350055 0.350056 0.350056 0.350056 0.350056 0.350056 0.350056 0.350056 0.350056 0.350056 0.350055 0.350056 0.350056 0.350056 0.000000 0.000000
0.000000 0.000000 0.349998 0.349998 0.349998 0.349998 0.349998 0.349998 0.349998 0.349998 0.349998 0.349998 0.349998 0.349998 0.349998 0.349998 0.349998 0.349998 0.349998 0.000000 0.000000
0.000000 0.000000 0.350761 0.350760 0.350758 0.350759 0.350761 0.350761 0.350761 0.350761 0.350761 0.350761 0.350761 0.350761 0.350761 0.350759 0.350758 0.350760 0.350761 0.000000 0.000000
0.000000 0.000000 0.353744 0.353744 0.353742 0.353742 0.353745 0.353744 0.353744 0.353745 0.353745 0.353745 0.353744 0.353744 0.353745 0.353742 0.353742 0.353744 0.353744 0.000000 0.000000
0.000000 0.000000 0.357633 0.357633 0.357631 0.357631 0.357634 0.357633 0.357633 0.357634 0.357634 0.357634 0.357633 0.357633 0.357634 0.357631 0.357631 0.357633 0.357633 0.000000 0.000000
0.000000 0.000000 0.361197 0.361197 0.361195 0.361196 0.361198 0.361197 0.361197 0.361198 0.361198 0.361198 0.361197 0.361197 0.361198 0.361196 0.361195 0.361197 0.361197 0.000000 0.000000
0.000000 0.000000 0.364454 0.364453 0.364452 0.364452 0.364454 0.364453 0.364453 0.364454 0.364454 0.364454 0.364453 0.364453 0.364454 0.364452 0.364452 0.364453 0.364454 0.000000 0.000000
0.000000 0.000000 0.367492 0.367491 0.367490 0.367491 0.367492 0.367492 0.367492 0.367492 0.367493 0.367492 0.367492 0.367492 0.367492 0.367491 0.367490 0.367491 0.367492 0.000000 0.000000
0.000000 0.000000 0.370385 0.370384 0.370383 0.370384 0.370385 0.370385 0.370385 0.370385 0.370385 0.370385 0.370385 0.370385 0.370385 0.370384 0.370383 0.370384 0.370385 0.000000 0.000000
0.000000 0.000000 0.373165 0.373165 0.373164 0.373164 0.373166 0.373165 0.373165 0.373166 0.373166 0.373166 0.373165 0.373165 0.373166 0.373164 0.373164 0.373165 0.373165 0.000000 0.000000
0.000000 0.000000 0.375857 0.375856 0.375855 0.375856 0.375857 0.375856 0.375856 0.375857 0.375857 0.375857 0.375856 0.375856 0.375857 0.375856 0.375855 0.375856 0.375857 0.000000 0.000000
0.000000 0.000000 0.378479 0.378479 0.378478 0.378478 0.378480 0.378479 0.378479 0.378480 0.378480 0.378480 0.378479 0.378479 0.378480 0.378478 0.378478 0.378479 0.378479 0.000000 0.000000
0.000000 0.000000 0.381044 0.381043 0.381042 0.381043 0.381044 0.381043 0.381044 0.381044 0.381044 0.381044 0.381044 0.381043 0.381044 0.381043 0.381042 0.381043 0.381044 0.000000 0.000000
0.000000 0.000000 0.383560 0.383559 0.383558 0.383559 0.383560 0.383559 0.383559 0.383560 0.383560 0.383560 0.383559 0.383559 0.383560 0.383559 0.383558 0.383559 0.383560 0.000000 0.000000
0.000000 0.000000 0.386030 0.386030 0.386029 0.386029 0.386030 0.386030 0.386030 0.386031 0.386031 0.386031 0.386030 0.386030 0.386030 0.386029 0.386029 0.386030 0.386030 0.000000 0.000000
0.000000 0.000000 0.388458 0.388458 0.388457 0.388457 0.388458 0.388458 0.388458 0.388459 0.388459 0.388459 0.388458 0.388458 0.388458 0.388457 0.388457 0.388458 0.388458 0.000000 0.000000
0.000000 0.000000 0.390879 0.390879 0.390878 0.390879 0.390880 0.390879 0.390879 0.390880 0.390880 0.390880 0.390879 0.390879 0.390880 0.390879 0.390878 0.390879 0.390879 0.000000 0.000000
0.000000 0.000000 0.350000 0.350000 0.350000 0.350000 0.350000 0.350000 0.350000 0.350000 0.350000 0.350000 0.350000 0.350000 0.350000 0.350000 0.350000 0.350000 0.350000 0.000000 0.000000
0.000000 0.000000 0.000000 0.000000 0.000000 0.000000 0.000000 0.000000 0.000000 0.000000 0.000000 0.000000 0.000000 0.000000 0.000000 0.000000 0.000000 0.000000 0.000000 0.000000 0.000000