geotop/1.0zi/1.0Montebello/Templates/testdem/maps/_Eocsand1854.asc
ncols         21
nrows         20
xllcorner     100.000000
yllcorner     100.000000
cellsize      50.000000
NODATA_value  -9999.0
0.000000 0.000000 0.000000 0.000000 0.000000 0.000000 0.000000 0.000000 0.000000 0.000000 0.000000 0.000000 0.000000 0.000000 0.000000 0.000000 0.000000 0.000000 0.000000 0.000000 0.000000
0.000000 0.000000 0.300055 0.300055 0.300055 0.300055 0.300055 0.300055 0.300055 0.300055 0.300055 0.300055 0.300055 0.300055 0.300055 0.300055 0.300055 0.300055 0.300055 0.000000 0.000000
0.000000 0.000000 0.300008 0.300009 0.300009 0.300008 0.300008 0.300008 0.300008 0.300008 0.300008 0.300008 0.300008 0.300008 0.300008 0.300008 0.300009 0.300009 0.300008 0.000000 0.000000
0.000000 0.000000 0.298667 0.298668 0.298673 0.298670 0.298667 0.298667 0.298667 0.298667 0.298667 0.298667 0.298667 0.298667 0.298667 0.298670 0.298673 0.298668 0.298667 0.000000 0.000000
0.000000 0.000000 0.293475 0.293477 0.293480 0.293480 0.293473 0.293475 0.293475 0.293473 0.293473 0.293473 0.293475 0.293475 0.293473 0.293480 0.293480 0.293477 0.293475 0.000000 0.000000
0.000000 0.000000 0.287244 0.287245 0.287248 0.287247 0.287242 0.287243 0.287244 0.287242 0.287242 0.287242 0.287244 0.287243 0.287242 0.287247 0.287248 0.287245 0.287244 0.000000 0.000000
0.000000 0.000000 0.281431 0.281431 0.281434 0.281433 0.281429 0.281430 0.281430 0.281429 0.281429 0.281429 0.281430 0.281430 0.281429 0.281433 0.281434 0.281431 0.281431 0.000000 0.000000
0.000000 0.000000 0.276092 0.276092 0.276095 0.276094 0.276091 0.276092 0.276092 0.276091 0.276090 0.276091 0.276092 0.276092 0.276091 0.276094 0.276095 0.276092 0.276092 0.000000 0.000000
0.000000 0.000000 0.271097 0.271098 0.271100 0.271099 0.271096 0.271097 0.271097 0.271096 0.271096 0.271096 0.271097 0.271097 0.271096 0.271099 0.271100 0.271098 0.271097 0.000000 0.000000
0.000000 0.000000 0.266324 0.266324 0.266327 0.266326 0.266323 0.266324 0.266324 0.266323 0.266323 0.266323 0.266324 0.266324 0.266323 0.266326 0.266327 0.266324 0.266324 0.000000 0.000000
0.000000 0.000000 0.261721 0.261722 0.261724 0.261723 0.261720 0.261721 0.261721 0.261720 0.261720 0.261720 0.261721 0.261721 0.261720 0.261723 0.261724 0.261722 0.261721 0.000000 0.000000
0.000000 0.000000 0.257245 0.257246 0.257248 0.257247 0.257244 0.257245 0.257245 0.257244 0.257244 0.257244 0.257245 0.257245 0.257244 0.257247 0.257248 0.257246 0.257245 0.000000 0.000000
0.000000 0.000000 0.252863 0.252863 0.252866 0.252865 0.252862 0.252863 0.252863 0.252862 0.252862 0.252862 0.252863 0.252863 0.252862 0.252865 0.252866 0.252863 0.252863 0.000000 0.000000
0.000000 0.000000 0.248569 0.248569 0.248571 0.248570 0.248568 0.248569 0.248569 0.248568 0.248567 0.248568 0.248569 0.248569 0.248568 0.248570 0.248571 0.248569 0.248569 0.000000 0.000000
0.000000 0.000000 0.244344 0.244344 0.244347 0.244346 0.244343 0.244344 0.244344 0.244343 0.244343 0.244343 0.244344 0.244344 0.244343 0.244346 0.244347 0.244344 0.244344 0.000000 0.000000
0.000000 0.000000 0.240176 0.240177 0.240179 0.240178 0.240176 0.240176 0.240176 0.240175 0.240175 0.240175 0.240176 0.240176 0.240176 0.240178 0.240179 0.240177 0.240176 0.000000 0.000000
0.000000 0.000000 0.236067 0.236067 0.236070 0.236069 0.236066 0.236067 0.236067 0.236066 0.236066 0.236066 0.236067 0.236067 0.236066 0.236069 0.236070 0.236067 0.236067 0.000000 0.000000
0.000000 0.000000 0.231936 0.231936 0.231938 0.231937 0.231935 0.231935 0.231935 0.231934 0.231934 0.231934 0.231935 0.231935 0.231935 0.231937 0.231938 0.231936 0.231935 0.000000 0.000000
0.000000 0.000000 0.300000 0.300000 0.300000 0.300000 0.300000 0.300000 0.300000 0.300000 0.300000 0.300000 0.300000 0.300000 0.300000 0.300000 0.300000 0.300000 0.300000 0.000000 0.000000
0.000000 0.000000 0.000000 0.000000 0.000000 0.000000 0.000000 0.000000 0.000000 0.000000 0.000000 0.000000 0.000000 0.000000 0.000000 0.000000 0.000000 0.000000 0.000000 0.000000 0.000000