geotop/1.0zi/1.0Montebello/Templates/testdem/maps/_Eocclay6565.asc
ncols         21
nrows         20
xllcorner     100.000000
yllcorner     100.000000
cellsize      50.000000
NODATA_value  -9999.0
0.000000 0.000000 0.000000 0.000000 0.000000 0.000000 0.000000 0.000000 0.000000 0.000000 0.000000 0.000000 0.000000 0.000000 0.000000 0.000000 0.000000 0.000000 0.000000 0.000000 0.000000
0.000000 0.000000 0.349707 0.349709 0.349709 0.349708 0.349709 0.349709 0.349709 0.349709 0.349708 0.349709 0.349709 0.349709 0.349709 0.349709 0.349707 0.349707 0.349708 0.000000 0.000000
0.000000 0.000000 0.349988 0.349988 0.349988 0.349989 0.349987 0.349987 0.349988 0.349987 0.349987 0.349987 0.349988 0.349986 0.349988 0.349988 0.349989 0.349989 0.349986 0.000000 0.000000
0.000000 0.000000 0.349983 0.349987 0.349984 0.349984 0.349986 0.349986 0.349987 0.349984 0.349989 0.349986 0.349986 0.349986 0.349986 0.349988 0.349986 0.349988 0.349987 0.000000 0.000000
0.000000 0.000000 0.350591 0.350590 0.350589 0.350587 0.350573 0.350571 0.350571 0.350574 0.350570 0.350570 0.350566 0.350568 0.350574 0.350574 0.350580 0.350581 0.350588 0.000000 0.000000
0.000000 0.000000 0.352461 0.352461 0.352453 0.352429 0.352421 0.352402 0.352402 0.352397 0.352400 0.352400 0.352404 0.352403 0.352407 0.352422 0.352434 0.352446 0.352452 0.000000 0.000000
0.000000 0.000000 0.355254 0.355252 0.355247 0.355228 0.355204 0.355174 0.355174 0.355169 0.355170 0.355171 0.355172 0.355171 0.355193 0.355217 0.355230 0.355240 0.355248 0.000000 0.000000
0.000000 0.000000 0.358607 0.358607 0.358601 0.358578 0.358554 0.358523 0.358523 0.358520 0.358519 0.358517 0.358516 0.358521 0.358545 0.358565 0.358586 0.358593 0.358604 0.000000 0.000000
0.000000 0.000000 0.362073 0.362070 0.362060 0.362046 0.362022 0.361990 0.361992 0.361986 0.361982 0.361981 0.361982 0.361981 0.362009 0.362036 0.362052 0.362058 0.362067 0.000000 0.000000
0.000000 0.000000 0.365631 0.365625 0.365620 0.365608 0.365573 0.365544 0.365545 0.365542 0.365536 0.365538 0.365545 0.365540 0.365565 0.365595 0.365613 0.365618 0.365625 0.000000 0.000000
0.000000 0.000000 0.369371 0.369368 0.369363 0.369337 0.369314 0.369280 0.369288 0.369271 0.369271 0.369270 0.369267 0.369277 0.369296 0.369314 0.369337 0.369348 0.369363 0.000000 0.000000
0.000000 0.000000 0.373354 0.373347 0.373335 0.373316 0.373293 0.373253 0.373253 0.373246 0.373254 0.373240 0.373244 0.373247 0.373283 0.373302 0.373319 0.373326 0.373364 0.000000 0.000000
0.000000 0.000000 0.377511 0.377503 0.377497 0.377474 0.377453 0.377366 0.377365 0.377359 0.377338 0.377347 0.377354 0.377361 0.377425 0.377444 0.377479 0.377483 0.377509 0.000000 0.000000
0.000000 0.000000 0.382115 0.382112 0.382097 0.382080 0.381988 0.381971 0.381951 0.381951 0.381947 0.381945 0.381946 0.381943 0.381947 0.382043 0.382071 0.382096 0.382124 0.000000 0.000000
0.000000 0.000000 0.387289 0.387284 0.387262 0.387159 0.387135 0.387084 0.387050 0.387045 0.387026 0.387012 0.387025 0.387018 0.387061 0.387094 0.387239 0.387226 0.387240 0.000000 0.000000
0.000000 0.000000 0.392853 0.392847 0.392708 0.392697 0.392690 0.392658 0.392694 0.392676 0.392692 0.392674 0.392659 0.392690 0.392705 0.392715 0.392688 0.392868 0.392870 0.000000 0.000000
0.000000 0.000000 0.399434 0.399237 0.399197 0.399137 0.399038 0.399000 0.398974 0.398977 0.398928 0.398924 0.398948 0.398933 0.398981 0.399055 0.399181 0.399186 0.399389 0.000000 0.000000
0.000000 0.000000 0.403795 0.403857 0.404042 0.404002 0.403950 0.403769 0.403769 0.403727 0.403767 0.403751 0.403761 0.403770 0.403932 0.403970 0.404069 0.403886 0.403838 0.000000 0.000000
0.000000 0.000000 0.350000 0.350000 0.350000 0.350000 0.350000 0.350000 0.350000 0.350000 0.350000 0.350000 0.350000 0.350000 0.350000 0.350000 0.350000 0.350000 0.350000 0.000000 0.000000
0.000000 0.000000 0.000000 0.000000 0.000000 0.000000 0.000000 0.000000 0.000000 0.000000 0.000000 0.000000 0.000000 0.000000 0.000000 0.000000 0.000000 0.000000 0.000000 0.000000 0.000000