geotop/1.0zi/1.0Montebello/Templates/testdem/maps/_Eocsilt5404.asc
ncols         21
nrows         20
xllcorner     100.000000
yllcorner     100.000000
cellsize      50.000000
NODATA_value  -9999.0
0.000000 0.000000 0.000000 0.000000 0.000000 0.000000 0.000000 0.000000 0.000000 0.000000 0.000000 0.000000 0.000000 0.000000 0.000000 0.000000 0.000000 0.000000 0.000000 0.000000 0.000000
0.000000 0.000000 0.350109 0.350109 0.350109 0.350109 0.350109 0.350109 0.350109 0.350109 0.350109 0.350109 0.350109 0.350109 0.350109 0.350109 0.350109 0.350109 0.350109 0.000000 0.000000
0.000000 0.000000 0.350002 0.350002 0.350003 0.350003 0.350003 0.350003 0.350003 0.350003 0.350003 0.350003 0.350004 0.350003 0.350003 0.350003 0.350002 0.350001 0.350002 0.000000 0.000000
0.000000 0.000000 0.350037 0.350037 0.350036 0.350031 0.350033 0.350031 0.350033 0.350034 0.350033 0.350032 0.350032 0.350031 0.350033 0.350036 0.350036 0.350038 0.350037 0.000000 0.000000
0.000000 0.000000 0.350440 0.350444 0.350442 0.350439 0.350436 0.350431 0.350430 0.350429 0.350426 0.350428 0.350429 0.350430 0.350435 0.350437 0.350437 0.350446 0.350449 0.000000 0.000000
0.000000 0.000000 0.351764 0.351768 0.351764 0.351751 0.351742 0.351727 0.351724 0.351721 0.351726 0.351728 0.351729 0.351726 0.351731 0.351736 0.351744 0.351747 0.351751 0.000000 0.000000
0.000000 0.000000 0.353817 0.353815 0.353812 0.353795 0.353776 0.353755 0.353757 0.353755 0.353757 0.353758 0.353755 0.353758 0.353772 0.353788 0.353795 0.353804 0.353809 0.000000 0.000000
0.000000 0.000000 0.356313 0.356314 0.356315 0.356299 0.356280 0.356258 0.356258 0.356256 0.356256 0.356256 0.356255 0.356256 0.356273 0.356291 0.356305 0.356307 0.356316 0.000000 0.000000
0.000000 0.000000 0.358932 0.358928 0.358923 0.358913 0.358894 0.358867 0.358868 0.358864 0.358862 0.358863 0.358863 0.358861 0.358885 0.358903 0.358916 0.358921 0.358928 0.000000 0.000000
0.000000 0.000000 0.361541 0.361537 0.361535 0.361529 0.361503 0.361480 0.361482 0.361479 0.361476 0.361480 0.361483 0.361479 0.361497 0.361518 0.361531 0.361532 0.361537 0.000000 0.000000
0.000000 0.000000 0.364201 0.364198 0.364199 0.364180 0.364163 0.364138 0.364144 0.364131 0.364132 0.364134 0.364130 0.364136 0.364150 0.364164 0.364177 0.364185 0.364196 0.000000 0.000000
0.000000 0.000000 0.366978 0.366972 0.366967 0.366954 0.366939 0.366909 0.366910 0.366903 0.366911 0.366904 0.366905 0.366907 0.366934 0.366945 0.366955 0.366959 0.366987 0.000000 0.000000
0.000000 0.000000 0.369808 0.369802 0.369801 0.369787 0.369774 0.369714 0.369715 0.369709 0.369697 0.369704 0.369708 0.369713 0.369755 0.369765 0.369787 0.369789 0.369809 0.000000 0.000000
0.000000 0.000000 0.372851 0.372847 0.372842 0.372833 0.372778 0.372762 0.372748 0.372748 0.372743 0.372746 0.372746 0.372744 0.372751 0.372804 0.372824 0.372838 0.372858 0.000000 0.000000
0.000000 0.000000 0.376172 0.376169 0.376157 0.376101 0.376082 0.376049 0.376026 0.376023 0.376012 0.376006 0.376013 0.376007 0.376031 0.376059 0.376141 0.376135 0.376148 0.000000 0.000000
0.000000 0.000000 0.379666 0.379661 0.379592 0.379576 0.379571 0.379548 0.379559 0.379551 0.379556 0.379548 0.379540 0.379554 0.379566 0.379575 0.379576 0.379666 0.379669 0.000000 0.000000
0.000000 0.000000 0.383606 0.383512 0.383473 0.383444 0.383400 0.383376 0.383370 0.383368 0.383348 0.383344 0.383352 0.383349 0.383375 0.383408 0.383462 0.383493 0.383587 0.000000 0.000000
0.000000 0.000000 0.386581 0.386574 0.386654 0.386629 0.386595 0.386506 0.386502 0.386483 0.386493 0.386488 0.386494 0.386496 0.386577 0.386599 0.386665 0.386581 0.386594 0.000000 0.000000
0.000000 0.000000 0.350000 0.350000 0.350000 0.350000 0.350000 0.350000 0.350000 0.350000 0.350000 0.350000 0.350000 0.350000 0.350000 0.350000 0.350000 0.350000 0.350000 0.000000 0.000000
0.000000 0.000000 0.000000 0.000000 0.000000 0.000000 0.000000 0.000000 0.000000 0.000000 0.000000 0.000000 0.000000 0.000000 0.000000 0.000000 0.000000 0.000000 0.000000 0.000000 0.000000