geotop/1.0zi/1.0Montebello/Templates/testdem/maps/_Eocclay1866.asc
ncols         21
nrows         20
xllcorner     100.000000
yllcorner     100.000000
cellsize      50.000000
NODATA_value  -9999.0
0.000000 0.000000 0.000000 0.000000 0.000000 0.000000 0.000000 0.000000 0.000000 0.000000 0.000000 0.000000 0.000000 0.000000 0.000000 0.000000 0.000000 0.000000 0.000000 0.000000 0.000000
0.000000 0.000000 0.349904 0.349904 0.349904 0.349904 0.349904 0.349904 0.349904 0.349904 0.349904 0.349904 0.349904 0.349904 0.349904 0.349904 0.349904 0.349904 0.349904 0.000000 0.000000
0.000000 0.000000 0.349993 0.349993 0.349993 0.349993 0.349993 0.349993 0.349993 0.349993 0.349993 0.349993 0.349993 0.349993 0.349993 0.349993 0.349993 0.349993 0.349993 0.000000 0.000000
0.000000 0.000000 0.350648 0.350648 0.350646 0.350647 0.350648 0.350648 0.350648 0.350648 0.350648 0.350648 0.350648 0.350648 0.350648 0.350647 0.350646 0.350648 0.350648 0.000000 0.000000
0.000000 0.000000 0.353370 0.353369 0.353367 0.353367 0.353371 0.353370 0.353370 0.353371 0.353371 0.353371 0.353370 0.353370 0.353371 0.353367 0.353367 0.353369 0.353370 0.000000 0.000000
0.000000 0.000000 0.356480 0.356479 0.356478 0.356478 0.356481 0.356480 0.356480 0.356481 0.356481 0.356481 0.356480 0.356480 0.356481 0.356478 0.356478 0.356479 0.356480 0.000000 0.000000
0.000000 0.000000 0.359433 0.359433 0.359431 0.359432 0.359434 0.359433 0.359433 0.359434 0.359434 0.359434 0.359433 0.359433 0.359434 0.359432 0.359431 0.359433 0.359433 0.000000 0.000000
0.000000 0.000000 0.362152 0.362152 0.362150 0.362151 0.362153 0.362152 0.362152 0.362153 0.362153 0.362153 0.362152 0.362152 0.362153 0.362151 0.362150 0.362152 0.362152 0.000000 0.000000
0.000000 0.000000 0.364697 0.364697 0.364696 0.364696 0.364698 0.364697 0.364697 0.364698 0.364698 0.364698 0.364697 0.364697 0.364698 0.364696 0.364696 0.364697 0.364697 0.000000 0.000000
0.000000 0.000000 0.367130 0.367130 0.367129 0.367129 0.367131 0.367130 0.367130 0.367131 0.367131 0.367131 0.367130 0.367130 0.367131 0.367129 0.367129 0.367130 0.367130 0.000000 0.000000
0.000000 0.000000 0.369477 0.369477 0.369476 0.369476 0.369478 0.369477 0.369477 0.369478 0.369478 0.369478 0.369477 0.369477 0.369478 0.369476 0.369476 0.369477 0.369477 0.000000 0.000000
0.000000 0.000000 0.371760 0.371760 0.371759 0.371759 0.371761 0.371760 0.371760 0.371761 0.371761 0.371761 0.371760 0.371760 0.371761 0.371759 0.371759 0.371760 0.371760 0.000000 0.000000
0.000000 0.000000 0.373996 0.373996 0.373994 0.373995 0.373996 0.373996 0.373996 0.373996 0.373997 0.373996 0.373996 0.373996 0.373996 0.373995 0.373994 0.373996 0.373996 0.000000 0.000000
0.000000 0.000000 0.376187 0.376187 0.376186 0.376186 0.376188 0.376187 0.376187 0.376188 0.376188 0.376188 0.376187 0.376187 0.376188 0.376186 0.376186 0.376187 0.376187 0.000000 0.000000
0.000000 0.000000 0.378344 0.378344 0.378342 0.378343 0.378344 0.378344 0.378344 0.378344 0.378345 0.378344 0.378344 0.378344 0.378344 0.378343 0.378342 0.378344 0.378344 0.000000 0.000000
0.000000 0.000000 0.380472 0.380472 0.380470 0.380471 0.380472 0.380472 0.380472 0.380472 0.380472 0.380472 0.380472 0.380472 0.380472 0.380471 0.380470 0.380472 0.380472 0.000000 0.000000
0.000000 0.000000 0.382571 0.382571 0.382569 0.382570 0.382571 0.382571 0.382571 0.382571 0.382571 0.382571 0.382571 0.382571 0.382571 0.382570 0.382569 0.382571 0.382571 0.000000 0.000000
0.000000 0.000000 0.384681 0.384681 0.384679 0.384680 0.384681 0.384681 0.384681 0.384681 0.384681 0.384681 0.384681 0.384681 0.384681 0.384680 0.384679 0.384681 0.384681 0.000000 0.000000
0.000000 0.000000 0.350000 0.350000 0.350000 0.350000 0.350000 0.350000 0.350000 0.350000 0.350000 0.350000 0.350000 0.350000 0.350000 0.350000 0.350000 0.350000 0.350000 0.000000 0.000000
0.000000 0.000000 0.000000 0.000000 0.000000 0.000000 0.000000 0.000000 0.000000 0.000000 0.000000 0.000000 0.000000 0.000000 0.000000 0.000000 0.000000 0.000000 0.000000 0.000000 0.000000