geotop/1.0zi/1.0Montebello/Templates/testdem/maps/_Eocsilt7442.asc
ncols         21
nrows         20
xllcorner     100.000000
yllcorner     100.000000
cellsize      50.000000
NODATA_value  -9999.0
0.000000 0.000000 0.000000 0.000000 0.000000 0.000000 0.000000 0.000000 0.000000 0.000000 0.000000 0.000000 0.000000 0.000000 0.000000 0.000000 0.000000 0.000000 0.000000 0.000000 0.000000
0.000000 0.000000 0.350152 0.350153 0.350153 0.350153 0.350153 0.350153 0.350153 0.350153 0.350153 0.350152 0.350152 0.350152 0.350152 0.350152 0.350153 0.350153 0.350152 0.000000 0.000000
0.000000 0.000000 0.350005 0.350004 0.350004 0.350004 0.350004 0.350004 0.350004 0.350004 0.350005 0.350005 0.350005 0.350005 0.350004 0.350004 0.350002 0.350002 0.350004 0.000000 0.000000
0.000000 0.000000 0.350103 0.350099 0.350098 0.350091 0.350093 0.350088 0.350091 0.350091 0.350088 0.350090 0.350090 0.350090 0.350092 0.350095 0.350099 0.350099 0.350100 0.000000 0.000000
0.000000 0.000000 0.350953 0.350959 0.350955 0.350945 0.350939 0.350933 0.350929 0.350928 0.350928 0.350928 0.350929 0.350931 0.350943 0.350948 0.350950 0.350960 0.350962 0.000000 0.000000
0.000000 0.000000 0.353320 0.353322 0.353312 0.353297 0.353279 0.353258 0.353257 0.353252 0.353255 0.353256 0.353257 0.353256 0.353267 0.353279 0.353291 0.353299 0.353304 0.000000 0.000000
0.000000 0.000000 0.356713 0.356709 0.356699 0.356675 0.356645 0.356614 0.356614 0.356611 0.356611 0.356610 0.356607 0.356612 0.356639 0.356664 0.356680 0.356695 0.356702 0.000000 0.000000
0.000000 0.000000 0.360755 0.360754 0.360748 0.360723 0.360694 0.360660 0.360660 0.360656 0.360654 0.360652 0.360650 0.360656 0.360686 0.360712 0.360737 0.360743 0.360754 0.000000 0.000000
0.000000 0.000000 0.365065 0.365057 0.365044 0.365027 0.364998 0.364958 0.364960 0.364951 0.364949 0.364947 0.364948 0.364947 0.364986 0.365017 0.365037 0.365047 0.365057 0.000000 0.000000
0.000000 0.000000 0.369541 0.369533 0.369526 0.369510 0.369468 0.369434 0.369434 0.369430 0.369424 0.369427 0.369431 0.369429 0.369461 0.369497 0.369519 0.369526 0.369533 0.000000 0.000000
0.000000 0.000000 0.374302 0.374296 0.374289 0.374254 0.374225 0.374186 0.374194 0.374173 0.374175 0.374174 0.374166 0.374181 0.374209 0.374231 0.374258 0.374273 0.374291 0.000000 0.000000
0.000000 0.000000 0.379497 0.379483 0.379467 0.379445 0.379413 0.379364 0.379362 0.379355 0.379366 0.379349 0.379353 0.379357 0.379408 0.379434 0.379452 0.379463 0.379508 0.000000 0.000000
0.000000 0.000000 0.385015 0.385001 0.384994 0.384964 0.384937 0.384816 0.384815 0.384807 0.384777 0.384791 0.384798 0.384810 0.384902 0.384928 0.384974 0.384980 0.385005 0.000000 0.000000
0.000000 0.000000 0.391320 0.391315 0.391291 0.391270 0.391129 0.391126 0.391096 0.391096 0.391099 0.391093 0.391090 0.391085 0.391082 0.391229 0.391258 0.391297 0.391329 0.000000 0.000000
0.000000 0.000000 0.398597 0.398586 0.398555 0.398386 0.398379 0.398296 0.398252 0.398243 0.398215 0.398192 0.398211 0.398206 0.398286 0.398305 0.398531 0.398504 0.398514 0.000000 0.000000
0.000000 0.000000 0.406545 0.406532 0.406294 0.406326 0.406312 0.406275 0.406353 0.406324 0.406363 0.406341 0.406306 0.406365 0.406385 0.406398 0.406272 0.406601 0.406598 0.000000 0.000000
0.000000 0.000000 0.416310 0.415939 0.415957 0.415833 0.415646 0.415590 0.415511 0.415528 0.415427 0.415431 0.415485 0.415439 0.415531 0.415669 0.415941 0.415826 0.416208 0.000000 0.000000
0.000000 0.000000 0.421240 0.421510 0.421854 0.421826 0.421799 0.421477 0.421507 0.421421 0.421541 0.421513 0.421505 0.421542 0.421823 0.421841 0.421915 0.421615 0.421356 0.000000 0.000000
0.000000 0.000000 0.350000 0.350000 0.350000 0.350000 0.350000 0.350000 0.350000 0.350000 0.350000 0.350000 0.350000 0.350000 0.350000 0.350000 0.350000 0.350000 0.350000 0.000000 0.000000
0.000000 0.000000 0.000000 0.000000 0.000000 0.000000 0.000000 0.000000 0.000000 0.000000 0.000000 0.000000 0.000000 0.000000 0.000000 0.000000 0.000000 0.000000 0.000000 0.000000 0.000000