geotop/1.0zi/1.0Montebello/Templates/testdem/maps/_Eocsilt4744.asc
ncols         21
nrows         20
xllcorner     100.000000
yllcorner     100.000000
cellsize      50.000000
NODATA_value  -9999.0
0.000000 0.000000 0.000000 0.000000 0.000000 0.000000 0.000000 0.000000 0.000000 0.000000 0.000000 0.000000 0.000000 0.000000 0.000000 0.000000 0.000000 0.000000 0.000000 0.000000 0.000000
0.000000 0.000000 0.350096 0.350096 0.350096 0.350096 0.350095 0.350096 0.350096 0.350096 0.350096 0.350096 0.350096 0.350096 0.350095 0.350096 0.350096 0.350096 0.350095 0.000000 0.000000
0.000000 0.000000 0.350002 0.350002 0.350003 0.350003 0.350003 0.350003 0.350004 0.350003 0.350003 0.350003 0.350003 0.350003 0.350003 0.350003 0.350002 0.350001 0.350002 0.000000 0.000000
0.000000 0.000000 0.350034 0.350033 0.350033 0.350028 0.350030 0.350027 0.350029 0.350030 0.350029 0.350029 0.350029 0.350028 0.350030 0.350032 0.350033 0.350035 0.350033 0.000000 0.000000
0.000000 0.000000 0.350387 0.350390 0.350389 0.350384 0.350382 0.350378 0.350377 0.350374 0.350373 0.350375 0.350376 0.350376 0.350381 0.350382 0.350383 0.350391 0.350394 0.000000 0.000000
0.000000 0.000000 0.351546 0.351549 0.351545 0.351533 0.351527 0.351512 0.351509 0.351504 0.351509 0.351511 0.351515 0.351514 0.351519 0.351525 0.351532 0.351533 0.351537 0.000000 0.000000
0.000000 0.000000 0.353369 0.353368 0.353362 0.353347 0.353330 0.353312 0.353313 0.353310 0.353314 0.353313 0.353310 0.353316 0.353328 0.353343 0.353349 0.353356 0.353362 0.000000 0.000000
0.000000 0.000000 0.355534 0.355531 0.355530 0.355516 0.355498 0.355480 0.355482 0.355478 0.355479 0.355479 0.355478 0.355478 0.355496 0.355515 0.355525 0.355527 0.355533 0.000000 0.000000
0.000000 0.000000 0.357785 0.357780 0.357774 0.357762 0.357745 0.357722 0.357724 0.357719 0.357720 0.357721 0.357720 0.357722 0.357740 0.357760 0.357768 0.357773 0.357782 0.000000 0.000000
0.000000 0.000000 0.360014 0.360010 0.360006 0.359995 0.359975 0.359956 0.359958 0.359955 0.359955 0.359956 0.359954 0.359954 0.359974 0.359993 0.360001 0.360005 0.360011 0.000000 0.000000
0.000000 0.000000 0.362265 0.362260 0.362257 0.362247 0.362232 0.362208 0.362210 0.362205 0.362205 0.362207 0.362205 0.362206 0.362223 0.362238 0.362247 0.362252 0.362260 0.000000 0.000000
0.000000 0.000000 0.364596 0.364592 0.364586 0.364573 0.364557 0.364534 0.364533 0.364530 0.364531 0.364531 0.364530 0.364530 0.364553 0.364570 0.364579 0.364583 0.364607 0.000000 0.000000
0.000000 0.000000 0.366961 0.366956 0.366951 0.366940 0.366921 0.366873 0.366873 0.366869 0.366869 0.366870 0.366867 0.366869 0.366911 0.366931 0.366941 0.366945 0.366960 0.000000 0.000000
0.000000 0.000000 0.369472 0.369463 0.369459 0.369448 0.369397 0.369384 0.369376 0.369373 0.369374 0.369374 0.369372 0.369373 0.369387 0.369436 0.369446 0.369456 0.369465 0.000000 0.000000
0.000000 0.000000 0.372183 0.372176 0.372162 0.372118 0.372093 0.372062 0.372048 0.372043 0.372037 0.372036 0.372039 0.372035 0.372059 0.372093 0.372147 0.372145 0.372152 0.000000 0.000000
0.000000 0.000000 0.374993 0.374986 0.374932 0.374922 0.374905 0.374890 0.374888 0.374886 0.374889 0.374890 0.374883 0.374894 0.374902 0.374917 0.374917 0.374976 0.374990 0.000000 0.000000
0.000000 0.000000 0.378127 0.378055 0.378012 0.377990 0.377952 0.377932 0.377927 0.377924 0.377917 0.377918 0.377919 0.377914 0.377930 0.377972 0.378000 0.378028 0.378099 0.000000 0.000000
0.000000 0.000000 0.380557 0.380543 0.380588 0.380561 0.380528 0.380458 0.380451 0.380444 0.380448 0.380448 0.380444 0.380450 0.380514 0.380550 0.380589 0.380529 0.380556 0.000000 0.000000
0.000000 0.000000 0.350000 0.350000 0.350000 0.350000 0.350000 0.350000 0.350000 0.350000 0.350000 0.350000 0.350000 0.350000 0.350000 0.350000 0.350000 0.350000 0.350000 0.000000 0.000000
0.000000 0.000000 0.000000 0.000000 0.000000 0.000000 0.000000 0.000000 0.000000 0.000000 0.000000 0.000000 0.000000 0.000000 0.000000 0.000000 0.000000 0.000000 0.000000 0.000000 0.000000