geotop/1.0zi/1.0Montebello/Templates/testdem/maps/_Eocsand7598.asc
ncols         21
nrows         20
xllcorner     100.000000
yllcorner     100.000000
cellsize      50.000000
NODATA_value  -9999.0
0.000000 0.000000 0.000000 0.000000 0.000000 0.000000 0.000000 0.000000 0.000000 0.000000 0.000000 0.000000 0.000000 0.000000 0.000000 0.000000 0.000000 0.000000 0.000000 0.000000 0.000000
0.000000 0.000000 0.300193 0.300191 0.300191 0.300191 0.300191 0.300190 0.300190 0.300191 0.300191 0.300191 0.300191 0.300191 0.300190 0.300190 0.300192 0.300192 0.300191 0.000000 0.000000
0.000000 0.000000 0.300010 0.300011 0.300010 0.300010 0.300010 0.300011 0.300011 0.300010 0.300011 0.300011 0.300010 0.300010 0.300010 0.300011 0.300011 0.300012 0.300013 0.000000 0.000000
0.000000 0.000000 0.299894 0.299893 0.299898 0.299905 0.299901 0.299909 0.299904 0.299906 0.299907 0.299906 0.299907 0.299908 0.299903 0.299898 0.299896 0.299893 0.299893 0.000000 0.000000
0.000000 0.000000 0.298084 0.298080 0.298089 0.298105 0.298126 0.298135 0.298141 0.298139 0.298143 0.298142 0.298146 0.298140 0.298117 0.298111 0.298100 0.298089 0.298080 0.000000 0.000000
0.000000 0.000000 0.293087 0.293088 0.293109 0.293151 0.293182 0.293227 0.293226 0.293238 0.293231 0.293230 0.293228 0.293228 0.293205 0.293175 0.293149 0.293126 0.293115 0.000000 0.000000
0.000000 0.000000 0.286038 0.286045 0.286063 0.286111 0.286170 0.286239 0.286239 0.286248 0.286246 0.286246 0.286250 0.286244 0.286184 0.286131 0.286099 0.286071 0.286057 0.000000 0.000000
0.000000 0.000000 0.277645 0.277649 0.277662 0.277716 0.277773 0.277848 0.277849 0.277856 0.277859 0.277863 0.277868 0.277854 0.277789 0.277738 0.277689 0.277673 0.277650 0.000000 0.000000
0.000000 0.000000 0.268753 0.268767 0.268793 0.268828 0.268888 0.268969 0.268965 0.268982 0.268987 0.268990 0.268989 0.268991 0.268911 0.268847 0.268809 0.268789 0.268769 0.000000 0.000000
0.000000 0.000000 0.259455 0.259472 0.259486 0.259519 0.259606 0.259678 0.259677 0.259686 0.259698 0.259692 0.259682 0.259686 0.259619 0.259546 0.259501 0.259486 0.259471 0.000000 0.000000
0.000000 0.000000 0.249485 0.249496 0.249511 0.249583 0.249643 0.249727 0.249709 0.249753 0.249749 0.249750 0.249766 0.249736 0.249677 0.249631 0.249575 0.249543 0.249506 0.000000 0.000000
0.000000 0.000000 0.238564 0.238592 0.238625 0.238672 0.238738 0.238842 0.238846 0.238861 0.238838 0.238872 0.238864 0.238856 0.238749 0.238696 0.238657 0.238634 0.238540 0.000000 0.000000
0.000000 0.000000 0.226906 0.226934 0.226948 0.227011 0.227069 0.227326 0.227329 0.227345 0.227410 0.227378 0.227363 0.227339 0.227142 0.227088 0.226990 0.226977 0.226926 0.000000 0.000000
0.000000 0.000000 0.213498 0.213509 0.213559 0.213604 0.213909 0.213910 0.213974 0.213974 0.213965 0.213978 0.213986 0.213996 0.214006 0.213690 0.213628 0.213543 0.213478 0.000000 0.000000
0.000000 0.000000 0.197933 0.197958 0.198023 0.198392 0.198398 0.198580 0.198674 0.198694 0.198756 0.198801 0.198762 0.198773 0.198596 0.198564 0.198071 0.198133 0.198114 0.000000 0.000000
0.000000 0.000000 0.180871 0.180897 0.181423 0.181337 0.181369 0.181444 0.181266 0.181330 0.181241 0.181286 0.181366 0.181236 0.181199 0.181171 0.181469 0.180735 0.180744 0.000000 0.000000
0.000000 0.000000 0.159741 0.160570 0.160503 0.160784 0.161200 0.161325 0.161510 0.161469 0.161698 0.161684 0.161563 0.161672 0.161465 0.161159 0.160534 0.160827 0.159973 0.000000 0.000000
0.000000 0.000000 0.149656 0.149003 0.148237 0.148285 0.148322 0.149041 0.148965 0.149160 0.148876 0.148939 0.148964 0.148875 0.148253 0.148229 0.148098 0.148752 0.149380 0.000000 0.000000
0.000000 0.000000 0.300000 0.300000 0.300000 0.300000 0.300000 0.300000 0.300000 0.300000 0.300000 0.300000 0.300000 0.300000 0.300000 0.300000 0.300000 0.300000 0.300000 0.000000 0.000000
0.000000 0.000000 0.000000 0.000000 0.000000 0.000000 0.000000 0.000000 0.000000 0.000000 0.000000 0.000000 0.000000 0.000000 0.000000 0.000000 0.000000 0.000000 0.000000 0.000000 0.000000