geotop/1.0zi/1.0Montebello/Templates/testdem/maps/_Eocsand7253.asc
ncols         21
nrows         20
xllcorner     100.000000
yllcorner     100.000000
cellsize      50.000000
NODATA_value  -9999.0
0.000000 0.000000 0.000000 0.000000 0.000000 0.000000 0.000000 0.000000 0.000000 0.000000 0.000000 0.000000 0.000000 0.000000 0.000000 0.000000 0.000000 0.000000 0.000000 0.000000 0.000000
0.000000 0.000000 0.300181 0.300179 0.300179 0.300179 0.300178 0.300178 0.300178 0.300179 0.300179 0.300179 0.300179 0.300179 0.300178 0.300179 0.300180 0.300180 0.300180 0.000000 0.000000
0.000000 0.000000 0.300010 0.300011 0.300010 0.300009 0.300010 0.300011 0.300010 0.300010 0.300010 0.300011 0.300009 0.300010 0.300010 0.300010 0.300011 0.300011 0.300012 0.000000 0.000000
0.000000 0.000000 0.299958 0.299957 0.299962 0.299967 0.299965 0.299968 0.299963 0.299967 0.299966 0.299966 0.299966 0.299967 0.299965 0.299960 0.299959 0.299955 0.299956 0.000000 0.000000
0.000000 0.000000 0.298422 0.298418 0.298427 0.298439 0.298458 0.298467 0.298470 0.298470 0.298471 0.298471 0.298474 0.298468 0.298450 0.298445 0.298440 0.298430 0.298417 0.000000 0.000000
0.000000 0.000000 0.293875 0.293875 0.293895 0.293934 0.293963 0.294006 0.294004 0.294016 0.294008 0.294008 0.294005 0.294005 0.293986 0.293958 0.293936 0.293915 0.293902 0.000000 0.000000
0.000000 0.000000 0.287375 0.287382 0.287400 0.287444 0.287500 0.287564 0.287562 0.287572 0.287569 0.287570 0.287573 0.287567 0.287514 0.287464 0.287436 0.287411 0.287394 0.000000 0.000000
0.000000 0.000000 0.279608 0.279611 0.279623 0.279673 0.279727 0.279797 0.279796 0.279804 0.279805 0.279811 0.279815 0.279801 0.279743 0.279695 0.279651 0.279637 0.279612 0.000000 0.000000
0.000000 0.000000 0.271429 0.271442 0.271468 0.271498 0.271555 0.271630 0.271625 0.271642 0.271646 0.271650 0.271648 0.271650 0.271578 0.271518 0.271484 0.271467 0.271445 0.000000 0.000000
0.000000 0.000000 0.262950 0.262966 0.262979 0.263007 0.263089 0.263156 0.263152 0.263162 0.263173 0.263168 0.263158 0.263162 0.263102 0.263034 0.262995 0.262982 0.262966 0.000000 0.000000
0.000000 0.000000 0.253942 0.253953 0.253968 0.254031 0.254084 0.254164 0.254146 0.254188 0.254183 0.254185 0.254199 0.254171 0.254119 0.254077 0.254028 0.254001 0.253963 0.000000 0.000000
0.000000 0.000000 0.244186 0.244212 0.244242 0.244284 0.244343 0.244438 0.244439 0.244456 0.244433 0.244465 0.244458 0.244450 0.244356 0.244309 0.244275 0.244256 0.244167 0.000000 0.000000
0.000000 0.000000 0.233860 0.233886 0.233900 0.233954 0.234006 0.234230 0.234232 0.234248 0.234301 0.234276 0.234262 0.234241 0.234072 0.234023 0.233941 0.233931 0.233876 0.000000 0.000000
0.000000 0.000000 0.222155 0.222167 0.222210 0.222249 0.222503 0.222523 0.222574 0.222577 0.222573 0.222583 0.222588 0.222595 0.222593 0.222329 0.222274 0.222204 0.222140 0.000000 0.000000
0.000000 0.000000 0.208725 0.208746 0.208804 0.209101 0.209130 0.209278 0.209359 0.209377 0.209425 0.209466 0.209433 0.209443 0.209305 0.209252 0.208854 0.208899 0.208872 0.000000 0.000000
0.000000 0.000000 0.194082 0.194105 0.194525 0.194490 0.194513 0.194592 0.194459 0.194514 0.194448 0.194492 0.194550 0.194448 0.194406 0.194381 0.194571 0.194004 0.194003 0.000000 0.000000
0.000000 0.000000 0.176206 0.176849 0.176863 0.177067 0.177391 0.177497 0.177613 0.177593 0.177757 0.177756 0.177670 0.177739 0.177580 0.177340 0.176897 0.177038 0.176375 0.000000 0.000000
0.000000 0.000000 0.166298 0.165897 0.165297 0.165366 0.165446 0.166021 0.165982 0.166130 0.165938 0.165988 0.165991 0.165935 0.165431 0.165374 0.165196 0.165743 0.166116 0.000000 0.000000
0.000000 0.000000 0.300000 0.300000 0.300000 0.300000 0.300000 0.300000 0.300000 0.300000 0.300000 0.300000 0.300000 0.300000 0.300000 0.300000 0.300000 0.300000 0.300000 0.000000 0.000000
0.000000 0.000000 0.000000 0.000000 0.000000 0.000000 0.000000 0.000000 0.000000 0.000000 0.000000 0.000000 0.000000 0.000000 0.000000 0.000000 0.000000 0.000000 0.000000 0.000000 0.000000