geotop/1.0zi/1.0Montebello/Templates/testdem/maps/_Eocsilt9034.asc
ncols         21
nrows         20
xllcorner     100.000000
yllcorner     100.000000
cellsize      50.000000
NODATA_value  -9999.0
0.000000 0.000000 0.000000 0.000000 0.000000 0.000000 0.000000 0.000000 0.000000 0.000000 0.000000 0.000000 0.000000 0.000000 0.000000 0.000000 0.000000 0.000000 0.000000 0.000000 0.000000
0.000000 0.000000 0.350192 0.350192 0.350192 0.350193 0.350192 0.350192 0.350192 0.350192 0.350193 0.350192 0.350192 0.350192 0.350192 0.350192 0.350193 0.350193 0.350192 0.000000 0.000000
0.000000 0.000000 0.350005 0.350005 0.350005 0.350005 0.350006 0.350006 0.350006 0.350006 0.350006 0.350006 0.350007 0.350006 0.350006 0.350005 0.350004 0.350004 0.350005 0.000000 0.000000
0.000000 0.000000 0.350121 0.350117 0.350111 0.350107 0.350107 0.350102 0.350105 0.350105 0.350102 0.350105 0.350105 0.350105 0.350107 0.350111 0.350116 0.350117 0.350119 0.000000 0.000000
0.000000 0.000000 0.351249 0.351254 0.351244 0.351228 0.351220 0.351215 0.351217 0.351214 0.351214 0.351216 0.351220 0.351218 0.351232 0.351238 0.351241 0.351245 0.351247 0.000000 0.000000
0.000000 0.000000 0.354425 0.354420 0.354408 0.354388 0.354360 0.354340 0.354338 0.354331 0.354336 0.354337 0.354340 0.354338 0.354353 0.354370 0.354380 0.354384 0.354391 0.000000 0.000000
0.000000 0.000000 0.358940 0.358930 0.358916 0.358885 0.358848 0.358803 0.358806 0.358803 0.358802 0.358801 0.358798 0.358803 0.358841 0.358869 0.358887 0.358899 0.358906 0.000000 0.000000
0.000000 0.000000 0.364281 0.364270 0.364260 0.364226 0.364189 0.364147 0.364149 0.364143 0.364142 0.364139 0.364137 0.364145 0.364181 0.364213 0.364242 0.364243 0.364257 0.000000 0.000000
0.000000 0.000000 0.370092 0.370076 0.370058 0.370033 0.369991 0.369941 0.369945 0.369935 0.369931 0.369929 0.369932 0.369930 0.369981 0.370018 0.370040 0.370046 0.370060 0.000000 0.000000
0.000000 0.000000 0.376358 0.376339 0.376327 0.376301 0.376243 0.376199 0.376201 0.376195 0.376187 0.376191 0.376197 0.376195 0.376236 0.376283 0.376308 0.376314 0.376321 0.000000 0.000000
0.000000 0.000000 0.383290 0.383276 0.383263 0.383205 0.383167 0.383111 0.383126 0.383092 0.383098 0.383094 0.383083 0.383102 0.383145 0.383174 0.383209 0.383220 0.383248 0.000000 0.000000
0.000000 0.000000 0.391175 0.391148 0.391115 0.391084 0.391032 0.390963 0.390963 0.390958 0.390971 0.390945 0.390957 0.390957 0.391032 0.391072 0.391090 0.391097 0.391159 0.000000 0.000000
0.000000 0.000000 0.399880 0.399850 0.399843 0.399781 0.399740 0.399538 0.399538 0.399528 0.399466 0.399502 0.399509 0.399528 0.399684 0.399721 0.399794 0.399792 0.399817 0.000000 0.000000
0.000000 0.000000 0.410402 0.410390 0.410336 0.410297 0.410020 0.410080 0.410028 0.410029 0.410057 0.410029 0.410023 0.410000 0.409948 0.410243 0.410265 0.410329 0.410376 0.000000 0.000000
0.000000 0.000000 0.422848 0.422808 0.422748 0.422387 0.422474 0.422282 0.422219 0.422200 0.422130 0.422094 0.422134 0.422132 0.422315 0.422243 0.422713 0.422607 0.422603 0.000000 0.000000
0.000000 0.000000 0.435816 0.435785 0.435292 0.435493 0.435428 0.435424 0.435631 0.435572 0.435681 0.435656 0.435567 0.435687 0.435657 0.435712 0.435239 0.435961 0.435949 0.000000 0.000000
0.000000 0.000000 0.450001 0.449392 0.449588 0.449320 0.449017 0.448925 0.448727 0.448775 0.448573 0.448596 0.448713 0.448590 0.448755 0.448978 0.449559 0.449108 0.449735 0.000000 0.000000
0.000000 0.000000 0.454250 0.454664 0.455065 0.455040 0.455044 0.454651 0.454715 0.454601 0.454783 0.454745 0.454720 0.454778 0.455106 0.455105 0.455123 0.454794 0.454380 0.000000 0.000000
0.000000 0.000000 0.350000 0.350000 0.350000 0.350000 0.350000 0.350000 0.350000 0.350000 0.350000 0.350000 0.350000 0.350000 0.350000 0.350000 0.350000 0.350000 0.350000 0.000000 0.000000
0.000000 0.000000 0.000000 0.000000 0.000000 0.000000 0.000000 0.000000 0.000000 0.000000 0.000000 0.000000 0.000000 0.000000 0.000000 0.000000 0.000000 0.000000 0.000000 0.000000 0.000000