geotop/1.0zi/1.0Montebello/Templates/testdem/maps/_Eocclay5540.asc
ncols         21
nrows         20
xllcorner     100.000000
yllcorner     100.000000
cellsize      50.000000
NODATA_value  -9999.0
0.000000 0.000000 0.000000 0.000000 0.000000 0.000000 0.000000 0.000000 0.000000 0.000000 0.000000 0.000000 0.000000 0.000000 0.000000 0.000000 0.000000 0.000000 0.000000 0.000000 0.000000
0.000000 0.000000 0.349751 0.349751 0.349751 0.349752 0.349752 0.349752 0.349751 0.349752 0.349752 0.349752 0.349752 0.349751 0.349752 0.349752 0.349751 0.349751 0.349751 0.000000 0.000000
0.000000 0.000000 0.349990 0.349990 0.349990 0.349990 0.349989 0.349989 0.349990 0.349990 0.349989 0.349989 0.349990 0.349990 0.349990 0.349990 0.349990 0.349990 0.349990 0.000000 0.000000
0.000000 0.000000 0.349990 0.349992 0.349990 0.349991 0.349993 0.349993 0.349993 0.349991 0.349993 0.349991 0.349991 0.349991 0.349993 0.349994 0.349992 0.349993 0.349992 0.000000 0.000000
0.000000 0.000000 0.350441 0.350441 0.350441 0.350436 0.350425 0.350422 0.350423 0.350424 0.350423 0.350424 0.350419 0.350420 0.350424 0.350423 0.350428 0.350430 0.350434 0.000000 0.000000
0.000000 0.000000 0.351970 0.351971 0.351966 0.351948 0.351942 0.351926 0.351925 0.351921 0.351925 0.351924 0.351928 0.351928 0.351931 0.351942 0.351948 0.351959 0.351964 0.000000 0.000000
0.000000 0.000000 0.354209 0.354207 0.354205 0.354189 0.354170 0.354143 0.354143 0.354140 0.354141 0.354144 0.354144 0.354142 0.354160 0.354180 0.354189 0.354198 0.354204 0.000000 0.000000
0.000000 0.000000 0.356939 0.356939 0.356938 0.356919 0.356900 0.356872 0.356872 0.356869 0.356870 0.356870 0.356868 0.356872 0.356892 0.356908 0.356922 0.356928 0.356937 0.000000 0.000000
0.000000 0.000000 0.359698 0.359695 0.359690 0.359680 0.359661 0.359633 0.359635 0.359630 0.359628 0.359629 0.359629 0.359627 0.359651 0.359669 0.359682 0.359685 0.359693 0.000000 0.000000
0.000000 0.000000 0.362486 0.362481 0.362480 0.362472 0.362444 0.362420 0.362422 0.362418 0.362415 0.362419 0.362422 0.362418 0.362438 0.362460 0.362473 0.362476 0.362481 0.000000 0.000000
0.000000 0.000000 0.365374 0.365371 0.365371 0.365352 0.365333 0.365305 0.365311 0.365298 0.365298 0.365300 0.365296 0.365303 0.365318 0.365332 0.365347 0.365355 0.365367 0.000000 0.000000
0.000000 0.000000 0.368393 0.368386 0.368379 0.368366 0.368349 0.368316 0.368318 0.368310 0.368318 0.368310 0.368311 0.368313 0.368341 0.368354 0.368364 0.368369 0.368400 0.000000 0.000000
0.000000 0.000000 0.371487 0.371481 0.371479 0.371464 0.371449 0.371383 0.371384 0.371378 0.371365 0.371372 0.371377 0.371381 0.371428 0.371440 0.371463 0.371465 0.371488 0.000000 0.000000
0.000000 0.000000 0.374835 0.374831 0.374823 0.374813 0.374751 0.374734 0.374719 0.374718 0.374713 0.374716 0.374717 0.374714 0.374721 0.374782 0.374802 0.374818 0.374841 0.000000 0.000000
0.000000 0.000000 0.378510 0.378505 0.378492 0.378429 0.378408 0.378371 0.378345 0.378341 0.378329 0.378323 0.378330 0.378324 0.378350 0.378381 0.378472 0.378465 0.378479 0.000000 0.000000
0.000000 0.000000 0.382384 0.382379 0.382298 0.382283 0.382278 0.382253 0.382269 0.382259 0.382266 0.382256 0.382246 0.382262 0.382276 0.382284 0.382280 0.382385 0.382388 0.000000 0.000000
0.000000 0.000000 0.386797 0.386686 0.386646 0.386614 0.386561 0.386534 0.386526 0.386524 0.386500 0.386496 0.386506 0.386502 0.386531 0.386569 0.386632 0.386661 0.386772 0.000000 0.000000
0.000000 0.000000 0.390063 0.390063 0.390161 0.390134 0.390090 0.389986 0.389983 0.389960 0.389974 0.389968 0.389975 0.389977 0.390071 0.390101 0.390172 0.390071 0.390078 0.000000 0.000000
0.000000 0.000000 0.350000 0.350000 0.350000 0.350000 0.350000 0.350000 0.350000 0.350000 0.350000 0.350000 0.350000 0.350000 0.350000 0.350000 0.350000 0.350000 0.350000 0.000000 0.000000
0.000000 0.000000 0.000000 0.000000 0.000000 0.000000 0.000000 0.000000 0.000000 0.000000 0.000000 0.000000 0.000000 0.000000 0.000000 0.000000 0.000000 0.000000 0.000000 0.000000 0.000000