geotop/1.0zi/1.0Montebello/Templates/testdem/maps/_Eocsilt5194.asc
ncols         21
nrows         20
xllcorner     100.000000
yllcorner     100.000000
cellsize      50.000000
NODATA_value  -9999.0
0.000000 0.000000 0.000000 0.000000 0.000000 0.000000 0.000000 0.000000 0.000000 0.000000 0.000000 0.000000 0.000000 0.000000 0.000000 0.000000 0.000000 0.000000 0.000000 0.000000 0.000000
0.000000 0.000000 0.350106 0.350106 0.350106 0.350106 0.350106 0.350106 0.350106 0.350106 0.350106 0.350106 0.350106 0.350106 0.350106 0.350106 0.350106 0.350106 0.350105 0.000000 0.000000
0.000000 0.000000 0.350002 0.350002 0.350002 0.350003 0.350003 0.350003 0.350003 0.350003 0.350003 0.350003 0.350003 0.350003 0.350003 0.350002 0.350001 0.350001 0.350002 0.000000 0.000000
0.000000 0.000000 0.350037 0.350037 0.350036 0.350031 0.350033 0.350031 0.350033 0.350034 0.350033 0.350032 0.350032 0.350031 0.350033 0.350036 0.350036 0.350038 0.350037 0.000000 0.000000
0.000000 0.000000 0.350429 0.350433 0.350432 0.350428 0.350425 0.350422 0.350420 0.350418 0.350416 0.350418 0.350419 0.350419 0.350424 0.350425 0.350425 0.350433 0.350437 0.000000 0.000000
0.000000 0.000000 0.351723 0.351726 0.351722 0.351710 0.351703 0.351687 0.351685 0.351680 0.351684 0.351686 0.351690 0.351688 0.351693 0.351699 0.351707 0.351711 0.351715 0.000000 0.000000
0.000000 0.000000 0.353733 0.353732 0.353728 0.353711 0.353693 0.353674 0.353674 0.353672 0.353675 0.353675 0.353672 0.353676 0.353690 0.353705 0.353713 0.353721 0.353727 0.000000 0.000000
0.000000 0.000000 0.356158 0.356159 0.356159 0.356143 0.356125 0.356104 0.356105 0.356102 0.356102 0.356102 0.356101 0.356104 0.356120 0.356137 0.356152 0.356154 0.356163 0.000000 0.000000
0.000000 0.000000 0.358700 0.358696 0.358689 0.358679 0.358662 0.358636 0.358637 0.358632 0.358631 0.358632 0.358633 0.358631 0.358654 0.358673 0.358686 0.358690 0.358698 0.000000 0.000000
0.000000 0.000000 0.361225 0.361221 0.361218 0.361212 0.361187 0.361166 0.361168 0.361164 0.361161 0.361165 0.361168 0.361166 0.361183 0.361204 0.361217 0.361218 0.361223 0.000000 0.000000
0.000000 0.000000 0.363796 0.363794 0.363794 0.363775 0.363759 0.363736 0.363741 0.363728 0.363729 0.363731 0.363729 0.363735 0.363749 0.363762 0.363776 0.363783 0.363794 0.000000 0.000000
0.000000 0.000000 0.366476 0.366469 0.366463 0.366450 0.366437 0.366408 0.366410 0.366402 0.366410 0.366403 0.366405 0.366408 0.366433 0.366445 0.366455 0.366458 0.366487 0.000000 0.000000
0.000000 0.000000 0.369200 0.369194 0.369192 0.369178 0.369166 0.369110 0.369110 0.369105 0.369093 0.369100 0.369105 0.369110 0.369150 0.369161 0.369182 0.369183 0.369205 0.000000 0.000000
0.000000 0.000000 0.372124 0.372120 0.372113 0.372105 0.372053 0.372038 0.372025 0.372024 0.372020 0.372023 0.372024 0.372023 0.372029 0.372080 0.372099 0.372113 0.372134 0.000000 0.000000
0.000000 0.000000 0.375304 0.375301 0.375288 0.375235 0.375218 0.375187 0.375165 0.375161 0.375151 0.375145 0.375153 0.375149 0.375170 0.375198 0.375277 0.375271 0.375285 0.000000 0.000000
0.000000 0.000000 0.378638 0.378633 0.378567 0.378551 0.378547 0.378527 0.378537 0.378528 0.378533 0.378526 0.378519 0.378534 0.378545 0.378555 0.378557 0.378641 0.378645 0.000000 0.000000
0.000000 0.000000 0.382384 0.382296 0.382257 0.382230 0.382190 0.382169 0.382163 0.382160 0.382143 0.382139 0.382146 0.382146 0.382169 0.382201 0.382252 0.382282 0.382371 0.000000 0.000000
0.000000 0.000000 0.385234 0.385225 0.385299 0.385274 0.385243 0.385161 0.385157 0.385138 0.385147 0.385142 0.385150 0.385153 0.385229 0.385251 0.385315 0.385235 0.385251 0.000000 0.000000
0.000000 0.000000 0.350000 0.350000 0.350000 0.350000 0.350000 0.350000 0.350000 0.350000 0.350000 0.350000 0.350000 0.350000 0.350000 0.350000 0.350000 0.350000 0.350000 0.000000 0.000000
0.000000 0.000000 0.000000 0.000000 0.000000 0.000000 0.000000 0.000000 0.000000 0.000000 0.000000 0.000000 0.000000 0.000000 0.000000 0.000000 0.000000 0.000000 0.000000 0.000000 0.000000