geotop/1.0zi/1.0Montebello/Templates/testdem/maps/_Eocsand3381.asc
ncols         21
nrows         20
xllcorner     100.000000
yllcorner     100.000000
cellsize      50.000000
NODATA_value  -9999.0
0.000000 0.000000 0.000000 0.000000 0.000000 0.000000 0.000000 0.000000 0.000000 0.000000 0.000000 0.000000 0.000000 0.000000 0.000000 0.000000 0.000000 0.000000 0.000000 0.000000 0.000000
0.000000 0.000000 0.300091 0.300091 0.300091 0.300091 0.300091 0.300091 0.300091 0.300091 0.300092 0.300091 0.300091 0.300091 0.300091 0.300091 0.300091 0.300091 0.300091 0.000000 0.000000
0.000000 0.000000 0.300011 0.300011 0.300011 0.300010 0.300011 0.300011 0.300011 0.300011 0.300009 0.300011 0.300011 0.300011 0.300011 0.300010 0.300011 0.300011 0.300011 0.000000 0.000000
0.000000 0.000000 0.297335 0.297336 0.297341 0.297338 0.297335 0.297336 0.297336 0.297335 0.297335 0.297335 0.297336 0.297336 0.297335 0.297338 0.297341 0.297336 0.297335 0.000000 0.000000
0.000000 0.000000 0.287262 0.287264 0.287268 0.287267 0.287261 0.287263 0.287263 0.287261 0.287260 0.287261 0.287263 0.287263 0.287261 0.287267 0.287268 0.287264 0.287262 0.000000 0.000000
0.000000 0.000000 0.275589 0.275590 0.275593 0.275593 0.275587 0.275589 0.275589 0.275588 0.275586 0.275588 0.275589 0.275589 0.275587 0.275593 0.275593 0.275590 0.275589 0.000000 0.000000
0.000000 0.000000 0.264851 0.264852 0.264855 0.264855 0.264850 0.264852 0.264852 0.264850 0.264849 0.264850 0.264852 0.264852 0.264850 0.264855 0.264855 0.264852 0.264851 0.000000 0.000000
0.000000 0.000000 0.255120 0.255120 0.255123 0.255122 0.255119 0.255120 0.255120 0.255119 0.255118 0.255119 0.255120 0.255120 0.255119 0.255122 0.255123 0.255120 0.255120 0.000000 0.000000
0.000000 0.000000 0.246138 0.246138 0.246141 0.246140 0.246137 0.246138 0.246138 0.246137 0.246136 0.246137 0.246138 0.246138 0.246137 0.246140 0.246141 0.246138 0.246138 0.000000 0.000000
0.000000 0.000000 0.237694 0.237694 0.237697 0.237696 0.237693 0.237694 0.237694 0.237693 0.237692 0.237693 0.237694 0.237694 0.237693 0.237696 0.237697 0.237694 0.237694 0.000000 0.000000
0.000000 0.000000 0.229680 0.229680 0.229683 0.229682 0.229679 0.229680 0.229680 0.229679 0.229678 0.229679 0.229680 0.229680 0.229679 0.229682 0.229683 0.229680 0.229680 0.000000 0.000000
0.000000 0.000000 0.222018 0.222019 0.222021 0.222020 0.222018 0.222019 0.222019 0.222018 0.222017 0.222018 0.222019 0.222019 0.222018 0.222020 0.222021 0.222019 0.222018 0.000000 0.000000
0.000000 0.000000 0.214652 0.214652 0.214654 0.214654 0.214651 0.214652 0.214652 0.214651 0.214650 0.214651 0.214652 0.214652 0.214651 0.214654 0.214654 0.214652 0.214652 0.000000 0.000000
0.000000 0.000000 0.207522 0.207522 0.207524 0.207524 0.207521 0.207522 0.207522 0.207521 0.207520 0.207521 0.207522 0.207522 0.207521 0.207524 0.207524 0.207522 0.207522 0.000000 0.000000
0.000000 0.000000 0.200608 0.200608 0.200610 0.200609 0.200607 0.200608 0.200608 0.200607 0.200606 0.200607 0.200608 0.200608 0.200607 0.200609 0.200610 0.200608 0.200608 0.000000 0.000000
0.000000 0.000000 0.193900 0.193900 0.193902 0.193901 0.193899 0.193900 0.193900 0.193899 0.193898 0.193899 0.193900 0.193900 0.193899 0.193901 0.193902 0.193900 0.193900 0.000000 0.000000
0.000000 0.000000 0.187373 0.187373 0.187375 0.187374 0.187372 0.187373 0.187373 0.187372 0.187371 0.187372 0.187373 0.187373 0.187372 0.187374 0.187375 0.187373 0.187373 0.000000 0.000000
0.000000 0.000000 0.180904 0.180904 0.180906 0.180905 0.180903 0.180904 0.180903 0.180903 0.180902 0.180903 0.180903 0.180904 0.180903 0.180905 0.180906 0.180904 0.180903 0.000000 0.000000
0.000000 0.000000 0.300000 0.300000 0.300000 0.300000 0.300000 0.300000 0.300000 0.300000 0.300000 0.300000 0.300000 0.300000 0.300000 0.300000 0.300000 0.300000 0.300000 0.000000 0.000000
0.000000 0.000000 0.000000 0.000000 0.000000 0.000000 0.000000 0.000000 0.000000 0.000000 0.000000 0.000000 0.000000 0.000000 0.000000 0.000000 0.000000 0.000000 0.000000 0.000000 0.000000