geotop/1.0zi/1.0Montebello/Templates/testdem/maps/_Eocsand8683.asc
ncols         21
nrows         20
xllcorner     100.000000
yllcorner     100.000000
cellsize      50.000000
NODATA_value  -9999.0
0.000000 0.000000 0.000000 0.000000 0.000000 0.000000 0.000000 0.000000 0.000000 0.000000 0.000000 0.000000 0.000000 0.000000 0.000000 0.000000 0.000000 0.000000 0.000000 0.000000 0.000000
0.000000 0.000000 0.300220 0.300217 0.300217 0.300218 0.300217 0.300217 0.300217 0.300217 0.300218 0.300217 0.300217 0.300217 0.300217 0.300217 0.300219 0.300218 0.300218 0.000000 0.000000
0.000000 0.000000 0.300012 0.300014 0.300013 0.300012 0.300013 0.300014 0.300013 0.300013 0.300013 0.300013 0.300012 0.300013 0.300013 0.300013 0.300014 0.300014 0.300015 0.000000 0.000000
0.000000 0.000000 0.299864 0.299863 0.299869 0.299879 0.299877 0.299881 0.299876 0.299878 0.299878 0.299877 0.299876 0.299880 0.299873 0.299868 0.299865 0.299864 0.299863 0.000000 0.000000
0.000000 0.000000 0.297690 0.297692 0.297707 0.297727 0.297754 0.297759 0.297764 0.297764 0.297765 0.297761 0.297759 0.297758 0.297737 0.297729 0.297715 0.297705 0.297692 0.000000 0.000000
0.000000 0.000000 0.291465 0.291471 0.291500 0.291553 0.291593 0.291636 0.291636 0.291649 0.291639 0.291639 0.291629 0.291633 0.291607 0.291573 0.291542 0.291523 0.291509 0.000000 0.000000
0.000000 0.000000 0.282816 0.282831 0.282852 0.282910 0.282982 0.283059 0.283059 0.283068 0.283066 0.283064 0.283066 0.283061 0.282991 0.282931 0.282895 0.282866 0.282850 0.000000 0.000000
0.000000 0.000000 0.272584 0.272595 0.272613 0.272681 0.272747 0.272832 0.272832 0.272843 0.272843 0.272848 0.272852 0.272836 0.272761 0.272704 0.272646 0.272632 0.272604 0.000000 0.000000
0.000000 0.000000 0.261550 0.261575 0.261607 0.261653 0.261729 0.261820 0.261814 0.261834 0.261838 0.261842 0.261838 0.261841 0.261748 0.261674 0.261629 0.261607 0.261583 0.000000 0.000000
0.000000 0.000000 0.249745 0.249772 0.249792 0.249838 0.249946 0.250028 0.250028 0.250038 0.250051 0.250041 0.250029 0.250033 0.249955 0.249867 0.249813 0.249794 0.249778 0.000000 0.000000
0.000000 0.000000 0.236746 0.236763 0.236785 0.236890 0.236961 0.237067 0.237038 0.237100 0.237085 0.237091 0.237111 0.237074 0.236996 0.236944 0.236871 0.236835 0.236786 0.000000 0.000000
0.000000 0.000000 0.222092 0.222141 0.222188 0.222247 0.222343 0.222465 0.222479 0.222486 0.222457 0.222505 0.222483 0.222482 0.222342 0.222267 0.222223 0.222194 0.222077 0.000000 0.000000
0.000000 0.000000 0.206016 0.206065 0.206072 0.206181 0.206255 0.206617 0.206624 0.206639 0.206745 0.206681 0.206665 0.206631 0.206347 0.206280 0.206136 0.206127 0.206073 0.000000 0.000000
0.000000 0.000000 0.186778 0.186793 0.186877 0.186949 0.187438 0.187354 0.187451 0.187448 0.187402 0.187444 0.187452 0.187490 0.187560 0.187045 0.186986 0.186851 0.186763 0.000000 0.000000
0.000000 0.000000 0.163890 0.163946 0.164047 0.164691 0.164578 0.164900 0.165030 0.165060 0.165175 0.165241 0.165168 0.165178 0.164854 0.164941 0.164098 0.164251 0.164248 0.000000 0.000000
0.000000 0.000000 0.139229 0.139274 0.140184 0.139859 0.139959 0.139990 0.139625 0.139729 0.139529 0.139581 0.139738 0.139514 0.139537 0.139465 0.140257 0.138909 0.138927 0.000000 0.000000
0.000000 0.000000 0.109985 0.111300 0.110910 0.111467 0.112125 0.112316 0.112727 0.112628 0.113045 0.112997 0.112751 0.113005 0.112653 0.112167 0.110948 0.111844 0.110474 0.000000 0.000000
0.000000 0.000000 0.101481 0.100311 0.099338 0.099331 0.099255 0.100212 0.100026 0.100313 0.099823 0.099919 0.100001 0.099835 0.099039 0.099096 0.099152 0.099878 0.101034 0.000000 0.000000
0.000000 0.000000 0.300000 0.300000 0.300000 0.300000 0.300000 0.300000 0.300000 0.300000 0.300000 0.300000 0.300000 0.300000 0.300000 0.300000 0.300000 0.300000 0.300000 0.000000 0.000000
0.000000 0.000000 0.000000 0.000000 0.000000 0.000000 0.000000 0.000000 0.000000 0.000000 0.000000 0.000000 0.000000 0.000000 0.000000 0.000000 0.000000 0.000000 0.000000 0.000000 0.000000