geotop/1.0zi/1.0Montebello/Templates/testdem/maps/_Eocsilt8668.asc
ncols         21
nrows         20
xllcorner     100.000000
yllcorner     100.000000
cellsize      50.000000
NODATA_value  -9999.0
0.000000 0.000000 0.000000 0.000000 0.000000 0.000000 0.000000 0.000000 0.000000 0.000000 0.000000 0.000000 0.000000 0.000000 0.000000 0.000000 0.000000 0.000000 0.000000 0.000000 0.000000
0.000000 0.000000 0.350182 0.350182 0.350183 0.350183 0.350182 0.350182 0.350182 0.350182 0.350182 0.350182 0.350182 0.350182 0.350182 0.350182 0.350183 0.350183 0.350182 0.000000 0.000000
0.000000 0.000000 0.350005 0.350005 0.350005 0.350005 0.350006 0.350005 0.350006 0.350006 0.350006 0.350006 0.350006 0.350006 0.350006 0.350005 0.350003 0.350004 0.350005 0.000000 0.000000
0.000000 0.000000 0.350104 0.350100 0.350097 0.350092 0.350093 0.350087 0.350090 0.350090 0.350087 0.350089 0.350089 0.350089 0.350092 0.350096 0.350100 0.350100 0.350102 0.000000 0.000000
0.000000 0.000000 0.351112 0.351117 0.351106 0.351092 0.351083 0.351079 0.351078 0.351075 0.351076 0.351078 0.351082 0.351081 0.351093 0.351098 0.351102 0.351111 0.351113 0.000000 0.000000
0.000000 0.000000 0.354062 0.354059 0.354049 0.354029 0.354008 0.353987 0.353985 0.353979 0.353984 0.353985 0.353988 0.353986 0.354000 0.354013 0.354027 0.354034 0.354041 0.000000 0.000000
0.000000 0.000000 0.358300 0.358293 0.358281 0.358251 0.358214 0.358178 0.358180 0.358176 0.358177 0.358176 0.358174 0.358179 0.358211 0.358240 0.358259 0.358274 0.358282 0.000000 0.000000
0.000000 0.000000 0.363314 0.363309 0.363302 0.363269 0.363236 0.363196 0.363196 0.363190 0.363190 0.363187 0.363185 0.363193 0.363229 0.363258 0.363287 0.363292 0.363306 0.000000 0.000000
0.000000 0.000000 0.368750 0.368737 0.368721 0.368698 0.368660 0.368614 0.368617 0.368607 0.368605 0.368604 0.368606 0.368604 0.368651 0.368687 0.368710 0.368721 0.368733 0.000000 0.000000
0.000000 0.000000 0.374546 0.374533 0.374522 0.374500 0.374447 0.374407 0.374407 0.374402 0.374396 0.374400 0.374406 0.374404 0.374443 0.374486 0.374512 0.374521 0.374529 0.000000 0.000000
0.000000 0.000000 0.380895 0.380886 0.380876 0.380824 0.380789 0.380738 0.380752 0.380722 0.380729 0.380726 0.380716 0.380734 0.380773 0.380798 0.380834 0.380851 0.380875 0.000000 0.000000
0.000000 0.000000 0.388035 0.388011 0.387989 0.387960 0.387913 0.387853 0.387847 0.387843 0.387857 0.387834 0.387845 0.387845 0.387914 0.387950 0.387972 0.387986 0.388043 0.000000 0.000000
0.000000 0.000000 0.395847 0.395823 0.395819 0.395766 0.395730 0.395556 0.395552 0.395545 0.395495 0.395525 0.395533 0.395549 0.395686 0.395719 0.395788 0.395792 0.395819 0.000000 0.000000
0.000000 0.000000 0.405151 0.405144 0.405104 0.405069 0.404836 0.404872 0.404826 0.404828 0.404848 0.404829 0.404825 0.404807 0.404777 0.405022 0.405051 0.405115 0.405158 0.000000 0.000000
0.000000 0.000000 0.416182 0.416156 0.416107 0.415802 0.415850 0.415698 0.415637 0.415622 0.415568 0.415536 0.415571 0.415566 0.415718 0.415683 0.416082 0.416011 0.416013 0.000000 0.000000
0.000000 0.000000 0.428059 0.428036 0.427608 0.427753 0.427706 0.427688 0.427857 0.427808 0.427901 0.427876 0.427803 0.427907 0.427901 0.427934 0.427573 0.428204 0.428196 0.000000 0.000000
0.000000 0.000000 0.442072 0.441457 0.441628 0.441371 0.441062 0.440972 0.440784 0.440829 0.440636 0.440658 0.440771 0.440655 0.440819 0.441047 0.441609 0.441207 0.441847 0.000000 0.000000
0.000000 0.000000 0.446426 0.446951 0.447404 0.447401 0.447427 0.446981 0.447063 0.446931 0.447154 0.447109 0.447074 0.447149 0.447521 0.447502 0.447490 0.447146 0.446628 0.000000 0.000000
0.000000 0.000000 0.350000 0.350000 0.350000 0.350000 0.350000 0.350000 0.350000 0.350000 0.350000 0.350000 0.350000 0.350000 0.350000 0.350000 0.350000 0.350000 0.350000 0.000000 0.000000
0.000000 0.000000 0.000000 0.000000 0.000000 0.000000 0.000000 0.000000 0.000000 0.000000 0.000000 0.000000 0.000000 0.000000 0.000000 0.000000 0.000000 0.000000 0.000000 0.000000 0.000000