geotop/1.0zi/1.0Montebello/Templates/testdem/maps/_Eocclay0612.asc
ncols         21
nrows         20
xllcorner     100.000000
yllcorner     100.000000
cellsize      50.000000
NODATA_value  -9999.0
0.000000 0.000000 0.000000 0.000000 0.000000 0.000000 0.000000 0.000000 0.000000 0.000000 0.000000 0.000000 0.000000 0.000000 0.000000 0.000000 0.000000 0.000000 0.000000 0.000000 0.000000
0.000000 0.000000 0.349967 0.349967 0.349967 0.349967 0.349967 0.349967 0.349967 0.349967 0.349967 0.349967 0.349967 0.349967 0.349967 0.349967 0.349967 0.349967 0.349967 0.000000 0.000000
0.000000 0.000000 0.349997 0.349997 0.349996 0.349997 0.349997 0.349997 0.349997 0.349997 0.349997 0.349997 0.349997 0.349997 0.349997 0.349997 0.349996 0.349997 0.349997 0.000000 0.000000
0.000000 0.000000 0.350277 0.350278 0.350275 0.350277 0.350278 0.350278 0.350278 0.350278 0.350278 0.350278 0.350278 0.350278 0.350278 0.350277 0.350275 0.350278 0.350277 0.000000 0.000000
0.000000 0.000000 0.351256 0.351256 0.351254 0.351256 0.351256 0.351257 0.351257 0.351257 0.351256 0.351257 0.351257 0.351257 0.351256 0.351256 0.351254 0.351256 0.351256 0.000000 0.000000
0.000000 0.000000 0.352269 0.352269 0.352267 0.352269 0.352269 0.352269 0.352269 0.352269 0.352269 0.352269 0.352269 0.352269 0.352269 0.352269 0.352267 0.352269 0.352269 0.000000 0.000000
0.000000 0.000000 0.353235 0.353235 0.353233 0.353235 0.353235 0.353235 0.353235 0.353235 0.353235 0.353235 0.353235 0.353235 0.353235 0.353235 0.353233 0.353235 0.353235 0.000000 0.000000
0.000000 0.000000 0.354134 0.354134 0.354133 0.354134 0.354134 0.354135 0.354135 0.354135 0.354134 0.354135 0.354135 0.354135 0.354134 0.354134 0.354133 0.354134 0.354134 0.000000 0.000000
0.000000 0.000000 0.354985 0.354985 0.354984 0.354985 0.354985 0.354985 0.354985 0.354985 0.354985 0.354985 0.354985 0.354985 0.354985 0.354985 0.354984 0.354985 0.354985 0.000000 0.000000
0.000000 0.000000 0.355806 0.355806 0.355805 0.355806 0.355806 0.355806 0.355806 0.355806 0.355806 0.355806 0.355806 0.355806 0.355806 0.355806 0.355805 0.355806 0.355806 0.000000 0.000000
0.000000 0.000000 0.356605 0.356605 0.356604 0.356605 0.356605 0.356605 0.356606 0.356605 0.356605 0.356605 0.356606 0.356605 0.356605 0.356605 0.356604 0.356605 0.356605 0.000000 0.000000
0.000000 0.000000 0.357389 0.357389 0.357388 0.357389 0.357389 0.357389 0.357389 0.357389 0.357389 0.357389 0.357389 0.357389 0.357389 0.357389 0.357388 0.357389 0.357389 0.000000 0.000000
0.000000 0.000000 0.358160 0.358160 0.358159 0.358160 0.358160 0.358160 0.358160 0.358160 0.358160 0.358160 0.358160 0.358160 0.358160 0.358160 0.358159 0.358160 0.358160 0.000000 0.000000
0.000000 0.000000 0.358920 0.358920 0.358919 0.358920 0.358920 0.358920 0.358920 0.358920 0.358920 0.358920 0.358920 0.358920 0.358920 0.358920 0.358919 0.358920 0.358920 0.000000 0.000000
0.000000 0.000000 0.359673 0.359673 0.359671 0.359673 0.359673 0.359673 0.359673 0.359673 0.359673 0.359673 0.359673 0.359673 0.359673 0.359673 0.359671 0.359673 0.359673 0.000000 0.000000
0.000000 0.000000 0.360422 0.360422 0.360421 0.360422 0.360422 0.360422 0.360422 0.360422 0.360422 0.360422 0.360422 0.360422 0.360422 0.360422 0.360421 0.360422 0.360422 0.000000 0.000000
0.000000 0.000000 0.361165 0.361165 0.361163 0.361164 0.361165 0.361165 0.361165 0.361165 0.361165 0.361165 0.361165 0.361165 0.361165 0.361164 0.361163 0.361165 0.361165 0.000000 0.000000
0.000000 0.000000 0.361914 0.361914 0.361913 0.361914 0.361914 0.361914 0.361914 0.361914 0.361914 0.361914 0.361914 0.361914 0.361914 0.361914 0.361913 0.361914 0.361914 0.000000 0.000000
0.000000 0.000000 0.350000 0.350000 0.350000 0.350000 0.350000 0.350000 0.350000 0.350000 0.350000 0.350000 0.350000 0.350000 0.350000 0.350000 0.350000 0.350000 0.350000 0.000000 0.000000
0.000000 0.000000 0.000000 0.000000 0.000000 0.000000 0.000000 0.000000 0.000000 0.000000 0.000000 0.000000 0.000000 0.000000 0.000000 0.000000 0.000000 0.000000 0.000000 0.000000 0.000000