geotop/1.0zi/1.0Montebello/Templates/testdem/maps/_Eocsilt8822.asc
ncols         21
nrows         20
xllcorner     100.000000
yllcorner     100.000000
cellsize      50.000000
NODATA_value  -9999.0
0.000000 0.000000 0.000000 0.000000 0.000000 0.000000 0.000000 0.000000 0.000000 0.000000 0.000000 0.000000 0.000000 0.000000 0.000000 0.000000 0.000000 0.000000 0.000000 0.000000 0.000000
0.000000 0.000000 0.350189 0.350189 0.350189 0.350190 0.350189 0.350189 0.350189 0.350189 0.350189 0.350189 0.350189 0.350189 0.350189 0.350189 0.350190 0.350189 0.350189 0.000000 0.000000
0.000000 0.000000 0.350005 0.350005 0.350005 0.350005 0.350006 0.350005 0.350005 0.350006 0.350006 0.350006 0.350006 0.350006 0.350005 0.350005 0.350003 0.350003 0.350005 0.000000 0.000000
0.000000 0.000000 0.350121 0.350117 0.350112 0.350107 0.350107 0.350102 0.350105 0.350106 0.350103 0.350105 0.350105 0.350105 0.350108 0.350112 0.350117 0.350117 0.350120 0.000000 0.000000
0.000000 0.000000 0.351222 0.351227 0.351219 0.351202 0.351194 0.351190 0.351190 0.351187 0.351188 0.351189 0.351194 0.351192 0.351205 0.351212 0.351214 0.351218 0.351221 0.000000 0.000000
0.000000 0.000000 0.354326 0.354322 0.354313 0.354294 0.354268 0.354247 0.354247 0.354241 0.354245 0.354246 0.354249 0.354247 0.354262 0.354279 0.354289 0.354293 0.354300 0.000000 0.000000
0.000000 0.000000 0.358733 0.358725 0.358713 0.358683 0.358647 0.358603 0.358607 0.358604 0.358604 0.358603 0.358601 0.358606 0.358642 0.358670 0.358688 0.358700 0.358707 0.000000 0.000000
0.000000 0.000000 0.363940 0.363932 0.363925 0.363892 0.363857 0.363817 0.363819 0.363814 0.363813 0.363811 0.363809 0.363817 0.363851 0.363883 0.363912 0.363913 0.363927 0.000000 0.000000
0.000000 0.000000 0.369592 0.369579 0.369563 0.369540 0.369500 0.369451 0.369457 0.369447 0.369444 0.369442 0.369445 0.369443 0.369493 0.369530 0.369551 0.369557 0.369571 0.000000 0.000000
0.000000 0.000000 0.375661 0.375646 0.375637 0.375613 0.375558 0.375516 0.375518 0.375513 0.375506 0.375511 0.375517 0.375515 0.375554 0.375600 0.375625 0.375631 0.375637 0.000000 0.000000
0.000000 0.000000 0.382347 0.382337 0.382328 0.382273 0.382238 0.382184 0.382200 0.382167 0.382174 0.382171 0.382160 0.382179 0.382221 0.382248 0.382283 0.382294 0.382321 0.000000 0.000000
0.000000 0.000000 0.389917 0.389895 0.389868 0.389839 0.389791 0.389725 0.389726 0.389722 0.389736 0.389711 0.389723 0.389723 0.389795 0.389833 0.389851 0.389859 0.389918 0.000000 0.000000
0.000000 0.000000 0.398238 0.398214 0.398212 0.398156 0.398117 0.397927 0.397928 0.397919 0.397863 0.397897 0.397904 0.397923 0.398070 0.398106 0.398175 0.398175 0.398199 0.000000 0.000000
0.000000 0.000000 0.408247 0.408241 0.408196 0.408161 0.407903 0.407956 0.407908 0.407910 0.407936 0.407912 0.407907 0.407886 0.407841 0.408117 0.408140 0.408201 0.408245 0.000000 0.000000
0.000000 0.000000 0.420098 0.420068 0.420016 0.419681 0.419756 0.419581 0.419521 0.419505 0.419442 0.419408 0.419446 0.419443 0.419612 0.419554 0.419995 0.419899 0.419896 0.000000 0.000000
0.000000 0.000000 0.432629 0.432606 0.432141 0.432324 0.432270 0.432262 0.432459 0.432403 0.432507 0.432482 0.432400 0.432515 0.432492 0.432540 0.432104 0.432790 0.432778 0.000000 0.000000
0.000000 0.000000 0.446826 0.446209 0.446408 0.446142 0.445833 0.445742 0.445546 0.445594 0.445392 0.445416 0.445534 0.445412 0.445578 0.445806 0.446389 0.445942 0.446582 0.000000 0.000000
0.000000 0.000000 0.451025 0.451510 0.451943 0.451933 0.451954 0.451534 0.451612 0.451488 0.451695 0.451653 0.451622 0.451690 0.452038 0.452026 0.452020 0.451681 0.451203 0.000000 0.000000
0.000000 0.000000 0.350000 0.350000 0.350000 0.350000 0.350000 0.350000 0.350000 0.350000 0.350000 0.350000 0.350000 0.350000 0.350000 0.350000 0.350000 0.350000 0.350000 0.000000 0.000000
0.000000 0.000000 0.000000 0.000000 0.000000 0.000000 0.000000 0.000000 0.000000 0.000000 0.000000 0.000000 0.000000 0.000000 0.000000 0.000000 0.000000 0.000000 0.000000 0.000000 0.000000