geotop/1.0zi/1.0Montebello/Templates/testdem/maps/_Eocsilt2394.asc
ncols         21
nrows         20
xllcorner     100.000000
yllcorner     100.000000
cellsize      50.000000
NODATA_value  -9999.0
0.000000 0.000000 0.000000 0.000000 0.000000 0.000000 0.000000 0.000000 0.000000 0.000000 0.000000 0.000000 0.000000 0.000000 0.000000 0.000000 0.000000 0.000000 0.000000 0.000000 0.000000
0.000000 0.000000 0.350057 0.350057 0.350057 0.350057 0.350057 0.350057 0.350057 0.350057 0.350056 0.350057 0.350057 0.350057 0.350057 0.350057 0.350057 0.350057 0.350057 0.000000 0.000000
0.000000 0.000000 0.349998 0.349998 0.349998 0.349998 0.349998 0.349998 0.349998 0.349998 0.349999 0.349998 0.349998 0.349998 0.349998 0.349998 0.349998 0.349998 0.349998 0.000000 0.000000
0.000000 0.000000 0.350793 0.350792 0.350790 0.350791 0.350793 0.350793 0.350793 0.350793 0.350793 0.350793 0.350793 0.350793 0.350793 0.350791 0.350790 0.350792 0.350793 0.000000 0.000000
0.000000 0.000000 0.353879 0.353878 0.353876 0.353877 0.353879 0.353878 0.353878 0.353880 0.353880 0.353880 0.353878 0.353878 0.353879 0.353877 0.353876 0.353878 0.353879 0.000000 0.000000
0.000000 0.000000 0.357909 0.357908 0.357906 0.357907 0.357909 0.357908 0.357908 0.357909 0.357909 0.357909 0.357908 0.357908 0.357909 0.357907 0.357906 0.357908 0.357909 0.000000 0.000000
0.000000 0.000000 0.361605 0.361604 0.361603 0.361603 0.361605 0.361605 0.361605 0.361605 0.361606 0.361605 0.361605 0.361605 0.361605 0.361603 0.361603 0.361604 0.361605 0.000000 0.000000
0.000000 0.000000 0.364982 0.364981 0.364980 0.364980 0.364982 0.364981 0.364981 0.364982 0.364982 0.364982 0.364981 0.364981 0.364982 0.364980 0.364980 0.364981 0.364982 0.000000 0.000000
0.000000 0.000000 0.368130 0.368130 0.368128 0.368129 0.368130 0.368130 0.368130 0.368130 0.368131 0.368130 0.368130 0.368130 0.368130 0.368129 0.368128 0.368130 0.368130 0.000000 0.000000
0.000000 0.000000 0.371122 0.371122 0.371121 0.371121 0.371123 0.371122 0.371122 0.371123 0.371123 0.371123 0.371122 0.371122 0.371123 0.371121 0.371121 0.371122 0.371122 0.000000 0.000000
0.000000 0.000000 0.373995 0.373994 0.373993 0.373994 0.373995 0.373994 0.373995 0.373995 0.373995 0.373995 0.373995 0.373994 0.373995 0.373994 0.373993 0.373994 0.373995 0.000000 0.000000
0.000000 0.000000 0.376774 0.376773 0.376772 0.376773 0.376774 0.376773 0.376773 0.376774 0.376774 0.376774 0.376773 0.376773 0.376774 0.376773 0.376772 0.376773 0.376774 0.000000 0.000000
0.000000 0.000000 0.379480 0.379480 0.379478 0.379479 0.379480 0.379480 0.379480 0.379480 0.379481 0.379480 0.379480 0.379480 0.379480 0.379479 0.379478 0.379480 0.379480 0.000000 0.000000
0.000000 0.000000 0.382125 0.382125 0.382124 0.382124 0.382126 0.382125 0.382125 0.382126 0.382126 0.382126 0.382125 0.382125 0.382126 0.382124 0.382124 0.382125 0.382125 0.000000 0.000000
0.000000 0.000000 0.384720 0.384719 0.384718 0.384719 0.384720 0.384719 0.384720 0.384720 0.384720 0.384720 0.384720 0.384719 0.384720 0.384719 0.384718 0.384719 0.384720 0.000000 0.000000
0.000000 0.000000 0.387266 0.387266 0.387265 0.387265 0.387266 0.387266 0.387266 0.387266 0.387267 0.387266 0.387266 0.387266 0.387266 0.387265 0.387265 0.387266 0.387266 0.000000 0.000000
0.000000 0.000000 0.389766 0.389766 0.389765 0.389765 0.389766 0.389766 0.389766 0.389766 0.389767 0.389766 0.389766 0.389766 0.389766 0.389765 0.389765 0.389766 0.389766 0.000000 0.000000
0.000000 0.000000 0.392256 0.392256 0.392255 0.392255 0.392256 0.392256 0.392256 0.392256 0.392257 0.392256 0.392256 0.392256 0.392256 0.392255 0.392255 0.392256 0.392256 0.000000 0.000000
0.000000 0.000000 0.350000 0.350000 0.350000 0.350000 0.350000 0.350000 0.350000 0.350000 0.350000 0.350000 0.350000 0.350000 0.350000 0.350000 0.350000 0.350000 0.350000 0.000000 0.000000
0.000000 0.000000 0.000000 0.000000 0.000000 0.000000 0.000000 0.000000 0.000000 0.000000 0.000000 0.000000 0.000000 0.000000 0.000000 0.000000 0.000000 0.000000 0.000000 0.000000 0.000000