geotop/1.0zi/1.0Montebello/Templates/testdem/maps/_Eocsand9664.asc
ncols         21
nrows         20
xllcorner     100.000000
yllcorner     100.000000
cellsize      50.000000
NODATA_value  -9999.0
0.000000 0.000000 0.000000 0.000000 0.000000 0.000000 0.000000 0.000000 0.000000 0.000000 0.000000 0.000000 0.000000 0.000000 0.000000 0.000000 0.000000 0.000000 0.000000 0.000000 0.000000
0.000000 0.000000 0.300241 0.300238 0.300238 0.300239 0.300238 0.300238 0.300238 0.300238 0.300239 0.300238 0.300239 0.300239 0.300238 0.300238 0.300239 0.300239 0.300239 0.000000 0.000000
0.000000 0.000000 0.300011 0.300013 0.300013 0.300011 0.300012 0.300013 0.300012 0.300012 0.300012 0.300012 0.300011 0.300012 0.300012 0.300012 0.300013 0.300013 0.300014 0.000000 0.000000
0.000000 0.000000 0.299810 0.299808 0.299817 0.299825 0.299824 0.299830 0.299822 0.299824 0.299824 0.299823 0.299821 0.299823 0.299818 0.299811 0.299808 0.299805 0.299806 0.000000 0.000000
0.000000 0.000000 0.297015 0.297015 0.297032 0.297064 0.297092 0.297102 0.297102 0.297103 0.297106 0.297099 0.297093 0.297094 0.297070 0.297055 0.297041 0.297032 0.297019 0.000000 0.000000
0.000000 0.000000 0.289447 0.289458 0.289495 0.289557 0.289620 0.289678 0.289675 0.289686 0.289686 0.289685 0.289673 0.289678 0.289645 0.289590 0.289563 0.289542 0.289530 0.000000 0.000000
0.000000 0.000000 0.279115 0.279137 0.279167 0.279240 0.279321 0.279432 0.279429 0.279439 0.279448 0.279447 0.279448 0.279443 0.279353 0.279287 0.279246 0.279217 0.279203 0.000000 0.000000
0.000000 0.000000 0.266837 0.266862 0.266893 0.266980 0.267071 0.267171 0.267169 0.267183 0.267193 0.267199 0.267202 0.267184 0.267101 0.267027 0.266961 0.266947 0.266919 0.000000 0.000000
0.000000 0.000000 0.253363 0.253400 0.253448 0.253516 0.253618 0.253738 0.253727 0.253751 0.253766 0.253770 0.253764 0.253769 0.253652 0.253563 0.253512 0.253491 0.253466 0.000000 0.000000
0.000000 0.000000 0.238500 0.238550 0.238588 0.238661 0.238773 0.238898 0.238896 0.238913 0.238939 0.238929 0.238912 0.238918 0.238824 0.238709 0.238650 0.238627 0.238615 0.000000 0.000000
0.000000 0.000000 0.221609 0.221651 0.221688 0.221850 0.221903 0.222071 0.222036 0.222118 0.222112 0.222124 0.222150 0.222103 0.221999 0.221927 0.221843 0.221813 0.221740 0.000000 0.000000
0.000000 0.000000 0.201918 0.202005 0.202104 0.202181 0.202269 0.202480 0.202484 0.202495 0.202471 0.202543 0.202508 0.202518 0.202329 0.202219 0.202174 0.202147 0.202000 0.000000 0.000000
0.000000 0.000000 0.179738 0.179820 0.179844 0.179998 0.180105 0.180660 0.180670 0.180705 0.180901 0.180782 0.180770 0.180720 0.180309 0.180215 0.180012 0.180002 0.179965 0.000000 0.000000
0.000000 0.000000 0.152285 0.152323 0.152500 0.152609 0.153382 0.153115 0.153282 0.153282 0.153184 0.153287 0.153306 0.153384 0.153634 0.152784 0.152751 0.152553 0.152433 0.000000 0.000000
0.000000 0.000000 0.121001 0.121092 0.121249 0.122249 0.121831 0.122453 0.122595 0.122661 0.122888 0.122964 0.122849 0.122842 0.122296 0.122697 0.121392 0.121699 0.121745 0.000000 0.000000
0.000000 0.000000 0.092824 0.092877 0.093973 0.093393 0.093592 0.093542 0.093059 0.093188 0.092930 0.092973 0.093181 0.092919 0.093077 0.092894 0.094141 0.092463 0.092488 0.000000 0.000000
0.000000 0.000000 0.068435 0.069276 0.069035 0.069396 0.069837 0.069977 0.070242 0.070181 0.070463 0.070430 0.070268 0.070433 0.070204 0.069877 0.069107 0.069680 0.068803 0.000000 0.000000
0.000000 0.000000 0.058503 0.058381 0.057876 0.058036 0.058185 0.058635 0.058663 0.058758 0.058670 0.058697 0.058667 0.058664 0.058257 0.058144 0.057853 0.058404 0.058518 0.000000 0.000000
0.000000 0.000000 0.300000 0.300000 0.300000 0.300000 0.300000 0.300000 0.300000 0.300000 0.300000 0.300000 0.300000 0.300000 0.300000 0.300000 0.300000 0.300000 0.300000 0.000000 0.000000
0.000000 0.000000 0.000000 0.000000 0.000000 0.000000 0.000000 0.000000 0.000000 0.000000 0.000000 0.000000 0.000000 0.000000 0.000000 0.000000 0.000000 0.000000 0.000000 0.000000 0.000000