geotop/1.0zi/1.0Montebello/Templates/testdem/maps/_Eocsand3013.asc
ncols         21
nrows         20
xllcorner     100.000000
yllcorner     100.000000
cellsize      50.000000
NODATA_value  -9999.0
0.000000 0.000000 0.000000 0.000000 0.000000 0.000000 0.000000 0.000000 0.000000 0.000000 0.000000 0.000000 0.000000 0.000000 0.000000 0.000000 0.000000 0.000000 0.000000 0.000000 0.000000
0.000000 0.000000 0.300093 0.300093 0.300093 0.300093 0.300093 0.300093 0.300093 0.300093 0.300095 0.300093 0.300093 0.300093 0.300093 0.300093 0.300093 0.300093 0.300093 0.000000 0.000000
0.000000 0.000000 0.300009 0.300009 0.300009 0.300009 0.300009 0.300009 0.300009 0.300009 0.300007 0.300009 0.300009 0.300009 0.300009 0.300009 0.300009 0.300009 0.300009 0.000000 0.000000
0.000000 0.000000 0.297774 0.297775 0.297779 0.297777 0.297774 0.297774 0.297774 0.297774 0.297773 0.297774 0.297774 0.297774 0.297774 0.297777 0.297779 0.297775 0.297774 0.000000 0.000000
0.000000 0.000000 0.288849 0.288851 0.288854 0.288854 0.288848 0.288850 0.288850 0.288847 0.288847 0.288847 0.288850 0.288850 0.288848 0.288854 0.288854 0.288851 0.288849 0.000000 0.000000
0.000000 0.000000 0.278350 0.278351 0.278354 0.278353 0.278348 0.278350 0.278350 0.278348 0.278347 0.278348 0.278350 0.278350 0.278348 0.278353 0.278354 0.278351 0.278350 0.000000 0.000000
0.000000 0.000000 0.268664 0.268665 0.268668 0.268668 0.268664 0.268665 0.268665 0.268663 0.268662 0.268663 0.268665 0.268665 0.268664 0.268668 0.268668 0.268665 0.268664 0.000000 0.000000
0.000000 0.000000 0.259867 0.259867 0.259870 0.259869 0.259866 0.259867 0.259867 0.259866 0.259865 0.259866 0.259867 0.259867 0.259866 0.259869 0.259870 0.259867 0.259867 0.000000 0.000000
0.000000 0.000000 0.251723 0.251724 0.251726 0.251726 0.251723 0.251724 0.251724 0.251722 0.251721 0.251722 0.251724 0.251724 0.251723 0.251726 0.251726 0.251724 0.251723 0.000000 0.000000
0.000000 0.000000 0.244041 0.244042 0.244044 0.244044 0.244041 0.244042 0.244042 0.244040 0.244040 0.244040 0.244042 0.244042 0.244041 0.244044 0.244044 0.244042 0.244041 0.000000 0.000000
0.000000 0.000000 0.236730 0.236731 0.236733 0.236732 0.236730 0.236731 0.236730 0.236729 0.236728 0.236729 0.236730 0.236731 0.236730 0.236732 0.236733 0.236731 0.236730 0.000000 0.000000
0.000000 0.000000 0.229719 0.229719 0.229721 0.229721 0.229718 0.229719 0.229719 0.229718 0.229717 0.229718 0.229719 0.229719 0.229718 0.229721 0.229721 0.229719 0.229719 0.000000 0.000000
0.000000 0.000000 0.222951 0.222951 0.222954 0.222953 0.222950 0.222951 0.222951 0.222950 0.222949 0.222950 0.222951 0.222951 0.222950 0.222953 0.222954 0.222951 0.222951 0.000000 0.000000
0.000000 0.000000 0.216375 0.216376 0.216378 0.216377 0.216375 0.216376 0.216376 0.216374 0.216374 0.216374 0.216376 0.216376 0.216375 0.216377 0.216378 0.216376 0.216375 0.000000 0.000000
0.000000 0.000000 0.209979 0.209980 0.209982 0.209981 0.209979 0.209980 0.209980 0.209978 0.209978 0.209978 0.209980 0.209980 0.209979 0.209981 0.209982 0.209980 0.209979 0.000000 0.000000
0.000000 0.000000 0.203751 0.203751 0.203754 0.203753 0.203750 0.203751 0.203751 0.203750 0.203749 0.203750 0.203751 0.203751 0.203750 0.203753 0.203754 0.203751 0.203751 0.000000 0.000000
0.000000 0.000000 0.197669 0.197670 0.197672 0.197671 0.197669 0.197670 0.197670 0.197669 0.197668 0.197669 0.197670 0.197670 0.197669 0.197671 0.197672 0.197670 0.197669 0.000000 0.000000
0.000000 0.000000 0.191615 0.191615 0.191617 0.191616 0.191614 0.191614 0.191614 0.191613 0.191613 0.191613 0.191614 0.191614 0.191614 0.191616 0.191617 0.191615 0.191614 0.000000 0.000000
0.000000 0.000000 0.300000 0.300000 0.300000 0.300000 0.300000 0.300000 0.300000 0.300000 0.300000 0.300000 0.300000 0.300000 0.300000 0.300000 0.300000 0.300000 0.300000 0.000000 0.000000
0.000000 0.000000 0.000000 0.000000 0.000000 0.000000 0.000000 0.000000 0.000000 0.000000 0.000000 0.000000 0.000000 0.000000 0.000000 0.000000 0.000000 0.000000 0.000000 0.000000 0.000000