geotop/1.0zi/1.0Montebello/Templates/testdem/maps/_Eocsilt2128.asc
ncols         21
nrows         20
xllcorner     100.000000
yllcorner     100.000000
cellsize      50.000000
NODATA_value  -9999.0
0.000000 0.000000 0.000000 0.000000 0.000000 0.000000 0.000000 0.000000 0.000000 0.000000 0.000000 0.000000 0.000000 0.000000 0.000000 0.000000 0.000000 0.000000 0.000000 0.000000 0.000000
0.000000 0.000000 0.350049 0.350049 0.350049 0.350049 0.350049 0.350049 0.350049 0.350049 0.350049 0.350049 0.350049 0.350049 0.350049 0.350049 0.350049 0.350049 0.350049 0.000000 0.000000
0.000000 0.000000 0.349997 0.349997 0.349997 0.349997 0.349997 0.349997 0.349997 0.349997 0.349997 0.349997 0.349997 0.349997 0.349997 0.349997 0.349997 0.349997 0.349997 0.000000 0.000000
0.000000 0.000000 0.350702 0.350701 0.350699 0.350700 0.350702 0.350702 0.350701 0.350702 0.350702 0.350702 0.350701 0.350702 0.350702 0.350700 0.350699 0.350701 0.350702 0.000000 0.000000
0.000000 0.000000 0.353391 0.353390 0.353389 0.353389 0.353391 0.353391 0.353391 0.353392 0.353392 0.353392 0.353391 0.353391 0.353391 0.353389 0.353389 0.353390 0.353391 0.000000 0.000000
0.000000 0.000000 0.356937 0.356936 0.356935 0.356935 0.356937 0.356936 0.356936 0.356937 0.356938 0.356937 0.356936 0.356936 0.356937 0.356935 0.356935 0.356936 0.356937 0.000000 0.000000
0.000000 0.000000 0.360197 0.360197 0.360195 0.360195 0.360197 0.360197 0.360197 0.360198 0.360198 0.360198 0.360197 0.360197 0.360197 0.360195 0.360195 0.360197 0.360197 0.000000 0.000000
0.000000 0.000000 0.363180 0.363180 0.363178 0.363179 0.363180 0.363180 0.363180 0.363181 0.363181 0.363181 0.363180 0.363180 0.363180 0.363179 0.363178 0.363180 0.363180 0.000000 0.000000
0.000000 0.000000 0.365967 0.365967 0.365966 0.365966 0.365967 0.365967 0.365967 0.365968 0.365968 0.365968 0.365967 0.365967 0.365967 0.365966 0.365966 0.365967 0.365967 0.000000 0.000000
0.000000 0.000000 0.368626 0.368625 0.368624 0.368624 0.368626 0.368625 0.368625 0.368626 0.368626 0.368626 0.368625 0.368625 0.368626 0.368624 0.368624 0.368625 0.368626 0.000000 0.000000
0.000000 0.000000 0.371186 0.371185 0.371184 0.371185 0.371186 0.371185 0.371185 0.371186 0.371186 0.371186 0.371185 0.371185 0.371186 0.371185 0.371184 0.371185 0.371186 0.000000 0.000000
0.000000 0.000000 0.373670 0.373670 0.373669 0.373669 0.373671 0.373670 0.373670 0.373671 0.373671 0.373671 0.373670 0.373670 0.373671 0.373669 0.373669 0.373670 0.373670 0.000000 0.000000
0.000000 0.000000 0.376097 0.376097 0.376096 0.376096 0.376098 0.376097 0.376097 0.376098 0.376098 0.376098 0.376097 0.376097 0.376098 0.376096 0.376096 0.376097 0.376097 0.000000 0.000000
0.000000 0.000000 0.378473 0.378473 0.378472 0.378472 0.378473 0.378473 0.378473 0.378474 0.378474 0.378474 0.378473 0.378473 0.378473 0.378472 0.378472 0.378473 0.378473 0.000000 0.000000
0.000000 0.000000 0.380808 0.380807 0.380806 0.380807 0.380808 0.380807 0.380807 0.380808 0.380808 0.380808 0.380807 0.380807 0.380808 0.380807 0.380806 0.380807 0.380808 0.000000 0.000000
0.000000 0.000000 0.383105 0.383104 0.383103 0.383104 0.383105 0.383104 0.383104 0.383105 0.383105 0.383105 0.383104 0.383104 0.383105 0.383104 0.383103 0.383104 0.383105 0.000000 0.000000
0.000000 0.000000 0.385365 0.385365 0.385364 0.385364 0.385365 0.385365 0.385365 0.385366 0.385366 0.385366 0.385365 0.385365 0.385365 0.385364 0.385364 0.385365 0.385365 0.000000 0.000000
0.000000 0.000000 0.387621 0.387621 0.387620 0.387621 0.387622 0.387621 0.387621 0.387622 0.387622 0.387622 0.387621 0.387621 0.387622 0.387621 0.387620 0.387621 0.387622 0.000000 0.000000
0.000000 0.000000 0.350000 0.350000 0.350000 0.350000 0.350000 0.350000 0.350000 0.350000 0.350000 0.350000 0.350000 0.350000 0.350000 0.350000 0.350000 0.350000 0.350000 0.000000 0.000000
0.000000 0.000000 0.000000 0.000000 0.000000 0.000000 0.000000 0.000000 0.000000 0.000000 0.000000 0.000000 0.000000 0.000000 0.000000 0.000000 0.000000 0.000000 0.000000 0.000000 0.000000