geotop/1.0zi/1.0Montebello/Templates/testdem/maps/_Eocclay3333.asc
ncols         21
nrows         20
xllcorner     100.000000
yllcorner     100.000000
cellsize      50.000000
NODATA_value  -9999.0
0.000000 0.000000 0.000000 0.000000 0.000000 0.000000 0.000000 0.000000 0.000000 0.000000 0.000000 0.000000 0.000000 0.000000 0.000000 0.000000 0.000000 0.000000 0.000000 0.000000 0.000000
0.000000 0.000000 0.349820 0.349820 0.349820 0.349819 0.349820 0.349820 0.349820 0.349820 0.349819 0.349820 0.349820 0.349820 0.349820 0.349819 0.349820 0.349820 0.349820 0.000000 0.000000
0.000000 0.000000 0.349995 0.349995 0.349995 0.349995 0.349995 0.349995 0.349995 0.349995 0.349996 0.349995 0.349995 0.349995 0.349995 0.349995 0.349995 0.349995 0.349995 0.000000 0.000000
0.000000 0.000000 0.351265 0.351265 0.351263 0.351264 0.351265 0.351265 0.351265 0.351265 0.351265 0.351265 0.351265 0.351265 0.351265 0.351264 0.351263 0.351265 0.351265 0.000000 0.000000
0.000000 0.000000 0.356387 0.356386 0.356384 0.356385 0.356388 0.356387 0.356387 0.356388 0.356389 0.356388 0.356387 0.356387 0.356388 0.356385 0.356384 0.356386 0.356387 0.000000 0.000000
0.000000 0.000000 0.362063 0.362062 0.362061 0.362061 0.362063 0.362062 0.362062 0.362063 0.362064 0.362063 0.362062 0.362062 0.362063 0.362061 0.362061 0.362062 0.362063 0.000000 0.000000
0.000000 0.000000 0.367380 0.367380 0.367378 0.367379 0.367381 0.367380 0.367380 0.367381 0.367381 0.367381 0.367380 0.367380 0.367381 0.367379 0.367378 0.367380 0.367380 0.000000 0.000000
0.000000 0.000000 0.372221 0.372220 0.372219 0.372219 0.372221 0.372220 0.372220 0.372221 0.372222 0.372221 0.372220 0.372220 0.372221 0.372219 0.372219 0.372220 0.372221 0.000000 0.000000
0.000000 0.000000 0.376696 0.376696 0.376694 0.376695 0.376696 0.376696 0.376696 0.376696 0.376697 0.376696 0.376696 0.376696 0.376696 0.376695 0.376694 0.376696 0.376696 0.000000 0.000000
0.000000 0.000000 0.380910 0.380910 0.380909 0.380909 0.380911 0.380910 0.380910 0.380911 0.380911 0.380911 0.380910 0.380910 0.380911 0.380909 0.380909 0.380910 0.380910 0.000000 0.000000
0.000000 0.000000 0.384917 0.384916 0.384915 0.384916 0.384917 0.384916 0.384916 0.384917 0.384917 0.384917 0.384916 0.384916 0.384917 0.384916 0.384915 0.384916 0.384917 0.000000 0.000000
0.000000 0.000000 0.388752 0.388752 0.388750 0.388751 0.388752 0.388752 0.388752 0.388752 0.388753 0.388752 0.388752 0.388752 0.388752 0.388751 0.388750 0.388752 0.388752 0.000000 0.000000
0.000000 0.000000 0.392445 0.392445 0.392444 0.392444 0.392446 0.392445 0.392445 0.392445 0.392446 0.392445 0.392445 0.392445 0.392446 0.392444 0.392444 0.392445 0.392445 0.000000 0.000000
0.000000 0.000000 0.396025 0.396025 0.396024 0.396024 0.396025 0.396025 0.396025 0.396025 0.396026 0.396025 0.396025 0.396025 0.396025 0.396024 0.396024 0.396025 0.396025 0.000000 0.000000
0.000000 0.000000 0.399502 0.399502 0.399501 0.399501 0.399502 0.399502 0.399502 0.399502 0.399503 0.399502 0.399502 0.399502 0.399502 0.399501 0.399501 0.399502 0.399502 0.000000 0.000000
0.000000 0.000000 0.402882 0.402882 0.402881 0.402881 0.402882 0.402882 0.402882 0.402882 0.402883 0.402882 0.402882 0.402882 0.402882 0.402881 0.402881 0.402882 0.402882 0.000000 0.000000
0.000000 0.000000 0.406175 0.406174 0.406173 0.406174 0.406175 0.406174 0.406175 0.406175 0.406175 0.406175 0.406175 0.406174 0.406175 0.406174 0.406173 0.406174 0.406175 0.000000 0.000000
0.000000 0.000000 0.409441 0.409441 0.409440 0.409441 0.409442 0.409441 0.409441 0.409442 0.409442 0.409442 0.409441 0.409441 0.409442 0.409441 0.409440 0.409441 0.409441 0.000000 0.000000
0.000000 0.000000 0.350000 0.350000 0.350000 0.350000 0.350000 0.350000 0.350000 0.350000 0.350000 0.350000 0.350000 0.350000 0.350000 0.350000 0.350000 0.350000 0.350000 0.000000 0.000000
0.000000 0.000000 0.000000 0.000000 0.000000 0.000000 0.000000 0.000000 0.000000 0.000000 0.000000 0.000000 0.000000 0.000000 0.000000 0.000000 0.000000 0.000000 0.000000 0.000000 0.000000