geotop/1.0zi/1.0Montebello/Templates/testdem/maps/_Eocclay9472.asc
ncols         21
nrows         20
xllcorner     100.000000
yllcorner     100.000000
cellsize      50.000000
NODATA_value  -9999.0
0.000000 0.000000 0.000000 0.000000 0.000000 0.000000 0.000000 0.000000 0.000000 0.000000 0.000000 0.000000 0.000000 0.000000 0.000000 0.000000 0.000000 0.000000 0.000000 0.000000 0.000000
0.000000 0.000000 0.349559 0.349562 0.349561 0.349561 0.349562 0.349562 0.349562 0.349562 0.349561 0.349562 0.349562 0.349562 0.349562 0.349562 0.349560 0.349560 0.349561 0.000000 0.000000
0.000000 0.000000 0.349981 0.349979 0.349979 0.349982 0.349979 0.349979 0.349980 0.349979 0.349979 0.349979 0.349980 0.349979 0.349980 0.349980 0.349981 0.349981 0.349979 0.000000 0.000000
0.000000 0.000000 0.350041 0.350046 0.350044 0.350042 0.350042 0.350042 0.350046 0.350044 0.350047 0.350045 0.350046 0.350044 0.350047 0.350049 0.350046 0.350047 0.350045 0.000000 0.000000
0.000000 0.000000 0.351412 0.351406 0.351398 0.351387 0.351369 0.351368 0.351365 0.351366 0.351365 0.351369 0.351368 0.351371 0.351380 0.351385 0.351396 0.351399 0.351409 0.000000 0.000000
0.000000 0.000000 0.355155 0.355150 0.355127 0.355095 0.355065 0.355037 0.355041 0.355035 0.355037 0.355037 0.355043 0.355043 0.355057 0.355086 0.355101 0.355113 0.355120 0.000000 0.000000
0.000000 0.000000 0.360175 0.360166 0.360151 0.360120 0.360081 0.360023 0.360027 0.360022 0.360021 0.360023 0.360025 0.360026 0.360069 0.360103 0.360122 0.360136 0.360144 0.000000 0.000000
0.000000 0.000000 0.366141 0.366131 0.366115 0.366076 0.366035 0.365984 0.365986 0.365981 0.365979 0.365977 0.365975 0.365986 0.366026 0.366061 0.366093 0.366101 0.366116 0.000000 0.000000
0.000000 0.000000 0.372644 0.372629 0.372608 0.372580 0.372532 0.372474 0.372482 0.372471 0.372465 0.372464 0.372466 0.372466 0.372521 0.372563 0.372588 0.372597 0.372611 0.000000 0.000000
0.000000 0.000000 0.379798 0.379778 0.379762 0.379731 0.379665 0.379611 0.379614 0.379607 0.379598 0.379604 0.379612 0.379611 0.379655 0.379710 0.379740 0.379752 0.379759 0.000000 0.000000
0.000000 0.000000 0.387907 0.387893 0.387878 0.387807 0.387764 0.387691 0.387711 0.387673 0.387679 0.387675 0.387663 0.387687 0.387736 0.387769 0.387812 0.387830 0.387864 0.000000 0.000000
0.000000 0.000000 0.397307 0.397275 0.397232 0.397198 0.397135 0.397046 0.397048 0.397043 0.397059 0.397026 0.397043 0.397042 0.397130 0.397182 0.397205 0.397219 0.397291 0.000000 0.000000
0.000000 0.000000 0.407876 0.407847 0.407839 0.407757 0.407705 0.407443 0.407446 0.407433 0.407350 0.407402 0.407411 0.407437 0.407631 0.407678 0.407772 0.407779 0.407802 0.000000 0.000000
0.000000 0.000000 0.420956 0.420947 0.420871 0.420824 0.420453 0.420562 0.420493 0.420496 0.420544 0.420500 0.420494 0.420462 0.420361 0.420760 0.420780 0.420875 0.420934 0.000000 0.000000
0.000000 0.000000 0.436282 0.436237 0.436163 0.435679 0.435851 0.435562 0.435490 0.435463 0.435360 0.435322 0.435379 0.435384 0.435649 0.435490 0.436125 0.435982 0.435966 0.000000 0.000000
0.000000 0.000000 0.451131 0.451104 0.450504 0.450813 0.450707 0.450729 0.450998 0.450929 0.451073 0.451049 0.450937 0.451084 0.451010 0.451101 0.450436 0.451353 0.451340 0.000000 0.000000
0.000000 0.000000 0.465577 0.464986 0.465204 0.464926 0.464626 0.464527 0.464319 0.464369 0.464161 0.464187 0.464310 0.464182 0.464350 0.464572 0.465173 0.464692 0.465310 0.000000 0.000000
0.000000 0.000000 0.469995 0.470308 0.470676 0.470628 0.470603 0.470242 0.470281 0.470185 0.470327 0.470296 0.470286 0.470327 0.470630 0.470651 0.470720 0.470393 0.470085 0.000000 0.000000
0.000000 0.000000 0.350000 0.350000 0.350000 0.350000 0.350000 0.350000 0.350000 0.350000 0.350000 0.350000 0.350000 0.350000 0.350000 0.350000 0.350000 0.350000 0.350000 0.000000 0.000000
0.000000 0.000000 0.000000 0.000000 0.000000 0.000000 0.000000 0.000000 0.000000 0.000000 0.000000 0.000000 0.000000 0.000000 0.000000 0.000000 0.000000 0.000000 0.000000 0.000000 0.000000