geotop/1.0zi/1.0Montebello/Templates/testdem/maps/_Eocsilt1387.asc
ncols         21
nrows         20
xllcorner     100.000000
yllcorner     100.000000
cellsize      50.000000
NODATA_value  -9999.0
0.000000 0.000000 0.000000 0.000000 0.000000 0.000000 0.000000 0.000000 0.000000 0.000000 0.000000 0.000000 0.000000 0.000000 0.000000 0.000000 0.000000 0.000000 0.000000 0.000000 0.000000
0.000000 0.000000 0.350029 0.350029 0.350029 0.350029 0.350029 0.350029 0.350029 0.350029 0.350029 0.350029 0.350029 0.350029 0.350029 0.350029 0.350029 0.350029 0.350029 0.000000 0.000000
0.000000 0.000000 0.350000 0.350000 0.350000 0.350000 0.350000 0.350000 0.350000 0.350000 0.350000 0.350000 0.350000 0.350000 0.350000 0.350000 0.350000 0.350000 0.350000 0.000000 0.000000
0.000000 0.000000 0.350579 0.350579 0.350576 0.350577 0.350579 0.350579 0.350579 0.350579 0.350579 0.350579 0.350579 0.350579 0.350579 0.350577 0.350576 0.350579 0.350579 0.000000 0.000000
0.000000 0.000000 0.352495 0.352495 0.352492 0.352492 0.352495 0.352495 0.352494 0.352495 0.352495 0.352495 0.352494 0.352495 0.352495 0.352492 0.352492 0.352495 0.352495 0.000000 0.000000
0.000000 0.000000 0.354871 0.354871 0.354869 0.354869 0.354872 0.354871 0.354871 0.354872 0.354872 0.354872 0.354871 0.354871 0.354872 0.354869 0.354869 0.354871 0.354871 0.000000 0.000000
0.000000 0.000000 0.357056 0.357056 0.357054 0.357055 0.357057 0.357056 0.357056 0.357057 0.357057 0.357057 0.357056 0.357056 0.357057 0.357055 0.357054 0.357056 0.357056 0.000000 0.000000
0.000000 0.000000 0.359063 0.359063 0.359061 0.359062 0.359064 0.359063 0.359063 0.359064 0.359064 0.359064 0.359063 0.359063 0.359064 0.359062 0.359061 0.359063 0.359063 0.000000 0.000000
0.000000 0.000000 0.360945 0.360944 0.360943 0.360943 0.360945 0.360945 0.360945 0.360945 0.360945 0.360945 0.360945 0.360945 0.360945 0.360943 0.360943 0.360944 0.360945 0.000000 0.000000
0.000000 0.000000 0.362748 0.362747 0.362746 0.362746 0.362748 0.362748 0.362748 0.362748 0.362748 0.362748 0.362748 0.362748 0.362748 0.362746 0.362746 0.362747 0.362748 0.000000 0.000000
0.000000 0.000000 0.364492 0.364491 0.364490 0.364490 0.364492 0.364492 0.364492 0.364492 0.364492 0.364492 0.364492 0.364492 0.364492 0.364490 0.364490 0.364491 0.364492 0.000000 0.000000
0.000000 0.000000 0.366195 0.366194 0.366193 0.366194 0.366195 0.366195 0.366195 0.366195 0.366195 0.366195 0.366195 0.366195 0.366195 0.366194 0.366193 0.366194 0.366195 0.000000 0.000000
0.000000 0.000000 0.367869 0.367868 0.367867 0.367867 0.367869 0.367868 0.367868 0.367869 0.367869 0.367869 0.367868 0.367868 0.367869 0.367867 0.367867 0.367868 0.367869 0.000000 0.000000
0.000000 0.000000 0.369512 0.369512 0.369511 0.369511 0.369513 0.369512 0.369512 0.369513 0.369513 0.369513 0.369512 0.369512 0.369513 0.369511 0.369511 0.369512 0.369512 0.000000 0.000000
0.000000 0.000000 0.371134 0.371133 0.371132 0.371133 0.371134 0.371134 0.371134 0.371134 0.371134 0.371134 0.371134 0.371134 0.371134 0.371133 0.371132 0.371133 0.371134 0.000000 0.000000
0.000000 0.000000 0.372739 0.372738 0.372737 0.372737 0.372739 0.372738 0.372738 0.372739 0.372739 0.372739 0.372738 0.372738 0.372739 0.372737 0.372737 0.372738 0.372739 0.000000 0.000000
0.000000 0.000000 0.374325 0.374325 0.374324 0.374324 0.374326 0.374325 0.374325 0.374326 0.374326 0.374326 0.374325 0.374325 0.374326 0.374324 0.374324 0.374325 0.374325 0.000000 0.000000
0.000000 0.000000 0.375932 0.375932 0.375930 0.375931 0.375932 0.375932 0.375932 0.375932 0.375932 0.375932 0.375932 0.375932 0.375932 0.375931 0.375930 0.375932 0.375932 0.000000 0.000000
0.000000 0.000000 0.350000 0.350000 0.350000 0.350000 0.350000 0.350000 0.350000 0.350000 0.350000 0.350000 0.350000 0.350000 0.350000 0.350000 0.350000 0.350000 0.350000 0.000000 0.000000
0.000000 0.000000 0.000000 0.000000 0.000000 0.000000 0.000000 0.000000 0.000000 0.000000 0.000000 0.000000 0.000000 0.000000 0.000000 0.000000 0.000000 0.000000 0.000000 0.000000 0.000000