geotop/1.0zi/1.0Montebello/Templates/testdem/maps/_Eocclay9944.asc
ncols         21
nrows         20
xllcorner     100.000000
yllcorner     100.000000
cellsize      50.000000
NODATA_value  -9999.0
0.000000 0.000000 0.000000 0.000000 0.000000 0.000000 0.000000 0.000000 0.000000 0.000000 0.000000 0.000000 0.000000 0.000000 0.000000 0.000000 0.000000 0.000000 0.000000 0.000000 0.000000
0.000000 0.000000 0.349543 0.349546 0.349545 0.349544 0.349546 0.349546 0.349546 0.349546 0.349545 0.349546 0.349546 0.349546 0.349546 0.349546 0.349544 0.349545 0.349545 0.000000 0.000000
0.000000 0.000000 0.349982 0.349980 0.349980 0.349982 0.349979 0.349979 0.349980 0.349979 0.349979 0.349979 0.349979 0.349979 0.349980 0.349981 0.349981 0.349981 0.349979 0.000000 0.000000
0.000000 0.000000 0.350038 0.350043 0.350040 0.350035 0.350037 0.350036 0.350041 0.350038 0.350041 0.350039 0.350039 0.350038 0.350041 0.350044 0.350042 0.350043 0.350041 0.000000 0.000000
0.000000 0.000000 0.351505 0.351499 0.351492 0.351479 0.351460 0.351457 0.351454 0.351456 0.351453 0.351458 0.351458 0.351459 0.351470 0.351475 0.351486 0.351490 0.351498 0.000000 0.000000
0.000000 0.000000 0.355523 0.355517 0.355493 0.355452 0.355420 0.355388 0.355393 0.355389 0.355386 0.355386 0.355393 0.355390 0.355408 0.355439 0.355454 0.355468 0.355473 0.000000 0.000000
0.000000 0.000000 0.360939 0.360927 0.360911 0.360871 0.360830 0.360769 0.360770 0.360766 0.360759 0.360761 0.360761 0.360761 0.360811 0.360846 0.360867 0.360881 0.360888 0.000000 0.000000
0.000000 0.000000 0.367380 0.367365 0.367347 0.367297 0.367250 0.367196 0.367197 0.367192 0.367184 0.367182 0.367180 0.367189 0.367234 0.367272 0.367306 0.367315 0.367329 0.000000 0.000000
0.000000 0.000000 0.374467 0.374448 0.374421 0.374382 0.374328 0.374266 0.374272 0.374262 0.374250 0.374248 0.374251 0.374248 0.374310 0.374356 0.374382 0.374393 0.374405 0.000000 0.000000
0.000000 0.000000 0.382365 0.382337 0.382315 0.382272 0.382213 0.382146 0.382147 0.382140 0.382124 0.382129 0.382137 0.382134 0.382185 0.382245 0.382277 0.382290 0.382295 0.000000 0.000000
0.000000 0.000000 0.391445 0.391421 0.391399 0.391307 0.391279 0.391189 0.391207 0.391166 0.391165 0.391159 0.391144 0.391168 0.391227 0.391264 0.391309 0.391325 0.391364 0.000000 0.000000
0.000000 0.000000 0.402135 0.402087 0.402030 0.401984 0.401935 0.401821 0.401818 0.401816 0.401824 0.401785 0.401804 0.401796 0.401901 0.401961 0.401985 0.402000 0.402077 0.000000 0.000000
0.000000 0.000000 0.414289 0.414243 0.414229 0.414137 0.414077 0.413769 0.413763 0.413747 0.413631 0.413700 0.413705 0.413732 0.413963 0.414013 0.414126 0.414132 0.414147 0.000000 0.000000
0.000000 0.000000 0.429435 0.429415 0.429310 0.429245 0.428806 0.428973 0.428880 0.428884 0.428943 0.428878 0.428869 0.428819 0.428671 0.429150 0.429162 0.429274 0.429339 0.000000 0.000000
0.000000 0.000000 0.446391 0.446338 0.446257 0.445695 0.445955 0.445599 0.445526 0.445493 0.445355 0.445321 0.445380 0.445389 0.445702 0.445454 0.446176 0.446001 0.445970 0.000000 0.000000
0.000000 0.000000 0.460885 0.460857 0.460293 0.460600 0.460489 0.460524 0.460775 0.460713 0.460845 0.460824 0.460715 0.460848 0.460761 0.460864 0.460202 0.461071 0.461057 0.000000 0.000000
0.000000 0.000000 0.473051 0.472633 0.472742 0.472567 0.472347 0.472294 0.472167 0.472197 0.472058 0.472075 0.472152 0.472071 0.472168 0.472333 0.472703 0.472433 0.472866 0.000000 0.000000
0.000000 0.000000 0.477934 0.478042 0.478295 0.478234 0.478177 0.477947 0.477949 0.477895 0.477956 0.477940 0.477946 0.477957 0.478160 0.478205 0.478307 0.478050 0.477944 0.000000 0.000000
0.000000 0.000000 0.350000 0.350000 0.350000 0.350000 0.350000 0.350000 0.350000 0.350000 0.350000 0.350000 0.350000 0.350000 0.350000 0.350000 0.350000 0.350000 0.350000 0.000000 0.000000
0.000000 0.000000 0.000000 0.000000 0.000000 0.000000 0.000000 0.000000 0.000000 0.000000 0.000000 0.000000 0.000000 0.000000 0.000000 0.000000 0.000000 0.000000 0.000000 0.000000 0.000000