geotop/1.0zi/1.0Montebello/Templates/testdem/maps/_Eocsilt1090.asc
ncols         21
nrows         20
xllcorner     100.000000
yllcorner     100.000000
cellsize      50.000000
NODATA_value  -9999.0
0.000000 0.000000 0.000000 0.000000 0.000000 0.000000 0.000000 0.000000 0.000000 0.000000 0.000000 0.000000 0.000000 0.000000 0.000000 0.000000 0.000000 0.000000 0.000000 0.000000 0.000000
0.000000 0.000000 0.350019 0.350019 0.350019 0.350019 0.350019 0.350019 0.350019 0.350019 0.350019 0.350019 0.350019 0.350019 0.350019 0.350019 0.350019 0.350019 0.350019 0.000000 0.000000
0.000000 0.000000 0.350001 0.350001 0.350001 0.350001 0.350001 0.350001 0.350001 0.350001 0.350001 0.350001 0.350001 0.350001 0.350001 0.350001 0.350001 0.350001 0.350001 0.000000 0.000000
0.000000 0.000000 0.350462 0.350462 0.350459 0.350460 0.350462 0.350462 0.350462 0.350462 0.350462 0.350462 0.350462 0.350462 0.350462 0.350460 0.350459 0.350462 0.350462 0.000000 0.000000
0.000000 0.000000 0.352002 0.352001 0.351999 0.351999 0.352002 0.352001 0.352001 0.352002 0.352002 0.352002 0.352001 0.352001 0.352002 0.351999 0.351999 0.352001 0.352002 0.000000 0.000000
0.000000 0.000000 0.353872 0.353872 0.353870 0.353870 0.353872 0.353872 0.353872 0.353872 0.353872 0.353872 0.353872 0.353872 0.353872 0.353870 0.353870 0.353872 0.353872 0.000000 0.000000
0.000000 0.000000 0.355586 0.355586 0.355584 0.355584 0.355586 0.355586 0.355586 0.355586 0.355586 0.355586 0.355586 0.355586 0.355586 0.355584 0.355584 0.355586 0.355586 0.000000 0.000000
0.000000 0.000000 0.357159 0.357159 0.357157 0.357157 0.357159 0.357159 0.357159 0.357159 0.357159 0.357159 0.357159 0.357159 0.357159 0.357157 0.357157 0.357159 0.357159 0.000000 0.000000
0.000000 0.000000 0.358633 0.358633 0.358631 0.358631 0.358633 0.358633 0.358633 0.358633 0.358633 0.358633 0.358633 0.358633 0.358633 0.358631 0.358631 0.358633 0.358633 0.000000 0.000000
0.000000 0.000000 0.360046 0.360045 0.360044 0.360044 0.360046 0.360046 0.360046 0.360046 0.360046 0.360046 0.360046 0.360046 0.360046 0.360044 0.360044 0.360045 0.360046 0.000000 0.000000
0.000000 0.000000 0.361412 0.361412 0.361410 0.361411 0.361412 0.361412 0.361412 0.361412 0.361412 0.361412 0.361412 0.361412 0.361412 0.361411 0.361410 0.361412 0.361412 0.000000 0.000000
0.000000 0.000000 0.362747 0.362746 0.362745 0.362745 0.362747 0.362747 0.362747 0.362747 0.362747 0.362747 0.362747 0.362747 0.362747 0.362745 0.362745 0.362746 0.362747 0.000000 0.000000
0.000000 0.000000 0.364059 0.364059 0.364058 0.364058 0.364059 0.364059 0.364059 0.364059 0.364059 0.364059 0.364059 0.364059 0.364059 0.364058 0.364058 0.364059 0.364059 0.000000 0.000000
0.000000 0.000000 0.365349 0.365349 0.365347 0.365348 0.365349 0.365349 0.365349 0.365349 0.365349 0.365349 0.365349 0.365349 0.365349 0.365348 0.365347 0.365349 0.365349 0.000000 0.000000
0.000000 0.000000 0.366625 0.366625 0.366624 0.366624 0.366625 0.366625 0.366625 0.366625 0.366625 0.366625 0.366625 0.366625 0.366625 0.366624 0.366624 0.366625 0.366625 0.000000 0.000000
0.000000 0.000000 0.367893 0.367893 0.367892 0.367892 0.367894 0.367893 0.367893 0.367894 0.367894 0.367894 0.367893 0.367893 0.367894 0.367892 0.367892 0.367893 0.367893 0.000000 0.000000
0.000000 0.000000 0.369148 0.369148 0.369147 0.369147 0.369148 0.369148 0.369148 0.369149 0.369148 0.369149 0.369148 0.369148 0.369148 0.369147 0.369147 0.369148 0.369148 0.000000 0.000000
0.000000 0.000000 0.370429 0.370429 0.370428 0.370428 0.370429 0.370429 0.370429 0.370430 0.370429 0.370430 0.370429 0.370429 0.370429 0.370428 0.370428 0.370429 0.370429 0.000000 0.000000
0.000000 0.000000 0.350000 0.350000 0.350000 0.350000 0.350000 0.350000 0.350000 0.350000 0.350000 0.350000 0.350000 0.350000 0.350000 0.350000 0.350000 0.350000 0.350000 0.000000 0.000000
0.000000 0.000000 0.000000 0.000000 0.000000 0.000000 0.000000 0.000000 0.000000 0.000000 0.000000 0.000000 0.000000 0.000000 0.000000 0.000000 0.000000 0.000000 0.000000 0.000000 0.000000