geotop/1.0zi/1.0Montebello/Templates/testdem/maps/_Eocsilt4454.asc
ncols         21
nrows         20
xllcorner     100.000000
yllcorner     100.000000
cellsize      50.000000
NODATA_value  -9999.0
0.000000 0.000000 0.000000 0.000000 0.000000 0.000000 0.000000 0.000000 0.000000 0.000000 0.000000 0.000000 0.000000 0.000000 0.000000 0.000000 0.000000 0.000000 0.000000 0.000000 0.000000
0.000000 0.000000 0.350090 0.350090 0.350090 0.350090 0.350090 0.350090 0.350090 0.350090 0.350090 0.350090 0.350090 0.350090 0.350090 0.350090 0.350090 0.350090 0.350090 0.000000 0.000000
0.000000 0.000000 0.350002 0.350002 0.350002 0.350003 0.350003 0.350003 0.350003 0.350003 0.350003 0.350003 0.350003 0.350003 0.350003 0.350002 0.350001 0.350001 0.350002 0.000000 0.000000
0.000000 0.000000 0.350031 0.350031 0.350030 0.350026 0.350027 0.350025 0.350027 0.350027 0.350027 0.350027 0.350027 0.350026 0.350027 0.350030 0.350031 0.350032 0.350031 0.000000 0.000000
0.000000 0.000000 0.350387 0.350390 0.350388 0.350384 0.350380 0.350377 0.350375 0.350372 0.350371 0.350374 0.350374 0.350376 0.350381 0.350381 0.350382 0.350389 0.350392 0.000000 0.000000
0.000000 0.000000 0.351534 0.351537 0.351534 0.351523 0.351517 0.351502 0.351500 0.351494 0.351499 0.351502 0.351505 0.351504 0.351508 0.351515 0.351521 0.351523 0.351527 0.000000 0.000000
0.000000 0.000000 0.353320 0.353320 0.353317 0.353303 0.353288 0.353271 0.353272 0.353270 0.353273 0.353272 0.353270 0.353273 0.353284 0.353299 0.353305 0.353311 0.353317 0.000000 0.000000
0.000000 0.000000 0.355399 0.355396 0.355396 0.355383 0.355369 0.355352 0.355354 0.355351 0.355352 0.355351 0.355349 0.355348 0.355365 0.355380 0.355391 0.355393 0.355399 0.000000 0.000000
0.000000 0.000000 0.357518 0.357515 0.357511 0.357501 0.357488 0.357466 0.357467 0.357463 0.357464 0.357465 0.357463 0.357463 0.357480 0.357497 0.357505 0.357510 0.357518 0.000000 0.000000
0.000000 0.000000 0.359624 0.359621 0.359619 0.359609 0.359593 0.359574 0.359577 0.359574 0.359575 0.359575 0.359572 0.359570 0.359589 0.359606 0.359614 0.359617 0.359623 0.000000 0.000000
0.000000 0.000000 0.361744 0.361742 0.361740 0.361732 0.361721 0.361698 0.361701 0.361696 0.361696 0.361698 0.361695 0.361694 0.361709 0.361722 0.361731 0.361736 0.361743 0.000000 0.000000
0.000000 0.000000 0.363936 0.363933 0.363929 0.363918 0.363905 0.363883 0.363883 0.363880 0.363880 0.363880 0.363878 0.363877 0.363898 0.363913 0.363922 0.363926 0.363949 0.000000 0.000000
0.000000 0.000000 0.366157 0.366153 0.366150 0.366141 0.366126 0.366081 0.366082 0.366077 0.366077 0.366078 0.366074 0.366074 0.366113 0.366131 0.366140 0.366144 0.366158 0.000000 0.000000
0.000000 0.000000 0.368505 0.368498 0.368497 0.368488 0.368443 0.368432 0.368425 0.368422 0.368422 0.368423 0.368419 0.368418 0.368430 0.368475 0.368484 0.368494 0.368502 0.000000 0.000000
0.000000 0.000000 0.371035 0.371031 0.371020 0.370981 0.370961 0.370933 0.370919 0.370914 0.370908 0.370908 0.370908 0.370903 0.370924 0.370955 0.371005 0.371003 0.371010 0.000000 0.000000
0.000000 0.000000 0.373647 0.373642 0.373595 0.373588 0.373576 0.373561 0.373560 0.373559 0.373561 0.373561 0.373553 0.373561 0.373567 0.373580 0.373581 0.373635 0.373647 0.000000 0.000000
0.000000 0.000000 0.376550 0.376486 0.376448 0.376431 0.376399 0.376381 0.376378 0.376375 0.376368 0.376368 0.376368 0.376362 0.376374 0.376412 0.376437 0.376463 0.376528 0.000000 0.000000
0.000000 0.000000 0.378821 0.378808 0.378850 0.378828 0.378800 0.378736 0.378731 0.378725 0.378727 0.378727 0.378722 0.378725 0.378782 0.378814 0.378851 0.378797 0.378822 0.000000 0.000000
0.000000 0.000000 0.350000 0.350000 0.350000 0.350000 0.350000 0.350000 0.350000 0.350000 0.350000 0.350000 0.350000 0.350000 0.350000 0.350000 0.350000 0.350000 0.350000 0.000000 0.000000
0.000000 0.000000 0.000000 0.000000 0.000000 0.000000 0.000000 0.000000 0.000000 0.000000 0.000000 0.000000 0.000000 0.000000 0.000000 0.000000 0.000000 0.000000 0.000000 0.000000 0.000000