geotop/1.0zi/1.0Montebello/Templates/testdem/maps/_Eocsilt162F.asc
ncols         21
nrows         20
xllcorner     100.000000
yllcorner     100.000000
cellsize      50.000000
NODATA_value  -9999.0
0.000000 0.000000 0.000000 0.000000 0.000000 0.000000 0.000000 0.000000 0.000000 0.000000 0.000000 0.000000 0.000000 0.000000 0.000000 0.000000 0.000000 0.000000 0.000000 0.000000 0.000000
0.000000 0.000000 0.350257 0.350258 0.350258 0.350258 0.350257 0.350257 0.350257 0.350257 0.350257 0.350257 0.350257 0.350257 0.350257 0.350258 0.350258 0.350258 0.350258 0.000000 0.000000
0.000000 0.000000 0.350013 0.350013 0.350013 0.350013 0.350014 0.350014 0.350014 0.350014 0.350014 0.350014 0.350014 0.350014 0.350013 0.350013 0.350011 0.350011 0.350013 0.000000 0.000000
0.000000 0.000000 0.350249 0.350247 0.350238 0.350234 0.350234 0.350224 0.350227 0.350229 0.350225 0.350229 0.350229 0.350232 0.350230 0.350234 0.350239 0.350244 0.350245 0.000000 0.000000
0.000000 0.000000 0.352195 0.352198 0.352186 0.352166 0.352153 0.352145 0.352144 0.352140 0.352136 0.352143 0.352148 0.352144 0.352158 0.352170 0.352176 0.352183 0.352190 0.000000 0.000000
0.000000 0.000000 0.357154 0.357146 0.357126 0.357092 0.357054 0.357024 0.357019 0.357013 0.357010 0.357012 0.357018 0.357013 0.357031 0.357062 0.357075 0.357088 0.357095 0.000000 0.000000
0.000000 0.000000 0.364086 0.364072 0.364047 0.363999 0.363950 0.363880 0.363877 0.363871 0.363864 0.363864 0.363862 0.363865 0.363916 0.363958 0.363984 0.364006 0.364013 0.000000 0.000000
0.000000 0.000000 0.372470 0.372453 0.372427 0.372365 0.372311 0.372244 0.372236 0.372228 0.372218 0.372217 0.372214 0.372223 0.372270 0.372320 0.372362 0.372372 0.372388 0.000000 0.000000
0.000000 0.000000 0.382124 0.382097 0.382056 0.382005 0.381940 0.381853 0.381850 0.381835 0.381822 0.381820 0.381824 0.381817 0.381891 0.381953 0.381987 0.382005 0.382019 0.000000 0.000000
0.000000 0.000000 0.393422 0.393381 0.393341 0.393286 0.393209 0.393117 0.393102 0.393094 0.393072 0.393080 0.393095 0.393089 0.393146 0.393229 0.393272 0.393292 0.393297 0.000000 0.000000
0.000000 0.000000 0.407108 0.407068 0.407032 0.406890 0.406861 0.406725 0.406745 0.406678 0.406685 0.406674 0.406648 0.406686 0.406756 0.406807 0.406873 0.406899 0.406957 0.000000 0.000000
0.000000 0.000000 0.423881 0.423795 0.423691 0.423645 0.423572 0.423396 0.423363 0.423379 0.423388 0.423336 0.423367 0.423345 0.423491 0.423590 0.423614 0.423640 0.423750 0.000000 0.000000
0.000000 0.000000 0.441764 0.441697 0.441687 0.441551 0.441471 0.441016 0.440985 0.440954 0.440767 0.440904 0.440897 0.440942 0.441260 0.441323 0.441497 0.441517 0.441487 0.000000 0.000000
0.000000 0.000000 0.458315 0.458304 0.458191 0.458148 0.457750 0.457975 0.457882 0.457885 0.457971 0.457888 0.457877 0.457822 0.457632 0.458081 0.458064 0.458165 0.458219 0.000000 0.000000
0.000000 0.000000 0.467786 0.467772 0.467723 0.467588 0.467533 0.467509 0.467472 0.467465 0.467454 0.467426 0.467438 0.467425 0.467450 0.467509 0.467669 0.467659 0.467665 0.000000 0.000000
0.000000 0.000000 0.473265 0.473251 0.473255 0.473071 0.473127 0.473035 0.472995 0.472989 0.472946 0.472933 0.472957 0.472948 0.473034 0.472978 0.473229 0.473132 0.473126 0.000000 0.000000
0.000000 0.000000 0.476295 0.476377 0.476238 0.476239 0.476305 0.476271 0.476331 0.476308 0.476342 0.476328 0.476301 0.476342 0.476352 0.476297 0.476220 0.476405 0.476301 0.000000 0.000000
0.000000 0.000000 0.479633 0.479477 0.479344 0.479300 0.479281 0.479324 0.479313 0.479332 0.479278 0.479281 0.479292 0.479283 0.479250 0.479259 0.479315 0.479417 0.479562 0.000000 0.000000
0.000000 0.000000 0.350000 0.350000 0.350000 0.350000 0.350000 0.350000 0.350000 0.350000 0.350000 0.350000 0.350000 0.350000 0.350000 0.350000 0.350000 0.350000 0.350000 0.000000 0.000000
0.000000 0.000000 0.000000 0.000000 0.000000 0.000000 0.000000 0.000000 0.000000 0.000000 0.000000 0.000000 0.000000 0.000000 0.000000 0.000000 0.000000 0.000000 0.000000 0.000000 0.000000