geotop/1.0zi/1.0Montebello/Templates/testdem/maps/_Eocclay8112.asc
ncols         21
nrows         20
xllcorner     100.000000
yllcorner     100.000000
cellsize      50.000000
NODATA_value  -9999.0
0.000000 0.000000 0.000000 0.000000 0.000000 0.000000 0.000000 0.000000 0.000000 0.000000 0.000000 0.000000 0.000000 0.000000 0.000000 0.000000 0.000000 0.000000 0.000000 0.000000 0.000000
0.000000 0.000000 0.349624 0.349626 0.349626 0.349625 0.349627 0.349627 0.349627 0.349627 0.349625 0.349627 0.349627 0.349626 0.349627 0.349626 0.349624 0.349625 0.349626 0.000000 0.000000
0.000000 0.000000 0.349984 0.349983 0.349983 0.349985 0.349983 0.349983 0.349983 0.349983 0.349983 0.349982 0.349983 0.349982 0.349983 0.349984 0.349985 0.349984 0.349982 0.000000 0.000000
0.000000 0.000000 0.350004 0.350008 0.350006 0.350004 0.350007 0.350004 0.350006 0.350003 0.350006 0.350004 0.350004 0.350003 0.350005 0.350006 0.350005 0.350009 0.350006 0.000000 0.000000
0.000000 0.000000 0.351008 0.351005 0.351001 0.350997 0.350981 0.350979 0.350976 0.350979 0.350975 0.350976 0.350972 0.350976 0.350986 0.350988 0.350996 0.351000 0.351007 0.000000 0.000000
0.000000 0.000000 0.353890 0.353889 0.353876 0.353847 0.353832 0.353807 0.353808 0.353800 0.353805 0.353803 0.353806 0.353808 0.353818 0.353839 0.353855 0.353869 0.353875 0.000000 0.000000
0.000000 0.000000 0.357833 0.357830 0.357821 0.357796 0.357765 0.357725 0.357724 0.357718 0.357720 0.357720 0.357720 0.357721 0.357755 0.357785 0.357802 0.357815 0.357824 0.000000 0.000000
0.000000 0.000000 0.362508 0.362505 0.362496 0.362466 0.362435 0.362393 0.362392 0.362388 0.362387 0.362384 0.362382 0.362390 0.362426 0.362453 0.362479 0.362489 0.362502 0.000000 0.000000
0.000000 0.000000 0.367467 0.367460 0.367445 0.367426 0.367393 0.367349 0.367352 0.367342 0.367339 0.367337 0.367338 0.367337 0.367380 0.367415 0.367435 0.367445 0.367456 0.000000 0.000000
0.000000 0.000000 0.372728 0.372718 0.372710 0.372691 0.372642 0.372602 0.372602 0.372597 0.372591 0.372594 0.372600 0.372598 0.372634 0.372675 0.372700 0.372708 0.372716 0.000000 0.000000
0.000000 0.000000 0.378466 0.378459 0.378449 0.378408 0.378374 0.378327 0.378336 0.378311 0.378314 0.378313 0.378304 0.378321 0.378354 0.378380 0.378412 0.378429 0.378451 0.000000 0.000000
0.000000 0.000000 0.384834 0.384817 0.384797 0.384770 0.384732 0.384672 0.384668 0.384661 0.384675 0.384654 0.384660 0.384663 0.384724 0.384755 0.384778 0.384790 0.384844 0.000000 0.000000
0.000000 0.000000 0.391730 0.391714 0.391705 0.391667 0.391633 0.391478 0.391476 0.391466 0.391426 0.391447 0.391456 0.391470 0.391588 0.391620 0.391679 0.391686 0.391712 0.000000 0.000000
0.000000 0.000000 0.399822 0.399817 0.399784 0.399757 0.399562 0.399576 0.399535 0.399536 0.399547 0.399536 0.399530 0.399522 0.399505 0.399707 0.399740 0.399793 0.399831 0.000000 0.000000
0.000000 0.000000 0.409378 0.409360 0.409320 0.409074 0.409092 0.408970 0.408913 0.408899 0.408858 0.408829 0.408856 0.408851 0.408969 0.408966 0.409291 0.409243 0.409250 0.000000 0.000000
0.000000 0.000000 0.419893 0.419878 0.419519 0.419612 0.419586 0.419551 0.419683 0.419641 0.419710 0.419684 0.419626 0.419715 0.419724 0.419743 0.419488 0.420003 0.419996 0.000000 0.000000
0.000000 0.000000 0.433032 0.432463 0.432574 0.432364 0.432079 0.431996 0.431843 0.431879 0.431710 0.431725 0.431820 0.431727 0.431870 0.432080 0.432555 0.432255 0.432847 0.000000 0.000000
0.000000 0.000000 0.437911 0.438446 0.438939 0.438942 0.438965 0.438494 0.438571 0.438433 0.438656 0.438610 0.438577 0.438653 0.439046 0.439027 0.439030 0.438643 0.438120 0.000000 0.000000
0.000000 0.000000 0.350000 0.350000 0.350000 0.350000 0.350000 0.350000 0.350000 0.350000 0.350000 0.350000 0.350000 0.350000 0.350000 0.350000 0.350000 0.350000 0.350000 0.000000 0.000000
0.000000 0.000000 0.000000 0.000000 0.000000 0.000000 0.000000 0.000000 0.000000 0.000000 0.000000 0.000000 0.000000 0.000000 0.000000 0.000000 0.000000 0.000000 0.000000 0.000000 0.000000