geotop/1.0zi/1.0Montebello/Templates/testdem/maps/_Eocclay8116.asc
ncols         21
nrows         20
xllcorner     100.000000
yllcorner     100.000000
cellsize      50.000000
NODATA_value  -9999.0
0.000000 0.000000 0.000000 0.000000 0.000000 0.000000 0.000000 0.000000 0.000000 0.000000 0.000000 0.000000 0.000000 0.000000 0.000000 0.000000 0.000000 0.000000 0.000000 0.000000 0.000000
0.000000 0.000000 0.349624 0.349626 0.349626 0.349625 0.349626 0.349626 0.349626 0.349626 0.349625 0.349627 0.349626 0.349626 0.349627 0.349626 0.349624 0.349625 0.349625 0.000000 0.000000
0.000000 0.000000 0.349984 0.349983 0.349983 0.349985 0.349983 0.349983 0.349983 0.349983 0.349983 0.349982 0.349983 0.349982 0.349983 0.349984 0.349985 0.349984 0.349982 0.000000 0.000000
0.000000 0.000000 0.350004 0.350008 0.350006 0.350004 0.350007 0.350004 0.350006 0.350003 0.350006 0.350004 0.350004 0.350003 0.350005 0.350006 0.350005 0.350009 0.350006 0.000000 0.000000
0.000000 0.000000 0.351010 0.351007 0.351003 0.350999 0.350983 0.350981 0.350978 0.350981 0.350977 0.350978 0.350974 0.350978 0.350988 0.350989 0.350998 0.351001 0.351009 0.000000 0.000000
0.000000 0.000000 0.353899 0.353898 0.353885 0.353856 0.353841 0.353816 0.353817 0.353810 0.353814 0.353812 0.353815 0.353817 0.353828 0.353848 0.353864 0.353878 0.353884 0.000000 0.000000
0.000000 0.000000 0.357851 0.357847 0.357838 0.357814 0.357782 0.357743 0.357742 0.357736 0.357737 0.357738 0.357738 0.357739 0.357773 0.357803 0.357820 0.357833 0.357841 0.000000 0.000000
0.000000 0.000000 0.362534 0.362532 0.362523 0.362492 0.362462 0.362419 0.362418 0.362414 0.362413 0.362410 0.362408 0.362417 0.362452 0.362479 0.362506 0.362515 0.362528 0.000000 0.000000
0.000000 0.000000 0.367503 0.367496 0.367481 0.367462 0.367429 0.367385 0.367387 0.367378 0.367375 0.367373 0.367374 0.367373 0.367415 0.367450 0.367471 0.367481 0.367491 0.000000 0.000000
0.000000 0.000000 0.372774 0.372764 0.372756 0.372737 0.372688 0.372648 0.372648 0.372643 0.372637 0.372640 0.372646 0.372644 0.372680 0.372721 0.372746 0.372755 0.372763 0.000000 0.000000
0.000000 0.000000 0.378524 0.378518 0.378508 0.378467 0.378433 0.378385 0.378395 0.378369 0.378373 0.378371 0.378362 0.378380 0.378413 0.378438 0.378470 0.378488 0.378509 0.000000 0.000000
0.000000 0.000000 0.384907 0.384891 0.384870 0.384844 0.384805 0.384746 0.384742 0.384735 0.384748 0.384727 0.384733 0.384736 0.384798 0.384829 0.384851 0.384864 0.384918 0.000000 0.000000
0.000000 0.000000 0.391821 0.391805 0.391797 0.391758 0.391724 0.391568 0.391566 0.391557 0.391516 0.391538 0.391547 0.391561 0.391679 0.391711 0.391770 0.391777 0.391803 0.000000 0.000000
0.000000 0.000000 0.399936 0.399932 0.399898 0.399871 0.399676 0.399690 0.399649 0.399649 0.399661 0.399650 0.399644 0.399636 0.399618 0.399821 0.399854 0.399907 0.399946 0.000000 0.000000
0.000000 0.000000 0.409522 0.409504 0.409463 0.409216 0.409235 0.409112 0.409055 0.409041 0.409000 0.408971 0.408998 0.408993 0.409112 0.409108 0.409435 0.409386 0.409394 0.000000 0.000000
0.000000 0.000000 0.420067 0.420052 0.419692 0.419786 0.419760 0.419724 0.419858 0.419815 0.419885 0.419859 0.419800 0.419890 0.419899 0.419918 0.419661 0.420178 0.420171 0.000000 0.000000
0.000000 0.000000 0.433242 0.432671 0.432783 0.432572 0.432286 0.432202 0.432048 0.432084 0.431915 0.431929 0.432026 0.431932 0.432075 0.432286 0.432764 0.432462 0.433056 0.000000 0.000000
0.000000 0.000000 0.438106 0.438645 0.439139 0.439143 0.439167 0.438695 0.438772 0.438634 0.438858 0.438812 0.438778 0.438854 0.439248 0.439230 0.439231 0.438843 0.438317 0.000000 0.000000
0.000000 0.000000 0.350000 0.350000 0.350000 0.350000 0.350000 0.350000 0.350000 0.350000 0.350000 0.350000 0.350000 0.350000 0.350000 0.350000 0.350000 0.350000 0.350000 0.000000 0.000000
0.000000 0.000000 0.000000 0.000000 0.000000 0.000000 0.000000 0.000000 0.000000 0.000000 0.000000 0.000000 0.000000 0.000000 0.000000 0.000000 0.000000 0.000000 0.000000 0.000000 0.000000