geotop/1.0zi/1.0Montebello/Templates/testdem/maps/_Eocclay4882.asc
ncols         21
nrows         20
xllcorner     100.000000
yllcorner     100.000000
cellsize      50.000000
NODATA_value  -9999.0
0.000000 0.000000 0.000000 0.000000 0.000000 0.000000 0.000000 0.000000 0.000000 0.000000 0.000000 0.000000 0.000000 0.000000 0.000000 0.000000 0.000000 0.000000 0.000000 0.000000 0.000000
0.000000 0.000000 0.349781 0.349781 0.349782 0.349782 0.349782 0.349782 0.349781 0.349782 0.349782 0.349782 0.349782 0.349781 0.349782 0.349782 0.349781 0.349781 0.349781 0.000000 0.000000
0.000000 0.000000 0.349992 0.349992 0.349992 0.349992 0.349992 0.349992 0.349992 0.349992 0.349992 0.349991 0.349992 0.349992 0.349992 0.349992 0.349992 0.349992 0.349992 0.000000 0.000000
0.000000 0.000000 0.349987 0.349989 0.349987 0.349988 0.349989 0.349989 0.349989 0.349988 0.349989 0.349988 0.349988 0.349987 0.349989 0.349991 0.349989 0.349989 0.349988 0.000000 0.000000
0.000000 0.000000 0.350373 0.350372 0.350372 0.350366 0.350358 0.350356 0.350357 0.350357 0.350355 0.350357 0.350354 0.350355 0.350360 0.350358 0.350363 0.350364 0.350367 0.000000 0.000000
0.000000 0.000000 0.351715 0.351718 0.351712 0.351697 0.351692 0.351679 0.351678 0.351674 0.351677 0.351677 0.351680 0.351682 0.351683 0.351693 0.351698 0.351706 0.351711 0.000000 0.000000
0.000000 0.000000 0.353695 0.353692 0.353688 0.353674 0.353658 0.353636 0.353636 0.353632 0.353635 0.353635 0.353637 0.353637 0.353653 0.353671 0.353679 0.353686 0.353693 0.000000 0.000000
0.000000 0.000000 0.356024 0.356023 0.356020 0.356004 0.355986 0.355964 0.355965 0.355962 0.355962 0.355962 0.355960 0.355963 0.355983 0.355999 0.356008 0.356013 0.356021 0.000000 0.000000
0.000000 0.000000 0.358366 0.358363 0.358357 0.358346 0.358329 0.358307 0.358309 0.358305 0.358305 0.358306 0.358304 0.358306 0.358324 0.358343 0.358350 0.358355 0.358363 0.000000 0.000000
0.000000 0.000000 0.360726 0.360721 0.360718 0.360705 0.360685 0.360665 0.360667 0.360665 0.360664 0.360665 0.360663 0.360663 0.360684 0.360703 0.360711 0.360716 0.360722 0.000000 0.000000
0.000000 0.000000 0.363142 0.363137 0.363133 0.363124 0.363108 0.363083 0.363086 0.363081 0.363080 0.363081 0.363079 0.363080 0.363098 0.363113 0.363123 0.363128 0.363136 0.000000 0.000000
0.000000 0.000000 0.365650 0.365646 0.365640 0.365625 0.365609 0.365585 0.365584 0.365582 0.365581 0.365580 0.365579 0.365579 0.365602 0.365620 0.365629 0.365634 0.365659 0.000000 0.000000
0.000000 0.000000 0.368204 0.368199 0.368193 0.368182 0.368162 0.368111 0.368112 0.368108 0.368107 0.368107 0.368105 0.368107 0.368152 0.368173 0.368182 0.368187 0.368202 0.000000 0.000000
0.000000 0.000000 0.370928 0.370919 0.370915 0.370903 0.370848 0.370835 0.370827 0.370824 0.370824 0.370824 0.370821 0.370822 0.370837 0.370890 0.370900 0.370911 0.370920 0.000000 0.000000
0.000000 0.000000 0.373884 0.373877 0.373862 0.373813 0.373788 0.373755 0.373739 0.373734 0.373726 0.373726 0.373728 0.373724 0.373750 0.373785 0.373844 0.373842 0.373850 0.000000 0.000000
0.000000 0.000000 0.376951 0.376944 0.376884 0.376875 0.376858 0.376842 0.376842 0.376841 0.376844 0.376843 0.376835 0.376848 0.376856 0.376869 0.376867 0.376934 0.376949 0.000000 0.000000
0.000000 0.000000 0.380394 0.380314 0.380267 0.380244 0.380201 0.380180 0.380175 0.380172 0.380163 0.380163 0.380165 0.380159 0.380176 0.380223 0.380254 0.380283 0.380362 0.000000 0.000000
0.000000 0.000000 0.383035 0.383023 0.383077 0.383047 0.383013 0.382934 0.382927 0.382920 0.382924 0.382923 0.382919 0.382926 0.382998 0.383035 0.383077 0.383008 0.383034 0.000000 0.000000
0.000000 0.000000 0.350000 0.350000 0.350000 0.350000 0.350000 0.350000 0.350000 0.350000 0.350000 0.350000 0.350000 0.350000 0.350000 0.350000 0.350000 0.350000 0.350000 0.000000 0.000000
0.000000 0.000000 0.000000 0.000000 0.000000 0.000000 0.000000 0.000000 0.000000 0.000000 0.000000 0.000000 0.000000 0.000000 0.000000 0.000000 0.000000 0.000000 0.000000 0.000000 0.000000