geotop/1.0zi/1.0Montebello/Templates/testdem/maps/_Eocsilt3925.asc
ncols         21
nrows         20
xllcorner     100.000000
yllcorner     100.000000
cellsize      50.000000
NODATA_value  -9999.0
0.000000 0.000000 0.000000 0.000000 0.000000 0.000000 0.000000 0.000000 0.000000 0.000000 0.000000 0.000000 0.000000 0.000000 0.000000 0.000000 0.000000 0.000000 0.000000 0.000000 0.000000
0.000000 0.000000 0.350080 0.350080 0.350080 0.350080 0.350080 0.350080 0.350080 0.350080 0.350080 0.350080 0.350080 0.350080 0.350080 0.350080 0.350080 0.350080 0.350080 0.000000 0.000000
0.000000 0.000000 0.350001 0.350002 0.350002 0.350002 0.350003 0.350003 0.350003 0.350003 0.350003 0.350003 0.350003 0.350003 0.350003 0.350002 0.350001 0.350001 0.350001 0.000000 0.000000
0.000000 0.000000 0.350033 0.350031 0.350032 0.350028 0.350029 0.350026 0.350028 0.350029 0.350028 0.350028 0.350028 0.350027 0.350028 0.350030 0.350031 0.350033 0.350032 0.000000 0.000000
0.000000 0.000000 0.350374 0.350378 0.350374 0.350377 0.350375 0.350374 0.350372 0.350369 0.350369 0.350370 0.350372 0.350372 0.350372 0.350371 0.350371 0.350375 0.350377 0.000000 0.000000
0.000000 0.000000 0.351425 0.351426 0.351422 0.351415 0.351408 0.351395 0.351394 0.351390 0.351394 0.351395 0.351397 0.351399 0.351405 0.351411 0.351413 0.351412 0.351413 0.000000 0.000000
0.000000 0.000000 0.352988 0.352989 0.352986 0.352972 0.352957 0.352941 0.352942 0.352938 0.352942 0.352941 0.352940 0.352944 0.352959 0.352973 0.352976 0.352978 0.352984 0.000000 0.000000
0.000000 0.000000 0.354804 0.354802 0.354797 0.354781 0.354762 0.354744 0.354745 0.354742 0.354743 0.354742 0.354743 0.354747 0.354768 0.354784 0.354793 0.354793 0.354797 0.000000 0.000000
0.000000 0.000000 0.356628 0.356625 0.356617 0.356605 0.356587 0.356565 0.356566 0.356562 0.356563 0.356564 0.356565 0.356570 0.356590 0.356607 0.356612 0.356616 0.356623 0.000000 0.000000
0.000000 0.000000 0.358433 0.358430 0.358424 0.358411 0.358391 0.358372 0.358374 0.358371 0.358371 0.358372 0.358372 0.358376 0.358397 0.358414 0.358419 0.358421 0.358426 0.000000 0.000000
0.000000 0.000000 0.360239 0.360236 0.360230 0.360219 0.360203 0.360180 0.360182 0.360177 0.360178 0.360179 0.360179 0.360184 0.360202 0.360214 0.360222 0.360225 0.360231 0.000000 0.000000
0.000000 0.000000 0.362095 0.362092 0.362084 0.362070 0.362052 0.362030 0.362029 0.362026 0.362027 0.362027 0.362029 0.362033 0.362056 0.362071 0.362078 0.362079 0.362100 0.000000 0.000000
0.000000 0.000000 0.363964 0.363960 0.363952 0.363940 0.363921 0.363879 0.363879 0.363875 0.363876 0.363876 0.363876 0.363882 0.363919 0.363937 0.363943 0.363946 0.363959 0.000000 0.000000
0.000000 0.000000 0.365925 0.365919 0.365912 0.365900 0.365857 0.365843 0.365837 0.365833 0.365834 0.365834 0.365835 0.365839 0.365856 0.365894 0.365901 0.365908 0.365916 0.000000 0.000000
0.000000 0.000000 0.368024 0.368019 0.368004 0.367969 0.367945 0.367918 0.367905 0.367900 0.367895 0.367895 0.367899 0.367900 0.367923 0.367952 0.367991 0.367988 0.367994 0.000000 0.000000
0.000000 0.000000 0.370171 0.370166 0.370123 0.370112 0.370095 0.370079 0.370076 0.370074 0.370077 0.370076 0.370073 0.370085 0.370096 0.370110 0.370111 0.370150 0.370161 0.000000 0.000000
0.000000 0.000000 0.372535 0.372486 0.372447 0.372429 0.372397 0.372380 0.372376 0.372373 0.372368 0.372369 0.372372 0.372373 0.372388 0.372419 0.372437 0.372459 0.372508 0.000000 0.000000
0.000000 0.000000 0.374412 0.374397 0.374422 0.374399 0.374368 0.374317 0.374311 0.374305 0.374307 0.374307 0.374307 0.374315 0.374363 0.374392 0.374422 0.374378 0.374402 0.000000 0.000000
0.000000 0.000000 0.350000 0.350000 0.350000 0.350000 0.350000 0.350000 0.350000 0.350000 0.350000 0.350000 0.350000 0.350000 0.350000 0.350000 0.350000 0.350000 0.350000 0.000000 0.000000
0.000000 0.000000 0.000000 0.000000 0.000000 0.000000 0.000000 0.000000 0.000000 0.000000 0.000000 0.000000 0.000000 0.000000 0.000000 0.000000 0.000000 0.000000 0.000000 0.000000 0.000000