geotop/1.0zi/1.0Montebello/Templates/testdem/maps/_Eocsand7445.asc
ncols         21
nrows         20
xllcorner     100.000000
yllcorner     100.000000
cellsize      50.000000
NODATA_value  -9999.0
0.000000 0.000000 0.000000 0.000000 0.000000 0.000000 0.000000 0.000000 0.000000 0.000000 0.000000 0.000000 0.000000 0.000000 0.000000 0.000000 0.000000 0.000000 0.000000 0.000000 0.000000
0.000000 0.000000 0.300189 0.300187 0.300187 0.300187 0.300187 0.300186 0.300186 0.300187 0.300187 0.300187 0.300187 0.300187 0.300187 0.300186 0.300188 0.300188 0.300187 0.000000 0.000000
0.000000 0.000000 0.300010 0.300011 0.300010 0.300009 0.300010 0.300010 0.300010 0.300010 0.300010 0.300010 0.300009 0.300010 0.300010 0.300010 0.300011 0.300011 0.300012 0.000000 0.000000
0.000000 0.000000 0.299893 0.299892 0.299897 0.299904 0.299900 0.299908 0.299903 0.299905 0.299905 0.299905 0.299905 0.299907 0.299902 0.299897 0.299895 0.299892 0.299892 0.000000 0.000000
0.000000 0.000000 0.298096 0.298092 0.298101 0.298116 0.298137 0.298146 0.298152 0.298150 0.298154 0.298153 0.298156 0.298151 0.298128 0.298122 0.298112 0.298101 0.298092 0.000000 0.000000
0.000000 0.000000 0.293223 0.293224 0.293244 0.293286 0.293317 0.293361 0.293361 0.293372 0.293365 0.293365 0.293362 0.293362 0.293340 0.293310 0.293284 0.293262 0.293251 0.000000 0.000000
0.000000 0.000000 0.286355 0.286362 0.286380 0.286427 0.286486 0.286552 0.286553 0.286561 0.286560 0.286561 0.286564 0.286558 0.286500 0.286447 0.286415 0.286389 0.286374 0.000000 0.000000
0.000000 0.000000 0.278169 0.278173 0.278185 0.278239 0.278295 0.278368 0.278368 0.278376 0.278378 0.278383 0.278388 0.278373 0.278311 0.278260 0.278212 0.278197 0.278174 0.000000 0.000000
0.000000 0.000000 0.269515 0.269529 0.269556 0.269589 0.269648 0.269727 0.269723 0.269740 0.269745 0.269749 0.269747 0.269749 0.269672 0.269609 0.269571 0.269552 0.269532 0.000000 0.000000
0.000000 0.000000 0.260494 0.260511 0.260524 0.260556 0.260641 0.260711 0.260710 0.260719 0.260731 0.260725 0.260715 0.260720 0.260655 0.260583 0.260539 0.260525 0.260510 0.000000 0.000000
0.000000 0.000000 0.250850 0.250861 0.250876 0.250945 0.251005 0.251085 0.251068 0.251111 0.251107 0.251108 0.251124 0.251095 0.251037 0.250992 0.250938 0.250908 0.250871 0.000000 0.000000
0.000000 0.000000 0.240322 0.240350 0.240382 0.240428 0.240492 0.240592 0.240596 0.240610 0.240588 0.240622 0.240614 0.240606 0.240503 0.240451 0.240414 0.240392 0.240300 0.000000 0.000000
0.000000 0.000000 0.229121 0.229149 0.229163 0.229224 0.229280 0.229525 0.229528 0.229543 0.229606 0.229576 0.229561 0.229538 0.229350 0.229298 0.229204 0.229193 0.229141 0.000000 0.000000
0.000000 0.000000 0.216301 0.216312 0.216359 0.216404 0.216691 0.216697 0.216757 0.216757 0.216751 0.216763 0.216769 0.216779 0.216786 0.216487 0.216426 0.216347 0.216283 0.000000 0.000000
0.000000 0.000000 0.201477 0.201502 0.201565 0.201910 0.201923 0.202092 0.202183 0.202200 0.202259 0.202304 0.202266 0.202277 0.202113 0.202074 0.201612 0.201669 0.201648 0.000000 0.000000
0.000000 0.000000 0.185261 0.185286 0.185775 0.185707 0.185736 0.185811 0.185649 0.185709 0.185629 0.185674 0.185746 0.185625 0.185586 0.185559 0.185821 0.185144 0.185151 0.000000 0.000000
0.000000 0.000000 0.165250 0.166016 0.165977 0.166232 0.166618 0.166735 0.166897 0.166862 0.167071 0.167061 0.166951 0.167047 0.166856 0.166571 0.166008 0.166250 0.165461 0.000000 0.000000
0.000000 0.000000 0.155223 0.154654 0.153938 0.153994 0.154046 0.154715 0.154653 0.154832 0.154580 0.154639 0.154656 0.154578 0.153995 0.153960 0.153811 0.154434 0.154980 0.000000 0.000000
0.000000 0.000000 0.300000 0.300000 0.300000 0.300000 0.300000 0.300000 0.300000 0.300000 0.300000 0.300000 0.300000 0.300000 0.300000 0.300000 0.300000 0.300000 0.300000 0.000000 0.000000
0.000000 0.000000 0.000000 0.000000 0.000000 0.000000 0.000000 0.000000 0.000000 0.000000 0.000000 0.000000 0.000000 0.000000 0.000000 0.000000 0.000000 0.000000 0.000000 0.000000 0.000000