geotop/1.0zi/1.0Montebello/Templates/testdem/maps/_Eocsand8872.asc
ncols         21
nrows         20
xllcorner     100.000000
yllcorner     100.000000
cellsize      50.000000
NODATA_value  -9999.0
0.000000 0.000000 0.000000 0.000000 0.000000 0.000000 0.000000 0.000000 0.000000 0.000000 0.000000 0.000000 0.000000 0.000000 0.000000 0.000000 0.000000 0.000000 0.000000 0.000000 0.000000
0.000000 0.000000 0.300226 0.300223 0.300223 0.300224 0.300223 0.300222 0.300223 0.300223 0.300223 0.300223 0.300223 0.300223 0.300223 0.300223 0.300224 0.300224 0.300224 0.000000 0.000000
0.000000 0.000000 0.300012 0.300014 0.300013 0.300012 0.300013 0.300013 0.300013 0.300013 0.300013 0.300013 0.300012 0.300013 0.300013 0.300013 0.300014 0.300014 0.300015 0.000000 0.000000
0.000000 0.000000 0.299856 0.299856 0.299862 0.299870 0.299869 0.299873 0.299867 0.299868 0.299868 0.299868 0.299867 0.299869 0.299864 0.299858 0.299855 0.299856 0.299855 0.000000 0.000000
0.000000 0.000000 0.297566 0.297567 0.297579 0.297605 0.297631 0.297635 0.297638 0.297640 0.297641 0.297638 0.297635 0.297634 0.297612 0.297601 0.297588 0.297584 0.297572 0.000000 0.000000
0.000000 0.000000 0.291102 0.291110 0.291139 0.291188 0.291238 0.291283 0.291279 0.291293 0.291284 0.291284 0.291275 0.291277 0.291250 0.291207 0.291184 0.291171 0.291159 0.000000 0.000000
0.000000 0.000000 0.282169 0.282186 0.282208 0.282267 0.282337 0.282430 0.282425 0.282433 0.282433 0.282432 0.282434 0.282428 0.282351 0.282293 0.282258 0.282236 0.282222 0.000000 0.000000
0.000000 0.000000 0.271594 0.271612 0.271628 0.271697 0.271767 0.271853 0.271849 0.271860 0.271861 0.271866 0.271871 0.271853 0.271780 0.271718 0.271661 0.271655 0.271628 0.000000 0.000000
0.000000 0.000000 0.260160 0.260185 0.260216 0.260264 0.260345 0.260443 0.260431 0.260452 0.260458 0.260462 0.260458 0.260461 0.260361 0.260287 0.260244 0.260233 0.260207 0.000000 0.000000
0.000000 0.000000 0.247827 0.247860 0.247877 0.247927 0.248040 0.248127 0.248122 0.248134 0.248149 0.248139 0.248127 0.248130 0.248050 0.247957 0.247907 0.247895 0.247882 0.000000 0.000000
0.000000 0.000000 0.234168 0.234190 0.234208 0.234321 0.234394 0.234506 0.234474 0.234541 0.234527 0.234535 0.234557 0.234517 0.234433 0.234377 0.234306 0.234284 0.234230 0.000000 0.000000
0.000000 0.000000 0.218673 0.218718 0.218775 0.218835 0.218934 0.219069 0.219068 0.219077 0.219050 0.219102 0.219078 0.219078 0.218931 0.218852 0.218816 0.218801 0.218680 0.000000 0.000000
0.000000 0.000000 0.201581 0.201632 0.201637 0.201755 0.201835 0.202229 0.202226 0.202246 0.202365 0.202295 0.202279 0.202241 0.201937 0.201863 0.201720 0.201723 0.201674 0.000000 0.000000
0.000000 0.000000 0.180936 0.180950 0.181043 0.181118 0.181657 0.181545 0.181644 0.181641 0.181588 0.181640 0.181650 0.181693 0.181790 0.181216 0.181169 0.181043 0.180952 0.000000 0.000000
0.000000 0.000000 0.156380 0.156445 0.156553 0.157258 0.157095 0.157464 0.157589 0.157626 0.157759 0.157830 0.157750 0.157756 0.157401 0.157531 0.156608 0.156811 0.156819 0.000000 0.000000
0.000000 0.000000 0.130311 0.130360 0.131342 0.130946 0.131064 0.131078 0.130658 0.130776 0.130557 0.130610 0.130786 0.130542 0.130596 0.130494 0.131432 0.129978 0.130004 0.000000 0.000000
0.000000 0.000000 0.100477 0.101805 0.101360 0.101940 0.102603 0.102799 0.103228 0.103123 0.103562 0.103510 0.103254 0.103521 0.103165 0.102676 0.101408 0.102397 0.101022 0.000000 0.000000
0.000000 0.000000 0.092193 0.091084 0.090142 0.090148 0.090080 0.090997 0.090815 0.091090 0.090625 0.090719 0.090794 0.090637 0.089884 0.089928 0.089980 0.090702 0.091800 0.000000 0.000000
0.000000 0.000000 0.300000 0.300000 0.300000 0.300000 0.300000 0.300000 0.300000 0.300000 0.300000 0.300000 0.300000 0.300000 0.300000 0.300000 0.300000 0.300000 0.300000 0.000000 0.000000
0.000000 0.000000 0.000000 0.000000 0.000000 0.000000 0.000000 0.000000 0.000000 0.000000 0.000000 0.000000 0.000000 0.000000 0.000000 0.000000 0.000000 0.000000 0.000000 0.000000 0.000000