geotop/1.0zi/1.0Montebello/Templates/testdem/maps/_Eocsilt2553.asc
ncols         21
nrows         20
xllcorner     100.000000
yllcorner     100.000000
cellsize      50.000000
NODATA_value  -9999.0
0.000000 0.000000 0.000000 0.000000 0.000000 0.000000 0.000000 0.000000 0.000000 0.000000 0.000000 0.000000 0.000000 0.000000 0.000000 0.000000 0.000000 0.000000 0.000000 0.000000 0.000000
0.000000 0.000000 0.350061 0.350061 0.350061 0.350061 0.350061 0.350061 0.350061 0.350061 0.350060 0.350061 0.350061 0.350061 0.350061 0.350061 0.350061 0.350061 0.350061 0.000000 0.000000
0.000000 0.000000 0.349998 0.349998 0.349998 0.349998 0.349998 0.349998 0.349998 0.349998 0.349999 0.349998 0.349998 0.349998 0.349998 0.349998 0.349998 0.349998 0.349998 0.000000 0.000000
0.000000 0.000000 0.350843 0.350842 0.350840 0.350841 0.350843 0.350843 0.350843 0.350843 0.350843 0.350843 0.350843 0.350843 0.350843 0.350841 0.350840 0.350842 0.350843 0.000000 0.000000
0.000000 0.000000 0.354140 0.354140 0.354138 0.354138 0.354141 0.354140 0.354140 0.354141 0.354141 0.354141 0.354140 0.354140 0.354141 0.354138 0.354138 0.354140 0.354140 0.000000 0.000000
0.000000 0.000000 0.358434 0.358433 0.358432 0.358432 0.358434 0.358433 0.358433 0.358434 0.358435 0.358434 0.358433 0.358433 0.358434 0.358432 0.358432 0.358433 0.358434 0.000000 0.000000
0.000000 0.000000 0.362368 0.362368 0.362367 0.362367 0.362369 0.362368 0.362368 0.362369 0.362369 0.362369 0.362368 0.362368 0.362369 0.362367 0.362367 0.362368 0.362368 0.000000 0.000000
0.000000 0.000000 0.365960 0.365960 0.365959 0.365959 0.365961 0.365960 0.365960 0.365961 0.365961 0.365961 0.365960 0.365960 0.365961 0.365959 0.365959 0.365960 0.365960 0.000000 0.000000
0.000000 0.000000 0.369306 0.369305 0.369304 0.369304 0.369306 0.369305 0.369305 0.369306 0.369306 0.369306 0.369305 0.369305 0.369306 0.369304 0.369304 0.369305 0.369306 0.000000 0.000000
0.000000 0.000000 0.372482 0.372482 0.372480 0.372481 0.372482 0.372482 0.372482 0.372482 0.372483 0.372482 0.372482 0.372482 0.372482 0.372481 0.372480 0.372482 0.372482 0.000000 0.000000
0.000000 0.000000 0.375527 0.375526 0.375525 0.375526 0.375527 0.375526 0.375526 0.375527 0.375527 0.375527 0.375526 0.375526 0.375527 0.375526 0.375525 0.375526 0.375527 0.000000 0.000000
0.000000 0.000000 0.378468 0.378468 0.378466 0.378467 0.378468 0.378468 0.378468 0.378468 0.378469 0.378468 0.378468 0.378468 0.378468 0.378467 0.378466 0.378468 0.378468 0.000000 0.000000
0.000000 0.000000 0.381326 0.381326 0.381325 0.381325 0.381327 0.381326 0.381326 0.381327 0.381327 0.381327 0.381326 0.381326 0.381327 0.381325 0.381325 0.381326 0.381326 0.000000 0.000000
0.000000 0.000000 0.384116 0.384116 0.384115 0.384115 0.384117 0.384116 0.384116 0.384117 0.384117 0.384117 0.384116 0.384116 0.384117 0.384115 0.384115 0.384116 0.384116 0.000000 0.000000
0.000000 0.000000 0.386848 0.386848 0.386847 0.386847 0.386848 0.386848 0.386848 0.386849 0.386849 0.386849 0.386848 0.386848 0.386848 0.386847 0.386847 0.386848 0.386848 0.000000 0.000000
0.000000 0.000000 0.389526 0.389526 0.389525 0.389525 0.389527 0.389526 0.389526 0.389527 0.389527 0.389527 0.389526 0.389526 0.389527 0.389525 0.389525 0.389526 0.389526 0.000000 0.000000
0.000000 0.000000 0.392154 0.392154 0.392152 0.392153 0.392154 0.392154 0.392154 0.392154 0.392154 0.392154 0.392154 0.392154 0.392154 0.392153 0.392152 0.392154 0.392154 0.000000 0.000000
0.000000 0.000000 0.394767 0.394767 0.394766 0.394766 0.394767 0.394767 0.394767 0.394768 0.394768 0.394768 0.394767 0.394767 0.394767 0.394766 0.394766 0.394767 0.394767 0.000000 0.000000
0.000000 0.000000 0.350000 0.350000 0.350000 0.350000 0.350000 0.350000 0.350000 0.350000 0.350000 0.350000 0.350000 0.350000 0.350000 0.350000 0.350000 0.350000 0.350000 0.000000 0.000000
0.000000 0.000000 0.000000 0.000000 0.000000 0.000000 0.000000 0.000000 0.000000 0.000000 0.000000 0.000000 0.000000 0.000000 0.000000 0.000000 0.000000 0.000000 0.000000 0.000000 0.000000