geotop/1.0zi/1.0Montebello/Templates/testdem/maps/_Eocsilt1325.asc
ncols         21
nrows         20
xllcorner     100.000000
yllcorner     100.000000
cellsize      50.000000
NODATA_value  -9999.0
0.000000 0.000000 0.000000 0.000000 0.000000 0.000000 0.000000 0.000000 0.000000 0.000000 0.000000 0.000000 0.000000 0.000000 0.000000 0.000000 0.000000 0.000000 0.000000 0.000000 0.000000
0.000000 0.000000 0.350027 0.350027 0.350027 0.350027 0.350027 0.350027 0.350027 0.350027 0.350027 0.350027 0.350027 0.350027 0.350027 0.350027 0.350027 0.350027 0.350027 0.000000 0.000000
0.000000 0.000000 0.350000 0.350000 0.350000 0.350000 0.350000 0.350000 0.350000 0.350000 0.350000 0.350000 0.350000 0.350000 0.350000 0.350000 0.350000 0.350000 0.350000 0.000000 0.000000
0.000000 0.000000 0.350571 0.350570 0.350568 0.350569 0.350571 0.350571 0.350571 0.350571 0.350571 0.350571 0.350571 0.350571 0.350571 0.350569 0.350568 0.350570 0.350571 0.000000 0.000000
0.000000 0.000000 0.352411 0.352410 0.352408 0.352408 0.352411 0.352410 0.352410 0.352411 0.352411 0.352411 0.352410 0.352410 0.352411 0.352408 0.352408 0.352410 0.352411 0.000000 0.000000
0.000000 0.000000 0.354681 0.354680 0.354678 0.354678 0.354681 0.354680 0.354680 0.354681 0.354681 0.354681 0.354680 0.354680 0.354681 0.354678 0.354678 0.354680 0.354681 0.000000 0.000000
0.000000 0.000000 0.356770 0.356769 0.356768 0.356768 0.356770 0.356770 0.356769 0.356770 0.356770 0.356770 0.356769 0.356770 0.356770 0.356768 0.356768 0.356769 0.356770 0.000000 0.000000
0.000000 0.000000 0.358689 0.358688 0.358687 0.358687 0.358689 0.358689 0.358689 0.358689 0.358689 0.358689 0.358689 0.358689 0.358689 0.358687 0.358687 0.358688 0.358689 0.000000 0.000000
0.000000 0.000000 0.360488 0.360487 0.360486 0.360486 0.360488 0.360487 0.360487 0.360488 0.360488 0.360488 0.360487 0.360487 0.360488 0.360486 0.360486 0.360487 0.360488 0.000000 0.000000
0.000000 0.000000 0.362212 0.362212 0.362210 0.362211 0.362212 0.362212 0.362212 0.362212 0.362212 0.362212 0.362212 0.362212 0.362212 0.362211 0.362210 0.362212 0.362212 0.000000 0.000000
0.000000 0.000000 0.363881 0.363880 0.363879 0.363879 0.363881 0.363880 0.363880 0.363881 0.363881 0.363881 0.363880 0.363880 0.363881 0.363879 0.363879 0.363880 0.363881 0.000000 0.000000
0.000000 0.000000 0.365510 0.365510 0.365508 0.365509 0.365510 0.365510 0.365510 0.365510 0.365510 0.365510 0.365510 0.365510 0.365510 0.365509 0.365508 0.365510 0.365510 0.000000 0.000000
0.000000 0.000000 0.367112 0.367112 0.367111 0.367111 0.367113 0.367112 0.367112 0.367113 0.367113 0.367113 0.367112 0.367112 0.367113 0.367111 0.367111 0.367112 0.367112 0.000000 0.000000
0.000000 0.000000 0.368688 0.368687 0.368686 0.368686 0.368688 0.368687 0.368687 0.368688 0.368688 0.368688 0.368687 0.368687 0.368688 0.368686 0.368686 0.368687 0.368688 0.000000 0.000000
0.000000 0.000000 0.370243 0.370242 0.370241 0.370242 0.370243 0.370243 0.370243 0.370243 0.370243 0.370243 0.370243 0.370243 0.370243 0.370242 0.370241 0.370242 0.370243 0.000000 0.000000
0.000000 0.000000 0.371783 0.371783 0.371782 0.371782 0.371784 0.371783 0.371783 0.371784 0.371784 0.371784 0.371783 0.371783 0.371784 0.371782 0.371782 0.371783 0.371783 0.000000 0.000000
0.000000 0.000000 0.373308 0.373308 0.373306 0.373307 0.373308 0.373308 0.373308 0.373308 0.373308 0.373308 0.373308 0.373308 0.373308 0.373307 0.373306 0.373308 0.373308 0.000000 0.000000
0.000000 0.000000 0.374855 0.374856 0.374854 0.374855 0.374856 0.374856 0.374856 0.374856 0.374856 0.374856 0.374856 0.374856 0.374856 0.374855 0.374854 0.374856 0.374856 0.000000 0.000000
0.000000 0.000000 0.350000 0.350000 0.350000 0.350000 0.350000 0.350000 0.350000 0.350000 0.350000 0.350000 0.350000 0.350000 0.350000 0.350000 0.350000 0.350000 0.350000 0.000000 0.000000
0.000000 0.000000 0.000000 0.000000 0.000000 0.000000 0.000000 0.000000 0.000000 0.000000 0.000000 0.000000 0.000000 0.000000 0.000000 0.000000 0.000000 0.000000 0.000000 0.000000 0.000000