geotop/1.0zi/1.0Montebello/Templates/testdem/maps/_Eocsand9649.asc
ncols         21
nrows         20
xllcorner     100.000000
yllcorner     100.000000
cellsize      50.000000
NODATA_value  -9999.0
0.000000 0.000000 0.000000 0.000000 0.000000 0.000000 0.000000 0.000000 0.000000 0.000000 0.000000 0.000000 0.000000 0.000000 0.000000 0.000000 0.000000 0.000000 0.000000 0.000000 0.000000
0.000000 0.000000 0.300241 0.300238 0.300238 0.300239 0.300238 0.300238 0.300238 0.300238 0.300239 0.300238 0.300239 0.300239 0.300238 0.300238 0.300239 0.300239 0.300239 0.000000 0.000000
0.000000 0.000000 0.300011 0.300013 0.300013 0.300011 0.300012 0.300013 0.300012 0.300012 0.300012 0.300012 0.300011 0.300012 0.300012 0.300012 0.300013 0.300013 0.300014 0.000000 0.000000
0.000000 0.000000 0.299813 0.299811 0.299819 0.299828 0.299827 0.299833 0.299825 0.299827 0.299826 0.299825 0.299824 0.299826 0.299821 0.299814 0.299811 0.299808 0.299809 0.000000 0.000000
0.000000 0.000000 0.297044 0.297044 0.297061 0.297093 0.297121 0.297130 0.297130 0.297131 0.297134 0.297127 0.297122 0.297122 0.297098 0.297084 0.297070 0.297060 0.297047 0.000000 0.000000
0.000000 0.000000 0.289519 0.289530 0.289566 0.289628 0.289691 0.289749 0.289745 0.289757 0.289757 0.289756 0.289744 0.289749 0.289716 0.289661 0.289635 0.289614 0.289601 0.000000 0.000000
0.000000 0.000000 0.279234 0.279256 0.279286 0.279358 0.279440 0.279550 0.279548 0.279558 0.279566 0.279566 0.279566 0.279561 0.279472 0.279405 0.279365 0.279336 0.279322 0.000000 0.000000
0.000000 0.000000 0.267016 0.267042 0.267072 0.267159 0.267249 0.267350 0.267347 0.267361 0.267372 0.267377 0.267380 0.267363 0.267280 0.267206 0.267140 0.267126 0.267098 0.000000 0.000000
0.000000 0.000000 0.253611 0.253648 0.253695 0.253763 0.253865 0.253984 0.253973 0.253997 0.254013 0.254017 0.254010 0.254015 0.253899 0.253810 0.253760 0.253738 0.253713 0.000000 0.000000
0.000000 0.000000 0.238831 0.238882 0.238920 0.238992 0.239104 0.239228 0.239226 0.239243 0.239269 0.239259 0.239242 0.239248 0.239155 0.239040 0.238981 0.238958 0.238946 0.000000 0.000000
0.000000 0.000000 0.222050 0.222092 0.222129 0.222289 0.222342 0.222509 0.222474 0.222556 0.222550 0.222562 0.222588 0.222541 0.222437 0.222366 0.222283 0.222253 0.222180 0.000000 0.000000
0.000000 0.000000 0.202502 0.202589 0.202687 0.202764 0.202852 0.203061 0.203065 0.203076 0.203053 0.203125 0.203090 0.203099 0.202912 0.202802 0.202758 0.202731 0.202585 0.000000 0.000000
0.000000 0.000000 0.180496 0.180578 0.180602 0.180755 0.180862 0.181411 0.181421 0.181456 0.181649 0.181533 0.181520 0.181471 0.181063 0.180970 0.180769 0.180759 0.180721 0.000000 0.000000
0.000000 0.000000 0.153266 0.153305 0.153479 0.153589 0.154353 0.154093 0.154258 0.154259 0.154163 0.154265 0.154283 0.154360 0.154604 0.153763 0.153730 0.153533 0.153415 0.000000 0.000000
0.000000 0.000000 0.122138 0.122229 0.122386 0.123380 0.122971 0.123586 0.123728 0.123794 0.124018 0.124095 0.123981 0.123974 0.123435 0.123826 0.122531 0.122834 0.122879 0.000000 0.000000
0.000000 0.000000 0.093867 0.093922 0.095023 0.094444 0.094643 0.094595 0.094110 0.094240 0.093981 0.094025 0.094234 0.093971 0.094127 0.093944 0.095193 0.093507 0.093533 0.000000 0.000000
0.000000 0.000000 0.069149 0.070013 0.069758 0.070133 0.070584 0.070729 0.071005 0.070941 0.071233 0.071199 0.071031 0.071203 0.070966 0.070631 0.069830 0.070432 0.069530 0.000000 0.000000
0.000000 0.000000 0.059275 0.059125 0.058603 0.058762 0.058906 0.059374 0.059396 0.059498 0.059399 0.059428 0.059400 0.059393 0.058973 0.058863 0.058578 0.059140 0.059281 0.000000 0.000000
0.000000 0.000000 0.300000 0.300000 0.300000 0.300000 0.300000 0.300000 0.300000 0.300000 0.300000 0.300000 0.300000 0.300000 0.300000 0.300000 0.300000 0.300000 0.300000 0.000000 0.000000
0.000000 0.000000 0.000000 0.000000 0.000000 0.000000 0.000000 0.000000 0.000000 0.000000 0.000000 0.000000 0.000000 0.000000 0.000000 0.000000 0.000000 0.000000 0.000000 0.000000 0.000000