geotop/1.0zi/1.0Montebello/Templates/testdem/maps/_Eocsand1647.asc
ncols         21
nrows         20
xllcorner     100.000000
yllcorner     100.000000
cellsize      50.000000
NODATA_value  -9999.0
0.000000 0.000000 0.000000 0.000000 0.000000 0.000000 0.000000 0.000000 0.000000 0.000000 0.000000 0.000000 0.000000 0.000000 0.000000 0.000000 0.000000 0.000000 0.000000 0.000000 0.000000
0.000000 0.000000 0.300052 0.300052 0.300052 0.300052 0.300052 0.300052 0.300052 0.300052 0.300052 0.300052 0.300052 0.300052 0.300052 0.300052 0.300052 0.300052 0.300052 0.000000 0.000000
0.000000 0.000000 0.300008 0.300008 0.300009 0.300008 0.300008 0.300008 0.300008 0.300008 0.300008 0.300008 0.300008 0.300008 0.300008 0.300008 0.300009 0.300008 0.300008 0.000000 0.000000
0.000000 0.000000 0.298722 0.298723 0.298727 0.298725 0.298722 0.298722 0.298722 0.298722 0.298722 0.298722 0.298722 0.298722 0.298722 0.298725 0.298727 0.298723 0.298722 0.000000 0.000000
0.000000 0.000000 0.293925 0.293927 0.293931 0.293930 0.293923 0.293925 0.293925 0.293923 0.293924 0.293923 0.293925 0.293925 0.293923 0.293930 0.293931 0.293927 0.293925 0.000000 0.000000
0.000000 0.000000 0.288284 0.288285 0.288288 0.288288 0.288282 0.288284 0.288284 0.288283 0.288283 0.288283 0.288284 0.288284 0.288282 0.288288 0.288288 0.288285 0.288284 0.000000 0.000000
0.000000 0.000000 0.283023 0.283024 0.283027 0.283026 0.283022 0.283023 0.283023 0.283022 0.283022 0.283022 0.283023 0.283023 0.283022 0.283026 0.283027 0.283024 0.283023 0.000000 0.000000
0.000000 0.000000 0.278190 0.278191 0.278194 0.278193 0.278189 0.278190 0.278190 0.278189 0.278190 0.278189 0.278190 0.278190 0.278189 0.278193 0.278194 0.278191 0.278190 0.000000 0.000000
0.000000 0.000000 0.273666 0.273666 0.273669 0.273668 0.273665 0.273666 0.273666 0.273665 0.273665 0.273665 0.273666 0.273666 0.273665 0.273668 0.273669 0.273666 0.273666 0.000000 0.000000
0.000000 0.000000 0.269338 0.269338 0.269341 0.269340 0.269337 0.269337 0.269337 0.269337 0.269337 0.269337 0.269337 0.269337 0.269337 0.269340 0.269341 0.269338 0.269338 0.000000 0.000000
0.000000 0.000000 0.265160 0.265160 0.265163 0.265162 0.265159 0.265159 0.265159 0.265159 0.265159 0.265159 0.265159 0.265159 0.265159 0.265162 0.265163 0.265160 0.265160 0.000000 0.000000
0.000000 0.000000 0.261092 0.261092 0.261095 0.261094 0.261091 0.261092 0.261092 0.261091 0.261091 0.261091 0.261092 0.261092 0.261091 0.261094 0.261095 0.261092 0.261092 0.000000 0.000000
0.000000 0.000000 0.257105 0.257105 0.257108 0.257107 0.257104 0.257105 0.257105 0.257104 0.257104 0.257104 0.257105 0.257105 0.257104 0.257107 0.257108 0.257105 0.257105 0.000000 0.000000
0.000000 0.000000 0.253199 0.253199 0.253202 0.253201 0.253198 0.253199 0.253199 0.253198 0.253198 0.253198 0.253199 0.253199 0.253198 0.253201 0.253202 0.253199 0.253199 0.000000 0.000000
0.000000 0.000000 0.249354 0.249354 0.249357 0.249356 0.249353 0.249354 0.249354 0.249353 0.249353 0.249353 0.249354 0.249354 0.249353 0.249356 0.249357 0.249354 0.249354 0.000000 0.000000
0.000000 0.000000 0.245557 0.245557 0.245559 0.245558 0.245556 0.245556 0.245556 0.245556 0.245556 0.245556 0.245556 0.245556 0.245556 0.245558 0.245559 0.245557 0.245557 0.000000 0.000000
0.000000 0.000000 0.241805 0.241806 0.241808 0.241807 0.241805 0.241805 0.241805 0.241805 0.241805 0.241805 0.241805 0.241805 0.241805 0.241807 0.241808 0.241806 0.241805 0.000000 0.000000
0.000000 0.000000 0.238022 0.238021 0.238024 0.238023 0.238020 0.238021 0.238021 0.238020 0.238020 0.238020 0.238021 0.238021 0.238020 0.238023 0.238024 0.238021 0.238021 0.000000 0.000000
0.000000 0.000000 0.300000 0.300000 0.300000 0.300000 0.300000 0.300000 0.300000 0.300000 0.300000 0.300000 0.300000 0.300000 0.300000 0.300000 0.300000 0.300000 0.300000 0.000000 0.000000
0.000000 0.000000 0.000000 0.000000 0.000000 0.000000 0.000000 0.000000 0.000000 0.000000 0.000000 0.000000 0.000000 0.000000 0.000000 0.000000 0.000000 0.000000 0.000000 0.000000 0.000000