geotop/1.0zi/1.0Montebello/Templates/testdem/maps/_Eocsand1920.asc
ncols         21
nrows         20
xllcorner     100.000000
yllcorner     100.000000
cellsize      50.000000
NODATA_value  -9999.0
0.000000 0.000000 0.000000 0.000000 0.000000 0.000000 0.000000 0.000000 0.000000 0.000000 0.000000 0.000000 0.000000 0.000000 0.000000 0.000000 0.000000 0.000000 0.000000 0.000000 0.000000
0.000000 0.000000 0.300057 0.300057 0.300057 0.300057 0.300057 0.300057 0.300057 0.300057 0.300057 0.300057 0.300057 0.300057 0.300057 0.300057 0.300057 0.300057 0.300057 0.000000 0.000000
0.000000 0.000000 0.300008 0.300008 0.300009 0.300008 0.300008 0.300008 0.300008 0.300008 0.300008 0.300008 0.300008 0.300008 0.300008 0.300008 0.300009 0.300008 0.300008 0.000000 0.000000
0.000000 0.000000 0.298651 0.298652 0.298656 0.298654 0.298651 0.298651 0.298651 0.298651 0.298651 0.298651 0.298651 0.298651 0.298651 0.298654 0.298656 0.298652 0.298651 0.000000 0.000000
0.000000 0.000000 0.293341 0.293342 0.293346 0.293346 0.293339 0.293341 0.293341 0.293339 0.293339 0.293339 0.293341 0.293341 0.293339 0.293346 0.293346 0.293342 0.293341 0.000000 0.000000
0.000000 0.000000 0.286921 0.286922 0.286925 0.286925 0.286920 0.286921 0.286921 0.286919 0.286919 0.286919 0.286921 0.286921 0.286920 0.286925 0.286925 0.286922 0.286921 0.000000 0.000000
0.000000 0.000000 0.280931 0.280932 0.280935 0.280934 0.280930 0.280931 0.280931 0.280930 0.280929 0.280930 0.280931 0.280931 0.280930 0.280934 0.280935 0.280932 0.280931 0.000000 0.000000
0.000000 0.000000 0.275428 0.275429 0.275432 0.275431 0.275427 0.275429 0.275428 0.275427 0.275427 0.275427 0.275428 0.275429 0.275427 0.275431 0.275432 0.275429 0.275428 0.000000 0.000000
0.000000 0.000000 0.270279 0.270280 0.270282 0.270282 0.270278 0.270279 0.270279 0.270278 0.270278 0.270278 0.270279 0.270279 0.270278 0.270282 0.270282 0.270280 0.270279 0.000000 0.000000
0.000000 0.000000 0.265358 0.265359 0.265361 0.265361 0.265358 0.265359 0.265359 0.265357 0.265357 0.265357 0.265359 0.265359 0.265358 0.265361 0.265361 0.265359 0.265358 0.000000 0.000000
0.000000 0.000000 0.260613 0.260614 0.260616 0.260616 0.260613 0.260614 0.260613 0.260612 0.260612 0.260612 0.260613 0.260614 0.260613 0.260616 0.260616 0.260614 0.260613 0.000000 0.000000
0.000000 0.000000 0.256000 0.256000 0.256003 0.256002 0.255999 0.256000 0.256000 0.255999 0.255999 0.255999 0.256000 0.256000 0.255999 0.256002 0.256003 0.256000 0.256000 0.000000 0.000000
0.000000 0.000000 0.251486 0.251487 0.251489 0.251489 0.251486 0.251487 0.251486 0.251485 0.251485 0.251485 0.251486 0.251487 0.251486 0.251489 0.251489 0.251487 0.251486 0.000000 0.000000
0.000000 0.000000 0.247065 0.247065 0.247068 0.247067 0.247064 0.247065 0.247065 0.247064 0.247063 0.247064 0.247065 0.247065 0.247064 0.247067 0.247068 0.247065 0.247065 0.000000 0.000000
0.000000 0.000000 0.242714 0.242715 0.242717 0.242717 0.242714 0.242715 0.242715 0.242713 0.242713 0.242713 0.242715 0.242715 0.242714 0.242717 0.242717 0.242715 0.242714 0.000000 0.000000
0.000000 0.000000 0.238422 0.238423 0.238425 0.238424 0.238422 0.238423 0.238423 0.238421 0.238421 0.238421 0.238423 0.238423 0.238422 0.238424 0.238425 0.238423 0.238422 0.000000 0.000000
0.000000 0.000000 0.234190 0.234191 0.234193 0.234192 0.234190 0.234191 0.234190 0.234189 0.234189 0.234189 0.234190 0.234191 0.234190 0.234192 0.234193 0.234191 0.234190 0.000000 0.000000
0.000000 0.000000 0.229943 0.229943 0.229945 0.229944 0.229942 0.229943 0.229942 0.229941 0.229941 0.229941 0.229942 0.229943 0.229942 0.229944 0.229945 0.229943 0.229942 0.000000 0.000000
0.000000 0.000000 0.300000 0.300000 0.300000 0.300000 0.300000 0.300000 0.300000 0.300000 0.300000 0.300000 0.300000 0.300000 0.300000 0.300000 0.300000 0.300000 0.300000 0.000000 0.000000
0.000000 0.000000 0.000000 0.000000 0.000000 0.000000 0.000000 0.000000 0.000000 0.000000 0.000000 0.000000 0.000000 0.000000 0.000000 0.000000 0.000000 0.000000 0.000000 0.000000 0.000000