geotop/1.0zi/1.0Montebello/Templates/testdem/maps/_Eocsand7879.asc
ncols         21
nrows         20
xllcorner     100.000000
yllcorner     100.000000
cellsize      50.000000
NODATA_value  -9999.0
0.000000 0.000000 0.000000 0.000000 0.000000 0.000000 0.000000 0.000000 0.000000 0.000000 0.000000 0.000000 0.000000 0.000000 0.000000 0.000000 0.000000 0.000000 0.000000 0.000000 0.000000
0.000000 0.000000 0.300201 0.300199 0.300199 0.300199 0.300198 0.300198 0.300198 0.300198 0.300199 0.300198 0.300198 0.300199 0.300198 0.300198 0.300200 0.300200 0.300200 0.000000 0.000000
0.000000 0.000000 0.300010 0.300012 0.300011 0.300010 0.300011 0.300012 0.300011 0.300011 0.300011 0.300012 0.300010 0.300011 0.300011 0.300011 0.300012 0.300012 0.300013 0.000000 0.000000
0.000000 0.000000 0.299894 0.299893 0.299898 0.299906 0.299901 0.299909 0.299904 0.299907 0.299907 0.299907 0.299907 0.299908 0.299903 0.299899 0.299896 0.299893 0.299893 0.000000 0.000000
0.000000 0.000000 0.298001 0.297998 0.298007 0.298022 0.298045 0.298054 0.298061 0.298059 0.298063 0.298063 0.298066 0.298060 0.298036 0.298030 0.298018 0.298006 0.297997 0.000000 0.000000
0.000000 0.000000 0.292647 0.292649 0.292672 0.292717 0.292749 0.292796 0.292796 0.292809 0.292801 0.292802 0.292798 0.292797 0.292774 0.292742 0.292715 0.292692 0.292681 0.000000 0.000000
0.000000 0.000000 0.285159 0.285168 0.285188 0.285239 0.285301 0.285372 0.285373 0.285383 0.285380 0.285382 0.285385 0.285378 0.285316 0.285260 0.285227 0.285199 0.285184 0.000000 0.000000
0.000000 0.000000 0.276282 0.276287 0.276302 0.276360 0.276419 0.276498 0.276499 0.276508 0.276509 0.276516 0.276519 0.276505 0.276437 0.276384 0.276333 0.276317 0.276293 0.000000 0.000000
0.000000 0.000000 0.266835 0.266852 0.266881 0.266919 0.266982 0.267067 0.267063 0.267082 0.267086 0.267091 0.267088 0.267090 0.267007 0.266940 0.266900 0.266879 0.266859 0.000000 0.000000
0.000000 0.000000 0.256898 0.256919 0.256934 0.256972 0.257063 0.257139 0.257139 0.257149 0.257161 0.257155 0.257144 0.257148 0.257078 0.257001 0.256954 0.256938 0.256923 0.000000 0.000000
0.000000 0.000000 0.246171 0.246186 0.246204 0.246283 0.246346 0.246435 0.246417 0.246465 0.246459 0.246462 0.246479 0.246447 0.246383 0.246335 0.246275 0.246243 0.246203 0.000000 0.000000
0.000000 0.000000 0.234340 0.234374 0.234411 0.234463 0.234534 0.234645 0.234652 0.234666 0.234641 0.234680 0.234669 0.234661 0.234547 0.234489 0.234448 0.234424 0.234324 0.000000 0.000000
0.000000 0.000000 0.221623 0.221657 0.221672 0.221745 0.221807 0.222090 0.222094 0.222112 0.222185 0.222148 0.222132 0.222105 0.221889 0.221830 0.221723 0.221710 0.221659 0.000000 0.000000
0.000000 0.000000 0.206849 0.206863 0.206922 0.206974 0.207319 0.207306 0.207378 0.207378 0.207362 0.207381 0.207389 0.207403 0.207425 0.207067 0.207003 0.206909 0.206838 0.000000 0.000000
0.000000 0.000000 0.189555 0.189589 0.189663 0.190095 0.190077 0.190291 0.190395 0.190419 0.190490 0.190544 0.190497 0.190507 0.190298 0.190288 0.189718 0.189798 0.189782 0.000000 0.000000
0.000000 0.000000 0.170563 0.170596 0.171216 0.171081 0.171124 0.171196 0.170976 0.171051 0.170937 0.170987 0.171084 0.170930 0.170902 0.170868 0.171273 0.170397 0.170409 0.000000 0.000000
0.000000 0.000000 0.146945 0.147929 0.147788 0.148144 0.148636 0.148781 0.149025 0.148970 0.149250 0.149230 0.149074 0.149221 0.148975 0.148612 0.147827 0.148269 0.147256 0.000000 0.000000
0.000000 0.000000 0.137053 0.136198 0.135328 0.135353 0.135351 0.136181 0.136067 0.136302 0.135939 0.136017 0.136061 0.135942 0.135238 0.135241 0.135172 0.135884 0.136719 0.000000 0.000000
0.000000 0.000000 0.300000 0.300000 0.300000 0.300000 0.300000 0.300000 0.300000 0.300000 0.300000 0.300000 0.300000 0.300000 0.300000 0.300000 0.300000 0.300000 0.300000 0.000000 0.000000
0.000000 0.000000 0.000000 0.000000 0.000000 0.000000 0.000000 0.000000 0.000000 0.000000 0.000000 0.000000 0.000000 0.000000 0.000000 0.000000 0.000000 0.000000 0.000000 0.000000 0.000000