geotop/1.0zi/1.0Montebello/Templates/testdem/maps/_Eocclay6674.asc
ncols         21
nrows         20
xllcorner     100.000000
yllcorner     100.000000
cellsize      50.000000
NODATA_value  -9999.0
0.000000 0.000000 0.000000 0.000000 0.000000 0.000000 0.000000 0.000000 0.000000 0.000000 0.000000 0.000000 0.000000 0.000000 0.000000 0.000000 0.000000 0.000000 0.000000 0.000000 0.000000
0.000000 0.000000 0.349698 0.349699 0.349700 0.349698 0.349700 0.349700 0.349699 0.349699 0.349698 0.349700 0.349699 0.349699 0.349700 0.349700 0.349698 0.349698 0.349699 0.000000 0.000000
0.000000 0.000000 0.349988 0.349988 0.349988 0.349989 0.349987 0.349987 0.349987 0.349987 0.349987 0.349987 0.349988 0.349986 0.349988 0.349988 0.349989 0.349988 0.349986 0.000000 0.000000
0.000000 0.000000 0.349981 0.349986 0.349983 0.349983 0.349984 0.349985 0.349986 0.349983 0.349987 0.349984 0.349985 0.349985 0.349984 0.349986 0.349984 0.349986 0.349985 0.000000 0.000000
0.000000 0.000000 0.350602 0.350601 0.350600 0.350597 0.350584 0.350582 0.350582 0.350584 0.350581 0.350582 0.350578 0.350580 0.350586 0.350586 0.350591 0.350592 0.350599 0.000000 0.000000
0.000000 0.000000 0.352544 0.352544 0.352535 0.352510 0.352502 0.352482 0.352484 0.352478 0.352481 0.352481 0.352483 0.352484 0.352489 0.352505 0.352516 0.352529 0.352535 0.000000 0.000000
0.000000 0.000000 0.355413 0.355410 0.355405 0.355385 0.355361 0.355331 0.355331 0.355326 0.355327 0.355328 0.355328 0.355328 0.355352 0.355376 0.355388 0.355398 0.355406 0.000000 0.000000
0.000000 0.000000 0.358856 0.358855 0.358850 0.358826 0.358802 0.358770 0.358770 0.358767 0.358766 0.358764 0.358762 0.358768 0.358793 0.358814 0.358834 0.358841 0.358853 0.000000 0.000000
0.000000 0.000000 0.362420 0.362416 0.362406 0.362392 0.362368 0.362335 0.362338 0.362330 0.362328 0.362327 0.362327 0.362326 0.362356 0.362383 0.362398 0.362404 0.362414 0.000000 0.000000
0.000000 0.000000 0.366085 0.366078 0.366074 0.366061 0.366026 0.365997 0.365998 0.365994 0.365989 0.365991 0.365997 0.365993 0.366018 0.366049 0.366067 0.366072 0.366079 0.000000 0.000000
0.000000 0.000000 0.369946 0.369942 0.369937 0.369911 0.369887 0.369854 0.369861 0.369843 0.369844 0.369844 0.369839 0.369849 0.369870 0.369889 0.369911 0.369922 0.369939 0.000000 0.000000
0.000000 0.000000 0.374069 0.374060 0.374049 0.374029 0.374005 0.373965 0.373965 0.373957 0.373966 0.373953 0.373956 0.373959 0.373996 0.374016 0.374033 0.374040 0.374079 0.000000 0.000000
0.000000 0.000000 0.378382 0.378371 0.378366 0.378344 0.378323 0.378232 0.378231 0.378224 0.378203 0.378212 0.378219 0.378227 0.378294 0.378315 0.378349 0.378353 0.378379 0.000000 0.000000
0.000000 0.000000 0.383175 0.383171 0.383156 0.383138 0.383042 0.383027 0.383006 0.383004 0.383002 0.383001 0.383000 0.382997 0.383000 0.383103 0.383129 0.383155 0.383184 0.000000 0.000000
0.000000 0.000000 0.388576 0.388569 0.388547 0.388438 0.388415 0.388363 0.388327 0.388321 0.388302 0.388288 0.388301 0.388294 0.388340 0.388375 0.388524 0.388510 0.388524 0.000000 0.000000
0.000000 0.000000 0.394399 0.394392 0.394244 0.394236 0.394230 0.394199 0.394238 0.394219 0.394237 0.394219 0.394202 0.394235 0.394250 0.394262 0.394224 0.394418 0.394420 0.000000 0.000000
0.000000 0.000000 0.401325 0.401111 0.401075 0.401010 0.400904 0.400865 0.400836 0.400839 0.400787 0.400784 0.400810 0.400792 0.400844 0.400925 0.401060 0.401056 0.401276 0.000000 0.000000
0.000000 0.000000 0.405819 0.405895 0.406099 0.406059 0.406010 0.405815 0.405817 0.405771 0.405818 0.405803 0.405810 0.405820 0.405994 0.406033 0.406130 0.405932 0.405868 0.000000 0.000000
0.000000 0.000000 0.350000 0.350000 0.350000 0.350000 0.350000 0.350000 0.350000 0.350000 0.350000 0.350000 0.350000 0.350000 0.350000 0.350000 0.350000 0.350000 0.350000 0.000000 0.000000
0.000000 0.000000 0.000000 0.000000 0.000000 0.000000 0.000000 0.000000 0.000000 0.000000 0.000000 0.000000 0.000000 0.000000 0.000000 0.000000 0.000000 0.000000 0.000000 0.000000 0.000000