geotop/1.0zi/1.0Montebello/Templates/testdem/maps/_Eocclay1661.asc
ncols         21
nrows         20
xllcorner     100.000000
yllcorner     100.000000
cellsize      50.000000
NODATA_value  -9999.0
0.000000 0.000000 0.000000 0.000000 0.000000 0.000000 0.000000 0.000000 0.000000 0.000000 0.000000 0.000000 0.000000 0.000000 0.000000 0.000000 0.000000 0.000000 0.000000 0.000000 0.000000
0.000000 0.000000 0.349910 0.349910 0.349910 0.349910 0.349910 0.349910 0.349910 0.349910 0.349910 0.349910 0.349910 0.349910 0.349910 0.349910 0.349910 0.349910 0.349910 0.000000 0.000000
0.000000 0.000000 0.349993 0.349993 0.349993 0.349993 0.349993 0.349993 0.349993 0.349993 0.349993 0.349993 0.349993 0.349993 0.349993 0.349993 0.349993 0.349993 0.349993 0.000000 0.000000
0.000000 0.000000 0.350629 0.350629 0.350627 0.350628 0.350629 0.350629 0.350629 0.350629 0.350629 0.350629 0.350629 0.350629 0.350629 0.350628 0.350627 0.350629 0.350629 0.000000 0.000000
0.000000 0.000000 0.353151 0.353150 0.353148 0.353148 0.353152 0.353151 0.353151 0.353152 0.353152 0.353152 0.353151 0.353151 0.353152 0.353148 0.353148 0.353150 0.353151 0.000000 0.000000
0.000000 0.000000 0.355973 0.355972 0.355971 0.355971 0.355974 0.355973 0.355973 0.355974 0.355974 0.355974 0.355973 0.355973 0.355974 0.355971 0.355971 0.355972 0.355973 0.000000 0.000000
0.000000 0.000000 0.358653 0.358653 0.358651 0.358652 0.358654 0.358653 0.358653 0.358654 0.358654 0.358654 0.358653 0.358653 0.358654 0.358652 0.358651 0.358653 0.358653 0.000000 0.000000
0.000000 0.000000 0.361120 0.361120 0.361119 0.361119 0.361121 0.361120 0.361120 0.361121 0.361121 0.361121 0.361120 0.361120 0.361121 0.361119 0.361119 0.361120 0.361120 0.000000 0.000000
0.000000 0.000000 0.363431 0.363431 0.363429 0.363430 0.363431 0.363431 0.363431 0.363431 0.363431 0.363431 0.363431 0.363431 0.363431 0.363430 0.363429 0.363431 0.363431 0.000000 0.000000
0.000000 0.000000 0.365642 0.365642 0.365640 0.365641 0.365643 0.365642 0.365642 0.365642 0.365642 0.365642 0.365642 0.365642 0.365643 0.365641 0.365640 0.365642 0.365642 0.000000 0.000000
0.000000 0.000000 0.367777 0.367776 0.367775 0.367776 0.367777 0.367777 0.367777 0.367777 0.367777 0.367777 0.367777 0.367777 0.367777 0.367776 0.367775 0.367776 0.367777 0.000000 0.000000
0.000000 0.000000 0.369855 0.369855 0.369854 0.369854 0.369856 0.369855 0.369855 0.369856 0.369856 0.369856 0.369855 0.369855 0.369856 0.369854 0.369854 0.369855 0.369855 0.000000 0.000000
0.000000 0.000000 0.371893 0.371893 0.371892 0.371892 0.371894 0.371893 0.371893 0.371894 0.371894 0.371894 0.371893 0.371893 0.371894 0.371892 0.371892 0.371893 0.371893 0.000000 0.000000
0.000000 0.000000 0.373890 0.373890 0.373889 0.373889 0.373891 0.373890 0.373890 0.373891 0.373891 0.373891 0.373890 0.373890 0.373891 0.373889 0.373889 0.373890 0.373890 0.000000 0.000000
0.000000 0.000000 0.375857 0.375856 0.375855 0.375856 0.375857 0.375857 0.375857 0.375857 0.375857 0.375857 0.375857 0.375857 0.375857 0.375856 0.375855 0.375856 0.375857 0.000000 0.000000
0.000000 0.000000 0.377799 0.377798 0.377797 0.377798 0.377799 0.377799 0.377799 0.377799 0.377799 0.377799 0.377799 0.377799 0.377799 0.377798 0.377797 0.377798 0.377799 0.000000 0.000000
0.000000 0.000000 0.379717 0.379717 0.379716 0.379716 0.379717 0.379717 0.379717 0.379717 0.379717 0.379717 0.379717 0.379717 0.379717 0.379716 0.379716 0.379717 0.379717 0.000000 0.000000
0.000000 0.000000 0.381652 0.381652 0.381651 0.381651 0.381653 0.381652 0.381652 0.381653 0.381652 0.381653 0.381652 0.381652 0.381653 0.381651 0.381651 0.381652 0.381652 0.000000 0.000000
0.000000 0.000000 0.350000 0.350000 0.350000 0.350000 0.350000 0.350000 0.350000 0.350000 0.350000 0.350000 0.350000 0.350000 0.350000 0.350000 0.350000 0.350000 0.350000 0.000000 0.000000
0.000000 0.000000 0.000000 0.000000 0.000000 0.000000 0.000000 0.000000 0.000000 0.000000 0.000000 0.000000 0.000000 0.000000 0.000000 0.000000 0.000000 0.000000 0.000000 0.000000 0.000000