geotop/1.0zi/1.0Montebello/Templates/testdem/maps/_Eocclay5195.asc
ncols         21
nrows         20
xllcorner     100.000000
yllcorner     100.000000
cellsize      50.000000
NODATA_value  -9999.0
0.000000 0.000000 0.000000 0.000000 0.000000 0.000000 0.000000 0.000000 0.000000 0.000000 0.000000 0.000000 0.000000 0.000000 0.000000 0.000000 0.000000 0.000000 0.000000 0.000000 0.000000
0.000000 0.000000 0.349766 0.349767 0.349767 0.349767 0.349767 0.349767 0.349767 0.349767 0.349767 0.349767 0.349767 0.349767 0.349767 0.349767 0.349767 0.349767 0.349767 0.000000 0.000000
0.000000 0.000000 0.349990 0.349991 0.349991 0.349991 0.349990 0.349990 0.349990 0.349990 0.349990 0.349990 0.349991 0.349991 0.349991 0.349991 0.349990 0.349990 0.349990 0.000000 0.000000
0.000000 0.000000 0.349989 0.349991 0.349989 0.349989 0.349991 0.349991 0.349991 0.349990 0.349991 0.349990 0.349990 0.349989 0.349991 0.349993 0.349991 0.349992 0.349991 0.000000 0.000000
0.000000 0.000000 0.350392 0.350391 0.350391 0.350386 0.350376 0.350373 0.350374 0.350377 0.350374 0.350376 0.350371 0.350372 0.350377 0.350375 0.350380 0.350382 0.350384 0.000000 0.000000
0.000000 0.000000 0.351806 0.351809 0.351804 0.351787 0.351783 0.351768 0.351767 0.351762 0.351766 0.351766 0.351770 0.351770 0.351772 0.351782 0.351788 0.351799 0.351803 0.000000 0.000000
0.000000 0.000000 0.353881 0.353879 0.353878 0.353862 0.353845 0.353822 0.353821 0.353817 0.353819 0.353822 0.353823 0.353822 0.353839 0.353858 0.353867 0.353875 0.353881 0.000000 0.000000
0.000000 0.000000 0.356383 0.356383 0.356382 0.356363 0.356346 0.356322 0.356322 0.356318 0.356320 0.356320 0.356318 0.356324 0.356341 0.356357 0.356371 0.356376 0.356384 0.000000 0.000000
0.000000 0.000000 0.358912 0.358910 0.358904 0.358894 0.358878 0.358854 0.358855 0.358850 0.358848 0.358850 0.358850 0.358849 0.358871 0.358889 0.358901 0.358904 0.358911 0.000000 0.000000
0.000000 0.000000 0.361463 0.361458 0.361456 0.361449 0.361424 0.361402 0.361404 0.361400 0.361398 0.361401 0.361405 0.361403 0.361421 0.361441 0.361455 0.361456 0.361462 0.000000 0.000000
0.000000 0.000000 0.364091 0.364088 0.364087 0.364070 0.364053 0.364028 0.364034 0.364021 0.364022 0.364024 0.364021 0.364029 0.364042 0.364055 0.364069 0.364077 0.364088 0.000000 0.000000
0.000000 0.000000 0.366826 0.366820 0.366814 0.366800 0.366787 0.366758 0.366759 0.366751 0.366760 0.366752 0.366754 0.366757 0.366782 0.366794 0.366804 0.366808 0.366837 0.000000 0.000000
0.000000 0.000000 0.369615 0.369609 0.369607 0.369593 0.369580 0.369523 0.369523 0.369517 0.369506 0.369512 0.369518 0.369523 0.369564 0.369575 0.369597 0.369598 0.369620 0.000000 0.000000
0.000000 0.000000 0.372611 0.372607 0.372600 0.372591 0.372538 0.372523 0.372509 0.372508 0.372503 0.372506 0.372508 0.372507 0.372513 0.372567 0.372586 0.372600 0.372622 0.000000 0.000000
0.000000 0.000000 0.375876 0.375873 0.375859 0.375806 0.375788 0.375757 0.375732 0.375729 0.375718 0.375714 0.375721 0.375717 0.375739 0.375767 0.375848 0.375842 0.375856 0.000000 0.000000
0.000000 0.000000 0.379297 0.379292 0.379224 0.379208 0.379204 0.379184 0.379195 0.379186 0.379191 0.379182 0.379176 0.379191 0.379202 0.379211 0.379213 0.379300 0.379304 0.000000 0.000000
0.000000 0.000000 0.383150 0.383059 0.383018 0.382990 0.382949 0.382927 0.382921 0.382918 0.382900 0.382896 0.382904 0.382903 0.382927 0.382960 0.383013 0.383044 0.383136 0.000000 0.000000
0.000000 0.000000 0.386075 0.386066 0.386143 0.386118 0.386085 0.386000 0.385997 0.385977 0.385987 0.385981 0.385989 0.385992 0.386071 0.386094 0.386159 0.386077 0.386092 0.000000 0.000000
0.000000 0.000000 0.350000 0.350000 0.350000 0.350000 0.350000 0.350000 0.350000 0.350000 0.350000 0.350000 0.350000 0.350000 0.350000 0.350000 0.350000 0.350000 0.350000 0.000000 0.000000
0.000000 0.000000 0.000000 0.000000 0.000000 0.000000 0.000000 0.000000 0.000000 0.000000 0.000000 0.000000 0.000000 0.000000 0.000000 0.000000 0.000000 0.000000 0.000000 0.000000 0.000000