geotop/1.0zi/1.0Montebello/Templates/testdem/maps/_Eocclay1536.asc
ncols         21
nrows         20
xllcorner     100.000000
yllcorner     100.000000
cellsize      50.000000
NODATA_value  -9999.0
0.000000 0.000000 0.000000 0.000000 0.000000 0.000000 0.000000 0.000000 0.000000 0.000000 0.000000 0.000000 0.000000 0.000000 0.000000 0.000000 0.000000 0.000000 0.000000 0.000000 0.000000
0.000000 0.000000 0.349918 0.349918 0.349918 0.349918 0.349918 0.349918 0.349918 0.349918 0.349918 0.349918 0.349918 0.349918 0.349918 0.349918 0.349918 0.349918 0.349918 0.000000 0.000000
0.000000 0.000000 0.349993 0.349993 0.349992 0.349993 0.349993 0.349993 0.349993 0.349993 0.349993 0.349993 0.349993 0.349993 0.349993 0.349993 0.349992 0.349993 0.349993 0.000000 0.000000
0.000000 0.000000 0.350614 0.350614 0.350611 0.350612 0.350614 0.350614 0.350614 0.350614 0.350614 0.350614 0.350614 0.350614 0.350614 0.350612 0.350611 0.350614 0.350614 0.000000 0.000000
0.000000 0.000000 0.352964 0.352963 0.352961 0.352961 0.352965 0.352964 0.352964 0.352965 0.352965 0.352965 0.352964 0.352964 0.352965 0.352961 0.352961 0.352963 0.352964 0.000000 0.000000
0.000000 0.000000 0.355580 0.355579 0.355577 0.355578 0.355580 0.355580 0.355580 0.355580 0.355580 0.355580 0.355580 0.355580 0.355580 0.355578 0.355577 0.355579 0.355580 0.000000 0.000000
0.000000 0.000000 0.358059 0.358058 0.358057 0.358057 0.358059 0.358059 0.358059 0.358059 0.358059 0.358059 0.358059 0.358059 0.358059 0.358057 0.358057 0.358058 0.358059 0.000000 0.000000
0.000000 0.000000 0.360339 0.360338 0.360337 0.360337 0.360339 0.360339 0.360339 0.360339 0.360339 0.360339 0.360339 0.360339 0.360339 0.360337 0.360337 0.360338 0.360339 0.000000 0.000000
0.000000 0.000000 0.362474 0.362473 0.362472 0.362472 0.362474 0.362474 0.362474 0.362474 0.362474 0.362474 0.362474 0.362474 0.362474 0.362472 0.362472 0.362473 0.362474 0.000000 0.000000
0.000000 0.000000 0.364517 0.364517 0.364516 0.364516 0.364518 0.364517 0.364517 0.364518 0.364518 0.364518 0.364517 0.364517 0.364518 0.364516 0.364516 0.364517 0.364517 0.000000 0.000000
0.000000 0.000000 0.366491 0.366490 0.366489 0.366490 0.366491 0.366491 0.366491 0.366491 0.366491 0.366491 0.366491 0.366491 0.366491 0.366490 0.366489 0.366490 0.366491 0.000000 0.000000
0.000000 0.000000 0.368413 0.368412 0.368411 0.368412 0.368413 0.368413 0.368413 0.368413 0.368413 0.368413 0.368413 0.368413 0.368413 0.368412 0.368411 0.368412 0.368413 0.000000 0.000000
0.000000 0.000000 0.370298 0.370298 0.370297 0.370297 0.370299 0.370298 0.370298 0.370299 0.370299 0.370299 0.370298 0.370298 0.370299 0.370297 0.370297 0.370298 0.370298 0.000000 0.000000
0.000000 0.000000 0.372144 0.372144 0.372143 0.372143 0.372145 0.372144 0.372144 0.372145 0.372145 0.372145 0.372144 0.372144 0.372145 0.372143 0.372143 0.372144 0.372144 0.000000 0.000000
0.000000 0.000000 0.373963 0.373963 0.373961 0.373962 0.373963 0.373963 0.373963 0.373963 0.373963 0.373963 0.373963 0.373963 0.373963 0.373962 0.373961 0.373963 0.373963 0.000000 0.000000
0.000000 0.000000 0.375763 0.375762 0.375761 0.375762 0.375763 0.375763 0.375763 0.375763 0.375763 0.375763 0.375763 0.375763 0.375763 0.375762 0.375761 0.375762 0.375763 0.000000 0.000000
0.000000 0.000000 0.377542 0.377542 0.377541 0.377541 0.377543 0.377542 0.377542 0.377543 0.377543 0.377543 0.377542 0.377542 0.377543 0.377541 0.377541 0.377542 0.377542 0.000000 0.000000
0.000000 0.000000 0.379344 0.379344 0.379343 0.379343 0.379345 0.379344 0.379344 0.379345 0.379345 0.379345 0.379344 0.379344 0.379345 0.379343 0.379343 0.379344 0.379344 0.000000 0.000000
0.000000 0.000000 0.350000 0.350000 0.350000 0.350000 0.350000 0.350000 0.350000 0.350000 0.350000 0.350000 0.350000 0.350000 0.350000 0.350000 0.350000 0.350000 0.350000 0.000000 0.000000
0.000000 0.000000 0.000000 0.000000 0.000000 0.000000 0.000000 0.000000 0.000000 0.000000 0.000000 0.000000 0.000000 0.000000 0.000000 0.000000 0.000000 0.000000 0.000000 0.000000 0.000000