geotop/1.0zi/1.0Montebello/Templates/testdem/maps/_Eocsilt1902.asc
ncols         21
nrows         20
xllcorner     100.000000
yllcorner     100.000000
cellsize      50.000000
NODATA_value  -9999.0
0.000000 0.000000 0.000000 0.000000 0.000000 0.000000 0.000000 0.000000 0.000000 0.000000 0.000000 0.000000 0.000000 0.000000 0.000000 0.000000 0.000000 0.000000 0.000000 0.000000 0.000000
0.000000 0.000000 0.350043 0.350043 0.350043 0.350043 0.350043 0.350043 0.350043 0.350043 0.350043 0.350043 0.350043 0.350043 0.350043 0.350043 0.350043 0.350043 0.350043 0.000000 0.000000
0.000000 0.000000 0.349998 0.349998 0.349998 0.349998 0.349998 0.349998 0.349998 0.349998 0.349998 0.349998 0.349998 0.349998 0.349998 0.349998 0.349998 0.349998 0.349998 0.000000 0.000000
0.000000 0.000000 0.350690 0.350690 0.350688 0.350689 0.350691 0.350691 0.350690 0.350691 0.350691 0.350691 0.350690 0.350691 0.350691 0.350689 0.350688 0.350690 0.350690 0.000000 0.000000
0.000000 0.000000 0.353220 0.353220 0.353218 0.353218 0.353221 0.353220 0.353220 0.353221 0.353221 0.353221 0.353220 0.353220 0.353221 0.353218 0.353218 0.353220 0.353220 0.000000 0.000000
0.000000 0.000000 0.356427 0.356426 0.356425 0.356425 0.356427 0.356427 0.356427 0.356428 0.356428 0.356428 0.356427 0.356427 0.356427 0.356425 0.356425 0.356426 0.356427 0.000000 0.000000
0.000000 0.000000 0.359374 0.359373 0.359372 0.359372 0.359374 0.359373 0.359373 0.359374 0.359374 0.359374 0.359373 0.359373 0.359374 0.359372 0.359372 0.359373 0.359374 0.000000 0.000000
0.000000 0.000000 0.362074 0.362074 0.362073 0.362073 0.362075 0.362074 0.362074 0.362075 0.362075 0.362075 0.362074 0.362074 0.362075 0.362073 0.362073 0.362074 0.362074 0.000000 0.000000
0.000000 0.000000 0.364600 0.364600 0.364599 0.364599 0.364601 0.364600 0.364600 0.364601 0.364601 0.364601 0.364600 0.364600 0.364601 0.364599 0.364599 0.364600 0.364600 0.000000 0.000000
0.000000 0.000000 0.367013 0.367013 0.367012 0.367012 0.367013 0.367013 0.367013 0.367014 0.367014 0.367014 0.367013 0.367013 0.367013 0.367012 0.367012 0.367013 0.367013 0.000000 0.000000
0.000000 0.000000 0.369339 0.369339 0.369338 0.369338 0.369339 0.369339 0.369339 0.369340 0.369340 0.369340 0.369339 0.369339 0.369339 0.369338 0.369338 0.369339 0.369339 0.000000 0.000000
0.000000 0.000000 0.371600 0.371600 0.371598 0.371599 0.371600 0.371600 0.371600 0.371600 0.371601 0.371600 0.371600 0.371600 0.371600 0.371599 0.371598 0.371600 0.371600 0.000000 0.000000
0.000000 0.000000 0.373811 0.373811 0.373810 0.373810 0.373811 0.373811 0.373811 0.373812 0.373812 0.373812 0.373811 0.373811 0.373811 0.373810 0.373810 0.373811 0.373811 0.000000 0.000000
0.000000 0.000000 0.375976 0.375976 0.375975 0.375975 0.375977 0.375976 0.375976 0.375977 0.375977 0.375977 0.375976 0.375976 0.375977 0.375975 0.375975 0.375976 0.375976 0.000000 0.000000
0.000000 0.000000 0.378106 0.378106 0.378105 0.378105 0.378106 0.378106 0.378106 0.378107 0.378107 0.378107 0.378106 0.378106 0.378106 0.378105 0.378105 0.378106 0.378106 0.000000 0.000000
0.000000 0.000000 0.380207 0.380207 0.380206 0.380206 0.380207 0.380207 0.380207 0.380207 0.380208 0.380207 0.380207 0.380207 0.380207 0.380206 0.380206 0.380207 0.380207 0.000000 0.000000
0.000000 0.000000 0.382278 0.382278 0.382276 0.382277 0.382278 0.382278 0.382278 0.382278 0.382278 0.382278 0.382278 0.382278 0.382278 0.382277 0.382276 0.382278 0.382278 0.000000 0.000000
0.000000 0.000000 0.384356 0.384356 0.384355 0.384356 0.384357 0.384356 0.384357 0.384357 0.384357 0.384357 0.384357 0.384356 0.384357 0.384356 0.384355 0.384356 0.384357 0.000000 0.000000
0.000000 0.000000 0.350000 0.350000 0.350000 0.350000 0.350000 0.350000 0.350000 0.350000 0.350000 0.350000 0.350000 0.350000 0.350000 0.350000 0.350000 0.350000 0.350000 0.000000 0.000000
0.000000 0.000000 0.000000 0.000000 0.000000 0.000000 0.000000 0.000000 0.000000 0.000000 0.000000 0.000000 0.000000 0.000000 0.000000 0.000000 0.000000 0.000000 0.000000 0.000000 0.000000