geotop/1.0zi/1.0Montebello/Templates/testdem/maps/_Eocclay9092.asc
ncols         21
nrows         20
xllcorner     100.000000
yllcorner     100.000000
cellsize      50.000000
NODATA_value  -9999.0
0.000000 0.000000 0.000000 0.000000 0.000000 0.000000 0.000000 0.000000 0.000000 0.000000 0.000000 0.000000 0.000000 0.000000 0.000000 0.000000 0.000000 0.000000 0.000000 0.000000 0.000000
0.000000 0.000000 0.349573 0.349576 0.349576 0.349575 0.349576 0.349577 0.349576 0.349576 0.349575 0.349576 0.349576 0.349576 0.349576 0.349576 0.349574 0.349574 0.349575 0.000000 0.000000
0.000000 0.000000 0.349982 0.349980 0.349980 0.349983 0.349980 0.349980 0.349981 0.349980 0.349980 0.349980 0.349981 0.349980 0.349981 0.349981 0.349982 0.349981 0.349979 0.000000 0.000000
0.000000 0.000000 0.350022 0.350027 0.350025 0.350022 0.350023 0.350024 0.350028 0.350025 0.350028 0.350026 0.350027 0.350025 0.350027 0.350029 0.350027 0.350026 0.350024 0.000000 0.000000
0.000000 0.000000 0.351243 0.351237 0.351230 0.351220 0.351202 0.351202 0.351198 0.351199 0.351198 0.351200 0.351198 0.351200 0.351210 0.351213 0.351224 0.351225 0.351234 0.000000 0.000000
0.000000 0.000000 0.354738 0.354732 0.354709 0.354679 0.354653 0.354627 0.354631 0.354625 0.354627 0.354626 0.354631 0.354630 0.354643 0.354669 0.354682 0.354691 0.354697 0.000000 0.000000
0.000000 0.000000 0.359415 0.359404 0.359390 0.359361 0.359325 0.359274 0.359276 0.359271 0.359270 0.359272 0.359272 0.359272 0.359314 0.359345 0.359362 0.359372 0.359380 0.000000 0.000000
0.000000 0.000000 0.364968 0.364956 0.364942 0.364905 0.364867 0.364821 0.364823 0.364817 0.364816 0.364813 0.364810 0.364820 0.364858 0.364889 0.364918 0.364922 0.364937 0.000000 0.000000
0.000000 0.000000 0.370968 0.370953 0.370932 0.370907 0.370863 0.370813 0.370818 0.370808 0.370803 0.370801 0.370802 0.370801 0.370852 0.370890 0.370911 0.370916 0.370930 0.000000 0.000000
0.000000 0.000000 0.377496 0.377475 0.377461 0.377434 0.377373 0.377328 0.377329 0.377323 0.377314 0.377318 0.377325 0.377323 0.377364 0.377413 0.377439 0.377445 0.377452 0.000000 0.000000
0.000000 0.000000 0.384802 0.384787 0.384770 0.384710 0.384670 0.384610 0.384626 0.384591 0.384596 0.384592 0.384580 0.384601 0.384645 0.384674 0.384711 0.384722 0.384752 0.000000 0.000000
0.000000 0.000000 0.393153 0.393123 0.393085 0.393053 0.392997 0.392925 0.392924 0.392920 0.392933 0.392904 0.392917 0.392915 0.392994 0.393037 0.393055 0.393062 0.393128 0.000000 0.000000
0.000000 0.000000 0.402439 0.402406 0.402396 0.402330 0.402285 0.402067 0.402067 0.402057 0.401988 0.402028 0.402035 0.402055 0.402223 0.402262 0.402341 0.402338 0.402363 0.000000 0.000000
0.000000 0.000000 0.413775 0.413761 0.413698 0.413657 0.413350 0.413423 0.413366 0.413368 0.413400 0.413367 0.413361 0.413334 0.413271 0.413595 0.413617 0.413687 0.413738 0.000000 0.000000
0.000000 0.000000 0.427287 0.427242 0.427172 0.426768 0.426878 0.426655 0.426585 0.426564 0.426482 0.426444 0.426489 0.426487 0.426701 0.426605 0.427132 0.427009 0.427002 0.000000 0.000000
0.000000 0.000000 0.441383 0.441349 0.440788 0.441035 0.440956 0.440959 0.441200 0.441135 0.441260 0.441232 0.441129 0.441266 0.441223 0.441288 0.440725 0.441550 0.441537 0.000000 0.000000
0.000000 0.000000 0.456991 0.456285 0.456535 0.456216 0.455865 0.455759 0.455519 0.455577 0.455337 0.455365 0.455505 0.455356 0.455549 0.455805 0.456500 0.455938 0.456666 0.000000 0.000000
0.000000 0.000000 0.461026 0.461577 0.462049 0.462040 0.462071 0.461602 0.461692 0.461553 0.461786 0.461738 0.461699 0.461778 0.462163 0.462141 0.462119 0.461748 0.461196 0.000000 0.000000
0.000000 0.000000 0.350000 0.350000 0.350000 0.350000 0.350000 0.350000 0.350000 0.350000 0.350000 0.350000 0.350000 0.350000 0.350000 0.350000 0.350000 0.350000 0.350000 0.000000 0.000000
0.000000 0.000000 0.000000 0.000000 0.000000 0.000000 0.000000 0.000000 0.000000 0.000000 0.000000 0.000000 0.000000 0.000000 0.000000 0.000000 0.000000 0.000000 0.000000 0.000000 0.000000