geotop/1.0zi/1.0Montebello/Templates/testdem/maps/_Eocclay7523.asc
ncols         21
nrows         20
xllcorner     100.000000
yllcorner     100.000000
cellsize      50.000000
NODATA_value  -9999.0
0.000000 0.000000 0.000000 0.000000 0.000000 0.000000 0.000000 0.000000 0.000000 0.000000 0.000000 0.000000 0.000000 0.000000 0.000000 0.000000 0.000000 0.000000 0.000000 0.000000 0.000000
0.000000 0.000000 0.349659 0.349660 0.349660 0.349659 0.349660 0.349660 0.349660 0.349660 0.349659 0.349660 0.349660 0.349660 0.349661 0.349660 0.349658 0.349659 0.349660 0.000000 0.000000
0.000000 0.000000 0.349986 0.349985 0.349986 0.349987 0.349986 0.349985 0.349985 0.349985 0.349985 0.349985 0.349986 0.349985 0.349986 0.349986 0.349987 0.349986 0.349984 0.000000 0.000000
0.000000 0.000000 0.350004 0.350008 0.350005 0.350004 0.350007 0.350004 0.350006 0.350003 0.350006 0.350005 0.350004 0.350003 0.350005 0.350007 0.350006 0.350009 0.350008 0.000000 0.000000
0.000000 0.000000 0.350950 0.350947 0.350943 0.350938 0.350923 0.350920 0.350917 0.350920 0.350917 0.350917 0.350914 0.350918 0.350928 0.350929 0.350937 0.350938 0.350945 0.000000 0.000000
0.000000 0.000000 0.353487 0.353485 0.353474 0.353447 0.353434 0.353411 0.353412 0.353406 0.353409 0.353409 0.353411 0.353412 0.353423 0.353442 0.353455 0.353470 0.353475 0.000000 0.000000
0.000000 0.000000 0.356991 0.356988 0.356980 0.356957 0.356928 0.356892 0.356891 0.356886 0.356887 0.356888 0.356887 0.356888 0.356920 0.356948 0.356963 0.356975 0.356983 0.000000 0.000000
0.000000 0.000000 0.361168 0.361166 0.361158 0.361130 0.361102 0.361063 0.361063 0.361059 0.361058 0.361056 0.361053 0.361061 0.361095 0.361119 0.361143 0.361152 0.361164 0.000000 0.000000
0.000000 0.000000 0.365550 0.365544 0.365531 0.365514 0.365484 0.365444 0.365447 0.365438 0.365435 0.365434 0.365434 0.365433 0.365472 0.365504 0.365523 0.365532 0.365542 0.000000 0.000000
0.000000 0.000000 0.370141 0.370132 0.370126 0.370109 0.370066 0.370030 0.370030 0.370026 0.370020 0.370023 0.370028 0.370026 0.370059 0.370096 0.370118 0.370125 0.370133 0.000000 0.000000
0.000000 0.000000 0.375080 0.375074 0.375066 0.375031 0.375000 0.374959 0.374968 0.374946 0.374948 0.374947 0.374939 0.374954 0.374984 0.375006 0.375035 0.375050 0.375069 0.000000 0.000000
0.000000 0.000000 0.380478 0.380464 0.380447 0.380424 0.380391 0.380340 0.380337 0.380330 0.380342 0.380324 0.380328 0.380332 0.380385 0.380411 0.380431 0.380442 0.380489 0.000000 0.000000
0.000000 0.000000 0.386238 0.386223 0.386216 0.386185 0.386156 0.386029 0.386028 0.386020 0.385988 0.386004 0.386011 0.386023 0.386120 0.386147 0.386196 0.386202 0.386228 0.000000 0.000000
0.000000 0.000000 0.392853 0.392847 0.392822 0.392799 0.392650 0.392647 0.392616 0.392616 0.392620 0.392614 0.392610 0.392605 0.392601 0.392757 0.392788 0.392829 0.392862 0.000000 0.000000
0.000000 0.000000 0.400525 0.400513 0.400480 0.400300 0.400295 0.400206 0.400159 0.400150 0.400119 0.400097 0.400116 0.400110 0.400197 0.400215 0.400456 0.400426 0.400437 0.000000 0.000000
0.000000 0.000000 0.408940 0.408928 0.408670 0.408709 0.408694 0.408656 0.408742 0.408711 0.408753 0.408730 0.408692 0.408755 0.408775 0.408789 0.408647 0.409004 0.409001 0.000000 0.000000
0.000000 0.000000 0.419383 0.418976 0.419003 0.418867 0.418663 0.418601 0.418513 0.418532 0.418421 0.418427 0.418486 0.418433 0.418535 0.418686 0.418987 0.418852 0.419270 0.000000 0.000000
0.000000 0.000000 0.424496 0.424808 0.425189 0.425163 0.425140 0.424784 0.424819 0.424724 0.424861 0.424830 0.424819 0.424861 0.425171 0.425186 0.425258 0.424928 0.424628 0.000000 0.000000
0.000000 0.000000 0.350000 0.350000 0.350000 0.350000 0.350000 0.350000 0.350000 0.350000 0.350000 0.350000 0.350000 0.350000 0.350000 0.350000 0.350000 0.350000 0.350000 0.000000 0.000000
0.000000 0.000000 0.000000 0.000000 0.000000 0.000000 0.000000 0.000000 0.000000 0.000000 0.000000 0.000000 0.000000 0.000000 0.000000 0.000000 0.000000 0.000000 0.000000 0.000000 0.000000