geotop/1.0zi/1.0Montebello/Templates/testdem/maps/_Eocsilt2408.asc
ncols         21
nrows         20
xllcorner     100.000000
yllcorner     100.000000
cellsize      50.000000
NODATA_value  -9999.0
0.000000 0.000000 0.000000 0.000000 0.000000 0.000000 0.000000 0.000000 0.000000 0.000000 0.000000 0.000000 0.000000 0.000000 0.000000 0.000000 0.000000 0.000000 0.000000 0.000000 0.000000
0.000000 0.000000 0.350058 0.350058 0.350058 0.350058 0.350058 0.350058 0.350058 0.350058 0.350057 0.350058 0.350058 0.350058 0.350058 0.350058 0.350058 0.350058 0.350058 0.000000 0.000000
0.000000 0.000000 0.349998 0.349998 0.349998 0.349998 0.349998 0.349998 0.349998 0.349998 0.349999 0.349998 0.349998 0.349998 0.349998 0.349998 0.349998 0.349998 0.349998 0.000000 0.000000
0.000000 0.000000 0.350792 0.350791 0.350789 0.350790 0.350792 0.350792 0.350792 0.350792 0.350792 0.350792 0.350792 0.350792 0.350792 0.350790 0.350789 0.350791 0.350792 0.000000 0.000000
0.000000 0.000000 0.353887 0.353886 0.353884 0.353885 0.353887 0.353886 0.353886 0.353888 0.353888 0.353888 0.353886 0.353886 0.353887 0.353885 0.353884 0.353886 0.353887 0.000000 0.000000
0.000000 0.000000 0.357931 0.357930 0.357929 0.357929 0.357931 0.357931 0.357931 0.357932 0.357932 0.357932 0.357931 0.357931 0.357931 0.357929 0.357929 0.357930 0.357931 0.000000 0.000000
0.000000 0.000000 0.361641 0.361640 0.361639 0.361639 0.361641 0.361641 0.361641 0.361642 0.361642 0.361642 0.361641 0.361641 0.361641 0.361639 0.361639 0.361640 0.361641 0.000000 0.000000
0.000000 0.000000 0.365031 0.365031 0.365029 0.365030 0.365031 0.365031 0.365031 0.365032 0.365032 0.365032 0.365031 0.365031 0.365031 0.365030 0.365029 0.365031 0.365031 0.000000 0.000000
0.000000 0.000000 0.368192 0.368192 0.368191 0.368191 0.368192 0.368192 0.368192 0.368193 0.368193 0.368193 0.368192 0.368192 0.368192 0.368191 0.368191 0.368192 0.368192 0.000000 0.000000
0.000000 0.000000 0.371197 0.371197 0.371196 0.371196 0.371198 0.371197 0.371197 0.371198 0.371198 0.371198 0.371197 0.371197 0.371198 0.371196 0.371196 0.371197 0.371197 0.000000 0.000000
0.000000 0.000000 0.374082 0.374082 0.374081 0.374081 0.374082 0.374082 0.374082 0.374082 0.374083 0.374082 0.374082 0.374082 0.374082 0.374081 0.374081 0.374082 0.374082 0.000000 0.000000
0.000000 0.000000 0.376873 0.376873 0.376872 0.376872 0.376874 0.376873 0.376873 0.376874 0.376874 0.376874 0.376873 0.376873 0.376874 0.376872 0.376872 0.376873 0.376873 0.000000 0.000000
0.000000 0.000000 0.379592 0.379591 0.379590 0.379591 0.379592 0.379591 0.379592 0.379592 0.379592 0.379592 0.379592 0.379591 0.379592 0.379591 0.379590 0.379591 0.379592 0.000000 0.000000
0.000000 0.000000 0.382249 0.382249 0.382248 0.382248 0.382250 0.382249 0.382249 0.382250 0.382250 0.382250 0.382249 0.382249 0.382250 0.382248 0.382248 0.382249 0.382249 0.000000 0.000000
0.000000 0.000000 0.384856 0.384855 0.384854 0.384855 0.384856 0.384855 0.384855 0.384856 0.384856 0.384856 0.384855 0.384855 0.384856 0.384855 0.384854 0.384855 0.384856 0.000000 0.000000
0.000000 0.000000 0.387414 0.387413 0.387412 0.387413 0.387414 0.387413 0.387413 0.387414 0.387414 0.387414 0.387413 0.387413 0.387414 0.387413 0.387412 0.387413 0.387414 0.000000 0.000000
0.000000 0.000000 0.389925 0.389925 0.389924 0.389924 0.389925 0.389925 0.389925 0.389926 0.389926 0.389926 0.389925 0.389925 0.389925 0.389924 0.389924 0.389925 0.389925 0.000000 0.000000
0.000000 0.000000 0.392425 0.392425 0.392424 0.392425 0.392426 0.392425 0.392425 0.392426 0.392426 0.392426 0.392425 0.392425 0.392426 0.392425 0.392424 0.392425 0.392426 0.000000 0.000000
0.000000 0.000000 0.350000 0.350000 0.350000 0.350000 0.350000 0.350000 0.350000 0.350000 0.350000 0.350000 0.350000 0.350000 0.350000 0.350000 0.350000 0.350000 0.350000 0.000000 0.000000
0.000000 0.000000 0.000000 0.000000 0.000000 0.000000 0.000000 0.000000 0.000000 0.000000 0.000000 0.000000 0.000000 0.000000 0.000000 0.000000 0.000000 0.000000 0.000000 0.000000 0.000000