geotop/1.0zi/1.0Montebello/Templates/testdem/maps/_Eocclay3181.asc
ncols         21
nrows         20
xllcorner     100.000000
yllcorner     100.000000
cellsize      50.000000
NODATA_value  -9999.0
0.000000 0.000000 0.000000 0.000000 0.000000 0.000000 0.000000 0.000000 0.000000 0.000000 0.000000 0.000000 0.000000 0.000000 0.000000 0.000000 0.000000 0.000000 0.000000 0.000000 0.000000
0.000000 0.000000 0.349825 0.349825 0.349825 0.349825 0.349825 0.349825 0.349825 0.349825 0.349825 0.349825 0.349825 0.349825 0.349825 0.349825 0.349825 0.349825 0.349825 0.000000 0.000000
0.000000 0.000000 0.349995 0.349995 0.349995 0.349995 0.349995 0.349995 0.349995 0.349995 0.349996 0.349995 0.349995 0.349995 0.349995 0.349995 0.349995 0.349995 0.349995 0.000000 0.000000
0.000000 0.000000 0.351260 0.351260 0.351257 0.351258 0.351260 0.351259 0.351259 0.351259 0.351260 0.351259 0.351259 0.351259 0.351260 0.351258 0.351257 0.351260 0.351260 0.000000 0.000000
0.000000 0.000000 0.356249 0.356248 0.356246 0.356246 0.356250 0.356249 0.356249 0.356250 0.356250 0.356250 0.356249 0.356249 0.356250 0.356246 0.356246 0.356248 0.356249 0.000000 0.000000
0.000000 0.000000 0.361737 0.361737 0.361735 0.361735 0.361737 0.361737 0.361737 0.361738 0.361738 0.361738 0.361737 0.361737 0.361737 0.361735 0.361735 0.361737 0.361737 0.000000 0.000000
0.000000 0.000000 0.366862 0.366861 0.366859 0.366860 0.366862 0.366861 0.366861 0.366862 0.366862 0.366862 0.366861 0.366861 0.366862 0.366860 0.366859 0.366861 0.366862 0.000000 0.000000
0.000000 0.000000 0.371524 0.371523 0.371522 0.371522 0.371524 0.371523 0.371523 0.371524 0.371525 0.371524 0.371523 0.371523 0.371524 0.371522 0.371522 0.371523 0.371524 0.000000 0.000000
0.000000 0.000000 0.375837 0.375836 0.375835 0.375835 0.375837 0.375836 0.375836 0.375837 0.375838 0.375837 0.375836 0.375836 0.375837 0.375835 0.375835 0.375836 0.375837 0.000000 0.000000
0.000000 0.000000 0.379902 0.379902 0.379901 0.379901 0.379902 0.379902 0.379902 0.379902 0.379903 0.379902 0.379902 0.379902 0.379902 0.379901 0.379901 0.379902 0.379902 0.000000 0.000000
0.000000 0.000000 0.383770 0.383769 0.383768 0.383768 0.383770 0.383769 0.383769 0.383770 0.383770 0.383770 0.383769 0.383769 0.383770 0.383768 0.383768 0.383769 0.383770 0.000000 0.000000
0.000000 0.000000 0.387475 0.387475 0.387474 0.387474 0.387475 0.387475 0.387475 0.387476 0.387476 0.387476 0.387475 0.387475 0.387475 0.387474 0.387474 0.387475 0.387475 0.000000 0.000000
0.000000 0.000000 0.391046 0.391046 0.391045 0.391045 0.391046 0.391046 0.391046 0.391047 0.391047 0.391047 0.391046 0.391046 0.391046 0.391045 0.391045 0.391046 0.391046 0.000000 0.000000
0.000000 0.000000 0.394513 0.394512 0.394511 0.394512 0.394513 0.394512 0.394512 0.394513 0.394513 0.394513 0.394512 0.394512 0.394513 0.394512 0.394511 0.394512 0.394513 0.000000 0.000000
0.000000 0.000000 0.397881 0.397881 0.397880 0.397880 0.397882 0.397881 0.397881 0.397882 0.397882 0.397882 0.397881 0.397881 0.397882 0.397880 0.397880 0.397881 0.397881 0.000000 0.000000
0.000000 0.000000 0.401159 0.401159 0.401158 0.401158 0.401159 0.401159 0.401159 0.401159 0.401160 0.401159 0.401159 0.401159 0.401159 0.401158 0.401158 0.401159 0.401159 0.000000 0.000000
0.000000 0.000000 0.404356 0.404355 0.404354 0.404355 0.404356 0.404355 0.404355 0.404356 0.404356 0.404356 0.404355 0.404355 0.404356 0.404355 0.404354 0.404355 0.404356 0.000000 0.000000
0.000000 0.000000 0.407540 0.407540 0.407539 0.407540 0.407541 0.407540 0.407540 0.407541 0.407541 0.407541 0.407540 0.407540 0.407541 0.407540 0.407539 0.407540 0.407541 0.000000 0.000000
0.000000 0.000000 0.350000 0.350000 0.350000 0.350000 0.350000 0.350000 0.350000 0.350000 0.350000 0.350000 0.350000 0.350000 0.350000 0.350000 0.350000 0.350000 0.350000 0.000000 0.000000
0.000000 0.000000 0.000000 0.000000 0.000000 0.000000 0.000000 0.000000 0.000000 0.000000 0.000000 0.000000 0.000000 0.000000 0.000000 0.000000 0.000000 0.000000 0.000000 0.000000 0.000000