geotop/1.0zi/1.0Montebello/Templates/testdem/maps/_Eocsilt0311.asc
ncols         21
nrows         20
xllcorner     100.000000
yllcorner     100.000000
cellsize      50.000000
NODATA_value  -9999.0
0.000000 0.000000 0.000000 0.000000 0.000000 0.000000 0.000000 0.000000 0.000000 0.000000 0.000000 0.000000 0.000000 0.000000 0.000000 0.000000 0.000000 0.000000 0.000000 0.000000 0.000000
0.000000 0.000000 0.350008 0.350008 0.350008 0.350008 0.350008 0.350008 0.350008 0.350008 0.350008 0.350008 0.350008 0.350008 0.350008 0.350008 0.350008 0.350008 0.350008 0.000000 0.000000
0.000000 0.000000 0.350001 0.350000 0.350001 0.350000 0.350001 0.350001 0.350001 0.350001 0.350001 0.350001 0.350001 0.350001 0.350001 0.350000 0.350001 0.350000 0.350001 0.000000 0.000000
0.000000 0.000000 0.350239 0.350239 0.350237 0.350239 0.350239 0.350239 0.350239 0.350239 0.350239 0.350239 0.350239 0.350239 0.350239 0.350239 0.350237 0.350239 0.350239 0.000000 0.000000
0.000000 0.000000 0.350870 0.350870 0.350868 0.350870 0.350870 0.350870 0.350870 0.350870 0.350870 0.350870 0.350870 0.350870 0.350870 0.350870 0.350868 0.350870 0.350870 0.000000 0.000000
0.000000 0.000000 0.351460 0.351460 0.351459 0.351460 0.351460 0.351460 0.351460 0.351460 0.351460 0.351460 0.351460 0.351460 0.351460 0.351460 0.351459 0.351460 0.351460 0.000000 0.000000
0.000000 0.000000 0.351987 0.351987 0.351986 0.351987 0.351987 0.351987 0.351987 0.351987 0.351987 0.351987 0.351987 0.351987 0.351987 0.351987 0.351986 0.351987 0.351987 0.000000 0.000000
0.000000 0.000000 0.352473 0.352473 0.352471 0.352473 0.352473 0.352473 0.352473 0.352473 0.352473 0.352473 0.352473 0.352473 0.352473 0.352473 0.352471 0.352473 0.352473 0.000000 0.000000
0.000000 0.000000 0.352929 0.352929 0.352928 0.352929 0.352929 0.352929 0.352929 0.352929 0.352929 0.352929 0.352929 0.352929 0.352929 0.352929 0.352928 0.352929 0.352929 0.000000 0.000000
0.000000 0.000000 0.353368 0.353368 0.353367 0.353368 0.353368 0.353368 0.353368 0.353368 0.353368 0.353368 0.353368 0.353368 0.353368 0.353368 0.353367 0.353368 0.353368 0.000000 0.000000
0.000000 0.000000 0.353794 0.353794 0.353793 0.353794 0.353794 0.353794 0.353794 0.353794 0.353794 0.353794 0.353794 0.353794 0.353794 0.353794 0.353793 0.353794 0.353794 0.000000 0.000000
0.000000 0.000000 0.354210 0.354210 0.354209 0.354210 0.354210 0.354210 0.354210 0.354210 0.354210 0.354210 0.354210 0.354210 0.354210 0.354210 0.354209 0.354210 0.354210 0.000000 0.000000
0.000000 0.000000 0.354619 0.354619 0.354617 0.354619 0.354619 0.354619 0.354619 0.354619 0.354619 0.354619 0.354619 0.354619 0.354619 0.354619 0.354617 0.354619 0.354619 0.000000 0.000000
0.000000 0.000000 0.355019 0.355019 0.355018 0.355019 0.355019 0.355019 0.355019 0.355019 0.355019 0.355019 0.355019 0.355019 0.355019 0.355019 0.355018 0.355019 0.355019 0.000000 0.000000
0.000000 0.000000 0.355415 0.355415 0.355413 0.355415 0.355415 0.355415 0.355415 0.355415 0.355415 0.355415 0.355415 0.355415 0.355415 0.355415 0.355413 0.355415 0.355415 0.000000 0.000000
0.000000 0.000000 0.355808 0.355808 0.355807 0.355808 0.355808 0.355808 0.355808 0.355808 0.355808 0.355808 0.355808 0.355808 0.355808 0.355808 0.355807 0.355808 0.355808 0.000000 0.000000
0.000000 0.000000 0.356196 0.356196 0.356195 0.356196 0.356196 0.356196 0.356196 0.356196 0.356196 0.356196 0.356196 0.356196 0.356196 0.356196 0.356195 0.356196 0.356196 0.000000 0.000000
0.000000 0.000000 0.356600 0.356601 0.356599 0.356601 0.356601 0.356601 0.356601 0.356601 0.356601 0.356601 0.356601 0.356601 0.356601 0.356601 0.356599 0.356601 0.356601 0.000000 0.000000
0.000000 0.000000 0.350000 0.350000 0.350000 0.350000 0.350000 0.350000 0.350000 0.350000 0.350000 0.350000 0.350000 0.350000 0.350000 0.350000 0.350000 0.350000 0.350000 0.000000 0.000000
0.000000 0.000000 0.000000 0.000000 0.000000 0.000000 0.000000 0.000000 0.000000 0.000000 0.000000 0.000000 0.000000 0.000000 0.000000 0.000000 0.000000 0.000000 0.000000 0.000000 0.000000