geotop/1.0zi/1.0Montebello/Templates/testdem/maps/_Eocsand1970.asc
ncols         21
nrows         20
xllcorner     100.000000
yllcorner     100.000000
cellsize      50.000000
NODATA_value  -9999.0
0.000000 0.000000 0.000000 0.000000 0.000000 0.000000 0.000000 0.000000 0.000000 0.000000 0.000000 0.000000 0.000000 0.000000 0.000000 0.000000 0.000000 0.000000 0.000000 0.000000 0.000000
0.000000 0.000000 0.300059 0.300059 0.300059 0.300059 0.300059 0.300059 0.300059 0.300059 0.300059 0.300059 0.300059 0.300059 0.300059 0.300059 0.300059 0.300059 0.300059 0.000000 0.000000
0.000000 0.000000 0.300008 0.300008 0.300009 0.300008 0.300008 0.300008 0.300008 0.300008 0.300008 0.300008 0.300008 0.300008 0.300008 0.300008 0.300009 0.300008 0.300008 0.000000 0.000000
0.000000 0.000000 0.298650 0.298651 0.298655 0.298653 0.298650 0.298650 0.298650 0.298650 0.298650 0.298650 0.298650 0.298650 0.298650 0.298653 0.298655 0.298651 0.298650 0.000000 0.000000
0.000000 0.000000 0.293251 0.293253 0.293256 0.293256 0.293250 0.293252 0.293252 0.293249 0.293249 0.293249 0.293252 0.293252 0.293250 0.293256 0.293256 0.293253 0.293251 0.000000 0.000000
0.000000 0.000000 0.286667 0.286668 0.286671 0.286671 0.286665 0.286667 0.286667 0.286665 0.286665 0.286665 0.286667 0.286667 0.286665 0.286671 0.286671 0.286668 0.286667 0.000000 0.000000
0.000000 0.000000 0.280525 0.280526 0.280529 0.280529 0.280525 0.280526 0.280526 0.280524 0.280524 0.280524 0.280526 0.280526 0.280525 0.280529 0.280529 0.280526 0.280525 0.000000 0.000000
0.000000 0.000000 0.274887 0.274887 0.274890 0.274889 0.274886 0.274887 0.274887 0.274885 0.274885 0.274885 0.274887 0.274887 0.274886 0.274889 0.274890 0.274887 0.274887 0.000000 0.000000
0.000000 0.000000 0.269613 0.269613 0.269616 0.269616 0.269612 0.269613 0.269613 0.269612 0.269612 0.269612 0.269613 0.269613 0.269612 0.269616 0.269616 0.269613 0.269613 0.000000 0.000000
0.000000 0.000000 0.264577 0.264577 0.264580 0.264579 0.264576 0.264577 0.264577 0.264576 0.264575 0.264576 0.264577 0.264577 0.264576 0.264579 0.264580 0.264577 0.264577 0.000000 0.000000
0.000000 0.000000 0.259722 0.259723 0.259725 0.259725 0.259722 0.259723 0.259723 0.259721 0.259721 0.259721 0.259723 0.259723 0.259722 0.259725 0.259725 0.259723 0.259722 0.000000 0.000000
0.000000 0.000000 0.255006 0.255007 0.255009 0.255009 0.255006 0.255007 0.255006 0.255005 0.255005 0.255005 0.255006 0.255007 0.255006 0.255009 0.255009 0.255007 0.255006 0.000000 0.000000
0.000000 0.000000 0.250396 0.250397 0.250399 0.250399 0.250396 0.250397 0.250396 0.250395 0.250395 0.250395 0.250396 0.250397 0.250396 0.250399 0.250399 0.250397 0.250396 0.000000 0.000000
0.000000 0.000000 0.245881 0.245882 0.245884 0.245884 0.245881 0.245882 0.245882 0.245880 0.245880 0.245880 0.245882 0.245882 0.245881 0.245884 0.245884 0.245882 0.245881 0.000000 0.000000
0.000000 0.000000 0.241439 0.241440 0.241442 0.241442 0.241439 0.241440 0.241440 0.241439 0.241438 0.241439 0.241440 0.241440 0.241439 0.241442 0.241442 0.241440 0.241439 0.000000 0.000000
0.000000 0.000000 0.237058 0.237059 0.237061 0.237060 0.237058 0.237059 0.237058 0.237057 0.237057 0.237057 0.237058 0.237059 0.237058 0.237060 0.237061 0.237059 0.237058 0.000000 0.000000
0.000000 0.000000 0.232739 0.232740 0.232742 0.232742 0.232739 0.232740 0.232740 0.232739 0.232738 0.232739 0.232740 0.232740 0.232739 0.232742 0.232742 0.232740 0.232740 0.000000 0.000000
0.000000 0.000000 0.228411 0.228411 0.228413 0.228412 0.228410 0.228410 0.228410 0.228409 0.228409 0.228409 0.228410 0.228410 0.228410 0.228412 0.228413 0.228411 0.228410 0.000000 0.000000
0.000000 0.000000 0.300000 0.300000 0.300000 0.300000 0.300000 0.300000 0.300000 0.300000 0.300000 0.300000 0.300000 0.300000 0.300000 0.300000 0.300000 0.300000 0.300000 0.000000 0.000000
0.000000 0.000000 0.000000 0.000000 0.000000 0.000000 0.000000 0.000000 0.000000 0.000000 0.000000 0.000000 0.000000 0.000000 0.000000 0.000000 0.000000 0.000000 0.000000 0.000000 0.000000