geotop/1.0zi/1.0Montebello/Templates/testdem/maps/_Eocclay8730.asc
ncols         21
nrows         20
xllcorner     100.000000
yllcorner     100.000000
cellsize      50.000000
NODATA_value  -9999.0
0.000000 0.000000 0.000000 0.000000 0.000000 0.000000 0.000000 0.000000 0.000000 0.000000 0.000000 0.000000 0.000000 0.000000 0.000000 0.000000 0.000000 0.000000 0.000000 0.000000 0.000000
0.000000 0.000000 0.349594 0.349596 0.349596 0.349595 0.349597 0.349597 0.349597 0.349597 0.349596 0.349597 0.349597 0.349597 0.349597 0.349597 0.349595 0.349595 0.349596 0.000000 0.000000
0.000000 0.000000 0.349983 0.349982 0.349982 0.349984 0.349982 0.349981 0.349982 0.349981 0.349981 0.349981 0.349982 0.349981 0.349982 0.349983 0.349983 0.349982 0.349981 0.000000 0.000000
0.000000 0.000000 0.350024 0.350029 0.350026 0.350022 0.350023 0.350024 0.350026 0.350024 0.350027 0.350025 0.350025 0.350023 0.350026 0.350028 0.350027 0.350029 0.350027 0.000000 0.000000
0.000000 0.000000 0.351175 0.351168 0.351164 0.351159 0.351141 0.351140 0.351137 0.351138 0.351137 0.351138 0.351137 0.351139 0.351148 0.351150 0.351160 0.351162 0.351172 0.000000 0.000000
0.000000 0.000000 0.354435 0.354433 0.354414 0.354382 0.354363 0.354340 0.354342 0.354335 0.354340 0.354339 0.354345 0.354344 0.354356 0.354378 0.354394 0.354407 0.354413 0.000000 0.000000
0.000000 0.000000 0.358844 0.358837 0.358828 0.358799 0.358764 0.358722 0.358722 0.358717 0.358718 0.358720 0.358721 0.358721 0.358758 0.358790 0.358807 0.358820 0.358829 0.000000 0.000000
0.000000 0.000000 0.364067 0.364061 0.364051 0.364016 0.363983 0.363938 0.363938 0.363932 0.363933 0.363931 0.363928 0.363937 0.363976 0.364005 0.364033 0.364042 0.364056 0.000000 0.000000
0.000000 0.000000 0.369683 0.369671 0.369655 0.369632 0.369593 0.369548 0.369551 0.369541 0.369539 0.369538 0.369539 0.369537 0.369584 0.369622 0.369644 0.369654 0.369666 0.000000 0.000000
0.000000 0.000000 0.375727 0.375713 0.375704 0.375680 0.375624 0.375583 0.375583 0.375578 0.375571 0.375577 0.375584 0.375581 0.375621 0.375666 0.375693 0.375702 0.375711 0.000000 0.000000
0.000000 0.000000 0.382429 0.382421 0.382409 0.382355 0.382318 0.382265 0.382280 0.382248 0.382256 0.382253 0.382243 0.382261 0.382302 0.382328 0.382365 0.382383 0.382409 0.000000 0.000000
0.000000 0.000000 0.390003 0.389978 0.389954 0.389924 0.389874 0.389812 0.389805 0.389802 0.389817 0.389792 0.389803 0.389803 0.389875 0.389914 0.389937 0.389951 0.390012 0.000000 0.000000
0.000000 0.000000 0.398346 0.398320 0.398317 0.398260 0.398222 0.398034 0.398030 0.398023 0.397967 0.398002 0.398010 0.398027 0.398175 0.398210 0.398285 0.398289 0.398317 0.000000 0.000000
0.000000 0.000000 0.408382 0.408375 0.408330 0.408293 0.408034 0.408083 0.408032 0.408034 0.408060 0.408037 0.408033 0.408012 0.407973 0.408245 0.408275 0.408345 0.408391 0.000000 0.000000
0.000000 0.000000 0.420375 0.420345 0.420292 0.419950 0.420015 0.419844 0.419776 0.419760 0.419698 0.419664 0.419704 0.419698 0.419872 0.419819 0.420268 0.420184 0.420185 0.000000 0.000000
0.000000 0.000000 0.433307 0.433284 0.432798 0.432982 0.432925 0.432915 0.433114 0.433059 0.433168 0.433141 0.433057 0.433176 0.433158 0.433198 0.432761 0.433485 0.433476 0.000000 0.000000
0.000000 0.000000 0.448679 0.447974 0.448198 0.447895 0.447542 0.447441 0.447215 0.447270 0.447043 0.447071 0.447206 0.447064 0.447254 0.447514 0.448180 0.447677 0.448414 0.000000 0.000000
0.000000 0.000000 0.452836 0.453486 0.454007 0.454018 0.454069 0.453557 0.453662 0.453507 0.453777 0.453725 0.453678 0.453770 0.454194 0.454156 0.454109 0.453726 0.453084 0.000000 0.000000
0.000000 0.000000 0.350000 0.350000 0.350000 0.350000 0.350000 0.350000 0.350000 0.350000 0.350000 0.350000 0.350000 0.350000 0.350000 0.350000 0.350000 0.350000 0.350000 0.000000 0.000000
0.000000 0.000000 0.000000 0.000000 0.000000 0.000000 0.000000 0.000000 0.000000 0.000000 0.000000 0.000000 0.000000 0.000000 0.000000 0.000000 0.000000 0.000000 0.000000 0.000000 0.000000