geotop/1.0zi/1.0Montebello/Templates/testdem/maps/_Eocsand4690.asc
ncols         21
nrows         20
xllcorner     100.000000
yllcorner     100.000000
cellsize      50.000000
NODATA_value  -9999.0
0.000000 0.000000 0.000000 0.000000 0.000000 0.000000 0.000000 0.000000 0.000000 0.000000 0.000000 0.000000 0.000000 0.000000 0.000000 0.000000 0.000000 0.000000 0.000000 0.000000 0.000000
0.000000 0.000000 0.300116 0.300116 0.300115 0.300115 0.300115 0.300115 0.300116 0.300115 0.300116 0.300116 0.300116 0.300116 0.300115 0.300115 0.300116 0.300116 0.300116 0.000000 0.000000
0.000000 0.000000 0.300006 0.300005 0.300005 0.300005 0.300005 0.300005 0.300005 0.300005 0.300005 0.300005 0.300005 0.300005 0.300005 0.300005 0.300007 0.300007 0.300006 0.000000 0.000000
0.000000 0.000000 0.299974 0.299973 0.299975 0.299979 0.299976 0.299979 0.299976 0.299977 0.299977 0.299978 0.299978 0.299980 0.299976 0.299972 0.299973 0.299971 0.299973 0.000000 0.000000
0.000000 0.000000 0.299276 0.299274 0.299275 0.299285 0.299296 0.299301 0.299302 0.299306 0.299308 0.299303 0.299306 0.299304 0.299295 0.299294 0.299289 0.299280 0.299274 0.000000 0.000000
0.000000 0.000000 0.296861 0.296855 0.296865 0.296892 0.296903 0.296931 0.296935 0.296945 0.296936 0.296933 0.296925 0.296925 0.296919 0.296903 0.296891 0.296882 0.296873 0.000000 0.000000
0.000000 0.000000 0.293169 0.293173 0.293181 0.293210 0.293241 0.293280 0.293279 0.293286 0.293279 0.293280 0.293281 0.293276 0.293249 0.293216 0.293202 0.293188 0.293176 0.000000 0.000000
0.000000 0.000000 0.288817 0.288821 0.288823 0.288853 0.288887 0.288925 0.288923 0.288931 0.288929 0.288928 0.288931 0.288929 0.288893 0.288858 0.288839 0.288832 0.288819 0.000000 0.000000
0.000000 0.000000 0.284386 0.284393 0.284403 0.284424 0.284456 0.284499 0.284496 0.284505 0.284504 0.284501 0.284505 0.284502 0.284468 0.284429 0.284414 0.284405 0.284388 0.000000 0.000000
0.000000 0.000000 0.279970 0.279977 0.279983 0.280005 0.280042 0.280081 0.280076 0.280083 0.280081 0.280079 0.280085 0.280086 0.280047 0.280009 0.279994 0.279986 0.279973 0.000000 0.000000
0.000000 0.000000 0.275490 0.275498 0.275503 0.275521 0.275549 0.275596 0.275591 0.275602 0.275601 0.275598 0.275603 0.275603 0.275570 0.275540 0.275521 0.275512 0.275496 0.000000 0.000000
0.000000 0.000000 0.270854 0.270860 0.270870 0.270896 0.270925 0.270971 0.270972 0.270978 0.270977 0.270977 0.270980 0.270982 0.270939 0.270905 0.270886 0.270879 0.270831 0.000000 0.000000
0.000000 0.000000 0.266152 0.266160 0.266170 0.266189 0.266225 0.266320 0.266319 0.266328 0.266328 0.266326 0.266332 0.266330 0.266248 0.266207 0.266189 0.266180 0.266151 0.000000 0.000000
0.000000 0.000000 0.261163 0.261179 0.261184 0.261205 0.261303 0.261329 0.261344 0.261351 0.261349 0.261348 0.261355 0.261355 0.261327 0.261230 0.261210 0.261190 0.261172 0.000000 0.000000
0.000000 0.000000 0.255775 0.255786 0.255811 0.255897 0.255943 0.256004 0.256034 0.256044 0.256057 0.256057 0.256054 0.256064 0.256017 0.255949 0.255842 0.255846 0.255830 0.000000 0.000000
0.000000 0.000000 0.250198 0.250210 0.250314 0.250332 0.250362 0.250393 0.250396 0.250399 0.250392 0.250393 0.250408 0.250389 0.250374 0.250344 0.250343 0.250227 0.250199 0.000000 0.000000
0.000000 0.000000 0.243980 0.244120 0.244204 0.244244 0.244317 0.244357 0.244366 0.244372 0.244386 0.244384 0.244384 0.244395 0.244366 0.244282 0.244227 0.244171 0.244030 0.000000 0.000000
0.000000 0.000000 0.239153 0.239180 0.239088 0.239139 0.239202 0.239341 0.239354 0.239369 0.239361 0.239361 0.239371 0.239361 0.239235 0.239164 0.239085 0.239204 0.239151 0.000000 0.000000
0.000000 0.000000 0.300000 0.300000 0.300000 0.300000 0.300000 0.300000 0.300000 0.300000 0.300000 0.300000 0.300000 0.300000 0.300000 0.300000 0.300000 0.300000 0.300000 0.000000 0.000000
0.000000 0.000000 0.000000 0.000000 0.000000 0.000000 0.000000 0.000000 0.000000 0.000000 0.000000 0.000000 0.000000 0.000000 0.000000 0.000000 0.000000 0.000000 0.000000 0.000000 0.000000