geotop/1.0zi/1.0Montebello/Templates/testdem/maps/_Eocsand3550.asc
ncols         21
nrows         20
xllcorner     100.000000
yllcorner     100.000000
cellsize      50.000000
NODATA_value  -9999.0
0.000000 0.000000 0.000000 0.000000 0.000000 0.000000 0.000000 0.000000 0.000000 0.000000 0.000000 0.000000 0.000000 0.000000 0.000000 0.000000 0.000000 0.000000 0.000000 0.000000 0.000000
0.000000 0.000000 0.300093 0.300093 0.300093 0.300094 0.300093 0.300093 0.300093 0.300093 0.300095 0.300093 0.300093 0.300093 0.300093 0.300094 0.300093 0.300093 0.300093 0.000000 0.000000
0.000000 0.000000 0.300010 0.300011 0.300011 0.300010 0.300011 0.300010 0.300010 0.300011 0.300009 0.300011 0.300010 0.300010 0.300011 0.300010 0.300011 0.300011 0.300010 0.000000 0.000000
0.000000 0.000000 0.297317 0.297318 0.297323 0.297321 0.297318 0.297318 0.297318 0.297317 0.297317 0.297317 0.297318 0.297318 0.297318 0.297321 0.297323 0.297318 0.297317 0.000000 0.000000
0.000000 0.000000 0.286935 0.286937 0.286941 0.286940 0.286934 0.286937 0.286937 0.286935 0.286934 0.286935 0.286937 0.286937 0.286934 0.286940 0.286941 0.286937 0.286935 0.000000 0.000000
0.000000 0.000000 0.274800 0.274802 0.274805 0.274805 0.274800 0.274802 0.274802 0.274800 0.274799 0.274800 0.274802 0.274802 0.274800 0.274805 0.274805 0.274802 0.274800 0.000000 0.000000
0.000000 0.000000 0.263626 0.263627 0.263630 0.263629 0.263625 0.263627 0.263627 0.263626 0.263625 0.263626 0.263627 0.263627 0.263625 0.263629 0.263630 0.263627 0.263626 0.000000 0.000000
0.000000 0.000000 0.253501 0.253502 0.253505 0.253504 0.253501 0.253502 0.253502 0.253501 0.253500 0.253501 0.253502 0.253502 0.253501 0.253504 0.253505 0.253502 0.253501 0.000000 0.000000
0.000000 0.000000 0.244163 0.244164 0.244167 0.244166 0.244163 0.244165 0.244165 0.244163 0.244162 0.244163 0.244165 0.244165 0.244163 0.244166 0.244167 0.244164 0.244163 0.000000 0.000000
0.000000 0.000000 0.235394 0.235395 0.235397 0.235397 0.235394 0.235395 0.235395 0.235394 0.235393 0.235394 0.235395 0.235395 0.235394 0.235397 0.235397 0.235395 0.235394 0.000000 0.000000
0.000000 0.000000 0.227079 0.227080 0.227082 0.227081 0.227079 0.227080 0.227080 0.227079 0.227078 0.227079 0.227080 0.227080 0.227079 0.227081 0.227082 0.227080 0.227079 0.000000 0.000000
0.000000 0.000000 0.219137 0.219138 0.219140 0.219139 0.219137 0.219138 0.219138 0.219137 0.219136 0.219137 0.219138 0.219138 0.219137 0.219139 0.219140 0.219138 0.219137 0.000000 0.000000
0.000000 0.000000 0.211508 0.211509 0.211511 0.211510 0.211508 0.211509 0.211509 0.211508 0.211507 0.211508 0.211509 0.211509 0.211508 0.211510 0.211511 0.211509 0.211508 0.000000 0.000000
0.000000 0.000000 0.204135 0.204135 0.204138 0.204137 0.204134 0.204136 0.204136 0.204135 0.204134 0.204135 0.204136 0.204136 0.204134 0.204137 0.204138 0.204135 0.204135 0.000000 0.000000
0.000000 0.000000 0.196995 0.196995 0.196997 0.196997 0.196994 0.196996 0.196996 0.196995 0.196994 0.196995 0.196996 0.196996 0.196994 0.196997 0.196997 0.196995 0.196995 0.000000 0.000000
0.000000 0.000000 0.190078 0.190078 0.190080 0.190080 0.190077 0.190079 0.190079 0.190078 0.190077 0.190078 0.190079 0.190079 0.190077 0.190080 0.190080 0.190078 0.190078 0.000000 0.000000
0.000000 0.000000 0.183358 0.183359 0.183361 0.183360 0.183358 0.183359 0.183359 0.183358 0.183357 0.183358 0.183359 0.183359 0.183358 0.183360 0.183361 0.183359 0.183358 0.000000 0.000000
0.000000 0.000000 0.176733 0.176733 0.176735 0.176734 0.176732 0.176733 0.176733 0.176732 0.176732 0.176732 0.176733 0.176733 0.176732 0.176734 0.176735 0.176733 0.176733 0.000000 0.000000
0.000000 0.000000 0.300000 0.300000 0.300000 0.300000 0.300000 0.300000 0.300000 0.300000 0.300000 0.300000 0.300000 0.300000 0.300000 0.300000 0.300000 0.300000 0.300000 0.000000 0.000000
0.000000 0.000000 0.000000 0.000000 0.000000 0.000000 0.000000 0.000000 0.000000 0.000000 0.000000 0.000000 0.000000 0.000000 0.000000 0.000000 0.000000 0.000000 0.000000 0.000000 0.000000