geotop/1.0zi/1.0Montebello/Templates/testdem/maps/_Eocsand3993.asc
ncols         21
nrows         20
xllcorner     100.000000
yllcorner     100.000000
cellsize      50.000000
NODATA_value  -9999.0
0.000000 0.000000 0.000000 0.000000 0.000000 0.000000 0.000000 0.000000 0.000000 0.000000 0.000000 0.000000 0.000000 0.000000 0.000000 0.000000 0.000000 0.000000 0.000000 0.000000 0.000000
0.000000 0.000000 0.300103 0.300102 0.300102 0.300102 0.300102 0.300102 0.300102 0.300102 0.300102 0.300102 0.300102 0.300102 0.300102 0.300102 0.300102 0.300102 0.300102 0.000000 0.000000
0.000000 0.000000 0.300005 0.300004 0.300004 0.300004 0.300003 0.300003 0.300003 0.300003 0.300004 0.300004 0.300003 0.300003 0.300004 0.300004 0.300005 0.300005 0.300005 0.000000 0.000000
0.000000 0.000000 0.299974 0.299974 0.299976 0.299980 0.299977 0.299979 0.299977 0.299978 0.299978 0.299979 0.299979 0.299981 0.299976 0.299973 0.299973 0.299972 0.299974 0.000000 0.000000
0.000000 0.000000 0.299290 0.299285 0.299289 0.299287 0.299295 0.299299 0.299300 0.299303 0.299305 0.299300 0.299304 0.299304 0.299299 0.299299 0.299300 0.299295 0.299290 0.000000 0.000000
0.000000 0.000000 0.297076 0.297074 0.297081 0.297092 0.297096 0.297116 0.297117 0.297126 0.297118 0.297116 0.297112 0.297119 0.297121 0.297111 0.297103 0.297099 0.297093 0.000000 0.000000
0.000000 0.000000 0.293786 0.293789 0.293795 0.293813 0.293832 0.293863 0.293861 0.293867 0.293861 0.293863 0.293867 0.293870 0.293850 0.293823 0.293811 0.293805 0.293794 0.000000 0.000000
0.000000 0.000000 0.290012 0.290016 0.290024 0.290048 0.290069 0.290101 0.290097 0.290103 0.290103 0.290104 0.290110 0.290116 0.290084 0.290056 0.290038 0.290034 0.290024 0.000000 0.000000
0.000000 0.000000 0.286230 0.286237 0.286250 0.286266 0.286288 0.286325 0.286322 0.286329 0.286328 0.286327 0.286333 0.286336 0.286308 0.286275 0.286261 0.286255 0.286241 0.000000 0.000000
0.000000 0.000000 0.282474 0.282482 0.282492 0.282510 0.282538 0.282570 0.282565 0.282570 0.282570 0.282570 0.282576 0.282583 0.282550 0.282516 0.282503 0.282498 0.282487 0.000000 0.000000
0.000000 0.000000 0.278688 0.278695 0.278706 0.278719 0.278738 0.278778 0.278773 0.278782 0.278782 0.278780 0.278787 0.278792 0.278765 0.278741 0.278723 0.278717 0.278704 0.000000 0.000000
0.000000 0.000000 0.274790 0.274797 0.274810 0.274833 0.274853 0.274891 0.274891 0.274897 0.274897 0.274898 0.274902 0.274909 0.274872 0.274842 0.274827 0.274822 0.274778 0.000000 0.000000
0.000000 0.000000 0.270861 0.270869 0.270883 0.270900 0.270925 0.271003 0.271002 0.271010 0.271010 0.271010 0.271017 0.271021 0.270953 0.270918 0.270902 0.270897 0.270869 0.000000 0.000000
0.000000 0.000000 0.266728 0.266742 0.266754 0.266771 0.266846 0.266867 0.266879 0.266885 0.266884 0.266884 0.266892 0.266897 0.266874 0.266794 0.266777 0.266762 0.266746 0.000000 0.000000
0.000000 0.000000 0.262302 0.262313 0.262341 0.262408 0.262443 0.262490 0.262515 0.262524 0.262536 0.262537 0.262537 0.262551 0.262513 0.262455 0.262370 0.262375 0.262362 0.000000 0.000000
0.000000 0.000000 0.257764 0.257776 0.257864 0.257878 0.257897 0.257921 0.257925 0.257928 0.257925 0.257927 0.257941 0.257932 0.257920 0.257894 0.257891 0.257805 0.257783 0.000000 0.000000
0.000000 0.000000 0.252762 0.252867 0.252947 0.252976 0.253027 0.253054 0.253060 0.253065 0.253077 0.253077 0.253080 0.253093 0.253073 0.253008 0.252968 0.252922 0.252816 0.000000 0.000000
0.000000 0.000000 0.248805 0.248835 0.248777 0.248817 0.248863 0.248963 0.248974 0.248984 0.248981 0.248984 0.248993 0.248992 0.248901 0.248841 0.248778 0.248871 0.248823 0.000000 0.000000
0.000000 0.000000 0.300000 0.300000 0.300000 0.300000 0.300000 0.300000 0.300000 0.300000 0.300000 0.300000 0.300000 0.300000 0.300000 0.300000 0.300000 0.300000 0.300000 0.000000 0.000000
0.000000 0.000000 0.000000 0.000000 0.000000 0.000000 0.000000 0.000000 0.000000 0.000000 0.000000 0.000000 0.000000 0.000000 0.000000 0.000000 0.000000 0.000000 0.000000 0.000000 0.000000