geotop/1.0zi/1.0Montebello/Templates/testdem/maps/_Eocclay5353.asc
ncols         21
nrows         20
xllcorner     100.000000
yllcorner     100.000000
cellsize      50.000000
NODATA_value  -9999.0
0.000000 0.000000 0.000000 0.000000 0.000000 0.000000 0.000000 0.000000 0.000000 0.000000 0.000000 0.000000 0.000000 0.000000 0.000000 0.000000 0.000000 0.000000 0.000000 0.000000 0.000000
0.000000 0.000000 0.349761 0.349761 0.349761 0.349761 0.349762 0.349762 0.349761 0.349761 0.349761 0.349761 0.349761 0.349761 0.349761 0.349761 0.349761 0.349761 0.349761 0.000000 0.000000
0.000000 0.000000 0.349990 0.349990 0.349990 0.349990 0.349990 0.349990 0.349990 0.349990 0.349990 0.349989 0.349990 0.349990 0.349990 0.349990 0.349990 0.349990 0.349990 0.000000 0.000000
0.000000 0.000000 0.349989 0.349991 0.349989 0.349989 0.349991 0.349991 0.349991 0.349989 0.349991 0.349990 0.349990 0.349989 0.349991 0.349993 0.349991 0.349991 0.349990 0.000000 0.000000
0.000000 0.000000 0.350390 0.350390 0.350390 0.350386 0.350375 0.350372 0.350373 0.350375 0.350373 0.350375 0.350369 0.350369 0.350374 0.350372 0.350377 0.350379 0.350381 0.000000 0.000000
0.000000 0.000000 0.351829 0.351832 0.351827 0.351809 0.351805 0.351790 0.351789 0.351785 0.351789 0.351789 0.351792 0.351793 0.351795 0.351806 0.351811 0.351822 0.351826 0.000000 0.000000
0.000000 0.000000 0.353937 0.353935 0.353934 0.353919 0.353901 0.353876 0.353876 0.353873 0.353875 0.353877 0.353878 0.353876 0.353893 0.353912 0.353921 0.353929 0.353935 0.000000 0.000000
0.000000 0.000000 0.356498 0.356498 0.356497 0.356479 0.356461 0.356435 0.356435 0.356433 0.356434 0.356434 0.356432 0.356436 0.356455 0.356470 0.356484 0.356489 0.356497 0.000000 0.000000
0.000000 0.000000 0.359084 0.359081 0.359076 0.359067 0.359049 0.359023 0.359025 0.359020 0.359018 0.359020 0.359020 0.359017 0.359040 0.359058 0.359070 0.359073 0.359080 0.000000 0.000000
0.000000 0.000000 0.361688 0.361683 0.361683 0.361676 0.361649 0.361626 0.361628 0.361625 0.361622 0.361626 0.361629 0.361626 0.361644 0.361665 0.361678 0.361680 0.361685 0.000000 0.000000
0.000000 0.000000 0.364376 0.364374 0.364374 0.364356 0.364338 0.364313 0.364318 0.364306 0.364306 0.364308 0.364305 0.364312 0.364325 0.364338 0.364353 0.364360 0.364371 0.000000 0.000000
0.000000 0.000000 0.367176 0.367170 0.367164 0.367150 0.367136 0.367105 0.367107 0.367099 0.367107 0.367100 0.367101 0.367103 0.367129 0.367141 0.367151 0.367155 0.367184 0.000000 0.000000
0.000000 0.000000 0.370034 0.370028 0.370027 0.370012 0.369999 0.369939 0.369939 0.369934 0.369922 0.369929 0.369934 0.369938 0.369981 0.369991 0.370014 0.370015 0.370037 0.000000 0.000000
0.000000 0.000000 0.373108 0.373105 0.373098 0.373089 0.373033 0.373017 0.373003 0.373003 0.372997 0.373000 0.373001 0.372999 0.373006 0.373061 0.373081 0.373095 0.373116 0.000000 0.000000
0.000000 0.000000 0.376467 0.376464 0.376451 0.376395 0.376376 0.376343 0.376318 0.376315 0.376304 0.376299 0.376306 0.376300 0.376324 0.376352 0.376436 0.376430 0.376443 0.000000 0.000000
0.000000 0.000000 0.379993 0.379988 0.379918 0.379902 0.379896 0.379874 0.379886 0.379878 0.379883 0.379874 0.379866 0.379881 0.379893 0.379902 0.379903 0.379994 0.379997 0.000000 0.000000
0.000000 0.000000 0.383975 0.383880 0.383839 0.383810 0.383766 0.383741 0.383736 0.383733 0.383713 0.383709 0.383717 0.383715 0.383740 0.383774 0.383829 0.383861 0.383956 0.000000 0.000000
0.000000 0.000000 0.386982 0.386975 0.387056 0.387030 0.386996 0.386905 0.386902 0.386882 0.386892 0.386887 0.386894 0.386896 0.386979 0.387001 0.387068 0.386982 0.386996 0.000000 0.000000
0.000000 0.000000 0.350000 0.350000 0.350000 0.350000 0.350000 0.350000 0.350000 0.350000 0.350000 0.350000 0.350000 0.350000 0.350000 0.350000 0.350000 0.350000 0.350000 0.000000 0.000000
0.000000 0.000000 0.000000 0.000000 0.000000 0.000000 0.000000 0.000000 0.000000 0.000000 0.000000 0.000000 0.000000 0.000000 0.000000 0.000000 0.000000 0.000000 0.000000 0.000000 0.000000