geotop/1.0zi/1.0Montebello/Templates/testdem/maps/_Eocsilt3414.asc
ncols         21
nrows         20
xllcorner     100.000000
yllcorner     100.000000
cellsize      50.000000
NODATA_value  -9999.0
0.000000 0.000000 0.000000 0.000000 0.000000 0.000000 0.000000 0.000000 0.000000 0.000000 0.000000 0.000000 0.000000 0.000000 0.000000 0.000000 0.000000 0.000000 0.000000 0.000000 0.000000
0.000000 0.000000 0.350092 0.350092 0.350092 0.350092 0.350092 0.350092 0.350092 0.350092 0.350091 0.350092 0.350092 0.350092 0.350092 0.350092 0.350092 0.350092 0.350092 0.000000 0.000000
0.000000 0.000000 0.349994 0.349993 0.349994 0.349994 0.349994 0.349994 0.349994 0.349994 0.349994 0.349994 0.349994 0.349994 0.349994 0.349994 0.349994 0.349993 0.349994 0.000000 0.000000
0.000000 0.000000 0.351365 0.351365 0.351362 0.351363 0.351365 0.351365 0.351365 0.351365 0.351366 0.351365 0.351365 0.351365 0.351365 0.351363 0.351362 0.351365 0.351365 0.000000 0.000000
0.000000 0.000000 0.356212 0.356211 0.356209 0.356210 0.356212 0.356211 0.356211 0.356212 0.356213 0.356212 0.356211 0.356211 0.356212 0.356210 0.356209 0.356211 0.356212 0.000000 0.000000
0.000000 0.000000 0.362150 0.362150 0.362148 0.362148 0.362151 0.362150 0.362150 0.362151 0.362151 0.362151 0.362150 0.362150 0.362151 0.362148 0.362148 0.362150 0.362150 0.000000 0.000000
0.000000 0.000000 0.367525 0.367524 0.367523 0.367523 0.367525 0.367524 0.367524 0.367525 0.367526 0.367525 0.367524 0.367524 0.367525 0.367523 0.367523 0.367524 0.367525 0.000000 0.000000
0.000000 0.000000 0.372380 0.372379 0.372378 0.372378 0.372380 0.372379 0.372379 0.372380 0.372380 0.372380 0.372379 0.372379 0.372380 0.372378 0.372378 0.372379 0.372380 0.000000 0.000000
0.000000 0.000000 0.376855 0.376855 0.376854 0.376854 0.376856 0.376855 0.376855 0.376856 0.376856 0.376856 0.376855 0.376855 0.376856 0.376854 0.376854 0.376855 0.376855 0.000000 0.000000
0.000000 0.000000 0.381059 0.381059 0.381057 0.381058 0.381059 0.381059 0.381059 0.381059 0.381060 0.381059 0.381059 0.381059 0.381059 0.381058 0.381057 0.381059 0.381059 0.000000 0.000000
0.000000 0.000000 0.385044 0.385044 0.385043 0.385043 0.385045 0.385044 0.385044 0.385045 0.385045 0.385045 0.385044 0.385044 0.385045 0.385043 0.385043 0.385044 0.385044 0.000000 0.000000
0.000000 0.000000 0.388851 0.388851 0.388849 0.388850 0.388851 0.388851 0.388851 0.388851 0.388852 0.388851 0.388851 0.388851 0.388851 0.388850 0.388849 0.388851 0.388851 0.000000 0.000000
0.000000 0.000000 0.392507 0.392507 0.392506 0.392506 0.392508 0.392507 0.392507 0.392508 0.392508 0.392508 0.392507 0.392507 0.392508 0.392506 0.392506 0.392507 0.392507 0.000000 0.000000
0.000000 0.000000 0.396043 0.396042 0.396041 0.396042 0.396043 0.396042 0.396042 0.396043 0.396043 0.396043 0.396042 0.396042 0.396043 0.396042 0.396041 0.396042 0.396043 0.000000 0.000000
0.000000 0.000000 0.399467 0.399467 0.399466 0.399466 0.399467 0.399467 0.399467 0.399467 0.399468 0.399467 0.399467 0.399467 0.399467 0.399466 0.399466 0.399467 0.399467 0.000000 0.000000
0.000000 0.000000 0.402786 0.402786 0.402785 0.402785 0.402786 0.402786 0.402786 0.402786 0.402787 0.402786 0.402786 0.402786 0.402786 0.402785 0.402785 0.402786 0.402786 0.000000 0.000000
0.000000 0.000000 0.406011 0.406011 0.406010 0.406011 0.406012 0.406011 0.406011 0.406012 0.406012 0.406012 0.406011 0.406011 0.406012 0.406011 0.406010 0.406011 0.406011 0.000000 0.000000
0.000000 0.000000 0.409200 0.409200 0.409199 0.409200 0.409201 0.409200 0.409200 0.409201 0.409201 0.409201 0.409200 0.409200 0.409201 0.409200 0.409199 0.409200 0.409200 0.000000 0.000000
0.000000 0.000000 0.350000 0.350000 0.350000 0.350000 0.350000 0.350000 0.350000 0.350000 0.350000 0.350000 0.350000 0.350000 0.350000 0.350000 0.350000 0.350000 0.350000 0.000000 0.000000
0.000000 0.000000 0.000000 0.000000 0.000000 0.000000 0.000000 0.000000 0.000000 0.000000 0.000000 0.000000 0.000000 0.000000 0.000000 0.000000 0.000000 0.000000 0.000000 0.000000 0.000000