geotop/1.0zi/1.0Montebello/Templates/testdem/maps/_Eocclay9140.asc
ncols         21
nrows         20
xllcorner     100.000000
yllcorner     100.000000
cellsize      50.000000
NODATA_value  -9999.0
0.000000 0.000000 0.000000 0.000000 0.000000 0.000000 0.000000 0.000000 0.000000 0.000000 0.000000 0.000000 0.000000 0.000000 0.000000 0.000000 0.000000 0.000000 0.000000 0.000000 0.000000
0.000000 0.000000 0.349573 0.349576 0.349575 0.349575 0.349576 0.349577 0.349576 0.349576 0.349575 0.349576 0.349576 0.349576 0.349576 0.349576 0.349574 0.349574 0.349575 0.000000 0.000000
0.000000 0.000000 0.349982 0.349981 0.349980 0.349983 0.349980 0.349980 0.349981 0.349980 0.349980 0.349980 0.349981 0.349980 0.349981 0.349981 0.349982 0.349981 0.349980 0.000000 0.000000
0.000000 0.000000 0.350022 0.350027 0.350025 0.350022 0.350023 0.350024 0.350028 0.350025 0.350028 0.350026 0.350027 0.350025 0.350027 0.350029 0.350027 0.350026 0.350024 0.000000 0.000000
0.000000 0.000000 0.351242 0.351235 0.351228 0.351219 0.351201 0.351201 0.351196 0.351198 0.351196 0.351198 0.351197 0.351199 0.351208 0.351212 0.351222 0.351223 0.351233 0.000000 0.000000
0.000000 0.000000 0.354749 0.354743 0.354720 0.354690 0.354663 0.354637 0.354641 0.354634 0.354636 0.354635 0.354640 0.354639 0.354652 0.354679 0.354692 0.354701 0.354707 0.000000 0.000000
0.000000 0.000000 0.359457 0.359446 0.359432 0.359403 0.359366 0.359314 0.359316 0.359311 0.359310 0.359311 0.359312 0.359313 0.359354 0.359385 0.359402 0.359412 0.359420 0.000000 0.000000
0.000000 0.000000 0.365037 0.365025 0.365011 0.364974 0.364936 0.364889 0.364891 0.364885 0.364884 0.364881 0.364878 0.364888 0.364926 0.364957 0.364986 0.364991 0.365005 0.000000 0.000000
0.000000 0.000000 0.371064 0.371049 0.371029 0.371004 0.370959 0.370908 0.370913 0.370903 0.370898 0.370895 0.370897 0.370896 0.370947 0.370985 0.371007 0.371013 0.371025 0.000000 0.000000
0.000000 0.000000 0.377627 0.377606 0.377591 0.377563 0.377503 0.377455 0.377457 0.377450 0.377441 0.377446 0.377452 0.377450 0.377492 0.377541 0.377568 0.377574 0.377581 0.000000 0.000000
0.000000 0.000000 0.384977 0.384961 0.384948 0.384884 0.384845 0.384782 0.384798 0.384763 0.384769 0.384764 0.384752 0.384773 0.384818 0.384847 0.384884 0.384896 0.384927 0.000000 0.000000
0.000000 0.000000 0.393388 0.393356 0.393319 0.393287 0.393232 0.393155 0.393156 0.393150 0.393165 0.393133 0.393147 0.393146 0.393225 0.393268 0.393288 0.393296 0.393361 0.000000 0.000000
0.000000 0.000000 0.402747 0.402716 0.402707 0.402637 0.402591 0.402370 0.402369 0.402358 0.402289 0.402329 0.402336 0.402358 0.402526 0.402566 0.402644 0.402645 0.402670 0.000000 0.000000
0.000000 0.000000 0.414192 0.414179 0.414116 0.414071 0.413763 0.413839 0.413778 0.413779 0.413812 0.413778 0.413772 0.413746 0.413676 0.414007 0.414029 0.414101 0.414153 0.000000 0.000000
0.000000 0.000000 0.427825 0.427782 0.427712 0.427302 0.427417 0.427191 0.427118 0.427096 0.427014 0.426975 0.427020 0.427019 0.427232 0.427131 0.427666 0.427545 0.427538 0.000000 0.000000
0.000000 0.000000 0.442003 0.441970 0.441405 0.441657 0.441579 0.441584 0.441826 0.441759 0.441886 0.441858 0.441754 0.441893 0.441843 0.441907 0.441333 0.442171 0.442158 0.000000 0.000000
0.000000 0.000000 0.457592 0.456890 0.457145 0.456826 0.456478 0.456370 0.456130 0.456188 0.455948 0.455976 0.456115 0.455968 0.456158 0.456414 0.457105 0.456541 0.457266 0.000000 0.000000
0.000000 0.000000 0.461637 0.462179 0.462649 0.462640 0.462667 0.462203 0.462289 0.462152 0.462380 0.462333 0.462296 0.462373 0.462753 0.462734 0.462714 0.462343 0.461802 0.000000 0.000000
0.000000 0.000000 0.350000 0.350000 0.350000 0.350000 0.350000 0.350000 0.350000 0.350000 0.350000 0.350000 0.350000 0.350000 0.350000 0.350000 0.350000 0.350000 0.350000 0.000000 0.000000
0.000000 0.000000 0.000000 0.000000 0.000000 0.000000 0.000000 0.000000 0.000000 0.000000 0.000000 0.000000 0.000000 0.000000 0.000000 0.000000 0.000000 0.000000 0.000000 0.000000 0.000000