geotop/1.0zi/1.0Montebello/Templates/testdem/maps/_Eocsand6282.asc
ncols         21
nrows         20
xllcorner     100.000000
yllcorner     100.000000
cellsize      50.000000
NODATA_value  -9999.0
0.000000 0.000000 0.000000 0.000000 0.000000 0.000000 0.000000 0.000000 0.000000 0.000000 0.000000 0.000000 0.000000 0.000000 0.000000 0.000000 0.000000 0.000000 0.000000 0.000000 0.000000
0.000000 0.000000 0.300155 0.300153 0.300153 0.300154 0.300153 0.300152 0.300153 0.300153 0.300154 0.300153 0.300153 0.300153 0.300153 0.300153 0.300154 0.300154 0.300154 0.000000 0.000000
0.000000 0.000000 0.300008 0.300009 0.300009 0.300008 0.300009 0.300009 0.300009 0.300009 0.300009 0.300009 0.300008 0.300009 0.300009 0.300009 0.300010 0.300010 0.300011 0.000000 0.000000
0.000000 0.000000 0.299966 0.299965 0.299969 0.299974 0.299971 0.299973 0.299970 0.299972 0.299969 0.299972 0.299972 0.299972 0.299970 0.299965 0.299965 0.299962 0.299963 0.000000 0.000000
0.000000 0.000000 0.298832 0.298826 0.298832 0.298840 0.298856 0.298864 0.298865 0.298865 0.298869 0.298869 0.298872 0.298869 0.298857 0.298854 0.298849 0.298838 0.298827 0.000000 0.000000
0.000000 0.000000 0.295377 0.295374 0.295387 0.295424 0.295443 0.295480 0.295481 0.295490 0.295483 0.295479 0.295475 0.295478 0.295467 0.295445 0.295426 0.295411 0.295400 0.000000 0.000000
0.000000 0.000000 0.290192 0.290196 0.290208 0.290247 0.290293 0.290346 0.290346 0.290353 0.290350 0.290348 0.290351 0.290348 0.290306 0.290262 0.290241 0.290221 0.290205 0.000000 0.000000
0.000000 0.000000 0.283900 0.283900 0.283907 0.283949 0.283994 0.284053 0.284052 0.284058 0.284059 0.284060 0.284064 0.284055 0.284007 0.283966 0.283931 0.283922 0.283900 0.000000 0.000000
0.000000 0.000000 0.277353 0.277361 0.277381 0.277406 0.277451 0.277514 0.277511 0.277523 0.277528 0.277527 0.277527 0.277530 0.277470 0.277424 0.277392 0.277382 0.277362 0.000000 0.000000
0.000000 0.000000 0.270693 0.270703 0.270712 0.270733 0.270797 0.270853 0.270850 0.270858 0.270866 0.270859 0.270850 0.270858 0.270808 0.270754 0.270721 0.270715 0.270700 0.000000 0.000000
0.000000 0.000000 0.263761 0.263766 0.263775 0.263822 0.263865 0.263927 0.263914 0.263945 0.263945 0.263942 0.263951 0.263932 0.263893 0.263859 0.263822 0.263802 0.263772 0.000000 0.000000
0.000000 0.000000 0.256412 0.256424 0.256446 0.256481 0.256522 0.256598 0.256597 0.256612 0.256596 0.256615 0.256612 0.256605 0.256533 0.256500 0.256474 0.256462 0.256389 0.000000 0.000000
0.000000 0.000000 0.248787 0.248804 0.248815 0.248854 0.248890 0.249050 0.249052 0.249065 0.249100 0.249082 0.249070 0.249057 0.248937 0.248904 0.248844 0.248839 0.248788 0.000000 0.000000
0.000000 0.000000 0.240414 0.240423 0.240450 0.240478 0.240640 0.240674 0.240711 0.240712 0.240722 0.240717 0.240720 0.240726 0.240706 0.240540 0.240491 0.240450 0.240398 0.000000 0.000000
0.000000 0.000000 0.231078 0.231086 0.231125 0.231302 0.231348 0.231443 0.231504 0.231515 0.231546 0.231569 0.231545 0.231556 0.231478 0.231411 0.231165 0.231187 0.231155 0.000000 0.000000
0.000000 0.000000 0.221088 0.221099 0.221338 0.221364 0.221376 0.221433 0.221378 0.221409 0.221382 0.221409 0.221438 0.221385 0.221348 0.221329 0.221371 0.221066 0.221060 0.000000 0.000000
0.000000 0.000000 0.209421 0.209751 0.209836 0.209934 0.210097 0.210165 0.210203 0.210202 0.210281 0.210284 0.210248 0.210270 0.210182 0.210059 0.209861 0.209833 0.209488 0.000000 0.000000
0.000000 0.000000 0.201401 0.201327 0.201020 0.201091 0.201187 0.201493 0.201496 0.201568 0.201507 0.201526 0.201511 0.201498 0.201215 0.201145 0.200970 0.201280 0.201332 0.000000 0.000000
0.000000 0.000000 0.300000 0.300000 0.300000 0.300000 0.300000 0.300000 0.300000 0.300000 0.300000 0.300000 0.300000 0.300000 0.300000 0.300000 0.300000 0.300000 0.300000 0.000000 0.000000
0.000000 0.000000 0.000000 0.000000 0.000000 0.000000 0.000000 0.000000 0.000000 0.000000 0.000000 0.000000 0.000000 0.000000 0.000000 0.000000 0.000000 0.000000 0.000000 0.000000 0.000000