geotop/1.0zi/1.0Montebello/Templates/testdem/maps/_Eocclay3785.asc
ncols         21
nrows         20
xllcorner     100.000000
yllcorner     100.000000
cellsize      50.000000
NODATA_value  -9999.0
0.000000 0.000000 0.000000 0.000000 0.000000 0.000000 0.000000 0.000000 0.000000 0.000000 0.000000 0.000000 0.000000 0.000000 0.000000 0.000000 0.000000 0.000000 0.000000 0.000000 0.000000
0.000000 0.000000 0.349828 0.349829 0.349829 0.349829 0.349829 0.349829 0.349829 0.349829 0.349829 0.349829 0.349829 0.349829 0.349829 0.349829 0.349829 0.349829 0.349829 0.000000 0.000000
0.000000 0.000000 0.349994 0.349994 0.349994 0.349994 0.349994 0.349994 0.349994 0.349994 0.349994 0.349994 0.349994 0.349994 0.349994 0.349994 0.349994 0.349994 0.349994 0.000000 0.000000
0.000000 0.000000 0.349996 0.349996 0.349995 0.349996 0.349998 0.349999 0.349999 0.349998 0.349999 0.349998 0.349997 0.349996 0.349997 0.349997 0.349997 0.349997 0.349996 0.000000 0.000000
0.000000 0.000000 0.350335 0.350338 0.350337 0.350333 0.350327 0.350322 0.350323 0.350322 0.350323 0.350324 0.350322 0.350323 0.350330 0.350329 0.350330 0.350330 0.350333 0.000000 0.000000
0.000000 0.000000 0.351464 0.351467 0.351462 0.351454 0.351448 0.351440 0.351440 0.351434 0.351439 0.351439 0.351443 0.351444 0.351442 0.351448 0.351451 0.351455 0.351459 0.000000 0.000000
0.000000 0.000000 0.353073 0.353072 0.353067 0.353055 0.353039 0.353018 0.353017 0.353014 0.353017 0.353017 0.353019 0.353025 0.353042 0.353056 0.353062 0.353064 0.353067 0.000000 0.000000
0.000000 0.000000 0.354847 0.354848 0.354843 0.354826 0.354808 0.354788 0.354789 0.354786 0.354787 0.354787 0.354789 0.354794 0.354814 0.354827 0.354833 0.354835 0.354840 0.000000 0.000000
0.000000 0.000000 0.356627 0.356626 0.356618 0.356605 0.356588 0.356566 0.356567 0.356563 0.356564 0.356565 0.356567 0.356573 0.356591 0.356607 0.356613 0.356614 0.356620 0.000000 0.000000
0.000000 0.000000 0.358393 0.358391 0.358384 0.358371 0.358350 0.358330 0.358332 0.358329 0.358330 0.358330 0.358332 0.358336 0.358357 0.358373 0.358379 0.358380 0.358385 0.000000 0.000000
0.000000 0.000000 0.360182 0.360180 0.360174 0.360163 0.360146 0.360123 0.360124 0.360119 0.360120 0.360121 0.360123 0.360128 0.360146 0.360157 0.360165 0.360167 0.360173 0.000000 0.000000
0.000000 0.000000 0.362021 0.362019 0.362011 0.361996 0.361978 0.361956 0.361955 0.361952 0.361952 0.361952 0.361955 0.361959 0.361982 0.361995 0.362002 0.362004 0.362025 0.000000 0.000000
0.000000 0.000000 0.363869 0.363867 0.363858 0.363846 0.363825 0.363784 0.363784 0.363780 0.363780 0.363781 0.363783 0.363789 0.363826 0.363842 0.363849 0.363851 0.363864 0.000000 0.000000
0.000000 0.000000 0.365810 0.365805 0.365798 0.365785 0.365741 0.365727 0.365720 0.365717 0.365718 0.365719 0.365721 0.365726 0.365742 0.365779 0.365786 0.365793 0.365800 0.000000 0.000000
0.000000 0.000000 0.367884 0.367880 0.367865 0.367830 0.367805 0.367778 0.367764 0.367760 0.367755 0.367755 0.367761 0.367762 0.367784 0.367812 0.367851 0.367848 0.367854 0.000000 0.000000
0.000000 0.000000 0.370005 0.370001 0.369959 0.369948 0.369930 0.369914 0.369910 0.369909 0.369911 0.369910 0.369910 0.369922 0.369932 0.369944 0.369945 0.369984 0.369994 0.000000 0.000000
0.000000 0.000000 0.372335 0.372289 0.372250 0.372232 0.372199 0.372181 0.372177 0.372175 0.372170 0.372171 0.372175 0.372178 0.372191 0.372221 0.372239 0.372260 0.372308 0.000000 0.000000
0.000000 0.000000 0.374192 0.374179 0.374203 0.374179 0.374148 0.374096 0.374090 0.374085 0.374087 0.374087 0.374089 0.374097 0.374144 0.374172 0.374201 0.374158 0.374181 0.000000 0.000000
0.000000 0.000000 0.350000 0.350000 0.350000 0.350000 0.350000 0.350000 0.350000 0.350000 0.350000 0.350000 0.350000 0.350000 0.350000 0.350000 0.350000 0.350000 0.350000 0.000000 0.000000
0.000000 0.000000 0.000000 0.000000 0.000000 0.000000 0.000000 0.000000 0.000000 0.000000 0.000000 0.000000 0.000000 0.000000 0.000000 0.000000 0.000000 0.000000 0.000000 0.000000 0.000000