geotop/1.0zi/1.0Montebello/Templates/testdem/maps/_Eocclay2761.asc
ncols         21
nrows         20
xllcorner     100.000000
yllcorner     100.000000
cellsize      50.000000
NODATA_value  -9999.0
0.000000 0.000000 0.000000 0.000000 0.000000 0.000000 0.000000 0.000000 0.000000 0.000000 0.000000 0.000000 0.000000 0.000000 0.000000 0.000000 0.000000 0.000000 0.000000 0.000000 0.000000
0.000000 0.000000 0.349851 0.349851 0.349851 0.349851 0.349851 0.349851 0.349851 0.349851 0.349851 0.349851 0.349851 0.349851 0.349851 0.349851 0.349851 0.349851 0.349851 0.000000 0.000000
0.000000 0.000000 0.349990 0.349990 0.349990 0.349990 0.349990 0.349990 0.349990 0.349990 0.349991 0.349990 0.349990 0.349990 0.349990 0.349990 0.349990 0.349990 0.349990 0.000000 0.000000
0.000000 0.000000 0.350857 0.350857 0.350854 0.350855 0.350857 0.350857 0.350856 0.350857 0.350857 0.350857 0.350856 0.350857 0.350857 0.350855 0.350854 0.350857 0.350857 0.000000 0.000000
0.000000 0.000000 0.354858 0.354857 0.354855 0.354855 0.354858 0.354857 0.354857 0.354859 0.354859 0.354859 0.354857 0.354857 0.354858 0.354855 0.354855 0.354857 0.354858 0.000000 0.000000
0.000000 0.000000 0.359472 0.359471 0.359470 0.359470 0.359473 0.359472 0.359472 0.359473 0.359473 0.359473 0.359472 0.359472 0.359473 0.359470 0.359470 0.359471 0.359472 0.000000 0.000000
0.000000 0.000000 0.363848 0.363848 0.363846 0.363847 0.363849 0.363848 0.363848 0.363849 0.363849 0.363849 0.363848 0.363848 0.363849 0.363847 0.363846 0.363848 0.363848 0.000000 0.000000
0.000000 0.000000 0.367859 0.367859 0.367858 0.367858 0.367860 0.367859 0.367859 0.367860 0.367860 0.367860 0.367859 0.367859 0.367860 0.367858 0.367858 0.367859 0.367859 0.000000 0.000000
0.000000 0.000000 0.371592 0.371591 0.371590 0.371590 0.371592 0.371591 0.371591 0.371592 0.371592 0.371592 0.371591 0.371591 0.371592 0.371590 0.371590 0.371591 0.371592 0.000000 0.000000
0.000000 0.000000 0.375130 0.375129 0.375128 0.375129 0.375130 0.375130 0.375130 0.375130 0.375131 0.375130 0.375130 0.375130 0.375130 0.375129 0.375128 0.375129 0.375130 0.000000 0.000000
0.000000 0.000000 0.378516 0.378516 0.378515 0.378515 0.378516 0.378516 0.378516 0.378517 0.378517 0.378517 0.378516 0.378516 0.378516 0.378515 0.378515 0.378516 0.378516 0.000000 0.000000
0.000000 0.000000 0.381783 0.381783 0.381782 0.381782 0.381783 0.381783 0.381783 0.381784 0.381784 0.381784 0.381783 0.381783 0.381783 0.381782 0.381782 0.381783 0.381783 0.000000 0.000000
0.000000 0.000000 0.384954 0.384954 0.384953 0.384953 0.384954 0.384954 0.384954 0.384954 0.384955 0.384954 0.384954 0.384954 0.384954 0.384953 0.384953 0.384954 0.384954 0.000000 0.000000
0.000000 0.000000 0.388045 0.388045 0.388044 0.388044 0.388045 0.388045 0.388045 0.388046 0.388046 0.388046 0.388045 0.388045 0.388045 0.388044 0.388044 0.388045 0.388045 0.000000 0.000000
0.000000 0.000000 0.391065 0.391065 0.391064 0.391064 0.391065 0.391065 0.391065 0.391065 0.391066 0.391065 0.391065 0.391065 0.391065 0.391064 0.391064 0.391065 0.391065 0.000000 0.000000
0.000000 0.000000 0.394020 0.394020 0.394019 0.394019 0.394020 0.394020 0.394020 0.394020 0.394021 0.394020 0.394020 0.394020 0.394020 0.394019 0.394019 0.394020 0.394020 0.000000 0.000000
0.000000 0.000000 0.396915 0.396915 0.396914 0.396914 0.396915 0.396915 0.396915 0.396915 0.396916 0.396915 0.396915 0.396915 0.396915 0.396914 0.396914 0.396915 0.396915 0.000000 0.000000
0.000000 0.000000 0.399791 0.399791 0.399790 0.399791 0.399792 0.399792 0.399792 0.399792 0.399792 0.399792 0.399792 0.399792 0.399792 0.399791 0.399790 0.399791 0.399792 0.000000 0.000000
0.000000 0.000000 0.350000 0.350000 0.350000 0.350000 0.350000 0.350000 0.350000 0.350000 0.350000 0.350000 0.350000 0.350000 0.350000 0.350000 0.350000 0.350000 0.350000 0.000000 0.000000
0.000000 0.000000 0.000000 0.000000 0.000000 0.000000 0.000000 0.000000 0.000000 0.000000 0.000000 0.000000 0.000000 0.000000 0.000000 0.000000 0.000000 0.000000 0.000000 0.000000 0.000000