geotop/1.0zi/1.0Montebello/Templates/testdem/maps/_Eocsand7696.asc
ncols         21
nrows         20
xllcorner     100.000000
yllcorner     100.000000
cellsize      50.000000
NODATA_value  -9999.0
0.000000 0.000000 0.000000 0.000000 0.000000 0.000000 0.000000 0.000000 0.000000 0.000000 0.000000 0.000000 0.000000 0.000000 0.000000 0.000000 0.000000 0.000000 0.000000 0.000000 0.000000
0.000000 0.000000 0.300196 0.300194 0.300194 0.300194 0.300193 0.300193 0.300193 0.300193 0.300194 0.300193 0.300194 0.300194 0.300193 0.300194 0.300195 0.300195 0.300195 0.000000 0.000000
0.000000 0.000000 0.300010 0.300011 0.300011 0.300010 0.300011 0.300011 0.300011 0.300011 0.300011 0.300011 0.300010 0.300011 0.300011 0.300011 0.300012 0.300012 0.300013 0.000000 0.000000
0.000000 0.000000 0.299894 0.299893 0.299898 0.299906 0.299901 0.299909 0.299904 0.299906 0.299906 0.299906 0.299906 0.299908 0.299903 0.299898 0.299896 0.299893 0.299893 0.000000 0.000000
0.000000 0.000000 0.298077 0.298073 0.298082 0.298097 0.298119 0.298128 0.298134 0.298133 0.298136 0.298135 0.298138 0.298132 0.298109 0.298103 0.298093 0.298081 0.298073 0.000000 0.000000
0.000000 0.000000 0.293023 0.293023 0.293044 0.293087 0.293119 0.293163 0.293163 0.293176 0.293169 0.293169 0.293165 0.293164 0.293142 0.293111 0.293085 0.293062 0.293052 0.000000 0.000000
0.000000 0.000000 0.285868 0.285876 0.285894 0.285943 0.286003 0.286072 0.286073 0.286082 0.286080 0.286081 0.286084 0.286077 0.286017 0.285963 0.285931 0.285903 0.285889 0.000000 0.000000
0.000000 0.000000 0.277347 0.277351 0.277364 0.277420 0.277477 0.277553 0.277554 0.277562 0.277564 0.277570 0.277573 0.277559 0.277493 0.277442 0.277392 0.277377 0.277353 0.000000 0.000000
0.000000 0.000000 0.268300 0.268315 0.268342 0.268377 0.268438 0.268520 0.268516 0.268534 0.268539 0.268543 0.268540 0.268542 0.268462 0.268397 0.268358 0.268338 0.268319 0.000000 0.000000
0.000000 0.000000 0.258822 0.258840 0.258854 0.258889 0.258976 0.259049 0.259049 0.259059 0.259070 0.259065 0.259054 0.259058 0.258990 0.258916 0.258871 0.258855 0.258841 0.000000 0.000000
0.000000 0.000000 0.248638 0.248649 0.248666 0.248739 0.248800 0.248885 0.248867 0.248914 0.248908 0.248910 0.248926 0.248895 0.248835 0.248789 0.248731 0.248700 0.248662 0.000000 0.000000
0.000000 0.000000 0.237457 0.237487 0.237521 0.237569 0.237636 0.237742 0.237747 0.237763 0.237738 0.237775 0.237765 0.237757 0.237648 0.237594 0.237554 0.237531 0.237436 0.000000 0.000000
0.000000 0.000000 0.225494 0.225524 0.225538 0.225604 0.225662 0.225926 0.225929 0.225947 0.226013 0.225980 0.225965 0.225939 0.225737 0.225683 0.225582 0.225570 0.225518 0.000000 0.000000
0.000000 0.000000 0.211692 0.211703 0.211756 0.211804 0.212118 0.212116 0.212183 0.212184 0.212172 0.212187 0.212194 0.212206 0.212218 0.211891 0.211829 0.211742 0.211675 0.000000 0.000000
0.000000 0.000000 0.195628 0.195655 0.195723 0.196108 0.196108 0.196298 0.196395 0.196417 0.196480 0.196529 0.196487 0.196497 0.196312 0.196286 0.195773 0.195839 0.195821 0.000000 0.000000
0.000000 0.000000 0.177996 0.178023 0.178574 0.178477 0.178511 0.178585 0.178397 0.178465 0.178369 0.178416 0.178499 0.178363 0.178328 0.178300 0.178624 0.177853 0.177863 0.000000 0.000000
0.000000 0.000000 0.156121 0.156992 0.156908 0.157208 0.157644 0.157774 0.157973 0.157931 0.158172 0.158158 0.158026 0.158145 0.157928 0.157606 0.156941 0.157271 0.156374 0.000000 0.000000
0.000000 0.000000 0.146001 0.145295 0.144498 0.144537 0.144564 0.145311 0.145226 0.145434 0.145128 0.145196 0.145225 0.145127 0.144484 0.144467 0.144354 0.145027 0.145711 0.000000 0.000000
0.000000 0.000000 0.300000 0.300000 0.300000 0.300000 0.300000 0.300000 0.300000 0.300000 0.300000 0.300000 0.300000 0.300000 0.300000 0.300000 0.300000 0.300000 0.300000 0.000000 0.000000
0.000000 0.000000 0.000000 0.000000 0.000000 0.000000 0.000000 0.000000 0.000000 0.000000 0.000000 0.000000 0.000000 0.000000 0.000000 0.000000 0.000000 0.000000 0.000000 0.000000 0.000000