geotop/1.0zi/1.0Montebello/Templates/testdem/maps/_Eocsilt7859.asc
ncols         21
nrows         20
xllcorner     100.000000
yllcorner     100.000000
cellsize      50.000000
NODATA_value  -9999.0
0.000000 0.000000 0.000000 0.000000 0.000000 0.000000 0.000000 0.000000 0.000000 0.000000 0.000000 0.000000 0.000000 0.000000 0.000000 0.000000 0.000000 0.000000 0.000000 0.000000 0.000000
0.000000 0.000000 0.350163 0.350164 0.350164 0.350164 0.350163 0.350164 0.350164 0.350163 0.350164 0.350163 0.350163 0.350163 0.350163 0.350164 0.350164 0.350164 0.350163 0.000000 0.000000
0.000000 0.000000 0.350005 0.350005 0.350004 0.350004 0.350005 0.350005 0.350005 0.350005 0.350006 0.350006 0.350006 0.350006 0.350005 0.350005 0.350003 0.350003 0.350005 0.000000 0.000000
0.000000 0.000000 0.350103 0.350099 0.350098 0.350091 0.350093 0.350088 0.350090 0.350091 0.350087 0.350090 0.350089 0.350090 0.350092 0.350095 0.350099 0.350099 0.350100 0.000000 0.000000
0.000000 0.000000 0.350996 0.351002 0.350997 0.350986 0.350980 0.350973 0.350969 0.350968 0.350967 0.350968 0.350969 0.350971 0.350984 0.350989 0.350992 0.351002 0.351004 0.000000 0.000000
0.000000 0.000000 0.353569 0.353569 0.353559 0.353543 0.353524 0.353502 0.353501 0.353495 0.353499 0.353500 0.353501 0.353500 0.353512 0.353524 0.353537 0.353545 0.353550 0.000000 0.000000
0.000000 0.000000 0.357248 0.357244 0.357232 0.357206 0.357175 0.357141 0.357142 0.357138 0.357139 0.357137 0.357134 0.357139 0.357168 0.357195 0.357212 0.357227 0.357234 0.000000 0.000000
0.000000 0.000000 0.361611 0.361608 0.361602 0.361575 0.361545 0.361507 0.361507 0.361503 0.361502 0.361498 0.361497 0.361503 0.361536 0.361563 0.361589 0.361595 0.361607 0.000000 0.000000
0.000000 0.000000 0.366286 0.366276 0.366262 0.366243 0.366211 0.366169 0.366171 0.366161 0.366159 0.366157 0.366159 0.366158 0.366199 0.366232 0.366253 0.366263 0.366274 0.000000 0.000000
0.000000 0.000000 0.371179 0.371170 0.371162 0.371144 0.371099 0.371061 0.371062 0.371057 0.371051 0.371054 0.371059 0.371057 0.371091 0.371129 0.371152 0.371160 0.371168 0.000000 0.000000
0.000000 0.000000 0.376433 0.376426 0.376417 0.376378 0.376347 0.376304 0.376313 0.376289 0.376292 0.376291 0.376282 0.376298 0.376329 0.376353 0.376382 0.376398 0.376418 0.000000 0.000000
0.000000 0.000000 0.382221 0.382204 0.382186 0.382161 0.382126 0.382071 0.382068 0.382061 0.382073 0.382055 0.382060 0.382064 0.382120 0.382149 0.382169 0.382181 0.382229 0.000000 0.000000
0.000000 0.000000 0.388426 0.388410 0.388402 0.388367 0.388337 0.388199 0.388197 0.388188 0.388153 0.388171 0.388179 0.388192 0.388297 0.388325 0.388378 0.388384 0.388409 0.000000 0.000000
0.000000 0.000000 0.395613 0.395607 0.395578 0.395553 0.395386 0.395392 0.395357 0.395356 0.395364 0.395355 0.395351 0.395344 0.395335 0.395508 0.395539 0.395585 0.395619 0.000000 0.000000
0.000000 0.000000 0.404001 0.403985 0.403949 0.403742 0.403748 0.403645 0.403595 0.403584 0.403549 0.403523 0.403546 0.403541 0.403641 0.403648 0.403922 0.403885 0.403893 0.000000 0.000000
0.000000 0.000000 0.413190 0.413174 0.412878 0.412939 0.412919 0.412883 0.412986 0.412950 0.413004 0.412980 0.412934 0.413008 0.413022 0.413039 0.412850 0.413267 0.413262 0.000000 0.000000
0.000000 0.000000 0.424547 0.424082 0.424143 0.423976 0.423742 0.423673 0.423560 0.423585 0.423453 0.423462 0.423535 0.423467 0.423584 0.423756 0.424124 0.423923 0.424402 0.000000 0.000000
0.000000 0.000000 0.429436 0.429829 0.430238 0.430223 0.430219 0.429828 0.429879 0.429769 0.429937 0.429901 0.429881 0.429936 0.430269 0.430272 0.430311 0.429974 0.429591 0.000000 0.000000
0.000000 0.000000 0.350000 0.350000 0.350000 0.350000 0.350000 0.350000 0.350000 0.350000 0.350000 0.350000 0.350000 0.350000 0.350000 0.350000 0.350000 0.350000 0.350000 0.000000 0.000000
0.000000 0.000000 0.000000 0.000000 0.000000 0.000000 0.000000 0.000000 0.000000 0.000000 0.000000 0.000000 0.000000 0.000000 0.000000 0.000000 0.000000 0.000000 0.000000 0.000000 0.000000