geotop/1.0zi/1.0Montebello/Templates/testdem/maps/_Eocclay2782.asc
ncols         21
nrows         20
xllcorner     100.000000
yllcorner     100.000000
cellsize      50.000000
NODATA_value  -9999.0
0.000000 0.000000 0.000000 0.000000 0.000000 0.000000 0.000000 0.000000 0.000000 0.000000 0.000000 0.000000 0.000000 0.000000 0.000000 0.000000 0.000000 0.000000 0.000000 0.000000 0.000000
0.000000 0.000000 0.349849 0.349849 0.349849 0.349849 0.349849 0.349849 0.349849 0.349849 0.349848 0.349849 0.349849 0.349849 0.349849 0.349849 0.349849 0.349849 0.349849 0.000000 0.000000
0.000000 0.000000 0.349991 0.349990 0.349990 0.349991 0.349990 0.349991 0.349991 0.349990 0.349991 0.349990 0.349991 0.349991 0.349990 0.349991 0.349990 0.349990 0.349991 0.000000 0.000000
0.000000 0.000000 0.350882 0.350882 0.350880 0.350881 0.350882 0.350882 0.350882 0.350882 0.350882 0.350882 0.350882 0.350882 0.350882 0.350881 0.350880 0.350882 0.350882 0.000000 0.000000
0.000000 0.000000 0.354948 0.354947 0.354946 0.354946 0.354949 0.354948 0.354948 0.354950 0.354950 0.354950 0.354948 0.354948 0.354949 0.354946 0.354946 0.354947 0.354948 0.000000 0.000000
0.000000 0.000000 0.359632 0.359631 0.359630 0.359630 0.359633 0.359632 0.359632 0.359633 0.359633 0.359633 0.359632 0.359632 0.359633 0.359630 0.359630 0.359631 0.359632 0.000000 0.000000
0.000000 0.000000 0.364065 0.364065 0.364063 0.364064 0.364066 0.364065 0.364065 0.364066 0.364066 0.364066 0.364065 0.364065 0.364066 0.364064 0.364063 0.364065 0.364065 0.000000 0.000000
0.000000 0.000000 0.368124 0.368123 0.368122 0.368123 0.368124 0.368124 0.368124 0.368124 0.368125 0.368124 0.368124 0.368124 0.368124 0.368123 0.368122 0.368123 0.368124 0.000000 0.000000
0.000000 0.000000 0.371897 0.371897 0.371895 0.371896 0.371897 0.371897 0.371897 0.371897 0.371898 0.371897 0.371897 0.371897 0.371897 0.371896 0.371895 0.371897 0.371897 0.000000 0.000000
0.000000 0.000000 0.375471 0.375471 0.375470 0.375470 0.375471 0.375471 0.375471 0.375472 0.375472 0.375472 0.375471 0.375471 0.375471 0.375470 0.375470 0.375471 0.375471 0.000000 0.000000
0.000000 0.000000 0.378890 0.378890 0.378889 0.378889 0.378891 0.378890 0.378890 0.378891 0.378891 0.378891 0.378890 0.378890 0.378891 0.378889 0.378889 0.378890 0.378890 0.000000 0.000000
0.000000 0.000000 0.382186 0.382186 0.382185 0.382185 0.382186 0.382186 0.382186 0.382186 0.382187 0.382186 0.382186 0.382186 0.382186 0.382185 0.382185 0.382186 0.382186 0.000000 0.000000
0.000000 0.000000 0.385384 0.385384 0.385383 0.385383 0.385384 0.385384 0.385384 0.385385 0.385385 0.385385 0.385384 0.385384 0.385384 0.385383 0.385383 0.385384 0.385384 0.000000 0.000000
0.000000 0.000000 0.388501 0.388501 0.388500 0.388500 0.388501 0.388501 0.388501 0.388502 0.388502 0.388502 0.388501 0.388501 0.388501 0.388500 0.388500 0.388501 0.388501 0.000000 0.000000
0.000000 0.000000 0.391545 0.391545 0.391544 0.391544 0.391545 0.391545 0.391545 0.391546 0.391546 0.391546 0.391545 0.391545 0.391545 0.391544 0.391544 0.391545 0.391545 0.000000 0.000000
0.000000 0.000000 0.394523 0.394522 0.394521 0.394522 0.394523 0.394522 0.394522 0.394523 0.394523 0.394523 0.394522 0.394522 0.394523 0.394522 0.394521 0.394522 0.394523 0.000000 0.000000
0.000000 0.000000 0.397438 0.397437 0.397436 0.397437 0.397438 0.397438 0.397438 0.397438 0.397438 0.397438 0.397438 0.397438 0.397438 0.397437 0.397436 0.397437 0.397438 0.000000 0.000000
0.000000 0.000000 0.400334 0.400334 0.400333 0.400333 0.400334 0.400334 0.400334 0.400334 0.400335 0.400334 0.400334 0.400334 0.400334 0.400333 0.400333 0.400334 0.400334 0.000000 0.000000
0.000000 0.000000 0.350000 0.350000 0.350000 0.350000 0.350000 0.350000 0.350000 0.350000 0.350000 0.350000 0.350000 0.350000 0.350000 0.350000 0.350000 0.350000 0.350000 0.000000 0.000000
0.000000 0.000000 0.000000 0.000000 0.000000 0.000000 0.000000 0.000000 0.000000 0.000000 0.000000 0.000000 0.000000 0.000000 0.000000 0.000000 0.000000 0.000000 0.000000 0.000000 0.000000