geotop/1.0zi/1.0Montebello/Templates/testdem/maps/_Eocsand6491.asc
ncols         21
nrows         20
xllcorner     100.000000
yllcorner     100.000000
cellsize      50.000000
NODATA_value  -9999.0
0.000000 0.000000 0.000000 0.000000 0.000000 0.000000 0.000000 0.000000 0.000000 0.000000 0.000000 0.000000 0.000000 0.000000 0.000000 0.000000 0.000000 0.000000 0.000000 0.000000 0.000000
0.000000 0.000000 0.300160 0.300158 0.300158 0.300158 0.300157 0.300157 0.300158 0.300158 0.300159 0.300158 0.300158 0.300158 0.300157 0.300157 0.300159 0.300159 0.300158 0.000000 0.000000
0.000000 0.000000 0.300009 0.300010 0.300009 0.300008 0.300009 0.300010 0.300009 0.300009 0.300009 0.300010 0.300009 0.300010 0.300009 0.300010 0.300010 0.300010 0.300011 0.000000 0.000000
0.000000 0.000000 0.299963 0.299962 0.299966 0.299971 0.299969 0.299971 0.299967 0.299970 0.299967 0.299970 0.299969 0.299970 0.299968 0.299963 0.299963 0.299960 0.299960 0.000000 0.000000
0.000000 0.000000 0.298778 0.298773 0.298779 0.298787 0.298805 0.298813 0.298814 0.298814 0.298818 0.298818 0.298821 0.298818 0.298806 0.298803 0.298796 0.298785 0.298774 0.000000 0.000000
0.000000 0.000000 0.295201 0.295198 0.295212 0.295250 0.295271 0.295307 0.295308 0.295318 0.295311 0.295308 0.295303 0.295305 0.295295 0.295272 0.295251 0.295235 0.295224 0.000000 0.000000
0.000000 0.000000 0.289824 0.289828 0.289841 0.289881 0.289929 0.289984 0.289983 0.289991 0.289988 0.289988 0.289989 0.289986 0.289945 0.289899 0.289874 0.289853 0.289838 0.000000 0.000000
0.000000 0.000000 0.283312 0.283311 0.283319 0.283363 0.283410 0.283471 0.283470 0.283476 0.283478 0.283481 0.283482 0.283473 0.283427 0.283383 0.283344 0.283334 0.283312 0.000000 0.000000
0.000000 0.000000 0.276520 0.276528 0.276548 0.276575 0.276623 0.276687 0.276684 0.276696 0.276702 0.276703 0.276701 0.276703 0.276645 0.276597 0.276560 0.276549 0.276530 0.000000 0.000000
0.000000 0.000000 0.269588 0.269598 0.269608 0.269631 0.269698 0.269756 0.269753 0.269760 0.269769 0.269765 0.269753 0.269761 0.269712 0.269656 0.269618 0.269611 0.269596 0.000000 0.000000
0.000000 0.000000 0.262351 0.262357 0.262366 0.262416 0.262462 0.262526 0.262512 0.262545 0.262544 0.262544 0.262551 0.262531 0.262493 0.262457 0.262415 0.262393 0.262364 0.000000 0.000000
0.000000 0.000000 0.254654 0.254667 0.254691 0.254728 0.254772 0.254851 0.254850 0.254865 0.254849 0.254872 0.254865 0.254858 0.254787 0.254750 0.254719 0.254707 0.254632 0.000000 0.000000
0.000000 0.000000 0.246647 0.246664 0.246675 0.246717 0.246757 0.246926 0.246927 0.246940 0.246979 0.246961 0.246946 0.246933 0.246809 0.246773 0.246706 0.246700 0.246650 0.000000 0.000000
0.000000 0.000000 0.237812 0.237821 0.237849 0.237880 0.238055 0.238089 0.238128 0.238129 0.238139 0.238137 0.238138 0.238143 0.238127 0.237948 0.237893 0.237849 0.237795 0.000000 0.000000
0.000000 0.000000 0.227918 0.227926 0.227968 0.228161 0.228210 0.228311 0.228374 0.228386 0.228420 0.228447 0.228418 0.228430 0.228349 0.228279 0.228009 0.228033 0.228002 0.000000 0.000000
0.000000 0.000000 0.217297 0.217308 0.217569 0.217594 0.217609 0.217668 0.217606 0.217638 0.217609 0.217640 0.217669 0.217610 0.217577 0.217556 0.217603 0.217268 0.217264 0.000000 0.000000
0.000000 0.000000 0.204803 0.205169 0.205252 0.205363 0.205547 0.205622 0.205667 0.205664 0.205752 0.205758 0.205713 0.205739 0.205646 0.205508 0.205278 0.205262 0.204881 0.000000 0.000000
0.000000 0.000000 0.196411 0.196310 0.195969 0.196046 0.196147 0.196486 0.196486 0.196566 0.196493 0.196519 0.196500 0.196483 0.196177 0.196102 0.195913 0.196253 0.196331 0.000000 0.000000
0.000000 0.000000 0.300000 0.300000 0.300000 0.300000 0.300000 0.300000 0.300000 0.300000 0.300000 0.300000 0.300000 0.300000 0.300000 0.300000 0.300000 0.300000 0.300000 0.000000 0.000000
0.000000 0.000000 0.000000 0.000000 0.000000 0.000000 0.000000 0.000000 0.000000 0.000000 0.000000 0.000000 0.000000 0.000000 0.000000 0.000000 0.000000 0.000000 0.000000 0.000000 0.000000