geotop/1.0zi/1.0Montebello/Templates/testdem/maps/_Eocsilt2921.asc
ncols         21
nrows         20
xllcorner     100.000000
yllcorner     100.000000
cellsize      50.000000
NODATA_value  -9999.0
0.000000 0.000000 0.000000 0.000000 0.000000 0.000000 0.000000 0.000000 0.000000 0.000000 0.000000 0.000000 0.000000 0.000000 0.000000 0.000000 0.000000 0.000000 0.000000 0.000000 0.000000
0.000000 0.000000 0.350074 0.350074 0.350074 0.350074 0.350074 0.350074 0.350074 0.350074 0.350073 0.350074 0.350074 0.350074 0.350074 0.350074 0.350074 0.350074 0.350074 0.000000 0.000000
0.000000 0.000000 0.349997 0.349997 0.349997 0.349998 0.349997 0.349997 0.349997 0.349997 0.349998 0.349997 0.349997 0.349997 0.349997 0.349998 0.349997 0.349997 0.349997 0.000000 0.000000
0.000000 0.000000 0.351049 0.351048 0.351046 0.351047 0.351049 0.351049 0.351048 0.351049 0.351049 0.351049 0.351048 0.351049 0.351049 0.351047 0.351046 0.351048 0.351049 0.000000 0.000000
0.000000 0.000000 0.355046 0.355046 0.355044 0.355044 0.355047 0.355046 0.355046 0.355047 0.355047 0.355047 0.355046 0.355046 0.355047 0.355044 0.355044 0.355046 0.355046 0.000000 0.000000
0.000000 0.000000 0.360108 0.360107 0.360106 0.360106 0.360108 0.360108 0.360108 0.360109 0.360109 0.360109 0.360108 0.360108 0.360108 0.360106 0.360106 0.360107 0.360108 0.000000 0.000000
0.000000 0.000000 0.364719 0.364718 0.364717 0.364717 0.364719 0.364718 0.364718 0.364719 0.364720 0.364719 0.364718 0.364718 0.364719 0.364717 0.364717 0.364718 0.364719 0.000000 0.000000
0.000000 0.000000 0.368902 0.368902 0.368901 0.368901 0.368902 0.368902 0.368902 0.368903 0.368903 0.368903 0.368902 0.368902 0.368902 0.368901 0.368901 0.368902 0.368902 0.000000 0.000000
0.000000 0.000000 0.372778 0.372778 0.372777 0.372777 0.372778 0.372778 0.372778 0.372779 0.372779 0.372779 0.372778 0.372778 0.372778 0.372777 0.372777 0.372778 0.372778 0.000000 0.000000
0.000000 0.000000 0.376439 0.376438 0.376437 0.376438 0.376439 0.376438 0.376438 0.376439 0.376439 0.376439 0.376438 0.376438 0.376439 0.376438 0.376437 0.376438 0.376439 0.000000 0.000000
0.000000 0.000000 0.379927 0.379926 0.379925 0.379926 0.379927 0.379926 0.379926 0.379927 0.379927 0.379927 0.379926 0.379926 0.379927 0.379926 0.379925 0.379926 0.379927 0.000000 0.000000
0.000000 0.000000 0.383278 0.383277 0.383276 0.383277 0.383278 0.383277 0.383277 0.383278 0.383278 0.383278 0.383277 0.383277 0.383278 0.383277 0.383276 0.383277 0.383278 0.000000 0.000000
0.000000 0.000000 0.386518 0.386518 0.386517 0.386517 0.386519 0.386518 0.386518 0.386519 0.386519 0.386519 0.386518 0.386518 0.386519 0.386517 0.386517 0.386518 0.386518 0.000000 0.000000
0.000000 0.000000 0.389669 0.389669 0.389668 0.389668 0.389669 0.389669 0.389669 0.389670 0.389670 0.389670 0.389669 0.389669 0.389669 0.389668 0.389668 0.389669 0.389669 0.000000 0.000000
0.000000 0.000000 0.392739 0.392739 0.392737 0.392738 0.392739 0.392739 0.392739 0.392739 0.392739 0.392739 0.392739 0.392739 0.392739 0.392738 0.392737 0.392739 0.392739 0.000000 0.000000
0.000000 0.000000 0.395732 0.395731 0.395730 0.395731 0.395732 0.395731 0.395731 0.395732 0.395732 0.395732 0.395731 0.395731 0.395732 0.395731 0.395730 0.395731 0.395732 0.000000 0.000000
0.000000 0.000000 0.398652 0.398652 0.398651 0.398651 0.398652 0.398652 0.398652 0.398653 0.398653 0.398653 0.398652 0.398652 0.398652 0.398651 0.398651 0.398652 0.398652 0.000000 0.000000
0.000000 0.000000 0.401551 0.401552 0.401551 0.401551 0.401552 0.401552 0.401552 0.401552 0.401552 0.401552 0.401552 0.401552 0.401552 0.401551 0.401551 0.401552 0.401552 0.000000 0.000000
0.000000 0.000000 0.350000 0.350000 0.350000 0.350000 0.350000 0.350000 0.350000 0.350000 0.350000 0.350000 0.350000 0.350000 0.350000 0.350000 0.350000 0.350000 0.350000 0.000000 0.000000
0.000000 0.000000 0.000000 0.000000 0.000000 0.000000 0.000000 0.000000 0.000000 0.000000 0.000000 0.000000 0.000000 0.000000 0.000000 0.000000 0.000000 0.000000 0.000000 0.000000 0.000000