geotop/1.0zi/1.0Montebello/Templates/testdem/maps/_Eocsilt6708.asc
ncols         21
nrows         20
xllcorner     100.000000
yllcorner     100.000000
cellsize      50.000000
NODATA_value  -9999.0
0.000000 0.000000 0.000000 0.000000 0.000000 0.000000 0.000000 0.000000 0.000000 0.000000 0.000000 0.000000 0.000000 0.000000 0.000000 0.000000 0.000000 0.000000 0.000000 0.000000 0.000000
0.000000 0.000000 0.350136 0.350136 0.350136 0.350137 0.350136 0.350137 0.350137 0.350137 0.350137 0.350136 0.350136 0.350136 0.350136 0.350136 0.350137 0.350137 0.350136 0.000000 0.000000
0.000000 0.000000 0.350003 0.350002 0.350003 0.350003 0.350003 0.350003 0.350003 0.350003 0.350003 0.350003 0.350004 0.350004 0.350003 0.350003 0.350001 0.350001 0.350002 0.000000 0.000000
0.000000 0.000000 0.350057 0.350054 0.350053 0.350047 0.350048 0.350046 0.350048 0.350049 0.350047 0.350047 0.350047 0.350047 0.350050 0.350053 0.350055 0.350056 0.350056 0.000000 0.000000
0.000000 0.000000 0.350686 0.350692 0.350689 0.350681 0.350677 0.350671 0.350670 0.350667 0.350667 0.350669 0.350670 0.350671 0.350680 0.350683 0.350683 0.350691 0.350695 0.000000 0.000000
0.000000 0.000000 0.352544 0.352546 0.352538 0.352525 0.352511 0.352493 0.352492 0.352487 0.352491 0.352493 0.352494 0.352492 0.352500 0.352509 0.352518 0.352523 0.352529 0.000000 0.000000
0.000000 0.000000 0.355358 0.355355 0.355347 0.355325 0.355299 0.355273 0.355275 0.355272 0.355273 0.355272 0.355269 0.355273 0.355293 0.355316 0.355329 0.355341 0.355349 0.000000 0.000000
0.000000 0.000000 0.358766 0.358766 0.358763 0.358741 0.358716 0.358687 0.358688 0.358684 0.358683 0.358682 0.358680 0.358684 0.358708 0.358731 0.358752 0.358756 0.358767 0.000000 0.000000
0.000000 0.000000 0.362364 0.362358 0.362347 0.362333 0.362308 0.362275 0.362276 0.362269 0.362267 0.362266 0.362267 0.362265 0.362297 0.362324 0.362340 0.362348 0.362358 0.000000 0.000000
0.000000 0.000000 0.366039 0.366033 0.366028 0.366016 0.365981 0.365952 0.365953 0.365949 0.365944 0.365947 0.365951 0.365948 0.365973 0.366004 0.366022 0.366026 0.366034 0.000000 0.000000
0.000000 0.000000 0.369873 0.369869 0.369865 0.369837 0.369814 0.369781 0.369789 0.369771 0.369772 0.369773 0.369767 0.369777 0.369798 0.369817 0.369839 0.369850 0.369866 0.000000 0.000000
0.000000 0.000000 0.373974 0.373964 0.373953 0.373934 0.373910 0.373870 0.373870 0.373862 0.373872 0.373860 0.373862 0.373865 0.373903 0.373923 0.373939 0.373946 0.373985 0.000000 0.000000
0.000000 0.000000 0.378254 0.378244 0.378239 0.378216 0.378196 0.378106 0.378105 0.378098 0.378077 0.378087 0.378093 0.378101 0.378167 0.378188 0.378222 0.378226 0.378251 0.000000 0.000000
0.000000 0.000000 0.383011 0.383007 0.382992 0.382974 0.382879 0.382865 0.382844 0.382843 0.382841 0.382840 0.382839 0.382836 0.382839 0.382940 0.382966 0.382992 0.383020 0.000000 0.000000
0.000000 0.000000 0.388369 0.388362 0.388341 0.388232 0.388211 0.388158 0.388124 0.388118 0.388099 0.388084 0.388097 0.388091 0.388137 0.388171 0.388319 0.388305 0.388318 0.000000 0.000000
0.000000 0.000000 0.394146 0.394139 0.393991 0.393984 0.393978 0.393948 0.393987 0.393968 0.393987 0.393970 0.393952 0.393985 0.394001 0.394013 0.393972 0.394165 0.394168 0.000000 0.000000
0.000000 0.000000 0.401005 0.400791 0.400758 0.400694 0.400588 0.400550 0.400519 0.400523 0.400471 0.400469 0.400494 0.400476 0.400529 0.400610 0.400744 0.400736 0.400956 0.000000 0.000000
0.000000 0.000000 0.405415 0.405494 0.405696 0.405658 0.405611 0.405418 0.405421 0.405375 0.405423 0.405408 0.405415 0.405426 0.405598 0.405636 0.405728 0.405532 0.405464 0.000000 0.000000
0.000000 0.000000 0.350000 0.350000 0.350000 0.350000 0.350000 0.350000 0.350000 0.350000 0.350000 0.350000 0.350000 0.350000 0.350000 0.350000 0.350000 0.350000 0.350000 0.000000 0.000000
0.000000 0.000000 0.000000 0.000000 0.000000 0.000000 0.000000 0.000000 0.000000 0.000000 0.000000 0.000000 0.000000 0.000000 0.000000 0.000000 0.000000 0.000000 0.000000 0.000000 0.000000