geotop/1.0zi/1.0Montebello/Templates/testdem/maps/_Eocclay1307.asc
ncols         21
nrows         20
xllcorner     100.000000
yllcorner     100.000000
cellsize      50.000000
NODATA_value  -9999.0
0.000000 0.000000 0.000000 0.000000 0.000000 0.000000 0.000000 0.000000 0.000000 0.000000 0.000000 0.000000 0.000000 0.000000 0.000000 0.000000 0.000000 0.000000 0.000000 0.000000 0.000000
0.000000 0.000000 0.349932 0.349932 0.349932 0.349932 0.349932 0.349932 0.349932 0.349932 0.349932 0.349932 0.349932 0.349932 0.349932 0.349932 0.349932 0.349932 0.349932 0.000000 0.000000
0.000000 0.000000 0.349994 0.349994 0.349993 0.349994 0.349994 0.349994 0.349994 0.349994 0.349994 0.349994 0.349994 0.349994 0.349994 0.349994 0.349993 0.349994 0.349994 0.000000 0.000000
0.000000 0.000000 0.350548 0.350548 0.350546 0.350546 0.350548 0.350548 0.350548 0.350548 0.350548 0.350548 0.350548 0.350548 0.350548 0.350546 0.350546 0.350548 0.350548 0.000000 0.000000
0.000000 0.000000 0.352538 0.352537 0.352535 0.352535 0.352539 0.352538 0.352537 0.352539 0.352538 0.352539 0.352537 0.352538 0.352539 0.352535 0.352535 0.352537 0.352538 0.000000 0.000000
0.000000 0.000000 0.354735 0.354734 0.354732 0.354732 0.354735 0.354734 0.354734 0.354735 0.354735 0.354735 0.354734 0.354734 0.354735 0.354732 0.354732 0.354734 0.354735 0.000000 0.000000
0.000000 0.000000 0.356828 0.356827 0.356825 0.356826 0.356828 0.356827 0.356827 0.356828 0.356828 0.356828 0.356827 0.356827 0.356828 0.356826 0.356825 0.356827 0.356828 0.000000 0.000000
0.000000 0.000000 0.358757 0.358757 0.358755 0.358756 0.358757 0.358757 0.358757 0.358757 0.358757 0.358757 0.358757 0.358757 0.358757 0.358756 0.358755 0.358757 0.358757 0.000000 0.000000
0.000000 0.000000 0.360566 0.360565 0.360564 0.360564 0.360566 0.360566 0.360566 0.360566 0.360566 0.360566 0.360566 0.360566 0.360566 0.360564 0.360564 0.360565 0.360566 0.000000 0.000000
0.000000 0.000000 0.362301 0.362300 0.362299 0.362299 0.362301 0.362301 0.362301 0.362301 0.362301 0.362301 0.362301 0.362301 0.362301 0.362299 0.362299 0.362300 0.362301 0.000000 0.000000
0.000000 0.000000 0.363980 0.363980 0.363978 0.363979 0.363980 0.363980 0.363980 0.363980 0.363980 0.363980 0.363980 0.363980 0.363980 0.363979 0.363978 0.363980 0.363980 0.000000 0.000000
0.000000 0.000000 0.365621 0.365621 0.365619 0.365620 0.365621 0.365621 0.365621 0.365621 0.365621 0.365621 0.365621 0.365621 0.365621 0.365620 0.365619 0.365621 0.365621 0.000000 0.000000
0.000000 0.000000 0.367235 0.367235 0.367233 0.367234 0.367235 0.367235 0.367235 0.367235 0.367235 0.367235 0.367235 0.367235 0.367235 0.367234 0.367233 0.367235 0.367235 0.000000 0.000000
0.000000 0.000000 0.368822 0.368822 0.368821 0.368821 0.368823 0.368822 0.368822 0.368823 0.368823 0.368823 0.368822 0.368822 0.368823 0.368821 0.368821 0.368822 0.368822 0.000000 0.000000
0.000000 0.000000 0.370390 0.370390 0.370389 0.370389 0.370391 0.370390 0.370390 0.370391 0.370391 0.370391 0.370390 0.370390 0.370391 0.370389 0.370389 0.370390 0.370390 0.000000 0.000000
0.000000 0.000000 0.371945 0.371944 0.371943 0.371943 0.371945 0.371944 0.371944 0.371945 0.371945 0.371945 0.371944 0.371944 0.371945 0.371943 0.371943 0.371944 0.371945 0.000000 0.000000
0.000000 0.000000 0.373483 0.373483 0.373481 0.373482 0.373483 0.373483 0.373483 0.373483 0.373483 0.373483 0.373483 0.373483 0.373483 0.373482 0.373481 0.373483 0.373483 0.000000 0.000000
0.000000 0.000000 0.375046 0.375046 0.375045 0.375045 0.375047 0.375046 0.375046 0.375047 0.375047 0.375047 0.375046 0.375046 0.375047 0.375045 0.375045 0.375046 0.375047 0.000000 0.000000
0.000000 0.000000 0.350000 0.350000 0.350000 0.350000 0.350000 0.350000 0.350000 0.350000 0.350000 0.350000 0.350000 0.350000 0.350000 0.350000 0.350000 0.350000 0.350000 0.000000 0.000000
0.000000 0.000000 0.000000 0.000000 0.000000 0.000000 0.000000 0.000000 0.000000 0.000000 0.000000 0.000000 0.000000 0.000000 0.000000 0.000000 0.000000 0.000000 0.000000 0.000000 0.000000