geotop/1.0zi/1.0Montebello/Templates/testdem/maps/_Eocsilt114&.asc
ncols         21
nrows         20
xllcorner     100.000000
yllcorner     100.000000
cellsize      50.000000
NODATA_value  -9999.0
0.000000 0.000000 0.000000 0.000000 0.000000 0.000000 0.000000 0.000000 0.000000 0.000000 0.000000 0.000000 0.000000 0.000000 0.000000 0.000000 0.000000 0.000000 0.000000 0.000000 0.000000
0.000000 0.000000 0.350244 0.350244 0.350244 0.350244 0.350244 0.350243 0.350244 0.350244 0.350244 0.350243 0.350243 0.350243 0.350244 0.350244 0.350245 0.350245 0.350244 0.000000 0.000000
0.000000 0.000000 0.350012 0.350012 0.350012 0.350012 0.350013 0.350013 0.350013 0.350013 0.350013 0.350013 0.350014 0.350013 0.350012 0.350012 0.350010 0.350010 0.350012 0.000000 0.000000
0.000000 0.000000 0.350248 0.350246 0.350237 0.350233 0.350233 0.350223 0.350226 0.350228 0.350225 0.350228 0.350228 0.350232 0.350229 0.350234 0.350238 0.350243 0.350244 0.000000 0.000000
0.000000 0.000000 0.352152 0.352156 0.352146 0.352126 0.352113 0.352107 0.352106 0.352102 0.352098 0.352103 0.352108 0.352104 0.352120 0.352130 0.352136 0.352144 0.352149 0.000000 0.000000
0.000000 0.000000 0.356889 0.356884 0.356865 0.356833 0.356795 0.356764 0.356760 0.356755 0.356750 0.356753 0.356758 0.356753 0.356772 0.356802 0.356817 0.356830 0.356837 0.000000 0.000000
0.000000 0.000000 0.363434 0.363423 0.363402 0.363356 0.363309 0.363241 0.363238 0.363234 0.363225 0.363225 0.363222 0.363225 0.363276 0.363315 0.363341 0.363364 0.363370 0.000000 0.000000
0.000000 0.000000 0.371302 0.371288 0.371267 0.371208 0.371157 0.371091 0.371085 0.371078 0.371067 0.371066 0.371062 0.371070 0.371117 0.371164 0.371205 0.371216 0.371231 0.000000 0.000000
0.000000 0.000000 0.380259 0.380237 0.380201 0.380154 0.380094 0.380010 0.380007 0.379994 0.379980 0.379978 0.379980 0.379974 0.380046 0.380103 0.380136 0.380156 0.380168 0.000000 0.000000
0.000000 0.000000 0.390585 0.390552 0.390518 0.390468 0.390397 0.390309 0.390297 0.390290 0.390267 0.390274 0.390286 0.390280 0.390336 0.390413 0.390454 0.390475 0.390479 0.000000 0.000000
0.000000 0.000000 0.402909 0.402877 0.402849 0.402722 0.402694 0.402568 0.402587 0.402527 0.402530 0.402519 0.402495 0.402528 0.402596 0.402643 0.402705 0.402731 0.402783 0.000000 0.000000
0.000000 0.000000 0.417915 0.417843 0.417756 0.417710 0.417648 0.417482 0.417455 0.417467 0.417472 0.417424 0.417449 0.417431 0.417567 0.417655 0.417682 0.417709 0.417809 0.000000 0.000000
0.000000 0.000000 0.434476 0.434415 0.434406 0.434279 0.434203 0.433766 0.433737 0.433710 0.433532 0.433655 0.433650 0.433690 0.433996 0.434059 0.434225 0.434248 0.434226 0.000000 0.000000
0.000000 0.000000 0.451882 0.451873 0.451742 0.451694 0.451225 0.451491 0.451380 0.451384 0.451482 0.451384 0.451370 0.451304 0.451080 0.451608 0.451591 0.451714 0.451778 0.000000 0.000000
0.000000 0.000000 0.463626 0.463601 0.463551 0.463302 0.463374 0.463235 0.463197 0.463181 0.463124 0.463102 0.463130 0.463128 0.463250 0.463173 0.463493 0.463429 0.463418 0.000000 0.000000
0.000000 0.000000 0.470322 0.470302 0.470250 0.470095 0.470165 0.470062 0.470052 0.470037 0.470005 0.469991 0.470003 0.470012 0.470099 0.470029 0.470218 0.470203 0.470192 0.000000 0.000000
0.000000 0.000000 0.474252 0.474318 0.474148 0.474182 0.474231 0.474205 0.474284 0.474259 0.474302 0.474288 0.474254 0.474303 0.474300 0.474258 0.474121 0.474362 0.474272 0.000000 0.000000
0.000000 0.000000 0.478213 0.478047 0.477901 0.477881 0.477840 0.477889 0.477888 0.477906 0.477858 0.477862 0.477868 0.477862 0.477822 0.477849 0.477865 0.477995 0.478154 0.000000 0.000000
0.000000 0.000000 0.350000 0.350000 0.350000 0.350000 0.350000 0.350000 0.350000 0.350000 0.350000 0.350000 0.350000 0.350000 0.350000 0.350000 0.350000 0.350000 0.350000 0.000000 0.000000
0.000000 0.000000 0.000000 0.000000 0.000000 0.000000 0.000000 0.000000 0.000000 0.000000 0.000000 0.000000 0.000000 0.000000 0.000000 0.000000 0.000000 0.000000 0.000000 0.000000 0.000000