geotop/1.0zi/1.0Montebello/Templates/testdem/maps/_Eocclay0602.asc
ncols         21
nrows         20
xllcorner     100.000000
yllcorner     100.000000
cellsize      50.000000
NODATA_value  -9999.0
0.000000 0.000000 0.000000 0.000000 0.000000 0.000000 0.000000 0.000000 0.000000 0.000000 0.000000 0.000000 0.000000 0.000000 0.000000 0.000000 0.000000 0.000000 0.000000 0.000000 0.000000
0.000000 0.000000 0.349967 0.349967 0.349967 0.349967 0.349967 0.349967 0.349967 0.349967 0.349967 0.349967 0.349967 0.349967 0.349967 0.349967 0.349967 0.349967 0.349967 0.000000 0.000000
0.000000 0.000000 0.349997 0.349997 0.349996 0.349997 0.349997 0.349997 0.349997 0.349997 0.349997 0.349997 0.349997 0.349997 0.349997 0.349997 0.349996 0.349997 0.349997 0.000000 0.000000
0.000000 0.000000 0.350281 0.350281 0.350279 0.350281 0.350281 0.350281 0.350281 0.350281 0.350281 0.350281 0.350281 0.350281 0.350281 0.350281 0.350279 0.350281 0.350281 0.000000 0.000000
0.000000 0.000000 0.351239 0.351239 0.351237 0.351239 0.351239 0.351239 0.351239 0.351239 0.351239 0.351239 0.351239 0.351239 0.351239 0.351239 0.351237 0.351239 0.351239 0.000000 0.000000
0.000000 0.000000 0.352227 0.352227 0.352225 0.352227 0.352227 0.352227 0.352227 0.352227 0.352227 0.352227 0.352227 0.352227 0.352227 0.352227 0.352225 0.352227 0.352227 0.000000 0.000000
0.000000 0.000000 0.353168 0.353168 0.353167 0.353168 0.353168 0.353168 0.353168 0.353168 0.353168 0.353168 0.353168 0.353168 0.353168 0.353168 0.353167 0.353168 0.353168 0.000000 0.000000
0.000000 0.000000 0.354047 0.354047 0.354045 0.354047 0.354047 0.354047 0.354047 0.354047 0.354047 0.354047 0.354047 0.354047 0.354047 0.354047 0.354045 0.354047 0.354047 0.000000 0.000000
0.000000 0.000000 0.354878 0.354878 0.354877 0.354878 0.354879 0.354879 0.354879 0.354879 0.354879 0.354879 0.354879 0.354879 0.354879 0.354878 0.354877 0.354878 0.354878 0.000000 0.000000
0.000000 0.000000 0.355682 0.355682 0.355681 0.355682 0.355682 0.355682 0.355682 0.355682 0.355682 0.355682 0.355682 0.355682 0.355682 0.355682 0.355681 0.355682 0.355682 0.000000 0.000000
0.000000 0.000000 0.356465 0.356465 0.356463 0.356464 0.356465 0.356465 0.356465 0.356465 0.356465 0.356465 0.356465 0.356465 0.356465 0.356464 0.356463 0.356465 0.356465 0.000000 0.000000
0.000000 0.000000 0.357233 0.357233 0.357231 0.357233 0.357233 0.357233 0.357233 0.357233 0.357233 0.357233 0.357233 0.357233 0.357233 0.357233 0.357231 0.357233 0.357233 0.000000 0.000000
0.000000 0.000000 0.357988 0.357988 0.357987 0.357988 0.357988 0.357988 0.357988 0.357988 0.357988 0.357988 0.357988 0.357988 0.357988 0.357988 0.357987 0.357988 0.357988 0.000000 0.000000
0.000000 0.000000 0.358733 0.358733 0.358732 0.358733 0.358734 0.358734 0.358734 0.358734 0.358734 0.358734 0.358734 0.358734 0.358734 0.358733 0.358732 0.358733 0.358733 0.000000 0.000000
0.000000 0.000000 0.359472 0.359472 0.359471 0.359472 0.359472 0.359472 0.359472 0.359472 0.359472 0.359472 0.359472 0.359472 0.359472 0.359472 0.359471 0.359472 0.359472 0.000000 0.000000
0.000000 0.000000 0.360208 0.360208 0.360207 0.360208 0.360208 0.360208 0.360208 0.360208 0.360208 0.360208 0.360208 0.360208 0.360208 0.360208 0.360207 0.360208 0.360208 0.000000 0.000000
0.000000 0.000000 0.360937 0.360937 0.360936 0.360937 0.360937 0.360937 0.360937 0.360937 0.360937 0.360937 0.360937 0.360937 0.360937 0.360937 0.360936 0.360937 0.360937 0.000000 0.000000
0.000000 0.000000 0.361674 0.361674 0.361672 0.361674 0.361674 0.361674 0.361674 0.361674 0.361674 0.361674 0.361674 0.361674 0.361674 0.361674 0.361672 0.361674 0.361674 0.000000 0.000000
0.000000 0.000000 0.350000 0.350000 0.350000 0.350000 0.350000 0.350000 0.350000 0.350000 0.350000 0.350000 0.350000 0.350000 0.350000 0.350000 0.350000 0.350000 0.350000 0.000000 0.000000
0.000000 0.000000 0.000000 0.000000 0.000000 0.000000 0.000000 0.000000 0.000000 0.000000 0.000000 0.000000 0.000000 0.000000 0.000000 0.000000 0.000000 0.000000 0.000000 0.000000 0.000000