geotop/1.0zi/1.0Montebello/Templates/testdem/maps/_Eocsilt5559.asc
ncols         21
nrows         20
xllcorner     100.000000
yllcorner     100.000000
cellsize      50.000000
NODATA_value  -9999.0
0.000000 0.000000 0.000000 0.000000 0.000000 0.000000 0.000000 0.000000 0.000000 0.000000 0.000000 0.000000 0.000000 0.000000 0.000000 0.000000 0.000000 0.000000 0.000000 0.000000 0.000000
0.000000 0.000000 0.350110 0.350110 0.350110 0.350110 0.350110 0.350110 0.350110 0.350110 0.350110 0.350110 0.350110 0.350110 0.350110 0.350110 0.350110 0.350110 0.350110 0.000000 0.000000
0.000000 0.000000 0.350002 0.350002 0.350002 0.350003 0.350003 0.350003 0.350003 0.350003 0.350003 0.350003 0.350003 0.350003 0.350003 0.350002 0.350001 0.350001 0.350002 0.000000 0.000000
0.000000 0.000000 0.350045 0.350045 0.350044 0.350039 0.350040 0.350038 0.350040 0.350040 0.350040 0.350039 0.350039 0.350039 0.350041 0.350044 0.350045 0.350046 0.350045 0.000000 0.000000
0.000000 0.000000 0.350511 0.350514 0.350512 0.350508 0.350505 0.350500 0.350499 0.350497 0.350495 0.350496 0.350498 0.350499 0.350504 0.350507 0.350507 0.350516 0.350519 0.000000 0.000000
0.000000 0.000000 0.351946 0.351950 0.351946 0.351933 0.351922 0.351905 0.351903 0.351900 0.351904 0.351906 0.351907 0.351904 0.351910 0.351915 0.351924 0.351928 0.351932 0.000000 0.000000
0.000000 0.000000 0.354146 0.354143 0.354140 0.354122 0.354102 0.354079 0.354081 0.354078 0.354081 0.354081 0.354078 0.354081 0.354096 0.354113 0.354120 0.354129 0.354135 0.000000 0.000000
0.000000 0.000000 0.356802 0.356803 0.356804 0.356787 0.356767 0.356742 0.356743 0.356740 0.356740 0.356740 0.356738 0.356740 0.356758 0.356777 0.356792 0.356794 0.356803 0.000000 0.000000
0.000000 0.000000 0.359587 0.359582 0.359576 0.359565 0.359546 0.359517 0.359518 0.359513 0.359511 0.359513 0.359513 0.359510 0.359536 0.359555 0.359568 0.359573 0.359582 0.000000 0.000000
0.000000 0.000000 0.362368 0.362363 0.362361 0.362355 0.362327 0.362302 0.362305 0.362301 0.362298 0.362302 0.362305 0.362301 0.362320 0.362342 0.362355 0.362357 0.362363 0.000000 0.000000
0.000000 0.000000 0.365214 0.365211 0.365212 0.365191 0.365173 0.365146 0.365152 0.365139 0.365140 0.365141 0.365138 0.365144 0.365159 0.365173 0.365187 0.365196 0.365208 0.000000 0.000000
0.000000 0.000000 0.368196 0.368189 0.368182 0.368169 0.368152 0.368120 0.368121 0.368114 0.368122 0.368115 0.368116 0.368118 0.368146 0.368158 0.368168 0.368173 0.368204 0.000000 0.000000
0.000000 0.000000 0.371244 0.371238 0.371236 0.371221 0.371206 0.371142 0.371142 0.371136 0.371123 0.371130 0.371135 0.371139 0.371185 0.371197 0.371219 0.371222 0.371244 0.000000 0.000000
0.000000 0.000000 0.374541 0.374536 0.374529 0.374520 0.374459 0.374443 0.374428 0.374428 0.374423 0.374425 0.374426 0.374423 0.374430 0.374489 0.374509 0.374525 0.374547 0.000000 0.000000
0.000000 0.000000 0.378154 0.378149 0.378137 0.378075 0.378054 0.378018 0.377994 0.377990 0.377978 0.377971 0.377978 0.377972 0.377998 0.378028 0.378118 0.378111 0.378124 0.000000 0.000000
0.000000 0.000000 0.381968 0.381963 0.381884 0.381869 0.381864 0.381840 0.381855 0.381845 0.381852 0.381843 0.381833 0.381849 0.381862 0.381870 0.381866 0.381969 0.381973 0.000000 0.000000
0.000000 0.000000 0.386305 0.386196 0.386157 0.386125 0.386074 0.386048 0.386040 0.386038 0.386014 0.386010 0.386020 0.386016 0.386044 0.386082 0.386143 0.386171 0.386280 0.000000 0.000000
0.000000 0.000000 0.389509 0.389510 0.389606 0.389580 0.389537 0.389436 0.389433 0.389410 0.389424 0.389418 0.389425 0.389426 0.389519 0.389548 0.389618 0.389518 0.389524 0.000000 0.000000
0.000000 0.000000 0.350000 0.350000 0.350000 0.350000 0.350000 0.350000 0.350000 0.350000 0.350000 0.350000 0.350000 0.350000 0.350000 0.350000 0.350000 0.350000 0.350000 0.000000 0.000000
0.000000 0.000000 0.000000 0.000000 0.000000 0.000000 0.000000 0.000000 0.000000 0.000000 0.000000 0.000000 0.000000 0.000000 0.000000 0.000000 0.000000 0.000000 0.000000 0.000000 0.000000