geotop/1.0zi/1.0Montebello/Templates/testdem/maps/_Eocsand2754.asc
ncols         21
nrows         20
xllcorner     100.000000
yllcorner     100.000000
cellsize      50.000000
NODATA_value  -9999.0
0.000000 0.000000 0.000000 0.000000 0.000000 0.000000 0.000000 0.000000 0.000000 0.000000 0.000000 0.000000 0.000000 0.000000 0.000000 0.000000 0.000000 0.000000 0.000000 0.000000 0.000000
0.000000 0.000000 0.300082 0.300082 0.300082 0.300082 0.300082 0.300082 0.300082 0.300082 0.300084 0.300082 0.300082 0.300082 0.300082 0.300082 0.300082 0.300082 0.300082 0.000000 0.000000
0.000000 0.000000 0.300011 0.300012 0.300012 0.300011 0.300011 0.300011 0.300011 0.300011 0.300010 0.300011 0.300011 0.300011 0.300011 0.300011 0.300012 0.300012 0.300011 0.000000 0.000000
0.000000 0.000000 0.298226 0.298227 0.298231 0.298229 0.298225 0.298226 0.298226 0.298226 0.298225 0.298226 0.298226 0.298226 0.298225 0.298229 0.298231 0.298227 0.298226 0.000000 0.000000
0.000000 0.000000 0.290587 0.290589 0.290593 0.290592 0.290586 0.290588 0.290588 0.290585 0.290585 0.290585 0.290588 0.290588 0.290586 0.290592 0.290593 0.290589 0.290587 0.000000 0.000000
0.000000 0.000000 0.281271 0.281272 0.281275 0.281274 0.281269 0.281271 0.281271 0.281269 0.281268 0.281269 0.281271 0.281271 0.281269 0.281274 0.281275 0.281272 0.281271 0.000000 0.000000
0.000000 0.000000 0.272591 0.272592 0.272594 0.272594 0.272590 0.272591 0.272591 0.272590 0.272589 0.272590 0.272591 0.272591 0.272590 0.272594 0.272594 0.272592 0.272591 0.000000 0.000000
0.000000 0.000000 0.264663 0.264664 0.264666 0.264666 0.264662 0.264663 0.264663 0.264662 0.264661 0.264662 0.264663 0.264663 0.264662 0.264666 0.264666 0.264664 0.264663 0.000000 0.000000
0.000000 0.000000 0.257293 0.257293 0.257296 0.257295 0.257292 0.257293 0.257293 0.257292 0.257291 0.257292 0.257293 0.257293 0.257292 0.257295 0.257296 0.257293 0.257293 0.000000 0.000000
0.000000 0.000000 0.250311 0.250311 0.250314 0.250313 0.250310 0.250311 0.250311 0.250310 0.250309 0.250310 0.250311 0.250311 0.250310 0.250313 0.250314 0.250311 0.250311 0.000000 0.000000
0.000000 0.000000 0.243632 0.243633 0.243635 0.243634 0.243631 0.243632 0.243632 0.243631 0.243631 0.243631 0.243632 0.243632 0.243631 0.243634 0.243635 0.243633 0.243632 0.000000 0.000000
0.000000 0.000000 0.237193 0.237193 0.237195 0.237195 0.237192 0.237193 0.237193 0.237192 0.237191 0.237192 0.237193 0.237193 0.237192 0.237195 0.237195 0.237193 0.237193 0.000000 0.000000
0.000000 0.000000 0.230946 0.230947 0.230949 0.230948 0.230946 0.230947 0.230946 0.230945 0.230945 0.230945 0.230946 0.230947 0.230946 0.230948 0.230949 0.230947 0.230946 0.000000 0.000000
0.000000 0.000000 0.224860 0.224860 0.224863 0.224862 0.224859 0.224860 0.224860 0.224859 0.224859 0.224859 0.224860 0.224860 0.224859 0.224862 0.224863 0.224860 0.224860 0.000000 0.000000
0.000000 0.000000 0.218918 0.218918 0.218921 0.218920 0.218917 0.218918 0.218918 0.218917 0.218917 0.218917 0.218918 0.218918 0.218917 0.218920 0.218921 0.218918 0.218918 0.000000 0.000000
0.000000 0.000000 0.213106 0.213107 0.213109 0.213108 0.213106 0.213107 0.213107 0.213106 0.213105 0.213106 0.213107 0.213107 0.213106 0.213108 0.213109 0.213107 0.213106 0.000000 0.000000
0.000000 0.000000 0.207416 0.207417 0.207419 0.207418 0.207416 0.207417 0.207417 0.207415 0.207415 0.207415 0.207417 0.207417 0.207416 0.207418 0.207419 0.207417 0.207416 0.000000 0.000000
0.000000 0.000000 0.201766 0.201766 0.201768 0.201767 0.201765 0.201766 0.201766 0.201765 0.201764 0.201765 0.201766 0.201766 0.201765 0.201767 0.201768 0.201766 0.201765 0.000000 0.000000
0.000000 0.000000 0.300000 0.300000 0.300000 0.300000 0.300000 0.300000 0.300000 0.300000 0.300000 0.300000 0.300000 0.300000 0.300000 0.300000 0.300000 0.300000 0.300000 0.000000 0.000000
0.000000 0.000000 0.000000 0.000000 0.000000 0.000000 0.000000 0.000000 0.000000 0.000000 0.000000 0.000000 0.000000 0.000000 0.000000 0.000000 0.000000 0.000000 0.000000 0.000000 0.000000