geotop/1.0zi/1.0Montebello/Templates/testdem/maps/_Eocsilt9586.asc
ncols         21
nrows         20
xllcorner     100.000000
yllcorner     100.000000
cellsize      50.000000
NODATA_value  -9999.0
0.000000 0.000000 0.000000 0.000000 0.000000 0.000000 0.000000 0.000000 0.000000 0.000000 0.000000 0.000000 0.000000 0.000000 0.000000 0.000000 0.000000 0.000000 0.000000 0.000000 0.000000
0.000000 0.000000 0.350204 0.350204 0.350204 0.350204 0.350204 0.350204 0.350204 0.350204 0.350204 0.350203 0.350203 0.350204 0.350204 0.350204 0.350205 0.350205 0.350204 0.000000 0.000000
0.000000 0.000000 0.350008 0.350008 0.350008 0.350007 0.350008 0.350008 0.350008 0.350008 0.350009 0.350008 0.350009 0.350009 0.350008 0.350007 0.350006 0.350006 0.350007 0.000000 0.000000
0.000000 0.000000 0.350146 0.350143 0.350137 0.350132 0.350132 0.350126 0.350129 0.350130 0.350127 0.350131 0.350132 0.350131 0.350134 0.350138 0.350143 0.350144 0.350146 0.000000 0.000000
0.000000 0.000000 0.351443 0.351449 0.351438 0.351421 0.351411 0.351405 0.351407 0.351405 0.351405 0.351408 0.351413 0.351411 0.351425 0.351432 0.351436 0.351442 0.351445 0.000000 0.000000
0.000000 0.000000 0.355004 0.355000 0.354984 0.354964 0.354932 0.354908 0.354906 0.354901 0.354904 0.354906 0.354910 0.354908 0.354924 0.354945 0.354956 0.354964 0.354972 0.000000 0.000000
0.000000 0.000000 0.360025 0.360016 0.359999 0.359965 0.359924 0.359872 0.359877 0.359874 0.359872 0.359872 0.359870 0.359876 0.359915 0.359947 0.359967 0.359983 0.359990 0.000000 0.000000
0.000000 0.000000 0.365970 0.365960 0.365946 0.365909 0.365867 0.365820 0.365823 0.365817 0.365815 0.365812 0.365811 0.365820 0.365857 0.365894 0.365927 0.365932 0.365947 0.000000 0.000000
0.000000 0.000000 0.372507 0.372491 0.372470 0.372442 0.372393 0.372335 0.372342 0.372331 0.372326 0.372324 0.372328 0.372326 0.372382 0.372424 0.372450 0.372461 0.372474 0.000000 0.000000
0.000000 0.000000 0.379669 0.379650 0.379633 0.379603 0.379538 0.379484 0.379487 0.379480 0.379471 0.379477 0.379485 0.379483 0.379527 0.379582 0.379612 0.379623 0.379630 0.000000 0.000000
0.000000 0.000000 0.387740 0.387728 0.387713 0.387641 0.387599 0.387528 0.387547 0.387510 0.387516 0.387511 0.387499 0.387523 0.387571 0.387605 0.387647 0.387665 0.387698 0.000000 0.000000
0.000000 0.000000 0.397098 0.397066 0.397024 0.396991 0.396928 0.396840 0.396842 0.396838 0.396854 0.396821 0.396839 0.396837 0.396925 0.396976 0.396998 0.397012 0.397083 0.000000 0.000000
0.000000 0.000000 0.407579 0.407551 0.407544 0.407462 0.407411 0.407153 0.407156 0.407143 0.407061 0.407112 0.407121 0.407146 0.407337 0.407384 0.407476 0.407484 0.407505 0.000000 0.000000
0.000000 0.000000 0.420444 0.420437 0.420363 0.420318 0.419956 0.420065 0.419997 0.420000 0.420049 0.420005 0.419999 0.419966 0.419865 0.420255 0.420274 0.420367 0.420423 0.000000 0.000000
0.000000 0.000000 0.435164 0.435122 0.435054 0.434597 0.434763 0.434487 0.434421 0.434395 0.434298 0.434261 0.434316 0.434320 0.434572 0.434419 0.435019 0.434883 0.434866 0.000000 0.000000
0.000000 0.000000 0.448723 0.448700 0.448184 0.448442 0.448349 0.448365 0.448594 0.448534 0.448657 0.448637 0.448541 0.448666 0.448605 0.448686 0.448123 0.448909 0.448898 0.000000 0.000000
0.000000 0.000000 0.460576 0.460181 0.460282 0.460114 0.459907 0.459840 0.459717 0.459746 0.459614 0.459630 0.459705 0.459629 0.459740 0.459895 0.460255 0.460001 0.460413 0.000000 0.000000
0.000000 0.000000 0.465633 0.465633 0.465866 0.465775 0.465686 0.465484 0.465458 0.465421 0.465444 0.465433 0.465456 0.465448 0.465635 0.465702 0.465877 0.465604 0.465611 0.000000 0.000000
0.000000 0.000000 0.350000 0.350000 0.350000 0.350000 0.350000 0.350000 0.350000 0.350000 0.350000 0.350000 0.350000 0.350000 0.350000 0.350000 0.350000 0.350000 0.350000 0.000000 0.000000
0.000000 0.000000 0.000000 0.000000 0.000000 0.000000 0.000000 0.000000 0.000000 0.000000 0.000000 0.000000 0.000000 0.000000 0.000000 0.000000 0.000000 0.000000 0.000000 0.000000 0.000000