geotop/1.0zi/1.0Montebello/Templates/testdem/maps/_Eocsilt8005.asc
ncols         21
nrows         20
xllcorner     100.000000
yllcorner     100.000000
cellsize      50.000000
NODATA_value  -9999.0
0.000000 0.000000 0.000000 0.000000 0.000000 0.000000 0.000000 0.000000 0.000000 0.000000 0.000000 0.000000 0.000000 0.000000 0.000000 0.000000 0.000000 0.000000 0.000000 0.000000 0.000000
0.000000 0.000000 0.350167 0.350168 0.350168 0.350168 0.350168 0.350168 0.350168 0.350168 0.350168 0.350167 0.350167 0.350167 0.350167 0.350168 0.350168 0.350168 0.350168 0.000000 0.000000
0.000000 0.000000 0.350005 0.350005 0.350005 0.350005 0.350006 0.350005 0.350006 0.350006 0.350006 0.350006 0.350006 0.350006 0.350006 0.350005 0.350003 0.350004 0.350005 0.000000 0.000000
0.000000 0.000000 0.350103 0.350099 0.350098 0.350091 0.350093 0.350087 0.350090 0.350091 0.350087 0.350090 0.350089 0.350090 0.350092 0.350095 0.350099 0.350099 0.350100 0.000000 0.000000
0.000000 0.000000 0.351011 0.351017 0.351012 0.351001 0.350994 0.350987 0.350983 0.350981 0.350981 0.350981 0.350982 0.350984 0.350998 0.351002 0.351006 0.351016 0.351018 0.000000 0.000000
0.000000 0.000000 0.353656 0.353656 0.353646 0.353629 0.353610 0.353588 0.353587 0.353581 0.353585 0.353585 0.353586 0.353585 0.353597 0.353610 0.353623 0.353631 0.353636 0.000000 0.000000
0.000000 0.000000 0.357448 0.357444 0.357432 0.357406 0.357373 0.357339 0.357339 0.357335 0.357336 0.357334 0.357331 0.357337 0.357366 0.357393 0.357411 0.357426 0.357433 0.000000 0.000000
0.000000 0.000000 0.361936 0.361934 0.361927 0.361899 0.361868 0.361830 0.361829 0.361825 0.361824 0.361821 0.361819 0.361825 0.361859 0.361887 0.361913 0.361919 0.361931 0.000000 0.000000
0.000000 0.000000 0.366756 0.366746 0.366731 0.366712 0.366679 0.366636 0.366637 0.366628 0.366626 0.366623 0.366625 0.366624 0.366666 0.366700 0.366722 0.366732 0.366743 0.000000 0.000000
0.000000 0.000000 0.371814 0.371805 0.371796 0.371778 0.371731 0.371692 0.371692 0.371687 0.371681 0.371684 0.371689 0.371687 0.371723 0.371762 0.371786 0.371794 0.371801 0.000000 0.000000
0.000000 0.000000 0.377265 0.377258 0.377249 0.377208 0.377176 0.377131 0.377140 0.377116 0.377119 0.377118 0.377109 0.377125 0.377157 0.377182 0.377213 0.377229 0.377249 0.000000 0.000000
0.000000 0.000000 0.383291 0.383275 0.383255 0.383230 0.383193 0.383136 0.383132 0.383125 0.383138 0.383119 0.383124 0.383128 0.383187 0.383216 0.383238 0.383249 0.383299 0.000000 0.000000
0.000000 0.000000 0.389774 0.389758 0.389750 0.389713 0.389681 0.389536 0.389534 0.389525 0.389488 0.389506 0.389515 0.389528 0.389639 0.389669 0.389724 0.389730 0.389755 0.000000 0.000000
0.000000 0.000000 0.397321 0.397316 0.397285 0.397259 0.397081 0.397089 0.397052 0.397052 0.397062 0.397052 0.397047 0.397039 0.397026 0.397211 0.397243 0.397291 0.397327 0.000000 0.000000
0.000000 0.000000 0.406161 0.406144 0.406107 0.405883 0.405895 0.405783 0.405731 0.405719 0.405682 0.405654 0.405678 0.405673 0.405783 0.405784 0.406079 0.406036 0.406043 0.000000 0.000000
0.000000 0.000000 0.415839 0.415823 0.415503 0.415579 0.415554 0.415519 0.415634 0.415595 0.415655 0.415631 0.415580 0.415659 0.415671 0.415690 0.415474 0.415928 0.415921 0.000000 0.000000
0.000000 0.000000 0.427789 0.427289 0.427371 0.427186 0.426933 0.426859 0.426731 0.426760 0.426615 0.426626 0.426707 0.426630 0.426755 0.426941 0.427351 0.427110 0.427627 0.000000 0.000000
0.000000 0.000000 0.432595 0.433035 0.433465 0.433457 0.433462 0.433049 0.433109 0.432990 0.433176 0.433137 0.433112 0.433174 0.433523 0.433518 0.433543 0.433195 0.432765 0.000000 0.000000
0.000000 0.000000 0.350000 0.350000 0.350000 0.350000 0.350000 0.350000 0.350000 0.350000 0.350000 0.350000 0.350000 0.350000 0.350000 0.350000 0.350000 0.350000 0.350000 0.000000 0.000000
0.000000 0.000000 0.000000 0.000000 0.000000 0.000000 0.000000 0.000000 0.000000 0.000000 0.000000 0.000000 0.000000 0.000000 0.000000 0.000000 0.000000 0.000000 0.000000 0.000000 0.000000