geotop/1.0zi/1.0Montebello/Templates/testdem/maps/_Eocsilt9098.asc
ncols         21
nrows         20
xllcorner     100.000000
yllcorner     100.000000
cellsize      50.000000
NODATA_value  -9999.0
0.000000 0.000000 0.000000 0.000000 0.000000 0.000000 0.000000 0.000000 0.000000 0.000000 0.000000 0.000000 0.000000 0.000000 0.000000 0.000000 0.000000 0.000000 0.000000 0.000000 0.000000
0.000000 0.000000 0.350194 0.350194 0.350194 0.350194 0.350194 0.350194 0.350194 0.350194 0.350194 0.350194 0.350194 0.350194 0.350194 0.350194 0.350195 0.350194 0.350194 0.000000 0.000000
0.000000 0.000000 0.350005 0.350005 0.350006 0.350005 0.350006 0.350006 0.350006 0.350006 0.350006 0.350006 0.350007 0.350007 0.350006 0.350005 0.350004 0.350004 0.350005 0.000000 0.000000
0.000000 0.000000 0.350123 0.350119 0.350114 0.350109 0.350109 0.350104 0.350107 0.350108 0.350104 0.350107 0.350107 0.350107 0.350110 0.350114 0.350119 0.350119 0.350122 0.000000 0.000000
0.000000 0.000000 0.351266 0.351270 0.351259 0.351243 0.351234 0.351229 0.351231 0.351228 0.351228 0.351229 0.351233 0.351232 0.351245 0.351252 0.351255 0.351258 0.351261 0.000000 0.000000
0.000000 0.000000 0.354510 0.354505 0.354490 0.354471 0.354443 0.354421 0.354419 0.354414 0.354417 0.354418 0.354421 0.354419 0.354433 0.354451 0.354461 0.354465 0.354472 0.000000 0.000000
0.000000 0.000000 0.359118 0.359108 0.359092 0.359061 0.359023 0.358977 0.358981 0.358977 0.358976 0.358975 0.358972 0.358977 0.359014 0.359043 0.359061 0.359073 0.359080 0.000000 0.000000
0.000000 0.000000 0.364560 0.364548 0.364536 0.364502 0.364464 0.364422 0.364424 0.364418 0.364416 0.364413 0.364411 0.364418 0.364454 0.364487 0.364516 0.364518 0.364532 0.000000 0.000000
0.000000 0.000000 0.370490 0.370474 0.370452 0.370427 0.370384 0.370333 0.370338 0.370328 0.370323 0.370321 0.370323 0.370321 0.370372 0.370411 0.370433 0.370439 0.370453 0.000000 0.000000
0.000000 0.000000 0.376899 0.376879 0.376864 0.376838 0.376779 0.376734 0.376736 0.376729 0.376721 0.376725 0.376731 0.376729 0.376769 0.376817 0.376843 0.376848 0.376855 0.000000 0.000000
0.000000 0.000000 0.384008 0.383994 0.383978 0.383918 0.383879 0.383822 0.383837 0.383803 0.383809 0.383804 0.383792 0.383812 0.383855 0.383884 0.383920 0.383931 0.383960 0.000000 0.000000
0.000000 0.000000 0.392115 0.392087 0.392050 0.392019 0.391965 0.391895 0.391894 0.391890 0.391902 0.391875 0.391887 0.391887 0.391963 0.392004 0.392022 0.392029 0.392092 0.000000 0.000000
0.000000 0.000000 0.401087 0.401055 0.401045 0.400982 0.400938 0.400730 0.400730 0.400719 0.400654 0.400691 0.400698 0.400718 0.400878 0.400916 0.400991 0.400989 0.401013 0.000000 0.000000
0.000000 0.000000 0.411961 0.411947 0.411887 0.411848 0.411557 0.411625 0.411571 0.411573 0.411603 0.411572 0.411565 0.411540 0.411481 0.411789 0.411810 0.411877 0.411925 0.000000 0.000000
0.000000 0.000000 0.424786 0.424743 0.424678 0.424301 0.424399 0.424191 0.424127 0.424107 0.424032 0.423994 0.424037 0.424035 0.424233 0.424148 0.424640 0.424526 0.424520 0.000000 0.000000
0.000000 0.000000 0.437951 0.437919 0.437411 0.437627 0.437556 0.437557 0.437771 0.437712 0.437824 0.437799 0.437707 0.437829 0.437794 0.437853 0.437353 0.438097 0.438085 0.000000 0.000000
0.000000 0.000000 0.451939 0.451350 0.451542 0.451280 0.450986 0.450896 0.450700 0.450748 0.450549 0.450572 0.450686 0.450566 0.450727 0.450943 0.451511 0.451067 0.451674 0.000000 0.000000
0.000000 0.000000 0.456229 0.456586 0.456961 0.456927 0.456917 0.456550 0.456601 0.456498 0.456658 0.456623 0.456604 0.456654 0.456963 0.456971 0.457011 0.456689 0.456332 0.000000 0.000000
0.000000 0.000000 0.350000 0.350000 0.350000 0.350000 0.350000 0.350000 0.350000 0.350000 0.350000 0.350000 0.350000 0.350000 0.350000 0.350000 0.350000 0.350000 0.350000 0.000000 0.000000
0.000000 0.000000 0.000000 0.000000 0.000000 0.000000 0.000000 0.000000 0.000000 0.000000 0.000000 0.000000 0.000000 0.000000 0.000000 0.000000 0.000000 0.000000 0.000000 0.000000 0.000000