geotop/1.0zi/1.0Montebello/Templates/testdem/maps/_Eocclay6971.asc
ncols         21
nrows         20
xllcorner     100.000000
yllcorner     100.000000
cellsize      50.000000
NODATA_value  -9999.0
0.000000 0.000000 0.000000 0.000000 0.000000 0.000000 0.000000 0.000000 0.000000 0.000000 0.000000 0.000000 0.000000 0.000000 0.000000 0.000000 0.000000 0.000000 0.000000 0.000000 0.000000
0.000000 0.000000 0.349687 0.349688 0.349688 0.349687 0.349689 0.349689 0.349688 0.349688 0.349687 0.349688 0.349688 0.349688 0.349689 0.349688 0.349687 0.349687 0.349688 0.000000 0.000000
0.000000 0.000000 0.349987 0.349987 0.349988 0.349988 0.349987 0.349987 0.349987 0.349987 0.349987 0.349986 0.349987 0.349986 0.349987 0.349987 0.349988 0.349988 0.349985 0.000000 0.000000
0.000000 0.000000 0.349977 0.349982 0.349978 0.349978 0.349980 0.349979 0.349981 0.349977 0.349982 0.349980 0.349980 0.349978 0.349979 0.349981 0.349979 0.349981 0.349981 0.000000 0.000000
0.000000 0.000000 0.350703 0.350702 0.350698 0.350695 0.350681 0.350679 0.350678 0.350681 0.350678 0.350679 0.350674 0.350678 0.350685 0.350686 0.350691 0.350693 0.350700 0.000000 0.000000
0.000000 0.000000 0.352880 0.352879 0.352868 0.352844 0.352833 0.352811 0.352813 0.352807 0.352811 0.352810 0.352812 0.352813 0.352821 0.352838 0.352849 0.352862 0.352869 0.000000 0.000000
0.000000 0.000000 0.355994 0.355991 0.355983 0.355963 0.355937 0.355904 0.355904 0.355898 0.355900 0.355901 0.355901 0.355901 0.355928 0.355954 0.355966 0.355977 0.355986 0.000000 0.000000
0.000000 0.000000 0.359710 0.359708 0.359701 0.359676 0.359651 0.359616 0.359616 0.359612 0.359612 0.359610 0.359608 0.359615 0.359643 0.359665 0.359686 0.359693 0.359706 0.000000 0.000000
0.000000 0.000000 0.363571 0.363566 0.363554 0.363539 0.363513 0.363477 0.363480 0.363472 0.363470 0.363469 0.363468 0.363468 0.363501 0.363530 0.363546 0.363553 0.363563 0.000000 0.000000
0.000000 0.000000 0.367566 0.367558 0.367552 0.367538 0.367499 0.367468 0.367469 0.367464 0.367460 0.367463 0.367467 0.367464 0.367493 0.367526 0.367544 0.367549 0.367558 0.000000 0.000000
0.000000 0.000000 0.371805 0.371800 0.371793 0.371764 0.371738 0.371700 0.371709 0.371689 0.371691 0.371692 0.371685 0.371697 0.371721 0.371741 0.371765 0.371777 0.371795 0.000000 0.000000
0.000000 0.000000 0.376367 0.376355 0.376341 0.376320 0.376293 0.376249 0.376248 0.376240 0.376251 0.376236 0.376239 0.376242 0.376286 0.376308 0.376324 0.376332 0.376375 0.000000 0.000000
0.000000 0.000000 0.381172 0.381160 0.381153 0.381127 0.381103 0.381000 0.381000 0.380992 0.380968 0.380980 0.380986 0.380995 0.381073 0.381096 0.381133 0.381137 0.381164 0.000000 0.000000
0.000000 0.000000 0.386572 0.386567 0.386547 0.386528 0.386415 0.386402 0.386378 0.386377 0.386377 0.386375 0.386373 0.386369 0.386372 0.386491 0.386517 0.386548 0.386579 0.000000 0.000000
0.000000 0.000000 0.392717 0.392708 0.392681 0.392550 0.392532 0.392467 0.392428 0.392421 0.392399 0.392383 0.392397 0.392391 0.392450 0.392480 0.392656 0.392637 0.392651 0.000000 0.000000
0.000000 0.000000 0.399390 0.399380 0.399198 0.399204 0.399195 0.399157 0.399212 0.399188 0.399215 0.399196 0.399171 0.399214 0.399234 0.399246 0.399176 0.399417 0.399419 0.000000 0.000000
0.000000 0.000000 0.407460 0.407186 0.407163 0.407079 0.406942 0.406896 0.406852 0.406859 0.406791 0.406791 0.406825 0.406798 0.406864 0.406967 0.407147 0.407108 0.407390 0.000000 0.000000
0.000000 0.000000 0.412275 0.412418 0.412676 0.412638 0.412592 0.412345 0.412356 0.412294 0.412368 0.412349 0.412351 0.412370 0.412589 0.412622 0.412717 0.412473 0.412344 0.000000 0.000000
0.000000 0.000000 0.350000 0.350000 0.350000 0.350000 0.350000 0.350000 0.350000 0.350000 0.350000 0.350000 0.350000 0.350000 0.350000 0.350000 0.350000 0.350000 0.350000 0.000000 0.000000
0.000000 0.000000 0.000000 0.000000 0.000000 0.000000 0.000000 0.000000 0.000000 0.000000 0.000000 0.000000 0.000000 0.000000 0.000000 0.000000 0.000000 0.000000 0.000000 0.000000 0.000000