geotop/1.0zi/1.0Montebello/Templates/testdem/maps/_Eocsand0571.asc
ncols         21
nrows         20
xllcorner     100.000000
yllcorner     100.000000
cellsize      50.000000
NODATA_value  -9999.0
0.000000 0.000000 0.000000 0.000000 0.000000 0.000000 0.000000 0.000000 0.000000 0.000000 0.000000 0.000000 0.000000 0.000000 0.000000 0.000000 0.000000 0.000000 0.000000 0.000000 0.000000
0.000000 0.000000 0.300021 0.300021 0.300021 0.300021 0.300021 0.300021 0.300021 0.300021 0.300021 0.300021 0.300021 0.300021 0.300021 0.300021 0.300021 0.300021 0.300021 0.000000 0.000000
0.000000 0.000000 0.300005 0.300006 0.300006 0.300006 0.300005 0.300005 0.300005 0.300005 0.300005 0.300005 0.300005 0.300005 0.300005 0.300006 0.300006 0.300006 0.300005 0.000000 0.000000
0.000000 0.000000 0.299436 0.299436 0.299441 0.299436 0.299436 0.299436 0.299436 0.299436 0.299436 0.299436 0.299436 0.299436 0.299436 0.299436 0.299441 0.299436 0.299436 0.000000 0.000000
0.000000 0.000000 0.297595 0.297595 0.297599 0.297595 0.297595 0.297595 0.297595 0.297595 0.297595 0.297595 0.297595 0.297595 0.297595 0.297595 0.297599 0.297595 0.297595 0.000000 0.000000
0.000000 0.000000 0.295649 0.295649 0.295653 0.295649 0.295649 0.295649 0.295649 0.295649 0.295649 0.295649 0.295649 0.295649 0.295649 0.295649 0.295653 0.295649 0.295649 0.000000 0.000000
0.000000 0.000000 0.293836 0.293836 0.293839 0.293836 0.293836 0.293836 0.293836 0.293836 0.293836 0.293836 0.293836 0.293836 0.293836 0.293836 0.293839 0.293836 0.293836 0.000000 0.000000
0.000000 0.000000 0.292151 0.292151 0.292154 0.292151 0.292151 0.292151 0.292151 0.292151 0.292151 0.292151 0.292151 0.292151 0.292151 0.292151 0.292154 0.292151 0.292151 0.000000 0.000000
0.000000 0.000000 0.290557 0.290557 0.290560 0.290558 0.290557 0.290557 0.290557 0.290557 0.290557 0.290557 0.290557 0.290557 0.290557 0.290558 0.290560 0.290557 0.290557 0.000000 0.000000
0.000000 0.000000 0.289019 0.289019 0.289022 0.289019 0.289019 0.289019 0.289019 0.289019 0.289019 0.289019 0.289019 0.289019 0.289019 0.289019 0.289022 0.289019 0.289019 0.000000 0.000000
0.000000 0.000000 0.287522 0.287522 0.287524 0.287522 0.287521 0.287521 0.287521 0.287521 0.287521 0.287521 0.287521 0.287521 0.287521 0.287522 0.287524 0.287522 0.287522 0.000000 0.000000
0.000000 0.000000 0.286053 0.286053 0.286055 0.286053 0.286052 0.286052 0.286052 0.286052 0.286052 0.286052 0.286052 0.286052 0.286052 0.286053 0.286055 0.286053 0.286053 0.000000 0.000000
0.000000 0.000000 0.284608 0.284608 0.284611 0.284609 0.284608 0.284608 0.284608 0.284608 0.284608 0.284608 0.284608 0.284608 0.284608 0.284609 0.284611 0.284608 0.284608 0.000000 0.000000
0.000000 0.000000 0.283185 0.283185 0.283188 0.283186 0.283185 0.283185 0.283185 0.283185 0.283185 0.283185 0.283185 0.283185 0.283185 0.283186 0.283188 0.283185 0.283185 0.000000 0.000000
0.000000 0.000000 0.281776 0.281776 0.281778 0.281776 0.281775 0.281775 0.281775 0.281775 0.281775 0.281775 0.281775 0.281775 0.281775 0.281776 0.281778 0.281776 0.281776 0.000000 0.000000
0.000000 0.000000 0.280372 0.280372 0.280374 0.280372 0.280371 0.280371 0.280371 0.280371 0.280371 0.280371 0.280371 0.280371 0.280371 0.280372 0.280374 0.280372 0.280372 0.000000 0.000000
0.000000 0.000000 0.278982 0.278982 0.278984 0.278982 0.278982 0.278981 0.278981 0.278982 0.278982 0.278982 0.278981 0.278981 0.278982 0.278982 0.278984 0.278982 0.278982 0.000000 0.000000
0.000000 0.000000 0.277574 0.277574 0.277577 0.277574 0.277574 0.277574 0.277574 0.277574 0.277574 0.277574 0.277574 0.277574 0.277574 0.277574 0.277577 0.277574 0.277574 0.000000 0.000000
0.000000 0.000000 0.300000 0.300000 0.300000 0.300000 0.300000 0.300000 0.300000 0.300000 0.300000 0.300000 0.300000 0.300000 0.300000 0.300000 0.300000 0.300000 0.300000 0.000000 0.000000
0.000000 0.000000 0.000000 0.000000 0.000000 0.000000 0.000000 0.000000 0.000000 0.000000 0.000000 0.000000 0.000000 0.000000 0.000000 0.000000 0.000000 0.000000 0.000000 0.000000 0.000000