geotop/1.0zi/1.0Montebello/Templates/testdem/maps/_Eocsand7990.asc
ncols         21
nrows         20
xllcorner     100.000000
yllcorner     100.000000
cellsize      50.000000
NODATA_value  -9999.0
0.000000 0.000000 0.000000 0.000000 0.000000 0.000000 0.000000 0.000000 0.000000 0.000000 0.000000 0.000000 0.000000 0.000000 0.000000 0.000000 0.000000 0.000000 0.000000 0.000000 0.000000
0.000000 0.000000 0.300204 0.300201 0.300201 0.300202 0.300201 0.300201 0.300201 0.300201 0.300202 0.300201 0.300201 0.300201 0.300201 0.300201 0.300202 0.300202 0.300202 0.000000 0.000000
0.000000 0.000000 0.300011 0.300012 0.300011 0.300010 0.300011 0.300012 0.300011 0.300011 0.300012 0.300012 0.300011 0.300011 0.300011 0.300011 0.300012 0.300013 0.300013 0.000000 0.000000
0.000000 0.000000 0.299894 0.299893 0.299898 0.299906 0.299901 0.299909 0.299904 0.299907 0.299907 0.299907 0.299907 0.299908 0.299903 0.299899 0.299896 0.299893 0.299893 0.000000 0.000000
0.000000 0.000000 0.297991 0.297988 0.297997 0.298012 0.298035 0.298044 0.298051 0.298050 0.298054 0.298053 0.298056 0.298050 0.298026 0.298020 0.298008 0.297996 0.297988 0.000000 0.000000
0.000000 0.000000 0.292548 0.292549 0.292572 0.292618 0.292652 0.292699 0.292699 0.292712 0.292704 0.292705 0.292701 0.292701 0.292677 0.292644 0.292616 0.292594 0.292583 0.000000 0.000000
0.000000 0.000000 0.284912 0.284920 0.284940 0.284991 0.285055 0.285128 0.285129 0.285138 0.285136 0.285138 0.285140 0.285134 0.285071 0.285014 0.284979 0.284952 0.284937 0.000000 0.000000
0.000000 0.000000 0.275868 0.275873 0.275889 0.275947 0.276008 0.276089 0.276089 0.276098 0.276100 0.276106 0.276110 0.276095 0.276027 0.275972 0.275920 0.275905 0.275880 0.000000 0.000000
0.000000 0.000000 0.266230 0.266247 0.266277 0.266315 0.266380 0.266466 0.266462 0.266481 0.266486 0.266491 0.266488 0.266490 0.266406 0.266338 0.266296 0.266276 0.266256 0.000000 0.000000
0.000000 0.000000 0.256078 0.256097 0.256114 0.256152 0.256246 0.256324 0.256324 0.256333 0.256346 0.256340 0.256328 0.256333 0.256262 0.256183 0.256134 0.256119 0.256104 0.000000 0.000000
0.000000 0.000000 0.245092 0.245105 0.245124 0.245205 0.245271 0.245362 0.245343 0.245393 0.245386 0.245389 0.245406 0.245374 0.245309 0.245259 0.245197 0.245165 0.245124 0.000000 0.000000
0.000000 0.000000 0.232947 0.232981 0.233020 0.233072 0.233146 0.233261 0.233268 0.233282 0.233256 0.233296 0.233285 0.233278 0.233160 0.233100 0.233057 0.233034 0.232932 0.000000 0.000000
0.000000 0.000000 0.219865 0.219898 0.219914 0.219989 0.220054 0.220347 0.220351 0.220369 0.220445 0.220407 0.220390 0.220363 0.220139 0.220078 0.219966 0.219955 0.219904 0.000000 0.000000
0.000000 0.000000 0.204616 0.204628 0.204690 0.204743 0.205105 0.205087 0.205162 0.205162 0.205143 0.205164 0.205173 0.205188 0.205214 0.204839 0.204774 0.204677 0.204605 0.000000 0.000000
0.000000 0.000000 0.186722 0.186756 0.186833 0.187286 0.187262 0.187489 0.187595 0.187621 0.187695 0.187751 0.187702 0.187712 0.187491 0.187488 0.186889 0.186977 0.186962 0.000000 0.000000
0.000000 0.000000 0.167075 0.167107 0.167760 0.167606 0.167656 0.167727 0.167492 0.167570 0.167448 0.167498 0.167602 0.167440 0.167417 0.167378 0.167820 0.166894 0.166908 0.000000 0.000000
0.000000 0.000000 0.142649 0.143681 0.143513 0.143893 0.144412 0.144564 0.144828 0.144768 0.145066 0.145044 0.144876 0.145036 0.144778 0.144395 0.143553 0.144050 0.142984 0.000000 0.000000
0.000000 0.000000 0.132879 0.131956 0.131057 0.131072 0.131056 0.131918 0.131791 0.132038 0.131650 0.131731 0.131783 0.131654 0.130928 0.130941 0.130894 0.131621 0.132523 0.000000 0.000000
0.000000 0.000000 0.300000 0.300000 0.300000 0.300000 0.300000 0.300000 0.300000 0.300000 0.300000 0.300000 0.300000 0.300000 0.300000 0.300000 0.300000 0.300000 0.300000 0.000000 0.000000
0.000000 0.000000 0.000000 0.000000 0.000000 0.000000 0.000000 0.000000 0.000000 0.000000 0.000000 0.000000 0.000000 0.000000 0.000000 0.000000 0.000000 0.000000 0.000000 0.000000 0.000000