geotop/1.0zi/1.0Montebello/Templates/testdem/maps/_Eocclay6255.asc
ncols         21
nrows         20
xllcorner     100.000000
yllcorner     100.000000
cellsize      50.000000
NODATA_value  -9999.0
0.000000 0.000000 0.000000 0.000000 0.000000 0.000000 0.000000 0.000000 0.000000 0.000000 0.000000 0.000000 0.000000 0.000000 0.000000 0.000000 0.000000 0.000000 0.000000 0.000000 0.000000
0.000000 0.000000 0.349723 0.349724 0.349724 0.349723 0.349724 0.349724 0.349724 0.349724 0.349723 0.349724 0.349724 0.349724 0.349724 0.349724 0.349722 0.349722 0.349724 0.000000 0.000000
0.000000 0.000000 0.349989 0.349989 0.349989 0.349990 0.349988 0.349988 0.349988 0.349988 0.349988 0.349988 0.349989 0.349987 0.349989 0.349989 0.349990 0.349990 0.349987 0.000000 0.000000
0.000000 0.000000 0.349981 0.349985 0.349981 0.349982 0.349983 0.349983 0.349984 0.349981 0.349986 0.349983 0.349983 0.349983 0.349983 0.349985 0.349983 0.349985 0.349984 0.000000 0.000000
0.000000 0.000000 0.350563 0.350563 0.350560 0.350557 0.350544 0.350542 0.350542 0.350545 0.350542 0.350541 0.350536 0.350538 0.350545 0.350544 0.350549 0.350551 0.350559 0.000000 0.000000
0.000000 0.000000 0.352330 0.352330 0.352323 0.352301 0.352294 0.352276 0.352276 0.352271 0.352274 0.352275 0.352279 0.352279 0.352284 0.352297 0.352307 0.352318 0.352323 0.000000 0.000000
0.000000 0.000000 0.354964 0.354962 0.354957 0.354939 0.354916 0.354888 0.354887 0.354882 0.354884 0.354886 0.354886 0.354885 0.354908 0.354931 0.354942 0.354951 0.354959 0.000000 0.000000
0.000000 0.000000 0.358136 0.358136 0.358132 0.358110 0.358088 0.358057 0.358057 0.358054 0.358054 0.358053 0.358051 0.358057 0.358081 0.358101 0.358118 0.358124 0.358135 0.000000 0.000000
0.000000 0.000000 0.361398 0.361395 0.361386 0.361373 0.361351 0.361321 0.361322 0.361316 0.361314 0.361314 0.361314 0.361313 0.361342 0.361365 0.361380 0.361385 0.361394 0.000000 0.000000
0.000000 0.000000 0.364729 0.364723 0.364719 0.364708 0.364676 0.364648 0.364649 0.364645 0.364641 0.364645 0.364649 0.364645 0.364671 0.364698 0.364714 0.364717 0.364725 0.000000 0.000000
0.000000 0.000000 0.368213 0.368210 0.368206 0.368183 0.368161 0.368129 0.368136 0.368120 0.368120 0.368122 0.368117 0.368127 0.368147 0.368163 0.368182 0.368192 0.368207 0.000000 0.000000
0.000000 0.000000 0.371904 0.371898 0.371887 0.371869 0.371848 0.371810 0.371811 0.371803 0.371811 0.371801 0.371803 0.371806 0.371842 0.371859 0.371872 0.371878 0.371915 0.000000 0.000000
0.000000 0.000000 0.375737 0.375728 0.375723 0.375703 0.375685 0.375604 0.375604 0.375597 0.375579 0.375589 0.375594 0.375601 0.375661 0.375678 0.375708 0.375711 0.375736 0.000000 0.000000
0.000000 0.000000 0.379946 0.379941 0.379929 0.379914 0.379833 0.379815 0.379797 0.379796 0.379791 0.379793 0.379792 0.379789 0.379799 0.379883 0.379908 0.379928 0.379955 0.000000 0.000000
0.000000 0.000000 0.384642 0.384637 0.384618 0.384529 0.384505 0.384458 0.384427 0.384421 0.384405 0.384395 0.384406 0.384400 0.384440 0.384474 0.384598 0.384587 0.384603 0.000000 0.000000
0.000000 0.000000 0.389664 0.389658 0.389538 0.389525 0.389519 0.389490 0.389518 0.389503 0.389516 0.389502 0.389487 0.389514 0.389533 0.389542 0.389521 0.389675 0.389678 0.000000 0.000000
0.000000 0.000000 0.395534 0.395367 0.395324 0.395275 0.395193 0.395159 0.395140 0.395140 0.395101 0.395099 0.395117 0.395106 0.395150 0.395212 0.395312 0.395327 0.395500 0.000000 0.000000
0.000000 0.000000 0.399573 0.399609 0.399765 0.399729 0.399680 0.399526 0.399524 0.399488 0.399519 0.399509 0.399516 0.399523 0.399666 0.399701 0.399790 0.399633 0.399608 0.000000 0.000000
0.000000 0.000000 0.350000 0.350000 0.350000 0.350000 0.350000 0.350000 0.350000 0.350000 0.350000 0.350000 0.350000 0.350000 0.350000 0.350000 0.350000 0.350000 0.350000 0.000000 0.000000
0.000000 0.000000 0.000000 0.000000 0.000000 0.000000 0.000000 0.000000 0.000000 0.000000 0.000000 0.000000 0.000000 0.000000 0.000000 0.000000 0.000000 0.000000 0.000000 0.000000 0.000000