geotop/1.0zi/1.0Montebello/Templates/testdem/maps/_Eocclay2726.asc
ncols         21
nrows         20
xllcorner     100.000000
yllcorner     100.000000
cellsize      50.000000
NODATA_value  -9999.0
0.000000 0.000000 0.000000 0.000000 0.000000 0.000000 0.000000 0.000000 0.000000 0.000000 0.000000 0.000000 0.000000 0.000000 0.000000 0.000000 0.000000 0.000000 0.000000 0.000000 0.000000
0.000000 0.000000 0.349852 0.349852 0.349852 0.349852 0.349852 0.349852 0.349852 0.349852 0.349851 0.349852 0.349852 0.349852 0.349852 0.349852 0.349852 0.349852 0.349852 0.000000 0.000000
0.000000 0.000000 0.349990 0.349990 0.349989 0.349990 0.349990 0.349990 0.349990 0.349990 0.349990 0.349990 0.349990 0.349990 0.349990 0.349990 0.349989 0.349990 0.349990 0.000000 0.000000
0.000000 0.000000 0.350849 0.350849 0.350847 0.350848 0.350849 0.350849 0.350849 0.350849 0.350849 0.350849 0.350849 0.350849 0.350849 0.350848 0.350847 0.350849 0.350849 0.000000 0.000000
0.000000 0.000000 0.354795 0.354794 0.354793 0.354793 0.354796 0.354795 0.354795 0.354797 0.354797 0.354797 0.354795 0.354795 0.354796 0.354793 0.354793 0.354794 0.354795 0.000000 0.000000
0.000000 0.000000 0.359351 0.359350 0.359348 0.359349 0.359351 0.359350 0.359350 0.359351 0.359352 0.359351 0.359350 0.359350 0.359351 0.359349 0.359348 0.359350 0.359351 0.000000 0.000000
0.000000 0.000000 0.363671 0.363670 0.363669 0.363669 0.363671 0.363670 0.363670 0.363671 0.363672 0.363671 0.363670 0.363670 0.363671 0.363669 0.363669 0.363670 0.363671 0.000000 0.000000
0.000000 0.000000 0.367630 0.367630 0.367629 0.367629 0.367631 0.367630 0.367630 0.367631 0.367631 0.367631 0.367630 0.367630 0.367631 0.367629 0.367629 0.367630 0.367630 0.000000 0.000000
0.000000 0.000000 0.371315 0.371315 0.371313 0.371314 0.371315 0.371315 0.371315 0.371315 0.371316 0.371315 0.371315 0.371315 0.371315 0.371314 0.371313 0.371315 0.371315 0.000000 0.000000
0.000000 0.000000 0.374808 0.374808 0.374807 0.374807 0.374809 0.374808 0.374808 0.374809 0.374809 0.374809 0.374808 0.374808 0.374809 0.374807 0.374807 0.374808 0.374808 0.000000 0.000000
0.000000 0.000000 0.378153 0.378152 0.378151 0.378152 0.378153 0.378152 0.378152 0.378153 0.378153 0.378153 0.378152 0.378152 0.378153 0.378152 0.378151 0.378152 0.378153 0.000000 0.000000
0.000000 0.000000 0.381379 0.381379 0.381378 0.381378 0.381380 0.381379 0.381379 0.381380 0.381380 0.381380 0.381379 0.381379 0.381380 0.381378 0.381378 0.381379 0.381379 0.000000 0.000000
0.000000 0.000000 0.384512 0.384512 0.384511 0.384511 0.384513 0.384512 0.384512 0.384513 0.384513 0.384513 0.384512 0.384512 0.384513 0.384511 0.384511 0.384512 0.384512 0.000000 0.000000
0.000000 0.000000 0.387568 0.387568 0.387567 0.387567 0.387568 0.387568 0.387568 0.387569 0.387569 0.387569 0.387568 0.387568 0.387568 0.387567 0.387567 0.387568 0.387568 0.000000 0.000000
0.000000 0.000000 0.390555 0.390555 0.390554 0.390554 0.390555 0.390555 0.390555 0.390555 0.390556 0.390555 0.390555 0.390555 0.390555 0.390554 0.390554 0.390555 0.390555 0.000000 0.000000
0.000000 0.000000 0.393479 0.393479 0.393478 0.393478 0.393479 0.393479 0.393479 0.393480 0.393480 0.393480 0.393479 0.393479 0.393479 0.393478 0.393478 0.393479 0.393479 0.000000 0.000000
0.000000 0.000000 0.396344 0.396344 0.396342 0.396343 0.396344 0.396344 0.396344 0.396344 0.396344 0.396344 0.396344 0.396344 0.396344 0.396343 0.396342 0.396344 0.396344 0.000000 0.000000
0.000000 0.000000 0.399192 0.399192 0.399191 0.399191 0.399193 0.399192 0.399192 0.399193 0.399193 0.399193 0.399192 0.399192 0.399193 0.399191 0.399191 0.399192 0.399192 0.000000 0.000000
0.000000 0.000000 0.350000 0.350000 0.350000 0.350000 0.350000 0.350000 0.350000 0.350000 0.350000 0.350000 0.350000 0.350000 0.350000 0.350000 0.350000 0.350000 0.350000 0.000000 0.000000
0.000000 0.000000 0.000000 0.000000 0.000000 0.000000 0.000000 0.000000 0.000000 0.000000 0.000000 0.000000 0.000000 0.000000 0.000000 0.000000 0.000000 0.000000 0.000000 0.000000 0.000000