geotop/1.0zi/1.0Montebello/Templates/testdem/maps/_Eocsand7509.asc
ncols         21
nrows         20
xllcorner     100.000000
yllcorner     100.000000
cellsize      50.000000
NODATA_value  -9999.0
0.000000 0.000000 0.000000 0.000000 0.000000 0.000000 0.000000 0.000000 0.000000 0.000000 0.000000 0.000000 0.000000 0.000000 0.000000 0.000000 0.000000 0.000000 0.000000 0.000000 0.000000
0.000000 0.000000 0.300189 0.300187 0.300187 0.300188 0.300187 0.300186 0.300187 0.300187 0.300188 0.300187 0.300187 0.300187 0.300187 0.300187 0.300188 0.300188 0.300188 0.000000 0.000000
0.000000 0.000000 0.300010 0.300011 0.300010 0.300009 0.300010 0.300011 0.300010 0.300010 0.300010 0.300010 0.300009 0.300010 0.300010 0.300010 0.300011 0.300011 0.300012 0.000000 0.000000
0.000000 0.000000 0.299894 0.299893 0.299898 0.299905 0.299901 0.299909 0.299904 0.299906 0.299906 0.299906 0.299906 0.299908 0.299903 0.299898 0.299896 0.299893 0.299893 0.000000 0.000000
0.000000 0.000000 0.298089 0.298085 0.298093 0.298109 0.298130 0.298139 0.298146 0.298144 0.298148 0.298146 0.298150 0.298144 0.298121 0.298115 0.298105 0.298093 0.298084 0.000000 0.000000
0.000000 0.000000 0.293168 0.293169 0.293189 0.293231 0.293262 0.293306 0.293306 0.293317 0.293311 0.293310 0.293308 0.293307 0.293285 0.293254 0.293229 0.293207 0.293196 0.000000 0.000000
0.000000 0.000000 0.286242 0.286249 0.286267 0.286315 0.286374 0.286441 0.286442 0.286450 0.286449 0.286449 0.286453 0.286447 0.286387 0.286334 0.286303 0.286276 0.286261 0.000000 0.000000
0.000000 0.000000 0.277994 0.277997 0.278010 0.278064 0.278120 0.278194 0.278195 0.278202 0.278205 0.278210 0.278214 0.278200 0.278136 0.278086 0.278037 0.278022 0.277998 0.000000 0.000000
0.000000 0.000000 0.269268 0.269282 0.269308 0.269342 0.269402 0.269482 0.269477 0.269494 0.269500 0.269503 0.269502 0.269503 0.269425 0.269362 0.269324 0.269304 0.269285 0.000000 0.000000
0.000000 0.000000 0.260164 0.260181 0.260194 0.260227 0.260312 0.260383 0.260382 0.260391 0.260403 0.260397 0.260387 0.260392 0.260326 0.260253 0.260209 0.260194 0.260180 0.000000 0.000000
0.000000 0.000000 0.250420 0.250432 0.250447 0.250517 0.250577 0.250659 0.250641 0.250684 0.250680 0.250681 0.250698 0.250668 0.250610 0.250564 0.250509 0.250479 0.250442 0.000000 0.000000
0.000000 0.000000 0.239773 0.239801 0.239833 0.239879 0.239944 0.240046 0.240050 0.240064 0.240042 0.240076 0.240068 0.240060 0.239955 0.239903 0.239864 0.239843 0.239750 0.000000 0.000000
0.000000 0.000000 0.228433 0.228461 0.228475 0.228537 0.228594 0.228843 0.228846 0.228861 0.228924 0.228894 0.228879 0.228856 0.228664 0.228611 0.228516 0.228504 0.228453 0.000000 0.000000
0.000000 0.000000 0.215434 0.215444 0.215493 0.215538 0.215831 0.215835 0.215897 0.215896 0.215889 0.215901 0.215909 0.215919 0.215926 0.215621 0.215560 0.215479 0.215414 0.000000 0.000000
0.000000 0.000000 0.200384 0.200408 0.200472 0.200825 0.200836 0.201009 0.201100 0.201119 0.201179 0.201223 0.201186 0.201196 0.201028 0.200991 0.200520 0.200578 0.200557 0.000000 0.000000
0.000000 0.000000 0.183908 0.183934 0.184434 0.184360 0.184391 0.184466 0.184298 0.184360 0.184277 0.184322 0.184397 0.184273 0.184234 0.184207 0.184480 0.183785 0.183793 0.000000 0.000000
0.000000 0.000000 0.163552 0.164338 0.164290 0.164553 0.164948 0.165068 0.165236 0.165199 0.165414 0.165403 0.165290 0.165390 0.165194 0.164902 0.164321 0.164578 0.163769 0.000000 0.000000
0.000000 0.000000 0.153502 0.152907 0.152176 0.152229 0.152276 0.152961 0.152894 0.153078 0.152816 0.152876 0.152896 0.152815 0.152219 0.152188 0.152044 0.152678 0.153248 0.000000 0.000000
0.000000 0.000000 0.300000 0.300000 0.300000 0.300000 0.300000 0.300000 0.300000 0.300000 0.300000 0.300000 0.300000 0.300000 0.300000 0.300000 0.300000 0.300000 0.300000 0.000000 0.000000
0.000000 0.000000 0.000000 0.000000 0.000000 0.000000 0.000000 0.000000 0.000000 0.000000 0.000000 0.000000 0.000000 0.000000 0.000000 0.000000 0.000000 0.000000 0.000000 0.000000 0.000000