geotop/1.0zi/1.0Montebello/Templates/testdem/maps/_Eocsilt1249.asc
ncols         21
nrows         20
xllcorner     100.000000
yllcorner     100.000000
cellsize      50.000000
NODATA_value  -9999.0
0.000000 0.000000 0.000000 0.000000 0.000000 0.000000 0.000000 0.000000 0.000000 0.000000 0.000000 0.000000 0.000000 0.000000 0.000000 0.000000 0.000000 0.000000 0.000000 0.000000 0.000000
0.000000 0.000000 0.350025 0.350025 0.350025 0.350025 0.350025 0.350025 0.350025 0.350025 0.350025 0.350025 0.350025 0.350025 0.350025 0.350025 0.350025 0.350025 0.350025 0.000000 0.000000
0.000000 0.000000 0.350000 0.350000 0.350000 0.350000 0.350000 0.350000 0.350000 0.350000 0.350000 0.350000 0.350000 0.350000 0.350000 0.350000 0.350000 0.350000 0.350000 0.000000 0.000000
0.000000 0.000000 0.350567 0.350566 0.350564 0.350565 0.350567 0.350567 0.350567 0.350567 0.350567 0.350567 0.350567 0.350567 0.350567 0.350565 0.350564 0.350566 0.350567 0.000000 0.000000
0.000000 0.000000 0.352353 0.352352 0.352350 0.352350 0.352353 0.352352 0.352352 0.352353 0.352353 0.352353 0.352352 0.352352 0.352353 0.352350 0.352350 0.352352 0.352353 0.000000 0.000000
0.000000 0.000000 0.354522 0.354521 0.354520 0.354520 0.354522 0.354522 0.354522 0.354522 0.354522 0.354522 0.354522 0.354522 0.354522 0.354520 0.354520 0.354521 0.354522 0.000000 0.000000
0.000000 0.000000 0.356515 0.356514 0.356512 0.356513 0.356515 0.356514 0.356514 0.356515 0.356515 0.356515 0.356514 0.356514 0.356515 0.356513 0.356512 0.356514 0.356515 0.000000 0.000000
0.000000 0.000000 0.358341 0.358340 0.358339 0.358339 0.358341 0.358340 0.358340 0.358341 0.358341 0.358341 0.358340 0.358340 0.358341 0.358339 0.358339 0.358340 0.358341 0.000000 0.000000
0.000000 0.000000 0.360050 0.360050 0.360048 0.360048 0.360050 0.360050 0.360050 0.360050 0.360050 0.360050 0.360050 0.360050 0.360050 0.360048 0.360048 0.360050 0.360050 0.000000 0.000000
0.000000 0.000000 0.361688 0.361687 0.361686 0.361686 0.361688 0.361687 0.361687 0.361688 0.361688 0.361688 0.361687 0.361687 0.361688 0.361686 0.361686 0.361687 0.361688 0.000000 0.000000
0.000000 0.000000 0.363271 0.363271 0.363269 0.363270 0.363271 0.363271 0.363271 0.363271 0.363271 0.363271 0.363271 0.363271 0.363271 0.363270 0.363269 0.363271 0.363271 0.000000 0.000000
0.000000 0.000000 0.364817 0.364817 0.364815 0.364816 0.364817 0.364817 0.364817 0.364817 0.364817 0.364817 0.364817 0.364817 0.364817 0.364816 0.364815 0.364817 0.364817 0.000000 0.000000
0.000000 0.000000 0.366336 0.366336 0.366335 0.366335 0.366336 0.366336 0.366336 0.366337 0.366337 0.366337 0.366336 0.366336 0.366336 0.366335 0.366335 0.366336 0.366336 0.000000 0.000000
0.000000 0.000000 0.367829 0.367829 0.367828 0.367828 0.367829 0.367829 0.367829 0.367829 0.367829 0.367829 0.367829 0.367829 0.367829 0.367828 0.367828 0.367829 0.367829 0.000000 0.000000
0.000000 0.000000 0.369303 0.369303 0.369301 0.369302 0.369303 0.369303 0.369303 0.369303 0.369303 0.369303 0.369303 0.369303 0.369303 0.369302 0.369301 0.369303 0.369303 0.000000 0.000000
0.000000 0.000000 0.370763 0.370762 0.370761 0.370762 0.370763 0.370763 0.370763 0.370763 0.370763 0.370763 0.370763 0.370763 0.370763 0.370762 0.370761 0.370762 0.370763 0.000000 0.000000
0.000000 0.000000 0.372208 0.372208 0.372207 0.372207 0.372208 0.372208 0.372208 0.372208 0.372208 0.372208 0.372208 0.372208 0.372208 0.372207 0.372207 0.372208 0.372208 0.000000 0.000000
0.000000 0.000000 0.373682 0.373682 0.373681 0.373682 0.373683 0.373683 0.373683 0.373683 0.373683 0.373683 0.373683 0.373683 0.373683 0.373682 0.373681 0.373682 0.373683 0.000000 0.000000
0.000000 0.000000 0.350000 0.350000 0.350000 0.350000 0.350000 0.350000 0.350000 0.350000 0.350000 0.350000 0.350000 0.350000 0.350000 0.350000 0.350000 0.350000 0.350000 0.000000 0.000000
0.000000 0.000000 0.000000 0.000000 0.000000 0.000000 0.000000 0.000000 0.000000 0.000000 0.000000 0.000000 0.000000 0.000000 0.000000 0.000000 0.000000 0.000000 0.000000 0.000000 0.000000