geotop/1.0zi/1.0Montebello/Templates/testdem/maps/_Eocclay099m.asc
ncols         21
nrows         20
xllcorner     100.000000
yllcorner     100.000000
cellsize      50.000000
NODATA_value  -9999.0
0.000000 0.000000 0.000000 0.000000 0.000000 0.000000 0.000000 0.000000 0.000000 0.000000 0.000000 0.000000 0.000000 0.000000 0.000000 0.000000 0.000000 0.000000 0.000000 0.000000 0.000000
0.000000 0.000000 0.349482 0.349484 0.349484 0.349483 0.349485 0.349485 0.349484 0.349485 0.349484 0.349485 0.349485 0.349484 0.349485 0.349484 0.349483 0.349483 0.349484 0.000000 0.000000
0.000000 0.000000 0.349978 0.349976 0.349976 0.349978 0.349975 0.349975 0.349976 0.349975 0.349975 0.349976 0.349976 0.349975 0.349976 0.349977 0.349977 0.349977 0.349976 0.000000 0.000000
0.000000 0.000000 0.350112 0.350125 0.350119 0.350113 0.350116 0.350115 0.350119 0.350118 0.350118 0.350116 0.350117 0.350118 0.350119 0.350122 0.350122 0.350121 0.350120 0.000000 0.000000
0.000000 0.000000 0.352127 0.352115 0.352106 0.352093 0.352069 0.352062 0.352062 0.352064 0.352061 0.352067 0.352067 0.352066 0.352076 0.352082 0.352095 0.352104 0.352114 0.000000 0.000000
0.000000 0.000000 0.357044 0.357040 0.357012 0.356968 0.356930 0.356894 0.356902 0.356897 0.356891 0.356893 0.356900 0.356896 0.356913 0.356951 0.356968 0.356986 0.356992 0.000000 0.000000
0.000000 0.000000 0.363563 0.363553 0.363531 0.363487 0.363439 0.363366 0.363368 0.363364 0.363355 0.363357 0.363357 0.363357 0.363411 0.363453 0.363477 0.363498 0.363505 0.000000 0.000000
0.000000 0.000000 0.371429 0.371416 0.371391 0.371329 0.371274 0.371206 0.371208 0.371202 0.371191 0.371190 0.371186 0.371196 0.371245 0.371291 0.371331 0.371345 0.371360 0.000000 0.000000
0.000000 0.000000 0.380336 0.380317 0.380279 0.380231 0.380166 0.380083 0.380092 0.380080 0.380066 0.380063 0.380065 0.380059 0.380131 0.380188 0.380220 0.380238 0.380251 0.000000 0.000000
0.000000 0.000000 0.390641 0.390607 0.390572 0.390520 0.390442 0.390353 0.390354 0.390348 0.390325 0.390332 0.390345 0.390339 0.390396 0.390473 0.390515 0.390536 0.390540 0.000000 0.000000
0.000000 0.000000 0.402997 0.402966 0.402933 0.402806 0.402770 0.402641 0.402675 0.402617 0.402619 0.402609 0.402585 0.402619 0.402687 0.402735 0.402797 0.402823 0.402876 0.000000 0.000000
0.000000 0.000000 0.418130 0.418058 0.417966 0.417916 0.417843 0.417674 0.417665 0.417679 0.417684 0.417633 0.417658 0.417641 0.417780 0.417869 0.417897 0.417924 0.418027 0.000000 0.000000
0.000000 0.000000 0.435215 0.435152 0.435138 0.435002 0.434914 0.434452 0.434439 0.434414 0.434227 0.434356 0.434350 0.434392 0.434716 0.434782 0.434957 0.434981 0.434960 0.000000 0.000000
0.000000 0.000000 0.454428 0.454418 0.454260 0.454202 0.453638 0.453957 0.453838 0.453846 0.453962 0.453846 0.453830 0.453751 0.453481 0.454108 0.454086 0.454234 0.454310 0.000000 0.000000
0.000000 0.000000 0.469322 0.469282 0.469219 0.468804 0.469019 0.468739 0.468692 0.468664 0.468553 0.468534 0.468582 0.468589 0.468833 0.468608 0.469150 0.469017 0.468986 0.000000 0.000000
0.000000 0.000000 0.478764 0.478737 0.478494 0.478515 0.478519 0.478465 0.478550 0.478517 0.478547 0.478530 0.478496 0.478551 0.478569 0.478565 0.478431 0.478746 0.478732 0.000000 0.000000
0.000000 0.000000 0.486103 0.485938 0.485913 0.485826 0.485759 0.485703 0.485677 0.485678 0.485631 0.485630 0.485651 0.485636 0.485688 0.485732 0.485861 0.485840 0.485989 0.000000 0.000000
0.000000 0.000000 0.489881 0.489996 0.490010 0.490024 0.490029 0.489917 0.489967 0.489929 0.489989 0.489974 0.489952 0.489987 0.490067 0.490060 0.489991 0.490031 0.489906 0.000000 0.000000
0.000000 0.000000 0.350000 0.350000 0.350000 0.350000 0.350000 0.350000 0.350000 0.350000 0.350000 0.350000 0.350000 0.350000 0.350000 0.350000 0.350000 0.350000 0.350000 0.000000 0.000000
0.000000 0.000000 0.000000 0.000000 0.000000 0.000000 0.000000 0.000000 0.000000 0.000000 0.000000 0.000000 0.000000 0.000000 0.000000 0.000000 0.000000 0.000000 0.000000 0.000000 0.000000