geotop/1.0zi/1.0Montebello/Templates/testdem/maps/_Eocsand1133.asc
ncols         21
nrows         20
xllcorner     100.000000
yllcorner     100.000000
cellsize      50.000000
NODATA_value  -9999.0
0.000000 0.000000 0.000000 0.000000 0.000000 0.000000 0.000000 0.000000 0.000000 0.000000 0.000000 0.000000 0.000000 0.000000 0.000000 0.000000 0.000000 0.000000 0.000000 0.000000 0.000000
0.000000 0.000000 0.300036 0.300036 0.300036 0.300036 0.300036 0.300036 0.300036 0.300036 0.300036 0.300036 0.300036 0.300036 0.300036 0.300036 0.300036 0.300036 0.300036 0.000000 0.000000
0.000000 0.000000 0.300004 0.300004 0.300005 0.300004 0.300004 0.300004 0.300004 0.300004 0.300004 0.300004 0.300004 0.300004 0.300004 0.300004 0.300005 0.300004 0.300004 0.000000 0.000000
0.000000 0.000000 0.299095 0.299096 0.299101 0.299099 0.299095 0.299095 0.299096 0.299095 0.299095 0.299095 0.299096 0.299095 0.299095 0.299099 0.299101 0.299096 0.299095 0.000000 0.000000
0.000000 0.000000 0.295871 0.295872 0.295877 0.295877 0.295870 0.295872 0.295872 0.295870 0.295870 0.295870 0.295872 0.295872 0.295870 0.295877 0.295877 0.295872 0.295871 0.000000 0.000000
0.000000 0.000000 0.292113 0.292114 0.292118 0.292117 0.292112 0.292113 0.292113 0.292112 0.292112 0.292112 0.292113 0.292113 0.292112 0.292117 0.292118 0.292114 0.292113 0.000000 0.000000
0.000000 0.000000 0.288582 0.288583 0.288586 0.288585 0.288582 0.288582 0.288582 0.288581 0.288582 0.288581 0.288582 0.288582 0.288582 0.288585 0.288586 0.288583 0.288582 0.000000 0.000000
0.000000 0.000000 0.285323 0.285324 0.285327 0.285326 0.285323 0.285323 0.285323 0.285322 0.285323 0.285322 0.285323 0.285323 0.285323 0.285326 0.285327 0.285324 0.285323 0.000000 0.000000
0.000000 0.000000 0.282263 0.282264 0.282267 0.282266 0.282263 0.282264 0.282264 0.282263 0.282263 0.282263 0.282264 0.282264 0.282263 0.282266 0.282267 0.282264 0.282263 0.000000 0.000000
0.000000 0.000000 0.279327 0.279327 0.279330 0.279329 0.279327 0.279327 0.279327 0.279326 0.279327 0.279326 0.279327 0.279327 0.279327 0.279329 0.279330 0.279327 0.279327 0.000000 0.000000
0.000000 0.000000 0.276485 0.276486 0.276489 0.276488 0.276485 0.276486 0.276486 0.276485 0.276485 0.276485 0.276486 0.276486 0.276485 0.276488 0.276489 0.276486 0.276485 0.000000 0.000000
0.000000 0.000000 0.273708 0.273709 0.273711 0.273711 0.273708 0.273708 0.273708 0.273708 0.273708 0.273708 0.273708 0.273708 0.273708 0.273711 0.273711 0.273709 0.273708 0.000000 0.000000
0.000000 0.000000 0.270976 0.270976 0.270979 0.270978 0.270976 0.270976 0.270976 0.270975 0.270975 0.270975 0.270976 0.270976 0.270976 0.270978 0.270979 0.270976 0.270976 0.000000 0.000000
0.000000 0.000000 0.268290 0.268291 0.268293 0.268292 0.268290 0.268290 0.268290 0.268290 0.268290 0.268290 0.268290 0.268290 0.268290 0.268292 0.268293 0.268291 0.268290 0.000000 0.000000
0.000000 0.000000 0.265631 0.265631 0.265634 0.265633 0.265631 0.265631 0.265631 0.265630 0.265631 0.265630 0.265631 0.265631 0.265631 0.265633 0.265634 0.265631 0.265631 0.000000 0.000000
0.000000 0.000000 0.262988 0.262989 0.262991 0.262990 0.262988 0.262988 0.262988 0.262988 0.262988 0.262988 0.262988 0.262988 0.262988 0.262990 0.262991 0.262989 0.262988 0.000000 0.000000
0.000000 0.000000 0.260372 0.260372 0.260375 0.260374 0.260372 0.260372 0.260372 0.260372 0.260372 0.260372 0.260372 0.260372 0.260372 0.260374 0.260375 0.260372 0.260372 0.000000 0.000000
0.000000 0.000000 0.257710 0.257710 0.257713 0.257712 0.257710 0.257710 0.257710 0.257709 0.257709 0.257709 0.257710 0.257710 0.257710 0.257712 0.257713 0.257710 0.257710 0.000000 0.000000
0.000000 0.000000 0.300000 0.300000 0.300000 0.300000 0.300000 0.300000 0.300000 0.300000 0.300000 0.300000 0.300000 0.300000 0.300000 0.300000 0.300000 0.300000 0.300000 0.000000 0.000000
0.000000 0.000000 0.000000 0.000000 0.000000 0.000000 0.000000 0.000000 0.000000 0.000000 0.000000 0.000000 0.000000 0.000000 0.000000 0.000000 0.000000 0.000000 0.000000 0.000000 0.000000