geotop/1.0zi/1.0Montebello/Templates/testdem/maps/_Eocsilt0710.asc
ncols         21
nrows         20
xllcorner     100.000000
yllcorner     100.000000
cellsize      50.000000
NODATA_value  -9999.0
0.000000 0.000000 0.000000 0.000000 0.000000 0.000000 0.000000 0.000000 0.000000 0.000000 0.000000 0.000000 0.000000 0.000000 0.000000 0.000000 0.000000 0.000000 0.000000 0.000000 0.000000
0.000000 0.000000 0.350013 0.350013 0.350013 0.350013 0.350013 0.350013 0.350013 0.350013 0.350013 0.350013 0.350013 0.350013 0.350013 0.350013 0.350013 0.350013 0.350013 0.000000 0.000000
0.000000 0.000000 0.350000 0.350000 0.350000 0.350000 0.350000 0.350000 0.350000 0.350000 0.350000 0.350000 0.350000 0.350000 0.350000 0.350000 0.350000 0.350000 0.350000 0.000000 0.000000
0.000000 0.000000 0.350308 0.350308 0.350305 0.350306 0.350308 0.350308 0.350308 0.350308 0.350308 0.350308 0.350308 0.350308 0.350308 0.350306 0.350305 0.350308 0.350308 0.000000 0.000000
0.000000 0.000000 0.351340 0.351339 0.351338 0.351337 0.351340 0.351340 0.351340 0.351340 0.351340 0.351340 0.351340 0.351340 0.351340 0.351337 0.351338 0.351339 0.351340 0.000000 0.000000
0.000000 0.000000 0.352558 0.352558 0.352556 0.352556 0.352559 0.352558 0.352558 0.352559 0.352558 0.352559 0.352558 0.352558 0.352559 0.352556 0.352556 0.352558 0.352558 0.000000 0.000000
0.000000 0.000000 0.353676 0.353676 0.353674 0.353674 0.353676 0.353676 0.353676 0.353676 0.353676 0.353676 0.353676 0.353676 0.353676 0.353674 0.353674 0.353676 0.353676 0.000000 0.000000
0.000000 0.000000 0.354711 0.354710 0.354709 0.354709 0.354711 0.354711 0.354711 0.354711 0.354711 0.354711 0.354711 0.354711 0.354711 0.354709 0.354709 0.354710 0.354711 0.000000 0.000000
0.000000 0.000000 0.355687 0.355687 0.355686 0.355686 0.355687 0.355687 0.355687 0.355687 0.355687 0.355687 0.355687 0.355687 0.355687 0.355686 0.355686 0.355687 0.355687 0.000000 0.000000
0.000000 0.000000 0.356627 0.356627 0.356626 0.356626 0.356627 0.356627 0.356627 0.356627 0.356627 0.356627 0.356627 0.356627 0.356627 0.356626 0.356626 0.356627 0.356627 0.000000 0.000000
0.000000 0.000000 0.357539 0.357539 0.357537 0.357538 0.357539 0.357539 0.357539 0.357539 0.357539 0.357539 0.357539 0.357539 0.357539 0.357538 0.357537 0.357539 0.357539 0.000000 0.000000
0.000000 0.000000 0.358430 0.358429 0.358428 0.358428 0.358430 0.358430 0.358430 0.358430 0.358430 0.358430 0.358430 0.358430 0.358430 0.358428 0.358428 0.358429 0.358430 0.000000 0.000000
0.000000 0.000000 0.359306 0.359305 0.359304 0.359304 0.359306 0.359306 0.359306 0.359306 0.359306 0.359306 0.359306 0.359306 0.359306 0.359304 0.359304 0.359305 0.359306 0.000000 0.000000
0.000000 0.000000 0.360170 0.360169 0.360168 0.360169 0.360170 0.360170 0.360170 0.360170 0.360170 0.360170 0.360170 0.360170 0.360170 0.360169 0.360168 0.360169 0.360170 0.000000 0.000000
0.000000 0.000000 0.361024 0.361024 0.361023 0.361023 0.361024 0.361024 0.361024 0.361024 0.361024 0.361024 0.361024 0.361024 0.361024 0.361023 0.361023 0.361024 0.361024 0.000000 0.000000
0.000000 0.000000 0.361873 0.361872 0.361871 0.361871 0.361873 0.361873 0.361872 0.361873 0.361873 0.361873 0.361872 0.361873 0.361873 0.361871 0.361871 0.361872 0.361873 0.000000 0.000000
0.000000 0.000000 0.362714 0.362714 0.362713 0.362713 0.362714 0.362714 0.362714 0.362714 0.362714 0.362714 0.362714 0.362714 0.362714 0.362713 0.362713 0.362714 0.362714 0.000000 0.000000
0.000000 0.000000 0.363566 0.363566 0.363564 0.363565 0.363566 0.363566 0.363566 0.363566 0.363566 0.363566 0.363566 0.363566 0.363566 0.363565 0.363564 0.363566 0.363566 0.000000 0.000000
0.000000 0.000000 0.350000 0.350000 0.350000 0.350000 0.350000 0.350000 0.350000 0.350000 0.350000 0.350000 0.350000 0.350000 0.350000 0.350000 0.350000 0.350000 0.350000 0.000000 0.000000
0.000000 0.000000 0.000000 0.000000 0.000000 0.000000 0.000000 0.000000 0.000000 0.000000 0.000000 0.000000 0.000000 0.000000 0.000000 0.000000 0.000000 0.000000 0.000000 0.000000 0.000000