geotop/1.0zi/1.0Montebello/Templates/testdem/maps/_Eocsand0858.asc
ncols         21
nrows         20
xllcorner     100.000000
yllcorner     100.000000
cellsize      50.000000
NODATA_value  -9999.0
0.000000 0.000000 0.000000 0.000000 0.000000 0.000000 0.000000 0.000000 0.000000 0.000000 0.000000 0.000000 0.000000 0.000000 0.000000 0.000000 0.000000 0.000000 0.000000 0.000000 0.000000
0.000000 0.000000 0.300030 0.300030 0.300030 0.300030 0.300030 0.300030 0.300030 0.300030 0.300030 0.300030 0.300030 0.300030 0.300030 0.300030 0.300030 0.300030 0.300030 0.000000 0.000000
0.000000 0.000000 0.300005 0.300005 0.300006 0.300005 0.300005 0.300005 0.300005 0.300005 0.300005 0.300005 0.300005 0.300005 0.300005 0.300005 0.300006 0.300005 0.300005 0.000000 0.000000
0.000000 0.000000 0.299349 0.299349 0.299354 0.299352 0.299348 0.299349 0.299349 0.299348 0.299348 0.299348 0.299349 0.299349 0.299348 0.299352 0.299354 0.299349 0.299349 0.000000 0.000000
0.000000 0.000000 0.296896 0.296898 0.296902 0.296903 0.296896 0.296897 0.296897 0.296896 0.296896 0.296896 0.296897 0.296897 0.296896 0.296903 0.296902 0.296898 0.296896 0.000000 0.000000
0.000000 0.000000 0.294002 0.294004 0.294007 0.294007 0.294002 0.294003 0.294003 0.294002 0.294002 0.294002 0.294003 0.294003 0.294002 0.294007 0.294007 0.294004 0.294002 0.000000 0.000000
0.000000 0.000000 0.291289 0.291291 0.291294 0.291293 0.291289 0.291290 0.291290 0.291289 0.291289 0.291289 0.291290 0.291290 0.291289 0.291293 0.291294 0.291291 0.291289 0.000000 0.000000
0.000000 0.000000 0.288780 0.288781 0.288784 0.288783 0.288780 0.288780 0.288780 0.288780 0.288780 0.288780 0.288780 0.288780 0.288780 0.288783 0.288784 0.288781 0.288780 0.000000 0.000000
0.000000 0.000000 0.286420 0.286421 0.286423 0.286423 0.286420 0.286420 0.286420 0.286420 0.286420 0.286420 0.286420 0.286420 0.286420 0.286423 0.286423 0.286421 0.286420 0.000000 0.000000
0.000000 0.000000 0.284156 0.284157 0.284160 0.284159 0.284156 0.284156 0.284156 0.284156 0.284156 0.284156 0.284156 0.284156 0.284156 0.284159 0.284160 0.284157 0.284156 0.000000 0.000000
0.000000 0.000000 0.281960 0.281961 0.281963 0.281963 0.281960 0.281960 0.281960 0.281960 0.281960 0.281960 0.281960 0.281960 0.281960 0.281963 0.281963 0.281961 0.281960 0.000000 0.000000
0.000000 0.000000 0.279812 0.279813 0.279816 0.279815 0.279812 0.279812 0.279812 0.279812 0.279812 0.279812 0.279812 0.279812 0.279812 0.279815 0.279816 0.279813 0.279812 0.000000 0.000000
0.000000 0.000000 0.277705 0.277706 0.277708 0.277708 0.277705 0.277705 0.277705 0.277705 0.277705 0.277705 0.277705 0.277705 0.277705 0.277708 0.277708 0.277706 0.277705 0.000000 0.000000
0.000000 0.000000 0.275631 0.275632 0.275634 0.275634 0.275631 0.275631 0.275631 0.275631 0.275631 0.275631 0.275631 0.275631 0.275631 0.275634 0.275634 0.275632 0.275631 0.000000 0.000000
0.000000 0.000000 0.273580 0.273581 0.273583 0.273583 0.273580 0.273580 0.273580 0.273580 0.273580 0.273580 0.273580 0.273580 0.273580 0.273583 0.273583 0.273581 0.273580 0.000000 0.000000
0.000000 0.000000 0.271543 0.271543 0.271546 0.271545 0.271543 0.271543 0.271543 0.271543 0.271543 0.271543 0.271543 0.271543 0.271543 0.271545 0.271546 0.271543 0.271543 0.000000 0.000000
0.000000 0.000000 0.269525 0.269526 0.269529 0.269528 0.269525 0.269526 0.269526 0.269525 0.269525 0.269525 0.269526 0.269526 0.269525 0.269528 0.269529 0.269526 0.269525 0.000000 0.000000
0.000000 0.000000 0.267474 0.267474 0.267477 0.267476 0.267473 0.267473 0.267474 0.267473 0.267473 0.267473 0.267474 0.267473 0.267473 0.267476 0.267477 0.267474 0.267473 0.000000 0.000000
0.000000 0.000000 0.300000 0.300000 0.300000 0.300000 0.300000 0.300000 0.300000 0.300000 0.300000 0.300000 0.300000 0.300000 0.300000 0.300000 0.300000 0.300000 0.300000 0.000000 0.000000
0.000000 0.000000 0.000000 0.000000 0.000000 0.000000 0.000000 0.000000 0.000000 0.000000 0.000000 0.000000 0.000000 0.000000 0.000000 0.000000 0.000000 0.000000 0.000000 0.000000 0.000000