geotop/1.0zi/1.0Montebello/Templates/testdem/maps/_Eocsilt9690.asc
ncols         21
nrows         20
xllcorner     100.000000
yllcorner     100.000000
cellsize      50.000000
NODATA_value  -9999.0
0.000000 0.000000 0.000000 0.000000 0.000000 0.000000 0.000000 0.000000 0.000000 0.000000 0.000000 0.000000 0.000000 0.000000 0.000000 0.000000 0.000000 0.000000 0.000000 0.000000 0.000000
0.000000 0.000000 0.350207 0.350207 0.350207 0.350207 0.350206 0.350206 0.350207 0.350206 0.350207 0.350206 0.350206 0.350206 0.350206 0.350207 0.350207 0.350207 0.350207 0.000000 0.000000
0.000000 0.000000 0.350008 0.350008 0.350008 0.350007 0.350009 0.350008 0.350008 0.350008 0.350009 0.350008 0.350009 0.350009 0.350008 0.350007 0.350006 0.350006 0.350007 0.000000 0.000000
0.000000 0.000000 0.350150 0.350147 0.350141 0.350137 0.350137 0.350131 0.350135 0.350136 0.350133 0.350136 0.350137 0.350137 0.350139 0.350142 0.350148 0.350149 0.350150 0.000000 0.000000
0.000000 0.000000 0.351495 0.351500 0.351491 0.351470 0.351461 0.351454 0.351457 0.351454 0.351453 0.351456 0.351461 0.351459 0.351473 0.351483 0.351486 0.351493 0.351496 0.000000 0.000000
0.000000 0.000000 0.355153 0.355147 0.355133 0.355108 0.355075 0.355048 0.355047 0.355041 0.355042 0.355043 0.355048 0.355046 0.355063 0.355086 0.355098 0.355106 0.355113 0.000000 0.000000
0.000000 0.000000 0.360284 0.360273 0.360257 0.360220 0.360178 0.360125 0.360127 0.360123 0.360119 0.360118 0.360116 0.360121 0.360164 0.360196 0.360216 0.360232 0.360239 0.000000 0.000000
0.000000 0.000000 0.366367 0.366354 0.366340 0.366297 0.366252 0.366204 0.366205 0.366198 0.366193 0.366190 0.366189 0.366196 0.366237 0.366275 0.366308 0.366313 0.366327 0.000000 0.000000
0.000000 0.000000 0.373065 0.373046 0.373022 0.372989 0.372937 0.372877 0.372883 0.372871 0.372863 0.372861 0.372865 0.372862 0.372921 0.372965 0.372991 0.373002 0.373015 0.000000 0.000000
0.000000 0.000000 0.380430 0.380406 0.380386 0.380351 0.380295 0.380233 0.380234 0.380226 0.380213 0.380218 0.380226 0.380223 0.380270 0.380327 0.380356 0.380367 0.380373 0.000000 0.000000
0.000000 0.000000 0.388765 0.388745 0.388727 0.388647 0.388620 0.388538 0.388555 0.388515 0.388518 0.388512 0.388499 0.388522 0.388574 0.388609 0.388650 0.388665 0.388701 0.000000 0.000000
0.000000 0.000000 0.398468 0.398425 0.398376 0.398339 0.398295 0.398191 0.398189 0.398184 0.398196 0.398160 0.398178 0.398173 0.398266 0.398320 0.398342 0.398356 0.398428 0.000000 0.000000
0.000000 0.000000 0.409362 0.409322 0.409310 0.409235 0.409182 0.408911 0.408906 0.408889 0.408793 0.408851 0.408857 0.408881 0.409082 0.409129 0.409228 0.409233 0.409251 0.000000 0.000000
0.000000 0.000000 0.422774 0.422755 0.422669 0.422616 0.422241 0.422370 0.422289 0.422288 0.422336 0.422286 0.422277 0.422239 0.422119 0.422531 0.422547 0.422643 0.422701 0.000000 0.000000
0.000000 0.000000 0.437902 0.437859 0.437784 0.437307 0.437503 0.437207 0.437139 0.437108 0.437000 0.436963 0.437018 0.437021 0.437281 0.437093 0.437714 0.437569 0.437548 0.000000 0.000000
0.000000 0.000000 0.451278 0.451253 0.450751 0.451007 0.450918 0.450936 0.451155 0.451095 0.451211 0.451192 0.451097 0.451217 0.451148 0.451232 0.450673 0.451437 0.451425 0.000000 0.000000
0.000000 0.000000 0.462302 0.461970 0.462034 0.461905 0.461726 0.461670 0.461578 0.461598 0.461493 0.461505 0.461564 0.461505 0.461594 0.461729 0.462002 0.461823 0.462169 0.000000 0.000000
0.000000 0.000000 0.467555 0.467478 0.467665 0.467566 0.467463 0.467307 0.467265 0.467243 0.467235 0.467230 0.467260 0.467241 0.467394 0.467471 0.467664 0.467419 0.467501 0.000000 0.000000
0.000000 0.000000 0.350000 0.350000 0.350000 0.350000 0.350000 0.350000 0.350000 0.350000 0.350000 0.350000 0.350000 0.350000 0.350000 0.350000 0.350000 0.350000 0.350000 0.000000 0.000000
0.000000 0.000000 0.000000 0.000000 0.000000 0.000000 0.000000 0.000000 0.000000 0.000000 0.000000 0.000000 0.000000 0.000000 0.000000 0.000000 0.000000 0.000000 0.000000 0.000000 0.000000