geotop/1.0zi/1.0Montebello/Templates/testdem/maps/_Eocsilt173i.asc
ncols         21
nrows         20
xllcorner     100.000000
yllcorner     100.000000
cellsize      50.000000
NODATA_value  -9999.0
0.000000 0.000000 0.000000 0.000000 0.000000 0.000000 0.000000 0.000000 0.000000 0.000000 0.000000 0.000000 0.000000 0.000000 0.000000 0.000000 0.000000 0.000000 0.000000 0.000000 0.000000
0.000000 0.000000 0.350259 0.350259 0.350260 0.350260 0.350259 0.350259 0.350259 0.350259 0.350259 0.350259 0.350259 0.350259 0.350259 0.350259 0.350260 0.350260 0.350259 0.000000 0.000000
0.000000 0.000000 0.350016 0.350015 0.350016 0.350015 0.350016 0.350016 0.350016 0.350016 0.350017 0.350017 0.350017 0.350017 0.350016 0.350015 0.350014 0.350014 0.350015 0.000000 0.000000
0.000000 0.000000 0.350249 0.350247 0.350237 0.350233 0.350234 0.350223 0.350226 0.350226 0.350224 0.350228 0.350228 0.350231 0.350229 0.350234 0.350238 0.350243 0.350244 0.000000 0.000000
0.000000 0.000000 0.352231 0.352235 0.352223 0.352202 0.352189 0.352181 0.352179 0.352176 0.352172 0.352179 0.352184 0.352179 0.352193 0.352205 0.352213 0.352220 0.352226 0.000000 0.000000
0.000000 0.000000 0.357274 0.357266 0.357246 0.357212 0.357174 0.357143 0.357137 0.357129 0.357128 0.357130 0.357136 0.357131 0.357149 0.357181 0.357194 0.357208 0.357214 0.000000 0.000000
0.000000 0.000000 0.364317 0.364303 0.364277 0.364230 0.364180 0.364108 0.364103 0.364096 0.364091 0.364092 0.364089 0.364092 0.364144 0.364187 0.364213 0.364237 0.364243 0.000000 0.000000
0.000000 0.000000 0.372849 0.372832 0.372806 0.372743 0.372688 0.372621 0.372612 0.372602 0.372595 0.372595 0.372591 0.372599 0.372645 0.372696 0.372739 0.372750 0.372765 0.000000 0.000000
0.000000 0.000000 0.382699 0.382672 0.382631 0.382580 0.382514 0.382423 0.382418 0.382397 0.382393 0.382387 0.382390 0.382382 0.382457 0.382520 0.382555 0.382579 0.382592 0.000000 0.000000
0.000000 0.000000 0.394277 0.394235 0.394188 0.394139 0.394059 0.393964 0.393946 0.393934 0.393919 0.393925 0.393940 0.393932 0.393989 0.394075 0.394119 0.394145 0.394148 0.000000 0.000000
0.000000 0.000000 0.408348 0.408307 0.408273 0.408126 0.408095 0.407955 0.407980 0.407902 0.407922 0.407907 0.407873 0.407910 0.407985 0.408034 0.408102 0.408133 0.408192 0.000000 0.000000
0.000000 0.000000 0.425608 0.425520 0.425413 0.425370 0.425294 0.425113 0.425079 0.425088 0.425111 0.425052 0.425080 0.425054 0.425206 0.425305 0.425329 0.425363 0.425473 0.000000 0.000000
0.000000 0.000000 0.443722 0.443656 0.443655 0.443522 0.443432 0.442984 0.442945 0.442905 0.442729 0.442863 0.442858 0.442895 0.443215 0.443281 0.443457 0.443486 0.443443 0.000000 0.000000
0.000000 0.000000 0.459796 0.459786 0.459684 0.459643 0.459271 0.459485 0.459396 0.459394 0.459481 0.459401 0.459390 0.459335 0.459158 0.459572 0.459561 0.459660 0.459705 0.000000 0.000000
0.000000 0.000000 0.468676 0.468664 0.468615 0.468508 0.468435 0.468443 0.468406 0.468405 0.468399 0.468375 0.468385 0.468371 0.468360 0.468444 0.468563 0.468564 0.468575 0.000000 0.000000
0.000000 0.000000 0.473867 0.473854 0.473866 0.473690 0.473741 0.473659 0.473613 0.473611 0.473566 0.473554 0.473580 0.473568 0.473645 0.473600 0.473845 0.473731 0.473731 0.000000 0.000000
0.000000 0.000000 0.476687 0.476773 0.476646 0.476643 0.476710 0.476678 0.476733 0.476713 0.476743 0.476729 0.476705 0.476744 0.476754 0.476701 0.476630 0.476796 0.476691 0.000000 0.000000
0.000000 0.000000 0.479888 0.479735 0.479608 0.479557 0.479541 0.479584 0.479570 0.479590 0.479533 0.479537 0.479549 0.479539 0.479507 0.479515 0.479580 0.479671 0.479814 0.000000 0.000000
0.000000 0.000000 0.350000 0.350000 0.350000 0.350000 0.350000 0.350000 0.350000 0.350000 0.350000 0.350000 0.350000 0.350000 0.350000 0.350000 0.350000 0.350000 0.350000 0.000000 0.000000
0.000000 0.000000 0.000000 0.000000 0.000000 0.000000 0.000000 0.000000 0.000000 0.000000 0.000000 0.000000 0.000000 0.000000 0.000000 0.000000 0.000000 0.000000 0.000000 0.000000 0.000000