geotop/1.0zi/1.0Montebello/Templates/testdem/maps/_Eocclay4059.asc
ncols         21
nrows         20
xllcorner     100.000000
yllcorner     100.000000
cellsize      50.000000
NODATA_value  -9999.0
0.000000 0.000000 0.000000 0.000000 0.000000 0.000000 0.000000 0.000000 0.000000 0.000000 0.000000 0.000000 0.000000 0.000000 0.000000 0.000000 0.000000 0.000000 0.000000 0.000000 0.000000
0.000000 0.000000 0.349814 0.349814 0.349814 0.349815 0.349815 0.349814 0.349814 0.349814 0.349814 0.349814 0.349814 0.349814 0.349815 0.349814 0.349814 0.349814 0.349814 0.000000 0.000000
0.000000 0.000000 0.349994 0.349994 0.349994 0.349994 0.349994 0.349994 0.349994 0.349994 0.349994 0.349993 0.349994 0.349994 0.349994 0.349994 0.349994 0.349994 0.349994 0.000000 0.000000
0.000000 0.000000 0.349994 0.349995 0.349993 0.349994 0.349995 0.349995 0.349996 0.349995 0.349995 0.349994 0.349994 0.349993 0.349996 0.349997 0.349996 0.349996 0.349995 0.000000 0.000000
0.000000 0.000000 0.350333 0.350336 0.350334 0.350334 0.350327 0.350326 0.350326 0.350326 0.350325 0.350327 0.350323 0.350323 0.350327 0.350327 0.350328 0.350327 0.350331 0.000000 0.000000
0.000000 0.000000 0.351504 0.351505 0.351502 0.351494 0.351492 0.351483 0.351483 0.351478 0.351482 0.351482 0.351484 0.351483 0.351479 0.351484 0.351489 0.351494 0.351498 0.000000 0.000000
0.000000 0.000000 0.353209 0.353205 0.353202 0.353194 0.353185 0.353166 0.353167 0.353163 0.353165 0.353166 0.353165 0.353162 0.353174 0.353189 0.353196 0.353199 0.353203 0.000000 0.000000
0.000000 0.000000 0.355136 0.355134 0.355131 0.355118 0.355108 0.355092 0.355093 0.355091 0.355091 0.355091 0.355087 0.355084 0.355099 0.355113 0.355120 0.355124 0.355130 0.000000 0.000000
0.000000 0.000000 0.357059 0.357055 0.357049 0.357041 0.357030 0.357012 0.357013 0.357009 0.357010 0.357011 0.357008 0.357006 0.357019 0.357036 0.357043 0.357045 0.357052 0.000000 0.000000
0.000000 0.000000 0.358975 0.358971 0.358966 0.358957 0.358943 0.358926 0.358929 0.358926 0.358926 0.358927 0.358923 0.358920 0.358936 0.358952 0.358959 0.358963 0.358968 0.000000 0.000000
0.000000 0.000000 0.360922 0.360918 0.360912 0.360906 0.360896 0.360876 0.360878 0.360874 0.360874 0.360875 0.360871 0.360868 0.360881 0.360893 0.360902 0.360906 0.360913 0.000000 0.000000
0.000000 0.000000 0.362929 0.362925 0.362919 0.362907 0.362897 0.362878 0.362878 0.362875 0.362875 0.362874 0.362871 0.362867 0.362886 0.362900 0.362909 0.362912 0.362934 0.000000 0.000000
0.000000 0.000000 0.364954 0.364949 0.364943 0.364935 0.364922 0.364881 0.364882 0.364878 0.364878 0.364879 0.364875 0.364872 0.364906 0.364924 0.364932 0.364935 0.364949 0.000000 0.000000
0.000000 0.000000 0.367088 0.367080 0.367074 0.367066 0.367027 0.367017 0.367011 0.367008 0.367008 0.367008 0.367004 0.367001 0.367011 0.367052 0.367061 0.367070 0.367078 0.000000 0.000000
0.000000 0.000000 0.369376 0.369370 0.369356 0.369322 0.369304 0.369280 0.369267 0.369262 0.369256 0.369256 0.369256 0.369248 0.369266 0.369295 0.369340 0.369338 0.369345 0.000000 0.000000
0.000000 0.000000 0.371726 0.371719 0.371674 0.371668 0.371658 0.371646 0.371644 0.371643 0.371645 0.371644 0.371636 0.371640 0.371645 0.371657 0.371659 0.371704 0.371716 0.000000 0.000000
0.000000 0.000000 0.374319 0.374264 0.374224 0.374209 0.374183 0.374169 0.374166 0.374164 0.374157 0.374158 0.374156 0.374148 0.374156 0.374190 0.374211 0.374236 0.374291 0.000000 0.000000
0.000000 0.000000 0.376365 0.376350 0.376381 0.376362 0.376339 0.376286 0.376281 0.376276 0.376277 0.376277 0.376271 0.376271 0.376316 0.376346 0.376379 0.376332 0.376356 0.000000 0.000000
0.000000 0.000000 0.350000 0.350000 0.350000 0.350000 0.350000 0.350000 0.350000 0.350000 0.350000 0.350000 0.350000 0.350000 0.350000 0.350000 0.350000 0.350000 0.350000 0.000000 0.000000
0.000000 0.000000 0.000000 0.000000 0.000000 0.000000 0.000000 0.000000 0.000000 0.000000 0.000000 0.000000 0.000000 0.000000 0.000000 0.000000 0.000000 0.000000 0.000000 0.000000 0.000000