geotop/1.0zi/1.0Montebello/Templates/testdem/maps/_Eocsand0574.asc
ncols         21
nrows         20
xllcorner     100.000000
yllcorner     100.000000
cellsize      50.000000
NODATA_value  -9999.0
0.000000 0.000000 0.000000 0.000000 0.000000 0.000000 0.000000 0.000000 0.000000 0.000000 0.000000 0.000000 0.000000 0.000000 0.000000 0.000000 0.000000 0.000000 0.000000 0.000000 0.000000
0.000000 0.000000 0.300021 0.300021 0.300021 0.300021 0.300021 0.300021 0.300021 0.300021 0.300021 0.300021 0.300021 0.300021 0.300021 0.300021 0.300021 0.300021 0.300021 0.000000 0.000000
0.000000 0.000000 0.300005 0.300006 0.300006 0.300006 0.300005 0.300005 0.300005 0.300005 0.300005 0.300005 0.300005 0.300005 0.300005 0.300006 0.300006 0.300006 0.300005 0.000000 0.000000
0.000000 0.000000 0.299436 0.299436 0.299441 0.299436 0.299436 0.299436 0.299436 0.299436 0.299436 0.299436 0.299436 0.299436 0.299436 0.299436 0.299441 0.299436 0.299436 0.000000 0.000000
0.000000 0.000000 0.297595 0.297595 0.297599 0.297595 0.297595 0.297595 0.297595 0.297595 0.297595 0.297595 0.297595 0.297595 0.297595 0.297595 0.297599 0.297595 0.297595 0.000000 0.000000
0.000000 0.000000 0.295647 0.295647 0.295650 0.295647 0.295647 0.295646 0.295646 0.295646 0.295646 0.295646 0.295646 0.295646 0.295647 0.295647 0.295650 0.295647 0.295647 0.000000 0.000000
0.000000 0.000000 0.293828 0.293828 0.293831 0.293828 0.293828 0.293828 0.293828 0.293828 0.293828 0.293828 0.293828 0.293828 0.293828 0.293828 0.293831 0.293828 0.293828 0.000000 0.000000
0.000000 0.000000 0.292137 0.292137 0.292140 0.292137 0.292137 0.292137 0.292137 0.292137 0.292137 0.292137 0.292137 0.292137 0.292137 0.292137 0.292140 0.292137 0.292137 0.000000 0.000000
0.000000 0.000000 0.290537 0.290537 0.290540 0.290537 0.290537 0.290537 0.290537 0.290537 0.290537 0.290537 0.290537 0.290537 0.290537 0.290537 0.290540 0.290537 0.290537 0.000000 0.000000
0.000000 0.000000 0.288993 0.288993 0.288996 0.288993 0.288993 0.288993 0.288993 0.288993 0.288993 0.288993 0.288993 0.288993 0.288993 0.288993 0.288996 0.288993 0.288993 0.000000 0.000000
0.000000 0.000000 0.287490 0.287490 0.287492 0.287490 0.287490 0.287489 0.287489 0.287490 0.287490 0.287490 0.287489 0.287489 0.287490 0.287490 0.287492 0.287490 0.287490 0.000000 0.000000
0.000000 0.000000 0.286015 0.286015 0.286018 0.286016 0.286015 0.286015 0.286015 0.286015 0.286015 0.286015 0.286015 0.286015 0.286015 0.286016 0.286018 0.286015 0.286015 0.000000 0.000000
0.000000 0.000000 0.284566 0.284566 0.284569 0.284566 0.284566 0.284566 0.284566 0.284566 0.284566 0.284566 0.284566 0.284566 0.284566 0.284566 0.284569 0.284566 0.284566 0.000000 0.000000
0.000000 0.000000 0.283138 0.283138 0.283140 0.283138 0.283138 0.283137 0.283137 0.283137 0.283138 0.283137 0.283137 0.283137 0.283138 0.283138 0.283140 0.283138 0.283138 0.000000 0.000000
0.000000 0.000000 0.281723 0.281723 0.281725 0.281723 0.281723 0.281722 0.281722 0.281722 0.281723 0.281722 0.281722 0.281722 0.281723 0.281723 0.281725 0.281723 0.281723 0.000000 0.000000
0.000000 0.000000 0.280313 0.280313 0.280316 0.280313 0.280313 0.280313 0.280313 0.280313 0.280313 0.280313 0.280313 0.280313 0.280313 0.280313 0.280316 0.280313 0.280313 0.000000 0.000000
0.000000 0.000000 0.278918 0.278918 0.278921 0.278918 0.278918 0.278918 0.278918 0.278918 0.278918 0.278918 0.278918 0.278918 0.278918 0.278918 0.278921 0.278918 0.278918 0.000000 0.000000
0.000000 0.000000 0.277506 0.277506 0.277508 0.277506 0.277506 0.277506 0.277506 0.277506 0.277506 0.277506 0.277506 0.277506 0.277506 0.277506 0.277508 0.277506 0.277506 0.000000 0.000000
0.000000 0.000000 0.300000 0.300000 0.300000 0.300000 0.300000 0.300000 0.300000 0.300000 0.300000 0.300000 0.300000 0.300000 0.300000 0.300000 0.300000 0.300000 0.300000 0.000000 0.000000
0.000000 0.000000 0.000000 0.000000 0.000000 0.000000 0.000000 0.000000 0.000000 0.000000 0.000000 0.000000 0.000000 0.000000 0.000000 0.000000 0.000000 0.000000 0.000000 0.000000 0.000000