geotop/1.0zi/1.0Montebello/Templates/testdem/maps/_Eocsilt4617.asc
ncols         21
nrows         20
xllcorner     100.000000
yllcorner     100.000000
cellsize      50.000000
NODATA_value  -9999.0
0.000000 0.000000 0.000000 0.000000 0.000000 0.000000 0.000000 0.000000 0.000000 0.000000 0.000000 0.000000 0.000000 0.000000 0.000000 0.000000 0.000000 0.000000 0.000000 0.000000 0.000000
0.000000 0.000000 0.350093 0.350093 0.350093 0.350093 0.350093 0.350093 0.350093 0.350093 0.350093 0.350093 0.350093 0.350093 0.350093 0.350093 0.350093 0.350093 0.350093 0.000000 0.000000
0.000000 0.000000 0.350002 0.350002 0.350003 0.350003 0.350003 0.350003 0.350004 0.350003 0.350004 0.350003 0.350003 0.350003 0.350003 0.350003 0.350001 0.350001 0.350002 0.000000 0.000000
0.000000 0.000000 0.350032 0.350031 0.350031 0.350026 0.350028 0.350025 0.350027 0.350028 0.350027 0.350027 0.350027 0.350026 0.350028 0.350030 0.350031 0.350032 0.350031 0.000000 0.000000
0.000000 0.000000 0.350386 0.350389 0.350388 0.350383 0.350381 0.350377 0.350376 0.350373 0.350372 0.350374 0.350375 0.350376 0.350380 0.350381 0.350382 0.350390 0.350393 0.000000 0.000000
0.000000 0.000000 0.351543 0.351545 0.351541 0.351530 0.351523 0.351508 0.351506 0.351500 0.351505 0.351508 0.351511 0.351511 0.351516 0.351521 0.351528 0.351530 0.351534 0.000000 0.000000
0.000000 0.000000 0.353346 0.353346 0.353342 0.353328 0.353312 0.353294 0.353295 0.353293 0.353296 0.353295 0.353293 0.353296 0.353309 0.353324 0.353330 0.353336 0.353343 0.000000 0.000000
0.000000 0.000000 0.355448 0.355445 0.355444 0.355430 0.355416 0.355399 0.355401 0.355397 0.355398 0.355398 0.355396 0.355394 0.355412 0.355428 0.355438 0.355441 0.355447 0.000000 0.000000
0.000000 0.000000 0.357600 0.357596 0.357591 0.357581 0.357567 0.357544 0.357546 0.357541 0.357542 0.357543 0.357541 0.357542 0.357559 0.357578 0.357586 0.357591 0.357599 0.000000 0.000000
0.000000 0.000000 0.359736 0.359733 0.359730 0.359720 0.359703 0.359684 0.359687 0.359684 0.359684 0.359685 0.359682 0.359681 0.359700 0.359717 0.359725 0.359729 0.359735 0.000000 0.000000
0.000000 0.000000 0.361890 0.361886 0.361884 0.361875 0.361863 0.361840 0.361843 0.361837 0.361838 0.361839 0.361836 0.361836 0.361852 0.361866 0.361875 0.361880 0.361887 0.000000 0.000000
0.000000 0.000000 0.364119 0.364116 0.364112 0.364099 0.364086 0.364064 0.364064 0.364061 0.364061 0.364061 0.364060 0.364058 0.364079 0.364096 0.364104 0.364108 0.364132 0.000000 0.000000
0.000000 0.000000 0.366377 0.366374 0.366370 0.366360 0.366344 0.366298 0.366298 0.366294 0.366294 0.366295 0.366291 0.366292 0.366332 0.366351 0.366360 0.366364 0.366378 0.000000 0.000000
0.000000 0.000000 0.368770 0.368763 0.368760 0.368750 0.368704 0.368692 0.368685 0.368681 0.368682 0.368683 0.368679 0.368678 0.368692 0.368738 0.368748 0.368758 0.368766 0.000000 0.000000
0.000000 0.000000 0.371348 0.371343 0.371331 0.371290 0.371269 0.371240 0.371226 0.371221 0.371215 0.371214 0.371216 0.371210 0.371233 0.371265 0.371316 0.371314 0.371322 0.000000 0.000000
0.000000 0.000000 0.374015 0.374010 0.373961 0.373952 0.373939 0.373924 0.373922 0.373920 0.373923 0.373923 0.373915 0.373924 0.373932 0.373946 0.373947 0.374002 0.374015 0.000000 0.000000
0.000000 0.000000 0.376982 0.376916 0.376876 0.376857 0.376824 0.376805 0.376801 0.376798 0.376791 0.376791 0.376791 0.376785 0.376799 0.376839 0.376865 0.376892 0.376958 0.000000 0.000000
0.000000 0.000000 0.379295 0.379282 0.379325 0.379300 0.379271 0.379205 0.379199 0.379192 0.379196 0.379195 0.379191 0.379194 0.379254 0.379288 0.379326 0.379270 0.379297 0.000000 0.000000
0.000000 0.000000 0.350000 0.350000 0.350000 0.350000 0.350000 0.350000 0.350000 0.350000 0.350000 0.350000 0.350000 0.350000 0.350000 0.350000 0.350000 0.350000 0.350000 0.000000 0.000000
0.000000 0.000000 0.000000 0.000000 0.000000 0.000000 0.000000 0.000000 0.000000 0.000000 0.000000 0.000000 0.000000 0.000000 0.000000 0.000000 0.000000 0.000000 0.000000 0.000000 0.000000