geotop/1.0zi/1.0Montebello/Templates/testdem/maps/_Eocclay2215.asc
ncols         21
nrows         20
xllcorner     100.000000
yllcorner     100.000000
cellsize      50.000000
NODATA_value  -9999.0
0.000000 0.000000 0.000000 0.000000 0.000000 0.000000 0.000000 0.000000 0.000000 0.000000 0.000000 0.000000 0.000000 0.000000 0.000000 0.000000 0.000000 0.000000 0.000000 0.000000 0.000000
0.000000 0.000000 0.349882 0.349882 0.349882 0.349882 0.349882 0.349882 0.349882 0.349882 0.349882 0.349882 0.349882 0.349882 0.349882 0.349882 0.349882 0.349882 0.349882 0.000000 0.000000
0.000000 0.000000 0.349992 0.349992 0.349992 0.349992 0.349992 0.349992 0.349992 0.349992 0.349992 0.349992 0.349992 0.349992 0.349992 0.349992 0.349992 0.349992 0.349992 0.000000 0.000000
0.000000 0.000000 0.350660 0.350659 0.350657 0.350658 0.350660 0.350659 0.350659 0.350660 0.350660 0.350660 0.350659 0.350659 0.350660 0.350658 0.350657 0.350659 0.350660 0.000000 0.000000
0.000000 0.000000 0.353701 0.353700 0.353698 0.353698 0.353701 0.353700 0.353700 0.353702 0.353702 0.353702 0.353700 0.353700 0.353701 0.353698 0.353698 0.353700 0.353701 0.000000 0.000000
0.000000 0.000000 0.357294 0.357293 0.357292 0.357292 0.357295 0.357294 0.357294 0.357295 0.357295 0.357295 0.357294 0.357294 0.357295 0.357292 0.357292 0.357293 0.357294 0.000000 0.000000
0.000000 0.000000 0.360715 0.360715 0.360714 0.360714 0.360716 0.360715 0.360715 0.360716 0.360716 0.360716 0.360715 0.360715 0.360716 0.360714 0.360714 0.360715 0.360715 0.000000 0.000000
0.000000 0.000000 0.363868 0.363868 0.363866 0.363867 0.363868 0.363868 0.363868 0.363869 0.363869 0.363869 0.363868 0.363868 0.363868 0.363867 0.363866 0.363868 0.363868 0.000000 0.000000
0.000000 0.000000 0.366818 0.366818 0.366817 0.366817 0.366818 0.366818 0.366818 0.366819 0.366819 0.366819 0.366818 0.366818 0.366818 0.366817 0.366817 0.366818 0.366818 0.000000 0.000000
0.000000 0.000000 0.369635 0.369634 0.369633 0.369633 0.369635 0.369634 0.369634 0.369635 0.369635 0.369635 0.369634 0.369634 0.369635 0.369633 0.369633 0.369634 0.369635 0.000000 0.000000
0.000000 0.000000 0.372349 0.372349 0.372347 0.372348 0.372349 0.372349 0.372349 0.372349 0.372349 0.372349 0.372349 0.372349 0.372349 0.372348 0.372347 0.372349 0.372349 0.000000 0.000000
0.000000 0.000000 0.374985 0.374985 0.374984 0.374984 0.374985 0.374985 0.374985 0.374985 0.374986 0.374985 0.374985 0.374985 0.374985 0.374984 0.374984 0.374985 0.374985 0.000000 0.000000
0.000000 0.000000 0.377561 0.377561 0.377559 0.377560 0.377561 0.377561 0.377561 0.377561 0.377561 0.377561 0.377561 0.377561 0.377561 0.377560 0.377559 0.377561 0.377561 0.000000 0.000000
0.000000 0.000000 0.380083 0.380083 0.380082 0.380082 0.380083 0.380083 0.380083 0.380084 0.380084 0.380084 0.380083 0.380083 0.380083 0.380082 0.380082 0.380083 0.380083 0.000000 0.000000
0.000000 0.000000 0.382562 0.382562 0.382561 0.382561 0.382563 0.382562 0.382562 0.382563 0.382563 0.382563 0.382562 0.382562 0.382563 0.382561 0.382561 0.382562 0.382562 0.000000 0.000000
0.000000 0.000000 0.385003 0.385003 0.385002 0.385002 0.385003 0.385003 0.385003 0.385004 0.385004 0.385004 0.385003 0.385003 0.385003 0.385002 0.385002 0.385003 0.385003 0.000000 0.000000
0.000000 0.000000 0.387407 0.387407 0.387405 0.387406 0.387407 0.387407 0.387407 0.387407 0.387407 0.387407 0.387407 0.387407 0.387407 0.387406 0.387405 0.387407 0.387407 0.000000 0.000000
0.000000 0.000000 0.389803 0.389803 0.389801 0.389802 0.389803 0.389803 0.389803 0.389803 0.389803 0.389803 0.389803 0.389803 0.389803 0.389802 0.389801 0.389803 0.389803 0.000000 0.000000
0.000000 0.000000 0.350000 0.350000 0.350000 0.350000 0.350000 0.350000 0.350000 0.350000 0.350000 0.350000 0.350000 0.350000 0.350000 0.350000 0.350000 0.350000 0.350000 0.000000 0.000000
0.000000 0.000000 0.000000 0.000000 0.000000 0.000000 0.000000 0.000000 0.000000 0.000000 0.000000 0.000000 0.000000 0.000000 0.000000 0.000000 0.000000 0.000000 0.000000 0.000000 0.000000