geotop/1.0zi/1.0Montebello/Templates/testdem/maps/_Eocsand091=.asc
ncols         21
nrows         20
xllcorner     100.000000
yllcorner     100.000000
cellsize      50.000000
NODATA_value  -9999.0
0.000000 0.000000 0.000000 0.000000 0.000000 0.000000 0.000000 0.000000 0.000000 0.000000 0.000000 0.000000 0.000000 0.000000 0.000000 0.000000 0.000000 0.000000 0.000000 0.000000 0.000000
0.000000 0.000000 0.300276 0.300274 0.300274 0.300275 0.300274 0.300273 0.300274 0.300274 0.300275 0.300274 0.300274 0.300274 0.300274 0.300274 0.300275 0.300274 0.300274 0.000000 0.000000
0.000000 0.000000 0.300012 0.300014 0.300014 0.300012 0.300014 0.300014 0.300014 0.300014 0.300014 0.300014 0.300013 0.300013 0.300013 0.300013 0.300014 0.300015 0.300015 0.000000 0.000000
0.000000 0.000000 0.299720 0.299715 0.299724 0.299734 0.299733 0.299738 0.299732 0.299734 0.299733 0.299732 0.299731 0.299732 0.299726 0.299719 0.299716 0.299714 0.299715 0.000000 0.000000
0.000000 0.000000 0.296048 0.296057 0.296075 0.296116 0.296148 0.296163 0.296160 0.296160 0.296164 0.296157 0.296152 0.296153 0.296127 0.296111 0.296090 0.296076 0.296065 0.000000 0.000000
0.000000 0.000000 0.286720 0.286734 0.286777 0.286856 0.286929 0.286995 0.286990 0.286997 0.287002 0.287001 0.286990 0.286996 0.286957 0.286894 0.286859 0.286833 0.286821 0.000000 0.000000
0.000000 0.000000 0.274069 0.274097 0.274134 0.274227 0.274322 0.274455 0.274449 0.274456 0.274470 0.274471 0.274473 0.274468 0.274363 0.274285 0.274233 0.274198 0.274184 0.000000 0.000000
0.000000 0.000000 0.258865 0.258900 0.258942 0.259065 0.259170 0.259296 0.259292 0.259302 0.259320 0.259327 0.259332 0.259313 0.259214 0.259125 0.259043 0.259023 0.258994 0.000000 0.000000
0.000000 0.000000 0.241693 0.241742 0.241811 0.241908 0.242033 0.242185 0.242168 0.242190 0.242216 0.242221 0.242214 0.242224 0.242080 0.241970 0.241905 0.241875 0.241850 0.000000 0.000000
0.000000 0.000000 0.221991 0.222061 0.222124 0.222233 0.222375 0.222540 0.222537 0.222546 0.222586 0.222573 0.222556 0.222564 0.222448 0.222301 0.222219 0.222184 0.222176 0.000000 0.000000
0.000000 0.000000 0.198585 0.198645 0.198702 0.198950 0.199014 0.199247 0.199194 0.199298 0.199295 0.199316 0.199359 0.199294 0.199154 0.199064 0.198944 0.198899 0.198801 0.000000 0.000000
0.000000 0.000000 0.170112 0.170249 0.170416 0.170520 0.170660 0.170961 0.170989 0.170968 0.170947 0.171037 0.170990 0.171031 0.170757 0.170592 0.170534 0.170490 0.170296 0.000000 0.000000
0.000000 0.000000 0.137943 0.138066 0.138095 0.138359 0.138523 0.139369 0.139388 0.139435 0.139775 0.139543 0.139549 0.139469 0.138855 0.138734 0.138406 0.138388 0.138402 0.000000 0.000000
0.000000 0.000000 0.101240 0.101286 0.101561 0.101687 0.102749 0.102183 0.102405 0.102394 0.102182 0.102391 0.102418 0.102562 0.103054 0.101880 0.101910 0.101631 0.101483 0.000000 0.000000
0.000000 0.000000 0.071993 0.072076 0.072184 0.072993 0.072597 0.073144 0.073230 0.073282 0.073493 0.073531 0.073447 0.073427 0.072953 0.073350 0.072305 0.072558 0.072613 0.000000 0.000000
0.000000 0.000000 0.054184 0.054229 0.054625 0.054681 0.054642 0.054784 0.054653 0.054705 0.054682 0.054705 0.054748 0.054664 0.054586 0.054629 0.054724 0.054254 0.054278 0.000000 0.000000
0.000000 0.000000 0.041786 0.041918 0.042149 0.042160 0.042223 0.042288 0.042226 0.042249 0.042249 0.042261 0.042277 0.042241 0.042203 0.042159 0.042218 0.041944 0.041844 0.000000 0.000000
0.000000 0.000000 0.033471 0.033557 0.033679 0.033674 0.033745 0.033807 0.033765 0.033785 0.033775 0.033783 0.033795 0.033770 0.033725 0.033674 0.033724 0.033566 0.033494 0.000000 0.000000
0.000000 0.000000 0.300000 0.300000 0.300000 0.300000 0.300000 0.300000 0.300000 0.300000 0.300000 0.300000 0.300000 0.300000 0.300000 0.300000 0.300000 0.300000 0.300000 0.000000 0.000000
0.000000 0.000000 0.000000 0.000000 0.000000 0.000000 0.000000 0.000000 0.000000 0.000000 0.000000 0.000000 0.000000 0.000000 0.000000 0.000000 0.000000 0.000000 0.000000 0.000000 0.000000