geotop/1.0zi/1.0Montebello/Templates/testdem/maps/_Eocclay9989.asc
ncols         21
nrows         20
xllcorner     100.000000
yllcorner     100.000000
cellsize      50.000000
NODATA_value  -9999.0
0.000000 0.000000 0.000000 0.000000 0.000000 0.000000 0.000000 0.000000 0.000000 0.000000 0.000000 0.000000 0.000000 0.000000 0.000000 0.000000 0.000000 0.000000 0.000000 0.000000 0.000000
0.000000 0.000000 0.349540 0.349543 0.349542 0.349541 0.349543 0.349544 0.349543 0.349543 0.349542 0.349543 0.349543 0.349543 0.349543 0.349543 0.349541 0.349542 0.349542 0.000000 0.000000
0.000000 0.000000 0.349982 0.349980 0.349980 0.349982 0.349979 0.349979 0.349980 0.349979 0.349979 0.349980 0.349980 0.349979 0.349980 0.349981 0.349981 0.349981 0.349980 0.000000 0.000000
0.000000 0.000000 0.350041 0.350046 0.350043 0.350038 0.350039 0.350039 0.350044 0.350041 0.350044 0.350042 0.350042 0.350041 0.350044 0.350047 0.350045 0.350046 0.350044 0.000000 0.000000
0.000000 0.000000 0.351535 0.351530 0.351521 0.351508 0.351489 0.351486 0.351483 0.351485 0.351482 0.351487 0.351487 0.351489 0.351499 0.351504 0.351515 0.351519 0.351528 0.000000 0.000000
0.000000 0.000000 0.355596 0.355591 0.355566 0.355525 0.355493 0.355461 0.355466 0.355461 0.355458 0.355458 0.355465 0.355463 0.355480 0.355512 0.355527 0.355541 0.355546 0.000000 0.000000
0.000000 0.000000 0.361061 0.361050 0.361033 0.360992 0.360951 0.360891 0.360891 0.360887 0.360880 0.360882 0.360883 0.360883 0.360933 0.360968 0.360989 0.361003 0.361010 0.000000 0.000000
0.000000 0.000000 0.367562 0.367548 0.367529 0.367478 0.367431 0.367377 0.367378 0.367372 0.367365 0.367362 0.367360 0.367370 0.367415 0.367453 0.367487 0.367496 0.367510 0.000000 0.000000
0.000000 0.000000 0.374722 0.374703 0.374676 0.374635 0.374582 0.374519 0.374525 0.374515 0.374504 0.374502 0.374504 0.374501 0.374564 0.374610 0.374636 0.374648 0.374659 0.000000 0.000000
0.000000 0.000000 0.382712 0.382684 0.382662 0.382618 0.382558 0.382491 0.382491 0.382485 0.382468 0.382474 0.382482 0.382478 0.382530 0.382591 0.382623 0.382636 0.382641 0.000000 0.000000
0.000000 0.000000 0.391912 0.391889 0.391866 0.391772 0.391743 0.391652 0.391671 0.391629 0.391629 0.391622 0.391608 0.391632 0.391691 0.391729 0.391775 0.391791 0.391830 0.000000 0.000000
0.000000 0.000000 0.402762 0.402714 0.402655 0.402608 0.402558 0.402442 0.402439 0.402438 0.402447 0.402406 0.402426 0.402418 0.402525 0.402586 0.402610 0.402625 0.402703 0.000000 0.000000
0.000000 0.000000 0.415107 0.415063 0.415047 0.414953 0.414891 0.414578 0.414572 0.414555 0.414438 0.414509 0.414514 0.414541 0.414776 0.414827 0.414943 0.414949 0.414963 0.000000 0.000000
0.000000 0.000000 0.430488 0.430470 0.430360 0.430294 0.429847 0.430022 0.429926 0.429931 0.429994 0.429926 0.429917 0.429865 0.429711 0.430199 0.430210 0.430325 0.430390 0.000000 0.000000
0.000000 0.000000 0.447548 0.447496 0.447415 0.446849 0.447115 0.446753 0.446681 0.446648 0.446508 0.446475 0.446535 0.446544 0.446864 0.446607 0.447335 0.447158 0.447125 0.000000 0.000000
0.000000 0.000000 0.461866 0.461840 0.461286 0.461587 0.461476 0.461510 0.461757 0.461695 0.461825 0.461806 0.461698 0.461828 0.461743 0.461845 0.461197 0.462048 0.462035 0.000000 0.000000
0.000000 0.000000 0.473717 0.473320 0.473413 0.473250 0.473039 0.472988 0.472872 0.472899 0.472770 0.472785 0.472857 0.472783 0.472874 0.473034 0.473374 0.473133 0.473544 0.000000 0.000000
0.000000 0.000000 0.478618 0.478711 0.478946 0.478886 0.478827 0.478610 0.478611 0.478561 0.478616 0.478602 0.478608 0.478618 0.478810 0.478857 0.478955 0.478717 0.478625 0.000000 0.000000
0.000000 0.000000 0.350000 0.350000 0.350000 0.350000 0.350000 0.350000 0.350000 0.350000 0.350000 0.350000 0.350000 0.350000 0.350000 0.350000 0.350000 0.350000 0.350000 0.000000 0.000000
0.000000 0.000000 0.000000 0.000000 0.000000 0.000000 0.000000 0.000000 0.000000 0.000000 0.000000 0.000000 0.000000 0.000000 0.000000 0.000000 0.000000 0.000000 0.000000 0.000000 0.000000