geotop/1.0zi/1.0Montebello/Templates/testdem/maps/_Eocsand1056.asc
ncols         21
nrows         20
xllcorner     100.000000
yllcorner     100.000000
cellsize      50.000000
NODATA_value  -9999.0
0.000000 0.000000 0.000000 0.000000 0.000000 0.000000 0.000000 0.000000 0.000000 0.000000 0.000000 0.000000 0.000000 0.000000 0.000000 0.000000 0.000000 0.000000 0.000000 0.000000 0.000000
0.000000 0.000000 0.300035 0.300035 0.300035 0.300035 0.300035 0.300035 0.300035 0.300035 0.300035 0.300035 0.300035 0.300035 0.300035 0.300035 0.300035 0.300035 0.300035 0.000000 0.000000
0.000000 0.000000 0.300004 0.300004 0.300005 0.300004 0.300004 0.300004 0.300004 0.300004 0.300004 0.300004 0.300004 0.300004 0.300004 0.300004 0.300005 0.300004 0.300004 0.000000 0.000000
0.000000 0.000000 0.299096 0.299096 0.299101 0.299099 0.299095 0.299096 0.299096 0.299095 0.299095 0.299095 0.299096 0.299096 0.299095 0.299099 0.299101 0.299096 0.299096 0.000000 0.000000
0.000000 0.000000 0.295913 0.295914 0.295919 0.295919 0.295912 0.295914 0.295914 0.295912 0.295912 0.295912 0.295914 0.295914 0.295912 0.295919 0.295919 0.295914 0.295913 0.000000 0.000000
0.000000 0.000000 0.292271 0.292272 0.292276 0.292276 0.292271 0.292272 0.292272 0.292270 0.292271 0.292270 0.292272 0.292272 0.292271 0.292276 0.292276 0.292272 0.292271 0.000000 0.000000
0.000000 0.000000 0.288877 0.288878 0.288882 0.288881 0.288877 0.288878 0.288878 0.288877 0.288877 0.288877 0.288878 0.288878 0.288877 0.288881 0.288882 0.288878 0.288877 0.000000 0.000000
0.000000 0.000000 0.285758 0.285758 0.285761 0.285761 0.285757 0.285758 0.285758 0.285757 0.285757 0.285757 0.285758 0.285758 0.285757 0.285761 0.285761 0.285758 0.285758 0.000000 0.000000
0.000000 0.000000 0.282835 0.282836 0.282839 0.282838 0.282835 0.282835 0.282835 0.282835 0.282835 0.282835 0.282835 0.282835 0.282835 0.282838 0.282839 0.282836 0.282835 0.000000 0.000000
0.000000 0.000000 0.280033 0.280034 0.280037 0.280036 0.280033 0.280034 0.280034 0.280033 0.280033 0.280033 0.280034 0.280034 0.280033 0.280036 0.280037 0.280034 0.280033 0.000000 0.000000
0.000000 0.000000 0.277325 0.277326 0.277329 0.277328 0.277325 0.277325 0.277325 0.277325 0.277325 0.277325 0.277325 0.277325 0.277325 0.277328 0.277329 0.277326 0.277325 0.000000 0.000000
0.000000 0.000000 0.274680 0.274681 0.274684 0.274683 0.274680 0.274681 0.274681 0.274680 0.274680 0.274680 0.274681 0.274681 0.274680 0.274683 0.274684 0.274681 0.274680 0.000000 0.000000
0.000000 0.000000 0.272080 0.272081 0.272084 0.272083 0.272080 0.272081 0.272081 0.272080 0.272080 0.272080 0.272081 0.272081 0.272080 0.272083 0.272084 0.272081 0.272080 0.000000 0.000000
0.000000 0.000000 0.269527 0.269528 0.269530 0.269529 0.269527 0.269527 0.269527 0.269527 0.269527 0.269527 0.269527 0.269527 0.269527 0.269529 0.269530 0.269528 0.269527 0.000000 0.000000
0.000000 0.000000 0.267000 0.267001 0.267003 0.267003 0.267000 0.267000 0.267000 0.267000 0.267000 0.267000 0.267000 0.267000 0.267000 0.267003 0.267003 0.267001 0.267000 0.000000 0.000000
0.000000 0.000000 0.264490 0.264491 0.264493 0.264493 0.264490 0.264490 0.264490 0.264490 0.264490 0.264490 0.264490 0.264490 0.264490 0.264493 0.264493 0.264491 0.264490 0.000000 0.000000
0.000000 0.000000 0.262007 0.262008 0.262011 0.262010 0.262007 0.262008 0.262008 0.262007 0.262007 0.262007 0.262008 0.262008 0.262007 0.262010 0.262011 0.262008 0.262007 0.000000 0.000000
0.000000 0.000000 0.259468 0.259468 0.259470 0.259470 0.259467 0.259467 0.259467 0.259467 0.259467 0.259467 0.259467 0.259467 0.259467 0.259470 0.259470 0.259468 0.259467 0.000000 0.000000
0.000000 0.000000 0.300000 0.300000 0.300000 0.300000 0.300000 0.300000 0.300000 0.300000 0.300000 0.300000 0.300000 0.300000 0.300000 0.300000 0.300000 0.300000 0.300000 0.000000 0.000000
0.000000 0.000000 0.000000 0.000000 0.000000 0.000000 0.000000 0.000000 0.000000 0.000000 0.000000 0.000000 0.000000 0.000000 0.000000 0.000000 0.000000 0.000000 0.000000 0.000000 0.000000