geotop/1.0zi/1.0Montebello/Templates/testdem/maps/_Eocclay5122.asc
ncols         21
nrows         20
xllcorner     100.000000
yllcorner     100.000000
cellsize      50.000000
NODATA_value  -9999.0
0.000000 0.000000 0.000000 0.000000 0.000000 0.000000 0.000000 0.000000 0.000000 0.000000 0.000000 0.000000 0.000000 0.000000 0.000000 0.000000 0.000000 0.000000 0.000000 0.000000 0.000000
0.000000 0.000000 0.349772 0.349772 0.349772 0.349772 0.349773 0.349773 0.349772 0.349772 0.349772 0.349772 0.349772 0.349772 0.349773 0.349772 0.349772 0.349772 0.349772 0.000000 0.000000
0.000000 0.000000 0.349991 0.349991 0.349991 0.349991 0.349991 0.349991 0.349991 0.349991 0.349991 0.349990 0.349991 0.349991 0.349991 0.349991 0.349991 0.349991 0.349991 0.000000 0.000000
0.000000 0.000000 0.349988 0.349990 0.349988 0.349989 0.349991 0.349991 0.349991 0.349989 0.349990 0.349989 0.349989 0.349988 0.349991 0.349992 0.349990 0.349991 0.349990 0.000000 0.000000
0.000000 0.000000 0.350381 0.350380 0.350379 0.350374 0.350366 0.350364 0.350365 0.350365 0.350363 0.350365 0.350362 0.350363 0.350367 0.350366 0.350371 0.350372 0.350375 0.000000 0.000000
0.000000 0.000000 0.351764 0.351767 0.351762 0.351746 0.351741 0.351727 0.351726 0.351722 0.351725 0.351725 0.351729 0.351730 0.351731 0.351741 0.351746 0.351756 0.351761 0.000000 0.000000
0.000000 0.000000 0.353811 0.353809 0.353806 0.353792 0.353774 0.353752 0.353752 0.353748 0.353750 0.353751 0.353753 0.353752 0.353768 0.353786 0.353796 0.353804 0.353811 0.000000 0.000000
0.000000 0.000000 0.356282 0.356281 0.356279 0.356262 0.356244 0.356221 0.356221 0.356218 0.356218 0.356219 0.356217 0.356220 0.356239 0.356256 0.356266 0.356273 0.356280 0.000000 0.000000
0.000000 0.000000 0.358773 0.358772 0.358767 0.358755 0.358737 0.358714 0.358715 0.358712 0.358711 0.358713 0.358711 0.358713 0.358730 0.358750 0.358758 0.358764 0.358773 0.000000 0.000000
0.000000 0.000000 0.361284 0.361281 0.361279 0.361269 0.361247 0.361225 0.361227 0.361224 0.361224 0.361225 0.361223 0.361222 0.361245 0.361263 0.361269 0.361276 0.361283 0.000000 0.000000
0.000000 0.000000 0.363866 0.363863 0.363862 0.363847 0.363830 0.363804 0.363806 0.363801 0.363800 0.363802 0.363800 0.363801 0.363818 0.363834 0.363847 0.363854 0.363863 0.000000 0.000000
0.000000 0.000000 0.366549 0.366547 0.366543 0.366528 0.366510 0.366485 0.366483 0.366481 0.366480 0.366480 0.366479 0.366479 0.366502 0.366520 0.366529 0.366535 0.366561 0.000000 0.000000
0.000000 0.000000 0.369284 0.369281 0.369276 0.369264 0.369242 0.369187 0.369187 0.369183 0.369182 0.369184 0.369181 0.369183 0.369230 0.369251 0.369262 0.369268 0.369285 0.000000 0.000000
0.000000 0.000000 0.372217 0.372210 0.372207 0.372194 0.372135 0.372121 0.372112 0.372109 0.372109 0.372109 0.372107 0.372107 0.372121 0.372177 0.372189 0.372202 0.372212 0.000000 0.000000
0.000000 0.000000 0.375407 0.375402 0.375388 0.375335 0.375308 0.375273 0.375255 0.375250 0.375241 0.375242 0.375245 0.375240 0.375266 0.375301 0.375367 0.375366 0.375375 0.000000 0.000000
0.000000 0.000000 0.378735 0.378730 0.378666 0.378650 0.378633 0.378615 0.378615 0.378614 0.378618 0.378617 0.378609 0.378622 0.378630 0.378644 0.378645 0.378721 0.378738 0.000000 0.000000
0.000000 0.000000 0.382486 0.382398 0.382350 0.382324 0.382275 0.382249 0.382243 0.382240 0.382229 0.382231 0.382234 0.382225 0.382245 0.382297 0.382334 0.382365 0.382455 0.000000 0.000000
0.000000 0.000000 0.385332 0.385325 0.385391 0.385359 0.385323 0.385234 0.385225 0.385218 0.385222 0.385222 0.385217 0.385225 0.385305 0.385343 0.385388 0.385312 0.385338 0.000000 0.000000
0.000000 0.000000 0.350000 0.350000 0.350000 0.350000 0.350000 0.350000 0.350000 0.350000 0.350000 0.350000 0.350000 0.350000 0.350000 0.350000 0.350000 0.350000 0.350000 0.000000 0.000000
0.000000 0.000000 0.000000 0.000000 0.000000 0.000000 0.000000 0.000000 0.000000 0.000000 0.000000 0.000000 0.000000 0.000000 0.000000 0.000000 0.000000 0.000000 0.000000 0.000000 0.000000