geotop/1.0zi/1.0Montebello/Templates/testdem/maps/_Eocsand8135.asc
ncols         21
nrows         20
xllcorner     100.000000
yllcorner     100.000000
cellsize      50.000000
NODATA_value  -9999.0
0.000000 0.000000 0.000000 0.000000 0.000000 0.000000 0.000000 0.000000 0.000000 0.000000 0.000000 0.000000 0.000000 0.000000 0.000000 0.000000 0.000000 0.000000 0.000000 0.000000 0.000000
0.000000 0.000000 0.300207 0.300204 0.300204 0.300205 0.300204 0.300203 0.300204 0.300204 0.300205 0.300204 0.300204 0.300204 0.300204 0.300204 0.300205 0.300205 0.300205 0.000000 0.000000
0.000000 0.000000 0.300011 0.300012 0.300012 0.300010 0.300011 0.300012 0.300011 0.300011 0.300012 0.300012 0.300011 0.300011 0.300011 0.300011 0.300012 0.300013 0.300013 0.000000 0.000000
0.000000 0.000000 0.299894 0.299893 0.299897 0.299906 0.299901 0.299909 0.299904 0.299906 0.299906 0.299906 0.299906 0.299908 0.299903 0.299898 0.299896 0.299893 0.299894 0.000000 0.000000
0.000000 0.000000 0.297967 0.297964 0.297973 0.297988 0.298011 0.298021 0.298027 0.298026 0.298030 0.298029 0.298032 0.298026 0.298003 0.297996 0.297984 0.297970 0.297961 0.000000 0.000000
0.000000 0.000000 0.292368 0.292370 0.292393 0.292438 0.292473 0.292520 0.292520 0.292534 0.292525 0.292526 0.292522 0.292522 0.292499 0.292465 0.292436 0.292414 0.292402 0.000000 0.000000
0.000000 0.000000 0.284544 0.284552 0.284573 0.284623 0.284688 0.284762 0.284763 0.284773 0.284770 0.284772 0.284774 0.284768 0.284704 0.284647 0.284612 0.284583 0.284567 0.000000 0.000000
0.000000 0.000000 0.275276 0.275281 0.275297 0.275355 0.275417 0.275499 0.275499 0.275508 0.275510 0.275516 0.275520 0.275505 0.275436 0.275380 0.275327 0.275311 0.275286 0.000000 0.000000
0.000000 0.000000 0.265373 0.265389 0.265420 0.265458 0.265524 0.265612 0.265608 0.265627 0.265632 0.265636 0.265634 0.265636 0.265551 0.265481 0.265439 0.265418 0.265396 0.000000 0.000000
0.000000 0.000000 0.254906 0.254925 0.254941 0.254979 0.255075 0.255155 0.255154 0.255165 0.255177 0.255171 0.255159 0.255164 0.255091 0.255011 0.254962 0.254945 0.254929 0.000000 0.000000
0.000000 0.000000 0.243536 0.243548 0.243568 0.243650 0.243717 0.243811 0.243791 0.243842 0.243835 0.243838 0.243856 0.243822 0.243756 0.243706 0.243643 0.243608 0.243565 0.000000 0.000000
0.000000 0.000000 0.230916 0.230950 0.230990 0.231043 0.231119 0.231237 0.231244 0.231258 0.231231 0.231272 0.231261 0.231254 0.231132 0.231070 0.231027 0.231002 0.230896 0.000000 0.000000
0.000000 0.000000 0.217269 0.217302 0.217318 0.217394 0.217461 0.217767 0.217771 0.217790 0.217870 0.217828 0.217811 0.217783 0.217550 0.217487 0.217371 0.217357 0.217305 0.000000 0.000000
0.000000 0.000000 0.201280 0.201290 0.201356 0.201409 0.201791 0.201765 0.201844 0.201843 0.201820 0.201843 0.201854 0.201871 0.201904 0.201508 0.201442 0.201337 0.201261 0.000000 0.000000
0.000000 0.000000 0.182437 0.182471 0.182551 0.183034 0.182999 0.183240 0.183349 0.183377 0.183458 0.183516 0.183462 0.183473 0.183239 0.183246 0.182607 0.182701 0.182687 0.000000 0.000000
0.000000 0.000000 0.161761 0.161791 0.162492 0.162311 0.162363 0.162433 0.162174 0.162258 0.162122 0.162173 0.162287 0.162112 0.162095 0.162056 0.162553 0.161547 0.161561 0.000000 0.000000
0.000000 0.000000 0.136115 0.137214 0.137001 0.137407 0.137959 0.138121 0.138416 0.138347 0.138673 0.138645 0.138461 0.138640 0.138363 0.137957 0.137040 0.137615 0.136471 0.000000 0.000000
0.000000 0.000000 0.126492 0.125478 0.124538 0.124536 0.124496 0.125397 0.125252 0.125515 0.125092 0.125178 0.125241 0.125097 0.124345 0.124376 0.124364 0.125104 0.126093 0.000000 0.000000
0.000000 0.000000 0.300000 0.300000 0.300000 0.300000 0.300000 0.300000 0.300000 0.300000 0.300000 0.300000 0.300000 0.300000 0.300000 0.300000 0.300000 0.300000 0.300000 0.000000 0.000000
0.000000 0.000000 0.000000 0.000000 0.000000 0.000000 0.000000 0.000000 0.000000 0.000000 0.000000 0.000000 0.000000 0.000000 0.000000 0.000000 0.000000 0.000000 0.000000 0.000000 0.000000