geotop/1.0zi/1.0Montebello/Templates/testdem/maps/_Eocsilt1351.asc
ncols         21
nrows         20
xllcorner     100.000000
yllcorner     100.000000
cellsize      50.000000
NODATA_value  -9999.0
0.000000 0.000000 0.000000 0.000000 0.000000 0.000000 0.000000 0.000000 0.000000 0.000000 0.000000 0.000000 0.000000 0.000000 0.000000 0.000000 0.000000 0.000000 0.000000 0.000000 0.000000
0.000000 0.000000 0.350029 0.350029 0.350029 0.350029 0.350029 0.350029 0.350029 0.350029 0.350029 0.350029 0.350029 0.350029 0.350029 0.350029 0.350029 0.350029 0.350029 0.000000 0.000000
0.000000 0.000000 0.350000 0.350000 0.350000 0.350000 0.350000 0.350000 0.350000 0.350000 0.350000 0.350000 0.350000 0.350000 0.350000 0.350000 0.350000 0.350000 0.350000 0.000000 0.000000
0.000000 0.000000 0.350578 0.350577 0.350575 0.350576 0.350578 0.350578 0.350578 0.350578 0.350578 0.350578 0.350578 0.350578 0.350578 0.350576 0.350575 0.350577 0.350578 0.000000 0.000000
0.000000 0.000000 0.352467 0.352467 0.352464 0.352464 0.352467 0.352467 0.352467 0.352468 0.352467 0.352468 0.352467 0.352467 0.352467 0.352464 0.352464 0.352467 0.352467 0.000000 0.000000
0.000000 0.000000 0.354799 0.354798 0.354796 0.354796 0.354799 0.354798 0.354798 0.354799 0.354799 0.354799 0.354798 0.354798 0.354799 0.354796 0.354796 0.354798 0.354799 0.000000 0.000000
0.000000 0.000000 0.356944 0.356944 0.356942 0.356943 0.356945 0.356944 0.356944 0.356945 0.356945 0.356945 0.356944 0.356944 0.356945 0.356943 0.356942 0.356944 0.356944 0.000000 0.000000
0.000000 0.000000 0.358915 0.358915 0.358913 0.358913 0.358915 0.358915 0.358915 0.358915 0.358915 0.358915 0.358915 0.358915 0.358915 0.358913 0.358913 0.358915 0.358915 0.000000 0.000000
0.000000 0.000000 0.360761 0.360761 0.360759 0.360760 0.360762 0.360761 0.360761 0.360762 0.360761 0.360762 0.360761 0.360761 0.360762 0.360760 0.360759 0.360761 0.360761 0.000000 0.000000
0.000000 0.000000 0.362531 0.362530 0.362529 0.362529 0.362531 0.362531 0.362530 0.362531 0.362531 0.362531 0.362530 0.362531 0.362531 0.362529 0.362529 0.362530 0.362531 0.000000 0.000000
0.000000 0.000000 0.364242 0.364242 0.364240 0.364241 0.364242 0.364242 0.364242 0.364242 0.364242 0.364242 0.364242 0.364242 0.364242 0.364241 0.364240 0.364242 0.364242 0.000000 0.000000
0.000000 0.000000 0.365913 0.365913 0.365911 0.365912 0.365913 0.365913 0.365913 0.365913 0.365913 0.365913 0.365913 0.365913 0.365913 0.365912 0.365911 0.365913 0.365913 0.000000 0.000000
0.000000 0.000000 0.367555 0.367555 0.367553 0.367554 0.367555 0.367555 0.367555 0.367555 0.367555 0.367555 0.367555 0.367555 0.367555 0.367554 0.367553 0.367555 0.367555 0.000000 0.000000
0.000000 0.000000 0.369169 0.369168 0.369167 0.369167 0.369169 0.369168 0.369168 0.369169 0.369169 0.369169 0.369168 0.369168 0.369169 0.369167 0.369167 0.369168 0.369169 0.000000 0.000000
0.000000 0.000000 0.370760 0.370760 0.370759 0.370759 0.370760 0.370760 0.370760 0.370760 0.370760 0.370760 0.370760 0.370760 0.370760 0.370759 0.370759 0.370760 0.370760 0.000000 0.000000
0.000000 0.000000 0.372336 0.372336 0.372335 0.372335 0.372337 0.372336 0.372336 0.372337 0.372337 0.372337 0.372336 0.372336 0.372337 0.372335 0.372335 0.372336 0.372336 0.000000 0.000000
0.000000 0.000000 0.373895 0.373895 0.373894 0.373894 0.373896 0.373895 0.373895 0.373896 0.373896 0.373896 0.373895 0.373895 0.373896 0.373894 0.373894 0.373895 0.373895 0.000000 0.000000
0.000000 0.000000 0.375476 0.375476 0.375475 0.375475 0.375476 0.375476 0.375476 0.375476 0.375476 0.375476 0.375476 0.375476 0.375476 0.375475 0.375475 0.375476 0.375476 0.000000 0.000000
0.000000 0.000000 0.350000 0.350000 0.350000 0.350000 0.350000 0.350000 0.350000 0.350000 0.350000 0.350000 0.350000 0.350000 0.350000 0.350000 0.350000 0.350000 0.350000 0.000000 0.000000
0.000000 0.000000 0.000000 0.000000 0.000000 0.000000 0.000000 0.000000 0.000000 0.000000 0.000000 0.000000 0.000000 0.000000 0.000000 0.000000 0.000000 0.000000 0.000000 0.000000 0.000000