geotop/1.0zi/1.0Montebello/Templates/testdem/maps/_Eocsilt1470.asc
ncols         21
nrows         20
xllcorner     100.000000
yllcorner     100.000000
cellsize      50.000000
NODATA_value  -9999.0
0.000000 0.000000 0.000000 0.000000 0.000000 0.000000 0.000000 0.000000 0.000000 0.000000 0.000000 0.000000 0.000000 0.000000 0.000000 0.000000 0.000000 0.000000 0.000000 0.000000 0.000000
0.000000 0.000000 0.350030 0.350030 0.350030 0.350030 0.350030 0.350030 0.350030 0.350030 0.350030 0.350030 0.350030 0.350030 0.350030 0.350030 0.350030 0.350030 0.350030 0.000000 0.000000
0.000000 0.000000 0.349999 0.349999 0.349999 0.350000 0.349999 0.349999 0.349999 0.349999 0.349999 0.349999 0.349999 0.349999 0.349999 0.350000 0.349999 0.349999 0.349999 0.000000 0.000000
0.000000 0.000000 0.350606 0.350606 0.350603 0.350604 0.350606 0.350606 0.350606 0.350606 0.350606 0.350606 0.350606 0.350606 0.350606 0.350604 0.350603 0.350606 0.350606 0.000000 0.000000
0.000000 0.000000 0.352625 0.352624 0.352622 0.352622 0.352625 0.352624 0.352624 0.352625 0.352625 0.352625 0.352624 0.352624 0.352625 0.352622 0.352622 0.352624 0.352625 0.000000 0.000000
0.000000 0.000000 0.355117 0.355116 0.355114 0.355114 0.355117 0.355116 0.355116 0.355117 0.355117 0.355117 0.355116 0.355116 0.355117 0.355114 0.355114 0.355116 0.355117 0.000000 0.000000
0.000000 0.000000 0.357410 0.357410 0.357408 0.357408 0.357410 0.357410 0.357410 0.357410 0.357410 0.357410 0.357410 0.357410 0.357410 0.357408 0.357408 0.357410 0.357410 0.000000 0.000000
0.000000 0.000000 0.359517 0.359517 0.359515 0.359516 0.359517 0.359517 0.359517 0.359517 0.359517 0.359517 0.359517 0.359517 0.359517 0.359516 0.359515 0.359517 0.359517 0.000000 0.000000
0.000000 0.000000 0.361492 0.361491 0.361490 0.361490 0.361492 0.361491 0.361491 0.361492 0.361492 0.361492 0.361491 0.361491 0.361492 0.361490 0.361490 0.361491 0.361492 0.000000 0.000000
0.000000 0.000000 0.363383 0.363383 0.363381 0.363382 0.363383 0.363383 0.363383 0.363383 0.363383 0.363383 0.363383 0.363383 0.363383 0.363382 0.363381 0.363383 0.363383 0.000000 0.000000
0.000000 0.000000 0.365210 0.365210 0.365208 0.365209 0.365210 0.365210 0.365210 0.365210 0.365210 0.365210 0.365210 0.365210 0.365210 0.365209 0.365208 0.365210 0.365210 0.000000 0.000000
0.000000 0.000000 0.366991 0.366990 0.366989 0.366989 0.366991 0.366990 0.366990 0.366991 0.366991 0.366991 0.366990 0.366990 0.366991 0.366989 0.366989 0.366990 0.366991 0.000000 0.000000
0.000000 0.000000 0.368739 0.368739 0.368738 0.368738 0.368740 0.368739 0.368739 0.368740 0.368740 0.368740 0.368739 0.368739 0.368740 0.368738 0.368738 0.368739 0.368739 0.000000 0.000000
0.000000 0.000000 0.370456 0.370456 0.370455 0.370455 0.370457 0.370456 0.370456 0.370457 0.370457 0.370457 0.370456 0.370456 0.370457 0.370455 0.370455 0.370456 0.370456 0.000000 0.000000
0.000000 0.000000 0.372149 0.372149 0.372148 0.372148 0.372150 0.372149 0.372149 0.372150 0.372150 0.372150 0.372149 0.372149 0.372150 0.372148 0.372148 0.372149 0.372149 0.000000 0.000000
0.000000 0.000000 0.373825 0.373825 0.373823 0.373824 0.373825 0.373825 0.373825 0.373825 0.373825 0.373825 0.373825 0.373825 0.373825 0.373824 0.373823 0.373825 0.373825 0.000000 0.000000
0.000000 0.000000 0.375482 0.375482 0.375480 0.375481 0.375482 0.375482 0.375482 0.375482 0.375482 0.375482 0.375482 0.375482 0.375482 0.375481 0.375480 0.375482 0.375482 0.000000 0.000000
0.000000 0.000000 0.377160 0.377160 0.377159 0.377159 0.377160 0.377160 0.377160 0.377160 0.377160 0.377160 0.377160 0.377160 0.377160 0.377159 0.377159 0.377160 0.377160 0.000000 0.000000
0.000000 0.000000 0.350000 0.350000 0.350000 0.350000 0.350000 0.350000 0.350000 0.350000 0.350000 0.350000 0.350000 0.350000 0.350000 0.350000 0.350000 0.350000 0.350000 0.000000 0.000000
0.000000 0.000000 0.000000 0.000000 0.000000 0.000000 0.000000 0.000000 0.000000 0.000000 0.000000 0.000000 0.000000 0.000000 0.000000 0.000000 0.000000 0.000000 0.000000 0.000000 0.000000