geotop/1.0zi/1.0Montebello/Templates/testdem/maps/_Eocclay0787.asc
ncols         21
nrows         20
xllcorner     100.000000
yllcorner     100.000000
cellsize      50.000000
NODATA_value  -9999.0
0.000000 0.000000 0.000000 0.000000 0.000000 0.000000 0.000000 0.000000 0.000000 0.000000 0.000000 0.000000 0.000000 0.000000 0.000000 0.000000 0.000000 0.000000 0.000000 0.000000 0.000000
0.000000 0.000000 0.349958 0.349958 0.349958 0.349958 0.349958 0.349958 0.349958 0.349958 0.349958 0.349958 0.349958 0.349958 0.349958 0.349958 0.349958 0.349958 0.349958 0.000000 0.000000
0.000000 0.000000 0.349995 0.349995 0.349995 0.349995 0.349995 0.349995 0.349995 0.349995 0.349995 0.349995 0.349995 0.349995 0.349995 0.349995 0.349995 0.349995 0.349995 0.000000 0.000000
0.000000 0.000000 0.350318 0.350318 0.350316 0.350317 0.350318 0.350318 0.350318 0.350318 0.350318 0.350318 0.350318 0.350318 0.350318 0.350317 0.350316 0.350318 0.350318 0.000000 0.000000
0.000000 0.000000 0.351515 0.351513 0.351511 0.351511 0.351515 0.351514 0.351514 0.351515 0.351515 0.351515 0.351514 0.351514 0.351515 0.351511 0.351511 0.351513 0.351515 0.000000 0.000000
0.000000 0.000000 0.352802 0.352801 0.352799 0.352799 0.352802 0.352802 0.352801 0.352802 0.352802 0.352802 0.352801 0.352802 0.352802 0.352799 0.352799 0.352801 0.352802 0.000000 0.000000
0.000000 0.000000 0.354039 0.354038 0.354037 0.354037 0.354039 0.354039 0.354039 0.354039 0.354039 0.354039 0.354039 0.354039 0.354039 0.354037 0.354037 0.354038 0.354039 0.000000 0.000000
0.000000 0.000000 0.355191 0.355191 0.355189 0.355190 0.355191 0.355191 0.355191 0.355191 0.355191 0.355191 0.355191 0.355191 0.355191 0.355190 0.355189 0.355191 0.355191 0.000000 0.000000
0.000000 0.000000 0.356280 0.356280 0.356278 0.356279 0.356280 0.356280 0.356280 0.356280 0.356280 0.356280 0.356280 0.356280 0.356280 0.356279 0.356278 0.356280 0.356280 0.000000 0.000000
0.000000 0.000000 0.357329 0.357329 0.357327 0.357328 0.357329 0.357329 0.357329 0.357329 0.357329 0.357329 0.357329 0.357329 0.357329 0.357328 0.357327 0.357329 0.357329 0.000000 0.000000
0.000000 0.000000 0.358347 0.358347 0.358346 0.358346 0.358347 0.358347 0.358347 0.358348 0.358347 0.358348 0.358347 0.358347 0.358347 0.358346 0.358346 0.358347 0.358347 0.000000 0.000000
0.000000 0.000000 0.359346 0.359345 0.359344 0.359344 0.359346 0.359346 0.359346 0.359346 0.359346 0.359346 0.359346 0.359346 0.359346 0.359344 0.359344 0.359345 0.359346 0.000000 0.000000
0.000000 0.000000 0.360327 0.360327 0.360325 0.360325 0.360327 0.360327 0.360327 0.360327 0.360327 0.360327 0.360327 0.360327 0.360327 0.360325 0.360325 0.360327 0.360327 0.000000 0.000000
0.000000 0.000000 0.361294 0.361294 0.361293 0.361293 0.361294 0.361294 0.361294 0.361294 0.361294 0.361294 0.361294 0.361294 0.361294 0.361293 0.361293 0.361294 0.361294 0.000000 0.000000
0.000000 0.000000 0.362253 0.362252 0.362251 0.362251 0.362252 0.362252 0.362252 0.362253 0.362253 0.362253 0.362252 0.362252 0.362252 0.362251 0.362251 0.362252 0.362253 0.000000 0.000000
0.000000 0.000000 0.363205 0.363205 0.363203 0.363204 0.363205 0.363205 0.363205 0.363205 0.363205 0.363205 0.363205 0.363205 0.363205 0.363204 0.363203 0.363205 0.363205 0.000000 0.000000
0.000000 0.000000 0.364149 0.364149 0.364148 0.364148 0.364149 0.364149 0.364149 0.364149 0.364149 0.364149 0.364149 0.364149 0.364149 0.364148 0.364148 0.364149 0.364149 0.000000 0.000000
0.000000 0.000000 0.365105 0.365105 0.365104 0.365104 0.365105 0.365105 0.365105 0.365105 0.365105 0.365105 0.365105 0.365105 0.365105 0.365104 0.365104 0.365105 0.365105 0.000000 0.000000
0.000000 0.000000 0.350000 0.350000 0.350000 0.350000 0.350000 0.350000 0.350000 0.350000 0.350000 0.350000 0.350000 0.350000 0.350000 0.350000 0.350000 0.350000 0.350000 0.000000 0.000000
0.000000 0.000000 0.000000 0.000000 0.000000 0.000000 0.000000 0.000000 0.000000 0.000000 0.000000 0.000000 0.000000 0.000000 0.000000 0.000000 0.000000 0.000000 0.000000 0.000000 0.000000