geotop/1.0zi/1.0Montebello/Templates/testdem/maps/_Eocsand096.asc
ncols         21
nrows         20
xllcorner     100.000000
yllcorner     100.000000
cellsize      50.000000
NODATA_value  -9999.0
0.000000 0.000000 0.000000 0.000000 0.000000 0.000000 0.000000 0.000000 0.000000 0.000000 0.000000 0.000000 0.000000 0.000000 0.000000 0.000000 0.000000 0.000000 0.000000 0.000000 0.000000
0.000000 0.000000 0.300276 0.300273 0.300274 0.300274 0.300273 0.300273 0.300273 0.300273 0.300274 0.300274 0.300274 0.300274 0.300273 0.300273 0.300274 0.300274 0.300274 0.000000 0.000000
0.000000 0.000000 0.300012 0.300013 0.300014 0.300011 0.300013 0.300014 0.300013 0.300013 0.300013 0.300013 0.300013 0.300013 0.300013 0.300013 0.300014 0.300015 0.300014 0.000000 0.000000
0.000000 0.000000 0.299693 0.299682 0.299699 0.299707 0.299705 0.299716 0.299708 0.299706 0.299709 0.299708 0.299708 0.299702 0.299704 0.299696 0.299692 0.299688 0.299688 0.000000 0.000000
0.000000 0.000000 0.295935 0.295942 0.295962 0.295997 0.296034 0.296052 0.296045 0.296045 0.296052 0.296042 0.296036 0.296041 0.296016 0.295999 0.295980 0.295964 0.295948 0.000000 0.000000
0.000000 0.000000 0.286482 0.286492 0.286539 0.286616 0.286692 0.286759 0.286750 0.286759 0.286769 0.286765 0.286752 0.286760 0.286725 0.286658 0.286626 0.286595 0.286583 0.000000 0.000000
0.000000 0.000000 0.273667 0.273688 0.273732 0.273822 0.273919 0.274058 0.274052 0.274060 0.274077 0.274075 0.274078 0.274075 0.273970 0.273890 0.273841 0.273798 0.273785 0.000000 0.000000
0.000000 0.000000 0.258251 0.258277 0.258323 0.258443 0.258553 0.258684 0.258680 0.258691 0.258713 0.258715 0.258723 0.258705 0.258610 0.258519 0.258438 0.258414 0.258385 0.000000 0.000000
0.000000 0.000000 0.240797 0.240837 0.240910 0.241005 0.241134 0.241298 0.241281 0.241305 0.241333 0.241338 0.241334 0.241344 0.241203 0.241091 0.241026 0.240990 0.240965 0.000000 0.000000
0.000000 0.000000 0.220714 0.220779 0.220849 0.220950 0.221102 0.221276 0.221274 0.221285 0.221331 0.221318 0.221292 0.221303 0.221192 0.221042 0.220961 0.220920 0.220912 0.000000 0.000000
0.000000 0.000000 0.196789 0.196851 0.196913 0.197160 0.197232 0.197479 0.197415 0.197527 0.197522 0.197543 0.197588 0.197523 0.197390 0.197297 0.197176 0.197125 0.197025 0.000000 0.000000
0.000000 0.000000 0.167630 0.167768 0.167944 0.168044 0.168182 0.168509 0.168526 0.168502 0.168492 0.168588 0.168541 0.168571 0.168305 0.168134 0.168079 0.168027 0.167829 0.000000 0.000000
0.000000 0.000000 0.134799 0.134924 0.134953 0.135212 0.135381 0.136259 0.136285 0.136332 0.136685 0.136444 0.136453 0.136374 0.135758 0.135630 0.135299 0.135252 0.135287 0.000000 0.000000
0.000000 0.000000 0.097985 0.098006 0.098304 0.098419 0.099480 0.098900 0.099125 0.099112 0.098902 0.099115 0.099145 0.099290 0.099782 0.098603 0.098637 0.098359 0.098218 0.000000 0.000000
0.000000 0.000000 0.069717 0.069789 0.069907 0.070650 0.070295 0.070783 0.070870 0.070921 0.071116 0.071155 0.071069 0.071060 0.070634 0.071009 0.070039 0.070270 0.070322 0.000000 0.000000
0.000000 0.000000 0.052606 0.052658 0.053006 0.053092 0.053031 0.053178 0.053080 0.053132 0.053117 0.053149 0.053185 0.053107 0.053018 0.053076 0.053110 0.052718 0.052745 0.000000 0.000000
0.000000 0.000000 0.040690 0.040807 0.041015 0.041044 0.041085 0.041157 0.041099 0.041123 0.041123 0.041136 0.041153 0.041118 0.041080 0.041057 0.041106 0.040852 0.040776 0.000000 0.000000
0.000000 0.000000 0.032613 0.032675 0.032802 0.032801 0.032854 0.032915 0.032872 0.032892 0.032880 0.032890 0.032904 0.032877 0.032836 0.032803 0.032859 0.032692 0.032642 0.000000 0.000000
0.000000 0.000000 0.300000 0.300000 0.300000 0.300000 0.300000 0.300000 0.300000 0.300000 0.300000 0.300000 0.300000 0.300000 0.300000 0.300000 0.300000 0.300000 0.300000 0.000000 0.000000
0.000000 0.000000 0.000000 0.000000 0.000000 0.000000 0.000000 0.000000 0.000000 0.000000 0.000000 0.000000 0.000000 0.000000 0.000000 0.000000 0.000000 0.000000 0.000000 0.000000 0.000000