geotop/1.0zi/1.0Montebello/Templates/testdem/maps/_Eocsilt0603.asc
ncols         21
nrows         20
xllcorner     100.000000
yllcorner     100.000000
cellsize      50.000000
NODATA_value  -9999.0
0.000000 0.000000 0.000000 0.000000 0.000000 0.000000 0.000000 0.000000 0.000000 0.000000 0.000000 0.000000 0.000000 0.000000 0.000000 0.000000 0.000000 0.000000 0.000000 0.000000 0.000000
0.000000 0.000000 0.350011 0.350011 0.350011 0.350011 0.350011 0.350011 0.350011 0.350011 0.350011 0.350011 0.350011 0.350011 0.350011 0.350011 0.350011 0.350011 0.350011 0.000000 0.000000
0.000000 0.000000 0.349998 0.349997 0.349997 0.349997 0.349998 0.349998 0.349998 0.349998 0.349998 0.349998 0.349998 0.349998 0.349998 0.349997 0.349997 0.349997 0.349998 0.000000 0.000000
0.000000 0.000000 0.350283 0.350283 0.350281 0.350283 0.350283 0.350283 0.350283 0.350283 0.350283 0.350283 0.350283 0.350283 0.350283 0.350283 0.350281 0.350283 0.350283 0.000000 0.000000
0.000000 0.000000 0.351179 0.351179 0.351177 0.351179 0.351179 0.351179 0.351179 0.351179 0.351179 0.351179 0.351179 0.351179 0.351179 0.351179 0.351177 0.351179 0.351179 0.000000 0.000000
0.000000 0.000000 0.352184 0.352184 0.352183 0.352184 0.352184 0.352185 0.352185 0.352184 0.352184 0.352184 0.352185 0.352185 0.352184 0.352184 0.352183 0.352184 0.352184 0.000000 0.000000
0.000000 0.000000 0.353112 0.353112 0.353110 0.353112 0.353112 0.353112 0.353112 0.353112 0.353112 0.353112 0.353112 0.353112 0.353112 0.353112 0.353110 0.353112 0.353112 0.000000 0.000000
0.000000 0.000000 0.353975 0.353975 0.353973 0.353975 0.353975 0.353975 0.353975 0.353975 0.353975 0.353975 0.353975 0.353975 0.353975 0.353975 0.353973 0.353975 0.353975 0.000000 0.000000
0.000000 0.000000 0.354792 0.354792 0.354790 0.354792 0.354792 0.354792 0.354792 0.354792 0.354792 0.354792 0.354792 0.354792 0.354792 0.354792 0.354790 0.354792 0.354792 0.000000 0.000000
0.000000 0.000000 0.355581 0.355581 0.355579 0.355581 0.355581 0.355581 0.355581 0.355581 0.355581 0.355581 0.355581 0.355581 0.355581 0.355581 0.355579 0.355581 0.355581 0.000000 0.000000
0.000000 0.000000 0.356349 0.356349 0.356348 0.356349 0.356349 0.356349 0.356349 0.356349 0.356349 0.356349 0.356349 0.356349 0.356349 0.356349 0.356348 0.356349 0.356349 0.000000 0.000000
0.000000 0.000000 0.357103 0.357103 0.357102 0.357103 0.357103 0.357103 0.357103 0.357103 0.357103 0.357103 0.357103 0.357103 0.357103 0.357103 0.357102 0.357103 0.357103 0.000000 0.000000
0.000000 0.000000 0.357845 0.357845 0.357843 0.357845 0.357845 0.357845 0.357845 0.357845 0.357845 0.357845 0.357845 0.357845 0.357845 0.357845 0.357843 0.357845 0.357845 0.000000 0.000000
0.000000 0.000000 0.358576 0.358576 0.358574 0.358576 0.358576 0.358576 0.358576 0.358576 0.358576 0.358576 0.358576 0.358576 0.358576 0.358576 0.358574 0.358576 0.358576 0.000000 0.000000
0.000000 0.000000 0.359300 0.359300 0.359299 0.359300 0.359301 0.359301 0.359301 0.359301 0.359301 0.359301 0.359301 0.359301 0.359301 0.359300 0.359299 0.359300 0.359300 0.000000 0.000000
0.000000 0.000000 0.360022 0.360022 0.360021 0.360022 0.360023 0.360023 0.360023 0.360023 0.360023 0.360023 0.360023 0.360023 0.360023 0.360022 0.360021 0.360022 0.360022 0.000000 0.000000
0.000000 0.000000 0.360738 0.360738 0.360736 0.360737 0.360738 0.360738 0.360738 0.360738 0.360738 0.360738 0.360738 0.360738 0.360738 0.360737 0.360736 0.360738 0.360738 0.000000 0.000000
0.000000 0.000000 0.361459 0.361460 0.361458 0.361459 0.361460 0.361460 0.361460 0.361460 0.361460 0.361460 0.361460 0.361460 0.361460 0.361459 0.361458 0.361460 0.361460 0.000000 0.000000
0.000000 0.000000 0.350000 0.350000 0.350000 0.350000 0.350000 0.350000 0.350000 0.350000 0.350000 0.350000 0.350000 0.350000 0.350000 0.350000 0.350000 0.350000 0.350000 0.000000 0.000000
0.000000 0.000000 0.000000 0.000000 0.000000 0.000000 0.000000 0.000000 0.000000 0.000000 0.000000 0.000000 0.000000 0.000000 0.000000 0.000000 0.000000 0.000000 0.000000 0.000000 0.000000