geotop/1.0zi/1.0Montebello/Templates/testdem/maps/_Eocsand9589.asc
ncols         21
nrows         20
xllcorner     100.000000
yllcorner     100.000000
cellsize      50.000000
NODATA_value  -9999.0
0.000000 0.000000 0.000000 0.000000 0.000000 0.000000 0.000000 0.000000 0.000000 0.000000 0.000000 0.000000 0.000000 0.000000 0.000000 0.000000 0.000000 0.000000 0.000000 0.000000 0.000000
0.000000 0.000000 0.300239 0.300236 0.300236 0.300237 0.300236 0.300236 0.300236 0.300236 0.300237 0.300236 0.300237 0.300237 0.300236 0.300236 0.300238 0.300237 0.300237 0.000000 0.000000
0.000000 0.000000 0.300011 0.300013 0.300013 0.300011 0.300012 0.300013 0.300012 0.300012 0.300012 0.300013 0.300012 0.300012 0.300012 0.300012 0.300013 0.300013 0.300014 0.000000 0.000000
0.000000 0.000000 0.299815 0.299814 0.299821 0.299829 0.299828 0.299834 0.299826 0.299828 0.299828 0.299826 0.299825 0.299827 0.299822 0.299815 0.299813 0.299811 0.299811 0.000000 0.000000
0.000000 0.000000 0.297123 0.297123 0.297141 0.297170 0.297198 0.297206 0.297207 0.297208 0.297209 0.297202 0.297197 0.297197 0.297173 0.297161 0.297147 0.297137 0.297125 0.000000 0.000000
0.000000 0.000000 0.289732 0.289743 0.289781 0.289835 0.289898 0.289952 0.289949 0.289960 0.289956 0.289954 0.289944 0.289947 0.289916 0.289865 0.289839 0.289819 0.289806 0.000000 0.000000
0.000000 0.000000 0.279595 0.279615 0.279647 0.279712 0.279792 0.279897 0.279894 0.279903 0.279907 0.279905 0.279906 0.279900 0.279814 0.279751 0.279711 0.279683 0.279667 0.000000 0.000000
0.000000 0.000000 0.267553 0.267577 0.267609 0.267687 0.267775 0.267872 0.267868 0.267880 0.267885 0.267890 0.267893 0.267873 0.267795 0.267723 0.267658 0.267644 0.267615 0.000000 0.000000
0.000000 0.000000 0.254370 0.254403 0.254451 0.254509 0.254608 0.254725 0.254710 0.254733 0.254742 0.254745 0.254739 0.254741 0.254630 0.254544 0.254494 0.254473 0.254446 0.000000 0.000000
0.000000 0.000000 0.239871 0.239916 0.239953 0.240014 0.240122 0.240245 0.240237 0.240253 0.240272 0.240260 0.240244 0.240248 0.240160 0.240049 0.239990 0.239967 0.239953 0.000000 0.000000
0.000000 0.000000 0.223450 0.223484 0.223519 0.223664 0.223717 0.223880 0.223840 0.223919 0.223906 0.223916 0.223941 0.223893 0.223796 0.223727 0.223644 0.223614 0.223541 0.000000 0.000000
0.000000 0.000000 0.204375 0.204450 0.204541 0.204606 0.204696 0.204897 0.204894 0.204903 0.204872 0.204941 0.204907 0.204912 0.204734 0.204630 0.204584 0.204557 0.204412 0.000000 0.000000
0.000000 0.000000 0.182938 0.183004 0.183024 0.183158 0.183275 0.183800 0.183802 0.183833 0.184010 0.183897 0.183883 0.183833 0.183442 0.183352 0.183157 0.183145 0.183103 0.000000 0.000000
0.000000 0.000000 0.156442 0.156464 0.156623 0.156718 0.157477 0.157227 0.157377 0.157374 0.157275 0.157369 0.157383 0.157453 0.157683 0.156874 0.156836 0.156643 0.156526 0.000000 0.000000
0.000000 0.000000 0.125873 0.125943 0.126092 0.127052 0.126698 0.127276 0.127410 0.127469 0.127674 0.127750 0.127636 0.127628 0.127110 0.127474 0.126209 0.126496 0.126536 0.000000 0.000000
0.000000 0.000000 0.097403 0.097443 0.098552 0.097972 0.098195 0.098141 0.097643 0.097771 0.097501 0.097546 0.097754 0.097483 0.097634 0.097452 0.098703 0.096993 0.097019 0.000000 0.000000
0.000000 0.000000 0.071669 0.072602 0.072290 0.072717 0.073219 0.073372 0.073679 0.073603 0.073921 0.073883 0.073694 0.073885 0.073619 0.073254 0.072354 0.073046 0.072065 0.000000 0.000000
0.000000 0.000000 0.062044 0.061788 0.061202 0.061356 0.061494 0.062016 0.062014 0.062131 0.061990 0.062027 0.062006 0.061982 0.061512 0.061409 0.061146 0.061742 0.061980 0.000000 0.000000
0.000000 0.000000 0.300000 0.300000 0.300000 0.300000 0.300000 0.300000 0.300000 0.300000 0.300000 0.300000 0.300000 0.300000 0.300000 0.300000 0.300000 0.300000 0.300000 0.000000 0.000000
0.000000 0.000000 0.000000 0.000000 0.000000 0.000000 0.000000 0.000000 0.000000 0.000000 0.000000 0.000000 0.000000 0.000000 0.000000 0.000000 0.000000 0.000000 0.000000 0.000000 0.000000