geotop/1.0zi/1.0Montebello/Templates/testdem/maps/_Eocclay6984.asc
ncols         21
nrows         20
xllcorner     100.000000
yllcorner     100.000000
cellsize      50.000000
NODATA_value  -9999.0
0.000000 0.000000 0.000000 0.000000 0.000000 0.000000 0.000000 0.000000 0.000000 0.000000 0.000000 0.000000 0.000000 0.000000 0.000000 0.000000 0.000000 0.000000 0.000000 0.000000 0.000000
0.000000 0.000000 0.349687 0.349688 0.349688 0.349687 0.349689 0.349689 0.349688 0.349688 0.349687 0.349688 0.349688 0.349688 0.349689 0.349688 0.349686 0.349687 0.349688 0.000000 0.000000
0.000000 0.000000 0.349987 0.349987 0.349988 0.349988 0.349987 0.349987 0.349987 0.349987 0.349987 0.349986 0.349987 0.349986 0.349987 0.349987 0.349988 0.349988 0.349985 0.000000 0.000000
0.000000 0.000000 0.349976 0.349981 0.349977 0.349977 0.349979 0.349978 0.349980 0.349976 0.349981 0.349978 0.349978 0.349977 0.349978 0.349980 0.349978 0.349980 0.349979 0.000000 0.000000
0.000000 0.000000 0.350705 0.350703 0.350700 0.350696 0.350683 0.350681 0.350680 0.350682 0.350680 0.350680 0.350676 0.350680 0.350687 0.350687 0.350693 0.350694 0.350702 0.000000 0.000000
0.000000 0.000000 0.352884 0.352883 0.352873 0.352848 0.352837 0.352816 0.352818 0.352811 0.352815 0.352814 0.352816 0.352817 0.352826 0.352843 0.352854 0.352867 0.352874 0.000000 0.000000
0.000000 0.000000 0.356004 0.356001 0.355994 0.355973 0.355947 0.355914 0.355914 0.355909 0.355911 0.355911 0.355911 0.355912 0.355939 0.355964 0.355977 0.355987 0.355996 0.000000 0.000000
0.000000 0.000000 0.359728 0.359727 0.359720 0.359694 0.359669 0.359634 0.359634 0.359630 0.359630 0.359628 0.359625 0.359633 0.359661 0.359683 0.359704 0.359711 0.359724 0.000000 0.000000
0.000000 0.000000 0.363599 0.363594 0.363582 0.363567 0.363540 0.363505 0.363508 0.363499 0.363497 0.363496 0.363495 0.363495 0.363529 0.363558 0.363573 0.363580 0.363591 0.000000 0.000000
0.000000 0.000000 0.367605 0.367597 0.367591 0.367577 0.367538 0.367506 0.367508 0.367503 0.367498 0.367501 0.367505 0.367503 0.367532 0.367564 0.367583 0.367588 0.367597 0.000000 0.000000
0.000000 0.000000 0.371858 0.371853 0.371846 0.371816 0.371790 0.371752 0.371761 0.371741 0.371743 0.371742 0.371735 0.371749 0.371773 0.371793 0.371817 0.371829 0.371847 0.000000 0.000000
0.000000 0.000000 0.376435 0.376423 0.376409 0.376388 0.376361 0.376315 0.376316 0.376307 0.376318 0.376303 0.376305 0.376309 0.376353 0.376376 0.376391 0.376400 0.376443 0.000000 0.000000
0.000000 0.000000 0.381258 0.381246 0.381239 0.381213 0.381189 0.381085 0.381085 0.381077 0.381052 0.381064 0.381070 0.381080 0.381158 0.381181 0.381219 0.381223 0.381251 0.000000 0.000000
0.000000 0.000000 0.386681 0.386676 0.386656 0.386637 0.386522 0.386509 0.386486 0.386484 0.386484 0.386481 0.386479 0.386476 0.386479 0.386599 0.386625 0.386656 0.386688 0.000000 0.000000
0.000000 0.000000 0.392860 0.392851 0.392823 0.392692 0.392673 0.392608 0.392569 0.392561 0.392540 0.392522 0.392536 0.392531 0.392591 0.392621 0.392798 0.392779 0.392794 0.000000 0.000000
0.000000 0.000000 0.399568 0.399558 0.399374 0.399381 0.399371 0.399333 0.399388 0.399364 0.399391 0.399370 0.399345 0.399389 0.399411 0.399422 0.399351 0.399595 0.399597 0.000000 0.000000
0.000000 0.000000 0.407684 0.407409 0.407386 0.407301 0.407162 0.407115 0.407071 0.407078 0.407009 0.407008 0.407042 0.407016 0.407084 0.407187 0.407369 0.407329 0.407614 0.000000 0.000000
0.000000 0.000000 0.412516 0.412661 0.412921 0.412884 0.412837 0.412587 0.412599 0.412536 0.412611 0.412590 0.412592 0.412613 0.412834 0.412867 0.412963 0.412717 0.412586 0.000000 0.000000
0.000000 0.000000 0.350000 0.350000 0.350000 0.350000 0.350000 0.350000 0.350000 0.350000 0.350000 0.350000 0.350000 0.350000 0.350000 0.350000 0.350000 0.350000 0.350000 0.000000 0.000000
0.000000 0.000000 0.000000 0.000000 0.000000 0.000000 0.000000 0.000000 0.000000 0.000000 0.000000 0.000000 0.000000 0.000000 0.000000 0.000000 0.000000 0.000000 0.000000 0.000000 0.000000