geotop/1.0zi/1.0Montebello/Templates/testdem/maps/_Eocsilt4772.asc
ncols         21
nrows         20
xllcorner     100.000000
yllcorner     100.000000
cellsize      50.000000
NODATA_value  -9999.0
0.000000 0.000000 0.000000 0.000000 0.000000 0.000000 0.000000 0.000000 0.000000 0.000000 0.000000 0.000000 0.000000 0.000000 0.000000 0.000000 0.000000 0.000000 0.000000 0.000000 0.000000
0.000000 0.000000 0.350096 0.350096 0.350097 0.350096 0.350096 0.350096 0.350097 0.350096 0.350096 0.350096 0.350096 0.350097 0.350096 0.350097 0.350097 0.350096 0.350096 0.000000 0.000000
0.000000 0.000000 0.350002 0.350003 0.350003 0.350003 0.350004 0.350003 0.350004 0.350003 0.350004 0.350003 0.350004 0.350003 0.350003 0.350003 0.350002 0.350002 0.350002 0.000000 0.000000
0.000000 0.000000 0.350034 0.350033 0.350033 0.350029 0.350030 0.350027 0.350029 0.350030 0.350029 0.350029 0.350029 0.350028 0.350030 0.350033 0.350033 0.350035 0.350033 0.000000 0.000000
0.000000 0.000000 0.350389 0.350392 0.350391 0.350386 0.350383 0.350380 0.350378 0.350376 0.350374 0.350377 0.350377 0.350378 0.350383 0.350384 0.350385 0.350392 0.350396 0.000000 0.000000
0.000000 0.000000 0.351555 0.351558 0.351554 0.351542 0.351536 0.351521 0.351518 0.351513 0.351517 0.351520 0.351524 0.351523 0.351528 0.351534 0.351540 0.351542 0.351546 0.000000 0.000000
0.000000 0.000000 0.353393 0.353392 0.353386 0.353371 0.353353 0.353336 0.353337 0.353334 0.353338 0.353336 0.353334 0.353340 0.353352 0.353367 0.353373 0.353380 0.353386 0.000000 0.000000
0.000000 0.000000 0.355572 0.355569 0.355568 0.355554 0.355536 0.355518 0.355519 0.355516 0.355516 0.355516 0.355516 0.355516 0.355534 0.355552 0.355562 0.355565 0.355570 0.000000 0.000000
0.000000 0.000000 0.357839 0.357834 0.357828 0.357816 0.357800 0.357777 0.357778 0.357773 0.357774 0.357775 0.357774 0.357776 0.357794 0.357814 0.357822 0.357827 0.357836 0.000000 0.000000
0.000000 0.000000 0.360086 0.360082 0.360078 0.360067 0.360047 0.360027 0.360030 0.360027 0.360027 0.360028 0.360026 0.360026 0.360046 0.360065 0.360073 0.360077 0.360083 0.000000 0.000000
0.000000 0.000000 0.362356 0.362351 0.362348 0.362338 0.362323 0.362299 0.362301 0.362296 0.362296 0.362298 0.362296 0.362297 0.362314 0.362329 0.362339 0.362343 0.362351 0.000000 0.000000
0.000000 0.000000 0.364709 0.364705 0.364699 0.364685 0.364669 0.364646 0.364646 0.364642 0.364643 0.364643 0.364642 0.364642 0.364665 0.364682 0.364691 0.364695 0.364719 0.000000 0.000000
0.000000 0.000000 0.367097 0.367092 0.367086 0.367075 0.367056 0.367008 0.367008 0.367004 0.367004 0.367004 0.367002 0.367004 0.367046 0.367066 0.367076 0.367080 0.367095 0.000000 0.000000
0.000000 0.000000 0.369633 0.369624 0.369620 0.369609 0.369557 0.369544 0.369536 0.369533 0.369534 0.369534 0.369531 0.369532 0.369547 0.369596 0.369606 0.369616 0.369625 0.000000 0.000000
0.000000 0.000000 0.372373 0.372366 0.372352 0.372307 0.372283 0.372251 0.372237 0.372232 0.372225 0.372225 0.372227 0.372224 0.372248 0.372282 0.372336 0.372334 0.372342 0.000000 0.000000
0.000000 0.000000 0.375215 0.375207 0.375153 0.375143 0.375126 0.375110 0.375108 0.375107 0.375110 0.375110 0.375103 0.375114 0.375123 0.375138 0.375138 0.375197 0.375211 0.000000 0.000000
0.000000 0.000000 0.378386 0.378313 0.378269 0.378248 0.378209 0.378188 0.378184 0.378181 0.378173 0.378174 0.378175 0.378171 0.378187 0.378229 0.378257 0.378285 0.378357 0.000000 0.000000
0.000000 0.000000 0.380843 0.380829 0.380875 0.380847 0.380814 0.380743 0.380736 0.380729 0.380733 0.380732 0.380728 0.380735 0.380800 0.380836 0.380876 0.380815 0.380841 0.000000 0.000000
0.000000 0.000000 0.350000 0.350000 0.350000 0.350000 0.350000 0.350000 0.350000 0.350000 0.350000 0.350000 0.350000 0.350000 0.350000 0.350000 0.350000 0.350000 0.350000 0.000000 0.000000
0.000000 0.000000 0.000000 0.000000 0.000000 0.000000 0.000000 0.000000 0.000000 0.000000 0.000000 0.000000 0.000000 0.000000 0.000000 0.000000 0.000000 0.000000 0.000000 0.000000 0.000000