geotop/1.0zi/1.0Montebello/Templates/testdem/maps/_Eocsilt0676.asc
ncols         21
nrows         20
xllcorner     100.000000
yllcorner     100.000000
cellsize      50.000000
NODATA_value  -9999.0
0.000000 0.000000 0.000000 0.000000 0.000000 0.000000 0.000000 0.000000 0.000000 0.000000 0.000000 0.000000 0.000000 0.000000 0.000000 0.000000 0.000000 0.000000 0.000000 0.000000 0.000000
0.000000 0.000000 0.350011 0.350011 0.350011 0.350011 0.350011 0.350011 0.350011 0.350011 0.350011 0.350011 0.350011 0.350011 0.350011 0.350011 0.350011 0.350011 0.350011 0.000000 0.000000
0.000000 0.000000 0.349999 0.349999 0.349999 0.349999 0.349999 0.349999 0.349999 0.349999 0.349999 0.349999 0.349999 0.349999 0.349999 0.349999 0.349999 0.349999 0.349999 0.000000 0.000000
0.000000 0.000000 0.350292 0.350292 0.350290 0.350292 0.350293 0.350293 0.350293 0.350293 0.350293 0.350293 0.350293 0.350293 0.350293 0.350292 0.350290 0.350292 0.350292 0.000000 0.000000
0.000000 0.000000 0.351259 0.351259 0.351257 0.351259 0.351259 0.351259 0.351259 0.351259 0.351259 0.351259 0.351259 0.351259 0.351259 0.351259 0.351257 0.351259 0.351259 0.000000 0.000000
0.000000 0.000000 0.352389 0.352389 0.352387 0.352388 0.352389 0.352389 0.352389 0.352389 0.352389 0.352389 0.352389 0.352389 0.352389 0.352388 0.352387 0.352389 0.352389 0.000000 0.000000
0.000000 0.000000 0.353433 0.353433 0.353431 0.353433 0.353433 0.353433 0.353433 0.353433 0.353433 0.353433 0.353433 0.353433 0.353433 0.353433 0.353431 0.353433 0.353433 0.000000 0.000000
0.000000 0.000000 0.354406 0.354406 0.354404 0.354405 0.354406 0.354406 0.354406 0.354406 0.354406 0.354406 0.354406 0.354406 0.354406 0.354405 0.354404 0.354406 0.354406 0.000000 0.000000
0.000000 0.000000 0.355326 0.355326 0.355325 0.355326 0.355326 0.355326 0.355326 0.355326 0.355326 0.355326 0.355326 0.355326 0.355326 0.355326 0.355325 0.355326 0.355326 0.000000 0.000000
0.000000 0.000000 0.356215 0.356215 0.356213 0.356215 0.356215 0.356215 0.356215 0.356215 0.356215 0.356215 0.356215 0.356215 0.356215 0.356215 0.356213 0.356215 0.356215 0.000000 0.000000
0.000000 0.000000 0.357080 0.357080 0.357079 0.357080 0.357080 0.357080 0.357080 0.357080 0.357080 0.357080 0.357080 0.357080 0.357080 0.357080 0.357079 0.357080 0.357080 0.000000 0.000000
0.000000 0.000000 0.357929 0.357929 0.357927 0.357929 0.357929 0.357929 0.357929 0.357929 0.357929 0.357929 0.357929 0.357929 0.357929 0.357929 0.357927 0.357929 0.357929 0.000000 0.000000
0.000000 0.000000 0.358763 0.358763 0.358762 0.358763 0.358763 0.358763 0.358763 0.358763 0.358763 0.358763 0.358763 0.358763 0.358763 0.358763 0.358762 0.358763 0.358763 0.000000 0.000000
0.000000 0.000000 0.359587 0.359587 0.359585 0.359587 0.359587 0.359587 0.359587 0.359587 0.359587 0.359587 0.359587 0.359587 0.359587 0.359587 0.359585 0.359587 0.359587 0.000000 0.000000
0.000000 0.000000 0.360403 0.360403 0.360402 0.360403 0.360403 0.360403 0.360403 0.360403 0.360403 0.360403 0.360403 0.360403 0.360403 0.360403 0.360402 0.360403 0.360403 0.000000 0.000000
0.000000 0.000000 0.361216 0.361216 0.361215 0.361216 0.361216 0.361216 0.361216 0.361216 0.361216 0.361216 0.361216 0.361216 0.361216 0.361216 0.361215 0.361216 0.361216 0.000000 0.000000
0.000000 0.000000 0.362021 0.362021 0.362019 0.362020 0.362021 0.362021 0.362021 0.362021 0.362021 0.362021 0.362021 0.362021 0.362021 0.362020 0.362019 0.362021 0.362021 0.000000 0.000000
0.000000 0.000000 0.362830 0.362830 0.362829 0.362830 0.362830 0.362830 0.362831 0.362830 0.362830 0.362830 0.362831 0.362830 0.362830 0.362830 0.362829 0.362830 0.362830 0.000000 0.000000
0.000000 0.000000 0.350000 0.350000 0.350000 0.350000 0.350000 0.350000 0.350000 0.350000 0.350000 0.350000 0.350000 0.350000 0.350000 0.350000 0.350000 0.350000 0.350000 0.000000 0.000000
0.000000 0.000000 0.000000 0.000000 0.000000 0.000000 0.000000 0.000000 0.000000 0.000000 0.000000 0.000000 0.000000 0.000000 0.000000 0.000000 0.000000 0.000000 0.000000 0.000000 0.000000