geotop/1.0zi/1.0Montebello/Templates/testdem/maps/_Eocsilt9131.asc
ncols         21
nrows         20
xllcorner     100.000000
yllcorner     100.000000
cellsize      50.000000
NODATA_value  -9999.0
0.000000 0.000000 0.000000 0.000000 0.000000 0.000000 0.000000 0.000000 0.000000 0.000000 0.000000 0.000000 0.000000 0.000000 0.000000 0.000000 0.000000 0.000000 0.000000 0.000000 0.000000
0.000000 0.000000 0.350194 0.350194 0.350194 0.350195 0.350194 0.350194 0.350194 0.350194 0.350194 0.350194 0.350194 0.350194 0.350194 0.350194 0.350195 0.350195 0.350194 0.000000 0.000000
0.000000 0.000000 0.350005 0.350005 0.350006 0.350005 0.350006 0.350006 0.350006 0.350006 0.350006 0.350006 0.350007 0.350007 0.350006 0.350005 0.350004 0.350004 0.350005 0.000000 0.000000
0.000000 0.000000 0.350123 0.350119 0.350114 0.350109 0.350109 0.350104 0.350107 0.350108 0.350104 0.350107 0.350107 0.350107 0.350110 0.350114 0.350119 0.350119 0.350122 0.000000 0.000000
0.000000 0.000000 0.351266 0.351270 0.351260 0.351244 0.351234 0.351230 0.351231 0.351228 0.351228 0.351230 0.351234 0.351232 0.351246 0.351252 0.351255 0.351259 0.351261 0.000000 0.000000
0.000000 0.000000 0.354512 0.354507 0.354492 0.354473 0.354444 0.354423 0.354420 0.354415 0.354419 0.354419 0.354422 0.354420 0.354435 0.354453 0.354462 0.354466 0.354474 0.000000 0.000000
0.000000 0.000000 0.359129 0.359119 0.359103 0.359072 0.359033 0.358987 0.358990 0.358987 0.358986 0.358985 0.358982 0.358987 0.359024 0.359052 0.359071 0.359083 0.359090 0.000000 0.000000
0.000000 0.000000 0.364586 0.364574 0.364562 0.364528 0.364490 0.364447 0.364449 0.364443 0.364441 0.364438 0.364436 0.364444 0.364479 0.364512 0.364542 0.364543 0.364558 0.000000 0.000000
0.000000 0.000000 0.370531 0.370514 0.370494 0.370469 0.370425 0.370373 0.370377 0.370367 0.370363 0.370360 0.370363 0.370361 0.370413 0.370450 0.370473 0.370480 0.370493 0.000000 0.000000
0.000000 0.000000 0.376958 0.376938 0.376922 0.376896 0.376838 0.376791 0.376793 0.376786 0.376777 0.376782 0.376788 0.376786 0.376827 0.376875 0.376901 0.376907 0.376914 0.000000 0.000000
0.000000 0.000000 0.384092 0.384077 0.384064 0.384002 0.383964 0.383904 0.383919 0.383886 0.383891 0.383886 0.383875 0.383895 0.383938 0.383968 0.384003 0.384015 0.384045 0.000000 0.000000
0.000000 0.000000 0.392235 0.392204 0.392168 0.392138 0.392084 0.392010 0.392011 0.392005 0.392019 0.391990 0.392003 0.392002 0.392079 0.392121 0.392139 0.392147 0.392211 0.000000 0.000000
0.000000 0.000000 0.401248 0.401218 0.401209 0.401143 0.401099 0.400888 0.400887 0.400876 0.400811 0.400848 0.400855 0.400876 0.401037 0.401075 0.401150 0.401151 0.401175 0.000000 0.000000
0.000000 0.000000 0.412188 0.412174 0.412115 0.412073 0.411782 0.411851 0.411793 0.411795 0.411825 0.411794 0.411788 0.411763 0.411700 0.412011 0.412033 0.412101 0.412150 0.000000 0.000000
0.000000 0.000000 0.425084 0.425044 0.424978 0.424598 0.424700 0.424490 0.424423 0.424403 0.424327 0.424289 0.424332 0.424330 0.424527 0.424438 0.424935 0.424824 0.424818 0.000000 0.000000
0.000000 0.000000 0.438302 0.438271 0.437761 0.437980 0.437911 0.437911 0.438126 0.438066 0.438179 0.438153 0.438061 0.438184 0.438144 0.438202 0.437696 0.438448 0.438436 0.000000 0.000000
0.000000 0.000000 0.452286 0.451700 0.451894 0.451633 0.451341 0.451251 0.451055 0.451102 0.450904 0.450926 0.451040 0.450921 0.451080 0.451294 0.451859 0.451414 0.452019 0.000000 0.000000
0.000000 0.000000 0.456600 0.456951 0.457324 0.457290 0.457279 0.456916 0.456964 0.456863 0.457019 0.456985 0.456967 0.457015 0.457320 0.457329 0.457369 0.457048 0.456699 0.000000 0.000000
0.000000 0.000000 0.350000 0.350000 0.350000 0.350000 0.350000 0.350000 0.350000 0.350000 0.350000 0.350000 0.350000 0.350000 0.350000 0.350000 0.350000 0.350000 0.350000 0.000000 0.000000
0.000000 0.000000 0.000000 0.000000 0.000000 0.000000 0.000000 0.000000 0.000000 0.000000 0.000000 0.000000 0.000000 0.000000 0.000000 0.000000 0.000000 0.000000 0.000000 0.000000 0.000000