geotop/1.0zi/1.0Montebello/Templates/testdem/maps/_Eocsand2103.asc
ncols         21
nrows         20
xllcorner     100.000000
yllcorner     100.000000
cellsize      50.000000
NODATA_value  -9999.0
0.000000 0.000000 0.000000 0.000000 0.000000 0.000000 0.000000 0.000000 0.000000 0.000000 0.000000 0.000000 0.000000 0.000000 0.000000 0.000000 0.000000 0.000000 0.000000 0.000000 0.000000
0.000000 0.000000 0.300061 0.300061 0.300061 0.300061 0.300061 0.300061 0.300061 0.300061 0.300061 0.300061 0.300061 0.300061 0.300061 0.300061 0.300061 0.300061 0.300061 0.000000 0.000000
0.000000 0.000000 0.300008 0.300009 0.300009 0.300008 0.300008 0.300008 0.300008 0.300008 0.300008 0.300008 0.300008 0.300008 0.300008 0.300008 0.300009 0.300009 0.300008 0.000000 0.000000
0.000000 0.000000 0.298640 0.298640 0.298645 0.298643 0.298639 0.298640 0.298640 0.298639 0.298640 0.298639 0.298640 0.298640 0.298639 0.298643 0.298645 0.298640 0.298640 0.000000 0.000000
0.000000 0.000000 0.293069 0.293070 0.293074 0.293073 0.293067 0.293069 0.293069 0.293067 0.293067 0.293067 0.293069 0.293069 0.293067 0.293073 0.293074 0.293070 0.293069 0.000000 0.000000
0.000000 0.000000 0.286165 0.286166 0.286169 0.286168 0.286163 0.286165 0.286165 0.286163 0.286163 0.286163 0.286165 0.286165 0.286163 0.286168 0.286169 0.286166 0.286165 0.000000 0.000000
0.000000 0.000000 0.279711 0.279712 0.279715 0.279714 0.279710 0.279712 0.279712 0.279710 0.279710 0.279710 0.279712 0.279712 0.279710 0.279714 0.279715 0.279712 0.279711 0.000000 0.000000
0.000000 0.000000 0.273783 0.273783 0.273786 0.273785 0.273782 0.273783 0.273783 0.273781 0.273781 0.273781 0.273783 0.273783 0.273782 0.273785 0.273786 0.273783 0.273783 0.000000 0.000000
0.000000 0.000000 0.268236 0.268236 0.268239 0.268238 0.268235 0.268236 0.268236 0.268235 0.268235 0.268235 0.268236 0.268236 0.268235 0.268238 0.268239 0.268236 0.268236 0.000000 0.000000
0.000000 0.000000 0.262939 0.262940 0.262942 0.262941 0.262939 0.262940 0.262939 0.262938 0.262938 0.262938 0.262939 0.262940 0.262939 0.262941 0.262942 0.262940 0.262939 0.000000 0.000000
0.000000 0.000000 0.257833 0.257834 0.257836 0.257835 0.257833 0.257834 0.257834 0.257832 0.257832 0.257832 0.257834 0.257834 0.257833 0.257835 0.257836 0.257834 0.257833 0.000000 0.000000
0.000000 0.000000 0.252873 0.252873 0.252875 0.252874 0.252872 0.252873 0.252873 0.252872 0.252871 0.252872 0.252873 0.252873 0.252872 0.252874 0.252875 0.252873 0.252873 0.000000 0.000000
0.000000 0.000000 0.248023 0.248023 0.248026 0.248025 0.248022 0.248023 0.248023 0.248022 0.248022 0.248022 0.248023 0.248023 0.248022 0.248025 0.248026 0.248023 0.248023 0.000000 0.000000
0.000000 0.000000 0.243273 0.243273 0.243276 0.243275 0.243272 0.243273 0.243273 0.243272 0.243272 0.243272 0.243273 0.243273 0.243272 0.243275 0.243276 0.243273 0.243273 0.000000 0.000000
0.000000 0.000000 0.238602 0.238602 0.238605 0.238604 0.238601 0.238602 0.238602 0.238601 0.238600 0.238601 0.238602 0.238602 0.238601 0.238604 0.238605 0.238602 0.238602 0.000000 0.000000
0.000000 0.000000 0.234000 0.234000 0.234003 0.234002 0.233999 0.234000 0.234000 0.233999 0.233999 0.233999 0.234000 0.234000 0.233999 0.234002 0.234003 0.234000 0.234000 0.000000 0.000000
0.000000 0.000000 0.229468 0.229468 0.229471 0.229470 0.229468 0.229468 0.229468 0.229467 0.229467 0.229467 0.229468 0.229468 0.229468 0.229470 0.229471 0.229468 0.229468 0.000000 0.000000
0.000000 0.000000 0.224944 0.224944 0.224946 0.224945 0.224943 0.224944 0.224944 0.224943 0.224942 0.224943 0.224944 0.224944 0.224943 0.224945 0.224946 0.224944 0.224943 0.000000 0.000000
0.000000 0.000000 0.300000 0.300000 0.300000 0.300000 0.300000 0.300000 0.300000 0.300000 0.300000 0.300000 0.300000 0.300000 0.300000 0.300000 0.300000 0.300000 0.300000 0.000000 0.000000
0.000000 0.000000 0.000000 0.000000 0.000000 0.000000 0.000000 0.000000 0.000000 0.000000 0.000000 0.000000 0.000000 0.000000 0.000000 0.000000 0.000000 0.000000 0.000000 0.000000 0.000000