geotop/1.0zi/1.0Montebello/Templates/testdem/maps/_Eocclay0562.asc
ncols         21
nrows         20
xllcorner     100.000000
yllcorner     100.000000
cellsize      50.000000
NODATA_value  -9999.0
0.000000 0.000000 0.000000 0.000000 0.000000 0.000000 0.000000 0.000000 0.000000 0.000000 0.000000 0.000000 0.000000 0.000000 0.000000 0.000000 0.000000 0.000000 0.000000 0.000000 0.000000
0.000000 0.000000 0.349968 0.349968 0.349968 0.349968 0.349968 0.349968 0.349968 0.349968 0.349968 0.349968 0.349968 0.349968 0.349968 0.349968 0.349968 0.349968 0.349968 0.000000 0.000000
0.000000 0.000000 0.349997 0.349997 0.349997 0.349997 0.349997 0.349997 0.349997 0.349997 0.349997 0.349997 0.349997 0.349997 0.349997 0.349997 0.349997 0.349997 0.349997 0.000000 0.000000
0.000000 0.000000 0.350281 0.350281 0.350279 0.350281 0.350281 0.350281 0.350281 0.350281 0.350281 0.350281 0.350281 0.350281 0.350281 0.350281 0.350279 0.350281 0.350281 0.000000 0.000000
0.000000 0.000000 0.351232 0.351232 0.351230 0.351232 0.351232 0.351232 0.351232 0.351232 0.351232 0.351232 0.351232 0.351232 0.351232 0.351232 0.351230 0.351232 0.351232 0.000000 0.000000
0.000000 0.000000 0.352192 0.352192 0.352190 0.352192 0.352192 0.352192 0.352192 0.352192 0.352192 0.352192 0.352192 0.352192 0.352192 0.352192 0.352190 0.352192 0.352192 0.000000 0.000000
0.000000 0.000000 0.353100 0.353100 0.353099 0.353100 0.353100 0.353101 0.353101 0.353101 0.353100 0.353101 0.353101 0.353101 0.353100 0.353100 0.353099 0.353100 0.353100 0.000000 0.000000
0.000000 0.000000 0.353945 0.353945 0.353943 0.353945 0.353945 0.353945 0.353945 0.353945 0.353945 0.353945 0.353945 0.353945 0.353945 0.353945 0.353943 0.353945 0.353945 0.000000 0.000000
0.000000 0.000000 0.354743 0.354743 0.354742 0.354743 0.354743 0.354743 0.354743 0.354743 0.354743 0.354743 0.354743 0.354743 0.354743 0.354743 0.354742 0.354743 0.354743 0.000000 0.000000
0.000000 0.000000 0.355513 0.355513 0.355511 0.355513 0.355513 0.355513 0.355513 0.355513 0.355513 0.355513 0.355513 0.355513 0.355513 0.355513 0.355511 0.355513 0.355513 0.000000 0.000000
0.000000 0.000000 0.356261 0.356261 0.356260 0.356261 0.356261 0.356262 0.356262 0.356261 0.356261 0.356261 0.356262 0.356262 0.356261 0.356261 0.356260 0.356261 0.356261 0.000000 0.000000
0.000000 0.000000 0.356995 0.356995 0.356994 0.356995 0.356995 0.356996 0.356996 0.356996 0.356995 0.356996 0.356996 0.356996 0.356995 0.356995 0.356994 0.356995 0.356995 0.000000 0.000000
0.000000 0.000000 0.357717 0.357717 0.357715 0.357716 0.357717 0.357717 0.357717 0.357717 0.357717 0.357717 0.357717 0.357717 0.357717 0.357716 0.357715 0.357717 0.357717 0.000000 0.000000
0.000000 0.000000 0.358427 0.358427 0.358426 0.358427 0.358427 0.358427 0.358427 0.358427 0.358427 0.358427 0.358427 0.358427 0.358427 0.358427 0.358426 0.358427 0.358427 0.000000 0.000000
0.000000 0.000000 0.359130 0.359130 0.359129 0.359130 0.359130 0.359130 0.359130 0.359130 0.359130 0.359130 0.359130 0.359130 0.359130 0.359130 0.359129 0.359130 0.359130 0.000000 0.000000
0.000000 0.000000 0.359830 0.359830 0.359829 0.359830 0.359831 0.359831 0.359831 0.359831 0.359831 0.359831 0.359831 0.359831 0.359831 0.359830 0.359829 0.359830 0.359830 0.000000 0.000000
0.000000 0.000000 0.360523 0.360523 0.360522 0.360523 0.360523 0.360523 0.360523 0.360523 0.360523 0.360523 0.360523 0.360523 0.360523 0.360523 0.360522 0.360523 0.360523 0.000000 0.000000
0.000000 0.000000 0.361225 0.361226 0.361224 0.361226 0.361226 0.361226 0.361226 0.361226 0.361226 0.361226 0.361226 0.361226 0.361226 0.361226 0.361224 0.361226 0.361226 0.000000 0.000000
0.000000 0.000000 0.350000 0.350000 0.350000 0.350000 0.350000 0.350000 0.350000 0.350000 0.350000 0.350000 0.350000 0.350000 0.350000 0.350000 0.350000 0.350000 0.350000 0.000000 0.000000
0.000000 0.000000 0.000000 0.000000 0.000000 0.000000 0.000000 0.000000 0.000000 0.000000 0.000000 0.000000 0.000000 0.000000 0.000000 0.000000 0.000000 0.000000 0.000000 0.000000 0.000000