geotop/1.0zi/1.0Montebello/Templates/testdem/maps/_Eocsilt8286.asc
ncols         21
nrows         20
xllcorner     100.000000
yllcorner     100.000000
cellsize      50.000000
NODATA_value  -9999.0
0.000000 0.000000 0.000000 0.000000 0.000000 0.000000 0.000000 0.000000 0.000000 0.000000 0.000000 0.000000 0.000000 0.000000 0.000000 0.000000 0.000000 0.000000 0.000000 0.000000 0.000000
0.000000 0.000000 0.350172 0.350172 0.350172 0.350173 0.350172 0.350172 0.350172 0.350172 0.350173 0.350172 0.350172 0.350172 0.350172 0.350172 0.350173 0.350173 0.350172 0.000000 0.000000
0.000000 0.000000 0.350005 0.350005 0.350005 0.350005 0.350006 0.350006 0.350006 0.350006 0.350006 0.350006 0.350006 0.350006 0.350006 0.350005 0.350004 0.350004 0.350005 0.000000 0.000000
0.000000 0.000000 0.350102 0.350099 0.350097 0.350091 0.350092 0.350087 0.350090 0.350090 0.350087 0.350089 0.350089 0.350089 0.350092 0.350095 0.350098 0.350098 0.350100 0.000000 0.000000
0.000000 0.000000 0.351048 0.351054 0.351048 0.351037 0.351030 0.351023 0.351020 0.351019 0.351018 0.351019 0.351019 0.351021 0.351035 0.351039 0.351042 0.351053 0.351054 0.000000 0.000000
0.000000 0.000000 0.353812 0.353813 0.353804 0.353788 0.353769 0.353746 0.353743 0.353738 0.353742 0.353742 0.353744 0.353743 0.353755 0.353769 0.353783 0.353790 0.353797 0.000000 0.000000
0.000000 0.000000 0.357772 0.357768 0.357757 0.357731 0.357698 0.357662 0.357662 0.357658 0.357660 0.357658 0.357655 0.357660 0.357691 0.357719 0.357737 0.357753 0.357760 0.000000 0.000000
0.000000 0.000000 0.362456 0.362454 0.362448 0.362420 0.362388 0.362349 0.362348 0.362344 0.362343 0.362339 0.362338 0.362344 0.362379 0.362407 0.362435 0.362442 0.362454 0.000000 0.000000
0.000000 0.000000 0.367505 0.367496 0.367481 0.367462 0.367428 0.367383 0.367385 0.367375 0.367373 0.367371 0.367373 0.367371 0.367415 0.367450 0.367472 0.367484 0.367495 0.000000 0.000000
0.000000 0.000000 0.372839 0.372830 0.372822 0.372803 0.372755 0.372715 0.372715 0.372710 0.372704 0.372707 0.372712 0.372710 0.372747 0.372787 0.372813 0.372822 0.372829 0.000000 0.000000
0.000000 0.000000 0.378623 0.378617 0.378608 0.378566 0.378533 0.378486 0.378495 0.378470 0.378474 0.378472 0.378463 0.378480 0.378513 0.378539 0.378571 0.378589 0.378610 0.000000 0.000000
0.000000 0.000000 0.385060 0.385043 0.385024 0.384998 0.384959 0.384899 0.384895 0.384888 0.384902 0.384882 0.384888 0.384891 0.384953 0.384985 0.385007 0.385020 0.385073 0.000000 0.000000
0.000000 0.000000 0.392029 0.392013 0.392006 0.391968 0.391934 0.391778 0.391775 0.391766 0.391725 0.391746 0.391755 0.391770 0.391888 0.391921 0.391980 0.391988 0.392013 0.000000 0.000000
0.000000 0.000000 0.400214 0.400209 0.400177 0.400151 0.399954 0.399971 0.399929 0.399930 0.399943 0.399931 0.399925 0.399916 0.399897 0.400101 0.400134 0.400189 0.400227 0.000000 0.000000
0.000000 0.000000 0.409859 0.409842 0.409804 0.409554 0.409577 0.409451 0.409395 0.409382 0.409340 0.409310 0.409338 0.409333 0.409455 0.409446 0.409777 0.409728 0.409733 0.000000 0.000000
0.000000 0.000000 0.420390 0.420376 0.420016 0.420117 0.420089 0.420056 0.420190 0.420148 0.420220 0.420195 0.420136 0.420226 0.420231 0.420253 0.419987 0.420509 0.420501 0.000000 0.000000
0.000000 0.000000 0.433286 0.432733 0.432853 0.432645 0.432368 0.432287 0.432132 0.432168 0.432003 0.432018 0.432112 0.432019 0.432159 0.432364 0.432836 0.432532 0.433108 0.000000 0.000000
0.000000 0.000000 0.437937 0.438439 0.438896 0.438900 0.438922 0.438481 0.438555 0.438425 0.438636 0.438594 0.438561 0.438633 0.439000 0.438983 0.438982 0.438630 0.438138 0.000000 0.000000
0.000000 0.000000 0.350000 0.350000 0.350000 0.350000 0.350000 0.350000 0.350000 0.350000 0.350000 0.350000 0.350000 0.350000 0.350000 0.350000 0.350000 0.350000 0.350000 0.000000 0.000000
0.000000 0.000000 0.000000 0.000000 0.000000 0.000000 0.000000 0.000000 0.000000 0.000000 0.000000 0.000000 0.000000 0.000000 0.000000 0.000000 0.000000 0.000000 0.000000 0.000000 0.000000