geotop/1.0zi/1.0Montebello/Templates/testdem/maps/_Eocsilt9972.asc
ncols         21
nrows         20
xllcorner     100.000000
yllcorner     100.000000
cellsize      50.000000
NODATA_value  -9999.0
0.000000 0.000000 0.000000 0.000000 0.000000 0.000000 0.000000 0.000000 0.000000 0.000000 0.000000 0.000000 0.000000 0.000000 0.000000 0.000000 0.000000 0.000000 0.000000 0.000000 0.000000
0.000000 0.000000 0.350212 0.350212 0.350212 0.350212 0.350211 0.350211 0.350212 0.350211 0.350212 0.350211 0.350211 0.350211 0.350211 0.350212 0.350212 0.350212 0.350212 0.000000 0.000000
0.000000 0.000000 0.350008 0.350008 0.350008 0.350007 0.350009 0.350008 0.350008 0.350008 0.350009 0.350008 0.350009 0.350009 0.350008 0.350007 0.350006 0.350006 0.350007 0.000000 0.000000
0.000000 0.000000 0.350151 0.350149 0.350142 0.350139 0.350138 0.350132 0.350136 0.350137 0.350134 0.350138 0.350139 0.350138 0.350141 0.350144 0.350149 0.350150 0.350152 0.000000 0.000000
0.000000 0.000000 0.351516 0.351522 0.351512 0.351489 0.351479 0.351472 0.351475 0.351473 0.351472 0.351475 0.351480 0.351478 0.351492 0.351501 0.351505 0.351511 0.351514 0.000000 0.000000
0.000000 0.000000 0.355276 0.355270 0.355254 0.355225 0.355190 0.355163 0.355161 0.355158 0.355156 0.355157 0.355162 0.355159 0.355178 0.355202 0.355214 0.355223 0.355229 0.000000 0.000000
0.000000 0.000000 0.360612 0.360600 0.360583 0.360541 0.360498 0.360443 0.360445 0.360443 0.360436 0.360435 0.360433 0.360437 0.360482 0.360515 0.360536 0.360552 0.360559 0.000000 0.000000
0.000000 0.000000 0.366948 0.366935 0.366918 0.366871 0.366824 0.366774 0.366775 0.366770 0.366762 0.366759 0.366757 0.366765 0.366808 0.366846 0.366881 0.366887 0.366900 0.000000 0.000000
0.000000 0.000000 0.373954 0.373934 0.373907 0.373868 0.373815 0.373753 0.373758 0.373748 0.373737 0.373735 0.373739 0.373735 0.373797 0.373843 0.373870 0.373882 0.373894 0.000000 0.000000
0.000000 0.000000 0.381710 0.381683 0.381661 0.381619 0.381561 0.381496 0.381497 0.381490 0.381474 0.381479 0.381487 0.381483 0.381534 0.381592 0.381624 0.381636 0.381641 0.000000 0.000000
0.000000 0.000000 0.390552 0.390530 0.390509 0.390418 0.390391 0.390304 0.390322 0.390282 0.390281 0.390275 0.390261 0.390284 0.390341 0.390378 0.390421 0.390437 0.390474 0.000000 0.000000
0.000000 0.000000 0.400926 0.400879 0.400825 0.400779 0.400732 0.400621 0.400619 0.400617 0.400625 0.400587 0.400606 0.400599 0.400701 0.400759 0.400782 0.400796 0.400871 0.000000 0.000000
0.000000 0.000000 0.412637 0.412593 0.412579 0.412492 0.412433 0.412139 0.412134 0.412118 0.412008 0.412073 0.412078 0.412103 0.412324 0.412372 0.412481 0.412486 0.412501 0.000000 0.000000
0.000000 0.000000 0.427045 0.427025 0.426927 0.426865 0.426455 0.426609 0.426521 0.426525 0.426580 0.426519 0.426511 0.426463 0.426328 0.426774 0.426787 0.426892 0.426952 0.000000 0.000000
0.000000 0.000000 0.442769 0.442722 0.442648 0.442145 0.442370 0.442052 0.441987 0.441958 0.441835 0.441803 0.441856 0.441864 0.442143 0.441928 0.442574 0.442420 0.442392 0.000000 0.000000
0.000000 0.000000 0.455605 0.455580 0.455125 0.455349 0.455265 0.455281 0.455478 0.455426 0.455527 0.455510 0.455425 0.455531 0.455472 0.455550 0.455049 0.455738 0.455727 0.000000 0.000000
0.000000 0.000000 0.465209 0.464984 0.464965 0.464906 0.464774 0.464752 0.464715 0.464722 0.464664 0.464669 0.464698 0.464672 0.464713 0.464815 0.464934 0.464907 0.465138 0.000000 0.000000
0.000000 0.000000 0.470684 0.470507 0.470621 0.470524 0.470407 0.470323 0.470268 0.470268 0.470221 0.470224 0.470260 0.470228 0.470324 0.470412 0.470606 0.470419 0.470601 0.000000 0.000000
0.000000 0.000000 0.350000 0.350000 0.350000 0.350000 0.350000 0.350000 0.350000 0.350000 0.350000 0.350000 0.350000 0.350000 0.350000 0.350000 0.350000 0.350000 0.350000 0.000000 0.000000
0.000000 0.000000 0.000000 0.000000 0.000000 0.000000 0.000000 0.000000 0.000000 0.000000 0.000000 0.000000 0.000000 0.000000 0.000000 0.000000 0.000000 0.000000 0.000000 0.000000 0.000000