geotop/1.0zi/1.0Montebello/Templates/testdem/maps/_Eocsilt9487.asc
ncols         21
nrows         20
xllcorner     100.000000
yllcorner     100.000000
cellsize      50.000000
NODATA_value  -9999.0
0.000000 0.000000 0.000000 0.000000 0.000000 0.000000 0.000000 0.000000 0.000000 0.000000 0.000000 0.000000 0.000000 0.000000 0.000000 0.000000 0.000000 0.000000 0.000000 0.000000 0.000000
0.000000 0.000000 0.350204 0.350203 0.350203 0.350204 0.350203 0.350203 0.350203 0.350203 0.350203 0.350203 0.350203 0.350203 0.350203 0.350203 0.350204 0.350204 0.350203 0.000000 0.000000
0.000000 0.000000 0.350008 0.350008 0.350008 0.350007 0.350008 0.350008 0.350008 0.350008 0.350008 0.350008 0.350009 0.350009 0.350008 0.350007 0.350006 0.350006 0.350007 0.000000 0.000000
0.000000 0.000000 0.350145 0.350142 0.350136 0.350131 0.350131 0.350125 0.350128 0.350129 0.350126 0.350130 0.350130 0.350130 0.350133 0.350137 0.350142 0.350143 0.350145 0.000000 0.000000
0.000000 0.000000 0.351424 0.351429 0.351419 0.351402 0.351392 0.351386 0.351388 0.351386 0.351386 0.351389 0.351394 0.351392 0.351406 0.351413 0.351417 0.351423 0.351426 0.000000 0.000000
0.000000 0.000000 0.354931 0.354926 0.354911 0.354891 0.354859 0.354835 0.354833 0.354828 0.354831 0.354833 0.354837 0.354835 0.354851 0.354872 0.354883 0.354890 0.354898 0.000000 0.000000
0.000000 0.000000 0.359879 0.359870 0.359853 0.359820 0.359779 0.359727 0.359733 0.359729 0.359728 0.359727 0.359726 0.359731 0.359771 0.359802 0.359822 0.359837 0.359845 0.000000 0.000000
0.000000 0.000000 0.365738 0.365727 0.365714 0.365677 0.365636 0.365589 0.365592 0.365586 0.365584 0.365581 0.365580 0.365589 0.365626 0.365662 0.365695 0.365700 0.365715 0.000000 0.000000
0.000000 0.000000 0.372168 0.372152 0.372131 0.372103 0.372055 0.371997 0.372004 0.371993 0.371988 0.371987 0.371990 0.371989 0.372044 0.372085 0.372111 0.372122 0.372135 0.000000 0.000000
0.000000 0.000000 0.379195 0.379176 0.379159 0.379130 0.379066 0.379012 0.379016 0.379009 0.378999 0.379005 0.379013 0.379012 0.379055 0.379109 0.379138 0.379149 0.379157 0.000000 0.000000
0.000000 0.000000 0.387093 0.387080 0.387066 0.386995 0.386954 0.386884 0.386903 0.386866 0.386872 0.386868 0.386856 0.386879 0.386927 0.386960 0.387001 0.387019 0.387052 0.000000 0.000000
0.000000 0.000000 0.396224 0.396192 0.396150 0.396118 0.396057 0.395970 0.395972 0.395968 0.395983 0.395951 0.395969 0.395967 0.396053 0.396103 0.396125 0.396139 0.396209 0.000000 0.000000
0.000000 0.000000 0.406430 0.406402 0.406393 0.406315 0.406265 0.406014 0.406017 0.406004 0.405925 0.405974 0.405983 0.406008 0.406194 0.406239 0.406329 0.406336 0.406358 0.000000 0.000000
0.000000 0.000000 0.418946 0.418937 0.418865 0.418820 0.418470 0.418572 0.418506 0.418509 0.418554 0.418512 0.418507 0.418477 0.418382 0.418759 0.418779 0.418869 0.418924 0.000000 0.000000
0.000000 0.000000 0.433378 0.433336 0.433267 0.432822 0.432976 0.432709 0.432643 0.432619 0.432525 0.432488 0.432541 0.432545 0.432789 0.432647 0.433232 0.433101 0.433087 0.000000 0.000000
0.000000 0.000000 0.446976 0.446951 0.446428 0.446685 0.446595 0.446608 0.446839 0.446779 0.446902 0.446881 0.446784 0.446912 0.446853 0.446930 0.446367 0.447161 0.447150 0.000000 0.000000
0.000000 0.000000 0.459298 0.458864 0.458989 0.458798 0.458573 0.458498 0.458358 0.458391 0.458244 0.458261 0.458346 0.458260 0.458383 0.458551 0.458962 0.458661 0.459113 0.000000 0.000000
0.000000 0.000000 0.464203 0.464260 0.464510 0.464426 0.464347 0.464115 0.464101 0.464052 0.464098 0.464083 0.464100 0.464102 0.464312 0.464371 0.464528 0.464253 0.464202 0.000000 0.000000
0.000000 0.000000 0.350000 0.350000 0.350000 0.350000 0.350000 0.350000 0.350000 0.350000 0.350000 0.350000 0.350000 0.350000 0.350000 0.350000 0.350000 0.350000 0.350000 0.000000 0.000000
0.000000 0.000000 0.000000 0.000000 0.000000 0.000000 0.000000 0.000000 0.000000 0.000000 0.000000 0.000000 0.000000 0.000000 0.000000 0.000000 0.000000 0.000000 0.000000 0.000000 0.000000