geotop/1.0zi/1.0Montebello/Templates/testdem/maps/_Eocclay6862.asc
ncols         21
nrows         20
xllcorner     100.000000
yllcorner     100.000000
cellsize      50.000000
NODATA_value  -9999.0
0.000000 0.000000 0.000000 0.000000 0.000000 0.000000 0.000000 0.000000 0.000000 0.000000 0.000000 0.000000 0.000000 0.000000 0.000000 0.000000 0.000000 0.000000 0.000000 0.000000 0.000000
0.000000 0.000000 0.349694 0.349695 0.349696 0.349694 0.349696 0.349696 0.349695 0.349695 0.349694 0.349696 0.349695 0.349695 0.349696 0.349696 0.349694 0.349694 0.349695 0.000000 0.000000
0.000000 0.000000 0.349988 0.349988 0.349988 0.349989 0.349987 0.349987 0.349987 0.349987 0.349987 0.349987 0.349987 0.349986 0.349987 0.349987 0.349989 0.349988 0.349986 0.000000 0.000000
0.000000 0.000000 0.349979 0.349984 0.349981 0.349981 0.349983 0.349983 0.349984 0.349981 0.349986 0.349983 0.349983 0.349983 0.349982 0.349984 0.349982 0.349984 0.349983 0.000000 0.000000
0.000000 0.000000 0.350669 0.350667 0.350664 0.350662 0.350649 0.350647 0.350646 0.350649 0.350646 0.350647 0.350643 0.350646 0.350654 0.350654 0.350658 0.350660 0.350667 0.000000 0.000000
0.000000 0.000000 0.352757 0.352756 0.352747 0.352722 0.352713 0.352693 0.352694 0.352688 0.352692 0.352692 0.352694 0.352695 0.352702 0.352718 0.352729 0.352741 0.352748 0.000000 0.000000
0.000000 0.000000 0.355774 0.355771 0.355764 0.355745 0.355720 0.355689 0.355688 0.355683 0.355685 0.355687 0.355687 0.355687 0.355712 0.355737 0.355749 0.355759 0.355768 0.000000 0.000000
0.000000 0.000000 0.359378 0.359376 0.359370 0.359346 0.359321 0.359288 0.359288 0.359284 0.359284 0.359283 0.359281 0.359287 0.359314 0.359336 0.359356 0.359363 0.359375 0.000000 0.000000
0.000000 0.000000 0.363113 0.363108 0.363097 0.363083 0.363058 0.363024 0.363026 0.363019 0.363016 0.363016 0.363016 0.363015 0.363047 0.363076 0.363091 0.363097 0.363107 0.000000 0.000000
0.000000 0.000000 0.366965 0.366958 0.366953 0.366939 0.366903 0.366872 0.366874 0.366869 0.366865 0.366868 0.366873 0.366870 0.366897 0.366929 0.366947 0.366951 0.366959 0.000000 0.000000
0.000000 0.000000 0.371040 0.371035 0.371029 0.371002 0.370977 0.370942 0.370949 0.370931 0.370933 0.370934 0.370928 0.370939 0.370961 0.370982 0.371004 0.371015 0.371032 0.000000 0.000000
0.000000 0.000000 0.375409 0.375398 0.375385 0.375365 0.375340 0.375298 0.375298 0.375289 0.375300 0.375287 0.375289 0.375293 0.375334 0.375355 0.375371 0.375378 0.375419 0.000000 0.000000
0.000000 0.000000 0.379992 0.379981 0.379974 0.379951 0.379929 0.379831 0.379831 0.379823 0.379801 0.379813 0.379819 0.379827 0.379901 0.379923 0.379959 0.379962 0.379989 0.000000 0.000000
0.000000 0.000000 0.385119 0.385114 0.385096 0.385078 0.384973 0.384959 0.384937 0.384935 0.384935 0.384934 0.384933 0.384929 0.384933 0.385045 0.385070 0.385098 0.385128 0.000000 0.000000
0.000000 0.000000 0.390926 0.390918 0.390893 0.390772 0.390753 0.390694 0.390656 0.390649 0.390629 0.390615 0.390629 0.390622 0.390676 0.390708 0.390872 0.390855 0.390869 0.000000 0.000000
0.000000 0.000000 0.397212 0.397203 0.397035 0.397033 0.397026 0.396994 0.397042 0.397020 0.397044 0.397026 0.397005 0.397043 0.397060 0.397072 0.397017 0.397237 0.397239 0.000000 0.000000
0.000000 0.000000 0.404759 0.404512 0.404482 0.404408 0.404287 0.404243 0.404205 0.404210 0.404150 0.404151 0.404181 0.404158 0.404220 0.404313 0.404470 0.404447 0.404701 0.000000 0.000000
0.000000 0.000000 0.409429 0.409538 0.409774 0.409734 0.409688 0.409465 0.409471 0.409416 0.409479 0.409462 0.409467 0.409482 0.409682 0.409719 0.409815 0.409587 0.409491 0.000000 0.000000
0.000000 0.000000 0.350000 0.350000 0.350000 0.350000 0.350000 0.350000 0.350000 0.350000 0.350000 0.350000 0.350000 0.350000 0.350000 0.350000 0.350000 0.350000 0.350000 0.000000 0.000000
0.000000 0.000000 0.000000 0.000000 0.000000 0.000000 0.000000 0.000000 0.000000 0.000000 0.000000 0.000000 0.000000 0.000000 0.000000 0.000000 0.000000 0.000000 0.000000 0.000000 0.000000