geotop/1.0zi/1.0Montebello/Templates/testdem/maps/_Eocsilt7703.asc
ncols         21
nrows         20
xllcorner     100.000000
yllcorner     100.000000
cellsize      50.000000
NODATA_value  -9999.0
0.000000 0.000000 0.000000 0.000000 0.000000 0.000000 0.000000 0.000000 0.000000 0.000000 0.000000 0.000000 0.000000 0.000000 0.000000 0.000000 0.000000 0.000000 0.000000 0.000000 0.000000
0.000000 0.000000 0.350158 0.350159 0.350159 0.350159 0.350158 0.350159 0.350159 0.350158 0.350159 0.350158 0.350158 0.350158 0.350158 0.350159 0.350159 0.350159 0.350158 0.000000 0.000000
0.000000 0.000000 0.350005 0.350005 0.350004 0.350004 0.350005 0.350005 0.350005 0.350005 0.350005 0.350005 0.350006 0.350006 0.350005 0.350004 0.350003 0.350003 0.350004 0.000000 0.000000
0.000000 0.000000 0.350103 0.350099 0.350098 0.350091 0.350093 0.350087 0.350090 0.350090 0.350087 0.350090 0.350089 0.350089 0.350092 0.350095 0.350099 0.350098 0.350099 0.000000 0.000000
0.000000 0.000000 0.350969 0.350975 0.350970 0.350960 0.350954 0.350947 0.350943 0.350942 0.350942 0.350942 0.350943 0.350945 0.350959 0.350963 0.350965 0.350975 0.350978 0.000000 0.000000
0.000000 0.000000 0.353414 0.353415 0.353405 0.353389 0.353371 0.353350 0.353349 0.353343 0.353347 0.353348 0.353349 0.353348 0.353360 0.353372 0.353384 0.353392 0.353397 0.000000 0.000000
0.000000 0.000000 0.356962 0.356958 0.356948 0.356922 0.356891 0.356859 0.356860 0.356856 0.356857 0.356855 0.356852 0.356857 0.356886 0.356911 0.356928 0.356943 0.356950 0.000000 0.000000
0.000000 0.000000 0.361183 0.361182 0.361176 0.361149 0.361120 0.361084 0.361084 0.361079 0.361078 0.361075 0.361074 0.361080 0.361112 0.361138 0.361163 0.361170 0.361181 0.000000 0.000000
0.000000 0.000000 0.365701 0.365693 0.365679 0.365661 0.365630 0.365589 0.365591 0.365581 0.365579 0.365577 0.365579 0.365578 0.365618 0.365650 0.365670 0.365681 0.365691 0.000000 0.000000
0.000000 0.000000 0.370416 0.370407 0.370400 0.370383 0.370339 0.370303 0.370303 0.370298 0.370293 0.370295 0.370301 0.370299 0.370332 0.370369 0.370391 0.370399 0.370406 0.000000 0.000000
0.000000 0.000000 0.375459 0.375453 0.375445 0.375408 0.375378 0.375336 0.375345 0.375322 0.375325 0.375324 0.375316 0.375331 0.375361 0.375384 0.375412 0.375428 0.375446 0.000000 0.000000
0.000000 0.000000 0.380995 0.380980 0.380963 0.380939 0.380906 0.380854 0.380851 0.380843 0.380855 0.380838 0.380843 0.380847 0.380901 0.380927 0.380947 0.380958 0.381006 0.000000 0.000000
0.000000 0.000000 0.386910 0.386895 0.386888 0.386856 0.386827 0.386697 0.386695 0.386686 0.386653 0.386670 0.386677 0.386690 0.386789 0.386816 0.386866 0.386872 0.386897 0.000000 0.000000
0.000000 0.000000 0.393723 0.393718 0.393692 0.393668 0.393514 0.393514 0.393482 0.393481 0.393487 0.393480 0.393476 0.393470 0.393465 0.393625 0.393656 0.393699 0.393731 0.000000 0.000000
0.000000 0.000000 0.401642 0.401628 0.401595 0.401405 0.401405 0.401311 0.401264 0.401253 0.401222 0.401198 0.401219 0.401214 0.401305 0.401318 0.401570 0.401538 0.401547 0.000000 0.000000
0.000000 0.000000 0.410315 0.410302 0.410032 0.410079 0.410062 0.410025 0.410117 0.410083 0.410131 0.410108 0.410067 0.410134 0.410151 0.410166 0.410007 0.410384 0.410380 0.000000 0.000000
0.000000 0.000000 0.421024 0.420601 0.420641 0.420494 0.420283 0.420220 0.420123 0.420143 0.420026 0.420033 0.420097 0.420039 0.420144 0.420301 0.420624 0.420464 0.420901 0.000000 0.000000
0.000000 0.000000 0.426001 0.426340 0.426723 0.426703 0.426689 0.426328 0.426369 0.426268 0.426416 0.426383 0.426369 0.426416 0.426728 0.426737 0.426792 0.426468 0.426141 0.000000 0.000000
0.000000 0.000000 0.350000 0.350000 0.350000 0.350000 0.350000 0.350000 0.350000 0.350000 0.350000 0.350000 0.350000 0.350000 0.350000 0.350000 0.350000 0.350000 0.350000 0.000000 0.000000
0.000000 0.000000 0.000000 0.000000 0.000000 0.000000 0.000000 0.000000 0.000000 0.000000 0.000000 0.000000 0.000000 0.000000 0.000000 0.000000 0.000000 0.000000 0.000000 0.000000 0.000000