geotop/1.0zi/1.0Montebello/Templates/testdem/maps/_Eocsilt2045.asc
ncols         21
nrows         20
xllcorner     100.000000
yllcorner     100.000000
cellsize      50.000000
NODATA_value  -9999.0
0.000000 0.000000 0.000000 0.000000 0.000000 0.000000 0.000000 0.000000 0.000000 0.000000 0.000000 0.000000 0.000000 0.000000 0.000000 0.000000 0.000000 0.000000 0.000000 0.000000 0.000000
0.000000 0.000000 0.350046 0.350046 0.350046 0.350046 0.350046 0.350046 0.350046 0.350046 0.350046 0.350046 0.350046 0.350046 0.350046 0.350046 0.350046 0.350046 0.350046 0.000000 0.000000
0.000000 0.000000 0.349999 0.349998 0.349999 0.349999 0.349999 0.349999 0.349999 0.349999 0.349999 0.349999 0.349999 0.349999 0.349999 0.349999 0.349999 0.349998 0.349999 0.000000 0.000000
0.000000 0.000000 0.350700 0.350699 0.350697 0.350698 0.350700 0.350700 0.350700 0.350700 0.350700 0.350700 0.350700 0.350700 0.350700 0.350698 0.350697 0.350699 0.350700 0.000000 0.000000
0.000000 0.000000 0.353341 0.353340 0.353338 0.353338 0.353341 0.353340 0.353340 0.353342 0.353341 0.353342 0.353340 0.353340 0.353341 0.353338 0.353338 0.353340 0.353341 0.000000 0.000000
0.000000 0.000000 0.356766 0.356766 0.356764 0.356764 0.356767 0.356766 0.356766 0.356767 0.356767 0.356767 0.356766 0.356766 0.356767 0.356764 0.356764 0.356766 0.356766 0.000000 0.000000
0.000000 0.000000 0.359916 0.359916 0.359914 0.359914 0.359917 0.359916 0.359916 0.359917 0.359917 0.359917 0.359916 0.359916 0.359917 0.359914 0.359914 0.359916 0.359916 0.000000 0.000000
0.000000 0.000000 0.362801 0.362800 0.362799 0.362799 0.362801 0.362801 0.362801 0.362801 0.362801 0.362801 0.362801 0.362801 0.362801 0.362799 0.362799 0.362800 0.362801 0.000000 0.000000
0.000000 0.000000 0.365497 0.365497 0.365495 0.365496 0.365497 0.365497 0.365497 0.365498 0.365498 0.365498 0.365497 0.365497 0.365497 0.365496 0.365495 0.365497 0.365497 0.000000 0.000000
0.000000 0.000000 0.368071 0.368070 0.368069 0.368069 0.368071 0.368070 0.368070 0.368071 0.368071 0.368071 0.368070 0.368070 0.368071 0.368069 0.368069 0.368070 0.368071 0.000000 0.000000
0.000000 0.000000 0.370550 0.370550 0.370549 0.370549 0.370550 0.370550 0.370550 0.370551 0.370551 0.370551 0.370550 0.370550 0.370550 0.370549 0.370549 0.370550 0.370550 0.000000 0.000000
0.000000 0.000000 0.372958 0.372958 0.372957 0.372957 0.372959 0.372958 0.372958 0.372959 0.372959 0.372959 0.372958 0.372958 0.372959 0.372957 0.372957 0.372958 0.372958 0.000000 0.000000
0.000000 0.000000 0.375311 0.375311 0.375310 0.375310 0.375312 0.375311 0.375311 0.375312 0.375312 0.375312 0.375311 0.375311 0.375312 0.375310 0.375310 0.375311 0.375311 0.000000 0.000000
0.000000 0.000000 0.377615 0.377615 0.377614 0.377614 0.377615 0.377615 0.377615 0.377616 0.377616 0.377616 0.377615 0.377615 0.377615 0.377614 0.377614 0.377615 0.377615 0.000000 0.000000
0.000000 0.000000 0.379880 0.379880 0.379878 0.379879 0.379880 0.379880 0.379880 0.379880 0.379880 0.379880 0.379880 0.379880 0.379880 0.379879 0.379878 0.379880 0.379880 0.000000 0.000000
0.000000 0.000000 0.382111 0.382111 0.382110 0.382110 0.382111 0.382111 0.382111 0.382111 0.382112 0.382111 0.382111 0.382111 0.382111 0.382110 0.382110 0.382111 0.382111 0.000000 0.000000
0.000000 0.000000 0.384308 0.384308 0.384307 0.384307 0.384308 0.384308 0.384308 0.384309 0.384309 0.384309 0.384308 0.384308 0.384308 0.384307 0.384307 0.384308 0.384308 0.000000 0.000000
0.000000 0.000000 0.386504 0.386504 0.386503 0.386503 0.386505 0.386504 0.386504 0.386505 0.386505 0.386505 0.386504 0.386504 0.386505 0.386503 0.386503 0.386504 0.386504 0.000000 0.000000
0.000000 0.000000 0.350000 0.350000 0.350000 0.350000 0.350000 0.350000 0.350000 0.350000 0.350000 0.350000 0.350000 0.350000 0.350000 0.350000 0.350000 0.350000 0.350000 0.000000 0.000000
0.000000 0.000000 0.000000 0.000000 0.000000 0.000000 0.000000 0.000000 0.000000 0.000000 0.000000 0.000000 0.000000 0.000000 0.000000 0.000000 0.000000 0.000000 0.000000 0.000000 0.000000