geotop/1.0zi/1.0Montebello/Templates/testdem/maps/_Eocsilt6865.asc
ncols         21
nrows         20
xllcorner     100.000000
yllcorner     100.000000
cellsize      50.000000
NODATA_value  -9999.0
0.000000 0.000000 0.000000 0.000000 0.000000 0.000000 0.000000 0.000000 0.000000 0.000000 0.000000 0.000000 0.000000 0.000000 0.000000 0.000000 0.000000 0.000000 0.000000 0.000000 0.000000
0.000000 0.000000 0.350137 0.350137 0.350137 0.350138 0.350137 0.350138 0.350138 0.350137 0.350138 0.350137 0.350137 0.350137 0.350137 0.350137 0.350138 0.350138 0.350137 0.000000 0.000000
0.000000 0.000000 0.350003 0.350002 0.350003 0.350003 0.350003 0.350003 0.350003 0.350003 0.350003 0.350003 0.350004 0.350004 0.350003 0.350003 0.350001 0.350001 0.350002 0.000000 0.000000
0.000000 0.000000 0.350060 0.350057 0.350055 0.350050 0.350051 0.350049 0.350051 0.350052 0.350050 0.350050 0.350050 0.350050 0.350052 0.350055 0.350058 0.350059 0.350059 0.000000 0.000000
0.000000 0.000000 0.350711 0.350717 0.350713 0.350705 0.350701 0.350694 0.350693 0.350690 0.350691 0.350693 0.350694 0.350695 0.350705 0.350708 0.350707 0.350715 0.350719 0.000000 0.000000
0.000000 0.000000 0.352669 0.352671 0.352662 0.352649 0.352635 0.352616 0.352616 0.352610 0.352615 0.352617 0.352618 0.352616 0.352624 0.352633 0.352642 0.352648 0.352654 0.000000 0.000000
0.000000 0.000000 0.355599 0.355596 0.355587 0.355565 0.355539 0.355512 0.355513 0.355510 0.355512 0.355511 0.355508 0.355512 0.355534 0.355556 0.355570 0.355582 0.355589 0.000000 0.000000
0.000000 0.000000 0.359125 0.359125 0.359120 0.359098 0.359073 0.359043 0.359044 0.359040 0.359039 0.359038 0.359036 0.359041 0.359066 0.359090 0.359110 0.359114 0.359126 0.000000 0.000000
0.000000 0.000000 0.362853 0.362846 0.362834 0.362820 0.362794 0.362760 0.362761 0.362754 0.362752 0.362752 0.362753 0.362751 0.362784 0.362812 0.362828 0.362835 0.362846 0.000000 0.000000
0.000000 0.000000 0.366667 0.366661 0.366654 0.366642 0.366607 0.366576 0.366578 0.366573 0.366569 0.366572 0.366577 0.366573 0.366600 0.366632 0.366649 0.366654 0.366661 0.000000 0.000000
0.000000 0.000000 0.370660 0.370655 0.370649 0.370621 0.370598 0.370563 0.370571 0.370552 0.370555 0.370555 0.370549 0.370560 0.370582 0.370603 0.370624 0.370635 0.370652 0.000000 0.000000
0.000000 0.000000 0.374942 0.374931 0.374919 0.374899 0.374875 0.374833 0.374833 0.374825 0.374835 0.374823 0.374826 0.374829 0.374870 0.374891 0.374906 0.374913 0.374953 0.000000 0.000000
0.000000 0.000000 0.379423 0.379412 0.379405 0.379383 0.379361 0.379266 0.379265 0.379258 0.379236 0.379247 0.379254 0.379262 0.379333 0.379355 0.379390 0.379393 0.379419 0.000000 0.000000
0.000000 0.000000 0.384425 0.384420 0.384402 0.384385 0.384283 0.384270 0.384248 0.384247 0.384246 0.384246 0.384244 0.384240 0.384244 0.384352 0.384377 0.384404 0.384433 0.000000 0.000000
0.000000 0.000000 0.390083 0.390075 0.390051 0.389934 0.389914 0.389856 0.389821 0.389814 0.389795 0.389780 0.389794 0.389788 0.389840 0.389872 0.390031 0.390014 0.390027 0.000000 0.000000
0.000000 0.000000 0.396202 0.396193 0.396031 0.396029 0.396022 0.395990 0.396035 0.396014 0.396037 0.396021 0.396000 0.396037 0.396054 0.396066 0.396013 0.396225 0.396227 0.000000 0.000000
0.000000 0.000000 0.403517 0.403279 0.403250 0.403179 0.403062 0.403020 0.402984 0.402988 0.402931 0.402931 0.402960 0.402938 0.402998 0.403087 0.403238 0.403217 0.403461 0.000000 0.000000
0.000000 0.000000 0.408061 0.408163 0.408388 0.408349 0.408304 0.408091 0.408097 0.408045 0.408104 0.408088 0.408093 0.408107 0.408298 0.408334 0.408426 0.408210 0.408120 0.000000 0.000000
0.000000 0.000000 0.350000 0.350000 0.350000 0.350000 0.350000 0.350000 0.350000 0.350000 0.350000 0.350000 0.350000 0.350000 0.350000 0.350000 0.350000 0.350000 0.350000 0.000000 0.000000
0.000000 0.000000 0.000000 0.000000 0.000000 0.000000 0.000000 0.000000 0.000000 0.000000 0.000000 0.000000 0.000000 0.000000 0.000000 0.000000 0.000000 0.000000 0.000000 0.000000 0.000000