geotop/1.0zi/1.0Montebello/Templates/testdem/maps/_Eocsand2053.asc
ncols         21
nrows         20
xllcorner     100.000000
yllcorner     100.000000
cellsize      50.000000
NODATA_value  -9999.0
0.000000 0.000000 0.000000 0.000000 0.000000 0.000000 0.000000 0.000000 0.000000 0.000000 0.000000 0.000000 0.000000 0.000000 0.000000 0.000000 0.000000 0.000000 0.000000 0.000000 0.000000
0.000000 0.000000 0.300060 0.300060 0.300060 0.300060 0.300060 0.300060 0.300060 0.300060 0.300060 0.300060 0.300060 0.300060 0.300060 0.300060 0.300060 0.300060 0.300060 0.000000 0.000000
0.000000 0.000000 0.300008 0.300009 0.300009 0.300008 0.300008 0.300008 0.300008 0.300008 0.300008 0.300008 0.300008 0.300008 0.300008 0.300008 0.300009 0.300009 0.300008 0.000000 0.000000
0.000000 0.000000 0.298640 0.298640 0.298645 0.298642 0.298639 0.298639 0.298640 0.298639 0.298639 0.298639 0.298640 0.298639 0.298639 0.298642 0.298645 0.298640 0.298640 0.000000 0.000000
0.000000 0.000000 0.293109 0.293110 0.293114 0.293114 0.293107 0.293109 0.293109 0.293106 0.293107 0.293106 0.293109 0.293109 0.293107 0.293114 0.293114 0.293110 0.293109 0.000000 0.000000
0.000000 0.000000 0.286310 0.286311 0.286314 0.286314 0.286309 0.286311 0.286311 0.286309 0.286308 0.286309 0.286311 0.286311 0.286309 0.286314 0.286314 0.286311 0.286310 0.000000 0.000000
0.000000 0.000000 0.279949 0.279950 0.279953 0.279953 0.279948 0.279950 0.279950 0.279948 0.279948 0.279948 0.279950 0.279950 0.279948 0.279953 0.279953 0.279950 0.279949 0.000000 0.000000
0.000000 0.000000 0.274104 0.274105 0.274108 0.274107 0.274103 0.274105 0.274104 0.274103 0.274103 0.274103 0.274104 0.274105 0.274103 0.274107 0.274108 0.274105 0.274104 0.000000 0.000000
0.000000 0.000000 0.268637 0.268637 0.268640 0.268639 0.268636 0.268637 0.268637 0.268636 0.268635 0.268636 0.268637 0.268637 0.268636 0.268639 0.268640 0.268637 0.268637 0.000000 0.000000
0.000000 0.000000 0.263416 0.263416 0.263419 0.263418 0.263415 0.263416 0.263416 0.263415 0.263415 0.263415 0.263416 0.263416 0.263415 0.263418 0.263419 0.263416 0.263416 0.000000 0.000000
0.000000 0.000000 0.258384 0.258384 0.258387 0.258386 0.258383 0.258384 0.258384 0.258383 0.258383 0.258383 0.258384 0.258384 0.258383 0.258386 0.258387 0.258384 0.258384 0.000000 0.000000
0.000000 0.000000 0.253495 0.253496 0.253498 0.253498 0.253495 0.253496 0.253496 0.253494 0.253494 0.253494 0.253496 0.253496 0.253495 0.253498 0.253498 0.253496 0.253495 0.000000 0.000000
0.000000 0.000000 0.248717 0.248718 0.248720 0.248719 0.248717 0.248717 0.248717 0.248716 0.248716 0.248716 0.248717 0.248717 0.248717 0.248719 0.248720 0.248718 0.248717 0.000000 0.000000
0.000000 0.000000 0.244037 0.244038 0.244040 0.244040 0.244037 0.244038 0.244038 0.244037 0.244036 0.244037 0.244038 0.244038 0.244037 0.244040 0.244040 0.244038 0.244037 0.000000 0.000000
0.000000 0.000000 0.239436 0.239436 0.239439 0.239438 0.239435 0.239436 0.239436 0.239435 0.239435 0.239435 0.239436 0.239436 0.239435 0.239438 0.239439 0.239436 0.239436 0.000000 0.000000
0.000000 0.000000 0.234900 0.234901 0.234903 0.234903 0.234900 0.234901 0.234901 0.234900 0.234899 0.234900 0.234901 0.234901 0.234900 0.234903 0.234903 0.234901 0.234900 0.000000 0.000000
0.000000 0.000000 0.230433 0.230433 0.230435 0.230435 0.230432 0.230433 0.230433 0.230432 0.230431 0.230432 0.230433 0.230433 0.230432 0.230435 0.230435 0.230433 0.230433 0.000000 0.000000
0.000000 0.000000 0.225966 0.225966 0.225969 0.225968 0.225965 0.225966 0.225966 0.225965 0.225965 0.225965 0.225966 0.225966 0.225965 0.225968 0.225969 0.225966 0.225966 0.000000 0.000000
0.000000 0.000000 0.300000 0.300000 0.300000 0.300000 0.300000 0.300000 0.300000 0.300000 0.300000 0.300000 0.300000 0.300000 0.300000 0.300000 0.300000 0.300000 0.300000 0.000000 0.000000
0.000000 0.000000 0.000000 0.000000 0.000000 0.000000 0.000000 0.000000 0.000000 0.000000 0.000000 0.000000 0.000000 0.000000 0.000000 0.000000 0.000000 0.000000 0.000000 0.000000 0.000000