geotop/1.0zi/1.0Montebello/Templates/testdem/maps/_Eocsilt5394.asc
ncols         21
nrows         20
xllcorner     100.000000
yllcorner     100.000000
cellsize      50.000000
NODATA_value  -9999.0
0.000000 0.000000 0.000000 0.000000 0.000000 0.000000 0.000000 0.000000 0.000000 0.000000 0.000000 0.000000 0.000000 0.000000 0.000000 0.000000 0.000000 0.000000 0.000000 0.000000 0.000000
0.000000 0.000000 0.350109 0.350109 0.350109 0.350109 0.350109 0.350109 0.350109 0.350109 0.350109 0.350109 0.350109 0.350109 0.350109 0.350109 0.350109 0.350109 0.350109 0.000000 0.000000
0.000000 0.000000 0.350002 0.350002 0.350003 0.350003 0.350003 0.350003 0.350003 0.350003 0.350003 0.350003 0.350004 0.350003 0.350003 0.350003 0.350002 0.350001 0.350002 0.000000 0.000000
0.000000 0.000000 0.350037 0.350037 0.350036 0.350031 0.350033 0.350031 0.350033 0.350034 0.350033 0.350032 0.350032 0.350031 0.350033 0.350036 0.350036 0.350038 0.350037 0.000000 0.000000
0.000000 0.000000 0.350440 0.350444 0.350442 0.350439 0.350436 0.350431 0.350430 0.350429 0.350426 0.350428 0.350429 0.350430 0.350435 0.350437 0.350437 0.350446 0.350449 0.000000 0.000000
0.000000 0.000000 0.351764 0.351768 0.351764 0.351751 0.351742 0.351727 0.351724 0.351721 0.351726 0.351728 0.351729 0.351726 0.351731 0.351736 0.351744 0.351747 0.351751 0.000000 0.000000
0.000000 0.000000 0.353816 0.353814 0.353811 0.353795 0.353776 0.353755 0.353756 0.353754 0.353757 0.353757 0.353754 0.353757 0.353771 0.353787 0.353794 0.353803 0.353808 0.000000 0.000000
0.000000 0.000000 0.356313 0.356314 0.356315 0.356299 0.356280 0.356257 0.356258 0.356255 0.356256 0.356255 0.356254 0.356256 0.356273 0.356290 0.356305 0.356307 0.356315 0.000000 0.000000
0.000000 0.000000 0.358930 0.358926 0.358920 0.358910 0.358892 0.358865 0.358866 0.358861 0.358859 0.358861 0.358861 0.358859 0.358883 0.358901 0.358914 0.358918 0.358926 0.000000 0.000000
0.000000 0.000000 0.361536 0.361532 0.361530 0.361524 0.361498 0.361475 0.361477 0.361474 0.361471 0.361475 0.361478 0.361475 0.361492 0.361513 0.361526 0.361528 0.361532 0.000000 0.000000
0.000000 0.000000 0.364193 0.364190 0.364191 0.364172 0.364155 0.364130 0.364136 0.364124 0.364124 0.364126 0.364123 0.364128 0.364143 0.364156 0.364170 0.364177 0.364188 0.000000 0.000000
0.000000 0.000000 0.366967 0.366961 0.366955 0.366942 0.366928 0.366897 0.366899 0.366891 0.366899 0.366893 0.366894 0.366896 0.366922 0.366933 0.366943 0.366947 0.366976 0.000000 0.000000
0.000000 0.000000 0.369792 0.369786 0.369786 0.369771 0.369758 0.369699 0.369699 0.369694 0.369682 0.369688 0.369693 0.369697 0.369739 0.369750 0.369772 0.369773 0.369794 0.000000 0.000000
0.000000 0.000000 0.372831 0.372827 0.372821 0.372813 0.372758 0.372742 0.372728 0.372728 0.372722 0.372725 0.372726 0.372724 0.372731 0.372784 0.372803 0.372818 0.372838 0.000000 0.000000
0.000000 0.000000 0.376146 0.376143 0.376131 0.376075 0.376057 0.376023 0.376000 0.375997 0.375986 0.375980 0.375987 0.375982 0.376005 0.376033 0.376116 0.376109 0.376122 0.000000 0.000000
0.000000 0.000000 0.379634 0.379629 0.379559 0.379544 0.379538 0.379516 0.379527 0.379519 0.379524 0.379516 0.379508 0.379522 0.379534 0.379543 0.379544 0.379634 0.379637 0.000000 0.000000
0.000000 0.000000 0.383566 0.383472 0.383433 0.383404 0.383360 0.383336 0.383330 0.383328 0.383309 0.383305 0.383312 0.383310 0.383335 0.383368 0.383422 0.383453 0.383546 0.000000 0.000000
0.000000 0.000000 0.386535 0.386528 0.386608 0.386583 0.386549 0.386460 0.386457 0.386437 0.386447 0.386442 0.386449 0.386450 0.386532 0.386554 0.386620 0.386535 0.386548 0.000000 0.000000
0.000000 0.000000 0.350000 0.350000 0.350000 0.350000 0.350000 0.350000 0.350000 0.350000 0.350000 0.350000 0.350000 0.350000 0.350000 0.350000 0.350000 0.350000 0.350000 0.000000 0.000000
0.000000 0.000000 0.000000 0.000000 0.000000 0.000000 0.000000 0.000000 0.000000 0.000000 0.000000 0.000000 0.000000 0.000000 0.000000 0.000000 0.000000 0.000000 0.000000 0.000000 0.000000