geotop/1.0zi/1.0Montebello/Templates/testdem/maps/_Eocclay3147.asc
ncols         21
nrows         20
xllcorner     100.000000
yllcorner     100.000000
cellsize      50.000000
NODATA_value  -9999.0
0.000000 0.000000 0.000000 0.000000 0.000000 0.000000 0.000000 0.000000 0.000000 0.000000 0.000000 0.000000 0.000000 0.000000 0.000000 0.000000 0.000000 0.000000 0.000000 0.000000 0.000000
0.000000 0.000000 0.349826 0.349826 0.349826 0.349825 0.349826 0.349826 0.349826 0.349826 0.349825 0.349826 0.349826 0.349826 0.349826 0.349825 0.349826 0.349826 0.349826 0.000000 0.000000
0.000000 0.000000 0.349995 0.349995 0.349995 0.349995 0.349995 0.349995 0.349995 0.349995 0.349996 0.349995 0.349995 0.349995 0.349995 0.349995 0.349995 0.349995 0.349995 0.000000 0.000000
0.000000 0.000000 0.351262 0.351262 0.351260 0.351261 0.351262 0.351262 0.351262 0.351262 0.351262 0.351262 0.351262 0.351262 0.351262 0.351261 0.351260 0.351262 0.351262 0.000000 0.000000
0.000000 0.000000 0.356243 0.356242 0.356240 0.356240 0.356243 0.356242 0.356242 0.356244 0.356244 0.356244 0.356242 0.356242 0.356243 0.356240 0.356240 0.356242 0.356243 0.000000 0.000000
0.000000 0.000000 0.361715 0.361714 0.361712 0.361712 0.361715 0.361714 0.361714 0.361715 0.361716 0.361715 0.361714 0.361714 0.361715 0.361712 0.361712 0.361714 0.361715 0.000000 0.000000
0.000000 0.000000 0.366818 0.366818 0.366816 0.366816 0.366818 0.366818 0.366818 0.366819 0.366819 0.366819 0.366818 0.366818 0.366818 0.366816 0.366816 0.366818 0.366818 0.000000 0.000000
0.000000 0.000000 0.371460 0.371459 0.371458 0.371458 0.371460 0.371459 0.371459 0.371460 0.371461 0.371460 0.371459 0.371459 0.371460 0.371458 0.371458 0.371459 0.371460 0.000000 0.000000
0.000000 0.000000 0.375753 0.375752 0.375751 0.375751 0.375753 0.375752 0.375752 0.375753 0.375753 0.375753 0.375752 0.375752 0.375753 0.375751 0.375751 0.375752 0.375753 0.000000 0.000000
0.000000 0.000000 0.379799 0.379798 0.379797 0.379797 0.379799 0.379798 0.379798 0.379799 0.379799 0.379799 0.379798 0.379798 0.379799 0.379797 0.379797 0.379798 0.379799 0.000000 0.000000
0.000000 0.000000 0.383647 0.383647 0.383646 0.383646 0.383647 0.383647 0.383647 0.383647 0.383648 0.383647 0.383647 0.383647 0.383647 0.383646 0.383646 0.383647 0.383647 0.000000 0.000000
0.000000 0.000000 0.387335 0.387335 0.387334 0.387334 0.387335 0.387335 0.387335 0.387335 0.387336 0.387335 0.387335 0.387335 0.387335 0.387334 0.387334 0.387335 0.387335 0.000000 0.000000
0.000000 0.000000 0.390889 0.390888 0.390887 0.390887 0.390889 0.390888 0.390888 0.390889 0.390889 0.390889 0.390888 0.390888 0.390889 0.390887 0.390887 0.390888 0.390889 0.000000 0.000000
0.000000 0.000000 0.394338 0.394338 0.394337 0.394337 0.394338 0.394338 0.394338 0.394338 0.394339 0.394338 0.394338 0.394338 0.394338 0.394337 0.394337 0.394338 0.394338 0.000000 0.000000
0.000000 0.000000 0.397691 0.397690 0.397689 0.397690 0.397691 0.397690 0.397690 0.397691 0.397691 0.397691 0.397690 0.397690 0.397691 0.397690 0.397689 0.397690 0.397691 0.000000 0.000000
0.000000 0.000000 0.400952 0.400952 0.400951 0.400951 0.400953 0.400952 0.400952 0.400953 0.400953 0.400953 0.400952 0.400952 0.400953 0.400951 0.400951 0.400952 0.400952 0.000000 0.000000
0.000000 0.000000 0.404134 0.404134 0.404132 0.404133 0.404134 0.404134 0.404134 0.404134 0.404135 0.404134 0.404134 0.404134 0.404134 0.404133 0.404132 0.404134 0.404134 0.000000 0.000000
0.000000 0.000000 0.407306 0.407307 0.407305 0.407306 0.407307 0.407306 0.407307 0.407307 0.407307 0.407307 0.407307 0.407306 0.407307 0.407306 0.407305 0.407307 0.407307 0.000000 0.000000
0.000000 0.000000 0.350000 0.350000 0.350000 0.350000 0.350000 0.350000 0.350000 0.350000 0.350000 0.350000 0.350000 0.350000 0.350000 0.350000 0.350000 0.350000 0.350000 0.000000 0.000000
0.000000 0.000000 0.000000 0.000000 0.000000 0.000000 0.000000 0.000000 0.000000 0.000000 0.000000 0.000000 0.000000 0.000000 0.000000 0.000000 0.000000 0.000000 0.000000 0.000000 0.000000