geotop/1.0zi/1.0Montebello/Templates/testdem/maps/_Eocsand4346.asc
ncols         21
nrows         20
xllcorner     100.000000
yllcorner     100.000000
cellsize      50.000000
NODATA_value  -9999.0
0.000000 0.000000 0.000000 0.000000 0.000000 0.000000 0.000000 0.000000 0.000000 0.000000 0.000000 0.000000 0.000000 0.000000 0.000000 0.000000 0.000000 0.000000 0.000000 0.000000 0.000000
0.000000 0.000000 0.300107 0.300107 0.300106 0.300106 0.300106 0.300106 0.300107 0.300106 0.300107 0.300107 0.300107 0.300107 0.300106 0.300106 0.300107 0.300107 0.300107 0.000000 0.000000
0.000000 0.000000 0.300005 0.300004 0.300004 0.300004 0.300004 0.300004 0.300004 0.300004 0.300004 0.300004 0.300004 0.300004 0.300004 0.300004 0.300006 0.300006 0.300005 0.000000 0.000000
0.000000 0.000000 0.299975 0.299973 0.299976 0.299979 0.299977 0.299979 0.299977 0.299978 0.299978 0.299979 0.299979 0.299981 0.299976 0.299973 0.299973 0.299972 0.299974 0.000000 0.000000
0.000000 0.000000 0.299285 0.299284 0.299289 0.299288 0.299295 0.299299 0.299300 0.299304 0.299306 0.299301 0.299304 0.299304 0.299300 0.299300 0.299300 0.299296 0.299290 0.000000 0.000000
0.000000 0.000000 0.296981 0.296980 0.296990 0.297004 0.297010 0.297031 0.297033 0.297042 0.297034 0.297032 0.297029 0.297035 0.297036 0.297025 0.297016 0.297011 0.297004 0.000000 0.000000
0.000000 0.000000 0.293466 0.293473 0.293483 0.293507 0.293531 0.293565 0.293563 0.293569 0.293563 0.293565 0.293569 0.293570 0.293548 0.293519 0.293507 0.293498 0.293486 0.000000 0.000000
0.000000 0.000000 0.289399 0.289405 0.289414 0.289442 0.289466 0.289499 0.289494 0.289500 0.289500 0.289501 0.289508 0.289513 0.289482 0.289452 0.289434 0.289429 0.289418 0.000000 0.000000
0.000000 0.000000 0.285292 0.285302 0.285317 0.285338 0.285362 0.285401 0.285397 0.285404 0.285404 0.285403 0.285410 0.285412 0.285383 0.285349 0.285335 0.285327 0.285312 0.000000 0.000000
0.000000 0.000000 0.281203 0.281213 0.281225 0.281248 0.281278 0.281312 0.281305 0.281311 0.281312 0.281311 0.281319 0.281325 0.281292 0.281257 0.281243 0.281237 0.281224 0.000000 0.000000
0.000000 0.000000 0.277062 0.277073 0.277086 0.277104 0.277125 0.277167 0.277161 0.277171 0.277171 0.277169 0.277177 0.277182 0.277155 0.277129 0.277111 0.277103 0.277088 0.000000 0.000000
0.000000 0.000000 0.272785 0.272796 0.272812 0.272839 0.272863 0.272903 0.272902 0.272908 0.272908 0.272909 0.272915 0.272921 0.272884 0.272853 0.272836 0.272829 0.272783 0.000000 0.000000
0.000000 0.000000 0.268456 0.268469 0.268486 0.268506 0.268536 0.268621 0.268618 0.268626 0.268627 0.268626 0.268636 0.268639 0.268566 0.268530 0.268513 0.268506 0.268476 0.000000 0.000000
0.000000 0.000000 0.263887 0.263905 0.263920 0.263942 0.264027 0.264049 0.264061 0.264068 0.264067 0.264067 0.264077 0.264082 0.264058 0.263971 0.263953 0.263935 0.263917 0.000000 0.000000
0.000000 0.000000 0.258969 0.258984 0.259017 0.259096 0.259136 0.259189 0.259215 0.259224 0.259238 0.259239 0.259240 0.259254 0.259215 0.259152 0.259056 0.259060 0.259044 0.000000 0.000000
0.000000 0.000000 0.253901 0.253918 0.254020 0.254041 0.254064 0.254090 0.254092 0.254095 0.254091 0.254093 0.254111 0.254099 0.254089 0.254062 0.254058 0.253957 0.253931 0.000000 0.000000
0.000000 0.000000 0.248285 0.248412 0.248503 0.248542 0.248602 0.248635 0.248641 0.248646 0.248660 0.248660 0.248664 0.248679 0.248657 0.248583 0.248535 0.248482 0.248358 0.000000 0.000000
0.000000 0.000000 0.243880 0.243915 0.243850 0.243900 0.243954 0.244072 0.244082 0.244094 0.244090 0.244092 0.244105 0.244102 0.243998 0.243932 0.243860 0.243964 0.243909 0.000000 0.000000
0.000000 0.000000 0.300000 0.300000 0.300000 0.300000 0.300000 0.300000 0.300000 0.300000 0.300000 0.300000 0.300000 0.300000 0.300000 0.300000 0.300000 0.300000 0.300000 0.000000 0.000000
0.000000 0.000000 0.000000 0.000000 0.000000 0.000000 0.000000 0.000000 0.000000 0.000000 0.000000 0.000000 0.000000 0.000000 0.000000 0.000000 0.000000 0.000000 0.000000 0.000000 0.000000