geotop/1.0zi/1.0Montebello/Templates/testdem/maps/_Eocclay7005.asc
ncols         21
nrows         20
xllcorner     100.000000
yllcorner     100.000000
cellsize      50.000000
NODATA_value  -9999.0
0.000000 0.000000 0.000000 0.000000 0.000000 0.000000 0.000000 0.000000 0.000000 0.000000 0.000000 0.000000 0.000000 0.000000 0.000000 0.000000 0.000000 0.000000 0.000000 0.000000 0.000000
0.000000 0.000000 0.349687 0.349688 0.349688 0.349687 0.349688 0.349688 0.349688 0.349688 0.349687 0.349688 0.349688 0.349688 0.349688 0.349688 0.349686 0.349686 0.349688 0.000000 0.000000
0.000000 0.000000 0.349987 0.349987 0.349988 0.349988 0.349987 0.349987 0.349987 0.349987 0.349987 0.349986 0.349987 0.349986 0.349987 0.349987 0.349988 0.349988 0.349985 0.000000 0.000000
0.000000 0.000000 0.349976 0.349981 0.349977 0.349977 0.349979 0.349978 0.349980 0.349976 0.349981 0.349978 0.349978 0.349977 0.349978 0.349980 0.349978 0.349980 0.349980 0.000000 0.000000
0.000000 0.000000 0.350705 0.350703 0.350700 0.350696 0.350682 0.350680 0.350680 0.350682 0.350680 0.350680 0.350676 0.350679 0.350687 0.350687 0.350693 0.350694 0.350702 0.000000 0.000000
0.000000 0.000000 0.352891 0.352890 0.352879 0.352855 0.352844 0.352822 0.352824 0.352818 0.352821 0.352821 0.352822 0.352824 0.352832 0.352849 0.352860 0.352873 0.352880 0.000000 0.000000
0.000000 0.000000 0.356016 0.356013 0.356005 0.355985 0.355958 0.355926 0.355926 0.355920 0.355922 0.355923 0.355922 0.355923 0.355950 0.355976 0.355988 0.355999 0.356008 0.000000 0.000000
0.000000 0.000000 0.359747 0.359746 0.359738 0.359713 0.359688 0.359652 0.359653 0.359649 0.359649 0.359646 0.359644 0.359651 0.359680 0.359702 0.359723 0.359730 0.359743 0.000000 0.000000
0.000000 0.000000 0.363627 0.363622 0.363610 0.363595 0.363568 0.363532 0.363536 0.363527 0.363525 0.363523 0.363523 0.363523 0.363557 0.363586 0.363601 0.363608 0.363619 0.000000 0.000000
0.000000 0.000000 0.367643 0.367635 0.367629 0.367615 0.367576 0.367544 0.367546 0.367541 0.367536 0.367539 0.367543 0.367541 0.367570 0.367602 0.367621 0.367627 0.367635 0.000000 0.000000
0.000000 0.000000 0.371908 0.371903 0.371896 0.371867 0.371841 0.371802 0.371811 0.371791 0.371793 0.371793 0.371786 0.371799 0.371823 0.371844 0.371867 0.371879 0.371898 0.000000 0.000000
0.000000 0.000000 0.376500 0.376489 0.376474 0.376454 0.376426 0.376381 0.376381 0.376372 0.376383 0.376368 0.376370 0.376374 0.376418 0.376441 0.376457 0.376465 0.376508 0.000000 0.000000
0.000000 0.000000 0.381341 0.381328 0.381321 0.381296 0.381271 0.381167 0.381167 0.381159 0.381134 0.381146 0.381152 0.381162 0.381241 0.381264 0.381302 0.381306 0.381333 0.000000 0.000000
0.000000 0.000000 0.386785 0.386780 0.386760 0.386741 0.386626 0.386612 0.386589 0.386588 0.386588 0.386585 0.386582 0.386579 0.386583 0.386703 0.386729 0.386760 0.386792 0.000000 0.000000
0.000000 0.000000 0.392991 0.392982 0.392954 0.392822 0.392803 0.392738 0.392699 0.392691 0.392669 0.392652 0.392666 0.392660 0.392721 0.392751 0.392929 0.392910 0.392925 0.000000 0.000000
0.000000 0.000000 0.399730 0.399720 0.399535 0.399542 0.399532 0.399494 0.399550 0.399525 0.399553 0.399532 0.399506 0.399551 0.399573 0.399584 0.399512 0.399758 0.399759 0.000000 0.000000
0.000000 0.000000 0.407889 0.407611 0.407589 0.407503 0.407363 0.407316 0.407272 0.407278 0.407209 0.407208 0.407243 0.407217 0.407285 0.407389 0.407572 0.407531 0.407817 0.000000 0.000000
0.000000 0.000000 0.412734 0.412882 0.413143 0.413106 0.413060 0.412808 0.412820 0.412757 0.412832 0.412811 0.412813 0.412834 0.413057 0.413090 0.413185 0.412938 0.412805 0.000000 0.000000
0.000000 0.000000 0.350000 0.350000 0.350000 0.350000 0.350000 0.350000 0.350000 0.350000 0.350000 0.350000 0.350000 0.350000 0.350000 0.350000 0.350000 0.350000 0.350000 0.000000 0.000000
0.000000 0.000000 0.000000 0.000000 0.000000 0.000000 0.000000 0.000000 0.000000 0.000000 0.000000 0.000000 0.000000 0.000000 0.000000 0.000000 0.000000 0.000000 0.000000 0.000000 0.000000