geotop/1.0zi/1.0Montebello/Templates/testdem/maps/_Eocsand9101.asc
ncols         21
nrows         20
xllcorner     100.000000
yllcorner     100.000000
cellsize      50.000000
NODATA_value  -9999.0
0.000000 0.000000 0.000000 0.000000 0.000000 0.000000 0.000000 0.000000 0.000000 0.000000 0.000000 0.000000 0.000000 0.000000 0.000000 0.000000 0.000000 0.000000 0.000000 0.000000 0.000000
0.000000 0.000000 0.300233 0.300230 0.300230 0.300231 0.300230 0.300229 0.300230 0.300230 0.300231 0.300230 0.300230 0.300230 0.300230 0.300230 0.300231 0.300231 0.300231 0.000000 0.000000
0.000000 0.000000 0.300012 0.300014 0.300014 0.300012 0.300013 0.300014 0.300013 0.300013 0.300014 0.300014 0.300013 0.300013 0.300013 0.300013 0.300014 0.300015 0.300015 0.000000 0.000000
0.000000 0.000000 0.299855 0.299854 0.299861 0.299869 0.299868 0.299872 0.299865 0.299867 0.299867 0.299867 0.299866 0.299868 0.299863 0.299857 0.299854 0.299855 0.299854 0.000000 0.000000
0.000000 0.000000 0.297492 0.297494 0.297512 0.297538 0.297565 0.297569 0.297572 0.297574 0.297575 0.297572 0.297569 0.297569 0.297546 0.297536 0.297522 0.297518 0.297506 0.000000 0.000000
0.000000 0.000000 0.290749 0.290762 0.290798 0.290848 0.290902 0.290950 0.290948 0.290960 0.290954 0.290955 0.290946 0.290950 0.290921 0.290878 0.290855 0.290842 0.290829 0.000000 0.000000
0.000000 0.000000 0.281459 0.281481 0.281511 0.281571 0.281645 0.281741 0.281737 0.281745 0.281747 0.281747 0.281749 0.281744 0.281665 0.281605 0.281569 0.281548 0.281533 0.000000 0.000000
0.000000 0.000000 0.270458 0.270481 0.270507 0.270578 0.270653 0.270742 0.270739 0.270749 0.270753 0.270759 0.270764 0.270747 0.270672 0.270609 0.270550 0.270545 0.270517 0.000000 0.000000
0.000000 0.000000 0.258517 0.258549 0.258591 0.258641 0.258728 0.258829 0.258819 0.258839 0.258849 0.258853 0.258850 0.258854 0.258751 0.258675 0.258631 0.258621 0.258593 0.000000 0.000000
0.000000 0.000000 0.245569 0.245609 0.245638 0.245691 0.245812 0.245902 0.245899 0.245911 0.245929 0.245920 0.245908 0.245912 0.245830 0.245733 0.245682 0.245671 0.245657 0.000000 0.000000
0.000000 0.000000 0.231139 0.231169 0.231201 0.231322 0.231401 0.231518 0.231486 0.231556 0.231545 0.231554 0.231578 0.231537 0.231450 0.231392 0.231318 0.231296 0.231238 0.000000 0.000000
0.000000 0.000000 0.214663 0.214721 0.214796 0.214859 0.214969 0.215112 0.215114 0.215121 0.215096 0.215152 0.215127 0.215129 0.214975 0.214890 0.214854 0.214840 0.214711 0.000000 0.000000
0.000000 0.000000 0.196383 0.196448 0.196468 0.196597 0.196686 0.197112 0.197113 0.197133 0.197268 0.197190 0.197176 0.197136 0.196809 0.196731 0.196577 0.196582 0.196533 0.000000 0.000000
0.000000 0.000000 0.174144 0.174171 0.174294 0.174374 0.174973 0.174831 0.174943 0.174938 0.174877 0.174940 0.174953 0.175005 0.175128 0.174495 0.174452 0.174315 0.174216 0.000000 0.000000
0.000000 0.000000 0.147772 0.147860 0.147995 0.148777 0.148569 0.149000 0.149134 0.149174 0.149332 0.149408 0.149321 0.149324 0.148912 0.149093 0.148074 0.148310 0.148323 0.000000 0.000000
0.000000 0.000000 0.120488 0.120553 0.121624 0.121160 0.121310 0.121304 0.120849 0.120973 0.120735 0.120789 0.120984 0.120724 0.120805 0.120680 0.121745 0.120173 0.120198 0.000000 0.000000
0.000000 0.000000 0.090895 0.092190 0.091747 0.092328 0.092973 0.093168 0.093603 0.093497 0.093936 0.093885 0.093631 0.093900 0.093548 0.093075 0.091813 0.092818 0.091485 0.000000 0.000000
0.000000 0.000000 0.082565 0.081660 0.080815 0.080859 0.080838 0.081671 0.081531 0.081773 0.081381 0.081464 0.081521 0.081394 0.080702 0.080715 0.080695 0.081388 0.082293 0.000000 0.000000
0.000000 0.000000 0.300000 0.300000 0.300000 0.300000 0.300000 0.300000 0.300000 0.300000 0.300000 0.300000 0.300000 0.300000 0.300000 0.300000 0.300000 0.300000 0.300000 0.000000 0.000000
0.000000 0.000000 0.000000 0.000000 0.000000 0.000000 0.000000 0.000000 0.000000 0.000000 0.000000 0.000000 0.000000 0.000000 0.000000 0.000000 0.000000 0.000000 0.000000 0.000000 0.000000