geotop/1.0zi/1.0Montebello/Templates/testdem/maps/_Eocclay3403.asc
ncols         21
nrows         20
xllcorner     100.000000
yllcorner     100.000000
cellsize      50.000000
NODATA_value  -9999.0
0.000000 0.000000 0.000000 0.000000 0.000000 0.000000 0.000000 0.000000 0.000000 0.000000 0.000000 0.000000 0.000000 0.000000 0.000000 0.000000 0.000000 0.000000 0.000000 0.000000 0.000000
0.000000 0.000000 0.349818 0.349818 0.349818 0.349818 0.349818 0.349818 0.349818 0.349818 0.349817 0.349818 0.349818 0.349818 0.349818 0.349818 0.349818 0.349818 0.349818 0.000000 0.000000
0.000000 0.000000 0.349996 0.349996 0.349995 0.349996 0.349996 0.349996 0.349996 0.349996 0.349996 0.349996 0.349996 0.349996 0.349996 0.349996 0.349995 0.349996 0.349996 0.000000 0.000000
0.000000 0.000000 0.351302 0.351302 0.351299 0.351300 0.351301 0.351301 0.351301 0.351301 0.351302 0.351301 0.351301 0.351301 0.351301 0.351300 0.351299 0.351302 0.351302 0.000000 0.000000
0.000000 0.000000 0.356586 0.356585 0.356583 0.356583 0.356587 0.356585 0.356585 0.356587 0.356587 0.356587 0.356585 0.356585 0.356587 0.356583 0.356583 0.356585 0.356586 0.000000 0.000000
0.000000 0.000000 0.362412 0.362412 0.362410 0.362410 0.362413 0.362412 0.362412 0.362413 0.362414 0.362413 0.362412 0.362412 0.362413 0.362410 0.362410 0.362412 0.362412 0.000000 0.000000
0.000000 0.000000 0.367864 0.367864 0.367862 0.367862 0.367865 0.367864 0.367864 0.367865 0.367865 0.367865 0.367864 0.367864 0.367865 0.367862 0.367862 0.367864 0.367864 0.000000 0.000000
0.000000 0.000000 0.372821 0.372821 0.372819 0.372820 0.372822 0.372821 0.372821 0.372821 0.372822 0.372821 0.372821 0.372821 0.372822 0.372820 0.372819 0.372821 0.372821 0.000000 0.000000
0.000000 0.000000 0.377399 0.377399 0.377398 0.377398 0.377400 0.377399 0.377399 0.377400 0.377400 0.377400 0.377399 0.377399 0.377400 0.377398 0.377398 0.377399 0.377399 0.000000 0.000000
0.000000 0.000000 0.381706 0.381706 0.381704 0.381705 0.381706 0.381706 0.381706 0.381706 0.381707 0.381706 0.381706 0.381706 0.381706 0.381705 0.381704 0.381706 0.381706 0.000000 0.000000
0.000000 0.000000 0.385795 0.385795 0.385794 0.385794 0.385795 0.385795 0.385795 0.385795 0.385796 0.385795 0.385795 0.385795 0.385795 0.385794 0.385794 0.385795 0.385795 0.000000 0.000000
0.000000 0.000000 0.389707 0.389706 0.389705 0.389706 0.389707 0.389706 0.389706 0.389707 0.389707 0.389707 0.389706 0.389706 0.389707 0.389706 0.389705 0.389706 0.389707 0.000000 0.000000
0.000000 0.000000 0.393470 0.393470 0.393469 0.393469 0.393470 0.393470 0.393470 0.393470 0.393471 0.393470 0.393470 0.393470 0.393470 0.393469 0.393469 0.393470 0.393470 0.000000 0.000000
0.000000 0.000000 0.397114 0.397114 0.397113 0.397113 0.397115 0.397114 0.397114 0.397115 0.397115 0.397115 0.397114 0.397114 0.397115 0.397113 0.397113 0.397114 0.397114 0.000000 0.000000
0.000000 0.000000 0.400650 0.400650 0.400649 0.400649 0.400651 0.400650 0.400650 0.400651 0.400651 0.400651 0.400650 0.400650 0.400651 0.400649 0.400649 0.400650 0.400650 0.000000 0.000000
0.000000 0.000000 0.404083 0.404083 0.404082 0.404082 0.404083 0.404083 0.404083 0.404083 0.404084 0.404083 0.404083 0.404083 0.404083 0.404082 0.404082 0.404083 0.404083 0.000000 0.000000
0.000000 0.000000 0.407425 0.407425 0.407424 0.407424 0.407425 0.407425 0.407425 0.407425 0.407426 0.407425 0.407425 0.407425 0.407425 0.407424 0.407424 0.407425 0.407425 0.000000 0.000000
0.000000 0.000000 0.410738 0.410738 0.410737 0.410738 0.410739 0.410738 0.410738 0.410739 0.410739 0.410739 0.410738 0.410738 0.410739 0.410738 0.410737 0.410738 0.410738 0.000000 0.000000
0.000000 0.000000 0.350000 0.350000 0.350000 0.350000 0.350000 0.350000 0.350000 0.350000 0.350000 0.350000 0.350000 0.350000 0.350000 0.350000 0.350000 0.350000 0.350000 0.000000 0.000000
0.000000 0.000000 0.000000 0.000000 0.000000 0.000000 0.000000 0.000000 0.000000 0.000000 0.000000 0.000000 0.000000 0.000000 0.000000 0.000000 0.000000 0.000000 0.000000 0.000000 0.000000