geotop/1.0zi/1.0Montebello/Templates/testdem/maps/_Eocclay4051.asc
ncols         21
nrows         20
xllcorner     100.000000
yllcorner     100.000000
cellsize      50.000000
NODATA_value  -9999.0
0.000000 0.000000 0.000000 0.000000 0.000000 0.000000 0.000000 0.000000 0.000000 0.000000 0.000000 0.000000 0.000000 0.000000 0.000000 0.000000 0.000000 0.000000 0.000000 0.000000 0.000000
0.000000 0.000000 0.349814 0.349814 0.349814 0.349815 0.349815 0.349814 0.349814 0.349814 0.349814 0.349814 0.349814 0.349814 0.349815 0.349814 0.349814 0.349814 0.349814 0.000000 0.000000
0.000000 0.000000 0.349994 0.349994 0.349994 0.349994 0.349994 0.349994 0.349994 0.349994 0.349994 0.349993 0.349994 0.349994 0.349994 0.349994 0.349994 0.349994 0.349994 0.000000 0.000000
0.000000 0.000000 0.349994 0.349995 0.349993 0.349994 0.349995 0.349995 0.349996 0.349995 0.349995 0.349994 0.349994 0.349993 0.349996 0.349997 0.349996 0.349996 0.349995 0.000000 0.000000
0.000000 0.000000 0.350333 0.350335 0.350334 0.350334 0.350327 0.350325 0.350326 0.350326 0.350325 0.350327 0.350323 0.350323 0.350326 0.350327 0.350327 0.350327 0.350330 0.000000 0.000000
0.000000 0.000000 0.351499 0.351501 0.351497 0.351489 0.351488 0.351478 0.351479 0.351474 0.351478 0.351478 0.351480 0.351478 0.351475 0.351480 0.351485 0.351490 0.351493 0.000000 0.000000
0.000000 0.000000 0.353198 0.353194 0.353191 0.353183 0.353174 0.353156 0.353156 0.353152 0.353155 0.353155 0.353155 0.353151 0.353163 0.353178 0.353185 0.353188 0.353192 0.000000 0.000000
0.000000 0.000000 0.355118 0.355117 0.355113 0.355101 0.355091 0.355074 0.355076 0.355073 0.355073 0.355073 0.355070 0.355066 0.355081 0.355095 0.355103 0.355106 0.355112 0.000000 0.000000
0.000000 0.000000 0.357034 0.357031 0.357025 0.357016 0.357006 0.356987 0.356989 0.356985 0.356985 0.356986 0.356983 0.356981 0.356995 0.357012 0.357018 0.357021 0.357028 0.000000 0.000000
0.000000 0.000000 0.358943 0.358939 0.358935 0.358925 0.358911 0.358894 0.358897 0.358895 0.358895 0.358895 0.358892 0.358888 0.358905 0.358921 0.358928 0.358931 0.358937 0.000000 0.000000
0.000000 0.000000 0.360883 0.360879 0.360874 0.360867 0.360858 0.360837 0.360840 0.360835 0.360835 0.360836 0.360833 0.360829 0.360843 0.360855 0.360864 0.360868 0.360874 0.000000 0.000000
0.000000 0.000000 0.362882 0.362879 0.362872 0.362861 0.362851 0.362832 0.362832 0.362829 0.362829 0.362828 0.362825 0.362821 0.362839 0.362854 0.362862 0.362866 0.362887 0.000000 0.000000
0.000000 0.000000 0.364900 0.364895 0.364888 0.364880 0.364867 0.364827 0.364828 0.364824 0.364824 0.364825 0.364821 0.364818 0.364852 0.364870 0.364878 0.364881 0.364895 0.000000 0.000000
0.000000 0.000000 0.367024 0.367017 0.367011 0.367003 0.366965 0.366954 0.366948 0.366945 0.366946 0.366946 0.366941 0.366938 0.366949 0.366990 0.366998 0.367007 0.367015 0.000000 0.000000
0.000000 0.000000 0.369303 0.369297 0.369283 0.369249 0.369232 0.369207 0.369194 0.369190 0.369184 0.369184 0.369183 0.369176 0.369194 0.369223 0.369267 0.369266 0.369272 0.000000 0.000000
0.000000 0.000000 0.371642 0.371636 0.371591 0.371585 0.371576 0.371564 0.371562 0.371560 0.371562 0.371561 0.371553 0.371557 0.371562 0.371574 0.371576 0.371621 0.371633 0.000000 0.000000
0.000000 0.000000 0.374224 0.374169 0.374129 0.374115 0.374089 0.374075 0.374072 0.374070 0.374063 0.374064 0.374062 0.374054 0.374062 0.374095 0.374116 0.374141 0.374196 0.000000 0.000000
0.000000 0.000000 0.376262 0.376246 0.376277 0.376258 0.376235 0.376183 0.376178 0.376173 0.376174 0.376173 0.376168 0.376168 0.376213 0.376242 0.376276 0.376228 0.376253 0.000000 0.000000
0.000000 0.000000 0.350000 0.350000 0.350000 0.350000 0.350000 0.350000 0.350000 0.350000 0.350000 0.350000 0.350000 0.350000 0.350000 0.350000 0.350000 0.350000 0.350000 0.000000 0.000000
0.000000 0.000000 0.000000 0.000000 0.000000 0.000000 0.000000 0.000000 0.000000 0.000000 0.000000 0.000000 0.000000 0.000000 0.000000 0.000000 0.000000 0.000000 0.000000 0.000000 0.000000