geotop/1.0zi/1.0Montebello/Templates/testdem/maps/_Eocsilt5987.asc
ncols         21
nrows         20
xllcorner     100.000000
yllcorner     100.000000
cellsize      50.000000
NODATA_value  -9999.0
0.000000 0.000000 0.000000 0.000000 0.000000 0.000000 0.000000 0.000000 0.000000 0.000000 0.000000 0.000000 0.000000 0.000000 0.000000 0.000000 0.000000 0.000000 0.000000 0.000000 0.000000
0.000000 0.000000 0.350118 0.350118 0.350118 0.350118 0.350118 0.350118 0.350118 0.350118 0.350118 0.350118 0.350118 0.350118 0.350118 0.350118 0.350118 0.350118 0.350118 0.000000 0.000000
0.000000 0.000000 0.350002 0.350002 0.350002 0.350003 0.350003 0.350003 0.350003 0.350003 0.350003 0.350003 0.350003 0.350003 0.350003 0.350002 0.350001 0.350001 0.350002 0.000000 0.000000
0.000000 0.000000 0.350047 0.350046 0.350045 0.350040 0.350041 0.350039 0.350041 0.350041 0.350040 0.350039 0.350040 0.350040 0.350042 0.350045 0.350046 0.350048 0.350047 0.000000 0.000000
0.000000 0.000000 0.350550 0.350553 0.350552 0.350548 0.350545 0.350540 0.350538 0.350537 0.350535 0.350536 0.350538 0.350539 0.350544 0.350547 0.350546 0.350555 0.350559 0.000000 0.000000
0.000000 0.000000 0.352127 0.352129 0.352124 0.352109 0.352099 0.352081 0.352079 0.352075 0.352079 0.352082 0.352082 0.352079 0.352086 0.352093 0.352103 0.352107 0.352113 0.000000 0.000000
0.000000 0.000000 0.354518 0.354515 0.354509 0.354490 0.354469 0.354445 0.354446 0.354444 0.354446 0.354446 0.354443 0.354447 0.354464 0.354483 0.354491 0.354501 0.354508 0.000000 0.000000
0.000000 0.000000 0.357426 0.357426 0.357425 0.357407 0.357385 0.357359 0.357360 0.357357 0.357356 0.357356 0.357355 0.357357 0.357378 0.357399 0.357415 0.357417 0.357427 0.000000 0.000000
0.000000 0.000000 0.360484 0.360479 0.360471 0.360459 0.360438 0.360408 0.360409 0.360403 0.360401 0.360402 0.360403 0.360401 0.360428 0.360450 0.360465 0.360470 0.360479 0.000000 0.000000
0.000000 0.000000 0.363563 0.363558 0.363554 0.363546 0.363516 0.363490 0.363492 0.363488 0.363484 0.363488 0.363492 0.363489 0.363510 0.363535 0.363549 0.363552 0.363558 0.000000 0.000000
0.000000 0.000000 0.366734 0.366731 0.366730 0.366707 0.366687 0.366658 0.366664 0.366650 0.366651 0.366652 0.366648 0.366656 0.366674 0.366690 0.366706 0.366715 0.366728 0.000000 0.000000
0.000000 0.000000 0.370080 0.370072 0.370063 0.370048 0.370030 0.369994 0.369996 0.369988 0.369996 0.369988 0.369990 0.369992 0.370024 0.370039 0.370051 0.370056 0.370089 0.000000 0.000000
0.000000 0.000000 0.373524 0.373517 0.373514 0.373496 0.373480 0.373408 0.373407 0.373401 0.373386 0.373394 0.373400 0.373405 0.373458 0.373472 0.373498 0.373501 0.373524 0.000000 0.000000
0.000000 0.000000 0.377282 0.377278 0.377268 0.377256 0.377185 0.377169 0.377152 0.377152 0.377147 0.377149 0.377149 0.377147 0.377154 0.377226 0.377248 0.377266 0.377289 0.000000 0.000000
0.000000 0.000000 0.381440 0.381434 0.381418 0.381343 0.381321 0.381278 0.381252 0.381247 0.381234 0.381225 0.381234 0.381228 0.381261 0.381293 0.381400 0.381391 0.381405 0.000000 0.000000
0.000000 0.000000 0.385860 0.385854 0.385755 0.385740 0.385735 0.385709 0.385730 0.385718 0.385727 0.385717 0.385705 0.385725 0.385741 0.385751 0.385739 0.385866 0.385869 0.000000 0.000000
0.000000 0.000000 0.390956 0.390819 0.390777 0.390738 0.390672 0.390641 0.390628 0.390627 0.390597 0.390593 0.390607 0.390600 0.390637 0.390687 0.390766 0.390787 0.390926 0.000000 0.000000
0.000000 0.000000 0.394590 0.394606 0.394729 0.394698 0.394651 0.394525 0.394524 0.394495 0.394516 0.394509 0.394516 0.394520 0.394635 0.394670 0.394748 0.394621 0.394613 0.000000 0.000000
0.000000 0.000000 0.350000 0.350000 0.350000 0.350000 0.350000 0.350000 0.350000 0.350000 0.350000 0.350000 0.350000 0.350000 0.350000 0.350000 0.350000 0.350000 0.350000 0.000000 0.000000
0.000000 0.000000 0.000000 0.000000 0.000000 0.000000 0.000000 0.000000 0.000000 0.000000 0.000000 0.000000 0.000000 0.000000 0.000000 0.000000 0.000000 0.000000 0.000000 0.000000 0.000000