geotop/1.0zi/1.0Montebello/Templates/testdem/maps/_Eocclay0741.asc
ncols         21
nrows         20
xllcorner     100.000000
yllcorner     100.000000
cellsize      50.000000
NODATA_value  -9999.0
0.000000 0.000000 0.000000 0.000000 0.000000 0.000000 0.000000 0.000000 0.000000 0.000000 0.000000 0.000000 0.000000 0.000000 0.000000 0.000000 0.000000 0.000000 0.000000 0.000000 0.000000
0.000000 0.000000 0.349958 0.349958 0.349958 0.349958 0.349958 0.349958 0.349958 0.349958 0.349958 0.349958 0.349958 0.349958 0.349958 0.349958 0.349958 0.349958 0.349958 0.000000 0.000000
0.000000 0.000000 0.349995 0.349995 0.349995 0.349995 0.349995 0.349995 0.349995 0.349995 0.349995 0.349995 0.349995 0.349995 0.349995 0.349995 0.349995 0.349995 0.349995 0.000000 0.000000
0.000000 0.000000 0.350322 0.350321 0.350319 0.350320 0.350322 0.350322 0.350322 0.350322 0.350322 0.350322 0.350322 0.350322 0.350322 0.350320 0.350319 0.350321 0.350322 0.000000 0.000000
0.000000 0.000000 0.351508 0.351506 0.351504 0.351504 0.351508 0.351507 0.351507 0.351508 0.351508 0.351508 0.351507 0.351507 0.351508 0.351504 0.351504 0.351506 0.351508 0.000000 0.000000
0.000000 0.000000 0.352770 0.352769 0.352768 0.352767 0.352770 0.352770 0.352770 0.352770 0.352770 0.352770 0.352770 0.352770 0.352770 0.352767 0.352768 0.352769 0.352770 0.000000 0.000000
0.000000 0.000000 0.353971 0.353970 0.353969 0.353969 0.353971 0.353971 0.353971 0.353971 0.353971 0.353971 0.353971 0.353971 0.353971 0.353969 0.353969 0.353970 0.353971 0.000000 0.000000
0.000000 0.000000 0.355085 0.355084 0.355083 0.355083 0.355085 0.355085 0.355085 0.355085 0.355085 0.355085 0.355085 0.355085 0.355085 0.355083 0.355083 0.355084 0.355085 0.000000 0.000000
0.000000 0.000000 0.356135 0.356135 0.356134 0.356134 0.356135 0.356135 0.356135 0.356135 0.356135 0.356135 0.356135 0.356135 0.356135 0.356134 0.356134 0.356135 0.356135 0.000000 0.000000
0.000000 0.000000 0.357146 0.357146 0.357145 0.357145 0.357146 0.357146 0.357146 0.357146 0.357146 0.357146 0.357146 0.357146 0.357146 0.357145 0.357145 0.357146 0.357146 0.000000 0.000000
0.000000 0.000000 0.358127 0.358126 0.358125 0.358125 0.358127 0.358127 0.358127 0.358127 0.358127 0.358127 0.358127 0.358127 0.358127 0.358125 0.358125 0.358126 0.358127 0.000000 0.000000
0.000000 0.000000 0.359087 0.359087 0.359086 0.359086 0.359087 0.359087 0.359087 0.359087 0.359087 0.359087 0.359087 0.359087 0.359087 0.359086 0.359086 0.359087 0.359087 0.000000 0.000000
0.000000 0.000000 0.360031 0.360030 0.360029 0.360029 0.360031 0.360031 0.360031 0.360031 0.360031 0.360031 0.360031 0.360031 0.360031 0.360029 0.360029 0.360030 0.360031 0.000000 0.000000
0.000000 0.000000 0.360960 0.360959 0.360958 0.360959 0.360960 0.360960 0.360960 0.360960 0.360960 0.360960 0.360960 0.360960 0.360960 0.360959 0.360958 0.360959 0.360960 0.000000 0.000000
0.000000 0.000000 0.361880 0.361879 0.361878 0.361878 0.361880 0.361880 0.361880 0.361880 0.361880 0.361880 0.361880 0.361880 0.361880 0.361878 0.361878 0.361879 0.361880 0.000000 0.000000
0.000000 0.000000 0.362794 0.362793 0.362792 0.362792 0.362794 0.362794 0.362793 0.362794 0.362794 0.362794 0.362793 0.362794 0.362794 0.362792 0.362792 0.362793 0.362794 0.000000 0.000000
0.000000 0.000000 0.363699 0.363698 0.363697 0.363697 0.363699 0.363699 0.363699 0.363699 0.363699 0.363699 0.363699 0.363699 0.363699 0.363697 0.363697 0.363698 0.363699 0.000000 0.000000
0.000000 0.000000 0.364618 0.364618 0.364617 0.364617 0.364619 0.364619 0.364618 0.364619 0.364619 0.364619 0.364618 0.364619 0.364619 0.364617 0.364617 0.364618 0.364619 0.000000 0.000000
0.000000 0.000000 0.350000 0.350000 0.350000 0.350000 0.350000 0.350000 0.350000 0.350000 0.350000 0.350000 0.350000 0.350000 0.350000 0.350000 0.350000 0.350000 0.350000 0.000000 0.000000
0.000000 0.000000 0.000000 0.000000 0.000000 0.000000 0.000000 0.000000 0.000000 0.000000 0.000000 0.000000 0.000000 0.000000 0.000000 0.000000 0.000000 0.000000 0.000000 0.000000 0.000000