geotop/1.0zi/1.0Montebello/Templates/testdem/maps/_Eocsilt8842.asc
ncols         21
nrows         20
xllcorner     100.000000
yllcorner     100.000000
cellsize      50.000000
NODATA_value  -9999.0
0.000000 0.000000 0.000000 0.000000 0.000000 0.000000 0.000000 0.000000 0.000000 0.000000 0.000000 0.000000 0.000000 0.000000 0.000000 0.000000 0.000000 0.000000 0.000000 0.000000 0.000000
0.000000 0.000000 0.350189 0.350189 0.350190 0.350190 0.350189 0.350190 0.350190 0.350189 0.350190 0.350189 0.350189 0.350189 0.350189 0.350190 0.350190 0.350190 0.350189 0.000000 0.000000
0.000000 0.000000 0.350005 0.350005 0.350005 0.350005 0.350006 0.350005 0.350005 0.350006 0.350006 0.350006 0.350006 0.350006 0.350005 0.350005 0.350003 0.350003 0.350005 0.000000 0.000000
0.000000 0.000000 0.350121 0.350117 0.350112 0.350107 0.350107 0.350102 0.350105 0.350105 0.350102 0.350105 0.350105 0.350105 0.350107 0.350111 0.350117 0.350117 0.350119 0.000000 0.000000
0.000000 0.000000 0.351223 0.351228 0.351220 0.351203 0.351194 0.351191 0.351191 0.351188 0.351189 0.351190 0.351195 0.351193 0.351206 0.351213 0.351215 0.351219 0.351222 0.000000 0.000000
0.000000 0.000000 0.354332 0.354328 0.354318 0.354300 0.354273 0.354253 0.354252 0.354246 0.354251 0.354251 0.354255 0.354253 0.354267 0.354285 0.354295 0.354298 0.354305 0.000000 0.000000
0.000000 0.000000 0.358747 0.358739 0.358727 0.358696 0.358661 0.358617 0.358621 0.358618 0.358618 0.358617 0.358615 0.358620 0.358656 0.358684 0.358702 0.358714 0.358721 0.000000 0.000000
0.000000 0.000000 0.363964 0.363956 0.363949 0.363917 0.363882 0.363841 0.363843 0.363838 0.363837 0.363835 0.363833 0.363841 0.363876 0.363907 0.363936 0.363938 0.363951 0.000000 0.000000
0.000000 0.000000 0.369629 0.369616 0.369601 0.369577 0.369537 0.369489 0.369494 0.369484 0.369481 0.369480 0.369482 0.369480 0.369530 0.369567 0.369588 0.369595 0.369608 0.000000 0.000000
0.000000 0.000000 0.375715 0.375699 0.375690 0.375667 0.375611 0.375569 0.375572 0.375566 0.375559 0.375564 0.375570 0.375568 0.375607 0.375654 0.375678 0.375684 0.375690 0.000000 0.000000
0.000000 0.000000 0.382420 0.382410 0.382402 0.382346 0.382311 0.382257 0.382273 0.382240 0.382247 0.382244 0.382233 0.382252 0.382294 0.382322 0.382356 0.382367 0.382394 0.000000 0.000000
0.000000 0.000000 0.390015 0.389994 0.389967 0.389938 0.389889 0.389824 0.389824 0.389820 0.389834 0.389810 0.389821 0.389822 0.389893 0.389932 0.389950 0.389958 0.390017 0.000000 0.000000
0.000000 0.000000 0.398368 0.398344 0.398342 0.398285 0.398247 0.398056 0.398057 0.398048 0.397991 0.398025 0.398033 0.398052 0.398200 0.398236 0.398305 0.398304 0.398329 0.000000 0.000000
0.000000 0.000000 0.408419 0.408412 0.408367 0.408332 0.408073 0.408126 0.408078 0.408080 0.408106 0.408082 0.408077 0.408056 0.408010 0.408288 0.408311 0.408372 0.408417 0.000000 0.000000
0.000000 0.000000 0.420318 0.420288 0.420237 0.419899 0.419975 0.419800 0.419740 0.419723 0.419660 0.419625 0.419664 0.419661 0.419831 0.419772 0.420215 0.420118 0.420115 0.000000 0.000000
0.000000 0.000000 0.432889 0.432866 0.432400 0.432585 0.432530 0.432522 0.432721 0.432665 0.432769 0.432744 0.432661 0.432777 0.432753 0.432802 0.432363 0.433052 0.433040 0.000000 0.000000
0.000000 0.000000 0.447097 0.446481 0.446680 0.446414 0.446106 0.446015 0.445819 0.445867 0.445665 0.445689 0.445807 0.445685 0.445851 0.446078 0.446662 0.446214 0.446853 0.000000 0.000000
0.000000 0.000000 0.451301 0.451782 0.452213 0.452202 0.452222 0.451804 0.451882 0.451758 0.451963 0.451922 0.451891 0.451959 0.452305 0.452294 0.452289 0.451951 0.451477 0.000000 0.000000
0.000000 0.000000 0.350000 0.350000 0.350000 0.350000 0.350000 0.350000 0.350000 0.350000 0.350000 0.350000 0.350000 0.350000 0.350000 0.350000 0.350000 0.350000 0.350000 0.000000 0.000000
0.000000 0.000000 0.000000 0.000000 0.000000 0.000000 0.000000 0.000000 0.000000 0.000000 0.000000 0.000000 0.000000 0.000000 0.000000 0.000000 0.000000 0.000000 0.000000 0.000000 0.000000