geotop/1.0zi/1.0Montebello/Templates/testdem/maps/_Eocclay7838.asc
ncols         21
nrows         20
xllcorner     100.000000
yllcorner     100.000000
cellsize      50.000000
NODATA_value  -9999.0
0.000000 0.000000 0.000000 0.000000 0.000000 0.000000 0.000000 0.000000 0.000000 0.000000 0.000000 0.000000 0.000000 0.000000 0.000000 0.000000 0.000000 0.000000 0.000000 0.000000 0.000000
0.000000 0.000000 0.349637 0.349639 0.349639 0.349638 0.349640 0.349640 0.349639 0.349640 0.349638 0.349640 0.349640 0.349639 0.349640 0.349639 0.349637 0.349638 0.349639 0.000000 0.000000
0.000000 0.000000 0.349985 0.349984 0.349985 0.349986 0.349984 0.349983 0.349984 0.349983 0.349983 0.349983 0.349983 0.349983 0.349984 0.349984 0.349985 0.349984 0.349983 0.000000 0.000000
0.000000 0.000000 0.350003 0.350008 0.350004 0.350003 0.350007 0.350004 0.350006 0.350003 0.350006 0.350004 0.350004 0.350003 0.350005 0.350006 0.350005 0.350008 0.350007 0.000000 0.000000
0.000000 0.000000 0.350979 0.350976 0.350972 0.350967 0.350951 0.350949 0.350946 0.350949 0.350945 0.350946 0.350942 0.350946 0.350956 0.350958 0.350966 0.350968 0.350974 0.000000 0.000000
0.000000 0.000000 0.353689 0.353686 0.353675 0.353646 0.353632 0.353608 0.353609 0.353602 0.353606 0.353605 0.353607 0.353609 0.353620 0.353639 0.353653 0.353669 0.353674 0.000000 0.000000
0.000000 0.000000 0.357422 0.357418 0.357409 0.357385 0.357355 0.357318 0.357316 0.357311 0.357312 0.357313 0.357313 0.357314 0.357346 0.357375 0.357391 0.357404 0.357412 0.000000 0.000000
0.000000 0.000000 0.361855 0.361852 0.361844 0.361814 0.361785 0.361744 0.361744 0.361739 0.361739 0.361736 0.361734 0.361742 0.361777 0.361802 0.361827 0.361837 0.361849 0.000000 0.000000
0.000000 0.000000 0.366535 0.366528 0.366514 0.366495 0.366464 0.366422 0.366425 0.366415 0.366412 0.366410 0.366411 0.366411 0.366451 0.366485 0.366504 0.366514 0.366523 0.000000 0.000000
0.000000 0.000000 0.371472 0.371462 0.371454 0.371436 0.371390 0.371352 0.371352 0.371347 0.371341 0.371344 0.371350 0.371348 0.371383 0.371421 0.371444 0.371453 0.371460 0.000000 0.000000
0.000000 0.000000 0.376820 0.376813 0.376803 0.376765 0.376733 0.376688 0.376697 0.376673 0.376676 0.376675 0.376666 0.376683 0.376714 0.376738 0.376768 0.376784 0.376804 0.000000 0.000000
0.000000 0.000000 0.382711 0.382694 0.382675 0.382649 0.382614 0.382559 0.382555 0.382548 0.382561 0.382541 0.382546 0.382550 0.382607 0.382636 0.382657 0.382668 0.382718 0.000000 0.000000
0.000000 0.000000 0.389045 0.389029 0.389021 0.388985 0.388953 0.388813 0.388811 0.388802 0.388766 0.388784 0.388792 0.388806 0.388913 0.388942 0.388996 0.389002 0.389028 0.000000 0.000000
0.000000 0.000000 0.396402 0.396396 0.396366 0.396340 0.396169 0.396174 0.396138 0.396137 0.396145 0.396136 0.396132 0.396126 0.396116 0.396294 0.396326 0.396373 0.396408 0.000000 0.000000
0.000000 0.000000 0.405018 0.405002 0.404965 0.404751 0.404758 0.404652 0.404600 0.404588 0.404553 0.404527 0.404550 0.404545 0.404648 0.404655 0.404937 0.404898 0.404907 0.000000 0.000000
0.000000 0.000000 0.414503 0.414487 0.414179 0.414243 0.414223 0.414185 0.414294 0.414257 0.414312 0.414287 0.414239 0.414316 0.414331 0.414347 0.414151 0.414584 0.414578 0.000000 0.000000
0.000000 0.000000 0.426358 0.425867 0.425932 0.425756 0.425510 0.425437 0.425318 0.425344 0.425206 0.425215 0.425292 0.425221 0.425343 0.425525 0.425912 0.425699 0.426205 0.000000 0.000000
0.000000 0.000000 0.431433 0.431860 0.432302 0.432288 0.432287 0.431866 0.431921 0.431803 0.431984 0.431946 0.431924 0.431984 0.432341 0.432342 0.432382 0.432017 0.431600 0.000000 0.000000
0.000000 0.000000 0.350000 0.350000 0.350000 0.350000 0.350000 0.350000 0.350000 0.350000 0.350000 0.350000 0.350000 0.350000 0.350000 0.350000 0.350000 0.350000 0.350000 0.000000 0.000000
0.000000 0.000000 0.000000 0.000000 0.000000 0.000000 0.000000 0.000000 0.000000 0.000000 0.000000 0.000000 0.000000 0.000000 0.000000 0.000000 0.000000 0.000000 0.000000 0.000000 0.000000