geotop/1.0zi/1.0Montebello/Templates/testdem/maps/_Eocsand3157.asc
ncols         21
nrows         20
xllcorner     100.000000
yllcorner     100.000000
cellsize      50.000000
NODATA_value  -9999.0
0.000000 0.000000 0.000000 0.000000 0.000000 0.000000 0.000000 0.000000 0.000000 0.000000 0.000000 0.000000 0.000000 0.000000 0.000000 0.000000 0.000000 0.000000 0.000000 0.000000 0.000000
0.000000 0.000000 0.300087 0.300087 0.300087 0.300088 0.300087 0.300087 0.300087 0.300087 0.300089 0.300087 0.300087 0.300087 0.300087 0.300088 0.300087 0.300087 0.300087 0.000000 0.000000
0.000000 0.000000 0.300011 0.300011 0.300011 0.300011 0.300011 0.300011 0.300011 0.300011 0.300009 0.300011 0.300011 0.300011 0.300011 0.300011 0.300011 0.300011 0.300011 0.000000 0.000000
0.000000 0.000000 0.297433 0.297434 0.297439 0.297437 0.297434 0.297434 0.297434 0.297434 0.297433 0.297434 0.297434 0.297434 0.297434 0.297437 0.297439 0.297434 0.297433 0.000000 0.000000
0.000000 0.000000 0.287860 0.287862 0.287866 0.287865 0.287860 0.287861 0.287861 0.287859 0.287858 0.287859 0.287861 0.287861 0.287860 0.287865 0.287866 0.287862 0.287860 0.000000 0.000000
0.000000 0.000000 0.276830 0.276831 0.276834 0.276834 0.276829 0.276831 0.276831 0.276829 0.276828 0.276829 0.276831 0.276831 0.276829 0.276834 0.276834 0.276831 0.276830 0.000000 0.000000
0.000000 0.000000 0.266702 0.266703 0.266706 0.266705 0.266701 0.266703 0.266702 0.266701 0.266700 0.266701 0.266702 0.266703 0.266701 0.266705 0.266706 0.266703 0.266702 0.000000 0.000000
0.000000 0.000000 0.257518 0.257519 0.257521 0.257521 0.257518 0.257519 0.257519 0.257517 0.257516 0.257517 0.257519 0.257519 0.257518 0.257521 0.257521 0.257519 0.257518 0.000000 0.000000
0.000000 0.000000 0.249029 0.249030 0.249033 0.249032 0.249029 0.249030 0.249030 0.249029 0.249028 0.249029 0.249030 0.249030 0.249029 0.249032 0.249033 0.249030 0.249029 0.000000 0.000000
0.000000 0.000000 0.241033 0.241034 0.241037 0.241036 0.241033 0.241034 0.241034 0.241033 0.241032 0.241033 0.241034 0.241034 0.241033 0.241036 0.241037 0.241034 0.241033 0.000000 0.000000
0.000000 0.000000 0.233432 0.233432 0.233435 0.233434 0.233431 0.233432 0.233432 0.233431 0.233430 0.233431 0.233432 0.233432 0.233431 0.233434 0.233435 0.233432 0.233432 0.000000 0.000000
0.000000 0.000000 0.226151 0.226152 0.226154 0.226154 0.226151 0.226152 0.226152 0.226151 0.226150 0.226151 0.226152 0.226152 0.226151 0.226154 0.226154 0.226152 0.226151 0.000000 0.000000
0.000000 0.000000 0.219141 0.219141 0.219144 0.219143 0.219141 0.219142 0.219141 0.219140 0.219140 0.219140 0.219141 0.219142 0.219141 0.219143 0.219144 0.219141 0.219141 0.000000 0.000000
0.000000 0.000000 0.212340 0.212340 0.212342 0.212342 0.212339 0.212340 0.212340 0.212339 0.212338 0.212339 0.212340 0.212340 0.212339 0.212342 0.212342 0.212340 0.212340 0.000000 0.000000
0.000000 0.000000 0.205734 0.205734 0.205736 0.205736 0.205733 0.205734 0.205734 0.205733 0.205732 0.205733 0.205734 0.205734 0.205733 0.205736 0.205736 0.205734 0.205734 0.000000 0.000000
0.000000 0.000000 0.199311 0.199311 0.199314 0.199313 0.199311 0.199311 0.199311 0.199310 0.199309 0.199310 0.199311 0.199311 0.199311 0.199313 0.199314 0.199311 0.199311 0.000000 0.000000
0.000000 0.000000 0.193050 0.193051 0.193053 0.193052 0.193050 0.193051 0.193051 0.193050 0.193049 0.193050 0.193051 0.193051 0.193050 0.193052 0.193053 0.193051 0.193050 0.000000 0.000000
0.000000 0.000000 0.186816 0.186816 0.186818 0.186817 0.186815 0.186816 0.186816 0.186815 0.186814 0.186815 0.186816 0.186816 0.186815 0.186817 0.186818 0.186816 0.186815 0.000000 0.000000
0.000000 0.000000 0.300000 0.300000 0.300000 0.300000 0.300000 0.300000 0.300000 0.300000 0.300000 0.300000 0.300000 0.300000 0.300000 0.300000 0.300000 0.300000 0.300000 0.000000 0.000000
0.000000 0.000000 0.000000 0.000000 0.000000 0.000000 0.000000 0.000000 0.000000 0.000000 0.000000 0.000000 0.000000 0.000000 0.000000 0.000000 0.000000 0.000000 0.000000 0.000000 0.000000