geotop/1.0zi/1.0Montebello/Templates/testdem/maps/_Eocsand3261.asc
ncols         21
nrows         20
xllcorner     100.000000
yllcorner     100.000000
cellsize      50.000000
NODATA_value  -9999.0
0.000000 0.000000 0.000000 0.000000 0.000000 0.000000 0.000000 0.000000 0.000000 0.000000 0.000000 0.000000 0.000000 0.000000 0.000000 0.000000 0.000000 0.000000 0.000000 0.000000 0.000000
0.000000 0.000000 0.300089 0.300089 0.300089 0.300089 0.300089 0.300089 0.300089 0.300089 0.300090 0.300089 0.300089 0.300089 0.300089 0.300089 0.300089 0.300089 0.300089 0.000000 0.000000
0.000000 0.000000 0.300011 0.300011 0.300011 0.300011 0.300011 0.300011 0.300011 0.300011 0.300009 0.300011 0.300011 0.300011 0.300011 0.300011 0.300011 0.300011 0.300011 0.000000 0.000000
0.000000 0.000000 0.297433 0.297434 0.297439 0.297437 0.297434 0.297434 0.297434 0.297434 0.297433 0.297434 0.297434 0.297434 0.297434 0.297437 0.297439 0.297434 0.297433 0.000000 0.000000
0.000000 0.000000 0.287764 0.287766 0.287770 0.287769 0.287763 0.287765 0.287765 0.287763 0.287762 0.287763 0.287765 0.287765 0.287763 0.287769 0.287770 0.287766 0.287764 0.000000 0.000000
0.000000 0.000000 0.276527 0.276528 0.276531 0.276531 0.276526 0.276528 0.276528 0.276526 0.276525 0.276526 0.276528 0.276528 0.276526 0.276531 0.276531 0.276528 0.276527 0.000000 0.000000
0.000000 0.000000 0.266185 0.266186 0.266189 0.266189 0.266185 0.266186 0.266186 0.266185 0.266183 0.266185 0.266186 0.266186 0.266185 0.266189 0.266189 0.266186 0.266185 0.000000 0.000000
0.000000 0.000000 0.256805 0.256806 0.256809 0.256808 0.256805 0.256806 0.256806 0.256805 0.256803 0.256805 0.256806 0.256806 0.256805 0.256808 0.256809 0.256806 0.256805 0.000000 0.000000
0.000000 0.000000 0.248137 0.248137 0.248140 0.248140 0.248137 0.248138 0.248137 0.248136 0.248135 0.248136 0.248137 0.248138 0.248137 0.248140 0.248140 0.248137 0.248137 0.000000 0.000000
0.000000 0.000000 0.239975 0.239975 0.239978 0.239977 0.239975 0.239976 0.239975 0.239974 0.239973 0.239974 0.239975 0.239976 0.239975 0.239977 0.239978 0.239975 0.239975 0.000000 0.000000
0.000000 0.000000 0.232218 0.232219 0.232221 0.232220 0.232218 0.232219 0.232219 0.232218 0.232217 0.232218 0.232219 0.232219 0.232218 0.232220 0.232221 0.232219 0.232218 0.000000 0.000000
0.000000 0.000000 0.224792 0.224793 0.224795 0.224794 0.224792 0.224793 0.224793 0.224792 0.224791 0.224792 0.224793 0.224793 0.224792 0.224794 0.224795 0.224793 0.224792 0.000000 0.000000
0.000000 0.000000 0.217645 0.217646 0.217648 0.217647 0.217645 0.217646 0.217646 0.217645 0.217644 0.217645 0.217646 0.217646 0.217645 0.217647 0.217648 0.217646 0.217645 0.000000 0.000000
0.000000 0.000000 0.210717 0.210718 0.210720 0.210720 0.210717 0.210718 0.210718 0.210717 0.210716 0.210717 0.210718 0.210718 0.210717 0.210720 0.210720 0.210718 0.210717 0.000000 0.000000
0.000000 0.000000 0.203992 0.203992 0.203995 0.203994 0.203992 0.203992 0.203992 0.203991 0.203991 0.203991 0.203992 0.203992 0.203992 0.203994 0.203995 0.203992 0.203992 0.000000 0.000000
0.000000 0.000000 0.197455 0.197455 0.197457 0.197457 0.197455 0.197455 0.197455 0.197454 0.197453 0.197454 0.197455 0.197455 0.197455 0.197457 0.197457 0.197455 0.197455 0.000000 0.000000
0.000000 0.000000 0.191087 0.191087 0.191090 0.191089 0.191087 0.191087 0.191087 0.191086 0.191086 0.191086 0.191087 0.191087 0.191087 0.191089 0.191090 0.191087 0.191087 0.000000 0.000000
0.000000 0.000000 0.184766 0.184765 0.184767 0.184767 0.184765 0.184765 0.184765 0.184764 0.184763 0.184764 0.184765 0.184765 0.184765 0.184767 0.184767 0.184765 0.184765 0.000000 0.000000
0.000000 0.000000 0.300000 0.300000 0.300000 0.300000 0.300000 0.300000 0.300000 0.300000 0.300000 0.300000 0.300000 0.300000 0.300000 0.300000 0.300000 0.300000 0.300000 0.000000 0.000000
0.000000 0.000000 0.000000 0.000000 0.000000 0.000000 0.000000 0.000000 0.000000 0.000000 0.000000 0.000000 0.000000 0.000000 0.000000 0.000000 0.000000 0.000000 0.000000 0.000000 0.000000