geotop/1.0zi/1.0Montebello/Templates/testdem/maps/_Eocsilt011`.asc
ncols         21
nrows         20
xllcorner     100.000000
yllcorner     100.000000
cellsize      50.000000
NODATA_value  -9999.0
0.000000 0.000000 0.000000 0.000000 0.000000 0.000000 0.000000 0.000000 0.000000 0.000000 0.000000 0.000000 0.000000 0.000000 0.000000 0.000000 0.000000 0.000000 0.000000 0.000000 0.000000
0.000000 0.000000 0.350216 0.350216 0.350216 0.350216 0.350215 0.350215 0.350215 0.350215 0.350215 0.350215 0.350215 0.350215 0.350215 0.350215 0.350216 0.350216 0.350216 0.000000 0.000000
0.000000 0.000000 0.350008 0.350008 0.350008 0.350007 0.350009 0.350008 0.350008 0.350009 0.350009 0.350008 0.350009 0.350009 0.350008 0.350007 0.350006 0.350006 0.350007 0.000000 0.000000
0.000000 0.000000 0.350154 0.350152 0.350144 0.350141 0.350140 0.350135 0.350138 0.350139 0.350136 0.350140 0.350141 0.350141 0.350143 0.350146 0.350151 0.350153 0.350154 0.000000 0.000000
0.000000 0.000000 0.351559 0.351566 0.351555 0.351532 0.351522 0.351515 0.351518 0.351516 0.351515 0.351518 0.351523 0.351521 0.351535 0.351544 0.351548 0.351555 0.351558 0.000000 0.000000
0.000000 0.000000 0.355413 0.355408 0.355390 0.355360 0.355326 0.355298 0.355296 0.355292 0.355291 0.355292 0.355297 0.355294 0.355313 0.355338 0.355350 0.355359 0.355366 0.000000 0.000000
0.000000 0.000000 0.360860 0.360849 0.360830 0.360788 0.360744 0.360688 0.360691 0.360688 0.360681 0.360680 0.360678 0.360682 0.360728 0.360761 0.360784 0.360800 0.360807 0.000000 0.000000
0.000000 0.000000 0.367336 0.367323 0.367305 0.367257 0.367209 0.367158 0.367159 0.367154 0.367146 0.367143 0.367142 0.367149 0.367193 0.367232 0.367268 0.367274 0.367288 0.000000 0.000000
0.000000 0.000000 0.374518 0.374498 0.374470 0.374430 0.374376 0.374312 0.374318 0.374307 0.374297 0.374295 0.374298 0.374295 0.374358 0.374404 0.374432 0.374444 0.374457 0.000000 0.000000
0.000000 0.000000 0.382498 0.382472 0.382448 0.382405 0.382345 0.382279 0.382280 0.382273 0.382257 0.382263 0.382270 0.382267 0.382318 0.382378 0.382410 0.382423 0.382428 0.000000 0.000000
0.000000 0.000000 0.391636 0.391615 0.391592 0.391498 0.391470 0.391381 0.391400 0.391358 0.391358 0.391352 0.391337 0.391361 0.391419 0.391457 0.391503 0.391519 0.391557 0.000000 0.000000
0.000000 0.000000 0.402404 0.402357 0.402299 0.402253 0.402203 0.402089 0.402086 0.402085 0.402094 0.402055 0.402075 0.402067 0.402172 0.402233 0.402257 0.402272 0.402349 0.000000 0.000000
0.000000 0.000000 0.414584 0.414542 0.414527 0.414435 0.414374 0.414067 0.414061 0.414044 0.413929 0.413999 0.414003 0.414030 0.414261 0.414311 0.414425 0.414431 0.414444 0.000000 0.000000
0.000000 0.000000 0.429536 0.429519 0.429414 0.429352 0.428922 0.429091 0.428999 0.429004 0.429067 0.429001 0.428992 0.428942 0.428793 0.429262 0.429272 0.429382 0.429445 0.000000 0.000000
0.000000 0.000000 0.445437 0.445392 0.445319 0.444814 0.445047 0.444721 0.444659 0.444629 0.444504 0.444474 0.444528 0.444537 0.444824 0.444598 0.445249 0.445092 0.445063 0.000000 0.000000
0.000000 0.000000 0.457773 0.457751 0.457332 0.457526 0.457450 0.457457 0.457636 0.457588 0.457680 0.457664 0.457587 0.457683 0.457635 0.457706 0.457262 0.457889 0.457879 0.000000 0.000000
0.000000 0.000000 0.466568 0.466397 0.466331 0.466309 0.466200 0.466183 0.466176 0.466176 0.466144 0.466146 0.466158 0.466151 0.466177 0.466264 0.466301 0.466358 0.466531 0.000000 0.000000
0.000000 0.000000 0.472068 0.471857 0.471919 0.471829 0.471709 0.471658 0.471602 0.471610 0.471552 0.471557 0.471593 0.471558 0.471628 0.471719 0.471900 0.471764 0.471980 0.000000 0.000000
0.000000 0.000000 0.350000 0.350000 0.350000 0.350000 0.350000 0.350000 0.350000 0.350000 0.350000 0.350000 0.350000 0.350000 0.350000 0.350000 0.350000 0.350000 0.350000 0.000000 0.000000
0.000000 0.000000 0.000000 0.000000 0.000000 0.000000 0.000000 0.000000 0.000000 0.000000 0.000000 0.000000 0.000000 0.000000 0.000000 0.000000 0.000000 0.000000 0.000000 0.000000 0.000000