geotop/1.0zi/1.0Montebello/Templates/testdem/maps/_Eocsilt3178.asc
ncols         21
nrows         20
xllcorner     100.000000
yllcorner     100.000000
cellsize      50.000000
NODATA_value  -9999.0
0.000000 0.000000 0.000000 0.000000 0.000000 0.000000 0.000000 0.000000 0.000000 0.000000 0.000000 0.000000 0.000000 0.000000 0.000000 0.000000 0.000000 0.000000 0.000000 0.000000 0.000000
0.000000 0.000000 0.350087 0.350087 0.350087 0.350087 0.350087 0.350087 0.350087 0.350087 0.350086 0.350087 0.350087 0.350087 0.350087 0.350087 0.350087 0.350087 0.350087 0.000000 0.000000
0.000000 0.000000 0.349994 0.349994 0.349994 0.349994 0.349994 0.349994 0.349994 0.349994 0.349995 0.349994 0.349994 0.349994 0.349994 0.349994 0.349994 0.349994 0.349994 0.000000 0.000000
0.000000 0.000000 0.351305 0.351305 0.351302 0.351303 0.351306 0.351305 0.351305 0.351305 0.351306 0.351305 0.351305 0.351305 0.351306 0.351303 0.351302 0.351305 0.351305 0.000000 0.000000
0.000000 0.000000 0.355898 0.355898 0.355896 0.355896 0.355898 0.355898 0.355898 0.355899 0.355899 0.355899 0.355898 0.355898 0.355898 0.355896 0.355896 0.355898 0.355898 0.000000 0.000000
0.000000 0.000000 0.361465 0.361464 0.361462 0.361462 0.361465 0.361464 0.361464 0.361465 0.361466 0.361465 0.361464 0.361464 0.361465 0.361462 0.361462 0.361464 0.361465 0.000000 0.000000
0.000000 0.000000 0.366498 0.366498 0.366496 0.366497 0.366498 0.366498 0.366498 0.366499 0.366499 0.366499 0.366498 0.366498 0.366498 0.366497 0.366496 0.366498 0.366498 0.000000 0.000000
0.000000 0.000000 0.371049 0.371048 0.371047 0.371047 0.371049 0.371048 0.371048 0.371049 0.371050 0.371049 0.371048 0.371048 0.371049 0.371047 0.371047 0.371048 0.371049 0.000000 0.000000
0.000000 0.000000 0.375251 0.375251 0.375250 0.375250 0.375251 0.375251 0.375251 0.375252 0.375252 0.375252 0.375251 0.375251 0.375251 0.375250 0.375250 0.375251 0.375251 0.000000 0.000000
0.000000 0.000000 0.379207 0.379207 0.379205 0.379206 0.379207 0.379207 0.379207 0.379207 0.379208 0.379207 0.379207 0.379207 0.379207 0.379206 0.379205 0.379207 0.379207 0.000000 0.000000
0.000000 0.000000 0.382965 0.382965 0.382964 0.382964 0.382965 0.382965 0.382965 0.382965 0.382966 0.382965 0.382965 0.382965 0.382965 0.382964 0.382964 0.382965 0.382965 0.000000 0.000000
0.000000 0.000000 0.386562 0.386561 0.386560 0.386560 0.386562 0.386561 0.386561 0.386562 0.386562 0.386562 0.386561 0.386561 0.386562 0.386560 0.386560 0.386561 0.386562 0.000000 0.000000
0.000000 0.000000 0.390022 0.390022 0.390021 0.390021 0.390022 0.390022 0.390022 0.390022 0.390023 0.390022 0.390022 0.390022 0.390022 0.390021 0.390021 0.390022 0.390022 0.000000 0.000000
0.000000 0.000000 0.393377 0.393377 0.393376 0.393376 0.393377 0.393377 0.393377 0.393377 0.393378 0.393377 0.393377 0.393377 0.393377 0.393376 0.393376 0.393377 0.393377 0.000000 0.000000
0.000000 0.000000 0.396633 0.396633 0.396632 0.396632 0.396633 0.396633 0.396633 0.396633 0.396634 0.396633 0.396633 0.396633 0.396633 0.396632 0.396632 0.396633 0.396633 0.000000 0.000000
0.000000 0.000000 0.399797 0.399796 0.399795 0.399796 0.399797 0.399796 0.399796 0.399797 0.399797 0.399797 0.399796 0.399796 0.399797 0.399796 0.399795 0.399796 0.399797 0.000000 0.000000
0.000000 0.000000 0.402877 0.402877 0.402876 0.402877 0.402878 0.402877 0.402877 0.402878 0.402878 0.402878 0.402877 0.402877 0.402878 0.402877 0.402876 0.402877 0.402877 0.000000 0.000000
0.000000 0.000000 0.405940 0.405941 0.405939 0.405940 0.405941 0.405940 0.405941 0.405941 0.405941 0.405941 0.405941 0.405940 0.405941 0.405940 0.405939 0.405941 0.405941 0.000000 0.000000
0.000000 0.000000 0.350000 0.350000 0.350000 0.350000 0.350000 0.350000 0.350000 0.350000 0.350000 0.350000 0.350000 0.350000 0.350000 0.350000 0.350000 0.350000 0.350000 0.000000 0.000000
0.000000 0.000000 0.000000 0.000000 0.000000 0.000000 0.000000 0.000000 0.000000 0.000000 0.000000 0.000000 0.000000 0.000000 0.000000 0.000000 0.000000 0.000000 0.000000 0.000000 0.000000