geotop/1.0zi/1.0Montebello/Templates/testdem/maps/_Eocclay0993.asc
ncols         21
nrows         20
xllcorner     100.000000
yllcorner     100.000000
cellsize      50.000000
NODATA_value  -9999.0
0.000000 0.000000 0.000000 0.000000 0.000000 0.000000 0.000000 0.000000 0.000000 0.000000 0.000000 0.000000 0.000000 0.000000 0.000000 0.000000 0.000000 0.000000 0.000000 0.000000 0.000000
0.000000 0.000000 0.349949 0.349949 0.349949 0.349949 0.349949 0.349949 0.349949 0.349949 0.349949 0.349949 0.349949 0.349949 0.349949 0.349949 0.349949 0.349949 0.349949 0.000000 0.000000
0.000000 0.000000 0.349995 0.349995 0.349994 0.349995 0.349995 0.349995 0.349995 0.349995 0.349995 0.349995 0.349995 0.349995 0.349995 0.349995 0.349994 0.349995 0.349995 0.000000 0.000000
0.000000 0.000000 0.350442 0.350442 0.350440 0.350440 0.350442 0.350442 0.350442 0.350442 0.350442 0.350442 0.350442 0.350442 0.350442 0.350440 0.350440 0.350442 0.350442 0.000000 0.000000
0.000000 0.000000 0.352051 0.352050 0.352048 0.352047 0.352051 0.352051 0.352050 0.352051 0.352051 0.352051 0.352050 0.352051 0.352051 0.352047 0.352048 0.352050 0.352051 0.000000 0.000000
0.000000 0.000000 0.353772 0.353771 0.353769 0.353769 0.353772 0.353771 0.353771 0.353772 0.353772 0.353772 0.353771 0.353771 0.353772 0.353769 0.353769 0.353771 0.353772 0.000000 0.000000
0.000000 0.000000 0.355400 0.355399 0.355398 0.355398 0.355400 0.355400 0.355400 0.355400 0.355400 0.355400 0.355400 0.355400 0.355400 0.355398 0.355398 0.355399 0.355400 0.000000 0.000000
0.000000 0.000000 0.356898 0.356898 0.356896 0.356896 0.356898 0.356898 0.356898 0.356898 0.356898 0.356898 0.356898 0.356898 0.356898 0.356896 0.356896 0.356898 0.356898 0.000000 0.000000
0.000000 0.000000 0.358301 0.358300 0.358299 0.358299 0.358301 0.358301 0.358301 0.358301 0.358301 0.358301 0.358301 0.358301 0.358301 0.358299 0.358299 0.358300 0.358301 0.000000 0.000000
0.000000 0.000000 0.359645 0.359645 0.359644 0.359644 0.359645 0.359645 0.359645 0.359645 0.359645 0.359645 0.359645 0.359645 0.359645 0.359644 0.359644 0.359645 0.359645 0.000000 0.000000
0.000000 0.000000 0.360945 0.360945 0.360944 0.360944 0.360945 0.360945 0.360945 0.360945 0.360945 0.360945 0.360945 0.360945 0.360945 0.360944 0.360944 0.360945 0.360945 0.000000 0.000000
0.000000 0.000000 0.362215 0.362215 0.362213 0.362214 0.362215 0.362215 0.362215 0.362215 0.362215 0.362215 0.362215 0.362215 0.362215 0.362214 0.362213 0.362215 0.362215 0.000000 0.000000
0.000000 0.000000 0.363464 0.363464 0.363463 0.363463 0.363464 0.363464 0.363464 0.363464 0.363464 0.363464 0.363464 0.363464 0.363464 0.363463 0.363463 0.363464 0.363464 0.000000 0.000000
0.000000 0.000000 0.364693 0.364693 0.364691 0.364692 0.364693 0.364693 0.364693 0.364693 0.364693 0.364693 0.364693 0.364693 0.364693 0.364692 0.364691 0.364693 0.364693 0.000000 0.000000
0.000000 0.000000 0.365908 0.365908 0.365906 0.365907 0.365908 0.365908 0.365908 0.365908 0.365908 0.365908 0.365908 0.365908 0.365908 0.365907 0.365906 0.365908 0.365908 0.000000 0.000000
0.000000 0.000000 0.367115 0.367114 0.367113 0.367113 0.367115 0.367115 0.367115 0.367115 0.367115 0.367115 0.367115 0.367115 0.367115 0.367113 0.367113 0.367114 0.367115 0.000000 0.000000
0.000000 0.000000 0.368309 0.368308 0.368307 0.368307 0.368308 0.368308 0.368308 0.368309 0.368309 0.368309 0.368308 0.368308 0.368308 0.368307 0.368307 0.368308 0.368309 0.000000 0.000000
0.000000 0.000000 0.369531 0.369531 0.369530 0.369530 0.369531 0.369531 0.369531 0.369531 0.369531 0.369531 0.369531 0.369531 0.369531 0.369530 0.369530 0.369531 0.369531 0.000000 0.000000
0.000000 0.000000 0.350000 0.350000 0.350000 0.350000 0.350000 0.350000 0.350000 0.350000 0.350000 0.350000 0.350000 0.350000 0.350000 0.350000 0.350000 0.350000 0.350000 0.000000 0.000000
0.000000 0.000000 0.000000 0.000000 0.000000 0.000000 0.000000 0.000000 0.000000 0.000000 0.000000 0.000000 0.000000 0.000000 0.000000 0.000000 0.000000 0.000000 0.000000 0.000000 0.000000