geotop/1.0zi/1.0Montebello/Templates/testdem/maps/_Eocclay1177.asc
ncols         21
nrows         20
xllcorner     100.000000
yllcorner     100.000000
cellsize      50.000000
NODATA_value  -9999.0
0.000000 0.000000 0.000000 0.000000 0.000000 0.000000 0.000000 0.000000 0.000000 0.000000 0.000000 0.000000 0.000000 0.000000 0.000000 0.000000 0.000000 0.000000 0.000000 0.000000 0.000000
0.000000 0.000000 0.349939 0.349939 0.349940 0.349939 0.349939 0.349939 0.349939 0.349939 0.349939 0.349939 0.349939 0.349939 0.349939 0.349939 0.349940 0.349939 0.349939 0.000000 0.000000
0.000000 0.000000 0.349995 0.349995 0.349994 0.349995 0.349995 0.349995 0.349995 0.349995 0.349995 0.349995 0.349995 0.349995 0.349995 0.349995 0.349994 0.349995 0.349995 0.000000 0.000000
0.000000 0.000000 0.350449 0.350449 0.350447 0.350448 0.350449 0.350449 0.350449 0.350449 0.350449 0.350449 0.350449 0.350449 0.350449 0.350448 0.350447 0.350449 0.350449 0.000000 0.000000
0.000000 0.000000 0.352204 0.352203 0.352200 0.352200 0.352204 0.352203 0.352203 0.352204 0.352204 0.352204 0.352203 0.352203 0.352204 0.352200 0.352200 0.352203 0.352204 0.000000 0.000000
0.000000 0.000000 0.354174 0.354173 0.354171 0.354171 0.354174 0.354173 0.354173 0.354174 0.354174 0.354174 0.354173 0.354173 0.354174 0.354171 0.354171 0.354173 0.354174 0.000000 0.000000
0.000000 0.000000 0.356054 0.356053 0.356052 0.356052 0.356054 0.356053 0.356053 0.356054 0.356054 0.356054 0.356053 0.356053 0.356054 0.356052 0.356052 0.356053 0.356054 0.000000 0.000000
0.000000 0.000000 0.357790 0.357790 0.357788 0.357788 0.357790 0.357790 0.357790 0.357790 0.357790 0.357790 0.357790 0.357790 0.357790 0.357788 0.357788 0.357790 0.357790 0.000000 0.000000
0.000000 0.000000 0.359419 0.359418 0.359417 0.359417 0.359419 0.359419 0.359419 0.359419 0.359419 0.359419 0.359419 0.359419 0.359419 0.359417 0.359417 0.359418 0.359419 0.000000 0.000000
0.000000 0.000000 0.360981 0.360980 0.360979 0.360979 0.360981 0.360980 0.360980 0.360981 0.360981 0.360981 0.360980 0.360980 0.360981 0.360979 0.360979 0.360980 0.360981 0.000000 0.000000
0.000000 0.000000 0.362492 0.362491 0.362490 0.362490 0.362492 0.362491 0.362491 0.362492 0.362492 0.362492 0.362491 0.362491 0.362492 0.362490 0.362490 0.362491 0.362492 0.000000 0.000000
0.000000 0.000000 0.363968 0.363968 0.363966 0.363967 0.363968 0.363968 0.363968 0.363968 0.363968 0.363968 0.363968 0.363968 0.363968 0.363967 0.363966 0.363968 0.363968 0.000000 0.000000
0.000000 0.000000 0.365420 0.365420 0.365418 0.365419 0.365420 0.365420 0.365420 0.365420 0.365420 0.365420 0.365420 0.365420 0.365420 0.365419 0.365418 0.365420 0.365420 0.000000 0.000000
0.000000 0.000000 0.366846 0.366846 0.366845 0.366845 0.366846 0.366846 0.366846 0.366847 0.366847 0.366847 0.366846 0.366846 0.366846 0.366845 0.366845 0.366846 0.366846 0.000000 0.000000
0.000000 0.000000 0.368257 0.368257 0.368255 0.368256 0.368257 0.368257 0.368257 0.368257 0.368257 0.368257 0.368257 0.368257 0.368257 0.368256 0.368255 0.368257 0.368257 0.000000 0.000000
0.000000 0.000000 0.369658 0.369657 0.369656 0.369657 0.369658 0.369658 0.369658 0.369658 0.369658 0.369658 0.369658 0.369658 0.369658 0.369657 0.369656 0.369657 0.369658 0.000000 0.000000
0.000000 0.000000 0.371043 0.371043 0.371042 0.371042 0.371043 0.371043 0.371043 0.371043 0.371043 0.371043 0.371043 0.371043 0.371043 0.371042 0.371042 0.371043 0.371043 0.000000 0.000000
0.000000 0.000000 0.372451 0.372451 0.372450 0.372450 0.372452 0.372451 0.372451 0.372452 0.372452 0.372452 0.372451 0.372451 0.372452 0.372450 0.372450 0.372451 0.372452 0.000000 0.000000
0.000000 0.000000 0.350000 0.350000 0.350000 0.350000 0.350000 0.350000 0.350000 0.350000 0.350000 0.350000 0.350000 0.350000 0.350000 0.350000 0.350000 0.350000 0.350000 0.000000 0.000000
0.000000 0.000000 0.000000 0.000000 0.000000 0.000000 0.000000 0.000000 0.000000 0.000000 0.000000 0.000000 0.000000 0.000000 0.000000 0.000000 0.000000 0.000000 0.000000 0.000000 0.000000