geotop/1.0zi/1.0Montebello/Templates/testdem/maps/_Eocsilt6567.asc
ncols         21
nrows         20
xllcorner     100.000000
yllcorner     100.000000
cellsize      50.000000
NODATA_value  -9999.0
0.000000 0.000000 0.000000 0.000000 0.000000 0.000000 0.000000 0.000000 0.000000 0.000000 0.000000 0.000000 0.000000 0.000000 0.000000 0.000000 0.000000 0.000000 0.000000 0.000000 0.000000
0.000000 0.000000 0.350132 0.350132 0.350132 0.350133 0.350132 0.350132 0.350132 0.350132 0.350133 0.350132 0.350132 0.350132 0.350132 0.350132 0.350133 0.350133 0.350132 0.000000 0.000000
0.000000 0.000000 0.350003 0.350002 0.350002 0.350003 0.350003 0.350003 0.350003 0.350003 0.350003 0.350003 0.350004 0.350004 0.350003 0.350002 0.350001 0.350001 0.350002 0.000000 0.000000
0.000000 0.000000 0.350054 0.350051 0.350050 0.350044 0.350045 0.350043 0.350045 0.350046 0.350044 0.350044 0.350044 0.350044 0.350047 0.350050 0.350052 0.350053 0.350053 0.000000 0.000000
0.000000 0.000000 0.350628 0.350634 0.350631 0.350624 0.350620 0.350614 0.350613 0.350611 0.350610 0.350612 0.350614 0.350614 0.350620 0.350624 0.350624 0.350632 0.350636 0.000000 0.000000
0.000000 0.000000 0.352384 0.352387 0.352380 0.352367 0.352353 0.352336 0.352335 0.352330 0.352333 0.352335 0.352336 0.352333 0.352340 0.352348 0.352358 0.352363 0.352369 0.000000 0.000000
0.000000 0.000000 0.355072 0.355070 0.355062 0.355041 0.355016 0.354990 0.354991 0.354989 0.354990 0.354988 0.354986 0.354989 0.355008 0.355029 0.355043 0.355055 0.355063 0.000000 0.000000
0.000000 0.000000 0.358349 0.358349 0.358346 0.358325 0.358301 0.358272 0.358273 0.358270 0.358268 0.358266 0.358265 0.358269 0.358291 0.358313 0.358334 0.358338 0.358349 0.000000 0.000000
0.000000 0.000000 0.361802 0.361797 0.361787 0.361773 0.361748 0.361716 0.361717 0.361711 0.361708 0.361707 0.361708 0.361706 0.361736 0.361762 0.361779 0.361786 0.361796 0.000000 0.000000
0.000000 0.000000 0.365320 0.365315 0.365310 0.365298 0.365264 0.365236 0.365237 0.365234 0.365228 0.365230 0.365235 0.365232 0.365255 0.365285 0.365303 0.365307 0.365314 0.000000 0.000000
0.000000 0.000000 0.368977 0.368974 0.368970 0.368943 0.368920 0.368889 0.368896 0.368879 0.368880 0.368878 0.368875 0.368884 0.368903 0.368922 0.368943 0.368954 0.368969 0.000000 0.000000
0.000000 0.000000 0.372874 0.372867 0.372855 0.372836 0.372814 0.372774 0.372775 0.372768 0.372775 0.372763 0.372767 0.372770 0.372805 0.372824 0.372840 0.372847 0.372884 0.000000 0.000000
0.000000 0.000000 0.376929 0.376921 0.376915 0.376893 0.376872 0.376788 0.376787 0.376780 0.376760 0.376768 0.376775 0.376782 0.376844 0.376864 0.376897 0.376900 0.376926 0.000000 0.000000
0.000000 0.000000 0.381410 0.381407 0.381392 0.381376 0.381287 0.381271 0.381251 0.381251 0.381247 0.381245 0.381246 0.381243 0.381247 0.381340 0.381367 0.381391 0.381418 0.000000 0.000000
0.000000 0.000000 0.386438 0.386433 0.386411 0.386312 0.386288 0.386238 0.386207 0.386202 0.386183 0.386168 0.386181 0.386175 0.386217 0.386251 0.386389 0.386377 0.386391 0.000000 0.000000
0.000000 0.000000 0.391840 0.391834 0.391700 0.391689 0.391682 0.391651 0.391685 0.391667 0.391683 0.391666 0.391651 0.391681 0.391696 0.391707 0.391680 0.391854 0.391857 0.000000 0.000000
0.000000 0.000000 0.398205 0.398016 0.397977 0.397919 0.397824 0.397787 0.397763 0.397766 0.397719 0.397714 0.397738 0.397723 0.397769 0.397841 0.397961 0.397967 0.398162 0.000000 0.000000
0.000000 0.000000 0.402440 0.402497 0.402673 0.402634 0.402584 0.402411 0.402411 0.402371 0.402408 0.402394 0.402403 0.402411 0.402566 0.402604 0.402698 0.402525 0.402480 0.000000 0.000000
0.000000 0.000000 0.350000 0.350000 0.350000 0.350000 0.350000 0.350000 0.350000 0.350000 0.350000 0.350000 0.350000 0.350000 0.350000 0.350000 0.350000 0.350000 0.350000 0.000000 0.000000
0.000000 0.000000 0.000000 0.000000 0.000000 0.000000 0.000000 0.000000 0.000000 0.000000 0.000000 0.000000 0.000000 0.000000 0.000000 0.000000 0.000000 0.000000 0.000000 0.000000 0.000000