geotop/1.0zi/1.0Montebello/Templates/testdem/maps/_Eocclay5499.asc
ncols         21
nrows         20
xllcorner     100.000000
yllcorner     100.000000
cellsize      50.000000
NODATA_value  -9999.0
0.000000 0.000000 0.000000 0.000000 0.000000 0.000000 0.000000 0.000000 0.000000 0.000000 0.000000 0.000000 0.000000 0.000000 0.000000 0.000000 0.000000 0.000000 0.000000 0.000000 0.000000
0.000000 0.000000 0.349751 0.349751 0.349752 0.349752 0.349752 0.349752 0.349752 0.349752 0.349752 0.349752 0.349752 0.349751 0.349752 0.349752 0.349751 0.349751 0.349751 0.000000 0.000000
0.000000 0.000000 0.349990 0.349990 0.349990 0.349990 0.349989 0.349989 0.349990 0.349989 0.349989 0.349989 0.349990 0.349990 0.349990 0.349990 0.349990 0.349990 0.349990 0.000000 0.000000
0.000000 0.000000 0.349991 0.349993 0.349990 0.349991 0.349993 0.349993 0.349993 0.349992 0.349993 0.349992 0.349992 0.349991 0.349993 0.349995 0.349993 0.349993 0.349992 0.000000 0.000000
0.000000 0.000000 0.350436 0.350436 0.350436 0.350431 0.350420 0.350417 0.350418 0.350419 0.350418 0.350419 0.350414 0.350415 0.350419 0.350418 0.350423 0.350425 0.350428 0.000000 0.000000
0.000000 0.000000 0.351950 0.351952 0.351946 0.351928 0.351922 0.351906 0.351906 0.351902 0.351905 0.351905 0.351908 0.351909 0.351911 0.351922 0.351928 0.351940 0.351944 0.000000 0.000000
0.000000 0.000000 0.354173 0.354171 0.354169 0.354153 0.354134 0.354108 0.354108 0.354104 0.354106 0.354108 0.354108 0.354106 0.354124 0.354144 0.354153 0.354161 0.354168 0.000000 0.000000
0.000000 0.000000 0.356882 0.356882 0.356881 0.356862 0.356842 0.356815 0.356815 0.356812 0.356813 0.356813 0.356811 0.356815 0.356835 0.356851 0.356865 0.356870 0.356879 0.000000 0.000000
0.000000 0.000000 0.359617 0.359614 0.359609 0.359599 0.359580 0.359552 0.359554 0.359549 0.359547 0.359549 0.359548 0.359546 0.359569 0.359588 0.359601 0.359604 0.359612 0.000000 0.000000
0.000000 0.000000 0.362378 0.362372 0.362372 0.362364 0.362336 0.362311 0.362314 0.362310 0.362307 0.362311 0.362314 0.362310 0.362330 0.362352 0.362365 0.362367 0.362373 0.000000 0.000000
0.000000 0.000000 0.365235 0.365232 0.365232 0.365213 0.365194 0.365166 0.365172 0.365159 0.365160 0.365161 0.365158 0.365164 0.365179 0.365193 0.365207 0.365216 0.365228 0.000000 0.000000
0.000000 0.000000 0.368218 0.368212 0.368206 0.368192 0.368175 0.368143 0.368145 0.368137 0.368145 0.368137 0.368138 0.368140 0.368167 0.368180 0.368190 0.368195 0.368226 0.000000 0.000000
0.000000 0.000000 0.371274 0.371268 0.371266 0.371251 0.371236 0.371171 0.371172 0.371166 0.371153 0.371161 0.371165 0.371169 0.371215 0.371227 0.371250 0.371252 0.371275 0.000000 0.000000
0.000000 0.000000 0.374575 0.374571 0.374564 0.374554 0.374493 0.374476 0.374462 0.374461 0.374456 0.374459 0.374459 0.374456 0.374463 0.374523 0.374543 0.374559 0.374581 0.000000 0.000000
0.000000 0.000000 0.378196 0.378191 0.378179 0.378117 0.378096 0.378059 0.378033 0.378030 0.378017 0.378012 0.378019 0.378012 0.378038 0.378069 0.378159 0.378152 0.378166 0.000000 0.000000
0.000000 0.000000 0.382007 0.382003 0.381923 0.381907 0.381903 0.381878 0.381894 0.381884 0.381890 0.381881 0.381871 0.381886 0.381899 0.381907 0.381905 0.382008 0.382011 0.000000 0.000000
0.000000 0.000000 0.386340 0.386232 0.386192 0.386160 0.386108 0.386081 0.386074 0.386072 0.386048 0.386045 0.386054 0.386050 0.386078 0.386116 0.386177 0.386207 0.386315 0.000000 0.000000
0.000000 0.000000 0.389549 0.389548 0.389644 0.389616 0.389573 0.389470 0.389468 0.389445 0.389458 0.389453 0.389459 0.389460 0.389553 0.389583 0.389653 0.389555 0.389563 0.000000 0.000000
0.000000 0.000000 0.350000 0.350000 0.350000 0.350000 0.350000 0.350000 0.350000 0.350000 0.350000 0.350000 0.350000 0.350000 0.350000 0.350000 0.350000 0.350000 0.350000 0.000000 0.000000
0.000000 0.000000 0.000000 0.000000 0.000000 0.000000 0.000000 0.000000 0.000000 0.000000 0.000000 0.000000 0.000000 0.000000 0.000000 0.000000 0.000000 0.000000 0.000000 0.000000 0.000000