geotop/1.0zi/1.0Montebello/Templates/testdem/maps/_Eocclay3639.asc
ncols         21
nrows         20
xllcorner     100.000000
yllcorner     100.000000
cellsize      50.000000
NODATA_value  -9999.0
0.000000 0.000000 0.000000 0.000000 0.000000 0.000000 0.000000 0.000000 0.000000 0.000000 0.000000 0.000000 0.000000 0.000000 0.000000 0.000000 0.000000 0.000000 0.000000 0.000000 0.000000
0.000000 0.000000 0.349806 0.349806 0.349806 0.349806 0.349806 0.349806 0.349806 0.349806 0.349805 0.349806 0.349806 0.349806 0.349806 0.349806 0.349806 0.349806 0.349806 0.000000 0.000000
0.000000 0.000000 0.349996 0.349996 0.349995 0.349996 0.349996 0.349996 0.349996 0.349996 0.349996 0.349996 0.349996 0.349996 0.349996 0.349996 0.349995 0.349996 0.349996 0.000000 0.000000
0.000000 0.000000 0.351304 0.351303 0.351301 0.351302 0.351303 0.351303 0.351303 0.351303 0.351303 0.351303 0.351303 0.351303 0.351303 0.351302 0.351301 0.351303 0.351304 0.000000 0.000000
0.000000 0.000000 0.356809 0.356808 0.356806 0.356806 0.356810 0.356808 0.356808 0.356809 0.356809 0.356809 0.356808 0.356808 0.356810 0.356806 0.356806 0.356808 0.356809 0.000000 0.000000
0.000000 0.000000 0.362959 0.362957 0.362956 0.362956 0.362958 0.362958 0.362957 0.362958 0.362958 0.362958 0.362957 0.362958 0.362958 0.362956 0.362956 0.362957 0.362959 0.000000 0.000000
0.000000 0.000000 0.368722 0.368721 0.368720 0.368720 0.368722 0.368721 0.368721 0.368721 0.368722 0.368721 0.368721 0.368721 0.368722 0.368720 0.368720 0.368721 0.368722 0.000000 0.000000
0.000000 0.000000 0.373959 0.373958 0.373957 0.373957 0.373959 0.373958 0.373958 0.373958 0.373959 0.373958 0.373958 0.373958 0.373959 0.373957 0.373957 0.373958 0.373959 0.000000 0.000000
0.000000 0.000000 0.378789 0.378789 0.378787 0.378788 0.378789 0.378789 0.378788 0.378789 0.378789 0.378789 0.378788 0.378789 0.378789 0.378788 0.378787 0.378789 0.378789 0.000000 0.000000
0.000000 0.000000 0.383326 0.383325 0.383324 0.383325 0.383326 0.383325 0.383325 0.383325 0.383326 0.383325 0.383325 0.383325 0.383326 0.383325 0.383324 0.383325 0.383326 0.000000 0.000000
0.000000 0.000000 0.387628 0.387627 0.387626 0.387627 0.387628 0.387627 0.387627 0.387627 0.387628 0.387627 0.387627 0.387627 0.387628 0.387627 0.387626 0.387627 0.387628 0.000000 0.000000
0.000000 0.000000 0.391738 0.391737 0.391736 0.391737 0.391738 0.391737 0.391737 0.391737 0.391738 0.391737 0.391737 0.391737 0.391738 0.391737 0.391736 0.391737 0.391738 0.000000 0.000000
0.000000 0.000000 0.395686 0.395686 0.395685 0.395685 0.395686 0.395686 0.395686 0.395686 0.395686 0.395686 0.395686 0.395686 0.395686 0.395685 0.395685 0.395686 0.395686 0.000000 0.000000
0.000000 0.000000 0.399503 0.399502 0.399501 0.399502 0.399503 0.399502 0.399502 0.399502 0.399503 0.399502 0.399502 0.399502 0.399503 0.399502 0.399501 0.399502 0.399503 0.000000 0.000000
0.000000 0.000000 0.403199 0.403199 0.403198 0.403198 0.403199 0.403199 0.403198 0.403199 0.403199 0.403199 0.403198 0.403199 0.403199 0.403198 0.403198 0.403199 0.403199 0.000000 0.000000
0.000000 0.000000 0.406780 0.406780 0.406779 0.406779 0.406780 0.406780 0.406780 0.406780 0.406780 0.406780 0.406780 0.406780 0.406780 0.406779 0.406779 0.406780 0.406780 0.000000 0.000000
0.000000 0.000000 0.410258 0.410258 0.410257 0.410257 0.410258 0.410258 0.410257 0.410258 0.410258 0.410258 0.410257 0.410258 0.410258 0.410257 0.410257 0.410258 0.410258 0.000000 0.000000
0.000000 0.000000 0.413682 0.413682 0.413681 0.413681 0.413682 0.413682 0.413681 0.413682 0.413682 0.413682 0.413681 0.413682 0.413682 0.413681 0.413681 0.413682 0.413682 0.000000 0.000000
0.000000 0.000000 0.350000 0.350000 0.350000 0.350000 0.350000 0.350000 0.350000 0.350000 0.350000 0.350000 0.350000 0.350000 0.350000 0.350000 0.350000 0.350000 0.350000 0.000000 0.000000
0.000000 0.000000 0.000000 0.000000 0.000000 0.000000 0.000000 0.000000 0.000000 0.000000 0.000000 0.000000 0.000000 0.000000 0.000000 0.000000 0.000000 0.000000 0.000000 0.000000 0.000000