geotop/1.0zi/1.0Montebello/Templates/testdem/maps/_Eocsand6900.asc
ncols         21
nrows         20
xllcorner     100.000000
yllcorner     100.000000
cellsize      50.000000
NODATA_value  -9999.0
0.000000 0.000000 0.000000 0.000000 0.000000 0.000000 0.000000 0.000000 0.000000 0.000000 0.000000 0.000000 0.000000 0.000000 0.000000 0.000000 0.000000 0.000000 0.000000 0.000000 0.000000
0.000000 0.000000 0.300171 0.300169 0.300169 0.300169 0.300168 0.300168 0.300168 0.300169 0.300170 0.300169 0.300169 0.300169 0.300169 0.300169 0.300170 0.300170 0.300170 0.000000 0.000000
0.000000 0.000000 0.300009 0.300010 0.300010 0.300009 0.300010 0.300010 0.300010 0.300010 0.300010 0.300010 0.300009 0.300010 0.300010 0.300010 0.300010 0.300011 0.300012 0.000000 0.000000
0.000000 0.000000 0.299963 0.299962 0.299966 0.299971 0.299969 0.299971 0.299967 0.299970 0.299967 0.299970 0.299970 0.299970 0.299969 0.299964 0.299963 0.299960 0.299960 0.000000 0.000000
0.000000 0.000000 0.298610 0.298606 0.298613 0.298623 0.298640 0.298649 0.298651 0.298651 0.298653 0.298650 0.298653 0.298650 0.298632 0.298628 0.298624 0.298616 0.298604 0.000000 0.000000
0.000000 0.000000 0.294528 0.294527 0.294545 0.294583 0.294607 0.294646 0.294645 0.294656 0.294648 0.294646 0.294643 0.294645 0.294629 0.294603 0.294583 0.294565 0.294553 0.000000 0.000000
0.000000 0.000000 0.288531 0.288537 0.288553 0.288595 0.288646 0.288704 0.288703 0.288712 0.288708 0.288707 0.288710 0.288706 0.288659 0.288611 0.288585 0.288563 0.288547 0.000000 0.000000
0.000000 0.000000 0.281342 0.281344 0.281355 0.281402 0.281451 0.281515 0.281515 0.281522 0.281522 0.281525 0.281529 0.281518 0.281466 0.281420 0.281379 0.281369 0.281345 0.000000 0.000000
0.000000 0.000000 0.273813 0.273825 0.273848 0.273877 0.273928 0.273996 0.273992 0.274007 0.274011 0.274012 0.274011 0.274014 0.273949 0.273892 0.273861 0.273847 0.273827 0.000000 0.000000
0.000000 0.000000 0.266071 0.266085 0.266097 0.266123 0.266195 0.266256 0.266254 0.266263 0.266272 0.266265 0.266255 0.266262 0.266207 0.266144 0.266108 0.266099 0.266083 0.000000 0.000000
0.000000 0.000000 0.257917 0.257926 0.257938 0.257995 0.258043 0.258113 0.258098 0.258135 0.258131 0.258129 0.258141 0.258119 0.258074 0.258033 0.257989 0.257967 0.257933 0.000000 0.000000
0.000000 0.000000 0.249163 0.249185 0.249210 0.249250 0.249299 0.249385 0.249385 0.249402 0.249380 0.249405 0.249400 0.249394 0.249311 0.249269 0.249238 0.249224 0.249141 0.000000 0.000000
0.000000 0.000000 0.239978 0.240001 0.240014 0.240060 0.240105 0.240299 0.240301 0.240316 0.240360 0.240337 0.240324 0.240307 0.240161 0.240117 0.240045 0.240039 0.239986 0.000000 0.000000
0.000000 0.000000 0.229703 0.229713 0.229749 0.229785 0.229995 0.230022 0.230067 0.230069 0.230070 0.230071 0.230075 0.230083 0.230076 0.229852 0.229801 0.229745 0.229685 0.000000 0.000000
0.000000 0.000000 0.218057 0.218074 0.218124 0.218366 0.218404 0.218523 0.218597 0.218611 0.218650 0.218680 0.218653 0.218666 0.218558 0.218493 0.218165 0.218201 0.218173 0.000000 0.000000
0.000000 0.000000 0.205443 0.205462 0.205799 0.205800 0.205814 0.205878 0.205782 0.205826 0.205778 0.205812 0.205855 0.205779 0.205745 0.205721 0.205834 0.205392 0.205388 0.000000 0.000000
0.000000 0.000000 0.190299 0.190797 0.190854 0.191002 0.191247 0.191335 0.191412 0.191402 0.191522 0.191521 0.191460 0.191507 0.191383 0.191195 0.190878 0.190929 0.190417 0.000000 0.000000
0.000000 0.000000 0.180991 0.180765 0.180291 0.180370 0.180459 0.180906 0.180892 0.181003 0.180875 0.180908 0.180899 0.180869 0.180470 0.180396 0.180210 0.180664 0.180865 0.000000 0.000000
0.000000 0.000000 0.300000 0.300000 0.300000 0.300000 0.300000 0.300000 0.300000 0.300000 0.300000 0.300000 0.300000 0.300000 0.300000 0.300000 0.300000 0.300000 0.300000 0.000000 0.000000
0.000000 0.000000 0.000000 0.000000 0.000000 0.000000 0.000000 0.000000 0.000000 0.000000 0.000000 0.000000 0.000000 0.000000 0.000000 0.000000 0.000000 0.000000 0.000000 0.000000 0.000000