geotop/1.0zi/1.0Montebello/Templates/testdem/maps/_Eocsand4080.asc
ncols         21
nrows         20
xllcorner     100.000000
yllcorner     100.000000
cellsize      50.000000
NODATA_value  -9999.0
0.000000 0.000000 0.000000 0.000000 0.000000 0.000000 0.000000 0.000000 0.000000 0.000000 0.000000 0.000000 0.000000 0.000000 0.000000 0.000000 0.000000 0.000000 0.000000 0.000000 0.000000
0.000000 0.000000 0.300103 0.300102 0.300102 0.300102 0.300102 0.300102 0.300102 0.300102 0.300102 0.300102 0.300102 0.300102 0.300102 0.300102 0.300102 0.300102 0.300103 0.000000 0.000000
0.000000 0.000000 0.300005 0.300004 0.300004 0.300004 0.300003 0.300003 0.300003 0.300003 0.300004 0.300004 0.300003 0.300003 0.300004 0.300004 0.300005 0.300005 0.300005 0.000000 0.000000
0.000000 0.000000 0.299974 0.299974 0.299976 0.299979 0.299977 0.299979 0.299977 0.299978 0.299978 0.299979 0.299979 0.299981 0.299976 0.299973 0.299973 0.299972 0.299974 0.000000 0.000000
0.000000 0.000000 0.299290 0.299285 0.299289 0.299288 0.299295 0.299299 0.299300 0.299304 0.299306 0.299301 0.299304 0.299304 0.299300 0.299300 0.299301 0.299296 0.299290 0.000000 0.000000
0.000000 0.000000 0.297039 0.297037 0.297043 0.297054 0.297058 0.297079 0.297080 0.297089 0.297081 0.297079 0.297076 0.297082 0.297084 0.297075 0.297066 0.297062 0.297056 0.000000 0.000000
0.000000 0.000000 0.293696 0.293700 0.293705 0.293723 0.293743 0.293775 0.293772 0.293778 0.293773 0.293774 0.293778 0.293782 0.293762 0.293734 0.293723 0.293715 0.293705 0.000000 0.000000
0.000000 0.000000 0.289855 0.289860 0.289867 0.289891 0.289914 0.289946 0.289942 0.289948 0.289947 0.289948 0.289954 0.289961 0.289930 0.289901 0.289883 0.289878 0.289868 0.000000 0.000000
0.000000 0.000000 0.285998 0.286006 0.286019 0.286035 0.286057 0.286095 0.286092 0.286099 0.286099 0.286097 0.286103 0.286107 0.286079 0.286046 0.286032 0.286025 0.286011 0.000000 0.000000
0.000000 0.000000 0.282162 0.282170 0.282180 0.282199 0.282226 0.282260 0.282254 0.282259 0.282259 0.282258 0.282265 0.282273 0.282240 0.282207 0.282193 0.282187 0.282176 0.000000 0.000000
0.000000 0.000000 0.278287 0.278296 0.278307 0.278320 0.278339 0.278379 0.278374 0.278384 0.278383 0.278381 0.278389 0.278395 0.278368 0.278344 0.278326 0.278319 0.278306 0.000000 0.000000
0.000000 0.000000 0.274293 0.274302 0.274315 0.274337 0.274358 0.274397 0.274397 0.274402 0.274402 0.274403 0.274408 0.274416 0.274379 0.274350 0.274334 0.274327 0.274284 0.000000 0.000000
0.000000 0.000000 0.270262 0.270271 0.270285 0.270301 0.270327 0.270407 0.270405 0.270413 0.270414 0.270412 0.270421 0.270425 0.270358 0.270323 0.270307 0.270300 0.270272 0.000000 0.000000
0.000000 0.000000 0.266015 0.266030 0.266041 0.266058 0.266135 0.266156 0.266168 0.266174 0.266173 0.266173 0.266182 0.266188 0.266167 0.266086 0.266068 0.266051 0.266035 0.000000 0.000000
0.000000 0.000000 0.261459 0.261472 0.261500 0.261567 0.261602 0.261651 0.261677 0.261685 0.261697 0.261698 0.261699 0.261714 0.261678 0.261620 0.261532 0.261535 0.261522 0.000000 0.000000
0.000000 0.000000 0.256782 0.256796 0.256886 0.256898 0.256917 0.256941 0.256945 0.256948 0.256944 0.256946 0.256962 0.256953 0.256945 0.256920 0.256916 0.256826 0.256803 0.000000 0.000000
0.000000 0.000000 0.251618 0.251729 0.251809 0.251838 0.251889 0.251916 0.251923 0.251927 0.251940 0.251939 0.251943 0.251959 0.251942 0.251876 0.251834 0.251785 0.251676 0.000000 0.000000
0.000000 0.000000 0.247544 0.247575 0.247513 0.247552 0.247598 0.247701 0.247711 0.247722 0.247719 0.247720 0.247731 0.247732 0.247642 0.247583 0.247517 0.247612 0.247563 0.000000 0.000000
0.000000 0.000000 0.300000 0.300000 0.300000 0.300000 0.300000 0.300000 0.300000 0.300000 0.300000 0.300000 0.300000 0.300000 0.300000 0.300000 0.300000 0.300000 0.300000 0.000000 0.000000
0.000000 0.000000 0.000000 0.000000 0.000000 0.000000 0.000000 0.000000 0.000000 0.000000 0.000000 0.000000 0.000000 0.000000 0.000000 0.000000 0.000000 0.000000 0.000000 0.000000 0.000000