geotop/1.0zi/1.0Montebello/Templates/testdem/maps/_Eocsand6217.asc
ncols         21
nrows         20
xllcorner     100.000000
yllcorner     100.000000
cellsize      50.000000
NODATA_value  -9999.0
0.000000 0.000000 0.000000 0.000000 0.000000 0.000000 0.000000 0.000000 0.000000 0.000000 0.000000 0.000000 0.000000 0.000000 0.000000 0.000000 0.000000 0.000000 0.000000 0.000000 0.000000
0.000000 0.000000 0.300152 0.300151 0.300150 0.300151 0.300150 0.300150 0.300150 0.300150 0.300151 0.300150 0.300150 0.300151 0.300150 0.300150 0.300151 0.300152 0.300151 0.000000 0.000000
0.000000 0.000000 0.300009 0.300009 0.300009 0.300008 0.300009 0.300009 0.300008 0.300009 0.300009 0.300009 0.300008 0.300009 0.300008 0.300009 0.300009 0.300009 0.300011 0.000000 0.000000
0.000000 0.000000 0.299970 0.299968 0.299972 0.299977 0.299974 0.299976 0.299973 0.299975 0.299972 0.299975 0.299975 0.299975 0.299973 0.299968 0.299969 0.299965 0.299967 0.000000 0.000000
0.000000 0.000000 0.298889 0.298886 0.298889 0.298896 0.298911 0.298919 0.298920 0.298920 0.298924 0.298924 0.298927 0.298924 0.298912 0.298910 0.298906 0.298895 0.298884 0.000000 0.000000
0.000000 0.000000 0.295516 0.295514 0.295526 0.295562 0.295580 0.295616 0.295617 0.295626 0.295619 0.295615 0.295611 0.295614 0.295603 0.295581 0.295564 0.295548 0.295538 0.000000 0.000000
0.000000 0.000000 0.290421 0.290427 0.290438 0.290476 0.290520 0.290572 0.290572 0.290579 0.290576 0.290574 0.290577 0.290574 0.290532 0.290490 0.290469 0.290449 0.290434 0.000000 0.000000
0.000000 0.000000 0.284230 0.284231 0.284237 0.284277 0.284320 0.284378 0.284378 0.284384 0.284384 0.284386 0.284389 0.284380 0.284333 0.284292 0.284259 0.284249 0.284228 0.000000 0.000000
0.000000 0.000000 0.277792 0.277801 0.277819 0.277844 0.277887 0.277949 0.277946 0.277958 0.277963 0.277961 0.277961 0.277964 0.277905 0.277860 0.277829 0.277819 0.277800 0.000000 0.000000
0.000000 0.000000 0.271253 0.271265 0.271272 0.271291 0.271354 0.271410 0.271406 0.271413 0.271422 0.271414 0.271406 0.271412 0.271365 0.271311 0.271280 0.271273 0.271260 0.000000 0.000000
0.000000 0.000000 0.264458 0.264465 0.264470 0.264517 0.264558 0.264620 0.264607 0.264637 0.264637 0.264635 0.264643 0.264625 0.264585 0.264551 0.264516 0.264496 0.264468 0.000000 0.000000
0.000000 0.000000 0.257264 0.257280 0.257301 0.257334 0.257372 0.257447 0.257445 0.257461 0.257444 0.257463 0.257460 0.257453 0.257383 0.257349 0.257325 0.257313 0.257242 0.000000 0.000000
0.000000 0.000000 0.249817 0.249833 0.249840 0.249879 0.249914 0.250070 0.250072 0.250084 0.250119 0.250100 0.250089 0.250076 0.249959 0.249927 0.249870 0.249864 0.249814 0.000000 0.000000
0.000000 0.000000 0.241647 0.241657 0.241681 0.241706 0.241863 0.241896 0.241932 0.241934 0.241944 0.241940 0.241940 0.241945 0.241926 0.241766 0.241720 0.241680 0.241629 0.000000 0.000000
0.000000 0.000000 0.232558 0.232571 0.232607 0.232776 0.232819 0.232913 0.232972 0.232983 0.233013 0.233032 0.233012 0.233023 0.232947 0.232879 0.232642 0.232662 0.232632 0.000000 0.000000
0.000000 0.000000 0.222853 0.222865 0.223092 0.223118 0.223129 0.223185 0.223134 0.223161 0.223139 0.223163 0.223191 0.223141 0.223105 0.223085 0.223122 0.222830 0.222823 0.000000 0.000000
0.000000 0.000000 0.211549 0.211867 0.211950 0.212042 0.212194 0.212265 0.212299 0.212300 0.212372 0.212378 0.212345 0.212362 0.212274 0.212158 0.211971 0.211938 0.211613 0.000000 0.000000
0.000000 0.000000 0.203692 0.203631 0.203340 0.203408 0.203506 0.203797 0.203800 0.203867 0.203812 0.203831 0.203815 0.203802 0.203535 0.203462 0.203291 0.203585 0.203627 0.000000 0.000000
0.000000 0.000000 0.300000 0.300000 0.300000 0.300000 0.300000 0.300000 0.300000 0.300000 0.300000 0.300000 0.300000 0.300000 0.300000 0.300000 0.300000 0.300000 0.300000 0.000000 0.000000
0.000000 0.000000 0.000000 0.000000 0.000000 0.000000 0.000000 0.000000 0.000000 0.000000 0.000000 0.000000 0.000000 0.000000 0.000000 0.000000 0.000000 0.000000 0.000000 0.000000 0.000000