geotop/1.0zi/1.0Montebello/Templates/testdem/maps/_Eocsand6994.asc
ncols         21
nrows         20
xllcorner     100.000000
yllcorner     100.000000
cellsize      50.000000
NODATA_value  -9999.0
0.000000 0.000000 0.000000 0.000000 0.000000 0.000000 0.000000 0.000000 0.000000 0.000000 0.000000 0.000000 0.000000 0.000000 0.000000 0.000000 0.000000 0.000000 0.000000 0.000000 0.000000
0.000000 0.000000 0.300173 0.300171 0.300171 0.300172 0.300171 0.300171 0.300171 0.300171 0.300172 0.300171 0.300171 0.300171 0.300171 0.300171 0.300172 0.300172 0.300172 0.000000 0.000000
0.000000 0.000000 0.300010 0.300010 0.300010 0.300009 0.300010 0.300010 0.300010 0.300010 0.300010 0.300010 0.300009 0.300010 0.300010 0.300010 0.300010 0.300011 0.300012 0.000000 0.000000
0.000000 0.000000 0.299964 0.299963 0.299968 0.299972 0.299970 0.299974 0.299968 0.299973 0.299970 0.299971 0.299971 0.299972 0.299970 0.299965 0.299964 0.299961 0.299961 0.000000 0.000000
0.000000 0.000000 0.298559 0.298554 0.298562 0.298574 0.298592 0.298601 0.298603 0.298603 0.298605 0.298604 0.298608 0.298603 0.298584 0.298580 0.298575 0.298567 0.298554 0.000000 0.000000
0.000000 0.000000 0.294339 0.294338 0.294358 0.294396 0.294423 0.294465 0.294462 0.294474 0.294466 0.294466 0.294464 0.294464 0.294446 0.294419 0.294399 0.294380 0.294366 0.000000 0.000000
0.000000 0.000000 0.288191 0.288196 0.288214 0.288257 0.288311 0.288372 0.288370 0.288379 0.288376 0.288377 0.288381 0.288375 0.288325 0.288276 0.288250 0.288227 0.288210 0.000000 0.000000
0.000000 0.000000 0.280830 0.280832 0.280844 0.280892 0.280944 0.281011 0.281009 0.281017 0.281018 0.281023 0.281028 0.281015 0.280960 0.280913 0.280872 0.280860 0.280835 0.000000 0.000000
0.000000 0.000000 0.273106 0.273119 0.273143 0.273173 0.273227 0.273299 0.273293 0.273310 0.273314 0.273317 0.273316 0.273318 0.273249 0.273192 0.273160 0.273145 0.273123 0.000000 0.000000
0.000000 0.000000 0.265144 0.265158 0.265171 0.265198 0.265276 0.265339 0.265336 0.265345 0.265355 0.265350 0.265341 0.265346 0.265289 0.265224 0.265187 0.265176 0.265160 0.000000 0.000000
0.000000 0.000000 0.256734 0.256743 0.256757 0.256816 0.256868 0.256943 0.256925 0.256965 0.256961 0.256961 0.256975 0.256950 0.256901 0.256861 0.256815 0.256791 0.256754 0.000000 0.000000
0.000000 0.000000 0.247680 0.247704 0.247732 0.247772 0.247827 0.247917 0.247916 0.247933 0.247912 0.247941 0.247937 0.247928 0.247841 0.247797 0.247765 0.247748 0.247663 0.000000 0.000000
0.000000 0.000000 0.238154 0.238178 0.238192 0.238242 0.238290 0.238495 0.238496 0.238512 0.238560 0.238538 0.238525 0.238506 0.238351 0.238306 0.238231 0.238224 0.238169 0.000000 0.000000
0.000000 0.000000 0.227455 0.227465 0.227504 0.227542 0.227767 0.227794 0.227839 0.227842 0.227842 0.227848 0.227853 0.227859 0.227852 0.227617 0.227565 0.227504 0.227443 0.000000 0.000000
0.000000 0.000000 0.215278 0.215296 0.215350 0.215608 0.215645 0.215775 0.215849 0.215865 0.215907 0.215943 0.215915 0.215925 0.215807 0.215747 0.215399 0.215436 0.215407 0.000000 0.000000
0.000000 0.000000 0.202068 0.202088 0.202449 0.202437 0.202456 0.202532 0.202424 0.202472 0.202419 0.202459 0.202508 0.202422 0.202378 0.202355 0.202493 0.202016 0.202012 0.000000 0.000000
0.000000 0.000000 0.186126 0.186664 0.186710 0.186877 0.187148 0.187240 0.187325 0.187313 0.187447 0.187449 0.187383 0.187433 0.187300 0.187099 0.186745 0.186819 0.186264 0.000000 0.000000
0.000000 0.000000 0.176604 0.176324 0.175820 0.175893 0.175987 0.176472 0.176450 0.176572 0.176428 0.176468 0.176464 0.176424 0.175992 0.175927 0.175740 0.176216 0.176469 0.000000 0.000000
0.000000 0.000000 0.300000 0.300000 0.300000 0.300000 0.300000 0.300000 0.300000 0.300000 0.300000 0.300000 0.300000 0.300000 0.300000 0.300000 0.300000 0.300000 0.300000 0.000000 0.000000
0.000000 0.000000 0.000000 0.000000 0.000000 0.000000 0.000000 0.000000 0.000000 0.000000 0.000000 0.000000 0.000000 0.000000 0.000000 0.000000 0.000000 0.000000 0.000000 0.000000 0.000000