geotop/1.0zi/1.0Montebello/Templates/testdem/maps/_Eocsilt6564.asc
ncols         21
nrows         20
xllcorner     100.000000
yllcorner     100.000000
cellsize      50.000000
NODATA_value  -9999.0
0.000000 0.000000 0.000000 0.000000 0.000000 0.000000 0.000000 0.000000 0.000000 0.000000 0.000000 0.000000 0.000000 0.000000 0.000000 0.000000 0.000000 0.000000 0.000000 0.000000 0.000000
0.000000 0.000000 0.350132 0.350132 0.350132 0.350133 0.350132 0.350132 0.350132 0.350132 0.350133 0.350132 0.350132 0.350132 0.350132 0.350132 0.350133 0.350133 0.350132 0.000000 0.000000
0.000000 0.000000 0.350003 0.350002 0.350002 0.350003 0.350003 0.350003 0.350003 0.350003 0.350003 0.350003 0.350004 0.350004 0.350003 0.350002 0.350001 0.350001 0.350002 0.000000 0.000000
0.000000 0.000000 0.350054 0.350051 0.350050 0.350044 0.350045 0.350043 0.350045 0.350046 0.350044 0.350044 0.350044 0.350044 0.350047 0.350050 0.350052 0.350053 0.350053 0.000000 0.000000
0.000000 0.000000 0.350628 0.350634 0.350631 0.350623 0.350620 0.350614 0.350613 0.350610 0.350610 0.350612 0.350614 0.350614 0.350620 0.350624 0.350624 0.350632 0.350636 0.000000 0.000000
0.000000 0.000000 0.352384 0.352387 0.352379 0.352366 0.352353 0.352335 0.352334 0.352330 0.352333 0.352334 0.352336 0.352333 0.352339 0.352347 0.352358 0.352363 0.352368 0.000000 0.000000
0.000000 0.000000 0.355070 0.355068 0.355060 0.355038 0.355013 0.354988 0.354989 0.354986 0.354987 0.354985 0.354983 0.354987 0.355006 0.355027 0.355041 0.355053 0.355060 0.000000 0.000000
0.000000 0.000000 0.358344 0.358345 0.358342 0.358320 0.358296 0.358268 0.358268 0.358265 0.358264 0.358261 0.358261 0.358264 0.358286 0.358309 0.358330 0.358334 0.358345 0.000000 0.000000
0.000000 0.000000 0.361796 0.361791 0.361780 0.361766 0.361741 0.361709 0.361710 0.361704 0.361701 0.361699 0.361701 0.361699 0.361729 0.361755 0.361772 0.361780 0.361789 0.000000 0.000000
0.000000 0.000000 0.365310 0.365305 0.365300 0.365288 0.365254 0.365225 0.365227 0.365223 0.365218 0.365220 0.365225 0.365221 0.365245 0.365275 0.365293 0.365298 0.365305 0.000000 0.000000
0.000000 0.000000 0.368963 0.368961 0.368956 0.368930 0.368907 0.368875 0.368882 0.368866 0.368866 0.368865 0.368862 0.368871 0.368890 0.368908 0.368930 0.368941 0.368956 0.000000 0.000000
0.000000 0.000000 0.372857 0.372850 0.372838 0.372820 0.372797 0.372757 0.372758 0.372751 0.372758 0.372746 0.372750 0.372753 0.372788 0.372806 0.372823 0.372830 0.372867 0.000000 0.000000
0.000000 0.000000 0.376908 0.376900 0.376894 0.376872 0.376851 0.376766 0.376766 0.376759 0.376739 0.376747 0.376754 0.376761 0.376823 0.376841 0.376876 0.376879 0.376905 0.000000 0.000000
0.000000 0.000000 0.381384 0.381380 0.381366 0.381350 0.381261 0.381245 0.381225 0.381225 0.381221 0.381219 0.381220 0.381217 0.381221 0.381313 0.381341 0.381365 0.381392 0.000000 0.000000
0.000000 0.000000 0.386405 0.386400 0.386379 0.386280 0.386256 0.386206 0.386174 0.386169 0.386151 0.386136 0.386149 0.386143 0.386185 0.386217 0.386357 0.386344 0.386358 0.000000 0.000000
0.000000 0.000000 0.391800 0.391794 0.391660 0.391649 0.391642 0.391611 0.391645 0.391627 0.391642 0.391626 0.391611 0.391640 0.391656 0.391666 0.391641 0.391814 0.391816 0.000000 0.000000
0.000000 0.000000 0.398154 0.397966 0.397926 0.397869 0.397774 0.397737 0.397713 0.397715 0.397668 0.397664 0.397688 0.397673 0.397719 0.397790 0.397911 0.397917 0.398111 0.000000 0.000000
0.000000 0.000000 0.402384 0.402440 0.402615 0.402576 0.402526 0.402353 0.402354 0.402313 0.402350 0.402336 0.402345 0.402353 0.402509 0.402545 0.402641 0.402468 0.402424 0.000000 0.000000
0.000000 0.000000 0.350000 0.350000 0.350000 0.350000 0.350000 0.350000 0.350000 0.350000 0.350000 0.350000 0.350000 0.350000 0.350000 0.350000 0.350000 0.350000 0.350000 0.000000 0.000000
0.000000 0.000000 0.000000 0.000000 0.000000 0.000000 0.000000 0.000000 0.000000 0.000000 0.000000 0.000000 0.000000 0.000000 0.000000 0.000000 0.000000 0.000000 0.000000 0.000000 0.000000