geotop/1.0zi/1.0Montebello/Templates/testdem/maps/_Eocsand2081.asc
ncols         21
nrows         20
xllcorner     100.000000
yllcorner     100.000000
cellsize      50.000000
NODATA_value  -9999.0
0.000000 0.000000 0.000000 0.000000 0.000000 0.000000 0.000000 0.000000 0.000000 0.000000 0.000000 0.000000 0.000000 0.000000 0.000000 0.000000 0.000000 0.000000 0.000000 0.000000 0.000000
0.000000 0.000000 0.300061 0.300061 0.300061 0.300061 0.300061 0.300061 0.300061 0.300061 0.300061 0.300061 0.300061 0.300061 0.300061 0.300061 0.300061 0.300061 0.300061 0.000000 0.000000
0.000000 0.000000 0.300008 0.300009 0.300009 0.300008 0.300008 0.300008 0.300008 0.300008 0.300008 0.300008 0.300008 0.300008 0.300008 0.300008 0.300009 0.300009 0.300008 0.000000 0.000000
0.000000 0.000000 0.298640 0.298640 0.298645 0.298643 0.298639 0.298640 0.298640 0.298639 0.298640 0.298639 0.298640 0.298640 0.298639 0.298643 0.298645 0.298640 0.298640 0.000000 0.000000
0.000000 0.000000 0.293070 0.293071 0.293075 0.293074 0.293068 0.293070 0.293070 0.293067 0.293067 0.293067 0.293070 0.293070 0.293068 0.293074 0.293075 0.293071 0.293070 0.000000 0.000000
0.000000 0.000000 0.286176 0.286177 0.286180 0.286180 0.286175 0.286176 0.286176 0.286174 0.286174 0.286174 0.286176 0.286176 0.286175 0.286180 0.286180 0.286177 0.286176 0.000000 0.000000
0.000000 0.000000 0.279739 0.279739 0.279742 0.279742 0.279738 0.279739 0.279739 0.279737 0.279737 0.279737 0.279739 0.279739 0.279738 0.279742 0.279742 0.279739 0.279739 0.000000 0.000000
0.000000 0.000000 0.273827 0.273828 0.273831 0.273830 0.273827 0.273828 0.273828 0.273826 0.273826 0.273826 0.273828 0.273828 0.273827 0.273830 0.273831 0.273828 0.273827 0.000000 0.000000
0.000000 0.000000 0.268300 0.268301 0.268303 0.268303 0.268299 0.268300 0.268300 0.268299 0.268299 0.268299 0.268300 0.268300 0.268299 0.268303 0.268303 0.268301 0.268300 0.000000 0.000000
0.000000 0.000000 0.263024 0.263024 0.263027 0.263026 0.263023 0.263024 0.263024 0.263022 0.263022 0.263022 0.263024 0.263024 0.263023 0.263026 0.263027 0.263024 0.263024 0.000000 0.000000
0.000000 0.000000 0.257939 0.257939 0.257942 0.257941 0.257938 0.257939 0.257939 0.257938 0.257937 0.257938 0.257939 0.257939 0.257938 0.257941 0.257942 0.257939 0.257939 0.000000 0.000000
0.000000 0.000000 0.252999 0.253000 0.253002 0.253001 0.252999 0.252999 0.252999 0.252998 0.252998 0.252998 0.252999 0.252999 0.252999 0.253001 0.253002 0.253000 0.252999 0.000000 0.000000
0.000000 0.000000 0.248172 0.248172 0.248175 0.248174 0.248171 0.248172 0.248172 0.248171 0.248171 0.248171 0.248172 0.248172 0.248171 0.248174 0.248175 0.248172 0.248172 0.000000 0.000000
0.000000 0.000000 0.243444 0.243445 0.243447 0.243447 0.243444 0.243445 0.243445 0.243443 0.243443 0.243443 0.243445 0.243445 0.243444 0.243447 0.243447 0.243445 0.243444 0.000000 0.000000
0.000000 0.000000 0.238796 0.238797 0.238799 0.238798 0.238796 0.238797 0.238796 0.238795 0.238795 0.238795 0.238796 0.238797 0.238796 0.238798 0.238799 0.238797 0.238796 0.000000 0.000000
0.000000 0.000000 0.234218 0.234218 0.234221 0.234220 0.234217 0.234218 0.234218 0.234217 0.234217 0.234217 0.234218 0.234218 0.234217 0.234220 0.234221 0.234218 0.234218 0.000000 0.000000
0.000000 0.000000 0.229710 0.229710 0.229713 0.229712 0.229709 0.229710 0.229710 0.229709 0.229709 0.229709 0.229710 0.229710 0.229709 0.229712 0.229713 0.229710 0.229710 0.000000 0.000000
0.000000 0.000000 0.225207 0.225206 0.225209 0.225208 0.225206 0.225206 0.225206 0.225205 0.225205 0.225205 0.225206 0.225206 0.225206 0.225208 0.225209 0.225207 0.225206 0.000000 0.000000
0.000000 0.000000 0.300000 0.300000 0.300000 0.300000 0.300000 0.300000 0.300000 0.300000 0.300000 0.300000 0.300000 0.300000 0.300000 0.300000 0.300000 0.300000 0.300000 0.000000 0.000000
0.000000 0.000000 0.000000 0.000000 0.000000 0.000000 0.000000 0.000000 0.000000 0.000000 0.000000 0.000000 0.000000 0.000000 0.000000 0.000000 0.000000 0.000000 0.000000 0.000000 0.000000