geotop/1.0zi/1.0Montebello/Templates/testdem/maps/_Eocsand8614.asc
ncols         21
nrows         20
xllcorner     100.000000
yllcorner     100.000000
cellsize      50.000000
NODATA_value  -9999.0
0.000000 0.000000 0.000000 0.000000 0.000000 0.000000 0.000000 0.000000 0.000000 0.000000 0.000000 0.000000 0.000000 0.000000 0.000000 0.000000 0.000000 0.000000 0.000000 0.000000 0.000000
0.000000 0.000000 0.300217 0.300214 0.300214 0.300215 0.300214 0.300213 0.300214 0.300214 0.300214 0.300214 0.300214 0.300214 0.300214 0.300214 0.300215 0.300215 0.300215 0.000000 0.000000
0.000000 0.000000 0.300012 0.300013 0.300013 0.300011 0.300012 0.300013 0.300012 0.300012 0.300012 0.300013 0.300012 0.300012 0.300012 0.300012 0.300013 0.300013 0.300014 0.000000 0.000000
0.000000 0.000000 0.299893 0.299892 0.299898 0.299907 0.299902 0.299910 0.299905 0.299907 0.299908 0.299907 0.299908 0.299909 0.299903 0.299898 0.299896 0.299893 0.299894 0.000000 0.000000
0.000000 0.000000 0.297851 0.297853 0.297866 0.297884 0.297911 0.297918 0.297923 0.297924 0.297925 0.297921 0.297920 0.297918 0.297897 0.297891 0.297877 0.297865 0.297854 0.000000 0.000000
0.000000 0.000000 0.291815 0.291821 0.291848 0.291898 0.291938 0.291983 0.291983 0.291997 0.291987 0.291987 0.291978 0.291981 0.291955 0.291922 0.291892 0.291872 0.291859 0.000000 0.000000
0.000000 0.000000 0.283352 0.283367 0.283386 0.283442 0.283513 0.283592 0.283591 0.283600 0.283599 0.283597 0.283599 0.283594 0.283525 0.283466 0.283430 0.283402 0.283386 0.000000 0.000000
0.000000 0.000000 0.273329 0.273340 0.273356 0.273421 0.273486 0.273573 0.273573 0.273585 0.273585 0.273589 0.273594 0.273577 0.273503 0.273447 0.273391 0.273376 0.273349 0.000000 0.000000
0.000000 0.000000 0.262533 0.262557 0.262587 0.262630 0.262705 0.262798 0.262791 0.262812 0.262817 0.262819 0.262816 0.262819 0.262727 0.262654 0.262610 0.262588 0.262565 0.000000 0.000000
0.000000 0.000000 0.250999 0.251026 0.251043 0.251086 0.251193 0.251276 0.251276 0.251286 0.251300 0.251289 0.251278 0.251282 0.251205 0.251118 0.251066 0.251048 0.251032 0.000000 0.000000
0.000000 0.000000 0.238330 0.238346 0.238366 0.238465 0.238536 0.238643 0.238614 0.238676 0.238662 0.238667 0.238687 0.238651 0.238574 0.238523 0.238452 0.238417 0.238369 0.000000 0.000000
0.000000 0.000000 0.224098 0.224144 0.224188 0.224242 0.224336 0.224460 0.224472 0.224482 0.224454 0.224499 0.224479 0.224478 0.224341 0.224269 0.224225 0.224197 0.224083 0.000000 0.000000
0.000000 0.000000 0.208522 0.208570 0.208575 0.208675 0.208748 0.209101 0.209108 0.209124 0.209224 0.209164 0.209149 0.209116 0.208843 0.208778 0.208640 0.208630 0.208576 0.000000 0.000000
0.000000 0.000000 0.189963 0.189978 0.190055 0.190119 0.190584 0.190521 0.190613 0.190611 0.190572 0.190609 0.190617 0.190652 0.190710 0.190223 0.190163 0.190035 0.189950 0.000000 0.000000
0.000000 0.000000 0.167893 0.167945 0.168040 0.168641 0.168551 0.168858 0.168984 0.169014 0.169122 0.169185 0.169117 0.169128 0.168826 0.168891 0.168096 0.168235 0.168229 0.000000 0.000000
0.000000 0.000000 0.143926 0.143970 0.144831 0.144538 0.144627 0.144676 0.144335 0.144437 0.144252 0.144303 0.144450 0.144238 0.144249 0.144186 0.144907 0.143634 0.143653 0.000000 0.000000
0.000000 0.000000 0.115056 0.116345 0.115987 0.116514 0.117159 0.117355 0.117744 0.117653 0.118055 0.118009 0.117774 0.118016 0.117673 0.117198 0.116031 0.116866 0.115526 0.000000 0.000000
0.000000 0.000000 0.106220 0.105043 0.104055 0.104043 0.103967 0.104939 0.104753 0.105044 0.104553 0.104649 0.104731 0.104564 0.103761 0.103818 0.103871 0.104610 0.105772 0.000000 0.000000
0.000000 0.000000 0.300000 0.300000 0.300000 0.300000 0.300000 0.300000 0.300000 0.300000 0.300000 0.300000 0.300000 0.300000 0.300000 0.300000 0.300000 0.300000 0.300000 0.000000 0.000000
0.000000 0.000000 0.000000 0.000000 0.000000 0.000000 0.000000 0.000000 0.000000 0.000000 0.000000 0.000000 0.000000 0.000000 0.000000 0.000000 0.000000 0.000000 0.000000 0.000000 0.000000