geotop/1.0zi/1.0Montebello/Templates/testdem/maps/_Eocsand2184.asc
ncols         21
nrows         20
xllcorner     100.000000
yllcorner     100.000000
cellsize      50.000000
NODATA_value  -9999.0
0.000000 0.000000 0.000000 0.000000 0.000000 0.000000 0.000000 0.000000 0.000000 0.000000 0.000000 0.000000 0.000000 0.000000 0.000000 0.000000 0.000000 0.000000 0.000000 0.000000 0.000000
0.000000 0.000000 0.300065 0.300065 0.300065 0.300066 0.300065 0.300065 0.300065 0.300065 0.300065 0.300065 0.300065 0.300065 0.300065 0.300066 0.300065 0.300065 0.300065 0.000000 0.000000
0.000000 0.000000 0.300010 0.300010 0.300010 0.300010 0.300010 0.300010 0.300010 0.300010 0.300010 0.300010 0.300010 0.300010 0.300010 0.300010 0.300010 0.300010 0.300010 0.000000 0.000000
0.000000 0.000000 0.298630 0.298630 0.298635 0.298633 0.298629 0.298630 0.298630 0.298629 0.298629 0.298629 0.298630 0.298630 0.298629 0.298633 0.298635 0.298630 0.298630 0.000000 0.000000
0.000000 0.000000 0.292851 0.292853 0.292857 0.292856 0.292850 0.292852 0.292852 0.292849 0.292849 0.292849 0.292852 0.292852 0.292850 0.292856 0.292857 0.292853 0.292851 0.000000 0.000000
0.000000 0.000000 0.285651 0.285653 0.285656 0.285655 0.285650 0.285652 0.285652 0.285650 0.285650 0.285650 0.285652 0.285652 0.285650 0.285655 0.285656 0.285653 0.285651 0.000000 0.000000
0.000000 0.000000 0.278927 0.278928 0.278930 0.278930 0.278926 0.278927 0.278927 0.278926 0.278925 0.278926 0.278927 0.278927 0.278926 0.278930 0.278930 0.278928 0.278927 0.000000 0.000000
0.000000 0.000000 0.272754 0.272754 0.272757 0.272756 0.272753 0.272754 0.272754 0.272753 0.272752 0.272753 0.272754 0.272754 0.272753 0.272756 0.272757 0.272754 0.272754 0.000000 0.000000
0.000000 0.000000 0.266982 0.266983 0.266985 0.266984 0.266981 0.266982 0.266982 0.266981 0.266981 0.266981 0.266982 0.266982 0.266981 0.266984 0.266985 0.266983 0.266982 0.000000 0.000000
0.000000 0.000000 0.261474 0.261475 0.261477 0.261476 0.261474 0.261475 0.261475 0.261473 0.261473 0.261473 0.261475 0.261475 0.261474 0.261476 0.261477 0.261475 0.261474 0.000000 0.000000
0.000000 0.000000 0.256168 0.256169 0.256171 0.256170 0.256168 0.256169 0.256168 0.256167 0.256167 0.256167 0.256168 0.256169 0.256168 0.256170 0.256171 0.256169 0.256168 0.000000 0.000000
0.000000 0.000000 0.251016 0.251017 0.251019 0.251018 0.251016 0.251017 0.251017 0.251015 0.251015 0.251015 0.251017 0.251017 0.251016 0.251018 0.251019 0.251017 0.251016 0.000000 0.000000
0.000000 0.000000 0.245984 0.245985 0.245987 0.245986 0.245984 0.245984 0.245984 0.245983 0.245983 0.245983 0.245984 0.245984 0.245984 0.245986 0.245987 0.245985 0.245984 0.000000 0.000000
0.000000 0.000000 0.241058 0.241058 0.241061 0.241060 0.241057 0.241058 0.241058 0.241057 0.241057 0.241057 0.241058 0.241058 0.241057 0.241060 0.241061 0.241058 0.241058 0.000000 0.000000
0.000000 0.000000 0.236217 0.236218 0.236220 0.236219 0.236217 0.236218 0.236218 0.236216 0.236216 0.236216 0.236218 0.236218 0.236217 0.236219 0.236220 0.236218 0.236217 0.000000 0.000000
0.000000 0.000000 0.231453 0.231453 0.231455 0.231455 0.231452 0.231453 0.231453 0.231452 0.231452 0.231452 0.231453 0.231453 0.231452 0.231455 0.231455 0.231453 0.231453 0.000000 0.000000
0.000000 0.000000 0.226762 0.226763 0.226765 0.226764 0.226762 0.226763 0.226763 0.226761 0.226761 0.226761 0.226763 0.226763 0.226762 0.226764 0.226765 0.226763 0.226762 0.000000 0.000000
0.000000 0.000000 0.222084 0.222084 0.222087 0.222086 0.222083 0.222084 0.222084 0.222083 0.222083 0.222083 0.222084 0.222084 0.222083 0.222086 0.222087 0.222084 0.222084 0.000000 0.000000
0.000000 0.000000 0.300000 0.300000 0.300000 0.300000 0.300000 0.300000 0.300000 0.300000 0.300000 0.300000 0.300000 0.300000 0.300000 0.300000 0.300000 0.300000 0.300000 0.000000 0.000000
0.000000 0.000000 0.000000 0.000000 0.000000 0.000000 0.000000 0.000000 0.000000 0.000000 0.000000 0.000000 0.000000 0.000000 0.000000 0.000000 0.000000 0.000000 0.000000 0.000000 0.000000