geotop/1.0zi/1.0Montebello/Templates/testdem/maps/_Eocsilt5544.asc
ncols         21
nrows         20
xllcorner     100.000000
yllcorner     100.000000
cellsize      50.000000
NODATA_value  -9999.0
0.000000 0.000000 0.000000 0.000000 0.000000 0.000000 0.000000 0.000000 0.000000 0.000000 0.000000 0.000000 0.000000 0.000000 0.000000 0.000000 0.000000 0.000000 0.000000 0.000000 0.000000
0.000000 0.000000 0.350110 0.350110 0.350110 0.350110 0.350110 0.350110 0.350110 0.350110 0.350110 0.350110 0.350110 0.350110 0.350110 0.350110 0.350110 0.350110 0.350110 0.000000 0.000000
0.000000 0.000000 0.350002 0.350002 0.350002 0.350003 0.350003 0.350002 0.350003 0.350003 0.350003 0.350003 0.350003 0.350003 0.350003 0.350002 0.350001 0.350001 0.350001 0.000000 0.000000
0.000000 0.000000 0.350044 0.350043 0.350042 0.350037 0.350038 0.350036 0.350039 0.350039 0.350038 0.350037 0.350038 0.350037 0.350039 0.350042 0.350043 0.350044 0.350043 0.000000 0.000000
0.000000 0.000000 0.350490 0.350493 0.350491 0.350487 0.350484 0.350480 0.350478 0.350476 0.350474 0.350476 0.350477 0.350478 0.350483 0.350486 0.350486 0.350495 0.350498 0.000000 0.000000
0.000000 0.000000 0.351900 0.351903 0.351899 0.351886 0.351876 0.351859 0.351857 0.351853 0.351858 0.351860 0.351861 0.351858 0.351863 0.351868 0.351877 0.351881 0.351885 0.000000 0.000000
0.000000 0.000000 0.354079 0.354077 0.354073 0.354056 0.354035 0.354013 0.354014 0.354012 0.354015 0.354015 0.354011 0.354014 0.354030 0.354046 0.354053 0.354063 0.354068 0.000000 0.000000
0.000000 0.000000 0.356716 0.356717 0.356718 0.356701 0.356681 0.356657 0.356658 0.356655 0.356655 0.356654 0.356653 0.356655 0.356673 0.356691 0.356706 0.356708 0.356717 0.000000 0.000000
0.000000 0.000000 0.359482 0.359477 0.359471 0.359461 0.359441 0.359412 0.359414 0.359409 0.359407 0.359408 0.359408 0.359406 0.359431 0.359450 0.359463 0.359468 0.359477 0.000000 0.000000
0.000000 0.000000 0.362243 0.362239 0.362237 0.362230 0.362203 0.362178 0.362181 0.362177 0.362174 0.362178 0.362181 0.362177 0.362196 0.362218 0.362231 0.362233 0.362238 0.000000 0.000000
0.000000 0.000000 0.365069 0.365066 0.365066 0.365046 0.365028 0.365001 0.365007 0.364994 0.364995 0.364996 0.364993 0.364999 0.365014 0.365028 0.365042 0.365051 0.365062 0.000000 0.000000
0.000000 0.000000 0.368028 0.368021 0.368014 0.368001 0.367985 0.367952 0.367954 0.367946 0.367954 0.367947 0.367948 0.367951 0.367978 0.367990 0.368000 0.368005 0.368035 0.000000 0.000000
0.000000 0.000000 0.371051 0.371045 0.371043 0.371028 0.371014 0.370950 0.370950 0.370944 0.370931 0.370938 0.370943 0.370947 0.370993 0.371004 0.371027 0.371029 0.371051 0.000000 0.000000
0.000000 0.000000 0.374319 0.374314 0.374307 0.374298 0.374238 0.374221 0.374207 0.374206 0.374201 0.374204 0.374204 0.374201 0.374208 0.374267 0.374287 0.374302 0.374324 0.000000 0.000000
0.000000 0.000000 0.377898 0.377893 0.377881 0.377820 0.377799 0.377763 0.377739 0.377735 0.377723 0.377716 0.377724 0.377718 0.377743 0.377773 0.377861 0.377855 0.377868 0.000000 0.000000
0.000000 0.000000 0.381675 0.381670 0.381592 0.381577 0.381572 0.381548 0.381562 0.381552 0.381559 0.381550 0.381541 0.381556 0.381569 0.381577 0.381574 0.381676 0.381679 0.000000 0.000000
0.000000 0.000000 0.385966 0.385859 0.385819 0.385788 0.385738 0.385712 0.385704 0.385702 0.385679 0.385675 0.385684 0.385680 0.385708 0.385745 0.385806 0.385834 0.385942 0.000000 0.000000
0.000000 0.000000 0.389148 0.389148 0.389242 0.389215 0.389173 0.389072 0.389070 0.389047 0.389061 0.389054 0.389062 0.389063 0.389154 0.389183 0.389252 0.389155 0.389162 0.000000 0.000000
0.000000 0.000000 0.350000 0.350000 0.350000 0.350000 0.350000 0.350000 0.350000 0.350000 0.350000 0.350000 0.350000 0.350000 0.350000 0.350000 0.350000 0.350000 0.350000 0.000000 0.000000
0.000000 0.000000 0.000000 0.000000 0.000000 0.000000 0.000000 0.000000 0.000000 0.000000 0.000000 0.000000 0.000000 0.000000 0.000000 0.000000 0.000000 0.000000 0.000000 0.000000 0.000000