geotop/1.0zi/1.0Montebello/Templates/testdem/maps/_Eocclay4692.asc
ncols         21
nrows         20
xllcorner     100.000000
yllcorner     100.000000
cellsize      50.000000
NODATA_value  -9999.0
0.000000 0.000000 0.000000 0.000000 0.000000 0.000000 0.000000 0.000000 0.000000 0.000000 0.000000 0.000000 0.000000 0.000000 0.000000 0.000000 0.000000 0.000000 0.000000 0.000000 0.000000
0.000000 0.000000 0.349789 0.349790 0.349790 0.349790 0.349790 0.349790 0.349790 0.349790 0.349790 0.349790 0.349790 0.349790 0.349790 0.349790 0.349789 0.349789 0.349789 0.000000 0.000000
0.000000 0.000000 0.349992 0.349992 0.349992 0.349992 0.349992 0.349992 0.349992 0.349992 0.349992 0.349991 0.349992 0.349992 0.349992 0.349992 0.349992 0.349992 0.349992 0.000000 0.000000
0.000000 0.000000 0.349992 0.349994 0.349992 0.349993 0.349994 0.349994 0.349994 0.349993 0.349994 0.349993 0.349993 0.349992 0.349994 0.349996 0.349994 0.349995 0.349993 0.000000 0.000000
0.000000 0.000000 0.350338 0.350337 0.350336 0.350331 0.350323 0.350321 0.350321 0.350320 0.350320 0.350322 0.350319 0.350320 0.350325 0.350324 0.350328 0.350329 0.350332 0.000000 0.000000
0.000000 0.000000 0.351596 0.351600 0.351594 0.351578 0.351574 0.351560 0.351559 0.351554 0.351559 0.351559 0.351563 0.351564 0.351566 0.351575 0.351580 0.351588 0.351593 0.000000 0.000000
0.000000 0.000000 0.353475 0.353472 0.353469 0.353455 0.353440 0.353419 0.353419 0.353414 0.353418 0.353418 0.353420 0.353420 0.353435 0.353453 0.353461 0.353468 0.353474 0.000000 0.000000
0.000000 0.000000 0.355687 0.355686 0.355684 0.355668 0.355651 0.355630 0.355631 0.355627 0.355629 0.355629 0.355627 0.355629 0.355648 0.355664 0.355673 0.355678 0.355685 0.000000 0.000000
0.000000 0.000000 0.357898 0.357896 0.357891 0.357881 0.357865 0.357844 0.357846 0.357841 0.357842 0.357843 0.357841 0.357843 0.357860 0.357879 0.357886 0.357890 0.357898 0.000000 0.000000
0.000000 0.000000 0.360119 0.360115 0.360113 0.360101 0.360082 0.360063 0.360065 0.360062 0.360062 0.360063 0.360061 0.360060 0.360080 0.360099 0.360107 0.360111 0.360118 0.000000 0.000000
0.000000 0.000000 0.362385 0.362380 0.362378 0.362370 0.362355 0.362331 0.362333 0.362328 0.362328 0.362330 0.362327 0.362328 0.362345 0.362359 0.362369 0.362374 0.362381 0.000000 0.000000
0.000000 0.000000 0.364728 0.364725 0.364720 0.364707 0.364692 0.364670 0.364669 0.364666 0.364666 0.364666 0.364664 0.364663 0.364685 0.364702 0.364711 0.364715 0.364740 0.000000 0.000000
0.000000 0.000000 0.367107 0.367103 0.367098 0.367088 0.367070 0.367022 0.367023 0.367018 0.367018 0.367020 0.367016 0.367017 0.367059 0.367080 0.367089 0.367093 0.367108 0.000000 0.000000
0.000000 0.000000 0.369632 0.369625 0.369622 0.369611 0.369561 0.369548 0.369541 0.369537 0.369538 0.369539 0.369535 0.369535 0.369549 0.369599 0.369609 0.369619 0.369628 0.000000 0.000000
0.000000 0.000000 0.372363 0.372357 0.372344 0.372301 0.372277 0.372247 0.372231 0.372226 0.372219 0.372220 0.372221 0.372216 0.372240 0.372275 0.372329 0.372327 0.372335 0.000000 0.000000
0.000000 0.000000 0.375187 0.375181 0.375128 0.375119 0.375104 0.375088 0.375087 0.375086 0.375089 0.375089 0.375081 0.375091 0.375098 0.375113 0.375113 0.375172 0.375187 0.000000 0.000000
0.000000 0.000000 0.378339 0.378268 0.378225 0.378205 0.378168 0.378148 0.378143 0.378140 0.378132 0.378134 0.378134 0.378128 0.378143 0.378186 0.378214 0.378242 0.378313 0.000000 0.000000
0.000000 0.000000 0.380783 0.380769 0.380817 0.380791 0.380759 0.380688 0.380681 0.380674 0.380678 0.380678 0.380673 0.380678 0.380742 0.380778 0.380818 0.380757 0.380784 0.000000 0.000000
0.000000 0.000000 0.350000 0.350000 0.350000 0.350000 0.350000 0.350000 0.350000 0.350000 0.350000 0.350000 0.350000 0.350000 0.350000 0.350000 0.350000 0.350000 0.350000 0.000000 0.000000
0.000000 0.000000 0.000000 0.000000 0.000000 0.000000 0.000000 0.000000 0.000000 0.000000 0.000000 0.000000 0.000000 0.000000 0.000000 0.000000 0.000000 0.000000 0.000000 0.000000 0.000000