geotop/1.0zi/1.0Montebello/Templates/testdem/maps/_Eocsilt4670.asc
ncols         21
nrows         20
xllcorner     100.000000
yllcorner     100.000000
cellsize      50.000000
NODATA_value  -9999.0
0.000000 0.000000 0.000000 0.000000 0.000000 0.000000 0.000000 0.000000 0.000000 0.000000 0.000000 0.000000 0.000000 0.000000 0.000000 0.000000 0.000000 0.000000 0.000000 0.000000 0.000000
0.000000 0.000000 0.350095 0.350094 0.350095 0.350095 0.350094 0.350095 0.350095 0.350095 0.350095 0.350095 0.350095 0.350095 0.350094 0.350095 0.350095 0.350095 0.350094 0.000000 0.000000
0.000000 0.000000 0.350002 0.350002 0.350003 0.350003 0.350003 0.350003 0.350004 0.350003 0.350003 0.350003 0.350003 0.350003 0.350003 0.350003 0.350002 0.350001 0.350002 0.000000 0.000000
0.000000 0.000000 0.350034 0.350033 0.350033 0.350028 0.350030 0.350027 0.350029 0.350030 0.350029 0.350029 0.350029 0.350028 0.350030 0.350032 0.350033 0.350034 0.350033 0.000000 0.000000
0.000000 0.000000 0.350386 0.350390 0.350389 0.350384 0.350381 0.350378 0.350376 0.350374 0.350372 0.350375 0.350375 0.350376 0.350381 0.350382 0.350383 0.350390 0.350394 0.000000 0.000000
0.000000 0.000000 0.351543 0.351545 0.351541 0.351530 0.351523 0.351508 0.351506 0.351500 0.351505 0.351508 0.351512 0.351511 0.351516 0.351521 0.351528 0.351530 0.351534 0.000000 0.000000
0.000000 0.000000 0.353353 0.353353 0.353347 0.353332 0.353316 0.353298 0.353300 0.353297 0.353301 0.353299 0.353297 0.353301 0.353314 0.353328 0.353334 0.353341 0.353348 0.000000 0.000000
0.000000 0.000000 0.355487 0.355484 0.355484 0.355470 0.355454 0.355436 0.355437 0.355434 0.355434 0.355435 0.355433 0.355433 0.355450 0.355469 0.355479 0.355481 0.355487 0.000000 0.000000
0.000000 0.000000 0.357698 0.357693 0.357688 0.357677 0.357661 0.357639 0.357640 0.357636 0.357636 0.357638 0.357636 0.357637 0.357655 0.357674 0.357682 0.357688 0.357696 0.000000 0.000000
0.000000 0.000000 0.359883 0.359880 0.359877 0.359867 0.359848 0.359829 0.359832 0.359828 0.359829 0.359830 0.359827 0.359827 0.359846 0.359864 0.359872 0.359876 0.359882 0.000000 0.000000
0.000000 0.000000 0.362087 0.362083 0.362081 0.362072 0.362058 0.362035 0.362037 0.362032 0.362033 0.362034 0.362031 0.362031 0.362048 0.362062 0.362072 0.362077 0.362084 0.000000 0.000000
0.000000 0.000000 0.364367 0.364364 0.364359 0.364347 0.364332 0.364310 0.364309 0.364306 0.364307 0.364307 0.364305 0.364305 0.364326 0.364343 0.364352 0.364356 0.364379 0.000000 0.000000
0.000000 0.000000 0.366677 0.366673 0.366668 0.366658 0.366641 0.366594 0.366595 0.366590 0.366590 0.366591 0.366588 0.366589 0.366629 0.366649 0.366658 0.366663 0.366677 0.000000 0.000000
0.000000 0.000000 0.369125 0.369117 0.369115 0.369104 0.369056 0.369044 0.369037 0.369033 0.369034 0.369035 0.369031 0.369031 0.369044 0.369092 0.369102 0.369112 0.369121 0.000000 0.000000
0.000000 0.000000 0.371765 0.371759 0.371747 0.371705 0.371683 0.371653 0.371639 0.371634 0.371628 0.371627 0.371628 0.371624 0.371646 0.371680 0.371732 0.371730 0.371738 0.000000 0.000000
0.000000 0.000000 0.374498 0.374492 0.374441 0.374432 0.374418 0.374402 0.374401 0.374399 0.374402 0.374402 0.374394 0.374404 0.374412 0.374426 0.374427 0.374483 0.374497 0.000000 0.000000
0.000000 0.000000 0.377540 0.377472 0.377431 0.377411 0.377376 0.377356 0.377352 0.377349 0.377342 0.377343 0.377343 0.377337 0.377352 0.377393 0.377419 0.377447 0.377516 0.000000 0.000000
0.000000 0.000000 0.379905 0.379891 0.379936 0.379911 0.379880 0.379812 0.379806 0.379799 0.379803 0.379802 0.379798 0.379802 0.379864 0.379898 0.379937 0.379879 0.379906 0.000000 0.000000
0.000000 0.000000 0.350000 0.350000 0.350000 0.350000 0.350000 0.350000 0.350000 0.350000 0.350000 0.350000 0.350000 0.350000 0.350000 0.350000 0.350000 0.350000 0.350000 0.000000 0.000000
0.000000 0.000000 0.000000 0.000000 0.000000 0.000000 0.000000 0.000000 0.000000 0.000000 0.000000 0.000000 0.000000 0.000000 0.000000 0.000000 0.000000 0.000000 0.000000 0.000000 0.000000