geotop/1.0zi/1.0Montebello/Templates/testdem/maps/_Eocsand4085.asc
ncols         21
nrows         20
xllcorner     100.000000
yllcorner     100.000000
cellsize      50.000000
NODATA_value  -9999.0
0.000000 0.000000 0.000000 0.000000 0.000000 0.000000 0.000000 0.000000 0.000000 0.000000 0.000000 0.000000 0.000000 0.000000 0.000000 0.000000 0.000000 0.000000 0.000000 0.000000 0.000000
0.000000 0.000000 0.300104 0.300104 0.300103 0.300103 0.300103 0.300103 0.300103 0.300103 0.300103 0.300103 0.300103 0.300103 0.300103 0.300103 0.300103 0.300104 0.300104 0.000000 0.000000
0.000000 0.000000 0.300005 0.300004 0.300004 0.300004 0.300004 0.300003 0.300003 0.300003 0.300004 0.300004 0.300003 0.300003 0.300004 0.300004 0.300006 0.300006 0.300005 0.000000 0.000000
0.000000 0.000000 0.299974 0.299973 0.299976 0.299979 0.299977 0.299979 0.299977 0.299978 0.299978 0.299979 0.299979 0.299981 0.299976 0.299973 0.299973 0.299972 0.299974 0.000000 0.000000
0.000000 0.000000 0.299287 0.299282 0.299286 0.299285 0.299293 0.299297 0.299298 0.299301 0.299303 0.299298 0.299302 0.299302 0.299297 0.299298 0.299298 0.299293 0.299288 0.000000 0.000000
0.000000 0.000000 0.297025 0.297023 0.297030 0.297041 0.297045 0.297066 0.297067 0.297076 0.297068 0.297066 0.297063 0.297069 0.297071 0.297062 0.297053 0.297048 0.297043 0.000000 0.000000
0.000000 0.000000 0.293669 0.293673 0.293678 0.293696 0.293716 0.293748 0.293746 0.293752 0.293746 0.293748 0.293752 0.293756 0.293735 0.293708 0.293696 0.293689 0.293679 0.000000 0.000000
0.000000 0.000000 0.289816 0.289821 0.289829 0.289853 0.289876 0.289908 0.289904 0.289910 0.289910 0.289910 0.289917 0.289923 0.289892 0.289863 0.289845 0.289840 0.289830 0.000000 0.000000
0.000000 0.000000 0.285949 0.285957 0.285970 0.285987 0.286009 0.286047 0.286044 0.286051 0.286050 0.286049 0.286055 0.286059 0.286031 0.285998 0.285983 0.285976 0.285962 0.000000 0.000000
0.000000 0.000000 0.282104 0.282112 0.282122 0.282140 0.282168 0.282202 0.282196 0.282201 0.282201 0.282200 0.282208 0.282215 0.282182 0.282149 0.282135 0.282129 0.282118 0.000000 0.000000
0.000000 0.000000 0.278220 0.278228 0.278239 0.278252 0.278271 0.278312 0.278307 0.278316 0.278316 0.278314 0.278321 0.278327 0.278301 0.278277 0.278259 0.278251 0.278238 0.000000 0.000000
0.000000 0.000000 0.274216 0.274225 0.274238 0.274260 0.274281 0.274320 0.274320 0.274325 0.274325 0.274326 0.274331 0.274339 0.274302 0.274273 0.274257 0.274250 0.274206 0.000000 0.000000
0.000000 0.000000 0.270175 0.270185 0.270198 0.270214 0.270240 0.270321 0.270319 0.270326 0.270327 0.270326 0.270334 0.270339 0.270271 0.270237 0.270220 0.270213 0.270186 0.000000 0.000000
0.000000 0.000000 0.265917 0.265933 0.265944 0.265961 0.266038 0.266059 0.266071 0.266077 0.266076 0.266076 0.266085 0.266091 0.266070 0.265989 0.265971 0.265954 0.265938 0.000000 0.000000
0.000000 0.000000 0.261350 0.261363 0.261391 0.261459 0.261494 0.261542 0.261568 0.261577 0.261589 0.261590 0.261590 0.261606 0.261570 0.261512 0.261423 0.261426 0.261413 0.000000 0.000000
0.000000 0.000000 0.256661 0.256675 0.256765 0.256778 0.256797 0.256821 0.256824 0.256827 0.256823 0.256825 0.256841 0.256833 0.256824 0.256799 0.256796 0.256705 0.256682 0.000000 0.000000
0.000000 0.000000 0.251483 0.251595 0.251674 0.251703 0.251754 0.251782 0.251789 0.251793 0.251806 0.251805 0.251809 0.251825 0.251808 0.251742 0.251700 0.251651 0.251541 0.000000 0.000000
0.000000 0.000000 0.247400 0.247431 0.247369 0.247407 0.247453 0.247557 0.247567 0.247578 0.247575 0.247576 0.247587 0.247588 0.247498 0.247439 0.247373 0.247468 0.247419 0.000000 0.000000
0.000000 0.000000 0.300000 0.300000 0.300000 0.300000 0.300000 0.300000 0.300000 0.300000 0.300000 0.300000 0.300000 0.300000 0.300000 0.300000 0.300000 0.300000 0.300000 0.000000 0.000000
0.000000 0.000000 0.000000 0.000000 0.000000 0.000000 0.000000 0.000000 0.000000 0.000000 0.000000 0.000000 0.000000 0.000000 0.000000 0.000000 0.000000 0.000000 0.000000 0.000000 0.000000