geotop/1.0zi/1.0Montebello/Templates/testdem/maps/_Eocsand088K.asc
ncols         21
nrows         20
xllcorner     100.000000
yllcorner     100.000000
cellsize      50.000000
NODATA_value  -9999.0
0.000000 0.000000 0.000000 0.000000 0.000000 0.000000 0.000000 0.000000 0.000000 0.000000 0.000000 0.000000 0.000000 0.000000 0.000000 0.000000 0.000000 0.000000 0.000000 0.000000 0.000000
0.000000 0.000000 0.300274 0.300272 0.300272 0.300273 0.300272 0.300271 0.300272 0.300272 0.300273 0.300272 0.300272 0.300272 0.300272 0.300272 0.300273 0.300272 0.300272 0.000000 0.000000
0.000000 0.000000 0.300012 0.300014 0.300014 0.300012 0.300014 0.300014 0.300014 0.300014 0.300014 0.300014 0.300013 0.300013 0.300013 0.300013 0.300014 0.300015 0.300015 0.000000 0.000000
0.000000 0.000000 0.299719 0.299714 0.299723 0.299733 0.299733 0.299738 0.299732 0.299734 0.299733 0.299731 0.299730 0.299732 0.299726 0.299718 0.299715 0.299713 0.299714 0.000000 0.000000
0.000000 0.000000 0.296099 0.296108 0.296126 0.296167 0.296198 0.296212 0.296209 0.296210 0.296214 0.296207 0.296201 0.296202 0.296177 0.296161 0.296141 0.296127 0.296115 0.000000 0.000000
0.000000 0.000000 0.286881 0.286895 0.286938 0.287017 0.287090 0.287155 0.287149 0.287158 0.287162 0.287161 0.287150 0.287155 0.287117 0.287054 0.287020 0.286994 0.286982 0.000000 0.000000
0.000000 0.000000 0.274355 0.274383 0.274420 0.274513 0.274607 0.274738 0.274733 0.274740 0.274754 0.274754 0.274756 0.274752 0.274647 0.274569 0.274519 0.274484 0.274469 0.000000 0.000000
0.000000 0.000000 0.259303 0.259339 0.259380 0.259503 0.259607 0.259731 0.259727 0.259738 0.259755 0.259762 0.259766 0.259748 0.259650 0.259562 0.259481 0.259461 0.259431 0.000000 0.000000
0.000000 0.000000 0.242324 0.242373 0.242441 0.242538 0.242661 0.242811 0.242795 0.242817 0.242842 0.242847 0.242840 0.242850 0.242708 0.242599 0.242534 0.242504 0.242479 0.000000 0.000000
0.000000 0.000000 0.222876 0.222946 0.223008 0.223116 0.223256 0.223419 0.223416 0.223426 0.223464 0.223452 0.223435 0.223443 0.223329 0.223183 0.223102 0.223067 0.223058 0.000000 0.000000
0.000000 0.000000 0.199818 0.199878 0.199935 0.200179 0.200243 0.200472 0.200420 0.200524 0.200520 0.200540 0.200582 0.200519 0.200380 0.200291 0.200172 0.200128 0.200031 0.000000 0.000000
0.000000 0.000000 0.171811 0.171946 0.172110 0.172215 0.172352 0.172648 0.172675 0.172657 0.172635 0.172724 0.172677 0.172717 0.172449 0.172286 0.172228 0.172185 0.171993 0.000000 0.000000
0.000000 0.000000 0.140094 0.140217 0.140248 0.140509 0.140671 0.141504 0.141523 0.141569 0.141902 0.141676 0.141680 0.141603 0.140999 0.140878 0.140555 0.140536 0.140546 0.000000 0.000000
0.000000 0.000000 0.103517 0.103565 0.103841 0.103971 0.105034 0.104476 0.104699 0.104689 0.104481 0.104687 0.104714 0.104857 0.105343 0.104167 0.104193 0.103914 0.103765 0.000000 0.000000
0.000000 0.000000 0.073593 0.073680 0.073791 0.074636 0.074214 0.074790 0.074878 0.074933 0.075154 0.075193 0.075105 0.075083 0.074585 0.075008 0.073916 0.074182 0.074241 0.000000 0.000000
0.000000 0.000000 0.055239 0.055285 0.055714 0.055738 0.055713 0.055846 0.055698 0.055752 0.055718 0.055742 0.055793 0.055701 0.055635 0.055666 0.055817 0.055291 0.055315 0.000000 0.000000
0.000000 0.000000 0.042473 0.042618 0.042853 0.042855 0.042932 0.042993 0.042930 0.042951 0.042952 0.042963 0.042980 0.042944 0.042910 0.042854 0.042924 0.042641 0.042528 0.000000 0.000000
0.000000 0.000000 0.033994 0.034089 0.034202 0.034199 0.034280 0.034344 0.034306 0.034325 0.034317 0.034325 0.034334 0.034312 0.034262 0.034204 0.034248 0.034101 0.034019 0.000000 0.000000
0.000000 0.000000 0.300000 0.300000 0.300000 0.300000 0.300000 0.300000 0.300000 0.300000 0.300000 0.300000 0.300000 0.300000 0.300000 0.300000 0.300000 0.300000 0.300000 0.000000 0.000000
0.000000 0.000000 0.000000 0.000000 0.000000 0.000000 0.000000 0.000000 0.000000 0.000000 0.000000 0.000000 0.000000 0.000000 0.000000 0.000000 0.000000 0.000000 0.000000 0.000000 0.000000