geotop/1.0zi/1.0Montebello/Templates/testdem/maps/_Eocsilt1680.asc
ncols         21
nrows         20
xllcorner     100.000000
yllcorner     100.000000
cellsize      50.000000
NODATA_value  -9999.0
0.000000 0.000000 0.000000 0.000000 0.000000 0.000000 0.000000 0.000000 0.000000 0.000000 0.000000 0.000000 0.000000 0.000000 0.000000 0.000000 0.000000 0.000000 0.000000 0.000000 0.000000
0.000000 0.000000 0.350038 0.350038 0.350038 0.350038 0.350038 0.350038 0.350038 0.350038 0.350038 0.350038 0.350038 0.350038 0.350038 0.350038 0.350038 0.350038 0.350038 0.000000 0.000000
0.000000 0.000000 0.349998 0.349998 0.349998 0.349998 0.349998 0.349998 0.349998 0.349998 0.349998 0.349998 0.349998 0.349998 0.349998 0.349998 0.349998 0.349998 0.349998 0.000000 0.000000
0.000000 0.000000 0.350653 0.350653 0.350651 0.350652 0.350654 0.350654 0.350653 0.350654 0.350654 0.350654 0.350653 0.350654 0.350654 0.350652 0.350651 0.350653 0.350653 0.000000 0.000000
0.000000 0.000000 0.352973 0.352972 0.352970 0.352970 0.352973 0.352972 0.352972 0.352973 0.352973 0.352973 0.352972 0.352972 0.352973 0.352970 0.352970 0.352972 0.352973 0.000000 0.000000
0.000000 0.000000 0.355854 0.355854 0.355852 0.355853 0.355855 0.355855 0.355854 0.355855 0.355855 0.355855 0.355854 0.355855 0.355855 0.355853 0.355852 0.355854 0.355854 0.000000 0.000000
0.000000 0.000000 0.358501 0.358501 0.358499 0.358500 0.358502 0.358501 0.358501 0.358502 0.358502 0.358502 0.358501 0.358501 0.358502 0.358500 0.358499 0.358501 0.358501 0.000000 0.000000
0.000000 0.000000 0.360930 0.360930 0.360928 0.360929 0.360931 0.360930 0.360930 0.360931 0.360931 0.360931 0.360930 0.360930 0.360931 0.360929 0.360928 0.360930 0.360930 0.000000 0.000000
0.000000 0.000000 0.363205 0.363204 0.363203 0.363204 0.363205 0.363205 0.363205 0.363205 0.363205 0.363205 0.363205 0.363205 0.363205 0.363204 0.363203 0.363204 0.363205 0.000000 0.000000
0.000000 0.000000 0.365380 0.365380 0.365379 0.365379 0.365381 0.365380 0.365380 0.365381 0.365381 0.365381 0.365380 0.365380 0.365381 0.365379 0.365379 0.365380 0.365380 0.000000 0.000000
0.000000 0.000000 0.367480 0.367480 0.367478 0.367479 0.367480 0.367480 0.367480 0.367480 0.367480 0.367480 0.367480 0.367480 0.367480 0.367479 0.367478 0.367480 0.367480 0.000000 0.000000
0.000000 0.000000 0.369524 0.369523 0.369522 0.369523 0.369524 0.369524 0.369524 0.369524 0.369524 0.369524 0.369524 0.369524 0.369524 0.369523 0.369522 0.369523 0.369524 0.000000 0.000000
0.000000 0.000000 0.371526 0.371526 0.371525 0.371525 0.371527 0.371526 0.371526 0.371527 0.371527 0.371527 0.371526 0.371526 0.371527 0.371525 0.371525 0.371526 0.371526 0.000000 0.000000
0.000000 0.000000 0.373488 0.373488 0.373487 0.373488 0.373489 0.373489 0.373489 0.373489 0.373489 0.373489 0.373489 0.373489 0.373489 0.373488 0.373487 0.373488 0.373488 0.000000 0.000000
0.000000 0.000000 0.375419 0.375419 0.375418 0.375418 0.375420 0.375419 0.375419 0.375420 0.375420 0.375420 0.375419 0.375419 0.375420 0.375418 0.375418 0.375419 0.375419 0.000000 0.000000
0.000000 0.000000 0.377325 0.377325 0.377324 0.377324 0.377326 0.377325 0.377325 0.377326 0.377326 0.377326 0.377325 0.377325 0.377326 0.377324 0.377324 0.377325 0.377325 0.000000 0.000000
0.000000 0.000000 0.379208 0.379207 0.379206 0.379207 0.379208 0.379208 0.379208 0.379208 0.379208 0.379208 0.379208 0.379208 0.379208 0.379207 0.379206 0.379207 0.379208 0.000000 0.000000
0.000000 0.000000 0.381102 0.381102 0.381101 0.381102 0.381103 0.381103 0.381103 0.381103 0.381103 0.381103 0.381103 0.381103 0.381103 0.381102 0.381101 0.381102 0.381103 0.000000 0.000000
0.000000 0.000000 0.350000 0.350000 0.350000 0.350000 0.350000 0.350000 0.350000 0.350000 0.350000 0.350000 0.350000 0.350000 0.350000 0.350000 0.350000 0.350000 0.350000 0.000000 0.000000
0.000000 0.000000 0.000000 0.000000 0.000000 0.000000 0.000000 0.000000 0.000000 0.000000 0.000000 0.000000 0.000000 0.000000 0.000000 0.000000 0.000000 0.000000 0.000000 0.000000 0.000000