geotop/1.0zi/1.0Montebello/Templates/testdem/maps/_Eocsilt091@.asc
ncols         21
nrows         20
xllcorner     100.000000
yllcorner     100.000000
cellsize      50.000000
NODATA_value  -9999.0
0.000000 0.000000 0.000000 0.000000 0.000000 0.000000 0.000000 0.000000 0.000000 0.000000 0.000000 0.000000 0.000000 0.000000 0.000000 0.000000 0.000000 0.000000 0.000000 0.000000 0.000000
0.000000 0.000000 0.350237 0.350238 0.350238 0.350238 0.350237 0.350237 0.350237 0.350237 0.350237 0.350237 0.350237 0.350237 0.350237 0.350237 0.350238 0.350238 0.350238 0.000000 0.000000
0.000000 0.000000 0.350009 0.350009 0.350009 0.350009 0.350010 0.350010 0.350010 0.350010 0.350010 0.350010 0.350011 0.350010 0.350010 0.350009 0.350008 0.350007 0.350008 0.000000 0.000000
0.000000 0.000000 0.350202 0.350198 0.350191 0.350188 0.350186 0.350180 0.350182 0.350183 0.350182 0.350185 0.350186 0.350186 0.350187 0.350192 0.350195 0.350199 0.350200 0.000000 0.000000
0.000000 0.000000 0.351958 0.351962 0.351952 0.351926 0.351916 0.351907 0.351912 0.351909 0.351907 0.351910 0.351915 0.351913 0.351929 0.351938 0.351946 0.351952 0.351955 0.000000 0.000000
0.000000 0.000000 0.356485 0.356477 0.356460 0.356426 0.356389 0.356358 0.356357 0.356354 0.356352 0.356353 0.356358 0.356355 0.356375 0.356403 0.356418 0.356429 0.356436 0.000000 0.000000
0.000000 0.000000 0.362765 0.362751 0.362732 0.362684 0.362636 0.362572 0.362576 0.362574 0.362566 0.362565 0.362562 0.362567 0.362617 0.362655 0.362681 0.362700 0.362706 0.000000 0.000000
0.000000 0.000000 0.370294 0.370277 0.370257 0.370197 0.370145 0.370084 0.370086 0.370081 0.370072 0.370068 0.370066 0.370074 0.370123 0.370168 0.370209 0.370217 0.370231 0.000000 0.000000
0.000000 0.000000 0.378809 0.378784 0.378750 0.378701 0.378639 0.378563 0.378571 0.378561 0.378548 0.378546 0.378549 0.378544 0.378616 0.378670 0.378703 0.378719 0.378731 0.000000 0.000000
0.000000 0.000000 0.388542 0.388508 0.388476 0.388423 0.388353 0.388271 0.388273 0.388268 0.388248 0.388255 0.388263 0.388259 0.388316 0.388389 0.388429 0.388447 0.388450 0.000000 0.000000
0.000000 0.000000 0.400051 0.400022 0.399994 0.399872 0.399840 0.399726 0.399752 0.399701 0.399703 0.399692 0.399671 0.399703 0.399772 0.399817 0.399875 0.399897 0.399946 0.000000 0.000000
0.000000 0.000000 0.413999 0.413932 0.413850 0.413799 0.413731 0.413584 0.413570 0.413580 0.413590 0.413547 0.413570 0.413550 0.413684 0.413764 0.413793 0.413814 0.413909 0.000000 0.000000
0.000000 0.000000 0.429644 0.429584 0.429570 0.429443 0.429363 0.428955 0.428945 0.428923 0.428759 0.428871 0.428868 0.428906 0.429202 0.429261 0.429419 0.429428 0.429422 0.000000 0.000000
0.000000 0.000000 0.447205 0.447183 0.447054 0.446994 0.446497 0.446758 0.446654 0.446659 0.446756 0.446659 0.446646 0.446579 0.446353 0.446902 0.446890 0.447020 0.447089 0.000000 0.000000
0.000000 0.000000 0.460687 0.460652 0.460603 0.460258 0.460408 0.460183 0.460144 0.460122 0.460035 0.460016 0.460051 0.460058 0.460252 0.460103 0.460545 0.460444 0.460423 0.000000 0.000000
0.000000 0.000000 0.468460 0.468440 0.468323 0.468221 0.468270 0.468177 0.468201 0.468182 0.468167 0.468157 0.468155 0.468178 0.468246 0.468196 0.468285 0.468380 0.468369 0.000000 0.000000
0.000000 0.000000 0.473136 0.473181 0.472990 0.473052 0.473073 0.473057 0.473141 0.473117 0.473163 0.473151 0.473114 0.473165 0.473152 0.473136 0.472961 0.473240 0.473174 0.000000 0.000000
0.000000 0.000000 0.477504 0.477317 0.477178 0.477166 0.477103 0.477153 0.477147 0.477165 0.477116 0.477121 0.477130 0.477121 0.477083 0.477129 0.477144 0.477269 0.477449 0.000000 0.000000
0.000000 0.000000 0.350000 0.350000 0.350000 0.350000 0.350000 0.350000 0.350000 0.350000 0.350000 0.350000 0.350000 0.350000 0.350000 0.350000 0.350000 0.350000 0.350000 0.000000 0.000000
0.000000 0.000000 0.000000 0.000000 0.000000 0.000000 0.000000 0.000000 0.000000 0.000000 0.000000 0.000000 0.000000 0.000000 0.000000 0.000000 0.000000 0.000000 0.000000 0.000000 0.000000