geotop/1.0zi/1.0Montebello/Templates/testdem/maps/_Eocsand0711.asc
ncols         21
nrows         20
xllcorner     100.000000
yllcorner     100.000000
cellsize      50.000000
NODATA_value  -9999.0
0.000000 0.000000 0.000000 0.000000 0.000000 0.000000 0.000000 0.000000 0.000000 0.000000 0.000000 0.000000 0.000000 0.000000 0.000000 0.000000 0.000000 0.000000 0.000000 0.000000 0.000000
0.000000 0.000000 0.300029 0.300029 0.300029 0.300029 0.300029 0.300029 0.300029 0.300029 0.300029 0.300029 0.300029 0.300029 0.300029 0.300029 0.300029 0.300029 0.300029 0.000000 0.000000
0.000000 0.000000 0.300005 0.300006 0.300006 0.300005 0.300005 0.300005 0.300005 0.300005 0.300005 0.300005 0.300005 0.300005 0.300005 0.300005 0.300006 0.300006 0.300005 0.000000 0.000000
0.000000 0.000000 0.299360 0.299361 0.299366 0.299364 0.299360 0.299360 0.299360 0.299360 0.299360 0.299360 0.299360 0.299360 0.299360 0.299364 0.299366 0.299361 0.299360 0.000000 0.000000
0.000000 0.000000 0.297167 0.297170 0.297173 0.297174 0.297167 0.297168 0.297168 0.297167 0.297167 0.297167 0.297168 0.297168 0.297167 0.297174 0.297173 0.297170 0.297167 0.000000 0.000000
0.000000 0.000000 0.294738 0.294739 0.294742 0.294743 0.294737 0.294738 0.294738 0.294737 0.294738 0.294737 0.294738 0.294738 0.294737 0.294743 0.294742 0.294739 0.294738 0.000000 0.000000
0.000000 0.000000 0.292475 0.292476 0.292479 0.292478 0.292474 0.292475 0.292475 0.292474 0.292475 0.292474 0.292475 0.292475 0.292474 0.292478 0.292479 0.292476 0.292475 0.000000 0.000000
0.000000 0.000000 0.290384 0.290385 0.290388 0.290388 0.290384 0.290384 0.290385 0.290384 0.290384 0.290384 0.290385 0.290384 0.290384 0.290388 0.290388 0.290385 0.290384 0.000000 0.000000
0.000000 0.000000 0.288418 0.288419 0.288422 0.288421 0.288418 0.288419 0.288419 0.288418 0.288418 0.288418 0.288419 0.288419 0.288418 0.288421 0.288422 0.288419 0.288418 0.000000 0.000000
0.000000 0.000000 0.286519 0.286520 0.286522 0.286522 0.286519 0.286519 0.286519 0.286519 0.286519 0.286519 0.286519 0.286519 0.286519 0.286522 0.286522 0.286520 0.286519 0.000000 0.000000
0.000000 0.000000 0.284676 0.284677 0.284679 0.284679 0.284676 0.284676 0.284676 0.284676 0.284676 0.284676 0.284676 0.284676 0.284676 0.284679 0.284679 0.284677 0.284676 0.000000 0.000000
0.000000 0.000000 0.282871 0.282871 0.282874 0.282873 0.282871 0.282871 0.282871 0.282871 0.282871 0.282871 0.282871 0.282871 0.282871 0.282873 0.282874 0.282871 0.282871 0.000000 0.000000
0.000000 0.000000 0.281099 0.281099 0.281102 0.281101 0.281098 0.281099 0.281099 0.281098 0.281099 0.281098 0.281099 0.281099 0.281098 0.281101 0.281102 0.281099 0.281099 0.000000 0.000000
0.000000 0.000000 0.279355 0.279356 0.279358 0.279358 0.279355 0.279355 0.279355 0.279355 0.279355 0.279355 0.279355 0.279355 0.279355 0.279358 0.279358 0.279356 0.279355 0.000000 0.000000
0.000000 0.000000 0.277631 0.277632 0.277634 0.277633 0.277631 0.277631 0.277631 0.277631 0.277631 0.277631 0.277631 0.277631 0.277631 0.277633 0.277634 0.277632 0.277631 0.000000 0.000000
0.000000 0.000000 0.275918 0.275919 0.275921 0.275921 0.275918 0.275918 0.275918 0.275918 0.275918 0.275918 0.275918 0.275918 0.275918 0.275921 0.275921 0.275919 0.275918 0.000000 0.000000
0.000000 0.000000 0.274219 0.274220 0.274222 0.274221 0.274219 0.274219 0.274219 0.274219 0.274219 0.274219 0.274219 0.274219 0.274219 0.274221 0.274222 0.274220 0.274219 0.000000 0.000000
0.000000 0.000000 0.272494 0.272495 0.272497 0.272496 0.272494 0.272494 0.272494 0.272494 0.272494 0.272494 0.272494 0.272494 0.272494 0.272496 0.272497 0.272495 0.272494 0.000000 0.000000
0.000000 0.000000 0.300000 0.300000 0.300000 0.300000 0.300000 0.300000 0.300000 0.300000 0.300000 0.300000 0.300000 0.300000 0.300000 0.300000 0.300000 0.300000 0.300000 0.000000 0.000000
0.000000 0.000000 0.000000 0.000000 0.000000 0.000000 0.000000 0.000000 0.000000 0.000000 0.000000 0.000000 0.000000 0.000000 0.000000 0.000000 0.000000 0.000000 0.000000 0.000000 0.000000