geotop/1.0zi/1.0Montebello/Templates/testdem/maps/_Eocclay5572.asc
ncols         21
nrows         20
xllcorner     100.000000
yllcorner     100.000000
cellsize      50.000000
NODATA_value  -9999.0
0.000000 0.000000 0.000000 0.000000 0.000000 0.000000 0.000000 0.000000 0.000000 0.000000 0.000000 0.000000 0.000000 0.000000 0.000000 0.000000 0.000000 0.000000 0.000000 0.000000 0.000000
0.000000 0.000000 0.349750 0.349751 0.349751 0.349751 0.349751 0.349751 0.349751 0.349751 0.349751 0.349751 0.349751 0.349751 0.349751 0.349751 0.349751 0.349751 0.349751 0.000000 0.000000
0.000000 0.000000 0.349990 0.349990 0.349990 0.349990 0.349989 0.349989 0.349990 0.349989 0.349989 0.349989 0.349990 0.349990 0.349990 0.349990 0.349990 0.349990 0.349990 0.000000 0.000000
0.000000 0.000000 0.349988 0.349990 0.349987 0.349988 0.349990 0.349990 0.349990 0.349988 0.349990 0.349988 0.349988 0.349988 0.349990 0.349992 0.349990 0.349991 0.349990 0.000000 0.000000
0.000000 0.000000 0.350469 0.350469 0.350469 0.350465 0.350454 0.350450 0.350452 0.350453 0.350452 0.350452 0.350448 0.350448 0.350453 0.350452 0.350457 0.350459 0.350462 0.000000 0.000000
0.000000 0.000000 0.352030 0.352031 0.352025 0.352007 0.352001 0.351985 0.351984 0.351980 0.351984 0.351983 0.351987 0.351987 0.351990 0.352002 0.352007 0.352019 0.352024 0.000000 0.000000
0.000000 0.000000 0.354300 0.354298 0.354296 0.354280 0.354261 0.354234 0.354234 0.354230 0.354232 0.354234 0.354234 0.354233 0.354251 0.354271 0.354280 0.354289 0.354296 0.000000 0.000000
0.000000 0.000000 0.357063 0.357063 0.357061 0.357042 0.357023 0.356995 0.356995 0.356992 0.356993 0.356993 0.356991 0.356995 0.357015 0.357031 0.357046 0.357051 0.357060 0.000000 0.000000
0.000000 0.000000 0.359856 0.359853 0.359848 0.359837 0.359818 0.359791 0.359793 0.359787 0.359785 0.359787 0.359786 0.359784 0.359808 0.359827 0.359840 0.359843 0.359851 0.000000 0.000000
0.000000 0.000000 0.362681 0.362675 0.362674 0.362667 0.362638 0.362613 0.362615 0.362612 0.362608 0.362612 0.362616 0.362612 0.362632 0.362654 0.362668 0.362670 0.362676 0.000000 0.000000
0.000000 0.000000 0.365608 0.365605 0.365605 0.365586 0.365567 0.365538 0.365545 0.365531 0.365532 0.365533 0.365530 0.365536 0.365552 0.365566 0.365581 0.365589 0.365602 0.000000 0.000000
0.000000 0.000000 0.368671 0.368664 0.368657 0.368643 0.368627 0.368594 0.368595 0.368587 0.368596 0.368587 0.368588 0.368590 0.368619 0.368632 0.368642 0.368647 0.368678 0.000000 0.000000
0.000000 0.000000 0.371813 0.371807 0.371805 0.371789 0.371774 0.371708 0.371708 0.371702 0.371688 0.371696 0.371701 0.371706 0.371753 0.371765 0.371789 0.371791 0.371814 0.000000 0.000000
0.000000 0.000000 0.375217 0.375212 0.375205 0.375195 0.375131 0.375114 0.375100 0.375099 0.375094 0.375096 0.375097 0.375094 0.375101 0.375164 0.375184 0.375200 0.375223 0.000000 0.000000
0.000000 0.000000 0.378957 0.378952 0.378939 0.378875 0.378854 0.378816 0.378790 0.378786 0.378774 0.378768 0.378775 0.378769 0.378796 0.378826 0.378919 0.378912 0.378926 0.000000 0.000000
0.000000 0.000000 0.382903 0.382899 0.382815 0.382800 0.382796 0.382771 0.382788 0.382778 0.382785 0.382775 0.382765 0.382782 0.382795 0.382803 0.382797 0.382905 0.382909 0.000000 0.000000
0.000000 0.000000 0.387408 0.387294 0.387253 0.387221 0.387167 0.387139 0.387130 0.387128 0.387104 0.387100 0.387110 0.387106 0.387135 0.387175 0.387240 0.387267 0.387382 0.000000 0.000000
0.000000 0.000000 0.390724 0.390727 0.390829 0.390801 0.390757 0.390650 0.390648 0.390624 0.390638 0.390632 0.390639 0.390641 0.390738 0.390768 0.390841 0.390736 0.390740 0.000000 0.000000
0.000000 0.000000 0.350000 0.350000 0.350000 0.350000 0.350000 0.350000 0.350000 0.350000 0.350000 0.350000 0.350000 0.350000 0.350000 0.350000 0.350000 0.350000 0.350000 0.000000 0.000000
0.000000 0.000000 0.000000 0.000000 0.000000 0.000000 0.000000 0.000000 0.000000 0.000000 0.000000 0.000000 0.000000 0.000000 0.000000 0.000000 0.000000 0.000000 0.000000 0.000000 0.000000