geotop/1.0zi/1.0Montebello/Templates/testdem/maps/_Eocsilt8390.asc
ncols         21
nrows         20
xllcorner     100.000000
yllcorner     100.000000
cellsize      50.000000
NODATA_value  -9999.0
0.000000 0.000000 0.000000 0.000000 0.000000 0.000000 0.000000 0.000000 0.000000 0.000000 0.000000 0.000000 0.000000 0.000000 0.000000 0.000000 0.000000 0.000000 0.000000 0.000000 0.000000
0.000000 0.000000 0.350174 0.350174 0.350174 0.350175 0.350174 0.350174 0.350174 0.350174 0.350174 0.350174 0.350174 0.350174 0.350174 0.350174 0.350175 0.350174 0.350174 0.000000 0.000000
0.000000 0.000000 0.350006 0.350005 0.350006 0.350005 0.350006 0.350006 0.350006 0.350006 0.350006 0.350006 0.350007 0.350007 0.350006 0.350005 0.350004 0.350004 0.350005 0.000000 0.000000
0.000000 0.000000 0.350102 0.350099 0.350097 0.350091 0.350092 0.350087 0.350090 0.350090 0.350087 0.350089 0.350089 0.350089 0.350092 0.350095 0.350099 0.350098 0.350100 0.000000 0.000000
0.000000 0.000000 0.351047 0.351054 0.351046 0.351037 0.351030 0.351022 0.351020 0.351019 0.351018 0.351018 0.351019 0.351021 0.351033 0.351039 0.351042 0.351053 0.351054 0.000000 0.000000
0.000000 0.000000 0.353828 0.353828 0.353820 0.353803 0.353783 0.353761 0.353758 0.353752 0.353757 0.353757 0.353758 0.353757 0.353771 0.353784 0.353797 0.353805 0.353811 0.000000 0.000000
0.000000 0.000000 0.357845 0.357839 0.357830 0.357803 0.357769 0.357732 0.357732 0.357729 0.357729 0.357728 0.357725 0.357730 0.357762 0.357789 0.357807 0.357822 0.357829 0.000000 0.000000
0.000000 0.000000 0.362602 0.362599 0.362593 0.362564 0.362533 0.362492 0.362492 0.362486 0.362485 0.362483 0.362480 0.362487 0.362522 0.362550 0.362578 0.362584 0.362597 0.000000 0.000000
0.000000 0.000000 0.367736 0.367726 0.367712 0.367692 0.367657 0.367611 0.367613 0.367604 0.367601 0.367599 0.367600 0.367599 0.367644 0.367679 0.367700 0.367712 0.367723 0.000000 0.000000
0.000000 0.000000 0.373172 0.373162 0.373154 0.373136 0.373087 0.373045 0.373045 0.373040 0.373033 0.373037 0.373042 0.373040 0.373077 0.373119 0.373143 0.373152 0.373160 0.000000 0.000000
0.000000 0.000000 0.379079 0.379074 0.379067 0.379021 0.378989 0.378938 0.378951 0.378922 0.378928 0.378925 0.378914 0.378932 0.378968 0.378993 0.379026 0.379043 0.379065 0.000000 0.000000
0.000000 0.000000 0.385670 0.385651 0.385632 0.385608 0.385566 0.385507 0.385501 0.385496 0.385508 0.385487 0.385494 0.385496 0.385560 0.385594 0.385614 0.385628 0.385681 0.000000 0.000000
0.000000 0.000000 0.392824 0.392805 0.392804 0.392760 0.392729 0.392567 0.392563 0.392556 0.392510 0.392535 0.392541 0.392556 0.392680 0.392711 0.392773 0.392779 0.392806 0.000000 0.000000
0.000000 0.000000 0.401256 0.401252 0.401221 0.401193 0.400990 0.401009 0.400967 0.400968 0.400981 0.400965 0.400960 0.400947 0.400926 0.401141 0.401171 0.401229 0.401268 0.000000 0.000000
0.000000 0.000000 0.411211 0.411193 0.411152 0.410894 0.410923 0.410791 0.410732 0.410719 0.410672 0.410641 0.410669 0.410664 0.410792 0.410779 0.411124 0.411069 0.411074 0.000000 0.000000
0.000000 0.000000 0.422065 0.422049 0.421677 0.421788 0.421758 0.421727 0.421867 0.421823 0.421897 0.421871 0.421807 0.421900 0.421904 0.421928 0.421643 0.422188 0.422180 0.000000 0.000000
0.000000 0.000000 0.435288 0.434719 0.434853 0.434634 0.434351 0.434263 0.434099 0.434137 0.433963 0.433979 0.434077 0.433977 0.434126 0.434338 0.434831 0.434502 0.435097 0.000000 0.000000
0.000000 0.000000 0.439895 0.440414 0.440876 0.440877 0.440905 0.440457 0.440533 0.440401 0.440617 0.440572 0.440537 0.440611 0.440982 0.440964 0.440960 0.440606 0.440099 0.000000 0.000000
0.000000 0.000000 0.350000 0.350000 0.350000 0.350000 0.350000 0.350000 0.350000 0.350000 0.350000 0.350000 0.350000 0.350000 0.350000 0.350000 0.350000 0.350000 0.350000 0.000000 0.000000
0.000000 0.000000 0.000000 0.000000 0.000000 0.000000 0.000000 0.000000 0.000000 0.000000 0.000000 0.000000 0.000000 0.000000 0.000000 0.000000 0.000000 0.000000 0.000000 0.000000 0.000000