geotop/1.0zi/1.0Montebello/Templates/testdem/maps/_Eocsand2144.asc
ncols         21
nrows         20
xllcorner     100.000000
yllcorner     100.000000
cellsize      50.000000
NODATA_value  -9999.0
0.000000 0.000000 0.000000 0.000000 0.000000 0.000000 0.000000 0.000000 0.000000 0.000000 0.000000 0.000000 0.000000 0.000000 0.000000 0.000000 0.000000 0.000000 0.000000 0.000000 0.000000
0.000000 0.000000 0.300064 0.300064 0.300064 0.300064 0.300064 0.300064 0.300064 0.300064 0.300064 0.300064 0.300064 0.300064 0.300064 0.300064 0.300064 0.300064 0.300064 0.000000 0.000000
0.000000 0.000000 0.300010 0.300010 0.300010 0.300009 0.300010 0.300010 0.300010 0.300010 0.300010 0.300010 0.300010 0.300010 0.300010 0.300009 0.300010 0.300010 0.300010 0.000000 0.000000
0.000000 0.000000 0.298640 0.298640 0.298645 0.298643 0.298639 0.298640 0.298640 0.298639 0.298639 0.298639 0.298640 0.298640 0.298639 0.298643 0.298645 0.298640 0.298640 0.000000 0.000000
0.000000 0.000000 0.292952 0.292953 0.292957 0.292956 0.292950 0.292952 0.292952 0.292949 0.292949 0.292949 0.292952 0.292952 0.292950 0.292956 0.292957 0.292953 0.292952 0.000000 0.000000
0.000000 0.000000 0.285867 0.285869 0.285871 0.285871 0.285866 0.285868 0.285868 0.285866 0.285866 0.285866 0.285868 0.285868 0.285866 0.285871 0.285871 0.285869 0.285867 0.000000 0.000000
0.000000 0.000000 0.279260 0.279261 0.279263 0.279263 0.279259 0.279260 0.279260 0.279259 0.279258 0.279259 0.279260 0.279260 0.279259 0.279263 0.279263 0.279261 0.279260 0.000000 0.000000
0.000000 0.000000 0.273197 0.273198 0.273200 0.273200 0.273196 0.273198 0.273198 0.273196 0.273196 0.273196 0.273198 0.273198 0.273196 0.273200 0.273200 0.273198 0.273197 0.000000 0.000000
0.000000 0.000000 0.267530 0.267531 0.267533 0.267532 0.267529 0.267530 0.267530 0.267529 0.267529 0.267529 0.267530 0.267530 0.267529 0.267532 0.267533 0.267531 0.267530 0.000000 0.000000
0.000000 0.000000 0.262122 0.262122 0.262125 0.262124 0.262121 0.262122 0.262122 0.262121 0.262120 0.262121 0.262122 0.262122 0.262121 0.262124 0.262125 0.262122 0.262122 0.000000 0.000000
0.000000 0.000000 0.256911 0.256912 0.256914 0.256913 0.256911 0.256912 0.256912 0.256910 0.256910 0.256910 0.256912 0.256912 0.256911 0.256913 0.256914 0.256912 0.256911 0.000000 0.000000
0.000000 0.000000 0.251852 0.251853 0.251855 0.251854 0.251852 0.251853 0.251853 0.251851 0.251851 0.251851 0.251853 0.251853 0.251852 0.251854 0.251855 0.251853 0.251852 0.000000 0.000000
0.000000 0.000000 0.246909 0.246910 0.246912 0.246911 0.246909 0.246910 0.246910 0.246908 0.246908 0.246908 0.246910 0.246910 0.246909 0.246911 0.246912 0.246910 0.246909 0.000000 0.000000
0.000000 0.000000 0.242070 0.242070 0.242072 0.242072 0.242069 0.242070 0.242070 0.242069 0.242068 0.242069 0.242070 0.242070 0.242069 0.242072 0.242072 0.242070 0.242070 0.000000 0.000000
0.000000 0.000000 0.237314 0.237314 0.237317 0.237316 0.237313 0.237314 0.237314 0.237313 0.237313 0.237313 0.237314 0.237314 0.237313 0.237316 0.237317 0.237314 0.237314 0.000000 0.000000
0.000000 0.000000 0.232632 0.232633 0.232635 0.232634 0.232632 0.232632 0.232632 0.232631 0.232631 0.232631 0.232632 0.232632 0.232632 0.232634 0.232635 0.232633 0.232632 0.000000 0.000000
0.000000 0.000000 0.228023 0.228023 0.228025 0.228025 0.228022 0.228023 0.228023 0.228022 0.228022 0.228022 0.228023 0.228023 0.228022 0.228025 0.228025 0.228023 0.228023 0.000000 0.000000
0.000000 0.000000 0.223421 0.223420 0.223423 0.223422 0.223420 0.223420 0.223420 0.223419 0.223419 0.223419 0.223420 0.223420 0.223420 0.223422 0.223423 0.223421 0.223420 0.000000 0.000000
0.000000 0.000000 0.300000 0.300000 0.300000 0.300000 0.300000 0.300000 0.300000 0.300000 0.300000 0.300000 0.300000 0.300000 0.300000 0.300000 0.300000 0.300000 0.300000 0.000000 0.000000
0.000000 0.000000 0.000000 0.000000 0.000000 0.000000 0.000000 0.000000 0.000000 0.000000 0.000000 0.000000 0.000000 0.000000 0.000000 0.000000 0.000000 0.000000 0.000000 0.000000 0.000000