geotop/1.0zi/1.0Montebello/Templates/testdem/maps/_Eocsilt1461.asc
ncols         21
nrows         20
xllcorner     100.000000
yllcorner     100.000000
cellsize      50.000000
NODATA_value  -9999.0
0.000000 0.000000 0.000000 0.000000 0.000000 0.000000 0.000000 0.000000 0.000000 0.000000 0.000000 0.000000 0.000000 0.000000 0.000000 0.000000 0.000000 0.000000 0.000000 0.000000 0.000000
0.000000 0.000000 0.350030 0.350030 0.350030 0.350030 0.350030 0.350030 0.350030 0.350030 0.350030 0.350030 0.350030 0.350030 0.350030 0.350030 0.350030 0.350030 0.350030 0.000000 0.000000
0.000000 0.000000 0.349999 0.349999 0.349999 0.350000 0.349999 0.349999 0.349999 0.349999 0.349999 0.349999 0.349999 0.349999 0.349999 0.350000 0.349999 0.349999 0.349999 0.000000 0.000000
0.000000 0.000000 0.350606 0.350606 0.350603 0.350604 0.350606 0.350606 0.350606 0.350606 0.350606 0.350606 0.350606 0.350606 0.350606 0.350604 0.350603 0.350606 0.350606 0.000000 0.000000
0.000000 0.000000 0.352624 0.352624 0.352621 0.352621 0.352624 0.352624 0.352623 0.352624 0.352624 0.352624 0.352623 0.352624 0.352624 0.352621 0.352621 0.352624 0.352624 0.000000 0.000000
0.000000 0.000000 0.355112 0.355112 0.355110 0.355110 0.355113 0.355112 0.355112 0.355112 0.355112 0.355112 0.355112 0.355112 0.355113 0.355110 0.355110 0.355112 0.355112 0.000000 0.000000
0.000000 0.000000 0.357398 0.357398 0.357396 0.357396 0.357399 0.357398 0.357398 0.357398 0.357398 0.357398 0.357398 0.357398 0.357399 0.357396 0.357396 0.357398 0.357398 0.000000 0.000000
0.000000 0.000000 0.359497 0.359497 0.359495 0.359496 0.359498 0.359497 0.359497 0.359498 0.359498 0.359498 0.359497 0.359497 0.359498 0.359496 0.359495 0.359497 0.359497 0.000000 0.000000
0.000000 0.000000 0.361464 0.361464 0.361462 0.361463 0.361464 0.361464 0.361464 0.361464 0.361464 0.361464 0.361464 0.361464 0.361464 0.361463 0.361462 0.361464 0.361464 0.000000 0.000000
0.000000 0.000000 0.363347 0.363347 0.363346 0.363346 0.363348 0.363347 0.363347 0.363348 0.363348 0.363348 0.363347 0.363347 0.363348 0.363346 0.363346 0.363347 0.363347 0.000000 0.000000
0.000000 0.000000 0.365167 0.365166 0.365165 0.365166 0.365167 0.365167 0.365167 0.365167 0.365167 0.365167 0.365167 0.365167 0.365167 0.365166 0.365165 0.365166 0.365167 0.000000 0.000000
0.000000 0.000000 0.366940 0.366939 0.366938 0.366938 0.366940 0.366939 0.366939 0.366940 0.366940 0.366940 0.366939 0.366939 0.366940 0.366938 0.366938 0.366939 0.366940 0.000000 0.000000
0.000000 0.000000 0.368681 0.368681 0.368679 0.368680 0.368681 0.368681 0.368681 0.368681 0.368681 0.368681 0.368681 0.368681 0.368681 0.368680 0.368679 0.368681 0.368681 0.000000 0.000000
0.000000 0.000000 0.370390 0.370390 0.370388 0.370389 0.370390 0.370390 0.370390 0.370390 0.370390 0.370390 0.370390 0.370390 0.370390 0.370389 0.370388 0.370390 0.370390 0.000000 0.000000
0.000000 0.000000 0.372076 0.372075 0.372074 0.372074 0.372076 0.372075 0.372075 0.372076 0.372076 0.372076 0.372075 0.372075 0.372076 0.372074 0.372074 0.372075 0.372076 0.000000 0.000000
0.000000 0.000000 0.373743 0.373743 0.373742 0.373742 0.373744 0.373743 0.373743 0.373744 0.373744 0.373744 0.373743 0.373743 0.373744 0.373742 0.373742 0.373743 0.373743 0.000000 0.000000
0.000000 0.000000 0.375393 0.375393 0.375391 0.375392 0.375393 0.375393 0.375393 0.375393 0.375393 0.375393 0.375393 0.375393 0.375393 0.375392 0.375391 0.375393 0.375393 0.000000 0.000000
0.000000 0.000000 0.377064 0.377064 0.377063 0.377063 0.377065 0.377064 0.377064 0.377065 0.377065 0.377065 0.377064 0.377064 0.377065 0.377063 0.377063 0.377064 0.377064 0.000000 0.000000
0.000000 0.000000 0.350000 0.350000 0.350000 0.350000 0.350000 0.350000 0.350000 0.350000 0.350000 0.350000 0.350000 0.350000 0.350000 0.350000 0.350000 0.350000 0.350000 0.000000 0.000000
0.000000 0.000000 0.000000 0.000000 0.000000 0.000000 0.000000 0.000000 0.000000 0.000000 0.000000 0.000000 0.000000 0.000000 0.000000 0.000000 0.000000 0.000000 0.000000 0.000000 0.000000