geotop/1.0zi/1.0Montebello/Templates/testdem/maps/_Eocsilt8527.asc
ncols         21
nrows         20
xllcorner     100.000000
yllcorner     100.000000
cellsize      50.000000
NODATA_value  -9999.0
0.000000 0.000000 0.000000 0.000000 0.000000 0.000000 0.000000 0.000000 0.000000 0.000000 0.000000 0.000000 0.000000 0.000000 0.000000 0.000000 0.000000 0.000000 0.000000 0.000000 0.000000
0.000000 0.000000 0.350178 0.350179 0.350179 0.350179 0.350178 0.350179 0.350179 0.350179 0.350179 0.350178 0.350178 0.350178 0.350178 0.350179 0.350179 0.350179 0.350179 0.000000 0.000000
0.000000 0.000000 0.350006 0.350006 0.350006 0.350005 0.350006 0.350006 0.350006 0.350006 0.350007 0.350006 0.350007 0.350007 0.350006 0.350005 0.350004 0.350004 0.350005 0.000000 0.000000
0.000000 0.000000 0.350102 0.350099 0.350096 0.350091 0.350092 0.350087 0.350090 0.350090 0.350087 0.350089 0.350089 0.350089 0.350092 0.350095 0.350098 0.350098 0.350100 0.000000 0.000000
0.000000 0.000000 0.351077 0.351083 0.351071 0.351060 0.351051 0.351044 0.351043 0.351040 0.351041 0.351043 0.351047 0.351046 0.351059 0.351063 0.351067 0.351076 0.351078 0.000000 0.000000
0.000000 0.000000 0.353949 0.353947 0.353938 0.353919 0.353898 0.353876 0.353874 0.353868 0.353873 0.353873 0.353877 0.353874 0.353888 0.353901 0.353914 0.353921 0.353928 0.000000 0.000000
0.000000 0.000000 0.358093 0.358086 0.358075 0.358046 0.358011 0.357974 0.357975 0.357971 0.357972 0.357972 0.357969 0.357974 0.358006 0.358033 0.358051 0.358066 0.358074 0.000000 0.000000
0.000000 0.000000 0.362995 0.362991 0.362984 0.362954 0.362921 0.362880 0.362880 0.362874 0.362874 0.362872 0.362870 0.362877 0.362912 0.362940 0.362968 0.362974 0.362987 0.000000 0.000000
0.000000 0.000000 0.368297 0.368285 0.368269 0.368249 0.368212 0.368165 0.368168 0.368158 0.368156 0.368154 0.368157 0.368155 0.368200 0.368236 0.368258 0.368269 0.368280 0.000000 0.000000
0.000000 0.000000 0.373931 0.373919 0.373910 0.373890 0.373838 0.373797 0.373797 0.373792 0.373785 0.373790 0.373796 0.373793 0.373831 0.373873 0.373898 0.373907 0.373914 0.000000 0.000000
0.000000 0.000000 0.380080 0.380073 0.380064 0.380015 0.379981 0.379929 0.379943 0.379913 0.379920 0.379917 0.379908 0.379925 0.379962 0.379987 0.380021 0.380038 0.380061 0.000000 0.000000
0.000000 0.000000 0.386969 0.386947 0.386926 0.386900 0.386855 0.386794 0.386788 0.386783 0.386797 0.386776 0.386785 0.386786 0.386852 0.386886 0.386907 0.386921 0.386976 0.000000 0.000000
0.000000 0.000000 0.394478 0.394455 0.394453 0.394405 0.394371 0.394201 0.394198 0.394190 0.394142 0.394171 0.394178 0.394193 0.394324 0.394355 0.394420 0.394425 0.394452 0.000000 0.000000
0.000000 0.000000 0.403379 0.403372 0.403336 0.403305 0.403086 0.403113 0.403070 0.403070 0.403088 0.403071 0.403067 0.403050 0.403024 0.403254 0.403283 0.403344 0.403384 0.000000 0.000000
0.000000 0.000000 0.413916 0.413893 0.413848 0.413566 0.413605 0.413460 0.413401 0.413386 0.413336 0.413305 0.413338 0.413332 0.413472 0.413446 0.413819 0.413755 0.413758 0.000000 0.000000
0.000000 0.000000 0.425338 0.425318 0.424915 0.425046 0.425008 0.424982 0.425139 0.425091 0.425176 0.425151 0.425083 0.425182 0.425180 0.425206 0.424878 0.425469 0.425461 0.000000 0.000000
0.000000 0.000000 0.439047 0.438448 0.438605 0.438365 0.438065 0.437974 0.437797 0.437838 0.437653 0.437674 0.437782 0.437671 0.437829 0.438049 0.438582 0.438208 0.438831 0.000000 0.000000
0.000000 0.000000 0.443502 0.444035 0.444498 0.444500 0.444530 0.444078 0.444161 0.444026 0.444250 0.444206 0.444170 0.444245 0.444619 0.444596 0.444582 0.444230 0.443705 0.000000 0.000000
0.000000 0.000000 0.350000 0.350000 0.350000 0.350000 0.350000 0.350000 0.350000 0.350000 0.350000 0.350000 0.350000 0.350000 0.350000 0.350000 0.350000 0.350000 0.350000 0.000000 0.000000
0.000000 0.000000 0.000000 0.000000 0.000000 0.000000 0.000000 0.000000 0.000000 0.000000 0.000000 0.000000 0.000000 0.000000 0.000000 0.000000 0.000000 0.000000 0.000000 0.000000 0.000000