geotop/1.0zi/1.0Montebello/Templates/testdem/maps/_Eocsilt2025.asc
ncols         21
nrows         20
xllcorner     100.000000
yllcorner     100.000000
cellsize      50.000000
NODATA_value  -9999.0
0.000000 0.000000 0.000000 0.000000 0.000000 0.000000 0.000000 0.000000 0.000000 0.000000 0.000000 0.000000 0.000000 0.000000 0.000000 0.000000 0.000000 0.000000 0.000000 0.000000 0.000000
0.000000 0.000000 0.350046 0.350046 0.350046 0.350046 0.350046 0.350046 0.350046 0.350046 0.350046 0.350046 0.350046 0.350046 0.350046 0.350046 0.350046 0.350046 0.350046 0.000000 0.000000
0.000000 0.000000 0.349999 0.349998 0.349999 0.349999 0.349999 0.349999 0.349999 0.349999 0.349999 0.349999 0.349999 0.349999 0.349999 0.349999 0.349999 0.349998 0.349999 0.000000 0.000000
0.000000 0.000000 0.350695 0.350694 0.350692 0.350693 0.350695 0.350695 0.350695 0.350695 0.350695 0.350695 0.350695 0.350695 0.350695 0.350693 0.350692 0.350694 0.350695 0.000000 0.000000
0.000000 0.000000 0.353302 0.353302 0.353300 0.353300 0.353303 0.353302 0.353302 0.353303 0.353303 0.353303 0.353302 0.353302 0.353303 0.353300 0.353300 0.353302 0.353302 0.000000 0.000000
0.000000 0.000000 0.356685 0.356685 0.356683 0.356683 0.356686 0.356685 0.356685 0.356686 0.356686 0.356686 0.356685 0.356685 0.356686 0.356683 0.356683 0.356685 0.356685 0.000000 0.000000
0.000000 0.000000 0.359798 0.359797 0.359796 0.359796 0.359798 0.359798 0.359798 0.359798 0.359799 0.359798 0.359798 0.359798 0.359798 0.359796 0.359796 0.359797 0.359798 0.000000 0.000000
0.000000 0.000000 0.362649 0.362648 0.362647 0.362647 0.362649 0.362648 0.362648 0.362649 0.362649 0.362649 0.362648 0.362648 0.362649 0.362647 0.362647 0.362648 0.362649 0.000000 0.000000
0.000000 0.000000 0.365313 0.365313 0.365312 0.365312 0.365314 0.365313 0.365313 0.365314 0.365314 0.365314 0.365313 0.365313 0.365314 0.365312 0.365312 0.365313 0.365313 0.000000 0.000000
0.000000 0.000000 0.367857 0.367857 0.367855 0.367856 0.367857 0.367857 0.367857 0.367857 0.367858 0.367857 0.367857 0.367857 0.367857 0.367856 0.367855 0.367857 0.367857 0.000000 0.000000
0.000000 0.000000 0.370308 0.370308 0.370307 0.370307 0.370308 0.370308 0.370308 0.370309 0.370309 0.370309 0.370308 0.370308 0.370308 0.370307 0.370307 0.370308 0.370308 0.000000 0.000000
0.000000 0.000000 0.372689 0.372689 0.372687 0.372688 0.372689 0.372689 0.372689 0.372689 0.372689 0.372689 0.372689 0.372689 0.372689 0.372688 0.372687 0.372689 0.372689 0.000000 0.000000
0.000000 0.000000 0.375015 0.375015 0.375014 0.375014 0.375015 0.375015 0.375015 0.375016 0.375016 0.375016 0.375015 0.375015 0.375015 0.375014 0.375014 0.375015 0.375015 0.000000 0.000000
0.000000 0.000000 0.377293 0.377293 0.377292 0.377292 0.377294 0.377293 0.377293 0.377294 0.377294 0.377294 0.377293 0.377293 0.377294 0.377292 0.377292 0.377293 0.377293 0.000000 0.000000
0.000000 0.000000 0.379534 0.379534 0.379533 0.379533 0.379534 0.379534 0.379534 0.379534 0.379535 0.379534 0.379534 0.379534 0.379534 0.379533 0.379533 0.379534 0.379534 0.000000 0.000000
0.000000 0.000000 0.381743 0.381743 0.381741 0.381742 0.381743 0.381743 0.381743 0.381743 0.381743 0.381743 0.381743 0.381743 0.381743 0.381742 0.381741 0.381743 0.381743 0.000000 0.000000
0.000000 0.000000 0.383919 0.383919 0.383918 0.383918 0.383920 0.383919 0.383919 0.383920 0.383920 0.383920 0.383919 0.383919 0.383920 0.383918 0.383918 0.383919 0.383919 0.000000 0.000000
0.000000 0.000000 0.386096 0.386096 0.386095 0.386095 0.386096 0.386096 0.386096 0.386097 0.386097 0.386097 0.386096 0.386096 0.386096 0.386095 0.386095 0.386096 0.386096 0.000000 0.000000
0.000000 0.000000 0.350000 0.350000 0.350000 0.350000 0.350000 0.350000 0.350000 0.350000 0.350000 0.350000 0.350000 0.350000 0.350000 0.350000 0.350000 0.350000 0.350000 0.000000 0.000000
0.000000 0.000000 0.000000 0.000000 0.000000 0.000000 0.000000 0.000000 0.000000 0.000000 0.000000 0.000000 0.000000 0.000000 0.000000 0.000000 0.000000 0.000000 0.000000 0.000000 0.000000