geotop/1.0zi/1.0Montebello/Templates/testdem/maps/_Eocsilt8047.asc
ncols         21
nrows         20
xllcorner     100.000000
yllcorner     100.000000
cellsize      50.000000
NODATA_value  -9999.0
0.000000 0.000000 0.000000 0.000000 0.000000 0.000000 0.000000 0.000000 0.000000 0.000000 0.000000 0.000000 0.000000 0.000000 0.000000 0.000000 0.000000 0.000000 0.000000 0.000000 0.000000
0.000000 0.000000 0.350168 0.350169 0.350169 0.350170 0.350169 0.350169 0.350169 0.350169 0.350169 0.350169 0.350169 0.350169 0.350169 0.350169 0.350170 0.350169 0.350169 0.000000 0.000000
0.000000 0.000000 0.350005 0.350005 0.350005 0.350005 0.350006 0.350005 0.350005 0.350006 0.350006 0.350006 0.350006 0.350006 0.350006 0.350005 0.350003 0.350004 0.350005 0.000000 0.000000
0.000000 0.000000 0.350103 0.350099 0.350097 0.350091 0.350092 0.350087 0.350090 0.350090 0.350087 0.350089 0.350089 0.350089 0.350092 0.350095 0.350099 0.350099 0.350100 0.000000 0.000000
0.000000 0.000000 0.351018 0.351024 0.351019 0.351009 0.351002 0.350994 0.350990 0.350989 0.350989 0.350989 0.350990 0.350992 0.351006 0.351010 0.351014 0.351023 0.351026 0.000000 0.000000
0.000000 0.000000 0.353699 0.353700 0.353689 0.353673 0.353654 0.353631 0.353630 0.353624 0.353628 0.353629 0.353630 0.353629 0.353641 0.353654 0.353667 0.353675 0.353680 0.000000 0.000000
0.000000 0.000000 0.357536 0.357532 0.357521 0.357494 0.357462 0.357427 0.357427 0.357423 0.357424 0.357422 0.357420 0.357425 0.357455 0.357482 0.357500 0.357515 0.357522 0.000000 0.000000
0.000000 0.000000 0.362073 0.362071 0.362065 0.362037 0.362005 0.361967 0.361967 0.361962 0.361961 0.361958 0.361956 0.361963 0.361996 0.362024 0.362051 0.362057 0.362069 0.000000 0.000000
0.000000 0.000000 0.366950 0.366941 0.366926 0.366907 0.366874 0.366830 0.366832 0.366822 0.366820 0.366818 0.366820 0.366818 0.366861 0.366895 0.366917 0.366927 0.366938 0.000000 0.000000
0.000000 0.000000 0.372076 0.372067 0.372059 0.372040 0.371993 0.371954 0.371954 0.371949 0.371943 0.371946 0.371951 0.371949 0.371985 0.372024 0.372049 0.372056 0.372064 0.000000 0.000000
0.000000 0.000000 0.377609 0.377603 0.377593 0.377553 0.377520 0.377474 0.377484 0.377459 0.377462 0.377461 0.377452 0.377468 0.377501 0.377526 0.377556 0.377573 0.377593 0.000000 0.000000
0.000000 0.000000 0.383736 0.383719 0.383699 0.383674 0.383637 0.383579 0.383575 0.383568 0.383581 0.383562 0.383568 0.383571 0.383630 0.383660 0.383682 0.383693 0.383744 0.000000 0.000000
0.000000 0.000000 0.390337 0.390321 0.390313 0.390276 0.390243 0.390095 0.390093 0.390084 0.390046 0.390065 0.390074 0.390087 0.390200 0.390230 0.390286 0.390292 0.390318 0.000000 0.000000
0.000000 0.000000 0.398036 0.398031 0.397999 0.397974 0.397791 0.397802 0.397764 0.397764 0.397774 0.397763 0.397758 0.397750 0.397736 0.397925 0.397957 0.398007 0.398042 0.000000 0.000000
0.000000 0.000000 0.407071 0.407055 0.407017 0.406787 0.406800 0.406686 0.406634 0.406621 0.406582 0.406554 0.406579 0.406574 0.406685 0.406685 0.406989 0.406944 0.406950 0.000000 0.000000
0.000000 0.000000 0.416955 0.416940 0.416610 0.416690 0.416666 0.416630 0.416750 0.416710 0.416773 0.416749 0.416696 0.416778 0.416789 0.416808 0.416581 0.417051 0.417044 0.000000 0.000000
0.000000 0.000000 0.429143 0.428630 0.428720 0.428532 0.428273 0.428196 0.428062 0.428092 0.427942 0.427954 0.428039 0.427957 0.428087 0.428278 0.428701 0.428443 0.428976 0.000000 0.000000
0.000000 0.000000 0.433910 0.434367 0.434806 0.434801 0.434811 0.434390 0.434454 0.434332 0.434525 0.434485 0.434458 0.434523 0.434877 0.434868 0.434886 0.434535 0.434088 0.000000 0.000000
0.000000 0.000000 0.350000 0.350000 0.350000 0.350000 0.350000 0.350000 0.350000 0.350000 0.350000 0.350000 0.350000 0.350000 0.350000 0.350000 0.350000 0.350000 0.350000 0.000000 0.000000
0.000000 0.000000 0.000000 0.000000 0.000000 0.000000 0.000000 0.000000 0.000000 0.000000 0.000000 0.000000 0.000000 0.000000 0.000000 0.000000 0.000000 0.000000 0.000000 0.000000 0.000000