geotop/1.0zi/1.0Montebello/Templates/testdem/maps/_Eocclay6387.asc
ncols         21
nrows         20
xllcorner     100.000000
yllcorner     100.000000
cellsize      50.000000
NODATA_value  -9999.0
0.000000 0.000000 0.000000 0.000000 0.000000 0.000000 0.000000 0.000000 0.000000 0.000000 0.000000 0.000000 0.000000 0.000000 0.000000 0.000000 0.000000 0.000000 0.000000 0.000000 0.000000
0.000000 0.000000 0.349715 0.349716 0.349716 0.349715 0.349716 0.349716 0.349716 0.349716 0.349715 0.349716 0.349716 0.349716 0.349716 0.349716 0.349714 0.349714 0.349716 0.000000 0.000000
0.000000 0.000000 0.349989 0.349989 0.349989 0.349990 0.349988 0.349988 0.349988 0.349988 0.349988 0.349987 0.349988 0.349987 0.349988 0.349988 0.349989 0.349989 0.349987 0.000000 0.000000
0.000000 0.000000 0.349983 0.349988 0.349984 0.349985 0.349986 0.349986 0.349988 0.349984 0.349989 0.349986 0.349987 0.349986 0.349986 0.349988 0.349986 0.349988 0.349987 0.000000 0.000000
0.000000 0.000000 0.350598 0.350597 0.350595 0.350591 0.350578 0.350575 0.350575 0.350578 0.350575 0.350574 0.350569 0.350571 0.350578 0.350578 0.350584 0.350585 0.350593 0.000000 0.000000
0.000000 0.000000 0.352421 0.352422 0.352415 0.352392 0.352385 0.352366 0.352367 0.352362 0.352364 0.352366 0.352369 0.352369 0.352374 0.352389 0.352398 0.352410 0.352414 0.000000 0.000000
0.000000 0.000000 0.355118 0.355117 0.355111 0.355093 0.355070 0.355041 0.355040 0.355035 0.355037 0.355039 0.355039 0.355038 0.355061 0.355085 0.355096 0.355105 0.355113 0.000000 0.000000
0.000000 0.000000 0.358361 0.358361 0.358356 0.358334 0.358311 0.358280 0.358280 0.358277 0.358277 0.358276 0.358274 0.358280 0.358305 0.358325 0.358343 0.358349 0.358360 0.000000 0.000000
0.000000 0.000000 0.361701 0.361698 0.361688 0.361675 0.361653 0.361621 0.361623 0.361617 0.361614 0.361615 0.361614 0.361613 0.361643 0.361667 0.361683 0.361687 0.361697 0.000000 0.000000
0.000000 0.000000 0.365119 0.365113 0.365109 0.365098 0.365065 0.365036 0.365038 0.365034 0.365030 0.365033 0.365038 0.365034 0.365060 0.365088 0.365104 0.365108 0.365116 0.000000 0.000000
0.000000 0.000000 0.368702 0.368699 0.368695 0.368671 0.368649 0.368616 0.368623 0.368607 0.368607 0.368609 0.368604 0.368614 0.368634 0.368652 0.368671 0.368681 0.368697 0.000000 0.000000
0.000000 0.000000 0.372505 0.372499 0.372487 0.372469 0.372448 0.372409 0.372409 0.372401 0.372410 0.372400 0.372401 0.372405 0.372442 0.372459 0.372473 0.372479 0.372516 0.000000 0.000000
0.000000 0.000000 0.376461 0.376453 0.376447 0.376427 0.376408 0.376324 0.376324 0.376317 0.376298 0.376308 0.376314 0.376321 0.376384 0.376401 0.376432 0.376435 0.376461 0.000000 0.000000
0.000000 0.000000 0.380821 0.380816 0.380803 0.380787 0.380702 0.380685 0.380666 0.380665 0.380660 0.380662 0.380661 0.380658 0.380668 0.380756 0.380781 0.380803 0.380830 0.000000 0.000000
0.000000 0.000000 0.385696 0.385691 0.385671 0.385577 0.385554 0.385504 0.385472 0.385466 0.385450 0.385438 0.385451 0.385445 0.385486 0.385520 0.385651 0.385639 0.385655 0.000000 0.000000
0.000000 0.000000 0.390920 0.390914 0.390787 0.390775 0.390768 0.390739 0.390770 0.390754 0.390768 0.390754 0.390738 0.390767 0.390785 0.390795 0.390770 0.390933 0.390936 0.000000 0.000000
0.000000 0.000000 0.397057 0.396879 0.396837 0.396784 0.396696 0.396659 0.396637 0.396639 0.396596 0.396595 0.396614 0.396602 0.396650 0.396717 0.396825 0.396835 0.397020 0.000000 0.000000
0.000000 0.000000 0.401214 0.401261 0.401427 0.401390 0.401340 0.401174 0.401174 0.401135 0.401169 0.401159 0.401167 0.401174 0.401327 0.401363 0.401455 0.401287 0.401253 0.000000 0.000000
0.000000 0.000000 0.350000 0.350000 0.350000 0.350000 0.350000 0.350000 0.350000 0.350000 0.350000 0.350000 0.350000 0.350000 0.350000 0.350000 0.350000 0.350000 0.350000 0.000000 0.000000
0.000000 0.000000 0.000000 0.000000 0.000000 0.000000 0.000000 0.000000 0.000000 0.000000 0.000000 0.000000 0.000000 0.000000 0.000000 0.000000 0.000000 0.000000 0.000000 0.000000 0.000000