geotop/1.0zi/1.0Montebello/Templates/testdem/maps/_Eocsand7418.asc
ncols         21
nrows         20
xllcorner     100.000000
yllcorner     100.000000
cellsize      50.000000
NODATA_value  -9999.0
0.000000 0.000000 0.000000 0.000000 0.000000 0.000000 0.000000 0.000000 0.000000 0.000000 0.000000 0.000000 0.000000 0.000000 0.000000 0.000000 0.000000 0.000000 0.000000 0.000000 0.000000
0.000000 0.000000 0.300189 0.300187 0.300186 0.300187 0.300186 0.300186 0.300186 0.300186 0.300187 0.300186 0.300186 0.300187 0.300186 0.300186 0.300188 0.300187 0.300187 0.000000 0.000000
0.000000 0.000000 0.300010 0.300011 0.300010 0.300009 0.300010 0.300010 0.300010 0.300010 0.300010 0.300010 0.300009 0.300010 0.300010 0.300010 0.300011 0.300011 0.300012 0.000000 0.000000
0.000000 0.000000 0.299891 0.299890 0.299895 0.299902 0.299898 0.299906 0.299901 0.299903 0.299903 0.299903 0.299903 0.299905 0.299900 0.299895 0.299893 0.299890 0.299890 0.000000 0.000000
0.000000 0.000000 0.298106 0.298103 0.298111 0.298126 0.298147 0.298156 0.298163 0.298160 0.298164 0.298163 0.298167 0.298161 0.298138 0.298132 0.298122 0.298111 0.298102 0.000000 0.000000
0.000000 0.000000 0.293260 0.293261 0.293281 0.293323 0.293353 0.293397 0.293397 0.293408 0.293401 0.293401 0.293398 0.293398 0.293376 0.293346 0.293321 0.293299 0.293288 0.000000 0.000000
0.000000 0.000000 0.286425 0.286431 0.286449 0.286496 0.286554 0.286621 0.286622 0.286630 0.286628 0.286629 0.286632 0.286626 0.286568 0.286516 0.286485 0.286458 0.286443 0.000000 0.000000
0.000000 0.000000 0.278278 0.278282 0.278294 0.278347 0.278403 0.278476 0.278476 0.278484 0.278486 0.278491 0.278496 0.278482 0.278419 0.278369 0.278321 0.278306 0.278283 0.000000 0.000000
0.000000 0.000000 0.269672 0.269686 0.269712 0.269745 0.269804 0.269882 0.269878 0.269895 0.269900 0.269904 0.269902 0.269904 0.269827 0.269764 0.269727 0.269708 0.269688 0.000000 0.000000
0.000000 0.000000 0.260705 0.260722 0.260735 0.260767 0.260852 0.260921 0.260920 0.260929 0.260941 0.260935 0.260925 0.260930 0.260865 0.260794 0.260750 0.260736 0.260722 0.000000 0.000000
0.000000 0.000000 0.251127 0.251138 0.251152 0.251221 0.251280 0.251360 0.251343 0.251386 0.251382 0.251383 0.251399 0.251370 0.251313 0.251268 0.251214 0.251185 0.251148 0.000000 0.000000
0.000000 0.000000 0.240678 0.240706 0.240737 0.240783 0.240846 0.240946 0.240950 0.240964 0.240942 0.240976 0.240968 0.240960 0.240858 0.240806 0.240769 0.240748 0.240656 0.000000 0.000000
0.000000 0.000000 0.229569 0.229597 0.229611 0.229671 0.229727 0.229969 0.229972 0.229987 0.230049 0.230020 0.230005 0.229982 0.229796 0.229744 0.229651 0.229640 0.229588 0.000000 0.000000
0.000000 0.000000 0.216867 0.216877 0.216924 0.216968 0.217252 0.217259 0.217319 0.217319 0.217313 0.217324 0.217331 0.217340 0.217346 0.217051 0.216991 0.216912 0.216848 0.000000 0.000000
0.000000 0.000000 0.202191 0.202215 0.202277 0.202617 0.202632 0.202798 0.202889 0.202906 0.202964 0.203008 0.202971 0.202982 0.202820 0.202781 0.202325 0.202380 0.202359 0.000000 0.000000
0.000000 0.000000 0.186144 0.186169 0.186651 0.186586 0.186615 0.186689 0.186530 0.186589 0.186511 0.186556 0.186626 0.186508 0.186468 0.186442 0.186696 0.186030 0.186037 0.000000 0.000000
0.000000 0.000000 0.166360 0.167114 0.167079 0.167329 0.167709 0.167824 0.167982 0.167948 0.168153 0.168144 0.168036 0.168130 0.167942 0.167662 0.167110 0.167342 0.166567 0.000000 0.000000
0.000000 0.000000 0.156355 0.155801 0.155096 0.155153 0.155207 0.155866 0.155807 0.155982 0.155737 0.155795 0.155810 0.155735 0.155159 0.155122 0.154970 0.155588 0.156117 0.000000 0.000000
0.000000 0.000000 0.300000 0.300000 0.300000 0.300000 0.300000 0.300000 0.300000 0.300000 0.300000 0.300000 0.300000 0.300000 0.300000 0.300000 0.300000 0.300000 0.300000 0.000000 0.000000
0.000000 0.000000 0.000000 0.000000 0.000000 0.000000 0.000000 0.000000 0.000000 0.000000 0.000000 0.000000 0.000000 0.000000 0.000000 0.000000 0.000000 0.000000 0.000000 0.000000 0.000000