geotop/1.0zi/1.0Montebello/Templates/testdem/maps/_Eocsilt0507.asc
ncols         21
nrows         20
xllcorner     100.000000
yllcorner     100.000000
cellsize      50.000000
NODATA_value  -9999.0
0.000000 0.000000 0.000000 0.000000 0.000000 0.000000 0.000000 0.000000 0.000000 0.000000 0.000000 0.000000 0.000000 0.000000 0.000000 0.000000 0.000000 0.000000 0.000000 0.000000 0.000000
0.000000 0.000000 0.350010 0.350010 0.350010 0.350010 0.350010 0.350010 0.350010 0.350010 0.350010 0.350010 0.350010 0.350010 0.350010 0.350010 0.350010 0.350010 0.350010 0.000000 0.000000
0.000000 0.000000 0.349998 0.349997 0.349997 0.349997 0.349998 0.349998 0.349998 0.349998 0.349998 0.349998 0.349998 0.349998 0.349998 0.349997 0.349997 0.349997 0.349998 0.000000 0.000000
0.000000 0.000000 0.350280 0.350280 0.350277 0.350280 0.350280 0.350280 0.350280 0.350280 0.350280 0.350280 0.350280 0.350280 0.350280 0.350280 0.350277 0.350280 0.350280 0.000000 0.000000
0.000000 0.000000 0.351141 0.351141 0.351139 0.351141 0.351141 0.351141 0.351141 0.351141 0.351141 0.351141 0.351141 0.351141 0.351141 0.351141 0.351139 0.351141 0.351141 0.000000 0.000000
0.000000 0.000000 0.352051 0.352051 0.352049 0.352051 0.352051 0.352051 0.352051 0.352051 0.352051 0.352051 0.352051 0.352051 0.352051 0.352051 0.352049 0.352051 0.352051 0.000000 0.000000
0.000000 0.000000 0.352873 0.352873 0.352871 0.352873 0.352873 0.352873 0.352873 0.352873 0.352873 0.352873 0.352873 0.352873 0.352873 0.352873 0.352871 0.352873 0.352873 0.000000 0.000000
0.000000 0.000000 0.353633 0.353633 0.353631 0.353633 0.353633 0.353633 0.353633 0.353633 0.353633 0.353633 0.353633 0.353633 0.353633 0.353633 0.353631 0.353633 0.353633 0.000000 0.000000
0.000000 0.000000 0.354350 0.354350 0.354349 0.354350 0.354350 0.354350 0.354350 0.354350 0.354350 0.354350 0.354350 0.354350 0.354350 0.354350 0.354349 0.354350 0.354350 0.000000 0.000000
0.000000 0.000000 0.355041 0.355041 0.355040 0.355041 0.355041 0.355041 0.355041 0.355041 0.355041 0.355041 0.355041 0.355041 0.355041 0.355041 0.355040 0.355041 0.355041 0.000000 0.000000
0.000000 0.000000 0.355713 0.355713 0.355712 0.355713 0.355713 0.355713 0.355713 0.355713 0.355713 0.355713 0.355713 0.355713 0.355713 0.355713 0.355712 0.355713 0.355713 0.000000 0.000000
0.000000 0.000000 0.356372 0.356372 0.356370 0.356372 0.356372 0.356372 0.356372 0.356372 0.356372 0.356372 0.356372 0.356372 0.356372 0.356372 0.356370 0.356372 0.356372 0.000000 0.000000
0.000000 0.000000 0.357018 0.357018 0.357017 0.357018 0.357018 0.357018 0.357018 0.357018 0.357018 0.357018 0.357018 0.357018 0.357018 0.357018 0.357017 0.357018 0.357018 0.000000 0.000000
0.000000 0.000000 0.357653 0.357653 0.357652 0.357653 0.357653 0.357654 0.357654 0.357654 0.357653 0.357654 0.357654 0.357654 0.357653 0.357653 0.357652 0.357653 0.357653 0.000000 0.000000
0.000000 0.000000 0.358282 0.358282 0.358281 0.358282 0.358282 0.358282 0.358282 0.358282 0.358282 0.358282 0.358282 0.358282 0.358282 0.358282 0.358281 0.358282 0.358282 0.000000 0.000000
0.000000 0.000000 0.358909 0.358909 0.358907 0.358909 0.358909 0.358909 0.358909 0.358909 0.358909 0.358909 0.358909 0.358909 0.358909 0.358909 0.358907 0.358909 0.358909 0.000000 0.000000
0.000000 0.000000 0.359528 0.359528 0.359526 0.359527 0.359528 0.359528 0.359528 0.359528 0.359528 0.359528 0.359528 0.359528 0.359528 0.359527 0.359526 0.359528 0.359528 0.000000 0.000000
0.000000 0.000000 0.360159 0.360159 0.360158 0.360159 0.360159 0.360159 0.360159 0.360159 0.360159 0.360159 0.360159 0.360159 0.360159 0.360159 0.360158 0.360159 0.360159 0.000000 0.000000
0.000000 0.000000 0.350000 0.350000 0.350000 0.350000 0.350000 0.350000 0.350000 0.350000 0.350000 0.350000 0.350000 0.350000 0.350000 0.350000 0.350000 0.350000 0.350000 0.000000 0.000000
0.000000 0.000000 0.000000 0.000000 0.000000 0.000000 0.000000 0.000000 0.000000 0.000000 0.000000 0.000000 0.000000 0.000000 0.000000 0.000000 0.000000 0.000000 0.000000 0.000000 0.000000