geotop/1.0zi/1.0Montebello/Templates/testdem/maps/_Eocclay0600.asc
ncols         21
nrows         20
xllcorner     100.000000
yllcorner     100.000000
cellsize      50.000000
NODATA_value  -9999.0
0.000000 0.000000 0.000000 0.000000 0.000000 0.000000 0.000000 0.000000 0.000000 0.000000 0.000000 0.000000 0.000000 0.000000 0.000000 0.000000 0.000000 0.000000 0.000000 0.000000 0.000000
0.000000 0.000000 0.349967 0.349967 0.349967 0.349967 0.349967 0.349967 0.349967 0.349967 0.349967 0.349967 0.349967 0.349967 0.349967 0.349967 0.349967 0.349967 0.349967 0.000000 0.000000
0.000000 0.000000 0.349997 0.349997 0.349996 0.349997 0.349997 0.349997 0.349997 0.349997 0.349997 0.349997 0.349997 0.349997 0.349997 0.349997 0.349996 0.349997 0.349997 0.000000 0.000000
0.000000 0.000000 0.350281 0.350281 0.350279 0.350281 0.350281 0.350281 0.350281 0.350281 0.350281 0.350281 0.350281 0.350281 0.350281 0.350281 0.350279 0.350281 0.350281 0.000000 0.000000
0.000000 0.000000 0.351239 0.351239 0.351237 0.351239 0.351239 0.351239 0.351239 0.351239 0.351239 0.351239 0.351239 0.351239 0.351239 0.351239 0.351237 0.351239 0.351239 0.000000 0.000000
0.000000 0.000000 0.352226 0.352226 0.352225 0.352226 0.352226 0.352227 0.352227 0.352227 0.352226 0.352227 0.352227 0.352227 0.352226 0.352226 0.352225 0.352226 0.352226 0.000000 0.000000
0.000000 0.000000 0.353167 0.353167 0.353165 0.353167 0.353167 0.353167 0.353167 0.353167 0.353167 0.353167 0.353167 0.353167 0.353167 0.353167 0.353165 0.353167 0.353167 0.000000 0.000000
0.000000 0.000000 0.354044 0.354044 0.354043 0.354044 0.354044 0.354045 0.354045 0.354044 0.354044 0.354044 0.354045 0.354045 0.354044 0.354044 0.354043 0.354044 0.354044 0.000000 0.000000
0.000000 0.000000 0.354875 0.354875 0.354873 0.354875 0.354875 0.354875 0.354875 0.354875 0.354875 0.354875 0.354875 0.354875 0.354875 0.354875 0.354873 0.354875 0.354875 0.000000 0.000000
0.000000 0.000000 0.355677 0.355677 0.355675 0.355676 0.355677 0.355677 0.355677 0.355677 0.355677 0.355677 0.355677 0.355677 0.355677 0.355676 0.355675 0.355677 0.355677 0.000000 0.000000
0.000000 0.000000 0.356458 0.356458 0.356456 0.356457 0.356458 0.356458 0.356458 0.356458 0.356458 0.356458 0.356458 0.356458 0.356458 0.356457 0.356456 0.356458 0.356458 0.000000 0.000000
0.000000 0.000000 0.357224 0.357224 0.357223 0.357224 0.357224 0.357224 0.357224 0.357224 0.357224 0.357224 0.357224 0.357224 0.357224 0.357224 0.357223 0.357224 0.357224 0.000000 0.000000
0.000000 0.000000 0.357978 0.357978 0.357977 0.357978 0.357978 0.357978 0.357978 0.357978 0.357978 0.357978 0.357978 0.357978 0.357978 0.357978 0.357977 0.357978 0.357978 0.000000 0.000000
0.000000 0.000000 0.358722 0.358722 0.358720 0.358721 0.358722 0.358722 0.358722 0.358722 0.358722 0.358722 0.358722 0.358722 0.358722 0.358721 0.358720 0.358722 0.358722 0.000000 0.000000
0.000000 0.000000 0.359459 0.359459 0.359457 0.359459 0.359459 0.359459 0.359459 0.359459 0.359459 0.359459 0.359459 0.359459 0.359459 0.359459 0.359457 0.359459 0.359459 0.000000 0.000000
0.000000 0.000000 0.360193 0.360193 0.360192 0.360193 0.360193 0.360193 0.360193 0.360193 0.360193 0.360193 0.360193 0.360193 0.360193 0.360193 0.360192 0.360193 0.360193 0.000000 0.000000
0.000000 0.000000 0.360921 0.360921 0.360919 0.360920 0.360921 0.360921 0.360921 0.360921 0.360921 0.360921 0.360921 0.360921 0.360921 0.360920 0.360919 0.360921 0.360921 0.000000 0.000000
0.000000 0.000000 0.361655 0.361655 0.361654 0.361655 0.361656 0.361656 0.361656 0.361656 0.361656 0.361656 0.361656 0.361656 0.361656 0.361655 0.361654 0.361655 0.361655 0.000000 0.000000
0.000000 0.000000 0.350000 0.350000 0.350000 0.350000 0.350000 0.350000 0.350000 0.350000 0.350000 0.350000 0.350000 0.350000 0.350000 0.350000 0.350000 0.350000 0.350000 0.000000 0.000000
0.000000 0.000000 0.000000 0.000000 0.000000 0.000000 0.000000 0.000000 0.000000 0.000000 0.000000 0.000000 0.000000 0.000000 0.000000 0.000000 0.000000 0.000000 0.000000 0.000000 0.000000