geotop/1.0zi/1.0Montebello/Templates/testdem/maps/_Eocsand1803.asc
ncols         21
nrows         20
xllcorner     100.000000
yllcorner     100.000000
cellsize      50.000000
NODATA_value  -9999.0
0.000000 0.000000 0.000000 0.000000 0.000000 0.000000 0.000000 0.000000 0.000000 0.000000 0.000000 0.000000 0.000000 0.000000 0.000000 0.000000 0.000000 0.000000 0.000000 0.000000 0.000000
0.000000 0.000000 0.300055 0.300055 0.300055 0.300055 0.300055 0.300055 0.300055 0.300055 0.300055 0.300055 0.300055 0.300055 0.300055 0.300055 0.300055 0.300055 0.300055 0.000000 0.000000
0.000000 0.000000 0.300008 0.300009 0.300009 0.300008 0.300008 0.300008 0.300008 0.300008 0.300008 0.300008 0.300008 0.300008 0.300008 0.300008 0.300009 0.300009 0.300008 0.000000 0.000000
0.000000 0.000000 0.298667 0.298668 0.298672 0.298670 0.298667 0.298667 0.298667 0.298667 0.298667 0.298667 0.298667 0.298667 0.298667 0.298670 0.298672 0.298668 0.298667 0.000000 0.000000
0.000000 0.000000 0.293494 0.293495 0.293499 0.293499 0.293492 0.293494 0.293494 0.293492 0.293492 0.293492 0.293494 0.293494 0.293492 0.293499 0.293499 0.293495 0.293494 0.000000 0.000000
0.000000 0.000000 0.287356 0.287357 0.287360 0.287360 0.287354 0.287356 0.287356 0.287355 0.287355 0.287355 0.287356 0.287356 0.287354 0.287360 0.287360 0.287357 0.287356 0.000000 0.000000
0.000000 0.000000 0.281657 0.281657 0.281660 0.281659 0.281655 0.281656 0.281656 0.281655 0.281655 0.281655 0.281656 0.281656 0.281655 0.281659 0.281660 0.281657 0.281657 0.000000 0.000000
0.000000 0.000000 0.276429 0.276430 0.276433 0.276432 0.276428 0.276429 0.276429 0.276428 0.276428 0.276428 0.276429 0.276429 0.276428 0.276432 0.276433 0.276430 0.276429 0.000000 0.000000
0.000000 0.000000 0.271541 0.271542 0.271544 0.271543 0.271540 0.271541 0.271541 0.271540 0.271540 0.271540 0.271541 0.271541 0.271540 0.271543 0.271544 0.271542 0.271541 0.000000 0.000000
0.000000 0.000000 0.266870 0.266871 0.266873 0.266872 0.266869 0.266870 0.266870 0.266869 0.266869 0.266869 0.266870 0.266870 0.266869 0.266872 0.266873 0.266871 0.266870 0.000000 0.000000
0.000000 0.000000 0.262367 0.262367 0.262370 0.262369 0.262366 0.262366 0.262366 0.262366 0.262366 0.262366 0.262366 0.262366 0.262366 0.262369 0.262370 0.262367 0.262367 0.000000 0.000000
0.000000 0.000000 0.257988 0.257988 0.257990 0.257989 0.257987 0.257987 0.257987 0.257987 0.257987 0.257987 0.257987 0.257987 0.257987 0.257989 0.257990 0.257988 0.257988 0.000000 0.000000
0.000000 0.000000 0.253700 0.253701 0.253703 0.253702 0.253699 0.253700 0.253700 0.253699 0.253699 0.253699 0.253700 0.253700 0.253699 0.253702 0.253703 0.253701 0.253700 0.000000 0.000000
0.000000 0.000000 0.249500 0.249500 0.249502 0.249501 0.249499 0.249499 0.249499 0.249499 0.249499 0.249499 0.249499 0.249499 0.249499 0.249501 0.249502 0.249500 0.249500 0.000000 0.000000
0.000000 0.000000 0.245367 0.245368 0.245370 0.245369 0.245366 0.245367 0.245367 0.245366 0.245366 0.245366 0.245367 0.245367 0.245366 0.245369 0.245370 0.245368 0.245367 0.000000 0.000000
0.000000 0.000000 0.241291 0.241291 0.241294 0.241293 0.241290 0.241291 0.241291 0.241290 0.241290 0.241290 0.241291 0.241291 0.241290 0.241293 0.241294 0.241291 0.241291 0.000000 0.000000
0.000000 0.000000 0.237271 0.237272 0.237274 0.237273 0.237271 0.237271 0.237271 0.237271 0.237271 0.237271 0.237271 0.237271 0.237271 0.237273 0.237274 0.237272 0.237271 0.000000 0.000000
0.000000 0.000000 0.233222 0.233222 0.233224 0.233223 0.233220 0.233221 0.233221 0.233220 0.233220 0.233220 0.233221 0.233221 0.233220 0.233223 0.233224 0.233222 0.233221 0.000000 0.000000
0.000000 0.000000 0.300000 0.300000 0.300000 0.300000 0.300000 0.300000 0.300000 0.300000 0.300000 0.300000 0.300000 0.300000 0.300000 0.300000 0.300000 0.300000 0.300000 0.000000 0.000000
0.000000 0.000000 0.000000 0.000000 0.000000 0.000000 0.000000 0.000000 0.000000 0.000000 0.000000 0.000000 0.000000 0.000000 0.000000 0.000000 0.000000 0.000000 0.000000 0.000000 0.000000