geotop/1.0zi/1.0Montebello/Templates/testdem/maps/_Eocsilt2956.asc
ncols         21
nrows         20
xllcorner     100.000000
yllcorner     100.000000
cellsize      50.000000
NODATA_value  -9999.0
0.000000 0.000000 0.000000 0.000000 0.000000 0.000000 0.000000 0.000000 0.000000 0.000000 0.000000 0.000000 0.000000 0.000000 0.000000 0.000000 0.000000 0.000000 0.000000 0.000000 0.000000
0.000000 0.000000 0.350078 0.350078 0.350078 0.350078 0.350078 0.350078 0.350078 0.350078 0.350077 0.350078 0.350078 0.350078 0.350078 0.350078 0.350078 0.350078 0.350078 0.000000 0.000000
0.000000 0.000000 0.349996 0.349996 0.349996 0.349996 0.349996 0.349996 0.349996 0.349996 0.349997 0.349996 0.349996 0.349996 0.349996 0.349996 0.349996 0.349996 0.349996 0.000000 0.000000
0.000000 0.000000 0.351112 0.351111 0.351109 0.351110 0.351112 0.351112 0.351112 0.351112 0.351112 0.351112 0.351112 0.351112 0.351112 0.351110 0.351109 0.351111 0.351112 0.000000 0.000000
0.000000 0.000000 0.355290 0.355290 0.355288 0.355288 0.355291 0.355290 0.355290 0.355291 0.355291 0.355291 0.355290 0.355290 0.355291 0.355288 0.355288 0.355290 0.355290 0.000000 0.000000
0.000000 0.000000 0.360491 0.360491 0.360489 0.360489 0.360492 0.360491 0.360491 0.360492 0.360492 0.360492 0.360491 0.360491 0.360492 0.360489 0.360489 0.360491 0.360491 0.000000 0.000000
0.000000 0.000000 0.365210 0.365210 0.365209 0.365209 0.365211 0.365210 0.365210 0.365211 0.365211 0.365211 0.365210 0.365210 0.365211 0.365209 0.365209 0.365210 0.365210 0.000000 0.000000
0.000000 0.000000 0.369483 0.369482 0.369481 0.369481 0.369483 0.369483 0.369483 0.369483 0.369484 0.369483 0.369483 0.369483 0.369483 0.369481 0.369481 0.369482 0.369483 0.000000 0.000000
0.000000 0.000000 0.373434 0.373434 0.373433 0.373433 0.373434 0.373434 0.373434 0.373435 0.373435 0.373435 0.373434 0.373434 0.373434 0.373433 0.373433 0.373434 0.373434 0.000000 0.000000
0.000000 0.000000 0.377158 0.377158 0.377157 0.377157 0.377158 0.377158 0.377158 0.377159 0.377159 0.377159 0.377158 0.377158 0.377158 0.377157 0.377157 0.377158 0.377158 0.000000 0.000000
0.000000 0.000000 0.380702 0.380702 0.380701 0.380701 0.380703 0.380702 0.380702 0.380703 0.380703 0.380703 0.380702 0.380702 0.380703 0.380701 0.380701 0.380702 0.380702 0.000000 0.000000
0.000000 0.000000 0.384101 0.384101 0.384100 0.384101 0.384102 0.384101 0.384101 0.384102 0.384102 0.384102 0.384101 0.384101 0.384102 0.384101 0.384100 0.384101 0.384101 0.000000 0.000000
0.000000 0.000000 0.387381 0.387381 0.387380 0.387380 0.387381 0.387381 0.387381 0.387382 0.387382 0.387382 0.387381 0.387381 0.387381 0.387380 0.387380 0.387381 0.387381 0.000000 0.000000
0.000000 0.000000 0.390567 0.390566 0.390565 0.390566 0.390567 0.390566 0.390566 0.390567 0.390567 0.390567 0.390566 0.390566 0.390567 0.390566 0.390565 0.390566 0.390567 0.000000 0.000000
0.000000 0.000000 0.393662 0.393662 0.393661 0.393662 0.393663 0.393662 0.393662 0.393663 0.393663 0.393663 0.393662 0.393662 0.393663 0.393662 0.393661 0.393662 0.393662 0.000000 0.000000
0.000000 0.000000 0.396675 0.396674 0.396673 0.396674 0.396675 0.396674 0.396674 0.396675 0.396675 0.396675 0.396674 0.396674 0.396675 0.396674 0.396673 0.396674 0.396675 0.000000 0.000000
0.000000 0.000000 0.399616 0.399615 0.399614 0.399615 0.399616 0.399615 0.399615 0.399616 0.399616 0.399616 0.399615 0.399615 0.399616 0.399615 0.399614 0.399615 0.399616 0.000000 0.000000
0.000000 0.000000 0.402546 0.402546 0.402545 0.402545 0.402546 0.402546 0.402546 0.402547 0.402547 0.402547 0.402546 0.402546 0.402546 0.402545 0.402545 0.402546 0.402546 0.000000 0.000000
0.000000 0.000000 0.350000 0.350000 0.350000 0.350000 0.350000 0.350000 0.350000 0.350000 0.350000 0.350000 0.350000 0.350000 0.350000 0.350000 0.350000 0.350000 0.350000 0.000000 0.000000
0.000000 0.000000 0.000000 0.000000 0.000000 0.000000 0.000000 0.000000 0.000000 0.000000 0.000000 0.000000 0.000000 0.000000 0.000000 0.000000 0.000000 0.000000 0.000000 0.000000 0.000000