geotop/1.0zi/1.0Montebello/Templates/testdem/maps/_Eocsand9435.asc
ncols         21
nrows         20
xllcorner     100.000000
yllcorner     100.000000
cellsize      50.000000
NODATA_value  -9999.0
0.000000 0.000000 0.000000 0.000000 0.000000 0.000000 0.000000 0.000000 0.000000 0.000000 0.000000 0.000000 0.000000 0.000000 0.000000 0.000000 0.000000 0.000000 0.000000 0.000000 0.000000
0.000000 0.000000 0.300238 0.300235 0.300235 0.300236 0.300235 0.300235 0.300235 0.300235 0.300236 0.300235 0.300235 0.300236 0.300235 0.300235 0.300236 0.300236 0.300235 0.000000 0.000000
0.000000 0.000000 0.300011 0.300013 0.300013 0.300011 0.300012 0.300013 0.300012 0.300012 0.300013 0.300013 0.300012 0.300012 0.300012 0.300012 0.300013 0.300013 0.300014 0.000000 0.000000
0.000000 0.000000 0.299814 0.299813 0.299820 0.299828 0.299827 0.299833 0.299826 0.299827 0.299827 0.299826 0.299824 0.299826 0.299821 0.299815 0.299812 0.299810 0.299810 0.000000 0.000000
0.000000 0.000000 0.297203 0.297204 0.297222 0.297250 0.297278 0.297285 0.297285 0.297286 0.297287 0.297281 0.297276 0.297276 0.297252 0.297241 0.297227 0.297217 0.297205 0.000000 0.000000
0.000000 0.000000 0.290028 0.290038 0.290076 0.290128 0.290189 0.290241 0.290239 0.290250 0.290245 0.290243 0.290233 0.290236 0.290206 0.290156 0.290130 0.290110 0.290096 0.000000 0.000000
0.000000 0.000000 0.280152 0.280171 0.280202 0.280266 0.280346 0.280455 0.280445 0.280454 0.280456 0.280454 0.280455 0.280448 0.280366 0.280301 0.280262 0.280233 0.280217 0.000000 0.000000
0.000000 0.000000 0.268441 0.268461 0.268490 0.268565 0.268648 0.268745 0.268739 0.268750 0.268755 0.268759 0.268763 0.268743 0.268666 0.268596 0.268532 0.268518 0.268488 0.000000 0.000000
0.000000 0.000000 0.255645 0.255675 0.255718 0.255772 0.255868 0.255983 0.255969 0.255990 0.256001 0.256004 0.255998 0.256000 0.255891 0.255807 0.255758 0.255737 0.255711 0.000000 0.000000
0.000000 0.000000 0.241635 0.241674 0.241706 0.241766 0.241895 0.242002 0.241995 0.242009 0.242028 0.242016 0.242000 0.242003 0.241916 0.241808 0.241749 0.241727 0.241712 0.000000 0.000000
0.000000 0.000000 0.225848 0.225876 0.225905 0.226045 0.226128 0.226270 0.226231 0.226305 0.226293 0.226302 0.226325 0.226278 0.226183 0.226116 0.226034 0.225999 0.225933 0.000000 0.000000
0.000000 0.000000 0.207608 0.207671 0.207754 0.207820 0.207943 0.208117 0.208112 0.208121 0.208090 0.208155 0.208120 0.208123 0.207951 0.207852 0.207807 0.207779 0.207639 0.000000 0.000000
0.000000 0.000000 0.187185 0.187240 0.187258 0.187416 0.187517 0.188019 0.188013 0.188038 0.188197 0.188099 0.188081 0.188031 0.187659 0.187567 0.187388 0.187373 0.187328 0.000000 0.000000
0.000000 0.000000 0.162054 0.162071 0.162215 0.162307 0.163011 0.162813 0.162945 0.162939 0.162851 0.162933 0.162944 0.163004 0.163190 0.162433 0.162391 0.162211 0.162099 0.000000 0.000000
0.000000 0.000000 0.132724 0.132809 0.132952 0.133863 0.133553 0.134096 0.134233 0.134283 0.134475 0.134550 0.134442 0.134435 0.133939 0.134222 0.133026 0.133292 0.133320 0.000000 0.000000
0.000000 0.000000 0.104324 0.104376 0.105500 0.104943 0.105135 0.105106 0.104606 0.104736 0.104471 0.104517 0.104725 0.104450 0.104578 0.104414 0.105630 0.103922 0.103946 0.000000 0.000000
0.000000 0.000000 0.077044 0.078114 0.077747 0.078239 0.078785 0.078966 0.079331 0.079244 0.079615 0.079570 0.079353 0.079577 0.079274 0.078869 0.077807 0.078635 0.077520 0.000000 0.000000
0.000000 0.000000 0.067884 0.067441 0.066789 0.066912 0.067001 0.067632 0.067591 0.067750 0.067535 0.067585 0.067587 0.067532 0.066992 0.066922 0.066721 0.067337 0.067770 0.000000 0.000000
0.000000 0.000000 0.300000 0.300000 0.300000 0.300000 0.300000 0.300000 0.300000 0.300000 0.300000 0.300000 0.300000 0.300000 0.300000 0.300000 0.300000 0.300000 0.300000 0.000000 0.000000
0.000000 0.000000 0.000000 0.000000 0.000000 0.000000 0.000000 0.000000 0.000000 0.000000 0.000000 0.000000 0.000000 0.000000 0.000000 0.000000 0.000000 0.000000 0.000000 0.000000 0.000000