geotop/1.0zi/1.0Montebello/Templates/testdem/maps/_Eocsilt8839.asc
ncols         21
nrows         20
xllcorner     100.000000
yllcorner     100.000000
cellsize      50.000000
NODATA_value  -9999.0
0.000000 0.000000 0.000000 0.000000 0.000000 0.000000 0.000000 0.000000 0.000000 0.000000 0.000000 0.000000 0.000000 0.000000 0.000000 0.000000 0.000000 0.000000 0.000000 0.000000 0.000000
0.000000 0.000000 0.350189 0.350189 0.350190 0.350190 0.350189 0.350190 0.350190 0.350189 0.350190 0.350189 0.350189 0.350189 0.350189 0.350190 0.350190 0.350190 0.350189 0.000000 0.000000
0.000000 0.000000 0.350005 0.350005 0.350005 0.350005 0.350006 0.350005 0.350005 0.350006 0.350006 0.350006 0.350006 0.350006 0.350005 0.350005 0.350003 0.350003 0.350005 0.000000 0.000000
0.000000 0.000000 0.350121 0.350117 0.350112 0.350107 0.350107 0.350102 0.350105 0.350105 0.350102 0.350105 0.350105 0.350105 0.350107 0.350111 0.350117 0.350117 0.350119 0.000000 0.000000
0.000000 0.000000 0.351223 0.351228 0.351220 0.351203 0.351194 0.351191 0.351190 0.351188 0.351188 0.351190 0.351194 0.351193 0.351206 0.351213 0.351215 0.351219 0.351221 0.000000 0.000000
0.000000 0.000000 0.354330 0.354326 0.354316 0.354298 0.354271 0.354250 0.354250 0.354244 0.354249 0.354249 0.354253 0.354251 0.354265 0.354283 0.354293 0.354296 0.354303 0.000000 0.000000
0.000000 0.000000 0.358742 0.358733 0.358721 0.358691 0.358656 0.358612 0.358615 0.358612 0.358612 0.358612 0.358609 0.358614 0.358651 0.358679 0.358697 0.358708 0.358715 0.000000 0.000000
0.000000 0.000000 0.363955 0.363947 0.363940 0.363907 0.363872 0.363832 0.363834 0.363829 0.363828 0.363826 0.363824 0.363831 0.363866 0.363898 0.363927 0.363928 0.363942 0.000000 0.000000
0.000000 0.000000 0.369615 0.369602 0.369587 0.369563 0.369523 0.369475 0.369480 0.369470 0.369467 0.369466 0.369468 0.369466 0.369516 0.369553 0.369575 0.369581 0.369594 0.000000 0.000000
0.000000 0.000000 0.375695 0.375680 0.375671 0.375648 0.375592 0.375550 0.375553 0.375547 0.375540 0.375545 0.375551 0.375549 0.375588 0.375635 0.375659 0.375665 0.375671 0.000000 0.000000
0.000000 0.000000 0.382395 0.382385 0.382376 0.382321 0.382285 0.382232 0.382247 0.382215 0.382222 0.382218 0.382208 0.382227 0.382268 0.382296 0.382331 0.382342 0.382368 0.000000 0.000000
0.000000 0.000000 0.389982 0.389960 0.389933 0.389904 0.389856 0.389791 0.389791 0.389787 0.389801 0.389776 0.389788 0.389788 0.389860 0.389899 0.389916 0.389924 0.389984 0.000000 0.000000
0.000000 0.000000 0.398325 0.398301 0.398299 0.398243 0.398204 0.398014 0.398015 0.398005 0.397949 0.397983 0.397991 0.398009 0.398157 0.398193 0.398263 0.398262 0.398286 0.000000 0.000000
0.000000 0.000000 0.408364 0.408357 0.408313 0.408277 0.408018 0.408071 0.408023 0.408025 0.408051 0.408027 0.408023 0.408002 0.407956 0.408233 0.408256 0.408317 0.408362 0.000000 0.000000
0.000000 0.000000 0.420249 0.420219 0.420168 0.419831 0.419907 0.419731 0.419671 0.419654 0.419591 0.419557 0.419596 0.419593 0.419763 0.419704 0.420146 0.420050 0.420046 0.000000 0.000000
0.000000 0.000000 0.432810 0.432787 0.432321 0.432505 0.432451 0.432443 0.432641 0.432585 0.432689 0.432664 0.432581 0.432697 0.432674 0.432722 0.432284 0.432972 0.432960 0.000000 0.000000
0.000000 0.000000 0.447018 0.446401 0.446600 0.446334 0.446026 0.445935 0.445739 0.445787 0.445585 0.445609 0.445727 0.445605 0.445771 0.445998 0.446582 0.446134 0.446773 0.000000 0.000000
0.000000 0.000000 0.451222 0.451705 0.452137 0.452126 0.452146 0.451728 0.451805 0.451682 0.451887 0.451845 0.451815 0.451883 0.452230 0.452218 0.452212 0.451874 0.451399 0.000000 0.000000
0.000000 0.000000 0.350000 0.350000 0.350000 0.350000 0.350000 0.350000 0.350000 0.350000 0.350000 0.350000 0.350000 0.350000 0.350000 0.350000 0.350000 0.350000 0.350000 0.000000 0.000000
0.000000 0.000000 0.000000 0.000000 0.000000 0.000000 0.000000 0.000000 0.000000 0.000000 0.000000 0.000000 0.000000 0.000000 0.000000 0.000000 0.000000 0.000000 0.000000 0.000000 0.000000