geotop/1.0zi/1.0Montebello/Templates/testdem/maps/_Eocclay4928.asc
ncols         21
nrows         20
xllcorner     100.000000
yllcorner     100.000000
cellsize      50.000000
NODATA_value  -9999.0
0.000000 0.000000 0.000000 0.000000 0.000000 0.000000 0.000000 0.000000 0.000000 0.000000 0.000000 0.000000 0.000000 0.000000 0.000000 0.000000 0.000000 0.000000 0.000000 0.000000 0.000000
0.000000 0.000000 0.349779 0.349780 0.349780 0.349780 0.349780 0.349780 0.349780 0.349780 0.349780 0.349780 0.349780 0.349780 0.349780 0.349780 0.349780 0.349780 0.349779 0.000000 0.000000
0.000000 0.000000 0.349992 0.349992 0.349992 0.349992 0.349991 0.349992 0.349992 0.349992 0.349991 0.349991 0.349992 0.349992 0.349992 0.349992 0.349992 0.349992 0.349992 0.000000 0.000000
0.000000 0.000000 0.349987 0.349989 0.349987 0.349988 0.349990 0.349990 0.349990 0.349988 0.349990 0.349988 0.349988 0.349987 0.349990 0.349991 0.349989 0.349990 0.349989 0.000000 0.000000
0.000000 0.000000 0.350383 0.350381 0.350381 0.350376 0.350367 0.350365 0.350366 0.350367 0.350365 0.350367 0.350363 0.350365 0.350369 0.350368 0.350372 0.350374 0.350377 0.000000 0.000000
0.000000 0.000000 0.351765 0.351767 0.351762 0.351746 0.351741 0.351728 0.351727 0.351723 0.351726 0.351726 0.351729 0.351731 0.351732 0.351742 0.351747 0.351756 0.351760 0.000000 0.000000
0.000000 0.000000 0.353774 0.353771 0.353767 0.353753 0.353737 0.353715 0.353715 0.353711 0.353714 0.353713 0.353715 0.353716 0.353731 0.353750 0.353758 0.353766 0.353772 0.000000 0.000000
0.000000 0.000000 0.356139 0.356137 0.356134 0.356118 0.356100 0.356078 0.356079 0.356075 0.356076 0.356076 0.356074 0.356077 0.356097 0.356113 0.356122 0.356128 0.356135 0.000000 0.000000
0.000000 0.000000 0.358517 0.358514 0.358508 0.358497 0.358480 0.358458 0.358460 0.358456 0.358456 0.358456 0.358455 0.358457 0.358475 0.358494 0.358501 0.358506 0.358514 0.000000 0.000000
0.000000 0.000000 0.360916 0.360911 0.360908 0.360895 0.360875 0.360854 0.360857 0.360854 0.360854 0.360854 0.360852 0.360852 0.360873 0.360893 0.360901 0.360905 0.360912 0.000000 0.000000
0.000000 0.000000 0.363373 0.363368 0.363364 0.363355 0.363339 0.363314 0.363316 0.363311 0.363311 0.363312 0.363310 0.363311 0.363329 0.363344 0.363354 0.363360 0.363367 0.000000 0.000000
0.000000 0.000000 0.365926 0.365922 0.365915 0.365900 0.365884 0.365860 0.365859 0.365857 0.365856 0.365855 0.365854 0.365854 0.365877 0.365896 0.365905 0.365910 0.365935 0.000000 0.000000
0.000000 0.000000 0.368528 0.368523 0.368517 0.368506 0.368485 0.368433 0.368434 0.368430 0.368429 0.368429 0.368427 0.368429 0.368475 0.368496 0.368506 0.368511 0.368526 0.000000 0.000000
0.000000 0.000000 0.371306 0.371296 0.371292 0.371280 0.371224 0.371210 0.371202 0.371199 0.371199 0.371199 0.371197 0.371198 0.371213 0.371266 0.371277 0.371289 0.371298 0.000000 0.000000
0.000000 0.000000 0.374322 0.374315 0.374300 0.374250 0.374224 0.374191 0.374174 0.374169 0.374161 0.374161 0.374164 0.374159 0.374186 0.374222 0.374282 0.374280 0.374288 0.000000 0.000000
0.000000 0.000000 0.377455 0.377448 0.377386 0.377377 0.377360 0.377343 0.377343 0.377343 0.377346 0.377344 0.377337 0.377349 0.377358 0.377371 0.377369 0.377438 0.377453 0.000000 0.000000
0.000000 0.000000 0.380979 0.380895 0.380848 0.380823 0.380779 0.380756 0.380751 0.380748 0.380738 0.380739 0.380741 0.380734 0.380753 0.380802 0.380835 0.380864 0.380946 0.000000 0.000000
0.000000 0.000000 0.383670 0.383658 0.383714 0.383683 0.383648 0.383565 0.383558 0.383551 0.383555 0.383554 0.383549 0.383557 0.383632 0.383671 0.383715 0.383644 0.383670 0.000000 0.000000
0.000000 0.000000 0.350000 0.350000 0.350000 0.350000 0.350000 0.350000 0.350000 0.350000 0.350000 0.350000 0.350000 0.350000 0.350000 0.350000 0.350000 0.350000 0.350000 0.000000 0.000000
0.000000 0.000000 0.000000 0.000000 0.000000 0.000000 0.000000 0.000000 0.000000 0.000000 0.000000 0.000000 0.000000 0.000000 0.000000 0.000000 0.000000 0.000000 0.000000 0.000000 0.000000