geotop/1.0zi/1.0Montebello/Templates/testdem/maps/_Eocsand1038.asc
ncols         21
nrows         20
xllcorner     100.000000
yllcorner     100.000000
cellsize      50.000000
NODATA_value  -9999.0
0.000000 0.000000 0.000000 0.000000 0.000000 0.000000 0.000000 0.000000 0.000000 0.000000 0.000000 0.000000 0.000000 0.000000 0.000000 0.000000 0.000000 0.000000 0.000000 0.000000 0.000000
0.000000 0.000000 0.300032 0.300032 0.300032 0.300032 0.300032 0.300032 0.300032 0.300032 0.300032 0.300032 0.300032 0.300032 0.300032 0.300032 0.300032 0.300032 0.300032 0.000000 0.000000
0.000000 0.000000 0.300004 0.300004 0.300004 0.300004 0.300004 0.300004 0.300004 0.300004 0.300004 0.300004 0.300004 0.300004 0.300004 0.300004 0.300004 0.300004 0.300004 0.000000 0.000000
0.000000 0.000000 0.299098 0.299098 0.299103 0.299101 0.299097 0.299098 0.299098 0.299097 0.299097 0.299097 0.299098 0.299098 0.299097 0.299101 0.299103 0.299098 0.299098 0.000000 0.000000
0.000000 0.000000 0.295975 0.295977 0.295981 0.295981 0.295975 0.295975 0.295976 0.295975 0.295975 0.295975 0.295976 0.295975 0.295975 0.295981 0.295981 0.295977 0.295975 0.000000 0.000000
0.000000 0.000000 0.292442 0.292444 0.292447 0.292447 0.292442 0.292443 0.292443 0.292442 0.292442 0.292442 0.292443 0.292443 0.292442 0.292447 0.292447 0.292444 0.292442 0.000000 0.000000
0.000000 0.000000 0.289139 0.289140 0.289143 0.289143 0.289139 0.289139 0.289140 0.289139 0.289139 0.289139 0.289140 0.289139 0.289139 0.289143 0.289143 0.289140 0.289139 0.000000 0.000000
0.000000 0.000000 0.286096 0.286097 0.286099 0.286099 0.286095 0.286096 0.286096 0.286095 0.286095 0.286095 0.286096 0.286096 0.286095 0.286099 0.286099 0.286097 0.286096 0.000000 0.000000
0.000000 0.000000 0.283241 0.283242 0.283244 0.283244 0.283241 0.283241 0.283241 0.283241 0.283240 0.283241 0.283241 0.283241 0.283241 0.283244 0.283244 0.283242 0.283241 0.000000 0.000000
0.000000 0.000000 0.280501 0.280502 0.280505 0.280504 0.280501 0.280501 0.280501 0.280501 0.280501 0.280501 0.280501 0.280501 0.280501 0.280504 0.280505 0.280502 0.280501 0.000000 0.000000
0.000000 0.000000 0.277850 0.277851 0.277854 0.277853 0.277850 0.277850 0.277851 0.277850 0.277850 0.277850 0.277851 0.277850 0.277850 0.277853 0.277854 0.277851 0.277850 0.000000 0.000000
0.000000 0.000000 0.275260 0.275261 0.275263 0.275263 0.275260 0.275260 0.275260 0.275260 0.275260 0.275260 0.275260 0.275260 0.275260 0.275263 0.275263 0.275261 0.275260 0.000000 0.000000
0.000000 0.000000 0.272710 0.272711 0.272714 0.272713 0.272710 0.272710 0.272711 0.272710 0.272710 0.272710 0.272711 0.272710 0.272710 0.272713 0.272714 0.272711 0.272710 0.000000 0.000000
0.000000 0.000000 0.270201 0.270202 0.270205 0.270204 0.270201 0.270202 0.270202 0.270201 0.270201 0.270201 0.270202 0.270202 0.270201 0.270204 0.270205 0.270202 0.270201 0.000000 0.000000
0.000000 0.000000 0.267720 0.267720 0.267723 0.267722 0.267720 0.267720 0.267720 0.267720 0.267720 0.267720 0.267720 0.267720 0.267720 0.267722 0.267723 0.267720 0.267720 0.000000 0.000000
0.000000 0.000000 0.265255 0.265256 0.265259 0.265258 0.265255 0.265256 0.265256 0.265255 0.265255 0.265255 0.265256 0.265256 0.265255 0.265258 0.265259 0.265256 0.265255 0.000000 0.000000
0.000000 0.000000 0.262817 0.262818 0.262820 0.262820 0.262817 0.262817 0.262817 0.262817 0.262817 0.262817 0.262817 0.262817 0.262817 0.262820 0.262820 0.262818 0.262817 0.000000 0.000000
0.000000 0.000000 0.260328 0.260328 0.260331 0.260330 0.260328 0.260328 0.260328 0.260327 0.260327 0.260327 0.260328 0.260328 0.260328 0.260330 0.260331 0.260328 0.260327 0.000000 0.000000
0.000000 0.000000 0.300000 0.300000 0.300000 0.300000 0.300000 0.300000 0.300000 0.300000 0.300000 0.300000 0.300000 0.300000 0.300000 0.300000 0.300000 0.300000 0.300000 0.000000 0.000000
0.000000 0.000000 0.000000 0.000000 0.000000 0.000000 0.000000 0.000000 0.000000 0.000000 0.000000 0.000000 0.000000 0.000000 0.000000 0.000000 0.000000 0.000000 0.000000 0.000000 0.000000