geotop/1.0zi/1.0Montebello/Templates/testdem/maps/_Eocsilt7604.asc
ncols         21
nrows         20
xllcorner     100.000000
yllcorner     100.000000
cellsize      50.000000
NODATA_value  -9999.0
0.000000 0.000000 0.000000 0.000000 0.000000 0.000000 0.000000 0.000000 0.000000 0.000000 0.000000 0.000000 0.000000 0.000000 0.000000 0.000000 0.000000 0.000000 0.000000 0.000000 0.000000
0.000000 0.000000 0.350154 0.350155 0.350155 0.350156 0.350155 0.350156 0.350155 0.350155 0.350156 0.350155 0.350155 0.350155 0.350155 0.350155 0.350156 0.350156 0.350155 0.000000 0.000000
0.000000 0.000000 0.350005 0.350004 0.350004 0.350004 0.350004 0.350004 0.350004 0.350005 0.350005 0.350005 0.350005 0.350005 0.350004 0.350004 0.350002 0.350003 0.350004 0.000000 0.000000
0.000000 0.000000 0.350103 0.350099 0.350097 0.350091 0.350093 0.350087 0.350090 0.350090 0.350087 0.350089 0.350089 0.350089 0.350092 0.350095 0.350098 0.350098 0.350099 0.000000 0.000000
0.000000 0.000000 0.350964 0.350970 0.350966 0.350956 0.350950 0.350943 0.350939 0.350938 0.350938 0.350939 0.350939 0.350941 0.350954 0.350959 0.350961 0.350971 0.350973 0.000000 0.000000
0.000000 0.000000 0.353383 0.353384 0.353374 0.353359 0.353341 0.353319 0.353319 0.353313 0.353317 0.353317 0.353318 0.353317 0.353329 0.353341 0.353353 0.353361 0.353366 0.000000 0.000000
0.000000 0.000000 0.356870 0.356866 0.356856 0.356831 0.356801 0.356769 0.356769 0.356766 0.356766 0.356765 0.356762 0.356767 0.356795 0.356820 0.356837 0.356852 0.356859 0.000000 0.000000
0.000000 0.000000 0.361018 0.361016 0.361011 0.360985 0.360956 0.360920 0.360920 0.360916 0.360915 0.360912 0.360910 0.360916 0.360948 0.360974 0.360999 0.361005 0.361017 0.000000 0.000000
0.000000 0.000000 0.365450 0.365442 0.365429 0.365411 0.365381 0.365341 0.365342 0.365334 0.365331 0.365330 0.365331 0.365330 0.365370 0.365401 0.365421 0.365432 0.365442 0.000000 0.000000
0.000000 0.000000 0.370067 0.370059 0.370052 0.370035 0.369993 0.369957 0.369957 0.369953 0.369947 0.369950 0.369955 0.369952 0.369986 0.370022 0.370044 0.370052 0.370059 0.000000 0.000000
0.000000 0.000000 0.374994 0.374988 0.374981 0.374945 0.374915 0.374875 0.374883 0.374861 0.374863 0.374863 0.374855 0.374869 0.374899 0.374922 0.374950 0.374965 0.374983 0.000000 0.000000
0.000000 0.000000 0.380391 0.380376 0.380360 0.380337 0.380305 0.380253 0.380251 0.380244 0.380255 0.380239 0.380243 0.380247 0.380300 0.380326 0.380345 0.380356 0.380403 0.000000 0.000000
0.000000 0.000000 0.386142 0.386128 0.386122 0.386090 0.386062 0.385936 0.385934 0.385926 0.385894 0.385910 0.385917 0.385929 0.386026 0.386052 0.386101 0.386107 0.386132 0.000000 0.000000
0.000000 0.000000 0.392747 0.392742 0.392717 0.392695 0.392546 0.392544 0.392513 0.392513 0.392517 0.392511 0.392507 0.392502 0.392498 0.392652 0.392683 0.392724 0.392757 0.000000 0.000000
0.000000 0.000000 0.400401 0.400389 0.400357 0.400176 0.400172 0.400083 0.400037 0.400028 0.399998 0.399975 0.399994 0.399989 0.400076 0.400092 0.400333 0.400303 0.400313 0.000000 0.000000
0.000000 0.000000 0.408776 0.408764 0.408507 0.408548 0.408532 0.408495 0.408581 0.408550 0.408593 0.408572 0.408533 0.408596 0.408615 0.408629 0.408484 0.408842 0.408838 0.000000 0.000000
0.000000 0.000000 0.419102 0.418700 0.418731 0.418595 0.418393 0.418332 0.418243 0.418262 0.418152 0.418158 0.418217 0.418164 0.418265 0.418413 0.418716 0.418576 0.418990 0.000000 0.000000
0.000000 0.000000 0.424068 0.424379 0.424747 0.424722 0.424703 0.424357 0.424393 0.424299 0.424435 0.424405 0.424393 0.424436 0.424735 0.424748 0.424813 0.424499 0.424200 0.000000 0.000000
0.000000 0.000000 0.350000 0.350000 0.350000 0.350000 0.350000 0.350000 0.350000 0.350000 0.350000 0.350000 0.350000 0.350000 0.350000 0.350000 0.350000 0.350000 0.350000 0.000000 0.000000
0.000000 0.000000 0.000000 0.000000 0.000000 0.000000 0.000000 0.000000 0.000000 0.000000 0.000000 0.000000 0.000000 0.000000 0.000000 0.000000 0.000000 0.000000 0.000000 0.000000 0.000000