geotop/1.0zi/1.0Montebello/Templates/testdem/maps/_Eocsilt8537.asc
ncols         21
nrows         20
xllcorner     100.000000
yllcorner     100.000000
cellsize      50.000000
NODATA_value  -9999.0
0.000000 0.000000 0.000000 0.000000 0.000000 0.000000 0.000000 0.000000 0.000000 0.000000 0.000000 0.000000 0.000000 0.000000 0.000000 0.000000 0.000000 0.000000 0.000000 0.000000 0.000000
0.000000 0.000000 0.350178 0.350179 0.350179 0.350179 0.350178 0.350179 0.350179 0.350179 0.350179 0.350178 0.350178 0.350178 0.350178 0.350179 0.350179 0.350179 0.350179 0.000000 0.000000
0.000000 0.000000 0.350006 0.350006 0.350006 0.350005 0.350006 0.350006 0.350006 0.350006 0.350007 0.350006 0.350007 0.350007 0.350006 0.350005 0.350004 0.350004 0.350005 0.000000 0.000000
0.000000 0.000000 0.350103 0.350099 0.350097 0.350091 0.350092 0.350087 0.350090 0.350090 0.350087 0.350089 0.350089 0.350089 0.350092 0.350095 0.350099 0.350099 0.350100 0.000000 0.000000
0.000000 0.000000 0.351077 0.351083 0.351072 0.351060 0.351052 0.351045 0.351043 0.351041 0.351041 0.351044 0.351047 0.351046 0.351059 0.351063 0.351067 0.351076 0.351078 0.000000 0.000000
0.000000 0.000000 0.353952 0.353949 0.353940 0.353921 0.353900 0.353879 0.353877 0.353870 0.353875 0.353876 0.353879 0.353877 0.353891 0.353904 0.353917 0.353924 0.353931 0.000000 0.000000
0.000000 0.000000 0.358100 0.358093 0.358082 0.358053 0.358018 0.357981 0.357982 0.357978 0.357979 0.357978 0.357976 0.357981 0.358013 0.358040 0.358058 0.358074 0.358081 0.000000 0.000000
0.000000 0.000000 0.363008 0.363003 0.362997 0.362966 0.362934 0.362892 0.362893 0.362887 0.362886 0.362884 0.362882 0.362889 0.362924 0.362953 0.362981 0.362987 0.363000 0.000000 0.000000
0.000000 0.000000 0.368316 0.368304 0.368288 0.368268 0.368231 0.368184 0.368187 0.368177 0.368175 0.368173 0.368176 0.368174 0.368219 0.368255 0.368277 0.368288 0.368300 0.000000 0.000000
0.000000 0.000000 0.373958 0.373946 0.373937 0.373917 0.373865 0.373824 0.373824 0.373819 0.373812 0.373817 0.373823 0.373820 0.373858 0.373900 0.373925 0.373934 0.373942 0.000000 0.000000
0.000000 0.000000 0.380117 0.380110 0.380101 0.380052 0.380018 0.379966 0.379980 0.379950 0.379957 0.379954 0.379945 0.379962 0.379999 0.380024 0.380058 0.380075 0.380098 0.000000 0.000000
0.000000 0.000000 0.387019 0.386996 0.386976 0.386950 0.386905 0.386844 0.386838 0.386833 0.386847 0.386825 0.386835 0.386836 0.386902 0.386936 0.386957 0.386971 0.387026 0.000000 0.000000
0.000000 0.000000 0.394543 0.394521 0.394518 0.394470 0.394436 0.394266 0.394262 0.394254 0.394206 0.394235 0.394242 0.394258 0.394389 0.394420 0.394486 0.394490 0.394517 0.000000 0.000000
0.000000 0.000000 0.403464 0.403458 0.403421 0.403390 0.403171 0.403198 0.403154 0.403155 0.403172 0.403155 0.403152 0.403135 0.403109 0.403339 0.403368 0.403429 0.403470 0.000000 0.000000
0.000000 0.000000 0.414027 0.414003 0.413958 0.413675 0.413714 0.413570 0.413510 0.413495 0.413445 0.413414 0.413447 0.413441 0.413582 0.413555 0.413929 0.413865 0.413868 0.000000 0.000000
0.000000 0.000000 0.425474 0.425453 0.425050 0.425181 0.425142 0.425116 0.425274 0.425225 0.425311 0.425287 0.425219 0.425317 0.425315 0.425342 0.425012 0.425606 0.425597 0.000000 0.000000
0.000000 0.000000 0.439203 0.438602 0.438760 0.438519 0.438219 0.438128 0.437950 0.437991 0.437805 0.437826 0.437934 0.437824 0.437982 0.438202 0.438737 0.438362 0.438986 0.000000 0.000000
0.000000 0.000000 0.443655 0.444188 0.444651 0.444652 0.444682 0.444230 0.444312 0.444178 0.444401 0.444357 0.444322 0.444396 0.444771 0.444748 0.444734 0.444383 0.443858 0.000000 0.000000
0.000000 0.000000 0.350000 0.350000 0.350000 0.350000 0.350000 0.350000 0.350000 0.350000 0.350000 0.350000 0.350000 0.350000 0.350000 0.350000 0.350000 0.350000 0.350000 0.000000 0.000000
0.000000 0.000000 0.000000 0.000000 0.000000 0.000000 0.000000 0.000000 0.000000 0.000000 0.000000 0.000000 0.000000 0.000000 0.000000 0.000000 0.000000 0.000000 0.000000 0.000000 0.000000