geotop/1.0zi/1.0Montebello/Templates/testdem/maps/_Eocsand2567.asc
ncols         21
nrows         20
xllcorner     100.000000
yllcorner     100.000000
cellsize      50.000000
NODATA_value  -9999.0
0.000000 0.000000 0.000000 0.000000 0.000000 0.000000 0.000000 0.000000 0.000000 0.000000 0.000000 0.000000 0.000000 0.000000 0.000000 0.000000 0.000000 0.000000 0.000000 0.000000 0.000000
0.000000 0.000000 0.300076 0.300076 0.300076 0.300076 0.300076 0.300076 0.300076 0.300076 0.300077 0.300076 0.300076 0.300076 0.300076 0.300076 0.300076 0.300076 0.300076 0.000000 0.000000
0.000000 0.000000 0.300012 0.300013 0.300013 0.300012 0.300013 0.300012 0.300012 0.300013 0.300011 0.300013 0.300012 0.300012 0.300013 0.300012 0.300013 0.300013 0.300012 0.000000 0.000000
0.000000 0.000000 0.298340 0.298341 0.298345 0.298343 0.298340 0.298340 0.298340 0.298340 0.298340 0.298340 0.298340 0.298340 0.298340 0.298343 0.298345 0.298341 0.298340 0.000000 0.000000
0.000000 0.000000 0.291299 0.291300 0.291304 0.291303 0.291297 0.291299 0.291299 0.291296 0.291296 0.291296 0.291299 0.291299 0.291297 0.291303 0.291304 0.291300 0.291299 0.000000 0.000000
0.000000 0.000000 0.282699 0.282700 0.282703 0.282703 0.282698 0.282700 0.282699 0.282697 0.282697 0.282697 0.282699 0.282700 0.282698 0.282703 0.282703 0.282700 0.282699 0.000000 0.000000
0.000000 0.000000 0.274685 0.274686 0.274689 0.274688 0.274684 0.274686 0.274686 0.274684 0.274683 0.274684 0.274686 0.274686 0.274684 0.274688 0.274689 0.274686 0.274685 0.000000 0.000000
0.000000 0.000000 0.267351 0.267352 0.267354 0.267354 0.267350 0.267352 0.267351 0.267350 0.267349 0.267350 0.267351 0.267352 0.267350 0.267354 0.267354 0.267352 0.267351 0.000000 0.000000
0.000000 0.000000 0.260520 0.260520 0.260523 0.260522 0.260519 0.260520 0.260520 0.260519 0.260518 0.260519 0.260520 0.260520 0.260519 0.260522 0.260523 0.260520 0.260520 0.000000 0.000000
0.000000 0.000000 0.254035 0.254035 0.254038 0.254037 0.254034 0.254035 0.254035 0.254034 0.254033 0.254034 0.254035 0.254035 0.254034 0.254037 0.254038 0.254035 0.254035 0.000000 0.000000
0.000000 0.000000 0.247818 0.247818 0.247821 0.247820 0.247817 0.247818 0.247818 0.247817 0.247816 0.247817 0.247818 0.247818 0.247817 0.247820 0.247821 0.247818 0.247818 0.000000 0.000000
0.000000 0.000000 0.241811 0.241812 0.241814 0.241813 0.241811 0.241812 0.241812 0.241811 0.241810 0.241811 0.241812 0.241812 0.241811 0.241813 0.241814 0.241812 0.241811 0.000000 0.000000
0.000000 0.000000 0.235973 0.235973 0.235976 0.235975 0.235972 0.235973 0.235973 0.235972 0.235972 0.235972 0.235973 0.235973 0.235972 0.235975 0.235976 0.235973 0.235973 0.000000 0.000000
0.000000 0.000000 0.230273 0.230274 0.230276 0.230275 0.230273 0.230273 0.230273 0.230272 0.230272 0.230272 0.230273 0.230273 0.230273 0.230275 0.230276 0.230274 0.230273 0.000000 0.000000
0.000000 0.000000 0.224692 0.224692 0.224695 0.224694 0.224691 0.224692 0.224692 0.224691 0.224691 0.224691 0.224692 0.224692 0.224691 0.224694 0.224695 0.224692 0.224692 0.000000 0.000000
0.000000 0.000000 0.219220 0.219220 0.219222 0.219221 0.219219 0.219220 0.219220 0.219219 0.219218 0.219219 0.219220 0.219220 0.219219 0.219221 0.219222 0.219220 0.219220 0.000000 0.000000
0.000000 0.000000 0.213850 0.213850 0.213852 0.213852 0.213849 0.213850 0.213850 0.213849 0.213849 0.213849 0.213850 0.213850 0.213849 0.213852 0.213852 0.213850 0.213850 0.000000 0.000000
0.000000 0.000000 0.208503 0.208502 0.208505 0.208504 0.208501 0.208502 0.208502 0.208501 0.208501 0.208501 0.208502 0.208502 0.208501 0.208504 0.208505 0.208502 0.208502 0.000000 0.000000
0.000000 0.000000 0.300000 0.300000 0.300000 0.300000 0.300000 0.300000 0.300000 0.300000 0.300000 0.300000 0.300000 0.300000 0.300000 0.300000 0.300000 0.300000 0.300000 0.000000 0.000000
0.000000 0.000000 0.000000 0.000000 0.000000 0.000000 0.000000 0.000000 0.000000 0.000000 0.000000 0.000000 0.000000 0.000000 0.000000 0.000000 0.000000 0.000000 0.000000 0.000000 0.000000