geotop/1.0zi/1.0Montebello/Templates/testdem/maps/_Eocsilt170v.asc
ncols         21
nrows         20
xllcorner     100.000000
yllcorner     100.000000
cellsize      50.000000
NODATA_value  -9999.0
0.000000 0.000000 0.000000 0.000000 0.000000 0.000000 0.000000 0.000000 0.000000 0.000000 0.000000 0.000000 0.000000 0.000000 0.000000 0.000000 0.000000 0.000000 0.000000 0.000000 0.000000
0.000000 0.000000 0.350260 0.350260 0.350260 0.350261 0.350260 0.350259 0.350260 0.350260 0.350260 0.350259 0.350259 0.350259 0.350260 0.350260 0.350261 0.350261 0.350260 0.000000 0.000000
0.000000 0.000000 0.350013 0.350013 0.350013 0.350013 0.350014 0.350014 0.350014 0.350014 0.350014 0.350014 0.350015 0.350014 0.350014 0.350013 0.350011 0.350011 0.350013 0.000000 0.000000
0.000000 0.000000 0.350249 0.350248 0.350238 0.350234 0.350235 0.350224 0.350227 0.350227 0.350225 0.350229 0.350229 0.350232 0.350229 0.350234 0.350239 0.350244 0.350245 0.000000 0.000000
0.000000 0.000000 0.352219 0.352223 0.352211 0.352190 0.352177 0.352169 0.352167 0.352164 0.352160 0.352167 0.352172 0.352167 0.352181 0.352193 0.352200 0.352208 0.352214 0.000000 0.000000
0.000000 0.000000 0.357243 0.357236 0.357215 0.357182 0.357144 0.357113 0.357107 0.357100 0.357098 0.357100 0.357106 0.357101 0.357119 0.357150 0.357164 0.357178 0.357183 0.000000 0.000000
0.000000 0.000000 0.364261 0.364247 0.364221 0.364174 0.364124 0.364052 0.364048 0.364041 0.364036 0.364037 0.364034 0.364037 0.364090 0.364131 0.364158 0.364181 0.364187 0.000000 0.000000
0.000000 0.000000 0.372757 0.372740 0.372714 0.372651 0.372597 0.372530 0.372521 0.372512 0.372504 0.372504 0.372500 0.372508 0.372555 0.372604 0.372648 0.372658 0.372673 0.000000 0.000000
0.000000 0.000000 0.382558 0.382531 0.382489 0.382439 0.382373 0.382283 0.382278 0.382258 0.382253 0.382247 0.382250 0.382243 0.382317 0.382380 0.382414 0.382438 0.382451 0.000000 0.000000
0.000000 0.000000 0.394064 0.394022 0.393976 0.393927 0.393847 0.393754 0.393737 0.393725 0.393709 0.393715 0.393730 0.393723 0.393780 0.393864 0.393908 0.393932 0.393936 0.000000 0.000000
0.000000 0.000000 0.408034 0.407993 0.407960 0.407814 0.407783 0.407646 0.407671 0.407595 0.407613 0.407597 0.407563 0.407601 0.407677 0.407723 0.407790 0.407821 0.407879 0.000000 0.000000
0.000000 0.000000 0.425170 0.425082 0.424976 0.424933 0.424858 0.424679 0.424646 0.424657 0.424677 0.424617 0.424646 0.424622 0.424773 0.424869 0.424893 0.424925 0.425035 0.000000 0.000000
0.000000 0.000000 0.443222 0.443156 0.443155 0.443021 0.442932 0.442486 0.442447 0.442409 0.442231 0.442364 0.442359 0.442398 0.442718 0.442781 0.442957 0.442985 0.442944 0.000000 0.000000
0.000000 0.000000 0.459421 0.459411 0.459307 0.459264 0.458887 0.459107 0.459017 0.459015 0.459103 0.459020 0.459009 0.458955 0.458773 0.459193 0.459182 0.459282 0.459329 0.000000 0.000000
0.000000 0.000000 0.468443 0.468430 0.468381 0.468267 0.468202 0.468203 0.468166 0.468165 0.468155 0.468132 0.468143 0.468130 0.468126 0.468200 0.468329 0.468326 0.468336 0.000000 0.000000
0.000000 0.000000 0.473707 0.473693 0.473703 0.473526 0.473579 0.473494 0.473450 0.473447 0.473402 0.473390 0.473416 0.473404 0.473484 0.473436 0.473682 0.473570 0.473569 0.000000 0.000000
0.000000 0.000000 0.476578 0.476662 0.476534 0.476531 0.476598 0.476565 0.476621 0.476600 0.476631 0.476617 0.476592 0.476632 0.476642 0.476589 0.476517 0.476686 0.476582 0.000000 0.000000
0.000000 0.000000 0.479814 0.479660 0.479532 0.479482 0.479465 0.479508 0.479495 0.479515 0.479458 0.479462 0.479473 0.479464 0.479432 0.479440 0.479503 0.479597 0.479740 0.000000 0.000000
0.000000 0.000000 0.350000 0.350000 0.350000 0.350000 0.350000 0.350000 0.350000 0.350000 0.350000 0.350000 0.350000 0.350000 0.350000 0.350000 0.350000 0.350000 0.350000 0.000000 0.000000
0.000000 0.000000 0.000000 0.000000 0.000000 0.000000 0.000000 0.000000 0.000000 0.000000 0.000000 0.000000 0.000000 0.000000 0.000000 0.000000 0.000000 0.000000 0.000000 0.000000 0.000000