geotop/1.0zi/1.0Montebello/Templates/testdem/maps/_Eocsand7646.asc
ncols         21
nrows         20
xllcorner     100.000000
yllcorner     100.000000
cellsize      50.000000
NODATA_value  -9999.0
0.000000 0.000000 0.000000 0.000000 0.000000 0.000000 0.000000 0.000000 0.000000 0.000000 0.000000 0.000000 0.000000 0.000000 0.000000 0.000000 0.000000 0.000000 0.000000 0.000000 0.000000
0.000000 0.000000 0.300195 0.300193 0.300193 0.300194 0.300193 0.300192 0.300193 0.300193 0.300194 0.300193 0.300193 0.300193 0.300193 0.300193 0.300194 0.300194 0.300194 0.000000 0.000000
0.000000 0.000000 0.300010 0.300011 0.300011 0.300010 0.300010 0.300011 0.300011 0.300011 0.300011 0.300011 0.300010 0.300011 0.300010 0.300011 0.300011 0.300012 0.300013 0.000000 0.000000
0.000000 0.000000 0.299894 0.299893 0.299898 0.299905 0.299901 0.299909 0.299904 0.299906 0.299907 0.299906 0.299906 0.299908 0.299903 0.299898 0.299896 0.299893 0.299893 0.000000 0.000000
0.000000 0.000000 0.298077 0.298073 0.298082 0.298098 0.298119 0.298128 0.298134 0.298133 0.298136 0.298135 0.298138 0.298132 0.298109 0.298103 0.298093 0.298081 0.298072 0.000000 0.000000
0.000000 0.000000 0.293029 0.293030 0.293051 0.293093 0.293125 0.293169 0.293169 0.293182 0.293174 0.293175 0.293171 0.293170 0.293148 0.293117 0.293091 0.293068 0.293057 0.000000 0.000000
0.000000 0.000000 0.285909 0.285916 0.285935 0.285983 0.286042 0.286111 0.286112 0.286122 0.286119 0.286120 0.286123 0.286116 0.286056 0.286003 0.285970 0.285943 0.285928 0.000000 0.000000
0.000000 0.000000 0.277428 0.277431 0.277445 0.277499 0.277556 0.277632 0.277633 0.277641 0.277643 0.277649 0.277652 0.277638 0.277572 0.277521 0.277472 0.277456 0.277432 0.000000 0.000000
0.000000 0.000000 0.268432 0.268446 0.268473 0.268508 0.268569 0.268650 0.268646 0.268664 0.268669 0.268673 0.268670 0.268672 0.268592 0.268527 0.268488 0.268468 0.268449 0.000000 0.000000
0.000000 0.000000 0.259016 0.259033 0.259047 0.259080 0.259168 0.259240 0.259240 0.259250 0.259261 0.259255 0.259244 0.259249 0.259181 0.259108 0.259062 0.259047 0.259032 0.000000 0.000000
0.000000 0.000000 0.248906 0.248917 0.248933 0.249005 0.249066 0.249150 0.249132 0.249178 0.249173 0.249175 0.249190 0.249160 0.249100 0.249054 0.248997 0.248965 0.248927 0.000000 0.000000
0.000000 0.000000 0.237817 0.237846 0.237879 0.237927 0.237993 0.238098 0.238103 0.238118 0.238094 0.238130 0.238120 0.238112 0.238004 0.237950 0.237910 0.237888 0.237793 0.000000 0.000000
0.000000 0.000000 0.225962 0.225991 0.226005 0.226069 0.226128 0.226388 0.226392 0.226409 0.226475 0.226443 0.226426 0.226402 0.226201 0.226147 0.226047 0.226034 0.225983 0.000000 0.000000
0.000000 0.000000 0.212302 0.212313 0.212364 0.212410 0.212721 0.212720 0.212786 0.212787 0.212776 0.212790 0.212797 0.212808 0.212819 0.212496 0.212434 0.212348 0.212281 0.000000 0.000000
0.000000 0.000000 0.196418 0.196444 0.196510 0.196889 0.196891 0.197078 0.197174 0.197196 0.197258 0.197307 0.197264 0.197274 0.197092 0.197064 0.196558 0.196622 0.196604 0.000000 0.000000
0.000000 0.000000 0.178994 0.179020 0.179562 0.179468 0.179502 0.179576 0.179391 0.179459 0.179364 0.179411 0.179492 0.179358 0.179322 0.179294 0.179609 0.178850 0.178860 0.000000 0.000000
0.000000 0.000000 0.157392 0.158247 0.158169 0.158462 0.158890 0.159018 0.159213 0.159172 0.159408 0.159394 0.159265 0.159381 0.159167 0.158851 0.158199 0.158517 0.157634 0.000000 0.000000
0.000000 0.000000 0.147307 0.146617 0.145830 0.145875 0.145903 0.146642 0.146560 0.146764 0.146464 0.146531 0.146558 0.146463 0.145826 0.145808 0.145686 0.146353 0.147018 0.000000 0.000000
0.000000 0.000000 0.300000 0.300000 0.300000 0.300000 0.300000 0.300000 0.300000 0.300000 0.300000 0.300000 0.300000 0.300000 0.300000 0.300000 0.300000 0.300000 0.300000 0.000000 0.000000
0.000000 0.000000 0.000000 0.000000 0.000000 0.000000 0.000000 0.000000 0.000000 0.000000 0.000000 0.000000 0.000000 0.000000 0.000000 0.000000 0.000000 0.000000 0.000000 0.000000 0.000000