geotop/1.0zi/1.0Montebello/Templates/testdem/maps/_Eocsand3310.asc
ncols         21
nrows         20
xllcorner     100.000000
yllcorner     100.000000
cellsize      50.000000
NODATA_value  -9999.0
0.000000 0.000000 0.000000 0.000000 0.000000 0.000000 0.000000 0.000000 0.000000 0.000000 0.000000 0.000000 0.000000 0.000000 0.000000 0.000000 0.000000 0.000000 0.000000 0.000000 0.000000
0.000000 0.000000 0.300090 0.300090 0.300090 0.300090 0.300090 0.300090 0.300090 0.300090 0.300091 0.300090 0.300090 0.300090 0.300090 0.300090 0.300090 0.300090 0.300090 0.000000 0.000000
0.000000 0.000000 0.300011 0.300011 0.300011 0.300010 0.300011 0.300011 0.300011 0.300011 0.300009 0.300011 0.300011 0.300011 0.300011 0.300010 0.300011 0.300011 0.300011 0.000000 0.000000
0.000000 0.000000 0.297432 0.297433 0.297438 0.297436 0.297433 0.297433 0.297433 0.297433 0.297432 0.297433 0.297433 0.297433 0.297433 0.297436 0.297438 0.297433 0.297432 0.000000 0.000000
0.000000 0.000000 0.287696 0.287697 0.287701 0.287700 0.287694 0.287696 0.287696 0.287694 0.287693 0.287694 0.287696 0.287696 0.287694 0.287700 0.287701 0.287697 0.287696 0.000000 0.000000
0.000000 0.000000 0.276339 0.276340 0.276343 0.276343 0.276338 0.276340 0.276340 0.276338 0.276337 0.276338 0.276340 0.276340 0.276338 0.276343 0.276343 0.276340 0.276339 0.000000 0.000000
0.000000 0.000000 0.265867 0.265868 0.265871 0.265870 0.265866 0.265868 0.265868 0.265866 0.265865 0.265866 0.265868 0.265868 0.265866 0.265870 0.265871 0.265868 0.265867 0.000000 0.000000
0.000000 0.000000 0.256364 0.256365 0.256368 0.256367 0.256363 0.256365 0.256365 0.256363 0.256362 0.256363 0.256365 0.256365 0.256363 0.256367 0.256368 0.256365 0.256364 0.000000 0.000000
0.000000 0.000000 0.247582 0.247582 0.247585 0.247584 0.247581 0.247582 0.247582 0.247581 0.247580 0.247581 0.247582 0.247582 0.247581 0.247584 0.247585 0.247582 0.247582 0.000000 0.000000
0.000000 0.000000 0.239313 0.239313 0.239316 0.239315 0.239312 0.239313 0.239313 0.239312 0.239311 0.239312 0.239313 0.239313 0.239312 0.239315 0.239316 0.239313 0.239313 0.000000 0.000000
0.000000 0.000000 0.231455 0.231456 0.231458 0.231458 0.231455 0.231456 0.231456 0.231455 0.231454 0.231455 0.231456 0.231456 0.231455 0.231458 0.231458 0.231456 0.231455 0.000000 0.000000
0.000000 0.000000 0.223935 0.223935 0.223937 0.223936 0.223934 0.223935 0.223935 0.223934 0.223933 0.223934 0.223935 0.223935 0.223934 0.223936 0.223937 0.223935 0.223935 0.000000 0.000000
0.000000 0.000000 0.216698 0.216698 0.216700 0.216699 0.216697 0.216698 0.216698 0.216697 0.216696 0.216697 0.216698 0.216698 0.216697 0.216699 0.216700 0.216698 0.216698 0.000000 0.000000
0.000000 0.000000 0.209685 0.209686 0.209688 0.209687 0.209684 0.209685 0.209685 0.209684 0.209684 0.209684 0.209685 0.209685 0.209684 0.209687 0.209688 0.209686 0.209685 0.000000 0.000000
0.000000 0.000000 0.202879 0.202880 0.202882 0.202881 0.202878 0.202879 0.202879 0.202878 0.202878 0.202878 0.202879 0.202879 0.202878 0.202881 0.202882 0.202880 0.202879 0.000000 0.000000
0.000000 0.000000 0.196267 0.196267 0.196269 0.196268 0.196266 0.196267 0.196267 0.196266 0.196265 0.196266 0.196267 0.196267 0.196266 0.196268 0.196269 0.196267 0.196267 0.000000 0.000000
0.000000 0.000000 0.189828 0.189829 0.189831 0.189830 0.189828 0.189829 0.189829 0.189828 0.189827 0.189828 0.189829 0.189829 0.189828 0.189830 0.189831 0.189829 0.189828 0.000000 0.000000
0.000000 0.000000 0.183449 0.183448 0.183450 0.183450 0.183447 0.183448 0.183448 0.183447 0.183447 0.183447 0.183448 0.183448 0.183447 0.183450 0.183450 0.183448 0.183448 0.000000 0.000000
0.000000 0.000000 0.300000 0.300000 0.300000 0.300000 0.300000 0.300000 0.300000 0.300000 0.300000 0.300000 0.300000 0.300000 0.300000 0.300000 0.300000 0.300000 0.300000 0.000000 0.000000
0.000000 0.000000 0.000000 0.000000 0.000000 0.000000 0.000000 0.000000 0.000000 0.000000 0.000000 0.000000 0.000000 0.000000 0.000000 0.000000 0.000000 0.000000 0.000000 0.000000 0.000000