geotop/1.0zi/1.0Montebello/Templates/testdem/maps/_Eocsand2286.asc
ncols         21
nrows         20
xllcorner     100.000000
yllcorner     100.000000
cellsize      50.000000
NODATA_value  -9999.0
0.000000 0.000000 0.000000 0.000000 0.000000 0.000000 0.000000 0.000000 0.000000 0.000000 0.000000 0.000000 0.000000 0.000000 0.000000 0.000000 0.000000 0.000000 0.000000 0.000000 0.000000
0.000000 0.000000 0.300069 0.300069 0.300069 0.300069 0.300069 0.300069 0.300069 0.300069 0.300069 0.300069 0.300069 0.300069 0.300069 0.300069 0.300069 0.300069 0.300069 0.000000 0.000000
0.000000 0.000000 0.300011 0.300011 0.300011 0.300011 0.300011 0.300011 0.300011 0.300011 0.300011 0.300011 0.300011 0.300011 0.300011 0.300011 0.300011 0.300011 0.300011 0.000000 0.000000
0.000000 0.000000 0.298526 0.298527 0.298531 0.298529 0.298526 0.298526 0.298527 0.298526 0.298526 0.298526 0.298527 0.298526 0.298526 0.298529 0.298531 0.298527 0.298526 0.000000 0.000000
0.000000 0.000000 0.292304 0.292306 0.292309 0.292309 0.292303 0.292305 0.292305 0.292302 0.292302 0.292302 0.292305 0.292305 0.292303 0.292309 0.292309 0.292306 0.292304 0.000000 0.000000
0.000000 0.000000 0.284642 0.284643 0.284646 0.284646 0.284641 0.284643 0.284643 0.284641 0.284640 0.284641 0.284643 0.284643 0.284641 0.284646 0.284646 0.284643 0.284642 0.000000 0.000000
0.000000 0.000000 0.277504 0.277505 0.277508 0.277507 0.277503 0.277505 0.277505 0.277503 0.277503 0.277503 0.277505 0.277505 0.277503 0.277507 0.277508 0.277505 0.277504 0.000000 0.000000
0.000000 0.000000 0.270965 0.270965 0.270968 0.270967 0.270964 0.270965 0.270965 0.270964 0.270963 0.270964 0.270965 0.270965 0.270964 0.270967 0.270968 0.270965 0.270965 0.000000 0.000000
0.000000 0.000000 0.264861 0.264862 0.264864 0.264864 0.264861 0.264862 0.264862 0.264860 0.264860 0.264860 0.264862 0.264862 0.264861 0.264864 0.264864 0.264862 0.264861 0.000000 0.000000
0.000000 0.000000 0.259048 0.259048 0.259051 0.259050 0.259047 0.259048 0.259048 0.259047 0.259046 0.259047 0.259048 0.259048 0.259047 0.259050 0.259051 0.259048 0.259048 0.000000 0.000000
0.000000 0.000000 0.253458 0.253458 0.253461 0.253460 0.253457 0.253458 0.253458 0.253457 0.253457 0.253457 0.253458 0.253458 0.253457 0.253460 0.253461 0.253458 0.253458 0.000000 0.000000
0.000000 0.000000 0.248046 0.248047 0.248049 0.248048 0.248046 0.248046 0.248046 0.248045 0.248045 0.248045 0.248046 0.248046 0.248046 0.248048 0.248049 0.248047 0.248046 0.000000 0.000000
0.000000 0.000000 0.242769 0.242770 0.242772 0.242771 0.242769 0.242770 0.242770 0.242769 0.242768 0.242769 0.242770 0.242770 0.242769 0.242771 0.242772 0.242770 0.242769 0.000000 0.000000
0.000000 0.000000 0.237609 0.237609 0.237611 0.237610 0.237608 0.237609 0.237609 0.237608 0.237607 0.237608 0.237609 0.237609 0.237608 0.237610 0.237611 0.237609 0.237609 0.000000 0.000000
0.000000 0.000000 0.232543 0.232543 0.232546 0.232545 0.232542 0.232543 0.232543 0.232542 0.232542 0.232542 0.232543 0.232543 0.232542 0.232545 0.232546 0.232543 0.232543 0.000000 0.000000
0.000000 0.000000 0.227566 0.227567 0.227569 0.227568 0.227566 0.227567 0.227567 0.227565 0.227565 0.227565 0.227567 0.227567 0.227566 0.227568 0.227569 0.227567 0.227566 0.000000 0.000000
0.000000 0.000000 0.222673 0.222673 0.222676 0.222675 0.222672 0.222673 0.222673 0.222672 0.222672 0.222672 0.222673 0.222673 0.222672 0.222675 0.222676 0.222673 0.222673 0.000000 0.000000
0.000000 0.000000 0.217786 0.217786 0.217788 0.217787 0.217785 0.217786 0.217786 0.217785 0.217785 0.217785 0.217786 0.217786 0.217785 0.217787 0.217788 0.217786 0.217786 0.000000 0.000000
0.000000 0.000000 0.300000 0.300000 0.300000 0.300000 0.300000 0.300000 0.300000 0.300000 0.300000 0.300000 0.300000 0.300000 0.300000 0.300000 0.300000 0.300000 0.300000 0.000000 0.000000
0.000000 0.000000 0.000000 0.000000 0.000000 0.000000 0.000000 0.000000 0.000000 0.000000 0.000000 0.000000 0.000000 0.000000 0.000000 0.000000 0.000000 0.000000 0.000000 0.000000 0.000000