geotop/1.0zi/1.0Montebello/Templates/testdem/maps/_Eocsand5256.asc
ncols         21
nrows         20
xllcorner     100.000000
yllcorner     100.000000
cellsize      50.000000
NODATA_value  -9999.0
0.000000 0.000000 0.000000 0.000000 0.000000 0.000000 0.000000 0.000000 0.000000 0.000000 0.000000 0.000000 0.000000 0.000000 0.000000 0.000000 0.000000 0.000000 0.000000 0.000000 0.000000
0.000000 0.000000 0.300128 0.300128 0.300127 0.300127 0.300127 0.300127 0.300127 0.300127 0.300127 0.300127 0.300127 0.300127 0.300127 0.300127 0.300127 0.300128 0.300128 0.000000 0.000000
0.000000 0.000000 0.300008 0.300007 0.300007 0.300007 0.300007 0.300007 0.300006 0.300006 0.300007 0.300007 0.300006 0.300006 0.300006 0.300007 0.300008 0.300009 0.300008 0.000000 0.000000
0.000000 0.000000 0.299974 0.299972 0.299975 0.299979 0.299976 0.299978 0.299976 0.299977 0.299976 0.299978 0.299978 0.299980 0.299976 0.299971 0.299973 0.299970 0.299972 0.000000 0.000000
0.000000 0.000000 0.299170 0.299166 0.299167 0.299175 0.299188 0.299196 0.299197 0.299196 0.299201 0.299197 0.299201 0.299201 0.299191 0.299191 0.299186 0.299175 0.299170 0.000000 0.000000
0.000000 0.000000 0.296408 0.296403 0.296410 0.296441 0.296455 0.296486 0.296489 0.296496 0.296488 0.296485 0.296480 0.296483 0.296476 0.296461 0.296447 0.296432 0.296424 0.000000 0.000000
0.000000 0.000000 0.292284 0.292287 0.292292 0.292324 0.292361 0.292405 0.292404 0.292410 0.292405 0.292402 0.292405 0.292403 0.292372 0.292338 0.292322 0.292304 0.292293 0.000000 0.000000
0.000000 0.000000 0.287309 0.287309 0.287309 0.287343 0.287380 0.287427 0.287426 0.287431 0.287430 0.287430 0.287433 0.287427 0.287392 0.287360 0.287331 0.287324 0.287307 0.000000 0.000000
0.000000 0.000000 0.282187 0.282194 0.282205 0.282225 0.282261 0.282312 0.282309 0.282319 0.282323 0.282319 0.282319 0.282323 0.282277 0.282242 0.282216 0.282209 0.282194 0.000000 0.000000
0.000000 0.000000 0.277058 0.277067 0.277069 0.277083 0.277134 0.277180 0.277175 0.277181 0.277188 0.277180 0.277174 0.277180 0.277144 0.277103 0.277077 0.277074 0.277064 0.000000 0.000000
0.000000 0.000000 0.271799 0.271805 0.271804 0.271841 0.271875 0.271925 0.271913 0.271938 0.271937 0.271933 0.271939 0.271927 0.271899 0.271874 0.271845 0.271830 0.271808 0.000000 0.000000
0.000000 0.000000 0.266321 0.266333 0.266345 0.266372 0.266400 0.266460 0.266456 0.266472 0.266456 0.266469 0.266467 0.266463 0.266411 0.266389 0.266369 0.266361 0.266303 0.000000 0.000000
0.000000 0.000000 0.260741 0.260753 0.260755 0.260785 0.260810 0.260927 0.260926 0.260937 0.260961 0.260947 0.260937 0.260928 0.260846 0.260825 0.260781 0.260778 0.260735 0.000000 0.000000
0.000000 0.000000 0.254748 0.254756 0.254768 0.254787 0.254894 0.254926 0.254952 0.254953 0.254964 0.254958 0.254955 0.254959 0.254947 0.254841 0.254802 0.254774 0.254732 0.000000 0.000000
0.000000 0.000000 0.248214 0.248220 0.248246 0.248354 0.248391 0.248455 0.248502 0.248508 0.248530 0.248540 0.248527 0.248537 0.248492 0.248437 0.248274 0.248286 0.248259 0.000000 0.000000
0.000000 0.000000 0.241359 0.241369 0.241505 0.241537 0.241546 0.241589 0.241567 0.241584 0.241574 0.241591 0.241605 0.241577 0.241554 0.241536 0.241533 0.241358 0.241351 0.000000 0.000000
0.000000 0.000000 0.233638 0.233821 0.233899 0.233956 0.234041 0.234087 0.234098 0.234102 0.234141 0.234148 0.234134 0.234137 0.234089 0.234024 0.233918 0.233856 0.233673 0.000000 0.000000
0.000000 0.000000 0.227786 0.227802 0.227646 0.227696 0.227763 0.227935 0.227942 0.227980 0.227961 0.227971 0.227957 0.227954 0.227795 0.227752 0.227621 0.227786 0.227759 0.000000 0.000000
0.000000 0.000000 0.300000 0.300000 0.300000 0.300000 0.300000 0.300000 0.300000 0.300000 0.300000 0.300000 0.300000 0.300000 0.300000 0.300000 0.300000 0.300000 0.300000 0.000000 0.000000
0.000000 0.000000 0.000000 0.000000 0.000000 0.000000 0.000000 0.000000 0.000000 0.000000 0.000000 0.000000 0.000000 0.000000 0.000000 0.000000 0.000000 0.000000 0.000000 0.000000 0.000000