geotop/1.0zi/1.0Montebello/Templates/testdem/maps/_Eocclay2044.asc
ncols         21
nrows         20
xllcorner     100.000000
yllcorner     100.000000
cellsize      50.000000
NODATA_value  -9999.0
0.000000 0.000000 0.000000 0.000000 0.000000 0.000000 0.000000 0.000000 0.000000 0.000000 0.000000 0.000000 0.000000 0.000000 0.000000 0.000000 0.000000 0.000000 0.000000 0.000000 0.000000
0.000000 0.000000 0.349894 0.349894 0.349894 0.349894 0.349894 0.349894 0.349894 0.349894 0.349894 0.349894 0.349894 0.349894 0.349894 0.349894 0.349894 0.349894 0.349894 0.000000 0.000000
0.000000 0.000000 0.349993 0.349993 0.349993 0.349993 0.349993 0.349993 0.349993 0.349993 0.349993 0.349993 0.349993 0.349993 0.349993 0.349993 0.349993 0.349993 0.349993 0.000000 0.000000
0.000000 0.000000 0.350661 0.350661 0.350659 0.350660 0.350661 0.350661 0.350661 0.350661 0.350661 0.350661 0.350661 0.350661 0.350661 0.350660 0.350659 0.350661 0.350661 0.000000 0.000000
0.000000 0.000000 0.353550 0.353549 0.353547 0.353547 0.353551 0.353550 0.353550 0.353551 0.353551 0.353551 0.353550 0.353550 0.353551 0.353547 0.353547 0.353549 0.353550 0.000000 0.000000
0.000000 0.000000 0.356915 0.356914 0.356912 0.356912 0.356915 0.356914 0.356914 0.356915 0.356915 0.356915 0.356914 0.356914 0.356915 0.356912 0.356912 0.356914 0.356915 0.000000 0.000000
0.000000 0.000000 0.360110 0.360110 0.360108 0.360108 0.360110 0.360110 0.360110 0.360111 0.360111 0.360111 0.360110 0.360110 0.360110 0.360108 0.360108 0.360110 0.360110 0.000000 0.000000
0.000000 0.000000 0.363054 0.363054 0.363052 0.363053 0.363054 0.363054 0.363054 0.363055 0.363055 0.363055 0.363054 0.363054 0.363054 0.363053 0.363052 0.363054 0.363054 0.000000 0.000000
0.000000 0.000000 0.365809 0.365809 0.365808 0.365808 0.365810 0.365809 0.365809 0.365810 0.365810 0.365810 0.365809 0.365809 0.365810 0.365808 0.365808 0.365809 0.365809 0.000000 0.000000
0.000000 0.000000 0.368441 0.368441 0.368440 0.368440 0.368442 0.368441 0.368441 0.368442 0.368442 0.368442 0.368441 0.368441 0.368442 0.368440 0.368440 0.368441 0.368441 0.000000 0.000000
0.000000 0.000000 0.370979 0.370979 0.370978 0.370978 0.370980 0.370979 0.370979 0.370980 0.370980 0.370980 0.370979 0.370979 0.370980 0.370978 0.370978 0.370979 0.370979 0.000000 0.000000
0.000000 0.000000 0.373446 0.373446 0.373444 0.373445 0.373446 0.373446 0.373446 0.373446 0.373447 0.373446 0.373446 0.373446 0.373446 0.373445 0.373444 0.373446 0.373446 0.000000 0.000000
0.000000 0.000000 0.375858 0.375858 0.375856 0.375857 0.375858 0.375858 0.375858 0.375858 0.375858 0.375858 0.375858 0.375858 0.375858 0.375857 0.375856 0.375858 0.375858 0.000000 0.000000
0.000000 0.000000 0.378221 0.378220 0.378219 0.378220 0.378221 0.378221 0.378221 0.378221 0.378221 0.378221 0.378221 0.378221 0.378221 0.378220 0.378219 0.378220 0.378221 0.000000 0.000000
0.000000 0.000000 0.380545 0.380545 0.380544 0.380544 0.380545 0.380545 0.380545 0.380546 0.380546 0.380546 0.380545 0.380545 0.380545 0.380544 0.380544 0.380545 0.380545 0.000000 0.000000
0.000000 0.000000 0.382837 0.382837 0.382835 0.382836 0.382837 0.382837 0.382837 0.382837 0.382838 0.382837 0.382837 0.382837 0.382837 0.382836 0.382835 0.382837 0.382837 0.000000 0.000000
0.000000 0.000000 0.385095 0.385095 0.385094 0.385094 0.385096 0.385095 0.385095 0.385096 0.385096 0.385096 0.385095 0.385095 0.385096 0.385094 0.385094 0.385095 0.385095 0.000000 0.000000
0.000000 0.000000 0.387355 0.387355 0.387354 0.387354 0.387356 0.387355 0.387355 0.387356 0.387356 0.387356 0.387355 0.387355 0.387356 0.387354 0.387354 0.387355 0.387356 0.000000 0.000000
0.000000 0.000000 0.350000 0.350000 0.350000 0.350000 0.350000 0.350000 0.350000 0.350000 0.350000 0.350000 0.350000 0.350000 0.350000 0.350000 0.350000 0.350000 0.350000 0.000000 0.000000
0.000000 0.000000 0.000000 0.000000 0.000000 0.000000 0.000000 0.000000 0.000000 0.000000 0.000000 0.000000 0.000000 0.000000 0.000000 0.000000 0.000000 0.000000 0.000000 0.000000 0.000000