geotop/1.0zi/1.0Montebello/Templates/testdem/maps/_Eocsand8160.asc
ncols         21
nrows         20
xllcorner     100.000000
yllcorner     100.000000
cellsize      50.000000
NODATA_value  -9999.0
0.000000 0.000000 0.000000 0.000000 0.000000 0.000000 0.000000 0.000000 0.000000 0.000000 0.000000 0.000000 0.000000 0.000000 0.000000 0.000000 0.000000 0.000000 0.000000 0.000000 0.000000
0.000000 0.000000 0.300207 0.300205 0.300205 0.300206 0.300205 0.300204 0.300204 0.300204 0.300205 0.300204 0.300205 0.300205 0.300204 0.300205 0.300206 0.300206 0.300206 0.000000 0.000000
0.000000 0.000000 0.300011 0.300012 0.300012 0.300010 0.300011 0.300012 0.300011 0.300011 0.300012 0.300012 0.300011 0.300011 0.300011 0.300011 0.300012 0.300013 0.300013 0.000000 0.000000
0.000000 0.000000 0.299894 0.299893 0.299897 0.299905 0.299901 0.299909 0.299904 0.299906 0.299906 0.299906 0.299906 0.299908 0.299903 0.299898 0.299896 0.299893 0.299894 0.000000 0.000000
0.000000 0.000000 0.297950 0.297947 0.297955 0.297971 0.297993 0.298003 0.298010 0.298008 0.298012 0.298011 0.298014 0.298008 0.297985 0.297978 0.297966 0.297953 0.297943 0.000000 0.000000
0.000000 0.000000 0.292292 0.292293 0.292317 0.292362 0.292397 0.292444 0.292444 0.292457 0.292449 0.292450 0.292446 0.292446 0.292422 0.292389 0.292360 0.292338 0.292326 0.000000 0.000000
0.000000 0.000000 0.284409 0.284416 0.284437 0.284488 0.284552 0.284627 0.284628 0.284638 0.284635 0.284636 0.284639 0.284633 0.284569 0.284511 0.284476 0.284447 0.284431 0.000000 0.000000
0.000000 0.000000 0.275073 0.275077 0.275093 0.275151 0.275214 0.275296 0.275297 0.275306 0.275307 0.275314 0.275317 0.275302 0.275232 0.275177 0.275124 0.275107 0.275082 0.000000 0.000000
0.000000 0.000000 0.265092 0.265108 0.265139 0.265177 0.265243 0.265331 0.265327 0.265347 0.265352 0.265356 0.265353 0.265355 0.265270 0.265200 0.265157 0.265136 0.265115 0.000000 0.000000
0.000000 0.000000 0.254534 0.254553 0.254569 0.254608 0.254704 0.254784 0.254784 0.254794 0.254806 0.254800 0.254788 0.254793 0.254720 0.254639 0.254589 0.254573 0.254556 0.000000 0.000000
0.000000 0.000000 0.243056 0.243068 0.243088 0.243170 0.243237 0.243332 0.243312 0.243363 0.243356 0.243359 0.243377 0.243343 0.243277 0.243226 0.243163 0.243128 0.243085 0.000000 0.000000
0.000000 0.000000 0.230307 0.230340 0.230381 0.230433 0.230510 0.230629 0.230637 0.230650 0.230623 0.230665 0.230653 0.230646 0.230523 0.230461 0.230417 0.230392 0.230285 0.000000 0.000000
0.000000 0.000000 0.216510 0.216542 0.216558 0.216635 0.216703 0.217012 0.217017 0.217035 0.217117 0.217074 0.217056 0.217028 0.216793 0.216729 0.216611 0.216598 0.216545 0.000000 0.000000
0.000000 0.000000 0.200322 0.200331 0.200398 0.200451 0.200839 0.200809 0.200890 0.200889 0.200865 0.200889 0.200900 0.200917 0.200953 0.200550 0.200485 0.200378 0.200301 0.000000 0.000000
0.000000 0.000000 0.181228 0.181263 0.181343 0.181836 0.181795 0.182041 0.182152 0.182180 0.182263 0.182322 0.182267 0.182277 0.182039 0.182050 0.181399 0.181497 0.181482 0.000000 0.000000
0.000000 0.000000 0.160290 0.160320 0.161035 0.160843 0.160897 0.160965 0.160700 0.160784 0.160644 0.160696 0.160812 0.160634 0.160619 0.160579 0.161095 0.160067 0.160081 0.000000 0.000000
0.000000 0.000000 0.134349 0.135466 0.135240 0.135655 0.136216 0.136380 0.136684 0.136613 0.136946 0.136917 0.136728 0.136913 0.136631 0.136217 0.135277 0.135878 0.134712 0.000000 0.000000
0.000000 0.000000 0.124820 0.123780 0.122831 0.122824 0.122778 0.123688 0.123538 0.123805 0.123372 0.123461 0.123526 0.123378 0.122620 0.122655 0.122654 0.123396 0.124411 0.000000 0.000000
0.000000 0.000000 0.300000 0.300000 0.300000 0.300000 0.300000 0.300000 0.300000 0.300000 0.300000 0.300000 0.300000 0.300000 0.300000 0.300000 0.300000 0.300000 0.300000 0.000000 0.000000
0.000000 0.000000 0.000000 0.000000 0.000000 0.000000 0.000000 0.000000 0.000000 0.000000 0.000000 0.000000 0.000000 0.000000 0.000000 0.000000 0.000000 0.000000 0.000000 0.000000 0.000000