geotop/1.0zi/1.0Montebello/Templates/testdem/maps/_Eocclay6982.asc
ncols         21
nrows         20
xllcorner     100.000000
yllcorner     100.000000
cellsize      50.000000
NODATA_value  -9999.0
0.000000 0.000000 0.000000 0.000000 0.000000 0.000000 0.000000 0.000000 0.000000 0.000000 0.000000 0.000000 0.000000 0.000000 0.000000 0.000000 0.000000 0.000000 0.000000 0.000000 0.000000
0.000000 0.000000 0.349687 0.349688 0.349688 0.349687 0.349689 0.349689 0.349688 0.349688 0.349687 0.349688 0.349688 0.349688 0.349689 0.349688 0.349686 0.349687 0.349688 0.000000 0.000000
0.000000 0.000000 0.349987 0.349987 0.349988 0.349988 0.349987 0.349987 0.349987 0.349987 0.349987 0.349986 0.349987 0.349986 0.349987 0.349987 0.349988 0.349988 0.349985 0.000000 0.000000
0.000000 0.000000 0.349976 0.349981 0.349977 0.349977 0.349979 0.349978 0.349980 0.349976 0.349981 0.349978 0.349978 0.349977 0.349978 0.349980 0.349978 0.349980 0.349979 0.000000 0.000000
0.000000 0.000000 0.350705 0.350703 0.350700 0.350697 0.350683 0.350681 0.350680 0.350682 0.350680 0.350680 0.350676 0.350680 0.350687 0.350687 0.350693 0.350694 0.350702 0.000000 0.000000
0.000000 0.000000 0.352884 0.352883 0.352873 0.352848 0.352837 0.352815 0.352818 0.352811 0.352815 0.352814 0.352816 0.352817 0.352826 0.352843 0.352854 0.352867 0.352874 0.000000 0.000000
0.000000 0.000000 0.356004 0.356001 0.355993 0.355973 0.355947 0.355914 0.355914 0.355908 0.355910 0.355911 0.355911 0.355911 0.355938 0.355964 0.355976 0.355987 0.355996 0.000000 0.000000
0.000000 0.000000 0.359727 0.359726 0.359719 0.359694 0.359668 0.359633 0.359634 0.359630 0.359629 0.359627 0.359624 0.359632 0.359660 0.359683 0.359703 0.359711 0.359723 0.000000 0.000000
0.000000 0.000000 0.363598 0.363592 0.363580 0.363566 0.363539 0.363503 0.363507 0.363498 0.363496 0.363494 0.363494 0.363494 0.363528 0.363557 0.363572 0.363579 0.363589 0.000000 0.000000
0.000000 0.000000 0.367603 0.367595 0.367589 0.367575 0.367536 0.367504 0.367506 0.367501 0.367496 0.367498 0.367503 0.367501 0.367529 0.367562 0.367581 0.367586 0.367595 0.000000 0.000000
0.000000 0.000000 0.371855 0.371850 0.371842 0.371813 0.371787 0.371749 0.371758 0.371737 0.371740 0.371739 0.371732 0.371745 0.371770 0.371790 0.371813 0.371826 0.371844 0.000000 0.000000
0.000000 0.000000 0.376430 0.376419 0.376405 0.376384 0.376356 0.376311 0.376311 0.376303 0.376313 0.376298 0.376301 0.376305 0.376349 0.376371 0.376387 0.376396 0.376439 0.000000 0.000000
0.000000 0.000000 0.381252 0.381240 0.381233 0.381207 0.381183 0.381079 0.381079 0.381071 0.381047 0.381058 0.381064 0.381074 0.381152 0.381175 0.381213 0.381217 0.381245 0.000000 0.000000
0.000000 0.000000 0.386674 0.386668 0.386648 0.386629 0.386515 0.386501 0.386478 0.386477 0.386477 0.386474 0.386471 0.386468 0.386472 0.386591 0.386618 0.386649 0.386680 0.000000 0.000000
0.000000 0.000000 0.392850 0.392841 0.392813 0.392682 0.392664 0.392598 0.392559 0.392551 0.392530 0.392512 0.392526 0.392521 0.392581 0.392611 0.392788 0.392770 0.392784 0.000000 0.000000
0.000000 0.000000 0.399556 0.399545 0.399361 0.399368 0.399359 0.399320 0.399376 0.399351 0.399378 0.399358 0.399332 0.399377 0.399398 0.399410 0.399339 0.399582 0.399584 0.000000 0.000000
0.000000 0.000000 0.407668 0.407393 0.407370 0.407284 0.407146 0.407099 0.407056 0.407062 0.406993 0.406992 0.407026 0.407000 0.407068 0.407171 0.407353 0.407313 0.407597 0.000000 0.000000
0.000000 0.000000 0.412498 0.412643 0.412903 0.412866 0.412819 0.412570 0.412581 0.412518 0.412593 0.412572 0.412574 0.412595 0.412816 0.412849 0.412944 0.412699 0.412568 0.000000 0.000000
0.000000 0.000000 0.350000 0.350000 0.350000 0.350000 0.350000 0.350000 0.350000 0.350000 0.350000 0.350000 0.350000 0.350000 0.350000 0.350000 0.350000 0.350000 0.350000 0.000000 0.000000
0.000000 0.000000 0.000000 0.000000 0.000000 0.000000 0.000000 0.000000 0.000000 0.000000 0.000000 0.000000 0.000000 0.000000 0.000000 0.000000 0.000000 0.000000 0.000000 0.000000 0.000000