geotop/1.0zi/1.0Montebello/Templates/testdem/maps/_Eocclay9318.asc
ncols         21
nrows         20
xllcorner     100.000000
yllcorner     100.000000
cellsize      50.000000
NODATA_value  -9999.0
0.000000 0.000000 0.000000 0.000000 0.000000 0.000000 0.000000 0.000000 0.000000 0.000000 0.000000 0.000000 0.000000 0.000000 0.000000 0.000000 0.000000 0.000000 0.000000 0.000000 0.000000
0.000000 0.000000 0.349563 0.349566 0.349566 0.349565 0.349567 0.349567 0.349566 0.349567 0.349565 0.349567 0.349567 0.349566 0.349567 0.349566 0.349564 0.349565 0.349565 0.000000 0.000000
0.000000 0.000000 0.349981 0.349979 0.349979 0.349981 0.349979 0.349979 0.349979 0.349979 0.349979 0.349979 0.349979 0.349979 0.349980 0.349980 0.349981 0.349980 0.349978 0.000000 0.000000
0.000000 0.000000 0.350026 0.350030 0.350029 0.350026 0.350027 0.350028 0.350031 0.350029 0.350032 0.350030 0.350031 0.350029 0.350031 0.350033 0.350031 0.350031 0.350029 0.000000 0.000000
0.000000 0.000000 0.351284 0.351277 0.351270 0.351260 0.351242 0.351242 0.351238 0.351239 0.351238 0.351242 0.351241 0.351244 0.351253 0.351257 0.351267 0.351271 0.351280 0.000000 0.000000
0.000000 0.000000 0.354899 0.354894 0.354871 0.354839 0.354811 0.354783 0.354787 0.354781 0.354783 0.354783 0.354789 0.354788 0.354801 0.354830 0.354845 0.354857 0.354863 0.000000 0.000000
0.000000 0.000000 0.359765 0.359755 0.359741 0.359710 0.359672 0.359617 0.359620 0.359615 0.359613 0.359615 0.359616 0.359618 0.359660 0.359693 0.359712 0.359724 0.359733 0.000000 0.000000
0.000000 0.000000 0.365536 0.365525 0.365511 0.365472 0.365432 0.365383 0.365385 0.365379 0.365377 0.365375 0.365373 0.365383 0.365422 0.365456 0.365487 0.365495 0.365510 0.000000 0.000000
0.000000 0.000000 0.371798 0.371784 0.371763 0.371737 0.371690 0.371634 0.371641 0.371630 0.371625 0.371623 0.371625 0.371624 0.371677 0.371718 0.371742 0.371751 0.371764 0.000000 0.000000
0.000000 0.000000 0.378651 0.378631 0.378616 0.378586 0.378523 0.378471 0.378474 0.378466 0.378457 0.378462 0.378469 0.378468 0.378511 0.378564 0.378593 0.378603 0.378610 0.000000 0.000000
0.000000 0.000000 0.386370 0.386356 0.386342 0.386274 0.386232 0.386163 0.386181 0.386145 0.386150 0.386145 0.386133 0.386157 0.386203 0.386236 0.386276 0.386292 0.386324 0.000000 0.000000
0.000000 0.000000 0.395257 0.395226 0.395186 0.395153 0.395093 0.395009 0.395011 0.395005 0.395020 0.394987 0.395002 0.395002 0.395085 0.395133 0.395156 0.395168 0.395237 0.000000 0.000000
0.000000 0.000000 0.405200 0.405171 0.405162 0.405086 0.405036 0.404795 0.404797 0.404784 0.404708 0.404752 0.404761 0.404785 0.404965 0.405010 0.405097 0.405101 0.405125 0.000000 0.000000
0.000000 0.000000 0.417436 0.417426 0.417358 0.417311 0.416972 0.417061 0.416996 0.416998 0.417037 0.416998 0.416991 0.416964 0.416880 0.417244 0.417267 0.417351 0.417406 0.000000 0.000000
0.000000 0.000000 0.431929 0.431886 0.431814 0.431367 0.431507 0.431248 0.431176 0.431151 0.431058 0.431018 0.431070 0.431072 0.431309 0.431183 0.431769 0.431639 0.431627 0.000000 0.000000
0.000000 0.000000 0.446555 0.446526 0.445938 0.446221 0.446127 0.446138 0.446397 0.446328 0.446464 0.446436 0.446327 0.446472 0.446410 0.446489 0.445864 0.446751 0.446738 0.000000 0.000000
0.000000 0.000000 0.461747 0.461091 0.461337 0.461030 0.460700 0.460592 0.460363 0.460417 0.460187 0.460213 0.460347 0.460207 0.460389 0.460633 0.461298 0.460757 0.461440 0.000000 0.000000
0.000000 0.000000 0.465927 0.466362 0.466785 0.466756 0.466756 0.466337 0.466402 0.466283 0.466470 0.466429 0.466404 0.466466 0.466810 0.466812 0.466837 0.466485 0.466053 0.000000 0.000000
0.000000 0.000000 0.350000 0.350000 0.350000 0.350000 0.350000 0.350000 0.350000 0.350000 0.350000 0.350000 0.350000 0.350000 0.350000 0.350000 0.350000 0.350000 0.350000 0.000000 0.000000
0.000000 0.000000 0.000000 0.000000 0.000000 0.000000 0.000000 0.000000 0.000000 0.000000 0.000000 0.000000 0.000000 0.000000 0.000000 0.000000 0.000000 0.000000 0.000000 0.000000 0.000000