geotop/1.0zi/1.0Montebello/Templates/testdem/maps/_Eocclay6775.asc
ncols         21
nrows         20
xllcorner     100.000000
yllcorner     100.000000
cellsize      50.000000
NODATA_value  -9999.0
0.000000 0.000000 0.000000 0.000000 0.000000 0.000000 0.000000 0.000000 0.000000 0.000000 0.000000 0.000000 0.000000 0.000000 0.000000 0.000000 0.000000 0.000000 0.000000 0.000000 0.000000
0.000000 0.000000 0.349697 0.349699 0.349699 0.349698 0.349699 0.349699 0.349699 0.349699 0.349697 0.349699 0.349699 0.349698 0.349699 0.349699 0.349697 0.349697 0.349698 0.000000 0.000000
0.000000 0.000000 0.349988 0.349988 0.349988 0.349989 0.349987 0.349987 0.349987 0.349987 0.349987 0.349987 0.349988 0.349986 0.349988 0.349988 0.349989 0.349989 0.349986 0.000000 0.000000
0.000000 0.000000 0.349979 0.349984 0.349981 0.349981 0.349982 0.349982 0.349984 0.349980 0.349985 0.349983 0.349983 0.349982 0.349982 0.349984 0.349982 0.349983 0.349983 0.000000 0.000000
0.000000 0.000000 0.350653 0.350651 0.350648 0.350646 0.350633 0.350631 0.350631 0.350633 0.350630 0.350631 0.350627 0.350630 0.350638 0.350638 0.350643 0.350644 0.350651 0.000000 0.000000
0.000000 0.000000 0.352655 0.352654 0.352644 0.352620 0.352611 0.352591 0.352592 0.352587 0.352591 0.352591 0.352593 0.352593 0.352600 0.352616 0.352627 0.352639 0.352646 0.000000 0.000000
0.000000 0.000000 0.355582 0.355579 0.355573 0.355553 0.355529 0.355498 0.355497 0.355492 0.355494 0.355496 0.355496 0.355496 0.355521 0.355546 0.355558 0.355567 0.355576 0.000000 0.000000
0.000000 0.000000 0.359093 0.359092 0.359086 0.359062 0.359038 0.359005 0.359005 0.359001 0.359001 0.359000 0.358998 0.359004 0.359031 0.359052 0.359072 0.359079 0.359090 0.000000 0.000000
0.000000 0.000000 0.362731 0.362726 0.362715 0.362701 0.362677 0.362644 0.362646 0.362639 0.362636 0.362636 0.362636 0.362635 0.362667 0.362694 0.362709 0.362715 0.362725 0.000000 0.000000
0.000000 0.000000 0.366477 0.366470 0.366465 0.366452 0.366416 0.366386 0.366388 0.366383 0.366379 0.366382 0.366387 0.366384 0.366411 0.366442 0.366459 0.366464 0.366472 0.000000 0.000000
0.000000 0.000000 0.370433 0.370428 0.370422 0.370395 0.370371 0.370336 0.370344 0.370326 0.370327 0.370328 0.370322 0.370334 0.370356 0.370375 0.370397 0.370408 0.370425 0.000000 0.000000
0.000000 0.000000 0.374664 0.374653 0.374641 0.374621 0.374597 0.374555 0.374555 0.374547 0.374557 0.374545 0.374547 0.374551 0.374591 0.374611 0.374627 0.374634 0.374674 0.000000 0.000000
0.000000 0.000000 0.379096 0.379086 0.379079 0.379056 0.379035 0.378941 0.378940 0.378933 0.378912 0.378923 0.378929 0.378937 0.379008 0.379029 0.379064 0.379067 0.379094 0.000000 0.000000
0.000000 0.000000 0.384040 0.384034 0.384018 0.384000 0.383900 0.383885 0.383863 0.383862 0.383861 0.383860 0.383859 0.383856 0.383861 0.383967 0.383993 0.384019 0.384048 0.000000 0.000000
0.000000 0.000000 0.389623 0.389615 0.389591 0.389477 0.389456 0.389400 0.389364 0.389358 0.389338 0.389325 0.389338 0.389331 0.389382 0.389415 0.389570 0.389554 0.389569 0.000000 0.000000
0.000000 0.000000 0.395654 0.395645 0.395489 0.395483 0.395477 0.395445 0.395488 0.395468 0.395489 0.395472 0.395452 0.395488 0.395505 0.395517 0.395471 0.395675 0.395677 0.000000 0.000000
0.000000 0.000000 0.402858 0.402629 0.402595 0.402527 0.402414 0.402373 0.402340 0.402344 0.402289 0.402288 0.402315 0.402296 0.402353 0.402440 0.402583 0.402570 0.402805 0.000000 0.000000
0.000000 0.000000 0.407441 0.407531 0.407748 0.407708 0.407660 0.407453 0.407457 0.407407 0.407461 0.407446 0.407451 0.407465 0.407652 0.407690 0.407785 0.407573 0.407495 0.000000 0.000000
0.000000 0.000000 0.350000 0.350000 0.350000 0.350000 0.350000 0.350000 0.350000 0.350000 0.350000 0.350000 0.350000 0.350000 0.350000 0.350000 0.350000 0.350000 0.350000 0.000000 0.000000
0.000000 0.000000 0.000000 0.000000 0.000000 0.000000 0.000000 0.000000 0.000000 0.000000 0.000000 0.000000 0.000000 0.000000 0.000000 0.000000 0.000000 0.000000 0.000000 0.000000 0.000000