geotop/1.0zi/1.0Montebello/Templates/testdem/maps/_Eocsand6473.asc
ncols         21
nrows         20
xllcorner     100.000000
yllcorner     100.000000
cellsize      50.000000
NODATA_value  -9999.0
0.000000 0.000000 0.000000 0.000000 0.000000 0.000000 0.000000 0.000000 0.000000 0.000000 0.000000 0.000000 0.000000 0.000000 0.000000 0.000000 0.000000 0.000000 0.000000 0.000000 0.000000
0.000000 0.000000 0.300160 0.300158 0.300158 0.300158 0.300157 0.300157 0.300158 0.300158 0.300158 0.300158 0.300158 0.300158 0.300157 0.300157 0.300159 0.300159 0.300158 0.000000 0.000000
0.000000 0.000000 0.300009 0.300010 0.300009 0.300008 0.300009 0.300010 0.300009 0.300009 0.300009 0.300010 0.300009 0.300010 0.300009 0.300010 0.300010 0.300010 0.300011 0.000000 0.000000
0.000000 0.000000 0.299963 0.299962 0.299966 0.299971 0.299969 0.299971 0.299967 0.299970 0.299967 0.299970 0.299969 0.299970 0.299968 0.299963 0.299963 0.299960 0.299960 0.000000 0.000000
0.000000 0.000000 0.298778 0.298773 0.298779 0.298787 0.298805 0.298813 0.298814 0.298814 0.298818 0.298818 0.298821 0.298818 0.298806 0.298803 0.298796 0.298785 0.298774 0.000000 0.000000
0.000000 0.000000 0.295202 0.295198 0.295212 0.295251 0.295271 0.295308 0.295308 0.295318 0.295311 0.295308 0.295303 0.295305 0.295295 0.295272 0.295251 0.295235 0.295225 0.000000 0.000000
0.000000 0.000000 0.289837 0.289841 0.289854 0.289894 0.289942 0.289996 0.289996 0.290004 0.290001 0.290000 0.290002 0.289998 0.289956 0.289911 0.289887 0.289866 0.289851 0.000000 0.000000
0.000000 0.000000 0.283342 0.283341 0.283349 0.283392 0.283440 0.283500 0.283499 0.283505 0.283507 0.283510 0.283511 0.283502 0.283455 0.283412 0.283373 0.283364 0.283342 0.000000 0.000000
0.000000 0.000000 0.276571 0.276579 0.276599 0.276626 0.276673 0.276737 0.276734 0.276747 0.276752 0.276753 0.276751 0.276753 0.276694 0.276646 0.276611 0.276600 0.276581 0.000000 0.000000
0.000000 0.000000 0.269664 0.269674 0.269684 0.269706 0.269773 0.269831 0.269828 0.269836 0.269844 0.269839 0.269828 0.269836 0.269786 0.269730 0.269693 0.269686 0.269672 0.000000 0.000000
0.000000 0.000000 0.262456 0.262461 0.262470 0.262520 0.262565 0.262630 0.262616 0.262648 0.262648 0.262647 0.262654 0.262634 0.262595 0.262559 0.262518 0.262497 0.262468 0.000000 0.000000
0.000000 0.000000 0.254792 0.254804 0.254828 0.254865 0.254909 0.254988 0.254986 0.255002 0.254985 0.255007 0.255001 0.254995 0.254922 0.254886 0.254856 0.254844 0.254769 0.000000 0.000000
0.000000 0.000000 0.246821 0.246839 0.246849 0.246891 0.246931 0.247099 0.247100 0.247114 0.247151 0.247133 0.247119 0.247105 0.246981 0.246945 0.246880 0.246874 0.246824 0.000000 0.000000
0.000000 0.000000 0.238031 0.238040 0.238068 0.238100 0.238273 0.238307 0.238346 0.238347 0.238357 0.238354 0.238355 0.238361 0.238343 0.238165 0.238112 0.238068 0.238015 0.000000 0.000000
0.000000 0.000000 0.228192 0.228201 0.228242 0.228434 0.228482 0.228583 0.228646 0.228658 0.228691 0.228717 0.228689 0.228701 0.228619 0.228549 0.228283 0.228307 0.228276 0.000000 0.000000
0.000000 0.000000 0.217635 0.217646 0.217905 0.217930 0.217945 0.218004 0.217942 0.217974 0.217945 0.217975 0.218005 0.217947 0.217911 0.217890 0.217939 0.217606 0.217602 0.000000 0.000000
0.000000 0.000000 0.205224 0.205587 0.205670 0.205780 0.205961 0.206037 0.206081 0.206078 0.206165 0.206170 0.206127 0.206152 0.206057 0.205920 0.205695 0.205678 0.205300 0.000000 0.000000
0.000000 0.000000 0.196874 0.196775 0.196437 0.196514 0.196615 0.196951 0.196952 0.197031 0.196959 0.196983 0.196965 0.196949 0.196642 0.196567 0.196381 0.196719 0.196794 0.000000 0.000000
0.000000 0.000000 0.300000 0.300000 0.300000 0.300000 0.300000 0.300000 0.300000 0.300000 0.300000 0.300000 0.300000 0.300000 0.300000 0.300000 0.300000 0.300000 0.300000 0.000000 0.000000
0.000000 0.000000 0.000000 0.000000 0.000000 0.000000 0.000000 0.000000 0.000000 0.000000 0.000000 0.000000 0.000000 0.000000 0.000000 0.000000 0.000000 0.000000 0.000000 0.000000 0.000000