geotop/1.0zi/1.0Montebello/Templates/testdem/maps/_Eocsand0573.asc
ncols         21
nrows         20
xllcorner     100.000000
yllcorner     100.000000
cellsize      50.000000
NODATA_value  -9999.0
0.000000 0.000000 0.000000 0.000000 0.000000 0.000000 0.000000 0.000000 0.000000 0.000000 0.000000 0.000000 0.000000 0.000000 0.000000 0.000000 0.000000 0.000000 0.000000 0.000000 0.000000
0.000000 0.000000 0.300021 0.300021 0.300021 0.300021 0.300021 0.300021 0.300021 0.300021 0.300021 0.300021 0.300021 0.300021 0.300021 0.300021 0.300021 0.300021 0.300021 0.000000 0.000000
0.000000 0.000000 0.300005 0.300006 0.300006 0.300006 0.300005 0.300005 0.300005 0.300005 0.300005 0.300005 0.300005 0.300005 0.300005 0.300006 0.300006 0.300006 0.300005 0.000000 0.000000
0.000000 0.000000 0.299436 0.299436 0.299441 0.299436 0.299436 0.299436 0.299436 0.299436 0.299436 0.299436 0.299436 0.299436 0.299436 0.299436 0.299441 0.299436 0.299436 0.000000 0.000000
0.000000 0.000000 0.297595 0.297595 0.297599 0.297595 0.297595 0.297595 0.297595 0.297595 0.297595 0.297595 0.297595 0.297595 0.297595 0.297595 0.297599 0.297595 0.297595 0.000000 0.000000
0.000000 0.000000 0.295647 0.295647 0.295650 0.295647 0.295647 0.295646 0.295646 0.295646 0.295647 0.295646 0.295646 0.295646 0.295647 0.295647 0.295650 0.295647 0.295647 0.000000 0.000000
0.000000 0.000000 0.293829 0.293829 0.293832 0.293829 0.293829 0.293829 0.293829 0.293829 0.293829 0.293829 0.293829 0.293829 0.293829 0.293829 0.293832 0.293829 0.293829 0.000000 0.000000
0.000000 0.000000 0.292139 0.292139 0.292142 0.292139 0.292139 0.292139 0.292139 0.292139 0.292139 0.292139 0.292139 0.292139 0.292139 0.292139 0.292142 0.292139 0.292139 0.000000 0.000000
0.000000 0.000000 0.290541 0.290541 0.290543 0.290541 0.290541 0.290540 0.290540 0.290540 0.290541 0.290540 0.290540 0.290540 0.290541 0.290541 0.290543 0.290541 0.290541 0.000000 0.000000
0.000000 0.000000 0.288998 0.288998 0.289001 0.288998 0.288998 0.288998 0.288998 0.288998 0.288998 0.288998 0.288998 0.288998 0.288998 0.288998 0.289001 0.288998 0.288998 0.000000 0.000000
0.000000 0.000000 0.287497 0.287497 0.287499 0.287497 0.287497 0.287496 0.287496 0.287496 0.287497 0.287496 0.287496 0.287496 0.287497 0.287497 0.287499 0.287497 0.287497 0.000000 0.000000
0.000000 0.000000 0.286024 0.286024 0.286027 0.286024 0.286024 0.286024 0.286024 0.286024 0.286024 0.286024 0.286024 0.286024 0.286024 0.286024 0.286027 0.286024 0.286024 0.000000 0.000000
0.000000 0.000000 0.284576 0.284576 0.284579 0.284576 0.284576 0.284576 0.284576 0.284576 0.284576 0.284576 0.284576 0.284576 0.284576 0.284576 0.284579 0.284576 0.284576 0.000000 0.000000
0.000000 0.000000 0.283149 0.283149 0.283152 0.283150 0.283149 0.283149 0.283149 0.283149 0.283149 0.283149 0.283149 0.283149 0.283149 0.283150 0.283152 0.283149 0.283149 0.000000 0.000000
0.000000 0.000000 0.281736 0.281736 0.281739 0.281736 0.281736 0.281736 0.281736 0.281736 0.281736 0.281736 0.281736 0.281736 0.281736 0.281736 0.281739 0.281736 0.281736 0.000000 0.000000
0.000000 0.000000 0.280328 0.280328 0.280331 0.280328 0.280328 0.280328 0.280328 0.280328 0.280328 0.280328 0.280328 0.280328 0.280328 0.280328 0.280331 0.280328 0.280328 0.000000 0.000000
0.000000 0.000000 0.278935 0.278935 0.278937 0.278935 0.278935 0.278934 0.278934 0.278935 0.278935 0.278935 0.278934 0.278934 0.278935 0.278935 0.278937 0.278935 0.278935 0.000000 0.000000
0.000000 0.000000 0.277524 0.277524 0.277526 0.277524 0.277524 0.277524 0.277523 0.277524 0.277524 0.277524 0.277523 0.277524 0.277524 0.277524 0.277526 0.277524 0.277524 0.000000 0.000000
0.000000 0.000000 0.300000 0.300000 0.300000 0.300000 0.300000 0.300000 0.300000 0.300000 0.300000 0.300000 0.300000 0.300000 0.300000 0.300000 0.300000 0.300000 0.300000 0.000000 0.000000
0.000000 0.000000 0.000000 0.000000 0.000000 0.000000 0.000000 0.000000 0.000000 0.000000 0.000000 0.000000 0.000000 0.000000 0.000000 0.000000 0.000000 0.000000 0.000000 0.000000 0.000000