geotop/1.0zi/1.0Montebello/Templates/testdem/maps/_Eocclay6559.asc
ncols         21
nrows         20
xllcorner     100.000000
yllcorner     100.000000
cellsize      50.000000
NODATA_value  -9999.0
0.000000 0.000000 0.000000 0.000000 0.000000 0.000000 0.000000 0.000000 0.000000 0.000000 0.000000 0.000000 0.000000 0.000000 0.000000 0.000000 0.000000 0.000000 0.000000 0.000000 0.000000
0.000000 0.000000 0.349708 0.349709 0.349710 0.349708 0.349710 0.349710 0.349709 0.349710 0.349708 0.349710 0.349710 0.349709 0.349710 0.349710 0.349708 0.349708 0.349709 0.000000 0.000000
0.000000 0.000000 0.349988 0.349988 0.349988 0.349989 0.349987 0.349987 0.349988 0.349987 0.349987 0.349987 0.349988 0.349987 0.349988 0.349988 0.349989 0.349989 0.349986 0.000000 0.000000
0.000000 0.000000 0.349983 0.349987 0.349984 0.349984 0.349986 0.349986 0.349987 0.349984 0.349989 0.349986 0.349986 0.349986 0.349986 0.349988 0.349986 0.349988 0.349987 0.000000 0.000000
0.000000 0.000000 0.350591 0.350591 0.350589 0.350587 0.350573 0.350571 0.350571 0.350574 0.350571 0.350570 0.350566 0.350568 0.350574 0.350574 0.350580 0.350581 0.350588 0.000000 0.000000
0.000000 0.000000 0.352458 0.352458 0.352451 0.352426 0.352418 0.352399 0.352400 0.352395 0.352397 0.352397 0.352401 0.352401 0.352405 0.352420 0.352432 0.352444 0.352449 0.000000 0.000000
0.000000 0.000000 0.355247 0.355245 0.355240 0.355221 0.355197 0.355167 0.355167 0.355162 0.355163 0.355164 0.355165 0.355164 0.355186 0.355210 0.355223 0.355233 0.355241 0.000000 0.000000
0.000000 0.000000 0.358592 0.358592 0.358587 0.358564 0.358540 0.358508 0.358508 0.358505 0.358504 0.358502 0.358501 0.358507 0.358531 0.358552 0.358572 0.358579 0.358590 0.000000 0.000000
0.000000 0.000000 0.362052 0.362049 0.362039 0.362025 0.362001 0.361969 0.361971 0.361965 0.361961 0.361960 0.361961 0.361959 0.361988 0.362013 0.362031 0.362037 0.362046 0.000000 0.000000
0.000000 0.000000 0.365602 0.365596 0.365591 0.365579 0.365544 0.365515 0.365517 0.365513 0.365508 0.365509 0.365516 0.365512 0.365536 0.365565 0.365585 0.365589 0.365597 0.000000 0.000000
0.000000 0.000000 0.369333 0.369330 0.369325 0.369300 0.369276 0.369243 0.369250 0.369234 0.369233 0.369233 0.369229 0.369239 0.369258 0.369276 0.369299 0.369311 0.369326 0.000000 0.000000
0.000000 0.000000 0.373307 0.373301 0.373288 0.373269 0.373246 0.373206 0.373206 0.373199 0.373206 0.373194 0.373197 0.373200 0.373236 0.373255 0.373272 0.373279 0.373317 0.000000 0.000000
0.000000 0.000000 0.377453 0.377444 0.377439 0.377417 0.377396 0.377308 0.377308 0.377301 0.377281 0.377289 0.377297 0.377304 0.377367 0.377386 0.377421 0.377425 0.377451 0.000000 0.000000
0.000000 0.000000 0.382041 0.382037 0.382022 0.382005 0.381913 0.381896 0.381876 0.381876 0.381870 0.381870 0.381870 0.381867 0.381874 0.381968 0.381997 0.382021 0.382049 0.000000 0.000000
0.000000 0.000000 0.387195 0.387190 0.387168 0.387066 0.387041 0.386989 0.386956 0.386950 0.386931 0.386917 0.386932 0.386925 0.386966 0.387002 0.387145 0.387133 0.387149 0.000000 0.000000
0.000000 0.000000 0.392739 0.392733 0.392595 0.392583 0.392574 0.392545 0.392579 0.392563 0.392577 0.392560 0.392544 0.392575 0.392591 0.392601 0.392575 0.392754 0.392756 0.000000 0.000000
0.000000 0.000000 0.399294 0.399099 0.399058 0.398998 0.398899 0.398860 0.398836 0.398838 0.398789 0.398786 0.398810 0.398795 0.398843 0.398917 0.399042 0.399048 0.399251 0.000000 0.000000
0.000000 0.000000 0.403644 0.403704 0.403889 0.403848 0.403796 0.403616 0.403617 0.403574 0.403614 0.403599 0.403608 0.403617 0.403779 0.403817 0.403916 0.403735 0.403687 0.000000 0.000000
0.000000 0.000000 0.350000 0.350000 0.350000 0.350000 0.350000 0.350000 0.350000 0.350000 0.350000 0.350000 0.350000 0.350000 0.350000 0.350000 0.350000 0.350000 0.350000 0.000000 0.000000
0.000000 0.000000 0.000000 0.000000 0.000000 0.000000 0.000000 0.000000 0.000000 0.000000 0.000000 0.000000 0.000000 0.000000 0.000000 0.000000 0.000000 0.000000 0.000000 0.000000 0.000000