geotop/1.0zi/1.0Montebello/Templates/testdem/maps/_Eocsilt4300.asc
ncols         21
nrows         20
xllcorner     100.000000
yllcorner     100.000000
cellsize      50.000000
NODATA_value  -9999.0
0.000000 0.000000 0.000000 0.000000 0.000000 0.000000 0.000000 0.000000 0.000000 0.000000 0.000000 0.000000 0.000000 0.000000 0.000000 0.000000 0.000000 0.000000 0.000000 0.000000 0.000000
0.000000 0.000000 0.350088 0.350088 0.350088 0.350088 0.350088 0.350088 0.350088 0.350088 0.350088 0.350088 0.350088 0.350088 0.350088 0.350088 0.350089 0.350088 0.350088 0.000000 0.000000
0.000000 0.000000 0.350002 0.350002 0.350002 0.350003 0.350003 0.350003 0.350003 0.350003 0.350003 0.350003 0.350003 0.350003 0.350003 0.350002 0.350001 0.350001 0.350001 0.000000 0.000000
0.000000 0.000000 0.350032 0.350031 0.350031 0.350027 0.350028 0.350025 0.350027 0.350028 0.350027 0.350027 0.350027 0.350026 0.350028 0.350030 0.350031 0.350033 0.350032 0.000000 0.000000
0.000000 0.000000 0.350380 0.350380 0.350378 0.350379 0.350378 0.350376 0.350374 0.350371 0.350370 0.350373 0.350373 0.350373 0.350375 0.350374 0.350373 0.350378 0.350380 0.000000 0.000000
0.000000 0.000000 0.351483 0.351485 0.351481 0.351476 0.351472 0.351460 0.351459 0.351454 0.351458 0.351460 0.351462 0.351458 0.351460 0.351465 0.351469 0.351469 0.351471 0.000000 0.000000
0.000000 0.000000 0.353187 0.353185 0.353179 0.353166 0.353153 0.353138 0.353140 0.353138 0.353141 0.353139 0.353136 0.353136 0.353145 0.353159 0.353164 0.353168 0.353176 0.000000 0.000000
0.000000 0.000000 0.355165 0.355159 0.355153 0.355139 0.355124 0.355108 0.355110 0.355107 0.355107 0.355107 0.355105 0.355103 0.355119 0.355134 0.355145 0.355146 0.355152 0.000000 0.000000
0.000000 0.000000 0.357165 0.357159 0.357150 0.357138 0.357125 0.357103 0.357105 0.357101 0.357101 0.357102 0.357100 0.357100 0.357115 0.357132 0.357140 0.357144 0.357153 0.000000 0.000000
0.000000 0.000000 0.359151 0.359145 0.359138 0.359126 0.359110 0.359092 0.359095 0.359092 0.359092 0.359093 0.359090 0.359087 0.359104 0.359121 0.359128 0.359132 0.359138 0.000000 0.000000
0.000000 0.000000 0.361149 0.361143 0.361136 0.361125 0.361114 0.361093 0.361095 0.361090 0.361091 0.361092 0.361089 0.361087 0.361101 0.361113 0.361123 0.361127 0.361134 0.000000 0.000000
0.000000 0.000000 0.363211 0.363205 0.363196 0.363182 0.363169 0.363148 0.363148 0.363145 0.363146 0.363146 0.363143 0.363141 0.363160 0.363175 0.363184 0.363188 0.363211 0.000000 0.000000
0.000000 0.000000 0.365298 0.365291 0.365281 0.365270 0.365255 0.365212 0.365213 0.365209 0.365209 0.365210 0.365206 0.365205 0.365240 0.365258 0.365267 0.365271 0.365286 0.000000 0.000000
0.000000 0.000000 0.367498 0.367488 0.367480 0.367468 0.367426 0.367414 0.367408 0.367405 0.367405 0.367406 0.367401 0.367400 0.367412 0.367454 0.367463 0.367472 0.367481 0.000000 0.000000
0.000000 0.000000 0.369864 0.369855 0.369838 0.369799 0.369778 0.369752 0.369738 0.369734 0.369728 0.369728 0.369728 0.369722 0.369741 0.369772 0.369818 0.369817 0.369825 0.000000 0.000000
0.000000 0.000000 0.372299 0.372290 0.372240 0.372228 0.372216 0.372202 0.372200 0.372198 0.372201 0.372200 0.372192 0.372199 0.372204 0.372218 0.372220 0.372269 0.372282 0.000000 0.000000
0.000000 0.000000 0.374994 0.374932 0.374887 0.374867 0.374837 0.374820 0.374816 0.374814 0.374807 0.374808 0.374807 0.374800 0.374811 0.374847 0.374870 0.374897 0.374956 0.000000 0.000000
0.000000 0.000000 0.377113 0.377094 0.377123 0.377097 0.377069 0.377013 0.377008 0.377001 0.377004 0.377003 0.376998 0.377000 0.377049 0.377081 0.377117 0.377068 0.377095 0.000000 0.000000
0.000000 0.000000 0.350000 0.350000 0.350000 0.350000 0.350000 0.350000 0.350000 0.350000 0.350000 0.350000 0.350000 0.350000 0.350000 0.350000 0.350000 0.350000 0.350000 0.000000 0.000000
0.000000 0.000000 0.000000 0.000000 0.000000 0.000000 0.000000 0.000000 0.000000 0.000000 0.000000 0.000000 0.000000 0.000000 0.000000 0.000000 0.000000 0.000000 0.000000 0.000000 0.000000