geotop/1.0zi/1.0Montebello/Templates/testdem/maps/_Eocclay8854.asc
ncols         21
nrows         20
xllcorner     100.000000
yllcorner     100.000000
cellsize      50.000000
NODATA_value  -9999.0
0.000000 0.000000 0.000000 0.000000 0.000000 0.000000 0.000000 0.000000 0.000000 0.000000 0.000000 0.000000 0.000000 0.000000 0.000000 0.000000 0.000000 0.000000 0.000000 0.000000 0.000000
0.000000 0.000000 0.349586 0.349588 0.349588 0.349587 0.349589 0.349589 0.349588 0.349588 0.349587 0.349589 0.349588 0.349588 0.349589 0.349588 0.349586 0.349587 0.349587 0.000000 0.000000
0.000000 0.000000 0.349983 0.349982 0.349982 0.349984 0.349981 0.349981 0.349982 0.349981 0.349981 0.349981 0.349982 0.349981 0.349982 0.349982 0.349983 0.349983 0.349981 0.000000 0.000000
0.000000 0.000000 0.350023 0.350027 0.350026 0.350023 0.350024 0.350025 0.350028 0.350026 0.350029 0.350027 0.350028 0.350026 0.350028 0.350030 0.350028 0.350027 0.350025 0.000000 0.000000
0.000000 0.000000 0.351208 0.351201 0.351198 0.351188 0.351171 0.351170 0.351167 0.351168 0.351166 0.351168 0.351166 0.351169 0.351178 0.351182 0.351193 0.351193 0.351202 0.000000 0.000000
0.000000 0.000000 0.354541 0.354538 0.354519 0.354489 0.354466 0.354442 0.354446 0.354439 0.354443 0.354443 0.354449 0.354448 0.354461 0.354486 0.354498 0.354508 0.354514 0.000000 0.000000
0.000000 0.000000 0.359039 0.359031 0.359022 0.358993 0.358959 0.358910 0.358912 0.358907 0.358908 0.358909 0.358910 0.358911 0.358951 0.358982 0.358998 0.359008 0.359016 0.000000 0.000000
0.000000 0.000000 0.364371 0.364362 0.364353 0.364318 0.364283 0.364238 0.364240 0.364235 0.364235 0.364233 0.364230 0.364240 0.364277 0.364308 0.364336 0.364341 0.364354 0.000000 0.000000
0.000000 0.000000 0.370108 0.370097 0.370082 0.370058 0.370018 0.369970 0.369976 0.369966 0.369963 0.369961 0.369963 0.369962 0.370011 0.370049 0.370069 0.370074 0.370087 0.000000 0.000000
0.000000 0.000000 0.376316 0.376299 0.376291 0.376266 0.376210 0.376167 0.376169 0.376163 0.376156 0.376161 0.376168 0.376166 0.376206 0.376254 0.376279 0.376285 0.376291 0.000000 0.000000
0.000000 0.000000 0.383219 0.383209 0.383200 0.383144 0.383107 0.383051 0.383067 0.383034 0.383041 0.383038 0.383027 0.383047 0.383089 0.383117 0.383153 0.383165 0.383192 0.000000 0.000000
0.000000 0.000000 0.391056 0.391034 0.391006 0.390976 0.390927 0.390859 0.390860 0.390855 0.390870 0.390844 0.390856 0.390856 0.390930 0.390970 0.390988 0.390996 0.391057 0.000000 0.000000
0.000000 0.000000 0.399718 0.399693 0.399691 0.399632 0.399592 0.399393 0.399394 0.399385 0.399325 0.399362 0.399370 0.399389 0.399544 0.399581 0.399653 0.399652 0.399677 0.000000 0.000000
0.000000 0.000000 0.410209 0.410202 0.410155 0.410118 0.409844 0.409902 0.409852 0.409854 0.409882 0.409856 0.409851 0.409830 0.409779 0.410072 0.410096 0.410161 0.410207 0.000000 0.000000
0.000000 0.000000 0.422741 0.422708 0.422654 0.422293 0.422379 0.422191 0.422126 0.422108 0.422040 0.422005 0.422046 0.422043 0.422225 0.422158 0.422632 0.422527 0.422523 0.000000 0.000000
0.000000 0.000000 0.436140 0.436116 0.435606 0.435815 0.435755 0.435750 0.435970 0.435909 0.436024 0.435997 0.435906 0.436033 0.436003 0.436056 0.435566 0.436323 0.436309 0.000000 0.000000
0.000000 0.000000 0.451742 0.451031 0.451276 0.450965 0.450611 0.450508 0.450277 0.450334 0.450099 0.450127 0.450266 0.450122 0.450312 0.450573 0.451256 0.450718 0.451456 0.000000 0.000000
0.000000 0.000000 0.455824 0.456462 0.456979 0.456987 0.457038 0.456536 0.456643 0.456491 0.456755 0.456703 0.456657 0.456748 0.457159 0.457124 0.457074 0.456688 0.456057 0.000000 0.000000
0.000000 0.000000 0.350000 0.350000 0.350000 0.350000 0.350000 0.350000 0.350000 0.350000 0.350000 0.350000 0.350000 0.350000 0.350000 0.350000 0.350000 0.350000 0.350000 0.000000 0.000000
0.000000 0.000000 0.000000 0.000000 0.000000 0.000000 0.000000 0.000000 0.000000 0.000000 0.000000 0.000000 0.000000 0.000000 0.000000 0.000000 0.000000 0.000000 0.000000 0.000000 0.000000