geotop/1.0zi/1.0Montebello/Templates/testdem/maps/_Eocclay6567.asc
ncols         21
nrows         20
xllcorner     100.000000
yllcorner     100.000000
cellsize      50.000000
NODATA_value  -9999.0
0.000000 0.000000 0.000000 0.000000 0.000000 0.000000 0.000000 0.000000 0.000000 0.000000 0.000000 0.000000 0.000000 0.000000 0.000000 0.000000 0.000000 0.000000 0.000000 0.000000 0.000000
0.000000 0.000000 0.349707 0.349709 0.349709 0.349708 0.349709 0.349709 0.349709 0.349709 0.349708 0.349709 0.349709 0.349709 0.349709 0.349709 0.349707 0.349707 0.349708 0.000000 0.000000
0.000000 0.000000 0.349988 0.349988 0.349988 0.349989 0.349987 0.349987 0.349988 0.349987 0.349987 0.349987 0.349988 0.349986 0.349988 0.349988 0.349989 0.349989 0.349986 0.000000 0.000000
0.000000 0.000000 0.349983 0.349987 0.349984 0.349984 0.349986 0.349986 0.349987 0.349984 0.349989 0.349986 0.349986 0.349986 0.349986 0.349988 0.349986 0.349988 0.349987 0.000000 0.000000
0.000000 0.000000 0.350590 0.350590 0.350588 0.350586 0.350573 0.350571 0.350571 0.350573 0.350570 0.350570 0.350566 0.350568 0.350574 0.350574 0.350580 0.350581 0.350588 0.000000 0.000000
0.000000 0.000000 0.352462 0.352462 0.352454 0.352430 0.352422 0.352403 0.352403 0.352398 0.352401 0.352401 0.352404 0.352404 0.352408 0.352423 0.352435 0.352447 0.352453 0.000000 0.000000
0.000000 0.000000 0.355256 0.355254 0.355249 0.355230 0.355206 0.355176 0.355176 0.355171 0.355172 0.355173 0.355174 0.355173 0.355195 0.355219 0.355232 0.355242 0.355250 0.000000 0.000000
0.000000 0.000000 0.358610 0.358610 0.358605 0.358581 0.358558 0.358526 0.358526 0.358523 0.358523 0.358520 0.358519 0.358525 0.358549 0.358569 0.358589 0.358596 0.358608 0.000000 0.000000
0.000000 0.000000 0.362078 0.362075 0.362065 0.362051 0.362027 0.361996 0.361998 0.361991 0.361988 0.361987 0.361987 0.361986 0.362015 0.362042 0.362057 0.362063 0.362073 0.000000 0.000000
0.000000 0.000000 0.365638 0.365632 0.365628 0.365615 0.365581 0.365552 0.365553 0.365550 0.365544 0.365546 0.365552 0.365548 0.365572 0.365602 0.365621 0.365625 0.365633 0.000000 0.000000
0.000000 0.000000 0.369381 0.369378 0.369373 0.369347 0.369324 0.369290 0.369298 0.369281 0.369281 0.369280 0.369277 0.369287 0.369306 0.369324 0.369346 0.369358 0.369373 0.000000 0.000000
0.000000 0.000000 0.373367 0.373360 0.373348 0.373328 0.373305 0.373266 0.373266 0.373259 0.373266 0.373253 0.373257 0.373259 0.373295 0.373315 0.373331 0.373338 0.373376 0.000000 0.000000
0.000000 0.000000 0.377527 0.377518 0.377512 0.377490 0.377469 0.377381 0.377381 0.377374 0.377353 0.377362 0.377369 0.377376 0.377440 0.377460 0.377495 0.377498 0.377524 0.000000 0.000000
0.000000 0.000000 0.382134 0.382131 0.382116 0.382099 0.382007 0.381990 0.381970 0.381970 0.381966 0.381964 0.381965 0.381962 0.381966 0.382063 0.382090 0.382115 0.382143 0.000000 0.000000
0.000000 0.000000 0.387313 0.387307 0.387285 0.387182 0.387158 0.387108 0.387073 0.387068 0.387049 0.387035 0.387048 0.387041 0.387084 0.387119 0.387262 0.387250 0.387264 0.000000 0.000000
0.000000 0.000000 0.392881 0.392876 0.392737 0.392726 0.392718 0.392687 0.392723 0.392705 0.392721 0.392703 0.392688 0.392719 0.392734 0.392745 0.392716 0.392896 0.392899 0.000000 0.000000
0.000000 0.000000 0.399470 0.399273 0.399233 0.399172 0.399073 0.399035 0.399010 0.399012 0.398963 0.398959 0.398984 0.398968 0.399016 0.399091 0.399217 0.399221 0.399425 0.000000 0.000000
0.000000 0.000000 0.403834 0.403896 0.404082 0.404042 0.403990 0.403808 0.403809 0.403767 0.403807 0.403791 0.403801 0.403810 0.403972 0.404011 0.404109 0.403926 0.403877 0.000000 0.000000
0.000000 0.000000 0.350000 0.350000 0.350000 0.350000 0.350000 0.350000 0.350000 0.350000 0.350000 0.350000 0.350000 0.350000 0.350000 0.350000 0.350000 0.350000 0.350000 0.000000 0.000000
0.000000 0.000000 0.000000 0.000000 0.000000 0.000000 0.000000 0.000000 0.000000 0.000000 0.000000 0.000000 0.000000 0.000000 0.000000 0.000000 0.000000 0.000000 0.000000 0.000000 0.000000