geotop/1.0zi/1.0Montebello/Templates/testdem/maps/_Eocsand2970.asc
ncols         21
nrows         20
xllcorner     100.000000
yllcorner     100.000000
cellsize      50.000000
NODATA_value  -9999.0
0.000000 0.000000 0.000000 0.000000 0.000000 0.000000 0.000000 0.000000 0.000000 0.000000 0.000000 0.000000 0.000000 0.000000 0.000000 0.000000 0.000000 0.000000 0.000000 0.000000 0.000000
0.000000 0.000000 0.300092 0.300092 0.300092 0.300092 0.300092 0.300092 0.300092 0.300092 0.300094 0.300092 0.300092 0.300092 0.300092 0.300092 0.300092 0.300092 0.300092 0.000000 0.000000
0.000000 0.000000 0.300009 0.300009 0.300009 0.300008 0.300009 0.300009 0.300009 0.300009 0.300007 0.300009 0.300009 0.300009 0.300009 0.300008 0.300009 0.300009 0.300009 0.000000 0.000000
0.000000 0.000000 0.297808 0.297809 0.297813 0.297811 0.297808 0.297808 0.297808 0.297808 0.297808 0.297808 0.297808 0.297808 0.297808 0.297811 0.297813 0.297809 0.297808 0.000000 0.000000
0.000000 0.000000 0.289002 0.289004 0.289007 0.289007 0.289001 0.289003 0.289003 0.289000 0.288999 0.289000 0.289003 0.289003 0.289001 0.289007 0.289007 0.289004 0.289002 0.000000 0.000000
0.000000 0.000000 0.278615 0.278616 0.278619 0.278618 0.278614 0.278615 0.278615 0.278613 0.278612 0.278613 0.278615 0.278615 0.278614 0.278618 0.278619 0.278616 0.278615 0.000000 0.000000
0.000000 0.000000 0.269034 0.269035 0.269038 0.269037 0.269033 0.269034 0.269034 0.269033 0.269032 0.269033 0.269034 0.269034 0.269033 0.269037 0.269038 0.269035 0.269034 0.000000 0.000000
0.000000 0.000000 0.260332 0.260333 0.260335 0.260335 0.260331 0.260333 0.260333 0.260331 0.260330 0.260331 0.260333 0.260333 0.260331 0.260335 0.260335 0.260333 0.260332 0.000000 0.000000
0.000000 0.000000 0.252278 0.252279 0.252281 0.252281 0.252278 0.252279 0.252279 0.252277 0.252276 0.252277 0.252279 0.252279 0.252278 0.252281 0.252281 0.252279 0.252278 0.000000 0.000000
0.000000 0.000000 0.244680 0.244681 0.244683 0.244682 0.244680 0.244681 0.244681 0.244679 0.244679 0.244679 0.244681 0.244681 0.244680 0.244682 0.244683 0.244681 0.244680 0.000000 0.000000
0.000000 0.000000 0.237448 0.237448 0.237451 0.237450 0.237447 0.237448 0.237448 0.237447 0.237446 0.237447 0.237448 0.237448 0.237447 0.237450 0.237451 0.237448 0.237448 0.000000 0.000000
0.000000 0.000000 0.230511 0.230511 0.230513 0.230513 0.230510 0.230511 0.230511 0.230510 0.230509 0.230510 0.230511 0.230511 0.230510 0.230513 0.230513 0.230511 0.230511 0.000000 0.000000
0.000000 0.000000 0.223814 0.223814 0.223817 0.223816 0.223813 0.223814 0.223814 0.223813 0.223812 0.223813 0.223814 0.223814 0.223813 0.223816 0.223817 0.223814 0.223814 0.000000 0.000000
0.000000 0.000000 0.217306 0.217307 0.217309 0.217308 0.217306 0.217306 0.217306 0.217305 0.217305 0.217305 0.217306 0.217306 0.217306 0.217308 0.217309 0.217307 0.217306 0.000000 0.000000
0.000000 0.000000 0.210975 0.210975 0.210978 0.210977 0.210974 0.210975 0.210975 0.210974 0.210973 0.210974 0.210975 0.210975 0.210974 0.210977 0.210978 0.210975 0.210975 0.000000 0.000000
0.000000 0.000000 0.204808 0.204809 0.204811 0.204810 0.204808 0.204809 0.204809 0.204808 0.204807 0.204808 0.204809 0.204809 0.204808 0.204810 0.204811 0.204809 0.204808 0.000000 0.000000
0.000000 0.000000 0.198786 0.198786 0.198789 0.198788 0.198785 0.198786 0.198786 0.198785 0.198785 0.198785 0.198786 0.198786 0.198785 0.198788 0.198789 0.198786 0.198786 0.000000 0.000000
0.000000 0.000000 0.192782 0.192782 0.192784 0.192783 0.192781 0.192782 0.192782 0.192780 0.192780 0.192780 0.192782 0.192782 0.192781 0.192783 0.192784 0.192782 0.192781 0.000000 0.000000
0.000000 0.000000 0.300000 0.300000 0.300000 0.300000 0.300000 0.300000 0.300000 0.300000 0.300000 0.300000 0.300000 0.300000 0.300000 0.300000 0.300000 0.300000 0.300000 0.000000 0.000000
0.000000 0.000000 0.000000 0.000000 0.000000 0.000000 0.000000 0.000000 0.000000 0.000000 0.000000 0.000000 0.000000 0.000000 0.000000 0.000000 0.000000 0.000000 0.000000 0.000000 0.000000