geotop/1.0zi/1.0Montebello/Templates/testdem/maps/_Eocclay9465.asc
ncols         21
nrows         20
xllcorner     100.000000
yllcorner     100.000000
cellsize      50.000000
NODATA_value  -9999.0
0.000000 0.000000 0.000000 0.000000 0.000000 0.000000 0.000000 0.000000 0.000000 0.000000 0.000000 0.000000 0.000000 0.000000 0.000000 0.000000 0.000000 0.000000 0.000000 0.000000 0.000000
0.000000 0.000000 0.349559 0.349562 0.349562 0.349561 0.349562 0.349562 0.349562 0.349562 0.349561 0.349562 0.349562 0.349562 0.349562 0.349562 0.349560 0.349560 0.349561 0.000000 0.000000
0.000000 0.000000 0.349981 0.349979 0.349979 0.349981 0.349979 0.349979 0.349980 0.349979 0.349979 0.349979 0.349980 0.349979 0.349980 0.349980 0.349981 0.349981 0.349979 0.000000 0.000000
0.000000 0.000000 0.350042 0.350046 0.350045 0.350042 0.350043 0.350043 0.350047 0.350044 0.350047 0.350045 0.350046 0.350044 0.350047 0.350049 0.350047 0.350047 0.350045 0.000000 0.000000
0.000000 0.000000 0.351411 0.351405 0.351397 0.351386 0.351368 0.351366 0.351363 0.351365 0.351364 0.351368 0.351367 0.351369 0.351379 0.351384 0.351394 0.351398 0.351407 0.000000 0.000000
0.000000 0.000000 0.355150 0.355145 0.355122 0.355090 0.355060 0.355031 0.355036 0.355030 0.355032 0.355032 0.355038 0.355037 0.355051 0.355081 0.355095 0.355108 0.355115 0.000000 0.000000
0.000000 0.000000 0.360164 0.360154 0.360140 0.360108 0.360069 0.360012 0.360016 0.360011 0.360010 0.360012 0.360013 0.360015 0.360058 0.360092 0.360111 0.360124 0.360133 0.000000 0.000000
0.000000 0.000000 0.366122 0.366112 0.366096 0.366057 0.366016 0.365965 0.365967 0.365962 0.365960 0.365958 0.365956 0.365967 0.366007 0.366041 0.366074 0.366082 0.366097 0.000000 0.000000
0.000000 0.000000 0.372615 0.372601 0.372579 0.372552 0.372503 0.372445 0.372453 0.372442 0.372437 0.372435 0.372438 0.372437 0.372492 0.372534 0.372559 0.372569 0.372582 0.000000 0.000000
0.000000 0.000000 0.379757 0.379737 0.379721 0.379690 0.379624 0.379570 0.379574 0.379566 0.379557 0.379563 0.379571 0.379570 0.379614 0.379669 0.379699 0.379710 0.379718 0.000000 0.000000
0.000000 0.000000 0.387850 0.387836 0.387821 0.387750 0.387708 0.387635 0.387654 0.387616 0.387622 0.387618 0.387606 0.387631 0.387679 0.387713 0.387755 0.387773 0.387807 0.000000 0.000000
0.000000 0.000000 0.397230 0.397197 0.397154 0.397121 0.397057 0.396968 0.396970 0.396966 0.396982 0.396948 0.396966 0.396964 0.397053 0.397104 0.397127 0.397141 0.397213 0.000000 0.000000
0.000000 0.000000 0.407772 0.407744 0.407735 0.407653 0.407601 0.407341 0.407343 0.407330 0.407248 0.407299 0.407309 0.407334 0.407527 0.407575 0.407668 0.407676 0.407698 0.000000 0.000000
0.000000 0.000000 0.420817 0.420809 0.420733 0.420686 0.420316 0.420424 0.420355 0.420358 0.420406 0.420362 0.420356 0.420324 0.420224 0.420621 0.420642 0.420737 0.420795 0.000000 0.000000
0.000000 0.000000 0.436109 0.436064 0.435990 0.435508 0.435679 0.435390 0.435318 0.435291 0.435189 0.435151 0.435208 0.435212 0.435477 0.435319 0.435953 0.435810 0.435794 0.000000 0.000000
0.000000 0.000000 0.450949 0.450922 0.450322 0.450630 0.450524 0.450545 0.450815 0.450746 0.450890 0.450866 0.450753 0.450901 0.450827 0.450917 0.450253 0.451170 0.451158 0.000000 0.000000
0.000000 0.000000 0.465422 0.464828 0.465048 0.464768 0.464467 0.464367 0.464159 0.464209 0.464000 0.464026 0.464149 0.464021 0.464189 0.464413 0.465016 0.464533 0.465153 0.000000 0.000000
0.000000 0.000000 0.469829 0.470146 0.470517 0.470469 0.470445 0.470082 0.470122 0.470025 0.470168 0.470137 0.470126 0.470169 0.470473 0.470493 0.470561 0.470233 0.469920 0.000000 0.000000
0.000000 0.000000 0.350000 0.350000 0.350000 0.350000 0.350000 0.350000 0.350000 0.350000 0.350000 0.350000 0.350000 0.350000 0.350000 0.350000 0.350000 0.350000 0.350000 0.000000 0.000000
0.000000 0.000000 0.000000 0.000000 0.000000 0.000000 0.000000 0.000000 0.000000 0.000000 0.000000 0.000000 0.000000 0.000000 0.000000 0.000000 0.000000 0.000000 0.000000 0.000000 0.000000