geotop/1.0zi/1.0Montebello/Templates/testdem/maps/_Eocsilt8348.asc
ncols         21
nrows         20
xllcorner     100.000000
yllcorner     100.000000
cellsize      50.000000
NODATA_value  -9999.0
0.000000 0.000000 0.000000 0.000000 0.000000 0.000000 0.000000 0.000000 0.000000 0.000000 0.000000 0.000000 0.000000 0.000000 0.000000 0.000000 0.000000 0.000000 0.000000 0.000000 0.000000
0.000000 0.000000 0.350173 0.350173 0.350173 0.350173 0.350173 0.350173 0.350173 0.350173 0.350173 0.350173 0.350173 0.350173 0.350173 0.350173 0.350174 0.350173 0.350173 0.000000 0.000000
0.000000 0.000000 0.350005 0.350005 0.350006 0.350005 0.350006 0.350006 0.350006 0.350006 0.350006 0.350006 0.350007 0.350006 0.350006 0.350005 0.350004 0.350004 0.350005 0.000000 0.000000
0.000000 0.000000 0.350102 0.350099 0.350097 0.350091 0.350092 0.350087 0.350090 0.350090 0.350087 0.350089 0.350089 0.350089 0.350092 0.350095 0.350098 0.350098 0.350100 0.000000 0.000000
0.000000 0.000000 0.351048 0.351054 0.351048 0.351037 0.351030 0.351023 0.351020 0.351019 0.351018 0.351018 0.351019 0.351021 0.351035 0.351039 0.351042 0.351053 0.351054 0.000000 0.000000
0.000000 0.000000 0.353819 0.353820 0.353811 0.353795 0.353776 0.353753 0.353750 0.353745 0.353749 0.353749 0.353751 0.353750 0.353762 0.353776 0.353790 0.353798 0.353804 0.000000 0.000000
0.000000 0.000000 0.357808 0.357804 0.357793 0.357766 0.357733 0.357698 0.357698 0.357694 0.357695 0.357693 0.357690 0.357696 0.357726 0.357754 0.357773 0.357789 0.357796 0.000000 0.000000
0.000000 0.000000 0.362530 0.362529 0.362522 0.362494 0.362462 0.362423 0.362422 0.362418 0.362416 0.362413 0.362411 0.362418 0.362453 0.362482 0.362509 0.362516 0.362529 0.000000 0.000000
0.000000 0.000000 0.367625 0.367616 0.367601 0.367582 0.367548 0.367502 0.367504 0.367494 0.367492 0.367490 0.367491 0.367490 0.367534 0.367570 0.367592 0.367604 0.367614 0.000000 0.000000
0.000000 0.000000 0.373012 0.373004 0.372996 0.372977 0.372928 0.372888 0.372887 0.372882 0.372876 0.372879 0.372885 0.372883 0.372919 0.372961 0.372986 0.372995 0.373003 0.000000 0.000000
0.000000 0.000000 0.378861 0.378856 0.378847 0.378805 0.378771 0.378724 0.378733 0.378707 0.378711 0.378709 0.378700 0.378717 0.378751 0.378777 0.378810 0.378828 0.378849 0.000000 0.000000
0.000000 0.000000 0.385379 0.385362 0.385343 0.385317 0.385278 0.385217 0.385212 0.385206 0.385220 0.385199 0.385205 0.385209 0.385271 0.385304 0.385326 0.385340 0.385393 0.000000 0.000000
0.000000 0.000000 0.392445 0.392429 0.392423 0.392384 0.392350 0.392191 0.392188 0.392179 0.392137 0.392159 0.392167 0.392182 0.392303 0.392336 0.392396 0.392404 0.392429 0.000000 0.000000
0.000000 0.000000 0.400757 0.400753 0.400720 0.400694 0.400493 0.400511 0.400468 0.400469 0.400483 0.400470 0.400464 0.400455 0.400435 0.400644 0.400677 0.400733 0.400771 0.000000 0.000000
0.000000 0.000000 0.410563 0.410546 0.410507 0.410252 0.410277 0.410148 0.410091 0.410077 0.410034 0.410003 0.410032 0.410027 0.410152 0.410142 0.410481 0.410430 0.410435 0.000000 0.000000
0.000000 0.000000 0.421263 0.421249 0.420882 0.420988 0.420958 0.420926 0.421063 0.421020 0.421094 0.421069 0.421007 0.421099 0.421104 0.421128 0.420853 0.421388 0.421379 0.000000 0.000000
0.000000 0.000000 0.434334 0.433772 0.433899 0.433685 0.433404 0.433321 0.433162 0.433199 0.433030 0.433045 0.433142 0.433046 0.433189 0.433398 0.433882 0.433566 0.434152 0.000000 0.000000
0.000000 0.000000 0.438963 0.439474 0.439933 0.439938 0.439963 0.439518 0.439593 0.439462 0.439676 0.439633 0.439599 0.439673 0.440041 0.440024 0.440020 0.439668 0.439168 0.000000 0.000000
0.000000 0.000000 0.350000 0.350000 0.350000 0.350000 0.350000 0.350000 0.350000 0.350000 0.350000 0.350000 0.350000 0.350000 0.350000 0.350000 0.350000 0.350000 0.350000 0.000000 0.000000
0.000000 0.000000 0.000000 0.000000 0.000000 0.000000 0.000000 0.000000 0.000000 0.000000 0.000000 0.000000 0.000000 0.000000 0.000000 0.000000 0.000000 0.000000 0.000000 0.000000 0.000000