geotop/1.0zi/1.0Montebello/Templates/testdem/maps/_Eocsilt4153.asc
ncols         21
nrows         20
xllcorner     100.000000
yllcorner     100.000000
cellsize      50.000000
NODATA_value  -9999.0
0.000000 0.000000 0.000000 0.000000 0.000000 0.000000 0.000000 0.000000 0.000000 0.000000 0.000000 0.000000 0.000000 0.000000 0.000000 0.000000 0.000000 0.000000 0.000000 0.000000 0.000000
0.000000 0.000000 0.350086 0.350086 0.350086 0.350086 0.350085 0.350086 0.350086 0.350086 0.350086 0.350086 0.350086 0.350086 0.350085 0.350086 0.350086 0.350086 0.350085 0.000000 0.000000
0.000000 0.000000 0.350001 0.350002 0.350002 0.350002 0.350003 0.350003 0.350003 0.350003 0.350003 0.350003 0.350003 0.350003 0.350003 0.350002 0.350001 0.350001 0.350001 0.000000 0.000000
0.000000 0.000000 0.350032 0.350031 0.350031 0.350026 0.350027 0.350025 0.350027 0.350027 0.350027 0.350027 0.350027 0.350026 0.350028 0.350030 0.350031 0.350032 0.350031 0.000000 0.000000
0.000000 0.000000 0.350380 0.350382 0.350380 0.350381 0.350380 0.350377 0.350375 0.350373 0.350372 0.350374 0.350374 0.350375 0.350376 0.350375 0.350375 0.350379 0.350382 0.000000 0.000000
0.000000 0.000000 0.351468 0.351469 0.351465 0.351462 0.351459 0.351448 0.351446 0.351442 0.351446 0.351448 0.351449 0.351444 0.351446 0.351451 0.351455 0.351454 0.351456 0.000000 0.000000
0.000000 0.000000 0.353124 0.353123 0.353120 0.353109 0.353098 0.353084 0.353086 0.353084 0.353087 0.353085 0.353081 0.353080 0.353089 0.353103 0.353107 0.353111 0.353118 0.000000 0.000000
0.000000 0.000000 0.355051 0.355047 0.355042 0.355030 0.355018 0.355002 0.355004 0.355001 0.355001 0.355001 0.354998 0.354994 0.355011 0.355026 0.355036 0.355037 0.355043 0.000000 0.000000
0.000000 0.000000 0.356997 0.356992 0.356984 0.356976 0.356965 0.356945 0.356946 0.356943 0.356943 0.356944 0.356941 0.356939 0.356953 0.356970 0.356977 0.356982 0.356990 0.000000 0.000000
0.000000 0.000000 0.358930 0.358925 0.358919 0.358910 0.358896 0.358879 0.358881 0.358879 0.358879 0.358879 0.358875 0.358872 0.358888 0.358905 0.358912 0.358915 0.358921 0.000000 0.000000
0.000000 0.000000 0.360870 0.360865 0.360859 0.360852 0.360843 0.360822 0.360824 0.360820 0.360820 0.360821 0.360817 0.360814 0.360828 0.360840 0.360849 0.360853 0.360860 0.000000 0.000000
0.000000 0.000000 0.362871 0.362866 0.362859 0.362848 0.362837 0.362817 0.362817 0.362814 0.362814 0.362814 0.362812 0.362808 0.362826 0.362841 0.362849 0.362852 0.362875 0.000000 0.000000
0.000000 0.000000 0.364892 0.364887 0.364879 0.364871 0.364858 0.364817 0.364818 0.364814 0.364814 0.364814 0.364810 0.364807 0.364842 0.364859 0.364867 0.364871 0.364885 0.000000 0.000000
0.000000 0.000000 0.367022 0.367013 0.367007 0.366998 0.366959 0.366949 0.366943 0.366939 0.366940 0.366940 0.366935 0.366932 0.366943 0.366984 0.366993 0.367001 0.367010 0.000000 0.000000
0.000000 0.000000 0.369307 0.369299 0.369284 0.369250 0.369233 0.369208 0.369195 0.369191 0.369185 0.369184 0.369184 0.369176 0.369194 0.369223 0.369268 0.369266 0.369274 0.000000 0.000000
0.000000 0.000000 0.371654 0.371646 0.371600 0.371593 0.371583 0.371571 0.371569 0.371568 0.371569 0.371569 0.371561 0.371565 0.371570 0.371582 0.371584 0.371630 0.371642 0.000000 0.000000
0.000000 0.000000 0.374248 0.374190 0.374150 0.374135 0.374109 0.374094 0.374091 0.374089 0.374082 0.374083 0.374081 0.374073 0.374082 0.374115 0.374136 0.374161 0.374217 0.000000 0.000000
0.000000 0.000000 0.376291 0.376274 0.376304 0.376284 0.376261 0.376208 0.376203 0.376198 0.376200 0.376199 0.376193 0.376193 0.376239 0.376268 0.376302 0.376254 0.376280 0.000000 0.000000
0.000000 0.000000 0.350000 0.350000 0.350000 0.350000 0.350000 0.350000 0.350000 0.350000 0.350000 0.350000 0.350000 0.350000 0.350000 0.350000 0.350000 0.350000 0.350000 0.000000 0.000000
0.000000 0.000000 0.000000 0.000000 0.000000 0.000000 0.000000 0.000000 0.000000 0.000000 0.000000 0.000000 0.000000 0.000000 0.000000 0.000000 0.000000 0.000000 0.000000 0.000000 0.000000