geotop/1.0zi/1.0Montebello/Templates/testdem/maps/_Eocclay2696.asc
ncols         21
nrows         20
xllcorner     100.000000
yllcorner     100.000000
cellsize      50.000000
NODATA_value  -9999.0
0.000000 0.000000 0.000000 0.000000 0.000000 0.000000 0.000000 0.000000 0.000000 0.000000 0.000000 0.000000 0.000000 0.000000 0.000000 0.000000 0.000000 0.000000 0.000000 0.000000 0.000000
0.000000 0.000000 0.349853 0.349853 0.349853 0.349852 0.349853 0.349853 0.349853 0.349853 0.349852 0.349853 0.349853 0.349853 0.349853 0.349852 0.349853 0.349853 0.349853 0.000000 0.000000
0.000000 0.000000 0.349990 0.349990 0.349989 0.349990 0.349990 0.349990 0.349990 0.349990 0.349990 0.349990 0.349990 0.349990 0.349990 0.349990 0.349989 0.349990 0.349990 0.000000 0.000000
0.000000 0.000000 0.350840 0.350840 0.350838 0.350839 0.350840 0.350840 0.350840 0.350840 0.350840 0.350840 0.350840 0.350840 0.350840 0.350839 0.350838 0.350840 0.350840 0.000000 0.000000
0.000000 0.000000 0.354721 0.354720 0.354718 0.354718 0.354722 0.354721 0.354721 0.354722 0.354722 0.354722 0.354721 0.354721 0.354722 0.354718 0.354718 0.354720 0.354721 0.000000 0.000000
0.000000 0.000000 0.359197 0.359197 0.359195 0.359196 0.359198 0.359197 0.359197 0.359198 0.359199 0.359198 0.359197 0.359197 0.359198 0.359196 0.359195 0.359197 0.359197 0.000000 0.000000
0.000000 0.000000 0.363447 0.363447 0.363445 0.363446 0.363448 0.363447 0.363447 0.363448 0.363448 0.363448 0.363447 0.363447 0.363448 0.363446 0.363445 0.363447 0.363447 0.000000 0.000000
0.000000 0.000000 0.367345 0.367345 0.367344 0.367344 0.367346 0.367345 0.367345 0.367346 0.367346 0.367346 0.367345 0.367345 0.367346 0.367344 0.367344 0.367345 0.367345 0.000000 0.000000
0.000000 0.000000 0.370975 0.370975 0.370974 0.370974 0.370976 0.370975 0.370975 0.370976 0.370976 0.370976 0.370975 0.370975 0.370976 0.370974 0.370974 0.370975 0.370975 0.000000 0.000000
0.000000 0.000000 0.374419 0.374419 0.374418 0.374418 0.374419 0.374419 0.374419 0.374420 0.374420 0.374420 0.374419 0.374419 0.374419 0.374418 0.374418 0.374419 0.374419 0.000000 0.000000
0.000000 0.000000 0.377717 0.377717 0.377716 0.377716 0.377718 0.377717 0.377717 0.377718 0.377718 0.377718 0.377717 0.377717 0.377718 0.377716 0.377716 0.377717 0.377717 0.000000 0.000000
0.000000 0.000000 0.380901 0.380901 0.380900 0.380900 0.380902 0.380901 0.380901 0.380902 0.380902 0.380902 0.380901 0.380901 0.380902 0.380900 0.380900 0.380901 0.380901 0.000000 0.000000
0.000000 0.000000 0.383995 0.383995 0.383994 0.383994 0.383995 0.383995 0.383995 0.383996 0.383996 0.383996 0.383995 0.383995 0.383995 0.383994 0.383994 0.383995 0.383995 0.000000 0.000000
0.000000 0.000000 0.387014 0.387013 0.387012 0.387013 0.387014 0.387013 0.387013 0.387014 0.387014 0.387014 0.387013 0.387013 0.387014 0.387013 0.387012 0.387013 0.387014 0.000000 0.000000
0.000000 0.000000 0.389965 0.389965 0.389964 0.389964 0.389965 0.389965 0.389965 0.389966 0.389966 0.389966 0.389965 0.389965 0.389965 0.389964 0.389964 0.389965 0.389965 0.000000 0.000000
0.000000 0.000000 0.392856 0.392855 0.392854 0.392855 0.392856 0.392855 0.392856 0.392856 0.392856 0.392856 0.392856 0.392855 0.392856 0.392855 0.392854 0.392855 0.392856 0.000000 0.000000
0.000000 0.000000 0.395689 0.395689 0.395688 0.395688 0.395689 0.395689 0.395689 0.395690 0.395690 0.395690 0.395689 0.395689 0.395689 0.395688 0.395688 0.395689 0.395689 0.000000 0.000000
0.000000 0.000000 0.398508 0.398508 0.398507 0.398507 0.398508 0.398508 0.398508 0.398509 0.398509 0.398509 0.398508 0.398508 0.398508 0.398507 0.398507 0.398508 0.398508 0.000000 0.000000
0.000000 0.000000 0.350000 0.350000 0.350000 0.350000 0.350000 0.350000 0.350000 0.350000 0.350000 0.350000 0.350000 0.350000 0.350000 0.350000 0.350000 0.350000 0.350000 0.000000 0.000000
0.000000 0.000000 0.000000 0.000000 0.000000 0.000000 0.000000 0.000000 0.000000 0.000000 0.000000 0.000000 0.000000 0.000000 0.000000 0.000000 0.000000 0.000000 0.000000 0.000000 0.000000