geotop/1.0zi/1.0Montebello/Templates/testdem/maps/_Eocsilt0773.asc
ncols         21
nrows         20
xllcorner     100.000000
yllcorner     100.000000
cellsize      50.000000
NODATA_value  -9999.0
0.000000 0.000000 0.000000 0.000000 0.000000 0.000000 0.000000 0.000000 0.000000 0.000000 0.000000 0.000000 0.000000 0.000000 0.000000 0.000000 0.000000 0.000000 0.000000 0.000000 0.000000
0.000000 0.000000 0.350014 0.350014 0.350014 0.350014 0.350014 0.350014 0.350014 0.350014 0.350014 0.350014 0.350014 0.350014 0.350014 0.350014 0.350014 0.350014 0.350014 0.000000 0.000000
0.000000 0.000000 0.350000 0.350000 0.350000 0.350000 0.350000 0.350000 0.350000 0.350000 0.350000 0.350000 0.350000 0.350000 0.350000 0.350000 0.350000 0.350000 0.350000 0.000000 0.000000
0.000000 0.000000 0.350331 0.350330 0.350328 0.350329 0.350331 0.350331 0.350331 0.350331 0.350331 0.350331 0.350331 0.350331 0.350331 0.350329 0.350328 0.350330 0.350331 0.000000 0.000000
0.000000 0.000000 0.351428 0.351427 0.351426 0.351425 0.351428 0.351428 0.351428 0.351428 0.351428 0.351428 0.351428 0.351428 0.351428 0.351425 0.351426 0.351427 0.351428 0.000000 0.000000
0.000000 0.000000 0.352739 0.352738 0.352736 0.352736 0.352739 0.352738 0.352738 0.352739 0.352739 0.352739 0.352738 0.352738 0.352739 0.352736 0.352736 0.352738 0.352739 0.000000 0.000000
0.000000 0.000000 0.353948 0.353947 0.353946 0.353946 0.353948 0.353948 0.353948 0.353948 0.353948 0.353948 0.353948 0.353948 0.353948 0.353946 0.353946 0.353947 0.353948 0.000000 0.000000
0.000000 0.000000 0.355069 0.355068 0.355067 0.355067 0.355069 0.355069 0.355069 0.355069 0.355069 0.355069 0.355069 0.355069 0.355069 0.355067 0.355067 0.355068 0.355069 0.000000 0.000000
0.000000 0.000000 0.356127 0.356126 0.356125 0.356125 0.356127 0.356127 0.356126 0.356127 0.356127 0.356127 0.356126 0.356127 0.356127 0.356125 0.356125 0.356126 0.356127 0.000000 0.000000
0.000000 0.000000 0.357145 0.357144 0.357143 0.357143 0.357145 0.357145 0.357145 0.357145 0.357145 0.357145 0.357145 0.357145 0.357145 0.357143 0.357143 0.357144 0.357145 0.000000 0.000000
0.000000 0.000000 0.358133 0.358132 0.358131 0.358131 0.358133 0.358133 0.358133 0.358133 0.358133 0.358133 0.358133 0.358133 0.358133 0.358131 0.358131 0.358132 0.358133 0.000000 0.000000
0.000000 0.000000 0.359101 0.359100 0.359099 0.359099 0.359101 0.359100 0.359100 0.359101 0.359101 0.359101 0.359100 0.359100 0.359101 0.359099 0.359099 0.359100 0.359101 0.000000 0.000000
0.000000 0.000000 0.360051 0.360051 0.360050 0.360050 0.360051 0.360051 0.360051 0.360051 0.360051 0.360051 0.360051 0.360051 0.360051 0.360050 0.360050 0.360051 0.360051 0.000000 0.000000
0.000000 0.000000 0.360988 0.360988 0.360986 0.360987 0.360988 0.360988 0.360988 0.360988 0.360988 0.360988 0.360988 0.360988 0.360988 0.360987 0.360986 0.360988 0.360988 0.000000 0.000000
0.000000 0.000000 0.361916 0.361915 0.361914 0.361914 0.361916 0.361916 0.361916 0.361916 0.361916 0.361916 0.361916 0.361916 0.361916 0.361914 0.361914 0.361915 0.361916 0.000000 0.000000
0.000000 0.000000 0.362837 0.362837 0.362836 0.362836 0.362837 0.362837 0.362837 0.362837 0.362837 0.362837 0.362837 0.362837 0.362837 0.362836 0.362836 0.362837 0.362837 0.000000 0.000000
0.000000 0.000000 0.363750 0.363750 0.363749 0.363749 0.363750 0.363750 0.363750 0.363750 0.363750 0.363750 0.363750 0.363750 0.363750 0.363749 0.363749 0.363750 0.363750 0.000000 0.000000
0.000000 0.000000 0.364676 0.364675 0.364674 0.364674 0.364676 0.364676 0.364676 0.364676 0.364676 0.364676 0.364676 0.364676 0.364676 0.364674 0.364674 0.364675 0.364676 0.000000 0.000000
0.000000 0.000000 0.350000 0.350000 0.350000 0.350000 0.350000 0.350000 0.350000 0.350000 0.350000 0.350000 0.350000 0.350000 0.350000 0.350000 0.350000 0.350000 0.350000 0.000000 0.000000
0.000000 0.000000 0.000000 0.000000 0.000000 0.000000 0.000000 0.000000 0.000000 0.000000 0.000000 0.000000 0.000000 0.000000 0.000000 0.000000 0.000000 0.000000 0.000000 0.000000 0.000000