geotop/1.0zi/1.0Montebello/Templates/testdem/maps/_Eocsand0316.asc
ncols         21
nrows         20
xllcorner     100.000000
yllcorner     100.000000
cellsize      50.000000
NODATA_value  -9999.0
0.000000 0.000000 0.000000 0.000000 0.000000 0.000000 0.000000 0.000000 0.000000 0.000000 0.000000 0.000000 0.000000 0.000000 0.000000 0.000000 0.000000 0.000000 0.000000 0.000000 0.000000
0.000000 0.000000 0.300013 0.300013 0.300013 0.300013 0.300013 0.300013 0.300013 0.300013 0.300013 0.300013 0.300013 0.300013 0.300013 0.300013 0.300013 0.300013 0.300013 0.000000 0.000000
0.000000 0.000000 0.300001 0.300001 0.300002 0.300001 0.300001 0.300001 0.300001 0.300001 0.300001 0.300001 0.300001 0.300001 0.300001 0.300001 0.300002 0.300001 0.300001 0.000000 0.000000
0.000000 0.000000 0.299505 0.299505 0.299510 0.299505 0.299505 0.299505 0.299505 0.299505 0.299505 0.299505 0.299505 0.299505 0.299505 0.299505 0.299510 0.299505 0.299505 0.000000 0.000000
0.000000 0.000000 0.298230 0.298231 0.298235 0.298231 0.298230 0.298230 0.298230 0.298230 0.298230 0.298230 0.298230 0.298230 0.298230 0.298231 0.298235 0.298231 0.298230 0.000000 0.000000
0.000000 0.000000 0.297051 0.297051 0.297054 0.297051 0.297051 0.297051 0.297051 0.297051 0.297051 0.297051 0.297051 0.297051 0.297051 0.297051 0.297054 0.297051 0.297051 0.000000 0.000000
0.000000 0.000000 0.295986 0.295986 0.295989 0.295986 0.295986 0.295986 0.295986 0.295986 0.295986 0.295986 0.295986 0.295986 0.295986 0.295986 0.295989 0.295986 0.295986 0.000000 0.000000
0.000000 0.000000 0.295005 0.295005 0.295008 0.295005 0.295005 0.295005 0.295005 0.295005 0.295005 0.295005 0.295005 0.295005 0.295005 0.295005 0.295008 0.295005 0.295005 0.000000 0.000000
0.000000 0.000000 0.294083 0.294083 0.294085 0.294083 0.294083 0.294083 0.294083 0.294083 0.294083 0.294083 0.294083 0.294083 0.294083 0.294083 0.294085 0.294083 0.294083 0.000000 0.000000
0.000000 0.000000 0.293194 0.293194 0.293196 0.293194 0.293194 0.293194 0.293194 0.293194 0.293194 0.293194 0.293194 0.293194 0.293194 0.293194 0.293196 0.293194 0.293194 0.000000 0.000000
0.000000 0.000000 0.292332 0.292332 0.292335 0.292332 0.292332 0.292332 0.292332 0.292332 0.292332 0.292332 0.292332 0.292332 0.292332 0.292332 0.292335 0.292332 0.292332 0.000000 0.000000
0.000000 0.000000 0.291490 0.291490 0.291492 0.291490 0.291490 0.291490 0.291490 0.291490 0.291490 0.291490 0.291490 0.291490 0.291490 0.291490 0.291492 0.291490 0.291490 0.000000 0.000000
0.000000 0.000000 0.290662 0.290663 0.290665 0.290663 0.290662 0.290662 0.290662 0.290662 0.290662 0.290662 0.290662 0.290662 0.290662 0.290663 0.290665 0.290663 0.290662 0.000000 0.000000
0.000000 0.000000 0.289851 0.289851 0.289854 0.289851 0.289851 0.289851 0.289851 0.289851 0.289851 0.289851 0.289851 0.289851 0.289851 0.289851 0.289854 0.289851 0.289851 0.000000 0.000000
0.000000 0.000000 0.289049 0.289049 0.289052 0.289049 0.289049 0.289049 0.289049 0.289049 0.289049 0.289049 0.289049 0.289049 0.289049 0.289049 0.289052 0.289049 0.289049 0.000000 0.000000
0.000000 0.000000 0.288251 0.288252 0.288254 0.288252 0.288252 0.288251 0.288251 0.288251 0.288251 0.288251 0.288251 0.288251 0.288252 0.288252 0.288254 0.288252 0.288251 0.000000 0.000000
0.000000 0.000000 0.287465 0.287465 0.287467 0.287465 0.287465 0.287465 0.287465 0.287465 0.287465 0.287465 0.287465 0.287465 0.287465 0.287465 0.287467 0.287465 0.287465 0.000000 0.000000
0.000000 0.000000 0.286644 0.286644 0.286647 0.286644 0.286644 0.286644 0.286644 0.286644 0.286644 0.286644 0.286644 0.286644 0.286644 0.286644 0.286647 0.286644 0.286644 0.000000 0.000000
0.000000 0.000000 0.300000 0.300000 0.300000 0.300000 0.300000 0.300000 0.300000 0.300000 0.300000 0.300000 0.300000 0.300000 0.300000 0.300000 0.300000 0.300000 0.300000 0.000000 0.000000
0.000000 0.000000 0.000000 0.000000 0.000000 0.000000 0.000000 0.000000 0.000000 0.000000 0.000000 0.000000 0.000000 0.000000 0.000000 0.000000 0.000000 0.000000 0.000000 0.000000 0.000000