geotop/1.0zi/1.0Montebello/Templates/testdem/maps/_Eocclay9394.asc
ncols         21
nrows         20
xllcorner     100.000000
yllcorner     100.000000
cellsize      50.000000
NODATA_value  -9999.0
0.000000 0.000000 0.000000 0.000000 0.000000 0.000000 0.000000 0.000000 0.000000 0.000000 0.000000 0.000000 0.000000 0.000000 0.000000 0.000000 0.000000 0.000000 0.000000 0.000000 0.000000
0.000000 0.000000 0.349558 0.349561 0.349561 0.349560 0.349562 0.349562 0.349561 0.349562 0.349560 0.349562 0.349562 0.349561 0.349562 0.349561 0.349559 0.349560 0.349560 0.000000 0.000000
0.000000 0.000000 0.349981 0.349979 0.349979 0.349981 0.349979 0.349979 0.349979 0.349979 0.349979 0.349979 0.349979 0.349979 0.349980 0.349980 0.349981 0.349980 0.349978 0.000000 0.000000
0.000000 0.000000 0.350027 0.350031 0.350030 0.350027 0.350028 0.350029 0.350032 0.350029 0.350033 0.350031 0.350031 0.350029 0.350032 0.350034 0.350032 0.350032 0.350030 0.000000 0.000000
0.000000 0.000000 0.351305 0.351299 0.351291 0.351281 0.351263 0.351263 0.351259 0.351260 0.351259 0.351263 0.351262 0.351265 0.351274 0.351278 0.351289 0.351292 0.351302 0.000000 0.000000
0.000000 0.000000 0.354959 0.354953 0.354930 0.354898 0.354869 0.354842 0.354846 0.354840 0.354842 0.354842 0.354848 0.354847 0.354861 0.354889 0.354904 0.354917 0.354923 0.000000 0.000000
0.000000 0.000000 0.359864 0.359855 0.359840 0.359809 0.359771 0.359715 0.359718 0.359713 0.359712 0.359714 0.359716 0.359717 0.359760 0.359793 0.359812 0.359825 0.359834 0.000000 0.000000
0.000000 0.000000 0.365691 0.365680 0.365665 0.365627 0.365586 0.365536 0.365538 0.365533 0.365531 0.365529 0.365527 0.365538 0.365577 0.365611 0.365643 0.365651 0.365666 0.000000 0.000000
0.000000 0.000000 0.372024 0.372009 0.371989 0.371962 0.371914 0.371858 0.371865 0.371854 0.371849 0.371847 0.371850 0.371849 0.371903 0.371944 0.371969 0.371978 0.371991 0.000000 0.000000
0.000000 0.000000 0.378967 0.378947 0.378932 0.378902 0.378837 0.378785 0.378788 0.378780 0.378771 0.378777 0.378785 0.378784 0.378827 0.378881 0.378910 0.378921 0.378929 0.000000 0.000000
0.000000 0.000000 0.386804 0.386790 0.386776 0.386706 0.386665 0.386595 0.386613 0.386576 0.386582 0.386578 0.386566 0.386590 0.386637 0.386670 0.386712 0.386729 0.386762 0.000000 0.000000
0.000000 0.000000 0.395848 0.395816 0.395776 0.395742 0.395681 0.395596 0.395597 0.395592 0.395607 0.395575 0.395592 0.395591 0.395676 0.395725 0.395748 0.395762 0.395831 0.000000 0.000000
0.000000 0.000000 0.405984 0.405956 0.405947 0.405869 0.405818 0.405571 0.405573 0.405560 0.405482 0.405530 0.405539 0.405564 0.405748 0.405794 0.405883 0.405890 0.405914 0.000000 0.000000
0.000000 0.000000 0.418484 0.418474 0.418404 0.418356 0.418008 0.418102 0.418035 0.418037 0.418079 0.418040 0.418035 0.418006 0.417918 0.418292 0.418315 0.418404 0.418460 0.000000 0.000000
0.000000 0.000000 0.433256 0.433212 0.433140 0.432681 0.432829 0.432561 0.432489 0.432463 0.432368 0.432330 0.432384 0.432386 0.432632 0.432499 0.433100 0.432968 0.432955 0.000000 0.000000
0.000000 0.000000 0.448010 0.447981 0.447388 0.447677 0.447579 0.447593 0.447856 0.447786 0.447925 0.447900 0.447791 0.447937 0.447872 0.447955 0.447319 0.448220 0.448207 0.000000 0.000000
0.000000 0.000000 0.463047 0.462407 0.462646 0.462345 0.462022 0.461916 0.461692 0.461745 0.461521 0.461549 0.461681 0.461544 0.461723 0.461962 0.462612 0.462089 0.462755 0.000000 0.000000
0.000000 0.000000 0.467315 0.467712 0.468118 0.468082 0.468073 0.467670 0.467727 0.467615 0.467789 0.467753 0.467733 0.467788 0.468122 0.468131 0.468171 0.467828 0.467435 0.000000 0.000000
0.000000 0.000000 0.350000 0.350000 0.350000 0.350000 0.350000 0.350000 0.350000 0.350000 0.350000 0.350000 0.350000 0.350000 0.350000 0.350000 0.350000 0.350000 0.350000 0.000000 0.000000
0.000000 0.000000 0.000000 0.000000 0.000000 0.000000 0.000000 0.000000 0.000000 0.000000 0.000000 0.000000 0.000000 0.000000 0.000000 0.000000 0.000000 0.000000 0.000000 0.000000 0.000000