geotop/1.0zi/1.0Montebello/Templates/testdem/maps/_Eocsand2549.asc
ncols         21
nrows         20
xllcorner     100.000000
yllcorner     100.000000
cellsize      50.000000
NODATA_value  -9999.0
0.000000 0.000000 0.000000 0.000000 0.000000 0.000000 0.000000 0.000000 0.000000 0.000000 0.000000 0.000000 0.000000 0.000000 0.000000 0.000000 0.000000 0.000000 0.000000 0.000000 0.000000
0.000000 0.000000 0.300074 0.300074 0.300074 0.300075 0.300074 0.300074 0.300074 0.300074 0.300076 0.300074 0.300074 0.300074 0.300074 0.300075 0.300074 0.300074 0.300074 0.000000 0.000000
0.000000 0.000000 0.300012 0.300013 0.300013 0.300012 0.300013 0.300012 0.300013 0.300013 0.300011 0.300013 0.300013 0.300012 0.300013 0.300012 0.300013 0.300013 0.300012 0.000000 0.000000
0.000000 0.000000 0.298378 0.298379 0.298383 0.298381 0.298378 0.298378 0.298378 0.298378 0.298378 0.298378 0.298378 0.298378 0.298378 0.298381 0.298383 0.298379 0.298378 0.000000 0.000000
0.000000 0.000000 0.291448 0.291449 0.291453 0.291452 0.291446 0.291448 0.291448 0.291445 0.291445 0.291445 0.291448 0.291448 0.291446 0.291452 0.291453 0.291449 0.291448 0.000000 0.000000
0.000000 0.000000 0.282957 0.282959 0.282961 0.282961 0.282956 0.282958 0.282958 0.282956 0.282955 0.282956 0.282958 0.282958 0.282956 0.282961 0.282961 0.282959 0.282957 0.000000 0.000000
0.000000 0.000000 0.275039 0.275040 0.275043 0.275042 0.275038 0.275040 0.275039 0.275038 0.275037 0.275038 0.275039 0.275040 0.275038 0.275042 0.275043 0.275040 0.275039 0.000000 0.000000
0.000000 0.000000 0.267789 0.267790 0.267793 0.267792 0.267789 0.267790 0.267790 0.267788 0.267788 0.267788 0.267790 0.267790 0.267789 0.267792 0.267793 0.267790 0.267789 0.000000 0.000000
0.000000 0.000000 0.261033 0.261034 0.261037 0.261036 0.261033 0.261034 0.261034 0.261032 0.261032 0.261032 0.261034 0.261034 0.261033 0.261036 0.261037 0.261034 0.261033 0.000000 0.000000
0.000000 0.000000 0.254616 0.254617 0.254619 0.254618 0.254615 0.254616 0.254616 0.254615 0.254615 0.254615 0.254616 0.254616 0.254615 0.254618 0.254619 0.254617 0.254616 0.000000 0.000000
0.000000 0.000000 0.248461 0.248462 0.248464 0.248464 0.248461 0.248462 0.248462 0.248461 0.248460 0.248461 0.248462 0.248462 0.248461 0.248464 0.248464 0.248462 0.248461 0.000000 0.000000
0.000000 0.000000 0.242513 0.242514 0.242516 0.242515 0.242513 0.242514 0.242514 0.242512 0.242512 0.242512 0.242514 0.242514 0.242513 0.242515 0.242516 0.242514 0.242513 0.000000 0.000000
0.000000 0.000000 0.236729 0.236730 0.236732 0.236731 0.236729 0.236730 0.236729 0.236728 0.236728 0.236728 0.236729 0.236730 0.236729 0.236731 0.236732 0.236730 0.236729 0.000000 0.000000
0.000000 0.000000 0.231081 0.231081 0.231083 0.231083 0.231080 0.231081 0.231081 0.231080 0.231079 0.231080 0.231081 0.231081 0.231080 0.231083 0.231083 0.231081 0.231081 0.000000 0.000000
0.000000 0.000000 0.225547 0.225548 0.225550 0.225549 0.225546 0.225547 0.225547 0.225546 0.225546 0.225546 0.225547 0.225547 0.225546 0.225549 0.225550 0.225548 0.225547 0.000000 0.000000
0.000000 0.000000 0.220119 0.220119 0.220122 0.220121 0.220118 0.220119 0.220119 0.220118 0.220118 0.220118 0.220119 0.220119 0.220118 0.220121 0.220122 0.220119 0.220119 0.000000 0.000000
0.000000 0.000000 0.214791 0.214791 0.214793 0.214792 0.214790 0.214791 0.214791 0.214790 0.214789 0.214790 0.214791 0.214791 0.214790 0.214792 0.214793 0.214791 0.214791 0.000000 0.000000
0.000000 0.000000 0.209487 0.209487 0.209489 0.209488 0.209486 0.209487 0.209487 0.209485 0.209485 0.209485 0.209487 0.209487 0.209486 0.209488 0.209489 0.209487 0.209486 0.000000 0.000000
0.000000 0.000000 0.300000 0.300000 0.300000 0.300000 0.300000 0.300000 0.300000 0.300000 0.300000 0.300000 0.300000 0.300000 0.300000 0.300000 0.300000 0.300000 0.300000 0.000000 0.000000
0.000000 0.000000 0.000000 0.000000 0.000000 0.000000 0.000000 0.000000 0.000000 0.000000 0.000000 0.000000 0.000000 0.000000 0.000000 0.000000 0.000000 0.000000 0.000000 0.000000 0.000000