geotop/1.0zi/1.0Montebello/Templates/testdem/maps/_Eocsand2778.asc
ncols         21
nrows         20
xllcorner     100.000000
yllcorner     100.000000
cellsize      50.000000
NODATA_value  -9999.0
0.000000 0.000000 0.000000 0.000000 0.000000 0.000000 0.000000 0.000000 0.000000 0.000000 0.000000 0.000000 0.000000 0.000000 0.000000 0.000000 0.000000 0.000000 0.000000 0.000000 0.000000
0.000000 0.000000 0.300083 0.300083 0.300083 0.300083 0.300083 0.300083 0.300083 0.300083 0.300085 0.300083 0.300083 0.300083 0.300083 0.300083 0.300083 0.300083 0.300083 0.000000 0.000000
0.000000 0.000000 0.300011 0.300011 0.300012 0.300011 0.300011 0.300011 0.300011 0.300011 0.300010 0.300011 0.300011 0.300011 0.300011 0.300011 0.300012 0.300011 0.300011 0.000000 0.000000
0.000000 0.000000 0.298179 0.298180 0.298184 0.298182 0.298179 0.298179 0.298179 0.298179 0.298178 0.298179 0.298179 0.298179 0.298179 0.298182 0.298184 0.298180 0.298179 0.000000 0.000000
0.000000 0.000000 0.290410 0.290412 0.290415 0.290415 0.290409 0.290411 0.290411 0.290408 0.290408 0.290408 0.290411 0.290411 0.290409 0.290415 0.290415 0.290412 0.290410 0.000000 0.000000
0.000000 0.000000 0.280960 0.280962 0.280964 0.280964 0.280959 0.280961 0.280961 0.280959 0.280958 0.280959 0.280961 0.280961 0.280959 0.280964 0.280964 0.280962 0.280960 0.000000 0.000000
0.000000 0.000000 0.272171 0.272172 0.272174 0.272174 0.272170 0.272171 0.272171 0.272170 0.272169 0.272170 0.272171 0.272171 0.272170 0.272174 0.272174 0.272172 0.272171 0.000000 0.000000
0.000000 0.000000 0.264151 0.264152 0.264154 0.264153 0.264150 0.264151 0.264151 0.264150 0.264149 0.264150 0.264151 0.264151 0.264150 0.264153 0.264154 0.264152 0.264151 0.000000 0.000000
0.000000 0.000000 0.256702 0.256702 0.256705 0.256704 0.256701 0.256702 0.256702 0.256701 0.256700 0.256701 0.256702 0.256702 0.256701 0.256704 0.256705 0.256702 0.256702 0.000000 0.000000
0.000000 0.000000 0.249650 0.249651 0.249653 0.249652 0.249649 0.249650 0.249650 0.249649 0.249648 0.249649 0.249650 0.249650 0.249649 0.249652 0.249653 0.249651 0.249650 0.000000 0.000000
0.000000 0.000000 0.242908 0.242909 0.242911 0.242910 0.242907 0.242908 0.242908 0.242907 0.242906 0.242907 0.242908 0.242908 0.242907 0.242910 0.242911 0.242909 0.242908 0.000000 0.000000
0.000000 0.000000 0.236413 0.236414 0.236416 0.236415 0.236413 0.236414 0.236414 0.236412 0.236412 0.236412 0.236414 0.236414 0.236413 0.236415 0.236416 0.236414 0.236413 0.000000 0.000000
0.000000 0.000000 0.230115 0.230115 0.230118 0.230117 0.230114 0.230115 0.230115 0.230114 0.230113 0.230114 0.230115 0.230115 0.230114 0.230117 0.230118 0.230115 0.230115 0.000000 0.000000
0.000000 0.000000 0.223979 0.223980 0.223982 0.223981 0.223979 0.223980 0.223980 0.223978 0.223978 0.223978 0.223980 0.223980 0.223979 0.223981 0.223982 0.223980 0.223979 0.000000 0.000000
0.000000 0.000000 0.217991 0.217991 0.217994 0.217993 0.217990 0.217991 0.217991 0.217990 0.217989 0.217990 0.217991 0.217991 0.217990 0.217993 0.217994 0.217991 0.217991 0.000000 0.000000
0.000000 0.000000 0.212137 0.212137 0.212140 0.212139 0.212136 0.212137 0.212137 0.212136 0.212136 0.212136 0.212137 0.212137 0.212136 0.212139 0.212140 0.212137 0.212137 0.000000 0.000000
0.000000 0.000000 0.206409 0.206409 0.206411 0.206410 0.206408 0.206409 0.206409 0.206408 0.206407 0.206408 0.206409 0.206409 0.206408 0.206410 0.206411 0.206409 0.206409 0.000000 0.000000
0.000000 0.000000 0.200722 0.200722 0.200724 0.200723 0.200721 0.200722 0.200722 0.200721 0.200720 0.200721 0.200722 0.200722 0.200721 0.200723 0.200724 0.200722 0.200721 0.000000 0.000000
0.000000 0.000000 0.300000 0.300000 0.300000 0.300000 0.300000 0.300000 0.300000 0.300000 0.300000 0.300000 0.300000 0.300000 0.300000 0.300000 0.300000 0.300000 0.300000 0.000000 0.000000
0.000000 0.000000 0.000000 0.000000 0.000000 0.000000 0.000000 0.000000 0.000000 0.000000 0.000000 0.000000 0.000000 0.000000 0.000000 0.000000 0.000000 0.000000 0.000000 0.000000 0.000000