geotop/1.0zi/1.0Montebello/Templates/testdem/maps/_Eocsilt6800.asc
ncols         21
nrows         20
xllcorner     100.000000
yllcorner     100.000000
cellsize      50.000000
NODATA_value  -9999.0
0.000000 0.000000 0.000000 0.000000 0.000000 0.000000 0.000000 0.000000 0.000000 0.000000 0.000000 0.000000 0.000000 0.000000 0.000000 0.000000 0.000000 0.000000 0.000000 0.000000 0.000000
0.000000 0.000000 0.350136 0.350137 0.350137 0.350137 0.350137 0.350137 0.350137 0.350137 0.350137 0.350137 0.350137 0.350137 0.350137 0.350137 0.350137 0.350137 0.350136 0.000000 0.000000
0.000000 0.000000 0.350003 0.350002 0.350003 0.350003 0.350003 0.350003 0.350003 0.350003 0.350003 0.350003 0.350004 0.350004 0.350003 0.350003 0.350001 0.350001 0.350002 0.000000 0.000000
0.000000 0.000000 0.350058 0.350054 0.350053 0.350048 0.350049 0.350047 0.350049 0.350049 0.350048 0.350048 0.350048 0.350048 0.350050 0.350053 0.350056 0.350057 0.350057 0.000000 0.000000
0.000000 0.000000 0.350694 0.350700 0.350696 0.350689 0.350685 0.350678 0.350677 0.350674 0.350675 0.350677 0.350678 0.350678 0.350688 0.350692 0.350691 0.350698 0.350703 0.000000 0.000000
0.000000 0.000000 0.352590 0.352592 0.352584 0.352571 0.352557 0.352538 0.352538 0.352532 0.352537 0.352539 0.352540 0.352537 0.352546 0.352555 0.352564 0.352569 0.352575 0.000000 0.000000
0.000000 0.000000 0.355448 0.355445 0.355436 0.355415 0.355389 0.355362 0.355364 0.355360 0.355362 0.355361 0.355358 0.355362 0.355383 0.355406 0.355419 0.355431 0.355439 0.000000 0.000000
0.000000 0.000000 0.358903 0.358902 0.358898 0.358876 0.358851 0.358822 0.358822 0.358819 0.358818 0.358817 0.358815 0.358819 0.358844 0.358868 0.358888 0.358892 0.358903 0.000000 0.000000
0.000000 0.000000 0.362555 0.362549 0.362537 0.362523 0.362498 0.362464 0.362466 0.362458 0.362456 0.362456 0.362457 0.362455 0.362488 0.362515 0.362531 0.362538 0.362549 0.000000 0.000000
0.000000 0.000000 0.366289 0.366283 0.366277 0.366264 0.366229 0.366199 0.366201 0.366196 0.366192 0.366195 0.366200 0.366196 0.366223 0.366254 0.366271 0.366276 0.366283 0.000000 0.000000
0.000000 0.000000 0.370191 0.370186 0.370181 0.370153 0.370130 0.370097 0.370104 0.370086 0.370088 0.370089 0.370083 0.370093 0.370115 0.370135 0.370156 0.370167 0.370184 0.000000 0.000000
0.000000 0.000000 0.374371 0.374360 0.374348 0.374329 0.374305 0.374264 0.374264 0.374255 0.374266 0.374254 0.374257 0.374260 0.374300 0.374320 0.374335 0.374342 0.374382 0.000000 0.000000
0.000000 0.000000 0.378740 0.378729 0.378723 0.378700 0.378679 0.378587 0.378586 0.378579 0.378558 0.378569 0.378575 0.378583 0.378652 0.378673 0.378707 0.378710 0.378736 0.000000 0.000000
0.000000 0.000000 0.383606 0.383600 0.383584 0.383567 0.383469 0.383455 0.383433 0.383432 0.383431 0.383431 0.383429 0.383426 0.383430 0.383534 0.383559 0.383585 0.383614 0.000000 0.000000
0.000000 0.000000 0.389096 0.389088 0.389065 0.388953 0.388933 0.388877 0.388843 0.388836 0.388818 0.388803 0.388816 0.388810 0.388860 0.388893 0.389045 0.389029 0.389043 0.000000 0.000000
0.000000 0.000000 0.395024 0.395016 0.394862 0.394857 0.394850 0.394819 0.394861 0.394840 0.394862 0.394846 0.394826 0.394861 0.394878 0.394890 0.394845 0.395045 0.395047 0.000000 0.000000
0.000000 0.000000 0.402084 0.401860 0.401828 0.401761 0.401651 0.401610 0.401578 0.401581 0.401528 0.401527 0.401554 0.401535 0.401591 0.401676 0.401816 0.401802 0.402033 0.000000 0.000000
0.000000 0.000000 0.406565 0.406653 0.406864 0.406825 0.406779 0.406578 0.406582 0.406533 0.406586 0.406572 0.406577 0.406590 0.406770 0.406808 0.406900 0.406695 0.406618 0.000000 0.000000
0.000000 0.000000 0.350000 0.350000 0.350000 0.350000 0.350000 0.350000 0.350000 0.350000 0.350000 0.350000 0.350000 0.350000 0.350000 0.350000 0.350000 0.350000 0.350000 0.000000 0.000000
0.000000 0.000000 0.000000 0.000000 0.000000 0.000000 0.000000 0.000000 0.000000 0.000000 0.000000 0.000000 0.000000 0.000000 0.000000 0.000000 0.000000 0.000000 0.000000 0.000000 0.000000