geotop/1.0zi/1.0Montebello/Templates/testdem/maps/_Eocsand9507.asc
ncols         21
nrows         20
xllcorner     100.000000
yllcorner     100.000000
cellsize      50.000000
NODATA_value  -9999.0
0.000000 0.000000 0.000000 0.000000 0.000000 0.000000 0.000000 0.000000 0.000000 0.000000 0.000000 0.000000 0.000000 0.000000 0.000000 0.000000 0.000000 0.000000 0.000000 0.000000 0.000000
0.000000 0.000000 0.300238 0.300236 0.300236 0.300237 0.300236 0.300235 0.300236 0.300236 0.300237 0.300236 0.300236 0.300236 0.300236 0.300236 0.300237 0.300237 0.300236 0.000000 0.000000
0.000000 0.000000 0.300011 0.300013 0.300013 0.300011 0.300012 0.300013 0.300012 0.300012 0.300012 0.300013 0.300012 0.300012 0.300012 0.300012 0.300013 0.300013 0.300014 0.000000 0.000000
0.000000 0.000000 0.299815 0.299814 0.299821 0.299829 0.299828 0.299834 0.299826 0.299828 0.299828 0.299826 0.299825 0.299827 0.299822 0.299815 0.299813 0.299811 0.299811 0.000000 0.000000
0.000000 0.000000 0.297157 0.297158 0.297176 0.297204 0.297233 0.297240 0.297240 0.297241 0.297242 0.297235 0.297231 0.297230 0.297207 0.297195 0.297181 0.297171 0.297159 0.000000 0.000000
0.000000 0.000000 0.289881 0.289891 0.289930 0.289982 0.290043 0.290096 0.290093 0.290105 0.290099 0.290098 0.290087 0.290090 0.290060 0.290010 0.289984 0.289964 0.289950 0.000000 0.000000
0.000000 0.000000 0.279879 0.279898 0.279930 0.279994 0.280074 0.280184 0.280174 0.280183 0.280185 0.280183 0.280183 0.280176 0.280094 0.280029 0.279989 0.279961 0.279944 0.000000 0.000000
0.000000 0.000000 0.268012 0.268032 0.268061 0.268137 0.268220 0.268319 0.268312 0.268324 0.268328 0.268333 0.268335 0.268316 0.268238 0.268167 0.268103 0.268089 0.268060 0.000000 0.000000
0.000000 0.000000 0.255024 0.255054 0.255096 0.255151 0.255248 0.255365 0.255350 0.255372 0.255382 0.255385 0.255379 0.255381 0.255271 0.255187 0.255137 0.255116 0.255090 0.000000 0.000000
0.000000 0.000000 0.240771 0.240810 0.240843 0.240904 0.241034 0.241142 0.241135 0.241149 0.241169 0.241156 0.241140 0.241143 0.241055 0.240946 0.240886 0.240864 0.240849 0.000000 0.000000
0.000000 0.000000 0.224671 0.224698 0.224728 0.224870 0.224954 0.225098 0.225059 0.225135 0.225122 0.225131 0.225154 0.225107 0.225010 0.224943 0.224859 0.224824 0.224757 0.000000 0.000000
0.000000 0.000000 0.206018 0.206082 0.206167 0.206232 0.206358 0.206535 0.206531 0.206539 0.206508 0.206574 0.206537 0.206541 0.206366 0.206264 0.206219 0.206191 0.206049 0.000000 0.000000
0.000000 0.000000 0.185090 0.185146 0.185162 0.185324 0.185427 0.185942 0.185937 0.185963 0.186127 0.186025 0.186005 0.185955 0.185573 0.185479 0.185295 0.185280 0.185237 0.000000 0.000000
0.000000 0.000000 0.159289 0.159306 0.159455 0.159546 0.160274 0.160060 0.160196 0.160190 0.160095 0.160182 0.160193 0.160257 0.160455 0.159672 0.159633 0.159447 0.159333 0.000000 0.000000
0.000000 0.000000 0.129336 0.129422 0.129566 0.130501 0.130169 0.130731 0.130868 0.130920 0.131119 0.131194 0.131081 0.131074 0.130559 0.130866 0.129637 0.129914 0.129947 0.000000 0.000000
0.000000 0.000000 0.100847 0.100897 0.102020 0.101451 0.101653 0.101615 0.101114 0.101244 0.100976 0.101021 0.101229 0.100955 0.101089 0.100916 0.102149 0.100437 0.100461 0.000000 0.000000
0.000000 0.000000 0.074267 0.075275 0.074941 0.075401 0.075918 0.076090 0.076430 0.076349 0.076697 0.076655 0.076451 0.076660 0.076375 0.075989 0.074999 0.075762 0.074710 0.000000 0.000000
0.000000 0.000000 0.064870 0.064528 0.063897 0.064033 0.064142 0.064721 0.064701 0.064841 0.064664 0.064707 0.064698 0.064660 0.064158 0.064074 0.063838 0.064460 0.064792 0.000000 0.000000
0.000000 0.000000 0.300000 0.300000 0.300000 0.300000 0.300000 0.300000 0.300000 0.300000 0.300000 0.300000 0.300000 0.300000 0.300000 0.300000 0.300000 0.300000 0.300000 0.000000 0.000000
0.000000 0.000000 0.000000 0.000000 0.000000 0.000000 0.000000 0.000000 0.000000 0.000000 0.000000 0.000000 0.000000 0.000000 0.000000 0.000000 0.000000 0.000000 0.000000 0.000000 0.000000