geotop/1.0zi/1.0Montebello/Templates/testdem/maps/_Eocsand5329.asc
ncols         21
nrows         20
xllcorner     100.000000
yllcorner     100.000000
cellsize      50.000000
NODATA_value  -9999.0
0.000000 0.000000 0.000000 0.000000 0.000000 0.000000 0.000000 0.000000 0.000000 0.000000 0.000000 0.000000 0.000000 0.000000 0.000000 0.000000 0.000000 0.000000 0.000000 0.000000 0.000000
0.000000 0.000000 0.300128 0.300128 0.300128 0.300127 0.300127 0.300127 0.300128 0.300128 0.300128 0.300128 0.300128 0.300128 0.300128 0.300128 0.300128 0.300128 0.300128 0.000000 0.000000
0.000000 0.000000 0.300008 0.300007 0.300007 0.300007 0.300007 0.300007 0.300006 0.300007 0.300007 0.300007 0.300006 0.300006 0.300006 0.300007 0.300008 0.300009 0.300008 0.000000 0.000000
0.000000 0.000000 0.299974 0.299972 0.299975 0.299979 0.299976 0.299978 0.299976 0.299977 0.299976 0.299978 0.299978 0.299980 0.299976 0.299971 0.299973 0.299970 0.299972 0.000000 0.000000
0.000000 0.000000 0.299170 0.299166 0.299167 0.299175 0.299188 0.299196 0.299196 0.299195 0.299200 0.299196 0.299201 0.299201 0.299191 0.299191 0.299186 0.299175 0.299170 0.000000 0.000000
0.000000 0.000000 0.296409 0.296404 0.296412 0.296442 0.296456 0.296487 0.296490 0.296496 0.296488 0.296486 0.296481 0.296484 0.296477 0.296462 0.296448 0.296433 0.296425 0.000000 0.000000
0.000000 0.000000 0.292276 0.292280 0.292284 0.292316 0.292353 0.292398 0.292397 0.292403 0.292398 0.292395 0.292398 0.292396 0.292365 0.292331 0.292314 0.292297 0.292286 0.000000 0.000000
0.000000 0.000000 0.287284 0.287283 0.287283 0.287317 0.287354 0.287402 0.287401 0.287406 0.287405 0.287405 0.287408 0.287402 0.287367 0.287334 0.287306 0.287299 0.287282 0.000000 0.000000
0.000000 0.000000 0.282140 0.282146 0.282157 0.282177 0.282213 0.282265 0.282262 0.282272 0.282276 0.282272 0.282272 0.282277 0.282230 0.282194 0.282169 0.282162 0.282147 0.000000 0.000000
0.000000 0.000000 0.276987 0.276995 0.276998 0.277011 0.277063 0.277109 0.277105 0.277111 0.277118 0.277109 0.277103 0.277110 0.277074 0.277032 0.277006 0.277003 0.276993 0.000000 0.000000
0.000000 0.000000 0.271702 0.271707 0.271706 0.271743 0.271778 0.271828 0.271817 0.271841 0.271840 0.271837 0.271843 0.271830 0.271803 0.271777 0.271749 0.271733 0.271712 0.000000 0.000000
0.000000 0.000000 0.266195 0.266207 0.266218 0.266245 0.266274 0.266334 0.266331 0.266346 0.266330 0.266344 0.266342 0.266337 0.266285 0.266263 0.266243 0.266235 0.266178 0.000000 0.000000
0.000000 0.000000 0.260583 0.260595 0.260597 0.260626 0.260652 0.260770 0.260769 0.260780 0.260804 0.260790 0.260780 0.260771 0.260688 0.260667 0.260624 0.260620 0.260578 0.000000 0.000000
0.000000 0.000000 0.254553 0.254560 0.254573 0.254591 0.254699 0.254731 0.254758 0.254760 0.254770 0.254764 0.254762 0.254766 0.254753 0.254646 0.254607 0.254579 0.254537 0.000000 0.000000
0.000000 0.000000 0.247974 0.247980 0.248006 0.248115 0.248153 0.248218 0.248265 0.248271 0.248293 0.248303 0.248290 0.248301 0.248255 0.248200 0.248035 0.248047 0.248021 0.000000 0.000000
0.000000 0.000000 0.241068 0.241078 0.241215 0.241247 0.241257 0.241300 0.241278 0.241295 0.241285 0.241302 0.241316 0.241289 0.241265 0.241247 0.241244 0.241067 0.241061 0.000000 0.000000
0.000000 0.000000 0.233285 0.233470 0.233549 0.233605 0.233692 0.233739 0.233750 0.233755 0.233793 0.233801 0.233786 0.233790 0.233741 0.233675 0.233569 0.233506 0.233322 0.000000 0.000000
0.000000 0.000000 0.227393 0.227408 0.227251 0.227302 0.227369 0.227544 0.227550 0.227589 0.227570 0.227580 0.227566 0.227563 0.227402 0.227359 0.227227 0.227394 0.227367 0.000000 0.000000
0.000000 0.000000 0.300000 0.300000 0.300000 0.300000 0.300000 0.300000 0.300000 0.300000 0.300000 0.300000 0.300000 0.300000 0.300000 0.300000 0.300000 0.300000 0.300000 0.000000 0.000000
0.000000 0.000000 0.000000 0.000000 0.000000 0.000000 0.000000 0.000000 0.000000 0.000000 0.000000 0.000000 0.000000 0.000000 0.000000 0.000000 0.000000 0.000000 0.000000 0.000000 0.000000