geotop/1.0zi/1.0Montebello/Templates/testdem/maps/_Eocsilt4032.asc
ncols         21
nrows         20
xllcorner     100.000000
yllcorner     100.000000
cellsize      50.000000
NODATA_value  -9999.0
0.000000 0.000000 0.000000 0.000000 0.000000 0.000000 0.000000 0.000000 0.000000 0.000000 0.000000 0.000000 0.000000 0.000000 0.000000 0.000000 0.000000 0.000000 0.000000 0.000000 0.000000
0.000000 0.000000 0.350083 0.350083 0.350083 0.350083 0.350083 0.350083 0.350083 0.350083 0.350083 0.350083 0.350083 0.350083 0.350083 0.350083 0.350084 0.350083 0.350083 0.000000 0.000000
0.000000 0.000000 0.350001 0.350002 0.350002 0.350002 0.350003 0.350003 0.350003 0.350003 0.350003 0.350003 0.350003 0.350003 0.350002 0.350002 0.350001 0.350001 0.350001 0.000000 0.000000
0.000000 0.000000 0.350032 0.350031 0.350031 0.350027 0.350028 0.350025 0.350027 0.350028 0.350027 0.350027 0.350027 0.350026 0.350028 0.350031 0.350031 0.350033 0.350032 0.000000 0.000000
0.000000 0.000000 0.350376 0.350379 0.350377 0.350378 0.350377 0.350375 0.350373 0.350371 0.350369 0.350372 0.350372 0.350373 0.350374 0.350373 0.350372 0.350377 0.350379 0.000000 0.000000
0.000000 0.000000 0.351442 0.351442 0.351439 0.351436 0.351434 0.351423 0.351422 0.351417 0.351421 0.351423 0.351425 0.351420 0.351421 0.351426 0.351429 0.351429 0.351430 0.000000 0.000000
0.000000 0.000000 0.353058 0.353058 0.353056 0.353046 0.353036 0.353023 0.353025 0.353023 0.353025 0.353023 0.353020 0.353019 0.353028 0.353040 0.353045 0.353049 0.353055 0.000000 0.000000
0.000000 0.000000 0.354944 0.354941 0.354937 0.354926 0.354914 0.354899 0.354901 0.354898 0.354898 0.354898 0.354895 0.354891 0.354907 0.354922 0.354932 0.354933 0.354938 0.000000 0.000000
0.000000 0.000000 0.356847 0.356843 0.356837 0.356829 0.356818 0.356799 0.356800 0.356797 0.356797 0.356798 0.356795 0.356793 0.356807 0.356823 0.356831 0.356835 0.356842 0.000000 0.000000
0.000000 0.000000 0.358733 0.358730 0.358725 0.358716 0.358703 0.358687 0.358689 0.358687 0.358687 0.358687 0.358683 0.358680 0.358696 0.358712 0.358719 0.358722 0.358727 0.000000 0.000000
0.000000 0.000000 0.360624 0.360621 0.360616 0.360609 0.360600 0.360580 0.360583 0.360578 0.360578 0.360579 0.360576 0.360573 0.360586 0.360597 0.360606 0.360610 0.360616 0.000000 0.000000
0.000000 0.000000 0.362571 0.362567 0.362561 0.362550 0.362540 0.362521 0.362521 0.362518 0.362519 0.362518 0.362516 0.362512 0.362530 0.362544 0.362553 0.362556 0.362577 0.000000 0.000000
0.000000 0.000000 0.364535 0.364530 0.364524 0.364516 0.364503 0.364465 0.364465 0.364462 0.364461 0.364462 0.364458 0.364455 0.364488 0.364505 0.364513 0.364516 0.364530 0.000000 0.000000
0.000000 0.000000 0.366600 0.366593 0.366587 0.366580 0.366542 0.366532 0.366526 0.366523 0.366524 0.366524 0.366519 0.366516 0.366527 0.366566 0.366575 0.366583 0.366591 0.000000 0.000000
0.000000 0.000000 0.368813 0.368807 0.368793 0.368761 0.368744 0.368721 0.368708 0.368704 0.368698 0.368697 0.368697 0.368690 0.368707 0.368735 0.368778 0.368777 0.368783 0.000000 0.000000
0.000000 0.000000 0.371081 0.371075 0.371032 0.371025 0.371016 0.371005 0.371003 0.371001 0.371003 0.371002 0.370995 0.370999 0.371003 0.371015 0.371017 0.371061 0.371072 0.000000 0.000000
0.000000 0.000000 0.373584 0.373531 0.373492 0.373478 0.373453 0.373440 0.373437 0.373435 0.373429 0.373429 0.373427 0.373420 0.373428 0.373459 0.373480 0.373504 0.373557 0.000000 0.000000
0.000000 0.000000 0.375562 0.375547 0.375576 0.375557 0.375535 0.375486 0.375481 0.375475 0.375477 0.375476 0.375471 0.375470 0.375514 0.375542 0.375575 0.375529 0.375553 0.000000 0.000000
0.000000 0.000000 0.350000 0.350000 0.350000 0.350000 0.350000 0.350000 0.350000 0.350000 0.350000 0.350000 0.350000 0.350000 0.350000 0.350000 0.350000 0.350000 0.350000 0.000000 0.000000
0.000000 0.000000 0.000000 0.000000 0.000000 0.000000 0.000000 0.000000 0.000000 0.000000 0.000000 0.000000 0.000000 0.000000 0.000000 0.000000 0.000000 0.000000 0.000000 0.000000 0.000000