geotop/1.0zi/1.0Montebello/Templates/testdem/maps/_Eocsilt9612.asc
ncols         21
nrows         20
xllcorner     100.000000
yllcorner     100.000000
cellsize      50.000000
NODATA_value  -9999.0
0.000000 0.000000 0.000000 0.000000 0.000000 0.000000 0.000000 0.000000 0.000000 0.000000 0.000000 0.000000 0.000000 0.000000 0.000000 0.000000 0.000000 0.000000 0.000000 0.000000 0.000000
0.000000 0.000000 0.350206 0.350206 0.350206 0.350206 0.350206 0.350206 0.350206 0.350206 0.350206 0.350206 0.350206 0.350206 0.350206 0.350206 0.350207 0.350207 0.350206 0.000000 0.000000
0.000000 0.000000 0.350008 0.350008 0.350008 0.350007 0.350009 0.350008 0.350008 0.350008 0.350009 0.350008 0.350009 0.350009 0.350008 0.350007 0.350006 0.350006 0.350007 0.000000 0.000000
0.000000 0.000000 0.350145 0.350143 0.350136 0.350133 0.350132 0.350127 0.350130 0.350131 0.350129 0.350132 0.350133 0.350133 0.350135 0.350138 0.350143 0.350144 0.350146 0.000000 0.000000
0.000000 0.000000 0.351462 0.351467 0.351458 0.351437 0.351428 0.351421 0.351424 0.351421 0.351420 0.351423 0.351428 0.351426 0.351441 0.351450 0.351453 0.351459 0.351463 0.000000 0.000000
0.000000 0.000000 0.355079 0.355074 0.355060 0.355036 0.355003 0.354977 0.354975 0.354970 0.354971 0.354972 0.354977 0.354974 0.354991 0.355013 0.355025 0.355033 0.355040 0.000000 0.000000
0.000000 0.000000 0.360162 0.360152 0.360136 0.360099 0.360057 0.360005 0.360007 0.360003 0.359999 0.359998 0.359996 0.360001 0.360043 0.360074 0.360095 0.360110 0.360117 0.000000 0.000000
0.000000 0.000000 0.366183 0.366171 0.366157 0.366115 0.366070 0.366022 0.366023 0.366017 0.366011 0.366008 0.366007 0.366015 0.366055 0.366091 0.366124 0.366130 0.366144 0.000000 0.000000
0.000000 0.000000 0.372803 0.372784 0.372760 0.372727 0.372677 0.372617 0.372622 0.372611 0.372603 0.372601 0.372605 0.372602 0.372660 0.372703 0.372728 0.372740 0.372752 0.000000 0.000000
0.000000 0.000000 0.380067 0.380042 0.380023 0.379989 0.379934 0.379873 0.379874 0.379866 0.379853 0.379858 0.379866 0.379863 0.379909 0.379964 0.379993 0.380004 0.380011 0.000000 0.000000
0.000000 0.000000 0.388269 0.388249 0.388231 0.388153 0.388127 0.388046 0.388063 0.388023 0.388026 0.388020 0.388008 0.388030 0.388081 0.388115 0.388156 0.388170 0.388206 0.000000 0.000000
0.000000 0.000000 0.397795 0.397753 0.397706 0.397669 0.397626 0.397524 0.397522 0.397517 0.397529 0.397493 0.397511 0.397507 0.397597 0.397649 0.397671 0.397684 0.397755 0.000000 0.000000
0.000000 0.000000 0.408475 0.408435 0.408423 0.408351 0.408299 0.408034 0.408029 0.408012 0.407919 0.407974 0.407981 0.408005 0.408201 0.408245 0.408342 0.408347 0.408366 0.000000 0.000000
0.000000 0.000000 0.421612 0.421593 0.421510 0.421458 0.421093 0.421214 0.421135 0.421135 0.421180 0.421131 0.421123 0.421087 0.420972 0.421372 0.421389 0.421483 0.421540 0.000000 0.000000
0.000000 0.000000 0.436539 0.436496 0.436421 0.435953 0.436140 0.435851 0.435783 0.435752 0.435647 0.435609 0.435664 0.435666 0.435919 0.435738 0.436350 0.436209 0.436189 0.000000 0.000000
0.000000 0.000000 0.450000 0.449974 0.449464 0.449724 0.449634 0.449651 0.449873 0.449813 0.449931 0.449910 0.449814 0.449936 0.449868 0.449950 0.449384 0.450160 0.450148 0.000000 0.000000
0.000000 0.000000 0.461407 0.461044 0.461130 0.460982 0.460788 0.460727 0.460619 0.460644 0.460526 0.460539 0.460606 0.460539 0.460638 0.460781 0.461097 0.460877 0.461256 0.000000 0.000000
0.000000 0.000000 0.466559 0.466520 0.466731 0.466635 0.466537 0.466360 0.466324 0.466295 0.466302 0.466294 0.466321 0.466307 0.466476 0.466548 0.466733 0.466472 0.466517 0.000000 0.000000
0.000000 0.000000 0.350000 0.350000 0.350000 0.350000 0.350000 0.350000 0.350000 0.350000 0.350000 0.350000 0.350000 0.350000 0.350000 0.350000 0.350000 0.350000 0.350000 0.000000 0.000000
0.000000 0.000000 0.000000 0.000000 0.000000 0.000000 0.000000 0.000000 0.000000 0.000000 0.000000 0.000000 0.000000 0.000000 0.000000 0.000000 0.000000 0.000000 0.000000 0.000000 0.000000