geotop/1.0zi/1.0Montebello/Templates/testdem/maps/_Eocsilt8389.asc
ncols         21
nrows         20
xllcorner     100.000000
yllcorner     100.000000
cellsize      50.000000
NODATA_value  -9999.0
0.000000 0.000000 0.000000 0.000000 0.000000 0.000000 0.000000 0.000000 0.000000 0.000000 0.000000 0.000000 0.000000 0.000000 0.000000 0.000000 0.000000 0.000000 0.000000 0.000000 0.000000
0.000000 0.000000 0.350173 0.350174 0.350174 0.350174 0.350173 0.350174 0.350174 0.350174 0.350174 0.350173 0.350173 0.350173 0.350173 0.350174 0.350174 0.350174 0.350174 0.000000 0.000000
0.000000 0.000000 0.350006 0.350005 0.350006 0.350005 0.350006 0.350006 0.350006 0.350006 0.350006 0.350006 0.350007 0.350007 0.350006 0.350005 0.350004 0.350004 0.350005 0.000000 0.000000
0.000000 0.000000 0.350102 0.350099 0.350097 0.350091 0.350092 0.350087 0.350090 0.350090 0.350087 0.350089 0.350089 0.350089 0.350092 0.350095 0.350099 0.350098 0.350100 0.000000 0.000000
0.000000 0.000000 0.351048 0.351054 0.351047 0.351037 0.351030 0.351022 0.351020 0.351018 0.351017 0.351018 0.351019 0.351021 0.351034 0.351038 0.351041 0.351052 0.351054 0.000000 0.000000
0.000000 0.000000 0.353827 0.353827 0.353819 0.353802 0.353783 0.353760 0.353758 0.353752 0.353757 0.353756 0.353758 0.353757 0.353770 0.353784 0.353797 0.353804 0.353811 0.000000 0.000000
0.000000 0.000000 0.357843 0.357837 0.357828 0.357801 0.357766 0.357730 0.357730 0.357727 0.357727 0.357726 0.357722 0.357728 0.357759 0.357787 0.357805 0.357820 0.357827 0.000000 0.000000
0.000000 0.000000 0.362599 0.362595 0.362590 0.362561 0.362530 0.362489 0.362489 0.362483 0.362482 0.362479 0.362477 0.362484 0.362519 0.362547 0.362574 0.362581 0.362594 0.000000 0.000000
0.000000 0.000000 0.367732 0.367721 0.367707 0.367688 0.367653 0.367607 0.367609 0.367599 0.367596 0.367595 0.367596 0.367595 0.367639 0.367674 0.367696 0.367707 0.367719 0.000000 0.000000
0.000000 0.000000 0.373165 0.373155 0.373148 0.373130 0.373080 0.373039 0.373039 0.373034 0.373027 0.373031 0.373036 0.373034 0.373071 0.373112 0.373137 0.373146 0.373153 0.000000 0.000000
0.000000 0.000000 0.379071 0.379066 0.379058 0.379013 0.378981 0.378930 0.378943 0.378914 0.378919 0.378916 0.378906 0.378923 0.378959 0.378984 0.379017 0.379034 0.379057 0.000000 0.000000
0.000000 0.000000 0.385658 0.385639 0.385621 0.385597 0.385555 0.385496 0.385490 0.385485 0.385497 0.385475 0.385483 0.385485 0.385548 0.385582 0.385603 0.385617 0.385670 0.000000 0.000000
0.000000 0.000000 0.392809 0.392791 0.392789 0.392746 0.392714 0.392553 0.392548 0.392541 0.392495 0.392520 0.392526 0.392542 0.392666 0.392697 0.392759 0.392765 0.392792 0.000000 0.000000
0.000000 0.000000 0.401237 0.401233 0.401202 0.401174 0.400972 0.400990 0.400948 0.400949 0.400962 0.400946 0.400941 0.400928 0.400907 0.401122 0.401152 0.401210 0.401249 0.000000 0.000000
0.000000 0.000000 0.411186 0.411168 0.411127 0.410869 0.410898 0.410766 0.410707 0.410695 0.410648 0.410617 0.410645 0.410640 0.410767 0.410754 0.411099 0.411044 0.411049 0.000000 0.000000
0.000000 0.000000 0.422034 0.422019 0.421647 0.421757 0.421728 0.421696 0.421836 0.421792 0.421867 0.421840 0.421777 0.421869 0.421873 0.421897 0.421613 0.422157 0.422150 0.000000 0.000000
0.000000 0.000000 0.435252 0.434683 0.434817 0.434598 0.434315 0.434227 0.434063 0.434101 0.433928 0.433943 0.434041 0.433942 0.434090 0.434302 0.434795 0.434467 0.435062 0.000000 0.000000
0.000000 0.000000 0.439858 0.440377 0.440839 0.440841 0.440868 0.440420 0.440497 0.440365 0.440580 0.440536 0.440501 0.440574 0.440945 0.440927 0.440923 0.440570 0.440063 0.000000 0.000000
0.000000 0.000000 0.350000 0.350000 0.350000 0.350000 0.350000 0.350000 0.350000 0.350000 0.350000 0.350000 0.350000 0.350000 0.350000 0.350000 0.350000 0.350000 0.350000 0.000000 0.000000
0.000000 0.000000 0.000000 0.000000 0.000000 0.000000 0.000000 0.000000 0.000000 0.000000 0.000000 0.000000 0.000000 0.000000 0.000000 0.000000 0.000000 0.000000 0.000000 0.000000 0.000000