geotop/1.0zi/1.0Montebello/Templates/testdem/maps/_Eocsilt8235.asc
ncols         21
nrows         20
xllcorner     100.000000
yllcorner     100.000000
cellsize      50.000000
NODATA_value  -9999.0
0.000000 0.000000 0.000000 0.000000 0.000000 0.000000 0.000000 0.000000 0.000000 0.000000 0.000000 0.000000 0.000000 0.000000 0.000000 0.000000 0.000000 0.000000 0.000000 0.000000 0.000000
0.000000 0.000000 0.350172 0.350172 0.350172 0.350173 0.350172 0.350172 0.350172 0.350172 0.350173 0.350172 0.350172 0.350172 0.350172 0.350172 0.350173 0.350173 0.350172 0.000000 0.000000
0.000000 0.000000 0.350005 0.350005 0.350005 0.350005 0.350006 0.350006 0.350006 0.350006 0.350006 0.350006 0.350006 0.350006 0.350006 0.350005 0.350004 0.350004 0.350005 0.000000 0.000000
0.000000 0.000000 0.350102 0.350099 0.350097 0.350091 0.350092 0.350087 0.350090 0.350090 0.350087 0.350089 0.350089 0.350089 0.350092 0.350095 0.350098 0.350098 0.350100 0.000000 0.000000
0.000000 0.000000 0.351045 0.351052 0.351046 0.351035 0.351029 0.351021 0.351018 0.351016 0.351016 0.351016 0.351017 0.351019 0.351032 0.351037 0.351040 0.351050 0.351052 0.000000 0.000000
0.000000 0.000000 0.353812 0.353813 0.353803 0.353787 0.353768 0.353745 0.353743 0.353738 0.353742 0.353742 0.353744 0.353743 0.353755 0.353769 0.353782 0.353790 0.353796 0.000000 0.000000
0.000000 0.000000 0.357762 0.357758 0.357746 0.357720 0.357687 0.357652 0.357652 0.357648 0.357649 0.357648 0.357645 0.357650 0.357680 0.357708 0.357726 0.357742 0.357749 0.000000 0.000000
0.000000 0.000000 0.362431 0.362430 0.362423 0.362395 0.362364 0.362324 0.362324 0.362319 0.362318 0.362315 0.362313 0.362320 0.362354 0.362383 0.362410 0.362417 0.362429 0.000000 0.000000
0.000000 0.000000 0.367462 0.367453 0.367438 0.367419 0.367386 0.367341 0.367342 0.367333 0.367330 0.367328 0.367330 0.367329 0.367372 0.367407 0.367429 0.367441 0.367452 0.000000 0.000000
0.000000 0.000000 0.372773 0.372764 0.372756 0.372737 0.372689 0.372649 0.372649 0.372644 0.372638 0.372641 0.372647 0.372645 0.372681 0.372721 0.372746 0.372755 0.372763 0.000000 0.000000
0.000000 0.000000 0.378528 0.378522 0.378513 0.378471 0.378438 0.378391 0.378400 0.378375 0.378379 0.378378 0.378368 0.378385 0.378419 0.378444 0.378476 0.378493 0.378515 0.000000 0.000000
0.000000 0.000000 0.384928 0.384911 0.384891 0.384865 0.384827 0.384767 0.384763 0.384757 0.384770 0.384750 0.384756 0.384760 0.384821 0.384853 0.384874 0.384887 0.384941 0.000000 0.000000
0.000000 0.000000 0.391852 0.391836 0.391829 0.391790 0.391757 0.391602 0.391599 0.391590 0.391549 0.391571 0.391579 0.391594 0.391712 0.391744 0.391802 0.391809 0.391835 0.000000 0.000000
0.000000 0.000000 0.399977 0.399972 0.399940 0.399914 0.399719 0.399735 0.399694 0.399695 0.399708 0.399696 0.399690 0.399681 0.399662 0.399865 0.399897 0.399950 0.399989 0.000000 0.000000
0.000000 0.000000 0.409546 0.409529 0.409490 0.409243 0.409266 0.409141 0.409086 0.409072 0.409031 0.409001 0.409029 0.409024 0.409144 0.409136 0.409464 0.409414 0.409421 0.000000 0.000000
0.000000 0.000000 0.419993 0.419978 0.419622 0.419721 0.419694 0.419662 0.419794 0.419753 0.419823 0.419799 0.419740 0.419829 0.419835 0.419856 0.419593 0.420109 0.420102 0.000000 0.000000
0.000000 0.000000 0.432798 0.432250 0.432367 0.432161 0.431887 0.431806 0.431654 0.431690 0.431526 0.431540 0.431634 0.431542 0.431680 0.431884 0.432350 0.432048 0.432621 0.000000 0.000000
0.000000 0.000000 0.437448 0.437948 0.438403 0.438407 0.438429 0.437991 0.438063 0.437935 0.438144 0.438102 0.438070 0.438141 0.438506 0.438489 0.438489 0.438135 0.437647 0.000000 0.000000
0.000000 0.000000 0.350000 0.350000 0.350000 0.350000 0.350000 0.350000 0.350000 0.350000 0.350000 0.350000 0.350000 0.350000 0.350000 0.350000 0.350000 0.350000 0.350000 0.000000 0.000000
0.000000 0.000000 0.000000 0.000000 0.000000 0.000000 0.000000 0.000000 0.000000 0.000000 0.000000 0.000000 0.000000 0.000000 0.000000 0.000000 0.000000 0.000000 0.000000 0.000000 0.000000