geotop/1.0zi/1.0Montebello/Templates/testdem/maps/_Eocsilt1008.asc
ncols         21
nrows         20
xllcorner     100.000000
yllcorner     100.000000
cellsize      50.000000
NODATA_value  -9999.0
0.000000 0.000000 0.000000 0.000000 0.000000 0.000000 0.000000 0.000000 0.000000 0.000000 0.000000 0.000000 0.000000 0.000000 0.000000 0.000000 0.000000 0.000000 0.000000 0.000000 0.000000
0.000000 0.000000 0.350019 0.350019 0.350019 0.350019 0.350019 0.350019 0.350019 0.350019 0.350019 0.350019 0.350019 0.350019 0.350019 0.350019 0.350019 0.350019 0.350019 0.000000 0.000000
0.000000 0.000000 0.350001 0.350001 0.350001 0.350001 0.350001 0.350001 0.350001 0.350001 0.350001 0.350001 0.350001 0.350001 0.350001 0.350001 0.350001 0.350001 0.350001 0.000000 0.000000
0.000000 0.000000 0.350460 0.350459 0.350457 0.350458 0.350460 0.350460 0.350460 0.350460 0.350460 0.350460 0.350460 0.350460 0.350460 0.350458 0.350457 0.350459 0.350460 0.000000 0.000000
0.000000 0.000000 0.351956 0.351955 0.351953 0.351953 0.351956 0.351956 0.351956 0.351956 0.351956 0.351956 0.351956 0.351956 0.351956 0.351953 0.351953 0.351955 0.351956 0.000000 0.000000
0.000000 0.000000 0.353731 0.353730 0.353728 0.353728 0.353731 0.353730 0.353730 0.353731 0.353731 0.353731 0.353730 0.353730 0.353731 0.353728 0.353728 0.353730 0.353731 0.000000 0.000000
0.000000 0.000000 0.355356 0.355356 0.355354 0.355354 0.355356 0.355356 0.355356 0.355356 0.355356 0.355356 0.355356 0.355356 0.355356 0.355354 0.355354 0.355356 0.355356 0.000000 0.000000
0.000000 0.000000 0.356848 0.356847 0.356846 0.356846 0.356848 0.356848 0.356848 0.356848 0.356848 0.356848 0.356848 0.356848 0.356848 0.356846 0.356846 0.356847 0.356848 0.000000 0.000000
0.000000 0.000000 0.358245 0.358245 0.358244 0.358244 0.358245 0.358245 0.358245 0.358245 0.358245 0.358245 0.358245 0.358245 0.358245 0.358244 0.358244 0.358245 0.358245 0.000000 0.000000
0.000000 0.000000 0.359585 0.359585 0.359583 0.359583 0.359585 0.359585 0.359585 0.359585 0.359585 0.359585 0.359585 0.359585 0.359585 0.359583 0.359583 0.359585 0.359585 0.000000 0.000000
0.000000 0.000000 0.360880 0.360880 0.360879 0.360879 0.360880 0.360880 0.360880 0.360880 0.360880 0.360880 0.360880 0.360880 0.360880 0.360879 0.360879 0.360880 0.360880 0.000000 0.000000
0.000000 0.000000 0.362145 0.362145 0.362144 0.362144 0.362145 0.362145 0.362145 0.362145 0.362145 0.362145 0.362145 0.362145 0.362145 0.362144 0.362144 0.362145 0.362145 0.000000 0.000000
0.000000 0.000000 0.363390 0.363389 0.363388 0.363389 0.363390 0.363390 0.363390 0.363390 0.363390 0.363390 0.363390 0.363390 0.363390 0.363389 0.363388 0.363389 0.363390 0.000000 0.000000
0.000000 0.000000 0.364614 0.364613 0.364612 0.364613 0.364614 0.364614 0.364614 0.364614 0.364614 0.364614 0.364614 0.364614 0.364614 0.364613 0.364612 0.364613 0.364614 0.000000 0.000000
0.000000 0.000000 0.365824 0.365824 0.365822 0.365823 0.365824 0.365824 0.365824 0.365824 0.365824 0.365824 0.365824 0.365824 0.365824 0.365823 0.365822 0.365824 0.365824 0.000000 0.000000
0.000000 0.000000 0.367025 0.367025 0.367024 0.367024 0.367025 0.367025 0.367025 0.367025 0.367025 0.367025 0.367025 0.367025 0.367025 0.367024 0.367024 0.367025 0.367025 0.000000 0.000000
0.000000 0.000000 0.368213 0.368213 0.368212 0.368212 0.368213 0.368213 0.368213 0.368213 0.368213 0.368213 0.368213 0.368213 0.368213 0.368212 0.368212 0.368213 0.368213 0.000000 0.000000
0.000000 0.000000 0.369428 0.369428 0.369427 0.369427 0.369428 0.369428 0.369428 0.369428 0.369428 0.369428 0.369428 0.369428 0.369428 0.369427 0.369427 0.369428 0.369428 0.000000 0.000000
0.000000 0.000000 0.350000 0.350000 0.350000 0.350000 0.350000 0.350000 0.350000 0.350000 0.350000 0.350000 0.350000 0.350000 0.350000 0.350000 0.350000 0.350000 0.350000 0.000000 0.000000
0.000000 0.000000 0.000000 0.000000 0.000000 0.000000 0.000000 0.000000 0.000000 0.000000 0.000000 0.000000 0.000000 0.000000 0.000000 0.000000 0.000000 0.000000 0.000000 0.000000 0.000000