geotop/1.0zi/1.0Montebello/Templates/testdem/maps/_Erotot8327.asc
ncols         21
nrows         20
xllcorner     100.000000
yllcorner     100.000000
cellsize      50.000000
NODATA_value  -9999.0
0.000000 0.000000 0.000000 0.000000 0.000000 0.000000 0.000000 0.000000 0.000000 0.000000 0.000000 0.000000 0.000000 0.000000 0.000000 0.000000 0.000000 0.000000 0.000000 0.000000 0.000000
0.000000 0.000000 680.537511 681.334772 680.783733 680.888088 679.876360 680.034409 680.021263 680.084392 680.517418 679.842755 679.721119 679.773201 680.149238 680.304389 681.140963 681.689576 681.905761 0.000000 0.000000
0.000000 0.000000 52.621289 51.638074 51.879933 51.943611 52.577642 52.255200 51.961826 51.824192 52.053279 52.412533 52.432058 52.581549 52.336310 51.825141 50.552542 49.697961 50.222304 0.000000 0.000000
0.000000 0.000000 354.821327 355.956102 343.588023 338.333223 338.895942 327.582928 327.675790 328.522570 324.866391 323.082983 325.236144 325.380905 335.641977 342.710048 347.315669 350.215863 355.433456 0.000000 0.000000
0.000000 0.000000 3390.746088 3393.234035 3397.068493 3374.104684 3354.509401 3342.601764 3340.442051 3336.102740 3342.969575 3348.344345 3343.805383 3342.471786 3357.556939 3361.944192 3374.246992 3384.869775 3384.719405 0.000000 0.000000
0.000000 0.000000 5391.584531 5386.155382 5381.898883 5375.600040 5359.615733 5349.805617 5351.426726 5350.201946 5346.968308 5341.106068 5340.147439 5343.348719 5343.037134 5363.444149 5370.847800 5376.949833 5379.965770 0.000000 0.000000
0.000000 0.000000 6714.266358 6711.290982 6706.746359 6699.731312 6685.664724 6662.877007 6661.720908 6657.949500 6659.402262 6663.127837 6664.628031 6665.145353 6693.679677 6704.023077 6709.839560 6712.765358 6718.062293 0.000000 0.000000
0.000000 0.000000 7920.897531 7921.231667 7918.306874 7908.087641 7905.116510 7895.106883 7895.114006 7894.965827 7893.996685 7890.031624 7889.322721 7895.620084 7897.879750 7903.314846 7916.315918 7915.084749 7920.221657 0.000000 0.000000
0.000000 0.000000 9498.701274 9494.193450 9487.854289 9487.243292 9475.498380 9459.331560 9460.414337 9455.817423 9453.774457 9453.494236 9456.002060 9450.190190 9469.520080 9484.165377 9486.577253 9490.678080 9492.150366 0.000000 0.000000
0.000000 0.000000 11305.018676 11301.595624 11301.911656 11297.198633 11275.857985 11265.261660 11264.597100 11264.408442 11260.923858 11264.447170 11267.662397 11266.953908 11274.428322 11289.769377 11298.145651 11300.559494 11301.731526 0.000000 0.000000
0.000000 0.000000 13292.732901 13292.022820 13289.083626 13267.844960 13261.331120 13244.273781 13249.991015 13236.185544 13240.504825 13238.628339 13231.394565 13241.818359 13251.998382 13255.560473 13269.104842 13276.892168 13288.021052 0.000000 0.000000
0.000000 0.000000 15459.023539 15450.778614 15442.343397 15438.568679 15427.113745 15405.476426 15401.206281 15402.209834 15409.881660 15398.224898 15402.748646 15402.407520 15426.651507 15436.452938 15440.050410 15444.624334 15469.103287 0.000000 0.000000
0.000000 0.000000 17726.695394 17721.825353 17722.496784 17707.478753 17699.460357 17644.809532 17642.814178 17641.730446 17618.552445 17632.227613 17636.673251 17641.921632 17680.162362 17688.584287 17714.200556 17714.374983 17721.626820 0.000000 0.000000
0.000000 0.000000 20349.183082 20352.125778 20337.419880 20332.340971 20264.960329 20289.639437 20271.841766 20273.413454 20281.747677 20275.707560 20273.015743 20267.399586 20242.441903 20315.046451 20321.982934 20344.920332 20355.429273 0.000000 0.000000
0.000000 0.000000 23307.403371 23298.501540 23288.818047 23212.128985 23232.569083 23193.751149 23172.790291 23168.922775 23154.737907 23143.163777 23150.924892 23149.774894 23192.220582 23175.381551 23284.498311 23262.458873 23258.968495 0.000000 0.000000
0.000000 0.000000 26371.433343 26368.400838 26258.435257 26299.445814 26297.891917 26290.211638 26340.759657 26324.425598 26349.037876 26340.662907 26322.133588 26350.835766 26348.680077 26351.622168 26249.442455 26414.666014 26405.631163 0.000000 0.000000
0.000000 0.000000 29987.007226 29828.901757 29881.766405 29825.183161 29742.937017 29724.923049 29675.191360 29689.515467 29637.455768 29643.351680 29671.578390 29645.689254 29684.528406 29737.886722 29879.499316 29770.702077 29939.863876 0.000000 0.000000
0.000000 0.000000 31125.322266 31288.898400 31425.974736 31433.528307 31445.521507 31323.827106 31347.711743 31306.350675 31372.760421 31360.902049 31353.566306 31369.946491 31468.202204 31460.932076 31452.496849 31347.120645 31184.964369 0.000000 0.000000
0.000000 0.000000 0.000000 0.000000 0.000000 0.000000 0.000000 0.000000 0.000000 0.000000 0.000000 0.000000 0.000000 0.000000 0.000000 0.000000 0.000000 0.000000 0.000000 0.000000 0.000000
0.000000 0.000000 0.000000 0.000000 0.000000 0.000000 0.000000 0.000000 0.000000 0.000000 0.000000 0.000000 0.000000 0.000000 0.000000 0.000000 0.000000 0.000000 0.000000 0.000000 0.000000