geotop/1.0zi/1.0Montebello/Templates/testdem/maps/_Erotot0940.asc
ncols         21
nrows         20
xllcorner     100.000000
yllcorner     100.000000
cellsize      50.000000
NODATA_value  -9999.0
0.000000 0.000000 0.000000 0.000000 0.000000 0.000000 0.000000 0.000000 0.000000 0.000000 0.000000 0.000000 0.000000 0.000000 0.000000 0.000000 0.000000 0.000000 0.000000 0.000000 0.000000
0.000000 0.000000 90.227376 90.228624 90.263069 90.237241 90.222157 90.228659 90.230003 90.225606 90.226126 90.225606 90.230003 90.228659 90.222157 90.237241 90.263069 90.228624 90.227376 0.000000 0.000000
0.000000 0.000000 7.639919 7.422162 5.648740 7.508244 7.673212 7.666589 7.678568 7.684467 7.683293 7.684467 7.678568 7.666589 7.673212 7.508244 5.648740 7.422162 7.639919 0.000000 0.000000
0.000000 0.000000 817.854509 817.416545 817.665862 815.354322 817.820318 817.654833 817.512494 817.809580 817.817818 817.809580 817.512494 817.654833 817.820318 815.354322 817.665862 817.416545 817.854509 0.000000 0.000000
0.000000 0.000000 1424.069511 1423.803232 1423.104085 1423.755627 1424.178500 1424.042502 1424.002132 1424.118197 1424.091939 1424.118197 1424.002132 1424.042502 1424.178500 1423.755627 1423.104085 1423.803232 1424.069511 0.000000 0.000000
0.000000 0.000000 1900.238838 1899.964151 1899.308607 1899.367302 1900.276183 1900.179643 1900.130399 1900.250075 1900.249540 1900.250075 1900.130399 1900.179643 1900.276183 1899.367302 1899.308607 1899.964151 1900.238838 0.000000 0.000000
0.000000 0.000000 2478.153331 2477.929342 2477.327397 2477.403269 2478.173874 2478.105980 2478.070570 2478.167120 2478.164557 2478.167120 2478.070570 2478.105980 2478.173874 2477.403269 2477.327397 2477.929342 2478.153331 0.000000 0.000000
0.000000 0.000000 3024.644808 3024.447455 3023.884727 3023.969752 3024.652752 3024.603321 3024.573984 3024.656155 3024.653410 3024.656155 3024.573984 3024.603321 3024.652752 3023.969752 3023.884727 3024.447455 3024.644808 0.000000 0.000000
0.000000 0.000000 3543.442793 3543.259122 3542.722179 3542.806851 3543.445389 3543.403896 3543.377827 3543.452692 3543.449491 3543.452692 3543.377827 3543.403896 3543.445389 3542.806851 3542.722179 3543.259122 3543.442793 0.000000 0.000000
0.000000 0.000000 4041.480416 4041.326074 4040.798358 4040.923167 4041.475626 4041.449004 4041.429978 4041.489334 4041.485819 4041.489334 4041.429978 4041.449004 4041.475626 4040.923167 4040.798358 4041.326074 4041.480416 0.000000 0.000000
0.000000 0.000000 4520.434469 4520.270338 4519.759588 4519.858798 4520.431397 4520.400383 4520.378413 4520.440863 4520.436433 4520.440863 4520.378413 4520.400383 4520.431397 4519.858798 4519.759588 4520.270338 4520.434469 0.000000 0.000000
0.000000 0.000000 4984.798514 4984.631593 4984.133110 4984.223170 4984.791405 4984.762367 4984.741011 4984.803068 4984.799841 4984.803068 4984.741011 4984.762367 4984.791405 4984.223170 4984.133110 4984.631593 4984.798514 0.000000 0.000000
0.000000 0.000000 5439.421642 5439.256715 5438.764195 5438.855835 5439.412911 5439.384774 5439.363894 5439.424414 5439.420968 5439.424414 5439.363894 5439.384774 5439.412911 5438.855835 5438.764195 5439.256715 5439.421642 0.000000 0.000000
0.000000 0.000000 5885.323078 5885.164063 5884.676387 5884.788710 5885.312049 5885.288305 5885.269800 5885.325375 5885.321662 5885.325375 5885.269800 5885.288305 5885.312049 5884.788710 5884.676387 5885.164063 5885.323078 0.000000 0.000000
0.000000 0.000000 6324.499427 6324.336645 6323.849852 6323.950810 6324.487881 6324.463266 6324.443547 6324.500757 6324.496688 6324.500757 6324.443547 6324.463266 6324.487881 6323.950810 6323.849852 6324.336645 6324.499427 0.000000 0.000000
0.000000 0.000000 6758.184979 6758.024691 6757.548616 6757.644167 6758.173539 6758.150250 6758.130999 6758.186929 6758.182552 6758.186929 6758.130999 6758.150250 6758.173539 6757.644167 6757.548616 6758.024691 6758.184976 0.000000 0.000000
0.000000 0.000000 7184.752073 7184.589683 7184.112078 7184.208941 7184.740801 7184.715658 7184.695848 7184.752622 7184.747918 7184.752622 7184.695848 7184.715658 7184.740801 7184.208941 7184.112078 7184.589668 7184.751839 0.000000 0.000000
0.000000 0.000000 7629.622132 7629.686027 7629.211086 7629.297523 7629.836875 7629.810571 7629.790586 7629.848857 7629.844304 7629.848857 7629.790586 7629.810571 7629.836875 7629.297523 7629.211071 7629.683538 7629.848403 0.000000 0.000000
0.000000 0.000000 0.000000 0.000000 0.000000 0.000000 0.000000 0.000000 0.000000 0.000000 0.000000 0.000000 0.000000 0.000000 0.000000 0.000000 0.000000 0.000000 0.000000 0.000000 0.000000
0.000000 0.000000 0.000000 0.000000 0.000000 0.000000 0.000000 0.000000 0.000000 0.000000 0.000000 0.000000 0.000000 0.000000 0.000000 0.000000 0.000000 0.000000 0.000000 0.000000 0.000000