geotop/1.0zi/1.0Montebello/Templates/testdem/maps/_Erotot1669.asc
ncols         21
nrows         20
xllcorner     100.000000
yllcorner     100.000000
cellsize      50.000000
NODATA_value  -9999.0
0.000000 0.000000 0.000000 0.000000 0.000000 0.000000 0.000000 0.000000 0.000000 0.000000 0.000000 0.000000 0.000000 0.000000 0.000000 0.000000 0.000000 0.000000 0.000000 0.000000 0.000000
0.000000 0.000000 183.992554 183.994482 184.030823 184.014516 183.982730 183.994785 183.996776 183.989379 183.990402 183.989379 183.996776 183.994785 183.982730 184.014516 184.030823 183.994482 183.992554 0.000000 0.000000
0.000000 0.000000 9.684292 9.463942 7.685814 9.535497 9.729552 9.709726 9.718657 9.728578 9.726134 9.728578 9.718657 9.709726 9.729552 9.535497 7.685814 9.463942 9.684292 0.000000 0.000000
0.000000 0.000000 1313.574219 1313.362641 1313.552946 1311.599383 1313.880652 1313.464451 1313.413761 1314.007301 1313.962465 1314.007301 1313.413761 1313.464451 1313.880652 1311.599383 1313.552946 1313.362641 1313.574219 0.000000 0.000000
0.000000 0.000000 2452.647217 2452.434942 2451.838733 2452.531594 2452.986071 2452.789977 2452.745786 2452.898518 2452.852099 2452.898518 2452.745786 2452.789977 2452.986071 2452.531594 2451.838733 2452.434942 2452.647217 0.000000 0.000000
0.000000 0.000000 3217.625507 3217.457179 3216.849740 3217.052862 3217.945456 3217.697621 3217.671605 3217.910051 3217.886208 3217.910051 3217.671605 3217.697621 3217.945456 3217.052862 3216.849740 3217.457179 3217.625507 0.000000 0.000000
0.000000 0.000000 4198.092794 4197.957546 4197.394815 4197.592188 4198.357756 4198.146269 4198.130952 4198.328442 4198.308391 4198.328442 4198.130952 4198.146269 4198.357756 4197.592188 4197.394815 4197.957546 4198.092794 0.000000 0.000000
0.000000 0.000000 5128.193587 5128.081901 5127.553633 5127.747525 5128.416816 5128.235916 5128.222502 5128.395026 5128.375963 5128.395026 5128.222502 5128.235916 5128.416816 5127.747525 5127.553633 5128.081901 5128.193587 0.000000 0.000000
0.000000 0.000000 6006.186804 6006.083432 6005.577329 6005.764592 6006.390998 6006.222970 6006.211148 6006.374199 6006.356575 6006.374199 6006.211148 6006.222970 6006.390998 6005.764592 6005.577329 6006.083432 6006.186804 0.000000 0.000000
0.000000 0.000000 6842.660250 6842.583636 6842.085747 6842.308217 6842.846493 6842.697270 6842.692305 6842.837077 6842.819425 6842.837077 6842.692305 6842.697270 6842.846493 6842.308217 6842.085747 6842.583636 6842.660250 0.000000 0.000000
0.000000 0.000000 7641.844304 7641.758280 7641.276887 7641.471681 7642.026089 7641.875247 7641.867276 7642.013394 7641.994853 7642.013394 7641.867276 7641.875247 7642.026089 7641.471681 7641.276887 7641.758280 7641.844304 0.000000 0.000000
0.000000 0.000000 8412.443941 8412.355506 8411.887705 8412.072168 8412.616996 8412.470710 8412.463489 8412.607066 8412.589748 8412.607066 8412.463489 8412.470710 8412.616996 8412.072168 8411.887705 8412.355506 8412.443941 0.000000 0.000000
0.000000 0.000000 9161.322166 9161.236344 9160.772602 9160.957239 9161.486883 9161.343457 9161.336830 9161.477510 9161.459687 9161.477510 9161.336830 9161.343457 9161.486883 9160.957239 9160.772602 9161.236344 9161.322166 0.000000 0.000000
0.000000 0.000000 9888.797528 9888.718267 9888.260603 9888.463807 9888.957927 9888.819466 9888.815323 9888.950681 9888.932451 9888.950681 9888.815323 9888.819466 9888.957927 9888.463807 9888.260603 9888.718267 9888.797528 0.000000 0.000000
0.000000 0.000000 10599.402230 10599.320098 10598.861941 10599.053700 10599.556902 10599.418307 10599.413153 10599.549699 10599.531065 10599.549699 10599.413153 10599.418307 10599.556902 10599.053700 10598.861941 10599.320098 10599.402230 0.000000 0.000000
0.000000 0.000000 11294.172523 11294.091374 11293.642960 11293.826866 11294.320721 11294.185671 11294.180662 11294.313878 11294.295509 11294.313878 11294.180662 11294.185671 11294.320721 11293.826866 11293.642960 11294.091374 11294.172519 0.000000 0.000000
0.000000 0.000000 11972.748104 11972.667586 11972.217380 11972.404070 11972.893523 11972.757703 11972.752588 11972.884335 11972.865146 11972.884335 11972.752588 11972.757703 11972.893523 11972.404070 11972.217379 11972.667566 11972.747742 0.000000 0.000000
0.000000 0.000000 12669.027878 12669.271322 12668.827579 12669.005732 12669.495797 12669.359264 12669.354252 12669.487675 12669.468365 12669.487675 12669.354252 12669.359264 12669.495797 12669.005731 12668.827561 12669.268064 12669.348364 0.000000 0.000000
0.000000 0.000000 0.000000 0.000000 0.000000 0.000000 0.000000 0.000000 0.000000 0.000000 0.000000 0.000000 0.000000 0.000000 0.000000 0.000000 0.000000 0.000000 0.000000 0.000000 0.000000
0.000000 0.000000 0.000000 0.000000 0.000000 0.000000 0.000000 0.000000 0.000000 0.000000 0.000000 0.000000 0.000000 0.000000 0.000000 0.000000 0.000000 0.000000 0.000000 0.000000 0.000000