geotop/1.0zi/1.0Montebello/Templates/testdem/maps/_Erotot6548.asc
ncols         21
nrows         20
xllcorner     100.000000
yllcorner     100.000000
cellsize      50.000000
NODATA_value  -9999.0
0.000000 0.000000 0.000000 0.000000 0.000000 0.000000 0.000000 0.000000 0.000000 0.000000 0.000000 0.000000 0.000000 0.000000 0.000000 0.000000 0.000000 0.000000 0.000000 0.000000 0.000000
0.000000 0.000000 499.722837 500.580250 500.295724 500.588117 500.029453 500.084218 500.042403 500.208704 500.609725 499.914090 499.841861 499.933460 500.090671 500.000633 500.734575 500.941527 500.932523 0.000000 0.000000
0.000000 0.000000 37.744732 36.606464 36.682391 36.822545 37.061857 36.877468 36.689734 36.473714 36.719580 37.020711 36.866202 37.078458 36.926223 36.691117 35.409079 34.651483 35.341745 0.000000 0.000000
0.000000 0.000000 222.847793 225.671422 215.542065 213.141160 213.386223 208.195491 207.733617 207.249063 205.643273 203.633262 206.233233 204.107678 208.945822 214.952743 216.848372 218.252259 223.306887 0.000000 0.000000
0.000000 0.000000 2082.110360 2085.707447 2090.921103 2070.630062 2056.105393 2044.072782 2046.576885 2043.615975 2047.830039 2053.121180 2049.810947 2048.501027 2059.158761 2060.204674 2068.458381 2076.296218 2077.587082 0.000000 0.000000
0.000000 0.000000 3753.111659 3747.682014 3744.006426 3737.290813 3725.135018 3717.661206 3716.446611 3716.016079 3713.033392 3707.839636 3706.505699 3708.853450 3708.516897 3725.896556 3734.749602 3740.813623 3742.905461 0.000000 0.000000
0.000000 0.000000 4905.810976 4903.396301 4899.629106 4894.757481 4881.585783 4863.793806 4863.361988 4859.897320 4861.787808 4864.762672 4866.666886 4867.738944 4889.311504 4899.157338 4903.740845 4905.373066 4910.841625 0.000000 0.000000
0.000000 0.000000 5652.921665 5654.379064 5652.357361 5644.844447 5643.574779 5635.729719 5636.317942 5636.736759 5635.154743 5632.086071 5632.192732 5636.177292 5636.738316 5640.013566 5650.119083 5648.694764 5652.551158 0.000000 0.000000
0.000000 0.000000 6695.397687 6692.541943 6687.227313 6687.381741 6679.397807 6667.890770 6668.576683 6665.418790 6662.711202 6663.041181 6664.590783 6659.749875 6673.835080 6682.982935 6686.937054 6688.502727 6690.491381 0.000000 0.000000
0.000000 0.000000 7898.572805 7896.214520 7897.426777 7895.440444 7878.839763 7871.046550 7872.087867 7871.377456 7868.771691 7871.178136 7875.195680 7873.251662 7877.271172 7889.229331 7894.945692 7895.821214 7897.002451 0.000000 0.000000
0.000000 0.000000 9199.424292 9199.814066 9198.500608 9182.620640 9179.097445 9167.082533 9171.134853 9161.161862 9163.369263 9161.728275 9157.133205 9165.154890 9170.061070 9172.238377 9181.291501 9187.804179 9196.166756 0.000000 0.000000
0.000000 0.000000 10572.703371 10568.383488 10561.944292 10558.903555 10552.972488 10536.936032 10535.547794 10534.998037 10541.232718 10532.849673 10535.592962 10535.380071 10552.330091 10556.952461 10560.148392 10561.668237 10582.422957 0.000000 0.000000
0.000000 0.000000 11973.878081 11971.071363 11971.437644 11962.177342 11956.974855 11925.289234 11923.720110 11923.246015 11907.056020 11916.121267 11920.728849 11923.394433 11943.163042 11948.169687 11965.669977 11965.327555 11972.962245 0.000000 0.000000
0.000000 0.000000 13522.659341 13524.228647 13515.509376 13512.855365 13478.645418 13488.123730 13476.800886 13478.293090 13479.270626 13477.945809 13476.461993 13472.772282 13461.400036 13498.498992 13506.056038 13518.624573 13526.670861 0.000000 0.000000
0.000000 0.000000 15214.459649 15209.856965 15204.803225 15172.006258 15172.121218 15153.825476 15139.659246 15137.607007 15131.277726 15122.883314 15128.011949 15126.162874 15143.556694 15146.756413 15199.500254 15189.603311 15190.138660 0.000000 0.000000
0.000000 0.000000 16970.079832 16969.330091 16921.381462 16923.047999 16927.364195 16919.380887 16940.500755 16931.517672 16939.214524 16932.750313 16926.418058 16938.213231 16941.492154 16941.040439 16914.644161 16981.543416 16974.496965 0.000000 0.000000
0.000000 0.000000 18999.181037 18938.271001 18938.305074 18923.078661 18888.500792 18880.045266 18868.137552 18872.517998 18853.089247 18853.433425 18861.947277 18858.942854 18873.522737 18891.351412 18936.052461 18922.805238 18990.905138 0.000000 0.000000
0.000000 0.000000 20293.170134 20321.683849 20384.897841 20376.281325 20361.910552 20309.919776 20312.087810 20294.255250 20311.526295 20307.454454 20313.526656 20310.697552 20355.756828 20367.670470 20395.427744 20332.976200 20305.579839 0.000000 0.000000
0.000000 0.000000 0.000000 0.000000 0.000000 0.000000 0.000000 0.000000 0.000000 0.000000 0.000000 0.000000 0.000000 0.000000 0.000000 0.000000 0.000000 0.000000 0.000000 0.000000 0.000000
0.000000 0.000000 0.000000 0.000000 0.000000 0.000000 0.000000 0.000000 0.000000 0.000000 0.000000 0.000000 0.000000 0.000000 0.000000 0.000000 0.000000 0.000000 0.000000 0.000000 0.000000