geotop/1.0zi/1.0Montebello/Templates/testdem/maps/_Erotot5184.asc
ncols         21
nrows         20
xllcorner     100.000000
yllcorner     100.000000
cellsize      50.000000
NODATA_value  -9999.0
0.000000 0.000000 0.000000 0.000000 0.000000 0.000000 0.000000 0.000000 0.000000 0.000000 0.000000 0.000000 0.000000 0.000000 0.000000 0.000000 0.000000 0.000000 0.000000 0.000000 0.000000
0.000000 0.000000 378.420451 377.498093 377.203382 376.983616 376.938427 377.016540 376.974090 377.144985 377.089044 377.003070 377.030392 377.071239 377.007325 377.073631 377.275619 377.265960 377.824776 0.000000 0.000000
0.000000 0.000000 28.909499 29.792056 30.177957 31.257819 30.815474 30.795952 30.615887 30.406134 30.482899 30.782769 30.509049 30.350081 30.890326 30.521235 29.682584 28.973390 28.340452 0.000000 0.000000
0.000000 0.000000 152.127501 153.600626 146.465179 144.462093 145.630628 140.949758 140.133698 140.202238 138.837066 137.749454 138.853597 137.318961 139.927388 144.698650 144.210782 147.658552 150.355238 0.000000 0.000000
0.000000 0.000000 1545.443667 1549.241207 1555.530048 1536.825863 1525.876060 1516.929530 1519.071115 1513.637521 1517.677858 1521.950532 1522.146153 1521.872791 1531.557711 1530.774953 1537.252540 1543.782765 1545.586669 0.000000 0.000000
0.000000 0.000000 2849.152246 2844.234130 2841.004270 2837.316906 2830.291476 2825.929159 2823.624743 2825.236479 2825.178879 2822.339254 2818.814214 2820.560322 2819.159044 2832.929107 2838.760468 2841.653770 2844.458065 0.000000 0.000000
0.000000 0.000000 3732.982732 3730.513946 3727.372855 3722.877459 3710.472599 3694.447655 3694.913350 3691.520505 3693.422136 3696.256218 3698.021448 3699.071970 3717.197594 3726.005851 3730.745552 3731.999602 3736.883974 0.000000 0.000000
0.000000 0.000000 4320.727869 4322.259749 4321.536883 4315.857400 4315.829021 4309.861811 4310.254462 4310.683829 4309.614324 4307.267522 4307.125057 4310.681975 4309.768189 4311.658573 4319.582128 4317.699878 4320.464011 0.000000 0.000000
0.000000 0.000000 5074.454293 5072.062702 5068.141185 5069.578961 5064.086362 5055.014741 5055.216696 5052.772843 5050.657578 5051.840185 5053.143195 5048.445290 5060.184825 5067.397606 5069.347309 5069.723356 5071.200337 0.000000 0.000000
0.000000 0.000000 5951.147108 5948.887005 5951.146194 5950.968114 5937.729113 5931.962986 5933.386021 5932.422495 5930.809549 5933.778088 5936.874327 5935.547981 5937.662798 5946.822368 5950.460325 5950.309843 5951.031264 0.000000 0.000000
0.000000 0.000000 6893.130341 6893.392360 6893.667513 6880.568822 6878.925659 6869.984955 6873.193316 6864.580684 6867.098963 6866.351218 6862.096768 6869.437631 6872.340876 6873.169394 6879.251840 6884.776650 6891.586976 0.000000 0.000000
0.000000 0.000000 7871.245955 7867.119277 7862.920118 7861.566662 7859.142767 7845.935661 7845.342147 7844.209672 7850.975579 7844.452346 7846.315919 7846.189313 7860.000305 7862.078420 7863.432055 7863.456123 7882.108950 0.000000 0.000000
0.000000 0.000000 8852.735097 8851.081755 8852.253723 8845.808447 8842.869851 8820.987344 8819.973078 8819.582029 8806.465364 8814.885554 8818.991864 8821.142144 8833.123714 8836.378657 8849.148379 8848.384974 8854.848693 0.000000 0.000000
0.000000 0.000000 9920.643797 9922.159504 9916.166439 9915.636112 9893.863332 9901.960783 9892.443839 9893.587750 9894.868230 9894.844298 9893.639923 9890.905384 9881.212863 9905.083191 9910.108495 9919.474084 9926.262144 0.000000 0.000000
0.000000 0.000000 11061.088228 11056.935161 11054.540808 11036.736799 11036.497197 11024.048099 11012.443026 11010.859676 11006.958468 11001.539393 11004.523018 11003.257016 11015.527894 11018.974498 11052.827396 11044.864583 11045.121582 0.000000 0.000000
0.000000 0.000000 12220.355191 12219.792472 12192.872535 12190.739485 12195.505070 12189.835011 12204.355134 12197.079734 12202.068829 12198.126774 12194.659237 12201.802758 12204.462862 12204.370308 12188.866617 12228.366339 12221.861437 0.000000 0.000000
0.000000 0.000000 13519.438881 13488.634300 13485.993997 13479.013464 13459.389664 13455.385849 13449.371415 13451.663854 13441.016369 13441.260948 13445.063284 13446.592991 13455.265441 13462.279071 13486.961086 13484.369934 13520.374416 0.000000 0.000000
0.000000 0.000000 14472.635175 14478.041018 14510.898618 14505.372722 14497.135368 14470.940860 14472.016214 14459.873231 14468.830527 14467.589848 14473.539028 14468.781267 14492.129920 14498.504272 14518.774358 14484.111239 14478.366235 0.000000 0.000000
0.000000 0.000000 0.000000 0.000000 0.000000 0.000000 0.000000 0.000000 0.000000 0.000000 0.000000 0.000000 0.000000 0.000000 0.000000 0.000000 0.000000 0.000000 0.000000 0.000000 0.000000
0.000000 0.000000 0.000000 0.000000 0.000000 0.000000 0.000000 0.000000 0.000000 0.000000 0.000000 0.000000 0.000000 0.000000 0.000000 0.000000 0.000000 0.000000 0.000000 0.000000 0.000000