geotop/1.0zi/1.0Montebello/Templates/testdem/maps/_Erotot014L.asc
ncols         21
nrows         20
xllcorner     100.000000
yllcorner     100.000000
cellsize      50.000000
NODATA_value  -9999.0
0.000000 0.000000 0.000000 0.000000 0.000000 0.000000 0.000000 0.000000 0.000000 0.000000 0.000000 0.000000 0.000000 0.000000 0.000000 0.000000 0.000000 0.000000 0.000000 0.000000 0.000000
0.000000 0.000000 830.406706 830.552716 829.355135 828.945796 827.326564 826.827665 827.009963 827.000904 827.399694 826.839537 826.650944 826.693379 827.708036 828.294444 829.656542 830.837947 831.543170 0.000000 0.000000
0.000000 0.000000 62.065213 60.740775 61.098637 60.828894 61.677829 61.222291 60.791094 60.706697 60.890057 61.071336 61.263182 61.317093 61.170897 60.657922 59.633347 58.751845 59.482142 0.000000 0.000000
0.000000 0.000000 565.627760 570.740051 553.921069 545.016204 544.105980 535.996050 543.204531 545.153448 541.216379 542.513481 546.883640 546.329920 555.122736 565.869000 568.679846 567.160442 572.640977 0.000000 0.000000
0.000000 0.000000 4758.992232 4753.200046 4749.382713 4708.068278 4681.370516 4665.411466 4657.685270 4652.992803 4657.531160 4663.088090 4662.974959 4656.850256 4677.736649 4684.438143 4704.924254 4717.160081 4717.730176 0.000000 0.000000
0.000000 0.000000 7056.898610 7050.473177 7044.529092 7045.721279 7016.136264 7002.464231 7006.515382 7005.705724 6999.403032 6992.729672 6990.292781 6994.543545 6997.469856 7025.390675 7025.659322 7033.217089 7034.763905 0.000000 0.000000
0.000000 0.000000 8671.186127 8665.175874 8660.715169 8646.141462 8639.431403 8600.919182 8600.368461 8597.544158 8595.367476 8599.474713 8599.861764 8600.972839 8637.573388 8641.938675 8651.994135 8655.295889 8660.234122 0.000000 0.000000
0.000000 0.000000 10425.192338 10421.330305 10413.511582 10395.843519 10384.448078 10380.374554 10380.791821 10378.942752 10377.031943 10373.101667 10372.353142 10379.477258 10378.504362 10390.629465 10407.138923 10405.064091 10411.106439 0.000000 0.000000
0.000000 0.000000 12657.794503 12651.473924 12641.228693 12633.439894 12614.768680 12590.521429 12593.807064 12590.021509 12584.873807 12584.405837 12587.706815 12580.890289 12609.447426 12625.913051 12629.383326 12633.634582 12635.882231 0.000000 0.000000
0.000000 0.000000 15278.578801 15268.164800 15262.748455 15250.991564 15233.866747 15212.525194 15211.338839 15209.627410 15202.786776 15207.427018 15210.901890 15209.822827 15219.868836 15242.958710 15252.382114 15256.890380 15255.878943 0.000000 0.000000
0.000000 0.000000 18238.762013 18233.592274 18228.357242 18188.837056 18187.670915 18156.233797 18165.160441 18146.188674 18150.347348 18145.769379 18137.131417 18149.356207 18167.779990 18173.955453 18191.604302 18195.532865 18214.862542 0.000000 0.000000
0.000000 0.000000 21594.676068 21578.213948 21554.742318 21549.845509 21535.151134 21498.317669 21496.240411 21499.573018 21504.734077 21487.526367 21496.708069 21492.315963 21526.769729 21544.854500 21547.756448 21554.676154 21582.265989 0.000000 0.000000
0.000000 0.000000 25188.444606 25177.108325 25178.051350 25150.881017 25128.205333 25038.226896 25032.327041 25029.736602 24984.334942 25014.560513 25015.487308 25024.683766 25093.258280 25103.910302 25145.174635 25144.970773 25147.638890 0.000000 0.000000
0.000000 0.000000 29447.902163 29447.870680 29412.599165 29394.410185 29270.236782 29344.976282 29313.666709 29316.176659 29339.830894 29316.421546 29314.533690 29296.564050 29226.473528 29371.186846 29368.992204 29405.072838 29421.718792 0.000000 0.000000
0.000000 0.000000 33715.771990 33703.499524 33684.535878 33547.225650 33634.403851 33537.961425 33519.240839 33511.502244 33475.493618 33466.113791 33480.220476 33484.159825 33570.684702 33478.974832 33670.030221 33618.198840 33604.106389 0.000000 0.000000
0.000000 0.000000 36927.871891 36921.277448 36794.690928 36878.014717 36854.410575 36866.032289 36932.271299 36914.057141 36947.236179 36941.696244 36916.688519 36947.637491 36924.077355 36952.743623 36775.390314 36980.464327 36971.769754 0.000000 0.000000
0.000000 0.000000 39447.682158 39357.389877 39401.240395 39364.694713 39314.723650 39314.502672 39282.342630 39293.181347 39260.428087 39265.622904 39282.708161 39266.928044 39281.713593 39309.399595 39395.548008 39316.207378 39412.175162 0.000000 0.000000
0.000000 0.000000 40356.748281 40412.220376 40477.545875 40473.338459 40468.287796 40414.588580 40421.601493 40404.877424 40426.933840 40423.168133 40424.607651 40425.131611 40469.486219 40476.469824 40483.033166 40421.646684 40367.612374 0.000000 0.000000
0.000000 0.000000 0.000000 0.000000 0.000000 0.000000 0.000000 0.000000 0.000000 0.000000 0.000000 0.000000 0.000000 0.000000 0.000000 0.000000 0.000000 0.000000 0.000000 0.000000 0.000000
0.000000 0.000000 0.000000 0.000000 0.000000 0.000000 0.000000 0.000000 0.000000 0.000000 0.000000 0.000000 0.000000 0.000000 0.000000 0.000000 0.000000 0.000000 0.000000 0.000000 0.000000