geotop/1.0zi/1.0Montebello/Templates/testdem/maps/_Erotot3051.asc
ncols         21
nrows         20
xllcorner     100.000000
yllcorner     100.000000
cellsize      50.000000
NODATA_value  -9999.0
0.000000 0.000000 0.000000 0.000000 0.000000 0.000000 0.000000 0.000000 0.000000 0.000000 0.000000 0.000000 0.000000 0.000000 0.000000 0.000000 0.000000 0.000000 0.000000 0.000000 0.000000
0.000000 0.000000 333.244515 333.247328 333.250852 333.369656 333.238914 333.243265 333.217630 333.257646 333.273323 333.257646 333.217630 333.243265 333.238914 333.369656 333.250852 333.247328 333.244515 0.000000 0.000000
0.000000 0.000000 12.151039 11.922961 10.167739 11.849725 12.163742 12.093018 12.192176 12.106014 12.458782 12.106014 12.192176 12.093018 12.163742 11.849725 10.167739 11.922961 12.151039 0.000000 0.000000
0.000000 0.000000 2443.200325 2442.859320 2443.140852 2441.329799 2443.245530 2442.768731 2442.717814 2443.620727 2443.761853 2443.620727 2442.717814 2442.768731 2443.245530 2441.329799 2443.140852 2442.859320 2443.200325 0.000000 0.000000
0.000000 0.000000 4610.510841 4610.342538 4609.678578 4610.258696 4610.802217 4610.673347 4610.632098 4610.768962 4610.769013 4610.768962 4610.632098 4610.673347 4610.802217 4610.258696 4609.678578 4610.342538 4610.510841 0.000000 0.000000
0.000000 0.000000 5988.648949 5988.442869 5987.871557 5988.013790 5988.812115 5988.534114 5988.550289 5988.888670 5989.097663 5988.888670 5988.550289 5988.534114 5988.812115 5988.013790 5987.871557 5988.442869 5988.648949 0.000000 0.000000
0.000000 0.000000 7729.830580 7729.658985 7729.139892 7729.266690 7729.950787 7729.711089 7729.732095 7730.029060 7730.238412 7730.029060 7729.732095 7729.711089 7729.950787 7729.266690 7729.139892 7729.658985 7729.830580 0.000000 0.000000
0.000000 0.000000 9343.517056 9343.373589 9342.896227 9343.026288 9343.609631 9343.404152 9343.424559 9343.690067 9343.878298 9343.690067 9343.424559 9343.404152 9343.609631 9343.026288 9342.896227 9343.373589 9343.517056 0.000000 0.000000
0.000000 0.000000 10831.645032 10831.515100 10831.064062 10831.192618 10831.726848 10831.539260 10831.556786 10831.803095 10831.980895 10831.803095 10831.556786 10831.539260 10831.726848 10831.192618 10831.064062 10831.515100 10831.645032 0.000000 0.000000
0.000000 0.000000 12218.443380 12218.342550 12217.906402 12218.072128 12218.516433 12218.349597 12218.370402 12218.592812 12218.754926 12218.592812 12218.370402 12218.349597 12218.516433 12218.072128 12217.906402 12218.342550 12218.443380 0.000000 0.000000
0.000000 0.000000 13511.595288 13511.488492 13511.075289 13511.216328 13511.666731 13511.501777 13511.519130 13511.737220 13511.890333 13511.737220 13511.519130 13511.501777 13511.666731 13511.216328 13511.075289 13511.488492 13511.595288 0.000000 0.000000
0.000000 0.000000 14736.174461 14736.068638 14735.674254 14735.809321 14736.242268 14736.085325 14736.101230 14736.310324 14736.456040 14736.310324 14736.101230 14736.085325 14736.242268 14735.809321 14735.674254 14736.068638 14736.174461 0.000000 0.000000
0.000000 0.000000 15899.682607 15899.582930 15899.197654 15899.333899 15899.744827 15899.592886 15899.608760 15899.810977 15899.948878 15899.810977 15899.608760 15899.592886 15899.744827 15899.333899 15899.197654 15899.582930 15899.682607 0.000000 0.000000
0.000000 0.000000 17013.654937 17013.563630 17013.190497 17013.343484 17013.716056 17013.571200 17013.588264 17013.781208 17013.912504 17013.781208 17013.588264 17013.571200 17013.716056 17013.343484 17013.190497 17013.563630 17013.654937 0.000000 0.000000
0.000000 0.000000 18079.933916 18079.841207 18079.475339 18079.616053 18079.992503 18079.849495 18079.864737 18080.054196 18080.179426 18080.054196 18079.864737 18079.849495 18079.992503 18079.616053 18079.475339 18079.841207 18079.933916 0.000000 0.000000
0.000000 0.000000 19102.496222 19102.406107 19102.052867 19102.186100 19102.548989 19102.411264 19102.426321 19102.609231 19102.730352 19102.609231 19102.426321 19102.411264 19102.548989 19102.186100 19102.052867 19102.406107 19102.496219 0.000000 0.000000
0.000000 0.000000 20086.876410 20086.788747 20086.440999 20086.578056 20086.927905 20086.792975 20086.808020 20086.986129 20087.100326 20086.986129 20086.808020 20086.792975 20086.927905 20086.578056 20086.440999 20086.788727 20086.876356 0.000000 0.000000
0.000000 0.000000 21087.655240 21088.100073 21087.760780 21087.893554 21088.235066 21088.104630 21088.118037 21088.291450 21088.402275 21088.291450 21088.118037 21088.104630 21088.235066 21087.893554 21087.760762 21088.096721 21088.180972 0.000000 0.000000
0.000000 0.000000 0.000000 0.000000 0.000000 0.000000 0.000000 0.000000 0.000000 0.000000 0.000000 0.000000 0.000000 0.000000 0.000000 0.000000 0.000000 0.000000 0.000000 0.000000 0.000000
0.000000 0.000000 0.000000 0.000000 0.000000 0.000000 0.000000 0.000000 0.000000 0.000000 0.000000 0.000000 0.000000 0.000000 0.000000 0.000000 0.000000 0.000000 0.000000 0.000000 0.000000