geotop/1.0zi/1.0Montebello/Templates/testdem/maps/_Erotot7619.asc
ncols         21
nrows         20
xllcorner     100.000000
yllcorner     100.000000
cellsize      50.000000
NODATA_value  -9999.0
0.000000 0.000000 0.000000 0.000000 0.000000 0.000000 0.000000 0.000000 0.000000 0.000000 0.000000 0.000000 0.000000 0.000000 0.000000 0.000000 0.000000 0.000000 0.000000 0.000000 0.000000
0.000000 0.000000 645.091388 646.031145 645.425020 645.582703 644.707964 644.905459 644.852226 644.957025 645.380288 644.712461 644.596050 644.637308 644.985470 645.030806 645.834045 646.420324 646.496304 0.000000 0.000000
0.000000 0.000000 50.270146 49.048314 49.195658 49.572093 49.986024 49.662715 49.397565 49.235396 49.477145 49.812656 49.834270 49.998597 49.748114 49.422329 48.012524 47.075372 47.828084 0.000000 0.000000
0.000000 0.000000 353.332081 354.621221 342.464378 336.708954 337.515375 326.135111 326.205518 327.082187 323.421678 321.587366 323.789776 323.937091 334.244809 341.102107 345.734008 348.686084 353.588327 0.000000 0.000000
0.000000 0.000000 3017.551783 3020.690904 3024.315150 3002.497046 2983.879634 2974.147532 2973.536418 2968.809724 2975.797065 2981.188981 2976.676216 2975.247100 2989.693981 2992.605929 3002.403679 3010.994574 3010.533574 0.000000 0.000000
0.000000 0.000000 4824.003836 4818.273451 4814.729890 4808.838466 4794.372303 4784.697333 4785.496782 4784.486035 4781.112587 4775.453251 4774.496405 4777.681084 4776.872077 4796.316485 4804.261393 4811.131598 4814.166089 0.000000 0.000000
0.000000 0.000000 6099.521346 6096.540506 6092.227764 6085.592639 6072.066814 6050.946863 6049.947857 6046.191157 6047.615144 6051.394085 6052.876531 6053.436921 6080.506397 6090.273908 6095.695874 6098.419265 6103.613295 0.000000 0.000000
0.000000 0.000000 7140.467360 7140.939056 7138.161135 7128.665607 7126.496657 7117.548208 7117.814353 7117.710394 7116.705339 7112.921187 7112.206060 7118.322572 7119.870736 7124.413927 7136.620280 7135.199608 7140.047225 0.000000 0.000000
0.000000 0.000000 8514.988868 8510.799805 8504.796406 8504.722252 8494.114887 8479.335855 8480.539035 8476.188193 8474.038157 8473.944331 8476.278113 8470.598131 8488.802932 8502.327743 8504.008817 8507.617702 8508.946927 0.000000 0.000000
0.000000 0.000000 10088.941317 10085.743033 10086.264320 10082.402315 10062.714022 10053.413447 10053.169794 10052.934431 10049.573256 10053.062319 10056.091251 10055.370170 10061.902399 10075.746697 10083.181786 10085.096810 10086.142277 0.000000 0.000000
0.000000 0.000000 11807.711741 11807.075405 11804.534740 11785.131968 11779.532456 11764.555552 11770.101144 11757.295437 11761.130562 11759.611230 11752.781668 11762.505386 11771.480087 11774.141292 11786.307914 11793.262487 11803.635735 0.000000 0.000000
0.000000 0.000000 13662.207836 13654.808003 13647.324260 13644.068175 13634.563685 13615.220130 13611.946274 13612.491260 13619.595547 13609.073739 13612.884292 13612.863164 13634.554058 13642.554856 13645.362276 13649.298427 13671.928660 0.000000 0.000000
0.000000 0.000000 15580.971720 15576.615926 15577.107098 15564.211328 15557.548066 15512.025616 15510.382182 15509.604993 15489.101246 15500.975856 15505.121244 15509.631695 15541.356553 15548.096743 15570.371125 15570.118502 15577.788946 0.000000 0.000000
0.000000 0.000000 17765.994482 17768.552628 17756.006568 17751.732323 17698.173153 17716.105728 17701.268922 17702.562456 17708.081942 17704.089120 17701.917292 17697.463046 17678.209070 17736.319921 17742.902509 17762.022725 17771.256676 0.000000 0.000000
0.000000 0.000000 20204.769720 20197.132040 20188.910415 20131.450018 20142.188937 20113.389287 20094.847341 20092.182690 20081.246634 20071.522388 20076.886856 20075.579295 20108.514338 20100.630422 20185.046402 20168.549286 20166.444026 0.000000 0.000000
0.000000 0.000000 22751.411005 22748.771983 22665.538333 22687.663840 22689.597413 22679.573998 22717.475203 22703.699180 22720.604085 22712.797848 22699.840748 22721.531695 22724.031150 22724.680281 22657.924563 22779.361530 22771.197762 0.000000 0.000000
0.000000 0.000000 25793.970641 25673.499525 25699.404715 25661.754323 25597.895117 25584.719171 25552.914201 25562.648219 25525.022633 25528.675923 25547.228156 25532.501524 25561.677216 25600.775058 25697.447903 25635.887176 25764.526644 0.000000 0.000000
0.000000 0.000000 27138.057089 27245.879271 27361.976654 27360.090907 27358.233287 27259.243570 27272.207108 27240.056582 27285.914769 27277.432154 27276.389587 27284.200801 27367.472536 27369.889346 27383.576856 27284.006279 27177.895948 0.000000 0.000000
0.000000 0.000000 0.000000 0.000000 0.000000 0.000000 0.000000 0.000000 0.000000 0.000000 0.000000 0.000000 0.000000 0.000000 0.000000 0.000000 0.000000 0.000000 0.000000 0.000000 0.000000
0.000000 0.000000 0.000000 0.000000 0.000000 0.000000 0.000000 0.000000 0.000000 0.000000 0.000000 0.000000 0.000000 0.000000 0.000000 0.000000 0.000000 0.000000 0.000000 0.000000 0.000000