geotop/1.0zi/1.0Montebello/Templates/testdem/maps/_Erotot2562.asc
ncols         21
nrows         20
xllcorner     100.000000
yllcorner     100.000000
cellsize      50.000000
NODATA_value  -9999.0
0.000000 0.000000 0.000000 0.000000 0.000000 0.000000 0.000000 0.000000 0.000000 0.000000 0.000000 0.000000 0.000000 0.000000 0.000000 0.000000 0.000000 0.000000 0.000000 0.000000 0.000000
0.000000 0.000000 246.605539 246.608190 246.612405 246.731883 246.599585 246.603818 246.579172 246.619828 246.630378 246.619828 246.579172 246.603818 246.599585 246.731883 246.612405 246.608190 246.605539 0.000000 0.000000
0.000000 0.000000 13.946299 13.724692 11.973372 13.694405 13.987855 13.974147 14.006651 13.972526 13.961506 13.972526 14.006651 13.974147 13.987855 13.694405 11.973372 13.724692 13.946299 0.000000 0.000000
0.000000 0.000000 1767.839682 1767.518430 1767.852029 1765.983931 1767.989581 1767.432204 1767.426246 1768.253799 1768.405628 1768.253799 1767.426246 1767.432204 1767.989581 1765.983931 1767.852029 1767.518430 1767.839682 0.000000 0.000000
0.000000 0.000000 3637.806099 3637.635302 3636.975704 3637.568920 3638.113592 3637.971024 3637.937365 3638.087859 3638.051815 3638.087859 3637.937365 3637.971024 3638.113592 3637.568920 3636.975704 3637.635302 3637.806099 0.000000 0.000000
0.000000 0.000000 4712.274433 4712.068817 4711.507044 4711.659584 4712.471162 4712.177318 4712.196611 4712.541105 4712.631218 4712.541105 4712.196611 4712.177318 4712.471162 4711.659584 4711.507044 4712.068817 4712.274433 0.000000 0.000000
0.000000 0.000000 6147.199009 6147.028035 6146.514095 6146.656083 6147.349448 6147.095297 6147.120025 6147.426076 6147.525261 6147.426076 6147.120025 6147.095297 6147.349448 6146.656083 6146.514095 6147.028035 6147.199009 0.000000 0.000000
0.000000 0.000000 7500.321662 7500.178189 7499.699930 7499.844332 7500.440475 7500.222014 7500.244199 7500.518199 7500.613121 7500.518199 7500.244199 7500.222014 7500.440475 7499.844332 7499.699930 7500.178189 7500.321662 0.000000 0.000000
0.000000 0.000000 8759.853182 8759.722052 8759.268047 8759.411965 8759.959792 8759.758481 8759.779266 8760.036597 8760.127226 8760.036597 8759.779266 8759.758481 8759.959792 8759.411965 8759.268047 8759.722052 8759.853182 0.000000 0.000000
0.000000 0.000000 9947.530681 9947.428175 9946.985266 9947.167484 9947.624475 9947.444603 9947.469968 9947.704012 9947.790013 9947.704012 9947.469968 9947.444603 9947.624475 9947.167484 9946.985266 9947.428175 9947.530681 0.000000 0.000000
0.000000 0.000000 11067.950954 11067.841813 11067.419031 11067.576794 11068.043855 11067.864840 11067.886073 11068.116622 11068.197610 11068.116622 11067.886073 11067.864840 11068.043855 11067.576794 11067.419031 11067.841813 11067.950954 0.000000 0.000000
0.000000 0.000000 12136.845476 12136.736136 12136.329579 12136.481290 12136.933398 12136.761942 12136.781925 12137.004650 12137.083954 12137.004650 12136.781925 12136.761942 12136.933398 12136.481290 12136.329579 12136.736136 12136.845476 0.000000 0.000000
0.000000 0.000000 13163.416535 13163.312247 13162.912439 13163.065538 13163.497731 13163.330875 13163.350946 13163.567620 13163.643614 13163.567620 13163.350946 13163.330875 13163.497731 13163.065538 13162.912439 13163.312247 13163.416535 0.000000 0.000000
0.000000 0.000000 14153.033592 14152.937154 14152.546820 14152.718108 14153.112559 14152.952503 14152.974133 14153.182368 14153.256208 14153.182368 14152.974133 14152.952503 14153.112559 14152.718108 14152.546820 14152.937154 14153.033592 0.000000 0.000000
0.000000 0.000000 15110.106771 15110.008508 15109.622244 15109.782273 15110.181648 15110.023083 15110.043293 15110.249572 15110.321270 15110.249572 15110.043293 15110.023083 15110.181648 15109.782273 15109.622244 15110.008508 15110.106771 0.000000 0.000000
0.000000 0.000000 16035.470867 16035.374842 16034.999836 16035.153009 16035.539884 16035.386139 16035.406172 16035.606923 16035.676860 16035.606923 16035.406172 16035.386139 16035.539884 16035.153009 16034.999836 16035.374842 16035.470863 0.000000 0.000000
0.000000 0.000000 16932.343341 16932.248961 16931.876419 16932.032630 16932.410282 16932.258627 16932.278115 16932.474050 16932.541821 16932.474050 16932.278115 16932.258627 16932.410282 16932.032630 16931.876418 16932.248939 16932.342934 0.000000 0.000000
0.000000 0.000000 17840.323778 17840.638277 17840.272545 17840.424488 17840.797223 17840.648900 17840.666436 17840.858831 17840.923911 17840.858831 17840.666436 17840.648900 17840.797223 17840.424488 17840.272526 17840.634761 17840.725797 0.000000 0.000000
0.000000 0.000000 0.000000 0.000000 0.000000 0.000000 0.000000 0.000000 0.000000 0.000000 0.000000 0.000000 0.000000 0.000000 0.000000 0.000000 0.000000 0.000000 0.000000 0.000000 0.000000
0.000000 0.000000 0.000000 0.000000 0.000000 0.000000 0.000000 0.000000 0.000000 0.000000 0.000000 0.000000 0.000000 0.000000 0.000000 0.000000 0.000000 0.000000 0.000000 0.000000 0.000000