geotop/1.0zi/1.0Montebello/Templates/testdem/maps/_Erotot4466.asc
ncols         21
nrows         20
xllcorner     100.000000
yllcorner     100.000000
cellsize      50.000000
NODATA_value  -9999.0
0.000000 0.000000 0.000000 0.000000 0.000000 0.000000 0.000000 0.000000 0.000000 0.000000 0.000000 0.000000 0.000000 0.000000 0.000000 0.000000 0.000000 0.000000 0.000000 0.000000 0.000000
0.000000 0.000000 345.047929 344.586722 344.371862 344.203734 344.210023 344.247285 344.284802 344.283327 344.269873 344.272975 344.274865 344.319112 344.207243 344.246742 344.441140 344.374121 344.488705 0.000000 0.000000
0.000000 0.000000 27.158183 27.785311 28.174830 29.244048 28.853315 28.933506 28.531630 28.467199 28.502248 28.811984 28.527786 28.284136 28.768019 28.513653 27.613927 27.018209 26.818538 0.000000 0.000000
0.000000 0.000000 137.619423 138.839183 131.751568 129.419285 130.502223 125.534111 124.800025 124.444654 123.575324 123.029328 124.064671 122.675921 125.407055 130.356412 130.921019 133.183540 135.819037 0.000000 0.000000
0.000000 0.000000 1340.695713 1346.843478 1353.301912 1336.580225 1325.530530 1317.551567 1319.990272 1314.107299 1318.417224 1322.707703 1323.010776 1323.446136 1332.612787 1330.985240 1336.605942 1342.267509 1343.969201 0.000000 0.000000
0.000000 0.000000 2605.517028 2599.329078 2595.520190 2593.404621 2588.478539 2585.524883 2583.001475 2584.887229 2584.390147 2581.639564 2577.543635 2578.631001 2577.969114 2590.735930 2594.656605 2594.552556 2597.319870 0.000000 0.000000
0.000000 0.000000 3279.644683 3275.709969 3271.996388 3269.085864 3261.248756 3247.029530 3248.886388 3245.616425 3248.278451 3247.320295 3249.439866 3250.550346 3264.392439 3270.921935 3277.481734 3281.344016 3284.088978 0.000000 0.000000
0.000000 0.000000 3743.450876 3743.675180 3744.692127 3740.239021 3738.558083 3733.871177 3734.548010 3734.771639 3732.496087 3733.505637 3732.270289 3731.307671 3734.167965 3738.271082 3740.087099 3739.386112 3740.769327 0.000000 0.000000
0.000000 0.000000 4393.464962 4393.488256 4391.344933 4389.539354 4385.584182 4377.009045 4377.400175 4375.501268 4376.083223 4376.702294 4375.677242 4376.306737 4381.582307 4389.076227 4389.115845 4390.598907 4394.120887 0.000000 0.000000
0.000000 0.000000 5136.319339 5135.088415 5135.640918 5132.405892 5124.378837 5119.606086 5121.299183 5120.326211 5120.395437 5120.428705 5119.354214 5117.600492 5124.723467 5130.890146 5133.363528 5134.372704 5135.634913 0.000000 0.000000
0.000000 0.000000 5920.058472 5918.837305 5917.667703 5915.861904 5914.038527 5903.904791 5904.331419 5901.760212 5901.911229 5902.902487 5901.666639 5901.270959 5905.893953 5908.418451 5912.909025 5915.098464 5918.031698 0.000000 0.000000
0.000000 0.000000 6736.863480 6736.130924 6734.747637 6728.406875 6724.005833 6716.204648 6715.363390 6714.877603 6714.989429 6714.160503 6713.663813 6713.476660 6722.476735 6728.279644 6731.642092 6732.847811 6749.632183 0.000000 0.000000
0.000000 0.000000 7556.085426 7554.566975 7552.958709 7550.643895 7543.975475 7525.527690 7525.955524 7524.134003 7524.041844 7524.613574 7522.924367 7523.218891 7538.631599 7546.437832 7549.598082 7551.155044 7553.401804 0.000000 0.000000
0.000000 0.000000 8429.571194 8427.054686 8425.497401 8422.117100 8403.833747 8412.164241 8406.644269 8405.706838 8406.082265 8406.230081 8404.916169 8404.490447 8398.298127 8416.186386 8420.012593 8425.280897 8425.047447 0.000000 0.000000
0.000000 0.000000 9360.981116 9356.599814 9352.702408 9341.070812 9339.036786 9323.193593 9315.646998 9313.883220 9309.651607 9309.004726 9309.971536 9307.542486 9318.199884 9325.949815 9346.886861 9342.644753 9343.882953 0.000000 0.000000
0.000000 0.000000 10288.762582 10288.870668 10269.353047 10272.961657 10273.034047 10272.269984 10275.006567 10274.910969 10277.662545 10277.589040 10274.236452 10278.994795 10276.472239 10275.179600 10264.142531 10287.533039 10291.935372 0.000000 0.000000
0.000000 0.000000 11340.373486 11317.508618 11310.031641 11302.863273 11289.042994 11283.035740 11281.540936 11280.713844 11277.006666 11277.250730 11277.242941 11274.399856 11278.771550 11294.957224 11308.189575 11308.916179 11332.519865 0.000000 0.000000
0.000000 0.000000 12122.365323 12126.122112 12148.006659 12139.043402 12133.269442 12110.482142 12109.136736 12106.283475 12107.924234 12107.562821 12105.812829 12106.883136 12128.333445 12136.905786 12148.546978 12123.302814 12125.306887 0.000000 0.000000
0.000000 0.000000 0.000000 0.000000 0.000000 0.000000 0.000000 0.000000 0.000000 0.000000 0.000000 0.000000 0.000000 0.000000 0.000000 0.000000 0.000000 0.000000 0.000000 0.000000 0.000000
0.000000 0.000000 0.000000 0.000000 0.000000 0.000000 0.000000 0.000000 0.000000 0.000000 0.000000 0.000000 0.000000 0.000000 0.000000 0.000000 0.000000 0.000000 0.000000 0.000000 0.000000