geotop/1.0zi/1.0Montebello/Templates/testdem/maps/_Erotot9013.asc
ncols         21
nrows         20
xllcorner     100.000000
yllcorner     100.000000
cellsize      50.000000
NODATA_value  -9999.0
0.000000 0.000000 0.000000 0.000000 0.000000 0.000000 0.000000 0.000000 0.000000 0.000000 0.000000 0.000000 0.000000 0.000000 0.000000 0.000000 0.000000 0.000000 0.000000 0.000000 0.000000
0.000000 0.000000 719.026669 719.664411 719.095213 719.181169 718.162851 718.287097 718.369747 718.443932 718.825227 718.191172 718.080767 718.118947 718.525405 718.653688 719.477309 720.066501 720.226316 0.000000 0.000000
0.000000 0.000000 55.997193 55.013977 55.311572 55.244412 56.068563 55.742646 55.371519 55.238350 55.442509 55.771458 55.829271 55.946752 55.719859 55.115526 53.843957 52.997355 53.607062 0.000000 0.000000
0.000000 0.000000 429.745060 431.480935 418.429876 412.197716 411.627392 405.762335 410.756833 412.433154 408.483595 406.885173 410.301856 409.808373 418.298888 426.772283 430.582628 424.983926 432.256747 0.000000 0.000000
0.000000 0.000000 3937.087905 3930.750923 3928.526655 3894.242686 3869.938268 3858.097410 3850.562333 3843.288994 3851.952750 3858.762470 3857.152250 3852.123730 3871.813933 3876.306191 3892.005636 3903.111084 3903.286445 0.000000 0.000000
0.000000 0.000000 6008.121238 6002.802417 5997.802206 6000.052804 5978.093432 5964.935504 5969.693672 5969.459010 5965.153950 5959.049454 5957.309001 5961.484989 5961.621165 5986.601947 5987.903465 5994.024202 5996.332881 0.000000 0.000000
0.000000 0.000000 7430.261109 7424.673434 7421.391769 7410.513250 7401.766307 7368.992534 7369.344189 7366.746680 7366.487283 7370.823505 7371.365681 7372.327147 7405.149809 7410.955573 7419.291656 7421.700054 7426.707790 0.000000 0.000000
0.000000 0.000000 8825.622892 8823.105910 8819.009709 8806.855616 8800.998125 8797.391516 8798.097391 8796.116721 8796.376936 8792.209932 8790.997061 8798.382161 8796.662527 8805.260167 8819.445232 8815.458780 8821.586296 0.000000 0.000000
0.000000 0.000000 10626.895481 10621.836077 10614.627411 10611.983633 10596.829258 10578.019879 10580.773902 10576.621776 10573.588631 10573.156688 10575.920714 10569.692994 10593.728600 10607.683106 10609.113637 10611.110974 10614.638303 0.000000 0.000000
0.000000 0.000000 12715.281425 12707.774869 12706.646671 12700.062445 12676.629802 12665.723088 12665.069361 12663.733503 12659.855225 12664.248392 12667.224556 12666.856382 12674.130602 12692.846445 12700.406893 12702.651622 12701.849181 0.000000 0.000000
0.000000 0.000000 15027.814308 15025.332421 15022.194691 14994.114603 14987.864631 14967.313439 14975.456879 14958.250568 14964.255860 14960.489111 14952.865032 14963.693551 14978.065064 14981.535420 14996.571742 15000.031063 15014.963512 0.000000 0.000000
0.000000 0.000000 17585.319091 17575.474642 17560.742005 17557.831506 17541.577533 17518.695786 17516.784534 17519.766477 17525.921804 17513.088920 17520.121116 17518.040888 17544.311832 17556.816672 17557.184430 17560.885316 17586.065599 0.000000 0.000000
0.000000 0.000000 20292.092160 20281.858214 20285.173260 20261.695823 20252.416937 20185.856448 20183.250157 20182.107565 20152.899752 20171.791794 20174.103942 20181.249022 20230.471087 20239.155215 20269.087887 20266.093261 20273.000502 0.000000 0.000000
0.000000 0.000000 23488.284743 23489.493110 23467.974872 23460.576036 23372.428669 23412.018164 23391.887809 23393.284899 23406.750819 23395.014869 23393.769034 23382.770765 23345.201904 23443.912593 23446.243203 23470.486310 23483.605238 0.000000 0.000000
0.000000 0.000000 27063.015058 27047.821849 27031.866805 26929.619858 26970.872716 26914.890596 26892.560097 26887.903402 26865.971241 26854.252686 26864.514691 26865.193487 26922.826515 26883.061132 27027.847341 26989.313592 26982.660815 0.000000 0.000000
0.000000 0.000000 30598.020356 30591.221928 30451.814529 30519.911972 30507.043940 30508.474894 30578.207608 30556.746551 30591.055333 30582.747389 30557.389507 30592.537579 30580.809608 30595.221300 30435.249628 30649.065887 30639.508815 0.000000 0.000000
0.000000 0.000000 34397.933382 34224.567579 34303.211971 34228.687084 34140.254294 34119.235606 34055.675059 34074.172225 34012.323059 34020.805683 34055.547319 34020.801469 34067.492178 34122.988567 34298.009599 34144.103666 34326.012284 0.000000 0.000000
0.000000 0.000000 35265.398065 35429.077425 35553.753306 35558.798260 35573.083425 35460.311265 35487.344885 35447.714665 35513.346999 35501.672595 35493.337345 35509.704763 35598.308076 35590.621079 35574.832928 35478.480698 35315.463400 0.000000 0.000000
0.000000 0.000000 0.000000 0.000000 0.000000 0.000000 0.000000 0.000000 0.000000 0.000000 0.000000 0.000000 0.000000 0.000000 0.000000 0.000000 0.000000 0.000000 0.000000 0.000000 0.000000
0.000000 0.000000 0.000000 0.000000 0.000000 0.000000 0.000000 0.000000 0.000000 0.000000 0.000000 0.000000 0.000000 0.000000 0.000000 0.000000 0.000000 0.000000 0.000000 0.000000 0.000000