geotop/1.0zi/1.0Montebello/Templates/testdem/maps/_Erotot2403.asc
ncols         21
nrows         20
xllcorner     100.000000
yllcorner     100.000000
cellsize      50.000000
NODATA_value  -9999.0
0.000000 0.000000 0.000000 0.000000 0.000000 0.000000 0.000000 0.000000 0.000000 0.000000 0.000000 0.000000 0.000000 0.000000 0.000000 0.000000 0.000000 0.000000 0.000000 0.000000 0.000000
0.000000 0.000000 223.892605 223.894605 223.901234 224.016000 223.885052 223.889991 223.868005 223.904027 223.893888 223.904027 223.868005 223.889991 223.885052 224.016000 223.901234 223.894605 223.892605 0.000000 0.000000
0.000000 0.000000 13.646464 13.425424 11.671990 13.396969 13.689225 13.674964 13.705074 13.674493 13.681473 13.674493 13.705074 13.674964 13.689225 13.396969 11.671990 13.425424 13.646464 0.000000 0.000000
0.000000 0.000000 1634.093385 1633.772409 1634.108526 1632.238208 1634.244868 1633.685363 1633.683121 1634.504517 1634.642839 1634.504517 1633.683121 1633.685363 1634.244868 1632.238208 1634.108526 1633.772409 1634.093385 0.000000 0.000000
0.000000 0.000000 3383.519902 3383.347901 3382.684890 3383.275356 3383.822645 3383.683179 3383.645431 3383.795820 3383.757840 3383.795820 3383.645431 3383.683179 3383.822645 3383.275356 3382.684890 3383.347901 3383.519902 0.000000 0.000000
0.000000 0.000000 4385.949806 4385.743133 4385.179588 4385.331001 4386.146534 4385.851676 4385.871288 4386.214373 4386.298830 4386.214373 4385.871288 4385.851676 4386.146534 4385.331001 4385.179588 4385.743133 4385.949806 0.000000 0.000000
0.000000 0.000000 5732.915763 5732.743772 5732.227147 5732.368845 5733.066051 5732.810883 5732.836085 5733.140999 5733.234856 5733.140999 5732.836085 5732.810883 5733.066051 5732.368845 5732.227147 5732.743772 5732.915763 0.000000 0.000000
0.000000 0.000000 7006.917868 7006.773367 7006.291693 7006.436332 7007.036641 7006.817001 7006.839611 7007.113090 7007.203450 7007.113090 7006.839611 7006.817001 7007.036641 7006.436332 7006.291693 7006.773367 7006.917868 0.000000 0.000000
0.000000 0.000000 8198.502841 8198.370424 8197.912309 8198.056800 8198.609613 8198.406814 8198.428040 8198.685482 8198.772051 8198.685482 8198.428040 8198.406814 8198.609613 8198.056800 8197.912309 8198.370424 8198.502841 0.000000 0.000000
0.000000 0.000000 9322.888700 9322.784933 9322.337168 9322.520603 9322.982728 9322.801179 9322.827060 9323.061550 9323.143796 9323.061550 9322.827060 9322.801179 9322.982728 9322.520603 9322.337168 9322.784933 9322.888700 0.000000 0.000000
0.000000 0.000000 10386.879703 10386.769108 10386.340814 10386.500146 10386.973065 10386.792028 10386.813794 10387.045299 10387.122941 10387.045299 10386.813794 10386.792028 10386.973065 10386.500146 10386.340814 10386.769108 10386.879703 0.000000 0.000000
0.000000 0.000000 11404.247849 11404.136808 11403.724139 11403.877625 11404.336381 11404.162624 11404.183153 11404.407284 11404.483532 11404.407284 11404.183153 11404.162624 11404.336381 11403.877625 11403.724139 11404.136808 11404.247849 0.000000 0.000000
0.000000 0.000000 12383.696642 12383.590362 12383.183863 12383.339028 12383.778508 12383.609090 12383.629723 12383.848240 12383.921573 12383.848240 12383.629723 12383.609090 12383.778508 12383.339028 12383.183863 12383.590362 12383.696642 0.000000 0.000000
0.000000 0.000000 13330.712603 13330.614072 13330.216370 13330.390313 13330.792259 13330.629423 13330.651672 13330.862109 13330.933561 13330.862109 13330.651672 13330.629423 13330.792259 13330.390313 13330.216370 13330.614072 13330.712603 0.000000 0.000000
0.000000 0.000000 14248.614843 14248.514437 14248.119974 14248.282963 14248.690405 14248.528792 14248.549677 14248.758610 14248.828107 14248.758610 14248.549677 14248.528792 14248.690405 14248.282963 14248.119974 14248.514437 14248.614843 0.000000 0.000000
0.000000 0.000000 15137.412569 15137.314297 15136.930765 15137.087051 15137.482458 15137.325485 15137.346198 15137.549857 15137.617833 15137.549857 15137.346198 15137.325485 15137.482458 15137.087051 15136.930765 15137.314297 15137.412564 0.000000 0.000000
0.000000 0.000000 16000.350800 16000.253998 15999.872164 16000.031692 16000.418646 16000.263393 16000.283554 16000.482777 16000.548686 16000.482777 16000.283554 16000.263393 16000.418646 16000.031692 15999.872163 16000.253976 16000.350347 0.000000 0.000000
0.000000 0.000000 16874.012576 16874.298180 16873.922719 16874.078065 16874.461006 16874.308746 16874.326965 16874.523083 16874.586426 16874.523083 16874.326965 16874.308746 16874.461006 16874.078065 16873.922700 16874.294662 16874.388262 0.000000 0.000000
0.000000 0.000000 0.000000 0.000000 0.000000 0.000000 0.000000 0.000000 0.000000 0.000000 0.000000 0.000000 0.000000 0.000000 0.000000 0.000000 0.000000 0.000000 0.000000 0.000000 0.000000
0.000000 0.000000 0.000000 0.000000 0.000000 0.000000 0.000000 0.000000 0.000000 0.000000 0.000000 0.000000 0.000000 0.000000 0.000000 0.000000 0.000000 0.000000 0.000000 0.000000 0.000000