geotop/1.0zi/1.0Montebello/Templates/testdem/maps/_Erotot1482.asc
ncols         21
nrows         20
xllcorner     100.000000
yllcorner     100.000000
cellsize      50.000000
NODATA_value  -9999.0
0.000000 0.000000 0.000000 0.000000 0.000000 0.000000 0.000000 0.000000 0.000000 0.000000 0.000000 0.000000 0.000000 0.000000 0.000000 0.000000 0.000000 0.000000 0.000000 0.000000 0.000000
0.000000 0.000000 168.468874 168.470307 168.505261 168.480905 168.461581 168.470347 168.471962 168.466606 168.467305 168.466606 168.471962 168.470347 168.461581 168.480905 168.505261 168.470307 168.468874 0.000000 0.000000
0.000000 0.000000 10.400008 10.180323 8.403990 10.261332 10.443417 10.426633 10.436005 10.443912 10.441780 10.443912 10.436005 10.426633 10.443417 10.261332 8.403990 10.180323 10.400008 0.000000 0.000000
0.000000 0.000000 1166.505228 1166.281922 1166.252052 1164.266197 1166.595791 1166.176433 1166.122371 1166.721535 1166.676064 1166.721535 1166.122371 1166.176433 1166.595791 1164.266196 1166.252052 1166.281922 1166.505228 0.000000 0.000000
0.000000 0.000000 2163.747772 2163.527401 2162.772204 2163.464281 2163.915086 2163.720305 2163.673580 2163.829666 2163.782478 2163.829666 2163.673580 2163.720305 2163.915086 2163.464281 2162.772204 2163.527401 2163.747772 0.000000 0.000000
0.000000 0.000000 2831.525279 2831.347250 2830.580852 2830.776463 2831.682765 2831.434843 2831.405941 2831.647750 2831.623846 2831.647750 2831.405941 2831.434843 2831.682765 2830.776463 2830.580852 2831.347250 2831.525279 0.000000 0.000000
0.000000 0.000000 3691.553606 3691.408999 3690.717794 3690.910210 3691.688894 3691.477917 3691.460017 3691.660627 3691.641015 3691.660627 3691.460017 3691.477917 3691.688894 3690.910210 3690.717794 3691.408999 3691.553606 0.000000 0.000000
0.000000 0.000000 4510.313034 4510.192310 4509.554248 4509.744849 4510.426931 4510.246797 4510.230928 4510.406371 4510.388050 4510.406371 4510.230928 4510.246797 4510.426931 4509.744849 4509.554248 4510.192310 4510.313034 0.000000 0.000000
0.000000 0.000000 5285.928410 5285.815912 5285.210331 5285.395367 5286.035161 5285.867771 5285.853638 5286.019791 5286.003139 5286.019791 5285.853638 5285.867771 5286.035161 5285.395367 5285.210331 5285.815912 5285.928410 0.000000 0.000000
0.000000 0.000000 6027.205287 6027.119810 6026.528097 6026.749580 6027.301110 6027.152447 6027.145351 6027.293192 6027.276561 6027.293192 6027.145351 6027.152447 6027.301110 6026.749580 6026.528097 6027.119810 6027.205287 0.000000 0.000000
0.000000 0.000000 6737.621863 6737.526901 6736.954862 6737.149328 6737.717807 6737.567166 6737.557135 6737.706521 6737.688988 6737.706521 6737.557135 6737.567166 6737.717807 6737.149328 6736.954862 6737.526901 6737.621863 0.000000 0.000000
0.000000 0.000000 7424.180618 7424.083115 7423.526554 7423.711074 7424.270959 7424.124556 7424.115349 7424.262469 7424.246156 7424.262469 7424.115349 7424.124556 7424.270959 7423.711074 7423.526554 7424.083115 7424.180618 0.000000 0.000000
0.000000 0.000000 8094.482293 8094.387370 8093.839175 8094.024406 8094.569906 8094.425922 8094.417500 8094.561871 8094.545071 8094.561871 8094.417500 8094.425922 8094.569906 8094.024406 8093.839175 8094.387370 8094.482293 0.000000 0.000000
0.000000 0.000000 8747.850586 8747.762316 8747.220585 8747.425223 8747.935599 8747.796250 8747.790424 8747.929724 8747.912401 8747.929724 8747.790424 8747.796250 8747.935599 8747.425223 8747.220585 8747.762316 8747.850586 0.000000 0.000000
0.000000 0.000000 9387.922593 9387.831861 9387.293002 9387.486543 9388.007117 9387.867022 9387.860335 9388.001205 9387.983305 9388.001205 9387.860335 9387.867022 9388.007117 9387.486543 9387.293002 9387.831861 9387.922593 0.000000 0.000000
0.000000 0.000000 10015.727435 10015.637746 10015.112782 10015.298670 10015.810596 10015.673795 10015.667301 10015.804837 10015.787163 10015.804837 10015.667301 10015.673795 10015.810596 10015.298670 10015.112782 10015.637746 10015.727432 0.000000 0.000000
0.000000 0.000000 10630.338864 10630.250112 10629.726359 10629.915393 10630.424504 10630.286056 10630.279543 10630.416179 10630.397487 10630.416179 10630.279543 10630.286056 10630.424504 10629.915393 10629.726358 10630.250093 10630.338551 0.000000 0.000000
0.000000 0.000000 11264.036189 11264.246406 11263.725609 11263.905845 11264.417164 11264.277485 11264.271116 11264.409953 11264.391045 11264.409953 11264.271116 11264.277485 11264.417164 11263.905845 11263.725592 11264.243290 11264.332250 0.000000 0.000000
0.000000 0.000000 0.000000 0.000000 0.000000 0.000000 0.000000 0.000000 0.000000 0.000000 0.000000 0.000000 0.000000 0.000000 0.000000 0.000000 0.000000 0.000000 0.000000 0.000000 0.000000
0.000000 0.000000 0.000000 0.000000 0.000000 0.000000 0.000000 0.000000 0.000000 0.000000 0.000000 0.000000 0.000000 0.000000 0.000000 0.000000 0.000000 0.000000 0.000000 0.000000 0.000000