geotop/1.0zi/1.0Montebello/Templates/testdem/maps/_Erotot3868.asc
ncols         21
nrows         20
xllcorner     100.000000
yllcorner     100.000000
cellsize      50.000000
NODATA_value  -9999.0
0.000000 0.000000 0.000000 0.000000 0.000000 0.000000 0.000000 0.000000 0.000000 0.000000 0.000000 0.000000 0.000000 0.000000 0.000000 0.000000 0.000000 0.000000 0.000000 0.000000 0.000000
0.000000 0.000000 289.333200 288.896470 288.710271 288.564952 288.596309 288.656713 288.691062 288.689807 288.675280 288.681141 288.680712 288.723361 288.590616 288.606807 288.780018 288.684786 288.775380 0.000000 0.000000
0.000000 0.000000 23.186731 23.739441 24.017553 24.757454 24.402860 24.409280 23.993727 23.919509 23.983308 24.342004 24.091294 23.916253 24.348904 24.116314 23.275278 22.723407 22.596931 0.000000 0.000000
0.000000 0.000000 137.045425 138.108557 131.342511 128.839931 129.880906 124.791325 123.961549 123.581455 122.773938 122.349431 123.487096 122.024955 124.498771 129.554943 130.393785 132.564757 135.451752 0.000000 0.000000
0.000000 0.000000 1255.499252 1261.627026 1267.672795 1259.453658 1250.084190 1244.123352 1247.424498 1241.383398 1246.797507 1248.886148 1249.145033 1250.017140 1258.505249 1255.945460 1255.399329 1256.601827 1255.618142 0.000000 0.000000
0.000000 0.000000 2342.078986 2337.082815 2331.564797 2329.189113 2320.528818 2315.541672 2313.037237 2314.932047 2313.446920 2312.346325 2312.474257 2314.765719 2315.503778 2327.557402 2332.906858 2332.257781 2335.344274 0.000000 0.000000
0.000000 0.000000 2839.272975 2834.647239 2829.744937 2820.949209 2810.889457 2797.171703 2798.319249 2795.226251 2798.226580 2797.552237 2799.368388 2804.427251 2819.833004 2825.889777 2832.368667 2835.882391 2838.984008 0.000000 0.000000
0.000000 0.000000 3262.046709 3262.890916 3262.548525 3257.177884 3255.217530 3251.376848 3251.907889 3252.374707 3250.041049 3250.241561 3249.897171 3249.821060 3253.877419 3257.977505 3258.845073 3257.863333 3258.617787 0.000000 0.000000
0.000000 0.000000 3823.703693 3823.570745 3819.763034 3817.655742 3811.975056 3802.441993 3802.501922 3800.561689 3801.397828 3802.000973 3801.948948 3804.262608 3810.841282 3818.308672 3817.663002 3818.388449 3821.713509 0.000000 0.000000
0.000000 0.000000 4455.440206 4454.380488 4453.272773 4448.630470 4438.906246 4433.845434 4435.113299 4434.251831 4434.342438 4434.350524 4434.810352 4435.041263 4443.406944 4449.479654 4451.096138 4451.373940 4452.384446 0.000000 0.000000
0.000000 0.000000 5118.950435 5117.773947 5115.047107 5111.916352 5108.357025 5098.011458 5098.123642 5095.612449 5096.004717 5096.761130 5097.087377 5098.638792 5104.495402 5106.856538 5110.492863 5111.900628 5114.519456 0.000000 0.000000
0.000000 0.000000 5805.568727 5804.795296 5801.766516 5794.237327 5787.959767 5779.954984 5778.829320 5778.314683 5778.520330 5777.763697 5778.875954 5780.794423 5790.845169 5796.330939 5798.806499 5799.247750 5815.307906 0.000000 0.000000
0.000000 0.000000 6489.581561 6488.241022 6484.985776 6481.137709 6472.800669 6455.906760 6455.921434 6454.246763 6454.259957 6454.793141 6454.796614 6457.221716 6471.967519 6479.527015 6481.664162 6482.557085 6484.482867 0.000000 0.000000
0.000000 0.000000 7217.477401 7215.317906 7211.856209 7207.158269 7189.879348 7196.309580 7190.976304 7189.905928 7190.452349 7190.595614 7191.000827 7192.652875 7188.800594 7204.075411 7206.906283 7211.205400 7210.778180 0.000000 0.000000
0.000000 0.000000 7989.045269 7984.531741 7979.465128 7969.328073 7964.869715 7949.692907 7942.198339 7940.628266 7936.836028 7936.261580 7938.620483 7938.302071 7949.597044 7957.261554 7973.901510 7969.436643 7970.326117 0.000000 0.000000
0.000000 0.000000 8749.986065 8750.177822 8732.643354 8733.917846 8731.934229 8730.277304 8732.141026 8731.965698 8734.485729 8734.457157 8733.308269 8739.583907 8738.976842 8738.014308 8727.757852 8745.647669 8749.297405 0.000000 0.000000
0.000000 0.000000 9610.281326 9593.224650 9584.796646 9576.913122 9562.494626 9556.452973 9554.704044 9554.032740 9550.967283 9551.228538 9552.715304 9552.809338 9558.111199 9572.348995 9583.087388 9583.183990 9601.084788 0.000000 0.000000
0.000000 0.000000 10258.055240 10260.122525 10275.486068 10265.810363 10258.573119 10240.828971 10239.288589 10236.805114 10238.022379 10237.826935 10238.211921 10241.018921 10258.442940 10266.236272 10275.475893 10254.453284 10256.924097 0.000000 0.000000
0.000000 0.000000 0.000000 0.000000 0.000000 0.000000 0.000000 0.000000 0.000000 0.000000 0.000000 0.000000 0.000000 0.000000 0.000000 0.000000 0.000000 0.000000 0.000000 0.000000 0.000000
0.000000 0.000000 0.000000 0.000000 0.000000 0.000000 0.000000 0.000000 0.000000 0.000000 0.000000 0.000000 0.000000 0.000000 0.000000 0.000000 0.000000 0.000000 0.000000 0.000000 0.000000