geotop/1.0zi/1.0Montebello/Templates/testdem/maps/_Erotot6108.asc
ncols         21
nrows         20
xllcorner     100.000000
yllcorner     100.000000
cellsize      50.000000
NODATA_value  -9999.0
0.000000 0.000000 0.000000 0.000000 0.000000 0.000000 0.000000 0.000000 0.000000 0.000000 0.000000 0.000000 0.000000 0.000000 0.000000 0.000000 0.000000 0.000000 0.000000 0.000000 0.000000
0.000000 0.000000 469.141925 468.335239 468.143109 467.926244 467.883868 467.953967 467.897848 468.076007 467.978899 467.776773 467.715222 467.794929 467.939066 467.850153 468.053684 468.254441 468.683530 0.000000 0.000000
0.000000 0.000000 35.244847 35.919991 36.218890 37.396177 37.133754 36.917469 36.744844 36.523134 36.737199 37.097292 36.908104 36.651182 37.068176 36.842195 35.996693 35.161551 34.555247 0.000000 0.000000
0.000000 0.000000 192.327810 193.524824 185.943101 183.095886 184.470511 179.389731 178.986080 178.622665 177.890983 175.458935 177.899111 176.102907 179.427694 185.100784 185.004306 187.819026 191.978432 0.000000 0.000000
0.000000 0.000000 1890.215084 1894.556131 1898.113591 1879.198820 1863.649077 1852.759813 1855.352133 1852.348012 1855.864794 1860.028329 1856.815575 1855.183658 1866.006605 1866.721202 1874.629750 1882.556161 1884.446583 0.000000 0.000000
0.000000 0.000000 3371.655699 3366.066679 3363.585602 3358.378675 3349.898804 3342.228662 3340.465897 3340.639925 3339.088745 3336.860589 3333.979443 3336.215125 3337.158835 3353.195111 3358.865375 3362.574377 3364.656555 0.000000 0.000000
0.000000 0.000000 4504.590084 4501.913172 4498.595971 4494.297095 4481.269744 4464.058369 4464.110765 4460.514275 4462.499302 4465.288724 4467.395186 4468.573507 4488.711778 4498.355577 4502.917449 4504.302217 4509.800416 0.000000 0.000000
0.000000 0.000000 5167.884807 5169.197541 5167.794476 5161.235463 5160.486063 5153.168494 5153.713524 5154.086771 5152.769313 5150.320918 5150.055787 5153.698443 5154.139714 5157.006110 5165.538503 5163.938517 5167.268292 0.000000 0.000000
0.000000 0.000000 6097.268872 6094.512538 6089.927545 6090.644868 6083.778513 6073.021094 6073.480248 6070.820345 6068.270190 6069.417462 6070.535127 6065.535634 6079.120860 6087.622536 6089.980959 6090.997848 6092.757998 0.000000 0.000000
0.000000 0.000000 7173.401948 7170.938205 7172.618843 7171.710526 7156.687568 7149.138832 7150.557958 7149.633821 7147.493208 7150.598113 7153.877330 7152.041884 7155.643502 7166.562001 7170.744817 7171.111728 7172.089447 0.000000 0.000000
0.000000 0.000000 8335.143277 8335.265162 8334.910731 8320.318230 8317.523531 8306.517351 8310.092433 8300.927833 8303.291177 8302.267095 8297.404601 8304.991680 8309.834757 8311.515931 8318.451491 8324.569008 8332.189601 0.000000 0.000000
0.000000 0.000000 9552.810427 9548.115478 9542.646751 9540.629194 9536.392803 9521.161165 9520.124084 9519.246243 9525.887399 9518.689358 9520.747469 9520.368817 9536.460252 9540.214399 9541.972123 9542.656883 9562.531991 0.000000 0.000000
0.000000 0.000000 10787.398654 10785.402272 10786.046477 10778.276756 10773.953010 10745.997892 10744.580048 10744.199198 10729.451202 10738.549645 10742.527747 10744.853539 10762.213157 10766.410294 10780.996333 10780.541235 10787.663689 0.000000 0.000000
0.000000 0.000000 12144.143990 12145.460831 12138.003612 12136.645802 12107.594118 12116.118739 12105.513277 12106.991489 12108.054051 12107.473642 12106.071940 12102.586594 12092.546051 12124.098347 12129.760521 12140.807444 12148.227896 0.000000 0.000000
0.000000 0.000000 13613.561248 13608.430780 13604.743537 13578.721212 13578.705566 13562.469768 13549.265594 13547.596660 13542.453760 13536.000593 13539.254799 13537.539339 13553.214828 13557.046066 13600.589696 13591.549505 13591.926197 0.000000 0.000000
0.000000 0.000000 15127.068920 15126.297504 15087.474785 15087.543101 15092.657643 15085.000495 15102.956349 15095.151380 15101.379714 15096.681753 15091.039344 15100.318718 15104.121064 15103.699338 15081.626160 15136.419966 15129.662932 0.000000 0.000000
0.000000 0.000000 16853.712158 16805.972340 16804.185067 16793.585278 16766.729775 16759.271935 16750.193893 16753.538884 16738.593733 16739.014675 16744.694636 16744.076120 16756.930355 16769.223776 16803.102313 16795.335248 16848.866267 0.000000 0.000000
0.000000 0.000000 18029.727823 18045.960365 18095.722000 18088.683679 18074.297711 18033.841356 18035.098663 18020.244882 18033.186667 18030.990385 18036.701595 18032.575753 18067.969742 18080.225284 18104.488142 18053.686920 18037.791801 0.000000 0.000000
0.000000 0.000000 0.000000 0.000000 0.000000 0.000000 0.000000 0.000000 0.000000 0.000000 0.000000 0.000000 0.000000 0.000000 0.000000 0.000000 0.000000 0.000000 0.000000 0.000000 0.000000
0.000000 0.000000 0.000000 0.000000 0.000000 0.000000 0.000000 0.000000 0.000000 0.000000 0.000000 0.000000 0.000000 0.000000 0.000000 0.000000 0.000000 0.000000 0.000000 0.000000 0.000000