geotop/1.0zi/1.0Montebello/Templates/testdem/maps/_Erotot5026.asc
ncols         21
nrows         20
xllcorner     100.000000
yllcorner     100.000000
cellsize      50.000000
NODATA_value  -9999.0
0.000000 0.000000 0.000000 0.000000 0.000000 0.000000 0.000000 0.000000 0.000000 0.000000 0.000000 0.000000 0.000000 0.000000 0.000000 0.000000 0.000000 0.000000 0.000000 0.000000 0.000000
0.000000 0.000000 367.508895 366.585100 366.300935 366.108721 366.079468 366.088912 366.129368 366.289985 366.243858 366.116167 366.196085 366.270478 366.150588 366.197207 366.384257 366.351562 366.920988 0.000000 0.000000
0.000000 0.000000 28.895702 29.843011 30.288365 31.328887 30.844652 30.962034 30.640766 30.435524 30.508160 30.850423 30.513839 30.310477 30.917458 30.537949 29.719904 29.113366 28.443181 0.000000 0.000000
0.000000 0.000000 151.083253 152.464109 145.200055 143.213646 144.419102 139.692719 138.929293 139.025439 137.630080 136.492693 137.603995 136.156796 138.754394 143.550433 143.054774 146.436485 149.150060 0.000000 0.000000
0.000000 0.000000 1517.439026 1521.443254 1526.873449 1509.136138 1497.958898 1489.671256 1492.237135 1486.768880 1490.605575 1494.750111 1495.102745 1495.410729 1504.688775 1503.860627 1510.514311 1515.936454 1517.738399 0.000000 0.000000
0.000000 0.000000 2802.626628 2797.042617 2793.120207 2790.026286 2783.568624 2780.246542 2777.624047 2779.472073 2778.886192 2776.163771 2772.569476 2774.463420 2774.492466 2787.646595 2791.517255 2791.813496 2794.718663 0.000000 0.000000
0.000000 0.000000 3579.404691 3576.050948 3571.310844 3567.393196 3555.537514 3539.749157 3541.101384 3537.769542 3540.614635 3539.741890 3542.659470 3544.930407 3559.863971 3569.209138 3575.393923 3578.837183 3583.729378 0.000000 0.000000
0.000000 0.000000 4153.408607 4152.552403 4153.113078 4148.513719 4147.037969 4142.064245 4142.770094 4143.108832 4140.432181 4141.193990 4140.230797 4139.407778 4143.019860 4146.533267 4148.683982 4148.847747 4149.151147 0.000000 0.000000
0.000000 0.000000 4862.077109 4861.738165 4859.013368 4856.566585 4851.660399 4842.799129 4843.101503 4841.346288 4841.601952 4842.070314 4841.467846 4842.466290 4848.083356 4856.140165 4856.165751 4857.969136 4861.787667 0.000000 0.000000
0.000000 0.000000 5694.849529 5692.891775 5693.046223 5688.931946 5679.543786 5674.252230 5675.875965 5675.033423 5674.900796 5674.710016 5674.007005 5672.724898 5680.695363 5687.570424 5689.910589 5691.293911 5692.777089 0.000000 0.000000
0.000000 0.000000 6578.648258 6576.641389 6575.071807 6572.666320 6569.359325 6558.373041 6558.733744 6556.299232 6556.147441 6557.029174 6556.236210 6556.538338 6562.034943 6565.137578 6569.981778 6572.365414 6575.562771 0.000000 0.000000
0.000000 0.000000 7499.729301 7498.778810 7496.141653 7489.002600 7483.565445 7475.007112 7474.026239 7473.763280 7473.619665 7472.553940 7472.508758 7472.804659 7482.582030 7488.930900 7492.410276 7493.931192 7511.364654 0.000000 0.000000
0.000000 0.000000 8430.386198 8428.234925 8425.853971 8422.717580 8414.418805 8393.524343 8393.833949 8392.112447 8391.751498 8392.192488 8390.922153 8391.874951 8409.774286 8418.406982 8421.786485 8423.683184 8426.121820 0.000000 0.000000
0.000000 0.000000 9428.194328 9424.792184 9422.500752 9418.185690 9396.028990 9404.423973 9398.364527 9397.552287 9397.710984 9397.809384 9396.896550 9397.105768 9391.319365 9412.089145 9416.170832 9422.025086 9421.981977 0.000000 0.000000
0.000000 0.000000 10495.933590 10490.973864 10485.839118 10470.649876 10467.581305 10450.510022 10442.062541 10440.415425 10435.603245 10435.068138 10436.661502 10434.644566 10446.565120 10454.927182 10479.139034 10474.827037 10476.301303 0.000000 0.000000
0.000000 0.000000 11566.413353 11565.675418 11541.823413 11545.391985 11544.048643 11542.854485 11546.063339 11546.310470 11549.161212 11548.713963 11545.545948 11551.716406 11549.695306 11548.394486 11535.770859 11563.881532 11568.985882 0.000000 0.000000
0.000000 0.000000 12784.927024 12755.879984 12746.843162 12737.626171 12720.267145 12712.897552 12711.041737 12710.270450 12705.738624 12705.830014 12706.769895 12703.877785 12709.970225 12729.022654 12744.260918 12744.841341 12773.951394 0.000000 0.000000
0.000000 0.000000 13673.291639 13678.188967 13704.116135 13693.019620 13685.172523 13657.625660 13655.789701 13652.894314 13654.825806 13654.280134 13652.794335 13655.239732 13681.564106 13691.288773 13704.610470 13674.753456 13675.786230 0.000000 0.000000
0.000000 0.000000 0.000000 0.000000 0.000000 0.000000 0.000000 0.000000 0.000000 0.000000 0.000000 0.000000 0.000000 0.000000 0.000000 0.000000 0.000000 0.000000 0.000000 0.000000 0.000000
0.000000 0.000000 0.000000 0.000000 0.000000 0.000000 0.000000 0.000000 0.000000 0.000000 0.000000 0.000000 0.000000 0.000000 0.000000 0.000000 0.000000 0.000000 0.000000 0.000000 0.000000