geotop/1.0zi/1.0Montebello/Templates/testdem/maps/_Erotot031V.asc
ncols         21
nrows         20
xllcorner     100.000000
yllcorner     100.000000
cellsize      50.000000
NODATA_value  -9999.0
0.000000 0.000000 0.000000 0.000000 0.000000 0.000000 0.000000 0.000000 0.000000 0.000000 0.000000 0.000000 0.000000 0.000000 0.000000 0.000000 0.000000 0.000000 0.000000 0.000000 0.000000
0.000000 0.000000 857.047324 857.183785 855.979347 855.560143 853.934731 853.427980 853.608993 853.599376 853.998282 853.439347 853.249187 853.290237 854.317466 854.909775 856.277557 857.462101 858.174928 0.000000 0.000000
0.000000 0.000000 62.168624 60.851481 61.213755 60.942690 61.782086 61.334445 60.893988 60.802366 60.992093 61.168749 61.357432 61.416758 61.273824 60.769375 59.753027 58.859321 59.582494 0.000000 0.000000
0.000000 0.000000 674.476847 682.875483 666.453569 657.321351 656.162025 647.567431 655.310152 656.979257 653.449255 655.247798 659.215417 658.273248 666.733403 678.274498 682.675054 680.624253 686.466449 0.000000 0.000000
0.000000 0.000000 5009.961301 5003.323275 4999.407891 4957.985923 4931.245159 4915.034235 4907.687901 4903.482620 4907.863736 4913.026697 4913.454989 4907.386056 4927.564935 4934.326295 4954.869246 4968.586182 4969.073914 0.000000 0.000000
0.000000 0.000000 7315.133397 7308.888886 7302.902768 7303.984468 7274.091969 7260.180274 7264.319492 7263.789556 7257.348121 7251.000831 7248.346891 7252.540746 7255.226460 7283.694172 7284.156122 7291.813770 7293.495221 0.000000 0.000000
0.000000 0.000000 8998.036729 8992.670459 8988.284197 8973.426227 8966.356602 8926.945457 8926.820216 8923.934810 8921.931911 8925.716535 8926.408102 8927.423724 8964.218810 8969.019498 8979.663278 8983.463176 8988.453499 0.000000 0.000000
0.000000 0.000000 10849.421385 10846.295763 10838.498564 10820.455899 10808.636312 10804.014690 10804.679949 10802.981151 10801.077982 10797.328016 10796.484719 10803.550455 10802.389462 10815.157551 10832.547830 10830.807514 10837.048669 0.000000 0.000000
0.000000 0.000000 13198.299122 13192.790994 13182.498147 13174.588716 13155.200080 13130.015219 13133.784952 13130.260095 13125.072186 13124.695345 13128.094539 13121.019779 13149.535204 13166.852876 13171.050733 13175.859084 13178.163358 0.000000 0.000000
0.000000 0.000000 15961.581735 15951.972934 15946.617631 15934.446453 15917.035863 15894.256246 15893.496657 15892.163392 15885.182865 15890.047859 15893.454815 15892.349720 15901.982320 15926.031085 15936.410045 15941.681334 15940.699845 0.000000 0.000000
0.000000 0.000000 19098.551156 19094.533166 19089.281801 19048.152658 19046.772977 19013.827453 19023.739217 19004.226471 19008.661357 19003.947304 18994.980099 19007.592229 19025.764078 19032.627443 19051.633301 19056.314424 19076.629946 0.000000 0.000000
0.000000 0.000000 22674.173834 22658.352814 22634.238817 22629.643800 22613.736746 22575.044488 22573.180374 22577.825135 22583.234454 22564.994294 22575.166346 22569.635566 22604.890356 22624.673156 22628.238299 22635.999395 22664.989284 0.000000 0.000000
0.000000 0.000000 26496.608700 26486.779372 26488.888716 26460.388252 26436.515673 26339.020435 26333.800590 26331.237673 26282.337316 26315.728520 26316.267620 26326.290776 26398.299937 26409.749275 26454.712150 26455.219240 26456.501937 0.000000 0.000000
0.000000 0.000000 30959.142374 30961.486056 30924.736971 30907.425969 30775.454902 30860.276812 30828.228737 30832.126133 30859.431341 30832.987119 30830.777680 30810.890042 30731.051614 30885.458466 30881.591774 30920.561716 30938.295983 0.000000 0.000000
0.000000 0.000000 35141.120967 35130.663791 35114.218750 34981.080365 35073.438820 34975.463846 34959.226664 34951.967384 34915.800202 34907.864677 34921.790997 34926.366395 35012.837244 34915.417777 35102.852197 35051.158631 35036.368567 0.000000 0.000000
0.000000 0.000000 38005.639910 38000.463695 37892.818110 37963.590446 37944.952470 37953.751526 38011.902096 37995.824102 38023.746677 38018.860367 37997.835056 38024.122115 38004.169109 38028.209206 37875.870311 38051.666527 38043.363479 0.000000 0.000000
0.000000 0.000000 40189.226034 40117.238325 40149.268069 40123.548635 40082.611528 40084.534058 40061.214718 40070.166795 40045.089262 40049.251655 40061.543675 40050.994442 40060.167567 40081.389683 40144.095990 40087.211882 40163.728021 0.000000 0.000000
0.000000 0.000000 41051.583020 41105.171474 41154.702855 41161.431783 41158.741564 41114.807471 41124.699946 41109.588562 41130.847779 41127.442715 41127.293018 41128.943634 41168.714377 41166.794409 41159.664155 41117.367420 41064.951182 0.000000 0.000000
0.000000 0.000000 0.000000 0.000000 0.000000 0.000000 0.000000 0.000000 0.000000 0.000000 0.000000 0.000000 0.000000 0.000000 0.000000 0.000000 0.000000 0.000000 0.000000 0.000000 0.000000
0.000000 0.000000 0.000000 0.000000 0.000000 0.000000 0.000000 0.000000 0.000000 0.000000 0.000000 0.000000 0.000000 0.000000 0.000000 0.000000 0.000000 0.000000 0.000000 0.000000 0.000000