geotop/1.0zi/1.0Montebello/Templates/testdem/maps/_Erotot3100.asc
ncols         21
nrows         20
xllcorner     100.000000
yllcorner     100.000000
cellsize      50.000000
NODATA_value  -9999.0
0.000000 0.000000 0.000000 0.000000 0.000000 0.000000 0.000000 0.000000 0.000000 0.000000 0.000000 0.000000 0.000000 0.000000 0.000000 0.000000 0.000000 0.000000 0.000000 0.000000 0.000000
0.000000 0.000000 336.382263 336.385116 336.388671 336.507451 336.376742 336.381070 336.354923 336.395514 336.410687 336.395514 336.354923 336.381070 336.376742 336.507451 336.388671 336.385116 336.382263 0.000000 0.000000
0.000000 0.000000 11.359156 11.120530 9.363525 11.045139 11.357658 11.288063 11.399593 11.298855 11.665843 11.298855 11.399593 11.288063 11.357658 11.045139 9.363525 11.120530 11.359156 0.000000 0.000000
0.000000 0.000000 2518.009833 2517.643338 2517.813678 2515.978760 2517.839798 2517.371605 2517.341714 2518.170886 2518.311751 2518.170886 2517.341714 2517.371605 2517.839798 2515.978760 2517.813678 2517.643338 2518.009833 0.000000 0.000000
0.000000 0.000000 4718.904679 4718.728011 4718.061665 4718.638605 4719.167308 4719.038250 4719.015065 4719.132199 4719.151865 4719.132199 4719.015065 4719.038250 4719.167308 4718.638605 4718.061665 4718.728011 4718.904679 0.000000 0.000000
0.000000 0.000000 6126.331175 6126.108705 6125.501648 6125.636103 6126.411718 6126.137082 6126.170151 6126.470095 6126.692876 6126.470095 6126.170151 6126.137082 6126.411718 6125.636103 6125.501648 6126.108705 6126.331175 0.000000 0.000000
0.000000 0.000000 7890.654142 7890.466546 7889.912101 7890.031430 7890.693906 7890.457690 7890.492846 7890.754697 7890.976640 7890.754697 7890.492846 7890.457690 7890.693906 7890.031430 7889.912101 7890.466546 7890.654142 0.000000 0.000000
0.000000 0.000000 9524.571958 9524.413493 9523.903847 9524.026894 9524.590105 9524.388068 9524.422432 9524.654394 9524.855554 9524.654394 9524.422432 9524.388068 9524.590105 9524.026894 9523.903847 9524.413493 9524.571958 0.000000 0.000000
0.000000 0.000000 11030.109075 11029.965387 11029.485206 11029.607193 11030.122601 11029.938409 11029.968943 11030.184026 11030.374203 11030.184026 11029.968943 11029.938409 11030.122601 11029.607193 11029.485206 11029.965387 11030.109075 0.000000 0.000000
0.000000 0.000000 12431.980362 12431.866865 12431.404467 12431.563873 12431.990754 12431.827220 12431.860150 12432.053548 12432.227426 12432.053548 12431.860150 12431.827220 12431.990754 12431.563873 12431.404467 12431.866865 12431.980362 0.000000 0.000000
0.000000 0.000000 13738.421385 13738.302981 13737.866037 13738.001050 13738.435060 13738.273368 13738.302096 13738.493069 13738.657338 13738.493069 13738.302096 13738.273368 13738.435060 13738.001050 13737.866037 13738.302981 13738.421385 0.000000 0.000000
0.000000 0.000000 14974.013830 14973.900375 14973.491026 14973.621593 14974.042361 14973.888229 14973.912239 14974.101686 14974.255726 14974.101686 14973.912239 14973.888229 14974.042361 14973.621593 14973.491026 14973.900375 14974.013830 0.000000 0.000000
0.000000 0.000000 16145.728937 16145.622811 16145.224731 16145.356602 16145.756324 16145.607117 16145.630213 16145.814791 16145.959924 16145.814791 16145.630213 16145.607117 16145.756324 16145.356602 16145.224731 16145.622811 16145.728937 0.000000 0.000000
0.000000 0.000000 17267.369565 17267.272477 17266.887984 17267.036596 17267.398622 17267.256476 17267.280314 17267.456762 17267.594767 17267.456762 17267.280314 17267.256476 17267.398622 17267.036596 17266.887984 17267.272477 17267.369565 0.000000 0.000000
0.000000 0.000000 18340.066230 18339.968817 18339.594538 18339.731383 18340.098652 18339.958230 18339.979598 18340.154576 18340.286104 18340.154576 18339.979598 18339.958230 18340.098652 18339.731383 18339.594538 18339.968817 18340.066230 0.000000 0.000000
0.000000 0.000000 19367.839776 19367.744586 19367.382163 19367.511341 19367.864548 19367.729493 19367.751026 19367.918681 19368.046300 19367.918681 19367.751026 19367.729493 19367.864548 19367.511341 19367.382163 19367.744585 19367.839773 0.000000 0.000000
0.000000 0.000000 20356.991933 20356.899532 20356.543211 20356.676189 20357.016505 20356.884281 20356.905573 20357.068944 20357.189328 20357.068944 20356.905573 20356.884281 20357.016505 20356.676189 20356.543211 20356.899512 20356.991930 0.000000 0.000000
0.000000 0.000000 21363.676315 21364.131007 21363.783155 21363.911805 21364.243600 21364.115938 21364.135722 21364.294139 21364.411126 21364.294139 21364.135722 21364.115938 21364.243600 21363.911804 21363.783137 21364.127676 21364.216716 0.000000 0.000000
0.000000 0.000000 0.000000 0.000000 0.000000 0.000000 0.000000 0.000000 0.000000 0.000000 0.000000 0.000000 0.000000 0.000000 0.000000 0.000000 0.000000 0.000000 0.000000 0.000000 0.000000
0.000000 0.000000 0.000000 0.000000 0.000000 0.000000 0.000000 0.000000 0.000000 0.000000 0.000000 0.000000 0.000000 0.000000 0.000000 0.000000 0.000000 0.000000 0.000000 0.000000 0.000000