geotop/1.0zi/1.0Montebello/Templates/testdem/maps/_Erotot4765.asc
ncols         21
nrows         20
xllcorner     100.000000
yllcorner     100.000000
cellsize      50.000000
NODATA_value  -9999.0
0.000000 0.000000 0.000000 0.000000 0.000000 0.000000 0.000000 0.000000 0.000000 0.000000 0.000000 0.000000 0.000000 0.000000 0.000000 0.000000 0.000000 0.000000 0.000000 0.000000 0.000000
0.000000 0.000000 354.008162 353.548530 353.330258 353.163004 353.163328 353.203300 353.240803 353.241368 353.231103 353.225700 353.230268 353.273917 353.162239 353.202956 353.399519 353.332800 353.450213 0.000000 0.000000
0.000000 0.000000 27.902085 28.457291 28.849557 29.949927 29.442234 29.536622 29.129089 29.042479 29.082975 29.414921 29.159506 28.959800 29.482074 29.188403 28.287262 27.697042 27.486625 0.000000 0.000000
0.000000 0.000000 136.168123 137.473206 130.384110 128.000377 129.160556 124.177574 123.439867 123.094051 122.225353 121.664803 122.675667 121.279919 123.975824 128.975005 129.551264 131.815659 134.409013 0.000000 0.000000
0.000000 0.000000 1361.339866 1365.453436 1370.650925 1353.477515 1342.405878 1334.366933 1336.869348 1331.086021 1335.277296 1339.338023 1339.709943 1340.171799 1349.528709 1348.476527 1353.934351 1359.681558 1361.554561 0.000000 0.000000
0.000000 0.000000 2652.113361 2646.476796 2642.595386 2639.476053 2633.236696 2630.011703 2627.337960 2629.046417 2628.628810 2626.030614 2622.401128 2624.288705 2624.173019 2637.141285 2641.322784 2641.397009 2644.268153 0.000000 0.000000
0.000000 0.000000 3401.339246 3396.705301 3391.923624 3388.034744 3377.116896 3361.718046 3363.035673 3359.427732 3362.563437 3361.885046 3364.764351 3367.061889 3381.636338 3390.868463 3397.161744 3400.903798 3404.452729 0.000000 0.000000
0.000000 0.000000 3925.937286 3926.038139 3926.650080 3922.092986 3920.185934 3915.344679 3916.016635 3916.149845 3913.738516 3914.711263 3913.715717 3912.945908 3916.353063 3919.863992 3922.009449 3921.445364 3922.688473 0.000000 0.000000
0.000000 0.000000 4589.416584 4589.076667 4586.379638 4583.995589 4579.199845 4570.485330 4570.727970 4568.735127 4569.298630 4569.953599 4569.334536 4570.374008 4575.850535 4583.835512 4583.938055 4585.442653 4589.185074 0.000000 0.000000
0.000000 0.000000 5373.954660 5371.992787 5372.105203 5368.048906 5358.885314 5353.719561 5355.310554 5354.238638 5354.390925 5354.438120 5353.710083 5352.515573 5360.186633 5367.087634 5369.423099 5370.466191 5371.866031 0.000000 0.000000
0.000000 0.000000 6205.139768 6203.102968 6201.572896 6199.229872 6196.084556 6185.348156 6185.641962 6182.964853 6183.135936 6184.194174 6183.378848 6183.702280 6189.083034 6192.080820 6196.940837 6199.036703 6202.137452 0.000000 0.000000
0.000000 0.000000 7070.609980 7069.656788 7067.070711 7060.084495 7054.847994 7046.553153 7045.559576 7045.002249 7045.174918 7044.359958 7044.275369 7044.632320 7054.076476 7060.323822 7063.813343 7065.008958 7082.126781 0.000000 0.000000
0.000000 0.000000 7942.217467 7940.095039 7937.737128 7934.678110 7926.674712 7906.939605 7907.189418 7905.242483 7905.215192 7905.860631 7904.597405 7905.575977 7922.358418 7930.833153 7934.177252 7935.719602 7938.151883 0.000000 0.000000
0.000000 0.000000 8873.668713 8870.349042 8868.052044 8863.885385 8843.229332 8851.267346 8845.350579 8844.249715 8844.725306 8845.087444 8844.151190 8844.424649 8838.832704 8858.290481 8862.319122 8867.664528 8867.623060 0.000000 0.000000
0.000000 0.000000 9869.232484 9864.223120 9859.338218 9845.682023 9842.305472 9825.681633 9817.431836 9815.552154 9811.288145 9810.986039 9812.450177 9810.619299 9822.223730 9830.770045 9853.243624 9848.842766 9850.310705 0.000000 0.000000
0.000000 0.000000 10864.017751 10863.362800 10841.452163 10844.406389 10842.871438 10841.614461 10844.510601 10844.376611 10847.347047 10847.134542 10844.229278 10850.017759 10848.059290 10847.391787 10835.972642 10861.232570 10866.043616 0.000000 0.000000
0.000000 0.000000 11993.524416 11967.490962 11958.615527 11950.095843 11934.252280 11927.509160 11925.701729 11924.660604 11920.873548 11921.226074 11921.897571 11919.554750 11924.918923 11942.414736 11956.568902 11957.364848 11983.491545 0.000000 0.000000
0.000000 0.000000 12826.397812 12829.913771 12852.816438 12842.458243 12835.051725 12810.073656 12808.302251 12805.260381 12807.202791 12806.971537 12805.642924 12807.773761 12831.586348 12841.029146 12853.430606 12826.155089 12828.210701 0.000000 0.000000
0.000000 0.000000 0.000000 0.000000 0.000000 0.000000 0.000000 0.000000 0.000000 0.000000 0.000000 0.000000 0.000000 0.000000 0.000000 0.000000 0.000000 0.000000 0.000000 0.000000 0.000000
0.000000 0.000000 0.000000 0.000000 0.000000 0.000000 0.000000 0.000000 0.000000 0.000000 0.000000 0.000000 0.000000 0.000000 0.000000 0.000000 0.000000 0.000000 0.000000 0.000000 0.000000