geotop/1.0zi/1.0Montebello/Templates/testdem/maps/_Erotot6303.asc
ncols         21
nrows         20
xllcorner     100.000000
yllcorner     100.000000
cellsize      50.000000
NODATA_value  -9999.0
0.000000 0.000000 0.000000 0.000000 0.000000 0.000000 0.000000 0.000000 0.000000 0.000000 0.000000 0.000000 0.000000 0.000000 0.000000 0.000000 0.000000 0.000000 0.000000 0.000000 0.000000
0.000000 0.000000 491.316610 492.175952 491.898770 492.196264 491.642553 491.702039 491.660179 491.826463 492.227445 491.531930 491.459547 491.551157 491.703637 491.608777 492.337431 492.537312 492.527181 0.000000 0.000000
0.000000 0.000000 37.062682 35.920472 36.000717 36.143325 36.398128 36.209412 36.022554 35.806938 36.053979 36.383588 36.200769 36.412765 36.287192 36.038138 34.725566 33.965573 34.656238 0.000000 0.000000
0.000000 0.000000 220.141303 222.995311 212.866280 210.486734 210.730015 205.563578 205.103574 204.618828 203.009244 200.969718 203.582453 201.442641 206.252947 212.264927 214.165029 215.569092 220.598591 0.000000 0.000000
0.000000 0.000000 2039.448947 2042.836735 2047.858129 2026.762808 2011.835683 2000.125191 2002.755959 1999.776284 2003.613814 2008.301372 2004.962865 2003.539163 2013.759428 2014.629543 2023.015414 2031.533856 2032.717478 0.000000 0.000000
0.000000 0.000000 3565.521824 3560.300186 3557.090703 3552.276840 3542.056963 3534.196000 3532.728787 3532.252760 3530.488118 3527.876013 3524.906781 3527.556001 3529.785303 3546.297187 3551.613533 3556.172825 3558.595303 0.000000 0.000000
0.000000 0.000000 4739.953020 4737.580459 4733.870130 4729.148888 4716.112924 4698.900629 4698.462545 4694.998983 4696.859864 4699.709430 4701.781717 4702.800858 4723.528221 4733.270256 4738.049986 4739.641129 4745.104611 0.000000 0.000000
0.000000 0.000000 5448.848553 5450.323416 5448.407479 5441.304665 5440.483999 5432.776161 5433.332753 5433.737484 5432.412040 5429.822211 5429.552228 5433.555681 5434.453997 5437.447594 5446.656719 5444.989429 5448.853475 0.000000 0.000000
0.000000 0.000000 6440.773504 6437.958150 6432.791129 6433.370013 6425.951772 6414.683647 6415.309493 6412.145443 6409.735797 6410.654664 6411.734860 6406.951256 6421.374602 6430.133000 6433.028856 6434.296548 6436.331160 0.000000 0.000000
0.000000 0.000000 7586.654965 7584.327184 7585.658414 7584.107353 7568.192552 7560.662317 7561.649650 7560.891924 7558.626296 7561.647663 7565.144944 7563.272887 7567.670939 7579.175931 7583.759995 7584.312771 7585.542399 0.000000 0.000000
0.000000 0.000000 8824.579347 8824.992854 8823.808100 8808.559864 8805.645368 8793.940449 8797.905998 8788.010471 8790.533297 8789.551829 8784.518432 8792.495152 8797.816715 8799.593090 8807.430579 8813.525047 8821.855815 0.000000 0.000000
0.000000 0.000000 10126.735502 10122.485850 10116.284528 10113.794629 10108.572280 10092.948083 10091.549583 10090.931577 10097.415684 10089.856920 10092.012589 10091.897916 10109.030081 10113.162626 10115.127948 10116.286425 10136.808350 0.000000 0.000000
0.000000 0.000000 11451.469454 11448.739116 11449.203180 11440.565954 11436.110169 11406.048366 11404.451756 11403.950109 11388.514143 11398.044238 11402.011583 11404.663462 11423.804128 11428.300960 11444.217590 11443.494297 11451.221267 0.000000 0.000000
0.000000 0.000000 12910.156808 12911.710698 12903.336958 12901.262135 12869.795513 12878.641201 12867.622903 12868.994893 12870.219326 12869.759635 12867.775510 12864.287718 12854.181137 12888.690284 12894.816229 12906.601356 12914.569421 0.000000 0.000000
0.000000 0.000000 14498.363966 14493.813300 14489.159338 14459.681560 14459.663216 14442.371756 14428.540367 14426.557431 14420.969344 14413.702118 14417.876427 14416.203711 14433.480190 14436.845247 14484.758423 14475.027044 14475.745023 0.000000 0.000000
0.000000 0.000000 16141.438996 16140.755260 16096.936877 16097.862028 16102.763541 16094.880038 16114.499010 16105.767404 16113.230644 16107.813960 16101.438377 16112.440518 16116.619980 16115.997134 16091.165782 16152.034999 16145.290065 0.000000 0.000000
0.000000 0.000000 18029.116993 17974.670569 17973.530191 17960.558233 17929.619984 17922.037696 17911.408311 17915.317553 17898.030314 17899.072103 17905.852091 17903.960705 17918.113710 17933.323195 17972.126398 17961.513475 18023.043673 0.000000 0.000000
0.000000 0.000000 19270.024413 19292.667970 19349.639688 19341.868675 19328.000355 19281.299296 19282.838654 19266.292805 19281.759077 19278.991993 19284.555617 19281.230750 19322.712708 19334.272550 19359.838216 19302.430903 19280.842396 0.000000 0.000000
0.000000 0.000000 0.000000 0.000000 0.000000 0.000000 0.000000 0.000000 0.000000 0.000000 0.000000 0.000000 0.000000 0.000000 0.000000 0.000000 0.000000 0.000000 0.000000 0.000000 0.000000
0.000000 0.000000 0.000000 0.000000 0.000000 0.000000 0.000000 0.000000 0.000000 0.000000 0.000000 0.000000 0.000000 0.000000 0.000000 0.000000 0.000000 0.000000 0.000000 0.000000 0.000000