geotop/1.0zi/1.0Montebello/Templates/testdem/maps/_Erotot5607.asc
ncols         21
nrows         20
xllcorner     100.000000
yllcorner     100.000000
cellsize      50.000000
NODATA_value  -9999.0
0.000000 0.000000 0.000000 0.000000 0.000000 0.000000 0.000000 0.000000 0.000000 0.000000 0.000000 0.000000 0.000000 0.000000 0.000000 0.000000 0.000000 0.000000 0.000000 0.000000 0.000000
0.000000 0.000000 423.525647 422.725122 422.543400 422.331558 422.289889 422.389290 422.339596 422.512948 422.422072 422.221359 422.161146 422.234993 422.344626 422.252212 422.449176 422.649637 423.066440 0.000000 0.000000
0.000000 0.000000 31.663893 32.323622 32.609524 33.773754 33.518387 33.278190 33.100380 32.877925 33.086564 33.437835 33.253300 33.014216 33.471806 33.240500 32.414633 31.580649 30.988962 0.000000 0.000000
0.000000 0.000000 183.498423 184.746370 177.112245 174.491725 176.009569 170.867049 170.388310 169.924628 169.243081 166.825861 169.550854 168.042260 171.151894 176.356336 176.303433 179.511448 182.942769 0.000000 0.000000
0.000000 0.000000 1747.507294 1752.243972 1758.503339 1740.476722 1725.525427 1714.714165 1717.372389 1714.776240 1718.245267 1722.777656 1718.931927 1716.646962 1726.910872 1726.005798 1733.302178 1740.343078 1741.503311 0.000000 0.000000
0.000000 0.000000 3122.146120 3116.170767 3113.399189 3109.108557 3101.563897 3094.467987 3092.851476 3092.780610 3092.046665 3089.734214 3087.260412 3089.467368 3088.531079 3103.616703 3108.411745 3111.680370 3114.241102 0.000000 0.000000
0.000000 0.000000 4128.289967 4125.778111 4122.794226 4118.416307 4105.636284 4089.678882 4089.801863 4086.417752 4088.148422 4090.917202 4092.808377 4093.834544 4113.111797 4122.246416 4127.006427 4128.659772 4133.854733 0.000000 0.000000
0.000000 0.000000 4760.272123 4761.668591 4760.939580 4754.778686 4754.396086 4747.558270 4748.154501 4748.571524 4747.398166 4745.032524 4744.689281 4748.155499 4747.790664 4749.907161 4758.109854 4756.356674 4759.402358 0.000000 0.000000
0.000000 0.000000 5598.003369 5595.384448 5591.552276 5592.715542 5586.350758 5576.173102 5576.693061 5574.129376 5571.760417 5572.993392 5574.120605 5568.870728 5581.489398 5588.981058 5590.996675 5591.801278 5593.249371 0.000000 0.000000
0.000000 0.000000 6568.360557 6566.040640 6568.412257 6567.980134 6553.561983 6546.814871 6548.286357 6547.439027 6545.488552 6548.616901 6551.479380 6549.782571 6552.501199 6562.229890 6565.947600 6566.122702 6566.839701 0.000000 0.000000
0.000000 0.000000 7613.999795 7614.232843 7614.596878 7600.758748 7598.406793 7588.068418 7591.645764 7582.742858 7585.216529 7584.343692 7579.631190 7586.728745 7590.553258 7591.405109 7597.885291 7603.648919 7610.847810 0.000000 0.000000
0.000000 0.000000 8703.699975 8699.257266 8694.717362 8693.227452 8689.608532 8675.293965 8674.446361 8673.581952 8680.229321 8673.348379 8675.252329 8674.681126 8689.344586 8691.994725 8693.332439 8693.819333 8712.864223 0.000000 0.000000
0.000000 0.000000 9804.005759 9802.150262 9803.363100 9796.265450 9792.515238 9767.495398 9766.377458 9766.106660 9752.182849 9760.966791 9764.750492 9766.544120 9781.096270 9784.392980 9797.936142 9797.285967 9804.133723 0.000000 0.000000
0.000000 0.000000 11007.506049 11008.924123 11002.522171 11001.689422 10976.369907 10984.273031 10974.205567 10975.639193 10976.826291 10976.525269 10975.003491 10971.604686 10961.622077 10988.706815 10993.940063 11004.179095 11011.063485 0.000000 0.000000
0.000000 0.000000 12301.440988 12296.550753 12294.059587 12272.654086 12272.093505 12257.583054 12245.199474 12243.799293 12239.179775 12233.268196 12236.175600 12234.319972 12247.949067 12251.377044 12289.361577 12280.992233 12281.209504 0.000000 0.000000
0.000000 0.000000 13624.731895 13624.171067 13592.070179 13591.008561 13596.051730 13588.702763 13604.781502 13597.502204 13603.031042 13598.730770 13593.854898 13601.592355 13604.805476 13603.988971 13585.519683 13632.027269 13625.269815 0.000000 0.000000
0.000000 0.000000 15121.096893 15082.783163 15080.660111 15072.416479 15049.437502 15043.518159 15036.172776 15039.214934 15026.593025 15026.871050 15031.217349 15031.391733 15041.487469 15050.426191 15078.766702 15074.191017 15117.862591 0.000000 0.000000
0.000000 0.000000 16183.946754 16193.620722 16234.507748 16228.409876 16214.804551 16181.623105 16182.674635 16169.670207 16180.221942 16178.474097 16184.119418 16179.091536 16207.622080 16218.583048 16240.698642 16198.784956 16188.813079 0.000000 0.000000
0.000000 0.000000 0.000000 0.000000 0.000000 0.000000 0.000000 0.000000 0.000000 0.000000 0.000000 0.000000 0.000000 0.000000 0.000000 0.000000 0.000000 0.000000 0.000000 0.000000 0.000000
0.000000 0.000000 0.000000 0.000000 0.000000 0.000000 0.000000 0.000000 0.000000 0.000000 0.000000 0.000000 0.000000 0.000000 0.000000 0.000000 0.000000 0.000000 0.000000 0.000000 0.000000