geotop/1.0zi/1.0Montebello/Templates/testdem/maps/_Erotot2030.asc
ncols         21
nrows         20
xllcorner     100.000000
yllcorner     100.000000
cellsize      50.000000
NODATA_value  -9999.0
0.000000 0.000000 0.000000 0.000000 0.000000 0.000000 0.000000 0.000000 0.000000 0.000000 0.000000 0.000000 0.000000 0.000000 0.000000 0.000000 0.000000 0.000000 0.000000 0.000000 0.000000
0.000000 0.000000 206.214045 206.216299 206.253509 206.241916 206.201440 206.217049 206.219517 206.209155 206.210986 206.209155 206.219517 206.217049 206.201440 206.241916 206.253509 206.216299 206.214045 0.000000 0.000000
0.000000 0.000000 11.115048 10.894026 9.113267 10.956559 11.162766 11.138612 11.146343 11.157903 11.154139 11.157903 11.146343 11.138612 11.162766 10.956559 9.113267 10.894026 11.115048 0.000000 0.000000
0.000000 0.000000 1415.936833 1415.728002 1415.920394 1413.854957 1416.097880 1415.640695 1415.669497 1416.405772 1416.424535 1416.405772 1415.669497 1415.640695 1416.097880 1413.854957 1415.920394 1415.728002 1415.936833 0.000000 0.000000
0.000000 0.000000 2864.349706 2864.137561 2863.536510 2864.221101 2864.667270 2864.471287 2864.427850 2864.592544 2864.562614 2864.592544 2864.427850 2864.471287 2864.667270 2864.221101 2863.536510 2864.137561 2864.349706 0.000000 0.000000
0.000000 0.000000 3721.985767 3721.818866 3721.207432 3721.324122 3722.199747 3721.928019 3721.954754 3722.274014 3722.315663 3722.274014 3721.954754 3721.928019 3722.199747 3721.324122 3721.207432 3721.818866 3721.985767 0.000000 0.000000
0.000000 0.000000 4869.679956 4869.546203 4868.981623 4869.099292 4869.846343 4869.613795 4869.646258 4869.929055 4869.983605 4869.929055 4869.646258 4869.613795 4869.846343 4869.099292 4868.981623 4869.546203 4869.679956 0.000000 0.000000
0.000000 0.000000 5959.523350 5959.413226 5958.885298 5959.007170 5959.656680 5959.457286 5959.486474 5959.739526 5959.794799 5959.739526 5959.486474 5959.457286 5959.656680 5959.007170 5958.885298 5959.413226 5959.523350 0.000000 0.000000
0.000000 0.000000 6985.243236 6985.141813 6984.637885 6984.758118 6985.363565 6985.178999 6985.206385 6985.445203 6985.500089 6985.445203 6985.206385 6985.178999 6985.363565 6984.758118 6984.637885 6985.141813 6985.243236 0.000000 0.000000
0.000000 0.000000 7958.825137 7958.750369 7958.256437 7958.414410 7958.931743 7958.767191 7958.799123 7959.016124 7959.069326 7959.016124 7958.799123 7958.767191 7958.931743 7958.414410 7958.256437 7958.750369 7958.825137 0.000000 0.000000
0.000000 0.000000 8885.938587 8885.854704 8885.378838 8885.511026 8886.043398 8885.878376 8885.905815 8886.121161 8886.172118 8886.121161 8885.905815 8885.878376 8886.043398 8885.511026 8885.378838 8885.854704 8885.938587 0.000000 0.000000
0.000000 0.000000 9775.355206 9775.269313 9774.808680 9774.933704 9775.455123 9775.296133 9775.322250 9775.531391 9775.582283 9775.531391 9775.322250 9775.296133 9775.455123 9774.933704 9774.808680 9775.269313 9775.355206 0.000000 0.000000
0.000000 0.000000 10636.172630 10636.089878 10635.634641 10635.760327 10636.265358 10636.109820 10636.135978 10636.340494 10636.389877 10636.340494 10636.135978 10636.109820 10636.265358 10635.760327 10635.634641 10636.089878 10636.172630 0.000000 0.000000
0.000000 0.000000 11471.549660 11471.473573 11471.026097 11471.170601 11471.639689 11471.489864 11471.517639 11471.714931 11471.763103 11471.714931 11471.517639 11471.489864 11471.639689 11471.170601 11471.026097 11471.473573 11471.549660 0.000000 0.000000
0.000000 0.000000 12284.548817 12284.469886 12284.023835 12284.156980 12284.634017 12284.484671 12284.511072 12284.708039 12284.755125 12284.708039 12284.511072 12284.484671 12284.634017 12284.156980 12284.023835 12284.469886 12284.548817 0.000000 0.000000
0.000000 0.000000 13077.297614 13077.219887 13076.784285 13076.910328 13077.377152 13077.231898 13077.258050 13077.450507 13077.497143 13077.450507 13077.258050 13077.231898 13077.377152 13076.910328 13076.784285 13077.219887 13077.297610 0.000000 0.000000
0.000000 0.000000 13849.411279 13849.334262 13848.898959 13849.028284 13849.488845 13849.343995 13849.369548 13849.558819 13849.604079 13849.558819 13849.369548 13849.343995 13849.488845 13849.028284 13848.898959 13849.334241 13849.410814 0.000000 0.000000
0.000000 0.000000 14634.692466 14634.954428 14634.526685 14634.651048 14635.109909 14634.966016 14634.989366 14635.176668 14635.220831 14635.176668 14634.989366 14634.966016 14635.109909 14634.651048 14634.526666 14634.950986 14635.027225 0.000000 0.000000
0.000000 0.000000 0.000000 0.000000 0.000000 0.000000 0.000000 0.000000 0.000000 0.000000 0.000000 0.000000 0.000000 0.000000 0.000000 0.000000 0.000000 0.000000 0.000000 0.000000 0.000000
0.000000 0.000000 0.000000 0.000000 0.000000 0.000000 0.000000 0.000000 0.000000 0.000000 0.000000 0.000000 0.000000 0.000000 0.000000 0.000000 0.000000 0.000000 0.000000 0.000000 0.000000