geotop/1.0zi/1.0Montebello/Templates/testdem/maps/_Erotot0238.asc
ncols         21
nrows         20
xllcorner     100.000000
yllcorner     100.000000
cellsize      50.000000
NODATA_value  -9999.0
0.000000 0.000000 0.000000 0.000000 0.000000 0.000000 0.000000 0.000000 0.000000 0.000000 0.000000 0.000000 0.000000 0.000000 0.000000 0.000000 0.000000 0.000000 0.000000 0.000000 0.000000
0.000000 0.000000 20.633416 20.633656 20.666382 20.634264 20.633717 20.633712 20.633685 20.633679 20.633677 20.633679 20.633685 20.633712 20.633717 20.634264 20.666382 20.633656 20.633416 0.000000 0.000000
0.000000 0.000000 11.228802 11.008680 9.217676 10.996884 11.224591 11.230892 11.230446 11.230225 11.230218 11.230225 11.230446 11.230892 11.224591 10.996884 9.217676 11.008680 11.228802 0.000000 0.000000
0.000000 0.000000 351.369112 351.465314 351.670018 351.430603 351.358455 351.363517 351.367842 351.369589 351.369948 351.369589 351.367842 351.363517 351.358455 351.430603 351.670018 351.465314 351.369112 0.000000 0.000000
0.000000 0.000000 458.585503 458.534883 457.776884 458.506328 458.576214 458.583097 458.585720 458.586735 458.586962 458.586735 458.585720 458.583097 458.576214 458.506328 457.776884 458.534883 458.585503 0.000000 0.000000
0.000000 0.000000 636.495222 636.446222 635.774600 636.421361 636.486789 636.493204 636.495498 636.496385 636.496586 636.496385 636.495498 636.493204 636.486789 636.421361 635.774600 636.446222 636.495222 0.000000 0.000000
0.000000 0.000000 807.406166 807.360903 806.764738 807.339768 807.398885 807.404559 807.406502 807.407254 807.407426 807.407254 807.406502 807.404559 807.398885 807.339768 806.764738 807.360903 807.406166 0.000000 0.000000
0.000000 0.000000 966.577228 966.533545 965.982199 966.515816 966.570968 966.576048 966.577678 966.578306 966.578451 966.578306 966.577678 966.576048 966.570968 966.515816 965.982199 966.533545 966.577228 0.000000 0.000000
0.000000 0.000000 1116.701173 1116.659171 1116.133850 1116.642857 1116.695428 1116.700181 1116.701678 1116.702254 1116.702387 1116.702254 1116.701678 1116.700181 1116.695428 1116.642857 1116.133850 1116.659171 1116.701173 0.000000 0.000000
0.000000 0.000000 1261.167359 1261.126080 1260.615771 1261.111049 1261.162051 1261.166555 1261.167935 1261.168465 1261.168587 1261.168465 1261.167935 1261.166555 1261.162051 1261.111049 1260.615771 1261.126080 1261.167359 0.000000 0.000000
0.000000 0.000000 1400.068852 1400.027908 1399.525894 1400.013835 1400.063884 1400.068205 1400.069497 1400.069990 1400.070104 1400.069990 1400.069497 1400.068205 1400.063884 1400.013835 1399.525894 1400.027908 1400.068852 0.000000 0.000000
0.000000 0.000000 1535.015501 1534.974572 1534.478826 1534.961383 1535.010804 1535.014983 1535.016205 1535.016670 1535.016778 1535.016670 1535.016205 1535.014983 1535.010804 1534.961383 1534.478826 1534.974572 1535.015501 0.000000 0.000000
0.000000 0.000000 1667.107604 1667.066091 1666.570653 1667.054062 1667.103248 1667.107246 1667.108347 1667.108765 1667.108863 1667.108765 1667.108347 1667.107246 1667.103248 1667.054062 1666.570653 1667.066091 1667.107604 0.000000 0.000000
0.000000 0.000000 1795.837964 1795.796611 1795.305766 1795.785035 1795.833748 1795.837651 1795.838715 1795.839119 1795.839214 1795.839119 1795.838715 1795.837651 1795.833748 1795.785035 1795.305766 1795.796611 1795.837964 0.000000 0.000000
0.000000 0.000000 1923.165721 1923.124784 1922.631129 1923.112881 1923.161535 1923.165436 1923.166524 1923.166937 1923.167033 1923.166937 1923.166524 1923.165436 1923.161535 1923.112881 1922.631129 1923.124784 1923.165721 0.000000 0.000000
0.000000 0.000000 2048.850076 2048.809969 2048.326336 2048.798209 2048.845977 2048.849812 2048.850891 2048.851300 2048.851395 2048.851300 2048.850891 2048.849812 2048.845977 2048.798209 2048.326336 2048.809969 2048.850075 0.000000 0.000000
0.000000 0.000000 2172.039294 2171.998089 2171.509634 2171.987323 2172.035427 2172.039140 2172.040122 2172.040492 2172.040579 2172.040492 2172.040122 2172.039140 2172.035427 2171.987323 2171.509634 2171.998081 2172.039255 0.000000 0.000000
0.000000 0.000000 2306.937451 2306.999152 2306.511409 2306.986418 2307.034205 2307.037994 2307.039069 2307.039475 2307.039568 2307.039475 2307.039069 2307.037994 2307.034205 2306.986418 2306.511399 2306.998182 2307.038329 0.000000 0.000000
0.000000 0.000000 0.000000 0.000000 0.000000 0.000000 0.000000 0.000000 0.000000 0.000000 0.000000 0.000000 0.000000 0.000000 0.000000 0.000000 0.000000 0.000000 0.000000 0.000000 0.000000
0.000000 0.000000 0.000000 0.000000 0.000000 0.000000 0.000000 0.000000 0.000000 0.000000 0.000000 0.000000 0.000000 0.000000 0.000000 0.000000 0.000000 0.000000 0.000000 0.000000 0.000000