geotop/1.0zi/1.0Montebello/Templates/testdem/maps/_Erotot7454.asc
ncols         21
nrows         20
xllcorner     100.000000
yllcorner     100.000000
cellsize      50.000000
NODATA_value  -9999.0
0.000000 0.000000 0.000000 0.000000 0.000000 0.000000 0.000000 0.000000 0.000000 0.000000 0.000000 0.000000 0.000000 0.000000 0.000000 0.000000 0.000000 0.000000 0.000000 0.000000 0.000000
0.000000 0.000000 638.669734 639.616842 639.016150 639.178949 638.308357 638.510679 638.457350 638.562078 638.985408 638.317374 638.201258 638.242556 638.586366 638.627225 639.425395 640.008199 640.076597 0.000000 0.000000
0.000000 0.000000 49.673067 48.449716 48.595473 48.972363 49.387843 49.065071 48.800011 48.637908 48.879596 49.215282 49.236642 49.400926 49.149476 48.822443 47.412126 46.474619 47.229231 0.000000 0.000000
0.000000 0.000000 353.461420 354.746986 342.586484 336.826852 337.630062 326.247473 326.314972 327.189516 323.529706 321.697910 323.898009 324.049658 334.362738 341.223650 345.860819 348.814949 353.722354 0.000000 0.000000
0.000000 0.000000 2939.067861 2942.212216 2946.059719 2924.708327 2906.193853 2896.919292 2896.447070 2892.845171 2898.965839 2904.708238 2899.614885 2897.944605 2911.961583 2914.967566 2924.013277 2932.165224 2931.786917 0.000000 0.000000
0.000000 0.000000 4674.996632 4669.311085 4665.740942 4659.808569 4645.628463 4636.150038 4636.840684 4635.683234 4632.436335 4626.712630 4625.852649 4629.133906 4628.160363 4647.174450 4655.248723 4662.220627 4665.246622 0.000000 0.000000
0.000000 0.000000 5949.203421 5946.241327 5941.964920 5935.418989 5921.996207 5901.321641 5900.310533 5896.683520 5898.013321 5901.838013 5903.241084 5903.798738 5930.436647 5940.141575 5945.472453 5948.101265 5953.314804 0.000000 0.000000
0.000000 0.000000 6952.648571 6953.126383 6950.400159 6941.067997 6939.079242 6930.420890 6930.693488 6930.744630 6929.628186 6925.864322 6925.110123 6931.175515 6932.452126 6936.885130 6948.873620 6947.330363 6952.187901 0.000000 0.000000
0.000000 0.000000 8281.186781 8277.022053 8271.105041 8271.139040 8260.737211 8246.325737 8247.538672 8243.359320 8241.110120 8240.998972 8243.304857 8237.605030 8255.449295 8268.808395 8270.309782 8273.765337 8275.116187 0.000000 0.000000
0.000000 0.000000 9802.882252 9799.706605 9800.266414 9796.564341 9777.186962 9768.278443 9768.064227 9767.921507 9764.517661 9767.909933 9770.940420 9770.193141 9776.371936 9790.014860 9797.200630 9798.959512 9800.034439 0.000000 0.000000
0.000000 0.000000 11461.884159 11461.242212 11458.791547 11439.732802 11434.323315 11419.834670 11425.336899 11412.813519 11416.508132 11414.944472 11408.235395 11417.774877 11426.370535 11428.938601 11440.781967 11447.479391 11457.774942 0.000000 0.000000
0.000000 0.000000 13247.024900 13239.731855 13232.417014 13229.303172 13220.107323 13201.385817 13198.229277 13198.804295 13205.714621 13195.294723 13199.046418 13199.041705 13220.028701 13227.812204 13230.381978 13234.140593 13256.439340 0.000000 0.000000
0.000000 0.000000 15089.048755 15084.746589 15085.224399 15072.686578 15066.297219 15022.808587 15021.201604 15020.570140 15000.539943 15011.923635 15016.065950 15020.399390 15050.533802 15057.056229 15078.606974 15078.186989 15086.003712 0.000000 0.000000
0.000000 0.000000 17179.172449 17181.632635 17169.474742 17165.373612 17114.641714 17131.448596 17117.154465 17118.456489 17123.449481 17119.613476 17117.669527 17113.388244 17095.031340 17150.285823 17156.669772 17174.965935 17184.031777 0.000000 0.000000
0.000000 0.000000 19506.212555 19498.715643 19490.820228 19437.251241 19446.064129 19419.275418 19401.213256 19398.805697 19388.453441 19378.893793 19383.964619 19382.616404 19413.552707 19407.534843 19486.898067 19471.339350 19469.579889 0.000000 0.000000
0.000000 0.000000 21937.707753 21935.110910 21857.505644 21876.012380 21878.384484 21868.126922 21903.455332 21890.210726 21905.698483 21897.751418 21886.122039 21906.339160 21909.458839 21910.053635 21849.965719 21962.427584 21954.577297 0.000000 0.000000
0.000000 0.000000 24836.909629 24725.509685 24746.324173 24712.461394 24652.819172 24640.782677 24612.456478 24621.270819 24586.722212 24589.588222 24606.377936 24593.868112 24620.756460 24656.844885 24744.248388 24691.696217 24810.725254 0.000000 0.000000
0.000000 0.000000 26204.269869 26298.455451 26407.479562 26404.011426 26399.333677 26307.193840 26317.869070 26288.082302 26329.045276 26321.100079 26321.529659 26327.444434 26405.593662 26410.113693 26427.395939 26331.626898 26239.140635 0.000000 0.000000
0.000000 0.000000 0.000000 0.000000 0.000000 0.000000 0.000000 0.000000 0.000000 0.000000 0.000000 0.000000 0.000000 0.000000 0.000000 0.000000 0.000000 0.000000 0.000000 0.000000 0.000000
0.000000 0.000000 0.000000 0.000000 0.000000 0.000000 0.000000 0.000000 0.000000 0.000000 0.000000 0.000000 0.000000 0.000000 0.000000 0.000000 0.000000 0.000000 0.000000 0.000000 0.000000