geotop/1.0zi/1.0Montebello/Templates/testdem/maps/_Erotot0444.asc
ncols         21
nrows         20
xllcorner     100.000000
yllcorner     100.000000
cellsize      50.000000
NODATA_value  -9999.0
0.000000 0.000000 0.000000 0.000000 0.000000 0.000000 0.000000 0.000000 0.000000 0.000000 0.000000 0.000000 0.000000 0.000000 0.000000 0.000000 0.000000 0.000000 0.000000 0.000000 0.000000
0.000000 0.000000 39.860484 39.861164 39.893797 39.861331 39.860587 39.860972 39.860782 39.860696 39.860669 39.860696 39.860782 39.860972 39.860587 39.861331 39.893797 39.861164 39.860484 0.000000 0.000000
0.000000 0.000000 7.582436 7.366004 5.548920 7.361342 7.609419 7.593775 7.608398 7.615223 7.616275 7.615223 7.608398 7.593775 7.609419 7.361342 5.548920 7.366004 7.582436 0.000000 0.000000
0.000000 0.000000 521.714150 521.964654 522.087021 521.869512 521.768436 521.874737 521.869573 521.806026 521.735943 521.806026 521.869573 521.874737 521.768436 521.869512 522.087021 521.964654 521.714150 0.000000 0.000000
0.000000 0.000000 725.577993 725.530462 724.772327 725.508342 725.576956 725.598118 725.592395 725.596455 725.591754 725.596455 725.592395 725.598118 725.576956 725.508342 724.772327 725.530462 725.577993 0.000000 0.000000
0.000000 0.000000 999.291036 999.297278 998.589398 999.252445 999.316788 999.359067 999.362156 999.341544 999.320880 999.341544 999.362156 999.359067 999.316788 999.252445 998.589398 999.297278 999.291036 0.000000 0.000000
0.000000 0.000000 1288.135391 1288.143996 1287.512005 1288.100829 1288.160110 1288.203797 1288.207959 1288.185282 1288.166975 1288.185282 1288.207959 1288.203797 1288.160110 1288.100829 1287.512005 1288.143996 1288.135391 0.000000 0.000000
0.000000 0.000000 1561.513802 1561.521481 1560.935239 1561.481193 1561.537451 1561.580531 1561.584761 1561.561987 1561.545215 1561.561987 1561.584761 1561.580531 1561.537451 1561.481193 1560.935239 1561.521481 1561.513802 0.000000 0.000000
0.000000 0.000000 1821.485039 1821.492576 1820.932914 1821.453480 1821.507951 1821.550423 1821.554718 1821.532087 1821.515933 1821.532087 1821.554718 1821.550423 1821.507951 1821.453480 1820.932914 1821.492576 1821.485039 0.000000 0.000000
0.000000 0.000000 2072.656449 2072.663368 2072.119116 2072.625433 2072.679026 2072.721012 2072.725324 2072.702796 2072.686786 2072.702796 2072.725324 2072.721012 2072.679026 2072.625433 2072.119116 2072.663368 2072.656449 0.000000 0.000000
0.000000 0.000000 2316.169037 2316.175312 2315.639693 2316.138222 2316.191460 2316.233111 2316.237434 2316.214948 2316.198858 2316.214948 2316.237434 2316.233111 2316.191460 2316.138222 2315.639693 2316.175312 2316.169037 0.000000 0.000000
0.000000 0.000000 2552.871469 2552.874809 2552.348723 2552.839471 2552.892315 2552.932882 2552.937710 2552.915342 2552.900260 2552.915342 2552.937710 2552.932882 2552.892315 2552.839471 2552.348723 2552.874809 2552.871469 0.000000 0.000000
0.000000 0.000000 2783.736149 2783.737849 2783.216277 2783.704822 2783.756537 2783.796552 2783.801524 2783.779064 2783.764095 2783.779064 2783.801524 2783.796552 2783.756537 2783.704822 2783.216277 2783.737849 2783.736149 0.000000 0.000000
0.000000 0.000000 3011.613958 3011.613833 3011.095798 3011.581153 3011.634108 3011.674105 3011.679232 3011.656723 3011.641583 3011.656723 3011.679232 3011.674105 3011.634108 3011.581153 3011.095798 3011.613833 3011.613958 0.000000 0.000000
0.000000 0.000000 3236.331197 3236.331586 3235.810617 3236.298613 3236.351713 3236.391377 3236.396603 3236.374010 3236.358024 3236.374010 3236.396603 3236.391377 3236.351713 3236.298613 3235.810617 3236.331586 3236.331197 0.000000 0.000000
0.000000 0.000000 3459.336769 3459.338489 3458.826625 3459.305561 3459.358242 3459.397944 3459.403209 3459.380506 3459.363888 3459.380506 3459.403209 3459.397944 3459.358242 3459.305561 3458.826625 3459.338489 3459.336767 0.000000 0.000000
0.000000 0.000000 3679.336675 3679.336723 3678.820838 3679.305080 3679.358493 3679.397661 3679.403097 3679.380290 3679.363361 3679.380290 3679.403097 3679.397661 3679.358493 3679.305080 3678.820838 3679.336713 3679.336456 0.000000 0.000000
0.000000 0.000000 3909.554647 3909.678480 3909.162913 3909.644525 3909.698167 3909.737295 3909.743025 3909.720115 3909.702916 3909.720115 3909.743025 3909.737295 3909.698167 3909.644525 3909.162902 3909.676958 3909.676345 0.000000 0.000000
0.000000 0.000000 0.000000 0.000000 0.000000 0.000000 0.000000 0.000000 0.000000 0.000000 0.000000 0.000000 0.000000 0.000000 0.000000 0.000000 0.000000 0.000000 0.000000 0.000000 0.000000
0.000000 0.000000 0.000000 0.000000 0.000000 0.000000 0.000000 0.000000 0.000000 0.000000 0.000000 0.000000 0.000000 0.000000 0.000000 0.000000 0.000000 0.000000 0.000000 0.000000 0.000000