geotop/1.0zi/1.0Montebello/Templates/testdem/maps/_Erotot9678.asc
ncols         21
nrows         20
xllcorner     100.000000
yllcorner     100.000000
cellsize      50.000000
NODATA_value  -9999.0
0.000000 0.000000 0.000000 0.000000 0.000000 0.000000 0.000000 0.000000 0.000000 0.000000 0.000000 0.000000 0.000000 0.000000 0.000000 0.000000 0.000000 0.000000 0.000000 0.000000 0.000000
0.000000 0.000000 811.930143 812.080788 810.900813 810.438124 808.865778 808.428246 808.524506 808.583250 808.936968 808.376304 808.235334 808.269315 809.234447 809.816987 811.177493 812.412050 813.062192 0.000000 0.000000
0.000000 0.000000 61.261950 59.913355 60.207400 59.985690 60.719949 60.227586 59.864671 59.710514 59.947099 60.102907 60.273702 60.347109 60.233157 59.747449 58.723481 57.826623 58.614186 0.000000 0.000000
0.000000 0.000000 536.546360 540.394175 525.977353 518.513225 517.943607 509.941903 517.010019 518.954980 515.058071 515.972651 520.273575 519.686449 528.513629 539.054657 541.959129 540.472997 545.924949 0.000000 0.000000
0.000000 0.000000 4515.395569 4509.703499 4506.079352 4467.545644 4441.239266 4425.828272 4418.278703 4412.375346 4418.203691 4423.831725 4423.849499 4418.118472 4437.989290 4444.247496 4463.053187 4474.425498 4475.384166 0.000000 0.000000
0.000000 0.000000 6715.920553 6709.386545 6704.595960 6706.758302 6678.790746 6666.051457 6669.787879 6668.514416 6663.101609 6656.527477 6654.336844 6658.582159 6660.456610 6687.750440 6687.915048 6695.324240 6697.247926 0.000000 0.000000
0.000000 0.000000 8253.537927 8247.472495 8243.656025 8230.635047 8223.774301 8187.159028 8186.486610 8183.204786 8181.604230 8185.627572 8186.162949 8187.339012 8222.838791 8227.148645 8236.748487 8239.713675 8244.788234 0.000000 0.000000
0.000000 0.000000 9889.200744 9885.186684 9878.513991 9862.832664 9852.319075 9848.195467 9848.776456 9846.324692 9845.222983 9841.203931 9840.548395 9847.725135 9846.224269 9857.728324 9873.467028 9871.084272 9877.312838 0.000000 0.000000
0.000000 0.000000 11963.914973 11957.645126 11948.797203 11942.974221 11925.352985 11902.310572 11905.499028 11901.190274 11896.978676 11896.534565 11899.841393 11893.316166 11920.443583 11936.089230 11938.932153 11942.745947 11945.215625 0.000000 0.000000
0.000000 0.000000 14391.068830 14380.850961 14376.514598 14367.292070 14351.352751 14331.423030 14330.292974 14327.917807 14322.297559 14326.697955 14330.145105 14329.430543 14338.155405 14359.955280 14368.402215 14372.592057 14371.759850 0.000000 0.000000
0.000000 0.000000 17110.253750 17105.186812 17101.467013 17065.919400 17065.351377 17036.141877 17044.569002 17025.807830 17030.741358 17026.372918 17018.339612 17030.142115 17046.793375 17052.340235 17068.609136 17072.016063 17090.766176 0.000000 0.000000
0.000000 0.000000 20166.730838 20151.043300 20130.434540 20127.425843 20114.667254 20080.645014 20078.995749 20080.705866 20086.765304 20070.555693 20079.063071 20075.694910 20106.811287 20123.129918 20125.340342 20131.672127 20158.168888 0.000000 0.000000
0.000000 0.000000 23429.988943 23418.780369 23420.379323 23397.358027 23377.065483 23296.673910 23290.911928 23288.074700 23247.914958 23274.687105 23276.138381 23284.574188 23345.587142 23355.369096 23392.340042 23391.823002 23396.446838 0.000000 0.000000
0.000000 0.000000 27326.751406 27325.477407 27295.034783 27279.114324 27168.562701 27231.046066 27202.421398 27203.311759 27222.874806 27203.696642 27201.881092 27186.964111 27125.890804 27256.060990 27255.725992 27288.297134 27303.926875 0.000000 0.000000
0.000000 0.000000 31466.358162 31454.086216 31434.092187 31304.066133 31379.117796 31291.396934 31270.889913 31262.630385 31231.117737 31219.696556 31233.853965 31236.219176 31314.827769 31235.673125 31418.740181 31370.405801 31358.616073 0.000000 0.000000
0.000000 0.000000 34981.006755 34973.163744 34829.682733 34921.907704 34898.048325 34909.742963 34983.656687 34962.442356 35000.013513 34993.342518 34965.227307 35001.025357 34975.078963 35003.862377 34808.345953 35039.686947 35030.586921 0.000000 0.000000
0.000000 0.000000 38016.638892 37894.570028 37960.851471 37905.635706 37841.765528 37825.914739 37778.155738 37792.589789 37746.331427 37753.279546 37778.973865 37754.078298 37789.011464 37826.018248 37954.630265 37833.691638 37963.684919 0.000000 0.000000
0.000000 0.000000 38920.703879 39000.168529 39082.682716 39076.370216 39073.615399 39006.505077 39015.588486 38992.876722 39024.353237 39018.709934 39019.407621 39022.470449 39076.414883 39081.438290 39091.704947 39015.419155 38937.622650 0.000000 0.000000
0.000000 0.000000 0.000000 0.000000 0.000000 0.000000 0.000000 0.000000 0.000000 0.000000 0.000000 0.000000 0.000000 0.000000 0.000000 0.000000 0.000000 0.000000 0.000000 0.000000 0.000000
0.000000 0.000000 0.000000 0.000000 0.000000 0.000000 0.000000 0.000000 0.000000 0.000000 0.000000 0.000000 0.000000 0.000000 0.000000 0.000000 0.000000 0.000000 0.000000 0.000000 0.000000