geotop/1.0zi/1.0Montebello/Templates/testdem/maps/_Erotot9096.asc
ncols         21
nrows         20
xllcorner     100.000000
yllcorner     100.000000
cellsize      50.000000
NODATA_value  -9999.0
0.000000 0.000000 0.000000 0.000000 0.000000 0.000000 0.000000 0.000000 0.000000 0.000000 0.000000 0.000000 0.000000 0.000000 0.000000 0.000000 0.000000 0.000000 0.000000 0.000000 0.000000
0.000000 0.000000 722.817917 723.471193 722.899726 722.983303 721.962214 722.083067 722.167055 722.241916 722.626204 721.992322 721.882040 721.922396 722.331078 722.461690 723.286062 723.897632 724.054231 0.000000 0.000000
0.000000 0.000000 56.398616 55.325745 55.623935 55.555036 56.378843 56.051930 55.679388 55.545704 55.746143 56.074629 56.132234 56.247629 56.022293 55.419142 54.150455 53.283294 53.897950 0.000000 0.000000
0.000000 0.000000 428.246340 430.039420 416.986359 410.758527 410.189667 404.328149 409.324610 411.002507 407.057657 405.461618 408.879441 408.386226 416.875954 425.348853 429.158137 423.558275 430.830859 0.000000 0.000000
0.000000 0.000000 3998.398876 3991.668609 3985.718058 3952.466936 3926.555065 3914.009314 3906.515343 3899.933461 3907.497633 3913.951102 3912.230943 3907.212675 3926.876505 3931.383204 3947.123928 3958.274684 3958.465348 0.000000 0.000000
0.000000 0.000000 6118.521710 6113.160794 6108.894567 6110.669414 6088.691089 6076.260689 6080.961232 6080.572324 6076.347807 6070.154902 6068.397103 6072.565288 6072.051183 6097.148204 6098.510716 6104.632280 6106.943692 0.000000 0.000000
0.000000 0.000000 7552.579380 7546.794774 7542.802606 7531.944370 7522.817466 7489.360528 7489.722081 7487.203640 7486.741209 7490.992323 7491.505675 7492.469995 7525.863183 7531.750256 7540.130076 7542.558192 7547.574165 0.000000 0.000000
0.000000 0.000000 8983.752130 8980.972322 8976.036550 8963.807212 8957.477543 8953.674940 8954.362731 8952.487681 8952.456918 8948.159228 8946.907753 8954.311230 8952.621973 8961.315985 8975.586735 8971.609659 8977.760442 0.000000 0.000000
0.000000 0.000000 10828.107177 10822.730288 10814.563513 10811.854928 10796.142248 10777.103557 10779.845988 10775.788714 10772.409319 10771.840498 10774.577812 10768.322665 10792.427284 10806.527766 10808.020649 10810.045333 10813.593741 0.000000 0.000000
0.000000 0.000000 12965.036091 12957.145846 12955.154386 12948.403751 12924.327144 12913.208304 12912.508425 12911.288000 12907.028192 12911.308271 12914.273933 12913.896239 12921.180838 12940.108536 12947.783945 12950.055520 12949.242922 0.000000 0.000000
0.000000 0.000000 15335.209413 15332.351413 15328.205420 15299.669359 15292.946250 15272.052582 15280.259692 15262.931987 15268.665187 15264.698157 15256.917710 15267.904989 15282.354248 15285.879154 15301.110060 15304.639238 15319.747728 0.000000 0.000000
0.000000 0.000000 17960.491824 17950.059955 17933.917522 17930.983308 17913.883069 17890.546989 17888.465519 17891.785331 17897.581514 17884.334416 17891.507897 17889.275910 17915.941164 17928.741300 17929.094628 17932.808578 17958.396017 0.000000 0.000000
0.000000 0.000000 20744.002539 20733.170496 20735.438281 20711.343072 20701.396196 20632.663036 20629.995042 20628.913472 20598.382699 20617.749983 20619.988221 20627.357594 20677.927093 20686.796592 20717.497699 20714.432798 20721.069662 0.000000 0.000000
0.000000 0.000000 24036.375825 24037.200321 24013.626360 24006.181389 23913.866732 23956.050644 23935.152917 23936.837673 23950.795710 23938.094144 23936.633149 23925.123585 23885.309763 23987.858138 23989.774243 24014.883018 24028.354256 0.000000 0.000000
0.000000 0.000000 27706.085220 27689.957583 27672.380535 27565.614007 27610.288966 27548.090829 27525.491313 27520.738484 27497.036845 27484.993735 27495.751521 27496.661992 27560.066077 27516.245637 27666.913572 27626.349049 27619.078783 0.000000 0.000000
0.000000 0.000000 31276.395707 31269.228877 31125.185172 31198.170874 31183.038195 31187.224732 31259.019403 31237.511117 31272.793545 31264.486979 31238.002456 31273.996043 31259.119760 31274.967673 31106.834248 31327.241651 31317.652522 0.000000 0.000000
0.000000 0.000000 35016.563502 34846.825586 34925.765070 34851.435989 34764.730565 34743.837718 34680.045407 34698.718102 34636.933449 34645.286958 34679.857757 34645.059095 34691.293958 34745.321729 34919.674739 34764.658877 34942.854764 0.000000 0.000000
0.000000 0.000000 35862.528403 36015.139750 36133.516265 36136.958067 36148.939774 36041.543392 36066.407342 36028.891096 36090.248694 36079.183207 36071.799808 36086.607494 36171.042407 36164.748403 36152.252885 36058.728332 35906.326300 0.000000 0.000000
0.000000 0.000000 0.000000 0.000000 0.000000 0.000000 0.000000 0.000000 0.000000 0.000000 0.000000 0.000000 0.000000 0.000000 0.000000 0.000000 0.000000 0.000000 0.000000 0.000000 0.000000
0.000000 0.000000 0.000000 0.000000 0.000000 0.000000 0.000000 0.000000 0.000000 0.000000 0.000000 0.000000 0.000000 0.000000 0.000000 0.000000 0.000000 0.000000 0.000000 0.000000 0.000000