geotop/1.0zi/1.0Montebello/Templates/testdem/maps/_Erotot4897.asc
ncols         21
nrows         20
xllcorner     100.000000
yllcorner     100.000000
cellsize      50.000000
NODATA_value  -9999.0
0.000000 0.000000 0.000000 0.000000 0.000000 0.000000 0.000000 0.000000 0.000000 0.000000 0.000000 0.000000 0.000000 0.000000 0.000000 0.000000 0.000000 0.000000 0.000000 0.000000 0.000000
0.000000 0.000000 361.523262 360.599596 360.315780 360.124647 360.095174 360.105032 360.145023 360.305032 360.259515 360.131565 360.212906 360.288230 360.166221 360.213629 360.400081 360.367392 360.936195 0.000000 0.000000
0.000000 0.000000 28.290433 29.238887 29.684706 30.725267 30.241392 30.359119 30.038315 29.833599 29.905683 30.248196 29.910289 29.706075 30.314439 29.933970 29.115361 28.507861 27.837129 0.000000 0.000000
0.000000 0.000000 151.030314 152.368834 145.149537 143.158856 144.362358 139.640791 138.866548 138.973286 137.574671 136.433650 137.548684 136.099259 138.647318 143.463896 142.998886 146.385604 149.098957 0.000000 0.000000
0.000000 0.000000 1473.872333 1478.098949 1483.315600 1465.714670 1454.599712 1446.322036 1448.955501 1443.419045 1447.286749 1451.450775 1451.786371 1452.123046 1461.587615 1460.662076 1466.981498 1472.326274 1474.128259 0.000000 0.000000
0.000000 0.000000 2756.524060 2750.898150 2747.021595 2743.909898 2737.550283 2734.277544 2731.653522 2733.508377 2732.919711 2730.195096 2726.601748 2728.493893 2728.459796 2741.519852 2745.422069 2745.693653 2748.591834 0.000000 0.000000
0.000000 0.000000 3530.291701 3525.674848 3520.840941 3516.957572 3505.901850 3490.270060 3491.638159 3488.289541 3491.137732 3490.264267 3493.178711 3495.450664 3510.263019 3519.553003 3525.733612 3529.731801 3533.316797 0.000000 0.000000
0.000000 0.000000 4089.295880 4089.418364 4089.991900 4085.403909 4083.439655 4078.515318 4079.231371 4079.578217 4076.913213 4077.672306 4076.713278 4075.906994 4079.425886 4082.951125 4085.003909 4084.713534 4085.977048 0.000000 0.000000
0.000000 0.000000 4788.645870 4788.300784 4785.547747 4783.127448 4778.258771 4769.431480 4769.739987 4767.988979 4768.250669 4768.716348 4768.114758 4769.120098 4774.712439 4782.761601 4782.749840 4784.543868 4788.315770 0.000000 0.000000
0.000000 0.000000 5611.173941 5609.212689 5609.291222 5605.189578 5595.883215 5590.609839 5592.279292 5591.449450 5591.314284 5591.137429 5590.437696 5589.191545 5597.020606 5603.976060 5606.235018 5607.557824 5608.983598 0.000000 0.000000
0.000000 0.000000 6481.828442 6479.803499 6478.216043 6475.850482 6472.608199 6461.725112 6462.064653 6459.625223 6459.484161 6460.356628 6459.561884 6459.862233 6465.368770 6468.398751 6473.179608 6475.579967 6478.721413 0.000000 0.000000
0.000000 0.000000 7389.292346 7388.345367 7385.672152 7378.586352 7373.227737 7364.769911 7363.811404 7363.542035 7363.405362 7362.346348 7362.298954 7362.608543 7372.272880 7378.597513 7382.003241 7383.501512 7400.828056 0.000000 0.000000
0.000000 0.000000 8305.133861 8303.001949 8300.576022 8297.483016 8289.305291 8268.823477 8269.148720 8267.435705 8267.083917 8267.519204 8266.258276 8267.216159 8284.721230 8293.302486 8296.579421 8298.436534 8300.856011 0.000000 0.000000
0.000000 0.000000 9285.972191 9282.609775 9280.274138 9276.012640 9254.395293 9262.811298 9256.829167 9256.020262 9256.182731 9256.286462 9255.376372 9255.591928 9249.741411 9270.053886 9274.027430 9279.795904 9279.738280 0.000000 0.000000
0.000000 0.000000 10335.021313 10330.013948 10324.876415 10310.161041 10307.072876 10290.144517 10281.768653 10280.133643 10275.378307 10274.846962 10276.414991 10274.461183 10286.270745 10294.655110 10318.265317 10313.981985 10315.501849 0.000000 0.000000
0.000000 0.000000 11386.073780 11385.408681 11362.070769 11365.594457 11364.363728 11363.238563 11366.394089 11366.621954 11369.417687 11368.978622 11365.881403 11371.965920 11369.857503 11368.597446 11356.089454 11383.438641 11388.434626 0.000000 0.000000
0.000000 0.000000 12581.224626 12553.101499 12544.174113 12535.277474 12518.394302 12511.357780 12509.566294 12508.804176 12504.370271 12504.457062 12505.347780 12502.598260 12508.318678 12526.918148 12541.642565 12542.172013 12570.432690 0.000000 0.000000
0.000000 0.000000 13454.709419 13459.358607 13484.525586 13473.781387 13466.243959 13439.580079 13437.800137 13434.949510 13436.788448 13436.261276 13434.827556 13437.194130 13462.632647 13472.125862 13484.963860 13455.755641 13456.938868 0.000000 0.000000
0.000000 0.000000 0.000000 0.000000 0.000000 0.000000 0.000000 0.000000 0.000000 0.000000 0.000000 0.000000 0.000000 0.000000 0.000000 0.000000 0.000000 0.000000 0.000000 0.000000 0.000000
0.000000 0.000000 0.000000 0.000000 0.000000 0.000000 0.000000 0.000000 0.000000 0.000000 0.000000 0.000000 0.000000 0.000000 0.000000 0.000000 0.000000 0.000000 0.000000 0.000000 0.000000