geotop/1.0zi/1.0Montebello/Templates/testdem/maps/_Erotot4190.asc
ncols         21
nrows         20
xllcorner     100.000000
yllcorner     100.000000
cellsize      50.000000
NODATA_value  -9999.0
0.000000 0.000000 0.000000 0.000000 0.000000 0.000000 0.000000 0.000000 0.000000 0.000000 0.000000 0.000000 0.000000 0.000000 0.000000 0.000000 0.000000 0.000000 0.000000 0.000000 0.000000
0.000000 0.000000 321.014012 320.576953 320.385681 320.241227 320.270150 320.329810 320.367537 320.366021 320.352402 320.355798 320.357290 320.401072 320.267179 320.284091 320.455856 320.366064 320.456802 0.000000 0.000000
0.000000 0.000000 25.745590 26.297780 26.574419 27.281692 26.919352 26.935684 26.509034 26.439508 26.494196 26.868190 26.633972 26.463040 26.953155 26.713971 25.832804 25.266599 25.139435 0.000000 0.000000
0.000000 0.000000 138.974868 140.357923 133.280804 130.662751 131.429982 126.279896 125.449070 125.035570 124.274295 123.802153 124.925302 123.742435 126.623022 131.637357 132.368278 134.753063 137.446556 0.000000 0.000000
0.000000 0.000000 1312.846897 1315.803008 1321.616415 1316.344360 1309.979843 1306.038622 1309.626134 1304.113724 1307.546644 1311.076023 1309.543319 1305.459299 1309.673231 1306.495773 1307.051239 1308.571785 1309.289185 0.000000 0.000000
0.000000 0.000000 2484.297091 2477.510591 2470.859116 2467.531160 2462.135198 2457.641895 2455.881721 2457.714862 2457.428064 2453.597413 2449.218922 2449.624254 2450.609350 2463.597690 2469.644547 2470.080816 2473.741930 0.000000 0.000000
0.000000 0.000000 3080.803972 3075.920164 3071.398244 3065.222996 3056.756509 3042.409879 3043.580223 3040.184979 3043.212640 3042.919730 3045.540800 3047.398287 3060.923191 3067.795195 3075.030554 3079.196693 3081.835147 0.000000 0.000000
0.000000 0.000000 3525.195076 3525.014147 3525.431284 3521.294249 3520.987682 3517.595061 3518.608073 3519.052024 3516.608406 3517.623368 3515.604149 3513.310583 3515.714606 3519.348700 3520.841975 3519.848748 3521.292223 0.000000 0.000000
0.000000 0.000000 4133.801919 4132.746941 4129.106561 4128.346839 4124.747531 4115.773421 4116.336820 4114.383876 4115.063963 4115.331152 4114.278896 4113.969955 4118.785479 4126.215158 4126.110066 4127.274573 4130.967809 0.000000 0.000000
0.000000 0.000000 4824.305500 4822.088881 4821.120613 4817.913392 4810.434608 4806.070917 4807.854663 4806.951160 4807.016223 4807.011630 4805.697378 4803.108451 4809.668991 4815.747649 4818.085391 4818.838194 4820.267766 0.000000 0.000000
0.000000 0.000000 5552.757743 5550.404692 5547.751905 5546.163951 5544.967206 5535.232428 5535.851408 5533.307743 5533.599148 5534.337947 5532.831275 5531.473927 5535.516660 5537.920606 5542.280503 5544.156834 5547.259027 0.000000 0.000000
0.000000 0.000000 6309.233290 6307.297260 6304.332254 6298.244272 6294.385240 6287.038119 6286.377776 6285.864503 6286.001138 6285.139553 6284.379450 6283.291667 6291.587523 6297.186454 6300.444839 6301.334559 6318.111922 0.000000 0.000000
0.000000 0.000000 7064.602154 7062.033961 7058.828881 7056.596036 7050.669115 7033.474872 7034.055962 7032.332205 7032.262005 7032.712980 7030.776858 7030.176996 7043.997995 7051.656718 7054.613969 7055.956469 7058.360826 0.000000 0.000000
0.000000 0.000000 7869.283289 7865.865372 7862.415390 7859.077872 7842.755510 7850.343303 7845.294126 7844.246596 7844.655272 7844.732648 7843.201976 7841.991802 7836.222799 7852.861666 7856.401896 7861.277329 7861.323477 0.000000 0.000000
0.000000 0.000000 8725.412329 8719.654435 8714.356418 8704.160465 8702.215967 8687.298535 8680.084547 8678.460348 8674.427393 8673.707120 8674.303577 8670.952535 8680.616480 8688.459319 8707.710156 8703.499581 8704.928888 0.000000 0.000000
0.000000 0.000000 9573.136524 9571.981021 9552.515931 9555.683297 9556.432609 9555.754470 9558.454574 9558.330198 9560.968648 9560.770778 9557.328632 9560.752402 9557.840787 9556.676754 9546.537663 9567.254415 9571.670784 0.000000 0.000000
0.000000 0.000000 10532.651152 10511.324019 10502.312089 10495.632194 10483.151440 10477.619662 10476.431040 10475.678868 10472.263757 10472.406108 10471.918787 10468.357946 10471.914361 10487.195299 10499.557946 10500.275741 10521.465290 0.000000 0.000000
0.000000 0.000000 11249.314655 11250.624402 11268.196778 11259.602219 11254.721362 11235.863754 11234.831030 11232.165479 11233.568984 11233.165427 11231.236477 11230.946338 11248.202881 11256.452793 11267.480797 11244.548707 11247.402907 0.000000 0.000000
0.000000 0.000000 0.000000 0.000000 0.000000 0.000000 0.000000 0.000000 0.000000 0.000000 0.000000 0.000000 0.000000 0.000000 0.000000 0.000000 0.000000 0.000000 0.000000 0.000000 0.000000
0.000000 0.000000 0.000000 0.000000 0.000000 0.000000 0.000000 0.000000 0.000000 0.000000 0.000000 0.000000 0.000000 0.000000 0.000000 0.000000 0.000000 0.000000 0.000000 0.000000 0.000000