geotop/1.0zi/1.0Montebello/Templates/testdem/maps/_Erotot7512.asc
ncols         21
nrows         20
xllcorner     100.000000
yllcorner     100.000000
cellsize      50.000000
NODATA_value  -9999.0
0.000000 0.000000 0.000000 0.000000 0.000000 0.000000 0.000000 0.000000 0.000000 0.000000 0.000000 0.000000 0.000000 0.000000 0.000000 0.000000 0.000000 0.000000 0.000000 0.000000 0.000000
0.000000 0.000000 641.989075 642.935010 642.333479 642.495630 641.624932 641.826691 641.773419 641.878182 642.301462 641.633603 641.517240 641.558542 641.902568 641.943798 642.742610 643.325220 643.394475 0.000000 0.000000
0.000000 0.000000 49.995427 48.772357 48.918119 49.294843 49.709696 49.387021 49.121926 48.959807 49.201547 49.537051 49.558654 49.722908 49.471674 49.144997 47.734843 46.798361 47.552962 0.000000 0.000000
0.000000 0.000000 353.334486 354.619180 342.458151 336.699005 337.502388 326.118022 326.186682 327.061812 323.401449 321.568562 323.770761 323.920287 334.232943 341.095033 345.731718 348.686381 353.592985 0.000000 0.000000
0.000000 0.000000 2970.669209 2973.833827 2977.702715 2956.155400 2937.524867 2927.787436 2927.463665 2923.801359 2929.915418 2935.941467 2930.565746 2928.860390 2943.371017 2946.487061 2955.769414 2963.969791 2963.590337 0.000000 0.000000
0.000000 0.000000 4711.398896 4705.656579 4702.087611 4696.190711 4681.922646 4672.332984 4673.080207 4671.919753 4668.670098 4662.927447 4662.088876 4665.322209 4664.405805 4683.554799 4691.577811 4698.556667 4701.581186 0.000000 0.000000
0.000000 0.000000 5990.019539 5987.046550 5982.771472 5976.193169 5962.735395 5941.830521 5940.857045 5937.218822 5938.546864 5942.417581 5943.779728 5944.317020 5971.180553 5980.926922 5986.283391 5988.925148 5994.139350 0.000000 0.000000
0.000000 0.000000 7002.922680 7003.390762 7000.664890 6991.265896 6989.206309 6980.390159 6980.711720 6980.748520 6979.630497 6975.911781 6975.103229 6981.157125 6982.583067 6987.094470 6999.148342 6997.621714 7002.483180 0.000000 0.000000
0.000000 0.000000 8342.649996 8338.469061 8332.543122 8332.550562 8322.071651 8307.481055 8308.739892 8304.539279 8302.286823 8302.233306 8304.484587 8298.762463 8316.782794 8330.233048 8331.763067 8335.241643 8336.593348 0.000000 0.000000
0.000000 0.000000 9877.663549 9874.470535 9875.032169 9871.274224 9851.787488 9842.687101 9842.513104 9842.357955 9838.946338 9842.406372 9845.387246 9844.619830 9850.978657 9864.730368 9871.975597 9873.757248 9874.831957 0.000000 0.000000
0.000000 0.000000 11552.169355 11551.516424 11549.048883 11529.882030 11524.389708 11509.679591 11515.244763 11502.665203 11506.372570 11504.867831 11498.072461 11507.629709 11516.417514 11519.073210 11530.997099 11537.748144 11548.071284 0.000000 0.000000
0.000000 0.000000 13354.884850 13347.550787 13340.209160 13337.039775 13327.732704 13308.752213 13305.622163 13306.204053 13313.141300 13302.742847 13306.452979 13306.412595 13327.679148 13335.582348 13338.208015 13341.988390 13364.380814 0.000000 0.000000
0.000000 0.000000 15216.294985 15211.963099 15212.459499 15199.808780 15193.313771 15149.186097 15147.628883 15146.972525 15126.803103 15138.356126 15142.444530 15146.789068 15177.450246 15184.098921 15205.828022 15205.426961 15213.218277 0.000000 0.000000
0.000000 0.000000 17330.734404 17333.201064 17320.959235 17316.786153 17265.278023 17282.307576 17267.941340 17269.249129 17274.353838 17270.526207 17268.471265 17264.110809 17245.586458 17301.664051 17308.096290 17326.576018 17335.696320 0.000000 0.000000
0.000000 0.000000 19686.407237 19678.856789 19670.893265 19616.298692 19625.653847 19598.305862 19580.188883 19577.718405 19567.210006 19557.648414 19562.743333 19561.367422 19592.858228 19586.358366 19667.003687 19651.185483 19649.355810 0.000000 0.000000
0.000000 0.000000 22148.034765 22145.403377 22066.372913 22085.829894 22088.109853 22077.822244 22113.863039 22100.473153 22116.307226 22108.429614 22096.426075 22116.970174 22120.024367 22120.665003 22058.836031 22173.536204 22165.624894 0.000000 0.000000
0.000000 0.000000 25085.271086 24971.517994 24993.720048 24958.955318 24898.258217 24885.826613 24856.725535 24865.761373 24830.438133 24833.544076 24850.716077 24837.612471 24865.182664 24902.073001 24991.695021 24936.775143 25058.284480 0.000000 0.000000
0.000000 0.000000 26448.377323 26546.065712 26656.963501 26653.871799 26649.901839 26555.971686 26567.280469 26536.894316 26579.071377 26571.032566 26571.051029 26577.390835 26656.901487 26660.934287 26677.329458 26580.478536 26484.488006 0.000000 0.000000
0.000000 0.000000 0.000000 0.000000 0.000000 0.000000 0.000000 0.000000 0.000000 0.000000 0.000000 0.000000 0.000000 0.000000 0.000000 0.000000 0.000000 0.000000 0.000000 0.000000 0.000000
0.000000 0.000000 0.000000 0.000000 0.000000 0.000000 0.000000 0.000000 0.000000 0.000000 0.000000 0.000000 0.000000 0.000000 0.000000 0.000000 0.000000 0.000000 0.000000 0.000000 0.000000