geotop/1.0zi/1.0Montebello/Templates/testdem/maps/_Erotot3093.asc
ncols         21
nrows         20
xllcorner     100.000000
yllcorner     100.000000
cellsize      50.000000
NODATA_value  -9999.0
0.000000 0.000000 0.000000 0.000000 0.000000 0.000000 0.000000 0.000000 0.000000 0.000000 0.000000 0.000000 0.000000 0.000000 0.000000 0.000000 0.000000 0.000000 0.000000 0.000000 0.000000
0.000000 0.000000 336.256193 336.259046 336.262600 336.381381 336.250671 336.255000 336.228853 336.269444 336.284618 336.269444 336.228853 336.255000 336.250671 336.381381 336.262600 336.259046 336.256193 0.000000 0.000000
0.000000 0.000000 11.414268 11.175636 9.418613 11.100232 11.412729 11.343134 11.454688 11.353887 11.720910 11.353887 11.454688 11.343134 11.412729 11.100232 9.418613 11.175636 11.414268 0.000000 0.000000
0.000000 0.000000 2507.364513 2506.997827 2507.170205 2505.335312 2507.198535 2506.730136 2506.702723 2507.532635 2507.676142 2507.532635 2506.702723 2506.730136 2507.198535 2505.335312 2507.170205 2506.997827 2507.364513 0.000000 0.000000
0.000000 0.000000 4703.559189 4703.382236 4702.717387 4703.294388 4703.824997 4703.695674 4703.674810 4703.792141 4703.814429 4703.792141 4703.674810 4703.695674 4703.824997 4703.294388 4702.717387 4703.382236 4703.559189 0.000000 0.000000
0.000000 0.000000 6103.905939 6103.683150 6103.077371 6103.211904 6103.989317 6103.714397 6103.749695 6104.049611 6104.275036 6104.049611 6103.749695 6103.714397 6103.989317 6103.211904 6103.077371 6103.683150 6103.905939 0.000000 0.000000
0.000000 0.000000 7862.520321 7862.332425 7861.778964 7861.898439 7862.562441 7862.325968 7862.363130 7862.624819 7862.849185 7862.624819 7862.363130 7862.325968 7862.562441 7861.898439 7861.778964 7862.332425 7862.520321 0.000000 0.000000
0.000000 0.000000 9491.861238 9491.702487 9491.193596 9491.316817 9491.881368 9491.679089 9491.715239 9491.946976 9492.150337 9491.946976 9491.715239 9491.679089 9491.881368 9491.316817 9491.193596 9491.702487 9491.861238 0.000000 0.000000
0.000000 0.000000 10993.656142 10993.512169 10993.032550 10993.154726 10993.671359 10993.486927 10993.519052 10993.733899 10993.926076 10993.733899 10993.519052 10993.486927 10993.671359 10993.154726 10993.032550 10993.512169 10993.656142 0.000000 0.000000
0.000000 0.000000 12392.425770 12392.312006 12391.849998 12392.009629 12392.437607 12392.273837 12392.308189 12392.501346 12392.677039 12392.501346 12392.308189 12392.273837 12392.437607 12392.009629 12391.849998 12392.312006 12392.425770 0.000000 0.000000
0.000000 0.000000 13696.251458 13696.132792 13695.696096 13695.831346 13696.266380 13696.104449 13696.134447 13696.325194 13696.491115 13696.325194 13696.134447 13696.104449 13696.266380 13695.831346 13695.696096 13696.132792 13696.251458 0.000000 0.000000
0.000000 0.000000 14929.618697 14929.504984 14929.095773 14929.226585 14929.648331 14929.493957 14929.519098 14929.708350 14929.863895 14929.708350 14929.519098 14929.493957 14929.648331 14929.226585 14929.095773 14929.504984 14929.618697 0.000000 0.000000
0.000000 0.000000 16099.428035 16099.321654 16098.923619 16099.055745 16099.456406 16099.306953 16099.331058 16099.515481 16099.661996 16099.515481 16099.331058 16099.306953 16099.456406 16099.055745 16098.923619 16099.321654 16099.428035 0.000000 0.000000
0.000000 0.000000 17219.453398 17219.356057 17218.971510 17219.120400 17219.483311 17219.340916 17219.365660 17219.541978 17219.681248 17219.541978 17219.365660 17219.340916 17219.483311 17219.120400 17218.971510 17219.356057 17219.453398 0.000000 0.000000
0.000000 0.000000 18290.993393 18290.895753 18290.521246 18290.658372 18291.026412 18290.885748 18290.907781 18291.082706 18291.215217 18291.082706 18290.907781 18290.885748 18291.026412 18290.658372 18290.521246 18290.895753 18290.993393 0.000000 0.000000
0.000000 0.000000 19317.879543 19317.784116 19317.421419 19317.550878 19317.904852 19317.769552 19317.791739 19317.959341 19318.087940 19317.959341 19317.791739 19317.769552 19317.904852 19317.550878 19317.421419 19317.784116 19317.879540 0.000000 0.000000
0.000000 0.000000 20306.272144 20306.179519 20305.822872 20305.956137 20306.297215 20306.164736 20306.186603 20306.349967 20306.471237 20306.349967 20306.186603 20306.164736 20306.297215 20305.956137 20305.822872 20306.179498 20306.272143 0.000000 0.000000
0.000000 0.000000 21312.326574 21312.780784 21312.432546 21312.561479 21312.894029 21312.766105 21312.786426 21312.944859 21313.062697 21312.944859 21312.786426 21312.766105 21312.894029 21312.561478 21312.432528 21312.777450 21312.866726 0.000000 0.000000
0.000000 0.000000 0.000000 0.000000 0.000000 0.000000 0.000000 0.000000 0.000000 0.000000 0.000000 0.000000 0.000000 0.000000 0.000000 0.000000 0.000000 0.000000 0.000000 0.000000 0.000000
0.000000 0.000000 0.000000 0.000000 0.000000 0.000000 0.000000 0.000000 0.000000 0.000000 0.000000 0.000000 0.000000 0.000000 0.000000 0.000000 0.000000 0.000000 0.000000 0.000000 0.000000