geotop/1.0zi/1.0Montebello/Templates/testdem/maps/_Erotot6209.asc
ncols         21
nrows         20
xllcorner     100.000000
yllcorner     100.000000
cellsize      50.000000
NODATA_value  -9999.0
0.000000 0.000000 0.000000 0.000000 0.000000 0.000000 0.000000 0.000000 0.000000 0.000000 0.000000 0.000000 0.000000 0.000000 0.000000 0.000000 0.000000 0.000000 0.000000 0.000000 0.000000
0.000000 0.000000 480.736183 479.866971 479.663704 479.933253 479.392420 479.458169 479.401713 479.580955 479.967236 479.278417 479.219991 479.299972 479.450167 479.364347 480.072764 480.287098 480.280954 0.000000 0.000000
0.000000 0.000000 35.267790 35.999076 36.309646 37.028161 37.231962 37.016371 36.845824 36.623475 36.902995 37.205138 37.006736 37.240614 37.155210 36.930506 35.610083 34.759894 35.077211 0.000000 0.000000
0.000000 0.000000 191.088365 191.771323 184.112330 181.752926 183.080798 177.997919 177.103200 177.228552 175.491712 173.542277 175.988169 173.756048 178.083273 183.766335 183.761986 186.120335 190.380874 0.000000 0.000000
0.000000 0.000000 1940.015057 1944.155122 1947.784691 1927.579895 1912.349119 1900.818478 1903.782576 1900.309805 1904.212803 1908.866837 1905.709854 1904.290640 1914.622688 1915.466152 1924.300966 1932.518700 1934.048940 0.000000 0.000000
0.000000 0.000000 3475.538295 3470.259974 3467.159511 3462.103060 3452.951779 3445.596713 3443.608263 3443.683748 3442.042049 3439.210982 3436.399555 3438.912950 3440.935431 3457.217902 3462.712047 3467.012258 3469.449930 0.000000 0.000000
0.000000 0.000000 4632.315602 4629.621918 4626.160924 4621.793192 4608.619437 4591.241650 4591.316006 4587.723699 4589.680062 4592.467767 4594.568621 4595.822593 4616.179630 4625.938317 4630.606148 4632.095956 4637.568592 0.000000 0.000000
0.000000 0.000000 5317.219861 5318.423196 5316.834265 5310.055639 5309.147112 5301.609460 5302.073396 5302.409784 5301.032956 5298.534948 5298.302400 5302.130471 5303.028179 5306.036768 5314.834204 5313.382123 5316.878115 0.000000 0.000000
0.000000 0.000000 6281.988132 6279.094986 6274.290025 6274.774696 6267.718283 6256.740345 6257.099547 6254.386934 6251.760677 6252.859063 6254.018635 6249.204248 6263.304986 6271.994516 6274.636709 6275.813566 6277.762029 0.000000 0.000000
0.000000 0.000000 7398.787780 7396.180761 7397.674186 7396.522003 7381.251003 7373.479094 7374.794573 7373.826710 7371.604096 7374.668119 7378.007611 7376.364320 7380.467812 7391.605980 7396.087947 7396.608088 7397.773782 0.000000 0.000000
0.000000 0.000000 8604.505926 8604.500706 8603.958788 8589.015786 8586.059714 8574.788893 8578.288312 8568.994318 8571.312229 8570.216305 8565.344076 8573.209879 8578.556911 8580.393406 8587.639301 8593.963144 8601.832462 0.000000 0.000000
0.000000 0.000000 9870.635915 9865.753649 9860.009286 9857.740684 9853.298809 9837.733942 9836.547208 9835.637610 9842.286234 9834.932137 9837.070703 9836.884166 9853.668731 9857.633458 9859.674196 9860.502325 9880.806642 0.000000 0.000000
0.000000 0.000000 11156.257951 11154.108950 11154.604277 11146.503954 11141.975210 11113.014358 11111.462366 11111.028955 11095.939966 11105.155419 11109.225269 11111.813818 11130.290509 11134.697723 11149.775037 11149.461242 11156.771980 0.000000 0.000000
0.000000 0.000000 12570.304434 12571.489442 12563.735226 12562.153113 12531.760652 12540.536728 12529.568590 12531.048195 12532.138615 12531.417974 12530.001810 12526.637660 12516.737409 12549.683969 12555.651424 12567.086019 12574.806192 0.000000 0.000000
0.000000 0.000000 14106.508218 14101.174503 14097.120534 14069.264765 14069.512566 14052.508338 14038.895333 14037.094725 14031.686582 14024.988239 14028.435620 14026.899431 14043.642116 14047.419556 14093.253849 14083.968816 14084.498339 0.000000 0.000000
0.000000 0.000000 15692.200230 15691.241563 15649.903823 15650.431559 15655.534646 15647.768694 15666.503139 15658.458687 15665.026507 15660.152014 15654.156577 15664.228607 15668.462525 15667.960470 15644.364573 15702.665239 15695.985232 0.000000 0.000000
0.000000 0.000000 17508.139185 17456.419036 17455.080700 17443.355421 17414.726736 17406.694966 17396.694816 17400.181030 17384.206468 17384.669999 17390.971987 17390.062050 17404.222638 17417.845896 17454.421030 17445.061144 17502.768868 0.000000 0.000000
0.000000 0.000000 18721.526830 18740.906163 18794.734149 18787.356381 18772.951784 18729.441298 18730.820229 18715.110844 18729.268997 18726.840616 18732.500245 18728.912386 18767.318029 18779.638528 18804.655955 18750.140636 18731.363671 0.000000 0.000000
0.000000 0.000000 0.000000 0.000000 0.000000 0.000000 0.000000 0.000000 0.000000 0.000000 0.000000 0.000000 0.000000 0.000000 0.000000 0.000000 0.000000 0.000000 0.000000 0.000000 0.000000
0.000000 0.000000 0.000000 0.000000 0.000000 0.000000 0.000000 0.000000 0.000000 0.000000 0.000000 0.000000 0.000000 0.000000 0.000000 0.000000 0.000000 0.000000 0.000000 0.000000 0.000000