geotop/1.0zi/1.0Montebello/Templates/testdem/maps/_Erotot9007.asc
ncols         21
nrows         20
xllcorner     100.000000
yllcorner     100.000000
cellsize      50.000000
NODATA_value  -9999.0
0.000000 0.000000 0.000000 0.000000 0.000000 0.000000 0.000000 0.000000 0.000000 0.000000 0.000000 0.000000 0.000000 0.000000 0.000000 0.000000 0.000000 0.000000 0.000000 0.000000 0.000000
0.000000 0.000000 718.905038 719.543331 718.974794 719.061405 718.043741 718.168630 718.251267 718.325446 718.706722 718.072666 717.962260 718.000423 718.406251 718.533878 719.356860 719.945314 720.104485 0.000000 0.000000
0.000000 0.000000 55.985484 55.002350 55.300131 55.233063 56.057293 55.731468 55.360357 55.227199 55.431381 55.760334 55.818151 55.935647 55.708657 55.104255 53.832597 52.985924 53.595655 0.000000 0.000000
0.000000 0.000000 429.762735 431.493161 418.434415 412.198550 411.626917 405.760564 410.754166 412.429518 408.478646 406.879516 410.295793 409.802172 418.292893 426.766345 430.576736 424.978074 432.251251 0.000000 0.000000
0.000000 0.000000 3936.751401 3930.538656 3928.441758 3894.239421 3869.962269 3858.135223 3850.609895 3843.346631 3852.022650 3858.840442 3857.234069 3852.205666 3871.893030 3876.385004 3892.083717 3903.188897 3903.365155 0.000000 0.000000
0.000000 0.000000 6002.005158 5996.643994 5991.613038 5993.853140 5971.918760 5958.782799 5963.552562 5963.331137 5959.047059 5952.961024 5951.230795 5955.406875 5955.518249 5980.477103 5981.770622 5987.889044 5990.199031 0.000000 0.000000
0.000000 0.000000 7426.183405 7420.603992 7417.337169 7406.467637 7397.737367 7364.989310 7365.345299 7362.753044 7362.508107 7366.854253 7367.404386 7368.362767 7401.161247 7406.955482 7415.287993 7417.696655 7422.704363 0.000000 0.000000
0.000000 0.000000 8821.562387 8819.047715 8814.968699 8802.816699 8796.957794 8793.353162 8794.063185 8792.079446 8792.337339 8788.167150 8786.954238 8794.339628 8792.619251 8801.219360 8815.403951 8811.418871 8817.545583 0.000000 0.000000
0.000000 0.000000 10622.525560 10617.479171 10610.296973 10607.662224 10592.514826 10573.713645 10576.478596 10572.326916 10569.301741 10568.872022 10571.639232 10565.413116 10589.439355 10603.389323 10604.818461 10606.818012 10610.344254 0.000000 0.000000
0.000000 0.000000 12710.344393 12702.853982 12701.760240 12695.191564 12671.768389 12660.868482 12660.233169 12658.898197 12655.030702 12659.425984 12662.405936 12662.040848 12669.305851 12688.016314 12695.574618 12697.822808 12697.019233 0.000000 0.000000
0.000000 0.000000 15022.103383 15019.639633 15016.546719 14988.492606 14982.251689 14961.708429 14969.876928 14952.675199 14958.693285 14954.931003 14947.313763 14958.144980 14972.504912 14975.971458 14991.004521 14994.468009 15009.396113 0.000000 0.000000
0.000000 0.000000 17578.596834 17568.775820 17554.101502 17551.219160 17534.980294 17512.106762 17510.233079 17513.214598 17519.387018 17506.562592 17513.599058 17511.527450 17537.780631 17550.277335 17550.644270 17554.351577 17579.523899 0.000000 0.000000
0.000000 0.000000 20284.184595 20273.977067 20277.355899 20253.921511 20244.657891 20178.137165 20175.577314 20174.438168 20145.263775 20164.154978 20166.475516 20173.625924 20222.805749 20231.481675 20261.403190 20258.417885 20265.324789 0.000000 0.000000
0.000000 0.000000 23478.816095 23480.051397 23458.620876 23451.266424 23363.194021 23402.754775 23382.692320 23384.090122 23397.571708 23385.855193 23384.621214 23373.639002 23336.077565 23434.719582 23437.053365 23461.296121 23474.405492 0.000000 0.000000
0.000000 0.000000 27051.883707 27036.727369 27020.866276 26918.745641 26959.975558 26904.040303 26881.784832 26877.133430 26855.249906 26843.545391 26853.811733 26854.499404 26912.070627 26872.337507 27017.030378 26978.534830 26971.883249 0.000000 0.000000
0.000000 0.000000 30585.821574 30579.053673 30439.807873 30507.908064 30495.089741 30496.510260 30566.296202 30544.839213 30579.164535 30570.868133 30545.536639 30580.685839 30568.948494 30583.323793 30423.445252 30637.167485 30627.603466 0.000000 0.000000
0.000000 0.000000 34385.926351 34212.560175 34291.302221 34216.856544 34128.444234 34107.439811 34043.965182 34062.460316 34000.641201 34009.136964 34043.890350 34009.158131 34055.813128 34111.290048 34286.284995 34132.383617 34314.306649 0.000000 0.000000
0.000000 0.000000 35253.593761 35417.474529 35542.333503 35547.471782 35561.826301 35448.999339 35476.138471 35436.479992 35502.194900 35490.523786 35482.186124 35498.583715 35587.201333 35579.460817 35563.604350 35467.198273 35304.000356 0.000000 0.000000
0.000000 0.000000 0.000000 0.000000 0.000000 0.000000 0.000000 0.000000 0.000000 0.000000 0.000000 0.000000 0.000000 0.000000 0.000000 0.000000 0.000000 0.000000 0.000000 0.000000 0.000000
0.000000 0.000000 0.000000 0.000000 0.000000 0.000000 0.000000 0.000000 0.000000 0.000000 0.000000 0.000000 0.000000 0.000000 0.000000 0.000000 0.000000 0.000000 0.000000 0.000000 0.000000