geotop/1.0zi/1.0Montebello/Templates/testdem/maps/_Erotot7578.asc
ncols         21
nrows         20
xllcorner     100.000000
yllcorner     100.000000
cellsize      50.000000
NODATA_value  -9999.0
0.000000 0.000000 0.000000 0.000000 0.000000 0.000000 0.000000 0.000000 0.000000 0.000000 0.000000 0.000000 0.000000 0.000000 0.000000 0.000000 0.000000 0.000000 0.000000 0.000000 0.000000
0.000000 0.000000 642.739342 643.683544 643.080335 643.240815 642.368620 642.568730 642.515485 642.620272 643.043541 642.375706 642.259306 642.300579 642.646161 642.688936 643.489397 644.073474 644.144392 0.000000 0.000000
0.000000 0.000000 50.052006 48.829094 48.974775 49.351572 49.766199 49.443550 49.178427 49.016283 49.258031 49.593519 49.615153 49.779439 49.528268 49.201774 47.791574 46.855369 47.609876 0.000000 0.000000
0.000000 0.000000 353.342866 354.628232 342.467289 336.708708 337.512914 326.129581 326.198828 327.074310 323.413800 321.580443 323.782773 323.931594 334.242809 341.103686 345.739147 348.693052 353.598390 0.000000 0.000000
0.000000 0.000000 2988.997483 2992.198238 2995.989061 2974.293749 2955.684876 2945.846257 2945.382265 2941.665213 2947.848233 2953.976947 2948.530366 2946.946890 2961.484014 2964.315341 2973.963133 2982.541919 2982.047171 0.000000 0.000000
0.000000 0.000000 4770.157375 4764.415510 4760.855547 4754.977925 4740.557568 4730.912652 4731.689074 4730.531563 4727.278124 4721.514478 4720.688430 4723.894956 4723.061839 4742.468741 4750.399998 4757.267466 4760.305700 0.000000 0.000000
0.000000 0.000000 6044.457386 6041.484335 6037.185708 6030.582749 6017.108483 5996.040468 5995.061384 5991.422509 5992.754391 5996.623155 5997.993468 5998.531640 6025.547511 6035.255595 6040.652878 6043.368432 6048.554125 0.000000 0.000000
0.000000 0.000000 7072.478063 7072.955940 7070.202152 7060.751860 7058.627155 7049.738808 7050.025913 7050.042919 7048.949550 7045.250536 7044.426327 7050.513145 7052.002073 7056.492871 7068.650000 7067.223910 7072.056545 0.000000 0.000000
0.000000 0.000000 8431.191864 8427.017355 8421.050708 8421.009692 8410.456311 8395.732218 8396.951422 8392.719279 8390.494519 8390.469681 8392.702951 8387.009050 8405.152193 8418.606135 8420.244504 8423.841254 8425.159000 0.000000 0.000000
0.000000 0.000000 9988.088839 9984.902913 9985.437871 9981.617375 9962.017581 9952.774504 9952.547406 9952.369438 9948.982737 9952.485933 9955.454576 9954.723063 9961.201807 9974.967395 9982.346780 9984.254388 9985.291530 0.000000 0.000000
0.000000 0.000000 11687.584893 11686.951076 11684.441497 11665.147126 11659.584385 11644.692246 11650.227441 11637.561143 11641.325691 11639.852440 11632.993953 11642.647183 11651.566847 11654.191545 11666.280557 11673.198121 11683.520909 0.000000 0.000000
0.000000 0.000000 13519.155852 13511.800342 13504.381881 13501.156979 13491.734541 13472.519804 13469.295748 13469.879431 13476.899606 13466.475892 13470.190055 13470.176672 13491.695877 13499.608468 13502.374530 13506.305044 13528.791169 0.000000 0.000000
0.000000 0.000000 15412.567827 15408.234814 15408.721500 15395.935188 15389.337200 15344.411574 15342.784208 15342.081689 15321.749757 15333.496601 15337.573406 15342.021500 15373.299677 15379.952941 15402.010520 15401.762506 15409.468408 0.000000 0.000000
0.000000 0.000000 17566.568074 17569.093609 17556.688257 17552.450038 17499.831692 17517.327302 17502.688684 17503.996416 17509.324655 17505.441581 17503.292652 17498.908104 17479.988879 17537.103577 17543.672929 17562.565593 17571.715841 0.000000 0.000000
0.000000 0.000000 19969.070116 19961.488225 19953.378363 19897.239820 19907.353325 19879.237086 19860.859807 19858.280353 19847.583536 19837.950797 19843.163455 19841.850379 19874.087661 19866.762282 19949.469199 19933.398520 19931.397809 0.000000 0.000000
0.000000 0.000000 22479.988797 22477.364405 22396.063311 22416.948155 22419.064482 22408.883478 22445.846995 22432.220507 22448.662039 22440.813221 22428.315055 22449.492245 22452.270567 22452.826372 22388.453975 22506.825461 22498.749379 0.000000 0.000000
0.000000 0.000000 25478.703062 25361.334395 25385.505275 25349.246523 25286.889541 25274.035413 25243.478267 25252.855449 25216.370095 25219.767388 25237.649912 25223.733970 25252.160801 25290.124104 25383.478322 25325.155619 25450.474421 0.000000 0.000000
0.000000 0.000000 26835.568427 26938.697643 27052.424190 27049.938227 27046.992801 26950.213068 26962.346028 26931.003005 26975.169600 26966.903499 26966.351179 26973.497202 27055.153483 27058.346867 27073.422853 26975.134345 26873.692331 0.000000 0.000000
0.000000 0.000000 0.000000 0.000000 0.000000 0.000000 0.000000 0.000000 0.000000 0.000000 0.000000 0.000000 0.000000 0.000000 0.000000 0.000000 0.000000 0.000000 0.000000 0.000000 0.000000
0.000000 0.000000 0.000000 0.000000 0.000000 0.000000 0.000000 0.000000 0.000000 0.000000 0.000000 0.000000 0.000000 0.000000 0.000000 0.000000 0.000000 0.000000 0.000000 0.000000 0.000000