geotop/1.0zi/1.0Montebello/Templates/testdem/maps/_Erotot4612.asc
ncols         21
nrows         20
xllcorner     100.000000
yllcorner     100.000000
cellsize      50.000000
NODATA_value  -9999.0
0.000000 0.000000 0.000000 0.000000 0.000000 0.000000 0.000000 0.000000 0.000000 0.000000 0.000000 0.000000 0.000000 0.000000 0.000000 0.000000 0.000000 0.000000 0.000000 0.000000 0.000000
0.000000 0.000000 346.105945 345.645793 345.431440 345.263755 345.270612 345.309474 345.346993 345.345507 345.332065 345.335179 345.337077 345.381336 345.267848 345.306776 345.500730 345.433207 345.546750 0.000000 0.000000
0.000000 0.000000 27.235839 27.862564 28.252139 29.321378 28.930549 29.009669 28.607796 28.543389 28.578411 28.888135 28.603917 28.360235 28.845223 28.590964 27.691213 27.095460 26.896202 0.000000 0.000000
0.000000 0.000000 137.689370 138.908224 131.818791 129.476482 130.561399 125.594535 124.861167 124.505925 123.636177 123.089321 124.123119 122.731779 125.465338 130.417391 130.983673 133.248438 135.886115 0.000000 0.000000
0.000000 0.000000 1344.023443 1348.150052 1353.510443 1336.369278 1325.188819 1317.231327 1319.699313 1313.872571 1318.123537 1322.358760 1322.672569 1323.164993 1332.456603 1331.432062 1336.860769 1342.611287 1344.471143 0.000000 0.000000
0.000000 0.000000 2626.973645 2622.293714 2618.768188 2616.149970 2610.917012 2607.797133 2605.128158 2606.850830 2606.456713 2603.866947 2600.026261 2601.204013 2600.701457 2613.579199 2617.716439 2617.789707 2620.625831 0.000000 0.000000
0.000000 0.000000 3314.328400 3310.291534 3306.376775 3303.308855 3295.120706 3280.393547 3282.133826 3278.865303 3281.470309 3280.617157 3282.872397 3284.080330 3298.486808 3305.273012 3311.794467 3315.580523 3318.534710 0.000000 0.000000
0.000000 0.000000 3785.529519 3785.650793 3786.504777 3781.827524 3779.934719 3775.117821 3775.745457 3775.944488 3773.750545 3774.721648 3773.544306 3772.639659 3775.688069 3779.971034 3781.879131 3781.247327 3782.710477 0.000000 0.000000
0.000000 0.000000 4436.369260 4436.323871 4434.081403 4431.997755 4427.963102 4419.513132 4419.806213 4417.884491 4418.426729 4419.078979 4418.209461 4418.720075 4424.050031 4431.712115 4431.778230 4433.273668 4436.926868 0.000000 0.000000
0.000000 0.000000 5186.221096 5184.767139 5185.370113 5181.677469 5173.499335 5168.604031 5170.269270 5169.274593 5169.352837 5169.428432 5168.412079 5166.706345 5174.021300 5180.561610 5182.847298 5183.871859 5185.152940 0.000000 0.000000
0.000000 0.000000 5977.640696 5976.098076 5975.072513 5973.134328 5970.934823 5960.527784 5960.881965 5958.289108 5958.449859 5959.490539 5958.349579 5958.127688 5963.152228 5965.830346 5970.613569 5972.691721 5975.680422 0.000000 0.000000
0.000000 0.000000 6803.031529 6802.609431 6800.553170 6794.017371 6789.688492 6781.727926 6780.802457 6780.300088 6780.425210 6779.647681 6779.247725 6779.119908 6788.114422 6794.052076 6797.476564 6798.653702 6815.550304 0.000000 0.000000
0.000000 0.000000 7631.616156 7629.997616 7628.213459 7625.593461 7618.681694 7599.823595 7600.143752 7598.298252 7598.222811 7598.868820 7597.276772 7597.664844 7613.546730 7621.599437 7624.855792 7626.376542 7628.709485 0.000000 0.000000
0.000000 0.000000 8515.598426 8513.012836 8511.305155 8507.603206 8488.830304 8497.073814 8491.274941 8490.293431 8490.714778 8491.082704 8489.789611 8489.452030 8483.482810 8501.894283 8505.818022 8511.070640 8510.934007 0.000000 0.000000
0.000000 0.000000 9459.428894 9455.007574 9450.872431 9438.632768 9436.317797 9420.230820 9412.317232 9410.512378 9406.291731 9405.943733 9406.967577 9404.590026 9415.630015 9423.692867 9445.033805 9440.744560 9442.097513 0.000000 0.000000
0.000000 0.000000 10399.915432 10399.905381 10379.844591 10383.136580 10382.873502 10381.918477 10384.683357 10384.588295 10387.376470 10387.251647 10384.079139 10388.983962 10386.638193 10385.634163 10374.611465 10398.387253 10402.941218 0.000000 0.000000
0.000000 0.000000 11466.925229 11443.449639 11435.634590 11428.015464 11413.851128 11407.639974 11405.963698 11405.099992 11401.395095 11401.749070 11401.877327 11399.091670 11403.779900 11420.368064 11433.778668 11434.533199 11458.802253 0.000000 0.000000
0.000000 0.000000 12258.231034 12261.994074 12284.032763 12274.620828 12268.561618 12245.333986 12243.741681 12240.833225 12242.555771 12242.360691 12240.710465 12241.921028 12263.905605 12272.802124 12284.612026 12258.949417 12261.049671 0.000000 0.000000
0.000000 0.000000 0.000000 0.000000 0.000000 0.000000 0.000000 0.000000 0.000000 0.000000 0.000000 0.000000 0.000000 0.000000 0.000000 0.000000 0.000000 0.000000 0.000000 0.000000 0.000000
0.000000 0.000000 0.000000 0.000000 0.000000 0.000000 0.000000 0.000000 0.000000 0.000000 0.000000 0.000000 0.000000 0.000000 0.000000 0.000000 0.000000 0.000000 0.000000 0.000000 0.000000