geotop/1.0zi/1.0Montebello/Templates/testdem/maps/_Erotot2033.asc
ncols         21
nrows         20
xllcorner     100.000000
yllcorner     100.000000
cellsize      50.000000
NODATA_value  -9999.0
0.000000 0.000000 0.000000 0.000000 0.000000 0.000000 0.000000 0.000000 0.000000 0.000000 0.000000 0.000000 0.000000 0.000000 0.000000 0.000000 0.000000 0.000000 0.000000 0.000000 0.000000
0.000000 0.000000 206.328374 206.330700 206.368186 206.358094 206.315506 206.331586 206.334266 206.323395 206.325572 206.323395 206.334266 206.331586 206.315506 206.358094 206.368186 206.330700 206.328374 0.000000 0.000000
0.000000 0.000000 11.118186 10.897094 9.116073 10.957965 11.166148 11.141556 11.149090 11.161129 11.157045 11.161129 11.149090 11.141556 11.166148 10.957965 9.116073 10.897094 11.118186 0.000000 0.000000
0.000000 0.000000 1424.485437 1424.276631 1424.469109 1422.403739 1424.646450 1424.189293 1424.218090 1424.954270 1424.973026 1424.954270 1424.218090 1424.189293 1424.646450 1422.403739 1424.469109 1424.276631 1424.485437 0.000000 0.000000
0.000000 0.000000 2878.781560 2878.569485 2877.968613 2878.653287 2879.099046 2878.903158 2878.859709 2879.024232 2878.994298 2879.024232 2878.859709 2878.903158 2879.099046 2878.653287 2877.968613 2878.569485 2878.781560 0.000000 0.000000
0.000000 0.000000 3742.534046 3742.367207 3741.755979 3741.872707 3742.747951 3742.476314 3742.503039 3742.822151 3742.863772 3742.822151 3742.503039 3742.476314 3742.747951 3741.872707 3741.755979 3742.367207 3742.534046 0.000000 0.000000
0.000000 0.000000 4894.367408 4894.233702 4893.669358 4893.787001 4894.533739 4894.301271 4894.333715 4894.616379 4894.670896 4894.616379 4894.333715 4894.301271 4894.533739 4893.787001 4893.669358 4894.233702 4894.367408 0.000000 0.000000
0.000000 0.000000 5987.297213 5987.187130 5986.659457 5986.781287 5987.430491 5987.231176 5987.260349 5987.513271 5987.568513 5987.513271 5987.260349 5987.231176 5987.430491 5986.781287 5986.659457 5987.187130 5987.297213 0.000000 0.000000
0.000000 0.000000 7015.526609 7015.425237 7014.921586 7015.041772 7015.646878 7015.462402 7015.489773 7015.728447 7015.783300 7015.728447 7015.489773 7015.462402 7015.646878 7015.041772 7014.921586 7015.425237 7015.526609 0.000000 0.000000
0.000000 0.000000 7991.264438 7991.189712 7990.696086 7990.853986 7991.370984 7991.206525 7991.238437 7991.455292 7991.508461 7991.455292 7991.238437 7991.206525 7991.370984 7990.853986 7990.696086 7991.189712 7991.264438 0.000000 0.000000
0.000000 0.000000 8920.310215 8920.226381 8919.750845 8919.882953 8920.414957 8920.250041 8920.277460 8920.492648 8920.543571 8920.492648 8920.277460 8920.250041 8920.414957 8919.882953 8919.750845 8920.226381 8920.310215 0.000000 0.000000
0.000000 0.000000 9811.499912 9811.414078 9810.953796 9811.078742 9811.599755 9811.440880 9811.466977 9811.675948 9811.726802 9811.675948 9811.466977 9811.440880 9811.599755 9811.078742 9810.953796 9811.414078 9811.499912 0.000000 0.000000
0.000000 0.000000 10673.967554 10673.884874 10673.430009 10673.555612 10674.060209 10673.904795 10673.930931 10674.135268 10674.184609 10674.135268 10673.930931 10673.904795 10674.060209 10673.555612 10673.430009 10673.884874 10673.967554 0.000000 0.000000
0.000000 0.000000 11510.636095 11510.560080 11510.113001 11510.257394 11510.726055 11510.576359 11510.604110 11510.801218 11510.849348 11510.801218 11510.604110 11510.576359 11510.726055 11510.257394 11510.113001 11510.560080 11510.636095 0.000000 0.000000
0.000000 0.000000 12324.429261 12324.350400 12323.904778 12324.037802 12324.514399 12324.365188 12324.391562 12324.588337 12324.635380 12324.588337 12324.391562 12324.365188 12324.514399 12324.037802 12323.904778 12324.350400 12324.429261 0.000000 0.000000
0.000000 0.000000 13117.726139 13117.648484 13117.213311 13117.339238 13117.805605 13117.660488 13117.686614 13117.878878 13117.925469 13117.878878 13117.686614 13117.660488 13117.805605 13117.339238 13117.213311 13117.648484 13117.726134 0.000000 0.000000
0.000000 0.000000 13890.161732 13890.084800 13889.649947 13889.779150 13890.239238 13890.094541 13890.120069 13890.309142 13890.354359 13890.309142 13890.120069 13890.094541 13890.239238 13889.779150 13889.649947 13890.084779 13890.161280 0.000000 0.000000
0.000000 0.000000 14675.532680 14675.799175 14675.371879 14675.496121 14675.954492 14675.810758 14675.834084 14676.021183 14676.065302 14676.021183 14675.834084 14675.810758 14675.954492 14675.496121 14675.371860 14675.795737 14675.871896 0.000000 0.000000
0.000000 0.000000 0.000000 0.000000 0.000000 0.000000 0.000000 0.000000 0.000000 0.000000 0.000000 0.000000 0.000000 0.000000 0.000000 0.000000 0.000000 0.000000 0.000000 0.000000 0.000000
0.000000 0.000000 0.000000 0.000000 0.000000 0.000000 0.000000 0.000000 0.000000 0.000000 0.000000 0.000000 0.000000 0.000000 0.000000 0.000000 0.000000 0.000000 0.000000 0.000000 0.000000