geotop/1.0zi/1.0Montebello/Templates/testdem/maps/_Erotot8537.asc
ncols         21
nrows         20
xllcorner     100.000000
yllcorner     100.000000
cellsize      50.000000
NODATA_value  -9999.0
0.000000 0.000000 0.000000 0.000000 0.000000 0.000000 0.000000 0.000000 0.000000 0.000000 0.000000 0.000000 0.000000 0.000000 0.000000 0.000000 0.000000 0.000000 0.000000 0.000000 0.000000
0.000000 0.000000 686.608668 687.426953 686.862257 686.954893 685.932898 686.089235 686.075066 686.151490 686.527127 685.902767 685.784638 685.832745 686.208187 686.365096 687.205121 687.757257 687.975757 0.000000 0.000000
0.000000 0.000000 53.426587 52.424495 52.684288 52.758528 53.398462 53.044534 52.750453 52.605723 52.826681 53.139520 53.207127 53.309248 53.146329 52.631844 51.356116 50.500316 51.023034 0.000000 0.000000
0.000000 0.000000 354.319591 355.425275 343.042418 337.799256 338.341346 327.035659 327.132496 327.964996 324.311812 322.507541 324.665992 324.857868 335.045964 342.181366 346.798869 349.787884 354.997494 0.000000 0.000000
0.000000 0.000000 3502.709993 3499.835367 3500.813013 3473.540067 3450.788925 3440.794434 3439.984226 3434.065524 3443.047991 3450.266062 3449.498695 3444.511752 3460.806858 3463.027418 3476.456739 3485.082868 3485.953773 0.000000 0.000000
0.000000 0.000000 5595.666697 5591.800614 5586.896250 5582.243184 5566.604526 5556.006280 5557.645502 5556.325267 5552.517312 5546.572804 5545.021114 5548.878694 5548.379088 5570.053615 5576.217086 5582.266319 5584.953102 0.000000 0.000000
0.000000 0.000000 6930.134418 6925.457154 6923.027592 6915.363894 6901.041984 6875.700664 6874.965604 6872.435865 6872.451505 6877.046391 6877.730217 6878.593795 6907.884626 6917.781268 6923.484730 6926.879690 6931.966325 0.000000 0.000000
0.000000 0.000000 8193.405345 8193.479158 8189.958053 8178.714181 8176.191906 8166.965189 8167.204390 8164.938913 8165.256501 8161.217690 8160.031359 8166.949326 8169.021783 8174.171839 8187.838942 8185.759009 8191.437470 0.000000 0.000000
0.000000 0.000000 9845.009366 9839.549359 9833.129616 9832.242714 9818.518373 9801.998853 9804.011797 9800.254366 9797.657371 9797.475533 9800.257501 9794.013968 9814.266624 9828.836157 9830.826201 9835.072904 9836.950972 0.000000 0.000000
0.000000 0.000000 11738.588035 11734.065387 11733.771128 11729.307748 11706.981429 11696.363861 11695.389784 11695.111761 11691.298326 11695.838077 11698.805205 11698.245794 11705.653090 11721.820238 11729.785651 11732.385574 11733.011554 0.000000 0.000000
0.000000 0.000000 13828.092791 13827.568649 13825.243908 13800.325879 13794.886884 13775.210419 13783.607255 13767.140511 13773.522347 13770.355079 13763.350375 13773.483735 13785.646948 13787.968760 13802.688031 13809.398444 13821.715558 0.000000 0.000000
0.000000 0.000000 16114.081998 16103.422508 16094.126500 16092.091564 16077.488848 16057.647476 16051.399051 16054.403882 16060.827993 16049.232374 16055.641982 16053.909461 16078.577742 16090.083985 16092.201906 16097.663599 16121.766985 0.000000 0.000000
0.000000 0.000000 18517.215373 18510.429538 18513.461515 18493.895667 18487.222194 18428.582465 18426.463694 18426.108767 18400.462767 18417.311415 18419.880736 18426.035289 18467.972751 18474.655441 18502.794205 18500.966258 18509.464963 0.000000 0.000000
0.000000 0.000000 21313.546869 21316.623886 21299.858250 21294.208603 21220.950834 21248.733264 21231.478848 21232.012223 21242.506690 21233.673820 21233.059791 21223.749238 21196.131360 21276.878268 21281.230903 21306.298008 21317.300559 0.000000 0.000000
0.000000 0.000000 24470.235002 24459.327538 24446.916543 24363.408183 24388.334006 24345.080622 24322.603149 24319.240440 24302.287115 24291.683100 24299.991416 24299.679127 24346.567871 24322.825205 24443.126580 24416.172617 24411.963383 0.000000 0.000000
0.000000 0.000000 27711.164457 27706.452443 27587.833706 27636.112441 27631.526312 27625.867757 27682.676046 27664.126804 27692.867631 27684.441561 27664.200562 27694.297374 27690.209004 27694.601378 27575.758940 27757.578691 27748.634095 0.000000 0.000000
0.000000 0.000000 31468.757663 31300.196127 31363.020510 31298.047448 31210.973607 31190.073758 31134.876202 31150.542010 31093.736822 31101.442966 31132.874737 31102.545883 31146.294089 31202.766503 31359.169764 31232.041923 31411.552049 0.000000 0.000000
0.000000 0.000000 32509.961988 32684.061847 32821.741900 32828.925172 32843.970321 32720.465169 32747.298548 32704.846808 32774.986602 32762.796013 32754.243297 32771.642263 32870.975547 32861.017749 32847.865160 32744.127851 32570.864727 0.000000 0.000000
0.000000 0.000000 0.000000 0.000000 0.000000 0.000000 0.000000 0.000000 0.000000 0.000000 0.000000 0.000000 0.000000 0.000000 0.000000 0.000000 0.000000 0.000000 0.000000 0.000000 0.000000
0.000000 0.000000 0.000000 0.000000 0.000000 0.000000 0.000000 0.000000 0.000000 0.000000 0.000000 0.000000 0.000000 0.000000 0.000000 0.000000 0.000000 0.000000 0.000000 0.000000 0.000000