geotop/1.0zi/1.0Montebello/Templates/testdem/maps/_Erotot8337.asc
ncols         21
nrows         20
xllcorner     100.000000
yllcorner     100.000000
cellsize      50.000000
NODATA_value  -9999.0
0.000000 0.000000 0.000000 0.000000 0.000000 0.000000 0.000000 0.000000 0.000000 0.000000 0.000000 0.000000 0.000000 0.000000 0.000000 0.000000 0.000000 0.000000 0.000000 0.000000 0.000000
0.000000 0.000000 680.537511 681.334772 680.783733 680.888088 679.876360 680.034409 680.021263 680.084392 680.517418 679.842755 679.721119 679.773201 680.149238 680.304389 681.140963 681.689576 681.905761 0.000000 0.000000
0.000000 0.000000 52.621289 51.638074 51.879933 51.943611 52.577642 52.255200 51.961826 51.824192 52.053279 52.412533 52.432058 52.581549 52.336310 51.825141 50.552542 49.697961 50.222304 0.000000 0.000000
0.000000 0.000000 354.821327 355.956102 343.588023 338.333223 338.895942 327.582928 327.675790 328.522570 324.866391 323.082983 325.236144 325.380905 335.641977 342.710048 347.315669 350.215863 355.433456 0.000000 0.000000
0.000000 0.000000 3390.746088 3393.234035 3397.068493 3374.104684 3354.509401 3342.601764 3340.442051 3336.102740 3342.969575 3348.344345 3343.805383 3342.471786 3357.556939 3361.944192 3374.246992 3384.869775 3384.719405 0.000000 0.000000
0.000000 0.000000 5393.649218 5388.220278 5383.962915 5377.660640 5361.657206 5351.841583 5353.427495 5352.235641 5349.001848 5343.106936 5342.144856 5345.347557 5345.075511 5365.503789 5372.911698 5379.016876 5382.038161 0.000000 0.000000
0.000000 0.000000 6716.241882 6713.266508 6708.721949 6701.707394 6687.641036 6664.850799 6663.705161 6659.923310 6661.376132 6665.112090 6666.611895 6667.129951 6695.656499 6705.998838 6711.815132 6714.740209 6720.035907 0.000000 0.000000
0.000000 0.000000 7923.374027 7923.708257 7920.783153 7910.562646 7907.588695 7897.573708 7897.578432 7897.431686 7896.462464 7892.495666 7891.786875 7898.083856 7900.350577 7905.789441 7918.791999 7917.561627 7922.700038 0.000000 0.000000
0.000000 0.000000 9502.598911 9498.091017 9491.750970 9491.138318 9479.388708 9463.215760 9464.295698 9459.699891 9457.656729 9457.374447 9459.881641 9454.069942 9473.407932 9488.059082 9490.473816 9494.576038 9496.050167 0.000000 0.000000
0.000000 0.000000 11310.844263 11307.421042 11307.736433 11303.020991 11281.673193 11271.069368 11270.401631 11270.213919 11266.728794 11270.250461 11273.465459 11272.757086 11280.240404 11295.589368 11303.970047 11306.385703 11307.559526 0.000000 0.000000
0.000000 0.000000 13300.986774 13300.276969 13297.336399 13276.091459 13269.571424 13252.503539 13258.218867 13244.410721 13248.730833 13246.851980 13239.615691 13250.042396 13260.232527 13263.802148 13277.353163 13285.144237 13296.277070 0.000000 0.000000
0.000000 0.000000 15470.268112 15462.020850 15453.581755 15449.804430 15438.339463 15416.687262 15412.411315 15413.416927 15421.091086 15409.427956 15413.953382 15413.611098 15437.873359 15447.686761 15451.289825 15455.866517 15480.356022 0.000000 0.000000
0.000000 0.000000 17741.467730 17736.596669 17737.268821 17722.241600 17714.213283 17659.499299 17657.499940 17656.414588 17633.221035 17646.904936 17651.351206 17656.603764 17694.896727 17703.332176 17728.968256 17729.145101 17736.395955 0.000000 0.000000
0.000000 0.000000 20368.352029 20371.298076 20356.580242 20351.498216 20284.017609 20308.714922 20290.896746 20292.470823 20300.821164 20294.767996 20292.070529 20286.447379 20261.481463 20334.192839 20341.133341 20364.093776 20374.612658 0.000000 0.000000
0.000000 0.000000 23331.866266 23322.958586 23313.266844 23236.436026 23256.924528 23218.021161 23197.042749 23193.167625 23178.957724 23167.371776 23175.146879 23173.998310 23216.529276 23199.650175 23308.950145 23286.871728 23283.372474 0.000000 0.000000
0.000000 0.000000 26401.362735 26398.331531 26288.165189 26329.298772 26327.698238 26320.033357 26370.665932 26354.315973 26378.980669 26370.603209 26352.031634 26380.781029 26378.598463 26381.582568 26279.169590 26444.713834 26435.675007 0.000000 0.000000
0.000000 0.000000 30022.350384 29864.016742 29917.040518 29860.320322 29777.964409 29759.908440 29710.055643 29724.409771 29672.257529 29678.167694 29706.453984 29680.491842 29719.406939 29772.858332 29914.780844 29805.690319 29975.104403 0.000000 0.000000
0.000000 0.000000 31160.453671 31324.272833 31461.394271 31468.998909 31481.062726 31359.274545 31383.220469 31341.816966 31408.327328 31396.453037 31389.077882 31405.505205 31503.817086 31496.504067 31487.940055 31382.604636 31220.203278 0.000000 0.000000
0.000000 0.000000 0.000000 0.000000 0.000000 0.000000 0.000000 0.000000 0.000000 0.000000 0.000000 0.000000 0.000000 0.000000 0.000000 0.000000 0.000000 0.000000 0.000000 0.000000 0.000000
0.000000 0.000000 0.000000 0.000000 0.000000 0.000000 0.000000 0.000000 0.000000 0.000000 0.000000 0.000000 0.000000 0.000000 0.000000 0.000000 0.000000 0.000000 0.000000 0.000000 0.000000