geotop/1.0zi/1.0Montebello/Templates/testdem/maps/_Erotot8161.asc
ncols         21
nrows         20
xllcorner     100.000000
yllcorner     100.000000
cellsize      50.000000
NODATA_value  -9999.0
0.000000 0.000000 0.000000 0.000000 0.000000 0.000000 0.000000 0.000000 0.000000 0.000000 0.000000 0.000000 0.000000 0.000000 0.000000 0.000000 0.000000 0.000000 0.000000 0.000000 0.000000
0.000000 0.000000 675.909083 676.707618 676.158148 676.263906 675.253601 675.413049 675.399725 675.462974 675.896003 675.221323 675.099668 675.151800 675.526355 675.680199 676.515330 677.062590 677.277394 0.000000 0.000000
0.000000 0.000000 52.204196 51.221096 51.462866 51.526517 52.160680 51.838266 51.545080 51.407315 51.636383 51.995643 52.015182 52.164623 51.919453 51.408021 50.135368 49.280806 49.805073 0.000000 0.000000
0.000000 0.000000 354.801321 355.934570 343.577567 338.317589 338.882124 327.565382 327.665897 328.501586 324.849792 323.069004 325.221273 325.367500 335.627428 342.695627 347.303991 350.207765 355.426283 0.000000 0.000000
0.000000 0.000000 3341.939842 3344.369346 3346.518162 3323.510824 3303.776386 3292.205382 3291.398852 3286.683391 3293.581771 3298.715062 3294.235332 3292.797812 3307.889706 3311.740015 3323.067494 3332.878405 3333.132235 0.000000 0.000000
0.000000 0.000000 5287.463773 5282.061114 5278.590211 5272.414259 5256.763728 5247.000478 5247.868839 5246.827716 5243.501588 5237.789762 5236.824772 5240.043494 5239.591838 5259.910643 5267.766501 5273.995070 5276.993160 0.000000 0.000000
0.000000 0.000000 6612.659424 6609.686914 6605.055227 6598.035917 6583.953862 6561.477437 6560.397275 6556.602725 6558.031687 6561.745237 6563.259939 6563.758894 6592.021233 6602.308858 6608.085375 6610.919532 6616.266271 0.000000 0.000000
0.000000 0.000000 7792.201487 7792.524089 7789.378311 7779.211926 7776.329204 7766.486050 7766.655268 7766.466303 7765.484903 7761.519480 7760.832546 7767.094764 7769.253724 7774.474706 7787.288004 7785.917287 7791.097613 0.000000 0.000000
0.000000 0.000000 9333.572660 9329.072176 9322.493975 9321.921162 9310.309268 9294.406199 9295.671474 9291.034784 9288.982740 9288.701091 9291.217995 9285.392830 9304.523586 9318.890091 9321.091217 9324.946592 9326.547512 0.000000 0.000000
0.000000 0.000000 11098.181948 11094.766120 11094.783053 11090.137029 11069.013614 11058.681028 11058.232532 11057.984145 11054.504656 11058.008066 11061.221081 11060.490090 11067.785336 11082.789950 11090.897583 11093.028645 11094.365782 0.000000 0.000000
0.000000 0.000000 13036.703142 13035.977806 13032.733941 13011.702215 13005.319089 12988.635652 12994.530076 12980.793847 12985.054560 12983.196503 12976.064519 12986.345568 12996.302462 12999.579341 13012.783781 13020.190075 13031.421624 0.000000 0.000000
0.000000 0.000000 15144.182106 15136.016036 15127.315504 15123.571313 15112.368771 15091.221215 15087.295921 15088.151599 15095.722530 15084.219216 15088.677440 15088.362094 15112.115777 15121.480917 15124.797513 15129.016395 15153.418558 0.000000 0.000000
0.000000 0.000000 17345.745124 17340.897554 17341.105748 17326.329239 17318.526825 17265.625322 17263.907227 17262.801066 17240.103133 17253.428291 17257.860482 17262.952882 17299.910078 17307.878926 17332.763644 17332.568189 17340.194944 0.000000 0.000000
0.000000 0.000000 19884.926696 19887.761779 19872.914809 19867.869957 19803.053984 19826.467761 19809.445572 19810.857220 19818.682303 19812.971737 19810.455014 19805.017972 19781.138678 19850.841833 19857.556569 19879.488179 19890.072613 0.000000 0.000000
0.000000 0.000000 22745.695432 22736.947840 22726.925814 22653.760717 22672.052733 22635.233538 22614.941685 22611.178094 22597.647389 22586.333272 22593.723371 22592.495454 22633.070892 22618.001841 22722.285076 22700.935926 22698.088235 0.000000 0.000000
0.000000 0.000000 25716.205381 25713.135702 25607.472588 25644.475005 25643.675558 25635.317214 25683.885079 25667.846218 25691.066604 25682.690906 25665.276831 25692.708894 25691.659767 25693.810315 25598.314109 25755.079007 25746.573347 0.000000 0.000000
0.000000 0.000000 29241.138835 29088.773330 29136.044009 29082.654126 29002.969604 28985.781290 28939.456304 28952.872186 28903.224009 28908.691337 28935.367670 28911.352767 28948.596614 28999.694405 29133.358920 29032.618515 29195.848464 0.000000 0.000000
0.000000 0.000000 30421.967520 30577.738376 30712.446453 30718.435324 30728.270508 30609.330632 30631.765371 30591.501686 30655.084582 30643.640014 30637.373390 30652.432935 30749.067309 30743.068900 30738.078001 30631.835665 30477.903093 0.000000 0.000000
0.000000 0.000000 0.000000 0.000000 0.000000 0.000000 0.000000 0.000000 0.000000 0.000000 0.000000 0.000000 0.000000 0.000000 0.000000 0.000000 0.000000 0.000000 0.000000 0.000000 0.000000
0.000000 0.000000 0.000000 0.000000 0.000000 0.000000 0.000000 0.000000 0.000000 0.000000 0.000000 0.000000 0.000000 0.000000 0.000000 0.000000 0.000000 0.000000 0.000000 0.000000 0.000000