geotop/1.0zi/1.0Montebello/Templates/testdem/maps/_Erotot2006.asc
ncols         21
nrows         20
xllcorner     100.000000
yllcorner     100.000000
cellsize      50.000000
NODATA_value  -9999.0
0.000000 0.000000 0.000000 0.000000 0.000000 0.000000 0.000000 0.000000 0.000000 0.000000 0.000000 0.000000 0.000000 0.000000 0.000000 0.000000 0.000000 0.000000 0.000000 0.000000 0.000000
0.000000 0.000000 201.277869 201.280038 201.317023 201.304174 201.266024 201.280661 201.282989 201.273525 201.275102 201.273525 201.282989 201.280661 201.266024 201.304174 201.317023 201.280038 201.277869 0.000000 0.000000
0.000000 0.000000 10.694591 10.473649 8.693102 10.537546 10.741614 10.718348 10.726206 10.736939 10.733406 10.736939 10.726206 10.718348 10.741614 10.537546 8.693102 10.473649 10.694591 0.000000 0.000000
0.000000 0.000000 1400.957798 1400.748899 1400.940993 1398.875215 1401.118978 1400.661669 1400.690486 1401.427154 1401.445940 1401.427154 1400.690486 1400.661669 1401.118978 1398.875215 1400.940993 1400.748899 1400.957798 0.000000 0.000000
0.000000 0.000000 2820.091112 2819.878850 2819.277535 2819.962040 2820.408768 2820.212645 2820.169218 2820.334139 2820.304209 2820.334139 2820.169218 2820.212645 2820.408768 2819.962040 2819.277535 2819.878850 2820.091112 0.000000 0.000000
0.000000 0.000000 3665.439885 3665.272818 3664.660823 3664.777335 3665.654087 3665.382083 3665.408839 3665.728549 3665.770251 3665.728549 3665.408839 3665.382083 3665.654087 3664.777335 3664.660823 3665.272818 3665.439885 0.000000 0.000000
0.000000 0.000000 4794.341180 4794.207254 4793.641953 4793.759598 4794.507763 4794.274925 4794.307433 4794.590695 4794.645327 4794.590695 4794.307433 4794.274925 4794.507763 4793.759598 4793.641953 4794.207254 4794.341180 0.000000 0.000000
0.000000 0.000000 5867.660895 5867.550600 5867.021823 5867.143751 5867.794413 5867.594715 5867.623945 5867.877481 5867.932842 5867.877481 5867.623945 5867.594715 5867.794413 5867.143751 5867.021823 5867.550600 5867.660895 0.000000 0.000000
0.000000 0.000000 6878.886485 6878.784852 6878.279947 6878.400282 6879.007024 6878.822112 6878.849546 6879.088909 6879.143902 6879.088909 6878.849546 6878.822112 6879.007024 6878.400282 6878.279947 6878.784852 6878.886485 0.000000 0.000000
0.000000 0.000000 7839.500205 7839.425240 7838.930190 7839.088368 7839.607026 7839.442105 7839.474103 7839.691676 7839.744995 7839.691676 7839.474103 7839.442105 7839.607026 7839.088368 7838.930190 7839.425240 7839.500205 0.000000 0.000000
0.000000 0.000000 8754.780879 8754.696768 8754.219655 8754.352091 8754.885937 8754.720493 8754.748004 8754.963978 8755.015062 8754.963978 8754.748004 8754.720493 8754.885937 8754.352091 8754.219655 8754.696768 8754.780879 0.000000 0.000000
0.000000 0.000000 9633.266317 9633.180157 9632.718154 9632.843447 9633.366503 9633.207048 9633.233243 9633.443070 9633.494105 9633.443070 9633.233243 9633.207048 9633.366503 9632.843447 9632.718154 9633.180157 9633.266317 0.000000 0.000000
0.000000 0.000000 10483.899615 10483.816544 10483.359821 10483.485809 10483.992615 10483.836573 10483.862815 10484.068065 10484.117611 10484.068065 10483.862815 10483.836573 10483.992615 10483.485809 10483.359821 10483.816544 10483.899615 0.000000 0.000000
0.000000 0.000000 11309.703014 11309.626599 11309.177491 11309.322400 11309.793314 11309.642949 11309.670823 11309.868897 11309.917242 11309.868897 11309.670823 11309.642949 11309.793314 11309.322400 11309.177491 11309.626599 11309.703014 0.000000 0.000000
0.000000 0.000000 12114.283404 12114.204149 12113.756299 12113.889904 12114.368865 12114.218939 12114.245451 12114.443255 12114.490522 12114.443255 12114.245451 12114.218939 12114.368865 12113.889904 12113.756299 12114.204149 12114.283404 0.000000 0.000000
0.000000 0.000000 12899.503299 12899.425225 12898.987762 12899.114264 12899.583142 12899.437282 12899.463546 12899.656872 12899.703704 12899.656872 12899.463546 12899.437282 12899.583142 12899.114264 12898.987762 12899.425225 12899.503294 0.000000 0.000000
0.000000 0.000000 13664.143160 13664.065789 13663.628449 13663.758265 13664.221053 13664.075515 13664.101183 13664.291394 13664.336853 13664.291394 13664.101183 13664.075515 13664.221053 13663.758265 13663.628449 13664.065768 13664.142702 0.000000 0.000000
0.000000 0.000000 14442.288228 14442.545925 14442.116085 14442.240942 14442.702216 14442.557577 14442.581046 14442.769358 14442.813732 14442.769358 14442.581046 14442.557577 14442.702216 14442.240941 14442.116066 14442.542489 14442.619125 0.000000 0.000000
0.000000 0.000000 0.000000 0.000000 0.000000 0.000000 0.000000 0.000000 0.000000 0.000000 0.000000 0.000000 0.000000 0.000000 0.000000 0.000000 0.000000 0.000000 0.000000 0.000000 0.000000
0.000000 0.000000 0.000000 0.000000 0.000000 0.000000 0.000000 0.000000 0.000000 0.000000 0.000000 0.000000 0.000000 0.000000 0.000000 0.000000 0.000000 0.000000 0.000000 0.000000 0.000000