geotop/1.0zi/1.0Montebello/Templates/testdem/maps/_Erotot8583.asc
ncols         21
nrows         20
xllcorner     100.000000
yllcorner     100.000000
cellsize      50.000000
NODATA_value  -9999.0
0.000000 0.000000 0.000000 0.000000 0.000000 0.000000 0.000000 0.000000 0.000000 0.000000 0.000000 0.000000 0.000000 0.000000 0.000000 0.000000 0.000000 0.000000 0.000000 0.000000 0.000000
0.000000 0.000000 689.022633 689.841016 689.276074 689.368628 688.346477 688.502581 688.488412 688.564835 688.940473 688.316112 688.197987 688.246095 688.621767 688.778832 689.618940 690.171319 690.389718 0.000000 0.000000
0.000000 0.000000 53.700851 52.699167 52.960024 53.034477 53.674536 53.321073 53.026977 52.882071 53.103060 53.416022 53.483153 53.585715 53.422429 52.907358 51.631033 50.774812 51.297430 0.000000 0.000000
0.000000 0.000000 354.573628 355.637373 342.912215 337.668345 338.161399 326.857672 326.954134 327.784425 324.133209 322.326825 324.408592 324.682139 335.096047 342.384204 347.033823 350.036124 355.257754 0.000000 0.000000
0.000000 0.000000 3531.497058 3528.512910 3529.699558 3502.287561 3479.254873 3469.181439 3468.364736 3462.424706 3471.470771 3478.636059 3477.727654 3472.892513 3489.184831 3491.533246 3505.139131 3513.858944 3514.762368 0.000000 0.000000
0.000000 0.000000 5618.942557 5615.098310 5610.184723 5605.512596 5589.816316 5579.188642 5580.826270 5579.499495 5575.637510 5569.752079 5568.200084 5572.071436 5571.586648 5593.330704 5599.498040 5605.572281 5608.243686 0.000000 0.000000
0.000000 0.000000 6958.481253 6953.787817 6951.337107 6943.650578 6929.291981 6903.857603 6903.118889 6900.582781 6900.602864 6905.196893 6905.851252 6906.745753 6936.153629 6946.076059 6951.806329 6955.229795 6960.330724 0.000000 0.000000
0.000000 0.000000 8228.965521 8229.005272 8225.454177 8214.168975 8211.534413 8202.281367 8202.517682 8200.241896 8200.565630 8196.523884 8195.283215 8202.261609 8204.405872 8209.639565 8223.357566 8221.327558 8227.019653 0.000000 0.000000
0.000000 0.000000 9889.546870 9884.048537 9877.583398 9876.652882 9862.803313 9846.218337 9848.230017 9844.459181 9841.864518 9841.682847 9844.403952 9838.221556 9858.588150 9873.261971 9875.310729 9879.612489 9881.505514 0.000000 0.000000
0.000000 0.000000 11793.680146 11789.104508 11788.775549 11784.260537 11761.780697 11751.084983 11750.104021 11749.818842 11746.004878 11750.550913 11753.458823 11752.965431 11760.495877 11776.784116 11784.815747 11787.482912 11788.120252 0.000000 0.000000
0.000000 0.000000 13895.757761 13895.185360 13892.809824 13867.789771 13862.215224 13842.430746 13850.843271 13834.325543 13840.730628 13837.552912 13830.456171 13840.694473 13853.004552 13855.429236 13870.238690 13877.035625 13889.397623 0.000000 0.000000
0.000000 0.000000 16196.821277 16186.071767 16176.694780 16174.619567 16159.822768 16139.859984 16133.571775 16136.600365 16143.048735 16131.410642 16137.773578 16136.101147 16160.991942 16172.655956 16174.837159 16180.381922 16204.580505 0.000000 0.000000
0.000000 0.000000 18617.073055 18610.211443 18613.217020 18593.513274 18586.671120 18527.525225 18525.402477 18525.025998 18499.243100 18516.202579 18518.685444 18524.967527 18567.377772 18574.212108 18602.555927 18600.802155 18609.284686 0.000000 0.000000
0.000000 0.000000 21435.373107 21438.408856 21421.476364 21415.770892 21341.630465 21369.806371 21352.422776 21352.962349 21363.624524 21354.676898 21353.937647 21344.648880 21316.809269 21398.446207 21402.827536 21428.163442 21439.244615 0.000000 0.000000
0.000000 0.000000 24617.080008 24606.034861 24593.499770 24508.941612 24534.382995 24490.515731 24467.951530 24464.528230 24447.382179 24436.728217 24445.037791 24444.866303 24492.450563 24468.167911 24589.826756 24562.632039 24558.346636 0.000000 0.000000
0.000000 0.000000 27879.580380 27874.792757 27754.885649 27804.190967 27799.080400 27793.527007 27850.939241 27832.278367 27861.409695 27852.996056 27832.362634 27862.872845 27858.704831 27863.523836 27742.859009 27926.845446 27917.889478 0.000000 0.000000
0.000000 0.000000 31651.233134 31481.697946 31545.503092 31479.655409 31391.908597 31370.653692 31314.816752 31330.643014 31273.386916 31281.182061 31312.828175 31282.211776 31326.573703 31383.631278 31541.791769 31412.979981 31593.528297 0.000000 0.000000
0.000000 0.000000 32681.401056 32855.988560 32993.215019 33000.324734 33015.237054 32891.398823 32918.435319 32875.923746 32946.299548 32934.085645 32925.315844 32942.940026 33042.587686 33032.826783 33019.420805 32916.431753 32742.608199 0.000000 0.000000
0.000000 0.000000 0.000000 0.000000 0.000000 0.000000 0.000000 0.000000 0.000000 0.000000 0.000000 0.000000 0.000000 0.000000 0.000000 0.000000 0.000000 0.000000 0.000000 0.000000 0.000000
0.000000 0.000000 0.000000 0.000000 0.000000 0.000000 0.000000 0.000000 0.000000 0.000000 0.000000 0.000000 0.000000 0.000000 0.000000 0.000000 0.000000 0.000000 0.000000 0.000000 0.000000