geotop/1.0zi/1.0Montebello/Templates/testdem/maps/_Erotot1190.asc
ncols         21
nrows         20
xllcorner     100.000000
yllcorner     100.000000
cellsize      50.000000
NODATA_value  -9999.0
0.000000 0.000000 0.000000 0.000000 0.000000 0.000000 0.000000 0.000000 0.000000 0.000000 0.000000 0.000000 0.000000 0.000000 0.000000 0.000000 0.000000 0.000000 0.000000 0.000000 0.000000
0.000000 0.000000 124.868665 124.870045 124.904851 124.880068 124.861855 124.870066 124.871620 124.866530 124.867182 124.866530 124.871620 124.870066 124.861855 124.880068 124.904851 124.870045 124.868665 0.000000 0.000000
0.000000 0.000000 8.592114 8.373426 6.597813 8.455516 8.628033 8.619273 8.630016 8.635829 8.633955 8.635829 8.630016 8.619273 8.628033 8.455516 6.597813 8.373426 8.592114 0.000000 0.000000
0.000000 0.000000 929.453913 929.248412 929.269662 927.248085 929.508853 929.166680 929.129716 929.658792 929.601775 929.658792 929.129716 929.166680 929.508853 927.248085 929.269662 929.248412 929.453913 0.000000 0.000000
0.000000 0.000000 1715.634035 1715.409324 1714.655265 1715.344468 1715.776392 1715.609294 1715.567116 1715.715941 1715.670199 1715.715941 1715.567116 1715.609294 1715.776392 1715.344468 1714.655265 1715.409324 1715.634035 0.000000 0.000000
0.000000 0.000000 2264.260958 2264.087139 2263.333059 2263.507711 2264.346161 2264.172968 2264.159508 2264.376589 2264.348940 2264.376589 2264.159508 2264.172968 2264.346161 2263.507711 2263.333059 2264.087139 2264.260958 0.000000 0.000000
0.000000 0.000000 2964.794246 2964.655768 2963.974372 2964.147629 2964.853682 2964.721835 2964.717559 2964.896517 2964.872496 2964.896517 2964.717559 2964.721835 2964.853682 2964.147629 2963.974372 2964.655768 2964.794246 0.000000 0.000000
0.000000 0.000000 3633.787018 3633.667473 3633.036612 3633.209384 3633.829066 3633.722332 3633.722093 3633.879425 3633.858611 3633.879425 3633.722093 3633.722332 3633.829066 3633.209384 3633.036612 3633.667473 3633.787018 0.000000 0.000000
0.000000 0.000000 4269.391391 4269.281967 4268.681665 4268.849707 4269.426086 4269.330148 4269.332126 4269.478430 4269.458246 4269.478430 4269.332126 4269.330148 4269.426086 4268.849707 4268.681665 4269.281967 4269.391391 0.000000 0.000000
0.000000 0.000000 4878.542524 4878.460262 4877.871659 4878.077496 4878.568475 4878.488613 4878.497384 4878.626370 4878.606076 4878.626370 4878.497384 4878.488613 4878.568475 4878.077496 4877.871659 4878.460262 4878.542524 0.000000 0.000000
0.000000 0.000000 5463.884816 5463.792773 5463.221953 5463.401488 5463.912583 5463.828502 5463.834117 5463.965629 5463.944302 5463.965629 5463.834117 5463.828502 5463.912583 5463.401488 5463.221953 5463.792773 5463.884816 0.000000 0.000000
0.000000 0.000000 6031.168692 6031.073638 6030.516485 6030.686326 6031.191978 6031.110395 6031.116670 6031.246913 6031.226758 6031.246913 6031.116670 6031.110395 6031.191978 6030.686326 6030.516485 6031.073638 6031.168692 0.000000 0.000000
0.000000 0.000000 6585.766175 6585.673088 6585.122732 6585.293835 6585.787445 6585.706959 6585.713934 6585.842169 6585.821546 6585.842169 6585.713934 6585.706959 6585.787445 6585.293835 6585.122732 6585.673088 6585.766175 0.000000 0.000000
0.000000 0.000000 7128.008582 7127.922086 7127.376475 7127.568358 7128.027898 7127.951072 7127.960699 7128.084516 7128.063250 7128.084516 7127.960699 7127.951072 7128.027898 7127.568358 7127.376475 7127.922086 7128.008582 0.000000 0.000000
0.000000 0.000000 7661.611088 7661.522125 7660.977390 7661.158791 7661.630598 7661.552074 7661.560754 7661.686912 7661.664948 7661.686912 7661.560754 7661.552074 7661.630598 7661.158791 7660.977390 7661.522125 7661.611088 0.000000 0.000000
0.000000 0.000000 8187.429938 8187.341638 8186.810078 8186.983856 8187.448414 8187.372684 8187.381313 8187.504317 8187.482584 8187.504317 8187.381313 8187.372684 8187.448414 8186.983856 8186.810078 8187.341638 8187.429934 0.000000 0.000000
0.000000 0.000000 8703.640073 8703.552087 8703.017899 8703.195316 8703.659687 8703.580873 8703.589658 8703.714861 8703.692059 8703.714861 8703.589658 8703.580873 8703.659687 8703.195316 8703.017899 8703.552069 8703.639707 0.000000 0.000000
0.000000 0.000000 9236.305960 9236.459284 9235.927269 9236.095734 9236.565144 9236.484319 9236.493275 9236.620760 9236.597696 9236.620760 9236.493275 9236.484319 9236.565144 9236.095734 9235.927252 9236.456457 9236.545065 0.000000 0.000000
0.000000 0.000000 0.000000 0.000000 0.000000 0.000000 0.000000 0.000000 0.000000 0.000000 0.000000 0.000000 0.000000 0.000000 0.000000 0.000000 0.000000 0.000000 0.000000 0.000000 0.000000
0.000000 0.000000 0.000000 0.000000 0.000000 0.000000 0.000000 0.000000 0.000000 0.000000 0.000000 0.000000 0.000000 0.000000 0.000000 0.000000 0.000000 0.000000 0.000000 0.000000 0.000000