geotop/1.0zi/1.0Montebello/Templates/testdem/maps/_Erotot8548.asc
ncols         21
nrows         20
xllcorner     100.000000
yllcorner     100.000000
cellsize      50.000000
NODATA_value  -9999.0
0.000000 0.000000 0.000000 0.000000 0.000000 0.000000 0.000000 0.000000 0.000000 0.000000 0.000000 0.000000 0.000000 0.000000 0.000000 0.000000 0.000000 0.000000 0.000000 0.000000 0.000000
0.000000 0.000000 686.608668 687.426953 686.862257 686.954893 685.932898 686.089235 686.075066 686.151490 686.527127 685.902767 685.784638 685.832745 686.208187 686.365096 687.205121 687.757257 687.975757 0.000000 0.000000
0.000000 0.000000 53.426587 52.424495 52.684288 52.758528 53.398462 53.044534 52.750453 52.605723 52.826681 53.139520 53.207127 53.309248 53.146329 52.631844 51.356116 50.500316 51.023034 0.000000 0.000000
0.000000 0.000000 354.321676 355.425662 343.042564 337.800441 338.341346 327.035659 327.132496 327.964996 324.311812 322.507541 324.665992 324.857868 335.045964 342.181534 346.799112 349.790088 355.003806 0.000000 0.000000
0.000000 0.000000 3505.252936 3502.365177 3503.335452 3476.053586 3453.204727 3443.177323 3442.366978 3436.448389 3445.479293 3452.648751 3451.876525 3446.891519 3463.227549 3465.541682 3478.984736 3487.626675 3488.500698 0.000000 0.000000
0.000000 0.000000 5597.780764 5593.910574 5589.000612 5584.350867 5568.735024 5558.157932 5559.797112 5558.476922 5554.615371 5548.724534 5547.172469 5551.031662 5550.510603 5572.164695 5578.326836 5584.380663 5587.066101 0.000000 0.000000
0.000000 0.000000 6933.086627 6928.403123 6925.963860 6918.298319 6903.973431 6878.616476 6877.880952 6875.351341 6875.367367 6879.961975 6880.644013 6881.509879 6910.818172 6920.720579 6926.429950 6929.833215 6934.920099 0.000000 0.000000
0.000000 0.000000 8197.821286 8197.881463 8194.347573 8183.099602 8180.563160 8171.334381 8171.573279 8169.307568 8169.625875 8165.586342 8164.397806 8171.318670 8173.396731 8178.564382 8192.239929 8190.176743 8195.855613 0.000000 0.000000
0.000000 0.000000 9851.316095 9845.840241 9839.403764 9838.512384 9824.770461 9808.238257 9810.251019 9806.493156 9803.896353 9803.714031 9806.494009 9800.252445 9820.522999 9835.115062 9837.114341 9841.381343 9843.259320 0.000000 0.000000
0.000000 0.000000 11747.229700 11742.689576 11742.376889 11737.906540 11715.558275 11704.925959 11703.950809 11703.672994 11699.859601 11704.399566 11707.364879 11706.807955 11714.235782 11730.429816 11738.407467 11741.030131 11741.655355 0.000000 0.000000
0.000000 0.000000 13839.564464 13839.021493 13836.674278 13811.741026 13806.282437 13786.585833 13794.984795 13778.511987 13784.897511 13781.727717 13774.717898 13784.858160 13797.046408 13799.394573 13814.129935 13820.868758 13833.188721 0.000000 0.000000
0.000000 0.000000 16128.990903 16118.304512 16108.978732 16106.936354 16092.305083 16072.439946 16066.184994 16069.195098 16075.623687 16064.019941 16070.432138 16068.699048 16093.405920 16104.949141 16107.079850 16112.572459 16136.686179 0.000000 0.000000
0.000000 0.000000 18536.113124 18529.300771 18532.309445 18512.718725 18506.020972 18447.285694 18445.165899 18444.809343 18419.141338 18436.006590 18438.573700 18444.737240 18486.763145 18493.484405 18521.660229 18519.864220 18528.354743 0.000000 0.000000
0.000000 0.000000 21337.530938 21340.585196 21323.769209 21318.107284 21244.694159 21272.546546 21255.268698 21255.805579 21266.329881 21257.475176 21256.854096 21247.532694 21219.872348 21300.796209 21305.157152 21330.293678 21341.302677 0.000000 0.000000
0.000000 0.000000 24500.123228 24489.174049 24476.716124 24393.005133 24418.032353 24374.663811 24352.168661 24348.797674 24331.810758 24321.194546 24329.520732 24329.216535 24376.232837 24352.408404 24472.968521 24445.995834 24441.763628 0.000000 0.000000
0.000000 0.000000 27746.550803 27741.807209 27622.910687 27671.382952 27666.705420 27661.056256 27717.977920 27699.409947 27728.226153 27719.798806 27699.503448 27729.659561 27725.563654 27730.055715 27610.867545 27793.131901 27784.173870 0.000000 0.000000
0.000000 0.000000 31508.332996 31339.555200 31402.532393 31337.358643 31250.138260 31229.138977 31173.817501 31189.516900 31132.626593 31140.346676 31171.838431 31141.436657 31185.332996 31241.960933 31398.731836 31271.317399 31451.027705 0.000000 0.000000
0.000000 0.000000 32548.373419 32722.531366 32860.081378 32867.235429 32882.244297 32758.643444 32785.515787 32743.054914 32813.243015 32801.045221 32792.465964 32809.894244 32909.318839 32899.433394 32886.241159 32782.693889 32609.332747 0.000000 0.000000
0.000000 0.000000 0.000000 0.000000 0.000000 0.000000 0.000000 0.000000 0.000000 0.000000 0.000000 0.000000 0.000000 0.000000 0.000000 0.000000 0.000000 0.000000 0.000000 0.000000 0.000000
0.000000 0.000000 0.000000 0.000000 0.000000 0.000000 0.000000 0.000000 0.000000 0.000000 0.000000 0.000000 0.000000 0.000000 0.000000 0.000000 0.000000 0.000000 0.000000 0.000000 0.000000