geotop/1.0zi/1.0Montebello/Templates/testdem/maps/_Erotot9089.asc
ncols         21
nrows         20
xllcorner     100.000000
yllcorner     100.000000
cellsize      50.000000
NODATA_value  -9999.0
0.000000 0.000000 0.000000 0.000000 0.000000 0.000000 0.000000 0.000000 0.000000 0.000000 0.000000 0.000000 0.000000 0.000000 0.000000 0.000000 0.000000 0.000000 0.000000 0.000000 0.000000
0.000000 0.000000 722.817917 723.471193 722.899726 722.983303 721.962214 722.083067 722.167055 722.241916 722.626204 721.992322 721.882040 721.922396 722.331078 722.461690 723.286062 723.897632 724.054231 0.000000 0.000000
0.000000 0.000000 56.398616 55.325745 55.623935 55.555036 56.378843 56.051930 55.679388 55.545704 55.746143 56.074629 56.132234 56.247629 56.022293 55.419142 54.150455 53.283294 53.897950 0.000000 0.000000
0.000000 0.000000 428.246340 430.039420 416.986359 410.758527 410.189667 404.328149 409.324610 411.002507 407.057657 405.461618 408.879441 408.386226 416.875954 425.348853 429.158137 423.558275 430.830859 0.000000 0.000000
0.000000 0.000000 3998.348566 3991.616973 3985.663741 3952.414290 3926.502084 3913.957892 3906.464668 3899.883358 3907.448861 3913.902860 3912.181832 3907.163220 3926.827693 3931.334760 3947.074742 3958.222501 3958.416567 0.000000 0.000000
0.000000 0.000000 6117.516390 6112.154681 6107.888530 6109.664264 6087.687176 6075.254748 6079.956131 6079.567201 6075.342623 6069.149667 6067.391690 6071.559964 6071.048025 6096.143666 6097.505255 6103.626273 6105.938172 0.000000 0.000000
0.000000 0.000000 7551.905237 7546.121342 7542.128419 7531.271123 7522.144975 7488.683499 7489.044349 7486.526111 7486.064106 7490.315395 7490.828244 7491.792594 7525.191020 7531.077224 7539.456544 7541.884933 7546.900668 0.000000 0.000000
0.000000 0.000000 8982.751396 8979.970861 8975.033289 8962.806548 8956.477854 8952.658223 8953.346553 8951.472065 8951.442354 8947.145092 8945.892489 8953.296046 8951.625698 8960.318568 8974.587770 8970.608726 8976.761565 0.000000 0.000000
0.000000 0.000000 10826.471896 10821.094154 10812.925271 10810.220392 10794.509258 10775.432376 10778.175350 10774.118907 10770.741058 10770.172819 10772.908503 10766.653851 10790.799142 10804.897826 10806.388482 10808.410499 10811.961522 0.000000 0.000000
0.000000 0.000000 12962.517159 12954.626244 12952.632281 12945.886401 12921.812264 12910.629723 12909.930355 12908.710862 12904.452956 12908.733493 12911.697075 12911.320254 12918.671614 12937.596766 12945.269123 12947.537663 12946.728099 0.000000 0.000000
0.000000 0.000000 15331.544688 15328.685713 15324.537392 15296.008774 15289.287339 15268.303476 15276.509877 15259.184936 15264.919411 15260.953521 15253.171809 15264.159129 15278.702478 15282.225660 15297.452329 15300.977841 15316.088107 0.000000 0.000000
0.000000 0.000000 17955.372985 17944.941549 17928.798747 17925.869615 17908.773381 17885.320329 17883.239674 17886.558979 17892.356281 17879.112217 17886.281719 17884.052784 17910.837016 17923.633366 17923.983597 17927.694003 17953.280769 0.000000 0.000000
0.000000 0.000000 20737.131593 20726.300075 20728.563358 20704.479168 20694.534749 20625.685564 20623.017036 20621.937561 20591.417803 20610.779035 20613.014935 20620.383996 20671.079306 20679.945741 20710.635300 20707.567704 20714.210074 0.000000 0.000000
0.000000 0.000000 24027.299767 24028.121650 24004.552363 23997.112826 23904.850013 23946.841983 23925.951628 23927.636057 23941.584644 23928.892600 23927.430728 23915.929504 23876.304949 23978.798268 23980.714791 24005.809958 24019.280073 0.000000 0.000000
0.000000 0.000000 27694.564708 27678.440173 27660.861963 27554.167678 27598.807620 27536.467683 27513.869663 27509.121333 27485.436920 27473.396024 27484.144050 27485.054734 27548.606654 27504.820926 27655.399855 27614.856441 27607.596762 0.000000 0.000000
0.000000 0.000000 31263.069258 31255.898675 31111.902727 31184.847071 31169.738766 31173.725660 31245.494040 31223.988837 31259.254548 31250.945820 31224.471457 31260.458776 31245.787700 31261.613568 31093.559233 31313.873267 31304.287171 0.000000 0.000000
0.000000 0.000000 35003.070416 34833.261702 34912.215387 34837.870227 34751.122891 34730.083588 34666.277659 34684.953673 34623.151094 34631.506531 34666.084783 34631.280586 34677.670829 34731.727351 34906.122097 34751.066824 34929.330723 0.000000 0.000000
0.000000 0.000000 35848.502794 36001.334244 36119.814001 36123.289450 36135.309682 36027.702437 36052.606513 36015.050838 36076.486960 36065.407519 36058.002577 36072.843060 36157.463516 36151.142275 36138.575772 36044.995793 35892.374635 0.000000 0.000000
0.000000 0.000000 0.000000 0.000000 0.000000 0.000000 0.000000 0.000000 0.000000 0.000000 0.000000 0.000000 0.000000 0.000000 0.000000 0.000000 0.000000 0.000000 0.000000 0.000000 0.000000
0.000000 0.000000 0.000000 0.000000 0.000000 0.000000 0.000000 0.000000 0.000000 0.000000 0.000000 0.000000 0.000000 0.000000 0.000000 0.000000 0.000000 0.000000 0.000000 0.000000 0.000000