geotop/1.0zi/1.0Montebello/Templates/testdem/maps/_Erotot1056.asc
ncols         21
nrows         20
xllcorner     100.000000
yllcorner     100.000000
cellsize      50.000000
NODATA_value  -9999.0
0.000000 0.000000 0.000000 0.000000 0.000000 0.000000 0.000000 0.000000 0.000000 0.000000 0.000000 0.000000 0.000000 0.000000 0.000000 0.000000 0.000000 0.000000 0.000000 0.000000 0.000000
0.000000 0.000000 122.545140 122.546514 122.581301 122.556472 122.538415 122.546536 122.548080 122.543025 122.543670 122.543025 122.548080 122.546536 122.538415 122.556472 122.581301 122.546514 122.545140 0.000000 0.000000
0.000000 0.000000 8.651981 8.433327 6.657774 8.515556 8.687737 8.679121 8.689896 8.695641 8.693772 8.695641 8.689896 8.679121 8.687737 8.515556 6.657774 8.433327 8.651981 0.000000 0.000000
0.000000 0.000000 891.235838 891.022370 891.051470 889.020168 891.283736 890.947564 890.910183 891.431559 891.374127 891.431559 890.910183 890.947564 891.283736 889.020168 891.051470 891.022370 891.235838 0.000000 0.000000
0.000000 0.000000 1582.665088 1582.434845 1581.685351 1582.368436 1582.802959 1582.640240 1582.597452 1582.741308 1582.695653 1582.741308 1582.597452 1582.640240 1582.802959 1582.368436 1581.685351 1582.434845 1582.665088 0.000000 0.000000
0.000000 0.000000 2096.061931 2095.875046 2095.132071 2095.292644 2096.136389 2095.974158 2095.959402 2096.164392 2096.137086 2096.164392 2095.959402 2095.974158 2096.136389 2095.292644 2095.132071 2095.875046 2096.061931 0.000000 0.000000
0.000000 0.000000 2730.165818 2730.012011 2729.343608 2729.500523 2730.213347 2730.094461 2730.088090 2730.252899 2730.229935 2730.252899 2730.088090 2730.094461 2730.213347 2729.500523 2729.343608 2730.012011 2730.165818 0.000000 0.000000
0.000000 0.000000 3333.571864 3333.435443 3332.818965 3332.973672 3333.601457 3333.508986 3333.505855 3333.647640 3333.628631 3333.647640 3333.505855 3333.508986 3333.601457 3332.973672 3332.818965 3333.435443 3333.571864 0.000000 0.000000
0.000000 0.000000 3906.919701 3906.791795 3906.207318 3906.355470 3906.941315 3906.860965 3906.859269 3906.988624 3906.970975 3906.988624 3906.859269 3906.860965 3906.941315 3906.355470 3906.207318 3906.791795 3906.919701 0.000000 0.000000
0.000000 0.000000 4456.625233 4456.522914 4455.951595 4456.135853 4456.637395 4456.574547 4456.578896 4456.689398 4456.672365 4456.689398 4456.578896 4456.574547 4456.637395 4456.135853 4455.951595 4456.522914 4456.625233 0.000000 0.000000
0.000000 0.000000 4984.703499 4984.589622 4984.037632 4984.193653 4984.716775 4984.651096 4984.651508 4984.763008 4984.745661 4984.763008 4984.651508 4984.651096 4984.716775 4984.193653 4984.037632 4984.589622 4984.703499 0.000000 0.000000
0.000000 0.000000 5496.488769 5496.370024 5495.833288 5495.977528 5496.496767 5496.435029 5496.435327 5496.544030 5496.528593 5496.544030 5496.435327 5496.435029 5496.496767 5495.977528 5495.833288 5496.370024 5496.488769 0.000000 0.000000
0.000000 0.000000 5997.214819 5997.096119 5996.567812 5996.711319 5997.219971 5997.160794 5997.161031 5997.266133 5997.250974 5997.266133 5997.161031 5997.160794 5997.219971 5996.711319 5996.567812 5997.096119 5997.214819 0.000000 0.000000
0.000000 0.000000 6487.619901 6487.506083 6486.984067 6487.146690 6487.622284 6487.568283 6487.570465 6487.669547 6487.654425 6487.669547 6487.570465 6487.568283 6487.622284 6487.146690 6486.984067 6487.506083 6487.619901 0.000000 0.000000
0.000000 0.000000 6970.831404 6970.713439 6970.193668 6970.343876 6970.833278 6970.778979 6970.779466 6970.879410 6970.864262 6970.879410 6970.779466 6970.778979 6970.833278 6970.343876 6970.193668 6970.713439 6970.831404 0.000000 0.000000
0.000000 0.000000 7447.439907 7447.320810 7446.816031 7446.956512 7447.439988 7447.389969 7447.389661 7447.484780 7447.470557 7447.484780 7447.389661 7447.389969 7447.439988 7446.956512 7446.816031 7447.320809 7447.439904 0.000000 0.000000
0.000000 0.000000 7915.512495 7915.392128 7914.885812 7915.028114 7915.513208 7915.461161 7915.460304 7915.556439 7915.541744 7915.556439 7915.460304 7915.461161 7915.513208 7915.028114 7914.885812 7915.392112 7915.512234 0.000000 0.000000
0.000000 0.000000 8403.263444 8403.386617 8402.884024 8403.015320 8403.507271 8403.454550 8403.453220 8403.550272 8403.535983 8403.550272 8403.453220 8403.454550 8403.507271 8403.015320 8402.884008 8403.383964 8403.506905 0.000000 0.000000
0.000000 0.000000 0.000000 0.000000 0.000000 0.000000 0.000000 0.000000 0.000000 0.000000 0.000000 0.000000 0.000000 0.000000 0.000000 0.000000 0.000000 0.000000 0.000000 0.000000 0.000000
0.000000 0.000000 0.000000 0.000000 0.000000 0.000000 0.000000 0.000000 0.000000 0.000000 0.000000 0.000000 0.000000 0.000000 0.000000 0.000000 0.000000 0.000000 0.000000 0.000000 0.000000