geotop/1.0zi/1.0Montebello/Templates/testdem/maps/_Erotot8111.asc
ncols         21
nrows         20
xllcorner     100.000000
yllcorner     100.000000
cellsize      50.000000
NODATA_value  -9999.0
0.000000 0.000000 0.000000 0.000000 0.000000 0.000000 0.000000 0.000000 0.000000 0.000000 0.000000 0.000000 0.000000 0.000000 0.000000 0.000000 0.000000 0.000000 0.000000 0.000000 0.000000
0.000000 0.000000 675.399579 676.199341 675.651102 675.758186 674.749132 674.909156 674.895742 674.959081 675.392124 674.717426 674.595779 674.647924 675.021876 675.174538 676.008308 676.554338 676.767972 0.000000 0.000000
0.000000 0.000000 52.174675 51.190948 51.434791 51.496689 52.131061 51.809044 51.513268 51.378240 51.607988 51.967301 51.986622 52.136169 51.889808 51.380921 50.107388 49.253821 49.778052 0.000000 0.000000
0.000000 0.000000 354.857777 355.985123 343.625218 338.358342 338.910220 327.593835 327.712398 328.530837 324.872895 323.098325 325.246471 325.387086 335.654857 342.710527 347.335600 350.244756 355.444464 0.000000 0.000000
0.000000 0.000000 3299.064945 3301.364965 3303.544367 3280.516743 3260.777965 3249.262225 3248.568463 3243.743265 3250.618471 3255.779367 3251.282804 3249.819851 3264.886432 3268.619273 3279.922100 3289.741154 3289.871681 0.000000 0.000000
0.000000 0.000000 5240.053006 5234.644588 5231.168909 5224.976158 5209.395259 5199.680553 5200.555195 5199.510661 5196.178989 5190.473359 5189.503076 5192.717756 5192.224967 5212.463435 5220.344979 5226.574735 5229.566769 0.000000 0.000000
0.000000 0.000000 6556.972220 6553.956407 6549.343356 6542.316451 6528.236320 6505.870522 6504.818937 6500.999946 6502.419856 6506.144799 6507.652535 6508.140881 6536.303019 6546.550885 6552.320853 6555.153938 6560.450707 0.000000 0.000000
0.000000 0.000000 7721.628554 7721.906191 7718.776823 7708.611722 7705.758744 7695.943765 7696.143406 7695.928379 7694.949707 7690.989595 7690.305725 7696.550324 7698.685895 7703.831593 7716.632403 7715.263155 7720.382321 0.000000 0.000000
0.000000 0.000000 9245.878802 9241.339972 9234.795885 9234.208917 9222.641688 9206.817599 9208.109337 9203.456968 9201.395657 9201.131353 9203.631334 9197.804915 9216.865599 9231.136095 9233.326811 9237.174949 9238.713428 0.000000 0.000000
0.000000 0.000000 10990.493076 10987.035505 10987.067449 10982.421060 10961.386086 10951.134853 10950.721307 10950.441162 10946.963569 10950.469308 10953.659613 10952.921871 10960.153033 10975.043237 10983.120438 10985.246778 10986.518621 0.000000 0.000000
0.000000 0.000000 12906.335631 12905.558057 12902.348824 12881.396218 12875.042145 12858.479694 12864.368800 12850.681590 12854.909454 12853.073809 12845.978290 12856.186503 12866.069557 12869.283039 12882.431497 12889.795090 12900.910855 0.000000 0.000000
0.000000 0.000000 14987.382825 14979.215944 14970.593440 14966.825076 14955.712347 14934.732064 14930.881528 14931.664501 14939.181326 14927.773380 14932.172334 14931.882136 14955.424978 14964.658192 14967.969462 14972.180446 14996.350387 0.000000 0.000000
0.000000 0.000000 17159.489363 17154.603254 17154.799364 17140.104972 17132.364133 17080.200675 17078.513264 17077.398037 17054.955436 17068.103269 17072.504011 17077.523397 17113.948066 17121.786484 17146.442408 17146.248495 17153.864226 0.000000 0.000000
0.000000 0.000000 19660.826994 19663.550354 19648.888807 19643.811834 19580.164739 19602.812031 19586.062126 19587.395097 19594.953402 19589.423907 19586.972595 19581.639640 19558.383331 19626.805488 19633.582784 19655.207591 19665.594037 0.000000 0.000000
0.000000 0.000000 22477.321608 22468.590611 22458.684950 22387.136314 22404.262494 22368.391083 22348.299771 22344.593143 22331.389780 22320.223696 22327.395478 22326.140857 22365.778598 22351.752375 22453.892440 22433.130306 22430.339027 0.000000 0.000000
0.000000 0.000000 25405.439148 25402.288224 25298.981757 25333.911590 25333.444682 25324.636994 25372.030008 25356.149802 25378.656642 25370.294995 25353.419375 25380.207227 25379.774730 25381.649498 25289.748092 25442.596832 25434.064602 0.000000 0.000000
0.000000 0.000000 28887.213534 28737.745696 28782.406210 28730.606176 28652.287560 28635.419549 28590.717909 28603.656784 28555.286529 28560.535283 28586.360410 28563.344424 28599.799397 28649.793788 28779.522054 28683.260033 28843.107303 0.000000 0.000000
0.000000 0.000000 30091.879634 30243.023299 30376.413935 30381.444544 30389.925654 30272.428357 30293.911137 30254.302111 30316.250491 30305.054142 30299.347821 30313.679668 30409.464302 30404.406189 30401.526620 30295.323628 30145.881942 0.000000 0.000000
0.000000 0.000000 0.000000 0.000000 0.000000 0.000000 0.000000 0.000000 0.000000 0.000000 0.000000 0.000000 0.000000 0.000000 0.000000 0.000000 0.000000 0.000000 0.000000 0.000000 0.000000
0.000000 0.000000 0.000000 0.000000 0.000000 0.000000 0.000000 0.000000 0.000000 0.000000 0.000000 0.000000 0.000000 0.000000 0.000000 0.000000 0.000000 0.000000 0.000000 0.000000 0.000000