geotop/1.0zi/1.0Montebello/Templates/testdem/maps/_Erotot6985.asc
ncols         21
nrows         20
xllcorner     100.000000
yllcorner     100.000000
cellsize      50.000000
NODATA_value  -9999.0
0.000000 0.000000 0.000000 0.000000 0.000000 0.000000 0.000000 0.000000 0.000000 0.000000 0.000000 0.000000 0.000000 0.000000 0.000000 0.000000 0.000000 0.000000 0.000000 0.000000 0.000000
0.000000 0.000000 565.818744 566.622755 566.271708 566.501256 565.883921 565.856063 565.873030 565.975675 566.402282 565.728766 565.613185 565.699542 565.983655 565.948296 566.701568 566.976098 567.045008 0.000000 0.000000
0.000000 0.000000 44.443208 43.239114 43.203685 43.355054 43.589401 43.444932 43.183394 43.027274 43.265548 43.554360 43.487695 43.682921 43.460108 43.261410 41.975805 41.250684 41.994595 0.000000 0.000000
0.000000 0.000000 234.310446 236.328545 224.867948 222.274886 220.991278 214.036249 214.906821 213.678366 212.634061 210.071570 212.139105 211.981342 220.482317 226.461962 227.577145 229.373115 235.014972 0.000000 0.000000
0.000000 0.000000 2437.278957 2440.551692 2443.800963 2422.756491 2408.110744 2395.216875 2397.196146 2394.112968 2399.588871 2405.977534 2400.644614 2398.919707 2410.371713 2413.074245 2421.592025 2429.121428 2431.096779 0.000000 0.000000
0.000000 0.000000 4205.576983 4199.942242 4196.653622 4190.457331 4176.397133 4168.368607 4167.732038 4166.855487 4163.453582 4157.598829 4156.695990 4160.034031 4159.954198 4177.934551 4186.194914 4192.950578 4194.867830 0.000000 0.000000
0.000000 0.000000 5395.318960 5392.532310 5388.368822 5382.653164 5369.389323 5350.736939 5350.259347 5346.463351 5348.025752 5351.815823 5353.157583 5353.687167 5377.885505 5387.371565 5391.747968 5393.877471 5399.473378 0.000000 0.000000
0.000000 0.000000 6261.295769 6261.972085 6259.383701 6250.929425 6249.676875 6241.293942 6241.966051 6241.882590 6241.052020 6237.273982 6236.449365 6242.308972 6243.124175 6246.746723 6257.628984 6255.639054 6260.737615 0.000000 0.000000
0.000000 0.000000 7437.027668 7433.180787 7427.531403 7428.161034 7418.576395 7405.243611 7406.746936 7402.571792 7400.567671 7400.477807 7402.558588 7396.967039 7413.428507 7425.895318 7426.506095 7429.271755 7430.984790 0.000000 0.000000
0.000000 0.000000 8788.297276 8785.429057 8786.049833 8783.232341 8764.973069 8756.990535 8757.260536 8756.857255 8753.884612 8757.130603 8759.953849 8759.155449 8764.187109 8776.727692 8782.820250 8783.987477 8785.384661 0.000000 0.000000
0.000000 0.000000 10254.236963 10253.827408 10251.513257 10234.046142 10230.661940 10216.081037 10221.641486 10209.618771 10213.335035 10211.868747 10205.412311 10214.477921 10221.691393 10223.668535 10234.095157 10239.929563 10250.115235 0.000000 0.000000
0.000000 0.000000 11811.621364 11804.975952 11798.256676 11795.858828 11787.473494 11770.664000 11768.364169 11768.335580 11775.248300 11765.518334 11768.711045 11768.790747 11787.563863 11794.163256 11795.746768 11798.767801 11820.211827 0.000000 0.000000
0.000000 0.000000 13412.717122 13408.999967 13409.296913 13398.403891 13393.077458 13355.602914 13354.346819 13353.574262 13335.758165 13345.968697 13349.785714 13353.567677 13378.592856 13384.183005 13402.859481 13401.885345 13410.379331 0.000000 0.000000
0.000000 0.000000 15203.093538 15205.462659 15194.520613 15191.339386 15149.909701 15161.744855 15149.724586 15150.543050 15154.425705 15151.472342 15149.750658 15146.101736 15131.302652 15176.985601 15182.482692 15198.129681 15207.002691 0.000000 0.000000
0.000000 0.000000 17175.901504 17169.219892 17162.772961 17121.588092 17125.025263 17103.839298 17087.793547 17085.632972 17077.635394 17069.214007 17072.997809 17071.656113 17095.961408 17095.054450 17158.061051 17145.547180 17145.137668 0.000000 0.000000
0.000000 0.000000 19230.692693 19228.719250 19168.122996 19176.873383 19180.918384 19169.517961 19197.472119 19185.658835 19197.356547 19189.920046 19181.388369 19197.033513 19201.441339 19201.544030 19160.675450 19245.612334 19239.204225 0.000000 0.000000
0.000000 0.000000 21645.562593 21563.524814 21570.475923 21548.127887 21502.818401 21493.657818 21475.843718 21481.478969 21456.837384 21458.080573 21468.890940 21462.866839 21482.339591 21507.982610 21567.781476 21540.169093 21629.208293 0.000000 0.000000
0.000000 0.000000 23020.692256 23073.985197 23156.441238 23149.608906 23137.774117 23068.027989 23073.173563 23050.418672 23077.115310 23071.534389 23075.114577 23075.742763 23135.839871 23145.687435 23170.300793 23092.039575 23040.866915 0.000000 0.000000
0.000000 0.000000 0.000000 0.000000 0.000000 0.000000 0.000000 0.000000 0.000000 0.000000 0.000000 0.000000 0.000000 0.000000 0.000000 0.000000 0.000000 0.000000 0.000000 0.000000 0.000000
0.000000 0.000000 0.000000 0.000000 0.000000 0.000000 0.000000 0.000000 0.000000 0.000000 0.000000 0.000000 0.000000 0.000000 0.000000 0.000000 0.000000 0.000000 0.000000 0.000000 0.000000