geotop/1.0zi/1.0Montebello/Templates/testdem/maps/_Erotot4063.asc
ncols         21
nrows         20
xllcorner     100.000000
yllcorner     100.000000
cellsize      50.000000
NODATA_value  -9999.0
0.000000 0.000000 0.000000 0.000000 0.000000 0.000000 0.000000 0.000000 0.000000 0.000000 0.000000 0.000000 0.000000 0.000000 0.000000 0.000000 0.000000 0.000000 0.000000 0.000000 0.000000
0.000000 0.000000 301.129720 300.689583 300.499020 300.352122 300.379016 300.433340 300.471071 300.469620 300.455979 300.459375 300.460812 300.504612 300.376058 300.395060 300.569197 300.478714 300.572055 0.000000 0.000000
0.000000 0.000000 23.685921 24.237220 24.509674 25.216339 24.852864 24.871558 24.444733 24.375218 24.429857 24.804036 24.569808 24.399043 24.886879 24.648774 23.768325 23.205875 23.079954 0.000000 0.000000
0.000000 0.000000 137.488770 138.953544 131.926865 129.293097 130.054030 124.875204 124.053762 123.643001 122.882885 122.407453 123.524412 122.332375 125.233010 130.248844 131.001884 133.371321 136.072531 0.000000 0.000000
0.000000 0.000000 1291.546783 1296.749373 1303.476651 1298.707733 1292.667125 1289.505310 1292.956007 1287.331845 1290.777219 1294.359137 1292.966700 1289.052390 1292.845890 1289.546854 1289.603641 1291.382028 1290.889490 0.000000 0.000000
0.000000 0.000000 2412.792591 2407.217640 2402.703129 2401.116410 2397.208034 2393.660543 2391.905519 2394.293157 2393.502032 2390.630073 2386.195892 2386.303434 2385.738825 2397.486312 2403.621570 2403.118074 2406.425374 0.000000 0.000000
0.000000 0.000000 2999.667707 2994.440671 2989.706400 2982.927215 2974.404284 2960.140960 2961.291827 2957.819819 2960.898266 2960.468930 2963.124496 2965.049802 2978.568926 2985.535161 2992.576653 2997.018059 2999.735683 0.000000 0.000000
0.000000 0.000000 3437.582283 3437.997156 3438.146897 3434.005332 3433.811118 3430.829568 3431.578763 3432.154959 3429.560757 3430.530098 3428.540104 3426.303008 3428.623416 3432.109741 3433.681911 3432.800183 3433.985837 0.000000 0.000000
0.000000 0.000000 4033.909375 4033.319517 4029.991503 4029.398115 4025.976121 4017.465556 4017.805644 4016.002104 4016.514282 4016.782821 4015.752399 4015.474157 4020.125068 4027.425714 4027.204620 4028.393505 4031.800622 0.000000 0.000000
0.000000 0.000000 4709.262786 4707.681940 4707.049734 4704.008856 4696.831500 4692.907462 4694.486696 4693.727338 4693.623411 4693.672375 4692.394775 4689.840312 4696.139911 4702.021402 4704.276949 4705.025204 4706.146165 0.000000 0.000000
0.000000 0.000000 5420.381486 5418.690419 5416.429632 5415.031453 5414.120141 5404.878495 5405.295583 5402.913993 5403.032309 5403.830905 5402.347555 5401.019757 5404.797901 5407.012196 5411.254332 5413.124111 5415.896822 0.000000 0.000000
0.000000 0.000000 6158.058707 6156.752267 6154.196737 6148.339993 6144.778452 6137.935290 6137.089852 6136.726347 6136.690386 6135.898011 6135.158895 6134.101555 6142.092251 6147.481203 6150.608598 6151.504720 6167.869032 0.000000 0.000000
0.000000 0.000000 6894.385029 6892.461042 6889.680408 6887.612198 6881.984862 6865.641345 6866.015834 6864.445938 6864.203504 6864.706784 6862.810463 6862.232701 6875.471826 6882.901599 6885.725648 6887.068125 6889.140251 0.000000 0.000000
0.000000 0.000000 7677.827865 7675.113385 7672.103864 7668.933589 7653.346321 7661.306071 7656.183606 7655.208664 7655.509795 7655.573687 7654.077679 7652.907215 7646.965467 7662.967264 7666.433996 7671.280952 7670.972409 0.000000 0.000000
0.000000 0.000000 8510.071247 8505.022284 8500.240861 8490.829161 8489.188867 8474.939305 8467.580551 8466.141342 8461.963393 8461.321471 8461.916395 8458.637617 8467.920372 8475.477443 8493.965460 8489.823889 8490.872470 0.000000 0.000000
0.000000 0.000000 9333.609732 9333.200882 9314.847455 9318.165999 9319.254695 9319.148606 9321.539776 9321.561957 9323.945840 9323.806991 9320.466896 9323.832870 9320.648082 9319.313084 9309.232919 9329.199124 9333.153776 0.000000 0.000000
0.000000 0.000000 10265.311391 10245.688756 10237.402360 10231.217302 10219.411212 10214.688404 10213.303581 10212.732825 10209.198277 10209.387065 10208.880585 10205.472458 10208.490280 10223.150864 10235.003443 10235.645004 10255.542157 0.000000 0.000000
0.000000 0.000000 10963.463852 10965.494751 10983.005277 10975.003162 10970.742064 10953.216343 10952.002809 10949.552336 10950.675448 10950.337339 10948.482026 10948.161224 10964.397029 10972.117957 10982.548115 10960.233023 10962.617970 0.000000 0.000000
0.000000 0.000000 0.000000 0.000000 0.000000 0.000000 0.000000 0.000000 0.000000 0.000000 0.000000 0.000000 0.000000 0.000000 0.000000 0.000000 0.000000 0.000000 0.000000 0.000000 0.000000
0.000000 0.000000 0.000000 0.000000 0.000000 0.000000 0.000000 0.000000 0.000000 0.000000 0.000000 0.000000 0.000000 0.000000 0.000000 0.000000 0.000000 0.000000 0.000000 0.000000 0.000000