geotop/1.0zi/1.0Montebello/Templates/testdem/maps/_Erotot1284.asc
ncols         21
nrows         20
xllcorner     100.000000
yllcorner     100.000000
cellsize      50.000000
NODATA_value  -9999.0
0.000000 0.000000 0.000000 0.000000 0.000000 0.000000 0.000000 0.000000 0.000000 0.000000 0.000000 0.000000 0.000000 0.000000 0.000000 0.000000 0.000000 0.000000 0.000000 0.000000 0.000000
0.000000 0.000000 149.078160 149.079559 149.114418 149.089779 149.071125 149.079575 149.081160 149.075973 149.076642 149.075973 149.081160 149.079575 149.071125 149.089779 149.114418 149.079559 149.078160 0.000000 0.000000
0.000000 0.000000 9.056179 8.837095 7.060862 8.917953 9.099488 9.083745 9.094055 9.101117 9.099374 9.101117 9.094055 9.083745 9.099488 8.917953 7.060862 8.837095 9.056179 0.000000 0.000000
0.000000 0.000000 1074.978934 1074.775009 1074.802624 1072.808492 1075.149582 1074.721192 1074.661049 1075.185762 1075.129450 1075.185762 1074.661049 1074.721192 1075.149582 1072.808492 1074.802624 1074.775009 1074.978934 0.000000 0.000000
0.000000 0.000000 1912.154910 1911.930988 1911.180201 1911.876516 1912.326799 1912.136409 1912.090095 1912.237603 1912.192369 1912.237603 1912.090095 1912.136409 1912.326799 1911.876516 1911.180201 1911.930988 1912.154910 0.000000 0.000000
0.000000 0.000000 2516.822912 2516.649745 2515.900685 2516.094285 2517.005809 2516.757123 2516.726457 2516.942259 2516.915436 2516.942259 2516.726457 2516.757123 2517.005809 2516.094285 2515.900685 2516.649745 2516.822912 0.000000 0.000000
0.000000 0.000000 3280.340468 3280.202494 3279.526465 3279.717343 3280.497381 3280.289539 3280.268516 3280.446374 3280.423232 3280.446374 3280.268516 3280.289539 3280.497381 3279.717343 3279.526465 3280.202494 3280.340468 0.000000 0.000000
0.000000 0.000000 4006.326821 4006.207809 4005.582582 4005.771331 4006.460122 4006.281970 4006.266316 4006.422612 4006.402659 4006.422612 4006.266316 4006.281970 4006.460122 4005.771331 4005.582582 4006.207809 4006.326821 0.000000 0.000000
0.000000 0.000000 4694.349476 4694.240655 4693.646333 4693.829007 4694.469792 4694.306726 4694.294402 4694.439632 4694.420310 4694.439632 4694.294402 4694.306726 4694.469792 4693.829007 4693.646333 4694.240655 4694.349476 0.000000 0.000000
0.000000 0.000000 5352.937073 5352.855367 5352.273272 5352.492380 5353.044072 5352.900542 5352.895870 5353.023748 5353.004318 5353.023748 5352.895870 5352.900542 5353.044072 5352.492380 5352.273272 5352.855367 5352.937073 0.000000 0.000000
0.000000 0.000000 5986.247401 5986.156051 5985.592231 5985.784131 5986.352581 5986.207644 5986.200520 5986.330808 5986.310361 5986.330808 5986.200520 5986.207644 5986.352581 5985.784131 5985.592231 5986.156051 5986.247401 0.000000 0.000000
0.000000 0.000000 6599.850451 6599.756273 6599.206596 6599.388168 6599.948318 6599.808090 6599.802195 6599.931066 6599.911784 6599.931066 6599.802195 6599.808090 6599.948318 6599.388168 6599.206596 6599.756273 6599.850451 0.000000 0.000000
0.000000 0.000000 7199.369576 7199.277597 7198.735142 7198.917309 7199.463126 7199.325803 7199.321076 7199.447860 7199.428090 7199.447860 7199.321076 7199.325803 7199.463126 7198.917309 7198.735142 7199.277597 7199.369576 0.000000 0.000000
0.000000 0.000000 7785.453738 7785.368336 7784.831167 7785.033169 7785.543340 7785.411166 7785.409454 7785.531731 7785.511364 7785.531731 7785.409454 7785.411166 7785.543340 7785.033169 7784.831167 7785.368336 7785.453738 0.000000 0.000000
0.000000 0.000000 8360.619155 8360.531260 8359.995636 8360.186569 8360.707166 8360.574622 8360.572324 8360.696772 8360.675748 8360.696772 8360.572324 8360.574622 8360.707166 8360.186569 8359.995636 8360.531260 8360.619155 0.000000 0.000000
0.000000 0.000000 8926.542108 8926.455000 8925.932662 8926.115644 8926.627596 8926.498888 8926.496872 8926.618258 8926.597464 8926.618258 8926.496872 8926.498888 8926.627596 8926.115644 8925.932662 8926.455000 8926.542105 0.000000 0.000000
0.000000 0.000000 9481.424285 9481.337652 9480.813543 9480.999650 9481.509451 9481.379077 9481.377519 9481.500685 9481.478904 9481.500685 9481.377519 9481.379077 9481.509451 9480.999650 9480.813542 9481.337634 9481.424016 0.000000 0.000000
0.000000 0.000000 10056.396616 10056.587535 10056.066058 10056.243040 10056.756058 10056.624584 10056.623422 10056.748645 10056.726587 10056.748645 10056.623422 10056.624584 10056.756058 10056.243040 10056.066041 10056.584595 10056.671693 0.000000 0.000000
0.000000 0.000000 0.000000 0.000000 0.000000 0.000000 0.000000 0.000000 0.000000 0.000000 0.000000 0.000000 0.000000 0.000000 0.000000 0.000000 0.000000 0.000000 0.000000 0.000000 0.000000
0.000000 0.000000 0.000000 0.000000 0.000000 0.000000 0.000000 0.000000 0.000000 0.000000 0.000000 0.000000 0.000000 0.000000 0.000000 0.000000 0.000000 0.000000 0.000000 0.000000 0.000000