geotop/1.0zi/1.0Montebello/Templates/testdem/maps/_Erotot7054.asc
ncols         21
nrows         20
xllcorner     100.000000
yllcorner     100.000000
cellsize      50.000000
NODATA_value  -9999.0
0.000000 0.000000 0.000000 0.000000 0.000000 0.000000 0.000000 0.000000 0.000000 0.000000 0.000000 0.000000 0.000000 0.000000 0.000000 0.000000 0.000000 0.000000 0.000000 0.000000 0.000000
0.000000 0.000000 567.119051 567.921953 567.575088 567.798189 567.185217 567.222008 567.168252 567.271597 567.697509 567.024279 566.913921 566.995266 567.285665 567.245065 568.005357 568.275510 568.345484 0.000000 0.000000
0.000000 0.000000 44.495962 43.277584 43.258124 43.409873 43.645245 43.497443 43.239494 43.082902 43.321782 43.610425 43.616101 43.738619 43.515991 43.316891 42.030103 41.305429 42.048082 0.000000 0.000000
0.000000 0.000000 252.196080 253.817200 241.888004 239.151198 237.611975 230.728701 231.339881 229.935450 228.719237 226.489306 228.778984 228.746591 236.982971 243.071998 244.464424 246.364011 252.034519 0.000000 0.000000
0.000000 0.000000 2512.252706 2515.606892 2518.970257 2497.809457 2483.097559 2470.084848 2472.117369 2469.107978 2474.636710 2480.894970 2475.519502 2473.793512 2485.385857 2488.160754 2496.766699 2504.315232 2506.284994 0.000000 0.000000
0.000000 0.000000 4271.165533 4265.471157 4262.116980 4255.888522 4241.680519 4233.579779 4232.907585 4232.006584 4228.603572 4222.766188 4221.909223 4225.251756 4225.200979 4243.329733 4251.625574 4258.406051 4260.327245 0.000000 0.000000
0.000000 0.000000 5475.186431 5472.318796 5468.072180 5462.286617 5448.939374 5430.096928 5429.578203 5425.751973 5427.320063 5431.126624 5432.516412 5433.056703 5457.398251 5466.963336 5471.415721 5473.575984 5479.181491 0.000000 0.000000
0.000000 0.000000 6360.211820 6360.786170 6358.105900 6349.565383 6348.197019 6339.728533 6340.358532 6340.247643 6339.420714 6335.649079 6334.876447 6340.756407 6341.604905 6345.339363 6356.312494 6354.349413 6359.464412 0.000000 0.000000
0.000000 0.000000 7557.245867 7553.280870 7547.519003 7548.078970 7538.365287 7524.891153 7526.357782 7522.141208 7520.142895 7520.057896 7522.198173 7516.604967 7533.166359 7545.775325 7546.461510 7549.263913 7550.987422 0.000000 0.000000
0.000000 0.000000 8931.564275 8928.580104 8929.122198 8926.225100 8907.800106 8899.678540 8899.911364 8899.488081 8896.517414 8899.771461 8902.660190 8901.864919 8906.981164 8919.673088 8925.853269 8927.045011 8928.450786 0.000000 0.000000
0.000000 0.000000 10422.495410 10421.978235 10419.555158 10401.924696 10398.446866 10383.677189 10389.237431 10377.111733 10380.870574 10379.385334 10372.932734 10382.081044 10389.381981 10391.459775 10401.991598 10407.893392 10418.137537 0.000000 0.000000
0.000000 0.000000 12008.670611 12001.858271 11994.996475 11992.526057 11983.986322 11966.950618 11964.579888 11964.565055 11971.544896 11961.715972 11965.003130 11965.074063 11984.071011 11990.825345 11992.466160 11995.515123 12017.140064 0.000000 0.000000
0.000000 0.000000 13641.027241 13637.158370 13637.383275 13626.328794 13620.874462 13582.628743 13581.329106 13580.518129 13562.494305 13572.843860 13576.747544 13580.601897 13606.165909 13611.916250 13630.845297 13629.887667 13638.349243 0.000000 0.000000
0.000000 0.000000 15469.596147 15471.869731 15460.689522 15457.433116 15414.883675 15427.244025 15414.995129 15415.829794 15419.877039 15416.806955 15415.081356 15411.369630 15396.075157 15442.921303 15448.491065 15464.400122 15473.373466 0.000000 0.000000
0.000000 0.000000 17487.341437 17480.463016 17473.780141 17431.142755 17435.159344 17413.272192 17396.985869 17394.732623 17386.537000 17377.934893 17381.938192 17380.597486 17405.572686 17404.164112 17469.000260 17456.099333 17455.598957 0.000000 0.000000
0.000000 0.000000 19589.306589 19587.154631 19524.391950 19534.276696 19538.249981 19526.832055 19555.716367 19543.673741 19555.885127 19548.342162 19539.462688 19555.689193 19559.918852 19560.020879 19516.859779 19604.966418 19598.457883 0.000000 0.000000
0.000000 0.000000 22065.095709 21979.370821 21987.694223 21964.107462 21917.047024 21907.500015 21888.569806 21894.502002 21868.782727 21870.170280 21881.704051 21874.970703 21895.183608 21922.145209 21984.959629 21954.547034 22047.303367 0.000000 0.000000
0.000000 0.000000 23442.899884 23500.826362 23586.685080 23580.132842 23568.997271 23496.290014 23502.045269 23478.411798 23506.833570 23500.909349 23504.208009 23505.415302 23567.839370 23577.212775 23601.210507 23520.332834 23464.502499 0.000000 0.000000
0.000000 0.000000 0.000000 0.000000 0.000000 0.000000 0.000000 0.000000 0.000000 0.000000 0.000000 0.000000 0.000000 0.000000 0.000000 0.000000 0.000000 0.000000 0.000000 0.000000 0.000000
0.000000 0.000000 0.000000 0.000000 0.000000 0.000000 0.000000 0.000000 0.000000 0.000000 0.000000 0.000000 0.000000 0.000000 0.000000 0.000000 0.000000 0.000000 0.000000 0.000000 0.000000