geotop/1.0zi/1.0Montebello/Templates/testdem/maps/_Erotot7515.asc
ncols         21
nrows         20
xllcorner     100.000000
yllcorner     100.000000
cellsize      50.000000
NODATA_value  -9999.0
0.000000 0.000000 0.000000 0.000000 0.000000 0.000000 0.000000 0.000000 0.000000 0.000000 0.000000 0.000000 0.000000 0.000000 0.000000 0.000000 0.000000 0.000000 0.000000 0.000000 0.000000
0.000000 0.000000 641.989075 642.935010 642.333479 642.495630 641.624932 641.826691 641.773419 641.878182 642.301462 641.633603 641.517240 641.558542 641.902568 641.943798 642.742610 643.325220 643.394475 0.000000 0.000000
0.000000 0.000000 49.995427 48.772357 48.918119 49.294843 49.709696 49.387021 49.121926 48.959807 49.201547 49.537051 49.558654 49.722908 49.471674 49.144997 47.734843 46.798361 47.552962 0.000000 0.000000
0.000000 0.000000 353.334486 354.619180 342.458151 336.699005 337.502388 326.118022 326.186682 327.061812 323.401449 321.568562 323.770761 323.920287 334.232943 341.095033 345.731718 348.686381 353.592985 0.000000 0.000000
0.000000 0.000000 2970.791165 2973.957694 2977.826582 2956.277218 2937.645549 2927.907265 2927.581727 2923.918755 2930.033214 2936.061652 2930.683603 2928.980704 2943.494034 2946.610832 2955.896444 2964.097399 2963.717817 0.000000 0.000000
0.000000 0.000000 4712.380167 4706.638131 4703.069159 4697.171296 4682.899998 4673.307974 4674.054916 4672.890231 4669.640700 4663.902637 4663.059424 4666.297320 4665.383029 4684.535596 4692.559760 4699.538732 4702.563276 0.000000 0.000000
0.000000 0.000000 5990.752827 5987.780120 5983.505031 5976.926129 5963.469180 5942.560730 5941.586907 5937.954140 5939.282294 5943.147906 5944.515114 5945.047307 5971.914309 5981.660128 5987.017364 5989.659262 5994.873476 0.000000 0.000000
0.000000 0.000000 7003.715802 7004.184347 7001.458459 6992.058399 6989.997898 6981.182152 6981.503178 6981.539298 6980.421444 6976.703916 6975.894124 6981.949266 6983.374871 6987.887400 6999.942623 6998.416239 7003.277734 0.000000 0.000000
0.000000 0.000000 8343.686154 8339.505761 8333.579746 8333.585768 8323.105374 8308.512607 8309.770776 8305.569575 8303.317312 8303.265004 8305.515045 8299.794120 8317.816818 8331.268804 8332.800611 8336.279555 8337.631291 0.000000 0.000000
0.000000 0.000000 9879.026319 9875.833835 9876.395453 9872.635784 9853.146934 9844.043789 9843.868965 9843.713344 9840.301891 9843.763204 9846.742941 9845.976744 9852.338433 9866.092428 9873.339750 9875.121816 9876.196576 0.000000 0.000000
0.000000 0.000000 11553.934000 11553.281636 11550.813996 11531.644752 11526.150282 11511.436655 11517.001225 11504.420745 11508.128495 11506.624911 11499.828036 11509.386925 11518.178153 11520.836152 11532.762478 11539.514224 11549.837730 0.000000 0.000000
0.000000 0.000000 13357.132890 13349.798939 13342.456967 13339.285566 13329.975780 13310.990842 13307.859753 13308.441463 13315.379348 13304.981452 13308.690598 13308.651281 13329.922801 13337.828868 13340.456866 13344.237765 13366.631546 0.000000 0.000000
0.000000 0.000000 15219.096363 15214.764612 15215.261298 15202.607709 15196.109907 15151.968030 15150.409946 15149.753060 15129.581898 15141.137437 15145.224880 15149.571136 15180.245087 15186.896897 15208.630114 15208.229535 15216.020746 0.000000 0.000000
0.000000 0.000000 17334.233660 17336.701065 17324.457929 17320.282471 17268.756097 17285.791561 17271.422235 17272.730012 17277.836693 17274.009138 17271.952533 17267.592466 17249.063256 17305.159923 17311.594482 17330.077279 17339.198629 0.000000 0.000000
0.000000 0.000000 19690.739041 19683.188352 19675.223526 19620.604067 19629.969015 19602.612643 19584.492524 19582.020906 19571.510073 19561.948164 19567.043644 19565.668996 19597.168235 19590.659771 19671.334829 19655.512348 19653.681650 0.000000 0.000000
0.000000 0.000000 22153.305127 22150.673729 22071.609437 22091.084296 22093.363678 22083.077982 22119.129699 22105.737059 22121.577822 22113.700872 22101.690677 22122.242792 22125.293636 22125.933913 22064.072851 22178.821960 22170.909654 0.000000 0.000000
0.000000 0.000000 25091.697978 24977.890651 25000.119866 24965.338479 24904.626382 24892.195751 24863.077230 24872.117390 24836.779447 24839.889294 24857.069163 24843.956073 24871.531601 24908.431727 24998.096085 24943.130284 25064.697051 0.000000 0.000000
0.000000 0.000000 26455.034804 26552.799088 26663.743733 26660.666941 26656.716664 26562.756325 26574.075508 26543.677233 26585.879044 26577.837522 26577.848335 26584.198494 26663.731346 26667.748403 26684.119051 26587.237195 26491.171061 0.000000 0.000000
0.000000 0.000000 0.000000 0.000000 0.000000 0.000000 0.000000 0.000000 0.000000 0.000000 0.000000 0.000000 0.000000 0.000000 0.000000 0.000000 0.000000 0.000000 0.000000 0.000000 0.000000
0.000000 0.000000 0.000000 0.000000 0.000000 0.000000 0.000000 0.000000 0.000000 0.000000 0.000000 0.000000 0.000000 0.000000 0.000000 0.000000 0.000000 0.000000 0.000000 0.000000 0.000000