geotop/1.0zi/1.0Montebello/Templates/testdem/maps/_Erotot7202.asc
ncols         21
nrows         20
xllcorner     100.000000
yllcorner     100.000000
cellsize      50.000000
NODATA_value  -9999.0
0.000000 0.000000 0.000000 0.000000 0.000000 0.000000 0.000000 0.000000 0.000000 0.000000 0.000000 0.000000 0.000000 0.000000 0.000000 0.000000 0.000000 0.000000 0.000000 0.000000 0.000000
0.000000 0.000000 572.458778 573.261022 572.904547 573.116740 572.497367 572.528876 572.476709 572.578639 573.004499 572.333402 572.218536 572.302591 572.597106 572.561759 573.332051 573.601217 573.679462 0.000000 0.000000
0.000000 0.000000 44.988332 43.760108 43.792322 43.945145 44.186018 44.032184 43.775230 43.616199 43.855181 44.141199 44.153226 44.279199 44.054602 43.853802 42.571272 41.803867 42.539045 0.000000 0.000000
0.000000 0.000000 249.378950 251.063872 239.017994 236.284478 234.797530 227.909614 228.548682 227.119233 225.896053 223.693447 225.982616 225.984252 234.151702 240.251749 241.614902 243.438754 249.142940 0.000000 0.000000
0.000000 0.000000 2625.056958 2628.200370 2631.735904 2610.388146 2595.286175 2582.100109 2584.049326 2581.066052 2586.599238 2592.518400 2587.369679 2585.654511 2597.824973 2600.619696 2609.826584 2618.169583 2619.872931 0.000000 0.000000
0.000000 0.000000 4384.291266 4378.610311 4375.225627 4368.960920 4354.432724 4346.189147 4345.503395 4344.622720 4341.213052 4335.456903 4334.544386 4337.845802 4337.873116 4356.369179 4364.634040 4371.340302 4373.283545 0.000000 0.000000
0.000000 0.000000 5597.238088 5594.326769 5590.092924 5584.248931 5570.793850 5551.524107 5550.985529 5547.159821 5548.725038 5552.481491 5553.910819 5554.452080 5579.287857 5588.897708 5593.463903 5595.753293 5601.335333 0.000000 0.000000
0.000000 0.000000 6513.036406 6513.566574 6510.895530 6502.271105 6500.714953 6492.144621 6492.778244 6492.637620 6491.802515 6487.989315 6487.271011 6493.175068 6494.143803 6498.000557 6509.133587 6507.321783 6512.413773 0.000000 0.000000
0.000000 0.000000 7744.038369 7740.005396 7734.226029 7734.710842 7724.748135 7711.055948 7712.504225 7708.266437 7706.254011 7706.104138 7708.313457 7702.710675 7719.565178 7732.360336 7733.210776 7736.197108 7737.885028 0.000000 0.000000
0.000000 0.000000 9158.045785 9154.988700 9155.544991 9152.543750 9133.781536 9125.429741 9125.623875 9125.208952 9122.208123 9125.410343 9128.391991 9127.593630 9132.999344 9145.914214 9152.301977 9153.672404 9155.043122 0.000000 0.000000
0.000000 0.000000 10693.407279 10692.836962 10690.391469 10672.530945 10668.806477 10653.727262 10659.302278 10647.059287 10650.842323 10649.275084 10642.828192 10652.088138 10659.687435 10661.923390 10672.697419 10678.847836 10689.131951 0.000000 0.000000
0.000000 0.000000 12331.192551 12324.234510 12317.294098 12314.720950 12305.825241 12288.405870 12285.937596 12285.973577 12293.019950 12282.989920 12286.424669 12286.466885 12305.992274 12312.998037 12314.822995 12318.079831 12339.928794 0.000000 0.000000
0.000000 0.000000 14019.979935 14015.993315 14016.253795 14004.966528 13999.172086 13959.481099 13958.128553 13957.293058 13938.885206 13949.417849 13953.460279 13957.409728 13984.209570 13990.219101 14009.660552 14008.903338 14017.274178 0.000000 0.000000
0.000000 0.000000 15918.445041 15920.695974 15909.294968 15905.917538 15861.203788 15874.429208 15861.808789 15862.697564 15866.978851 15863.673648 15861.951536 15858.113900 15842.169266 15891.139953 15896.921885 15913.466236 15922.524213 0.000000 0.000000
0.000000 0.000000 18018.642597 18011.586553 18004.688306 17959.377084 17964.334210 17941.412623 17924.732888 17922.360577 17913.776880 17904.854289 17909.232462 17907.864227 17934.011245 17931.646187 17999.939516 17986.601198 17985.881521 0.000000 0.000000
0.000000 0.000000 20210.111148 20207.798552 20141.227360 20153.197112 20156.884547 20145.462385 20175.888056 20163.496293 20176.511849 20168.782758 20159.341795 20176.497923 20180.596664 20180.705162 20133.672973 20227.699501 20220.954542 0.000000 0.000000
0.000000 0.000000 22800.356808 22708.117882 22719.097414 22693.272113 22642.905233 22632.510169 22611.597224 22618.070887 22590.422075 22592.067925 22604.889518 22596.877281 22618.749288 22648.104144 22716.428272 22681.301311 22780.706654 0.000000 0.000000
0.000000 0.000000 24191.986608 24258.077944 24349.603597 24343.434093 24333.167988 24255.177837 24261.983840 24236.833477 24268.180646 24261.725842 24264.561185 24266.760599 24333.534035 24342.256129 24365.368168 24280.640868 24216.586740 0.000000 0.000000
0.000000 0.000000 0.000000 0.000000 0.000000 0.000000 0.000000 0.000000 0.000000 0.000000 0.000000 0.000000 0.000000 0.000000 0.000000 0.000000 0.000000 0.000000 0.000000 0.000000 0.000000
0.000000 0.000000 0.000000 0.000000 0.000000 0.000000 0.000000 0.000000 0.000000 0.000000 0.000000 0.000000 0.000000 0.000000 0.000000 0.000000 0.000000 0.000000 0.000000 0.000000 0.000000