geotop/1.0zi/1.0Montebello/Templates/testdem/maps/_Erotot8095.asc
ncols         21
nrows         20
xllcorner     100.000000
yllcorner     100.000000
cellsize      50.000000
NODATA_value  -9999.0
0.000000 0.000000 0.000000 0.000000 0.000000 0.000000 0.000000 0.000000 0.000000 0.000000 0.000000 0.000000 0.000000 0.000000 0.000000 0.000000 0.000000 0.000000 0.000000 0.000000 0.000000
0.000000 0.000000 674.991895 675.791074 675.243296 675.349741 674.340609 674.500545 674.487131 674.550471 674.983515 674.308816 674.187168 674.239313 674.613345 674.766091 675.600503 676.146074 676.360286 0.000000 0.000000
0.000000 0.000000 52.145931 51.163186 51.406832 51.469959 52.105019 51.784297 51.488273 51.353115 51.583244 51.942455 51.962217 52.111825 51.864785 51.355087 50.080130 49.226885 49.750406 0.000000 0.000000
0.000000 0.000000 354.830621 355.956849 343.596822 338.329851 338.881377 327.563184 327.681960 328.501130 324.842223 323.068141 325.215486 325.356018 335.624760 342.680856 347.307555 350.216966 355.416693 0.000000 0.000000
0.000000 0.000000 3290.180208 3292.466678 3294.656922 3271.629903 3251.892059 3240.375872 3239.682726 3234.862490 3241.730669 3246.894743 3242.395571 3240.930591 3255.992689 3259.721586 3271.007423 3280.529029 3280.382163 0.000000 0.000000
0.000000 0.000000 5231.124911 5225.715716 5222.238144 5216.054025 5200.487363 5190.775399 5191.649601 5190.607392 5187.274024 5181.566730 5180.596558 5183.811693 5183.314817 5203.539897 5211.413588 5217.567024 5220.460761 0.000000 0.000000
0.000000 0.000000 6546.150728 6543.129338 6538.518766 6531.495618 6517.431833 6495.087738 6494.035820 6490.219600 6491.637402 6495.361098 6496.867911 6497.355640 6525.494753 6535.727071 6541.489007 6544.250767 6549.459006 0.000000 0.000000
0.000000 0.000000 7707.584643 7707.854550 7704.728227 7694.568805 7691.728654 7681.933781 7682.133082 7681.921372 7680.940519 7676.979396 7676.294040 7682.536496 7684.651657 7689.785738 7702.573622 7701.113796 7706.154914 0.000000 0.000000
0.000000 0.000000 9228.017420 9223.470965 9216.933241 9216.349297 9204.798460 9188.993962 9190.284225 9185.638027 9183.574334 9183.308369 9185.805131 9179.979542 9199.018236 9213.272418 9215.450514 9219.185344 9220.615362 0.000000 0.000000
0.000000 0.000000 10968.170341 10964.703304 10964.738017 10960.097172 10939.088159 10928.857509 10928.443691 10928.167601 10924.688800 10928.190023 10931.375068 10930.637199 10937.847278 10952.717501 10960.777152 10962.770947 10963.916445 0.000000 0.000000
0.000000 0.000000 12878.832820 12878.041465 12874.838634 12853.906775 12847.567826 12831.035352 12836.916902 12823.249486 12827.468437 12825.632076 12818.542167 12828.736900 12838.595866 12841.798329 12854.923554 12862.127538 12873.087553 0.000000 0.000000
0.000000 0.000000 14953.778713 14945.606541 14936.999398 14933.231400 14922.146909 14901.207069 14897.364226 14898.144272 14905.647183 14894.252674 14898.637928 14898.353339 14921.843474 14931.052001 14934.348736 14938.386056 14962.356306 0.000000 0.000000
0.000000 0.000000 17119.015895 17114.116163 17114.310072 17099.637329 17091.920692 17039.922140 17038.232792 17037.128582 17014.734152 17027.840147 17032.232068 17037.237625 17073.534465 17081.348690 17105.943648 17105.557539 17112.999175 0.000000 0.000000
0.000000 0.000000 19611.768245 19614.461916 19599.837292 19594.759505 19531.371952 19553.877574 19537.173646 19538.507741 19546.007097 19540.506129 19538.064967 19532.753810 19509.606586 19577.762257 19584.534567 19605.878911 19616.029662 0.000000 0.000000
0.000000 0.000000 22418.072978 22409.336084 22399.455166 22328.253199 22345.155033 22309.452355 22289.392657 22285.711681 22272.573429 22261.429296 22268.553081 22267.294527 22306.760828 22292.951276 22394.623363 22373.734993 22370.735299 0.000000 0.000000
0.000000 0.000000 25336.132563 25332.953834 25230.151821 25264.649094 25264.225855 25255.295058 25302.434749 25286.606110 25308.962893 25300.595294 25283.826048 25310.481831 25310.202173 25312.063854 25220.892057 25372.650970 25363.873247 0.000000 0.000000
0.000000 0.000000 28807.318409 28658.470666 28702.569419 28651.058438 28572.984873 28556.117639 28511.740110 28524.598986 28476.491739 28481.684538 28507.327639 28484.520105 28520.871376 28570.697777 28699.631465 28604.042844 28762.898471 0.000000 0.000000
0.000000 0.000000 30016.080501 30166.184745 30299.221271 30304.012302 30312.173097 30194.944979 30216.216010 30176.765015 30238.360032 30227.207255 30221.614251 30235.792771 30331.430474 30326.624188 30324.207646 30217.851932 30069.200816 0.000000 0.000000
0.000000 0.000000 0.000000 0.000000 0.000000 0.000000 0.000000 0.000000 0.000000 0.000000 0.000000 0.000000 0.000000 0.000000 0.000000 0.000000 0.000000 0.000000 0.000000 0.000000 0.000000
0.000000 0.000000 0.000000 0.000000 0.000000 0.000000 0.000000 0.000000 0.000000 0.000000 0.000000 0.000000 0.000000 0.000000 0.000000 0.000000 0.000000 0.000000 0.000000 0.000000 0.000000