geotop/1.0zi/1.0Montebello/Templates/testdem/maps/_Erotot9589.asc
ncols         21
nrows         20
xllcorner     100.000000
yllcorner     100.000000
cellsize      50.000000
NODATA_value  -9999.0
0.000000 0.000000 0.000000 0.000000 0.000000 0.000000 0.000000 0.000000 0.000000 0.000000 0.000000 0.000000 0.000000 0.000000 0.000000 0.000000 0.000000 0.000000 0.000000 0.000000 0.000000
0.000000 0.000000 799.859742 799.939641 798.703767 798.238616 796.706160 796.205211 796.350547 796.368303 796.783694 796.161593 796.012405 796.047750 797.031816 797.682764 799.037045 800.279438 800.927887 0.000000 0.000000
0.000000 0.000000 60.097990 58.730160 59.081883 58.842354 59.558700 59.116472 58.718863 58.611158 58.779323 59.086314 59.168859 59.252509 59.144282 58.657412 57.569713 56.648344 57.518162 0.000000 0.000000
0.000000 0.000000 515.038876 518.864257 504.819842 499.149181 498.507304 490.828431 497.587380 499.685990 496.140572 496.370873 501.287259 500.646254 509.116100 517.786387 520.558865 518.865867 524.603843 0.000000 0.000000
0.000000 0.000000 4400.908299 4395.190658 4391.066653 4353.067284 4326.543359 4312.002755 4304.497118 4298.497499 4304.952928 4311.125625 4309.940659 4304.671266 4324.544687 4331.255981 4349.675573 4360.954735 4361.829107 0.000000 0.000000
0.000000 0.000000 6607.085324 6600.596363 6595.516608 6599.060159 6571.292565 6559.540105 6563.170324 6561.945760 6557.377350 6550.995624 6548.559889 6553.124483 6554.480075 6581.090459 6581.227297 6588.540016 6590.721030 0.000000 0.000000
0.000000 0.000000 8120.522420 8114.702389 8110.548696 8098.986195 8092.312319 8056.756805 8056.271953 8053.156671 8052.484375 8056.733468 8057.283260 8058.758393 8093.310056 8097.259683 8106.779791 8109.705021 8115.022641 0.000000 0.000000
0.000000 0.000000 9717.643930 9714.055610 9707.122729 9693.014051 9682.988673 9679.309779 9680.447975 9678.232213 9678.129606 9674.373450 9673.746774 9681.228068 9678.928316 9690.076117 9705.684945 9703.322047 9709.784426 0.000000 0.000000
0.000000 0.000000 11746.507060 11740.886583 11731.999786 11727.830945 11710.928810 11688.127325 11692.089234 11688.081168 11684.930076 11684.743003 11688.034286 11681.891915 11707.991142 11723.261709 11726.021762 11729.836480 11732.593721 0.000000 0.000000
0.000000 0.000000 14118.705805 14109.433813 14105.264376 14097.823044 14082.636461 14062.857696 14062.686012 14060.623560 14056.097392 14060.688595 14064.127571 14063.765726 14071.500855 14092.823289 14101.214776 14105.388094 14104.926203 0.000000 0.000000
0.000000 0.000000 16772.322283 16768.349003 16765.043128 16731.734288 16731.106912 16702.577397 16711.649510 16693.477852 16699.293627 16695.190242 16687.287001 16699.224235 16714.890135 16720.040402 16736.197898 16739.561431 16758.358078 0.000000 0.000000
0.000000 0.000000 19747.000918 19733.127286 19713.470637 19712.393361 19699.275096 19666.556155 19666.016221 19667.892437 19675.065489 19659.449544 19667.768068 19665.020815 19694.605479 19710.151562 19712.535792 19718.954436 19745.305270 0.000000 0.000000
0.000000 0.000000 22920.524067 22911.398733 22913.667161 22893.154522 22871.484703 22794.856617 22790.204923 22788.016394 22750.288760 22776.292495 22778.039002 22786.561903 22844.953555 22854.227836 22890.331007 22890.106818 22895.436917 0.000000 0.000000
0.000000 0.000000 26710.841537 26711.734649 26683.415144 26669.418878 26560.080529 26620.120478 26593.589202 26594.953268 26614.537183 26596.708454 26595.364652 26581.610914 26523.281114 26648.568053 26649.109042 26681.117141 26696.487476 0.000000 0.000000
0.000000 0.000000 30789.869075 30780.165281 30761.041971 30635.510307 30702.143310 30619.573620 30599.909355 30592.523773 30563.659626 30552.172409 30566.208885 30568.693380 30644.065325 30569.953095 30748.857553 30702.835109 30691.862635 0.000000 0.000000
0.000000 0.000000 34366.110475 34360.025556 34214.781812 34306.187851 34279.669788 34291.414955 34367.214993 34346.084592 34384.937589 34377.978927 34350.006481 34386.947376 34362.119785 34390.541851 34195.482223 34430.636169 34421.386248 0.000000 0.000000
0.000000 0.000000 37567.455591 37436.078671 37508.762715 37447.088157 37376.149298 37359.174819 37307.644392 37323.622638 37273.937744 37281.325693 37309.852955 37282.541541 37321.208502 37362.278130 37503.619116 37371.933747 37512.735955 0.000000 0.000000
0.000000 0.000000 38454.980671 38547.487160 38638.752978 38632.709211 38630.433900 38555.959954 38567.922069 38543.105798 38579.944330 38573.350932 38573.314330 38578.365675 38639.031843 38643.441517 38651.507268 38570.193159 38480.519737 0.000000 0.000000
0.000000 0.000000 0.000000 0.000000 0.000000 0.000000 0.000000 0.000000 0.000000 0.000000 0.000000 0.000000 0.000000 0.000000 0.000000 0.000000 0.000000 0.000000 0.000000 0.000000 0.000000
0.000000 0.000000 0.000000 0.000000 0.000000 0.000000 0.000000 0.000000 0.000000 0.000000 0.000000 0.000000 0.000000 0.000000 0.000000 0.000000 0.000000 0.000000 0.000000 0.000000 0.000000