geotop/1.0zi/1.0Montebello/Templates/testdem/maps/_Erotot7648.asc
ncols         21
nrows         20
xllcorner     100.000000
yllcorner     100.000000
cellsize      50.000000
NODATA_value  -9999.0
0.000000 0.000000 0.000000 0.000000 0.000000 0.000000 0.000000 0.000000 0.000000 0.000000 0.000000 0.000000 0.000000 0.000000 0.000000 0.000000 0.000000 0.000000 0.000000 0.000000 0.000000
0.000000 0.000000 645.109332 646.049537 645.443672 645.601424 644.726571 644.924061 644.870793 644.975552 645.398827 644.730990 644.614606 644.655911 645.004137 645.049555 645.852835 646.439182 646.515406 0.000000 0.000000
0.000000 0.000000 50.272578 49.050273 49.197316 49.573638 49.987613 49.664242 49.399124 49.236992 49.478729 49.814252 49.835839 50.000123 49.749647 49.423849 48.014056 47.076892 47.829655 0.000000 0.000000
0.000000 0.000000 353.320711 354.610139 342.453481 336.705761 337.512180 326.131976 326.202369 327.079050 323.418544 321.584188 323.786647 323.933954 334.241662 341.098936 345.730786 348.675276 353.577216 0.000000 0.000000
0.000000 0.000000 3022.728229 3025.709892 3029.233724 3007.305385 2988.685479 2978.916948 2978.302587 2973.554533 2980.553860 2985.946671 2981.435875 2980.015284 2994.470703 2997.393048 3007.241070 3015.840324 3015.395315 0.000000 0.000000
0.000000 0.000000 4836.859515 4831.197152 4827.695788 4821.844691 4807.359420 4797.692081 4798.489802 4797.459021 4794.104751 4788.421587 4787.491188 4790.676514 4789.873482 4809.335574 4817.270302 4824.136360 4827.166182 0.000000 0.000000
0.000000 0.000000 6114.319684 6111.331997 6107.004354 6100.349333 6086.808212 6065.661774 6064.655427 6060.846144 6062.313740 6066.050813 6067.581645 6068.151166 6095.244316 6105.031467 6110.470067 6113.197895 6118.395151 0.000000 0.000000
0.000000 0.000000 7162.065372 7162.506802 7159.698720 7150.165412 7147.978920 7139.000568 7139.256141 7139.073114 7138.133007 7134.285850 7133.642548 7139.774189 7141.346697 7145.913472 7158.147935 7156.732039 7161.588267 0.000000 0.000000
0.000000 0.000000 8545.431454 8541.205816 8535.163425 8535.049425 8524.419445 8509.613341 8510.803774 8506.347004 8504.281309 8504.104913 8506.535060 8500.870108 8519.098256 8532.656010 8534.368078 8537.984653 8539.323320 0.000000 0.000000
0.000000 0.000000 10129.736036 10126.497975 10126.981787 10123.072128 10103.346263 10094.019411 10093.757274 10093.397161 10090.136882 10093.527645 10096.678906 10095.977181 10102.528542 10116.414572 10123.889790 10125.812254 10126.867844 0.000000 0.000000
0.000000 0.000000 11860.546875 11859.872174 11857.285037 11837.806163 11832.184307 11817.169640 11822.704606 11809.727319 11813.693509 11812.050337 11805.347589 11815.115895 11824.111189 11826.802298 11839.020674 11845.994650 11856.394830 0.000000 0.000000
0.000000 0.000000 13729.160159 13721.702148 13714.153836 13710.846515 13701.301314 13681.902595 13678.591182 13678.975526 13686.241299 13675.549209 13679.539459 13679.537972 13701.295062 13709.347699 13712.196204 13716.141152 13738.840272 0.000000 0.000000
0.000000 0.000000 15663.986639 15659.577152 15660.027741 15647.043284 15640.343968 15594.549869 15592.876990 15591.892731 15571.468591 15583.239444 15587.586991 15592.151804 15624.076821 15630.872912 15653.267809 15653.020132 15660.688881 0.000000 0.000000
0.000000 0.000000 17868.888420 17871.413173 17858.753764 17854.416318 17800.403749 17818.509405 17803.551943 17804.619852 17810.417450 17806.176195 17804.212342 17799.761114 17780.372446 17838.975693 17845.596505 17864.829067 17874.116137 0.000000 0.000000
0.000000 0.000000 20332.061521 20324.342043 20316.006203 20257.839236 20268.833548 20239.709541 20221.044999 20218.046151 20207.250718 20197.217217 20202.947329 20201.687824 20234.946840 20226.856738 20312.152409 20295.461708 20293.324489 0.000000 0.000000
0.000000 0.000000 22906.288784 22903.580776 22819.282237 22841.930885 22843.770028 22833.824743 22872.142363 22857.909273 22875.378125 22867.247754 22854.441354 22876.450722 22878.804788 22879.529831 22811.659419 22934.670475 22926.481345 0.000000 0.000000
0.000000 0.000000 25981.499700 25859.328372 25886.021889 25847.571625 25782.909910 25769.577618 25737.076125 25746.658441 25708.731877 25712.211092 25731.448762 25716.354367 25745.902972 25785.632187 25884.090376 25820.902703 25951.311089 0.000000 0.000000
0.000000 0.000000 27325.452034 27435.691992 27552.986867 27551.387424 27550.098557 27449.936217 27463.300106 27430.417726 27477.448823 27468.570029 27467.571054 27475.782582 27559.908818 27561.942817 27574.901021 27474.673814 27366.115227 0.000000 0.000000
0.000000 0.000000 0.000000 0.000000 0.000000 0.000000 0.000000 0.000000 0.000000 0.000000 0.000000 0.000000 0.000000 0.000000 0.000000 0.000000 0.000000 0.000000 0.000000 0.000000 0.000000
0.000000 0.000000 0.000000 0.000000 0.000000 0.000000 0.000000 0.000000 0.000000 0.000000 0.000000 0.000000 0.000000 0.000000 0.000000 0.000000 0.000000 0.000000 0.000000 0.000000 0.000000