geotop/1.0zi/1.0Montebello/Templates/testdem/maps/_Erotot7911.asc
ncols         21
nrows         20
xllcorner     100.000000
yllcorner     100.000000
cellsize      50.000000
NODATA_value  -9999.0
0.000000 0.000000 0.000000 0.000000 0.000000 0.000000 0.000000 0.000000 0.000000 0.000000 0.000000 0.000000 0.000000 0.000000 0.000000 0.000000 0.000000 0.000000 0.000000 0.000000 0.000000
0.000000 0.000000 662.406671 663.219789 662.686000 662.807565 661.812904 661.986666 661.973885 662.037291 662.469472 661.794869 661.673251 661.725528 662.085224 662.224008 663.043129 663.574517 663.774389 0.000000 0.000000
0.000000 0.000000 51.201977 50.224672 50.148543 50.537742 51.173297 50.855651 50.559845 50.422846 50.654339 51.014811 51.033927 51.184345 50.934851 50.422818 49.145775 48.290129 48.808532 0.000000 0.000000
0.000000 0.000000 354.434554 355.552757 343.491830 337.930654 338.476162 327.162023 327.284546 328.098631 324.438877 322.668273 324.815702 324.955154 335.220425 342.275549 346.896626 349.816657 354.692300 0.000000 0.000000
0.000000 0.000000 3183.667964 3184.845719 3187.527396 3164.279602 3144.915791 3134.364132 3133.588139 3128.920061 3135.767927 3140.900335 3136.368657 3134.986569 3149.948065 3153.278357 3163.840663 3172.653474 3172.480111 0.000000 0.000000
0.000000 0.000000 5065.130782 5059.904481 5056.409719 5050.328206 5035.338239 5025.343015 5026.225562 5025.152902 5021.851682 5016.147159 5015.179620 5018.365093 5017.789027 5037.785926 5045.653880 5052.454404 5055.595227 0.000000 0.000000
0.000000 0.000000 6364.996132 6361.795737 6357.293227 6350.283817 6336.506931 6314.645727 6313.579492 6309.795570 6311.218640 6314.934333 6316.435714 6316.924907 6344.705006 6354.706017 6360.301078 6363.085929 6368.330426 0.000000 0.000000
0.000000 0.000000 7473.554670 7473.609209 7470.611508 7460.516482 7458.036000 7448.645219 7448.829829 7448.651156 7447.685440 7443.725643 7443.036610 7449.264126 7451.119823 7455.999016 7468.521722 7467.079756 7472.093508 0.000000 0.000000
0.000000 0.000000 8929.667997 8924.913546 8918.566291 8918.003529 8906.906295 8891.529423 8892.787971 8888.215068 8886.168733 8885.894934 8888.365082 8882.582039 8901.304339 8915.215300 8917.124190 8920.847457 8922.241833 0.000000 0.000000
0.000000 0.000000 10596.829551 10593.135258 10593.309652 10588.757560 10568.330959 10558.550810 10558.126319 10557.881503 10554.446380 10557.903312 10561.032154 10560.320596 10567.247076 10581.708408 10589.432628 10591.428427 10592.549319 0.000000 0.000000
0.000000 0.000000 12421.821495 12420.744935 12417.747250 12397.134254 12391.240229 12375.312833 12381.067232 12367.678903 12371.823129 12370.011275 12363.048422 12373.052927 12382.597636 12385.532616 12398.221114 12405.314881 12416.058768 0.000000 0.000000
0.000000 0.000000 14399.094317 14390.794405 14382.546779 14378.790500 14368.357336 14348.201469 14344.482821 14345.160601 14352.513680 14341.385858 14345.589559 14345.428027 14368.147661 14376.864589 14379.866044 14383.916562 14407.299523 0.000000 0.000000
0.000000 0.000000 16454.277996 16449.121644 16449.399529 16435.080821 16427.962447 16378.743371 16377.030187 16376.041191 16354.516301 16366.994667 16371.285774 16376.105805 16410.460910 16417.784356 16441.323393 16441.000796 16448.598642 0.000000 0.000000
0.000000 0.000000 18810.845098 18813.018522 18799.140222 18794.068734 18735.108478 18755.656322 18739.712124 18740.952047 18747.639446 18742.657383 18740.435834 18735.521368 18714.072076 18777.790860 18784.406857 18804.809624 18814.554982 0.000000 0.000000
0.000000 0.000000 21453.342627 21444.489412 21435.190181 21369.703031 21384.279905 21351.398329 21331.896174 21328.586093 21316.555178 21305.869919 21312.277041 21311.014094 21347.895828 21336.481509 21430.345612 21411.508624 21408.932991 0.000000 0.000000
0.000000 0.000000 24210.756618 24207.170657 24112.863922 24141.735973 24142.309895 24132.961570 24175.908301 24160.858003 24180.861293 24172.515248 24157.577620 24182.070985 24183.013686 24184.437461 24103.828861 24242.079891 24233.598619 0.000000 0.000000
0.000000 0.000000 27504.513786 27366.847297 27402.578255 27356.156079 27283.933561 27268.678955 27229.833768 27241.211741 27197.780408 27202.117545 27224.724982 27205.532801 27238.841518 27284.344441 27399.500277 27319.210952 27465.379126 0.000000 0.000000
0.000000 0.000000 28781.051431 28913.389489 29040.027093 29041.419437 29044.855621 28934.307166 28951.853056 28915.298224 28970.425369 28960.216176 28956.711985 28968.172002 29059.696079 29058.451717 29063.269785 28958.791155 28827.543643 0.000000 0.000000
0.000000 0.000000 0.000000 0.000000 0.000000 0.000000 0.000000 0.000000 0.000000 0.000000 0.000000 0.000000 0.000000 0.000000 0.000000 0.000000 0.000000 0.000000 0.000000 0.000000 0.000000
0.000000 0.000000 0.000000 0.000000 0.000000 0.000000 0.000000 0.000000 0.000000 0.000000 0.000000 0.000000 0.000000 0.000000 0.000000 0.000000 0.000000 0.000000 0.000000 0.000000 0.000000