geotop/1.0zi/1.0Montebello/Templates/testdem/maps/_Erotot3192.asc
ncols         21
nrows         20
xllcorner     100.000000
yllcorner     100.000000
cellsize      50.000000
NODATA_value  -9999.0
0.000000 0.000000 0.000000 0.000000 0.000000 0.000000 0.000000 0.000000 0.000000 0.000000 0.000000 0.000000 0.000000 0.000000 0.000000 0.000000 0.000000 0.000000 0.000000 0.000000 0.000000
0.000000 0.000000 350.935163 350.938016 350.941572 351.060350 350.929642 350.933970 350.907819 350.948417 350.963584 350.948417 350.907819 350.933970 350.929642 351.060350 350.941572 350.938016 350.935163 0.000000 0.000000
0.000000 0.000000 11.494332 11.255675 9.498599 11.180286 11.492720 11.423154 11.534851 11.433889 11.801128 11.433889 11.534851 11.423154 11.492720 11.180286 9.498599 11.255675 11.494332 0.000000 0.000000
0.000000 0.000000 2582.181273 2581.811626 2581.969154 2580.134755 2581.981415 2581.512993 2581.478974 2582.283474 2582.425537 2582.283474 2581.478974 2581.512993 2581.981415 2580.134755 2581.969154 2581.811626 2582.181273 0.000000 0.000000
0.000000 0.000000 4818.967945 4818.789714 4818.119472 4818.696776 4819.219671 4819.091030 4819.067191 4819.173866 4819.194661 4819.173866 4819.067191 4819.091030 4819.219671 4818.696776 4818.119472 4818.789714 4818.967945 0.000000 0.000000
0.000000 0.000000 6253.630377 6253.406235 6252.794322 6252.929025 6253.696985 6253.422721 6253.454419 6253.741211 6253.964696 6253.741211 6253.454419 6253.422721 6253.696985 6252.929025 6252.794322 6253.406235 6253.630377 0.000000 0.000000
0.000000 0.000000 8053.673088 8053.483545 8052.925059 8053.044221 8053.699588 8053.463700 8053.497458 8053.746337 8053.968817 8053.746337 8053.497458 8053.463700 8053.699588 8053.044221 8052.925059 8053.483545 8053.673088 0.000000 0.000000
0.000000 0.000000 9718.719746 9718.559338 9718.046115 9718.168776 9718.724906 9718.523266 9718.555979 9718.775503 9718.976702 9718.775503 9718.555979 9718.523266 9718.724906 9718.168776 9718.046115 9718.559338 9718.719746 0.000000 0.000000
0.000000 0.000000 11253.623589 11253.478127 11252.994979 11253.116435 11253.624754 11253.441089 11253.469963 11253.673113 11253.863096 11253.673113 11253.469963 11253.441089 11253.624754 11253.116435 11252.994979 11253.478127 11253.623589 0.000000 0.000000
0.000000 0.000000 12681.980081 12681.864900 12681.400085 12681.558709 12681.978622 12681.815708 12681.846961 12682.028831 12682.202346 12682.028831 12681.846961 12681.815708 12681.978622 12681.558709 12681.400085 12681.864900 12681.980081 0.000000 0.000000
0.000000 0.000000 14012.483165 14012.363242 14011.924335 14012.058434 14012.485341 14012.324411 14012.351457 14012.531138 14012.694896 14012.531138 14012.351457 14012.324411 14012.485341 14012.058434 14011.924335 14012.363242 14012.483165 0.000000 0.000000
0.000000 0.000000 15269.759857 15269.645029 15269.234141 15269.363689 15269.777215 15269.623968 15269.646401 15269.824728 15269.978219 15269.824728 15269.646401 15269.623968 15269.777215 15269.363689 15269.234141 15269.645029 15269.759857 0.000000 0.000000
0.000000 0.000000 16461.184209 16461.076868 16460.677498 16460.808239 16461.200452 16461.052250 16461.073748 16461.247214 16461.391618 16461.247214 16461.073748 16461.052250 16461.200452 16460.808239 16460.677498 16461.076868 16461.184209 0.000000 0.000000
0.000000 0.000000 17600.955452 17600.857288 17600.471907 17600.619186 17600.973651 17600.832618 17600.854850 17601.020323 17601.157515 17601.020323 17600.854850 17600.832618 17600.973651 17600.619186 17600.471907 17600.857288 17600.955452 0.000000 0.000000
0.000000 0.000000 18690.303373 18690.205002 18689.830238 18689.965614 18690.325160 18690.185965 18690.205705 18690.369775 18690.500376 18690.369775 18690.205705 18690.185965 18690.325160 18689.965614 18689.830238 18690.205002 18690.303373 0.000000 0.000000
0.000000 0.000000 19733.375600 19733.279613 19732.917123 19733.044787 19733.390212 19733.256456 19733.276298 19733.433263 19733.559757 19733.433263 19733.276298 19733.256456 19733.390212 19733.044787 19732.917123 19733.279613 19733.375596 0.000000 0.000000
0.000000 0.000000 20736.179873 20736.086725 20735.730683 20735.862036 20736.194431 20736.063638 20736.083329 20736.236084 20736.355386 20736.236084 20736.083329 20736.063638 20736.194431 20735.862036 20735.730683 20736.086704 20736.179839 0.000000 0.000000
0.000000 0.000000 21753.800768 21754.251867 21753.904668 21754.031661 21754.355412 21754.229286 21754.247376 21754.395422 21754.511078 21754.395422 21754.247376 21754.229286 21754.355412 21754.031661 21753.904650 21754.248531 21754.338099 0.000000 0.000000
0.000000 0.000000 0.000000 0.000000 0.000000 0.000000 0.000000 0.000000 0.000000 0.000000 0.000000 0.000000 0.000000 0.000000 0.000000 0.000000 0.000000 0.000000 0.000000 0.000000 0.000000
0.000000 0.000000 0.000000 0.000000 0.000000 0.000000 0.000000 0.000000 0.000000 0.000000 0.000000 0.000000 0.000000 0.000000 0.000000 0.000000 0.000000 0.000000 0.000000 0.000000 0.000000