geotop/1.0zi/1.0Montebello/Templates/testdem/maps/_Erotot0689.asc
ncols         21
nrows         20
xllcorner     100.000000
yllcorner     100.000000
cellsize      50.000000
NODATA_value  -9999.0
0.000000 0.000000 0.000000 0.000000 0.000000 0.000000 0.000000 0.000000 0.000000 0.000000 0.000000 0.000000 0.000000 0.000000 0.000000 0.000000 0.000000 0.000000 0.000000 0.000000 0.000000
0.000000 0.000000 50.689408 50.690086 50.722724 50.690257 50.689534 50.689926 50.689742 50.689648 50.689620 50.689648 50.689742 50.689926 50.689534 50.690257 50.722724 50.690086 50.689408 0.000000 0.000000
0.000000 0.000000 7.130762 6.914316 5.097118 6.909801 7.174215 7.158780 7.173287 7.180149 7.181217 7.180149 7.173287 7.158780 7.174215 6.909801 5.097118 6.914316 7.130762 0.000000 0.000000
0.000000 0.000000 594.681735 594.932456 595.056647 594.831270 594.626101 594.726231 594.722755 594.658436 594.588057 594.658436 594.722755 594.726231 594.626101 594.831270 595.056647 594.932456 594.681735 0.000000 0.000000
0.000000 0.000000 960.874703 960.827169 960.070601 960.809356 960.898096 960.924405 960.919147 960.923177 960.918467 960.923177 960.919147 960.924405 960.898096 960.809356 960.070601 960.827169 960.874703 0.000000 0.000000
0.000000 0.000000 1298.794187 1298.800680 1298.096724 1298.757829 1298.801939 1298.844620 1298.849223 1298.828342 1298.807619 1298.828342 1298.849223 1298.844620 1298.801939 1298.757829 1298.096724 1298.800680 1298.794187 0.000000 0.000000
0.000000 0.000000 1704.236944 1704.245738 1703.618278 1704.203171 1704.240649 1704.283544 1704.288932 1704.265953 1704.247579 1704.265953 1704.288932 1704.283544 1704.240649 1704.203171 1703.618278 1704.245738 1704.236944 0.000000 0.000000
0.000000 0.000000 2095.187727 2095.195591 2094.614655 2095.155459 2095.189085 2095.230895 2095.236262 2095.213232 2095.196415 2095.213232 2095.236262 2095.230895 2095.189085 2095.155459 2094.614655 2095.195591 2095.187727 0.000000 0.000000
0.000000 0.000000 2469.120809 2469.128528 2468.575009 2469.089278 2469.120361 2469.161203 2469.166557 2469.143717 2469.127548 2469.143717 2469.166557 2469.161203 2469.120361 2469.089278 2468.575009 2469.128528 2469.120809 0.000000 0.000000
0.000000 0.000000 2831.124420 2831.131515 2830.594315 2831.093214 2831.122700 2831.162762 2831.168066 2831.145377 2831.129389 2831.145377 2831.168066 2831.162762 2831.122700 2831.093214 2830.594315 2831.131515 2831.124420 0.000000 0.000000
0.000000 0.000000 3183.203226 3183.209690 3182.682098 3183.172077 3183.200551 3183.240037 3183.245300 3183.222701 3183.206671 3183.222701 3183.245300 3183.240037 3183.200551 3183.172077 3182.682098 3183.209690 3183.203226 0.000000 0.000000
0.000000 0.000000 3525.913672 3525.917239 3525.400106 3525.881220 3525.908792 3525.946951 3525.952646 3525.930217 3525.915218 3525.930217 3525.952646 3525.946951 3525.908792 3525.881220 3525.400106 3525.917239 3525.913672 0.000000 0.000000
0.000000 0.000000 3861.593422 3861.595517 3861.083815 3861.561680 3861.587487 3861.624960 3861.630755 3861.608278 3861.593379 3861.608278 3861.630755 3861.624960 3861.587487 3861.561680 3861.083815 3861.595517 3861.593422 0.000000 0.000000
0.000000 0.000000 4193.769090 4193.769345 4193.262151 4193.735828 4193.762397 4193.799694 4193.805618 4193.783143 4193.768133 4193.783143 4193.805618 4193.799694 4193.762397 4193.735828 4193.262151 4193.769345 4193.769090 0.000000 0.000000
0.000000 0.000000 4521.527573 4521.528184 4521.019282 4521.494423 4521.520686 4521.557487 4521.563488 4521.540982 4521.525229 4521.540982 4521.563488 4521.557487 4521.520686 4521.494423 4521.019282 4521.528184 4521.527573 0.000000 0.000000
0.000000 0.000000 4846.684236 4846.686081 4846.186850 4846.652343 4846.677834 4846.714504 4846.720509 4846.697949 4846.681640 4846.697949 4846.720509 4846.714504 4846.677834 4846.652343 4846.186850 4846.686081 4846.684233 0.000000 0.000000
0.000000 0.000000 5166.809941 5166.810049 5166.308049 5166.777426 5166.803170 5166.839135 5166.845232 5166.822628 5166.806019 5166.822628 5166.845232 5166.839135 5166.803170 5166.777426 5166.308049 5166.810035 5166.809507 0.000000 0.000000
0.000000 0.000000 5493.796958 5493.921178 5493.420127 5493.885936 5493.911525 5493.947396 5493.953793 5493.931131 5493.914287 5493.931131 5493.953793 5493.947396 5493.911525 5493.885936 5493.420114 5493.919158 5493.918334 0.000000 0.000000
0.000000 0.000000 0.000000 0.000000 0.000000 0.000000 0.000000 0.000000 0.000000 0.000000 0.000000 0.000000 0.000000 0.000000 0.000000 0.000000 0.000000 0.000000 0.000000 0.000000 0.000000
0.000000 0.000000 0.000000 0.000000 0.000000 0.000000 0.000000 0.000000 0.000000 0.000000 0.000000 0.000000 0.000000 0.000000 0.000000 0.000000 0.000000 0.000000 0.000000 0.000000 0.000000