geotop/1.0zi/1.0Montebello/Templates/testdem/maps/_Erotot3194.asc
ncols         21
nrows         20
xllcorner     100.000000
yllcorner     100.000000
cellsize      50.000000
NODATA_value  -9999.0
0.000000 0.000000 0.000000 0.000000 0.000000 0.000000 0.000000 0.000000 0.000000 0.000000 0.000000 0.000000 0.000000 0.000000 0.000000 0.000000 0.000000 0.000000 0.000000 0.000000 0.000000
0.000000 0.000000 351.114844 351.117698 351.121253 351.240032 351.109324 351.113652 351.087501 351.128098 351.143265 351.128098 351.087501 351.113652 351.109324 351.240032 351.121253 351.117698 351.114844 0.000000 0.000000
0.000000 0.000000 11.478141 11.239489 9.482421 11.164116 11.476558 11.407002 11.518711 11.417769 11.785013 11.417769 11.518711 11.407002 11.476558 11.164116 9.482421 11.239489 11.478141 0.000000 0.000000
0.000000 0.000000 2584.424655 2584.054989 2584.212489 2582.378066 2584.224693 2583.756239 2583.722178 2584.526611 2584.668659 2584.526611 2583.722178 2583.756239 2584.224693 2582.378066 2584.212489 2584.054989 2584.424655 0.000000 0.000000
0.000000 0.000000 4823.343246 4823.164983 4822.494689 4823.071937 4823.594741 4823.466037 4823.442100 4823.548614 4823.569365 4823.548614 4823.442100 4823.466037 4823.594741 4823.071937 4822.494689 4823.164983 4823.343246 0.000000 0.000000
0.000000 0.000000 6257.502283 6257.278114 6256.666172 6256.800832 6257.568702 6257.294395 6257.326013 6257.612673 6257.836115 6257.612673 6257.326013 6257.294395 6257.568702 6256.800832 6256.666172 6257.278114 6257.502283 0.000000 0.000000
0.000000 0.000000 8057.812703 8057.623137 8057.064631 8057.183749 8057.839037 8057.603111 8057.636796 8057.885555 8058.107994 8057.885555 8057.636796 8057.603111 8057.839037 8057.183749 8057.064631 8057.623137 8057.812703 0.000000 0.000000
0.000000 0.000000 9723.191474 9723.031044 9722.517810 9722.640426 9723.196482 9722.994807 9723.027453 9723.246864 9723.448023 9723.246864 9723.027453 9722.994807 9723.196482 9722.640426 9722.517810 9723.031044 9723.191474 0.000000 0.000000
0.000000 0.000000 11258.478945 11258.333466 11257.850312 11257.971724 11258.479968 11258.296273 11258.325084 11258.528124 11258.718068 11258.528124 11258.325084 11258.296273 11258.479968 11257.971724 11257.850312 11258.333466 11258.478945 0.000000 0.000000
0.000000 0.000000 12687.247929 12687.132733 12686.667920 12686.826499 12687.246337 12687.083396 12687.114589 12687.296353 12687.469829 12687.296353 12687.114589 12687.083396 12687.246337 12686.826499 12686.667920 12687.132733 12687.247929 0.000000 0.000000
0.000000 0.000000 14018.174990 14018.055053 14017.616156 14017.750209 14018.177038 14018.016086 14018.043073 14018.222650 14018.386369 14018.222650 14018.043073 14018.016086 14018.177038 14017.750209 14017.616156 14018.055053 14018.174990 0.000000 0.000000
0.000000 0.000000 15275.875269 15275.760430 15275.349556 15275.479058 15275.892503 15275.739238 15275.761616 15275.939839 15276.093290 15275.939839 15275.761616 15275.739238 15275.892503 15275.479058 15275.349556 15275.760430 15275.875269 0.000000 0.000000
0.000000 0.000000 16467.715697 16467.608349 16467.209000 16467.339693 16467.731821 16467.583605 16467.605051 16467.778413 16467.922778 16467.778413 16467.605051 16467.583605 16467.731821 16467.339693 16467.209000 16467.608349 16467.715697 0.000000 0.000000
0.000000 0.000000 17607.888523 17607.790356 17607.405002 17607.552233 17607.906612 17607.765568 17607.787750 17607.953122 17608.090274 17607.953122 17607.787750 17607.765568 17607.906612 17607.552233 17607.405002 17607.790356 17607.888523 0.000000 0.000000
0.000000 0.000000 18697.623243 18697.524871 18697.150143 18697.285470 18697.644926 18697.505725 18697.525418 18697.689387 18697.819948 18697.689387 18697.525418 18697.505725 18697.644926 18697.285470 18697.150143 18697.524871 18697.623243 0.000000 0.000000
0.000000 0.000000 19741.065559 19740.969574 19740.607129 19740.734744 19741.080078 19740.946319 19740.966115 19741.122985 19741.249436 19741.122985 19740.966115 19740.946319 19741.080078 19740.734744 19740.607129 19740.969574 19741.065556 0.000000 0.000000
0.000000 0.000000 20744.219970 20744.126824 20743.770834 20743.902137 20744.234438 20744.103647 20744.123295 20744.275955 20744.395216 20744.275955 20744.123295 20744.103647 20744.234438 20743.902137 20743.770834 20744.126803 20744.219935 0.000000 0.000000
0.000000 0.000000 21762.168908 21762.620322 21762.273182 21762.400126 21762.723781 21762.597661 21762.615710 21762.763662 21762.879275 21762.763662 21762.615710 21762.597661 21762.723781 21762.400126 21762.273164 21762.616986 21762.706547 0.000000 0.000000
0.000000 0.000000 0.000000 0.000000 0.000000 0.000000 0.000000 0.000000 0.000000 0.000000 0.000000 0.000000 0.000000 0.000000 0.000000 0.000000 0.000000 0.000000 0.000000 0.000000 0.000000
0.000000 0.000000 0.000000 0.000000 0.000000 0.000000 0.000000 0.000000 0.000000 0.000000 0.000000 0.000000 0.000000 0.000000 0.000000 0.000000 0.000000 0.000000 0.000000 0.000000 0.000000