geotop/1.0zi/1.0Montebello/Templates/testdem/maps/_Erotot4780.asc
ncols         21
nrows         20
xllcorner     100.000000
yllcorner     100.000000
cellsize      50.000000
NODATA_value  -9999.0
0.000000 0.000000 0.000000 0.000000 0.000000 0.000000 0.000000 0.000000 0.000000 0.000000 0.000000 0.000000 0.000000 0.000000 0.000000 0.000000 0.000000 0.000000 0.000000 0.000000 0.000000
0.000000 0.000000 354.330740 353.870700 353.652363 353.484273 353.484340 353.523094 353.561517 353.562344 353.551846 353.545859 353.550484 353.593798 353.483193 353.523733 353.721183 353.654756 353.772473 0.000000 0.000000
0.000000 0.000000 27.880789 28.438664 28.831886 29.933723 29.427278 29.522373 29.114046 29.028172 29.067886 29.398497 29.143693 28.943618 29.465216 29.171607 28.270245 27.680733 27.472515 0.000000 0.000000
0.000000 0.000000 136.221432 137.523184 130.433055 128.049391 129.211911 124.228112 123.495153 123.154731 122.277541 121.713511 122.723208 121.328214 124.024257 129.024154 129.600279 131.864190 134.455497 0.000000 0.000000
0.000000 0.000000 1377.142683 1381.287467 1386.479251 1369.319549 1358.313971 1350.261348 1352.805408 1347.083277 1351.188393 1355.153080 1355.555777 1355.969278 1365.330280 1364.277784 1369.750424 1375.500052 1377.365585 0.000000 0.000000
0.000000 0.000000 2666.929357 2661.290288 2657.406344 2654.271662 2648.014980 2644.777708 2642.102288 2643.808161 2643.392903 2640.799778 2637.170086 2639.061645 2638.956036 2651.943205 2656.132726 2656.208979 2659.082725 0.000000 0.000000
0.000000 0.000000 3421.605753 3416.978658 3412.191226 3408.295426 3397.377467 3381.942990 3383.267606 3379.698663 3382.790458 3382.093553 3384.977632 3387.266862 3401.875427 3411.120425 3417.421694 3421.168340 3424.717746 0.000000 0.000000
0.000000 0.000000 3952.905686 3953.015195 3953.625782 3949.061062 3947.157681 3942.292778 3942.973162 3943.091271 3940.688377 3941.640624 3940.651481 3939.870953 3943.299686 3946.821086 3948.979301 3948.416454 3949.659730 0.000000 0.000000
0.000000 0.000000 4623.264444 4622.931465 4620.227927 4617.835801 4613.043298 4604.304206 4604.556550 4602.572587 4603.118904 4603.755573 4603.141943 4604.171291 4609.666326 4617.665625 4617.777931 4619.287327 4623.031719 0.000000 0.000000
0.000000 0.000000 5414.873388 5412.917954 5413.026824 5408.960093 5399.796187 5394.600967 5396.201553 5395.139340 5395.275996 5395.303777 5394.580166 5393.372638 5401.069309 5407.984813 5410.337802 5411.380256 5412.780628 0.000000 0.000000
0.000000 0.000000 6253.425982 6251.395614 6249.861263 6247.509665 6244.360195 6233.593803 6233.894692 6231.222528 6231.379121 6232.419312 6231.608037 6231.927655 6237.324803 6240.332561 6245.206925 6247.311272 6250.415809 0.000000 0.000000
0.000000 0.000000 7126.654784 7125.708724 7123.112343 7116.103969 7110.860034 7102.532463 7101.541568 7100.993912 7101.152155 7100.315559 7100.236944 7100.577324 7110.064861 7116.331321 7119.836200 7121.035231 7138.186933 0.000000 0.000000
0.000000 0.000000 8006.276115 8004.160553 8001.796108 7998.724272 7990.704097 7970.842439 7971.099186 7969.155921 7969.114206 7969.744623 7968.480575 7969.452570 7986.345534 7994.847004 7998.209052 7999.757317 8002.182408 0.000000 0.000000
0.000000 0.000000 8946.594889 8943.272070 8940.972113 8936.784563 8915.986217 8924.099847 8918.169218 8917.075118 8917.548321 8917.880006 8916.954669 8917.206165 8911.550862 8931.149930 8935.200707 8940.567535 8940.518961 0.000000 0.000000
0.000000 0.000000 9951.894049 9946.882646 9941.969270 9928.127549 9924.858240 9908.208449 9899.934446 9898.053942 9893.740342 9893.427999 9894.901619 9893.051566 9904.652110 9913.131860 9935.828462 9931.385699 9932.866766 0.000000 0.000000
0.000000 0.000000 10956.815519 10956.166315 10934.023801 10937.110473 10935.865651 10934.632007 10937.531832 10937.410700 10940.407398 10940.211026 10937.249298 10943.110339 10941.115331 10940.120085 10928.509500 10954.068510 10958.899401 0.000000 0.000000
0.000000 0.000000 12097.603805 12071.273579 12062.457344 12053.905979 12037.699998 12030.936847 12029.161250 12028.121191 12024.264045 12024.569768 12025.293962 12022.854196 12028.236501 12046.125186 12060.364708 12060.910782 12087.465416 0.000000 0.000000
0.000000 0.000000 12937.769559 12941.448073 12964.855950 12954.450216 12947.071537 12921.822700 12920.045234 12916.986148 12918.960513 12918.703189 12917.352986 12919.520162 12943.570245 12952.996078 12965.480395 12937.785004 12939.617202 0.000000 0.000000
0.000000 0.000000 0.000000 0.000000 0.000000 0.000000 0.000000 0.000000 0.000000 0.000000 0.000000 0.000000 0.000000 0.000000 0.000000 0.000000 0.000000 0.000000 0.000000 0.000000 0.000000
0.000000 0.000000 0.000000 0.000000 0.000000 0.000000 0.000000 0.000000 0.000000 0.000000 0.000000 0.000000 0.000000 0.000000 0.000000 0.000000 0.000000 0.000000 0.000000 0.000000 0.000000