geotop/1.0zi/1.0Montebello/Templates/testdem/maps/_Erotot2152.asc
ncols         21
nrows         20
xllcorner     100.000000
yllcorner     100.000000
cellsize      50.000000
NODATA_value  -9999.0
0.000000 0.000000 0.000000 0.000000 0.000000 0.000000 0.000000 0.000000 0.000000 0.000000 0.000000 0.000000 0.000000 0.000000 0.000000 0.000000 0.000000 0.000000 0.000000 0.000000 0.000000
0.000000 0.000000 208.619339 208.622166 208.661181 208.689327 208.602278 208.623897 208.627486 208.610792 208.614677 208.610792 208.627486 208.623897 208.602278 208.689327 208.661181 208.622166 208.619339 0.000000 0.000000
0.000000 0.000000 12.312166 12.090412 10.307214 12.111580 12.363512 12.334125 12.340748 12.358752 12.352727 12.358752 12.340748 12.334125 12.363512 12.111580 10.307214 12.090412 12.312166 0.000000 0.000000
0.000000 0.000000 1438.424975 1438.104001 1438.438606 1436.563061 1438.574202 1438.016448 1438.011082 1438.777503 1438.878707 1438.777503 1438.011082 1438.016448 1438.574202 1436.563061 1438.438606 1438.104001 1438.424975 0.000000 0.000000
0.000000 0.000000 2999.984294 2999.810257 2999.149504 2999.731118 3000.283977 3000.143944 3000.107899 3000.256122 3000.202846 3000.256122 3000.107899 3000.143944 3000.283977 2999.731118 2999.149504 2999.810257 2999.984294 0.000000 0.000000
0.000000 0.000000 3888.652313 3888.444028 3887.877557 3888.025069 3888.848646 3888.552729 3888.572023 3888.897009 3888.961148 3888.897009 3888.572023 3888.552729 3888.848646 3888.025069 3887.877557 3888.444028 3888.652313 0.000000 0.000000
0.000000 0.000000 5091.162049 5090.988442 5090.467351 5090.606675 5091.311846 5091.055473 5091.080532 5091.367347 5091.443600 5091.367347 5091.080532 5091.055473 5091.311846 5090.606675 5090.467351 5090.988442 5091.162049 0.000000 0.000000
0.000000 0.000000 6232.642264 6232.496079 6232.008728 6232.151966 6232.760714 6232.539524 6232.561896 6232.818520 6232.893396 6232.818520 6232.561896 6232.539524 6232.760714 6232.151966 6232.008728 6232.496079 6232.642264 0.000000 0.000000
0.000000 0.000000 7305.937954 7305.803418 7305.338436 7305.482315 7306.044801 7305.839861 7305.860870 7306.103230 7306.176178 7306.103230 7305.860870 7305.839861 7306.044801 7305.482315 7305.338436 7305.803418 7305.937954 0.000000 0.000000
0.000000 0.000000 8323.674028 8323.568184 8323.112337 8323.296285 8323.768299 8323.584301 8323.610148 8323.830880 8323.901055 8323.830880 8323.610148 8323.584301 8323.768299 8323.296285 8323.112337 8323.568184 8323.674028 0.000000 0.000000
0.000000 0.000000 9291.521729 9291.408710 9290.971198 9291.131863 9291.615752 9291.431585 9291.453316 9291.672636 9291.739909 9291.672636 9291.453316 9291.431585 9291.615752 9291.131863 9290.971198 9291.408710 9291.521729 0.000000 0.000000
0.000000 0.000000 10219.512999 10219.399129 10218.976265 10219.131456 10219.602415 10219.425073 10219.445594 10219.658701 10219.725178 10219.658701 10219.445594 10219.425073 10219.602415 10219.131456 10218.976265 10219.399129 10219.512999 0.000000 0.000000
0.000000 0.000000 11117.158381 11117.048787 11116.631174 11116.788445 11117.241173 11117.067780 11117.088477 11117.296985 11117.361389 11117.296985 11117.088477 11117.067780 11117.241173 11116.788445 11116.631174 11117.048787 11117.158381 0.000000 0.000000
0.000000 0.000000 11987.268638 11987.166634 11986.756670 11986.933682 11987.349216 11987.182055 11987.204489 11987.405778 11987.468458 11987.405778 11987.204489 11987.182055 11987.349216 11986.933682 11986.756670 11987.166634 11987.268638 0.000000 0.000000
0.000000 0.000000 12832.330146 12832.226191 12831.818046 12831.984605 12832.406616 12832.240220 12832.261403 12832.462272 12832.523496 12832.462272 12832.261403 12832.240220 12832.406616 12831.984605 12831.818046 12832.226191 12832.330146 0.000000 0.000000
0.000000 0.000000 13654.843766 13654.741745 13654.344028 13654.504149 13654.914917 13654.752863 13654.773906 13654.970264 13655.030690 13654.970264 13654.773906 13654.752863 13654.914917 13654.504149 13654.344028 13654.741745 13654.843761 0.000000 0.000000
0.000000 0.000000 14455.379045 14455.278223 14454.880803 14455.044560 14455.448221 14455.287212 14455.307694 14455.500633 14455.559327 14455.500633 14455.307694 14455.287212 14455.448221 14455.044560 14454.880803 14455.278202 14455.378549 0.000000 0.000000
0.000000 0.000000 15267.402275 15267.647244 15267.255581 15267.415308 15267.816428 15267.657852 15267.676411 15267.867032 15267.923402 15267.867032 15267.676411 15267.657852 15267.816428 15267.415308 15267.255562 15267.643760 15267.741649 0.000000 0.000000
0.000000 0.000000 0.000000 0.000000 0.000000 0.000000 0.000000 0.000000 0.000000 0.000000 0.000000 0.000000 0.000000 0.000000 0.000000 0.000000 0.000000 0.000000 0.000000 0.000000 0.000000
0.000000 0.000000 0.000000 0.000000 0.000000 0.000000 0.000000 0.000000 0.000000 0.000000 0.000000 0.000000 0.000000 0.000000 0.000000 0.000000 0.000000 0.000000 0.000000 0.000000 0.000000