geotop/1.0zi/1.0Montebello/Templates/testdem/maps/_Erotot1769.asc
ncols         21
nrows         20
xllcorner     100.000000
yllcorner     100.000000
cellsize      50.000000
NODATA_value  -9999.0
0.000000 0.000000 0.000000 0.000000 0.000000 0.000000 0.000000 0.000000 0.000000 0.000000 0.000000 0.000000 0.000000 0.000000 0.000000 0.000000 0.000000 0.000000 0.000000 0.000000 0.000000
0.000000 0.000000 193.696258 193.698268 193.734823 193.719542 193.685843 193.698638 193.700697 193.692913 193.694013 193.692913 193.700697 193.698638 193.685843 193.719542 193.734823 193.698268 193.696258 0.000000 0.000000
0.000000 0.000000 10.212456 9.992018 8.213613 10.062146 10.258800 10.238258 10.247621 10.258152 10.255698 10.258152 10.247621 10.238258 10.258800 10.062146 8.213613 9.992018 10.212456 0.000000 0.000000
0.000000 0.000000 1367.461737 1367.251218 1367.448654 1365.497151 1367.761926 1367.345708 1367.289906 1367.878732 1367.832962 1367.878732 1367.289906 1367.345708 1367.761926 1365.497151 1367.448654 1367.251218 1367.461737 0.000000 0.000000
0.000000 0.000000 2610.374821 2610.162976 2609.566306 2610.258850 2610.710284 2610.514946 2610.468383 2610.618888 2610.572235 2610.618888 2610.468383 2610.514946 2610.710284 2610.258850 2609.566306 2610.162976 2610.374821 0.000000 0.000000
0.000000 0.000000 3415.218619 3415.051081 3414.446442 3414.651106 3415.534425 3415.287776 3415.259191 3415.494873 3415.470668 3415.494873 3415.259191 3415.287776 3415.534425 3414.651106 3414.446442 3415.051081 3415.218619 0.000000 0.000000
0.000000 0.000000 4450.119685 4449.985121 4449.425429 4449.623532 4450.381363 4450.171167 4450.153951 4450.349158 4450.328884 4450.349158 4450.153951 4450.171167 4450.381363 4449.623532 4449.425429 4449.985121 4450.119685 0.000000 0.000000
0.000000 0.000000 5430.366830 5430.255836 5429.731043 5429.925426 5430.586814 5430.407190 5430.391964 5430.562157 5430.542909 5430.562157 5430.391964 5430.407190 5430.586814 5429.925426 5429.731043 5430.255836 5430.366830 0.000000 0.000000
0.000000 0.000000 6354.607282 6354.504730 6354.002464 6354.189982 6354.808283 6354.641648 6354.628184 6354.788829 6354.771043 6354.788829 6354.628184 6354.641648 6354.808283 6354.189982 6354.002464 6354.504730 6354.607282 0.000000 0.000000
0.000000 0.000000 7233.734939 7233.659082 7233.165447 7233.387720 7233.918062 7233.770276 7233.763772 7233.906183 7233.888423 7233.906183 7233.763772 7233.770276 7233.918062 7233.387720 7233.165447 7233.659082 7233.734939 0.000000 0.000000
0.000000 0.000000 8072.250296 8072.165122 8071.688368 8071.882727 8072.428893 8072.279635 8072.270229 8072.413917 8072.395312 8072.413917 8072.270229 8072.279635 8072.428893 8071.882727 8071.688368 8072.165122 8072.250296 0.000000 0.000000
0.000000 0.000000 8878.959447 8878.871976 8878.409143 8878.593015 8879.129316 8878.984743 8878.976198 8879.117282 8879.099930 8879.117282 8878.976198 8878.984743 8879.129316 8878.593015 8878.409143 8878.871976 8878.959447 0.000000 0.000000
0.000000 0.000000 9661.551778 9661.467105 9661.008722 9661.192611 9661.713301 9661.571691 9661.563785 9661.701876 9661.684019 9661.701876 9661.563785 9661.571691 9661.713301 9661.192611 9661.008722 9661.467105 9661.551778 0.000000 0.000000
0.000000 0.000000 10422.044623 10421.966532 10421.514708 10421.716742 10422.201829 10422.065277 10422.059882 10422.192572 10422.174353 10422.192572 10422.059882 10422.065277 10422.201829 10421.716742 10421.514708 10421.966532 10422.044623 0.000000 0.000000
0.000000 0.000000 11163.737475 11163.656500 11163.204751 11163.395087 11163.888989 11163.752439 11163.746143 11163.879930 11163.861364 11163.879930 11163.746143 11163.752439 11163.888989 11163.395087 11163.204751 11163.656500 11163.737475 0.000000 0.000000
0.000000 0.000000 11888.036205 11887.956266 11887.514340 11887.696712 11888.181217 11888.048292 11888.042314 11888.172863 11888.154600 11888.172863 11888.042314 11888.048292 11888.181217 11887.696712 11887.514340 11887.956266 11888.036201 0.000000 0.000000
0.000000 0.000000 12594.168879 12594.089644 12593.646569 12593.831560 12594.311088 12594.177691 12594.171667 12594.300553 12594.281536 12594.300553 12594.171667 12594.177691 12594.311088 12593.831560 12593.646568 12594.089624 12594.168540 0.000000 0.000000
0.000000 0.000000 13319.171742 13319.436377 13318.999969 13319.176427 13319.655729 13319.521786 13319.515804 13319.646098 13319.626955 13319.646098 13319.515804 13319.521786 13319.655729 13319.176427 13318.999951 13319.433071 13319.511949 0.000000 0.000000
0.000000 0.000000 0.000000 0.000000 0.000000 0.000000 0.000000 0.000000 0.000000 0.000000 0.000000 0.000000 0.000000 0.000000 0.000000 0.000000 0.000000 0.000000 0.000000 0.000000 0.000000
0.000000 0.000000 0.000000 0.000000 0.000000 0.000000 0.000000 0.000000 0.000000 0.000000 0.000000 0.000000 0.000000 0.000000 0.000000 0.000000 0.000000 0.000000 0.000000 0.000000 0.000000