geotop/1.0zi/1.0Montebello/Templates/testdem/maps/_Erotot6600.asc
ncols         21
nrows         20
xllcorner     100.000000
yllcorner     100.000000
cellsize      50.000000
NODATA_value  -9999.0
0.000000 0.000000 0.000000 0.000000 0.000000 0.000000 0.000000 0.000000 0.000000 0.000000 0.000000 0.000000 0.000000 0.000000 0.000000 0.000000 0.000000 0.000000 0.000000 0.000000 0.000000
0.000000 0.000000 503.659356 504.503088 504.209186 504.489829 503.920546 503.966140 503.925283 504.090501 504.492561 503.795719 503.723853 503.816014 503.982950 503.903606 504.647257 504.865894 504.869291 0.000000 0.000000
0.000000 0.000000 38.106977 36.959922 37.032202 37.174349 37.407992 37.219669 37.033385 36.818133 37.063487 37.365428 37.210358 37.422439 37.271814 37.038997 35.759610 35.001054 35.701628 0.000000 0.000000
0.000000 0.000000 223.026074 225.867434 215.749364 213.341465 213.590705 208.422092 207.944546 207.467161 205.852129 203.843639 206.449385 204.319744 209.249372 215.145652 217.054102 218.447241 223.480806 0.000000 0.000000
0.000000 0.000000 2089.307196 2092.572156 2097.617850 2077.209088 2062.630193 2050.424409 2053.100514 2050.061318 2054.352491 2059.468283 2055.588091 2054.560174 2065.688479 2067.260884 2075.178206 2082.942300 2084.708062 0.000000 0.000000
0.000000 0.000000 3808.984736 3803.591511 3800.015991 3793.437578 3781.169748 3773.603683 3772.336905 3771.996938 3769.015118 3763.492935 3762.325313 3765.174773 3764.306271 3781.852016 3790.733043 3797.177543 3798.891936 0.000000 0.000000
0.000000 0.000000 4952.983150 4950.424116 4946.827735 4941.747588 4928.710584 4911.531604 4910.866948 4906.965227 4908.881403 4912.273654 4914.141390 4914.398179 4936.618802 4945.925828 4950.390480 4952.254571 4957.556400 0.000000 0.000000
0.000000 0.000000 5712.090718 5713.392827 5711.393276 5703.465780 5702.679677 5694.977783 5695.548814 5695.799222 5694.493779 5691.103604 5690.744347 5695.664223 5695.421722 5698.553389 5709.279164 5707.373652 5711.876225 0.000000 0.000000
0.000000 0.000000 6767.444544 6764.167377 6759.047944 6759.717792 6751.283071 6739.553552 6740.382428 6736.844035 6734.429428 6734.477256 6736.734920 6730.997293 6745.590308 6757.732115 6758.494189 6760.847612 6762.361202 0.000000 0.000000
0.000000 0.000000 7986.266055 7983.833400 7985.229305 7982.886367 7966.184466 7959.093827 7959.526559 7958.950599 7956.154081 7958.859341 7962.315043 7960.848976 7964.484756 7976.055657 7982.303856 7983.232726 7984.368837 0.000000 0.000000
0.000000 0.000000 9303.793145 9303.505323 9302.315360 9285.985742 9283.024363 9270.639227 9275.147792 9264.339995 9267.283953 9265.945954 9260.459825 9268.467580 9273.742014 9275.568560 9285.676408 9291.350391 9300.659743 0.000000 0.000000
0.000000 0.000000 10695.417810 10689.808200 10684.310124 10681.721336 10675.181553 10659.731578 10657.723557 10657.431951 10663.937952 10654.943477 10658.082849 10657.782590 10674.326369 10679.792924 10681.965190 10684.394214 10704.890390 0.000000 0.000000
0.000000 0.000000 12115.606328 12112.757913 12113.276956 12103.911194 12099.154035 12066.983261 12065.406752 12064.895137 12048.287414 12057.156289 12061.894389 12064.570258 12085.009558 12090.251820 12107.731469 12106.969083 12114.891180 0.000000 0.000000
0.000000 0.000000 13689.455774 13691.828903 13682.833132 13679.782486 13645.019839 13655.023868 13643.534907 13644.647326 13647.214475 13644.988636 13643.951670 13640.140625 13626.288485 13665.718151 13671.643079 13685.577940 13693.708064 0.000000 0.000000
0.000000 0.000000 15407.668568 15401.837109 15397.092211 15363.397221 15364.133445 15347.097861 15331.853502 15330.397048 15323.125567 15315.373046 15319.146073 15317.179755 15336.574999 15338.558892 15392.369036 15381.760011 15381.408047 0.000000 0.000000
0.000000 0.000000 17190.027185 17188.861562 17140.079924 17142.711423 17147.608295 17138.437404 17161.029325 17150.723381 17159.515919 17152.470026 17146.763287 17158.769402 17161.047147 17161.393234 17133.014749 17201.620576 17195.340320 0.000000 0.000000
0.000000 0.000000 19255.168042 19192.124995 19193.306888 19177.145448 19141.494509 19134.257891 19121.054167 19125.614632 19105.938891 19106.163766 19114.602348 19111.260215 19126.056729 19145.131887 19190.753483 19176.222992 19245.571444 0.000000 0.000000
0.000000 0.000000 20560.478637 20590.729206 20655.921212 20647.341641 20633.524283 20580.082772 20582.166412 20564.199499 20582.260255 20577.848946 20583.632695 20580.954935 20626.857895 20639.387261 20666.005885 20602.365302 20573.738374 0.000000 0.000000
0.000000 0.000000 0.000000 0.000000 0.000000 0.000000 0.000000 0.000000 0.000000 0.000000 0.000000 0.000000 0.000000 0.000000 0.000000 0.000000 0.000000 0.000000 0.000000 0.000000 0.000000
0.000000 0.000000 0.000000 0.000000 0.000000 0.000000 0.000000 0.000000 0.000000 0.000000 0.000000 0.000000 0.000000 0.000000 0.000000 0.000000 0.000000 0.000000 0.000000 0.000000 0.000000