geotop/1.0zi/1.0Montebello/Templates/testdem/maps/_Erotot8287.asc
ncols         21
nrows         20
xllcorner     100.000000
yllcorner     100.000000
cellsize      50.000000
NODATA_value  -9999.0
0.000000 0.000000 0.000000 0.000000 0.000000 0.000000 0.000000 0.000000 0.000000 0.000000 0.000000 0.000000 0.000000 0.000000 0.000000 0.000000 0.000000 0.000000 0.000000 0.000000 0.000000
0.000000 0.000000 680.275653 681.073060 680.522225 680.626766 679.615203 679.773434 679.760265 679.823400 680.256431 679.581759 679.460114 679.512203 679.888055 680.043056 680.879438 681.427905 681.643907 0.000000 0.000000
0.000000 0.000000 52.601883 51.618685 51.860478 51.924135 52.558153 52.235716 51.942362 51.804723 52.033806 52.393067 52.412599 52.562083 52.316845 51.805677 50.533099 49.678535 50.202895 0.000000 0.000000
0.000000 0.000000 354.818133 355.952832 343.584882 338.329989 338.892260 327.579092 327.671623 328.518076 324.861685 323.077842 325.230647 325.375425 335.637040 342.706127 347.312447 350.213255 355.431082 0.000000 0.000000
0.000000 0.000000 3388.933776 3391.386298 3395.237286 3372.258139 3352.701286 3340.782197 3338.682134 3334.359781 3341.484418 3346.625310 3342.086859 3340.752824 3355.830381 3360.180338 3372.399569 3383.016729 3382.865343 0.000000 0.000000
0.000000 0.000000 5363.470169 5358.048090 5353.766510 5347.502244 5331.569937 5321.813291 5323.444096 5322.223646 5318.831313 5313.154900 5312.200694 5315.401648 5315.048632 5335.346272 5342.728417 5348.802203 5351.819545 0.000000 0.000000
0.000000 0.000000 6691.287493 6688.303881 6683.758165 6676.746532 6662.708013 6639.970935 6638.824247 6635.060272 6636.528444 6640.252209 6641.755225 6642.271841 6670.746476 6681.065035 6686.851821 6689.774831 6695.071815 0.000000 0.000000
0.000000 0.000000 7891.241128 7891.562562 7888.628834 7878.423328 7875.497398 7865.533112 7865.569957 7865.438136 7864.493768 7860.532822 7859.828301 7866.122774 7868.331277 7873.694024 7886.639065 7885.390682 7890.527733 0.000000 0.000000
0.000000 0.000000 9459.621763 9455.102025 9448.754867 9448.155235 9436.468948 9420.355581 9421.474711 9416.890722 9414.877645 9414.603844 9417.114141 9411.304039 9430.570619 9445.130568 9447.476477 9451.553990 9453.027884 0.000000 0.000000
0.000000 0.000000 11255.357742 11251.920718 11252.217919 11247.522015 11226.263818 11215.725177 11215.108176 11214.936157 11211.488725 11215.017353 11218.230311 11217.522427 11224.931292 11240.160491 11248.453299 11250.839422 11252.016522 0.000000 0.000000
0.000000 0.000000 13230.518148 13229.786684 13226.825420 13205.635721 13199.188954 13182.213674 13187.973875 13174.217537 13178.564329 13176.705132 13169.494523 13179.892431 13189.994467 13193.449208 13206.884474 13214.624682 13225.741600 0.000000 0.000000
0.000000 0.000000 15381.926704 15373.679457 15365.231706 15361.466165 15350.110366 15328.581642 15324.397636 15325.405628 15333.099936 15321.496404 15326.005609 15325.677324 15349.778397 15359.429132 15362.922407 15367.457472 15391.878990 0.000000 0.000000
0.000000 0.000000 17632.734897 17627.846445 17628.455883 17613.495969 17605.572465 17551.341531 17549.424386 17548.377540 17525.363182 17538.977988 17543.421388 17548.640290 17586.534065 17594.790243 17620.186415 17620.320330 17627.617085 0.000000 0.000000
0.000000 0.000000 20234.093626 20236.983049 20222.292525 20217.222171 20150.519796 20174.945516 20157.351788 20158.934362 20167.204129 20161.271232 20158.622654 20153.058054 20128.265158 20200.090848 20206.916982 20229.664831 20240.143970 0.000000 0.000000
0.000000 0.000000 23167.459787 23158.564119 23148.847524 23073.027181 23093.068706 23054.750113 23033.974994 23030.189240 23016.228970 23004.751319 23012.424655 23011.265184 23053.194499 23036.635225 23144.497821 23122.682028 23119.296383 0.000000 0.000000
0.000000 0.000000 26207.504308 26204.427584 26095.562385 26135.671959 26134.397941 26126.561334 26176.664306 26160.463121 26184.809455 26176.474480 26158.217843 26186.625168 26184.674841 26187.291829 26086.579497 26249.797417 26240.836836 0.000000 0.000000
0.000000 0.000000 29800.362682 29643.570916 29695.209981 29639.399753 29557.817957 29540.000041 29491.121622 29505.293420 29453.875257 29459.714691 29487.577884 29462.144288 29500.551657 29553.269080 29692.891455 29585.997088 29753.712679 0.000000 0.000000
0.000000 0.000000 30948.532284 31110.403578 31247.025579 31254.237388 31265.802787 31144.687131 31168.285376 31127.221259 31193.060709 31181.337846 31174.253101 31190.340956 31288.228079 31281.134955 31273.393491 31167.782025 31007.359906 0.000000 0.000000
0.000000 0.000000 0.000000 0.000000 0.000000 0.000000 0.000000 0.000000 0.000000 0.000000 0.000000 0.000000 0.000000 0.000000 0.000000 0.000000 0.000000 0.000000 0.000000 0.000000 0.000000
0.000000 0.000000 0.000000 0.000000 0.000000 0.000000 0.000000 0.000000 0.000000 0.000000 0.000000 0.000000 0.000000 0.000000 0.000000 0.000000 0.000000 0.000000 0.000000 0.000000 0.000000