geotop/1.0zi/1.0Montebello/Templates/testdem/maps/_Erotot0195.asc
ncols         21
nrows         20
xllcorner     100.000000
yllcorner     100.000000
cellsize      50.000000
NODATA_value  -9999.0
0.000000 0.000000 0.000000 0.000000 0.000000 0.000000 0.000000 0.000000 0.000000 0.000000 0.000000 0.000000 0.000000 0.000000 0.000000 0.000000 0.000000 0.000000 0.000000 0.000000 0.000000
0.000000 0.000000 18.080540 18.080542 18.080541 18.080540 18.080540 18.080540 18.080540 18.080540 18.080540 18.080540 18.080540 18.080540 18.080540 18.080540 18.080541 18.080542 18.080540 0.000000 0.000000
0.000000 0.000000 2.163732 2.162492 2.163348 2.163678 2.163681 2.163658 2.163650 2.163648 2.163648 2.163648 2.163650 2.163658 2.163681 2.163678 2.163348 2.162492 2.163732 0.000000 0.000000
0.000000 0.000000 260.028057 260.029160 260.028329 260.027864 260.027882 260.027929 260.027950 260.027955 260.027956 260.027955 260.027950 260.027929 260.027882 260.027864 260.028329 260.029160 260.028057 0.000000 0.000000
0.000000 0.000000 335.206877 335.206786 335.206770 335.206813 335.206827 335.206827 335.206824 335.206822 335.206822 335.206822 335.206824 335.206827 335.206827 335.206813 335.206770 335.206786 335.206877 0.000000 0.000000
0.000000 0.000000 463.714824 463.714651 463.714721 463.714755 463.714771 463.714774 463.714774 463.714773 463.714773 463.714773 463.714774 463.714774 463.714771 463.714755 463.714721 463.714651 463.714824 0.000000 0.000000
0.000000 0.000000 588.094257 588.094115 588.094177 588.094191 588.094206 588.094211 588.094212 588.094213 588.094213 588.094213 588.094212 588.094211 588.094206 588.094191 588.094177 588.094115 588.094257 0.000000 0.000000
0.000000 0.000000 704.075825 704.075700 704.075758 704.075766 704.075780 704.075785 704.075787 704.075787 704.075787 704.075787 704.075787 704.075785 704.075780 704.075766 704.075758 704.075700 704.075825 0.000000 0.000000
0.000000 0.000000 813.521348 813.521225 813.521283 813.521291 813.521304 813.521310 813.521312 813.521312 813.521312 813.521312 813.521312 813.521310 813.521304 813.521291 813.521283 813.521225 813.521348 0.000000 0.000000
0.000000 0.000000 917.761754 917.761619 917.761685 917.761697 917.761711 917.761716 917.761718 917.761718 917.761718 917.761718 917.761718 917.761716 917.761711 917.761697 917.761685 917.761619 917.761754 0.000000 0.000000
0.000000 0.000000 1016.296707 1016.296559 1016.296631 1016.296648 1016.296661 1016.296666 1016.296668 1016.296668 1016.296668 1016.296668 1016.296668 1016.296666 1016.296661 1016.296648 1016.296631 1016.296559 1016.296707 0.000000 0.000000
0.000000 0.000000 1111.156134 1111.155980 1111.156057 1111.156075 1111.156089 1111.156094 1111.156096 1111.156096 1111.156096 1111.156096 1111.156096 1111.156094 1111.156089 1111.156075 1111.156057 1111.155980 1111.156134 0.000000 0.000000
0.000000 0.000000 1206.157889 1206.157731 1206.157811 1206.157830 1206.157844 1206.157849 1206.157850 1206.157850 1206.157850 1206.157850 1206.157850 1206.157849 1206.157844 1206.157830 1206.157811 1206.157731 1206.157889 0.000000 0.000000
0.000000 0.000000 1299.694356 1299.694194 1299.694277 1299.694297 1299.694310 1299.694315 1299.694316 1299.694317 1299.694317 1299.694317 1299.694316 1299.694315 1299.694310 1299.694297 1299.694277 1299.694194 1299.694356 0.000000 0.000000
0.000000 0.000000 1392.904375 1392.904221 1392.904301 1392.904319 1392.904332 1392.904337 1392.904338 1392.904339 1392.904339 1392.904339 1392.904338 1392.904337 1392.904332 1392.904319 1392.904301 1392.904221 1392.904375 0.000000 0.000000
0.000000 0.000000 1484.717033 1484.716856 1484.716948 1484.716972 1484.716985 1484.716990 1484.716991 1484.716991 1484.716991 1484.716991 1484.716991 1484.716990 1484.716985 1484.716972 1484.716948 1484.716856 1484.717032 0.000000 0.000000
0.000000 0.000000 1574.812866 1574.812632 1574.812715 1574.812737 1574.812750 1574.812755 1574.812756 1574.812756 1574.812756 1574.812756 1574.812756 1574.812755 1574.812750 1574.812737 1574.812715 1574.812626 1574.812797 0.000000 0.000000
0.000000 0.000000 1672.637313 1672.703422 1672.702723 1672.702733 1672.702746 1672.702751 1672.702752 1672.702752 1672.702752 1672.702752 1672.702752 1672.702751 1672.702746 1672.702732 1672.702715 1672.702662 1672.702921 0.000000 0.000000
0.000000 0.000000 0.000000 0.000000 0.000000 0.000000 0.000000 0.000000 0.000000 0.000000 0.000000 0.000000 0.000000 0.000000 0.000000 0.000000 0.000000 0.000000 0.000000 0.000000 0.000000
0.000000 0.000000 0.000000 0.000000 0.000000 0.000000 0.000000 0.000000 0.000000 0.000000 0.000000 0.000000 0.000000 0.000000 0.000000 0.000000 0.000000 0.000000 0.000000 0.000000 0.000000