geotop/1.0zi/1.0Montebello/Templates/testdem/maps/_Erotot7913.asc
ncols         21
nrows         20
xllcorner     100.000000
yllcorner     100.000000
cellsize      50.000000
NODATA_value  -9999.0
0.000000 0.000000 0.000000 0.000000 0.000000 0.000000 0.000000 0.000000 0.000000 0.000000 0.000000 0.000000 0.000000 0.000000 0.000000 0.000000 0.000000 0.000000 0.000000 0.000000 0.000000
0.000000 0.000000 662.406671 663.219789 662.686000 662.807565 661.812904 661.986666 661.973885 662.037291 662.469472 661.794869 661.673251 661.725528 662.085224 662.224008 663.043129 663.574517 663.774389 0.000000 0.000000
0.000000 0.000000 51.201977 50.224672 50.148543 50.537742 51.173297 50.855651 50.559845 50.422846 50.654339 51.014811 51.033927 51.184345 50.934851 50.422818 49.145775 48.290129 48.808532 0.000000 0.000000
0.000000 0.000000 354.434554 355.552757 343.491830 337.930654 338.476162 327.162023 327.284546 328.098631 324.438877 322.668273 324.815702 324.955154 335.220425 342.275549 346.896626 349.816657 354.692300 0.000000 0.000000
0.000000 0.000000 3183.714266 3184.891955 3187.573016 3164.323358 3144.958379 3134.406021 3133.629823 3128.961770 3135.809768 3140.941950 3136.410385 3135.028235 3149.989839 3153.320980 3163.884538 3172.697150 3172.524821 0.000000 0.000000
0.000000 0.000000 5065.476286 5060.249867 5056.754928 5050.665169 5035.668478 5025.673115 5026.555538 5025.482861 5022.181790 5016.477561 5015.509895 5018.695497 5018.119565 5038.117113 5045.990348 5052.791411 5055.940281 0.000000 0.000000
0.000000 0.000000 6365.247372 6362.046884 6357.544298 6350.543564 6336.772112 6314.909078 6313.842738 6310.058820 6311.481983 6315.197859 6316.699153 6317.188446 6344.969828 6354.971674 6360.561174 6363.345286 6368.581362 0.000000 0.000000
0.000000 0.000000 7473.809977 7473.864387 7470.866517 7460.770320 7458.288904 7448.897008 7449.081484 7448.902828 7447.937211 7443.977612 7443.288501 7449.516112 7451.372327 7456.252092 7468.775938 7467.333255 7472.348252 0.000000 0.000000
0.000000 0.000000 8929.992714 8925.238064 8918.890439 8918.325836 8907.226654 8891.848366 8893.106696 8888.533789 8886.487651 8886.214157 8888.684211 8882.901281 8901.624154 8915.536254 8917.446891 8921.169298 8922.565498 0.000000 0.000000
0.000000 0.000000 10597.272269 10593.577714 10593.751567 10589.196936 10568.767429 10558.985290 10558.560490 10558.315671 10554.880815 10558.338185 10561.466897 10560.755518 10567.682803 10582.145832 10589.872497 10591.867158 10592.990548 0.000000 0.000000
0.000000 0.000000 12422.427541 12421.350656 12418.352263 12397.735902 12391.838200 12375.908240 12381.662307 12368.273869 12372.418487 12370.607191 12363.644080 12373.648923 12383.194610 12386.131728 12398.823400 12405.915778 12416.662884 0.000000 0.000000
0.000000 0.000000 14399.912392 14391.611958 14383.363310 14379.603164 14369.165346 14349.006341 14345.287134 14345.965000 14353.318615 14342.191312 14346.394883 14346.233575 14368.954660 14377.674361 14380.679594 14384.728344 14408.115469 0.000000 0.000000
0.000000 0.000000 16455.351896 16450.195001 16450.471798 16436.148347 16429.024491 16379.797363 16378.083583 16377.094560 16355.569425 16368.049109 16372.340061 16377.160573 16411.521175 16418.847975 16442.392059 16442.067313 16449.669417 0.000000 0.000000
0.000000 0.000000 18812.261021 18814.434060 18800.553797 18795.477015 18736.503064 18757.054494 18741.108821 18742.348934 18749.037561 18744.056049 18741.834051 18736.919588 18715.464688 18779.194905 18785.816044 18806.217263 18815.967991 0.000000 0.000000
0.000000 0.000000 21455.172299 21446.318166 21437.016615 21371.512227 21386.090867 21353.204781 21333.701005 21330.390676 21318.359204 21307.674547 21314.082173 21312.819577 21349.703048 21338.284556 21432.167787 21413.325822 21410.755325 0.000000 0.000000
0.000000 0.000000 24213.056872 24209.470166 24115.144583 24144.022781 24144.590764 24135.241972 24178.192760 24163.141645 24183.148421 24174.803558 24159.863444 24184.359907 24185.299289 24186.725583 24106.104694 24244.375170 24235.899748 0.000000 0.000000
0.000000 0.000000 27507.363331 27369.671702 27405.415797 27358.981005 27286.744808 27271.486414 27232.632942 27244.013108 27200.576257 27204.915984 27227.527171 27208.330671 27241.642069 27287.153572 27402.333127 27322.015484 27468.216059 0.000000 0.000000
0.000000 0.000000 28784.020350 28916.390162 29043.039803 29044.432111 29047.869411 28937.308016 28954.857944 28918.299031 28973.436404 28963.227235 28959.719987 28971.184180 29062.714564 29061.468146 29066.281125 28961.790644 28830.516869 0.000000 0.000000
0.000000 0.000000 0.000000 0.000000 0.000000 0.000000 0.000000 0.000000 0.000000 0.000000 0.000000 0.000000 0.000000 0.000000 0.000000 0.000000 0.000000 0.000000 0.000000 0.000000 0.000000
0.000000 0.000000 0.000000 0.000000 0.000000 0.000000 0.000000 0.000000 0.000000 0.000000 0.000000 0.000000 0.000000 0.000000 0.000000 0.000000 0.000000 0.000000 0.000000 0.000000 0.000000