geotop/1.0zi/1.0Montebello/Templates/testdem/maps/_Erotot0074.asc
ncols         21
nrows         20
xllcorner     100.000000
yllcorner     100.000000
cellsize      50.000000
NODATA_value  -9999.0
0.000000 0.000000 0.000000 0.000000 0.000000 0.000000 0.000000 0.000000 0.000000 0.000000 0.000000 0.000000 0.000000 0.000000 0.000000 0.000000 0.000000 0.000000 0.000000 0.000000 0.000000
0.000000 0.000000 0.983991 0.983990 0.983990 0.983990 0.983990 0.983990 0.983990 0.983990 0.983990 0.983990 0.983990 0.983990 0.983990 0.983990 0.983990 0.983990 0.983991 0.000000 0.000000
0.000000 0.000000 2.866425 2.866314 2.866369 2.866378 2.866380 2.866380 2.866380 2.866380 2.866380 2.866380 2.866380 2.866380 2.866380 2.866378 2.866369 2.866314 2.866425 0.000000 0.000000
0.000000 0.000000 47.418991 47.418674 47.418800 47.418856 47.418869 47.418871 47.418871 47.418871 47.418871 47.418871 47.418871 47.418871 47.418869 47.418856 47.418800 47.418674 47.418991 0.000000 0.000000
0.000000 0.000000 54.111681 54.111614 54.111631 54.111644 54.111647 54.111647 54.111647 54.111647 54.111647 54.111647 54.111647 54.111647 54.111647 54.111644 54.111631 54.111614 54.111681 0.000000 0.000000
0.000000 0.000000 76.618798 76.618644 76.618723 76.618747 76.618751 76.618752 76.618752 76.618752 76.618752 76.618752 76.618752 76.618752 76.618751 76.618747 76.618723 76.618644 76.618798 0.000000 0.000000
0.000000 0.000000 100.743496 100.743356 100.743417 100.743437 100.743441 100.743442 100.743442 100.743442 100.743442 100.743442 100.743442 100.743442 100.743441 100.743437 100.743417 100.743356 100.743496 0.000000 0.000000
0.000000 0.000000 124.085154 124.085022 124.085073 124.085091 124.085094 124.085095 124.085095 124.085095 124.085095 124.085095 124.085095 124.085095 124.085094 124.085091 124.085073 124.085022 124.085154 0.000000 0.000000
0.000000 0.000000 146.694479 146.694349 146.694391 146.694407 146.694410 146.694411 146.694411 146.694411 146.694411 146.694411 146.694411 146.694411 146.694410 146.694407 146.694391 146.694349 146.694479 0.000000 0.000000
0.000000 0.000000 168.701412 168.701282 168.701317 168.701332 168.701335 168.701336 168.701336 168.701336 168.701336 168.701336 168.701336 168.701336 168.701335 168.701332 168.701317 168.701282 168.701412 0.000000 0.000000
0.000000 0.000000 190.304939 190.304808 190.304837 190.304850 190.304853 190.304854 190.304854 190.304854 190.304854 190.304854 190.304854 190.304854 190.304853 190.304850 190.304837 190.304808 190.304939 0.000000 0.000000
0.000000 0.000000 211.676885 211.676752 211.676775 211.676788 211.676791 211.676791 211.676791 211.676791 211.676791 211.676791 211.676791 211.676791 211.676791 211.676788 211.676775 211.676752 211.676885 0.000000 0.000000
0.000000 0.000000 232.809306 232.809173 232.809191 232.809203 232.809206 232.809206 232.809206 232.809206 232.809206 232.809206 232.809206 232.809206 232.809206 232.809203 232.809191 232.809173 232.809306 0.000000 0.000000
0.000000 0.000000 253.972510 253.972376 253.972389 253.972399 253.972402 253.972403 253.972403 253.972403 253.972403 253.972403 253.972403 253.972403 253.972402 253.972399 253.972389 253.972376 253.972510 0.000000 0.000000
0.000000 0.000000 274.707214 274.707079 274.707086 274.707096 274.707098 274.707099 274.707099 274.707099 274.707099 274.707099 274.707099 274.707099 274.707098 274.707096 274.707086 274.707079 274.707214 0.000000 0.000000
0.000000 0.000000 295.406517 295.406381 295.406384 295.406393 295.406395 295.406396 295.406396 295.406396 295.406396 295.406396 295.406396 295.406396 295.406395 295.406393 295.406384 295.406381 295.406516 0.000000 0.000000
0.000000 0.000000 316.194157 316.193933 316.193926 316.193934 316.193936 316.193936 316.193936 316.193936 316.193936 316.193936 316.193936 316.193936 316.193936 316.193934 316.193926 316.193929 316.194064 0.000000 0.000000
0.000000 0.000000 337.018290 337.015599 337.015309 337.015306 337.015308 337.015308 337.015308 337.015308 337.015308 337.015308 337.015308 337.015308 337.015308 337.015306 337.015302 337.015344 337.015543 0.000000 0.000000
0.000000 0.000000 0.000000 0.000000 0.000000 0.000000 0.000000 0.000000 0.000000 0.000000 0.000000 0.000000 0.000000 0.000000 0.000000 0.000000 0.000000 0.000000 0.000000 0.000000 0.000000
0.000000 0.000000 0.000000 0.000000 0.000000 0.000000 0.000000 0.000000 0.000000 0.000000 0.000000 0.000000 0.000000 0.000000 0.000000 0.000000 0.000000 0.000000 0.000000 0.000000 0.000000