geotop/1.0zi/1.0Montebello/Templates/testdem/maps/_Erotot5960.asc
ncols         21
nrows         20
xllcorner     100.000000
yllcorner     100.000000
cellsize      50.000000
NODATA_value  -9999.0
0.000000 0.000000 0.000000 0.000000 0.000000 0.000000 0.000000 0.000000 0.000000 0.000000 0.000000 0.000000 0.000000 0.000000 0.000000 0.000000 0.000000 0.000000 0.000000 0.000000 0.000000
0.000000 0.000000 461.826403 461.022403 460.834534 460.619324 460.579861 460.678584 460.622487 460.800602 460.703614 460.501574 460.439862 460.519340 460.634854 460.542946 460.744013 460.942664 461.368766 0.000000 0.000000
0.000000 0.000000 34.590582 35.266007 35.564174 36.736474 36.474615 36.235281 36.062602 35.840944 36.054942 36.414924 36.225722 35.969212 36.409261 36.182724 35.343086 34.506628 33.889028 0.000000 0.000000
0.000000 0.000000 192.043250 193.257728 185.657242 182.815718 184.205030 179.107755 178.705517 178.319508 177.568571 175.138044 177.600914 175.801702 179.148284 184.824592 184.734939 187.551751 191.694966 0.000000 0.000000
0.000000 0.000000 1863.252441 1867.394524 1871.123494 1851.994085 1836.615734 1826.097016 1828.725252 1825.871285 1829.412358 1833.594228 1830.471860 1828.668886 1839.233387 1839.833970 1847.596951 1855.319817 1857.066274 0.000000 0.000000
0.000000 0.000000 3331.395453 3325.871744 3323.319558 3318.626008 3310.409152 3302.766174 3300.999001 3301.073383 3299.918279 3297.765569 3295.113602 3297.369571 3297.664888 3313.066844 3318.131687 3321.455264 3323.526320 0.000000 0.000000
0.000000 0.000000 4407.728404 4405.016308 4401.758965 4397.228825 4384.165876 4367.397014 4367.464542 4363.922280 4365.657689 4368.416584 4370.322518 4371.558231 4391.697505 4401.395598 4406.395292 4407.987853 4413.415601 0.000000 0.000000
0.000000 0.000000 5074.308223 5075.585687 5074.219176 5067.671281 5066.972763 5059.876170 5060.425861 5060.810318 5059.531904 5057.108357 5056.884219 5060.496914 5060.699408 5063.446396 5071.908470 5070.230548 5073.494032 0.000000 0.000000
0.000000 0.000000 5984.505968 5981.736605 5977.187512 5977.918734 5971.161141 5960.645429 5961.099657 5958.459036 5955.967308 5957.150178 5958.395487 5953.288219 5966.615574 5974.861563 5977.168075 5978.093936 5979.730704 0.000000 0.000000
0.000000 0.000000 7038.205306 7035.730747 7037.433234 7036.551031 7021.635815 7014.569338 7015.984365 7015.077547 7012.994929 7016.097152 7019.098755 7017.554730 7020.919495 7031.454406 7035.506228 7035.775325 7036.709215 0.000000 0.000000
0.000000 0.000000 8174.950390 8175.053673 8174.725554 8160.212723 8157.460855 8146.647895 8150.206117 8141.102837 8143.509800 8142.537717 8137.861833 8145.263236 8149.811845 8151.437549 8158.276175 8164.264245 8171.758115 0.000000 0.000000
0.000000 0.000000 9365.044562 9360.359383 9354.959284 9352.974069 9348.886572 9333.985579 9332.986578 9332.107436 9338.771054 9331.654389 9333.750444 9333.324685 9349.048436 9352.556704 9354.199799 9354.785094 9374.448546 0.000000 0.000000
0.000000 0.000000 10571.143756 10569.142390 10569.793003 10562.103118 10557.889737 10530.740289 10529.509507 10529.188177 10514.663866 10523.708406 10527.711886 10529.748143 10546.373537 10550.481996 10564.717877 10564.153503 10571.179970 0.000000 0.000000
0.000000 0.000000 11894.623630 11895.917874 11888.548504 11887.213774 11859.006130 11867.481124 11856.896730 11858.362472 11859.596773 11859.098275 11857.614152 11854.255266 11844.208065 11874.665747 11880.300335 11891.106813 11898.369217 0.000000 0.000000
0.000000 0.000000 13325.569308 13320.444403 13316.858738 13291.820537 13291.614876 13275.909163 13262.908165 13261.313054 13256.249166 13249.934478 13253.252376 13251.471795 13266.631489 13270.461240 13312.673288 13303.715870 13304.013278 0.000000 0.000000
0.000000 0.000000 14797.827666 14797.053295 14759.678249 14759.308303 14764.320532 14756.873191 14774.429800 14766.750544 14772.871638 14768.278472 14762.865667 14771.773459 14775.415019 14774.913090 14753.682925 14806.523433 14799.696622 0.000000 0.000000
0.000000 0.000000 16473.490063 16427.932739 16425.778624 16415.591000 16389.417528 16382.486282 16373.882054 16377.166006 16362.837345 16363.250078 16368.649293 16368.170427 16380.294474 16392.100615 16424.644510 16417.608613 16468.760838 0.000000 0.000000
0.000000 0.000000 17627.629432 17642.130993 17689.700021 17682.765754 17668.585481 17629.976368 17631.241239 17616.838846 17629.293731 17627.227266 17632.962961 17628.533906 17662.279931 17674.230808 17697.965810 17649.080966 17634.676258 0.000000 0.000000
0.000000 0.000000 0.000000 0.000000 0.000000 0.000000 0.000000 0.000000 0.000000 0.000000 0.000000 0.000000 0.000000 0.000000 0.000000 0.000000 0.000000 0.000000 0.000000 0.000000 0.000000
0.000000 0.000000 0.000000 0.000000 0.000000 0.000000 0.000000 0.000000 0.000000 0.000000 0.000000 0.000000 0.000000 0.000000 0.000000 0.000000 0.000000 0.000000 0.000000 0.000000 0.000000