geotop/1.0zi/1.0Montebello/Templates/testdem/maps/_Erotot2471.asc
ncols         21
nrows         20
xllcorner     100.000000
yllcorner     100.000000
cellsize      50.000000
NODATA_value  -9999.0
0.000000 0.000000 0.000000 0.000000 0.000000 0.000000 0.000000 0.000000 0.000000 0.000000 0.000000 0.000000 0.000000 0.000000 0.000000 0.000000 0.000000 0.000000 0.000000 0.000000 0.000000
0.000000 0.000000 239.866259 239.868651 239.873823 239.991431 239.859668 239.864182 239.840589 239.879396 239.881731 239.879396 239.840589 239.864182 239.859668 239.991431 239.873823 239.868651 239.866259 0.000000 0.000000
0.000000 0.000000 13.752308 13.530941 11.778739 13.501539 13.794501 13.780524 13.812081 13.779815 13.776562 13.779815 13.812081 13.780524 13.794501 13.501539 11.778739 13.530941 13.752308 0.000000 0.000000
0.000000 0.000000 1732.245570 1731.924712 1732.260685 1730.391199 1732.397377 1731.837631 1731.834856 1732.658012 1732.802604 1732.658012 1731.834856 1731.837631 1732.397377 1730.391199 1732.260685 1731.924712 1732.245570 0.000000 0.000000
0.000000 0.000000 3545.024316 3544.852850 3544.190831 3544.781692 3545.326797 3545.187923 3545.149970 3545.300170 3545.264190 3545.300170 3545.149970 3545.187923 3545.326797 3544.781692 3544.190831 3544.852850 3545.024316 0.000000 0.000000
0.000000 0.000000 4596.002307 4595.796326 4595.233998 4595.385937 4596.198878 4595.904752 4595.924132 4596.267557 4596.354760 4596.267557 4595.924132 4595.904752 4596.198878 4595.385937 4595.233998 4595.796326 4596.002307 0.000000 0.000000
0.000000 0.000000 5990.633798 5990.462417 5989.947530 5990.089175 5990.784046 5990.529552 5990.554436 5990.859516 5990.955786 5990.859516 5990.554436 5990.529552 5990.784046 5990.089175 5989.947530 5990.462417 5990.633798 0.000000 0.000000
0.000000 0.000000 7305.751126 7305.607219 7305.127668 7305.271959 7305.869809 7305.650914 7305.673252 7305.946569 7306.038886 7305.946569 7305.673252 7305.650914 7305.869809 7305.271959 7305.127668 7305.607219 7305.751126 0.000000 0.000000
0.000000 0.000000 8532.227823 8532.096153 8531.640520 8531.784525 8532.334420 8532.132529 8532.153483 8532.410500 8532.498900 8532.410500 8532.153483 8532.132529 8532.334420 8531.784525 8531.640520 8532.096153 8532.227823 0.000000 0.000000
0.000000 0.000000 9688.759372 9688.656321 9688.211440 9688.394012 9688.853187 9688.672643 9688.698211 9688.932090 9689.015951 9688.932090 9688.698211 9688.672643 9688.853187 9688.394012 9688.211440 9688.656321 9688.759372 0.000000 0.000000
0.000000 0.000000 10780.286879 10780.177107 10779.752040 10779.910321 10780.379898 10780.200058 10780.221508 10780.452117 10780.531115 10780.452117 10780.221508 10780.200058 10780.379898 10779.910321 10779.752040 10780.177107 10780.286879 0.000000 0.000000
0.000000 0.000000 11822.294662 11822.184581 11821.775443 11821.927786 11822.382774 11822.210360 11822.230571 11822.453575 11822.531031 11822.453575 11822.230571 11822.210360 11822.382774 11821.927786 11821.775443 11822.184581 11822.294662 0.000000 0.000000
0.000000 0.000000 12823.749257 12823.644096 12823.241416 12823.395286 12823.830675 12823.662734 12823.683045 12823.900192 12823.974471 12823.900192 12823.683045 12823.662734 12823.830675 12823.395286 12823.241416 12823.644096 12823.749257 0.000000 0.000000
0.000000 0.000000 13789.841914 13789.744545 13789.351006 13789.523331 13789.921123 13789.759870 13789.781768 13789.990659 13790.062902 13789.990659 13789.781768 13789.759870 13789.921123 13789.523331 13789.351006 13789.744545 13789.841914 0.000000 0.000000
0.000000 0.000000 14724.860838 14724.761607 14724.371737 14724.532959 14724.935964 14724.776068 14724.796574 14725.003727 14725.073916 14725.003727 14724.796574 14724.776068 14724.935964 14724.532959 14724.371737 14724.761607 14724.860838 0.000000 0.000000
0.000000 0.000000 15629.502000 15629.404950 15629.026137 15629.180597 15629.571349 15629.416176 15629.436514 15629.638278 15629.706808 15629.638278 15629.436514 15629.416176 15629.571349 15629.180597 15629.026137 15629.404950 15629.501995 0.000000 0.000000
0.000000 0.000000 16506.895413 16506.799971 16506.423249 16506.580861 16506.962761 16506.809502 16506.829296 16507.026435 16507.092860 16507.026435 16506.829296 16506.809502 16506.962761 16506.580861 16506.423249 16506.799950 16506.895037 0.000000 0.000000
0.000000 0.000000 17397.446182 17397.761858 17397.391740 17397.545141 17397.922539 17397.772453 17397.790299 17397.984112 17398.047930 17397.984112 17397.790299 17397.772453 17397.922539 17397.545141 17397.391721 17397.758362 17397.850580 0.000000 0.000000
0.000000 0.000000 0.000000 0.000000 0.000000 0.000000 0.000000 0.000000 0.000000 0.000000 0.000000 0.000000 0.000000 0.000000 0.000000 0.000000 0.000000 0.000000 0.000000 0.000000 0.000000
0.000000 0.000000 0.000000 0.000000 0.000000 0.000000 0.000000 0.000000 0.000000 0.000000 0.000000 0.000000 0.000000 0.000000 0.000000 0.000000 0.000000 0.000000 0.000000 0.000000 0.000000