geotop/1.0zi/1.0Montebello/Templates/testdem/maps/_Erotot5744.asc
ncols         21
nrows         20
xllcorner     100.000000
yllcorner     100.000000
cellsize      50.000000
NODATA_value  -9999.0
0.000000 0.000000 0.000000 0.000000 0.000000 0.000000 0.000000 0.000000 0.000000 0.000000 0.000000 0.000000 0.000000 0.000000 0.000000 0.000000 0.000000 0.000000 0.000000 0.000000 0.000000
0.000000 0.000000 436.951922 436.155337 435.977937 435.770024 435.734893 435.840441 435.790314 435.964500 435.871418 435.668783 435.608472 435.687805 435.793286 435.694536 435.887544 436.080684 436.495551 0.000000 0.000000
0.000000 0.000000 32.989341 33.652599 33.941751 35.110036 34.855976 34.616433 34.438706 34.215421 34.426204 34.778984 34.595126 34.352467 34.806379 34.572377 33.744292 32.909655 32.312855 0.000000 0.000000
0.000000 0.000000 184.697788 186.036788 178.416613 175.641122 177.025252 171.970872 171.586539 171.137097 170.418228 168.040574 170.612173 168.751130 172.116387 177.706012 177.375166 180.612116 183.898800 0.000000 0.000000
0.000000 0.000000 1780.643395 1785.522402 1791.493205 1773.280046 1758.268877 1747.505195 1750.120413 1747.565478 1751.263286 1755.508004 1751.912262 1749.844863 1759.824866 1759.070370 1766.291901 1773.357767 1774.601270 0.000000 0.000000
0.000000 0.000000 3185.550985 3179.496409 3176.815706 3172.493981 3164.661170 3157.328897 3155.822102 3155.696550 3154.764240 3152.707438 3149.992802 3152.037070 3151.489731 3166.852636 3171.787811 3175.040268 3177.489096 0.000000 0.000000
0.000000 0.000000 4190.910741 4188.401977 4185.422702 4181.088638 4168.215422 4151.962586 4152.076075 4148.690618 4150.419666 4153.188564 4155.097876 4156.129603 4175.701313 4184.914362 4189.677076 4191.339449 4196.528836 0.000000 0.000000
0.000000 0.000000 4829.705979 4831.123794 4830.357870 4824.158392 4823.707019 4816.766975 4817.379589 4817.794482 4816.619268 4814.252273 4813.903764 4817.333528 4817.099302 4819.330816 4827.513607 4825.768107 4828.776536 0.000000 0.000000
0.000000 0.000000 5681.104389 5678.508179 5674.627770 5675.728522 5669.262980 5658.976558 5659.524374 5656.955867 5654.577306 5655.814802 5656.930821 5651.638630 5664.388966 5672.048042 5674.033493 5674.845718 5676.260082 0.000000 0.000000
0.000000 0.000000 6666.438068 6664.148946 6666.481289 6665.988808 6651.465568 6644.646329 6646.147912 6645.301086 6643.342377 6646.479948 6649.331906 6647.583414 6650.401691 6660.286053 6663.983595 6664.162195 6664.844254 0.000000 0.000000
0.000000 0.000000 7728.996464 7729.266727 7729.586726 7715.639485 7713.161448 7702.684018 7706.292942 7697.365266 7699.842523 7698.965620 7694.223658 7701.298202 7705.275158 7706.323704 7712.779276 7718.576903 7725.745605 0.000000 0.000000
0.000000 0.000000 8838.127632 8833.701766 8829.087313 8827.520839 8823.760429 8809.284759 8808.443868 8807.591694 8814.255386 8807.350083 8809.252677 8808.623221 8823.503990 8826.370830 8827.675897 8828.168534 8847.242440 0.000000 0.000000
0.000000 0.000000 9959.079980 9957.260913 9958.438256 9951.244663 9947.345736 9921.713687 9920.610479 9920.340873 9906.321726 9915.172995 9918.955973 9920.716841 9935.840849 9939.363352 9952.952091 9952.305844 9959.110842 0.000000 0.000000
0.000000 0.000000 11186.534283 11188.003542 11181.507753 11180.596987 11154.530427 11162.461002 11152.347127 11153.797897 11155.013803 11154.693465 11153.134975 11149.653612 11139.693633 11167.619292 11172.826636 11183.156005 11190.019017 0.000000 0.000000
0.000000 0.000000 12507.320766 12502.463363 12499.861049 12477.620081 12476.988660 12462.146985 12449.696441 12448.277777 12443.596956 12437.631107 12440.568411 12438.630402 12452.619146 12456.257731 12495.088946 12486.602581 12486.736970 0.000000 0.000000
0.000000 0.000000 13859.085570 13858.564032 13825.412169 13824.382838 13829.229196 13821.645727 13838.028471 13830.697456 13836.347336 13832.014431 13826.997094 13834.843546 13838.306560 13837.737087 13818.790190 13866.611758 13859.742639 0.000000 0.000000
0.000000 0.000000 15390.049757 15350.304811 15348.063446 15339.306326 15315.463583 15309.050981 15301.549006 15304.651381 15291.752854 15292.087575 15296.550612 15296.503993 15307.229545 15316.980589 15346.117913 15341.314208 15386.438946 0.000000 0.000000
0.000000 0.000000 16471.495164 16481.827728 16523.754458 16517.216997 16503.052600 16468.454721 16469.586600 16456.362988 16467.250425 16465.473694 16471.090253 16466.037837 16495.917946 16507.518220 16530.126902 16487.186113 16476.598348 0.000000 0.000000
0.000000 0.000000 0.000000 0.000000 0.000000 0.000000 0.000000 0.000000 0.000000 0.000000 0.000000 0.000000 0.000000 0.000000 0.000000 0.000000 0.000000 0.000000 0.000000 0.000000 0.000000
0.000000 0.000000 0.000000 0.000000 0.000000 0.000000 0.000000 0.000000 0.000000 0.000000 0.000000 0.000000 0.000000 0.000000 0.000000 0.000000 0.000000 0.000000 0.000000 0.000000 0.000000