geotop/1.0zi/1.0Montebello/Templates/testdem/maps/_Erotot2733.asc
ncols         21
nrows         20
xllcorner     100.000000
yllcorner     100.000000
cellsize      50.000000
NODATA_value  -9999.0
0.000000 0.000000 0.000000 0.000000 0.000000 0.000000 0.000000 0.000000 0.000000 0.000000 0.000000 0.000000 0.000000 0.000000 0.000000 0.000000 0.000000 0.000000 0.000000 0.000000 0.000000
0.000000 0.000000 250.493162 250.496052 250.499444 250.620861 250.487853 250.491781 250.466215 250.508814 250.527164 250.508814 250.466215 250.491781 250.487853 250.620861 250.499444 250.496052 250.493162 0.000000 0.000000
0.000000 0.000000 13.187315 12.965882 11.214802 12.934044 13.228560 13.215143 13.248429 13.211619 13.195633 13.211619 13.248429 13.215143 13.228560 12.934044 11.214802 12.965882 13.187315 0.000000 0.000000
0.000000 0.000000 1921.691841 1921.370821 1921.707171 1919.833973 1921.838356 1921.280394 1921.273521 1922.108866 1922.311131 1922.108866 1921.273521 1921.280394 1921.838356 1919.833973 1921.707171 1921.370821 1921.691841 0.000000 0.000000
0.000000 0.000000 3903.626947 3903.457668 3902.799758 3903.391531 3903.933255 3903.791398 3903.757158 3903.909188 3903.861942 3903.909188 3903.757158 3903.791398 3903.933255 3903.391531 3902.799758 3903.457668 3903.626947 0.000000 0.000000
0.000000 0.000000 5075.202222 5074.998177 5074.439966 5074.589089 5075.396146 5075.103535 5075.122219 5075.469079 5075.578859 5075.469079 5075.122219 5075.103535 5075.396146 5074.589089 5074.439966 5074.998177 5075.202222 0.000000 0.000000
0.000000 0.000000 6617.835156 6617.665595 6617.156349 6617.294139 6617.982926 6617.730099 6617.754114 6618.061804 6618.177885 6618.061804 6617.754114 6617.730099 6617.982926 6617.294139 6617.156349 6617.665595 6617.835156 0.000000 0.000000
0.000000 0.000000 8065.665529 8065.523419 8065.050628 8065.190631 8065.781765 8065.564814 8065.586380 8065.861300 8065.970760 8065.861300 8065.586380 8065.564814 8065.781765 8065.190631 8065.050628 8065.523419 8065.665529 0.000000 0.000000
0.000000 0.000000 9408.646021 9408.516502 9408.068704 9408.208113 9408.749969 9408.550529 9408.570708 9408.828142 9408.931550 9408.828142 9408.570708 9408.550529 9408.749969 9408.208113 9408.068704 9408.516502 9408.646021 0.000000 0.000000
0.000000 0.000000 10670.002040 10669.901088 10669.465194 10669.642324 10670.093138 10669.915368 10669.940039 10670.173474 10670.270284 10670.173474 10669.940039 10669.915368 10670.093138 10669.642324 10669.465194 10669.901088 10670.002040 0.000000 0.000000
0.000000 0.000000 11855.794239 11855.686852 11855.271790 11855.424260 11855.884302 11855.707776 11855.728307 11855.957695 11856.048664 11855.957695 11855.728307 11855.707776 11855.884302 11855.424260 11855.271790 11855.686852 11855.794239 0.000000 0.000000
0.000000 0.000000 12984.628257 12984.520944 12984.122730 12984.269148 12984.713362 12984.544721 12984.564014 12984.785048 12984.873468 12984.785048 12984.564014 12984.544721 12984.713362 12984.269148 12984.122730 12984.520944 12984.628257 0.000000 0.000000
0.000000 0.000000 14065.720579 14065.618644 14065.227782 14065.375490 14065.799067 14065.635328 14065.654709 14065.869220 14065.953542 14065.869220 14065.654709 14065.635328 14065.799067 14065.375490 14065.227782 14065.618644 14065.720579 0.000000 0.000000
0.000000 0.000000 15104.965902 15104.871909 15104.491317 15104.656514 15105.042016 15104.885334 15104.906204 15105.111695 15105.192914 15105.111695 15104.906204 15104.885334 15105.042016 15104.656514 15104.491317 15104.871909 15104.965902 0.000000 0.000000
0.000000 0.000000 16105.401261 16105.305485 16104.929888 16105.083535 16105.473291 16105.318406 16105.337803 16105.540763 16105.619188 16105.540763 16105.337803 16105.318406 16105.473291 16105.083535 16104.929888 16105.305485 16105.401261 0.000000 0.000000
0.000000 0.000000 17070.274440 17070.180991 17069.817021 17069.963757 17070.340500 17070.190641 17070.209865 17070.406961 17070.482999 17070.406961 17070.209865 17070.190641 17070.340500 17069.963757 17069.817021 17070.180990 17070.274436 0.000000 0.000000
0.000000 0.000000 18002.582298 18002.490651 18002.129917 18002.279564 18002.646280 18002.498905 18002.517592 18002.709389 18002.782393 18002.709389 18002.517592 18002.498905 18002.646280 18002.279564 18002.129916 18002.490630 18002.581902 0.000000 0.000000
0.000000 0.000000 18944.746307 18945.082687 18944.729274 18944.874611 18945.235429 18945.091759 18945.108500 18945.296289 18945.366403 18945.296289 18945.108500 18945.091759 18945.235429 18944.874610 18944.729255 18945.079195 18945.167335 0.000000 0.000000
0.000000 0.000000 0.000000 0.000000 0.000000 0.000000 0.000000 0.000000 0.000000 0.000000 0.000000 0.000000 0.000000 0.000000 0.000000 0.000000 0.000000 0.000000 0.000000 0.000000 0.000000
0.000000 0.000000 0.000000 0.000000 0.000000 0.000000 0.000000 0.000000 0.000000 0.000000 0.000000 0.000000 0.000000 0.000000 0.000000 0.000000 0.000000 0.000000 0.000000 0.000000 0.000000