geotop/1.0zi/1.0Montebello/Templates/testdem/maps/_Erotot7798.asc
ncols         21
nrows         20
xllcorner     100.000000
yllcorner     100.000000
cellsize      50.000000
NODATA_value  -9999.0
0.000000 0.000000 0.000000 0.000000 0.000000 0.000000 0.000000 0.000000 0.000000 0.000000 0.000000 0.000000 0.000000 0.000000 0.000000 0.000000 0.000000 0.000000 0.000000 0.000000 0.000000
0.000000 0.000000 654.308894 655.124460 654.593524 654.717624 653.725694 653.902192 653.889310 653.952842 654.385027 653.710334 653.588727 653.640958 653.997855 654.134131 654.950636 655.479041 655.676265 0.000000 0.000000
0.000000 0.000000 50.984920 50.003128 49.935749 50.337143 50.972762 50.654502 50.358651 50.229818 50.463778 50.807087 50.831270 50.984367 50.741268 50.224535 48.938861 48.065047 48.588273 0.000000 0.000000
0.000000 0.000000 353.895441 355.071956 342.998549 337.345730 337.890545 326.570281 326.699709 327.497354 323.834355 322.086146 324.224473 324.367064 334.617113 341.680421 346.307420 349.245366 354.119182 0.000000 0.000000
0.000000 0.000000 3097.402941 3099.026972 3102.327769 3079.551901 3060.483187 3050.245850 3049.652286 3044.894686 3051.818895 3057.114351 3052.601821 3051.218804 3065.921692 3069.023360 3079.001139 3087.770220 3087.569975 0.000000 0.000000
0.000000 0.000000 4975.207833 4969.950771 4966.327812 4960.355890 4945.520569 4935.668011 4936.562523 4935.487321 4932.123766 4926.426699 4925.406867 4928.642892 4927.977789 4947.665767 4955.582549 4962.480613 4965.520458 0.000000 0.000000
0.000000 0.000000 6261.781356 6258.664659 6254.287289 6247.401886 6233.704059 6212.228173 6211.213482 6207.398784 6208.824217 6212.596595 6214.092127 6214.588334 6241.998454 6251.881872 6257.366099 6260.141177 6265.365580 0.000000 0.000000
0.000000 0.000000 7345.089587 7345.252509 7342.356059 7332.429069 7330.075470 7320.869122 7321.096622 7320.899507 7319.938971 7316.034174 7315.347133 7321.565440 7323.270241 7328.009916 7340.344694 7338.939386 7343.877266 0.000000 0.000000
0.000000 0.000000 8773.060782 8768.442865 8762.273253 8761.836293 8750.893873 8735.700587 8737.000844 8732.425900 8730.385760 8730.154930 8732.607611 8726.854654 8745.393967 8759.149852 8760.906509 8764.613694 8765.972133 0.000000 0.000000
0.000000 0.000000 10408.328616 10404.769251 10405.100325 10400.721123 10380.538343 10371.003469 10370.640289 10370.364414 10366.949242 10370.440154 10373.538344 10372.845784 10379.568779 10393.803905 10401.320056 10403.328337 10404.398798 0.000000 0.000000
0.000000 0.000000 12196.500183 12195.552093 12192.769214 12172.469714 12166.730779 12151.134305 12156.892108 12143.596392 12147.701330 12145.957080 12139.058202 12148.971560 12158.291070 12161.076467 12173.498548 12180.546717 12191.158221 0.000000 0.000000
0.000000 0.000000 14131.344504 14123.266911 14115.321728 14111.730181 14101.558246 14081.814963 14078.230398 14078.808273 14086.087831 14075.150047 14079.268940 14079.169577 14101.438303 14109.893109 14112.694848 14116.756011 14139.826269 0.000000 0.000000
0.000000 0.000000 16139.705236 16134.742980 16135.208965 16121.233761 16114.350266 16066.551298 16064.909929 16063.917381 16042.803172 16055.055938 16059.300392 16064.037514 16097.317245 16104.371951 16127.347103 16127.059546 16134.696416 0.000000 0.000000
0.000000 0.000000 18436.426731 18438.705332 18425.340272 18420.459971 18363.568840 18383.095171 18367.591684 18368.727175 18375.052761 18370.377611 18368.258903 18363.527710 18342.935676 18404.487686 18410.946057 18430.918901 18440.447570 0.000000 0.000000
0.000000 0.000000 21008.461461 20999.937975 20991.102083 20928.530038 20941.572771 20910.252641 20891.116307 20887.905846 20876.363633 20865.981007 20872.070455 20870.815058 20906.176854 20896.180800 20986.350791 20968.412134 20966.007111 0.000000 0.000000
0.000000 0.000000 23695.203719 23691.853930 23601.768190 23627.864788 23629.069466 23619.554302 23660.713414 23645.954527 23664.913682 23656.685208 23642.572484 23666.078354 23667.492579 23668.470228 23592.945232 23724.973032 23716.590076 0.000000 0.000000
0.000000 0.000000 26906.397895 26774.799868 26806.963671 26763.679090 26694.470182 26680.212725 26643.989275 26654.614304 26613.357377 26617.396051 26638.615527 26621.073687 26652.639940 26695.782350 26803.952327 26730.607779 26870.448664 0.000000 0.000000
0.000000 0.000000 28214.556102 28338.177131 28461.609154 28461.958559 28463.555069 28357.096349 28373.020367 28337.852905 28389.816083 28380.162220 28377.628616 28387.803411 28476.414755 28476.380985 28484.027146 28380.845480 28258.453604 0.000000 0.000000
0.000000 0.000000 0.000000 0.000000 0.000000 0.000000 0.000000 0.000000 0.000000 0.000000 0.000000 0.000000 0.000000 0.000000 0.000000 0.000000 0.000000 0.000000 0.000000 0.000000 0.000000
0.000000 0.000000 0.000000 0.000000 0.000000 0.000000 0.000000 0.000000 0.000000 0.000000 0.000000 0.000000 0.000000 0.000000 0.000000 0.000000 0.000000 0.000000 0.000000 0.000000 0.000000