geotop/1.0zi/1.0Montebello/Templates/testdem/maps/_Erotot1302.asc
ncols         21
nrows         20
xllcorner     100.000000
yllcorner     100.000000
cellsize      50.000000
NODATA_value  -9999.0
0.000000 0.000000 0.000000 0.000000 0.000000 0.000000 0.000000 0.000000 0.000000 0.000000 0.000000 0.000000 0.000000 0.000000 0.000000 0.000000 0.000000 0.000000 0.000000 0.000000 0.000000
0.000000 0.000000 149.465675 149.467075 149.501934 149.477296 149.458640 149.467092 149.468676 149.463488 149.464158 149.463488 149.468676 149.467092 149.458640 149.477296 149.501934 149.467075 149.465675 0.000000 0.000000
0.000000 0.000000 9.081319 8.862229 7.085982 8.943048 9.124579 9.108846 9.119179 9.126258 9.124518 9.126258 9.119179 9.108846 9.124579 8.943048 7.085982 8.862229 9.081319 0.000000 0.000000
0.000000 0.000000 1075.293487 1075.089563 1075.117072 1073.122267 1075.464563 1075.035134 1074.975531 1075.500309 1075.443990 1075.500309 1074.975531 1075.035134 1075.464563 1073.122267 1075.117072 1075.089563 1075.293487 0.000000 0.000000
0.000000 0.000000 1925.685108 1925.461287 1924.710714 1925.408034 1925.859176 1925.667863 1925.620583 1925.767827 1925.722569 1925.767827 1925.620583 1925.667863 1925.859176 1925.408034 1924.710714 1925.461287 1925.685108 0.000000 0.000000
0.000000 0.000000 2529.382558 2529.209518 2528.460719 2528.655328 2529.569232 2529.318144 2529.286442 2529.501938 2529.475087 2529.501938 2529.286442 2529.318144 2529.569232 2528.655328 2528.460719 2529.209518 2529.382558 0.000000 0.000000
0.000000 0.000000 3298.416762 3298.278985 3297.603411 3297.796153 3298.580685 3298.368310 3298.345391 3298.522745 3298.499563 3298.522745 3298.345391 3298.368310 3298.580685 3297.796153 3297.603411 3298.278985 3298.416762 0.000000 0.000000
0.000000 0.000000 4030.162047 4030.043283 4029.418674 4029.610045 4030.305020 4030.120634 4030.102331 4030.257969 4030.237973 4030.257969 4030.102331 4030.120634 4030.305020 4029.610045 4029.418674 4030.043283 4030.162047 0.000000 0.000000
0.000000 0.000000 4723.696248 4723.587716 4722.994148 4723.180066 4723.828328 4723.657733 4723.642142 4723.786595 4723.767230 4723.786595 4723.642142 4723.657733 4723.828328 4723.180066 4722.994148 4723.587716 4723.696248 0.000000 0.000000
0.000000 0.000000 5387.534071 5387.452676 5386.871463 5387.094321 5387.654530 5387.502452 5387.493988 5387.620998 5387.601531 5387.620998 5387.493988 5387.502452 5387.654530 5387.094321 5386.871463 5387.452676 5387.534071 0.000000 0.000000
0.000000 0.000000 6025.890263 6025.799250 6025.236428 6025.432529 6026.010339 6025.856017 6025.844645 6025.973985 6025.953509 6025.973985 6025.844645 6025.856017 6026.010339 6025.432529 6025.236428 6025.799250 6025.890263 0.000000 0.000000
0.000000 0.000000 6644.381798 6644.287983 6643.739413 6643.925598 6644.495828 6644.345495 6644.334942 6644.462793 6644.443489 6644.462793 6644.334942 6644.345495 6644.495828 6643.925598 6643.739413 6644.287983 6644.381798 0.000000 0.000000
0.000000 0.000000 7248.669485 7248.577895 7248.036648 7248.223797 7248.780341 7248.632273 7248.622515 7248.748221 7248.728435 7248.748221 7248.622515 7248.632273 7248.780341 7248.223797 7248.036648 7248.577895 7248.669485 0.000000 0.000000
0.000000 0.000000 7839.439126 7839.354122 7838.818266 7839.025566 7839.547077 7839.403577 7839.396487 7839.517633 7839.497262 7839.517633 7839.396487 7839.403577 7839.547077 7839.025566 7838.818266 7839.354122 7839.439126 0.000000 0.000000
0.000000 0.000000 8419.216061 8419.128568 8418.594370 8418.790907 8419.323376 8419.178978 8419.170984 8419.294249 8419.273233 8419.294249 8419.170984 8419.178978 8419.323376 8418.790907 8418.594370 8419.128568 8419.216061 0.000000 0.000000
0.000000 0.000000 8989.685344 8989.598650 8989.077813 8989.266699 8989.791019 8989.649966 8989.641963 8989.762133 8989.741357 8989.762133 8989.641963 8989.649966 8989.791019 8989.266699 8989.077813 8989.598650 8989.685341 0.000000 0.000000
0.000000 0.000000 9549.061582 9548.975355 9548.452866 9548.645138 9549.167728 9549.024586 9549.016772 9549.138662 9549.116912 9549.138662 9549.016772 9549.024586 9549.167728 9548.645138 9548.452866 9548.975337 9549.061299 0.000000 0.000000
0.000000 0.000000 10128.029657 10128.218993 10127.699206 10127.882594 10128.408758 10128.264136 10128.256483 10128.380392 10128.358374 10128.380392 10128.256483 10128.264136 10128.408758 10127.882594 10127.699189 10128.216034 10128.302694 0.000000 0.000000
0.000000 0.000000 0.000000 0.000000 0.000000 0.000000 0.000000 0.000000 0.000000 0.000000 0.000000 0.000000 0.000000 0.000000 0.000000 0.000000 0.000000 0.000000 0.000000 0.000000 0.000000
0.000000 0.000000 0.000000 0.000000 0.000000 0.000000 0.000000 0.000000 0.000000 0.000000 0.000000 0.000000 0.000000 0.000000 0.000000 0.000000 0.000000 0.000000 0.000000 0.000000 0.000000