geotop/1.0zi/1.0Montebello/Templates/testdem/maps/_Erotot5442.asc
ncols         21
nrows         20
xllcorner     100.000000
yllcorner     100.000000
cellsize      50.000000
NODATA_value  -9999.0
0.000000 0.000000 0.000000 0.000000 0.000000 0.000000 0.000000 0.000000 0.000000 0.000000 0.000000 0.000000 0.000000 0.000000 0.000000 0.000000 0.000000 0.000000 0.000000 0.000000 0.000000
0.000000 0.000000 401.780335 400.986597 400.829163 400.624142 400.597958 400.675689 400.631639 400.804025 400.717319 400.520207 400.463669 400.522723 400.638716 400.527653 400.731003 400.912318 401.317357 0.000000 0.000000
0.000000 0.000000 31.433680 32.155010 32.379765 33.563615 33.302065 33.159411 32.973186 32.754254 32.887126 33.230967 33.044096 32.891962 33.282006 33.069635 32.229193 31.353945 30.711581 0.000000 0.000000
0.000000 0.000000 152.453770 153.906695 147.008745 144.257449 146.084830 140.913305 140.283713 140.679391 139.319322 137.976263 139.552600 137.583576 140.320159 145.090173 144.572423 147.967882 150.700391 0.000000 0.000000
0.000000 0.000000 1571.373253 1576.778244 1583.266862 1566.017218 1551.495303 1540.923160 1543.646202 1540.893909 1544.486596 1548.767582 1545.629179 1543.446631 1553.575285 1552.174078 1559.315497 1566.027989 1566.875480 0.000000 0.000000
0.000000 0.000000 2950.799556 2944.663970 2941.948954 2937.577556 2930.363347 2923.498549 2921.617034 2921.729698 2921.024733 2918.736673 2916.025503 2918.129171 2917.036165 2931.908503 2936.667896 2939.760749 2942.228775 0.000000 0.000000
0.000000 0.000000 3926.615730 3924.207766 3921.404606 3917.204310 3904.716437 3888.993841 3889.153885 3885.892901 3887.543372 3890.422762 3892.248346 3893.256047 3912.030832 3920.907696 3925.566520 3927.011287 3931.961465 0.000000 0.000000
0.000000 0.000000 4513.962419 4515.494857 4514.966574 4509.070949 4508.855768 4502.349507 4502.890786 4503.427340 4502.174212 4499.939387 4499.584700 4502.866398 4502.233612 4504.125555 4511.997864 4510.195860 4512.775384 0.000000 0.000000
0.000000 0.000000 5304.012897 5301.626479 5298.014007 5299.305738 5293.257317 5283.428048 5283.801656 5281.429972 5278.970802 5280.344376 5281.326718 5276.136621 5288.314817 5295.578011 5297.378829 5297.914861 5299.043773 0.000000 0.000000
0.000000 0.000000 6223.290089 6221.117372 6223.678562 6223.450065 6209.582150 6202.984951 6204.504780 6203.678828 6201.795965 6204.887952 6207.720254 6205.913924 6208.435478 6217.665933 6221.233348 6221.163443 6221.612922 0.000000 0.000000
0.000000 0.000000 7214.369987 7214.716404 7215.286542 7201.973832 7199.742243 7189.899922 7193.226627 7184.706342 7186.940714 7186.276757 7181.632013 7188.516381 7191.854838 7192.661297 7198.703248 7204.377511 7210.934073 0.000000 0.000000
0.000000 0.000000 8244.625290 8240.506493 8236.470918 8234.989644 8231.975483 8217.842168 8217.181987 8216.266952 8222.797730 8216.252107 8217.853816 8217.181511 8231.584780 8233.646969 8234.932333 8235.030171 8253.581967 0.000000 0.000000
0.000000 0.000000 9281.343145 9279.696137 9281.049894 9274.432946 9270.932907 9247.288824 9246.144411 9246.004627 9232.355174 9240.947221 9244.784217 9246.432848 9259.563329 9262.830761 9275.738476 9275.038476 9281.192581 0.000000 0.000000
0.000000 0.000000 10412.535127 10414.060129 10408.114183 10407.519479 10384.020738 10391.497695 10381.606192 10383.137794 10384.148285 10384.088581 10382.448749 10379.092487 10369.458435 10394.607249 10399.632331 10409.285345 10415.808675 0.000000 0.000000
0.000000 0.000000 11624.598278 11620.432979 11618.008742 11598.594291 11598.250289 11584.220218 11572.140224 11570.954427 11566.535574 11560.988208 11563.593735 11561.703132 11574.662503 11577.980447 11613.714250 11605.556740 11605.382056 0.000000 0.000000
0.000000 0.000000 12860.956170 12860.342510 12831.447219 12829.697062 12834.318816 12827.153117 12842.074287 12835.188994 12840.076713 12836.033474 12831.728609 12838.737917 12841.771897 12841.362072 12824.608532 12867.127567 12860.131644 0.000000 0.000000
0.000000 0.000000 14251.314492 14217.267755 14214.883013 14207.470573 14186.383774 14180.846620 14174.156024 14177.152864 14165.462904 14165.796070 14169.340351 14169.938279 14179.158612 14186.819265 14212.847079 14209.698277 14248.647851 0.000000 0.000000
0.000000 0.000000 15258.344967 15265.379551 15301.646411 15296.015077 15283.114656 15253.138926 15253.949798 15241.879243 15251.168411 15249.860699 15255.233914 15249.933172 15275.532488 15285.936413 15306.912577 15269.244550 15261.731322 0.000000 0.000000
0.000000 0.000000 0.000000 0.000000 0.000000 0.000000 0.000000 0.000000 0.000000 0.000000 0.000000 0.000000 0.000000 0.000000 0.000000 0.000000 0.000000 0.000000 0.000000 0.000000 0.000000
0.000000 0.000000 0.000000 0.000000 0.000000 0.000000 0.000000 0.000000 0.000000 0.000000 0.000000 0.000000 0.000000 0.000000 0.000000 0.000000 0.000000 0.000000 0.000000 0.000000 0.000000