geotop/1.0zi/1.0Montebello/Templates/testdem/maps/_Erotot6569.asc
ncols         21
nrows         20
xllcorner     100.000000
yllcorner     100.000000
cellsize      50.000000
NODATA_value  -9999.0
0.000000 0.000000 0.000000 0.000000 0.000000 0.000000 0.000000 0.000000 0.000000 0.000000 0.000000 0.000000 0.000000 0.000000 0.000000 0.000000 0.000000 0.000000 0.000000 0.000000 0.000000
0.000000 0.000000 499.954843 500.811925 500.526995 500.818961 500.259971 500.314356 500.272564 500.438871 500.839879 500.144397 500.072045 500.163651 500.321295 500.231622 500.965879 501.173194 501.164494 0.000000 0.000000
0.000000 0.000000 37.764339 36.626050 36.701942 36.842275 37.081533 36.897177 36.709421 36.493398 36.739264 37.040181 36.885864 37.098106 36.945736 36.710637 35.428592 34.671073 35.361357 0.000000 0.000000
0.000000 0.000000 222.848698 225.672986 215.544114 213.143286 213.388355 208.197844 207.735995 207.251462 205.645618 203.635403 206.235969 204.110429 208.947762 214.954458 216.850799 218.254537 223.308481 0.000000 0.000000
0.000000 0.000000 2082.352541 2085.928815 2091.063017 2070.754248 2056.238935 2044.167484 2046.689260 2043.728697 2047.971129 2053.174079 2049.793655 2048.466603 2059.128577 2060.173071 2068.505233 2076.386784 2077.709688 0.000000 0.000000
0.000000 0.000000 3769.368050 3763.936186 3760.248690 3753.654743 3741.283838 3733.847506 3732.628481 3732.200590 3729.234490 3723.976924 3722.625759 3724.965532 3724.626564 3742.151599 3750.925591 3757.026847 3759.119641 0.000000 0.000000
0.000000 0.000000 4918.952690 4916.532333 4912.738730 4907.769547 4894.840433 4877.263105 4876.697629 4873.234334 4875.095601 4878.069859 4879.948607 4880.701139 4902.767435 4912.109482 4916.554448 4918.433069 4923.690465 0.000000 0.000000
0.000000 0.000000 5670.390299 5671.838435 5669.768034 5661.943604 5661.013000 5653.349985 5653.982483 5654.388525 5652.883607 5649.655551 5649.361544 5654.053554 5653.879134 5657.009220 5667.625021 5665.742668 5670.108931 0.000000 0.000000
0.000000 0.000000 6716.519395 6713.551357 6708.235729 6708.815294 6700.483421 6688.800085 6689.583972 6686.292378 6683.717300 6683.863138 6685.962475 6680.342112 6694.896287 6706.917931 6707.771639 6709.891484 6711.458380 0.000000 0.000000
0.000000 0.000000 7925.429854 7923.172162 7924.367411 7922.122404 7905.513643 7898.112031 7898.850409 7898.407585 7895.570592 7898.157007 7901.759713 7900.110232 7903.924256 7915.258231 7921.624452 7922.423453 7923.592885 0.000000 0.000000
0.000000 0.000000 9232.016092 9232.488461 9231.090262 9214.951781 9211.867575 9199.573385 9203.966598 9193.617566 9196.256528 9194.241239 9189.514334 9197.507012 9202.718980 9204.591780 9213.862565 9220.152845 9228.813494 0.000000 0.000000
0.000000 0.000000 10611.897459 10607.187241 10600.687581 10597.956672 10591.683495 10576.148072 10574.326595 10574.165800 10580.261721 10571.593360 10574.623084 10574.323462 10590.970798 10596.236705 10598.708035 10600.667869 10621.100513 0.000000 0.000000
0.000000 0.000000 12019.762543 12016.947046 12017.456425 12007.633482 12002.970990 11970.973847 11969.431019 11968.961033 11952.591930 11961.960537 11966.076762 11968.791056 11989.011798 11994.242551 12011.472436 12010.810547 12018.848815 0.000000 0.000000
0.000000 0.000000 13578.839066 13581.362613 13572.334793 13569.785949 13535.404897 13545.081196 13533.731540 13535.172160 13537.295326 13534.697329 13534.263354 13530.460613 13517.004981 13555.835690 13561.830879 13575.522027 13583.402876 0.000000 0.000000
0.000000 0.000000 15282.044731 15276.478091 15271.360898 15238.238974 15238.492763 15221.682977 15206.731193 15205.383825 15198.107085 15190.468632 15193.936465 15192.079698 15211.508825 15213.360966 15266.795863 15255.970889 15255.677560 0.000000 0.000000
0.000000 0.000000 17047.430336 17046.900393 16998.523124 17000.841476 17005.760110 16996.325530 17018.674527 17008.571992 17017.127801 17010.186913 17004.740530 17016.565966 17018.734756 17019.442955 16991.296695 17059.060538 17052.874481 0.000000 0.000000
0.000000 0.000000 19090.677404 19029.119384 19029.657889 19013.845731 18978.632278 18971.248013 18958.502772 18963.284883 18943.637341 18943.808440 18952.162531 18949.014654 18963.793804 18982.323349 19027.159584 19013.230064 19081.186232 0.000000 0.000000
0.000000 0.000000 20389.939754 20419.337784 20482.914411 20474.278904 20460.241894 20407.509597 20409.632971 20392.090588 20409.493469 20405.182608 20411.184742 20408.373466 20453.618798 20466.158538 20492.948628 20430.256636 20402.811064 0.000000 0.000000
0.000000 0.000000 0.000000 0.000000 0.000000 0.000000 0.000000 0.000000 0.000000 0.000000 0.000000 0.000000 0.000000 0.000000 0.000000 0.000000 0.000000 0.000000 0.000000 0.000000 0.000000
0.000000 0.000000 0.000000 0.000000 0.000000 0.000000 0.000000 0.000000 0.000000 0.000000 0.000000 0.000000 0.000000 0.000000 0.000000 0.000000 0.000000 0.000000 0.000000 0.000000 0.000000