geotop/1.0zi/1.0Montebello/Templates/testdem/maps/_Erotot9855.asc
ncols         21
nrows         20
xllcorner     100.000000
yllcorner     100.000000
cellsize      50.000000
NODATA_value  -9999.0
0.000000 0.000000 0.000000 0.000000 0.000000 0.000000 0.000000 0.000000 0.000000 0.000000 0.000000 0.000000 0.000000 0.000000 0.000000 0.000000 0.000000 0.000000 0.000000 0.000000 0.000000
0.000000 0.000000 821.677411 821.827503 820.648312 820.184353 818.608635 818.169939 818.266206 818.324934 818.678655 818.117992 817.977025 818.010987 818.977307 819.563237 820.922934 822.158826 822.809569 0.000000 0.000000
0.000000 0.000000 62.281282 60.933852 61.223099 61.000392 61.737322 61.242697 60.880252 60.727927 60.963733 61.119614 61.290086 61.361806 61.250506 60.762658 59.740838 58.845301 59.629899 0.000000 0.000000
0.000000 0.000000 537.267140 541.117174 526.703306 519.240543 518.668922 510.669004 517.735342 519.680695 515.784580 516.698239 521.000685 520.407224 529.239107 539.778770 542.684392 541.196947 546.651803 0.000000 0.000000
0.000000 0.000000 4537.418557 4530.998846 4527.154828 4488.189878 4462.070867 4446.518201 4438.993402 4432.710097 4438.606451 4444.163549 4444.114495 4437.795509 4458.789059 4465.395531 4484.450416 4495.722098 4496.888864 0.000000 0.000000
0.000000 0.000000 6799.397872 6793.003879 6787.895908 6789.950836 6761.861136 6748.977827 6752.793286 6751.622624 6745.988913 6739.364242 6737.079701 6741.344298 6743.469992 6770.834032 6771.085816 6778.431551 6780.124620 0.000000 0.000000
0.000000 0.000000 8359.713863 8353.571320 8349.717615 8336.628521 8329.728342 8292.905284 8292.214372 8288.897621 8287.314018 8291.310588 8291.831877 8292.913187 8328.765233 8333.196122 8342.836626 8345.805299 8350.918885 0.000000 0.000000
0.000000 0.000000 10017.681529 10013.489307 10006.645671 9990.753602 9980.213051 9975.897612 9976.510874 9973.960698 9972.826601 9968.762551 9968.058852 9975.066256 9974.072855 9985.757579 10001.648817 9999.224902 10005.468281 0.000000 0.000000
0.000000 0.000000 12132.506439 12126.000908 12116.928771 12110.879997 12093.198523 12069.864890 12073.109865 12068.681477 12064.394135 12063.897454 12067.168958 12060.416078 12088.221494 12104.124587 12107.090118 12110.885873 12113.367732 0.000000 0.000000
0.000000 0.000000 14610.341478 14599.821187 14595.254465 14585.739446 14569.701872 14549.441601 14548.330442 14545.834321 14540.145035 14544.503842 14547.908583 14546.940518 14556.392825 14578.542958 14587.199790 14591.357709 14590.523835 0.000000 0.000000
0.000000 0.000000 17392.178715 17386.808298 17382.809027 17346.675752 17346.165671 17316.437603 17325.001906 17305.905450 17310.848804 17306.355496 17298.145903 17309.804668 17327.364432 17333.163631 17349.733985 17353.134696 17372.073839 0.000000 0.000000
0.000000 0.000000 20526.633475 20510.412855 20489.259403 20486.088366 20473.139875 20438.458593 20436.750677 20438.471506 20444.545151 20428.010486 20436.634183 20432.776416 20465.227718 20482.077446 20484.434202 20490.726146 20517.593235 0.000000 0.000000
0.000000 0.000000 23877.793478 23866.169121 23867.689289 23843.918858 23823.422142 23740.659017 23734.914330 23731.783320 23690.632175 23718.070087 23719.379567 23727.685588 23791.217117 23801.380695 23839.301384 23838.676268 23842.988392 0.000000 0.000000
0.000000 0.000000 27876.255656 27874.749819 27843.337046 27827.134107 27713.372123 27778.512022 27749.294736 27750.125783 27770.786333 27750.617872 27748.582890 27732.722867 27670.356217 27804.505455 27803.766455 27837.035456 27853.048397 0.000000 0.000000
0.000000 0.000000 32075.268014 32062.586895 32042.637418 31910.307861 31988.648864 31898.253975 31878.147604 31869.565328 31837.173169 31825.891592 31840.247998 31842.499343 31924.348542 31841.970303 32028.148283 31978.494480 31966.178725 0.000000 0.000000
0.000000 0.000000 35541.923909 35534.119680 35393.719301 35484.978615 35460.926761 35473.027662 35545.604934 35524.793912 35561.827532 35555.365779 35527.698153 35562.269025 35536.963179 35566.235869 35373.301985 35600.033181 35591.122353 0.000000 0.000000
0.000000 0.000000 38448.685782 38335.096013 38395.354457 38345.218441 38285.428575 38270.770683 38227.103663 38240.448495 38197.852609 38204.292338 38227.690535 38205.026715 38237.885176 38272.253429 38389.590630 38279.674572 38400.541301 0.000000 0.000000
0.000000 0.000000 39363.228126 39433.396509 39508.486127 39501.850959 39497.796003 39436.524997 39444.281326 39423.441706 39451.480844 39446.476349 39447.752776 39449.484705 39499.221827 39505.390394 39516.587671 39446.080441 39377.473101 0.000000 0.000000
0.000000 0.000000 0.000000 0.000000 0.000000 0.000000 0.000000 0.000000 0.000000 0.000000 0.000000 0.000000 0.000000 0.000000 0.000000 0.000000 0.000000 0.000000 0.000000 0.000000 0.000000
0.000000 0.000000 0.000000 0.000000 0.000000 0.000000 0.000000 0.000000 0.000000 0.000000 0.000000 0.000000 0.000000 0.000000 0.000000 0.000000 0.000000 0.000000 0.000000 0.000000 0.000000