geotop/1.0zi/1.0Montebello/Templates/testdem/maps/_Erotot9952.asc
ncols         21
nrows         20
xllcorner     100.000000
yllcorner     100.000000
cellsize      50.000000
NODATA_value  -9999.0
0.000000 0.000000 0.000000 0.000000 0.000000 0.000000 0.000000 0.000000 0.000000 0.000000 0.000000 0.000000 0.000000 0.000000 0.000000 0.000000 0.000000 0.000000 0.000000 0.000000 0.000000
0.000000 0.000000 828.600249 828.752012 827.560252 827.155852 825.541535 825.048158 825.230340 825.221139 825.619962 825.059756 824.871281 824.913644 825.922845 826.504897 827.861909 829.038193 829.737996 0.000000 0.000000
0.000000 0.000000 62.042113 60.719208 61.075439 60.804729 61.651988 61.195954 60.765286 60.681947 60.865566 61.045977 61.238198 61.293438 61.146051 60.631352 59.610763 58.729403 59.459641 0.000000 0.000000
0.000000 0.000000 543.251886 546.871736 531.932266 523.468617 522.721585 514.781868 521.989912 523.902236 519.590877 520.895066 525.253974 524.648406 533.391092 544.090138 546.808232 545.142454 550.545584 0.000000 0.000000
0.000000 0.000000 4597.742646 4591.367274 4587.342808 4546.117257 4519.914526 4504.176412 4496.310189 4491.412244 4496.053670 4501.594686 4501.412830 4495.130954 4516.464278 4522.750475 4542.194735 4554.124881 4554.920359 0.000000 0.000000
0.000000 0.000000 6908.947130 6902.368450 6896.733833 6898.021885 6868.719366 6855.227426 6859.278692 6858.478244 6852.144165 6845.451420 6843.020837 6847.265407 6850.038715 6877.698020 6877.967697 6885.475605 6886.996755 0.000000 0.000000
0.000000 0.000000 8486.752354 8480.402480 8476.318938 8461.943961 8455.477157 8417.405864 8416.836979 8413.978151 8411.758986 8415.845216 8416.231399 8417.318624 8453.629101 8457.767183 8467.602829 8470.789316 8475.718148 0.000000 0.000000
0.000000 0.000000 10184.934661 10180.643580 10173.263794 10155.882003 10144.873624 10141.121921 10141.511232 10139.614270 10137.642919 10133.704837 10132.952197 10139.997353 10138.935722 10150.735059 10166.828728 10164.616588 10170.653212 0.000000 0.000000
0.000000 0.000000 12348.779619 12342.040162 12332.292578 12324.779881 12306.577750 12282.803536 12286.028233 12282.207822 12277.037572 12276.546584 12279.794640 12272.985960 12301.289478 12317.328438 12320.387241 12324.451807 12326.706892 0.000000 0.000000
0.000000 0.000000 14886.219443 14875.390436 14870.480845 14859.105341 14842.569996 14821.783101 14820.580114 14818.784463 14811.948835 14816.498889 14819.897617 14818.768460 14828.685750 14851.190843 14860.068356 14864.342871 14863.404438 0.000000 0.000000
0.000000 0.000000 17743.000932 17737.230975 17732.648604 17694.079045 17693.222362 17662.672667 17671.355424 17652.696494 17656.624425 17652.124782 17643.698545 17655.546994 17673.674524 17679.524610 17696.414961 17700.031048 17719.055053 0.000000 0.000000
0.000000 0.000000 20969.976829 20953.179266 20930.907414 20926.022657 20912.224232 20876.482913 20874.577933 20877.406767 20882.335564 20865.556924 20874.319745 20870.178893 20903.741913 20920.957593 20923.411951 20930.040984 20957.044098 0.000000 0.000000
0.000000 0.000000 24423.279975 24411.190669 24412.359572 24386.363577 24364.546771 24278.812900 24272.914481 24270.424958 24226.727741 24255.381257 24256.455367 24265.049184 24330.867239 24340.993632 24380.214926 24379.822184 24383.309449 0.000000 0.000000
0.000000 0.000000 28534.817770 28533.542424 28500.114409 28481.886685 28363.549154 28433.149659 28402.849640 28404.944242 28426.218789 28404.453750 28402.708792 28385.599727 28319.886392 28458.231503 28456.670010 28491.168078 28507.346803 0.000000 0.000000
0.000000 0.000000 32776.782002 32763.589853 32744.209893 32607.823283 32691.242540 32597.857858 32578.180102 32570.410274 32535.113808 32525.034090 32538.917846 32542.224991 32626.247026 32538.951271 32727.936653 32677.171951 32663.894249 0.000000 0.000000
0.000000 0.000000 36145.695842 36138.126177 36003.014858 36091.696316 36067.355620 36079.963131 36150.339305 36130.893738 36166.075735 36160.072372 36133.262093 36166.457956 36141.265413 36170.619917 35981.947283 36200.718140 36191.824414 0.000000 0.000000
0.000000 0.000000 38881.416490 38778.398504 38832.102743 38787.819683 38732.511799 38731.325005 38692.685770 38705.061897 38666.584450 38672.483434 38693.110409 38673.431580 38691.281570 38722.555665 38826.025459 38728.818984 38838.340296 0.000000 0.000000
0.000000 0.000000 39800.423970 39862.876134 39940.208075 39934.342049 39929.915783 39869.032328 39875.908034 39857.289627 39881.870430 39877.487788 39879.109245 39879.939605 39930.537857 39936.816600 39946.699274 39872.903964 39811.833820 0.000000 0.000000
0.000000 0.000000 0.000000 0.000000 0.000000 0.000000 0.000000 0.000000 0.000000 0.000000 0.000000 0.000000 0.000000 0.000000 0.000000 0.000000 0.000000 0.000000 0.000000 0.000000 0.000000
0.000000 0.000000 0.000000 0.000000 0.000000 0.000000 0.000000 0.000000 0.000000 0.000000 0.000000 0.000000 0.000000 0.000000 0.000000 0.000000 0.000000 0.000000 0.000000 0.000000 0.000000