geotop/1.0zi/1.0Montebello/Templates/testdem/maps/_Erotot170s.asc
ncols         21
nrows         20
xllcorner     100.000000
yllcorner     100.000000
cellsize      50.000000
NODATA_value  -9999.0
0.000000 0.000000 0.000000 0.000000 0.000000 0.000000 0.000000 0.000000 0.000000 0.000000 0.000000 0.000000 0.000000 0.000000 0.000000 0.000000 0.000000 0.000000 0.000000 0.000000 0.000000
0.000000 0.000000 983.521475 982.871314 981.511260 979.590622 978.224810 977.416709 977.889629 978.576127 978.487539 977.666280 977.622827 977.698636 979.299970 979.819841 982.638877 983.294554 983.882753 0.000000 0.000000
0.000000 0.000000 69.740132 70.735971 69.242349 72.213766 71.505643 70.814060 71.158641 69.983145 70.915229 73.151082 70.892505 70.939137 70.456093 69.990383 67.758877 67.061911 70.119934 0.000000 0.000000
0.000000 0.000000 919.524044 926.684134 906.198162 895.705594 900.001448 889.323029 888.619059 890.599761 883.461262 884.350128 889.405298 893.183567 896.813429 908.490276 915.714309 916.124896 920.511648 0.000000 0.000000
0.000000 0.000000 6215.921154 6198.324047 6199.000364 6154.974527 6120.461099 6103.887758 6097.750564 6090.741024 6097.685766 6104.471876 6106.359789 6094.984128 6118.186151 6127.939388 6146.389953 6159.821409 6161.641962 0.000000 0.000000
0.000000 0.000000 8641.729298 8639.721372 8629.797071 8631.277548 8602.975715 8586.679804 8589.480139 8588.054988 8580.161519 8574.020403 8571.872807 8575.366579 8578.339792 8610.237852 8609.226539 8619.643829 8619.647486 0.000000 0.000000
0.000000 0.000000 10598.749974 10592.143642 10584.666915 10568.967140 10560.250931 10513.274235 10509.659327 10505.233605 10504.798840 10508.430769 10507.731750 10509.217903 10550.144946 10555.619132 10567.732311 10573.676882 10577.997511 0.000000 0.000000
0.000000 0.000000 12965.882446 12960.640861 12950.803233 12924.750625 12912.216820 12905.363915 12901.387035 12898.903388 12896.082566 12893.954663 12892.195386 12899.481244 12896.524991 12911.544101 12930.848694 12928.613369 12935.375354 0.000000 0.000000
0.000000 0.000000 15963.361267 15954.304027 15939.814871 15931.785857 15909.931509 15877.454667 15877.249846 15869.012180 15867.929274 15863.320690 15866.632008 15858.897581 15891.443687 15912.456776 15917.304653 15926.642274 15929.079739 0.000000 0.000000
0.000000 0.000000 19584.152503 19568.236063 19553.566144 19543.647966 19520.453825 19493.792805 19485.899932 19484.381475 19476.357668 19481.408671 19488.960193 19486.576725 19497.446666 19526.119484 19538.291354 19545.285976 19543.872653 0.000000 0.000000
0.000000 0.000000 23800.929437 23789.054042 23785.822706 23729.006560 23728.489008 23684.843681 23699.313442 23669.522317 23680.190627 23673.051374 23656.034699 23672.699658 23695.274798 23702.007202 23724.614757 23731.685156 23756.313181 0.000000 0.000000
0.000000 0.000000 28676.995621 28650.128493 28613.502966 28610.892004 28591.759768 28539.718418 28525.220590 28532.695665 28538.815398 28520.703000 28530.272515 28521.077597 28565.021956 28591.298132 28593.164877 28604.267987 28639.021509 0.000000 0.000000
0.000000 0.000000 33475.999699 33456.076852 33460.405973 33424.836889 33395.074459 33277.299465 33262.956191 33255.629375 33196.595147 33238.892204 33240.435589 33251.227250 33339.006454 33353.024628 33407.352627 33415.048745 33399.197706 0.000000 0.000000
0.000000 0.000000 37815.859499 37821.918240 37784.494830 37772.499843 37656.915806 37758.739698 37727.824710 37725.765714 37757.671248 37726.044104 37722.430611 37702.961571 37616.027539 37753.056775 37743.069870 37775.196173 37790.685700 0.000000 0.000000
0.000000 0.000000 40409.100804 40399.095764 40387.405515 40325.533993 40372.668150 40327.892552 40317.676180 40318.652030 40300.857970 40298.280111 40306.340875 40307.940255 40342.253311 40288.905393 40381.390303 40354.922424 40347.108787 0.000000 0.000000
0.000000 0.000000 42047.473215 42043.899572 41994.032275 42023.271308 42019.919445 42019.315329 42043.903121 42032.059262 42045.584822 42038.619300 42029.674002 42041.218506 42036.396389 42047.429972 41980.903500 42053.695290 42048.264798 0.000000 0.000000
0.000000 0.000000 43395.575874 43348.513877 43394.765683 43355.086293 43333.970756 43328.993966 43304.963787 43312.584292 43289.546121 43292.759380 43304.007595 43294.495610 43306.717151 43311.405116 43384.693655 43314.564052 43360.477332 0.000000 0.000000
0.000000 0.000000 43874.963434 43950.999341 43978.014215 43983.459655 43997.528313 43959.164795 43973.175119 43958.360163 43981.800252 43977.426920 43974.119872 43979.542913 44010.195440 43996.465410 43980.007512 43961.134484 43889.504261 0.000000 0.000000
0.000000 0.000000 0.000000 0.000000 0.000000 0.000000 0.000000 0.000000 0.000000 0.000000 0.000000 0.000000 0.000000 0.000000 0.000000 0.000000 0.000000 0.000000 0.000000 0.000000 0.000000
0.000000 0.000000 0.000000 0.000000 0.000000 0.000000 0.000000 0.000000 0.000000 0.000000 0.000000 0.000000 0.000000 0.000000 0.000000 0.000000 0.000000 0.000000 0.000000 0.000000 0.000000