geotop/1.0zi/1.0Montebello/Templates/testdem/maps/_Erotot3621.asc
ncols         21
nrows         20
xllcorner     100.000000
yllcorner     100.000000
cellsize      50.000000
NODATA_value  -9999.0
0.000000 0.000000 0.000000 0.000000 0.000000 0.000000 0.000000 0.000000 0.000000 0.000000 0.000000 0.000000 0.000000 0.000000 0.000000 0.000000 0.000000 0.000000 0.000000 0.000000 0.000000
0.000000 0.000000 377.334365 377.337225 377.340771 377.459749 377.327297 377.333060 377.306717 377.346674 377.361378 377.346674 377.306717 377.333060 377.327297 377.459749 377.340771 377.337225 377.334365 0.000000 0.000000
0.000000 0.000000 11.658413 11.417024 9.663724 11.345702 11.663521 11.591871 11.683161 11.572365 11.942159 11.572365 11.683161 11.591871 11.663521 11.345702 9.663724 11.417024 11.658413 0.000000 0.000000
0.000000 0.000000 2771.242658 2770.450354 2770.938988 2769.114555 2770.603598 2770.230008 2769.677311 2770.757020 2770.664825 2770.757020 2769.677311 2770.230008 2770.603598 2769.114555 2770.938988 2770.450354 2771.242658 0.000000 0.000000
0.000000 0.000000 5321.850122 5321.825335 5321.006482 5321.584723 5322.264609 5321.971705 5322.063580 5321.825823 5322.046846 5321.825823 5322.063580 5321.971705 5322.264609 5321.584723 5321.006482 5321.825335 5321.850122 0.000000 0.000000
0.000000 0.000000 6882.715934 6882.317373 6881.851148 6881.991145 6882.632683 6882.353748 6882.174292 6882.410573 6882.628666 6882.410573 6882.174292 6882.353748 6882.632683 6881.991145 6881.851148 6882.317373 6882.715934 0.000000 0.000000
0.000000 0.000000 8872.575950 8872.237281 8871.815601 8871.939840 8872.489861 8872.244589 8872.086875 8872.284646 8872.500336 8872.284646 8872.086875 8872.244589 8872.489861 8871.939840 8871.815601 8872.237281 8872.575950 0.000000 0.000000
0.000000 0.000000 10707.938013 10707.649513 10707.264920 10707.391475 10707.856560 10707.646485 10707.507635 10707.680284 10707.874532 10707.680284 10707.507635 10707.646485 10707.856560 10707.391475 10707.264920 10707.649513 10707.938013 0.000000 0.000000
0.000000 0.000000 12389.972456 12389.715551 12389.355312 12389.479464 12389.906293 12389.714475 12389.587429 12389.746865 12389.929568 12389.746864 12389.587429 12389.714475 12389.906293 12389.479464 12389.355312 12389.715551 12389.972456 0.000000 0.000000
0.000000 0.000000 13947.761251 13947.546735 13947.197016 13947.356986 13947.703288 13947.531893 13947.419464 13947.560366 13947.726360 13947.560366 13947.419464 13947.531893 13947.703288 13947.356986 13947.197016 13947.546735 13947.761251 0.000000 0.000000
0.000000 0.000000 15392.685842 15392.476586 15392.148993 15392.283437 15392.641701 15392.472286 15392.365561 15392.506299 15392.662312 15392.506299 15392.365561 15392.472286 15392.641701 15392.283437 15392.148993 15392.476586 15392.685842 0.000000 0.000000
0.000000 0.000000 16751.334709 16751.138185 16750.833096 16750.962265 16751.309805 16751.148687 16751.045493 16751.186119 16751.331528 16751.186119 16751.045493 16751.148687 16751.309805 16750.962265 16750.833096 16751.138185 16751.334709 0.000000 0.000000
0.000000 0.000000 18032.893361 18032.710789 18032.413797 18032.543554 18032.871419 18032.718805 18032.621964 18032.758913 18032.894464 18032.758913 18032.621964 18032.718805 18032.871419 18032.543554 18032.413797 18032.710789 18032.893361 0.000000 0.000000
0.000000 0.000000 19251.620168 19251.451919 19251.166027 19251.311021 19251.604034 19251.458220 19251.368350 19251.498351 19251.626810 19251.498351 19251.368350 19251.458220 19251.604034 19251.311021 19251.166027 19251.451919 19251.620168 0.000000 0.000000
0.000000 0.000000 20412.009676 20411.842142 20411.561697 20411.694078 20411.990865 20411.855794 20411.772352 20411.902456 20412.023527 20411.902456 20411.772352 20411.855794 20411.990865 20411.694078 20411.561697 20411.842142 20412.009676 0.000000 0.000000
0.000000 0.000000 21516.971320 21516.811484 21516.542031 21516.666346 21516.951602 21516.819106 21516.738658 21516.862630 21516.979221 21516.862630 21516.738658 21516.819106 21516.951602 21516.666346 21516.542031 21516.811484 21516.971315 0.000000 0.000000
0.000000 0.000000 22574.710376 22574.556974 22574.290747 22574.417988 22574.689382 22574.560802 22574.484650 22574.604690 22574.714009 22574.604690 22574.484650 22574.560802 22574.689382 22574.417988 22574.290747 22574.556953 22574.710230 0.000000 0.000000
0.000000 0.000000 23636.675818 23637.066887 23636.808181 23636.930873 23637.195914 23637.071646 23636.998190 23637.114663 23637.219977 23637.114663 23636.998190 23637.071646 23637.195914 23636.930873 23636.808163 23637.063579 23637.209184 0.000000 0.000000
0.000000 0.000000 0.000000 0.000000 0.000000 0.000000 0.000000 0.000000 0.000000 0.000000 0.000000 0.000000 0.000000 0.000000 0.000000 0.000000 0.000000 0.000000 0.000000 0.000000 0.000000
0.000000 0.000000 0.000000 0.000000 0.000000 0.000000 0.000000 0.000000 0.000000 0.000000 0.000000 0.000000 0.000000 0.000000 0.000000 0.000000 0.000000 0.000000 0.000000 0.000000 0.000000