geotop/1.0zi/1.0Montebello/Templates/testdem/maps/_Erotot7233.asc
ncols         21
nrows         20
xllcorner     100.000000
yllcorner     100.000000
cellsize      50.000000
NODATA_value  -9999.0
0.000000 0.000000 0.000000 0.000000 0.000000 0.000000 0.000000 0.000000 0.000000 0.000000 0.000000 0.000000 0.000000 0.000000 0.000000 0.000000 0.000000 0.000000 0.000000 0.000000 0.000000
0.000000 0.000000 585.333527 586.130083 585.767526 585.973696 585.348435 585.374325 585.322149 585.424084 585.849872 585.179013 585.063859 585.148046 585.448167 585.418693 586.194931 586.469482 586.553522 0.000000 0.000000
0.000000 0.000000 46.272513 45.043461 45.074691 45.226922 45.467340 45.313534 45.057160 44.898766 45.138374 45.424565 45.436581 45.561169 45.335852 45.134254 43.850161 43.082389 43.817211 0.000000 0.000000
0.000000 0.000000 250.466193 252.156582 240.113374 237.378619 235.890030 229.000318 229.638698 228.206889 226.982237 224.771843 227.066398 227.073597 235.244440 241.346774 242.706752 244.516841 250.214729 0.000000 0.000000
0.000000 0.000000 2663.461603 2666.603718 2670.178126 2648.780569 2633.650000 2620.355815 2622.307406 2619.298134 2624.825612 2630.670810 2625.577686 2623.900897 2636.183226 2639.026428 2648.409988 2656.953297 2658.665741 0.000000 0.000000
0.000000 0.000000 4422.662432 4416.980593 4413.594913 4407.307242 4392.681785 4384.409390 4383.725917 4382.843125 4379.436328 4373.679039 4372.767782 4376.066368 4376.119214 4394.709573 4402.995888 4409.699038 4411.635643 0.000000 0.000000
0.000000 0.000000 5640.570938 5637.657085 5633.430549 5627.568368 5614.087370 5594.711521 5594.174623 5590.341625 5591.906972 5595.644543 5597.086900 5597.636988 5622.578072 5632.215060 5636.822100 5639.154812 5644.737550 0.000000 0.000000
0.000000 0.000000 6566.105178 6566.633766 6563.973166 6555.318478 6553.718548 6545.062062 6545.698084 6545.547877 6544.711357 6540.871326 6540.170212 6546.090362 6547.141893 6551.044132 6562.242444 6560.483976 6565.581355 0.000000 0.000000
0.000000 0.000000 7807.948297 7803.906104 7798.127745 7798.597829 7788.599127 7774.832481 7776.286890 7772.032839 7770.018305 7769.846631 7772.074281 7766.473656 7783.405363 7796.244620 7797.142720 7800.177617 7801.866073 0.000000 0.000000
0.000000 0.000000 9233.294887 9230.228273 9230.803368 9227.773243 9208.936075 9200.496849 9200.692907 9200.269819 9197.261511 9200.442829 9203.454526 9202.664135 9208.152767 9221.132220 9227.596209 9229.026992 9230.397397 0.000000 0.000000
0.000000 0.000000 10782.779322 10782.208112 10779.771653 10761.835462 10758.077262 10742.878539 10748.476815 10736.178425 10739.976135 10738.372114 10731.921740 10741.233719 10748.922561 10751.194264 10762.060159 10768.298038 10778.610975 0.000000 0.000000
0.000000 0.000000 12436.776509 12429.786748 12422.835731 12420.240801 12411.274774 12393.709593 12391.223069 12391.268415 12398.345215 12388.231747 12391.717449 12391.757390 12411.456464 12418.533084 12420.425398 12423.752215 12445.697204 0.000000 0.000000
0.000000 0.000000 14143.141371 14139.136872 14139.432287 14128.076572 14122.224510 14082.058549 14080.707078 14079.852351 14061.308922 14071.901425 14075.987429 14079.980864 14107.151291 14113.232786 14132.857430 14132.162965 14140.510283 0.000000 0.000000
0.000000 0.000000 16062.833347 16065.101929 16053.648412 16050.246366 16004.886009 16018.327870 16005.595515 16006.493003 16010.872294 16007.465301 16005.736525 16001.862495 15985.753015 16035.404342 16041.254772 16058.022474 16067.125775 0.000000 0.000000
0.000000 0.000000 18188.366737 18181.275205 18174.335212 18128.158948 18133.457657 18110.102321 18093.311704 18090.883289 18082.167752 18073.113612 18077.620298 18076.256135 18102.852159 18100.192700 18169.648594 18156.138908 18155.352136 0.000000 0.000000
0.000000 0.000000 20406.849441 20404.513961 20336.713758 20349.376623 20353.030651 20341.620891 20372.635368 20360.107038 20373.427604 20365.614665 20355.960797 20373.463068 20377.466850 20377.565150 20329.209180 20425.264097 20418.449641 0.000000 0.000000
0.000000 0.000000 23032.185241 22937.800587 22949.763078 22923.197572 22871.821816 22861.188633 22839.584593 22846.242976 22817.914717 22819.627927 22832.904842 22824.439327 22846.807224 22876.913434 22947.186836 22910.361938 23012.022352 0.000000 0.000000
0.000000 0.000000 24423.349590 24492.397147 24585.975237 24580.091120 24570.395350 24490.716265 24497.954003 24472.257311 24504.669832 24498.003073 24500.638950 24503.215448 24571.310461 24579.618918 24602.230773 24516.153062 24449.175455 0.000000 0.000000
0.000000 0.000000 0.000000 0.000000 0.000000 0.000000 0.000000 0.000000 0.000000 0.000000 0.000000 0.000000 0.000000 0.000000 0.000000 0.000000 0.000000 0.000000 0.000000 0.000000 0.000000
0.000000 0.000000 0.000000 0.000000 0.000000 0.000000 0.000000 0.000000 0.000000 0.000000 0.000000 0.000000 0.000000 0.000000 0.000000 0.000000 0.000000 0.000000 0.000000 0.000000 0.000000