geotop/1.0zi/1.0Montebello/Templates/testdem/maps/_Erotot9118.asc
ncols         21
nrows         20
xllcorner     100.000000
yllcorner     100.000000
cellsize      50.000000
NODATA_value  -9999.0
0.000000 0.000000 0.000000 0.000000 0.000000 0.000000 0.000000 0.000000 0.000000 0.000000 0.000000 0.000000 0.000000 0.000000 0.000000 0.000000 0.000000 0.000000 0.000000 0.000000 0.000000
0.000000 0.000000 722.970428 723.541011 722.964858 723.047830 722.015315 722.125269 722.210301 722.284765 722.671143 722.035871 721.927271 721.974406 722.376767 722.527543 723.346536 723.952662 724.110967 0.000000 0.000000
0.000000 0.000000 56.375779 55.301873 55.615634 55.546844 56.364234 56.058521 55.683859 55.551384 55.749829 56.078677 56.135208 56.246397 56.009493 55.406605 54.140267 53.271288 53.877609 0.000000 0.000000
0.000000 0.000000 428.234694 430.047402 416.965725 410.735946 410.169949 404.312190 409.309621 410.987022 407.041112 405.446029 408.864002 408.370563 416.859008 425.328963 429.143601 423.558823 430.835637 0.000000 0.000000
0.000000 0.000000 3999.427451 3992.789523 3986.860281 3953.535875 3927.635767 3915.028758 3907.547372 3900.956394 3908.473368 3914.857991 3913.204865 3908.190573 3927.882369 3932.335536 3948.255217 3959.331676 3959.491494 0.000000 0.000000
0.000000 0.000000 6130.268921 6124.689885 6120.208071 6122.547042 6099.020319 6087.950413 6091.178726 6090.792772 6086.581720 6080.429341 6078.634011 6082.802979 6082.264489 6108.065560 6108.580793 6115.638535 6117.905840 0.000000 0.000000
0.000000 0.000000 7563.707095 7558.149396 7554.422201 7543.180801 7535.108283 7499.036053 7501.455456 7498.854126 7498.338412 7502.553571 7503.084470 7504.657802 7537.442687 7542.401809 7551.409312 7553.260286 7558.509698 0.000000 0.000000
0.000000 0.000000 9000.739906 8997.710551 8992.660064 8980.559798 8973.909980 8971.377936 8971.122814 8969.249372 8969.227609 8964.938000 8963.736348 8970.935702 8969.299738 8978.470143 8992.773072 8989.137803 8995.397092 0.000000 0.000000
0.000000 0.000000 10847.302539 10841.748661 10834.774659 10831.863579 10815.974558 10795.821621 10798.628718 10794.604598 10791.252886 10790.710426 10793.501447 10787.331814 10812.140590 10825.809031 10827.465051 10829.864837 10832.584852 0.000000 0.000000
0.000000 0.000000 12990.143709 12982.303579 12979.290831 12972.457676 12949.453508 12937.559225 12936.689082 12935.264097 12931.257328 12935.518444 12938.508688 12938.202680 12945.251026 12964.523266 12972.250876 12974.839095 12974.481451 0.000000 0.000000
0.000000 0.000000 15367.858657 15364.850902 15362.750517 15332.454519 15326.591974 15304.490483 15312.558304 15295.808634 15301.410604 15297.430690 15289.680523 15300.779077 15315.279623 15319.049398 15333.749067 15337.467295 15353.298239 0.000000 0.000000
0.000000 0.000000 18003.668426 17991.753068 17975.045464 17973.523083 17956.641916 17931.881166 17930.994730 17932.739172 17939.706525 17925.289216 17932.694150 17930.593486 17957.397192 17970.278073 17971.444103 17975.231499 18000.472788 0.000000 0.000000
0.000000 0.000000 20795.894225 20787.557309 20789.919629 20763.795189 20753.651786 20684.825275 20681.493321 20680.872696 20649.822231 20669.680358 20671.920525 20679.420847 20730.222879 20739.222900 20769.004402 20767.494046 20774.397389 0.000000 0.000000
0.000000 0.000000 24106.779092 24106.820225 24083.365215 24075.242296 23983.698841 24026.978081 24004.548969 24006.064361 24020.199751 24007.261848 24005.807347 23994.641096 23952.581538 24056.610600 24058.784545 24084.038180 24097.408331 0.000000 0.000000
0.000000 0.000000 27789.405955 27774.269324 27756.452659 27649.092754 27695.503955 27632.612530 27609.608146 27604.724733 27581.040360 27568.862806 27579.752013 27580.610905 27643.438655 27597.451085 27749.954898 27710.260568 27703.076576 0.000000 0.000000
0.000000 0.000000 31368.264720 31360.798741 31216.499813 31291.004710 31276.112686 31280.175410 31352.630293 31330.844302 31366.336777 31357.875539 31331.306747 31367.523297 31351.469581 31367.027157 31196.240505 31418.401879 31408.899481 0.000000 0.000000
0.000000 0.000000 35103.909404 34934.791834 35015.049221 34940.276373 34854.237754 34833.197021 34769.368894 34787.798438 34726.105109 34734.614841 34768.939630 34734.438618 34780.339288 34834.201445 35008.414959 34851.785343 35029.685598 0.000000 0.000000
0.000000 0.000000 35950.107420 36102.476309 36220.125251 36224.491430 36236.753050 36130.389386 36154.785131 36117.548152 36178.463377 36167.336284 36160.224604 36174.763924 36258.083459 36251.882162 36238.212479 36145.460846 35993.660558 0.000000 0.000000
0.000000 0.000000 0.000000 0.000000 0.000000 0.000000 0.000000 0.000000 0.000000 0.000000 0.000000 0.000000 0.000000 0.000000 0.000000 0.000000 0.000000 0.000000 0.000000 0.000000 0.000000
0.000000 0.000000 0.000000 0.000000 0.000000 0.000000 0.000000 0.000000 0.000000 0.000000 0.000000 0.000000 0.000000 0.000000 0.000000 0.000000 0.000000 0.000000 0.000000 0.000000 0.000000