geotop/1.0zi/1.0Montebello/Templates/testdem/maps/_Erotot173m.asc
ncols         21
nrows         20
xllcorner     100.000000
yllcorner     100.000000
cellsize      50.000000
NODATA_value  -9999.0
0.000000 0.000000 0.000000 0.000000 0.000000 0.000000 0.000000 0.000000 0.000000 0.000000 0.000000 0.000000 0.000000 0.000000 0.000000 0.000000 0.000000 0.000000 0.000000 0.000000 0.000000
0.000000 0.000000 985.628420 984.979067 983.613930 981.697589 980.328478 979.509102 979.990339 980.672111 980.580093 979.765546 979.715237 979.797578 981.404453 981.926023 984.741432 985.414766 986.004311 0.000000 0.000000
0.000000 0.000000 68.734679 69.738711 68.253201 71.228669 70.518678 69.827623 70.173141 69.001478 69.923358 72.155810 69.902778 69.966093 69.483510 69.009655 66.772514 66.054658 69.090688 0.000000 0.000000
0.000000 0.000000 932.582595 939.747028 919.120298 908.633688 912.805716 901.939936 901.163097 902.583077 896.126237 897.080243 902.097634 905.574493 909.152101 921.266112 928.596155 929.146992 933.584992 0.000000 0.000000
0.000000 0.000000 6241.537935 6223.928166 6224.603282 6180.554911 6145.982605 6129.296350 6123.141927 6116.225851 6123.100197 6129.901778 6131.791586 6120.373911 6143.631729 6153.439098 6171.963230 6185.423867 6187.206640 0.000000 0.000000
0.000000 0.000000 8667.045257 8665.055237 8655.077067 8656.575048 8628.172612 8611.680551 8614.432331 8612.776457 8605.182396 8599.086281 8596.927517 8600.253460 8603.216877 8635.408088 8634.444353 8644.985647 8644.933547 0.000000 0.000000
0.000000 0.000000 10633.382746 10626.799823 10619.256823 10603.585049 10594.722719 10547.412029 10543.725618 10538.969447 10538.962824 10542.659872 10541.941284 10543.181597 10584.173671 10590.016902 10602.224710 10608.330012 10612.592620 0.000000 0.000000
0.000000 0.000000 13013.793453 13008.583932 12998.631202 12972.599753 12959.879835 12952.636404 12948.565626 12945.687968 12943.381582 12941.360475 12939.552682 12946.532709 12943.586106 12959.098967 12978.541915 12976.542602 12983.194390 0.000000 0.000000
0.000000 0.000000 16028.906552 16019.882943 16005.237056 15997.261585 15975.157850 15942.159264 15941.845638 15933.092995 15932.661403 15928.158341 15931.441794 15923.310159 15955.913281 15977.548606 15982.546390 15992.199122 15994.487435 0.000000 0.000000
0.000000 0.000000 19672.879067 19656.988201 19642.131145 19632.279139 19608.758803 19581.466254 19573.412112 19571.295229 19564.043752 19569.247642 19576.782355 19573.927225 19584.811442 19614.269023 19626.648928 19634.035906 19632.413781 0.000000 0.000000
0.000000 0.000000 23919.727233 23907.914533 23904.486023 23847.591394 23846.790621 23802.314815 23816.678068 23786.018199 23797.712136 23790.684444 23773.536647 23789.711091 23812.352560 23819.928438 23842.818602 23850.399661 23874.889088 0.000000 0.000000
0.000000 0.000000 28829.085750 28802.226488 28765.249307 28763.005587 28743.372477 28690.487563 28675.621313 28682.429559 28689.658348 28671.661085 28681.313879 28671.332191 28715.409016 28742.776458 28744.802756 28756.500088 28791.037358 0.000000 0.000000
0.000000 0.000000 33640.413796 33620.741633 33625.037699 33589.735874 33559.672648 33441.280598 33426.769797 33418.634338 33360.540344 33403.157491 33404.628007 33414.842837 33502.514852 33517.296305 33571.845978 33580.044227 33563.687538 0.000000 0.000000
0.000000 0.000000 37946.390693 37952.574142 37915.523790 37903.864830 37789.730909 37890.186746 37859.580364 37857.105826 37889.237508 37858.048681 37854.494356 37834.881654 37748.658285 37884.385055 37874.557861 37906.554896 37921.615200 0.000000 0.000000
0.000000 0.000000 40503.692669 40493.854682 40482.201342 40421.860184 40467.530537 40424.005412 40413.733296 40414.625923 40397.730949 40395.010902 40402.877484 40404.186561 40437.336100 40385.644256 40476.167295 40450.552792 40442.795178 0.000000 0.000000
0.000000 0.000000 42124.796452 42121.355316 42071.998828 42101.453331 42097.592105 42097.600020 42121.889856 42110.191761 42123.804248 42116.821965 42107.941871 42119.291655 42113.938621 42125.477890 42058.885234 42131.259406 42125.853316 0.000000 0.000000
0.000000 0.000000 43462.675753 43415.768400 43462.399421 43422.690410 43401.581900 43396.832385 43372.553586 43380.217882 43357.166223 43360.375789 43371.705463 43362.050294 43374.069037 43378.821064 43452.416377 43381.669932 43427.522013 0.000000 0.000000
0.000000 0.000000 43935.577886 44011.772799 44039.188711 44044.473587 44058.649087 44020.313222 44034.129861 44019.333089 44042.734135 44038.349426 44035.109969 44040.440094 44071.083638 44057.316294 44041.247956 44021.750044 43949.945363 0.000000 0.000000
0.000000 0.000000 0.000000 0.000000 0.000000 0.000000 0.000000 0.000000 0.000000 0.000000 0.000000 0.000000 0.000000 0.000000 0.000000 0.000000 0.000000 0.000000 0.000000 0.000000 0.000000
0.000000 0.000000 0.000000 0.000000 0.000000 0.000000 0.000000 0.000000 0.000000 0.000000 0.000000 0.000000 0.000000 0.000000 0.000000 0.000000 0.000000 0.000000 0.000000 0.000000 0.000000