geotop/1.0zi/1.0Montebello/Templates/testdem/maps/_Erotot151).asc
ncols         21
nrows         20
xllcorner     100.000000
yllcorner     100.000000
cellsize      50.000000
NODATA_value  -9999.0
0.000000 0.000000 0.000000 0.000000 0.000000 0.000000 0.000000 0.000000 0.000000 0.000000 0.000000 0.000000 0.000000 0.000000 0.000000 0.000000 0.000000 0.000000 0.000000 0.000000 0.000000
0.000000 0.000000 974.318818 973.666925 972.304055 970.388479 969.022463 968.231270 968.700005 969.383781 969.301561 968.479556 968.437119 968.512984 970.096484 970.619001 973.432370 974.079714 974.666914 0.000000 0.000000
0.000000 0.000000 69.063715 70.064824 68.559690 71.509056 70.833048 70.135055 70.476467 69.297539 70.234625 72.472971 70.211132 70.256282 69.778846 69.295603 67.080937 66.387786 69.453816 0.000000 0.000000
0.000000 0.000000 916.293592 923.660789 902.682107 893.202243 896.748135 886.139818 885.711996 888.605283 880.417251 880.996462 886.082064 890.226802 893.785472 907.000334 912.415634 913.049233 917.774653 0.000000 0.000000
0.000000 0.000000 6029.207425 6011.645595 6013.126000 5968.801568 5935.061252 5918.437511 5913.047159 5906.741164 5912.808397 5919.092654 5921.013917 5909.718116 5933.606588 5941.968823 5961.471770 5974.915564 5976.874536 0.000000 0.000000
0.000000 0.000000 8474.846399 8472.501824 8463.552710 8463.883348 8434.657866 8419.850854 8422.924616 8421.892940 8413.498148 8407.353566 8405.174364 8408.806418 8411.727800 8442.979550 8443.013215 8452.607684 8452.917205 0.000000 0.000000
0.000000 0.000000 10377.098461 10370.630232 10363.666596 10348.395446 10340.302774 10294.573250 10291.303735 10287.489671 10286.120447 10289.695070 10289.120227 10290.640729 10330.074682 10335.842670 10347.171766 10353.020026 10357.551172 0.000000 0.000000
0.000000 0.000000 12666.471716 12661.189901 12651.563557 12626.417197 12613.728218 12605.157302 12601.704562 12599.721967 12596.473642 12593.750380 12592.139425 12599.428579 12598.549591 12613.629565 12632.352404 12630.326497 12637.024169 0.000000 0.000000
0.000000 0.000000 15564.964932 15556.222148 15542.182592 15533.822062 15512.656957 15482.300405 15482.630400 15477.667028 15472.378192 15470.789772 15473.992692 15466.520992 15498.060960 15518.451466 15523.552714 15529.808195 15532.441760 0.000000 0.000000
0.000000 0.000000 19046.354999 19030.957621 19020.367144 19006.960694 18985.125690 18958.195316 18951.934512 18950.513349 18941.465663 18946.311006 18953.580798 18951.430813 18962.357895 18990.595378 19002.728060 19009.402847 19008.227919 0.000000 0.000000
0.000000 0.000000 23098.755667 23087.400069 23081.123717 23029.461242 23028.585152 22986.066981 22996.917014 22971.202546 22977.732329 22972.048216 22959.015177 22974.984971 22994.874851 23004.467495 23026.475329 23032.822701 23056.954654 0.000000 0.000000
0.000000 0.000000 27781.553838 27755.612194 27721.251566 27716.768623 27698.362275 27647.388739 27633.918946 27642.527243 27645.541718 27629.459458 27638.794359 27630.354839 27672.961135 27699.492541 27701.820148 27711.296105 27745.618514 0.000000 0.000000
0.000000 0.000000 32507.361209 32486.946198 32487.611282 32451.431504 32425.041691 32303.777759 32293.350410 32287.909489 32227.049365 32269.171719 32269.385919 32282.489511 32369.486094 32382.938612 32436.860026 32442.455901 32432.042226 0.000000 0.000000
0.000000 0.000000 37028.316758 37033.732968 36994.002293 36981.850140 36856.346193 36959.711090 36926.252541 36925.894655 36956.718305 36924.855282 36922.098777 36901.225908 36812.235428 36962.029261 36950.322535 36984.219442 37001.158448 0.000000 0.000000
0.000000 0.000000 39865.552741 39854.734360 39843.299768 39771.721300 39822.031828 39768.653853 39757.596204 39755.372584 39738.044429 39732.263629 39740.865251 39741.999796 39788.569655 39728.759313 39835.877272 39806.646436 39796.749777 0.000000 0.000000
0.000000 0.000000 41611.333027 41607.294348 41555.079205 41580.234607 41580.823264 41578.012006 41604.843778 41593.164561 41605.203227 41599.440713 41590.237031 41603.365314 41598.281910 41604.374003 41540.098005 41619.108376 41611.457366 0.000000 0.000000
0.000000 0.000000 43031.664232 42983.761540 43023.601615 42987.992071 42967.414026 42962.433479 42940.191371 42947.423061 42924.985089 42928.198611 42938.879120 42930.138822 42941.587815 42945.603462 43014.073059 42950.654006 42997.650232 0.000000 0.000000
0.000000 0.000000 43550.435570 43624.399201 43651.658330 43659.455238 43672.866035 43634.738599 43649.832209 43634.814040 43658.825495 43654.453311 43650.716864 43656.500474 43686.760350 43673.965622 43653.443840 43635.728167 43565.524560 0.000000 0.000000
0.000000 0.000000 0.000000 0.000000 0.000000 0.000000 0.000000 0.000000 0.000000 0.000000 0.000000 0.000000 0.000000 0.000000 0.000000 0.000000 0.000000 0.000000 0.000000 0.000000 0.000000
0.000000 0.000000 0.000000 0.000000 0.000000 0.000000 0.000000 0.000000 0.000000 0.000000 0.000000 0.000000 0.000000 0.000000 0.000000 0.000000 0.000000 0.000000 0.000000 0.000000 0.000000