geotop/1.0zi/1.0Montebello/Templates/testdem/maps/_Erotot4011.asc
ncols         21
nrows         20
xllcorner     100.000000
yllcorner     100.000000
cellsize      50.000000
NODATA_value  -9999.0
0.000000 0.000000 0.000000 0.000000 0.000000 0.000000 0.000000 0.000000 0.000000 0.000000 0.000000 0.000000 0.000000 0.000000 0.000000 0.000000 0.000000 0.000000 0.000000 0.000000 0.000000
0.000000 0.000000 300.982032 300.543978 300.355409 300.207271 300.235345 300.291797 300.328872 300.324404 300.311858 300.317289 300.317167 300.361004 300.230750 300.250542 300.424896 300.332018 300.423447 0.000000 0.000000
0.000000 0.000000 23.677666 24.230849 24.500404 25.209936 24.845094 24.861418 24.435820 24.368404 24.421684 24.795804 24.562301 24.391380 24.880043 24.641189 23.759700 23.199216 23.073623 0.000000 0.000000
0.000000 0.000000 137.513090 138.983442 131.963608 129.328765 130.093359 124.915383 124.092926 123.682792 122.923498 122.445343 123.563930 122.369253 125.272234 130.287947 131.041789 133.410634 136.113187 0.000000 0.000000
0.000000 0.000000 1266.669467 1272.167160 1278.958130 1274.283972 1268.417706 1265.480050 1268.880383 1263.174794 1266.694630 1270.244689 1268.924765 1265.053596 1268.914529 1265.671772 1265.635987 1267.387980 1266.649282 0.000000 0.000000
0.000000 0.000000 2390.237889 2384.693358 2380.160075 2378.582473 2374.752339 2371.241760 2369.455249 2371.864550 2371.066686 2368.197772 2363.764476 2363.871160 2363.263268 2374.950925 2381.078402 2380.550772 2383.861547 0.000000 0.000000
0.000000 0.000000 2972.377272 2967.235428 2962.550450 2955.788295 2947.337902 2933.226981 2934.359681 2930.863251 2933.935551 2933.532342 2936.195669 2938.153679 2951.624369 2957.973601 2965.568266 2969.388391 2972.632610 0.000000 0.000000
0.000000 0.000000 3402.315218 3402.831560 3403.004494 3398.922788 3398.805473 3395.947153 3396.675298 3397.239091 3394.665903 3394.828557 3393.658212 3391.428964 3393.731425 3397.395484 3398.729456 3398.030663 3398.940264 0.000000 0.000000
0.000000 0.000000 3989.484553 3989.020330 3985.711722 3985.137477 3981.801640 3973.455090 3973.759197 3971.933535 3972.538502 3973.070702 3971.724738 3971.535146 3976.098327 3983.219327 3983.120459 3984.125904 3987.612868 0.000000 0.000000
0.000000 0.000000 4655.287717 4653.821384 4653.209099 4650.253763 4643.175725 4639.374032 4640.906119 4640.153872 4640.024287 4639.905197 4638.843406 4636.291986 4642.593857 4648.363325 4650.670552 4651.259910 4652.430263 0.000000 0.000000
0.000000 0.000000 5356.224986 5354.647207 5352.416616 5351.026917 5350.230136 5341.153633 5341.539405 5339.124558 5339.295396 5339.906741 5338.615649 5337.315110 5341.073987 5343.139060 5347.474170 5349.195911 5351.997500 0.000000 0.000000
0.000000 0.000000 6083.019708 6081.826229 6079.298943 6073.503670 6070.038528 6063.355022 6062.507629 6062.093919 6062.094045 6061.156483 6060.582169 6059.555973 6067.533366 6072.781295 6075.966354 6076.718958 6093.068571 0.000000 0.000000
0.000000 0.000000 6808.067593 6806.301142 6803.550860 6801.508993 6796.003881 6779.955073 6780.273204 6778.692503 6778.474123 6778.837725 6777.107748 6776.580753 6789.647793 6796.967610 6799.825860 6801.049401 6803.134712 0.000000 0.000000
0.000000 0.000000 7579.144688 7576.540068 7573.520178 7570.442105 7555.170048 7563.190609 7558.084183 7557.113766 7557.445948 7557.378213 7556.052181 7554.919748 7548.976845 7564.663291 7568.204292 7572.858126 7572.563744 0.000000 0.000000
0.000000 0.000000 8397.842925 8392.899401 8388.202067 8379.038475 8377.472583 8363.471531 8356.159195 8354.660270 8350.545673 8349.769537 8350.493568 8347.228537 8356.488426 8363.908071 8382.202383 8377.942282 8379.011649 0.000000 0.000000
0.000000 0.000000 9207.186482 9206.900967 9188.850680 9192.192001 9193.394101 9193.423076 9195.757396 9195.723169 9198.112187 9197.834837 9194.697309 9198.044218 9194.947236 9193.467893 9183.549429 9203.006665 9206.955204 0.000000 0.000000
0.000000 0.000000 10122.769006 10103.724664 10095.548432 10089.469537 10077.872907 10073.338682 10071.921208 10071.333823 10067.879591 10067.909148 10067.542150 10064.238057 10067.250204 10081.601055 10093.456335 10093.890606 10113.418494 0.000000 0.000000
0.000000 0.000000 10809.893237 10811.855516 10829.088232 10821.205654 10817.075576 10799.994849 10798.768291 10796.307431 10797.428483 10796.941735 10795.282590 10794.969353 10810.949488 10818.499086 10828.891197 10806.747706 10809.278015 0.000000 0.000000
0.000000 0.000000 0.000000 0.000000 0.000000 0.000000 0.000000 0.000000 0.000000 0.000000 0.000000 0.000000 0.000000 0.000000 0.000000 0.000000 0.000000 0.000000 0.000000 0.000000 0.000000
0.000000 0.000000 0.000000 0.000000 0.000000 0.000000 0.000000 0.000000 0.000000 0.000000 0.000000 0.000000 0.000000 0.000000 0.000000 0.000000 0.000000 0.000000 0.000000 0.000000 0.000000