geotop/1.0zi/1.0Montebello/Templates/testdem/maps/_Erotot9540.asc
ncols         21
nrows         20
xllcorner     100.000000
yllcorner     100.000000
cellsize      50.000000
NODATA_value  -9999.0
0.000000 0.000000 0.000000 0.000000 0.000000 0.000000 0.000000 0.000000 0.000000 0.000000 0.000000 0.000000 0.000000 0.000000 0.000000 0.000000 0.000000 0.000000 0.000000 0.000000 0.000000
0.000000 0.000000 792.279532 792.374862 791.143054 790.678902 789.142612 788.648816 788.787272 788.812660 789.226553 788.606972 788.455614 788.493266 789.475394 790.125365 791.478547 792.718659 793.363028 0.000000 0.000000
0.000000 0.000000 59.399462 58.019813 58.370988 58.129597 58.846226 58.403069 58.007739 57.897492 58.066094 58.372435 58.455032 58.538781 58.431638 57.944497 56.856339 55.936177 56.807962 0.000000 0.000000
0.000000 0.000000 515.010755 518.762727 504.711654 499.108165 498.387755 490.720872 497.470115 499.562283 496.008381 496.256178 501.173001 500.524962 509.084165 517.675888 520.455651 518.769439 524.595765 0.000000 0.000000
0.000000 0.000000 4348.037616 4341.946142 4336.931767 4301.506675 4274.161436 4260.775003 4253.245357 4246.933221 4254.408212 4260.887022 4259.074321 4254.180423 4273.929931 4280.338770 4298.416411 4309.287204 4310.323671 0.000000 0.000000
0.000000 0.000000 6553.760810 6548.379155 6543.371547 6546.035870 6521.062873 6508.824646 6512.429637 6511.688149 6507.157862 6500.842776 6499.378342 6503.840256 6503.960836 6530.505324 6531.003370 6538.871477 6541.159209 0.000000 0.000000
0.000000 0.000000 8054.730718 8049.575065 8045.537796 8033.615222 8025.677197 7987.136256 7990.198912 7987.560493 7986.921461 7991.445148 7992.287550 7993.943893 8027.661692 8032.927245 8042.717727 8045.557695 8050.891428 0.000000 0.000000
0.000000 0.000000 9629.803007 9627.188440 9621.809478 9608.878062 9600.907279 9597.644764 9597.712692 9595.737030 9595.694503 9591.713004 9590.906706 9598.224166 9596.742754 9607.249217 9622.613674 9620.138200 9626.532337 0.000000 0.000000
0.000000 0.000000 11644.174277 11639.108516 11631.609281 11627.891959 11610.536230 11588.162540 11591.694527 11587.447960 11583.939239 11583.700758 11587.013986 11580.836494 11606.832985 11621.889841 11624.547846 11628.245365 11631.074589 0.000000 0.000000
0.000000 0.000000 13990.620839 13983.224134 13979.727813 13971.635716 13946.901273 13932.508974 13932.498912 13930.757445 13926.387970 13931.189317 13934.871354 13934.667432 13942.553950 13963.710298 13972.673399 13976.758184 13976.490634 0.000000 0.000000
0.000000 0.000000 16613.327193 16610.906965 16608.520879 16575.869113 16568.729776 16543.641582 16552.665151 16534.883332 16540.765119 16536.894576 16529.271096 16541.236407 16556.973691 16562.007777 16578.364912 16583.893746 16600.687361 0.000000 0.000000
0.000000 0.000000 19550.419373 19538.434457 19519.966099 19518.276993 19498.645471 19470.124584 19469.775395 19471.897629 19479.226531 19464.047491 19473.125097 19470.553331 19500.043402 19515.377523 19517.521759 19523.157591 19550.113538 0.000000 0.000000
0.000000 0.000000 22683.340335 22675.904836 22678.571132 22649.112772 22636.992114 22556.892361 22554.345052 22553.169813 22518.087279 22541.502223 22544.368646 22553.106265 22611.001025 22621.987736 22655.960719 22656.430107 22662.112208 0.000000 0.000000
0.000000 0.000000 26415.541159 26417.269589 26390.600750 26382.070130 26273.810197 26328.001449 26303.330015 26305.147507 26323.873802 26307.982503 26306.836766 26293.742826 26241.351269 26363.616774 26364.911296 26396.063517 26411.043276 0.000000 0.000000
0.000000 0.000000 30455.860766 30440.751179 30422.584954 30298.466047 30361.115770 30282.342386 30260.293679 30254.086358 30225.341276 30213.826401 30227.797826 30230.163549 30306.189807 30243.147005 30418.824229 30373.539362 30363.763620 0.000000 0.000000
0.000000 0.000000 34052.623951 34047.242464 33899.644639 33987.891966 33964.843624 33974.186672 34051.301365 34029.575190 34068.479948 34061.573113 34033.648630 34070.863536 34048.070181 34071.125420 33880.415603 34115.309549 34106.142786 0.000000 0.000000
0.000000 0.000000 37334.198476 37197.559305 37268.729112 37206.383374 37135.280657 37116.700599 37062.501811 37078.501866 37026.519576 37034.166559 37063.512075 37034.857535 37073.974307 37117.452710 37264.265888 37130.387922 37276.251633 0.000000 0.000000
0.000000 0.000000 38214.362050 38309.987481 38405.664073 38401.254201 38401.268826 38322.830789 38335.757925 38309.350807 38348.416059 38341.477345 38340.645699 38346.577390 38408.818385 38411.590649 38417.899768 38333.562880 38239.267380 0.000000 0.000000
0.000000 0.000000 0.000000 0.000000 0.000000 0.000000 0.000000 0.000000 0.000000 0.000000 0.000000 0.000000 0.000000 0.000000 0.000000 0.000000 0.000000 0.000000 0.000000 0.000000 0.000000
0.000000 0.000000 0.000000 0.000000 0.000000 0.000000 0.000000 0.000000 0.000000 0.000000 0.000000 0.000000 0.000000 0.000000 0.000000 0.000000 0.000000 0.000000 0.000000 0.000000 0.000000