geotop/1.0zi/1.0Montebello/Templates/testdem/maps/_Erotot9797.asc
ncols         21
nrows         20
xllcorner     100.000000
yllcorner     100.000000
cellsize      50.000000
NODATA_value  -9999.0
0.000000 0.000000 0.000000 0.000000 0.000000 0.000000 0.000000 0.000000 0.000000 0.000000 0.000000 0.000000 0.000000 0.000000 0.000000 0.000000 0.000000 0.000000 0.000000 0.000000 0.000000
0.000000 0.000000 812.026191 812.176592 810.996305 810.533361 808.960760 808.522974 808.619235 808.677979 809.031697 808.471034 808.330062 808.364046 809.329429 809.912223 811.272984 812.507852 813.158240 0.000000 0.000000
0.000000 0.000000 61.269732 59.921112 60.215121 59.993393 60.727634 60.235241 59.872324 59.718165 59.954750 60.110558 60.281351 60.354767 60.240840 59.755154 58.731203 57.834381 58.621964 0.000000 0.000000
0.000000 0.000000 536.533646 540.383296 525.967147 518.503708 517.933482 509.931961 517.000081 518.945872 515.048927 515.963755 520.264906 519.670781 528.503840 539.043964 541.948232 540.462448 545.913757 0.000000 0.000000
0.000000 0.000000 4537.376976 4530.952783 4527.092875 4488.119916 4462.005334 4446.446693 4438.923105 4432.642193 4438.532278 4444.083810 4444.032579 4437.710261 4458.718311 4465.327460 4484.385051 4495.654108 4496.816297 0.000000 0.000000
0.000000 0.000000 6753.895853 6747.596747 6742.867607 6745.129473 6716.964704 6704.217576 6707.965794 6706.778815 6701.340219 6694.777132 6692.604213 6696.931265 6698.639193 6725.943249 6726.064664 6733.538184 6735.390075 0.000000 0.000000
0.000000 0.000000 8294.578514 8288.424577 8284.558885 8271.472170 8264.619473 8227.870451 8227.190254 8223.863309 8222.276280 8226.280642 8226.801264 8227.882453 8263.674753 8268.051496 8277.695081 8280.644832 8285.759974 0.000000 0.000000
0.000000 0.000000 9941.913036 9937.754920 9931.015747 9915.203957 9904.670252 9900.461117 9901.053742 9898.506223 9897.418228 9893.378651 9892.701300 9899.721880 9898.565316 9910.196338 9926.033213 9923.635244 9929.915482 0.000000 0.000000
0.000000 0.000000 12033.697320 12027.238595 12018.309834 12012.344940 11994.688772 11971.509592 11974.710517 11970.285054 11966.085840 11965.613728 11968.900740 11962.184015 11989.760350 12005.579208 12008.504379 12012.310285 12014.840740 0.000000 0.000000
0.000000 0.000000 14482.681918 14472.233819 14467.804425 14458.400906 14442.407940 14422.311357 14421.186758 14418.682666 14413.068292 14417.448610 14420.877490 14419.943236 14429.175060 14451.197255 14459.770593 14463.953854 14463.183426 0.000000 0.000000
0.000000 0.000000 17229.533906 17224.219315 17220.385462 17184.527848 17183.964441 17154.509384 17162.984720 17143.996778 17148.978633 17144.553912 17136.444241 17148.051159 17165.317923 17171.062961 17187.507762 17190.914948 17209.812685 0.000000 0.000000
0.000000 0.000000 20320.738362 20304.690165 20283.858427 20280.694356 20267.837417 20233.502687 20231.822972 20233.425637 20239.543164 20223.194091 20231.739600 20228.016305 20259.964756 20276.611861 20278.947399 20285.264391 20311.996027 0.000000 0.000000
0.000000 0.000000 23623.847606 23612.305174 23613.861686 23590.430066 23570.035856 23488.531730 23482.768698 23479.690695 23439.189270 23466.217231 23467.604682 23475.807358 23538.267878 23548.336085 23585.765575 23585.205741 23589.802225 0.000000 0.000000
0.000000 0.000000 27567.672006 27566.116724 27535.267653 27519.117405 27407.093268 27470.554203 27441.677893 27442.405722 27462.470561 27442.883934 27440.968777 27425.465458 27364.286650 27496.355004 27495.947295 27528.816318 27544.699711 0.000000 0.000000
0.000000 0.000000 31738.828789 31726.201739 31706.202971 31574.906324 31651.238401 31562.320911 31541.961521 31533.428554 31501.610427 31490.229113 31504.461044 31506.573984 31586.938974 31506.651102 31691.286393 31642.394721 31630.500946 0.000000 0.000000
0.000000 0.000000 35241.051861 35233.080282 35090.646043 35182.342891 35158.290679 35170.051393 35243.430978 35222.270832 35259.682094 35253.087235 35225.133509 35260.271748 35234.958503 35264.147441 35069.765823 35299.440631 35290.499091 0.000000 0.000000
0.000000 0.000000 38226.824513 38108.161407 38171.773801 38118.584121 38056.359514 38040.840829 37994.819324 38008.722399 37964.054775 37970.779070 37995.485611 37971.439620 38005.831733 38041.877884 38165.802283 38049.649810 38175.927242 0.000000 0.000000
0.000000 0.000000 39135.949407 39210.953109 39290.084911 39283.353565 39279.797832 39215.044030 39223.494317 39201.563803 39231.507713 39226.145066 39227.113953 39229.477658 39281.939583 39287.733147 39298.740517 39225.034782 39151.610175 0.000000 0.000000
0.000000 0.000000 0.000000 0.000000 0.000000 0.000000 0.000000 0.000000 0.000000 0.000000 0.000000 0.000000 0.000000 0.000000 0.000000 0.000000 0.000000 0.000000 0.000000 0.000000 0.000000
0.000000 0.000000 0.000000 0.000000 0.000000 0.000000 0.000000 0.000000 0.000000 0.000000 0.000000 0.000000 0.000000 0.000000 0.000000 0.000000 0.000000 0.000000 0.000000 0.000000 0.000000