geotop/1.0zi/1.0Montebello/Templates/testdem/maps/_Erotot9455.asc
ncols         21
nrows         20
xllcorner     100.000000
yllcorner     100.000000
cellsize      50.000000
NODATA_value  -9999.0
0.000000 0.000000 0.000000 0.000000 0.000000 0.000000 0.000000 0.000000 0.000000 0.000000 0.000000 0.000000 0.000000 0.000000 0.000000 0.000000 0.000000 0.000000 0.000000 0.000000 0.000000
0.000000 0.000000 791.788230 791.889795 790.662913 790.200868 788.671868 788.185582 788.320382 788.349087 788.760009 788.140821 787.992295 788.028136 789.002640 789.649208 790.997536 792.231024 792.870363 0.000000 0.000000
0.000000 0.000000 59.408355 58.026254 58.382271 58.146085 58.862182 58.420710 58.025801 57.914510 58.087656 58.391198 58.465015 58.554593 58.447018 57.957799 56.866821 55.942732 56.816568 0.000000 0.000000
0.000000 0.000000 507.746746 511.443073 497.415921 491.824102 491.159867 483.517174 490.335205 492.445486 488.876444 489.099691 493.862190 493.326565 501.875556 510.400775 513.171884 511.446868 517.339768 0.000000 0.000000
0.000000 0.000000 4292.669273 4286.565761 4281.370721 4246.049080 4218.796029 4205.445401 4197.854381 4191.567495 4199.039531 4205.505517 4203.715144 4198.828684 4218.536915 4224.866632 4242.881244 4253.953344 4254.994594 0.000000 0.000000
0.000000 0.000000 6502.328515 6496.924174 6491.958665 6494.489595 6469.620559 6457.440078 6461.051562 6460.311505 6455.774827 6449.454160 6447.925164 6452.432282 6452.502720 6478.941066 6479.590924 6487.417987 6489.728869 0.000000 0.000000
0.000000 0.000000 7985.921904 7980.746326 7976.717309 7964.861976 7956.890547 7918.538739 7921.596050 7918.972437 7918.325739 7922.831310 7923.591618 7925.315594 7958.883985 7964.189616 7973.918733 7976.744672 7982.103659 0.000000 0.000000
0.000000 0.000000 9536.969815 9534.321853 9528.949314 9516.087882 9508.263534 9505.016019 9505.099267 9503.145018 9503.093138 9499.092289 9498.196118 9505.580697 9504.102108 9514.462560 9529.766679 9527.287614 9533.711053 0.000000 0.000000
0.000000 0.000000 11522.619344 11517.531363 11510.055510 11506.393585 11489.197853 11466.996068 11470.531851 11466.322525 11462.812451 11462.553009 11465.752951 11459.680159 11485.508449 11500.408931 11503.020106 11506.706654 11509.569791 0.000000 0.000000
0.000000 0.000000 13834.041137 13826.632605 13823.136322 13815.133146 13790.634592 13776.399946 13776.413976 13774.694565 13770.333454 13775.085452 13778.630188 13778.527042 13786.299746 13807.239412 13816.121278 13820.191271 13819.979193 0.000000 0.000000
0.000000 0.000000 16413.997168 16411.527778 16409.144408 16376.773280 16369.757733 16344.946465 16353.913699 16336.305255 16342.116745 16338.253346 16330.579245 16342.540945 16358.096806 16363.010840 16379.233280 16384.716501 16401.438372 0.000000 0.000000
0.000000 0.000000 19298.292786 19286.377750 19268.078326 19266.335358 19247.039209 19218.865035 19218.612837 19220.632582 19227.872687 19212.839190 19221.619178 19219.280331 19248.356548 19263.376199 19265.523917 19271.158858 19297.902993 0.000000 0.000000
0.000000 0.000000 22371.579904 22364.102184 22366.588436 22337.556766 22325.631788 22247.128431 22244.603810 22243.519484 22209.030925 22231.915329 22234.643303 22243.340684 22300.099165 22310.856287 22344.323628 22344.792164 22350.771385 0.000000 0.000000
0.000000 0.000000 26031.224453 26032.766979 26006.529042 25997.829606 25892.142407 25944.366943 25920.218980 25921.971597 25939.859739 25924.526847 25923.291928 25910.722075 25859.991302 25979.398490 25981.050868 26011.629897 26026.442998 0.000000 0.000000
0.000000 0.000000 30015.784360 30000.745518 29982.433575 29860.592891 29920.555279 29843.821691 29821.724137 29815.691354 29787.672921 29776.041416 29789.520891 29791.840524 29865.938982 29805.707380 29978.312783 29934.226495 29924.957966 0.000000 0.000000
0.000000 0.000000 33622.010141 33616.355854 33467.977037 33554.878219 33533.529191 33541.853294 33619.067135 33597.159957 33635.811598 33628.678990 33600.676835 33638.245850 33616.311529 33637.724389 33448.534160 33683.779838 33674.600688 0.000000 0.000000
0.000000 0.000000 36990.144611 36847.238831 36921.303323 36855.774747 36781.286893 36761.705558 36705.174799 36721.757453 36667.499206 36675.397820 36705.994414 36676.006592 36716.869311 36762.837187 36916.530572 36776.687659 36929.022564 0.000000 0.000000
0.000000 0.000000 37856.922091 37961.680403 38056.406844 38052.987348 38054.487873 37970.831819 37985.640515 37957.406489 37999.997828 37992.385598 37990.572132 37997.987800 38064.124846 38065.863278 38069.594812 37988.436822 37885.002181 0.000000 0.000000
0.000000 0.000000 0.000000 0.000000 0.000000 0.000000 0.000000 0.000000 0.000000 0.000000 0.000000 0.000000 0.000000 0.000000 0.000000 0.000000 0.000000 0.000000 0.000000 0.000000 0.000000
0.000000 0.000000 0.000000 0.000000 0.000000 0.000000 0.000000 0.000000 0.000000 0.000000 0.000000 0.000000 0.000000 0.000000 0.000000 0.000000 0.000000 0.000000 0.000000 0.000000 0.000000