geotop/1.0zi/1.0Montebello/Templates/testdem/maps/_Erotot7903.asc
ncols         21
nrows         20
xllcorner     100.000000
yllcorner     100.000000
cellsize      50.000000
NODATA_value  -9999.0
0.000000 0.000000 0.000000 0.000000 0.000000 0.000000 0.000000 0.000000 0.000000 0.000000 0.000000 0.000000 0.000000 0.000000 0.000000 0.000000 0.000000 0.000000 0.000000 0.000000 0.000000
0.000000 0.000000 662.406671 663.219789 662.686000 662.807565 661.812904 661.986666 661.973885 662.037291 662.469472 661.794869 661.673251 661.725528 662.085224 662.224008 663.043129 663.574517 663.774389 0.000000 0.000000
0.000000 0.000000 51.201977 50.224672 50.148543 50.537742 51.173297 50.855651 50.559845 50.422846 50.654339 51.014811 51.033927 51.184345 50.934851 50.422818 49.145775 48.290129 48.808532 0.000000 0.000000
0.000000 0.000000 354.434554 355.552757 343.491830 337.930654 338.476162 327.162023 327.284546 328.098631 324.438877 322.668273 324.815702 324.955154 335.220425 342.275549 346.896626 349.816657 354.692300 0.000000 0.000000
0.000000 0.000000 3183.287789 3184.468712 3187.155211 3163.926796 3144.577779 3134.031356 3133.257162 3128.589023 3135.435257 3140.565623 3136.034879 3134.651720 3149.614688 3152.938419 3163.486760 3172.306108 3172.114942 0.000000 0.000000
0.000000 0.000000 5062.965874 5057.740179 5054.246317 5048.180907 5033.216824 5023.233425 5024.118695 5023.046023 5019.742088 5014.034279 5013.067981 5016.252144 5015.672838 5035.652389 5043.501921 5050.310846 5053.433782 0.000000 0.000000
0.000000 0.000000 6363.358695 6360.157384 6355.655646 6348.642995 6334.861807 6313.008122 6311.941435 6308.157444 6309.581031 6313.296535 6314.797755 6315.287109 6343.058193 6353.062052 6358.659587 6361.444391 6366.692678 0.000000 0.000000
0.000000 0.000000 7471.377083 7471.432738 7468.439399 7458.357252 7455.892983 7446.509686 7446.695951 7446.516963 7445.550065 7441.587716 7440.899237 7447.126008 7448.980107 7453.848768 7466.358052 7464.922730 7469.924652 0.000000 0.000000
0.000000 0.000000 8926.616710 8921.863732 8915.523352 8914.977436 8903.901316 8888.539200 8889.799906 8885.226781 8883.178852 8882.901629 8885.372117 8879.588666 8898.303715 8912.200105 8914.091400 8917.823515 8919.202858 0.000000 0.000000
0.000000 0.000000 10592.702382 10589.009611 10589.192452 10584.660747 10564.259911 10554.498658 10554.076993 10553.831527 10550.394776 10553.847474 10556.976349 10556.264323 10563.180983 10577.624189 10585.326857 10587.333418 10588.436993 0.000000 0.000000
0.000000 0.000000 12416.439586 12415.364396 12412.376695 12391.789414 12385.922961 12370.019567 12375.776494 12362.389011 12366.530574 12364.714387 12357.752817 12367.755222 12377.287142 12380.202393 12392.865335 12399.970683 12410.694064 0.000000 0.000000
0.000000 0.000000 14392.267506 14383.970653 14375.735101 14372.005074 14361.604210 14341.477553 14337.764141 14338.439451 14345.788926 14334.658523 14338.860953 14338.699784 14361.399783 14370.092665 14373.066647 14377.131263 14400.488302 0.000000 0.000000
0.000000 0.000000 16445.876182 16440.722308 16441.010121 16426.723246 16419.639537 16370.485418 16368.777187 16367.786968 16346.267811 16358.735442 16363.025531 16367.843308 16402.150729 16409.447449 16432.949619 16432.642954 16440.219840 0.000000 0.000000
0.000000 0.000000 18800.517294 18802.691119 18788.828954 18783.789354 18724.921125 18745.472327 18729.541553 18730.777703 18737.455418 18732.472639 18730.252877 18725.341616 18703.897063 18767.530551 18774.114996 18794.525235 18804.243121 0.000000 0.000000
0.000000 0.000000 21440.774551 21431.926409 21422.642400 21357.269843 21371.848836 21339.024255 21319.535355 21316.225378 21304.202765 21293.516945 21299.916608 21298.653392 21335.490980 21324.080694 21417.812302 21399.012772 21396.416900 0.000000 0.000000
0.000000 0.000000 24195.881739 24192.298727 24098.118236 24126.961424 24127.578983 24118.243533 24161.155321 24146.109164 24166.086188 24157.735700 24142.816230 24167.286705 24168.235152 24169.627998 24089.100429 24227.202459 24218.698740 0.000000 0.000000
0.000000 0.000000 27487.049279 27349.550202 27385.204128 27338.874759 27266.744624 27251.527620 27212.748445 27224.106193 27180.722114 27185.045657 27207.620469 27188.465793 27221.731359 27267.165364 27382.140142 27302.028364 27447.996055 0.000000 0.000000
0.000000 0.000000 28764.137395 28896.278317 29022.831606 29024.207459 29027.611819 28917.157589 28934.671880 28898.145198 28953.198519 28942.996955 28939.514108 28950.944645 29042.409976 29041.189170 29046.065689 28941.645544 28810.577509 0.000000 0.000000
0.000000 0.000000 0.000000 0.000000 0.000000 0.000000 0.000000 0.000000 0.000000 0.000000 0.000000 0.000000 0.000000 0.000000 0.000000 0.000000 0.000000 0.000000 0.000000 0.000000 0.000000
0.000000 0.000000 0.000000 0.000000 0.000000 0.000000 0.000000 0.000000 0.000000 0.000000 0.000000 0.000000 0.000000 0.000000 0.000000 0.000000 0.000000 0.000000 0.000000 0.000000 0.000000