geotop/1.0zi/1.0Montebello/Templates/testdem/maps/_Erotot3764.asc
ncols         21
nrows         20
xllcorner     100.000000
yllcorner     100.000000
cellsize      50.000000
NODATA_value  -9999.0
0.000000 0.000000 0.000000 0.000000 0.000000 0.000000 0.000000 0.000000 0.000000 0.000000 0.000000 0.000000 0.000000 0.000000 0.000000 0.000000 0.000000 0.000000 0.000000 0.000000 0.000000
0.000000 0.000000 278.687753 278.203418 277.958674 277.807764 277.833997 277.889038 277.923420 277.922079 277.907635 277.913501 277.913104 277.955512 277.828081 277.849579 278.028477 277.991760 278.129931 0.000000 0.000000
0.000000 0.000000 22.204352 22.764386 23.049933 23.788069 23.380131 23.385163 22.969520 22.895514 22.959007 23.317752 23.066768 22.891839 23.326308 23.146942 22.307478 21.748102 21.614379 0.000000 0.000000
0.000000 0.000000 136.414976 137.427143 130.568196 128.153555 129.125810 123.977164 123.149224 122.769107 122.070966 121.643534 122.832970 121.357822 123.730301 128.908382 129.752003 132.090540 135.010421 0.000000 0.000000
0.000000 0.000000 1246.128118 1253.904451 1259.613834 1251.457548 1241.887435 1235.748291 1238.994150 1233.030292 1238.407693 1240.876083 1242.312608 1243.123165 1250.758114 1245.662161 1246.042768 1246.450687 1245.001748 0.000000 0.000000
0.000000 0.000000 2307.961841 2302.668715 2297.644302 2295.365764 2286.569757 2281.630235 2279.027964 2281.076297 2279.433991 2278.417273 2278.593438 2281.129456 2281.893450 2294.266171 2298.732022 2298.400936 2301.514552 0.000000 0.000000
0.000000 0.000000 2778.827183 2774.655868 2769.493971 2760.736914 2750.725082 2737.227572 2738.385535 2735.340579 2738.339226 2737.721649 2739.857465 2744.810730 2759.616237 2765.255981 2771.936044 2775.452079 2778.532360 0.000000 0.000000
0.000000 0.000000 3201.779588 3202.925720 3202.598652 3197.313343 3195.309710 3191.522598 3192.045551 3192.513400 3190.203491 3190.530095 3190.478025 3190.320808 3193.996552 3197.648766 3198.586128 3197.429992 3198.120687 0.000000 0.000000
0.000000 0.000000 3756.673534 3756.866124 3753.048156 3751.001647 3745.254248 3735.715635 3735.760046 3733.851649 3734.680932 3735.373466 3735.642510 3737.916290 3744.235017 3751.217887 3750.624014 3751.260605 3754.519758 0.000000 0.000000
0.000000 0.000000 4379.152003 4378.418443 4377.312926 4372.745406 4362.956768 4357.910309 4359.161712 4358.336329 4358.418929 4358.514502 4359.268919 4359.472025 4367.555938 4373.151194 4374.818831 4375.002228 4375.934361 0.000000 0.000000
0.000000 0.000000 5032.034936 5031.182753 5028.467479 5025.414716 5021.791410 5011.479741 5011.574907 5009.106752 5009.489421 5010.334942 5010.964038 5012.490156 5018.044324 5019.926110 5023.588366 5024.896381 5027.434522 0.000000 0.000000
0.000000 0.000000 5706.916282 5706.467988 5703.459349 5696.027445 5689.696683 5681.726694 5680.591363 5680.113905 5680.309943 5679.649629 5681.084211 5682.981752 5692.676013 5697.665542 5700.162533 5700.504917 5716.447034 0.000000 0.000000
0.000000 0.000000 6378.971874 6377.961901 6374.731398 6370.969007 6362.585159 6345.948246 6345.946546 6344.316916 6344.324807 6344.964787 6345.641379 6348.039780 6361.872687 6368.916214 6371.070440 6371.883447 6373.740795 0.000000 0.000000
0.000000 0.000000 7093.460972 7091.648882 7088.213747 7083.617232 7066.571167 7072.958386 7067.638339 7066.609060 7067.145536 7067.388110 7068.094321 7069.725600 7065.607242 7080.086627 7082.916504 7087.092816 7086.600138 0.000000 0.000000
0.000000 0.000000 7851.413303 7847.183903 7842.243015 7832.132431 7827.596960 7812.525322 7805.062591 7803.538226 7799.769281 7799.289956 7802.025586 7801.711575 7812.530737 7819.729167 7836.366262 7831.811810 7832.631044 0.000000 0.000000
0.000000 0.000000 8596.345758 8596.882007 8579.806852 8581.218327 8579.106877 8577.481676 8579.297043 8579.152046 8581.627146 8581.701652 8581.012937 8587.210798 8586.202883 8584.794251 8574.556341 8591.856921 8595.400937 0.000000 0.000000
0.000000 0.000000 9439.534379 9423.503400 9415.315773 9407.484286 9393.046419 9387.080183 9385.323851 9384.704944 9381.675528 9382.036172 9383.902640 9384.037379 9388.923693 9402.489722 9413.202752 9413.086848 9430.260246 0.000000 0.000000
0.000000 0.000000 10076.025753 10078.455429 10093.493347 10083.885290 10076.632172 10059.214092 10057.682068 10055.264751 10056.434695 10056.351701 10057.150514 10059.899098 10076.610650 10083.812939 10092.983291 10072.292869 10074.619564 0.000000 0.000000
0.000000 0.000000 0.000000 0.000000 0.000000 0.000000 0.000000 0.000000 0.000000 0.000000 0.000000 0.000000 0.000000 0.000000 0.000000 0.000000 0.000000 0.000000 0.000000 0.000000 0.000000
0.000000 0.000000 0.000000 0.000000 0.000000 0.000000 0.000000 0.000000 0.000000 0.000000 0.000000 0.000000 0.000000 0.000000 0.000000 0.000000 0.000000 0.000000 0.000000 0.000000 0.000000