geotop/1.0zi/1.0Montebello/Templates/testdem/maps/_Erotot3516.asc
ncols         21
nrows         20
xllcorner     100.000000
yllcorner     100.000000
cellsize      50.000000
NODATA_value  -9999.0
0.000000 0.000000 0.000000 0.000000 0.000000 0.000000 0.000000 0.000000 0.000000 0.000000 0.000000 0.000000 0.000000 0.000000 0.000000 0.000000 0.000000 0.000000 0.000000 0.000000 0.000000
0.000000 0.000000 373.151795 373.154651 373.158197 373.277180 373.144708 373.150482 373.124135 373.164105 373.178804 373.164105 373.124135 373.150482 373.144708 373.277180 373.158197 373.154651 373.151795 0.000000 0.000000
0.000000 0.000000 11.459760 11.221196 9.465132 11.146830 11.463080 11.388583 11.507803 11.404096 11.771631 11.404096 11.507803 11.388583 11.463080 11.146830 9.465132 11.221196 11.459760 0.000000 0.000000
0.000000 0.000000 2753.623888 2753.358611 2753.501712 2751.669715 2753.542234 2752.828851 2752.640430 2753.430735 2753.563721 2753.430735 2752.640430 2752.828851 2753.542234 2751.669715 2753.501712 2753.358611 2753.623888 0.000000 0.000000
0.000000 0.000000 5219.655369 5219.479052 5218.779973 5219.357509 5219.892715 5219.724844 5219.704941 5219.806673 5219.833042 5219.806673 5219.704941 5219.724844 5219.892715 5219.357509 5218.779973 5219.479052 5219.655369 0.000000 0.000000
0.000000 0.000000 6761.093717 6760.913915 6760.306264 6760.440708 6761.229708 6760.819728 6760.799519 6761.075741 6761.300943 6761.075741 6760.799519 6760.819728 6761.229708 6760.440708 6760.306264 6760.913915 6761.093717 0.000000 0.000000
0.000000 0.000000 8711.305748 8711.164101 8710.615521 8710.735391 8711.417721 8711.056056 8711.041562 8711.281345 8711.504611 8711.281345 8711.041562 8711.056056 8711.417721 8710.735391 8710.615521 8711.164101 8711.305748 0.000000 0.000000
0.000000 0.000000 10510.591203 10510.477867 10509.980075 10510.103202 10510.686324 10510.373095 10510.361885 10510.573255 10510.774298 10510.573255 10510.361885 10510.373095 10510.686324 10510.103202 10509.980075 10510.477867 10510.591203 0.000000 0.000000
0.000000 0.000000 12161.229757 12161.130423 12160.667996 12160.789404 12161.323003 12161.038498 12161.026533 12161.221760 12161.410756 12161.221760 12161.026533 12161.038498 12161.323003 12160.789404 12160.667996 12161.130423 12161.229757 0.000000 0.000000
0.000000 0.000000 13691.516652 13691.445840 13691.002578 13691.160448 13691.604469 13691.348616 13691.341284 13691.515448 13691.687381 13691.515448 13691.341284 13691.348616 13691.604469 13691.160448 13691.002578 13691.445840 13691.516652 0.000000 0.000000
0.000000 0.000000 15112.078282 15112.001614 15111.587367 15111.720144 15112.169102 15111.921675 15111.912035 15112.083942 15112.245657 15112.083942 15111.912035 15111.921675 15112.169102 15111.720144 15111.587367 15112.001614 15112.078282 0.000000 0.000000
0.000000 0.000000 16449.001335 16448.928347 16448.542186 16448.670032 16449.102659 16448.868717 16448.856035 16449.026103 16449.177041 16449.026103 16448.856035 16448.868717 16449.102659 16448.670032 16448.542186 16448.928347 16449.001335 0.000000 0.000000
0.000000 0.000000 17711.125189 17711.058603 17710.685176 17710.813903 17711.222211 17711.001081 17710.989262 17711.154194 17711.295177 17711.154194 17710.989262 17711.001081 17711.222211 17710.813903 17710.685176 17711.058603 17711.125189 0.000000 0.000000
0.000000 0.000000 18912.544663 18912.485924 18912.127468 18912.271770 18912.641159 18912.430481 18912.420952 18912.577580 18912.711383 18912.577580 18912.420952 18912.430481 18912.641159 18912.271770 18912.127468 18912.485924 18912.544663 0.000000 0.000000
0.000000 0.000000 20057.584844 20057.521504 20057.171666 20057.303569 20057.673558 20057.476665 20057.469713 20057.624363 20057.751200 20057.624363 20057.469713 20057.476665 20057.673558 20057.303569 20057.171666 20057.521504 20057.584844 0.000000 0.000000
0.000000 0.000000 21149.142989 21149.082310 21148.746329 21148.870326 21149.225574 21149.033993 21149.026430 21149.174182 21149.296386 21149.174182 21149.026430 21149.033993 21149.225574 21148.870326 21148.746329 21149.082310 21149.142985 0.000000 0.000000
0.000000 0.000000 22195.377454 22195.317847 22194.988336 22195.115547 22195.453596 22195.268934 22195.261733 22195.404704 22195.519517 22195.404704 22195.261733 22195.268934 22195.453596 22195.115547 22194.988335 22195.317826 22195.377347 0.000000 0.000000
0.000000 0.000000 23249.128807 23249.612744 23249.293275 23249.415978 23249.744919 23249.567006 23249.559181 23249.697395 23249.808104 23249.697395 23249.559181 23249.567006 23249.744919 23249.415978 23249.293257 23249.609434 23249.665794 0.000000 0.000000
0.000000 0.000000 0.000000 0.000000 0.000000 0.000000 0.000000 0.000000 0.000000 0.000000 0.000000 0.000000 0.000000 0.000000 0.000000 0.000000 0.000000 0.000000 0.000000 0.000000 0.000000
0.000000 0.000000 0.000000 0.000000 0.000000 0.000000 0.000000 0.000000 0.000000 0.000000 0.000000 0.000000 0.000000 0.000000 0.000000 0.000000 0.000000 0.000000 0.000000 0.000000 0.000000