geotop/1.0zi/1.0Montebello/Templates/testdem/maps/_Erotot3676.asc
ncols         21
nrows         20
xllcorner     100.000000
yllcorner     100.000000
cellsize      50.000000
NODATA_value  -9999.0
0.000000 0.000000 0.000000 0.000000 0.000000 0.000000 0.000000 0.000000 0.000000 0.000000 0.000000 0.000000 0.000000 0.000000 0.000000 0.000000 0.000000 0.000000 0.000000 0.000000 0.000000
0.000000 0.000000 267.395032 266.919166 266.667467 266.521111 266.549403 266.607377 266.639480 266.637765 266.623766 266.630169 266.630889 266.671712 266.543665 266.563022 266.736991 266.707321 266.837009 0.000000 0.000000
0.000000 0.000000 21.526853 22.029630 22.241246 22.937527 22.966415 22.671482 22.793906 22.715614 22.779364 22.978751 22.629905 22.542232 22.535372 22.463112 21.731730 21.287098 21.199924 0.000000 0.000000
0.000000 0.000000 135.517893 136.819933 130.208294 127.907783 128.346625 123.429817 122.055365 121.689885 120.963439 120.711421 122.047271 120.669641 123.010443 128.042152 128.820398 131.073646 133.905406 0.000000 0.000000
0.000000 0.000000 1235.609497 1236.071561 1235.375444 1222.169929 1211.603279 1207.139089 1210.347228 1205.132590 1211.756547 1212.484287 1213.107837 1213.943607 1222.822127 1226.719369 1236.706774 1238.819020 1237.531468 0.000000 0.000000
0.000000 0.000000 2222.655027 2219.193256 2215.978900 2213.870332 2204.300405 2199.756593 2198.315948 2200.492312 2198.227047 2197.460532 2196.478764 2198.007545 2201.580990 2211.267621 2213.220024 2213.321482 2216.517347 0.000000 0.000000
0.000000 0.000000 2701.901978 2696.860823 2691.458730 2682.692696 2672.651354 2659.593644 2660.830439 2657.828692 2660.866500 2660.143816 2662.141712 2666.831569 2681.637408 2687.385139 2694.956674 2699.275732 2702.397709 0.000000 0.000000
0.000000 0.000000 3112.676590 3112.338952 3111.378065 3105.987438 3104.130810 3100.627741 3101.273166 3101.793083 3099.596120 3099.761021 3099.521291 3099.045834 3102.666894 3106.909265 3109.561304 3109.210864 3109.850470 0.000000 0.000000
0.000000 0.000000 3652.623916 3651.309420 3646.926361 3644.551850 3638.652948 3629.608811 3629.871996 3628.077038 3629.048185 3629.483070 3629.419570 3631.352804 3637.974577 3645.521412 3646.611054 3648.041671 3651.201432 0.000000 0.000000
0.000000 0.000000 4259.126316 4256.689068 4254.893125 4249.944425 4240.076405 4235.589812 4237.081272 4236.397103 4236.648844 4236.438898 4236.813288 4236.581808 4244.934731 4251.251550 4254.861044 4255.999151 4256.902257 0.000000 0.000000
0.000000 0.000000 4894.167831 4891.455762 4887.962911 4884.460696 4880.751473 4871.069885 4871.431008 4869.132086 4869.700635 4870.200875 4870.420950 4871.457190 4877.322957 4880.034429 4885.799840 4888.128673 4890.629986 0.000000 0.000000
0.000000 0.000000 5549.685817 5547.257391 5543.429446 5535.573661 5529.196382 5521.892811 5521.059257 5520.746535 5521.137906 5520.126198 5521.107149 5522.471866 5532.429413 5538.263051 5543.022031 5544.443547 5560.298416 0.000000 0.000000
0.000000 0.000000 6201.661272 6198.564821 6194.467503 6190.243898 6181.846473 6166.156526 6166.459073 6165.020084 6165.240638 6165.491181 6165.704382 6167.514185 6181.407248 6189.321604 6193.872160 6195.808055 6197.673520 0.000000 0.000000
0.000000 0.000000 6894.189050 6890.209169 6885.873069 6880.834207 6864.100568 6870.946371 6866.000988 6865.164404 6865.915188 6865.760721 6865.975427 6866.982229 6863.374309 6878.449541 6883.789015 6889.103544 6888.636925 0.000000 0.000000
0.000000 0.000000 7628.677544 7622.294566 7616.507743 7606.308207 7601.556469 7587.191799 7580.138032 7578.825162 7575.325498 7574.447550 7576.637920 7575.713590 7586.904163 7595.181343 7613.909141 7610.582087 7611.455361 0.000000 0.000000
0.000000 0.000000 8349.516175 8347.743472 8330.170032 8330.781957 8328.497563 8327.441415 8329.542669 8329.591500 8332.242624 8331.881060 8330.706383 8336.104020 8335.640591 8335.494299 8328.427223 8346.370650 8349.903668 0.000000 0.000000
0.000000 0.000000 9164.709414 9146.950405 9137.658365 9129.270335 9114.882040 9109.571474 9108.205446 9107.825842 9105.120002 9105.008142 9106.239375 9105.726796 9111.092222 9125.676499 9139.261581 9140.642197 9157.195654 0.000000 0.000000
0.000000 0.000000 9779.868816 9779.360886 9792.351242 9782.150626 9774.792289 9758.541238 9757.432931 9755.298795 9756.651174 9756.101384 9756.326398 9758.233057 9774.987171 9783.454360 9795.601230 9777.237419 9779.902449 0.000000 0.000000
0.000000 0.000000 0.000000 0.000000 0.000000 0.000000 0.000000 0.000000 0.000000 0.000000 0.000000 0.000000 0.000000 0.000000 0.000000 0.000000 0.000000 0.000000 0.000000 0.000000 0.000000
0.000000 0.000000 0.000000 0.000000 0.000000 0.000000 0.000000 0.000000 0.000000 0.000000 0.000000 0.000000 0.000000 0.000000 0.000000 0.000000 0.000000 0.000000 0.000000 0.000000 0.000000