geotop/1.0zi/1.0Montebello/Templates/testdem/maps/_Erotot3039.asc
ncols         21
nrows         20
xllcorner     100.000000
yllcorner     100.000000
cellsize      50.000000
NODATA_value  -9999.0
0.000000 0.000000 0.000000 0.000000 0.000000 0.000000 0.000000 0.000000 0.000000 0.000000 0.000000 0.000000 0.000000 0.000000 0.000000 0.000000 0.000000 0.000000 0.000000 0.000000 0.000000
0.000000 0.000000 333.244515 333.247328 333.250852 333.369656 333.238914 333.243265 333.217630 333.257646 333.273323 333.257646 333.217630 333.243265 333.238914 333.369656 333.250852 333.247328 333.244515 0.000000 0.000000
0.000000 0.000000 12.151039 11.922961 10.167739 11.849725 12.163742 12.093018 12.192176 12.106014 12.458782 12.106014 12.192176 12.093018 12.163742 11.849725 10.167739 11.922961 12.151039 0.000000 0.000000
0.000000 0.000000 2443.023763 2442.683206 2442.965503 2441.154689 2443.071059 2442.593906 2442.541990 2443.446744 2443.586248 2443.446744 2442.541990 2442.593906 2443.071059 2441.154689 2442.965503 2442.683206 2443.023763 0.000000 0.000000
0.000000 0.000000 4609.165455 4608.997304 4608.333542 4608.913800 4609.457460 4609.328493 4609.286971 4609.424224 4609.423897 4609.424224 4609.286971 4609.328493 4609.457460 4608.913800 4608.333542 4608.997304 4609.165455 0.000000 0.000000
0.000000 0.000000 5986.656905 5986.450865 5985.879543 5986.021879 5986.820225 5986.542195 5986.558341 5986.896633 5987.105637 5986.896633 5986.558341 5986.542195 5986.820225 5986.021879 5985.879543 5986.450865 5986.656905 0.000000 0.000000
0.000000 0.000000 7726.507981 7726.336680 7725.817935 7725.945031 7726.629475 7726.389558 7726.410032 7726.707697 7726.916294 7726.707697 7726.410032 7726.389558 7726.629475 7725.945031 7725.817935 7726.336680 7726.507981 0.000000 0.000000
0.000000 0.000000 9338.310201 9338.167034 9337.689983 9337.820369 9338.404082 9338.198376 9338.218264 9338.484369 9338.671869 9338.484369 9338.218264 9338.198376 9338.404082 9337.820369 9337.689983 9338.167034 9338.310201 0.000000 0.000000
0.000000 0.000000 10824.342091 10824.212457 10823.761687 10823.890579 10824.425208 10824.237387 10824.254414 10824.501226 10824.678308 10824.501226 10824.254414 10824.237387 10824.425208 10823.890579 10823.761687 10824.212457 10824.342091 0.000000 0.000000
0.000000 0.000000 12208.928482 12208.827944 12208.392019 12208.558085 12209.002814 12208.835742 12208.856071 12209.078898 12209.240294 12209.078898 12208.856071 12208.835742 12209.002814 12208.558085 12208.392019 12208.827944 12208.928482 0.000000 0.000000
0.000000 0.000000 13499.804232 13499.697720 13499.284694 13499.426073 13499.876933 13499.711739 13499.728636 13499.947068 13500.099451 13499.947068 13499.728636 13499.711739 13499.876933 13499.426073 13499.284694 13499.697720 13499.804232 0.000000 0.000000
0.000000 0.000000 14722.077817 14721.972272 14721.578022 14721.713428 14722.146873 14721.989681 14722.005144 14722.214520 14722.359479 14722.214520 14722.005144 14721.989681 14722.146873 14721.713428 14721.578022 14721.972272 14722.077817 0.000000 0.000000
0.000000 0.000000 15883.275806 15883.176399 15882.791218 15882.927805 15883.339272 15883.187074 15883.202513 15883.404966 15883.542070 15883.404966 15883.202513 15883.187074 15883.339272 15882.927805 15882.791218 15883.176399 15883.275806 0.000000 0.000000
0.000000 0.000000 16994.955748 16994.864708 16994.491634 16994.644972 16995.018123 16994.872998 16994.889631 16995.082774 16995.213219 16995.082774 16994.889631 16994.872998 16995.018123 16994.644972 16994.491634 16994.864708 16994.955748 0.000000 0.000000
0.000000 0.000000 18058.967057 18058.874615 18058.508768 18058.649842 18059.026918 18058.883627 18058.898436 18059.088068 18059.212383 18059.088068 18058.898436 18058.883627 18059.026918 18058.649842 18058.508768 18058.874615 18058.967057 0.000000 0.000000
0.000000 0.000000 19079.295765 19079.205919 19078.852669 19078.986268 19079.349833 19079.211811 19079.226431 19079.409491 19079.529625 19079.409491 19079.226431 19079.211811 19079.349833 19078.986268 19078.852669 19079.205919 19079.295762 0.000000 0.000000
0.000000 0.000000 20061.485581 20061.398199 20061.050410 20061.187845 20061.538427 20061.403180 20061.417777 20061.596017 20061.709139 20061.596017 20061.417777 20061.403180 20061.538427 20061.187845 20061.050410 20061.398179 20061.485534 0.000000 0.000000
0.000000 0.000000 21060.430849 21060.877956 21060.538601 21060.671763 21061.014069 21060.883297 21060.896241 21061.069768 21061.179412 21061.069768 21060.896241 21060.883297 21061.014069 21060.671762 21060.538583 21060.874609 21060.958577 0.000000 0.000000
0.000000 0.000000 0.000000 0.000000 0.000000 0.000000 0.000000 0.000000 0.000000 0.000000 0.000000 0.000000 0.000000 0.000000 0.000000 0.000000 0.000000 0.000000 0.000000 0.000000 0.000000
0.000000 0.000000 0.000000 0.000000 0.000000 0.000000 0.000000 0.000000 0.000000 0.000000 0.000000 0.000000 0.000000 0.000000 0.000000 0.000000 0.000000 0.000000 0.000000 0.000000 0.000000