geotop/1.0zi/1.0Montebello/Templates/testdem/maps/_Erotot1295.asc
ncols         21
nrows         20
xllcorner     100.000000
yllcorner     100.000000
cellsize      50.000000
NODATA_value  -9999.0
0.000000 0.000000 0.000000 0.000000 0.000000 0.000000 0.000000 0.000000 0.000000 0.000000 0.000000 0.000000 0.000000 0.000000 0.000000 0.000000 0.000000 0.000000 0.000000 0.000000 0.000000
0.000000 0.000000 149.078160 149.079559 149.114418 149.089779 149.071125 149.079575 149.081160 149.075973 149.076642 149.075973 149.081160 149.079575 149.071125 149.089779 149.114418 149.079559 149.078160 0.000000 0.000000
0.000000 0.000000 9.056179 8.837095 7.060862 8.917953 9.099488 9.083745 9.094055 9.101117 9.099374 9.101117 9.094055 9.083745 9.099488 8.917953 7.060862 8.837095 9.056179 0.000000 0.000000
0.000000 0.000000 1075.098395 1074.894482 1074.922125 1072.928132 1075.271414 1074.840825 1074.780545 1075.305220 1075.248901 1075.305220 1074.780545 1074.840825 1075.271414 1072.928132 1074.922125 1074.894482 1075.098395 0.000000 0.000000
0.000000 0.000000 1916.081034 1915.857188 1915.106526 1915.803585 1916.254324 1916.063490 1916.016441 1916.163756 1916.118503 1916.163756 1916.016441 1916.063490 1916.254324 1915.803585 1915.106526 1915.857188 1916.081034 0.000000 0.000000
0.000000 0.000000 2519.778769 2519.605684 2518.856777 2519.051420 2519.965084 2519.714288 2519.682590 2519.898162 2519.871324 2519.898162 2519.682590 2519.714288 2519.965084 2519.051420 2518.856777 2519.605684 2519.778769 0.000000 0.000000
0.000000 0.000000 3284.687080 3284.549241 3283.873476 3284.066066 3284.849720 3284.638313 3284.615596 3284.793079 3284.769914 3284.793079 3284.615596 3284.638313 3284.849720 3284.066066 3283.873476 3284.549241 3284.687080 0.000000 0.000000
0.000000 0.000000 4012.648712 4012.529870 4011.905000 4012.096027 4012.789492 4012.606747 4012.588835 4012.744650 4012.724675 4012.744650 4012.588835 4012.606747 4012.789492 4012.096027 4011.905000 4012.529870 4012.648712 0.000000 0.000000
0.000000 0.000000 4702.902721 4702.794095 4702.200210 4702.385628 4703.031838 4702.863458 4702.848414 4702.993085 4702.973742 4702.993085 4702.848414 4702.863458 4703.031838 4702.385628 4702.200210 4702.794095 4702.902721 0.000000 0.000000
0.000000 0.000000 5363.856812 5363.775317 5363.193733 5363.415975 5363.973666 5363.824280 5363.816499 5363.943757 5363.924312 5363.943757 5363.816499 5363.824280 5363.973666 5363.415975 5363.193733 5363.775317 5363.856812 0.000000 0.000000
0.000000 0.000000 5999.615391 5999.524264 5998.961024 5999.156399 5999.731325 5999.580082 5999.569510 5999.699131 5999.678676 5999.699131 5999.569510 5999.580082 5999.731325 5999.156399 5998.961024 5999.524264 5999.615391 0.000000 0.000000
0.000000 0.000000 6615.719261 6615.625315 6615.076286 6615.261637 6615.828696 6615.681752 6615.672109 6615.800273 6615.780990 6615.800273 6615.672109 6615.681752 6615.828696 6615.261637 6615.076286 6615.625315 6615.719261 0.000000 0.000000
0.000000 0.000000 7217.774690 7217.682952 7217.141208 7217.327424 7217.880569 7217.736134 7217.727392 7217.853437 7217.833675 7217.853437 7217.727392 7217.736134 7217.880569 7217.327424 7217.141208 7217.682952 7217.774690 0.000000 0.000000
0.000000 0.000000 7806.422922 7806.337763 7805.801369 7806.007656 7806.525576 7806.385897 7806.379929 7806.501440 7806.481090 7806.501440 7806.379929 7806.385897 7806.525576 7806.007656 7805.801369 7806.337763 7806.422922 0.000000 0.000000
0.000000 0.000000 8384.170098 8384.082445 8383.547662 8383.743095 8384.271847 8384.131411 8384.124639 8384.248299 8384.227302 8384.248299 8384.124639 8384.131411 8384.271847 8383.743095 8383.547662 8384.082445 8384.170098 0.000000 0.000000
0.000000 0.000000 8952.685762 8952.598896 8952.077451 8952.265131 8952.785639 8952.648654 8952.641973 8952.762556 8952.741799 8952.762556 8952.641973 8952.648654 8952.785639 8952.265131 8952.077451 8952.598896 8952.685759 0.000000 0.000000
0.000000 0.000000 9510.168375 9510.081973 9509.558824 9509.749800 9510.268532 9510.129517 9510.123123 9510.245465 9510.223731 9510.245465 9510.123123 9510.129517 9510.268532 9509.749800 9509.558823 9510.081955 9510.168098 0.000000 0.000000
0.000000 0.000000 10087.427825 10087.617466 10087.096991 10087.278979 10087.801255 10087.660816 10087.654685 10087.779075 10087.757072 10087.779075 10087.654685 10087.660816 10087.801255 10087.278979 10087.096974 10087.614516 10087.701374 0.000000 0.000000
0.000000 0.000000 0.000000 0.000000 0.000000 0.000000 0.000000 0.000000 0.000000 0.000000 0.000000 0.000000 0.000000 0.000000 0.000000 0.000000 0.000000 0.000000 0.000000 0.000000 0.000000
0.000000 0.000000 0.000000 0.000000 0.000000 0.000000 0.000000 0.000000 0.000000 0.000000 0.000000 0.000000 0.000000 0.000000 0.000000 0.000000 0.000000 0.000000 0.000000 0.000000 0.000000