geotop/1.0zi/1.0Montebello/Templates/testdem/maps/_Erotot6257.asc
ncols         21
nrows         20
xllcorner     100.000000
yllcorner     100.000000
cellsize      50.000000
NODATA_value  -9999.0
0.000000 0.000000 0.000000 0.000000 0.000000 0.000000 0.000000 0.000000 0.000000 0.000000 0.000000 0.000000 0.000000 0.000000 0.000000 0.000000 0.000000 0.000000 0.000000 0.000000 0.000000
0.000000 0.000000 489.968274 490.829085 490.550744 490.848800 490.294388 490.354914 490.312609 490.478886 490.879857 490.184447 490.111947 490.203557 490.355348 490.261386 490.989394 491.190448 491.178969 0.000000 0.000000
0.000000 0.000000 37.039642 35.895959 35.976639 36.121329 36.376954 36.187807 36.001381 35.785770 36.032812 36.362236 36.179613 36.391778 36.266928 36.014337 34.702698 33.941499 34.633215 0.000000 0.000000
0.000000 0.000000 207.944158 210.718058 200.819024 198.849414 199.218003 194.254418 193.818905 193.335573 191.725635 189.688900 192.236219 189.940260 194.694206 200.549944 202.064551 203.436188 208.387928 0.000000 0.000000
0.000000 0.000000 1989.404000 1992.791287 1997.806240 1976.742139 1961.842821 1950.137379 1952.761248 1949.783645 1953.616828 1958.307730 1954.976862 1953.593688 1963.775484 1964.602850 1972.977709 1981.471194 1982.677551 0.000000 0.000000
0.000000 0.000000 3523.622591 3518.344719 3515.190985 3510.414936 3500.270579 3492.448333 3490.981017 3490.506060 3488.738653 3486.128708 3483.162734 3485.821290 3488.007403 3504.406780 3509.714358 3514.264094 3516.692878 0.000000 0.000000
0.000000 0.000000 4690.367584 4687.907433 4684.297100 4679.619106 4666.608872 4649.496420 4649.060723 4645.599057 4647.458292 4650.310081 4652.381515 4653.404227 4674.022166 4683.713321 4688.466385 4690.046929 4695.509892 0.000000 0.000000
0.000000 0.000000 5388.677506 5390.045070 5388.251360 5381.219833 5380.439944 5372.776609 5373.334033 5373.745089 5372.419044 5369.829563 5369.556360 5373.557795 5374.403435 5377.328366 5386.493091 5384.815209 5388.665276 0.000000 0.000000
0.000000 0.000000 6369.157946 6366.245509 6361.213941 6361.854101 6354.476607 6343.270692 6343.890735 6340.736179 6338.327852 6339.249411 6340.320628 6335.542715 6349.901767 6358.580768 6361.426922 6362.683145 6364.718780 0.000000 0.000000
0.000000 0.000000 7502.045683 7499.608538 7501.073579 7499.592410 7483.750114 7476.288457 7477.275210 7476.512044 7474.253077 7477.274940 7480.753277 7478.886161 7483.225581 7494.628559 7499.153955 7499.695868 7500.923712 0.000000 0.000000
0.000000 0.000000 8725.423309 8725.713301 8724.679179 8709.551463 8706.677773 8695.053435 8699.009909 8689.148334 8691.663012 8690.686576 8685.665717 8693.609210 8698.875011 8700.569871 8708.339558 8714.401002 8722.703084 0.000000 0.000000
0.000000 0.000000 10011.931384 10007.565039 10001.550130 9999.134601 9993.973456 9978.447938 9977.061743 9976.434781 9982.886963 9975.369729 9977.505005 9977.402188 9994.404107 9998.435364 10000.364293 10001.512485 10021.947424 0.000000 0.000000
0.000000 0.000000 11320.480458 11317.625237 11318.246130 11309.709140 11305.316255 11275.603771 11274.015153 11273.517562 11258.182983 11267.645545 11271.585017 11274.214580 11293.075622 11297.468647 11313.256449 11312.523804 11320.254921 0.000000 0.000000
0.000000 0.000000 12759.602557 12761.001424 12752.859261 12750.867688 12719.887778 12728.507584 12717.584995 12718.937572 12720.120009 12719.685316 12717.721719 12714.265551 12704.344612 12738.295646 12744.356666 12756.034989 12763.959853 0.000000 0.000000
0.000000 0.000000 14324.946630 14320.241929 14315.843840 14287.034112 14286.810705 14269.754935 14256.024809 14254.072052 14248.557925 14241.365827 14245.457832 14243.807773 14260.854390 14264.316999 14311.435222 14301.841812 14302.579557 0.000000 0.000000
0.000000 0.000000 15943.125639 15942.284661 15899.529046 15900.159121 15905.016463 15897.106088 15916.376439 15907.720913 15915.009773 15909.631381 15903.409597 15914.193151 15918.417691 15917.819347 15893.729107 15953.342569 15946.656191 0.000000 0.000000
0.000000 0.000000 17799.444042 17746.216710 17744.912908 17732.332329 17702.038620 17694.603923 17684.283937 17688.098625 17671.190354 17672.167170 17678.714275 17677.055298 17690.927459 17705.604900 17743.461143 17733.644175 17793.705769 0.000000 0.000000
0.000000 0.000000 19028.911003 19049.954516 19105.561793 19097.845912 19083.900056 19038.323244 19039.746200 19023.511905 19038.449593 19035.760569 19041.364861 19037.909258 19078.430217 19089.977876 19115.415777 19059.406630 19039.185864 0.000000 0.000000
0.000000 0.000000 0.000000 0.000000 0.000000 0.000000 0.000000 0.000000 0.000000 0.000000 0.000000 0.000000 0.000000 0.000000 0.000000 0.000000 0.000000 0.000000 0.000000 0.000000 0.000000
0.000000 0.000000 0.000000 0.000000 0.000000 0.000000 0.000000 0.000000 0.000000 0.000000 0.000000 0.000000 0.000000 0.000000 0.000000 0.000000 0.000000 0.000000 0.000000 0.000000 0.000000