geotop/1.0zi/1.0Montebello/Templates/testdem/maps/_Erotot8954.asc
ncols         21
nrows         20
xllcorner     100.000000
yllcorner     100.000000
cellsize      50.000000
NODATA_value  -9999.0
0.000000 0.000000 0.000000 0.000000 0.000000 0.000000 0.000000 0.000000 0.000000 0.000000 0.000000 0.000000 0.000000 0.000000 0.000000 0.000000 0.000000 0.000000 0.000000 0.000000 0.000000
0.000000 0.000000 718.783575 719.422121 718.853887 718.940808 717.923442 718.048639 718.131271 718.205447 718.586715 717.952659 717.842252 717.880407 718.285932 718.413261 719.235941 719.824041 719.982928 0.000000 0.000000
0.000000 0.000000 55.975828 54.992799 55.290704 55.223706 56.047983 55.722160 55.351049 55.217888 55.422073 55.751018 55.808832 55.926342 55.699339 55.094902 53.823202 52.976556 53.586193 0.000000 0.000000
0.000000 0.000000 429.777785 431.507934 418.446574 412.208948 411.636662 405.769295 410.762536 412.437247 408.484425 406.884993 410.300548 409.804712 418.297708 426.771620 430.581772 424.978994 432.256594 0.000000 0.000000
0.000000 0.000000 3930.846857 3924.897124 3923.789544 3890.408425 3866.446665 3853.742000 3848.180867 3840.806257 3849.731422 3856.624636 3855.090638 3850.163682 3869.723000 3874.153751 3889.839719 3901.074120 3901.151821 0.000000 0.000000
0.000000 0.000000 5988.296479 5983.050856 5977.782768 5979.597729 5957.571557 5945.156239 5948.741078 5948.592881 5944.316551 5938.241137 5936.515814 5940.682417 5940.742942 5965.630940 5966.899328 5973.002893 5975.321918 0.000000 0.000000
0.000000 0.000000 7413.277756 7407.843823 7404.603395 7393.741946 7384.999249 7352.256548 7352.630363 7350.020546 7349.748639 7354.074978 7354.623435 7355.586860 7388.338352 7394.134497 7402.473373 7404.883025 7409.883558 0.000000 0.000000
0.000000 0.000000 8804.807781 8802.314342 8798.363422 8786.289512 8780.470314 8776.838724 8777.709109 8775.713422 8776.022933 8771.864503 8770.668107 8778.075736 8776.318968 8784.893199 8799.068057 8795.113475 8801.213980 0.000000 0.000000
0.000000 0.000000 10601.137809 10596.319994 10589.367977 10586.844213 10571.762903 10552.966525 10555.920436 10551.759327 10548.808289 10548.396963 10551.184621 10544.990721 10568.933140 10582.831421 10584.246308 10586.286320 10589.773837 0.000000 0.000000
0.000000 0.000000 12682.514143 12675.247291 12674.390700 12667.944830 12644.601336 12633.705056 12633.283375 12631.936843 12628.145558 12632.558368 12635.559362 12635.229593 12642.416977 12661.062252 12668.601808 12670.895483 12670.049809 0.000000 0.000000
0.000000 0.000000 14986.343500 14984.156578 14981.346879 14953.455103 14947.292676 14926.761601 14935.158228 14917.961973 14924.061775 14920.325435 14912.744241 14923.602848 14937.860550 14941.275409 14956.280602 14959.792987 14974.654539 0.000000 0.000000
0.000000 0.000000 17532.882147 17523.409743 17509.079828 17506.342825 17490.215880 17467.369994 17465.770886 17468.717775 17474.981833 17462.201334 17469.251986 17467.240026 17493.351879 17505.763889 17506.117770 17509.886072 17534.960773 0.000000 0.000000
0.000000 0.000000 20226.813408 20217.010900 20220.733209 20197.511101 20188.353692 20122.089889 20119.818732 20118.670295 20089.683748 20108.538672 20110.893868 20118.075533 20166.944478 20175.536881 20205.370322 20202.462975 20209.321759 0.000000 0.000000
0.000000 0.000000 23406.566386 23408.249125 23387.292789 23380.117896 23292.585345 23331.921114 23312.249211 23313.616037 23327.125435 23315.506003 23314.324820 23303.450337 23265.934480 23364.044642 23366.396347 23390.636204 23403.626325 0.000000 0.000000
0.000000 0.000000 26963.450513 26948.859221 26933.468743 26832.114734 26873.137348 26817.612101 26795.725199 26791.083286 26769.455273 26757.791543 26768.040748 26768.775240 26825.825616 26786.328477 26930.281402 26892.084366 26885.399451 0.000000 0.000000
0.000000 0.000000 30485.891092 30479.659017 30341.377290 30409.243338 30396.830210 30398.175762 30468.048933 30446.604787 30480.892756 30472.600808 30447.430026 30482.550247 30470.775014 30484.804397 30325.683784 30538.615389 30528.959648 0.000000 0.000000
0.000000 0.000000 34285.567212 34112.430782 34191.512462 34117.328047 34028.931012 34008.052627 33944.880451 33963.353072 33901.607593 33910.116699 33944.906972 33910.253479 33956.690762 34012.116357 34186.998018 34033.221438 34215.282393 0.000000 0.000000
0.000000 0.000000 35153.606859 35319.324269 35445.334468 35450.945965 35465.816870 35352.596146 35380.165568 35340.272768 35406.515902 35394.775585 35386.360074 35402.977501 35491.764187 35483.600171 35467.195228 35370.327536 35205.698696 0.000000 0.000000
0.000000 0.000000 0.000000 0.000000 0.000000 0.000000 0.000000 0.000000 0.000000 0.000000 0.000000 0.000000 0.000000 0.000000 0.000000 0.000000 0.000000 0.000000 0.000000 0.000000 0.000000
0.000000 0.000000 0.000000 0.000000 0.000000 0.000000 0.000000 0.000000 0.000000 0.000000 0.000000 0.000000 0.000000 0.000000 0.000000 0.000000 0.000000 0.000000 0.000000 0.000000 0.000000