geotop/1.0zi/1.0Montebello/Templates/testdem/maps/_Erotot8344.asc
ncols         21
nrows         20
xllcorner     100.000000
yllcorner     100.000000
cellsize      50.000000
NODATA_value  -9999.0
0.000000 0.000000 0.000000 0.000000 0.000000 0.000000 0.000000 0.000000 0.000000 0.000000 0.000000 0.000000 0.000000 0.000000 0.000000 0.000000 0.000000 0.000000 0.000000 0.000000 0.000000
0.000000 0.000000 680.555563 681.352664 680.801467 680.905666 679.893781 680.051675 680.038527 680.101657 680.534683 679.860020 679.738383 679.790465 680.166657 680.321966 681.158696 681.707471 681.923812 0.000000 0.000000
0.000000 0.000000 52.623386 51.640150 51.881993 51.945655 52.579669 52.257203 51.963831 51.826197 52.055283 52.414538 52.434064 52.583555 52.338339 51.827185 50.554602 49.700035 50.224401 0.000000 0.000000
0.000000 0.000000 354.823241 355.958176 343.590089 338.335270 338.897983 327.584953 327.677799 328.524605 324.868427 323.084999 325.238169 325.382926 335.644035 342.712107 347.317737 350.217933 355.435367 0.000000 0.000000
0.000000 0.000000 3390.746088 3393.234035 3397.068493 3374.104684 3354.509401 3342.601764 3340.442051 3336.102740 3342.969575 3348.344345 3343.805383 3342.471786 3357.556939 3361.944192 3374.246992 3384.869775 3384.719405 0.000000 0.000000
0.000000 0.000000 5398.146607 5392.717656 5388.459392 5382.153073 5366.129696 5356.309753 5357.886792 5356.701447 5353.467212 5347.563781 5346.591031 5349.794200 5349.543273 5369.994681 5377.408006 5383.516754 5386.544161 0.000000 0.000000
0.000000 0.000000 6719.075991 6716.100644 6711.555721 6704.540814 6690.476543 6667.680089 6666.533014 6662.752255 6664.205173 6667.940145 6669.448720 6669.967390 6698.491563 6708.832042 6714.648764 6717.574357 6722.871096 0.000000 0.000000
0.000000 0.000000 7926.895203 7927.229451 7924.303836 7914.081353 7911.102839 7901.082531 7901.083121 7900.939472 7899.970165 7896.000126 7895.289202 7901.587327 7903.862975 7909.307383 7922.312366 7921.083471 7926.224509 0.000000 0.000000
0.000000 0.000000 9507.337448 9502.829306 9496.488132 9495.873075 9484.116709 9467.936833 9469.011310 9464.419441 9462.376081 9462.089425 9464.594222 9458.783523 9478.133506 9492.792913 9495.210778 9499.315081 9500.792720 0.000000 0.000000
0.000000 0.000000 11317.100391 11313.676816 11313.991522 11309.272865 11287.915484 11277.303079 11276.628750 11276.446074 11272.960428 11276.477466 11279.690227 11278.983019 11286.480399 11301.839670 11310.224617 11312.642556 11313.820324 0.000000 0.000000
0.000000 0.000000 13309.048627 13308.338900 13305.396976 13284.145213 13277.616814 13260.537304 13266.246813 13252.441100 13256.762124 13254.877346 13247.636425 13258.067133 13268.273424 13271.852481 13285.409254 13293.204233 13304.343495 0.000000 0.000000
0.000000 0.000000 15480.472456 15472.222794 15463.780212 15460.000002 15448.523286 15426.855814 15422.570025 15423.583540 15431.259879 15419.586827 15424.111657 15423.769384 15448.055807 15457.882290 15461.489308 15466.068546 15490.570549 0.000000 0.000000
0.000000 0.000000 17754.117011 17749.244843 17749.917850 17734.882100 17726.842696 17672.073349 17670.065802 17668.985534 17645.778463 17659.465654 17663.910219 17669.167586 17707.512641 17715.961625 17741.613402 17741.792214 17749.045018 0.000000 0.000000
0.000000 0.000000 20384.028533 20386.977081 20372.249496 20367.164535 20299.599615 20324.320381 20306.480140 20308.063374 20316.427641 20310.358521 20307.654039 20302.026187 20277.052311 20349.852763 20356.794250 20379.773571 20390.304052 0.000000 0.000000
0.000000 0.000000 23351.119741 23342.206861 23332.509071 23255.565423 23276.098178 23237.124879 23216.127592 23212.254013 23198.024049 23186.423554 23194.207691 23193.061635 23235.669800 23218.751808 23328.194867 23306.084193 23302.581243 0.000000 0.000000
0.000000 0.000000 26424.153231 26421.122580 26310.802230 26352.039192 26350.403523 26342.751054 26393.444703 26377.090532 26401.796593 26393.412120 26374.805266 26403.592623 26401.396470 26404.410506 26301.804273 26467.596340 26458.558277 0.000000 0.000000
0.000000 0.000000 30048.512729 29890.007855 29943.162946 29886.340781 29803.905108 29785.818532 29735.868389 29750.253319 29698.030863 29703.946894 29732.276738 29706.259825 29745.238791 29798.755811 29940.908643 29831.583617 30001.190370 0.000000 0.000000
0.000000 0.000000 31185.815515 31349.825697 31486.984662 31494.631795 31506.750581 31384.890310 31408.878747 31367.450324 31434.035523 31422.145491 31414.739541 31431.202746 31529.564834 31522.215926 31513.547266 31408.237799 31245.646335 0.000000 0.000000
0.000000 0.000000 0.000000 0.000000 0.000000 0.000000 0.000000 0.000000 0.000000 0.000000 0.000000 0.000000 0.000000 0.000000 0.000000 0.000000 0.000000 0.000000 0.000000 0.000000 0.000000
0.000000 0.000000 0.000000 0.000000 0.000000 0.000000 0.000000 0.000000 0.000000 0.000000 0.000000 0.000000 0.000000 0.000000 0.000000 0.000000 0.000000 0.000000 0.000000 0.000000 0.000000