geotop/1.0zi/1.0Montebello/Templates/testdem/maps/_Erotot8571.asc
ncols         21
nrows         20
xllcorner     100.000000
yllcorner     100.000000
cellsize      50.000000
NODATA_value  -9999.0
0.000000 0.000000 0.000000 0.000000 0.000000 0.000000 0.000000 0.000000 0.000000 0.000000 0.000000 0.000000 0.000000 0.000000 0.000000 0.000000 0.000000 0.000000 0.000000 0.000000 0.000000
0.000000 0.000000 686.621379 687.439540 686.874724 686.967242 685.945134 686.101361 686.087192 686.163616 686.539254 685.914894 685.796764 685.844872 686.220424 686.377445 687.217588 687.769844 687.988469 0.000000 0.000000
0.000000 0.000000 53.429123 52.427004 52.686773 52.760968 53.400763 53.046782 52.752704 52.607926 52.828882 53.141785 53.209295 53.311468 53.148703 52.634254 51.358563 50.502812 51.025540 0.000000 0.000000
0.000000 0.000000 354.321676 355.425662 343.042564 337.800441 338.341346 327.035659 327.132496 327.964996 324.311812 322.507541 324.665992 324.857868 335.045964 342.181534 346.799112 349.790088 355.003806 0.000000 0.000000
0.000000 0.000000 3512.939683 3510.019174 3510.970335 3483.625705 3460.658070 3450.608699 3449.795331 3443.865647 3452.900831 3460.074118 3459.222404 3454.304541 3470.740700 3473.122710 3486.633921 3495.317662 3496.214918 0.000000 0.000000
0.000000 0.000000 5603.837918 5599.979727 5595.070785 5590.419931 5574.791054 5564.188682 5565.828505 5564.510622 5560.646117 5554.757356 5553.221406 5557.074270 5556.547916 5578.232104 5584.392066 5590.453662 5593.126618 0.000000 0.000000
0.000000 0.000000 6940.072427 6935.378430 6932.938544 6925.281625 6910.961606 6885.582742 6884.847232 6882.319359 6882.335435 6886.928583 6887.619142 6888.472621 6917.805128 6927.697130 6933.404454 6936.810236 6941.912901 0.000000 0.000000
0.000000 0.000000 8205.858098 8205.908487 8202.371016 8191.118782 8188.549544 8179.318718 8179.557636 8177.291173 8177.610171 8173.569800 8172.375545 8179.298878 8181.394190 8186.580535 8200.264683 8198.215321 8203.904735 0.000000 0.000000
0.000000 0.000000 9861.151534 9855.671923 9849.226384 9848.323269 9834.549332 9818.006171 9820.018949 9816.259523 9813.662299 9813.480385 9816.250314 9810.014248 9830.307215 9844.923260 9846.941545 9851.218455 9853.107769 0.000000 0.000000
0.000000 0.000000 11759.270770 11754.715943 11754.400366 11749.920098 11727.532682 11716.881334 11715.905432 11715.627523 11711.813250 11716.354063 11719.313406 11718.758802 11726.214656 11742.438381 11750.430323 11753.072820 11753.705949 0.000000 0.000000
0.000000 0.000000 13854.356161 13853.800439 13851.444374 13826.492137 13820.991108 13801.269719 13809.671790 13793.191140 13799.579833 13796.407937 13789.384966 13799.535781 13811.759802 13814.137788 13828.895151 13835.656214 13847.993635 0.000000 0.000000
0.000000 0.000000 16147.162492 16136.454113 16127.113374 16125.063266 16110.375336 16090.481586 16084.219728 16087.235594 16093.667403 16082.055747 16088.463111 16086.731965 16111.490002 16123.075854 16125.224294 16130.740582 16154.881952 0.000000 0.000000
0.000000 0.000000 18558.231559 18551.397757 18554.400734 18534.783612 18528.030297 18469.173937 18467.053973 18466.694861 18441.000525 18457.885857 18460.440587 18466.618140 18508.763051 18515.529596 18543.750617 18541.978497 18550.478208 0.000000 0.000000
0.000000 0.000000 21364.780490 21367.816691 21350.967967 21345.295224 21271.664436 21299.561490 21282.259610 21282.799451 21293.353340 21284.477252 21283.836932 21274.509393 21246.840176 21327.974883 21332.350256 21357.549859 21368.587187 0.000000 0.000000
0.000000 0.000000 24533.346013 24522.358346 24509.873654 24425.931672 24451.015395 24407.506732 24384.994581 24381.613943 24364.588631 24353.962491 24362.293901 24362.005216 24409.180935 24385.287121 24506.147044 24479.143475 24474.911459 0.000000 0.000000
0.000000 0.000000 27785.371301 27780.599039 27661.411500 27710.036353 27705.166573 27699.460220 27756.499729 27737.911479 27766.801793 27758.376403 27738.010238 27768.234692 27764.204557 27768.862089 27649.377502 27832.116120 27823.171211 0.000000 0.000000
0.000000 0.000000 31551.338059 31382.314088 31445.413377 31380.014698 31292.565577 31271.419558 31215.975416 31231.707414 31174.729093 31182.466148 31214.002525 31183.536045 31227.633498 31284.464627 31441.641673 31313.982202 31493.950927 0.000000 0.000000
0.000000 0.000000 32590.124595 32764.286641 32901.656592 32908.684728 32923.501874 32799.691268 32826.600476 32784.133389 32854.359795 32842.158990 32833.541111 32851.003978 32950.640448 32940.952241 32927.834341 32824.531625 32651.149400 0.000000 0.000000
0.000000 0.000000 0.000000 0.000000 0.000000 0.000000 0.000000 0.000000 0.000000 0.000000 0.000000 0.000000 0.000000 0.000000 0.000000 0.000000 0.000000 0.000000 0.000000 0.000000 0.000000
0.000000 0.000000 0.000000 0.000000 0.000000 0.000000 0.000000 0.000000 0.000000 0.000000 0.000000 0.000000 0.000000 0.000000 0.000000 0.000000 0.000000 0.000000 0.000000 0.000000 0.000000