geotop/1.0zi/1.0Montebello/Templates/testdem/maps/_Erotot0498.asc
ncols         21
nrows         20
xllcorner     100.000000
yllcorner     100.000000
cellsize      50.000000
NODATA_value  -9999.0
0.000000 0.000000 0.000000 0.000000 0.000000 0.000000 0.000000 0.000000 0.000000 0.000000 0.000000 0.000000 0.000000 0.000000 0.000000 0.000000 0.000000 0.000000 0.000000 0.000000 0.000000
0.000000 0.000000 44.234170 44.234850 44.267483 44.235017 44.234274 44.234659 44.234470 44.234384 44.234357 44.234384 44.234470 44.234659 44.234274 44.235017 44.267483 44.234850 44.234170 0.000000 0.000000
0.000000 0.000000 7.746588 7.530141 5.712958 7.525219 7.773076 7.757251 7.771776 7.778614 7.779677 7.778614 7.771776 7.757251 7.773076 7.525219 5.712958 7.530141 7.746588 0.000000 0.000000
0.000000 0.000000 547.811275 548.062072 548.186338 547.971677 547.874535 547.984094 547.980754 547.916975 547.846731 547.916975 547.980754 547.984094 547.874535 547.971677 548.186338 548.062072 547.811275 0.000000 0.000000
0.000000 0.000000 782.731853 782.684389 781.926898 782.662882 782.731912 782.753500 782.748052 782.752126 782.747437 782.752126 782.748052 782.753500 782.731912 782.662882 781.926898 782.684389 782.731853 0.000000 0.000000
0.000000 0.000000 1077.630691 1077.637095 1076.930880 1077.594918 1077.661372 1077.705413 1077.709519 1077.688797 1077.668067 1077.688797 1077.709519 1077.705413 1077.661372 1077.594918 1076.930880 1077.637095 1077.630691 0.000000 0.000000
0.000000 0.000000 1394.984651 1394.993418 1394.363302 1394.952962 1395.014389 1395.059843 1395.065034 1395.042244 1395.023871 1395.042244 1395.065034 1395.059843 1395.014389 1394.952962 1394.363302 1394.993418 1394.984651 0.000000 0.000000
0.000000 0.000000 1696.670058 1696.677892 1696.093703 1696.640266 1696.698612 1696.743400 1696.748636 1696.725751 1696.708918 1696.725751 1696.748636 1696.743400 1696.698612 1696.640266 1696.093703 1696.677892 1696.670058 0.000000 0.000000
0.000000 0.000000 1984.142832 1984.150518 1983.593093 1984.114012 1984.170486 1984.214592 1984.219859 1984.197127 1984.180920 1984.197127 1984.219859 1984.214592 1984.170486 1984.114012 1983.593093 1984.150518 1984.142832 0.000000 0.000000
0.000000 0.000000 2262.135832 2262.142894 2261.601083 2262.107487 2262.162996 2262.206545 2262.211797 2262.189179 2262.173127 2262.189179 2262.211797 2262.206545 2262.162996 2262.107487 2261.601083 2262.142894 2262.135832 0.000000 0.000000
0.000000 0.000000 2531.991030 2531.997448 2531.464490 2531.962831 2532.017907 2532.061058 2532.066295 2532.043732 2532.027610 2532.043732 2532.066295 2532.061058 2532.017907 2531.962831 2531.464490 2531.997448 2531.991030 0.000000 0.000000
0.000000 0.000000 2794.575080 2794.578567 2794.055336 2794.545599 2794.600155 2794.642127 2794.647821 2794.625393 2794.610287 2794.625393 2794.647821 2794.642127 2794.600155 2794.545599 2794.055336 2794.578567 2794.575080 0.000000 0.000000
0.000000 0.000000 3050.735144 3050.737033 3050.218527 3050.706338 3050.759714 3050.801104 3050.806924 3050.784415 3050.769420 3050.784415 3050.806924 3050.801104 3050.759714 3050.706338 3050.218527 3050.737033 3050.735144 0.000000 0.000000
0.000000 0.000000 3303.871096 3303.871154 3303.356410 3303.840791 3303.895359 3303.936691 3303.942653 3303.920108 3303.904957 3303.920108 3303.942653 3303.936691 3303.895359 3303.840791 3303.356410 3303.871154 3303.871096 0.000000 0.000000
0.000000 0.000000 3553.744124 3553.744655 3553.227274 3553.714016 3553.768689 3553.809656 3553.815710 3553.793095 3553.777123 3553.793095 3553.815710 3553.809656 3553.768689 3553.714016 3553.227274 3553.744655 3553.744124 0.000000 0.000000
0.000000 0.000000 3801.546853 3801.548687 3801.040510 3801.518024 3801.572184 3801.613109 3801.619169 3801.596461 3801.579880 3801.596461 3801.619169 3801.613109 3801.572184 3801.518024 3801.040510 3801.548687 3801.546850 0.000000 0.000000
0.000000 0.000000 4045.164185 4045.164336 4044.652403 4045.134812 4045.189539 4045.229825 4045.235996 4045.213207 4045.196321 4045.213207 4045.235996 4045.229825 4045.189539 4045.134812 4044.652402 4045.164325 4045.163922 0.000000 0.000000
0.000000 0.000000 4298.618992 4298.745895 4298.234449 4298.714061 4298.769070 4298.809357 4298.815847 4298.792959 4298.775808 4298.792959 4298.815847 4298.809357 4298.769070 4298.714061 4298.234437 4298.744248 4298.743504 0.000000 0.000000
0.000000 0.000000 0.000000 0.000000 0.000000 0.000000 0.000000 0.000000 0.000000 0.000000 0.000000 0.000000 0.000000 0.000000 0.000000 0.000000 0.000000 0.000000 0.000000 0.000000 0.000000
0.000000 0.000000 0.000000 0.000000 0.000000 0.000000 0.000000 0.000000 0.000000 0.000000 0.000000 0.000000 0.000000 0.000000 0.000000 0.000000 0.000000 0.000000 0.000000 0.000000 0.000000