geotop/1.0zi/1.0Montebello/Templates/testdem/maps/_Erotot4847.asc
ncols         21
nrows         20
xllcorner     100.000000
yllcorner     100.000000
cellsize      50.000000
NODATA_value  -9999.0
0.000000 0.000000 0.000000 0.000000 0.000000 0.000000 0.000000 0.000000 0.000000 0.000000 0.000000 0.000000 0.000000 0.000000 0.000000 0.000000 0.000000 0.000000 0.000000 0.000000 0.000000
0.000000 0.000000 361.265345 360.340617 360.055907 359.864026 359.833821 359.843123 359.883091 360.043065 359.997582 359.869619 359.951039 360.026421 359.904866 359.953065 360.140269 360.108473 360.678286 0.000000 0.000000
0.000000 0.000000 28.278583 29.226769 29.672364 30.712499 30.228237 30.345463 30.024690 29.820012 29.892062 30.234587 29.896598 29.692300 30.301304 29.921173 29.102930 28.495744 27.825338 0.000000 0.000000
0.000000 0.000000 150.303603 151.672721 144.485094 142.496652 143.691824 138.969182 138.194401 138.292857 136.899151 135.761388 136.877203 135.428821 137.980611 142.828520 142.326451 145.697585 148.404117 0.000000 0.000000
0.000000 0.000000 1454.707332 1458.981942 1464.214649 1446.770193 1435.749444 1427.524391 1430.171984 1424.617837 1428.489907 1432.661234 1432.995948 1433.342755 1442.801948 1441.806741 1447.887528 1453.146530 1454.954324 0.000000 0.000000
0.000000 0.000000 2735.901822 2730.251610 2726.366944 2723.216934 2716.874343 2713.617674 2710.984837 2712.858059 2712.264960 2709.529206 2705.938048 2707.822381 2707.751706 2720.772613 2724.767665 2725.079005 2727.967750 0.000000 0.000000
0.000000 0.000000 3509.161145 3504.553494 3499.731629 3495.861734 3484.897766 3469.331113 3470.700999 3467.349911 3470.197779 3469.326214 3472.240344 3474.512894 3489.261777 3498.463787 3504.624626 3508.612928 3512.191739 0.000000 0.000000
0.000000 0.000000 4062.340581 4062.478880 4063.067905 4058.517127 4056.578131 4051.706514 4052.425317 4052.770458 4050.107061 4050.866201 4049.907966 4049.103202 4052.574895 4056.080779 4058.079277 4057.773998 4059.031041 0.000000 0.000000
0.000000 0.000000 4755.277967 4754.950667 4752.217193 4749.833806 4745.021477 4736.232748 4736.541618 4734.790482 4735.053679 4735.518050 4734.917110 4735.923476 4741.485954 4749.479082 4749.418962 4751.195578 4754.958479 0.000000 0.000000
0.000000 0.000000 5570.703800 5568.763863 5568.860940 5564.802112 5555.562543 5550.336148 5552.005938 5551.174469 5551.040346 5550.863456 5550.164938 5548.922673 5556.708242 5563.607295 5565.805358 5567.110234 5568.528308 0.000000 0.000000
0.000000 0.000000 6433.934021 6431.928098 6430.361436 6428.027959 6424.845309 6414.018473 6414.360957 6411.923043 6411.781783 6412.654668 6411.860839 6412.161988 6417.624741 6420.603442 6425.328226 6427.710331 6430.839464 0.000000 0.000000
0.000000 0.000000 7333.468942 7332.545401 7329.900212 7322.865171 7317.571382 7309.170381 7308.218133 7307.945867 7307.809928 7306.753858 7306.705775 7307.016754 7316.621901 7322.891922 7326.233866 7327.712031 7345.001483 0.000000 0.000000
0.000000 0.000000 8240.989097 8238.881501 8236.482270 8233.433607 8225.327984 8205.054456 8205.381641 8203.671525 8203.320181 8203.753285 8202.497101 8203.452597 8220.766237 8229.284816 8232.492889 8234.326458 8236.741394 0.000000 0.000000
0.000000 0.000000 9212.484431 9209.152262 9206.842218 9202.633980 9181.276024 9189.694753 9183.733730 9182.923157 9183.084345 9183.190768 9182.283449 9182.501143 9176.643051 9196.711668 9200.609038 9206.339166 9206.275807 0.000000 0.000000
0.000000 0.000000 10251.213858 10246.232478 10241.156365 10226.725645 10223.688034 10206.880990 10198.535767 10196.904457 10192.173522 10191.643227 10193.198235 10191.260476 10202.978194 10211.295043 10234.563145 10230.282858 10231.788721 0.000000 0.000000
0.000000 0.000000 11291.310731 11290.675558 11267.672489 11271.211442 11270.062791 11269.008223 11272.131631 11272.347378 11275.116253 11274.679350 11271.614961 11277.650074 11275.485523 11274.186822 11261.702074 11288.659027 11293.614454 0.000000 0.000000
0.000000 0.000000 12473.800839 12446.158382 12437.357228 12428.676685 12412.083103 12405.259532 12403.488315 12402.730635 12398.340847 12398.423606 12399.287771 12396.593743 12402.104354 12420.405443 12434.827347 12435.319893 12463.137498 0.000000 0.000000
0.000000 0.000000 13339.717232 13344.312243 13369.262022 13358.760367 13351.421657 13325.217185 13323.454521 13320.622070 13322.416790 13321.895967 13320.484735 13322.804980 13347.805098 13357.114175 13369.653629 13340.674861 13341.877208 0.000000 0.000000
0.000000 0.000000 0.000000 0.000000 0.000000 0.000000 0.000000 0.000000 0.000000 0.000000 0.000000 0.000000 0.000000 0.000000 0.000000 0.000000 0.000000 0.000000 0.000000 0.000000 0.000000
0.000000 0.000000 0.000000 0.000000 0.000000 0.000000 0.000000 0.000000 0.000000 0.000000 0.000000 0.000000 0.000000 0.000000 0.000000 0.000000 0.000000 0.000000 0.000000 0.000000 0.000000