geotop/1.0zi/1.0Montebello/Templates/testdem/maps/_Erotot8333.asc
ncols         21
nrows         20
xllcorner     100.000000
yllcorner     100.000000
cellsize      50.000000
NODATA_value  -9999.0
0.000000 0.000000 0.000000 0.000000 0.000000 0.000000 0.000000 0.000000 0.000000 0.000000 0.000000 0.000000 0.000000 0.000000 0.000000 0.000000 0.000000 0.000000 0.000000 0.000000 0.000000
0.000000 0.000000 680.537511 681.334772 680.783733 680.888088 679.876360 680.034409 680.021263 680.084392 680.517418 679.842755 679.721119 679.773201 680.149238 680.304389 681.140963 681.689576 681.905761 0.000000 0.000000
0.000000 0.000000 52.621289 51.638074 51.879933 51.943611 52.577642 52.255200 51.961826 51.824192 52.053279 52.412533 52.432058 52.581549 52.336310 51.825141 50.552542 49.697961 50.222304 0.000000 0.000000
0.000000 0.000000 354.821327 355.956102 343.588023 338.333223 338.895942 327.582928 327.675790 328.522570 324.866391 323.082983 325.236144 325.380905 335.641977 342.710048 347.315669 350.215863 355.433456 0.000000 0.000000
0.000000 0.000000 3390.746088 3393.234035 3397.068493 3374.104684 3354.509401 3342.601764 3340.442051 3336.102740 3342.969575 3348.344345 3343.805383 3342.471786 3357.556939 3361.944192 3374.246992 3384.869775 3384.719405 0.000000 0.000000
0.000000 0.000000 5391.654749 5386.225609 5381.969086 5375.670143 5359.685218 5349.874612 5351.495434 5350.270890 5347.037248 5341.174791 5340.216089 5343.417402 5343.106554 5363.514232 5370.917997 5377.020104 5380.036202 0.000000 0.000000
0.000000 0.000000 6714.656032 6711.680692 6707.135987 6700.120685 6686.053728 6663.264737 6662.107989 6658.336999 6659.789749 6663.514842 6665.014880 6665.532250 6694.068371 6704.412295 6710.229172 6713.155173 6718.452488 0.000000 0.000000
0.000000 0.000000 7921.663186 7921.997400 7919.072413 7908.852501 7905.879901 7895.868783 7895.874813 7895.727065 7894.757871 7890.792036 7890.082851 7896.380346 7898.642162 7904.079149 7917.081368 7915.850722 7920.988280 0.000000 0.000000
0.000000 0.000000 9500.399567 9495.891749 9489.552041 9488.940022 9477.192475 9461.022490 9462.103858 9457.507078 9455.463985 9455.182807 9457.690321 9451.878484 9471.212274 9485.861075 9488.274942 9492.376749 9493.849885 0.000000 0.000000
0.000000 0.000000 11308.008707 11304.585598 11304.901169 11300.186551 11278.841395 11268.240638 11267.574356 11267.385675 11263.900741 11267.423312 11270.638409 11269.929948 11277.409178 11292.755494 11301.134946 11303.550134 11304.723034 0.000000 0.000000
0.000000 0.000000 13297.353778 13296.643924 13293.703776 13272.461025 13265.942870 13248.878755 13254.594961 13240.787177 13245.106941 13243.229268 13235.993932 13246.419507 13256.605509 13260.173084 13273.722244 13281.512199 13292.643317 0.000000 0.000000
0.000000 0.000000 15465.645474 15457.399141 15448.961338 15445.184707 15433.722808 15412.075499 15407.801827 15408.805948 15416.479244 15404.818746 15409.343539 15409.001690 15433.257201 15443.067215 15446.669002 15451.245029 15475.730483 0.000000 0.000000
0.000000 0.000000 17735.672697 17730.802074 17731.473830 17716.449616 17708.424131 17653.733464 17651.735668 17650.650141 17627.462090 17641.143230 17645.589290 17650.840358 17689.113194 17697.544952 17723.174825 17723.351157 17730.602179 0.000000 0.000000
0.000000 0.000000 20361.079237 20364.024247 20349.310376 20344.229200 20276.784607 20301.477423 20283.666521 20285.238966 20293.583641 20287.535444 20284.839966 20279.219228 20254.253553 20326.926985 20333.866974 20356.819760 20367.334942 0.000000 0.000000
0.000000 0.000000 23322.802634 23313.897114 23304.208008 23227.427982 23247.902587 23209.030083 23188.057797 23184.184447 23169.983088 23158.401623 23166.171981 23165.022875 23207.522214 23190.654623 23299.890323 23277.825585 23274.329098 0.000000 0.000000
0.000000 0.000000 26390.439806 26387.408335 26277.312877 26318.409935 26316.827782 26309.159329 26359.763444 26343.418019 26368.064917 26359.688768 26341.131561 26369.864957 26367.688974 26370.656684 26268.318317 26433.751199 26424.713378 0.000000 0.000000
0.000000 0.000000 30009.573445 29851.319996 29904.295440 29847.624572 29765.308283 29747.268197 29697.456149 29711.799459 29659.678168 29665.584031 29693.850412 29667.912728 29706.799763 29760.217451 29902.033394 29793.036327 29962.362044 0.000000 0.000000
0.000000 0.000000 31147.718361 31311.463171 31448.573725 31456.164956 31468.207626 31346.451394 31370.377015 31328.986978 31395.464036 31383.595373 31376.233359 31392.645046 31490.936793 31483.635951 31475.111890 31369.758882 31207.432436 0.000000 0.000000
0.000000 0.000000 0.000000 0.000000 0.000000 0.000000 0.000000 0.000000 0.000000 0.000000 0.000000 0.000000 0.000000 0.000000 0.000000 0.000000 0.000000 0.000000 0.000000 0.000000 0.000000
0.000000 0.000000 0.000000 0.000000 0.000000 0.000000 0.000000 0.000000 0.000000 0.000000 0.000000 0.000000 0.000000 0.000000 0.000000 0.000000 0.000000 0.000000 0.000000 0.000000 0.000000