geotop/1.0zi/1.0Montebello/Templates/testdem/maps/_Erotot6598.asc
ncols         21
nrows         20
xllcorner     100.000000
yllcorner     100.000000
cellsize      50.000000
NODATA_value  -9999.0
0.000000 0.000000 0.000000 0.000000 0.000000 0.000000 0.000000 0.000000 0.000000 0.000000 0.000000 0.000000 0.000000 0.000000 0.000000 0.000000 0.000000 0.000000 0.000000 0.000000 0.000000
0.000000 0.000000 502.989909 503.842803 503.557077 503.844714 503.283299 503.335028 503.294160 503.459377 503.861439 503.164834 503.092730 503.184897 503.345332 503.258043 503.995146 504.205604 504.199774 0.000000 0.000000
0.000000 0.000000 38.043892 36.897004 36.968940 37.119600 37.354809 37.168869 36.982581 36.767330 37.012681 37.314682 37.159547 37.371629 37.219104 36.984587 35.696338 34.938141 35.638614 0.000000 0.000000
0.000000 0.000000 223.095567 225.925525 215.803466 213.387030 213.633022 208.459750 207.982573 207.505343 205.891532 203.887003 206.488484 204.359903 209.194206 215.201784 217.111352 218.505953 223.550374 0.000000 0.000000
0.000000 0.000000 2080.818312 2084.311767 2089.451725 2069.127001 2054.600446 2042.421649 2045.016496 2042.048926 2046.329992 2051.419685 2047.914569 2046.669559 2057.461966 2058.608682 2066.884733 2074.728452 2076.222490 0.000000 0.000000
0.000000 0.000000 3796.372691 3790.907280 3787.298550 3780.691591 3768.424282 3760.863754 3759.623302 3759.259617 3756.281635 3750.771319 3749.465983 3752.396511 3751.663995 3769.289520 3778.059826 3784.479499 3786.280277 0.000000 0.000000
0.000000 0.000000 4938.820627 4936.255470 4932.655808 4927.576180 4914.536431 4897.377974 4896.713126 4892.810507 4894.727791 4898.124508 4899.979975 4900.243890 4922.457128 4931.773368 4936.224954 4938.086331 4943.394240 0.000000 0.000000
0.000000 0.000000 5695.362450 5696.661328 5694.659624 5686.735121 5685.954512 5678.253119 5678.821567 5679.072681 5677.768388 5674.383607 5674.018754 5678.941022 5678.705055 5681.834172 5692.550114 5690.643818 5695.147247 0.000000 0.000000
0.000000 0.000000 6748.100919 6744.821807 6739.702564 6740.371668 6731.943528 6720.224215 6721.049451 6717.513547 6715.100082 6715.153809 6717.404644 6711.672904 6726.262146 6738.398198 6739.152251 6741.503356 6743.019772 0.000000 0.000000
0.000000 0.000000 7964.443753 7962.007095 7963.397898 7961.055624 7944.364744 7937.281918 7937.712614 7937.136101 7934.342354 7937.050508 7940.495254 7939.035851 7942.675921 7954.244423 7960.477739 7961.405485 7962.546985 0.000000 0.000000
0.000000 0.000000 9279.800292 9279.508423 9278.317268 9262.000424 9259.040227 9246.668456 9251.168936 9240.372548 9243.314740 9241.983109 9236.499222 9244.500091 9249.774620 9251.602207 9261.697684 9267.365349 9276.669606 0.000000 0.000000
0.000000 0.000000 10668.775136 10663.169371 10657.675338 10655.087036 10648.555146 10633.123303 10631.115891 10630.821090 10637.320390 10628.343297 10631.475481 10631.180072 10647.702856 10653.162633 10655.331126 10657.760411 10678.233300 0.000000 0.000000
0.000000 0.000000 12086.332924 12083.486734 12083.999756 12074.642346 12069.890797 12037.792847 12036.212532 12035.703568 12019.126144 12027.981285 12032.714135 12035.384715 12055.775722 12061.009611 12078.461990 12077.702359 12085.627864 0.000000 0.000000
0.000000 0.000000 13657.600561 13659.966419 13650.981055 13647.929695 13613.269175 13623.185732 13611.718897 13612.826517 13615.378377 13613.166275 13612.133156 13608.334811 13594.568228 13633.890794 13639.810126 13653.716373 13661.840152 0.000000 0.000000
0.000000 0.000000 15373.844733 15368.012964 15363.277919 15329.715116 15330.357557 15313.361126 15298.139872 15296.690326 15289.441570 15281.712288 15285.462923 15283.504742 15302.864924 15304.936488 15358.560782 15347.997263 15347.660837 0.000000 0.000000
0.000000 0.000000 17154.620577 17153.457200 17104.867392 17107.362207 17112.226576 17103.028691 17125.517320 17115.234862 17123.978714 17116.947569 17111.282265 17123.231503 17125.552185 17125.936556 17097.806299 17166.111648 17159.844884 0.000000 0.000000
0.000000 0.000000 19216.218414 19153.501316 19154.530803 19138.439200 19102.929194 19095.701501 19082.580900 19087.116330 19067.541889 19067.755332 19076.140956 19072.861507 19087.607020 19106.578416 19151.976110 19137.712813 19206.716927 0.000000 0.000000
0.000000 0.000000 20522.175958 20552.006422 20616.805133 20608.193110 20594.304893 20541.107299 20543.144162 20525.257321 20543.178734 20538.795103 20544.607864 20541.886786 20587.587791 20600.164110 20626.821346 20563.518302 20535.289762 0.000000 0.000000
0.000000 0.000000 0.000000 0.000000 0.000000 0.000000 0.000000 0.000000 0.000000 0.000000 0.000000 0.000000 0.000000 0.000000 0.000000 0.000000 0.000000 0.000000 0.000000 0.000000 0.000000
0.000000 0.000000 0.000000 0.000000 0.000000 0.000000 0.000000 0.000000 0.000000 0.000000 0.000000 0.000000 0.000000 0.000000 0.000000 0.000000 0.000000 0.000000 0.000000 0.000000 0.000000