geotop/1.0zi/1.0Montebello/Templates/testdem/maps/_Erotot8300.asc
ncols         21
nrows         20
xllcorner     100.000000
yllcorner     100.000000
cellsize      50.000000
NODATA_value  -9999.0
0.000000 0.000000 0.000000 0.000000 0.000000 0.000000 0.000000 0.000000 0.000000 0.000000 0.000000 0.000000 0.000000 0.000000 0.000000 0.000000 0.000000 0.000000 0.000000 0.000000 0.000000
0.000000 0.000000 680.276525 681.073917 680.523067 680.627592 679.616014 679.774229 679.761061 679.824196 680.257227 679.582555 679.460909 679.512998 679.888866 680.043883 680.880280 681.428762 681.644779 0.000000 0.000000
0.000000 0.000000 52.602006 51.618809 51.860602 51.924261 52.558279 52.235843 51.942488 51.804849 52.033933 52.393193 52.412726 52.562210 52.316971 51.805802 50.533224 49.678658 50.203018 0.000000 0.000000
0.000000 0.000000 354.818061 355.952771 343.584813 338.329922 338.892203 327.579036 327.671576 328.518037 324.861650 323.077817 325.230630 325.375408 335.637014 342.706076 347.312381 350.213176 355.430990 0.000000 0.000000
0.000000 0.000000 3388.945347 3391.399551 3395.251214 3372.272206 3352.713243 3340.794934 3338.690759 3334.368777 3341.489646 3346.632039 3342.093428 3340.759418 3355.837669 3360.189057 3372.413546 3383.031736 3382.880583 0.000000 0.000000
0.000000 0.000000 5372.401856 5366.984081 5362.720871 5356.441924 5340.472639 5330.685279 5332.296933 5331.069467 5327.664023 5321.971145 5321.014721 5324.215715 5323.888891 5344.266371 5351.677927 5357.765699 5360.779926 0.000000 0.000000
0.000000 0.000000 6697.649617 6694.667268 6690.124710 6683.114066 6669.072832 6646.319460 6645.174277 6641.407861 6642.874348 6646.594488 6648.095794 6648.612572 6677.108777 6687.425895 6693.217932 6696.144737 6701.439690 0.000000 0.000000
0.000000 0.000000 7898.866461 7899.190818 7896.268880 7886.058054 7883.119373 7873.141678 7873.169689 7873.029023 7872.079533 7868.107865 7867.400732 7873.695830 7875.920230 7881.315129 7894.277400 7893.038817 7898.172182 0.000000 0.000000
0.000000 0.000000 9469.232222 9464.715395 9458.383332 9457.778601 9446.075998 9429.945206 9431.051442 9426.466465 9424.447192 9424.159805 9426.667887 9420.857446 9440.145030 9454.736069 9457.103555 9461.193465 9462.662584 0.000000 0.000000
0.000000 0.000000 11266.854893 11263.421595 11263.739064 11259.036880 11237.757050 11227.201215 11226.565812 11226.386808 11222.931812 11226.444388 11229.657168 11228.949177 11236.378610 11251.652823 11259.972479 11262.374539 11263.544226 0.000000 0.000000
0.000000 0.000000 13244.366378 13243.640443 13240.707159 13219.504887 13213.039804 13196.039996 13201.779426 13188.009162 13192.350534 13190.469757 13183.251470 13193.654577 13203.782015 13207.284175 13220.756988 13228.519569 13239.630428 0.000000 0.000000
0.000000 0.000000 15398.572629 15390.327474 15381.911787 15378.141835 15366.761437 15345.202604 15340.985228 15341.987295 15349.677364 15338.041337 15342.549811 15342.218993 15366.358913 15376.070118 15379.604242 15384.163011 15408.584871 0.000000 0.000000
0.000000 0.000000 17652.521171 17647.638378 17648.296337 17633.322624 17625.375478 17571.044172 17569.090653 17568.030383 17544.984458 17558.584863 17563.024487 17568.249180 17606.231226 17614.555645 17640.020280 17640.181594 17647.455526 0.000000 0.000000
0.000000 0.000000 20257.873586 20260.775684 20246.127188 20241.052680 20174.202686 20198.675353 20181.015435 20182.588188 20190.870950 20184.885903 20182.224018 20176.649588 20151.829665 20223.859033 20230.738475 20253.546746 20264.013939 0.000000 0.000000
0.000000 0.000000 23195.951010 23187.057068 23177.401110 23101.397998 23121.515529 23083.091939 23062.248057 23058.437298 23044.435049 23032.901877 23040.586052 23039.428482 23081.468822 23064.900247 23173.055981 23151.226332 23147.798690 0.000000 0.000000
0.000000 0.000000 26240.557876 26237.492733 26128.463336 26168.741375 26167.411020 26159.598726 26209.746330 26193.508886 26217.906617 26209.521367 26191.206461 26219.669665 26217.689430 26220.421726 26119.477736 26283.128316 26274.127301 0.000000 0.000000
0.000000 0.000000 29837.804980 29680.745460 29732.683185 29676.725782 29595.014792 29577.150745 29528.066358 29542.254408 29490.716427 29496.520332 29524.444572 29498.925449 29537.426814 29590.323609 29730.373685 29623.161617 29791.143731 0.000000 0.000000
0.000000 0.000000 30984.082572 31146.271577 31283.049023 31290.329596 31301.975934 31180.739433 31204.347776 31163.215684 31229.164026 31217.372553 31210.233767 31226.376731 31324.348262 31317.273012 31309.446191 31203.912878 31043.139386 0.000000 0.000000
0.000000 0.000000 0.000000 0.000000 0.000000 0.000000 0.000000 0.000000 0.000000 0.000000 0.000000 0.000000 0.000000 0.000000 0.000000 0.000000 0.000000 0.000000 0.000000 0.000000 0.000000
0.000000 0.000000 0.000000 0.000000 0.000000 0.000000 0.000000 0.000000 0.000000 0.000000 0.000000 0.000000 0.000000 0.000000 0.000000 0.000000 0.000000 0.000000 0.000000 0.000000 0.000000