geotop/1.0zi/1.0Montebello/Templates/testdem/maps/_Erotot7110.asc
ncols         21
nrows         20
xllcorner     100.000000
yllcorner     100.000000
cellsize      50.000000
NODATA_value  -9999.0
0.000000 0.000000 0.000000 0.000000 0.000000 0.000000 0.000000 0.000000 0.000000 0.000000 0.000000 0.000000 0.000000 0.000000 0.000000 0.000000 0.000000 0.000000 0.000000 0.000000 0.000000
0.000000 0.000000 569.876692 570.679089 570.332180 570.554707 569.941509 569.977438 569.923984 570.027043 570.453121 569.779713 569.669170 569.750690 570.041899 570.001313 570.762257 571.032432 571.102554 0.000000 0.000000
0.000000 0.000000 44.792262 43.566823 43.549048 43.702829 43.942073 43.787821 43.531927 43.371982 43.610650 43.899044 43.906903 44.035239 43.810079 43.610085 42.325354 41.597163 42.337152 0.000000 0.000000
0.000000 0.000000 250.010157 251.692578 239.692474 236.965998 235.486406 228.580866 229.222607 227.789605 226.567618 224.344739 226.652608 226.657047 234.846123 240.944700 242.334798 244.191608 249.841379 0.000000 0.000000
0.000000 0.000000 2548.506099 2551.728225 2555.202289 2533.889010 2518.932961 2505.929825 2507.882352 2504.939423 2510.480400 2516.698413 2511.302234 2509.494733 2521.253930 2524.103441 2532.831283 2540.571105 2542.574721 0.000000 0.000000
0.000000 0.000000 4298.535916 4292.833672 4289.492267 4283.266213 4268.946226 4260.792500 4260.116740 4259.217424 4255.813394 4249.986149 4249.123233 4252.451107 4252.463911 4270.687141 4278.985458 4285.772251 4287.691078 0.000000 0.000000
0.000000 0.000000 5505.330995 5502.439681 5498.203086 5492.393186 5479.002107 5460.038830 5459.507761 5455.686464 5457.253297 5461.061565 5462.450265 5462.975497 5487.465783 5497.033428 5501.513423 5503.712178 5509.321897 0.000000 0.000000
0.000000 0.000000 6398.116675 6398.665590 6395.992783 6387.416792 6385.981629 6377.500661 6378.141697 6378.008942 6377.177431 6373.434948 6372.665230 6378.538797 6379.385921 6383.152231 6394.164951 6392.241569 6397.365744 0.000000 0.000000
0.000000 0.000000 7603.764421 7599.766404 7594.005357 7594.528236 7584.724246 7571.207852 7572.658140 7568.441448 7566.435718 7566.357984 7568.505566 7562.893449 7579.522900 7592.178782 7592.910175 7595.762001 7597.492132 0.000000 0.000000
0.000000 0.000000 8988.406910 8985.387219 8985.934832 8982.991104 8964.451229 8956.282266 8956.486559 8956.075151 8953.091362 8956.353217 8959.256456 8958.443341 8963.634662 8976.381566 8982.623010 8983.864141 8985.277569 0.000000 0.000000
0.000000 0.000000 10491.545136 10490.995681 10488.566814 10470.857148 10467.279520 10452.441878 10457.985400 10445.839592 10449.596190 10448.116404 10441.659436 10450.816880 10458.195713 10460.314574 10470.920411 10476.890540 10487.159804 0.000000 0.000000
0.000000 0.000000 12091.953051 12085.082365 12078.200258 12075.675154 12067.004090 12049.880917 12047.465194 12047.468600 12054.454738 12044.606978 12047.924749 12047.971375 12067.100037 12073.919323 12075.625026 12078.734758 12100.432152 0.000000 0.000000
0.000000 0.000000 13740.141853 13736.218568 13736.447931 13725.303895 13719.713699 13681.102222 13679.765917 13678.953970 13660.825962 13671.253633 13675.187819 13679.047034 13704.933940 13710.753771 13729.832064 13728.934216 13737.396463 0.000000 0.000000
0.000000 0.000000 15588.263799 15590.504132 15579.261997 15575.938476 15532.776181 15545.339830 15532.973178 15533.824747 15537.913493 15534.827376 15533.101419 15529.339784 15513.900923 15561.297498 15566.951674 15583.027806 15592.044526 0.000000 0.000000
0.000000 0.000000 17629.242783 17622.288392 17615.539950 17572.169996 17576.325606 17554.165767 17537.749700 17535.469973 17527.162297 17518.527768 17522.623707 17521.254266 17546.543593 17544.933176 17610.690313 17597.696971 17597.169246 0.000000 0.000000
0.000000 0.000000 19757.005501 19754.775328 19691.011431 19701.330768 19705.128407 19693.672942 19722.902631 19710.772976 19723.162112 19715.625953 19706.611579 19723.047649 19727.285597 19727.428240 19683.388291 19773.015937 19766.477141 0.000000 0.000000
0.000000 0.000000 22266.159193 22178.697351 22187.614370 22163.348044 22115.283155 22105.440610 22085.979531 22092.042461 22065.816782 22067.332917 22079.196092 22072.125235 22092.836568 22120.494957 22184.799504 22153.282157 22247.789334 0.000000 0.000000
0.000000 0.000000 23652.170523 23712.036433 23799.254839 23792.617034 23781.450041 23707.212755 23713.175899 23689.150794 23718.277245 23712.288103 23715.498208 23716.931172 23780.647176 23790.018183 23814.004531 23732.201940 23674.394942 0.000000 0.000000
0.000000 0.000000 0.000000 0.000000 0.000000 0.000000 0.000000 0.000000 0.000000 0.000000 0.000000 0.000000 0.000000 0.000000 0.000000 0.000000 0.000000 0.000000 0.000000 0.000000 0.000000
0.000000 0.000000 0.000000 0.000000 0.000000 0.000000 0.000000 0.000000 0.000000 0.000000 0.000000 0.000000 0.000000 0.000000 0.000000 0.000000 0.000000 0.000000 0.000000 0.000000 0.000000