geotop/1.0zi/1.0Montebello/Templates/testdem/maps/_Erotot2684.asc
ncols         21
nrows         20
xllcorner     100.000000
yllcorner     100.000000
cellsize      50.000000
NODATA_value  -9999.0
0.000000 0.000000 0.000000 0.000000 0.000000 0.000000 0.000000 0.000000 0.000000 0.000000 0.000000 0.000000 0.000000 0.000000 0.000000 0.000000 0.000000 0.000000 0.000000 0.000000 0.000000
0.000000 0.000000 248.633835 248.636653 248.640297 248.761104 248.628334 248.632352 248.607070 248.649053 248.665261 248.649053 248.607070 248.632352 248.628334 248.761104 248.640297 248.636653 248.633835 0.000000 0.000000
0.000000 0.000000 13.818576 13.596807 11.846024 13.565767 13.859663 13.846165 13.879254 13.843755 13.827248 13.843755 13.879254 13.846165 13.859663 13.565767 11.846024 13.596807 13.818576 0.000000 0.000000
0.000000 0.000000 1852.258818 1851.937769 1852.271133 1850.405498 1852.410647 1851.852795 1851.847114 1852.682702 1852.883528 1852.682702 1851.847114 1851.852795 1852.410647 1850.405498 1852.271133 1851.937769 1852.258818 0.000000 0.000000
0.000000 0.000000 3804.912178 3804.741932 3804.083163 3804.677241 3805.219998 3805.077864 3805.044262 3805.197007 3805.147988 3805.197007 3805.044262 3805.077864 3805.219998 3804.677241 3804.083163 3804.741932 3804.912178 0.000000 0.000000
0.000000 0.000000 4933.984833 4933.779999 4933.219511 4933.373197 4934.182017 4933.888868 4933.908305 4934.256491 4934.364681 4934.256491 4933.908305 4933.888868 4934.182017 4933.373197 4933.219511 4933.779999 4933.984833 0.000000 0.000000
0.000000 0.000000 6437.993463 6437.823279 6437.311327 6437.453812 6438.144369 6437.890983 6437.915730 6438.224844 6438.339683 6438.224844 6437.915730 6437.890983 6438.144369 6437.453812 6437.311327 6437.823279 6437.993463 0.000000 0.000000
0.000000 0.000000 7852.983391 7852.840727 7852.365013 7852.509515 7853.102574 7852.885007 7852.907213 7853.183624 7853.292084 7853.183624 7852.907213 7852.885007 7853.102574 7852.509515 7852.365013 7852.840727 7852.983391 0.000000 0.000000
0.000000 0.000000 9167.504255 9167.374117 9166.923192 9167.066919 9167.611054 9167.410874 9167.431648 9167.690720 9167.793334 9167.690720 9167.431648 9167.410874 9167.611054 9167.066919 9166.923192 9167.374117 9167.504255 0.000000 0.000000
0.000000 0.000000 10403.752566 10403.651035 10403.211779 10403.393248 10403.846408 10403.667827 10403.693090 10403.928227 10404.024385 10403.928227 10403.693090 10403.667827 10403.846408 10403.393248 10403.211779 10403.651035 10403.752566 0.000000 0.000000
0.000000 0.000000 11567.012619 11566.904590 11566.485962 11566.642704 11567.105397 11566.927926 11566.949030 11567.180237 11567.270665 11567.180237 11566.949030 11566.927926 11567.105397 11566.642704 11566.485962 11566.904590 11567.012619 0.000000 0.000000
0.000000 0.000000 12675.676021 12675.567974 12675.166030 12675.316546 12675.763700 12675.593998 12675.613831 12675.836794 12675.924817 12675.836794 12675.613831 12675.593998 12675.763700 12675.316546 12675.166030 12675.567974 12675.676021 0.000000 0.000000
0.000000 0.000000 13738.949480 13738.846698 13738.451947 13738.603630 13739.030377 13738.865474 13738.885369 13739.101902 13739.185960 13739.101902 13738.885369 13738.865474 13739.030377 13738.603630 13738.451947 13738.846698 13738.949480 0.000000 0.000000
0.000000 0.000000 14762.000585 14761.905736 14761.520980 14761.690369 14762.079190 14761.921265 14761.942663 14762.150298 14762.231358 14762.150298 14761.942663 14761.921265 14762.079190 14761.690369 14761.520980 14761.905736 14762.000585 0.000000 0.000000
0.000000 0.000000 15748.015964 15747.919333 15747.539265 15747.697138 15748.090456 15747.934227 15747.954158 15748.159401 15748.237746 15748.159401 15747.954158 15747.934227 15748.090456 15747.697138 15747.539265 15747.919333 15748.015964 0.000000 0.000000
0.000000 0.000000 16700.510023 16700.415704 16700.047164 16700.198049 16700.578522 16700.427250 16700.446989 16700.646443 16700.722536 16700.646443 16700.446989 16700.427250 16700.578522 16700.198049 16700.047164 16700.415704 16700.510018 0.000000 0.000000
0.000000 0.000000 17622.275133 17622.182558 17621.817027 17621.970788 17622.341491 17622.192572 17622.211762 17622.406012 17622.479084 17622.406012 17622.211762 17622.192572 17622.341491 17621.970788 17621.817026 17622.182537 17622.274733 0.000000 0.000000
0.000000 0.000000 18553.716512 18554.043835 18553.685449 18553.834870 18554.200014 18554.054673 18554.071904 18554.262289 18554.332541 18554.262289 18554.071904 18554.054673 18554.200014 18553.834869 18553.685431 18554.040323 18554.129435 0.000000 0.000000
0.000000 0.000000 0.000000 0.000000 0.000000 0.000000 0.000000 0.000000 0.000000 0.000000 0.000000 0.000000 0.000000 0.000000 0.000000 0.000000 0.000000 0.000000 0.000000 0.000000 0.000000
0.000000 0.000000 0.000000 0.000000 0.000000 0.000000 0.000000 0.000000 0.000000 0.000000 0.000000 0.000000 0.000000 0.000000 0.000000 0.000000 0.000000 0.000000 0.000000 0.000000 0.000000