geotop/1.0zi/1.0Montebello/Templates/testdem/maps/_Erotot1162.asc
ncols         21
nrows         20
xllcorner     100.000000
yllcorner     100.000000
cellsize      50.000000
NODATA_value  -9999.0
0.000000 0.000000 0.000000 0.000000 0.000000 0.000000 0.000000 0.000000 0.000000 0.000000 0.000000 0.000000 0.000000 0.000000 0.000000 0.000000 0.000000 0.000000 0.000000 0.000000 0.000000
0.000000 0.000000 124.570507 124.571886 124.606688 124.581894 124.563713 124.571907 124.573459 124.568376 124.569027 124.568376 124.573459 124.571907 124.563713 124.581894 124.606688 124.571886 124.570507 0.000000 0.000000
0.000000 0.000000 8.631471 8.412788 6.637186 8.494905 8.667359 8.658627 8.669376 8.675174 8.673301 8.675174 8.669376 8.658627 8.667359 8.494905 6.637186 8.412788 8.631471 0.000000 0.000000
0.000000 0.000000 921.157935 920.952191 920.972983 918.951012 921.213874 920.870942 920.833729 921.363279 921.306290 921.363279 920.833729 920.870942 921.213874 918.951012 920.972983 920.952191 921.157935 0.000000 0.000000
0.000000 0.000000 1696.480456 1696.255681 1695.501445 1696.190587 1696.622993 1696.455738 1696.413518 1696.562463 1696.516717 1696.562463 1696.413518 1696.455738 1696.622993 1696.190587 1695.501445 1696.255681 1696.480456 0.000000 0.000000
0.000000 0.000000 2236.845366 2236.671338 2235.916730 2236.091163 2236.931233 2236.757504 2236.743882 2236.961332 2236.933694 2236.961332 2236.743882 2236.757504 2236.931233 2236.091163 2235.916730 2236.671338 2236.845366 0.000000 0.000000
0.000000 0.000000 2923.879061 2923.740353 2923.058274 2923.231368 2923.939206 2923.806783 2923.802338 2923.981710 2923.957698 2923.981710 2923.802338 2923.806783 2923.939206 2923.231368 2923.058274 2923.740353 2923.879061 0.000000 0.000000
0.000000 0.000000 3579.099273 3578.979485 3578.347827 3578.520492 3579.142007 3579.034702 3579.034302 3579.192060 3579.171250 3579.192060 3579.034302 3579.034702 3579.142007 3578.520492 3578.347827 3578.979485 3579.099273 0.000000 0.000000
0.000000 0.000000 4201.281303 4201.171621 4200.570405 4200.738390 4201.316651 4201.220150 4201.221976 4201.368724 4201.348537 4201.368724 4201.221976 4201.220150 4201.316651 4200.738390 4200.570405 4201.171621 4201.281303 0.000000 0.000000
0.000000 0.000000 4797.419530 4797.337015 4796.747367 4796.953236 4797.446104 4797.365690 4797.374323 4797.503761 4797.483457 4797.503761 4797.374323 4797.365690 4797.446104 4796.953236 4796.747367 4797.337015 4797.419530 0.000000 0.000000
0.000000 0.000000 5370.098966 5370.006648 5369.434654 5369.614275 5370.127342 5370.042699 5370.048183 5370.180171 5370.158825 5370.180171 5370.048183 5370.042699 5370.127342 5369.614275 5369.434654 5370.006648 5370.098966 0.000000 0.000000
0.000000 0.000000 5925.023234 5924.927874 5924.369417 5924.539373 5925.047108 5924.964955 5924.971105 5925.101856 5925.081677 5925.101856 5924.971105 5924.964955 5925.047108 5924.539373 5924.369417 5924.927874 5925.023234 0.000000 0.000000
0.000000 0.000000 6467.521240 6467.427803 6466.876021 6467.047285 6467.543075 6467.462009 6467.468866 6467.597632 6467.576983 6467.597632 6467.468866 6467.462009 6467.543075 6467.047285 6466.876021 6467.427803 6467.521240 0.000000 0.000000
0.000000 0.000000 6997.864420 6997.777569 6997.230389 6997.422537 6997.884294 6997.806879 6997.816401 6997.940774 6997.919469 6997.940774 6997.816401 6997.806879 6997.884294 6997.422537 6997.230389 6997.777569 6997.864420 0.000000 0.000000
0.000000 0.000000 7519.777648 7519.688328 7519.141852 7519.323572 7519.797720 7519.718588 7519.727167 7519.853924 7519.831910 7519.853924 7519.727167 7519.718588 7519.797720 7519.323572 7519.141852 7519.688328 7519.777648 0.000000 0.000000
0.000000 0.000000 8034.102366 8034.013678 8033.480300 8033.654405 8034.121399 8034.045063 8034.053591 8034.177194 8034.155408 8034.177194 8034.053591 8034.045063 8034.121399 8033.654405 8033.480300 8034.013678 8034.102362 0.000000 0.000000
0.000000 0.000000 8538.965595 8538.877235 8538.341021 8538.518818 8538.985818 8538.906319 8538.915005 8539.040897 8539.018022 8539.040897 8538.915005 8538.906319 8538.985818 8538.518818 8538.341021 8538.877218 8538.965259 0.000000 0.000000
0.000000 0.000000 9061.221152 9061.378442 9060.844300 9061.013140 9061.485372 9061.403839 9061.412706 9061.540927 9061.517789 9061.540927 9061.412706 9061.403839 9061.485372 9061.013139 9060.844284 9061.375652 9061.464714 0.000000 0.000000
0.000000 0.000000 0.000000 0.000000 0.000000 0.000000 0.000000 0.000000 0.000000 0.000000 0.000000 0.000000 0.000000 0.000000 0.000000 0.000000 0.000000 0.000000 0.000000 0.000000 0.000000
0.000000 0.000000 0.000000 0.000000 0.000000 0.000000 0.000000 0.000000 0.000000 0.000000 0.000000 0.000000 0.000000 0.000000 0.000000 0.000000 0.000000 0.000000 0.000000 0.000000 0.000000