geotop/1.0zi/1.0Montebello/Templates/testdem/maps/_Erotot9676.asc
ncols         21
nrows         20
xllcorner     100.000000
yllcorner     100.000000
cellsize      50.000000
NODATA_value  -9999.0
0.000000 0.000000 0.000000 0.000000 0.000000 0.000000 0.000000 0.000000 0.000000 0.000000 0.000000 0.000000 0.000000 0.000000 0.000000 0.000000 0.000000 0.000000 0.000000 0.000000 0.000000
0.000000 0.000000 811.887568 812.038551 810.858908 810.396542 808.824519 808.387297 808.483557 808.542301 808.896019 808.335355 808.194385 808.228365 809.193188 809.775405 811.135588 812.369813 813.019617 0.000000 0.000000
0.000000 0.000000 61.258356 59.909524 60.203590 59.981961 60.716239 60.223889 59.860976 59.706811 59.943401 60.099210 60.270006 60.343419 60.229448 59.743705 58.719690 57.822789 58.610520 0.000000 0.000000
0.000000 0.000000 536.586859 540.434961 525.977353 518.551121 517.981021 509.980894 517.049303 518.994321 515.097233 516.011701 520.312172 519.724105 528.551981 539.093960 541.999229 540.513789 545.924949 0.000000 0.000000
0.000000 0.000000 4511.723810 4506.031374 4502.408968 4463.890066 4437.592187 4422.186292 4414.636525 4408.732861 4414.561420 4420.189657 4420.207941 4414.477810 4434.340680 4440.589442 4459.384369 4470.754113 4471.708268 0.000000 0.000000
0.000000 0.000000 6713.739677 6707.205931 6702.415846 6704.578388 6676.620673 6663.886079 6667.622823 6666.349372 6660.936468 6654.362340 6652.171875 6656.416799 6658.286309 6685.570315 6685.734942 6693.144101 6695.069584 0.000000 0.000000
0.000000 0.000000 8251.415308 8245.350221 8241.534156 8228.514571 8221.654007 8185.050161 8184.377912 8181.096138 8179.495568 8183.518856 8184.054258 8185.230070 8220.718487 8225.028026 8234.626703 8237.591842 8242.666845 0.000000 0.000000
0.000000 0.000000 9886.863285 9882.849522 9876.177532 9860.498074 9849.985488 9845.865897 9846.446735 9843.995058 9842.893308 9838.874331 9838.218820 9845.395220 9843.890465 9855.393326 9871.130345 9868.747731 9874.976355 0.000000 0.000000
0.000000 0.000000 11961.302378 11955.033043 11946.186258 11940.364885 11922.745617 11899.708364 11902.896620 11898.588113 11894.376635 11893.932563 11897.239221 11890.714144 11917.836231 11933.479425 11936.320973 11940.134700 11942.604398 0.000000 0.000000
0.000000 0.000000 14388.077325 14377.860288 14373.524752 14364.304404 14348.368717 14328.443331 14327.313423 14324.938244 14319.318370 14323.718402 14327.165278 14326.450600 14335.171763 14356.967136 14365.412081 14369.601842 14368.769831 0.000000 0.000000
0.000000 0.000000 17106.759104 17101.692420 17097.973871 17062.431477 17061.866228 17032.662558 17041.088667 17022.329652 17027.262362 17022.894524 17014.862548 17026.663267 17043.309958 17048.852910 17065.118692 17068.525365 17087.273443 0.000000 0.000000
0.000000 0.000000 20162.591822 20146.906444 20126.301491 20123.292948 20110.540562 20076.525614 20074.877605 20076.585904 20082.644451 20066.437378 20074.942801 20071.576104 20102.684206 20118.995561 20121.204572 20127.536556 20154.029555 0.000000 0.000000
0.000000 0.000000 23425.132991 23413.924794 23415.522715 23392.507584 23372.221457 23291.856949 23286.095433 23283.259273 23243.108405 23269.873173 23271.325018 23279.758165 23340.749158 23350.525447 23387.487147 23386.970949 23391.597926 0.000000 0.000000
0.000000 0.000000 27321.029745 27319.754004 27289.318678 27273.399624 27162.886702 27225.338621 27196.720167 27197.609014 27217.161004 27197.991127 27196.176776 27181.264351 27120.216726 27250.344032 27250.012719 27282.576766 27298.203193 0.000000 0.000000
0.000000 0.000000 31460.136027 31447.864344 31427.868498 31297.868586 31372.884277 31285.182715 31264.672810 31256.414394 31224.909461 31213.486214 31227.640785 31230.002891 31308.593675 31229.477175 31412.509289 31364.187495 31352.402538 0.000000 0.000000
0.000000 0.000000 34975.187878 34967.342001 34823.840534 34916.076306 34892.232459 34903.930705 34977.854861 34956.635755 34994.209961 34987.536440 34959.417575 34995.222619 34969.268231 34998.035702 34802.496066 35033.867249 35024.765560 0.000000 0.000000
0.000000 0.000000 38011.960914 37889.820866 37956.160859 37900.900069 37836.993617 37821.129700 37773.335542 37787.778066 37741.487577 37748.439719 37774.153654 37749.236844 37784.193823 37821.225185 37949.935617 37828.894487 37958.963140 0.000000 0.000000
0.000000 0.000000 38915.937204 38995.497597 39078.076267 39071.765877 39069.022273 39001.855611 39010.953265 38988.223249 39019.732348 39014.082722 39014.773739 39017.848169 39071.836380 39076.851797 39087.107199 39010.773971 38932.881062 0.000000 0.000000
0.000000 0.000000 0.000000 0.000000 0.000000 0.000000 0.000000 0.000000 0.000000 0.000000 0.000000 0.000000 0.000000 0.000000 0.000000 0.000000 0.000000 0.000000 0.000000 0.000000 0.000000
0.000000 0.000000 0.000000 0.000000 0.000000 0.000000 0.000000 0.000000 0.000000 0.000000 0.000000 0.000000 0.000000 0.000000 0.000000 0.000000 0.000000 0.000000 0.000000 0.000000 0.000000