geotop/1.0zi/1.0Montebello/Templates/testdem/maps/_Erotot8645.asc
ncols         21
nrows         20
xllcorner     100.000000
yllcorner     100.000000
cellsize      50.000000
NODATA_value  -9999.0
0.000000 0.000000 0.000000 0.000000 0.000000 0.000000 0.000000 0.000000 0.000000 0.000000 0.000000 0.000000 0.000000 0.000000 0.000000 0.000000 0.000000 0.000000 0.000000 0.000000 0.000000
0.000000 0.000000 690.827496 691.644007 691.076832 691.167643 690.143667 690.296910 690.282848 690.359199 690.734782 690.110584 689.992461 690.040342 690.418496 690.577539 691.419500 691.974317 692.194681 0.000000 0.000000
0.000000 0.000000 54.250428 53.207125 53.494751 53.462714 54.123934 53.779490 53.454493 53.289217 53.506923 53.822881 53.888039 53.992371 53.840067 53.332027 52.068334 51.248263 51.784194 0.000000 0.000000
0.000000 0.000000 369.990667 370.770991 356.980750 349.258895 349.804837 341.498558 341.377885 342.695752 339.215513 337.157043 339.480171 339.676809 350.040575 357.472829 362.238614 364.926639 370.561777 0.000000 0.000000
0.000000 0.000000 3617.462485 3614.278066 3615.629200 3589.110667 3565.586990 3554.469344 3553.849763 3547.834123 3556.857719 3564.021918 3563.116587 3558.333568 3574.569323 3577.166257 3591.125858 3599.877899 3600.845080 0.000000 0.000000
0.000000 0.000000 5695.631736 5691.704856 5686.606347 5681.601270 5665.730883 5655.407691 5657.013409 5655.768323 5651.929913 5645.999138 5644.485266 5648.361960 5647.924736 5669.878546 5676.107125 5682.148297 5684.898436 0.000000 0.000000
0.000000 0.000000 7053.674968 7048.838408 7046.146250 7038.003939 7023.501327 6998.380939 6997.607302 6995.180636 6995.244868 6999.766225 7000.478991 7001.379165 7030.974178 7041.030472 7046.905655 7050.281127 7055.508769 0.000000 0.000000
0.000000 0.000000 8351.138949 8350.990141 8347.159096 8335.285369 8332.446887 8323.766228 8323.972189 8321.816503 8322.194804 8318.053680 8316.889222 8323.890288 8326.070162 8331.495259 8345.402470 8343.308961 8349.160373 0.000000 0.000000
0.000000 0.000000 10042.862613 10037.127772 10030.329103 10028.782969 10014.678252 9998.684139 10000.673623 9997.022988 9994.477380 9994.192927 9997.015054 9990.820891 10011.285691 10026.210568 10028.437143 10032.689358 10034.746696 0.000000 0.000000
0.000000 0.000000 11982.989962 11978.152972 11977.502927 11972.279503 11949.453786 11939.425443 11938.399570 11938.272959 11934.500033 11938.958296 11941.989679 11941.502288 11949.096177 11965.681279 11973.942656 11976.544793 11977.353140 0.000000 0.000000
0.000000 0.000000 14127.454691 14126.622034 14123.865839 14097.893999 14092.083836 14072.953294 14081.407963 14064.897928 14071.440840 14068.098145 14061.037321 14071.404112 14083.806644 14086.438422 14101.545957 14108.326374 14120.984960 0.000000 0.000000
0.000000 0.000000 16479.043414 16467.862887 16457.980808 16455.131272 16439.904094 16420.662972 16414.205215 16417.549075 16424.143155 16412.203522 16418.820643 16417.076719 16442.290837 16454.352675 16456.719302 16462.187451 16486.886697 0.000000 0.000000
0.000000 0.000000 18956.160107 18948.911339 18951.607658 18930.708291 18923.558361 18863.971956 18861.814433 18861.600762 18835.358284 18852.583343 18855.208497 18861.653641 18905.106457 18912.287502 18941.337579 18939.431567 18948.000703 0.000000 0.000000
0.000000 0.000000 21846.456666 21849.231317 21831.447382 21824.783381 21747.923381 21778.906626 21761.021806 21761.857994 21773.225761 21763.663190 21762.981023 21753.412308 21724.218171 21808.727459 21813.123417 21838.968741 21850.516130 0.000000 0.000000
0.000000 0.000000 25107.578776 25095.901173 25082.685259 24993.705169 25021.296985 24976.645821 24953.760799 24950.413323 24932.618148 24921.597782 24930.482657 24930.450242 24980.008398 24953.589213 25079.890724 25051.245033 25046.865570 0.000000 0.000000
0.000000 0.000000 28432.779248 28427.614935 28303.227166 28355.458544 28349.053875 28345.856315 28405.408914 28386.668649 28417.280992 28408.729128 28387.265377 28418.849398 28413.282469 28419.147927 28291.799028 28482.641457 28473.847506 0.000000 0.000000
0.000000 0.000000 32234.341403 32062.062628 32129.306381 32060.185543 31971.141266 31950.670489 31892.654520 31909.296806 31850.621968 31858.534065 31891.393906 31859.484991 31904.740552 31962.956152 32126.483789 31991.142986 32174.716936 0.000000 0.000000
0.000000 0.000000 33220.292273 33395.931263 33531.639544 33538.489395 33553.886691 33431.436397 33459.006344 33416.637476 33487.573950 33475.178541 33466.162085 33484.173404 33583.057683 33573.042625 33558.282539 33457.052659 33281.983745 0.000000 0.000000
0.000000 0.000000 0.000000 0.000000 0.000000 0.000000 0.000000 0.000000 0.000000 0.000000 0.000000 0.000000 0.000000 0.000000 0.000000 0.000000 0.000000 0.000000 0.000000 0.000000 0.000000
0.000000 0.000000 0.000000 0.000000 0.000000 0.000000 0.000000 0.000000 0.000000 0.000000 0.000000 0.000000 0.000000 0.000000 0.000000 0.000000 0.000000 0.000000 0.000000 0.000000 0.000000