geotop/1.0zi/1.0Montebello/Templates/testdem/maps/_Erotot3331.asc
ncols         21
nrows         20
xllcorner     100.000000
yllcorner     100.000000
cellsize      50.000000
NODATA_value  -9999.0
0.000000 0.000000 0.000000 0.000000 0.000000 0.000000 0.000000 0.000000 0.000000 0.000000 0.000000 0.000000 0.000000 0.000000 0.000000 0.000000 0.000000 0.000000 0.000000 0.000000 0.000000
0.000000 0.000000 357.739246 357.742101 357.745642 357.864552 357.732671 357.737962 357.711674 357.751856 357.766710 357.751856 357.711674 357.737962 357.732671 357.864552 357.745642 357.742101 357.739246 0.000000 0.000000
0.000000 0.000000 11.741347 11.502640 9.746136 11.427432 11.742154 11.668492 11.787360 11.682787 12.049763 11.682787 11.787360 11.668492 11.742154 11.427432 9.746136 11.502640 11.741347 0.000000 0.000000
0.000000 0.000000 2616.169150 2615.906858 2616.059897 2614.251408 2616.248715 2615.670677 2615.563732 2616.384154 2616.528212 2616.384154 2615.563732 2615.670677 2616.248715 2614.251408 2616.059897 2615.906858 2616.169150 0.000000 0.000000
0.000000 0.000000 4965.754520 4965.578417 4964.880130 4965.460088 4966.005516 4965.857555 4965.848479 4965.951673 4965.980233 4965.951673 4965.848479 4965.857555 4966.005516 4965.460088 4964.880130 4965.578417 4965.754520 0.000000 0.000000
0.000000 0.000000 6424.905426 6424.726111 6424.121378 6424.265824 6425.111073 6424.772160 6424.789722 6425.079739 6425.311025 6425.079739 6424.789722 6424.772160 6425.111073 6424.265824 6424.121378 6424.726111 6424.905426 0.000000 0.000000
0.000000 0.000000 8279.660073 8279.518995 8278.972837 8279.102084 8279.834285 8279.535303 8279.552724 8279.804721 8280.033838 8279.804721 8279.552724 8279.535303 8279.834285 8279.102084 8278.972837 8279.518995 8279.660073 0.000000 0.000000
0.000000 0.000000 9995.361031 9995.248269 9994.752342 9994.884084 9995.511459 9995.251364 9995.267051 9995.489389 9995.695951 9995.489389 9995.267051 9995.251364 9995.511459 9994.884084 9994.752342 9995.248269 9995.361031 0.000000 0.000000
0.000000 0.000000 11574.180745 11574.081742 11573.620389 11573.749897 11574.324404 11574.086137 11574.097774 11574.303364 11574.497720 11574.303364 11574.097774 11574.086137 11574.324404 11573.749897 11573.620389 11574.081742 11574.180745 0.000000 0.000000
0.000000 0.000000 13041.865462 13041.795065 13041.352504 13041.518501 13042.000717 13041.786325 13041.800416 13041.984450 13042.161626 13041.984450 13041.800416 13041.786325 13042.000717 13041.518501 13041.352504 13041.795065 13041.865462 0.000000 0.000000
0.000000 0.000000 14407.452895 14407.376485 14406.962376 14407.103125 14407.588768 14407.379171 14407.389366 14407.570900 14407.737791 14407.570900 14407.389366 14407.379171 14407.588768 14407.103125 14406.962376 14407.376485 14407.452895 0.000000 0.000000
0.000000 0.000000 15696.055984 15695.983160 15695.596825 15695.732610 15696.201210 15696.002209 15696.008133 15696.187920 15696.344023 15696.187920 15696.008133 15696.002209 15696.201210 15695.732610 15695.596825 15695.983160 15696.055984 0.000000 0.000000
0.000000 0.000000 16915.279779 16915.213060 16914.838207 16914.974746 16915.417450 16915.227351 16915.232290 16915.406907 16915.553048 16915.406907 16915.232290 16915.227351 16915.417450 16914.974746 16914.838207 16915.213060 16915.279779 0.000000 0.000000
0.000000 0.000000 18079.786929 18079.727982 18079.367757 18079.520182 18079.923447 18079.741976 18079.748613 18079.914950 18080.053941 18079.914950 18079.748613 18079.741976 18079.923447 18079.520182 18079.367757 18079.727982 18079.786929 0.000000 0.000000
0.000000 0.000000 19191.740873 19191.677164 19191.325063 19191.464843 19191.866100 19191.693067 19191.699974 19191.863984 19191.995949 19191.863984 19191.699974 19191.693067 19191.866100 19191.464843 19191.325063 19191.677164 19191.740872 0.000000 0.000000
0.000000 0.000000 20255.583980 20255.522735 20255.183625 20255.315608 20255.702571 20255.534914 20255.541597 20255.698649 20255.826299 20255.698649 20255.541597 20255.534914 20255.702571 20255.315608 20255.183625 20255.522734 20255.583976 0.000000 0.000000
0.000000 0.000000 21276.743227 21276.683110 21276.350264 21276.485561 21276.855439 21276.694290 21276.701158 21276.853589 21276.973693 21276.853589 21276.701158 21276.694290 21276.855439 21276.485561 21276.350264 21276.683089 21276.743152 0.000000 0.000000
0.000000 0.000000 22309.399246 22309.879358 22309.556010 22309.686723 22310.047252 22309.891217 22309.896982 22310.044644 22310.160937 22310.044644 22309.896982 22309.891217 22310.047252 22309.686723 22309.555992 22309.876014 22309.933053 0.000000 0.000000
0.000000 0.000000 0.000000 0.000000 0.000000 0.000000 0.000000 0.000000 0.000000 0.000000 0.000000 0.000000 0.000000 0.000000 0.000000 0.000000 0.000000 0.000000 0.000000 0.000000 0.000000
0.000000 0.000000 0.000000 0.000000 0.000000 0.000000 0.000000 0.000000 0.000000 0.000000 0.000000 0.000000 0.000000 0.000000 0.000000 0.000000 0.000000 0.000000 0.000000 0.000000 0.000000