geotop/1.0zi/1.0Montebello/Templates/testdem/maps/_Erotot6350.asc
ncols         21
nrows         20
xllcorner     100.000000
yllcorner     100.000000
cellsize      50.000000
NODATA_value  -9999.0
0.000000 0.000000 0.000000 0.000000 0.000000 0.000000 0.000000 0.000000 0.000000 0.000000 0.000000 0.000000 0.000000 0.000000 0.000000 0.000000 0.000000 0.000000 0.000000 0.000000 0.000000
0.000000 0.000000 491.532219 492.391655 492.114543 492.412102 491.858455 491.918003 491.876149 492.042434 492.443417 491.747894 491.675520 491.767131 491.919549 491.824619 492.553210 492.753016 492.742784 0.000000 0.000000
0.000000 0.000000 37.069746 35.927772 36.008109 36.150811 36.405707 36.217050 36.030193 35.814576 36.061617 36.391245 36.208369 36.420337 36.294712 36.045602 34.732918 33.972870 34.663364 0.000000 0.000000
0.000000 0.000000 222.453448 225.276715 215.137253 212.729550 212.957367 207.767990 207.305186 206.820308 205.210669 203.171636 205.793670 203.666752 208.484968 214.508638 216.437158 217.850609 222.909074 0.000000 0.000000
0.000000 0.000000 2060.129646 2063.501119 2068.520397 2047.273221 2032.274626 2020.465616 2023.094370 2020.112552 2023.948843 2028.604486 2025.308405 2023.915568 2034.205637 2035.140882 2043.677362 2052.197968 2053.395909 0.000000 0.000000
0.000000 0.000000 3584.794937 3579.562567 3576.341749 3571.481905 3561.171507 3553.253825 3551.780665 3551.305118 3549.543019 3546.950005 3543.971677 3546.647010 3548.900084 3565.501371 3570.863054 3575.434177 3577.867630 0.000000 0.000000
0.000000 0.000000 4764.110983 4761.720347 4757.998435 4753.189671 4740.102323 4722.765355 4722.320658 4718.856120 4720.718050 4723.572796 4725.652020 4726.702304 4747.523340 4757.311175 4762.177807 4763.779361 4769.263072 0.000000 0.000000
0.000000 0.000000 5479.953027 5481.408571 5479.478076 5472.277204 5471.412926 5463.660850 5464.212088 5464.613522 5463.288631 5460.702585 5460.442994 5464.479372 5465.389539 5468.418482 5477.723340 5476.069829 5479.958650 0.000000 0.000000
0.000000 0.000000 6479.855742 6477.014875 6471.826118 6472.310988 6464.831042 6453.467967 6454.092252 6450.922856 6448.512857 6449.433564 6450.527155 6445.772166 6460.255453 6469.071016 6472.067803 6473.350861 6475.408128 0.000000 0.000000
0.000000 0.000000 7634.994861 7632.649655 7633.963445 7632.317208 7616.325906 7608.702368 7609.685172 7608.930558 7606.661338 7609.685018 7613.200882 7611.356103 7615.806999 7627.378939 7632.070415 7632.638737 7633.881559 0.000000 0.000000
0.000000 0.000000 8882.579393 8882.968648 8881.770965 8866.395455 8863.419362 8851.614603 8855.580015 8845.665264 8848.192834 8847.211341 8842.180166 8850.205694 8855.578650 8857.409485 8865.354905 8871.478258 8879.847187 0.000000 0.000000
0.000000 0.000000 10195.964513 10191.685061 10185.448928 10182.826311 10177.528315 10161.782730 10160.371219 10159.757413 10166.260866 10158.680266 10160.857812 10160.772111 10178.002995 10182.203670 10184.294828 10185.471197 10206.063765 0.000000 0.000000
0.000000 0.000000 11533.128887 11530.366566 11530.817899 11522.065037 11517.528768 11487.163147 11485.555787 11485.051185 11469.555380 11479.127638 11483.122308 11485.824709 11505.184129 11509.751974 11525.817932 11525.113461 11532.859764 0.000000 0.000000
0.000000 0.000000 13006.292431 13007.828491 12999.402852 12997.206039 12965.377075 12974.315175 12963.231111 12964.614880 12965.865388 12965.392487 12963.406599 12959.936017 12949.712223 12984.596918 12990.853512 13002.716359 13010.733556 0.000000 0.000000
0.000000 0.000000 14610.673178 14606.078318 14601.364368 14571.364453 14571.476799 14553.986830 14540.084011 14538.082149 14532.447262 14525.134990 14529.372214 14527.721836 14545.145493 14548.411009 14596.949382 14587.141614 14587.868467 0.000000 0.000000
0.000000 0.000000 16271.028781 16270.323030 16225.891482 16226.981978 16231.878485 16223.940228 16243.775743 16234.995504 16242.571558 16237.132548 16230.669511 16241.852646 16246.023827 16245.378480 16220.118854 16281.849272 16275.092079 0.000000 0.000000
0.000000 0.000000 18180.804437 18125.361923 18124.494315 18111.165808 18079.752742 18071.973443 18061.130220 18065.102085 18047.566312 18048.652680 18055.599567 18053.600164 18067.978374 18083.545923 18123.100354 18111.932200 18174.498108 0.000000 0.000000
0.000000 0.000000 19430.564136 19454.173213 19512.166863 19504.240902 19490.331990 19442.678987 19444.288955 19427.536086 19443.356622 19440.539146 19446.087594 19442.896890 19485.165397 19496.778753 19522.565085 19464.257233 19441.732694 0.000000 0.000000
0.000000 0.000000 0.000000 0.000000 0.000000 0.000000 0.000000 0.000000 0.000000 0.000000 0.000000 0.000000 0.000000 0.000000 0.000000 0.000000 0.000000 0.000000 0.000000 0.000000 0.000000
0.000000 0.000000 0.000000 0.000000 0.000000 0.000000 0.000000 0.000000 0.000000 0.000000 0.000000 0.000000 0.000000 0.000000 0.000000 0.000000 0.000000 0.000000 0.000000 0.000000 0.000000