geotop/1.0zi/1.0Montebello/Templates/testdem/maps/_Erotot7128.asc
ncols         21
nrows         20
xllcorner     100.000000
yllcorner     100.000000
cellsize      50.000000
NODATA_value  -9999.0
0.000000 0.000000 0.000000 0.000000 0.000000 0.000000 0.000000 0.000000 0.000000 0.000000 0.000000 0.000000 0.000000 0.000000 0.000000 0.000000 0.000000 0.000000 0.000000 0.000000 0.000000
0.000000 0.000000 569.931699 570.734129 570.387261 570.609802 569.996651 570.032606 569.979174 570.082213 570.508299 569.834887 569.724322 569.805863 570.097033 570.056393 570.817326 571.087429 571.157498 0.000000 0.000000
0.000000 0.000000 44.795491 43.570088 43.552335 43.706187 43.945451 43.791181 43.535269 43.375341 43.614001 43.902453 43.910285 44.038595 43.813464 43.613406 42.328650 41.600458 42.340432 0.000000 0.000000
0.000000 0.000000 250.006174 251.688459 239.688499 236.961727 235.481979 228.576692 229.218254 227.785273 226.563374 224.339587 226.647931 226.652634 234.841794 240.940598 242.330929 244.188479 249.838124 0.000000 0.000000
0.000000 0.000000 2559.075591 2562.283430 2565.755352 2544.349093 2529.338035 2516.356053 2518.278680 2515.344765 2520.896452 2527.002842 2521.657349 2519.889961 2531.676895 2534.591169 2543.386385 2551.208829 2553.206049 0.000000 0.000000
0.000000 0.000000 4308.608857 4302.916082 4299.564115 4293.356275 4279.005607 4270.823651 4270.153382 4269.253298 4265.846874 4260.038318 4259.168197 4262.487590 4262.520392 4280.772613 4289.056565 4295.834292 4297.752745 0.000000 0.000000
0.000000 0.000000 5516.106166 5513.207345 5508.970978 5503.135277 5489.725519 5470.722830 5470.183483 5466.365368 5467.934096 5471.719611 5473.119845 5473.651664 5498.193088 5507.782177 5512.280871 5514.498945 5520.108359 0.000000 0.000000
0.000000 0.000000 6411.967675 6412.511393 6409.833855 6401.225689 6399.755997 6391.271303 6391.902186 6391.772897 6390.943608 6387.170006 6386.414907 6392.300333 6393.165327 6396.969478 6408.004868 6406.105694 6411.230474 0.000000 0.000000
0.000000 0.000000 7621.208753 7617.202827 7611.434465 7611.922107 7602.076840 7588.542500 7589.982986 7585.767792 7583.764164 7583.654382 7585.818308 7580.216688 7596.880151 7609.582634 7610.338285 7613.218203 7614.948770 0.000000 0.000000
0.000000 0.000000 9009.914226 9006.885165 9007.427812 9004.443937 8985.853212 8977.664830 8977.859163 8977.449963 8974.467192 8977.698908 8980.620488 8979.818703 8985.043467 8997.842954 9004.113752 9005.384006 9006.798020 0.000000 0.000000
0.000000 0.000000 10517.614189 10517.056243 10514.619189 10496.856433 10493.232931 10478.369122 10483.907739 10471.752874 10475.515262 10474.002887 10467.556971 10476.735819 10484.148985 10486.317821 10496.956895 10502.963666 10513.239700 0.000000 0.000000
0.000000 0.000000 12123.177893 12116.289534 12109.394574 12106.824473 12098.096634 12080.940690 12078.510768 12078.518955 12085.515121 12075.623755 12078.964277 12079.021146 12098.203719 12105.083551 12106.818213 12109.962114 12131.683273 0.000000 0.000000
0.000000 0.000000 13776.960317 13773.020906 13773.247169 13762.044807 13756.396686 13717.644425 13716.297515 13715.484132 13697.327400 13707.743999 13711.700025 13715.580387 13741.599002 13747.482947 13766.619384 13765.755785 13774.215775 0.000000 0.000000
0.000000 0.000000 15631.915673 15634.147820 15622.879612 15619.504692 15576.103274 15588.750343 15576.344475 15577.201913 15581.315959 15578.181046 15576.465043 15572.705611 15557.212265 15604.858783 15610.546112 15626.696165 15635.725929 0.000000 0.000000
0.000000 0.000000 17680.899668 17673.922364 17667.147947 17623.474247 17627.675690 17605.440901 17588.982561 17586.693950 17578.357568 17569.664541 17573.802858 17572.444145 17597.832496 17596.190201 17662.292002 17649.279410 17648.738642 0.000000 0.000000
0.000000 0.000000 19817.359593 19815.106908 19750.969755 19761.424360 19765.168310 19753.723859 19783.083723 19770.924772 19783.391750 19775.806613 19766.751012 19783.283814 19787.511500 19787.699868 19743.334172 19833.537488 19826.984435 0.000000 0.000000
0.000000 0.000000 22337.554088 22249.464787 22258.610032 22234.103801 22185.690963 22175.738366 22156.095139 22162.208576 22135.818148 22137.323384 22149.308764 22142.138530 22163.046550 22190.988509 22255.789232 22223.878720 22319.023091 0.000000 0.000000
0.000000 0.000000 23725.167650 23785.716873 23873.394408 23866.689295 23855.523693 23780.782324 23786.833116 23762.675514 23792.070400 23786.001731 23789.177084 23790.709001 23854.860658 23864.265057 23888.245008 23806.162823 23747.664134 0.000000 0.000000
0.000000 0.000000 0.000000 0.000000 0.000000 0.000000 0.000000 0.000000 0.000000 0.000000 0.000000 0.000000 0.000000 0.000000 0.000000 0.000000 0.000000 0.000000 0.000000 0.000000 0.000000
0.000000 0.000000 0.000000 0.000000 0.000000 0.000000 0.000000 0.000000 0.000000 0.000000 0.000000 0.000000 0.000000 0.000000 0.000000 0.000000 0.000000 0.000000 0.000000 0.000000 0.000000