geotop/1.0zi/1.0Montebello/Templates/testdem/maps/_Erotot9480.asc
ncols         21
nrows         20
xllcorner     100.000000
yllcorner     100.000000
cellsize      50.000000
NODATA_value  -9999.0
0.000000 0.000000 0.000000 0.000000 0.000000 0.000000 0.000000 0.000000 0.000000 0.000000 0.000000 0.000000 0.000000 0.000000 0.000000 0.000000 0.000000 0.000000 0.000000 0.000000 0.000000
0.000000 0.000000 791.880160 791.981335 790.754439 790.292195 788.762555 788.276335 788.411134 788.439839 788.850762 788.231575 788.082739 788.118807 789.093212 789.740537 791.089065 792.322563 792.962283 0.000000 0.000000
0.000000 0.000000 59.390609 58.009194 58.364475 58.128812 58.844798 58.403130 58.008758 57.897487 58.070641 58.374178 58.448262 58.537575 58.429741 57.940518 56.848996 55.925645 56.798763 0.000000 0.000000
0.000000 0.000000 514.487660 518.168777 504.093783 498.483285 497.815667 490.161694 496.935008 499.042284 495.471880 495.696243 500.461653 499.963409 508.530891 517.060125 519.852327 518.173845 524.084424 0.000000 0.000000
0.000000 0.000000 4304.939977 4298.842036 4293.660807 4258.322546 4231.063337 4217.710525 4210.136516 4203.851343 4211.323619 4217.789512 4215.997828 4211.097246 4230.804763 4237.138936 4255.168425 4266.225287 4267.259071 0.000000 0.000000
0.000000 0.000000 6515.927041 6510.518780 6505.537597 6508.054756 6483.151553 6470.951096 6474.552478 6473.811904 6469.274898 6462.954371 6461.426624 6465.942950 6466.033279 6492.504908 6493.168088 6501.009732 6503.325240 0.000000 0.000000
0.000000 0.000000 8005.615258 8000.433436 7996.385378 7984.508290 7976.514745 7938.127631 7941.174008 7938.549623 7937.901905 7942.407958 7943.168834 7944.903871 7978.506688 7983.833274 7993.583156 7996.427818 8001.793005 0.000000 0.000000
0.000000 0.000000 9564.167908 9561.512219 9556.116249 9543.224944 9535.371545 9532.078457 9532.148633 9530.192477 9530.140035 9526.141049 9525.243527 9532.643200 9531.209316 9541.597435 9556.931539 9554.472018 9560.905548 0.000000 0.000000
0.000000 0.000000 11558.872354 11553.772474 11546.265965 11542.577137 11525.343044 11503.094556 11506.621128 11502.405651 11498.891588 11498.630469 11501.835345 11495.769732 11521.649537 11536.586415 11539.225284 11542.936226 11545.809203 0.000000 0.000000
0.000000 0.000000 13881.382414 13873.956921 13870.432507 13862.390365 13837.831378 13823.548686 13823.546418 13821.825983 13817.457490 13822.217106 13825.769587 13825.679226 13833.493157 13854.486465 13863.409105 13867.507064 13867.301703 0.000000 0.000000
0.000000 0.000000 16474.781173 16472.303456 16469.886398 16437.416669 16430.374204 16405.479484 16414.452911 16396.798555 16402.626753 16398.752161 16391.055786 16403.067025 16418.684350 16423.622647 16439.904732 16445.429507 16462.198248 0.000000 0.000000
0.000000 0.000000 19375.690227 19363.727988 19345.339665 19343.593182 19324.206892 19295.928313 19295.636737 19297.694204 19304.952459 19289.868136 19298.694707 19296.341200 19325.551541 19340.650293 19342.820105 19348.488445 19375.325290 0.000000 0.000000
0.000000 0.000000 22467.568496 22460.073929 22462.571449 22433.389454 22421.418743 22342.422024 22339.877285 22338.773469 22304.092069 22327.131967 22329.854057 22338.625341 22395.745196 22406.555993 22440.214789 22440.710108 22446.635169 0.000000 0.000000
0.000000 0.000000 26149.855137 26151.421570 26125.003035 26116.310960 26009.840154 26062.654044 26038.333484 26040.114717 26058.246895 26042.734431 26041.471443 26028.811935 25977.629368 26097.886758 26099.457650 26130.257521 26145.160411 0.000000 0.000000
0.000000 0.000000 30152.468724 30137.372910 30119.051769 29996.478315 30057.250482 29979.858175 29957.756674 29951.678706 29923.424644 29911.815460 29925.391960 29927.797164 30002.514070 29941.435473 30115.045795 30070.624906 30061.238795 0.000000 0.000000
0.000000 0.000000 33757.061106 33751.463448 33603.220574 33690.534637 33668.953391 33677.594657 33754.800411 33732.950382 33771.685735 33764.613815 33736.575370 33774.109379 33751.906399 33773.535400 33583.846315 33819.117965 33809.972357 0.000000 0.000000
0.000000 0.000000 37099.576678 36958.560604 37031.727886 36967.135634 36893.543728 36874.252941 36818.406463 36834.821692 36781.243116 36789.059538 36819.253872 36789.699365 36830.056434 36875.401800 37027.058870 36889.024517 37039.414584 0.000000 0.000000
0.000000 0.000000 37970.428015 38072.270190 38165.493693 38161.750065 38162.775913 38080.717517 38094.923248 38067.265823 38108.743326 38101.336932 38099.808938 38106.788481 38171.748146 38173.815189 38178.387278 38098.014854 37997.500104 0.000000 0.000000
0.000000 0.000000 0.000000 0.000000 0.000000 0.000000 0.000000 0.000000 0.000000 0.000000 0.000000 0.000000 0.000000 0.000000 0.000000 0.000000 0.000000 0.000000 0.000000 0.000000 0.000000
0.000000 0.000000 0.000000 0.000000 0.000000 0.000000 0.000000 0.000000 0.000000 0.000000 0.000000 0.000000 0.000000 0.000000 0.000000 0.000000 0.000000 0.000000 0.000000 0.000000 0.000000