geotop/1.0zi/1.0Montebello/Templates/testdem/maps/_Erotot9994.asc
ncols         21
nrows         20
xllcorner     100.000000
yllcorner     100.000000
cellsize      50.000000
NODATA_value  -9999.0
0.000000 0.000000 0.000000 0.000000 0.000000 0.000000 0.000000 0.000000 0.000000 0.000000 0.000000 0.000000 0.000000 0.000000 0.000000 0.000000 0.000000 0.000000 0.000000 0.000000 0.000000
0.000000 0.000000 829.301888 829.452597 828.259422 827.854293 826.238729 825.744141 825.926421 825.917342 826.316147 825.755951 825.567430 825.609904 826.620134 827.202938 828.561101 829.738253 830.438964 0.000000 0.000000
0.000000 0.000000 61.983388 60.662072 61.021463 60.752192 61.601658 61.147277 60.716541 60.632781 60.816138 60.996474 61.188714 61.243474 61.095315 60.580056 59.557876 58.675361 59.404432 0.000000 0.000000
0.000000 0.000000 564.204873 569.280686 552.509005 543.638094 542.701790 534.681223 541.887365 543.821224 539.881790 541.163331 545.522517 544.963769 553.748491 564.481126 567.296264 565.753062 571.225976 0.000000 0.000000
0.000000 0.000000 4654.910088 4648.283584 4644.522538 4603.273563 4577.121233 4561.346348 4553.479294 4548.598180 4553.113336 4558.659754 4558.474534 4552.189028 4573.550764 4579.869413 4599.372345 4611.314474 4612.087415 0.000000 0.000000
0.000000 0.000000 6966.175028 6959.790834 6953.878676 6955.075175 6925.696682 6912.176976 6916.229236 6915.433417 6909.129635 6902.441143 6900.006528 6904.261027 6907.044815 6934.754009 6935.071648 6942.614034 6944.141498 0.000000 0.000000
0.000000 0.000000 8560.627257 8554.485505 8550.079970 8535.571248 8529.010457 8490.818112 8490.248245 8487.400879 8485.225613 8489.315490 8489.693417 8490.795328 8527.202614 8531.408797 8541.311251 8544.541271 8549.481290 0.000000 0.000000
0.000000 0.000000 10280.242050 10276.178346 10268.435395 10250.879687 10239.775011 10235.912070 10236.299527 10234.410001 10232.491349 10228.550767 10227.787820 10234.860160 10233.885039 10245.750798 10261.943478 10259.768551 10265.828039 0.000000 0.000000
0.000000 0.000000 12469.371993 12462.838078 12452.706011 12445.024637 12426.706514 12402.789406 12406.024158 12402.203593 12397.070929 12396.584490 12399.840496 12393.018981 12421.458573 12437.592941 12440.729049 12444.846223 12447.119886 0.000000 0.000000
0.000000 0.000000 15036.312753 15025.694875 15020.376383 15008.782151 14992.100692 14971.147278 14969.933489 14968.157130 14961.350495 14965.933345 14969.346643 14968.228811 14978.230228 15000.877313 15009.871819 15014.213002 15013.268382 0.000000 0.000000
0.000000 0.000000 17929.162109 17923.699219 17918.607372 17879.574123 17878.699395 17847.862346 17856.623908 17837.821834 17841.878726 17837.342391 17828.812773 17840.802204 17859.085008 17864.958175 17882.033787 17885.742162 17904.919812 0.000000 0.000000
0.000000 0.000000 21201.221398 21184.635463 21161.597193 21156.617258 21142.577957 21106.481357 21104.484901 21107.497241 21112.559021 21095.607188 21104.515817 21100.261867 21134.219660 21151.661789 21154.155155 21160.864468 21188.129889 0.000000 0.000000
0.000000 0.000000 24703.185233 24691.486176 24692.235389 24665.673752 24643.642723 24556.432308 24550.509262 24547.961454 24503.640577 24532.908303 24533.902195 24542.716689 24609.559325 24619.762094 24659.632714 24659.276270 24662.473565 0.000000 0.000000
0.000000 0.000000 28865.718126 28865.019744 28830.517868 28812.178857 28691.777578 28763.516366 28732.786546 28735.020704 28757.273302 28734.862621 28733.032696 28715.567954 28648.154301 28788.770556 28786.800080 28821.887966 28838.286363 0.000000 0.000000
0.000000 0.000000 33114.042762 33101.256391 33081.728129 32944.762336 33029.999640 32935.347205 32915.999308 32908.207241 32872.602136 32862.787712 32876.762471 32880.311964 32965.482737 32876.119197 33065.953940 33014.638625 33001.045284 0.000000 0.000000
0.000000 0.000000 36420.072558 36412.917009 36280.763677 36367.789275 36343.674520 36356.152718 36425.106309 36406.098241 36440.658120 36434.844028 36408.622326 36441.021579 36416.264511 36445.396479 36260.229044 36474.153340 36465.350891 0.000000 0.000000
0.000000 0.000000 39069.086212 38971.114791 39021.075196 38979.793235 38926.615677 38925.880369 38889.723074 38901.503072 38865.222389 38870.862357 38890.119612 38871.930447 38888.560801 38918.378467 39015.082969 38924.641994 39028.805343 0.000000 0.000000
0.000000 0.000000 39986.803444 40046.166966 40118.946287 40113.525209 40108.775831 40050.843385 40057.595556 40039.768695 40063.185487 40059.078395 40060.714944 40061.312448 40109.417409 40116.000566 40124.961952 40055.604870 39997.657911 0.000000 0.000000
0.000000 0.000000 0.000000 0.000000 0.000000 0.000000 0.000000 0.000000 0.000000 0.000000 0.000000 0.000000 0.000000 0.000000 0.000000 0.000000 0.000000 0.000000 0.000000 0.000000 0.000000
0.000000 0.000000 0.000000 0.000000 0.000000 0.000000 0.000000 0.000000 0.000000 0.000000 0.000000 0.000000 0.000000 0.000000 0.000000 0.000000 0.000000 0.000000 0.000000 0.000000 0.000000