geotop/1.0zi/1.0Montebello/Templates/testdem/maps/_Erotot7593.asc
ncols         21
nrows         20
xllcorner     100.000000
yllcorner     100.000000
cellsize      50.000000
NODATA_value  -9999.0
0.000000 0.000000 0.000000 0.000000 0.000000 0.000000 0.000000 0.000000 0.000000 0.000000 0.000000 0.000000 0.000000 0.000000 0.000000 0.000000 0.000000 0.000000 0.000000 0.000000 0.000000
0.000000 0.000000 643.962955 644.903779 644.298685 644.457403 643.583538 643.782059 643.728828 643.833629 644.256895 643.589065 643.472653 643.513910 643.861040 643.905500 644.707710 645.292946 645.367843 0.000000 0.000000
0.000000 0.000000 50.191746 48.969774 49.116848 49.493164 49.907281 49.584061 49.318913 49.156748 49.398497 49.733998 49.755625 49.919945 49.669384 49.343404 47.933703 46.996872 47.749759 0.000000 0.000000
0.000000 0.000000 353.350710 354.638237 342.480293 336.724083 337.530123 326.149162 326.219145 327.095302 323.434873 321.600802 323.803262 323.951088 334.259531 341.117700 345.750389 348.702343 353.605598 0.000000 0.000000
0.000000 0.000000 3000.852878 3004.055262 3007.795466 2986.080705 2967.474605 2957.631839 2957.149580 2953.352835 2959.534837 2965.743167 2960.303563 2958.734253 2973.281230 2976.127128 2985.821588 2994.397135 2993.902103 0.000000 0.000000
0.000000 0.000000 4792.822134 4787.079363 4783.518852 4777.628893 4763.185229 4753.535400 4754.315943 4753.177612 4749.924765 4744.141035 4743.313467 4746.518119 4745.687513 4765.115351 4773.061493 4779.932858 4782.971967 0.000000 0.000000
0.000000 0.000000 6067.749071 6064.775412 6060.479024 6053.866229 6040.369798 6019.271542 6018.290723 6014.649701 6015.981475 6019.851773 6021.221876 6021.762501 6048.809138 6058.540438 6063.940578 6066.659269 6071.846357 0.000000 0.000000
0.000000 0.000000 7100.695027 7101.172962 7098.412531 7088.945641 7086.803206 7077.880494 7078.165070 7078.177027 7077.082932 7073.386842 7072.562312 7078.655250 7080.178218 7084.688349 7096.863952 7095.440238 7100.276484 0.000000 0.000000
0.000000 0.000000 8465.428583 8461.250340 8455.271579 8455.218038 8444.643187 8429.890494 8431.108552 8426.867665 8424.641351 8424.620356 8426.855265 8421.161720 8439.336429 8452.817326 8454.472029 8458.074234 8459.393926 0.000000 0.000000
0.000000 0.000000 10029.099640 10025.909767 10026.440310 10022.600765 10002.964514 9993.694512 9993.463105 9993.282267 9989.891226 9993.402119 9996.376166 9995.646934 10002.151359 10015.948932 10023.352603 10025.264198 10026.302418 0.000000 0.000000
0.000000 0.000000 11735.710714 11735.077462 11732.558138 11713.218657 11707.642793 11692.714393 11698.257574 11685.563392 11689.336005 11687.862262 11680.989117 11690.667712 11699.611834 11702.248343 11714.368891 11721.302391 11731.642945 0.000000 0.000000
0.000000 0.000000 13575.865376 13568.493461 13561.051236 13557.811062 13548.356194 13529.086952 13525.845970 13526.440332 13533.476547 13523.028055 13526.757929 13526.738794 13548.330238 13556.276763 13559.061059 13562.995048 13585.536248 0.000000 0.000000
0.000000 0.000000 15478.808285 15474.467384 15474.958158 15462.123843 15455.500110 15410.333769 15408.702381 15407.991829 15387.577980 15399.385178 15403.471414 15407.942759 15439.402245 15446.089068 15468.236105 15467.987807 15475.676336 0.000000 0.000000
0.000000 0.000000 17644.549710 17647.089037 17634.629761 17630.370969 17577.379249 17595.039103 17580.323469 17581.642057 17587.038100 17583.114793 17580.944654 17576.532053 17557.489788 17614.999129 17621.578277 17640.563085 17649.743177 0.000000 0.000000
0.000000 0.000000 20060.984605 20053.380885 20045.227384 19988.558001 19998.911150 19970.526874 19952.084188 19949.475579 19938.687777 19929.009932 19934.283194 19932.974139 19965.486135 19957.947383 20041.335531 20025.099531 20023.054602 0.000000 0.000000
0.000000 0.000000 22585.752846 22583.121563 22501.059968 22522.412391 22524.452005 22514.322764 22551.651534 22537.953911 22554.595847 22546.737241 22534.077884 22555.461645 22558.141604 22558.739311 22493.448377 22613.027339 22604.913885 0.000000 0.000000
0.000000 0.000000 25601.381309 25482.791658 25507.630013 25470.805088 25407.845312 25394.852869 25363.805939 25373.319345 25336.398724 25339.876519 25358.032234 25343.802565 25372.535851 25410.956593 25505.628813 25446.054640 25572.676227 0.000000 0.000000
0.000000 0.000000 26952.243625 27057.201023 27171.855779 27169.577256 27167.042058 27069.378166 27081.833646 27050.175974 27095.012581 27086.644824 27085.907948 27093.315603 27175.624035 27178.526942 27193.087474 27094.300850 26991.038336 0.000000 0.000000
0.000000 0.000000 0.000000 0.000000 0.000000 0.000000 0.000000 0.000000 0.000000 0.000000 0.000000 0.000000 0.000000 0.000000 0.000000 0.000000 0.000000 0.000000 0.000000 0.000000 0.000000
0.000000 0.000000 0.000000 0.000000 0.000000 0.000000 0.000000 0.000000 0.000000 0.000000 0.000000 0.000000 0.000000 0.000000 0.000000 0.000000 0.000000 0.000000 0.000000 0.000000 0.000000