geotop/1.0zi/1.0Montebello/Templates/testdem/maps/_Erotot1077.asc
ncols         21
nrows         20
xllcorner     100.000000
yllcorner     100.000000
cellsize      50.000000
NODATA_value  -9999.0
0.000000 0.000000 0.000000 0.000000 0.000000 0.000000 0.000000 0.000000 0.000000 0.000000 0.000000 0.000000 0.000000 0.000000 0.000000 0.000000 0.000000 0.000000 0.000000 0.000000 0.000000
0.000000 0.000000 122.918467 122.919842 122.954632 122.929809 122.911732 122.919864 122.921409 122.916349 122.916996 122.916349 122.921409 122.919864 122.911732 122.929809 122.954632 122.919842 122.918467 0.000000 0.000000
0.000000 0.000000 8.644970 8.426305 6.650740 8.508503 8.680750 8.672114 8.682882 8.688635 8.686764 8.688635 8.682882 8.672114 8.680750 8.508503 6.650740 8.426305 8.644970 0.000000 0.000000
0.000000 0.000000 895.787785 895.582568 895.603850 893.580876 895.843753 895.499431 895.462145 895.991772 895.934529 895.991772 895.462145 895.499431 895.843753 893.580876 895.603850 895.582568 895.787785 0.000000 0.000000
0.000000 0.000000 1600.862289 1600.637469 1599.882852 1600.571607 1601.004871 1600.836993 1600.794710 1600.943892 1600.898016 1600.943892 1600.794710 1600.836993 1601.004871 1600.571607 1599.882852 1600.637469 1600.862289 0.000000 0.000000
0.000000 0.000000 2118.807208 2118.633154 2117.877783 2118.051762 2118.893136 2118.718474 2118.704769 2118.922529 2118.894722 2118.922529 2118.704769 2118.718474 2118.893136 2118.051762 2117.877783 2118.633154 2118.807208 0.000000 0.000000
0.000000 0.000000 2762.020587 2761.881779 2761.198466 2761.371420 2762.080780 2761.947483 2761.942975 2762.122719 2762.098535 2762.122719 2761.942975 2761.947483 2762.080780 2761.371420 2761.198466 2761.881779 2762.020587 0.000000 0.000000
0.000000 0.000000 3374.608150 3374.488187 3373.854921 3374.027609 3374.650892 3374.542740 3374.542286 3374.700458 3374.679470 3374.700458 3374.542286 3374.542740 3374.650892 3374.027609 3373.854921 3374.488187 3374.608150 0.000000 0.000000
0.000000 0.000000 3956.821349 3956.711403 3956.108212 3956.276321 3956.856657 3956.759312 3956.761095 3956.908322 3956.887938 3956.908322 3956.761095 3956.759312 3956.856657 3956.276321 3956.108212 3956.711403 3956.821349 0.000000 0.000000
0.000000 0.000000 4515.077643 4514.994843 4514.402817 4514.609049 4515.104123 4515.022889 4515.031507 4515.161448 4515.140926 4515.161448 4515.031507 4515.022889 4515.104123 4514.609049 4514.402817 4514.994843 4515.077643 0.000000 0.000000
0.000000 0.000000 5051.451090 5051.358367 5050.783619 5050.963705 5051.479356 5051.393860 5051.399333 5051.531885 5051.510294 5051.531885 5051.399333 5051.393860 5051.479356 5050.963705 5050.783619 5051.358367 5051.451090 0.000000 0.000000
0.000000 0.000000 5571.315610 5571.219684 5570.658116 5570.828551 5571.339305 5571.256292 5571.262438 5571.393825 5571.373389 5571.393825 5571.262438 5571.256292 5571.339305 5570.828551 5570.658116 5571.219684 5571.315610 0.000000 0.000000
0.000000 0.000000 6079.939045 6079.844839 6079.289623 6079.461438 6079.960615 6079.878702 6079.885565 6080.014993 6079.994086 6080.014993 6079.885565 6079.878702 6079.960615 6079.461438 6079.289623 6079.844839 6079.939045 0.000000 0.000000
0.000000 0.000000 6578.102783 6578.015096 6577.464124 6577.657110 6578.122297 6578.044107 6578.053677 6578.178716 6578.157112 6578.178716 6578.053677 6578.044107 6578.122297 6577.657110 6577.464124 6578.015096 6578.102783 0.000000 0.000000
0.000000 0.000000 7068.927655 7068.837428 7068.286715 7068.469336 7068.947353 7068.867446 7068.876072 7069.003564 7068.981213 7069.003564 7068.876072 7068.867446 7068.947353 7068.469336 7068.286715 7068.837428 7068.927655 0.000000 0.000000
0.000000 0.000000 7553.018404 7552.928629 7552.390910 7552.565830 7553.036987 7552.959969 7552.968533 7553.092777 7553.070644 7553.092777 7552.968533 7552.959969 7553.036987 7552.565830 7552.390910 7552.928629 7553.018401 0.000000 0.000000
0.000000 0.000000 8028.478472 8028.388939 8027.847836 8028.026513 8028.498308 8028.417967 8028.426693 8028.553425 8028.530141 8028.553425 8028.426693 8028.417967 8028.498308 8028.026513 8027.847835 8028.388922 8028.478191 0.000000 0.000000
0.000000 0.000000 8522.979015 8523.131876 8522.592629 8522.762220 8523.239933 8523.157612 8523.166536 8523.295650 8523.272113 8523.295650 8523.166536 8523.157612 8523.239933 8522.762220 8522.592613 8523.129195 8523.219763 0.000000 0.000000
0.000000 0.000000 0.000000 0.000000 0.000000 0.000000 0.000000 0.000000 0.000000 0.000000 0.000000 0.000000 0.000000 0.000000 0.000000 0.000000 0.000000 0.000000 0.000000 0.000000 0.000000
0.000000 0.000000 0.000000 0.000000 0.000000 0.000000 0.000000 0.000000 0.000000 0.000000 0.000000 0.000000 0.000000 0.000000 0.000000 0.000000 0.000000 0.000000 0.000000 0.000000 0.000000