geotop/1.0zi/1.0Montebello/Templates/testdem/maps/_Erotot0902.asc
ncols         21
nrows         20
xllcorner     100.000000
yllcorner     100.000000
cellsize      50.000000
NODATA_value  -9999.0
0.000000 0.000000 0.000000 0.000000 0.000000 0.000000 0.000000 0.000000 0.000000 0.000000 0.000000 0.000000 0.000000 0.000000 0.000000 0.000000 0.000000 0.000000 0.000000 0.000000 0.000000
0.000000 0.000000 78.797268 78.798504 78.832915 78.806975 78.792206 78.798539 78.799861 78.795536 78.796044 78.795536 78.799861 78.798539 78.792206 78.806975 78.832915 78.798504 78.797268 0.000000 0.000000
0.000000 0.000000 7.310476 7.092812 5.319501 7.178941 7.341947 7.336421 7.349404 7.355834 7.355027 7.355834 7.349404 7.336421 7.341947 7.178941 5.319501 7.092812 7.310476 0.000000 0.000000
0.000000 0.000000 761.965972 761.526497 761.774367 759.466291 761.963568 761.780396 761.619130 761.903917 761.873222 761.903917 761.619130 761.780396 761.963568 759.466291 761.774367 761.526497 761.965972 0.000000 0.000000
0.000000 0.000000 1340.137459 1339.870468 1339.170433 1339.822275 1340.252207 1340.112849 1340.069000 1340.183080 1340.144518 1340.183080 1340.069000 1340.112849 1340.252207 1339.822275 1339.170433 1339.870468 1340.137459 0.000000 0.000000
0.000000 0.000000 1787.881107 1787.605566 1786.948756 1787.008807 1787.929660 1787.826864 1787.770843 1787.886051 1787.869528 1787.886051 1787.770843 1787.826864 1787.929660 1787.008807 1786.948756 1787.605566 1787.881107 0.000000 0.000000
0.000000 0.000000 2335.607320 2335.382565 2334.779221 2334.856677 2335.637780 2335.564401 2335.522960 2335.615347 2335.598637 2335.615347 2335.522960 2335.564401 2335.637780 2334.856677 2334.779221 2335.382565 2335.607320 0.000000 0.000000
0.000000 0.000000 2855.961501 2855.763319 2855.199009 2855.285654 2855.979204 2855.924377 2855.889070 2855.967134 2855.952053 2855.967134 2855.889070 2855.924377 2855.979204 2855.285654 2855.199009 2855.763319 2855.961501 0.000000 0.000000
0.000000 0.000000 3349.231644 3349.047073 3348.508365 3348.594651 3349.243634 3349.196940 3349.165086 3349.235973 3349.221763 3349.235973 3349.165086 3349.196940 3349.243634 3348.594651 3348.508365 3349.047073 3349.231644 0.000000 0.000000
0.000000 0.000000 3823.168660 3823.013415 3822.483709 3822.610271 3823.172965 3823.141322 3823.116676 3823.172120 3823.158403 3823.172120 3823.116676 3823.141322 3823.172965 3822.610271 3822.483709 3823.013415 3823.168660 0.000000 0.000000
0.000000 0.000000 4279.207907 4279.042790 4278.529862 4278.630831 4279.213505 4279.177688 4279.150336 4279.209016 4279.194840 4279.209016 4279.150336 4279.177688 4279.213505 4278.630831 4278.529862 4279.042790 4279.207907 0.000000 0.000000
0.000000 0.000000 4721.922598 4721.754570 4721.253706 4721.345491 4721.924081 4721.890257 4721.863532 4721.921864 4721.909044 4721.921864 4721.863532 4721.890257 4721.924081 4721.345491 4721.253706 4721.754570 4721.922598 0.000000 0.000000
0.000000 0.000000 5155.223308 5155.057151 5154.562059 5154.655459 5155.223019 5155.190149 5155.163959 5155.220817 5155.208005 5155.220817 5155.163959 5155.190149 5155.223019 5154.655459 5154.562059 5155.057151 5155.223308 0.000000 0.000000
0.000000 0.000000 5580.620453 5580.460175 5579.969720 5580.083948 5580.617671 5580.589316 5580.565609 5580.617594 5580.604736 5580.617594 5580.565609 5580.589316 5580.617671 5580.083948 5579.969720 5580.460175 5580.620453 0.000000 0.000000
0.000000 0.000000 6000.256188 6000.092109 5999.602268 5999.705065 6000.252403 6000.223442 6000.198787 6000.252654 6000.239286 6000.252654 6000.198787 6000.223442 6000.252403 5999.705065 5999.602268 6000.092109 6000.256188 0.000000 0.000000
0.000000 0.000000 6415.277470 6415.115860 6414.636653 6414.734075 6415.273797 6415.246169 6415.221991 6415.274519 6415.260643 6415.274519 6415.221991 6415.246169 6415.273797 6414.734075 6414.636653 6415.115860 6415.277468 0.000000 0.000000
0.000000 0.000000 6823.973049 6823.809190 6823.328193 6823.426814 6823.969119 6823.939771 6823.915236 6823.968838 6823.954610 6823.968838 6823.915236 6823.939771 6823.969119 6823.426814 6823.328192 6823.809174 6823.972811 0.000000 0.000000
0.000000 0.000000 7249.932105 7249.979882 7249.501399 7249.589538 7250.140108 7250.109410 7250.084503 7250.139521 7250.125143 7250.139521 7250.084503 7250.109410 7250.140108 7249.589538 7249.501384 7249.977465 7250.143964 0.000000 0.000000
0.000000 0.000000 0.000000 0.000000 0.000000 0.000000 0.000000 0.000000 0.000000 0.000000 0.000000 0.000000 0.000000 0.000000 0.000000 0.000000 0.000000 0.000000 0.000000 0.000000 0.000000
0.000000 0.000000 0.000000 0.000000 0.000000 0.000000 0.000000 0.000000 0.000000 0.000000 0.000000 0.000000 0.000000 0.000000 0.000000 0.000000 0.000000 0.000000 0.000000 0.000000 0.000000