geotop/1.0zi/1.0Montebello/Templates/testdem/maps/_Erotot5574.asc
ncols         21
nrows         20
xllcorner     100.000000
yllcorner     100.000000
cellsize      50.000000
NODATA_value  -9999.0
0.000000 0.000000 0.000000 0.000000 0.000000 0.000000 0.000000 0.000000 0.000000 0.000000 0.000000 0.000000 0.000000 0.000000 0.000000 0.000000 0.000000 0.000000 0.000000 0.000000 0.000000
0.000000 0.000000 422.952958 422.152084 421.970046 421.757903 421.715738 421.814608 421.764943 421.938219 421.847526 421.646922 421.586759 421.660221 421.770216 421.678182 421.875576 422.076598 422.493573 0.000000 0.000000
0.000000 0.000000 31.626628 32.286114 32.571888 33.735921 33.480549 33.240358 33.062523 32.840130 33.048660 33.399736 33.215165 32.976468 33.434220 33.203030 32.377255 31.543240 30.951867 0.000000 0.000000
0.000000 0.000000 183.504459 184.749796 177.117833 174.499186 176.018891 170.875556 170.395939 169.930689 169.250024 166.830780 169.557903 168.054317 171.163492 176.361331 176.311964 179.517963 182.953823 0.000000 0.000000
0.000000 0.000000 1723.784187 1728.461871 1734.783019 1716.848911 1701.960393 1691.176615 1693.822594 1691.198139 1694.699159 1699.182780 1695.367109 1693.155244 1703.371828 1702.331677 1709.623207 1716.620032 1717.844260 0.000000 0.000000
0.000000 0.000000 3103.501554 3097.520418 3094.761085 3090.479499 3083.001752 3075.939635 3074.322122 3074.251235 3073.517625 3071.203312 3068.730833 3070.928801 3069.972597 3084.986345 3089.777297 3093.044996 3095.599682 0.000000 0.000000
0.000000 0.000000 4106.768816 4104.246690 4101.273390 4096.904519 4084.143718 4068.250662 4068.372877 4064.983293 4066.719981 4069.479021 4071.376258 4072.411711 4091.621593 4100.724110 4105.491341 4107.131514 4112.344348 0.000000 0.000000
0.000000 0.000000 4735.031801 4736.414517 4735.703629 4729.567649 4729.217272 4722.394516 4722.988897 4723.399973 4722.236075 4719.858012 4719.520628 4722.996325 4722.617677 4724.686618 4732.882363 4731.118934 4734.175864 0.000000 0.000000
0.000000 0.000000 5568.169147 5565.538767 5561.729834 5562.917969 5556.573350 5546.437933 5546.954579 5544.386992 5542.029754 5543.248222 5544.380726 5539.141064 5551.718855 5559.171729 5561.179264 5561.973358 5563.427879 0.000000 0.000000
0.000000 0.000000 6533.424754 6531.093808 6533.484473 6533.079773 6518.710398 6512.007293 6513.475841 6512.622934 6510.684845 6513.796814 6516.662674 6514.973186 6517.651975 6527.319582 6531.024558 6531.191354 6531.911804 0.000000 0.000000
0.000000 0.000000 7573.443964 7573.664974 7574.049389 7560.255773 7557.943215 7547.657701 7551.229998 7542.331976 7544.812955 7543.929341 7539.227283 7546.321197 7550.101529 7550.898044 7557.363545 7563.107815 7570.305000 0.000000 0.000000
0.000000 0.000000 8656.972716 8652.527237 8648.018702 8646.560382 8642.984344 8628.733214 8627.890701 8627.016912 8633.667282 8626.783570 8628.686395 8628.123848 8642.715703 8645.307415 8646.631259 8647.110102 8666.128483 0.000000 0.000000
0.000000 0.000000 9750.788467 9748.924481 9750.155710 9743.099717 9739.393818 9714.551395 9713.435512 9713.159981 9699.281129 9708.028105 9711.809817 9713.601259 9728.003502 9731.239174 9744.737984 9744.080411 9750.926770 0.000000 0.000000
0.000000 0.000000 10946.898325 10948.306360 10941.941586 10941.137926 10916.028478 10923.880546 10913.838929 10915.263300 10916.448925 10916.144816 10914.632477 10911.246632 10901.307643 10928.162302 10933.372971 10943.574845 10950.445087 0.000000 0.000000
0.000000 0.000000 12232.671626 12227.777699 12225.331885 12204.175001 12203.574705 12189.168199 12176.817149 12175.420262 12170.832629 12164.929135 12167.822071 12165.977613 12179.504434 12182.936022 12220.637368 12212.304392 12212.528096 0.000000 0.000000
0.000000 0.000000 13547.043122 13546.477680 13514.703208 13513.573653 13518.651590 13511.353635 13527.334187 13520.070236 13525.566978 13521.266906 13516.436574 13524.116128 13527.283307 13526.429842 13508.155941 13554.245898 13547.501944 0.000000 0.000000
0.000000 0.000000 15032.595241 14994.731273 14992.572413 14984.464719 14961.726797 14955.942149 14948.660676 14951.679055 14939.164270 14939.410459 14943.710961 14943.938027 14953.864902 14962.598745 14990.670552 14986.252215 15029.446792 0.000000 0.000000
0.000000 0.000000 16090.180407 16099.559841 16140.069919 16134.086638 16120.625258 16087.890121 16088.925863 16075.993934 16086.442598 16084.693695 16090.341283 16085.296424 16113.416439 16124.225806 16146.169505 16104.632854 16094.918819 0.000000 0.000000
0.000000 0.000000 0.000000 0.000000 0.000000 0.000000 0.000000 0.000000 0.000000 0.000000 0.000000 0.000000 0.000000 0.000000 0.000000 0.000000 0.000000 0.000000 0.000000 0.000000 0.000000
0.000000 0.000000 0.000000 0.000000 0.000000 0.000000 0.000000 0.000000 0.000000 0.000000 0.000000 0.000000 0.000000 0.000000 0.000000 0.000000 0.000000 0.000000 0.000000 0.000000 0.000000