geotop/1.0zi/1.0Montebello/Templates/testdem/maps/_Erotot8184.asc
ncols         21
nrows         20
xllcorner     100.000000
yllcorner     100.000000
cellsize      50.000000
NODATA_value  -9999.0
0.000000 0.000000 0.000000 0.000000 0.000000 0.000000 0.000000 0.000000 0.000000 0.000000 0.000000 0.000000 0.000000 0.000000 0.000000 0.000000 0.000000 0.000000 0.000000 0.000000 0.000000
0.000000 0.000000 675.909083 676.707618 676.158148 676.263906 675.253601 675.413049 675.399725 675.462974 675.896003 675.221323 675.099668 675.151800 675.526355 675.680199 676.515330 677.062590 677.277394 0.000000 0.000000
0.000000 0.000000 52.204196 51.221096 51.462866 51.526517 52.160680 51.838266 51.545080 51.407315 51.636383 51.995643 52.015182 52.164623 51.919453 51.408021 50.135368 49.280806 49.805073 0.000000 0.000000
0.000000 0.000000 354.801321 355.934570 343.577567 338.317589 338.882124 327.565382 327.665897 328.501586 324.849792 323.069004 325.221273 325.367500 335.627428 342.695627 347.303991 350.207765 355.426283 0.000000 0.000000
0.000000 0.000000 3342.780212 3345.211142 3347.360342 3324.350722 3304.616431 3293.043157 3292.229702 3287.521246 3294.420599 3299.553551 3295.073802 3293.636907 3308.729836 3312.582964 3323.911692 3333.723813 3333.980902 0.000000 0.000000
0.000000 0.000000 5289.767057 5284.365117 5280.894231 5274.714505 5259.056051 5249.288948 5250.156328 5249.116189 5245.790449 5240.078399 5239.113451 5242.332433 5241.884276 5262.212425 5270.071664 5276.300723 5279.299148 0.000000 0.000000
0.000000 0.000000 6615.241559 6612.269694 6607.638122 6600.618234 6586.534496 6564.045687 6562.964086 6559.170938 6560.600270 6564.313662 6565.828349 6566.327643 6594.601871 6604.892023 6610.669468 6613.504142 6618.851016 0.000000 0.000000
0.000000 0.000000 7794.998065 7795.321395 7792.175915 7782.006431 7779.119741 7769.272107 7769.438065 7769.252309 7768.271605 7764.305794 7763.618848 7769.881818 7772.044230 7777.271550 7790.087522 7788.717890 7793.899705 0.000000 0.000000
0.000000 0.000000 9337.578247 9333.079138 9326.500861 9325.924215 9314.306489 9298.394247 9299.654941 9295.022597 9292.971311 9292.689182 9295.206217 9289.381648 9308.520635 9322.896214 9325.100433 9328.957148 9330.559870 0.000000 0.000000
0.000000 0.000000 11103.456535 11100.042364 11100.059652 11095.408758 11074.276521 11063.931689 11063.477364 11063.234654 11059.755932 11063.259071 11066.472523 11065.742336 11073.048288 11088.065004 11096.176940 11098.309653 11099.649015 0.000000 0.000000
0.000000 0.000000 13043.803132 13043.080070 13039.836209 13018.796264 13012.404589 12995.704993 13001.593711 12987.861712 12992.124501 12990.265490 12983.132173 12993.416403 13003.386407 13006.675946 13019.886158 13027.295549 13038.531355 0.000000 0.000000
0.000000 0.000000 15153.570717 15145.405232 15136.702995 15132.953104 15121.738612 15100.570346 15096.635502 15097.500394 15105.074734 15093.567380 15098.027528 15097.712405 15121.486681 15130.868662 15134.189926 15138.411032 15162.822819 0.000000 0.000000
0.000000 0.000000 17357.868883 17353.023209 17353.233221 17338.445897 17330.631143 17277.664072 17275.936828 17274.838520 17252.130870 17265.463111 17269.896546 17274.993318 17312.005378 17319.993017 17344.892605 17344.698971 17352.327171 0.000000 0.000000
0.000000 0.000000 19900.566461 19903.406749 19888.553187 19883.501251 19818.596391 19842.031008 19824.986615 19826.410594 19834.249257 19828.530007 19826.010060 19820.569496 19796.673421 19866.474677 19873.192650 19895.141157 19905.735357 0.000000 0.000000
0.000000 0.000000 22765.635651 22756.887243 22746.860706 22673.572727 22691.912201 22655.027289 22634.713714 22630.956908 22617.410747 22606.088229 22613.489453 22612.264111 22652.902090 22637.796705 22742.227786 22720.850626 22717.999698 0.000000 0.000000
0.000000 0.000000 25740.792208 25737.727172 25631.894935 25669.000353 25668.180196 25659.840569 25708.461956 25692.424817 25715.686413 25707.308757 25689.864513 25717.334184 25716.254415 25718.428106 25622.740977 25779.764918 25771.259481 0.000000 0.000000
0.000000 0.000000 29270.747023 29118.169270 29165.601883 29112.128365 29032.370928 29015.154942 28968.726127 28982.180665 28932.461897 28937.940809 28964.665025 28940.595452 28977.890728 29029.051956 29162.929151 29061.925119 29225.393458 0.000000 0.000000
0.000000 0.000000 30451.930207 30607.975797 30742.768869 30748.803122 30758.696139 30639.646146 30662.123642 30621.834327 30685.510906 30674.051845 30667.753197 30682.855520 30779.564080 30773.536232 30768.430924 30662.179476 30507.977007 0.000000 0.000000
0.000000 0.000000 0.000000 0.000000 0.000000 0.000000 0.000000 0.000000 0.000000 0.000000 0.000000 0.000000 0.000000 0.000000 0.000000 0.000000 0.000000 0.000000 0.000000 0.000000 0.000000
0.000000 0.000000 0.000000 0.000000 0.000000 0.000000 0.000000 0.000000 0.000000 0.000000 0.000000 0.000000 0.000000 0.000000 0.000000 0.000000 0.000000 0.000000 0.000000 0.000000 0.000000