geotop/1.0zi/1.0Montebello/Templates/testdem/maps/_Erotot0395.asc
ncols         21
nrows         20
xllcorner     100.000000
yllcorner     100.000000
cellsize      50.000000
NODATA_value  -9999.0
0.000000 0.000000 0.000000 0.000000 0.000000 0.000000 0.000000 0.000000 0.000000 0.000000 0.000000 0.000000 0.000000 0.000000 0.000000 0.000000 0.000000 0.000000 0.000000 0.000000 0.000000
0.000000 0.000000 34.381896 34.382581 34.415208 34.382745 34.381996 34.382374 34.382180 34.382103 34.382076 34.382103 34.382180 34.382374 34.381996 34.382745 34.415208 34.382581 34.381896 0.000000 0.000000
0.000000 0.000000 8.094581 7.878147 6.061103 7.873569 8.121747 8.106207 8.120889 8.127687 8.128729 8.127687 8.120889 8.106207 8.121747 7.873569 6.061103 7.878147 8.094581 0.000000 0.000000
0.000000 0.000000 473.675505 473.926054 474.047417 473.828356 473.722938 473.825419 473.818633 473.755583 473.685792 473.755583 473.818633 473.825419 473.722938 473.828356 474.047417 473.926054 473.675505 0.000000 0.000000
0.000000 0.000000 638.212502 638.164990 637.405920 638.142041 638.208498 638.226797 638.220315 638.224570 638.220175 638.224570 638.220315 638.226797 638.208498 638.142041 637.405920 638.164990 638.212502 0.000000 0.000000
0.000000 0.000000 873.569606 873.575862 872.866474 873.529535 873.589937 873.626537 873.628230 873.607933 873.588077 873.607933 873.628230 873.626537 873.589937 873.529535 872.866474 873.575862 873.569606 0.000000 0.000000
0.000000 0.000000 1119.231890 1119.240497 1118.606733 1119.195862 1119.251150 1119.288232 1119.290856 1119.268500 1119.251207 1119.268500 1119.290856 1119.288232 1119.251150 1119.195862 1118.606733 1119.240497 1119.231890 0.000000 0.000000
0.000000 0.000000 1352.738327 1352.745998 1352.157729 1352.704289 1352.756783 1352.793046 1352.795688 1352.773235 1352.757522 1352.773235 1352.795688 1352.793046 1352.756783 1352.704289 1352.157729 1352.745998 1352.738327 0.000000 0.000000
0.000000 0.000000 1575.692153 1575.699674 1575.137704 1575.659180 1575.710111 1575.745759 1575.748448 1575.726139 1575.711038 1575.726139 1575.748448 1575.745759 1575.710111 1575.659180 1575.137704 1575.699674 1575.692153 0.000000 0.000000
0.000000 0.000000 1791.883563 1791.890464 1791.343602 1791.851132 1791.901370 1791.936570 1791.939272 1791.917067 1791.902103 1791.917067 1791.939272 1791.936570 1791.901370 1791.851132 1791.343602 1791.890464 1791.883563 0.000000 0.000000
0.000000 0.000000 2001.828820 2001.835067 2001.296523 2001.796584 2001.846623 2001.881545 2001.884262 2001.862099 2001.847055 2001.862099 2001.884262 2001.881545 2001.846623 2001.796584 2001.296523 2001.835067 2001.828820 0.000000 0.000000
0.000000 0.000000 2207.139659 2207.142953 2206.613660 2207.106242 2207.156043 2207.189971 2207.193221 2207.171171 2207.157147 2207.171171 2207.193221 2207.189971 2207.156043 2207.106242 2206.613660 2207.142953 2207.139659 0.000000 0.000000
0.000000 0.000000 2406.755304 2406.756891 2406.231827 2406.722479 2406.771212 2406.804596 2406.807982 2406.785848 2406.771970 2406.785848 2406.807982 2406.804596 2406.771212 2406.722479 2406.231827 2406.756891 2406.755304 0.000000 0.000000
0.000000 0.000000 2603.872514 2603.872287 2603.350469 2603.838198 2603.888247 2603.921677 2603.925219 2603.903038 2603.888988 2603.903038 2603.925219 2603.921677 2603.888247 2603.838198 2603.350469 2603.872287 2603.872514 0.000000 0.000000
0.000000 0.000000 2799.368016 2799.368367 2798.843248 2799.333990 2799.384494 2799.417915 2799.421615 2799.399341 2799.384409 2799.399341 2799.421615 2799.417915 2799.384494 2799.333990 2798.843248 2799.368367 2799.368016 0.000000 0.000000
0.000000 0.000000 2993.531010 2993.532722 2993.016580 2993.498334 2993.548353 2993.581804 2993.585526 2993.563146 2993.547581 2993.563146 2993.585526 2993.581804 2993.548353 2993.498334 2993.016580 2993.532722 2993.531008 0.000000 0.000000
0.000000 0.000000 3185.261763 3185.261778 3184.741208 3185.228682 3185.279560 3185.312616 3185.316532 3185.294049 3185.278185 3185.294049 3185.316532 3185.312616 3185.279560 3185.228682 3184.741208 3185.261768 3185.261581 0.000000 0.000000
0.000000 0.000000 3387.350524 3387.460007 3386.939599 3387.424720 3387.475863 3387.508956 3387.513181 3387.490592 3387.474455 3387.490592 3387.513181 3387.508956 3387.475863 3387.424720 3386.939587 3387.458640 3387.458065 0.000000 0.000000
0.000000 0.000000 0.000000 0.000000 0.000000 0.000000 0.000000 0.000000 0.000000 0.000000 0.000000 0.000000 0.000000 0.000000 0.000000 0.000000 0.000000 0.000000 0.000000 0.000000 0.000000
0.000000 0.000000 0.000000 0.000000 0.000000 0.000000 0.000000 0.000000 0.000000 0.000000 0.000000 0.000000 0.000000 0.000000 0.000000 0.000000 0.000000 0.000000 0.000000 0.000000 0.000000