geotop/1.0zi/1.0Montebello/Templates/testdem/maps/_Erotot2768.asc
ncols         21
nrows         20
xllcorner     100.000000
yllcorner     100.000000
cellsize      50.000000
NODATA_value  -9999.0
0.000000 0.000000 0.000000 0.000000 0.000000 0.000000 0.000000 0.000000 0.000000 0.000000 0.000000 0.000000 0.000000 0.000000 0.000000 0.000000 0.000000 0.000000 0.000000 0.000000 0.000000
0.000000 0.000000 258.761749 258.764712 258.767858 258.889854 258.756638 258.760473 258.734630 258.777822 258.798258 258.777822 258.734630 258.760473 258.756638 258.889854 258.767858 258.764712 258.761749 0.000000 0.000000
0.000000 0.000000 13.031193 12.809651 11.058804 12.777211 13.071853 13.058492 13.091836 13.053454 13.034101 13.053454 13.091836 13.058492 13.071853 12.777211 11.058804 12.809651 13.031193 0.000000 0.000000
0.000000 0.000000 1961.826687 1961.506121 1961.842312 1959.971409 1961.976429 1961.418660 1961.412804 1962.255092 1962.472829 1962.255092 1961.412804 1961.418660 1961.976429 1959.971409 1961.842312 1961.506121 1961.826687 0.000000 0.000000
0.000000 0.000000 3962.580467 3962.411616 3961.753857 3962.346454 3962.887830 3962.746280 3962.712158 3962.865652 3962.824224 3962.865652 3962.712158 3962.746280 3962.887830 3962.346454 3961.753857 3962.411616 3962.580467 0.000000 0.000000
0.000000 0.000000 5150.182781 5149.979301 5149.421270 5149.571517 5150.378253 5150.086028 5150.104909 5150.454150 5150.572405 5150.454150 5150.104909 5150.086028 5150.378253 5149.571517 5149.421270 5149.979301 5150.182781 0.000000 0.000000
0.000000 0.000000 6710.415483 6710.246452 6709.737572 6709.876177 6710.564677 6710.312213 6710.336305 6710.645916 6710.769700 6710.645916 6710.336305 6710.312213 6710.564677 6709.876177 6709.737572 6710.246452 6710.415483 0.000000 0.000000
0.000000 0.000000 8172.131312 8171.989697 8171.517419 8171.657894 8172.248609 8172.032021 8172.053528 8172.329425 8172.444965 8172.329425 8172.053528 8172.032021 8172.248609 8171.657894 8171.517419 8171.989697 8172.131312 0.000000 0.000000
0.000000 0.000000 9527.873774 9527.744800 9527.297649 9527.437475 9527.978740 9527.779722 9527.799846 9528.058161 9528.167373 9528.058161 9527.799846 9527.779722 9527.978740 9527.437475 9527.297649 9527.744800 9527.873774 0.000000 0.000000
0.000000 0.000000 10800.380637 10800.280206 10799.845104 10800.022419 10800.472594 10800.295270 10800.319816 10800.553725 10800.655566 10800.553725 10800.319816 10800.295270 10800.472594 10800.022419 10799.845104 10800.280206 10800.380637 0.000000 0.000000
0.000000 0.000000 11995.144751 11995.037908 11994.623751 11994.776290 11995.235543 11995.059516 11995.079886 11995.309456 11995.404917 11995.309456 11995.079886 11995.059516 11995.235543 11994.776290 11994.623751 11995.037908 11995.144751 0.000000 0.000000
0.000000 0.000000 13133.057023 13132.950308 13132.553109 13132.699615 13133.142900 13132.974814 13132.993984 13133.215311 13133.308321 13133.215311 13132.993984 13132.974814 13133.142900 13132.699615 13132.553109 13132.950308 13133.057023 0.000000 0.000000
0.000000 0.000000 14222.837231 14222.735932 14222.346220 14222.493941 14222.916430 14222.753296 14222.772562 14222.987304 14223.076049 14222.987304 14222.772562 14222.753296 14222.916430 14222.493941 14222.346220 14222.735932 14222.837231 0.000000 0.000000
0.000000 0.000000 15270.298760 15270.205433 15269.826113 15269.991221 15270.375598 15270.219564 15270.240308 15270.445953 15270.531429 15270.445953 15270.240308 15270.219564 15270.375598 15269.991221 15269.826113 15270.205433 15270.298760 0.000000 0.000000
0.000000 0.000000 16278.469220 16278.374128 16277.999959 16278.153458 16278.541979 16278.387794 16278.407055 16278.610060 16278.692581 16278.610060 16278.407055 16278.387794 16278.541979 16278.153458 16277.999959 16278.374128 16278.469220 0.000000 0.000000
0.000000 0.000000 17250.902554 17250.809812 17250.447345 17250.593900 17250.969314 17250.820193 17250.839276 17251.036338 17251.116305 17251.036338 17250.839276 17250.820193 17250.969314 17250.593900 17250.447345 17250.809812 17250.902549 0.000000 0.000000
0.000000 0.000000 18189.949470 18189.858550 18189.499477 18189.648870 18190.014087 18189.867517 18189.886066 18190.077722 18190.154478 18190.077722 18189.886066 18189.867517 18190.014087 18189.648870 18189.499477 18189.858528 18189.949084 0.000000 0.000000
0.000000 0.000000 19138.599637 19138.941665 19138.590011 19138.735067 19139.094212 19138.951413 19138.968016 19139.155560 19139.229286 19139.155560 19138.968016 19138.951413 19139.094212 19138.735067 19138.589992 19138.938175 19139.025565 0.000000 0.000000
0.000000 0.000000 0.000000 0.000000 0.000000 0.000000 0.000000 0.000000 0.000000 0.000000 0.000000 0.000000 0.000000 0.000000 0.000000 0.000000 0.000000 0.000000 0.000000 0.000000 0.000000
0.000000 0.000000 0.000000 0.000000 0.000000 0.000000 0.000000 0.000000 0.000000 0.000000 0.000000 0.000000 0.000000 0.000000 0.000000 0.000000 0.000000 0.000000 0.000000 0.000000 0.000000