geotop/1.0zi/1.0Montebello/Templates/testdem/maps/_Erotot9440.asc
ncols         21
nrows         20
xllcorner     100.000000
yllcorner     100.000000
cellsize      50.000000
NODATA_value  -9999.0
0.000000 0.000000 0.000000 0.000000 0.000000 0.000000 0.000000 0.000000 0.000000 0.000000 0.000000 0.000000 0.000000 0.000000 0.000000 0.000000 0.000000 0.000000 0.000000 0.000000 0.000000
0.000000 0.000000 791.699413 791.800978 790.574079 790.112032 788.583025 788.096734 788.231534 788.260239 788.671161 788.051973 787.903439 787.939281 788.913788 789.560372 790.908702 792.142207 792.781559 0.000000 0.000000
0.000000 0.000000 59.450309 58.068147 58.423922 58.187420 58.903220 58.461450 58.066467 57.955167 58.128303 58.431849 58.505693 58.595341 58.488058 57.999130 56.908495 55.984645 56.858595 0.000000 0.000000
0.000000 0.000000 498.575097 502.278134 488.271693 482.694374 482.044756 474.417194 481.239630 483.350501 479.782240 480.004857 484.766769 484.226500 492.760924 501.271561 504.027029 502.281472 508.164749 0.000000 0.000000
0.000000 0.000000 4279.031532 4272.931034 4267.747757 4232.442995 4205.204761 4191.861647 4184.270357 4177.983090 4185.455630 4191.921021 4190.130726 4185.245116 4204.945196 4211.261743 4229.260026 4240.322697 4241.361305 0.000000 0.000000
0.000000 0.000000 6486.767762 6481.367726 6476.416026 6478.968622 6454.118024 6441.952258 6445.564803 6444.825200 6440.288678 6433.967934 6432.437958 6436.943715 6437.001605 6463.422294 6464.051580 6471.866063 6474.171271 0.000000 0.000000
0.000000 0.000000 7964.866067 7959.697223 7955.684236 7943.851448 7935.913833 7897.605168 7900.663246 7898.040015 7897.394472 7901.899354 7902.660114 7904.381384 7937.909392 7943.182643 7952.890394 7955.699861 7961.051580 0.000000 0.000000
0.000000 0.000000 9508.953672 9506.313731 9500.960759 9488.129530 9480.336953 9477.133468 9477.218372 9475.265808 9475.215072 9471.215012 9470.319550 9477.698104 9476.176800 9486.506970 9501.780587 9499.285641 9505.697535 0.000000 0.000000
0.000000 0.000000 11486.316245 11481.240659 11473.793201 11470.156813 11453.002850 11430.849946 11434.383538 11430.180088 11426.673620 11426.413692 11429.610642 11423.541189 11449.318275 11464.178946 11466.763518 11470.427787 11473.280173 0.000000 0.000000
0.000000 0.000000 13787.893719 13780.502526 13777.030156 13769.065046 13744.629890 13730.443354 13730.460993 13728.741650 13724.388016 13729.131947 13732.669683 13732.565013 13740.298776 13761.182151 13770.024048 13774.069177 13773.849836 0.000000 0.000000
0.000000 0.000000 16355.853555 16353.392205 16351.037923 16318.765314 16311.776905 16287.049144 16295.995198 16278.432870 16284.227255 16280.375035 16272.725224 16284.649095 16300.145882 16305.035128 16321.199061 16326.644673 16343.317312 0.000000 0.000000
0.000000 0.000000 19225.412275 19213.544516 19195.328654 19193.586087 19174.381067 19146.309395 19146.080749 19148.060776 19155.282257 19140.300019 19149.034386 19146.725280 19175.670949 19190.610238 19192.738213 19198.344483 19224.995212 0.000000 0.000000
0.000000 0.000000 22282.084157 22274.622972 22277.092258 22248.206929 22236.328266 22158.296898 22155.774486 22154.708016 22120.409630 22143.140111 22145.875656 22154.516151 22210.934927 22221.637636 22254.917742 22255.363515 22261.396903 0.000000 0.000000
0.000000 0.000000 25921.575642 25923.095202 25897.028241 25888.320700 25783.387014 25835.036920 25811.037678 25812.761151 25830.410016 25815.252674 25814.047181 25801.582788 25751.294098 25869.882679 25871.615814 25901.983026 25916.707400 0.000000 0.000000
0.000000 0.000000 29890.452123 29875.471098 29857.165487 29736.034818 29795.207044 29719.140500 29697.028426 29691.039252 29663.252111 29651.600666 29664.985708 29667.239941 29740.713458 29681.307325 29852.933490 29809.181734 29800.026585 0.000000 0.000000
0.000000 0.000000 33499.609670 33493.902343 33345.429037 33431.864647 33410.754669 33418.772043 33495.942509 33473.985991 33512.536520 33505.345779 33477.395256 33514.995856 33493.328492 33514.520575 33325.925548 33561.062496 33551.850999 0.000000 0.000000
0.000000 0.000000 36893.284937 36748.624763 36823.470209 36757.117911 36681.773062 36661.922039 36604.776265 36621.506005 36566.637246 36574.608787 36605.565499 36575.201898 36616.527289 36663.099820 36818.597323 36677.161762 36831.294703 0.000000 0.000000
0.000000 0.000000 37757.345018 37864.847168 37960.948665 37957.844560 37959.840442 37874.697639 37890.070854 37861.297182 37904.935573 37897.130560 37895.045659 37902.881969 37970.113196 37971.497608 37974.413266 37892.564032 37786.379158 0.000000 0.000000
0.000000 0.000000 0.000000 0.000000 0.000000 0.000000 0.000000 0.000000 0.000000 0.000000 0.000000 0.000000 0.000000 0.000000 0.000000 0.000000 0.000000 0.000000 0.000000 0.000000 0.000000
0.000000 0.000000 0.000000 0.000000 0.000000 0.000000 0.000000 0.000000 0.000000 0.000000 0.000000 0.000000 0.000000 0.000000 0.000000 0.000000 0.000000 0.000000 0.000000 0.000000 0.000000