geotop/1.0zi/1.0Montebello/Templates/testdem/maps/_Erotot3788.asc
ncols         21
nrows         20
xllcorner     100.000000
yllcorner     100.000000
cellsize      50.000000
NODATA_value  -9999.0
0.000000 0.000000 0.000000 0.000000 0.000000 0.000000 0.000000 0.000000 0.000000 0.000000 0.000000 0.000000 0.000000 0.000000 0.000000 0.000000 0.000000 0.000000 0.000000 0.000000 0.000000
0.000000 0.000000 281.219895 280.780743 280.592172 280.444563 280.473897 280.531721 280.566098 280.564765 280.550311 280.556177 280.555781 280.598201 280.467907 280.486317 280.661988 280.569099 280.662083 0.000000 0.000000
0.000000 0.000000 22.406684 22.958878 23.236552 23.975974 23.620836 23.627113 23.211498 23.137470 23.201098 23.559842 23.309052 23.134057 23.566907 23.334864 22.494245 21.942816 21.816833 0.000000 0.000000
0.000000 0.000000 136.453749 137.518691 130.751996 128.249310 129.291868 124.203875 123.374873 122.994926 122.186543 121.760109 122.895251 121.431831 123.906377 128.963802 129.804395 131.977250 134.863499 0.000000 0.000000
0.000000 0.000000 1247.350350 1253.837399 1259.758722 1251.570242 1242.090408 1236.056211 1239.328380 1233.309633 1238.743851 1240.950364 1241.643279 1242.493090 1250.698266 1247.724346 1247.246066 1248.357649 1247.289411 0.000000 0.000000
0.000000 0.000000 2331.778287 2326.953469 2321.413484 2319.085310 2310.335905 2305.309210 2302.708482 2304.758652 2303.131056 2302.215733 2302.549389 2305.148179 2305.776720 2317.273566 2322.523366 2321.906380 2324.884123 0.000000 0.000000
0.000000 0.000000 2797.787292 2793.486325 2788.379499 2779.593407 2769.561016 2755.974312 2757.137053 2754.080965 2757.081117 2756.436695 2758.479525 2763.469835 2778.449367 2784.263397 2790.891430 2794.445793 2797.537505 0.000000 0.000000
0.000000 0.000000 3224.152601 3225.191597 3224.815226 3219.481663 3217.476441 3213.645769 3214.166073 3214.623479 3212.309914 3212.614508 3212.456254 3212.326322 3216.154199 3219.998470 3220.951964 3219.846227 3220.566433 0.000000 0.000000
0.000000 0.000000 3783.260296 3783.385219 3779.505608 3777.430776 3771.708885 3762.166037 3762.208437 3760.292665 3761.124880 3761.800198 3761.983397 3764.280760 3770.677462 3777.769458 3777.204765 3777.875420 3781.159411 0.000000 0.000000
0.000000 0.000000 4408.982325 4408.194237 4407.005684 4402.394925 4392.637390 4387.569564 4388.816983 4387.984636 4388.066948 4388.150396 4388.831320 4389.056130 4397.221479 4402.915926 4404.640846 4404.857355 4405.810164 0.000000 0.000000
0.000000 0.000000 5065.753213 5064.858778 5062.051906 5058.954955 5055.355196 5045.013838 5045.103205 5042.627543 5043.009354 5043.846353 5044.409841 5045.957785 5051.600473 5053.560905 5057.294193 5058.632794 5061.191044 0.000000 0.000000
0.000000 0.000000 5744.661228 5744.177823 5741.071663 5733.587991 5727.273572 5719.273853 5718.129822 5717.647735 5717.842669 5717.173792 5718.549335 5720.466105 5730.260221 5735.321388 5737.895294 5738.264599 5754.240740 0.000000 0.000000
0.000000 0.000000 6420.636145 6419.594754 6416.262707 6412.452985 6404.084506 6387.338507 6387.329760 6385.693295 6385.698410 6386.333946 6386.952739 6389.372777 6403.372196 6410.481976 6412.719819 6413.558692 6415.428192 0.000000 0.000000
0.000000 0.000000 7139.500346 7137.655363 7134.116059 7129.467161 7112.345774 7118.771709 7113.432113 7112.398234 7112.933532 7113.169648 7113.819957 7115.471419 7111.384716 7126.015040 7128.936708 7133.144895 7132.661876 0.000000 0.000000
0.000000 0.000000 7901.996110 7897.741464 7892.674683 7882.402204 7877.919379 7862.798835 7855.309868 7853.778199 7849.995822 7849.510699 7852.198688 7851.897958 7862.820349 7870.057669 7886.915879 7882.372027 7883.204163 0.000000 0.000000
0.000000 0.000000 8651.606901 8652.114242 8634.787064 8636.178207 8634.149152 8632.508839 8634.327484 8634.182074 8636.665817 8636.736390 8635.981345 8642.221315 8641.261958 8639.861460 8629.661443 8647.147805 8650.717820 0.000000 0.000000
0.000000 0.000000 9500.166345 9483.915958 9475.586720 9467.677119 9453.207319 9447.205963 9445.434353 9444.808388 9441.759141 9442.118076 9443.943207 9444.078708 9449.076026 9462.753531 9473.609719 9473.508005 9490.875892 0.000000 0.000000
0.000000 0.000000 10139.890323 10142.336560 10157.397053 10147.698719 10140.447991 10122.900409 10121.348319 10118.917405 10120.098192 10120.009102 10120.752186 10123.535792 10140.437507 10147.715021 10157.045186 10136.222680 10138.537582 0.000000 0.000000
0.000000 0.000000 0.000000 0.000000 0.000000 0.000000 0.000000 0.000000 0.000000 0.000000 0.000000 0.000000 0.000000 0.000000 0.000000 0.000000 0.000000 0.000000 0.000000 0.000000 0.000000
0.000000 0.000000 0.000000 0.000000 0.000000 0.000000 0.000000 0.000000 0.000000 0.000000 0.000000 0.000000 0.000000 0.000000 0.000000 0.000000 0.000000 0.000000 0.000000 0.000000 0.000000