geotop/1.0zi/1.0Montebello/Templates/testdem/maps/_Erotot003..asc
ncols         21
nrows         20
xllcorner     100.000000
yllcorner     100.000000
cellsize      50.000000
NODATA_value  -9999.0
0.000000 0.000000 0.000000 0.000000 0.000000 0.000000 0.000000 0.000000 0.000000 0.000000 0.000000 0.000000 0.000000 0.000000 0.000000 0.000000 0.000000 0.000000 0.000000 0.000000 0.000000
0.000000 0.000000 829.305549 829.456189 828.262946 827.857750 826.242124 825.747475 825.929754 825.920675 826.319479 825.759283 825.570762 825.613235 826.623529 827.206397 828.564625 829.741846 830.442627 0.000000 0.000000
0.000000 0.000000 61.983837 60.662518 61.021913 60.752640 61.602110 61.147748 60.717012 60.633232 60.816585 60.996920 61.189159 61.243918 61.095764 60.580510 59.558333 58.675822 59.404893 0.000000 0.000000
0.000000 0.000000 565.741983 570.816622 553.978548 545.099936 544.152444 536.074436 543.280012 545.224434 541.286537 542.568536 546.928719 546.408608 555.201291 565.940711 568.763791 567.229292 572.704842 0.000000 0.000000
0.000000 0.000000 4677.107094 4670.479569 4666.748476 4625.438000 4599.243660 4583.441400 4575.573337 4570.701186 4575.224341 4580.771939 4580.588004 4574.277119 4595.676402 4602.033273 4621.597141 4633.554463 4634.327765 0.000000 0.000000
0.000000 0.000000 6983.086665 6976.703589 6970.782170 6971.983707 6942.540067 6928.950614 6933.002864 6932.208547 6925.908512 6919.220676 6916.786031 6921.045538 6923.891570 6951.657025 6951.973489 6959.521184 6961.049908 0.000000 0.000000
0.000000 0.000000 8581.893020 8575.748650 8571.326649 8556.796353 8550.216377 8511.965024 8511.394479 8508.546177 8506.372206 8510.462772 8510.841173 8511.941752 8548.407490 8552.629432 8562.553014 8565.793471 8570.736697 0.000000 0.000000
0.000000 0.000000 10309.188611 10305.120815 10297.354932 10279.763177 10268.612521 10264.698794 10265.084760 10263.200649 10261.287068 10257.345585 10256.582383 10263.661675 10262.722912 10274.627072 10290.855907 10288.692575 10294.758292 0.000000 0.000000
0.000000 0.000000 12508.037325 12501.494711 12491.330797 12483.608930 12465.229851 12441.234741 12444.470553 12440.655051 12435.521744 12435.035407 12438.297550 12431.473599 12459.980167 12476.170911 12479.342635 12483.475007 12485.757749 0.000000 0.000000
0.000000 0.000000 15087.160498 15076.524903 15071.172656 15059.524853 15042.767533 15021.718114 15020.501074 15018.734287 15011.923863 15016.513655 15019.935524 15018.822063 15028.886415 15051.607744 15060.651152 15065.013923 15064.072724 0.000000 0.000000
0.000000 0.000000 17995.321352 17989.849775 17984.709484 17945.557664 17944.636974 17913.657826 17922.441400 17903.602705 17907.683588 17903.135020 17894.578842 17906.611596 17924.983711 17930.902193 17948.050375 17951.790459 17971.014770 0.000000 0.000000
0.000000 0.000000 21286.540211 21269.903170 21246.755113 21241.759715 21227.605928 21191.334391 21189.311467 21192.379914 21197.465776 21180.457868 21189.413740 21185.130399 21219.258016 21236.812154 21239.339946 21246.076708 21273.430544 0.000000 0.000000
0.000000 0.000000 24809.988233 24798.273885 24799.033249 24772.312290 24750.171704 24662.344915 24656.412936 24653.850635 24609.314890 24638.769292 24639.743393 24648.632655 24715.930483 24726.207871 24766.304993 24765.962761 24769.083923 0.000000 0.000000
0.000000 0.000000 28995.880043 28995.224105 28960.527715 28942.177182 28820.981040 28893.247996 28862.381081 28864.664428 28887.203728 28864.584660 28862.735613 28845.164029 28777.341226 28918.818515 28916.747095 28952.023534 28968.503781 0.000000 0.000000
0.000000 0.000000 33252.567153 33239.806076 33220.351480 33083.202298 33168.819174 33073.676088 33054.439852 33046.650053 33010.955688 33001.220845 33015.223513 33018.850987 33104.469685 33014.638217 33204.769080 33153.314297 33139.640882 0.000000 0.000000
0.000000 0.000000 36542.158608 36535.076009 36404.015012 36490.195785 36466.059190 36478.189755 36546.574730 36527.730623 36562.014921 36556.256611 36530.279890 36562.376749 36538.069402 36567.232749 36383.697442 36595.825730 36587.066697 0.000000 0.000000
0.000000 0.000000 39164.371855 39068.077849 39116.498629 39076.095818 39023.460094 39022.637745 38987.367596 38998.936827 38963.445658 38968.984782 38987.754484 38970.104019 38986.540564 39016.060801 39110.552367 39022.743414 39125.108710 0.000000 0.000000
0.000000 0.000000 40080.794061 40138.966540 40209.874350 40204.465486 40199.393432 40142.202306 40148.964313 40131.405444 40154.466642 40150.443250 40152.056223 40152.610089 40200.113321 40207.033852 40215.746128 40148.297538 40091.538263 0.000000 0.000000
0.000000 0.000000 0.000000 0.000000 0.000000 0.000000 0.000000 0.000000 0.000000 0.000000 0.000000 0.000000 0.000000 0.000000 0.000000 0.000000 0.000000 0.000000 0.000000 0.000000 0.000000
0.000000 0.000000 0.000000 0.000000 0.000000 0.000000 0.000000 0.000000 0.000000 0.000000 0.000000 0.000000 0.000000 0.000000 0.000000 0.000000 0.000000 0.000000 0.000000 0.000000 0.000000