geotop/1.0zi/1.0Montebello/Templates/testdem/maps/_Erotot9658.asc
ncols         21
nrows         20
xllcorner     100.000000
yllcorner     100.000000
cellsize      50.000000
NODATA_value  -9999.0
0.000000 0.000000 0.000000 0.000000 0.000000 0.000000 0.000000 0.000000 0.000000 0.000000 0.000000 0.000000 0.000000 0.000000 0.000000 0.000000 0.000000 0.000000 0.000000 0.000000 0.000000
0.000000 0.000000 811.887568 812.038551 810.858908 810.396542 808.824519 808.387297 808.483557 808.542301 808.896019 808.335355 808.194385 808.228365 809.193188 809.775405 811.135588 812.369813 813.019617 0.000000 0.000000
0.000000 0.000000 61.258356 59.909524 60.203590 59.981961 60.716239 60.223889 59.860976 59.706811 59.943401 60.099210 60.270006 60.343419 60.229448 59.743705 58.719690 57.822789 58.610520 0.000000 0.000000
0.000000 0.000000 536.579505 540.426546 525.969628 518.543525 517.973523 509.973566 517.041951 518.986981 515.089876 516.004340 520.304806 519.716711 528.544348 539.084490 541.990271 540.506631 545.917712 0.000000 0.000000
0.000000 0.000000 4509.040696 4503.351233 4499.748808 4461.282537 4435.020047 4419.644904 4412.095265 4406.189007 4412.016428 4417.644696 4417.662859 4411.931924 4431.764662 4437.972008 4456.718438 4468.079620 4469.028528 0.000000 0.000000
0.000000 0.000000 6710.313511 6703.776873 6698.975357 6701.102460 6673.147005 6660.408195 6664.145343 6662.873963 6657.460977 6650.886858 6648.696893 6652.941813 6654.814799 6682.101164 6682.295312 6689.711409 6691.641416 0.000000 0.000000
0.000000 0.000000 8248.635912 8242.571570 8238.751207 8225.731784 8218.855633 8182.270932 8181.598631 8178.316705 8176.716004 8180.739184 8181.274446 8182.450128 8217.920078 8222.245615 8231.847397 8234.813135 8239.887932 0.000000 0.000000
0.000000 0.000000 9883.367019 9879.354367 9872.685208 9857.009544 9846.502716 9842.374278 9842.954476 9840.502438 9839.400355 9835.381395 9834.725820 9841.901839 9840.406911 9851.903494 9867.636451 9865.253278 9871.481266 0.000000 0.000000
0.000000 0.000000 11956.525668 11950.258443 11941.415758 11935.599460 11917.988824 11894.962362 11898.150098 11893.841202 11889.629572 11889.185540 11892.491920 11885.966711 11913.079109 11928.712470 11931.549149 11935.361497 11937.830329 0.000000 0.000000
0.000000 0.000000 14381.401240 14371.187664 14366.856743 14357.643481 14341.719108 14321.808284 14320.678227 14318.302089 14312.682528 14317.081808 14320.528188 14319.813007 14328.522517 14350.304793 14358.742883 14362.930340 14362.097783 0.000000 0.000000
0.000000 0.000000 17097.533187 17092.469562 17088.757451 17053.229763 17052.674916 17023.492638 17031.916189 17013.160218 17018.090861 17013.724007 17005.694747 17017.491530 17034.122579 17039.652564 17055.907503 17059.310673 17078.053794 0.000000 0.000000
0.000000 0.000000 20150.013278 20134.336102 20113.744974 20110.741455 20098.008169 20064.022068 20062.376265 20064.079110 20070.134386 20053.933750 20062.434536 20059.070636 20090.152402 20106.441637 20108.642155 20114.970886 20141.452961 0.000000 0.000000
0.000000 0.000000 23408.475895 23397.272180 23398.872834 23375.879895 23355.616137 23275.349561 23269.588698 23266.752913 23226.626148 23253.370485 23254.823031 23263.248376 23324.161809 23333.917898 23370.848545 23370.329957 23374.963648 0.000000 0.000000
0.000000 0.000000 27299.262911 27297.984986 27267.578289 27251.669601 27141.296031 27203.663844 27175.064342 27175.944764 27195.463019 27176.317574 27174.506580 27159.607892 27098.635559 27228.610424 27228.283947 27260.819262 27276.435003 0.000000 0.000000
0.000000 0.000000 31434.047012 31421.778806 31401.783421 31271.891366 31346.780410 31259.129696 31238.610038 31230.350987 31198.870481 31187.440617 31201.585406 31203.937462 31282.490546 31203.507369 31386.400570 31338.113617 31326.344897 0.000000 0.000000
0.000000 0.000000 34948.141678 34940.286505 34796.716232 34888.923562 34865.073090 34876.744677 34950.714310 34929.471629 34967.060882 34960.377565 34932.241300 34968.075981 34942.138566 34970.909930 34775.340437 35006.826713 34997.719996 0.000000 0.000000
0.000000 0.000000 37987.711518 37865.271207 37931.783257 37876.298665 37812.207829 37796.275699 37748.328579 37762.803952 37716.372266 37723.341722 37749.140836 37724.131775 37759.211017 37796.373839 37925.538860 37804.134757 37934.523724 0.000000 0.000000
0.000000 0.000000 38890.476997 38970.369621 39053.220968 39046.903774 39044.192897 38976.757796 38985.915472 38963.097764 38994.751555 38989.072940 38989.736375 38992.861301 39047.068276 39052.061453 39062.289595 38985.755309 38907.531882 0.000000 0.000000
0.000000 0.000000 0.000000 0.000000 0.000000 0.000000 0.000000 0.000000 0.000000 0.000000 0.000000 0.000000 0.000000 0.000000 0.000000 0.000000 0.000000 0.000000 0.000000 0.000000 0.000000
0.000000 0.000000 0.000000 0.000000 0.000000 0.000000 0.000000 0.000000 0.000000 0.000000 0.000000 0.000000 0.000000 0.000000 0.000000 0.000000 0.000000 0.000000 0.000000 0.000000 0.000000