geotop/1.0zi/1.0Montebello/Templates/testdem/maps/_Erotot5281.asc
ncols         21
nrows         20
xllcorner     100.000000
yllcorner     100.000000
cellsize      50.000000
NODATA_value  -9999.0
0.000000 0.000000 0.000000 0.000000 0.000000 0.000000 0.000000 0.000000 0.000000 0.000000 0.000000 0.000000 0.000000 0.000000 0.000000 0.000000 0.000000 0.000000 0.000000 0.000000 0.000000
0.000000 0.000000 393.751094 392.959021 392.805882 392.604075 392.576989 392.654789 392.611035 392.781665 392.698235 392.479612 392.455931 392.500374 392.613632 392.500401 392.702996 392.885711 393.284621 0.000000 0.000000
0.000000 0.000000 30.725586 31.447594 31.668973 32.850402 32.590565 32.449059 32.262738 32.045838 32.175634 32.552178 32.318636 32.184754 32.577385 32.366728 31.526697 30.650024 30.013183 0.000000 0.000000
0.000000 0.000000 152.987448 154.455965 147.490331 144.725168 146.518160 141.296908 140.706468 141.094013 139.747912 138.405960 139.946519 138.008984 140.736457 145.518195 145.030928 148.442929 151.194608 0.000000 0.000000
0.000000 0.000000 1571.028463 1576.371466 1582.854297 1565.558025 1551.018046 1540.441400 1543.160241 1540.423082 1544.001583 1548.242720 1545.098670 1542.871829 1553.042787 1551.579341 1558.698644 1565.390807 1566.224326 0.000000 0.000000
0.000000 0.000000 2908.522328 2902.462794 2899.848134 2895.756296 2889.727826 2885.493237 2883.062033 2883.473261 2883.044778 2880.701586 2878.780601 2881.394029 2879.986783 2894.375532 2899.542591 2902.772282 2905.324900 0.000000 0.000000
0.000000 0.000000 3784.362349 3781.717259 3778.702712 3774.112631 3761.878569 3745.729608 3746.333356 3742.754628 3744.499624 3747.516759 3749.238446 3750.253451 3768.559232 3777.347758 3781.926940 3783.292664 3788.249502 0.000000 0.000000
0.000000 0.000000 4375.975663 4377.533387 4377.035649 4371.255458 4371.062186 4364.777816 4365.277410 4365.822602 4364.596742 4362.358981 4362.066108 4365.375083 4364.617830 4366.451043 4374.337753 4372.538738 4375.105139 0.000000 0.000000
0.000000 0.000000 5138.859625 5136.476042 5132.835698 5134.100520 5128.314974 5118.948668 5119.287872 5116.928432 5114.545161 5115.920787 5117.061072 5111.983608 5123.951445 5131.023146 5132.892815 5133.427208 5134.613755 0.000000 0.000000
0.000000 0.000000 6025.981067 6023.766866 6026.264143 6026.024467 6012.500415 6006.413234 6007.931978 6007.105801 6005.310545 6008.382796 6011.320563 6009.640548 6011.935845 6021.005956 6024.623956 6024.574399 6025.037042 0.000000 0.000000
0.000000 0.000000 6980.313653 6980.609402 6981.107919 6967.861765 6965.925067 6956.663224 6959.945366 6951.468428 6953.773739 6953.133586 6948.668393 6955.619629 6958.741322 6959.396408 6965.482028 6971.138779 6977.673771 0.000000 0.000000
0.000000 0.000000 7970.833652 7966.691726 7962.635960 7961.130011 7958.448487 7944.954018 7944.322578 7943.390106 7949.960916 7943.482970 7945.209583 7944.688330 7958.729311 7960.619588 7961.981468 7962.100110 7980.545673 0.000000 0.000000
0.000000 0.000000 8965.537079 8963.844416 8965.099876 8958.499541 8955.369327 8932.981909 8931.849991 8931.702650 8918.318450 8926.805598 8930.776711 8932.546720 8944.880050 8947.949718 8960.803927 8960.126031 8966.316494 0.000000 0.000000
0.000000 0.000000 10048.313442 10049.767338 10043.793738 10043.160401 10020.948453 10028.780124 10019.038915 10020.534008 10021.601664 10021.579568 10020.153930 10017.009036 10007.337287 10031.366758 10036.445471 10045.963092 10052.477482 0.000000 0.000000
0.000000 0.000000 11206.409756 11202.182727 11199.779931 11181.487349 11181.329178 11168.246573 11156.362212 11155.209215 11151.002494 11145.571318 11148.289417 11146.618547 11159.035672 11162.229775 11196.642186 11188.727726 11188.657140 0.000000 0.000000
0.000000 0.000000 12384.917673 12384.286425 12356.832992 12354.769913 12359.694016 12353.182028 12367.616730 12360.827648 12365.615859 12361.664039 12357.771503 12364.652348 12367.475775 12367.028776 12351.254402 12391.668159 12384.836670 0.000000 0.000000
0.000000 0.000000 13707.052800 13675.350905 13672.804261 13665.718229 13645.913031 13641.262350 13634.872175 13637.770721 13626.681158 13626.958589 13630.456222 13631.495840 13640.074142 13646.963663 13672.007876 13669.385800 13705.958632 0.000000 0.000000
0.000000 0.000000 14674.403407 14680.207484 14713.997916 14708.453445 14700.297402 14672.823112 14673.613462 14661.929542 14670.800673 14669.538482 14675.104724 14669.939784 14693.661060 14699.664522 14720.120679 14684.784853 14678.358487 0.000000 0.000000
0.000000 0.000000 0.000000 0.000000 0.000000 0.000000 0.000000 0.000000 0.000000 0.000000 0.000000 0.000000 0.000000 0.000000 0.000000 0.000000 0.000000 0.000000 0.000000 0.000000 0.000000
0.000000 0.000000 0.000000 0.000000 0.000000 0.000000 0.000000 0.000000 0.000000 0.000000 0.000000 0.000000 0.000000 0.000000 0.000000 0.000000 0.000000 0.000000 0.000000 0.000000 0.000000