geotop/1.0zi/1.0Montebello/Templates/testdem/maps/_Erotot9098.asc
ncols         21
nrows         20
xllcorner     100.000000
yllcorner     100.000000
cellsize      50.000000
NODATA_value  -9999.0
0.000000 0.000000 0.000000 0.000000 0.000000 0.000000 0.000000 0.000000 0.000000 0.000000 0.000000 0.000000 0.000000 0.000000 0.000000 0.000000 0.000000 0.000000 0.000000 0.000000 0.000000
0.000000 0.000000 722.838662 723.491726 722.920057 723.003197 721.981530 722.102142 722.186127 722.260987 722.645270 722.011387 721.901105 721.941458 722.350376 722.481575 723.306387 723.918145 724.074954 0.000000 0.000000
0.000000 0.000000 56.401702 55.328827 55.627010 55.558331 56.382239 56.055345 55.682806 55.549121 55.749566 56.078053 56.135659 56.251057 56.025706 55.422446 54.153539 53.286386 53.901053 0.000000 0.000000
0.000000 0.000000 428.234860 430.027919 416.974515 410.746847 410.178200 404.316922 409.313457 410.991418 407.046720 405.450743 408.868473 408.375211 416.864950 425.337645 429.146845 423.546584 430.819430 0.000000 0.000000
0.000000 0.000000 3999.219933 3992.505658 3986.575444 3953.308787 3927.398897 3914.839559 3907.345203 3900.755494 3908.273946 3914.683757 3913.007271 3907.989324 3927.655139 3932.137021 3947.945050 3959.116626 3959.286121 0.000000 0.000000
0.000000 0.000000 6121.640177 6116.266368 6111.991831 6113.771834 6091.790876 6079.367367 6084.066512 6083.682750 6079.474398 6073.325534 6071.524383 6075.692912 6075.177288 6100.305895 6101.629019 6107.739370 6110.061553 0.000000 0.000000
0.000000 0.000000 7554.799552 7549.016474 7545.024458 7534.165927 7525.035623 7491.575200 7491.936785 7489.418479 7488.958523 7493.209976 7493.723441 7494.687933 7528.083627 7533.970151 7542.350321 7544.779592 7549.794377 0.000000 0.000000
0.000000 0.000000 8986.170833 8983.391885 8978.457293 8966.226121 8959.894882 8956.093445 8956.780862 8954.905490 8954.874220 8950.576356 8949.325443 8956.729181 8955.037426 8963.732509 8978.004475 8974.029013 8980.178176 0.000000 0.000000
0.000000 0.000000 10830.883531 10825.507223 10817.341522 10814.630966 10798.916672 10779.881847 10782.623931 10778.566043 10775.185684 10774.616568 10777.354837 10771.099459 10795.198814 10809.300787 10810.794896 10812.821414 10816.368134 0.000000 0.000000
0.000000 0.000000 12968.276123 12960.386205 12958.396456 12951.643136 12927.564091 12916.452698 12915.752199 12914.531286 12910.270190 12914.550218 12917.517160 12917.139322 12924.414472 12943.344265 12951.021540 12953.295084 12952.480370 0.000000 0.000000
0.000000 0.000000 15339.032857 15336.175674 15332.031136 15303.489791 15296.765989 15275.882966 15284.090606 15266.760289 15272.493125 15268.525150 15260.744760 15271.733329 15286.169141 15289.694644 15304.928270 15308.459991 15323.567981 0.000000 0.000000
0.000000 0.000000 17965.039989 17954.607499 17938.464749 17935.528756 17918.425477 17895.105312 17893.022305 17896.343377 17902.139068 17888.889359 17896.065867 17893.832108 17920.480817 17933.283719 17933.637970 17937.354114 17962.942982 0.000000 0.000000
0.000000 0.000000 20749.380728 20738.548410 20740.820078 20716.717678 20706.769753 20638.040903 20635.372596 20634.289603 20603.749646 20623.122610 20625.362000 20632.733000 20683.290377 20692.161535 20722.870974 20719.807612 20726.439542 0.000000 0.000000
0.000000 0.000000 24042.809938 24043.636806 24020.059128 24012.612190 23920.261324 23962.508952 23941.604637 23943.289958 23957.256132 23944.546974 23943.086075 23931.571115 23891.696555 23994.283799 23996.197408 24021.316532 24034.788518 0.000000 0.000000
0.000000 0.000000 27713.586769 27697.457061 27679.881535 27573.068315 27617.782873 27555.605580 27533.004600 27528.248702 27504.534498 27492.490119 27503.254631 27504.166325 27567.545220 27523.685298 27674.412329 27633.831749 27626.553191 0.000000 0.000000
0.000000 0.000000 31284.431744 31277.267880 31133.196286 31206.225428 31191.083586 31195.348664 31267.161257 31245.651004 31280.945241 31272.640336 31246.148417 31282.147325 31267.188963 31283.044487 31114.840347 31335.308822 31325.717292 0.000000 0.000000
0.000000 0.000000 35024.139276 34854.446537 34933.394206 34859.079675 34772.407764 34751.582078 34687.795307 34706.466613 34644.690920 34653.043551 34687.611088 34652.814498 34698.977172 34752.979536 34927.305299 34772.294453 34950.446931 0.000000 0.000000
0.000000 0.000000 35870.098874 36022.596142 36140.922549 36144.353214 36156.320980 36049.047755 36073.888642 36036.394694 36097.707399 36086.649787 36079.278930 36094.067578 36178.393322 36172.106833 36159.643859 36066.142456 35913.854152 0.000000 0.000000
0.000000 0.000000 0.000000 0.000000 0.000000 0.000000 0.000000 0.000000 0.000000 0.000000 0.000000 0.000000 0.000000 0.000000 0.000000 0.000000 0.000000 0.000000 0.000000 0.000000 0.000000
0.000000 0.000000 0.000000 0.000000 0.000000 0.000000 0.000000 0.000000 0.000000 0.000000 0.000000 0.000000 0.000000 0.000000 0.000000 0.000000 0.000000 0.000000 0.000000 0.000000 0.000000