geotop/1.0zi/1.0Montebello/Templates/testdem/maps/_Erotot6118.asc
ncols         21
nrows         20
xllcorner     100.000000
yllcorner     100.000000
cellsize      50.000000
NODATA_value  -9999.0
0.000000 0.000000 0.000000 0.000000 0.000000 0.000000 0.000000 0.000000 0.000000 0.000000 0.000000 0.000000 0.000000 0.000000 0.000000 0.000000 0.000000 0.000000 0.000000 0.000000 0.000000
0.000000 0.000000 469.225672 468.418810 468.226509 468.503094 467.966925 468.036839 467.980718 468.158877 468.547326 467.859645 467.798092 467.877758 468.022122 467.933388 468.633635 468.837775 468.767234 0.000000 0.000000
0.000000 0.000000 35.230527 35.906663 36.206076 36.919163 37.120728 36.904822 36.732703 36.511030 36.784682 37.085643 36.896119 37.134753 37.054574 36.829083 35.516362 34.677433 35.053476 0.000000 0.000000
0.000000 0.000000 192.851862 193.547064 185.964772 183.613191 184.983888 179.901160 179.007046 179.133589 177.425696 175.479400 177.919893 175.656901 179.943391 185.618903 185.523695 187.841204 192.046345 0.000000 0.000000
0.000000 0.000000 1890.281287 1894.552393 1898.626501 1878.729356 1863.714885 1852.296597 1855.348854 1851.884659 1855.861778 1860.529435 1857.316718 1855.685137 1865.539812 1866.251627 1874.699212 1882.552261 1883.948234 0.000000 0.000000
0.000000 0.000000 3373.758760 3368.658890 3365.735049 3360.963001 3351.989292 3344.806525 3342.882262 3343.044670 3341.487930 3338.765090 3335.916258 3338.169969 3339.749376 3355.806306 3360.972172 3365.179551 3367.357939 0.000000 0.000000
0.000000 0.000000 4518.832172 4516.169976 4512.841366 4508.554810 4495.510601 4478.279713 4478.396554 4474.807034 4476.792315 4479.590644 4481.680235 4482.851683 4502.964459 4512.614746 4517.159499 4518.553574 4523.997020 0.000000 0.000000
0.000000 0.000000 5180.027265 5181.342820 5179.939064 5173.378159 5172.625621 5165.308069 5165.866435 5166.241609 5164.922745 5162.478181 5162.207696 5165.849762 5166.284147 5169.150307 5177.681787 5176.082009 5179.408934 0.000000 0.000000
0.000000 0.000000 6112.086841 6109.333032 6104.752840 6105.461711 6098.589559 6087.826550 6088.285321 6085.627545 6083.074212 6084.226248 6085.337944 6080.337680 6093.939213 6102.447163 6104.799215 6105.816617 6107.576637 0.000000 0.000000
0.000000 0.000000 7191.687345 7189.225752 7190.913326 7189.995345 7174.963446 7167.408444 7168.823863 7167.902810 7165.757881 7168.868628 7172.142655 7170.306739 7173.927638 7184.854202 7189.031521 7189.398452 7190.377033 0.000000 0.000000
0.000000 0.000000 8357.304887 8357.429755 8357.082348 8342.473079 8339.674117 8328.659100 8332.229448 8323.063144 8325.423841 8324.404143 8319.532325 8327.124566 8331.989447 8333.674970 8340.606384 8346.727172 8354.352945 0.000000 0.000000
0.000000 0.000000 9579.307799 9574.612364 9569.145801 9567.117509 9562.875009 9547.630138 9546.581935 9545.708566 9552.350410 9545.151598 9547.205703 9546.826901 9562.952640 9566.713582 9568.465249 9569.149009 9589.041695 0.000000 0.000000
0.000000 0.000000 10818.609349 10816.614659 10817.268586 10809.482566 10805.152682 10777.124438 10775.694874 10775.317630 10760.546822 10769.662539 10773.637853 10775.968323 10793.406658 10797.610482 10812.205326 10811.749442 10818.875264 0.000000 0.000000
0.000000 0.000000 12180.912863 12182.233151 12174.774816 12173.406629 12144.252569 12152.834248 12142.200044 12143.686015 12144.749651 12144.170216 12142.758607 12139.268402 12129.196315 12160.854843 12166.514425 12177.578288 12185.009483 0.000000 0.000000
0.000000 0.000000 13656.736562 13651.605903 13647.914359 13621.750642 13621.794520 13605.539135 13592.301847 13590.632050 13585.470286 13579.010460 13582.268702 13580.549908 13596.262237 13600.049498 13643.748260 13634.678764 13635.054593 0.000000 0.000000
0.000000 0.000000 15177.306167 15176.536198 15137.529878 15137.664591 15142.804344 15135.167377 15153.177118 15145.363388 15151.616971 15146.917207 15141.238445 15150.558411 15154.358304 15153.905436 15131.669020 15186.728648 15179.963786 0.000000 0.000000
0.000000 0.000000 16912.586271 16864.537874 16862.825749 16852.173444 16825.223327 16817.767303 16808.619827 16811.984724 16796.963356 16797.399774 16803.114443 16802.456091 16815.356110 16827.711172 16861.737105 16853.822366 16907.677940 0.000000 0.000000
0.000000 0.000000 18093.265500 18109.773377 18159.904206 18152.877180 18138.530740 18097.883624 18099.146295 18084.236801 18097.270366 18095.069252 18100.766799 18096.662302 18132.236051 18144.454048 18168.722688 18117.587214 18101.438068 0.000000 0.000000
0.000000 0.000000 0.000000 0.000000 0.000000 0.000000 0.000000 0.000000 0.000000 0.000000 0.000000 0.000000 0.000000 0.000000 0.000000 0.000000 0.000000 0.000000 0.000000 0.000000 0.000000
0.000000 0.000000 0.000000 0.000000 0.000000 0.000000 0.000000 0.000000 0.000000 0.000000 0.000000 0.000000 0.000000 0.000000 0.000000 0.000000 0.000000 0.000000 0.000000 0.000000 0.000000