geotop/1.0zi/1.0Montebello/Templates/testdem/maps/_Erotot7384.asc
ncols         21
nrows         20
xllcorner     100.000000
yllcorner     100.000000
cellsize      50.000000
NODATA_value  -9999.0
0.000000 0.000000 0.000000 0.000000 0.000000 0.000000 0.000000 0.000000 0.000000 0.000000 0.000000 0.000000 0.000000 0.000000 0.000000 0.000000 0.000000 0.000000 0.000000 0.000000 0.000000
0.000000 0.000000 630.226783 631.184434 630.596653 630.771529 629.909367 630.121540 630.068230 630.172990 630.596454 629.927814 629.812444 629.853502 630.188212 630.219802 631.005829 631.578787 631.637327 0.000000 0.000000
0.000000 0.000000 49.252779 48.029039 48.169301 48.545509 48.960518 48.636141 48.370576 48.209071 48.451016 48.787366 48.807899 48.972664 48.720936 48.395166 46.986306 46.047963 46.799259 0.000000 0.000000
0.000000 0.000000 329.580378 330.930955 319.051404 313.510401 314.337583 303.126064 303.223571 304.090012 300.425851 298.604798 300.813711 300.951984 311.182843 317.919180 322.476116 325.187517 330.042095 0.000000 0.000000
0.000000 0.000000 2875.011984 2878.149986 2881.920678 2860.619824 2842.217763 2832.940673 2832.460526 2828.864128 2834.982710 2840.727444 2835.630343 2833.962228 2847.916268 2850.887280 2859.836438 2868.030976 2867.668273 0.000000 0.000000
0.000000 0.000000 4614.795279 4609.116117 4605.602054 4599.682948 4585.642482 4576.259712 4576.948030 4575.792434 4572.542158 4566.831094 4565.963205 4569.248180 4568.178863 4587.054326 4595.139147 4602.065810 4605.068714 0.000000 0.000000
0.000000 0.000000 5874.379317 5871.437619 5867.219002 5860.741047 5847.359820 5826.875819 5825.872365 5822.245949 5823.573972 5827.405650 5828.809861 5829.362919 5855.813469 5865.474397 5870.758946 5873.341529 5878.532621 0.000000 0.000000
0.000000 0.000000 6857.531649 6858.031191 6855.377138 6846.141962 6844.247208 6835.650465 6835.930150 6835.984364 6834.867247 6831.114235 6830.361621 6836.413044 6837.631983 6841.975689 6853.887440 6852.286250 6857.108127 0.000000 0.000000
0.000000 0.000000 8163.173681 8159.045634 8153.224896 8153.342168 8143.056476 8128.781926 8129.996189 8125.834179 8123.587233 8123.482923 8125.783134 8120.092182 8137.791734 8151.025933 8152.459837 8155.841883 8157.162344 0.000000 0.000000
0.000000 0.000000 9659.260032 9656.121761 9656.747447 9653.152547 9633.943874 9625.173058 9624.973773 9624.828544 9621.436487 9624.818345 9627.827564 9627.082652 9633.135368 9646.635145 9653.728631 9655.418527 9656.461324 0.000000 0.000000
0.000000 0.000000 11289.825193 11289.207166 11286.855888 11268.001170 11262.696780 11248.397924 11253.872035 11241.436275 11245.099082 11243.553357 11236.894369 11246.354366 11254.806345 11257.283783 11269.003218 11275.582735 11285.787885 0.000000 0.000000
0.000000 0.000000 13041.071945 13033.865467 13026.702669 13023.688721 13014.664312 12996.196031 12993.094595 12993.623636 13000.473474 12990.157634 12993.857027 12993.881772 13014.558147 13022.178098 13024.673074 13028.351811 13050.426256 0.000000 0.000000
0.000000 0.000000 14845.507863 14841.268222 14841.808281 14829.481413 14823.247299 14780.666209 14779.072796 14778.458651 14758.705649 14769.900991 14774.008344 14778.273713 14807.711400 14814.063977 14835.297705 14834.807017 14842.642519 0.000000 0.000000
0.000000 0.000000 16889.020797 16891.469500 16879.580107 16875.599442 16826.228369 16842.310297 16828.284773 16829.540278 16834.305613 16830.619452 16828.741533 16824.568455 16806.809069 16860.639311 16866.976751 16884.878730 16893.803504 0.000000 0.000000
0.000000 0.000000 19161.139190 19153.752711 19146.111379 19094.421449 19102.263431 19076.345126 19058.523000 19056.203767 19046.152656 19036.775264 19041.635943 19040.292916 19070.346718 19065.211677 19142.220350 19127.135713 19125.479273 0.000000 0.000000
0.000000 0.000000 21534.287780 21531.763427 21456.935636 21473.649689 21476.160805 21465.666572 21499.731667 21486.735759 21501.535348 21493.652532 21482.576574 21502.085260 21505.613188 21506.196798 21449.488566 21557.666381 21549.904471 0.000000 0.000000
0.000000 0.000000 24359.485249 24252.574186 24270.959598 24238.912120 24181.354495 24169.709885 24143.055535 24151.391663 24118.363093 24120.967721 24136.808419 24125.399015 24151.304434 24185.855573 24268.896214 24220.783798 24335.045023 0.000000 0.000000
0.000000 0.000000 25733.904280 25821.234173 25926.467723 25922.216252 25916.118942 25827.299017 25836.891339 25808.258472 25846.815058 25839.248560 25840.293979 25845.322088 25920.981084 25926.532856 25945.576711 25852.153238 25766.480359 0.000000 0.000000
0.000000 0.000000 0.000000 0.000000 0.000000 0.000000 0.000000 0.000000 0.000000 0.000000 0.000000 0.000000 0.000000 0.000000 0.000000 0.000000 0.000000 0.000000 0.000000 0.000000 0.000000
0.000000 0.000000 0.000000 0.000000 0.000000 0.000000 0.000000 0.000000 0.000000 0.000000 0.000000 0.000000 0.000000 0.000000 0.000000 0.000000 0.000000 0.000000 0.000000 0.000000 0.000000