geotop/1.0zi/1.0Montebello/Templates/testdem/maps/_Erotot4821.asc
ncols         21
nrows         20
xllcorner     100.000000
yllcorner     100.000000
cellsize      50.000000
NODATA_value  -9999.0
0.000000 0.000000 0.000000 0.000000 0.000000 0.000000 0.000000 0.000000 0.000000 0.000000 0.000000 0.000000 0.000000 0.000000 0.000000 0.000000 0.000000 0.000000 0.000000 0.000000 0.000000
0.000000 0.000000 360.896334 359.971438 359.686636 359.495028 359.464546 359.473871 359.513801 359.673693 359.628319 359.500297 359.581874 359.657370 359.535597 359.583617 359.771084 359.739365 360.309355 0.000000 0.000000
0.000000 0.000000 28.267404 29.215947 29.662114 30.702340 30.219351 30.336521 30.015734 29.811226 29.883052 30.225629 29.887588 29.683196 30.292454 29.911497 29.093980 28.485110 27.814129 0.000000 0.000000
0.000000 0.000000 137.242161 138.640959 131.531209 129.503528 130.721726 125.935092 125.160554 125.070848 123.870840 122.912862 123.968784 122.520214 125.115009 130.070806 130.505165 132.837165 135.473157 0.000000 0.000000
0.000000 0.000000 1430.941038 1435.209650 1440.404553 1423.001023 1412.003432 1403.797253 1406.442046 1400.885525 1404.764002 1408.931666 1409.271566 1409.621806 1419.056262 1418.037573 1423.579645 1429.342412 1431.172915 0.000000 0.000000
0.000000 0.000000 2711.145277 2705.501260 2701.633518 2698.466241 2692.174062 2688.912631 2686.278342 2688.060602 2687.564444 2684.910390 2681.298164 2683.181653 2683.101752 2696.128570 2700.277668 2700.394437 2703.265148 0.000000 0.000000
0.000000 0.000000 3476.833058 3472.231855 3467.430682 3463.550510 3452.614544 3437.077331 3438.444196 3434.982545 3437.948981 3437.172384 3440.064519 3442.335932 3457.032839 3466.274524 3472.595021 3476.363317 3479.922021 0.000000 0.000000
0.000000 0.000000 4021.271609 4021.413170 4022.020049 4017.456772 4015.547737 4010.657845 4011.371531 4011.593757 4009.064205 4009.925687 4008.947497 4008.143050 4011.607878 4015.149290 4017.310636 4016.780294 4018.017866 0.000000 0.000000
0.000000 0.000000 4705.223436 4704.902139 4702.193472 4699.793067 4695.009251 4686.214714 4686.515921 4684.634989 4685.041538 4685.611781 4684.990913 4685.996591 4691.542949 4699.568646 4699.679088 4701.223179 4704.964086 0.000000 0.000000
0.000000 0.000000 5511.170132 5509.234765 5509.352446 5505.277487 5496.076274 5490.841292 5492.501734 5491.530433 5491.547805 5491.483725 5490.766124 5489.527116 5497.287536 5504.221932 5506.590435 5507.658176 5509.056772 0.000000 0.000000
0.000000 0.000000 6364.338497 6362.336753 6360.792387 6358.435720 6355.282075 6344.456069 6344.791866 6342.212015 6342.229653 6343.219724 6342.406595 6342.706453 6348.150415 6351.174011 6356.068036 6358.204902 6361.309637 0.000000 0.000000
0.000000 0.000000 7253.090326 7252.170621 7249.556871 7242.514323 7237.257810 7228.851438 7227.897959 7227.468005 7227.500095 7226.572390 7226.501073 7226.812871 7236.377483 7242.683418 7246.206549 7247.432132 7264.653967 0.000000 0.000000
0.000000 0.000000 8149.363034 8147.260728 8144.888004 8141.813583 8133.756917 8113.625572 8113.942755 8112.076701 8111.902426 8112.460064 8111.189200 8112.138451 8129.293414 8137.839703 8141.233009 8142.801230 8145.207128 0.000000 0.000000
0.000000 0.000000 9108.201835 9104.885558 9102.597805 9098.372710 9077.258168 9085.517959 9079.579248 9078.596653 9078.940751 9079.185990 9078.259877 9078.478915 9072.721566 9092.637335 9096.724266 9102.154913 9102.080588 0.000000 0.000000
0.000000 0.000000 10133.236678 10128.255411 10123.254547 10109.044549 10105.910243 10089.127814 10080.818619 10079.021160 10074.517672 10074.125469 10075.637558 10073.722793 10085.415256 10093.859417 10117.025347 10112.519277 10114.001365 0.000000 0.000000
0.000000 0.000000 11158.830128 11158.202328 11135.563366 11138.881545 11137.712176 11136.550071 11139.604673 11139.616859 11142.543772 11142.257495 11139.220637 11145.175786 11143.090334 11141.952925 11129.967860 11156.196460 11161.086529 0.000000 0.000000
0.000000 0.000000 12324.213689 12297.113242 12288.302403 12279.649882 12263.230459 12256.400527 12254.643707 12253.698805 12249.591529 12249.821893 12250.618151 12248.011162 12253.478610 12271.658750 12286.153592 12286.506224 12313.796965 0.000000 0.000000
0.000000 0.000000 13179.641534 13183.868308 13208.231041 13197.748042 13190.421986 13164.574885 13162.822995 13159.827072 13161.762226 13161.402171 13160.003241 13162.249030 13186.870866 13196.260167 13208.916955 13180.261492 13181.718625 0.000000 0.000000
0.000000 0.000000 0.000000 0.000000 0.000000 0.000000 0.000000 0.000000 0.000000 0.000000 0.000000 0.000000 0.000000 0.000000 0.000000 0.000000 0.000000 0.000000 0.000000 0.000000 0.000000
0.000000 0.000000 0.000000 0.000000 0.000000 0.000000 0.000000 0.000000 0.000000 0.000000 0.000000 0.000000 0.000000 0.000000 0.000000 0.000000 0.000000 0.000000 0.000000 0.000000 0.000000