geotop/1.0zi/1.0Montebello/Templates/testdem/maps/_Erotot2664.asc
ncols         21
nrows         20
xllcorner     100.000000
yllcorner     100.000000
cellsize      50.000000
NODATA_value  -9999.0
0.000000 0.000000 0.000000 0.000000 0.000000 0.000000 0.000000 0.000000 0.000000 0.000000 0.000000 0.000000 0.000000 0.000000 0.000000 0.000000 0.000000 0.000000 0.000000 0.000000 0.000000
0.000000 0.000000 247.892154 247.894856 247.898896 248.018782 247.886339 247.890505 247.865664 247.906726 247.918835 247.906726 247.865664 247.890505 247.886339 248.018782 247.898896 247.894856 247.892154 0.000000 0.000000
0.000000 0.000000 13.873960 13.652303 11.901147 13.621779 13.915366 13.901725 13.934408 13.899844 13.887278 13.899844 13.934408 13.901725 13.915366 13.621779 11.901147 13.652303 13.873960 0.000000 0.000000
0.000000 0.000000 1817.284000 1816.962891 1817.296246 1815.429745 1817.435062 1816.877328 1816.871331 1817.702778 1817.863559 1817.702778 1816.871331 1816.877328 1817.435062 1815.429745 1817.296246 1816.962891 1817.284000 0.000000 0.000000
0.000000 0.000000 3750.565959 3750.395529 3749.736394 3750.330120 3750.873653 3750.731320 3750.697606 3750.848819 3750.815802 3750.848819 3750.697606 3750.731320 3750.873653 3750.330120 3749.736394 3750.395529 3750.565959 0.000000 0.000000
0.000000 0.000000 4857.687298 4857.482208 4856.921222 4857.074513 4857.884305 4857.590878 4857.610133 4857.955874 4858.050212 4857.955874 4857.610133 4857.590878 4857.884305 4857.074513 4856.921222 4857.482208 4857.687298 0.000000 0.000000
0.000000 0.000000 6341.407903 6341.237485 6340.724824 6340.867177 6341.558644 6341.304979 6341.329604 6341.636638 6341.739066 6341.636638 6341.329604 6341.304979 6341.558644 6340.867177 6340.724824 6341.237485 6341.407903 0.000000 0.000000
0.000000 0.000000 7739.212364 7739.069466 7738.592889 7738.737396 7739.331423 7739.113546 7739.135641 7739.410336 7739.507874 7739.410336 7739.135641 7739.113546 7739.331423 7738.737396 7738.592889 7739.069466 7739.212364 0.000000 0.000000
0.000000 0.000000 9038.988447 9038.858017 9038.406083 9038.549906 9039.095187 9038.894629 9038.915311 9039.172998 9039.265842 9039.172998 9038.915311 9038.894629 9039.095187 9038.549906 9038.406083 9038.858017 9038.988447 0.000000 0.000000
0.000000 0.000000 10263.198415 10263.096605 10262.656179 10262.837956 10263.292274 10263.113269 10263.138489 10263.372666 10263.460642 10263.372666 10263.138489 10263.113269 10263.292274 10262.837956 10262.656179 10263.096605 10263.198415 0.000000 0.000000
0.000000 0.000000 11416.655055 11416.546707 11416.126783 11416.283892 11416.747890 11416.569929 11416.590999 11416.821383 11416.904117 11416.821383 11416.590999 11416.569929 11416.747890 11416.283892 11416.126783 11416.546707 11416.655055 0.000000 0.000000
0.000000 0.000000 12516.219865 12516.111448 12515.708095 12515.859025 12516.307640 12516.137392 12516.157202 12516.379529 12516.460487 12516.379529 12516.157202 12516.137392 12516.307640 12515.859025 12515.708095 12516.111448 12516.219865 0.000000 0.000000
0.000000 0.000000 13571.414469 13571.311257 13570.914991 13571.067147 13571.495479 13571.329980 13571.349863 13571.565916 13571.643449 13571.565916 13571.349863 13571.329980 13571.495479 13571.067147 13570.914991 13571.311257 13571.414469 0.000000 0.000000
0.000000 0.000000 14587.244274 14587.148979 14586.762579 14586.932580 14587.323012 14587.164449 14587.185858 14587.393201 14587.468374 14587.393201 14587.185858 14587.164449 14587.323012 14586.932580 14586.762579 14587.148979 14587.244274 0.000000 0.000000
0.000000 0.000000 15567.718992 15567.621910 15567.240044 15567.398596 15567.793624 15567.636708 15567.656667 15567.861785 15567.934711 15567.861785 15567.656667 15567.636708 15567.793624 15567.398596 15567.240044 15567.621910 15567.718992 0.000000 0.000000
0.000000 0.000000 16515.244974 16515.150189 16514.779804 16514.931394 16515.313649 16515.161662 16515.181434 16515.380861 16515.451928 16515.380861 16515.181434 16515.161662 16515.313649 16514.931394 16514.779804 16515.150189 16515.244969 0.000000 0.000000
0.000000 0.000000 17432.524716 17432.431620 17432.064116 17432.218614 17432.591232 17432.441533 17432.460761 17432.655148 17432.723980 17432.655148 17432.460761 17432.441533 17432.591232 17432.218614 17432.064116 17432.431599 17432.524281 0.000000 0.000000
0.000000 0.000000 18358.808268 18359.124156 18358.763700 18358.913869 18359.281102 18359.134916 18359.152186 18359.342795 18359.408866 18359.342795 18359.152186 18359.134916 18359.281102 18358.913868 18358.763681 18359.120627 18359.210256 0.000000 0.000000
0.000000 0.000000 0.000000 0.000000 0.000000 0.000000 0.000000 0.000000 0.000000 0.000000 0.000000 0.000000 0.000000 0.000000 0.000000 0.000000 0.000000 0.000000 0.000000 0.000000 0.000000
0.000000 0.000000 0.000000 0.000000 0.000000 0.000000 0.000000 0.000000 0.000000 0.000000 0.000000 0.000000 0.000000 0.000000 0.000000 0.000000 0.000000 0.000000 0.000000 0.000000 0.000000