geotop/1.0zi/1.0Montebello/Templates/testdem/maps/_Erotot7718.asc
ncols         21
nrows         20
xllcorner     100.000000
yllcorner     100.000000
cellsize      50.000000
NODATA_value  -9999.0
0.000000 0.000000 0.000000 0.000000 0.000000 0.000000 0.000000 0.000000 0.000000 0.000000 0.000000 0.000000 0.000000 0.000000 0.000000 0.000000 0.000000 0.000000 0.000000 0.000000 0.000000
0.000000 0.000000 645.700311 646.522593 645.998783 646.129494 645.143771 645.326494 645.314596 645.377677 645.810417 645.135217 645.013315 645.066260 645.416801 645.546923 646.356627 646.878793 647.069760 0.000000 0.000000
0.000000 0.000000 50.234131 49.253220 49.187058 49.587524 50.220198 49.900634 49.605268 49.475608 49.708644 50.052270 50.076416 50.228971 49.985918 49.463730 48.178348 47.305767 47.826719 0.000000 0.000000
0.000000 0.000000 353.457549 354.629313 342.536600 336.875701 337.418007 326.097232 326.226690 327.031113 323.361526 321.614329 323.752326 323.894265 334.146516 341.155156 345.755336 348.691729 353.582558 0.000000 0.000000
0.000000 0.000000 3024.051692 3026.221743 3029.761445 3007.325152 2988.840732 2979.000558 2978.314144 2973.665110 2980.670481 2985.983973 2981.515893 2980.103692 2994.625333 2997.557449 3007.294626 3015.891746 3015.596915 0.000000 0.000000
0.000000 0.000000 4874.749914 4869.493399 4865.879394 4859.931438 4845.243236 4835.463342 4836.352339 4835.284001 4831.913731 4826.219321 4825.196831 4828.434262 4827.707477 4847.264410 4855.148493 4862.038817 4865.075421 0.000000 0.000000
0.000000 0.000000 6146.730344 6143.709728 6139.360370 6132.546243 6118.992276 6097.736316 6096.707817 6092.914884 6094.350440 6098.128479 6099.633752 6100.120052 6127.343914 6137.146380 6142.579818 6145.314081 6150.514227 0.000000 0.000000
0.000000 0.000000 7204.374844 7204.646625 7201.798309 7191.977978 7189.813115 7180.776412 7180.986387 7180.813457 7179.872918 7175.978414 7175.306685 7181.499145 7183.086810 7187.721089 7199.960120 7198.512996 7203.423571 0.000000 0.000000
0.000000 0.000000 8602.085620 8597.601804 8591.520297 8591.171205 8580.444845 8565.456321 8566.726270 8562.202433 8560.182345 8559.956054 8562.400228 8556.668976 8575.040257 8588.645819 8590.323356 8593.981002 8595.310123 0.000000 0.000000
0.000000 0.000000 10203.164114 10199.741771 10200.123595 10195.863578 10175.980980 10166.642864 10166.262442 10166.009930 10162.629272 10166.104980 10169.186579 10168.495731 10175.081689 10189.140968 10196.542263 10198.502900 10199.550644 0.000000 0.000000
0.000000 0.000000 11953.582070 11952.743938 11950.048346 11930.021556 11924.461219 11909.136185 11914.809055 11901.676128 11905.747962 11904.029065 11897.220254 11907.011101 11916.184300 11918.892316 11931.160436 11938.096418 11948.595739 0.000000 0.000000
0.000000 0.000000 13845.083941 13837.221009 13829.446247 13825.952916 13816.070541 13796.679374 13793.147213 13793.677478 13800.885619 13790.104406 13794.145412 13794.097192 13815.977782 13824.238784 13826.975095 13830.991675 13853.750149 0.000000 0.000000
0.000000 0.000000 15805.739152 15800.946917 15801.441224 15787.753236 15781.124808 15734.596566 15732.929465 15732.000225 15711.350225 15723.293602 15727.502090 15732.131356 15764.524091 15771.391016 15793.918005 15793.610152 15801.327745 0.000000 0.000000
0.000000 0.000000 18043.273445 18045.623681 18032.613439 18027.866247 17973.016558 17991.420190 17976.278293 17977.376794 17983.329607 17978.913417 17976.925286 17972.373335 17952.738233 18012.257910 18018.729912 18038.172633 18047.511100 0.000000 0.000000
0.000000 0.000000 20544.526434 20536.316376 20527.762796 20468.000604 20479.522516 20449.739090 20430.877450 20427.857180 20416.845731 20406.723521 20412.492628 20411.230546 20445.106692 20436.631022 20523.268487 20506.222586 20504.039300 0.000000 0.000000
0.000000 0.000000 23159.520024 23156.389356 23070.329301 23093.457192 23095.220602 23085.290372 23124.381294 23110.035681 23127.897026 23119.722451 23106.513906 23128.927198 23131.096600 23131.857487 23061.901157 23187.463629 23179.239331 0.000000 0.000000
0.000000 0.000000 26284.251442 26159.009912 26187.061724 26146.861925 26080.866408 26067.384873 26033.818419 26043.728556 26004.851819 26008.475915 26028.217508 26012.432157 26042.418792 26083.238598 26184.321706 26118.368777 26251.578501 0.000000 0.000000
0.000000 0.000000 27626.544673 27740.368367 27859.505876 27858.545844 27857.946311 27755.900799 27769.951984 27736.439967 27784.888581 27775.776073 27774.301314 27783.061559 27868.576226 27870.189397 27881.129348 27779.894211 27667.417808 0.000000 0.000000
0.000000 0.000000 0.000000 0.000000 0.000000 0.000000 0.000000 0.000000 0.000000 0.000000 0.000000 0.000000 0.000000 0.000000 0.000000 0.000000 0.000000 0.000000 0.000000 0.000000 0.000000
0.000000 0.000000 0.000000 0.000000 0.000000 0.000000 0.000000 0.000000 0.000000 0.000000 0.000000 0.000000 0.000000 0.000000 0.000000 0.000000 0.000000 0.000000 0.000000 0.000000 0.000000