geotop/1.0zi/1.0Montebello/Templates/testdem/maps/_Erotot0112.asc
ncols         21
nrows         20
xllcorner     100.000000
yllcorner     100.000000
cellsize      50.000000
NODATA_value  -9999.0
0.000000 0.000000 0.000000 0.000000 0.000000 0.000000 0.000000 0.000000 0.000000 0.000000 0.000000 0.000000 0.000000 0.000000 0.000000 0.000000 0.000000 0.000000 0.000000 0.000000 0.000000
0.000000 0.000000 1.654981 1.654980 1.654981 1.654981 1.654981 1.654981 1.654981 1.654981 1.654981 1.654981 1.654981 1.654981 1.654981 1.654981 1.654981 1.654980 1.654981 0.000000 0.000000
0.000000 0.000000 2.948871 2.948730 2.948798 2.948819 2.948823 2.948824 2.948824 2.948824 2.948824 2.948824 2.948824 2.948824 2.948823 2.948819 2.948798 2.948730 2.948871 0.000000 0.000000
0.000000 0.000000 90.501937 90.501466 90.501640 90.501731 90.501753 90.501757 90.501758 90.501758 90.501758 90.501758 90.501758 90.501757 90.501753 90.501731 90.501640 90.501466 90.501937 0.000000 0.000000
0.000000 0.000000 112.879184 112.878981 112.879047 112.879092 112.879104 112.879106 112.879106 112.879106 112.879106 112.879106 112.879106 112.879106 112.879104 112.879092 112.879047 112.878981 112.879184 0.000000 0.000000
0.000000 0.000000 162.544589 162.544270 162.544409 162.544472 162.544488 162.544491 162.544491 162.544491 162.544491 162.544491 162.544491 162.544491 162.544488 162.544472 162.544409 162.544270 162.544589 0.000000 0.000000
0.000000 0.000000 213.311156 213.310850 213.310974 213.311034 213.311048 213.311051 213.311052 213.311052 213.311052 213.311052 213.311052 213.311051 213.311048 213.311034 213.310974 213.310850 213.311156 0.000000 0.000000
0.000000 0.000000 261.398374 261.398075 261.398191 261.398248 261.398263 261.398265 261.398266 261.398266 261.398266 261.398266 261.398266 261.398265 261.398263 261.398248 261.398191 261.398075 261.398374 0.000000 0.000000
0.000000 0.000000 307.418343 307.418048 307.418156 307.418211 307.418225 307.418228 307.418229 307.418229 307.418229 307.418229 307.418229 307.418228 307.418225 307.418211 307.418156 307.418048 307.418343 0.000000 0.000000
0.000000 0.000000 351.942299 351.942003 351.942106 351.942160 351.942174 351.942177 351.942177 351.942178 351.942178 351.942178 351.942177 351.942177 351.942174 351.942160 351.942106 351.942003 351.942299 0.000000 0.000000
0.000000 0.000000 395.493410 395.493112 395.493211 395.493264 395.493278 395.493281 395.493281 395.493281 395.493281 395.493281 395.493281 395.493281 395.493278 395.493264 395.493211 395.493112 395.493410 0.000000 0.000000
0.000000 0.000000 438.461741 438.461439 438.461534 438.461587 438.461601 438.461604 438.461605 438.461605 438.461605 438.461605 438.461605 438.461604 438.461601 438.461587 438.461534 438.461439 438.461741 0.000000 0.000000
0.000000 0.000000 480.883669 480.883364 480.883457 480.883510 480.883524 480.883526 480.883527 480.883527 480.883527 480.883527 480.883527 480.883526 480.883524 480.883510 480.883457 480.883364 480.883669 0.000000 0.000000
0.000000 0.000000 522.340227 522.339918 522.340008 522.340060 522.340074 522.340077 522.340077 522.340078 522.340078 522.340078 522.340077 522.340077 522.340074 522.340060 522.340008 522.339918 522.340227 0.000000 0.000000
0.000000 0.000000 563.233996 563.233691 563.233775 563.233825 563.233839 563.233842 563.233843 563.233843 563.233843 563.233843 563.233843 563.233842 563.233839 563.233825 563.233775 563.233691 563.233996 0.000000 0.000000
0.000000 0.000000 603.706362 603.706050 603.706134 603.706184 603.706198 603.706201 603.706201 603.706202 603.706202 603.706202 603.706201 603.706201 603.706198 603.706184 603.706134 603.706050 603.706360 0.000000 0.000000
0.000000 0.000000 643.696802 643.696370 643.696445 643.696495 643.696509 643.696511 643.696512 643.696512 643.696512 643.696512 643.696512 643.696511 643.696509 643.696495 643.696445 643.696365 643.696678 0.000000 0.000000
0.000000 0.000000 684.347551 684.355694 684.355348 684.355388 684.355402 684.355405 684.355405 684.355405 684.355405 684.355405 684.355405 684.355405 684.355402 684.355388 684.355341 684.355297 684.355687 0.000000 0.000000
0.000000 0.000000 0.000000 0.000000 0.000000 0.000000 0.000000 0.000000 0.000000 0.000000 0.000000 0.000000 0.000000 0.000000 0.000000 0.000000 0.000000 0.000000 0.000000 0.000000 0.000000
0.000000 0.000000 0.000000 0.000000 0.000000 0.000000 0.000000 0.000000 0.000000 0.000000 0.000000 0.000000 0.000000 0.000000 0.000000 0.000000 0.000000 0.000000 0.000000 0.000000 0.000000