geotop/1.0zi/1.0Montebello/Templates/testdem/maps/_Erotot2962.asc
ncols         21
nrows         20
xllcorner     100.000000
yllcorner     100.000000
cellsize      50.000000
NODATA_value  -9999.0
0.000000 0.000000 0.000000 0.000000 0.000000 0.000000 0.000000 0.000000 0.000000 0.000000 0.000000 0.000000 0.000000 0.000000 0.000000 0.000000 0.000000 0.000000 0.000000 0.000000 0.000000
0.000000 0.000000 291.043160 291.045975 291.049495 291.168217 291.037454 291.041659 291.016273 291.056196 291.072726 291.056196 291.016273 291.041659 291.037454 291.168217 291.049495 291.045975 291.043160 0.000000 0.000000
0.000000 0.000000 12.969235 12.747278 10.997047 12.712946 13.004533 12.990836 13.021830 12.969550 12.921142 12.969550 13.021830 12.990836 13.004533 12.712946 10.997047 12.747278 12.969235 0.000000 0.000000
0.000000 0.000000 2294.086759 2293.765573 2294.093273 2292.313297 2294.239423 2293.683673 2293.673597 2294.592403 2294.826874 2294.592403 2293.673597 2293.683673 2294.239423 2292.313297 2294.093273 2293.765573 2294.086759 0.000000 0.000000
0.000000 0.000000 4432.668340 4432.500821 4431.843780 4432.428684 4432.973545 4432.835151 4432.798833 4432.944481 4432.924098 4432.944481 4432.798833 4432.835151 4432.973545 4432.428684 4431.843780 4432.500821 4432.668340 0.000000 0.000000
0.000000 0.000000 5768.496703 5768.294597 5767.736693 5767.901023 5768.689547 5768.401376 5768.417604 5768.775994 5768.909737 5768.775994 5768.417604 5768.401376 5768.689547 5767.901023 5767.736693 5768.294597 5768.496703 0.000000 0.000000
0.000000 0.000000 7467.180423 7467.012559 7466.505739 7466.655354 7467.327569 7467.078843 7467.100337 7467.418018 7467.555939 7467.418018 7467.100337 7467.078843 7467.327569 7466.655354 7466.505739 7467.012559 7467.180423 0.000000 0.000000
0.000000 0.000000 9043.489170 9043.348742 9042.880017 9043.029900 9043.604619 9043.391767 9043.411092 9043.694000 9043.821891 9043.694000 9043.411092 9043.391767 9043.604619 9043.029900 9042.880017 9043.348742 9043.489170 0.000000 0.000000
0.000000 0.000000 10499.217171 10499.089850 10498.647580 10498.795927 10499.320174 10499.125254 10499.143398 10499.407641 10499.527654 10499.407641 10499.143398 10499.125254 10499.320174 10498.795927 10498.647580 10499.089850 10499.217171 0.000000 0.000000
0.000000 0.000000 11857.243588 11857.144776 11856.715939 11856.900585 11857.333708 11857.160652 11857.183314 11857.422846 11857.534495 11857.422846 11857.183314 11857.160652 11857.333708 11856.900585 11856.715939 11857.144776 11857.243588 0.000000 0.000000
0.000000 0.000000 13124.597692 13124.492801 13124.086107 13124.245445 13124.686462 13124.515116 13124.533746 13124.768302 13124.872290 13124.768302 13124.533746 13124.515116 13124.686462 13124.245445 13124.086107 13124.492801 13124.597692 0.000000 0.000000
0.000000 0.000000 14325.510594 14325.406203 14325.017437 14325.170113 14325.594156 14325.431088 14325.448544 14325.673739 14325.773847 14325.673739 14325.448544 14325.431088 14325.594156 14325.170113 14325.017437 14325.406203 14325.510594 0.000000 0.000000
0.000000 0.000000 15467.933230 15467.834699 15467.454314 15467.607699 15468.010126 15467.852296 15467.869896 15468.087810 15468.182694 15468.087810 15467.869896 15467.852296 15468.010126 15467.607699 15467.454314 15467.834699 15467.933230 0.000000 0.000000
0.000000 0.000000 16562.859447 16562.769055 16562.400072 16562.569923 16562.934022 16562.783531 16562.802617 16563.010929 16563.101669 16563.010929 16562.802617 16562.783531 16562.934022 16562.569923 16562.400072 16562.769055 16562.859447 0.000000 0.000000
0.000000 0.000000 17611.802505 17611.710472 17611.347978 17611.505210 17611.873186 17611.724793 17611.742452 17611.947088 17612.034382 17611.947088 17611.742452 17611.724793 17611.873186 17611.505210 17611.347978 17611.710472 17611.802505 0.000000 0.000000
0.000000 0.000000 18618.813381 18618.723785 18618.373476 18618.522840 18618.877854 18618.734737 18618.752224 18618.950077 18619.034658 18618.950077 18618.752224 18618.734737 18618.877854 18618.522840 18618.373476 18618.723785 18618.813377 0.000000 0.000000
0.000000 0.000000 19590.039188 19589.951822 19589.605790 19589.758032 19590.101631 19589.961470 19589.978407 19590.170460 19590.251131 19590.170460 19589.978407 19589.961470 19590.101631 19589.758032 19589.605790 19589.951801 19590.039073 0.000000 0.000000
0.000000 0.000000 20576.967606 20577.391439 20577.053547 20577.201282 20577.537675 20577.401737 20577.416721 20577.603951 20577.681204 20577.603951 20577.416721 20577.401737 20577.537675 20577.201281 20577.053529 20577.388059 20577.471951 0.000000 0.000000
0.000000 0.000000 0.000000 0.000000 0.000000 0.000000 0.000000 0.000000 0.000000 0.000000 0.000000 0.000000 0.000000 0.000000 0.000000 0.000000 0.000000 0.000000 0.000000 0.000000 0.000000
0.000000 0.000000 0.000000 0.000000 0.000000 0.000000 0.000000 0.000000 0.000000 0.000000 0.000000 0.000000 0.000000 0.000000 0.000000 0.000000 0.000000 0.000000 0.000000 0.000000 0.000000