geotop/1.0zi/1.0Montebello/Templates/testdem/maps/_Erotot4389.asc
ncols         21
nrows         20
xllcorner     100.000000
yllcorner     100.000000
cellsize      50.000000
NODATA_value  -9999.0
0.000000 0.000000 0.000000 0.000000 0.000000 0.000000 0.000000 0.000000 0.000000 0.000000 0.000000 0.000000 0.000000 0.000000 0.000000 0.000000 0.000000 0.000000 0.000000 0.000000 0.000000
0.000000 0.000000 329.132044 328.690688 328.495664 328.347044 328.372216 328.428296 328.465830 328.464339 328.450876 328.453960 328.455783 328.499885 328.369221 328.389975 328.565354 328.479066 328.574016 0.000000 0.000000
0.000000 0.000000 26.426898 27.006252 27.279624 27.947294 27.489316 27.495758 27.071632 27.004447 27.057368 27.411728 27.147180 27.037292 27.588662 27.368000 26.495077 25.957979 25.836135 0.000000 0.000000
0.000000 0.000000 139.398627 140.634421 133.549477 131.119944 132.085814 126.947242 126.122442 125.711603 124.943827 124.487348 125.629229 124.330015 127.101475 132.073098 132.784453 135.058960 137.714047 0.000000 0.000000
0.000000 0.000000 1313.062698 1315.920961 1321.684490 1316.565351 1310.263330 1306.298893 1309.884245 1304.369261 1307.810174 1311.339386 1309.821388 1305.708346 1309.884479 1306.683615 1307.188139 1308.650076 1309.333148 0.000000 0.000000
0.000000 0.000000 2516.039442 2510.376926 2505.882860 2500.704148 2494.785034 2491.290571 2488.672094 2490.537160 2490.211647 2487.406442 2483.430031 2485.729276 2486.154450 2498.687227 2504.299630 2504.720705 2507.416322 0.000000 0.000000
0.000000 0.000000 3191.588073 3187.569611 3182.890821 3179.383758 3171.822540 3158.180390 3160.091468 3156.876597 3159.431131 3158.470338 3160.359369 3161.061902 3174.622343 3181.162177 3187.891853 3192.013678 3194.820340 0.000000 0.000000
0.000000 0.000000 3640.232044 3639.896640 3639.649118 3635.663902 3634.643925 3630.665796 3631.539137 3631.827592 3629.416158 3630.284045 3628.692916 3627.060627 3629.279672 3633.120550 3634.622732 3633.618687 3634.929735 0.000000 0.000000
0.000000 0.000000 4270.421505 4269.864546 4266.445083 4265.116710 4261.815694 4254.005308 4254.604049 4252.788941 4253.212314 4253.673925 4252.275892 4252.221595 4256.783485 4264.008033 4263.697755 4264.814019 4268.262870 0.000000 0.000000
0.000000 0.000000 4992.184106 4990.381879 4989.670635 4986.818908 4979.412889 4975.363171 4977.246958 4976.347849 4976.264470 4976.151605 4974.730245 4972.321700 4978.737939 4984.653831 4986.786318 4987.434739 4988.646815 0.000000 0.000000
0.000000 0.000000 5755.536500 5753.719954 5751.270602 5749.822432 5748.588783 5739.193456 5739.804683 5737.318029 5737.316380 5738.163998 5736.585888 5735.518314 5739.433428 5741.722973 5745.845069 5747.649353 5750.522971 0.000000 0.000000
0.000000 0.000000 6549.388131 6548.042771 6545.363617 6539.397854 6535.619893 6528.582244 6527.954737 6527.541565 6527.488724 6526.519604 6525.647167 6524.764258 6532.983778 6538.515503 6541.518068 6542.322930 6558.957650 0.000000 0.000000
0.000000 0.000000 7344.669139 7342.533618 7339.607805 7337.592034 7331.573168 7314.219150 7314.839683 7313.112199 7312.857398 7313.268289 7311.208765 7310.767454 7325.134061 7332.658621 7335.446767 7336.625852 7338.879632 0.000000 0.000000
0.000000 0.000000 8192.756377 8189.697942 8186.790919 8183.492751 8166.164295 8174.889453 8169.625439 8168.760374 8168.964500 8168.978023 8167.318031 8166.221722 8159.613019 8176.905387 8180.434588 8185.307021 8185.098695 0.000000 0.000000
0.000000 0.000000 9096.443043 9091.419651 9086.223307 9075.245407 9073.572384 9058.600132 9051.353369 9049.694101 9045.359406 9044.567459 9045.082484 9041.962661 9051.844538 9059.502657 9079.491275 9074.978325 9076.214595 0.000000 0.000000
0.000000 0.000000 9994.447735 9993.893814 9973.601473 9977.045835 9977.559584 9977.412051 9980.249664 9980.209424 9982.678143 9982.452063 9978.768727 9982.565823 9979.465613 9978.245289 9967.393244 9989.486736 9993.800576 0.000000 0.000000
0.000000 0.000000 11011.310265 10988.865407 10979.949414 10972.913863 10959.925193 10954.677634 10953.444626 10952.721955 10948.945073 10949.015362 10948.484018 10944.994222 10948.627497 10964.327262 10977.015146 10977.655576 11000.282898 0.000000 0.000000
0.000000 0.000000 11769.333384 11771.712263 11790.825661 11782.044034 11776.832042 11755.535745 11754.458726 11751.763920 11753.068657 11752.568693 11750.418601 11750.507633 11770.521708 11778.959156 11790.074419 11765.763500 11768.265070 0.000000 0.000000
0.000000 0.000000 0.000000 0.000000 0.000000 0.000000 0.000000 0.000000 0.000000 0.000000 0.000000 0.000000 0.000000 0.000000 0.000000 0.000000 0.000000 0.000000 0.000000 0.000000 0.000000
0.000000 0.000000 0.000000 0.000000 0.000000 0.000000 0.000000 0.000000 0.000000 0.000000 0.000000 0.000000 0.000000 0.000000 0.000000 0.000000 0.000000 0.000000 0.000000 0.000000 0.000000