geotop/1.0zi/1.0Montebello/Templates/testdem/maps/_Erotot6344.asc
ncols         21
nrows         20
xllcorner     100.000000
yllcorner     100.000000
cellsize      50.000000
NODATA_value  -9999.0
0.000000 0.000000 0.000000 0.000000 0.000000 0.000000 0.000000 0.000000 0.000000 0.000000 0.000000 0.000000 0.000000 0.000000 0.000000 0.000000 0.000000 0.000000 0.000000 0.000000 0.000000
0.000000 0.000000 491.393563 492.253052 491.975989 492.273597 491.720001 491.779596 491.737742 491.904026 492.305010 491.609486 491.537113 491.628723 491.781094 491.686112 492.414657 492.614413 492.604126 0.000000 0.000000
0.000000 0.000000 37.057338 35.915391 35.995753 36.138457 36.393371 36.204741 36.017886 35.802268 36.049309 36.378936 36.196061 36.408028 36.282377 36.033250 34.720563 33.960489 34.650956 0.000000 0.000000
0.000000 0.000000 222.479862 225.303619 215.164675 212.756287 212.984333 207.795318 207.332450 206.847647 205.238057 203.199318 205.820968 203.693764 208.511678 214.535228 216.464531 217.877535 222.935554 0.000000 0.000000
0.000000 0.000000 2056.599509 2059.981129 2064.991924 2043.762086 2028.775790 2016.979858 2019.607665 2016.627049 2020.465692 2025.153429 2021.823838 2020.424598 2030.703186 2031.628193 2040.148084 2048.678297 2049.867195 0.000000 0.000000
0.000000 0.000000 3581.253812 3576.014733 3572.794341 3567.936915 3557.642946 3549.731137 3548.258901 3547.782383 3546.018789 3543.407344 3540.448839 3543.128196 3545.374527 3561.957423 3567.316140 3571.886112 3574.325382 0.000000 0.000000
0.000000 0.000000 4761.463725 4759.071658 4755.350071 4750.542771 4737.481302 4720.167422 4719.723326 4716.258719 4718.120276 4720.970810 4723.054330 4724.105129 4744.902614 4754.664169 4759.529312 4761.130762 4766.615159 0.000000 0.000000
0.000000 0.000000 5477.608228 5479.063354 5477.133828 5469.933279 5469.058529 5461.297581 5461.849044 5462.250931 5460.925830 5458.337580 5458.079703 5462.116251 5463.034855 5466.074608 5475.379605 5473.725090 5477.613682 0.000000 0.000000
0.000000 0.000000 6477.561011 6474.720482 6469.532975 6470.017825 6462.537684 6451.179478 6451.803481 6448.634319 6446.224189 6447.143885 6448.238230 6443.483262 6457.962125 6466.778011 6469.774270 6471.056442 6473.113557 0.000000 0.000000
0.000000 0.000000 7632.663522 7630.312171 7631.630807 7629.983050 7613.991426 7606.370266 7607.353034 7606.597982 7604.328967 7607.352262 7610.868370 7609.023574 7613.472932 7625.045129 7629.733539 7630.300949 7631.550103 0.000000 0.000000
0.000000 0.000000 8880.153591 8880.544763 8879.342581 8863.966769 8860.990095 8849.185737 8853.151384 8843.236629 8845.764260 8844.782416 8839.751531 8847.776928 8853.150000 8854.981270 8862.932371 8869.054755 8877.421792 0.000000 0.000000
0.000000 0.000000 10193.480201 10189.200565 10182.963946 10180.340939 10175.042575 10159.295575 10157.884086 10157.270216 10163.773311 10156.192877 10158.370497 10158.284820 10175.516985 10179.718181 10181.811269 10182.986759 10203.579531 0.000000 0.000000
0.000000 0.000000 11530.559903 11527.798062 11528.248649 11519.495652 11514.959472 11484.602795 11482.995596 11482.490902 11466.995867 11476.567607 11480.562099 11483.264042 11502.614868 11507.183317 11523.250301 11522.544984 11530.291004 0.000000 0.000000
0.000000 0.000000 13003.541002 13005.077939 12996.652747 12994.456152 12962.639652 12971.564149 12960.481028 12961.864604 12963.114840 12962.642076 12960.656308 12957.185590 12946.975552 12981.847434 12988.104077 12999.965807 13007.981818 0.000000 0.000000
0.000000 0.000000 14607.683777 14603.090085 14598.377310 14568.393501 14568.490543 14550.998373 14537.096388 14535.094645 14529.460516 14522.148447 14526.385332 14524.735086 14542.164173 14545.441283 14593.962286 14584.154776 14584.880661 0.000000 0.000000
0.000000 0.000000 16267.764436 16267.060037 16222.648116 16223.724205 16228.613447 16220.670379 16240.503710 16231.723972 16239.298864 16233.860007 16227.398132 16238.579630 16242.759027 16242.118197 16216.874866 16278.583599 16271.825479 0.000000 0.000000
0.000000 0.000000 18177.181982 18121.765011 18120.882323 18107.554342 18076.138064 18068.355884 18057.514898 18061.486168 18043.952858 18045.038790 18051.984218 18049.985981 18064.371602 18079.938573 18119.487426 18108.338130 18170.878262 0.000000 0.000000
0.000000 0.000000 19426.772639 19450.357590 19508.338447 19500.409214 19486.495691 19438.855317 19440.464493 19423.713782 19439.530672 19436.713789 19442.262485 19439.070718 19481.332975 19492.945568 19518.734105 19460.438180 19437.937159 0.000000 0.000000
0.000000 0.000000 0.000000 0.000000 0.000000 0.000000 0.000000 0.000000 0.000000 0.000000 0.000000 0.000000 0.000000 0.000000 0.000000 0.000000 0.000000 0.000000 0.000000 0.000000 0.000000
0.000000 0.000000 0.000000 0.000000 0.000000 0.000000 0.000000 0.000000 0.000000 0.000000 0.000000 0.000000 0.000000 0.000000 0.000000 0.000000 0.000000 0.000000 0.000000 0.000000 0.000000