geotop/1.0zi/1.0Montebello/Templates/testdem/maps/_Erotot7852.asc
ncols         21
nrows         20
xllcorner     100.000000
yllcorner     100.000000
cellsize      50.000000
NODATA_value  -9999.0
0.000000 0.000000 0.000000 0.000000 0.000000 0.000000 0.000000 0.000000 0.000000 0.000000 0.000000 0.000000 0.000000 0.000000 0.000000 0.000000 0.000000 0.000000 0.000000 0.000000 0.000000
0.000000 0.000000 658.432860 659.248307 658.717211 658.841146 657.849073 658.025306 658.012443 658.075950 658.508132 657.833464 657.711852 657.764088 658.121265 658.257640 659.074319 659.602910 659.800293 0.000000 0.000000
0.000000 0.000000 51.361141 50.380704 50.312729 50.715321 51.349933 51.032134 50.736899 50.606984 50.840873 51.184575 51.209235 51.362356 51.119119 50.602506 49.316352 48.443842 48.965779 0.000000 0.000000
0.000000 0.000000 353.927592 355.099816 343.027154 337.372816 337.917547 326.596935 326.727482 327.525877 323.862904 322.115574 324.252863 324.395981 334.646492 341.708693 346.335612 349.271659 354.147126 0.000000 0.000000
0.000000 0.000000 3135.080138 3136.527786 3139.264900 3116.395175 3097.067877 3086.633167 3085.951142 3081.214381 3088.050688 3093.298791 3088.734548 3087.393867 3102.282497 3105.498433 3115.864721 3124.813787 3124.457168 0.000000 0.000000
0.000000 0.000000 5017.880464 5012.674639 5009.201895 5003.192445 4988.337462 4978.431554 4979.333922 4978.248911 4974.940520 4969.251493 4968.275509 4971.470593 4970.827720 4990.679666 4998.482910 5005.311927 5008.410390 0.000000 0.000000
0.000000 0.000000 6307.084633 6303.941044 6299.445666 6292.509467 6278.745043 6257.041920 6256.017105 6252.200448 6253.621271 6257.387462 6258.878639 6259.380214 6286.989150 6296.947728 6302.495175 6305.304589 6310.517570 0.000000 0.000000
0.000000 0.000000 7400.105687 7400.236415 7397.247121 7387.300207 7384.868393 7375.598131 7375.811685 7375.615617 7374.648427 7370.735373 7370.035606 7376.271071 7378.028671 7382.828500 7395.241020 7393.855361 7398.780800 0.000000 0.000000
0.000000 0.000000 8838.664680 8833.998673 8827.689942 8827.216734 8816.178722 8800.866062 8802.154098 8797.570171 8795.521747 8795.284306 8797.736632 8791.980186 8810.622643 8824.467041 8826.308634 8830.051862 8831.395260 0.000000 0.000000
0.000000 0.000000 10486.062007 10482.462846 10482.650095 10478.230189 10457.915944 10448.248220 10447.866146 10447.591275 10444.161816 10447.650965 10450.752645 10450.062900 10456.893839 10471.239112 10478.851442 10480.892106 10481.943413 0.000000 0.000000
0.000000 0.000000 12288.409775 12287.421734 12284.463485 12264.069063 12258.228994 12242.461775 12248.226045 12234.879789 12238.993245 12237.236572 12230.302223 12240.263547 12249.699226 12252.563313 12265.110385 12272.220402 12282.840796 0.000000 0.000000
0.000000 0.000000 14240.005039 14231.850215 14223.683076 14220.054842 14209.735004 14189.784883 14186.154602 14186.757568 14194.058156 14183.059663 14187.199840 14187.089769 14209.567322 14218.147448 14221.051071 14225.158535 14248.305321 0.000000 0.000000
0.000000 0.000000 16266.804068 16261.778733 16262.055088 16247.979817 16240.954686 16192.529096 16190.866697 16189.860100 16168.576777 16180.932629 16185.182016 16189.966873 16223.724607 16230.907762 16254.127998 16253.881421 16261.453255 0.000000 0.000000
0.000000 0.000000 18587.066098 18589.317834 18575.622521 18570.696765 18512.917805 18532.800253 18517.133909 18518.292390 18524.746935 18519.971106 18517.797856 18513.013586 18492.110066 18554.558346 18561.108137 18581.309058 18590.866279 0.000000 0.000000
0.000000 0.000000 21186.731098 21178.095731 21168.930452 21105.231958 21118.800145 21086.800035 21067.529746 21064.261747 21052.521118 21042.040093 21048.234887 21046.995934 21082.999764 21072.490785 21164.159740 21145.945325 21143.414630 0.000000 0.000000
0.000000 0.000000 23901.246766 23897.820592 23805.893640 23833.073232 23833.917317 23824.293718 23866.147807 23851.254951 23870.601347 23862.347248 23847.899302 23871.807442 23873.189022 23874.420124 23797.004379 23931.551081 23923.064704 0.000000 0.000000
0.000000 0.000000 27145.204713 27011.208523 27044.461263 26999.896318 26929.315888 26914.475028 26877.258365 26888.149230 26846.044100 26850.219450 26871.950411 26853.800704 26886.209105 26930.427579 27041.438612 26965.610585 27107.893866 0.000000 0.000000
0.000000 0.000000 28441.095059 28567.990735 28692.397533 28693.023411 28695.092951 28586.816613 28603.366064 28567.642312 28620.812004 28610.963637 28608.041273 28618.730157 28708.681448 28708.377604 28715.147277 28611.629178 28485.863405 0.000000 0.000000
0.000000 0.000000 0.000000 0.000000 0.000000 0.000000 0.000000 0.000000 0.000000 0.000000 0.000000 0.000000 0.000000 0.000000 0.000000 0.000000 0.000000 0.000000 0.000000 0.000000 0.000000
0.000000 0.000000 0.000000 0.000000 0.000000 0.000000 0.000000 0.000000 0.000000 0.000000 0.000000 0.000000 0.000000 0.000000 0.000000 0.000000 0.000000 0.000000 0.000000 0.000000 0.000000