geotop/1.0zi/1.0Montebello/Templates/testdem/maps/_Erotot0605.asc
ncols         21
nrows         20
xllcorner     100.000000
yllcorner     100.000000
cellsize      50.000000
NODATA_value  -9999.0
0.000000 0.000000 0.000000 0.000000 0.000000 0.000000 0.000000 0.000000 0.000000 0.000000 0.000000 0.000000 0.000000 0.000000 0.000000 0.000000 0.000000 0.000000 0.000000 0.000000 0.000000
0.000000 0.000000 45.343953 45.344634 45.377267 45.344801 45.344058 45.344444 45.344255 45.344168 45.344141 45.344168 45.344255 45.344444 45.344058 45.344801 45.377267 45.344634 45.343953 0.000000 0.000000
0.000000 0.000000 7.683372 7.466922 5.649724 7.461970 7.709803 7.693953 7.708462 7.715305 7.716369 7.715305 7.708462 7.693953 7.709803 7.461970 5.649724 7.466922 7.683372 0.000000 0.000000
0.000000 0.000000 566.196266 566.447141 566.572244 566.358487 566.262812 566.373852 566.371418 566.307358 566.237030 566.307358 566.371418 566.373852 566.262812 566.358487 566.572244 566.447141 566.196266 0.000000 0.000000
0.000000 0.000000 864.760004 864.712590 863.955486 864.691286 864.760419 864.782101 864.776727 864.780830 864.776159 864.780830 864.776727 864.782101 864.760419 864.691286 863.955486 864.712590 864.760004 0.000000 0.000000
0.000000 0.000000 1178.510252 1178.516725 1177.811772 1178.475676 1178.542952 1178.587834 1178.592483 1178.571638 1178.550886 1178.571638 1178.592483 1178.587834 1178.542952 1178.475676 1177.811772 1178.516725 1178.510252 0.000000 0.000000
0.000000 0.000000 1540.708470 1540.717311 1540.088844 1540.678048 1540.740289 1540.786582 1540.792331 1540.769429 1540.751040 1540.769429 1540.792331 1540.786582 1540.740289 1540.678048 1540.088844 1540.717311 1540.708470 0.000000 0.000000
0.000000 0.000000 1888.569852 1888.577762 1887.995560 1888.541331 1888.600434 1888.646010 1888.651787 1888.628811 1888.611972 1888.628811 1888.651787 1888.646010 1888.600434 1888.541331 1887.995560 1888.577762 1888.569852 0.000000 0.000000
0.000000 0.000000 2221.021160 2221.028923 2220.473836 2220.993618 2221.050793 2221.095641 2221.101434 2221.078631 2221.062430 2221.078631 2221.101434 2221.095641 2221.050793 2220.993618 2220.473836 2221.028923 2221.021160 0.000000 0.000000
0.000000 0.000000 2542.891484 2542.898623 2542.359524 2542.864432 2542.920592 2542.964841 2542.970610 2542.947941 2542.931909 2542.947941 2542.970610 2542.964841 2542.920592 2542.864432 2542.359524 2542.898623 2542.891484 0.000000 0.000000
0.000000 0.000000 2855.806528 2855.813029 2855.283181 2855.779648 2855.835327 2855.879144 2855.884890 2855.862296 2855.846209 2855.862296 2855.884890 2855.879144 2855.835327 2855.779648 2855.283181 2855.813029 2855.806528 0.000000 0.000000
0.000000 0.000000 3160.890156 3160.893743 3160.374011 3160.862038 3160.917156 3160.959765 3160.965963 3160.943521 3160.928458 3160.943521 3160.965963 3160.959765 3160.917156 3160.862038 3160.374011 3160.893743 3160.890156 0.000000 0.000000
0.000000 0.000000 3459.206382 3459.208434 3458.693802 3459.179004 3459.232902 3459.274913 3459.281229 3459.258726 3459.243768 3459.258726 3459.281229 3459.274913 3459.232902 3459.179004 3458.693802 3459.208434 3459.206382 0.000000 0.000000
0.000000 0.000000 3754.295212 3754.295428 3753.784955 3754.266364 3754.321420 3754.363346 3754.369803 3754.347283 3754.332193 3754.347283 3754.369803 3754.363346 3754.321420 3754.266364 3753.784955 3754.295428 3754.295212 0.000000 0.000000
0.000000 0.000000 4045.697850 4045.698481 4045.185855 4045.669179 4045.724283 4045.765796 4045.772337 4045.749768 4045.733896 4045.749768 4045.772337 4045.765796 4045.724283 4045.669179 4045.185855 4045.698481 4045.697850 0.000000 0.000000
0.000000 0.000000 4334.784350 4334.786250 4334.283087 4334.756982 4334.811558 4334.853013 4334.859564 4334.836922 4334.820468 4334.836922 4334.859564 4334.853013 4334.811558 4334.756982 4334.283087 4334.786250 4334.784347 0.000000 0.000000
0.000000 0.000000 4619.604323 4619.604492 4619.098097 4619.576379 4619.631472 4619.672275 4619.678932 4619.656229 4619.639473 4619.656229 4619.678932 4619.672275 4619.631472 4619.576379 4619.098097 4619.604480 4619.603952 0.000000 0.000000
0.000000 0.000000 4912.055544 4912.174448 4911.668773 4912.143882 4912.199212 4912.239994 4912.246967 4912.224185 4912.207179 4912.224185 4912.246967 4912.239994 4912.199212 4912.143882 4911.668760 4912.172594 4912.171743 0.000000 0.000000
0.000000 0.000000 0.000000 0.000000 0.000000 0.000000 0.000000 0.000000 0.000000 0.000000 0.000000 0.000000 0.000000 0.000000 0.000000 0.000000 0.000000 0.000000 0.000000 0.000000 0.000000
0.000000 0.000000 0.000000 0.000000 0.000000 0.000000 0.000000 0.000000 0.000000 0.000000 0.000000 0.000000 0.000000 0.000000 0.000000 0.000000 0.000000 0.000000 0.000000 0.000000 0.000000