geotop/1.0zi/1.0Montebello/Templates/testdem/maps/_Erotot2435.asc
ncols         21
nrows         20
xllcorner     100.000000
yllcorner     100.000000
cellsize      50.000000
NODATA_value  -9999.0
0.000000 0.000000 0.000000 0.000000 0.000000 0.000000 0.000000 0.000000 0.000000 0.000000 0.000000 0.000000 0.000000 0.000000 0.000000 0.000000 0.000000 0.000000 0.000000 0.000000 0.000000
0.000000 0.000000 224.991236 224.993310 224.999664 225.114964 224.983864 224.988724 224.966434 225.002979 224.995133 225.002979 224.966434 224.988724 224.983864 225.114964 224.999664 224.993310 224.991236 0.000000 0.000000
0.000000 0.000000 13.649876 13.428765 11.675592 13.400058 13.692457 13.678276 13.708674 13.677573 13.682344 13.677573 13.708674 13.678276 13.692457 13.400058 11.675592 13.428765 13.649876 0.000000 0.000000
0.000000 0.000000 1666.944188 1666.623229 1666.959287 1665.089518 1667.096056 1666.536379 1666.534037 1667.356694 1667.497465 1667.356694 1666.534037 1666.536379 1667.096056 1665.089518 1666.959287 1666.623229 1666.944188 0.000000 0.000000
0.000000 0.000000 3446.010872 3445.839065 3445.176412 3445.767048 3446.313585 3446.174301 3446.136491 3446.286930 3446.249714 3446.286930 3446.136491 3446.174301 3446.313585 3445.767048 3445.176412 3445.839065 3446.010872 0.000000 0.000000
0.000000 0.000000 4468.399518 4468.193111 4467.630060 4467.781728 4468.596250 4468.301651 4468.321187 4468.664531 4468.750107 4468.664531 4468.321187 4468.301651 4468.596250 4467.781728 4467.630060 4468.193111 4468.399518 0.000000 0.000000
0.000000 0.000000 5835.554586 5835.382840 5834.866917 5835.008651 5835.704917 5835.449995 5835.475080 5835.780175 5835.875043 5835.780175 5835.475080 5835.449995 5835.704917 5835.008651 5834.866917 5835.382840 5835.554586 0.000000 0.000000
0.000000 0.000000 7126.986447 7126.842189 7126.361371 7126.505945 7127.105258 7126.885889 7126.908390 7127.181961 7127.273264 7127.181961 7126.908390 7126.885889 7127.105258 7126.505945 7126.361371 7126.842189 7126.986447 0.000000 0.000000
0.000000 0.000000 8333.974304 8333.842190 8333.385080 8333.529440 8334.081070 8333.878610 8333.899721 8334.157122 8334.244557 8334.157122 8333.899721 8333.878610 8334.081070 8333.529440 8333.385080 8333.842190 8333.974304 0.000000 0.000000
0.000000 0.000000 9472.191682 9472.088207 9471.641614 9471.824762 9472.285683 9472.104515 9472.130262 9472.364624 9472.447654 9472.364624 9472.130262 9472.104515 9472.285683 9471.824762 9471.641614 9472.088207 9472.191682 0.000000 0.000000
0.000000 0.000000 10547.663073 10547.552814 10547.125837 10547.284790 10547.756345 10547.575772 10547.597402 10547.828633 10547.906914 10547.828633 10547.597402 10547.575772 10547.756345 10547.284790 10547.125837 10547.552814 10547.663073 0.000000 0.000000
0.000000 0.000000 11574.792643 11574.681994 11574.270766 11574.423834 11574.881052 11574.707819 11574.728210 11574.951969 11575.028795 11574.951969 11574.728210 11574.707819 11574.881052 11574.423834 11574.270766 11574.681994 11574.792643 0.000000 0.000000
0.000000 0.000000 12563.170333 12563.064509 12562.659565 12562.814255 12563.252068 12563.083227 12563.103719 12563.321779 12563.395619 12563.321779 12563.103719 12563.083227 12563.252068 12562.814255 12562.659565 12563.064509 12563.170333 0.000000 0.000000
0.000000 0.000000 13518.693619 13518.595562 13518.199555 13518.372897 13518.773146 13518.610930 13518.633023 13518.842941 13518.914873 13518.842941 13518.633023 13518.610930 13518.773146 13518.372897 13518.199555 13518.595562 13518.693619 0.000000 0.000000
0.000000 0.000000 14444.662142 14444.562217 14444.169632 14444.331954 14444.737577 14444.576642 14444.597360 14444.805671 14444.875600 14444.805671 14444.597360 14444.576642 14444.737577 14444.331954 14444.169632 14444.562217 14444.662142 0.000000 0.000000
0.000000 0.000000 15341.076665 15340.978898 15340.597300 15340.752897 15341.146387 15340.990127 15341.010672 15341.213668 15341.282046 15341.213668 15341.010672 15340.990127 15341.146387 15340.752897 15340.597300 15340.978897 15341.076660 0.000000 0.000000
0.000000 0.000000 16211.340665 16211.244423 16210.864700 16211.023491 16211.408352 16211.253899 16211.273895 16211.472358 16211.538627 16211.472358 16211.273895 16211.253899 16211.408352 16211.023491 16210.864700 16211.244401 16211.340240 0.000000 0.000000
0.000000 0.000000 17092.321622 17092.617892 17092.244641 17092.399228 17092.779869 17092.628487 17092.646539 17092.841787 17092.905439 17092.841787 17092.646539 17092.628487 17092.779869 17092.399227 17092.244622 17092.614380 17092.707404 0.000000 0.000000
0.000000 0.000000 0.000000 0.000000 0.000000 0.000000 0.000000 0.000000 0.000000 0.000000 0.000000 0.000000 0.000000 0.000000 0.000000 0.000000 0.000000 0.000000 0.000000 0.000000 0.000000
0.000000 0.000000 0.000000 0.000000 0.000000 0.000000 0.000000 0.000000 0.000000 0.000000 0.000000 0.000000 0.000000 0.000000 0.000000 0.000000 0.000000 0.000000 0.000000 0.000000 0.000000