geotop/1.0zi/1.0Montebello/Templates/testdem/maps/_Erotot8753.asc
ncols         21
nrows         20
xllcorner     100.000000
yllcorner     100.000000
cellsize      50.000000
NODATA_value  -9999.0
0.000000 0.000000 0.000000 0.000000 0.000000 0.000000 0.000000 0.000000 0.000000 0.000000 0.000000 0.000000 0.000000 0.000000 0.000000 0.000000 0.000000 0.000000 0.000000 0.000000 0.000000
0.000000 0.000000 700.380210 701.049995 700.498251 700.594273 699.586726 699.723740 699.804725 699.878828 700.260293 699.626312 699.514071 699.554191 699.947820 700.065739 700.880395 701.446766 701.610562 0.000000 0.000000
0.000000 0.000000 54.551788 53.571675 53.868194 53.802957 54.456244 54.090752 53.719217 53.583982 53.786798 54.110947 54.169530 54.289535 54.099714 53.650953 52.378922 51.539340 52.128931 0.000000 0.000000
0.000000 0.000000 422.402797 423.148268 409.231047 401.287828 399.977453 393.920050 394.019450 395.910632 392.451958 390.731270 394.124237 392.577675 403.370354 411.465054 416.643751 417.115726 424.249200 0.000000 0.000000
0.000000 0.000000 3763.008762 3759.841792 3762.420711 3731.936985 3709.183018 3697.289008 3693.422610 3687.015267 3695.970258 3702.866396 3701.558648 3697.335051 3715.280491 3719.278857 3733.838407 3742.227847 3742.713408 0.000000 0.000000
0.000000 0.000000 5833.462972 5828.842922 5822.354242 5823.440664 5803.110374 5791.448911 5795.324628 5794.445348 5790.433547 5784.504641 5782.854660 5786.829931 5787.070942 5809.426138 5811.786634 5819.353327 5821.386663 0.000000 0.000000
0.000000 0.000000 7220.586579 7216.102884 7213.410405 7203.240647 7193.461325 7164.746844 7164.185441 7161.386828 7161.450896 7165.888706 7166.581426 7167.341877 7197.242742 7204.929835 7213.026665 7216.672496 7221.970831 0.000000 0.000000
0.000000 0.000000 8554.667074 8553.953134 8549.992453 8538.161833 8533.618690 8528.982637 8529.394762 8527.371437 8527.999614 8523.959553 8522.918727 8530.076143 8530.021726 8536.916303 8551.012819 8548.628360 8554.796791 0.000000 0.000000
0.000000 0.000000 10287.496136 10282.625694 10275.886045 10273.695999 10259.825323 10243.121729 10245.184052 10241.551857 10239.026282 10238.756722 10241.717208 10235.361127 10256.660724 10271.244013 10274.001947 10277.708018 10280.480345 0.000000 0.000000
0.000000 0.000000 12284.079147 12279.462910 12278.617404 12273.174722 12249.981054 12239.916027 12238.889271 12238.841941 12235.028885 12239.577734 12242.699333 12242.121966 12249.991376 12266.807356 12275.243305 12277.631076 12278.694072 0.000000 0.000000
0.000000 0.000000 14492.128565 14491.192896 14488.485432 14462.005983 14456.059444 14436.626597 14445.279472 14428.509148 14435.222285 14431.813016 14424.693860 14435.119557 14447.851582 14450.465230 14465.876914 14472.563723 14485.629004 0.000000 0.000000
0.000000 0.000000 16919.360067 16907.949923 16897.795716 16894.935747 16879.149141 16859.671218 16852.990622 16856.658774 16863.378894 16851.151040 16858.126678 16856.065186 16881.965630 16894.444723 16896.806026 16902.067274 16927.510053 0.000000 0.000000
0.000000 0.000000 19480.467064 19473.142632 19475.994859 19454.435286 19447.027464 19385.121368 19383.003716 19382.798555 19355.624786 19373.672716 19376.378564 19382.899408 19428.220522 19435.594272 19465.568676 19463.231900 19471.894562 0.000000 0.000000
0.000000 0.000000 22487.101839 22489.874605 22471.176492 22464.665357 22383.324094 22419.205485 22400.068975 22401.180330 22413.738484 22403.426331 22402.769852 22392.471687 22359.170551 22449.422935 22453.134977 22480.275354 22491.788838 0.000000 0.000000
0.000000 0.000000 25860.317994 25848.472568 25834.998347 25740.472790 25774.026990 25723.999345 25700.871720 25697.377331 25678.338198 25667.176823 25676.872670 25676.860128 25731.554715 25698.415613 25832.884686 25801.973796 25796.947594 0.000000 0.000000
0.000000 0.000000 29265.899557 29260.885014 29130.565550 29189.353807 29179.370916 29178.311862 29241.886780 29222.747645 29255.650001 29247.305198 29224.432169 29257.406442 29249.320092 29260.268746 29119.182207 29320.674518 29312.257634 0.000000 0.000000
0.000000 0.000000 33079.871670 32905.860221 32979.312071 32906.727230 32816.306513 32795.304488 32734.171053 32751.722921 32691.175029 32699.547975 32733.812681 32699.952817 32747.250737 32804.536094 32976.853393 32833.601579 33018.044967 0.000000 0.000000
0.000000 0.000000 33999.113525 34174.380293 34305.665392 34312.265865 34327.901630 34207.828597 34235.750185 34194.008774 34264.469904 34252.273053 34243.184953 34261.072912 34358.058658 34347.991233 34333.005625 34233.537817 34061.129242 0.000000 0.000000
0.000000 0.000000 0.000000 0.000000 0.000000 0.000000 0.000000 0.000000 0.000000 0.000000 0.000000 0.000000 0.000000 0.000000 0.000000 0.000000 0.000000 0.000000 0.000000 0.000000 0.000000
0.000000 0.000000 0.000000 0.000000 0.000000 0.000000 0.000000 0.000000 0.000000 0.000000 0.000000 0.000000 0.000000 0.000000 0.000000 0.000000 0.000000 0.000000 0.000000 0.000000 0.000000