geotop/1.0zi/1.0Montebello/Templates/testdem/maps/_Erotot028c.asc
ncols         21
nrows         20
xllcorner     100.000000
yllcorner     100.000000
cellsize      50.000000
NODATA_value  -9999.0
0.000000 0.000000 0.000000 0.000000 0.000000 0.000000 0.000000 0.000000 0.000000 0.000000 0.000000 0.000000 0.000000 0.000000 0.000000 0.000000 0.000000 0.000000 0.000000 0.000000 0.000000
0.000000 0.000000 856.630354 856.767384 855.563781 855.145027 853.520033 853.013713 853.194732 853.185120 853.584036 853.025076 852.834965 852.876009 853.902742 854.494657 855.861743 857.045791 857.758086 0.000000 0.000000
0.000000 0.000000 62.178026 60.858844 61.220900 60.949422 61.787801 61.340879 60.900229 60.808971 60.996724 61.175278 61.363740 61.423034 61.280513 60.776398 59.757665 58.865668 59.588253 0.000000 0.000000
0.000000 0.000000 666.729602 675.393243 658.900401 649.914522 648.742428 640.133087 648.030767 649.952138 645.993707 647.717685 651.813488 650.998952 659.322521 670.697456 673.918402 673.190242 679.212678 0.000000 0.000000
0.000000 0.000000 4981.249892 4974.540431 4970.683340 4929.232716 4902.510219 4886.311618 4878.915457 4874.620393 4879.128289 4884.341610 4884.721379 4878.609836 4898.824841 4905.639168 4926.967157 4939.802480 4940.227700 0.000000 0.000000
0.000000 0.000000 7288.937824 7282.768515 7276.790632 7277.817267 7247.952975 7234.071589 7238.247919 7237.489245 7231.178893 7224.490883 7222.112619 7226.331559 7229.207984 7257.451255 7257.997689 7265.779044 7267.388900 0.000000 0.000000
0.000000 0.000000 8964.075255 8958.759313 8954.356582 8939.591444 8932.542336 8893.396129 8893.152557 8890.454857 8888.241499 8892.361716 8892.822430 8893.869540 8930.479293 8935.291168 8945.868874 8949.692355 8954.771317 0.000000 0.000000
0.000000 0.000000 10805.170388 10802.159954 10794.388445 10776.424352 10764.649743 10759.982224 10760.775469 10759.059028 10757.113750 10753.170373 10752.509462 10759.609632 10758.468765 10771.109855 10788.343738 10786.819041 10793.063290 0.000000 0.000000
0.000000 0.000000 13140.862863 13135.471175 13125.184583 13117.181662 13098.012249 13073.011440 13076.789141 13073.110796 13067.879199 13067.421609 13070.900126 13063.872753 13092.385421 13109.540022 13113.696980 13118.644668 13121.074027 0.000000 0.000000
0.000000 0.000000 15888.111032 15878.661006 15873.336691 15861.202671 15843.461628 15821.269526 15820.533673 15819.051523 15812.047374 15816.815571 15820.517515 15819.302624 15828.973133 15853.002618 15863.356608 15868.651412 15867.754996 0.000000 0.000000
0.000000 0.000000 19005.136113 19001.298037 18996.109039 18955.227023 18954.045743 18921.200433 18931.073563 18911.614939 18916.006681 18911.233690 18902.346273 18914.970433 18933.219028 18939.847253 18958.785578 18963.684867 18983.884116 0.000000 0.000000
0.000000 0.000000 22555.963603 22540.425219 22516.180456 22511.756676 22496.043225 22457.510992 22455.683317 22460.072638 22465.424100 22447.422351 22457.477555 22452.296397 22487.480338 22507.027098 22510.638379 22518.573823 22547.498410 0.000000 0.000000
0.000000 0.000000 26352.731146 26343.149961 26345.310952 26316.614564 26293.127930 26196.753174 26191.573557 26188.895868 26140.360233 26173.250683 26174.127783 26183.990176 26255.666340 26266.953719 26311.674493 26312.324737 26313.821138 0.000000 0.000000
0.000000 0.000000 30793.429660 30795.936065 30759.358589 30742.045512 30610.696315 30694.668647 30662.609459 30665.939435 30693.380898 30667.186465 30665.213597 30645.551351 30566.820657 30720.070418 30716.528656 30755.502007 30773.219169 0.000000 0.000000
0.000000 0.000000 34987.111410 34976.797901 34960.143492 34826.310079 34918.302107 34820.495452 34804.178194 34796.788910 34760.428842 34752.290082 34766.423521 34770.953498 34857.666207 34760.620563 34948.978864 34897.320713 34882.635967 0.000000 0.000000
0.000000 0.000000 37885.908962 37880.792050 37771.176659 37843.343336 37824.118007 37833.503017 37892.207606 37876.030854 37904.715177 37899.762784 37878.381386 37905.162768 37884.557921 37909.291678 37754.250922 37933.229160 37924.923418 0.000000 0.000000
0.000000 0.000000 40099.484047 40026.004011 40058.851387 40032.324982 39990.590437 39992.454709 39968.525913 39977.436237 39951.762526 39956.022723 39968.748573 39957.758241 39967.563864 39989.356526 40054.014077 39995.416356 40073.641273 0.000000 0.000000
0.000000 0.000000 40969.347890 41022.841020 41073.868099 41080.095590 41077.011055 41032.352024 41041.853099 41026.573149 41047.831617 41044.436021 41044.521988 41045.989682 41086.790206 41084.879288 41079.229902 41034.730046 40982.669624 0.000000 0.000000
0.000000 0.000000 0.000000 0.000000 0.000000 0.000000 0.000000 0.000000 0.000000 0.000000 0.000000 0.000000 0.000000 0.000000 0.000000 0.000000 0.000000 0.000000 0.000000 0.000000 0.000000
0.000000 0.000000 0.000000 0.000000 0.000000 0.000000 0.000000 0.000000 0.000000 0.000000 0.000000 0.000000 0.000000 0.000000 0.000000 0.000000 0.000000 0.000000 0.000000 0.000000 0.000000