geotop/1.0zi/1.0Montebello/Templates/testdem/maps/_Erotot3041.asc
ncols         21
nrows         20
xllcorner     100.000000
yllcorner     100.000000
cellsize      50.000000
NODATA_value  -9999.0
0.000000 0.000000 0.000000 0.000000 0.000000 0.000000 0.000000 0.000000 0.000000 0.000000 0.000000 0.000000 0.000000 0.000000 0.000000 0.000000 0.000000 0.000000 0.000000 0.000000 0.000000
0.000000 0.000000 333.244515 333.247328 333.250852 333.369656 333.238914 333.243265 333.217630 333.257646 333.273323 333.257646 333.217630 333.243265 333.238914 333.369656 333.250852 333.247328 333.244515 0.000000 0.000000
0.000000 0.000000 12.151039 11.922961 10.167739 11.849725 12.163742 12.093018 12.192176 12.106014 12.458782 12.106014 12.192176 12.093018 12.163742 11.849725 10.167739 11.922961 12.151039 0.000000 0.000000
0.000000 0.000000 2443.023796 2442.683239 2442.965535 2441.154721 2443.071091 2442.593938 2442.542022 2443.446776 2443.586280 2443.446776 2442.542022 2442.593938 2443.071091 2441.154721 2442.965535 2442.683239 2443.023796 0.000000 0.000000
0.000000 0.000000 4609.268023 4609.099817 4608.435983 4609.016188 4609.559790 4609.430861 4609.389444 4609.526547 4609.526369 4609.526547 4609.389444 4609.430861 4609.559790 4609.016188 4608.435983 4609.099817 4609.268023 0.000000 0.000000
0.000000 0.000000 5987.359514 5987.153352 5986.581888 5986.724093 5987.522307 5987.244365 5987.260727 5987.598749 5987.808052 5987.598749 5987.260727 5987.244365 5987.522307 5986.724093 5986.581888 5987.153352 5987.359514 0.000000 0.000000
0.000000 0.000000 7728.121348 7727.949922 7727.431060 7727.558012 7728.242310 7728.002484 7728.023161 7728.320632 7728.529503 7728.320632 7728.023161 7728.002484 7728.242310 7727.558012 7727.431060 7727.949922 7728.121348 0.000000 0.000000
0.000000 0.000000 9340.896139 9340.752860 9340.275730 9340.405983 9340.989547 9340.783925 9340.803982 9341.069983 9341.257720 9341.069983 9340.803982 9340.783925 9340.989547 9340.405983 9340.275730 9340.752860 9340.896139 0.000000 0.000000
0.000000 0.000000 10827.884175 10827.754442 10827.303628 10827.432403 10827.966874 10827.779132 10827.796299 10828.043076 10828.220377 10828.043076 10827.796299 10827.779132 10827.966874 10827.432403 10827.303628 10827.754442 10827.884175 0.000000 0.000000
0.000000 0.000000 12213.390074 12213.289447 12212.853504 12213.019466 12213.464027 12213.297031 12213.317481 12213.540318 12213.701942 12213.540318 12213.317481 12213.297031 12213.464027 12213.019466 12212.853504 12213.289447 12213.390074 0.000000 0.000000
0.000000 0.000000 13505.147711 13505.041116 13504.628091 13504.769376 13505.220052 13505.054934 13505.071943 13505.290411 13505.443048 13505.290411 13505.071943 13505.054934 13505.220052 13504.769376 13504.628091 13505.041116 13505.147711 0.000000 0.000000
0.000000 0.000000 14728.267734 14728.162108 14727.767873 14727.903190 14728.336430 14728.179318 14728.194893 14728.404316 14728.549569 14728.404316 14728.194893 14728.179318 14728.336430 14727.903190 14727.767873 14728.162108 14728.267734 0.000000 0.000000
0.000000 0.000000 15890.278830 15890.179343 15889.794187 15889.930686 15890.341927 15890.189813 15890.205368 15890.407873 15890.545317 15890.407873 15890.205368 15890.189813 15890.341927 15889.930686 15889.794187 15890.179343 15890.278830 0.000000 0.000000
0.000000 0.000000 17002.738302 17002.647179 17002.274137 17002.427382 17002.800286 17002.655254 17002.672010 17002.865203 17002.996042 17002.865203 17002.672010 17002.655254 17002.800286 17002.427382 17002.274137 17002.647179 17002.738302 0.000000 0.000000
0.000000 0.000000 18067.500470 18067.407939 18067.042132 18067.183108 18067.559912 18067.416722 18067.431665 18067.621344 18067.746109 18067.621344 18067.431665 18067.416722 18067.559912 18067.183108 18067.042132 18067.407939 18067.500470 0.000000 0.000000
0.000000 0.000000 19088.553500 19088.463560 19088.110353 19088.243848 19088.607118 19088.469205 19088.483970 19088.667073 19088.787718 19088.667073 19088.483970 19088.469205 19088.607118 19088.243848 19088.110353 19088.463560 19088.553496 0.000000 0.000000
0.000000 0.000000 20071.444034 20071.356547 20071.008806 20071.146127 20071.496384 20071.361258 20071.376016 20071.554296 20071.667999 20071.554296 20071.376016 20071.361258 20071.496384 20071.146127 20071.008805 20071.356527 20071.443985 0.000000 0.000000
0.000000 0.000000 21070.994669 21071.440961 21071.101653 21071.234692 21071.576634 21071.445997 21071.459124 21071.632691 21071.743005 21071.632691 21071.459124 21071.445997 21071.576634 21071.234691 21071.101635 21071.437613 21071.521699 0.000000 0.000000
0.000000 0.000000 0.000000 0.000000 0.000000 0.000000 0.000000 0.000000 0.000000 0.000000 0.000000 0.000000 0.000000 0.000000 0.000000 0.000000 0.000000 0.000000 0.000000 0.000000 0.000000
0.000000 0.000000 0.000000 0.000000 0.000000 0.000000 0.000000 0.000000 0.000000 0.000000 0.000000 0.000000 0.000000 0.000000 0.000000 0.000000 0.000000 0.000000 0.000000 0.000000 0.000000