geotop/1.0zi/1.0Montebello/Templates/testdem/maps/_Erotot2393.asc
ncols         21
nrows         20
xllcorner     100.000000
yllcorner     100.000000
cellsize      50.000000
NODATA_value  -9999.0
0.000000 0.000000 0.000000 0.000000 0.000000 0.000000 0.000000 0.000000 0.000000 0.000000 0.000000 0.000000 0.000000 0.000000 0.000000 0.000000 0.000000 0.000000 0.000000 0.000000 0.000000
0.000000 0.000000 223.824955 223.826949 223.833600 223.948321 223.817386 223.822333 223.800372 223.836349 223.825964 223.836349 223.800372 223.822333 223.817386 223.948321 223.833600 223.826949 223.824955 0.000000 0.000000
0.000000 0.000000 13.652984 13.431950 11.678494 13.403519 13.695761 13.681493 13.711578 13.681042 13.688264 13.681042 13.711578 13.681493 13.695761 13.403519 11.678494 13.431950 13.652984 0.000000 0.000000
0.000000 0.000000 1631.795162 1631.474169 1631.810320 1629.939862 1631.946541 1631.387090 1631.384915 1632.206090 1632.343867 1632.206090 1631.384915 1631.387090 1631.946541 1629.939862 1631.810320 1631.474169 1631.795162 0.000000 0.000000
0.000000 0.000000 3378.253036 3378.081031 3377.418003 3378.008478 3378.555790 3378.416315 3378.378565 3378.528982 3378.491034 3378.528982 3378.378565 3378.416315 3378.555790 3378.008478 3377.418003 3378.081031 3378.253036 0.000000 0.000000
0.000000 0.000000 4379.017200 4378.810501 4378.246931 4378.398270 4379.213887 4378.919035 4378.938689 4379.281687 4379.365856 4379.281687 4378.938689 4378.919035 4379.213887 4378.398270 4378.246931 4378.810501 4379.017200 0.000000 0.000000
0.000000 0.000000 5722.201925 5722.029901 5721.513215 5721.654852 5722.352172 5722.097000 5722.122251 5722.427093 5722.520656 5722.427093 5722.122251 5722.097000 5722.352172 5721.654852 5721.513215 5722.029901 5722.201925 0.000000 0.000000
0.000000 0.000000 6992.281982 6992.137445 6991.655676 6991.800274 6992.400723 6992.181067 6992.203724 6992.477159 6992.567258 6992.477159 6992.203724 6992.181067 6992.400723 6991.800274 6991.655676 6992.137445 6992.281982 0.000000 0.000000
0.000000 0.000000 8180.076848 8179.944386 8179.486139 8179.630611 8180.183599 8179.980768 8180.002040 8180.259469 8180.345812 8180.259469 8180.002040 8179.980768 8180.183599 8179.630611 8179.486139 8179.944386 8180.076848 0.000000 0.000000
0.000000 0.000000 9300.844540 9300.740726 9300.292792 9300.476236 9300.938555 9300.756962 9300.782891 9301.017391 9301.099438 9301.017391 9300.782891 9300.756962 9300.938555 9300.476236 9300.292792 9300.740726 9300.844540 0.000000 0.000000
0.000000 0.000000 10361.377006 10361.266357 10360.837857 10360.997218 10361.470366 10361.289268 10361.311081 10361.542623 10361.620087 10361.542623 10361.311081 10361.289268 10361.470366 10360.997218 10360.837857 10361.266357 10361.377006 0.000000 0.000000
0.000000 0.000000 11375.431373 11375.320266 11374.907356 11375.060887 11375.519912 11375.346077 11375.366654 11375.590846 11375.666936 11375.590846 11375.366654 11375.346077 11375.519912 11375.060887 11374.907356 11375.320266 11375.431373 0.000000 0.000000
0.000000 0.000000 12351.699593 12351.593233 12351.186458 12351.341686 12351.781471 12351.611960 12351.632641 12351.851242 12351.924434 12351.851242 12351.632641 12351.611960 12351.781471 12351.341686 12351.186458 12351.593233 12351.699593 0.000000 0.000000
0.000000 0.000000 13295.656837 13295.558219 13295.160201 13295.334236 13295.736508 13295.573566 13295.595865 13295.806406 13295.877733 13295.806406 13295.595865 13295.573566 13295.736508 13295.334236 13295.160201 13295.558219 13295.656837 0.000000 0.000000
0.000000 0.000000 14210.616741 14210.516243 14210.121419 14210.284518 14210.692321 14210.530585 14210.551523 14210.760586 14210.829969 14210.760586 14210.551523 14210.530585 14210.692321 14210.284518 14210.121419 14210.516243 14210.616741 0.000000 0.000000
0.000000 0.000000 15096.579466 15096.481094 15096.097172 15096.253583 15096.649382 15096.492274 15096.513040 15096.716846 15096.784722 15096.716846 15096.513040 15096.492274 15096.649382 15096.253583 15096.097172 15096.481094 15096.579461 0.000000 0.000000
0.000000 0.000000 15956.787315 15956.690411 15956.308142 15956.467810 15956.855201 15956.699791 15956.720005 15956.919399 15956.985217 15956.919399 15956.720005 15956.699791 15956.855201 15956.467810 15956.308141 15956.690389 15956.786870 0.000000 0.000000
0.000000 0.000000 16828.094033 16828.381132 16828.005212 16828.160707 16828.544132 16828.391697 16828.409969 16828.606283 16828.669547 16828.606283 16828.409969 16828.391697 16828.544132 16828.160706 16828.005193 16828.377619 16828.471337 0.000000 0.000000
0.000000 0.000000 0.000000 0.000000 0.000000 0.000000 0.000000 0.000000 0.000000 0.000000 0.000000 0.000000 0.000000 0.000000 0.000000 0.000000 0.000000 0.000000 0.000000 0.000000 0.000000
0.000000 0.000000 0.000000 0.000000 0.000000 0.000000 0.000000 0.000000 0.000000 0.000000 0.000000 0.000000 0.000000 0.000000 0.000000 0.000000 0.000000 0.000000 0.000000 0.000000 0.000000