geotop/1.0zi/1.0Montebello/Templates/testdem/maps/_Erotot0885.asc
ncols         21
nrows         20
xllcorner     100.000000
yllcorner     100.000000
cellsize      50.000000
NODATA_value  -9999.0
0.000000 0.000000 0.000000 0.000000 0.000000 0.000000 0.000000 0.000000 0.000000 0.000000 0.000000 0.000000 0.000000 0.000000 0.000000 0.000000 0.000000 0.000000 0.000000 0.000000 0.000000
0.000000 0.000000 78.745167 78.746404 78.780814 78.754874 78.740107 78.746439 78.747760 78.743436 78.743944 78.743436 78.747760 78.746439 78.740107 78.754874 78.780814 78.746404 78.745167 0.000000 0.000000
0.000000 0.000000 7.330058 7.112395 5.339083 7.198519 7.361508 7.355993 7.368988 7.375429 7.374627 7.375429 7.368988 7.355993 7.361508 7.198519 5.339083 7.112395 7.330058 0.000000 0.000000
0.000000 0.000000 757.047211 756.607669 756.855594 754.548128 757.047095 756.862730 756.700131 756.982985 756.920812 756.982985 756.700131 756.862730 757.047095 754.548128 756.855594 756.607669 757.047211 0.000000 0.000000
0.000000 0.000000 1330.957035 1330.689992 1329.989952 1330.642094 1331.072761 1330.932893 1330.888488 1331.002266 1330.991170 1331.002266 1330.888488 1330.932893 1331.072761 1330.642094 1329.989952 1330.689992 1330.957035 0.000000 0.000000
0.000000 0.000000 1775.512489 1775.236856 1774.580009 1774.640585 1775.562868 1775.459120 1775.402036 1775.516030 1775.498916 1775.516030 1775.402036 1775.459120 1775.562868 1774.640585 1774.580009 1775.236856 1775.512489 0.000000 0.000000
0.000000 0.000000 2317.855925 2317.631070 2317.027646 2317.105675 2317.888248 2317.813902 2317.771374 2317.862520 2317.845595 2317.862520 2317.771374 2317.813902 2317.888248 2317.105675 2317.027646 2317.631070 2317.855925 0.000000 0.000000
0.000000 0.000000 2832.543952 2832.345659 2831.781224 2831.868448 2832.563458 2832.507697 2832.471333 2832.548187 2832.533096 2832.548187 2832.471333 2832.507697 2832.563458 2831.868448 2831.781224 2832.345659 2832.543952 0.000000 0.000000
0.000000 0.000000 3320.056949 3319.872253 3319.333372 3319.420227 3320.070655 3320.023072 3319.990205 3320.059932 3320.045664 3320.059932 3319.990205 3320.023072 3320.070655 3319.420227 3319.333372 3319.872253 3320.056949 0.000000 0.000000
0.000000 0.000000 3788.170935 3788.015558 3787.485625 3787.612763 3788.176874 3788.144386 3788.118770 3788.173098 3788.159212 3788.173098 3788.118770 3788.144386 3788.176874 3787.612763 3787.485625 3788.015558 3788.170935 0.000000 0.000000
0.000000 0.000000 4238.318178 4238.152910 4237.639700 4237.741242 4238.325347 4238.288715 4238.260425 4238.318028 4238.303590 4238.318028 4238.260425 4238.288715 4238.325347 4237.741242 4237.639700 4238.152910 4238.318178 0.000000 0.000000
0.000000 0.000000 4675.076585 4674.908381 4674.407179 4674.499529 4675.079585 4675.044970 4675.017331 4675.074620 4675.061478 4675.074620 4675.017331 4675.044970 4675.079585 4674.499529 4674.407179 4674.908381 4675.076585 0.000000 0.000000
0.000000 0.000000 5102.358497 5102.192136 5101.696652 5101.790620 5102.359683 5102.326037 5102.298950 5102.354791 5102.341627 5102.354791 5102.298950 5102.326037 5102.359683 5101.790620 5101.696652 5102.192136 5102.358497 0.000000 0.000000
0.000000 0.000000 5521.670551 5521.510052 5521.019147 5521.133971 5521.669213 5521.640099 5521.615509 5521.666493 5521.653267 5521.666493 5521.615509 5521.640099 5521.669213 5521.133971 5521.019147 5521.510052 5521.670551 0.000000 0.000000
0.000000 0.000000 5935.168158 5935.003841 5934.513478 5934.616875 5935.165794 5935.136085 5935.110555 5935.163439 5935.149695 5935.163439 5935.110555 5935.136085 5935.165794 5934.616875 5934.513478 5935.003841 5935.168158 0.000000 0.000000
0.000000 0.000000 6344.004829 6343.842966 6343.363192 6343.461217 6344.002563 6343.974193 6343.949146 6344.000703 6343.986446 6344.000703 6343.949146 6343.974193 6344.002563 6343.461217 6343.363192 6343.842965 6344.004826 0.000000 0.000000
0.000000 0.000000 6746.464092 6746.299958 6745.818317 6745.917532 6746.461566 6746.431467 6746.406064 6746.458721 6746.444112 6746.458721 6746.406064 6746.431467 6746.461566 6745.917532 6745.818317 6746.299943 6746.463871 0.000000 0.000000
0.000000 0.000000 7166.626904 7166.676821 7166.197658 7166.286376 7166.838775 7166.807330 7166.781557 7166.835648 7166.820891 7166.835648 7166.781557 7166.807330 7166.838775 7166.286376 7166.197643 7166.674429 7166.841254 0.000000 0.000000
0.000000 0.000000 0.000000 0.000000 0.000000 0.000000 0.000000 0.000000 0.000000 0.000000 0.000000 0.000000 0.000000 0.000000 0.000000 0.000000 0.000000 0.000000 0.000000 0.000000 0.000000
0.000000 0.000000 0.000000 0.000000 0.000000 0.000000 0.000000 0.000000 0.000000 0.000000 0.000000 0.000000 0.000000 0.000000 0.000000 0.000000 0.000000 0.000000 0.000000 0.000000 0.000000