geotop/1.0zi/1.0Montebello/Templates/testdem/maps/_Erotot1176.asc
ncols         21
nrows         20
xllcorner     100.000000
yllcorner     100.000000
cellsize      50.000000
NODATA_value  -9999.0
0.000000 0.000000 0.000000 0.000000 0.000000 0.000000 0.000000 0.000000 0.000000 0.000000 0.000000 0.000000 0.000000 0.000000 0.000000 0.000000 0.000000 0.000000 0.000000 0.000000 0.000000
0.000000 0.000000 124.618110 124.619489 124.654294 124.629506 124.611307 124.619510 124.621064 124.615977 124.616628 124.615977 124.621064 124.619510 124.611307 124.629506 124.654294 124.619489 124.618110 0.000000 0.000000
0.000000 0.000000 8.610767 8.392082 6.616476 8.474188 8.646668 8.637924 8.648670 8.654475 8.652601 8.654475 8.648670 8.637924 8.646668 8.474188 6.616476 8.392082 8.610767 0.000000 0.000000
0.000000 0.000000 926.120377 925.914716 925.935667 923.913843 926.175955 925.833301 925.796175 926.325555 926.268558 926.325555 925.796175 925.833301 926.175955 923.913843 925.935667 925.914716 926.120377 0.000000 0.000000
0.000000 0.000000 1705.466857 1705.242143 1704.488052 1705.177270 1705.609190 1705.442104 1705.399931 1705.548760 1705.503014 1705.548760 1705.399931 1705.442104 1705.609190 1705.177270 1704.488052 1705.242143 1705.466857 0.000000 0.000000
0.000000 0.000000 2252.053243 2251.879329 2251.125020 2251.299577 2252.138738 2251.965313 2251.951779 2252.169022 2252.141380 2252.169022 2251.951779 2251.965313 2252.138738 2251.299577 2251.125020 2251.879329 2252.053243 0.000000 0.000000
0.000000 0.000000 2947.427215 2947.288626 2946.606924 2946.780097 2947.486993 2947.354874 2947.350514 2947.529666 2947.505652 2947.529666 2947.350514 2947.354874 2947.486993 2946.780097 2946.606924 2947.288626 2947.427215 0.000000 0.000000
0.000000 0.000000 3610.930160 3610.810495 3610.179278 3610.351982 3610.972552 3610.865538 3610.865215 3611.022752 3611.001944 3611.022752 3610.865215 3610.865538 3610.972552 3610.351982 3610.179278 3610.810495 3610.930160 0.000000 0.000000
0.000000 0.000000 4241.107903 4240.998352 4240.397645 4240.565638 4241.142933 4241.046716 4241.048612 4241.195130 4241.174949 4241.195130 4241.048612 4241.046716 4241.142933 4240.565638 4240.397645 4240.998352 4241.107903 0.000000 0.000000
0.000000 0.000000 4844.961493 4844.879107 4844.290045 4844.495869 4844.987768 4844.907630 4844.916325 4845.045529 4845.025234 4845.045529 4844.916325 4844.907630 4844.987768 4844.495869 4844.290045 4844.879107 4844.961493 0.000000 0.000000
0.000000 0.000000 5425.128494 5425.036318 5424.464988 5424.644532 5425.156577 5425.072218 5425.077760 5425.209500 5425.188168 5425.209500 5425.077760 5425.072218 5425.156577 5424.644532 5424.464988 5425.036318 5425.128494 0.000000 0.000000
0.000000 0.000000 5987.349092 5987.253892 5986.696177 5986.866040 5987.372684 5987.290820 5987.297025 5987.427508 5987.407347 5987.427508 5987.297025 5987.290820 5987.372684 5986.866040 5986.696177 5987.253892 5987.349092 0.000000 0.000000
0.000000 0.000000 6536.983117 6536.889867 6536.338899 6536.510043 6537.004682 6536.923913 6536.930821 6537.059304 6537.038674 6537.059304 6536.930821 6536.923913 6537.004682 6536.510043 6536.338899 6536.889867 6536.983117 0.000000 0.000000
0.000000 0.000000 7074.341233 7074.254572 7073.708291 7073.900259 7074.360840 7074.283728 7074.293294 7074.417369 7074.396090 7074.417369 7074.293294 7074.283728 7074.360840 7073.900259 7073.708291 7074.254572 7074.341233 0.000000 0.000000
0.000000 0.000000 7603.144780 7603.055652 7602.510178 7602.691686 7603.164582 7603.085765 7603.094387 7603.220819 7603.198838 7603.220819 7603.094387 7603.085765 7603.164582 7602.691686 7602.510178 7603.055652 7603.144780 0.000000 0.000000
0.000000 0.000000 8124.245672 8124.157194 8123.624865 8123.798754 8124.264436 8124.188416 8124.196987 8124.320264 8124.298513 8124.320264 8124.196987 8124.188416 8124.264436 8123.798754 8123.624865 8124.157194 8124.245669 0.000000 0.000000
0.000000 0.000000 8635.801217 8635.713060 8635.178019 8635.355569 8635.821141 8635.742005 8635.750733 8635.876246 8635.853418 8635.876246 8635.750733 8635.742005 8635.821141 8635.355569 8635.178018 8635.713043 8635.800865 0.000000 0.000000
0.000000 0.000000 9164.263026 9164.418040 9163.885134 9164.053731 9164.524417 9164.443262 9164.452165 9164.579978 9164.556888 9164.579978 9164.452165 9164.443262 9164.524417 9164.053731 9163.885117 9164.415231 9164.504045 0.000000 0.000000
0.000000 0.000000 0.000000 0.000000 0.000000 0.000000 0.000000 0.000000 0.000000 0.000000 0.000000 0.000000 0.000000 0.000000 0.000000 0.000000 0.000000 0.000000 0.000000 0.000000 0.000000
0.000000 0.000000 0.000000 0.000000 0.000000 0.000000 0.000000 0.000000 0.000000 0.000000 0.000000 0.000000 0.000000 0.000000 0.000000 0.000000 0.000000 0.000000 0.000000 0.000000 0.000000