geotop/1.0zi/1.0Montebello/Templates/testdem/maps/_Erotot9870.asc
ncols         21
nrows         20
xllcorner     100.000000
yllcorner     100.000000
cellsize      50.000000
NODATA_value  -9999.0
0.000000 0.000000 0.000000 0.000000 0.000000 0.000000 0.000000 0.000000 0.000000 0.000000 0.000000 0.000000 0.000000 0.000000 0.000000 0.000000 0.000000 0.000000 0.000000 0.000000 0.000000
0.000000 0.000000 821.807100 821.967134 820.778666 820.375303 818.738873 818.265647 818.450449 818.445158 818.841381 818.280010 818.092545 818.133477 819.112710 819.725447 821.080136 822.253922 822.927571 0.000000 0.000000
0.000000 0.000000 62.263412 60.910332 61.213424 60.971468 61.786673 61.324609 60.881504 60.800623 60.991554 61.150864 61.372307 61.429644 61.295996 60.775195 59.736521 58.863908 59.624764 0.000000 0.000000
0.000000 0.000000 537.244293 541.090795 526.681654 519.213456 518.642272 510.634231 517.702402 519.650319 515.752879 516.672357 520.967368 520.373710 529.213580 539.755777 542.655767 541.173444 546.627022 0.000000 0.000000
0.000000 0.000000 4537.403092 4530.981560 4527.127879 4488.173841 4462.054242 4446.499549 4438.978865 4432.693336 4438.590058 4444.146678 4444.094858 4437.776606 4458.773052 4465.371251 4484.430893 4495.698078 4496.872899 0.000000 0.000000
0.000000 0.000000 6823.587949 6817.075785 6811.878570 6813.851144 6784.887081 6771.587207 6775.610039 6774.363886 6768.630971 6761.930903 6759.548097 6763.764699 6766.299917 6793.821017 6793.961507 6801.288056 6802.976069 0.000000 0.000000
0.000000 0.000000 8388.349312 8382.071665 8378.313075 8365.213387 8359.014568 8321.230827 8320.700370 8317.291432 8315.766508 8319.758635 8320.185915 8321.267979 8357.261391 8361.383326 8371.120558 8374.078290 8379.194667 0.000000 0.000000
0.000000 0.000000 10053.135317 10048.946581 10041.965826 10026.002884 10015.381300 10012.018654 10012.427373 10009.934765 10008.747191 10004.715859 10004.033437 10011.054234 10009.598354 10021.343215 10037.270780 10034.818867 10041.063373 0.000000 0.000000
0.000000 0.000000 12175.135189 12168.534216 12159.264148 12153.226365 12135.501590 12112.214879 12115.426526 12110.975748 12106.680503 12106.102594 12109.396020 12102.615011 12130.419557 12146.329155 12149.254253 12153.056335 12155.533840 0.000000 0.000000
0.000000 0.000000 14663.098171 14652.440090 14647.899491 14638.287574 14622.279046 14601.959554 14600.783380 14598.265861 14592.544742 14596.946719 14600.269899 14599.294745 14608.736264 14630.904828 14639.605146 14643.745245 14642.907915 0.000000 0.000000
0.000000 0.000000 17457.032051 17451.507259 17447.436331 17411.056128 17410.610418 17380.780809 17389.319839 17370.137775 17375.069436 17370.547258 17362.272499 17373.949631 17391.523850 17397.305088 17413.904367 17417.207834 17436.274569 0.000000 0.000000
0.000000 0.000000 20606.140660 20589.755418 20568.359688 20565.338178 20552.286447 20517.434109 20515.650949 20517.385375 20523.447132 20506.839537 20515.432415 20511.530273 20544.089841 20560.989591 20563.346614 20569.648136 20596.559456 0.000000 0.000000
0.000000 0.000000 23973.108674 23961.295934 23962.829332 23938.920652 23918.284693 23835.097247 23829.273950 23826.039948 23784.645606 23812.287428 23813.558972 23821.898705 23885.761161 23895.804698 23934.015079 23933.328905 23937.556844 0.000000 0.000000
0.000000 0.000000 27989.370957 27987.853468 27956.253077 27940.038177 27825.569338 27892.214703 27862.609065 27863.492254 27884.415280 27864.034995 27861.958577 27845.961804 27782.128777 27917.317483 27916.346307 27949.695778 27965.848439 0.000000 0.000000
0.000000 0.000000 32192.404059 32179.733613 32159.911000 32027.327836 32107.014859 32015.953203 31995.892297 31987.284577 31954.727319 31943.539675 31957.974913 31960.299791 32042.860725 31959.018083 32145.898760 32095.979534 32083.535771 0.000000 0.000000
0.000000 0.000000 35638.495402 35630.764756 35491.254113 35582.664142 35558.258537 35570.110792 35642.558772 35621.871470 35658.770689 35652.384094 35624.865496 35659.220288 35634.280716 35663.882640 35471.183122 35696.704670 35687.846550 0.000000 0.000000
0.000000 0.000000 38513.134491 38401.360986 38460.866693 38411.621061 38352.114077 38349.164509 38306.426650 38319.567308 38277.729470 38284.079891 38307.032536 38284.872395 38305.780527 38340.131407 38455.314093 38347.214331 38466.182836 0.000000 0.000000
0.000000 0.000000 39428.196781 39497.135732 39581.969994 39575.340350 39571.165089 39502.867459 39510.483999 39490.076836 39517.464456 39512.539860 39513.926098 39515.463625 39572.482863 39578.721183 39589.978172 39509.485416 39442.122458 0.000000 0.000000
0.000000 0.000000 0.000000 0.000000 0.000000 0.000000 0.000000 0.000000 0.000000 0.000000 0.000000 0.000000 0.000000 0.000000 0.000000 0.000000 0.000000 0.000000 0.000000 0.000000 0.000000
0.000000 0.000000 0.000000 0.000000 0.000000 0.000000 0.000000 0.000000 0.000000 0.000000 0.000000 0.000000 0.000000 0.000000 0.000000 0.000000 0.000000 0.000000 0.000000 0.000000 0.000000