geotop/1.0zi/1.0Montebello/Templates/testdem/maps/_Erotot2515.asc
ncols         21
nrows         20
xllcorner     100.000000
yllcorner     100.000000
cellsize      50.000000
NODATA_value  -9999.0
0.000000 0.000000 0.000000 0.000000 0.000000 0.000000 0.000000 0.000000 0.000000 0.000000 0.000000 0.000000 0.000000 0.000000 0.000000 0.000000 0.000000 0.000000 0.000000 0.000000 0.000000
0.000000 0.000000 239.934621 239.937014 239.942183 240.059796 239.928031 239.932545 239.908949 239.947761 239.950120 239.947761 239.908949 239.932545 239.928031 240.059796 239.942183 239.937014 239.934621 0.000000 0.000000
0.000000 0.000000 13.727923 13.506555 11.754356 13.477148 13.770112 13.756137 13.787698 13.755421 13.752129 13.755421 13.787698 13.756137 13.770112 13.477148 11.754356 13.506555 13.727923 0.000000 0.000000
0.000000 0.000000 1739.825229 1739.504411 1739.840191 1737.971292 1739.977377 1739.417437 1739.414516 1740.238985 1740.387140 1740.238985 1739.414516 1739.417437 1739.977377 1737.971292 1739.840191 1739.504411 1739.825229 0.000000 0.000000
0.000000 0.000000 3567.798821 3567.627407 3566.965438 3567.556323 3568.101301 3567.962450 3567.924457 3568.074643 3568.037945 3568.074643 3567.924457 3567.962450 3568.101301 3567.556323 3566.965438 3567.627407 3567.798821 0.000000 0.000000
0.000000 0.000000 4625.667577 4625.461697 4624.899426 4625.051699 4625.864258 4625.570123 4625.589376 4625.933418 4626.022243 4625.933418 4625.589376 4625.570123 4625.864258 4625.051699 4624.899426 4625.461697 4625.667577 0.000000 0.000000
0.000000 0.000000 6034.098563 6033.927316 6033.412604 6033.554558 6034.248947 6033.994468 6034.019203 6034.324952 6034.423040 6034.324952 6034.019203 6033.994468 6034.248947 6033.554558 6033.412604 6033.927316 6034.098563 0.000000 0.000000
0.000000 0.000000 7363.389953 7363.246197 7362.766948 7362.911474 7363.508752 7363.289912 7363.312103 7363.585996 7363.680040 7363.585996 7363.312103 7363.289912 7363.508752 7362.911474 7362.766948 7363.246197 7363.389953 0.000000 0.000000
0.000000 0.000000 8603.420944 8603.289462 8602.834259 8602.978432 8603.527623 8603.325843 8603.346646 8603.604126 8603.694146 8603.604126 8603.346646 8603.325843 8603.527623 8602.978432 8602.834259 8603.289462 8603.420944 0.000000 0.000000
0.000000 0.000000 9772.814142 9772.711287 9772.266973 9772.449609 9772.908015 9772.727625 9772.753034 9772.987286 9773.072677 9772.987286 9772.753034 9772.727625 9772.908015 9772.449609 9772.266973 9772.711287 9772.814142 0.000000 0.000000
0.000000 0.000000 10876.574183 10876.464639 10876.040268 10876.198542 10876.667223 10876.487598 10876.508885 10876.739771 10876.820221 10876.739771 10876.508885 10876.487598 10876.667223 10876.198542 10876.040268 10876.464639 10876.574183 0.000000 0.000000
0.000000 0.000000 11930.240136 11930.130325 11929.722007 11929.874288 11930.328241 11930.156096 11930.176141 11930.399327 11930.478164 11930.399327 11930.176141 11930.156096 11930.328241 11929.874288 11929.722007 11930.130325 11930.240136 0.000000 0.000000
0.000000 0.000000 12942.818210 12942.713368 12942.311632 12942.465378 12942.899603 12942.731986 12942.752126 12942.969369 12943.044962 12942.969369 12942.752126 12942.731986 12942.899603 12942.465378 12942.311632 12942.713368 12942.818210 0.000000 0.000000
0.000000 0.000000 13919.531315 13919.434292 13919.041835 13919.213934 13919.610487 13919.449607 13919.471324 13919.680229 13919.753725 13919.680229 13919.471324 13919.449607 13919.610487 13919.213934 13919.041835 13919.434292 13919.531315 0.000000 0.000000
0.000000 0.000000 14864.687433 14864.588568 14864.199944 14864.360870 14864.762514 14864.603049 14864.623364 14864.830435 14864.901829 14864.830435 14864.623364 14864.603048 14864.762514 14864.360870 14864.199944 14864.588568 14864.687433 0.000000 0.000000
0.000000 0.000000 15779.011352 15778.914693 15778.537224 15778.691340 15779.080622 15778.925924 15778.946068 15779.147682 15779.217361 15779.147682 15778.946068 15778.925924 15779.080622 15778.691340 15778.537224 15778.914693 15779.011347 0.000000 0.000000
0.000000 0.000000 16665.643958 16665.548909 16665.173688 16665.330902 16665.711179 16665.558468 16665.578066 16665.774967 16665.842502 16665.774967 16665.578066 16665.558468 16665.711179 16665.330902 16665.173688 16665.548887 16665.643553 0.000000 0.000000
0.000000 0.000000 17563.914850 17564.224755 17563.856220 17564.009190 17564.384802 17564.235329 17564.252978 17564.446460 17564.511338 17564.446460 17564.252978 17564.235329 17564.384802 17564.009190 17563.856202 17564.221240 17564.313002 0.000000 0.000000
0.000000 0.000000 0.000000 0.000000 0.000000 0.000000 0.000000 0.000000 0.000000 0.000000 0.000000 0.000000 0.000000 0.000000 0.000000 0.000000 0.000000 0.000000 0.000000 0.000000 0.000000
0.000000 0.000000 0.000000 0.000000 0.000000 0.000000 0.000000 0.000000 0.000000 0.000000 0.000000 0.000000 0.000000 0.000000 0.000000 0.000000 0.000000 0.000000 0.000000 0.000000 0.000000