geotop/1.0zi/1.0Montebello/Templates/testdem/maps/_Erotot2899.asc
ncols         21
nrows         20
xllcorner     100.000000
yllcorner     100.000000
cellsize      50.000000
NODATA_value  -9999.0
0.000000 0.000000 0.000000 0.000000 0.000000 0.000000 0.000000 0.000000 0.000000 0.000000 0.000000 0.000000 0.000000 0.000000 0.000000 0.000000 0.000000 0.000000 0.000000 0.000000 0.000000
0.000000 0.000000 281.122217 281.125085 281.128395 281.246033 281.116631 281.120791 281.095180 281.134035 281.152757 281.134035 281.095180 281.120791 281.116631 281.246033 281.128395 281.125085 281.122217 0.000000 0.000000
0.000000 0.000000 14.776278 14.554161 12.803643 14.519784 14.811126 14.797667 14.828553 14.776668 14.727580 14.776668 14.828553 14.797667 14.811126 14.519784 12.803643 14.554161 14.776278 0.000000 0.000000
0.000000 0.000000 2133.086162 2132.765752 2133.099434 2131.332183 2133.241885 2132.684080 2132.679042 2133.608827 2133.817950 2133.608827 2132.679042 2132.684080 2133.241885 2131.332183 2133.099434 2132.765752 2133.086162 0.000000 0.000000
0.000000 0.000000 4220.527338 4220.359369 4219.703048 4220.291137 4220.834310 4220.694173 4220.659891 4220.810402 4220.781236 4220.810402 4220.659891 4220.694173 4220.834310 4220.291137 4219.703048 4220.359369 4220.527338 0.000000 0.000000
0.000000 0.000000 5487.002568 5486.800030 5486.242966 5486.409213 5487.197537 5486.907240 5486.925616 5487.287466 5487.413753 5487.287466 5486.925616 5486.907240 5487.197537 5486.409213 5486.242966 5486.800030 5487.002568 0.000000 0.000000
0.000000 0.000000 7127.306701 7127.138519 7126.631534 7126.781219 7127.455616 7127.205025 7127.228502 7127.547752 7127.680950 7127.547752 7127.228502 7127.205025 7127.455616 7126.781219 7126.631534 7127.138519 7127.306701 0.000000 0.000000
0.000000 0.000000 8657.790322 8657.649569 8657.179887 8657.327886 8657.907340 8657.692726 8657.713709 8657.996664 8658.122194 8657.996664 8657.713709 8657.692726 8657.907340 8657.327886 8657.179887 8657.649569 8657.790322 0.000000 0.000000
0.000000 0.000000 10074.072109 10073.944260 10073.500367 10073.645216 10074.176652 10073.979890 10073.999509 10074.262802 10074.382279 10074.262802 10073.999509 10073.979890 10074.176652 10073.645216 10073.500367 10073.944260 10074.072109 0.000000 0.000000
0.000000 0.000000 11400.124344 11400.025026 11399.593882 11399.773896 11400.215909 11400.041013 11400.065027 11400.302590 11400.415345 11400.302590 11400.065027 11400.041013 11400.215909 11399.773896 11399.593882 11400.025026 11400.124344 0.000000 0.000000
0.000000 0.000000 12641.267756 12641.162212 12640.752609 12640.906081 12641.357957 12641.184670 12641.204482 12641.436239 12641.542864 12641.436239 12641.204482 12641.184670 12641.357957 12640.906081 12640.752609 12641.162212 12641.267756 0.000000 0.000000
0.000000 0.000000 13820.013416 13819.908213 13819.516106 13819.662023 13820.098421 13819.933314 13819.951862 13820.173743 13820.277490 13820.173743 13819.951862 13819.933314 13820.098421 13819.662023 13819.516106 13819.908213 13820.013416 0.000000 0.000000
0.000000 0.000000 14943.664148 14943.564621 14943.180518 14943.326522 14943.742432 14943.582478 14943.601118 14943.815367 14943.914631 14943.815367 14943.601118 14943.582478 14943.742432 14943.326522 14943.180518 14943.564621 14943.664148 0.000000 0.000000
0.000000 0.000000 16022.430232 16022.338776 16021.965604 16022.127622 16022.506120 16022.353453 16022.373498 16022.577696 16022.673773 16022.577696 16022.373498 16022.353453 16022.506120 16022.127622 16021.965604 16022.338776 16022.430232 0.000000 0.000000
0.000000 0.000000 17059.251649 17059.158484 17058.791178 17058.940202 17059.323456 17059.172853 17059.191366 17059.391705 17059.485039 17059.391705 17059.191366 17059.172853 17059.323456 17058.940202 17058.791178 17059.158484 17059.251649 0.000000 0.000000
0.000000 0.000000 18056.599791 18056.509046 18056.153758 18056.294618 18056.665457 18056.520068 18056.538392 18056.731776 18056.822768 18056.731776 18056.538392 18056.520068 18056.665457 18056.294618 18056.153758 18056.509045 18056.599787 0.000000 0.000000
0.000000 0.000000 19018.271651 19018.182946 19017.831640 19017.975387 19018.335180 19018.192593 19018.210378 19018.398070 19018.485103 19018.398070 19018.210378 19018.192593 19018.335180 19017.975387 19017.831639 19018.182925 19018.271396 0.000000 0.000000
0.000000 0.000000 19991.182136 19991.563669 19991.220194 19991.359387 19991.712516 19991.573981 19991.589802 19991.772850 19991.856591 19991.772850 19991.589802 19991.573981 19991.712516 19991.359386 19991.220175 19991.560225 19991.645399 0.000000 0.000000
0.000000 0.000000 0.000000 0.000000 0.000000 0.000000 0.000000 0.000000 0.000000 0.000000 0.000000 0.000000 0.000000 0.000000 0.000000 0.000000 0.000000 0.000000 0.000000 0.000000 0.000000
0.000000 0.000000 0.000000 0.000000 0.000000 0.000000 0.000000 0.000000 0.000000 0.000000 0.000000 0.000000 0.000000 0.000000 0.000000 0.000000 0.000000 0.000000 0.000000 0.000000 0.000000