geotop/1.0zi/1.0Montebello/Templates/testdem/maps/_Erotot3681.asc
ncols         21
nrows         20
xllcorner     100.000000
yllcorner     100.000000
cellsize      50.000000
NODATA_value  -9999.0
0.000000 0.000000 0.000000 0.000000 0.000000 0.000000 0.000000 0.000000 0.000000 0.000000 0.000000 0.000000 0.000000 0.000000 0.000000 0.000000 0.000000 0.000000 0.000000 0.000000 0.000000
0.000000 0.000000 267.544429 267.067905 266.815578 266.668653 266.696344 266.753628 266.785707 266.783993 266.769988 266.776419 266.777182 266.817965 266.690382 266.710408 266.885166 266.856136 266.986466 0.000000 0.000000
0.000000 0.000000 21.517947 22.018169 22.236975 22.939681 22.968139 22.674198 22.801827 22.723116 22.787275 22.986651 22.633158 22.544740 22.532508 22.450246 21.717452 21.260312 21.171230 0.000000 0.000000
0.000000 0.000000 135.452337 136.757439 130.140105 127.838317 128.297553 123.387725 122.018718 121.652768 120.926722 120.672238 122.000093 120.600968 122.945809 127.981976 128.760954 131.028544 133.861030 0.000000 0.000000
0.000000 0.000000 1235.684008 1236.187989 1235.463562 1222.286396 1211.710514 1207.235279 1210.424006 1205.205812 1211.827320 1212.566077 1213.211194 1214.069129 1222.918513 1226.817780 1236.752723 1238.833838 1237.546672 0.000000 0.000000
0.000000 0.000000 2236.400846 2233.516523 2230.483434 2228.533198 2218.967095 2214.331656 2212.830449 2214.977208 2212.676441 2211.984578 2211.072997 2212.656847 2216.107690 2225.642270 2227.166895 2226.805252 2230.183958 0.000000 0.000000
0.000000 0.000000 2714.833047 2710.280753 2704.955820 2696.187287 2686.131092 2672.992848 2674.202449 2671.184617 2674.188434 2673.514176 2675.540018 2680.280665 2695.124540 2700.830614 2708.046100 2712.093860 2715.331909 0.000000 0.000000
0.000000 0.000000 3128.623126 3128.935279 3128.079692 3122.684677 3120.794191 3117.217656 3117.825401 3118.324014 3116.076052 3116.307504 3116.108217 3115.707668 3119.345109 3123.544731 3125.720647 3125.017489 3125.812431 0.000000 0.000000
0.000000 0.000000 3671.499265 3670.928975 3666.672839 3664.286174 3658.341469 3649.189985 3649.406559 3647.586548 3648.494484 3649.010167 3648.994538 3651.025625 3657.691403 3665.191411 3665.724557 3666.786703 3670.112823 0.000000 0.000000
0.000000 0.000000 4280.798748 4279.175695 4277.529571 4272.557550 4262.629298 4258.017550 4259.455987 4258.743257 4258.920432 4258.803963 4259.233123 4259.119693 4267.534073 4273.798891 4276.786787 4277.553494 4278.625816 0.000000 0.000000
0.000000 0.000000 4918.575294 4916.732983 4913.411064 4909.878336 4906.101091 4896.272650 4896.573244 4894.241039 4894.725441 4895.330906 4895.612419 4896.787815 4902.726028 4905.377265 4910.466283 4912.426666 4915.098712 0.000000 0.000000
0.000000 0.000000 5576.858328 5575.344386 5571.708001 5563.808530 5557.349050 5549.883184 5548.980600 5548.633627 5548.932593 5548.034355 5549.084297 5550.606314 5560.655051 5566.427214 5570.458620 5571.515675 5587.551859 0.000000 0.000000
0.000000 0.000000 6231.598346 6229.449412 6225.564472 6221.294557 6212.801814 6196.899069 6197.128685 6195.650680 6195.771306 6196.145926 6196.431992 6198.419117 6212.441053 6220.290633 6224.072204 6225.651905 6227.679758 0.000000 0.000000
0.000000 0.000000 6927.215008 6924.210504 6920.109143 6915.014294 6898.132221 6904.857306 6899.824396 6898.947762 6899.593694 6899.569169 6899.862901 6901.063043 6897.497611 6912.542418 6917.074762 6922.045086 6921.736414 0.000000 0.000000
0.000000 0.000000 7664.793010 7659.245734 7653.666378 7643.356918 7638.566816 7624.025523 7616.886978 7615.535988 7611.932870 7611.170652 7613.438928 7612.691950 7623.977907 7632.140070 7650.221343 7646.613940 7647.611706 0.000000 0.000000
0.000000 0.000000 8388.492829 8387.616433 8370.219157 8370.840197 8368.475010 8367.256467 8369.289806 8369.302680 8371.860208 8371.625328 8370.520124 8376.137611 8375.752235 8375.491718 8367.559848 8385.300496 8388.976006 0.000000 0.000000
0.000000 0.000000 9207.057775 9190.117369 9181.126758 9172.676934 9158.164183 9152.666423 9151.213936 9150.791221 9147.965785 9147.988459 9149.312797 9149.003817 9154.472075 9168.985073 9181.768103 9182.814043 9199.587214 0.000000 0.000000
0.000000 0.000000 9824.774250 9825.279141 9838.694128 9828.428942 9820.964247 9804.447887 9803.248121 9801.064644 9802.319850 9801.902492 9802.209645 9804.354726 9821.284026 9829.646866 9840.978895 9822.191808 9824.907049 0.000000 0.000000
0.000000 0.000000 0.000000 0.000000 0.000000 0.000000 0.000000 0.000000 0.000000 0.000000 0.000000 0.000000 0.000000 0.000000 0.000000 0.000000 0.000000 0.000000 0.000000 0.000000 0.000000
0.000000 0.000000 0.000000 0.000000 0.000000 0.000000 0.000000 0.000000 0.000000 0.000000 0.000000 0.000000 0.000000 0.000000 0.000000 0.000000 0.000000 0.000000 0.000000 0.000000 0.000000