geotop/1.0zi/1.0Montebello/Templates/testdem/maps/_Erotot3334.asc
ncols         21
nrows         20
xllcorner     100.000000
yllcorner     100.000000
cellsize      50.000000
NODATA_value  -9999.0
0.000000 0.000000 0.000000 0.000000 0.000000 0.000000 0.000000 0.000000 0.000000 0.000000 0.000000 0.000000 0.000000 0.000000 0.000000 0.000000 0.000000 0.000000 0.000000 0.000000 0.000000
0.000000 0.000000 364.396266 364.399122 364.402668 364.521645 364.389235 364.394957 364.368616 364.408609 364.423329 364.408609 364.368616 364.394957 364.389235 364.521645 364.402668 364.399122 364.396266 0.000000 0.000000
0.000000 0.000000 11.606619 11.367991 9.611778 11.293220 11.608678 11.534612 11.653643 11.549391 11.916571 11.549391 11.653643 11.534612 11.608678 11.293220 9.611778 11.367991 11.606619 0.000000 0.000000
0.000000 0.000000 2636.148257 2635.885125 2636.034413 2634.224655 2636.219941 2635.642202 2635.534501 2636.353822 2636.497253 2636.353822 2635.534501 2635.642202 2636.219941 2634.224655 2636.034413 2635.885125 2636.148257 0.000000 0.000000
0.000000 0.000000 4990.248733 4990.072488 4989.372976 4989.953023 4990.498153 4990.350310 4990.341232 4990.444281 4990.472817 4990.444281 4990.341232 4990.350310 4990.498153 4989.953023 4989.372976 4990.072488 4990.248733 0.000000 0.000000
0.000000 0.000000 6449.369769 6449.190172 6448.583371 6448.727865 6449.572823 6449.233985 6449.251509 6449.541426 6449.772582 6449.541426 6449.251509 6449.233985 6449.572823 6448.727865 6448.583371 6449.190172 6449.369769 0.000000 0.000000
0.000000 0.000000 8304.396280 8304.254803 8303.706029 8303.835297 8304.567317 8304.268382 8304.285760 8304.537670 8304.766686 8304.537670 8304.285760 8304.268382 8304.567317 8303.835297 8303.706029 8304.254803 8304.396280 0.000000 0.000000
0.000000 0.000000 10020.538835 10020.425628 10019.926805 10020.058606 10020.685844 10020.425792 10020.441457 10020.663722 10020.870204 10020.663722 10020.441457 10020.425792 10020.685844 10020.058606 10019.926805 10020.425628 10020.538835 0.000000 0.000000
0.000000 0.000000 11599.218368 11599.118948 11598.654802 11598.784397 11599.358771 11599.120560 11599.132192 11599.337714 11599.532001 11599.337714 11599.132192 11599.120560 11599.358771 11598.784397 11598.654802 11599.118948 11599.218368 0.000000 0.000000
0.000000 0.000000 13067.011211 13066.940348 13066.494714 13066.660794 13067.142879 13066.928549 13066.942630 13067.126589 13067.303695 13067.126589 13066.942630 13066.928549 13067.142879 13066.660794 13066.494714 13066.940348 13067.011211 0.000000 0.000000
0.000000 0.000000 14432.546086 14432.469245 14432.052227 14432.193071 14432.678579 14432.469055 14432.479250 14432.660711 14432.827538 14432.660711 14432.479250 14432.469055 14432.678579 14432.193071 14432.052227 14432.469245 14432.546086 0.000000 0.000000
0.000000 0.000000 15720.482033 15720.408905 15720.020407 15720.156300 15720.624792 15720.425869 15720.431820 15720.611557 15720.767615 15720.611557 15720.431820 15720.425869 15720.624792 15720.156300 15720.020407 15720.408905 15720.482033 0.000000 0.000000
0.000000 0.000000 16938.515875 16938.448935 16938.072451 16938.209064 16938.651636 16938.461617 16938.466583 16938.641135 16938.787228 16938.641135 16938.466583 16938.461617 16938.651636 16938.209064 16938.072451 16938.448935 16938.515875 0.000000 0.000000
0.000000 0.000000 18102.026568 18101.967296 18101.604791 18101.757271 18102.160361 18101.978976 18101.985611 18102.151852 18102.290778 18102.151852 18101.985611 18101.978976 18102.160361 18101.757271 18101.604791 18101.967296 18102.026568 0.000000 0.000000
0.000000 0.000000 19214.118965 19214.054844 19213.699870 19213.839713 19214.240766 19214.067818 19214.074704 19214.238597 19214.370484 19214.238597 19214.074704 19214.067818 19214.240766 19213.839713 19213.699870 19214.054844 19214.118965 0.000000 0.000000
0.000000 0.000000 20278.287093 20278.225436 20277.883422 20278.015473 20278.402224 20278.234654 20278.241309 20278.398246 20278.525808 20278.398246 20278.241309 20278.234654 20278.402224 20278.015473 20277.883422 20278.225436 20278.287090 0.000000 0.000000
0.000000 0.000000 21299.800974 21299.740462 21299.404720 21299.540086 21299.909736 21299.748682 21299.755525 21299.907831 21300.027850 21299.907831 21299.755525 21299.748682 21299.909736 21299.540086 21299.404720 21299.740442 21299.800915 0.000000 0.000000
0.000000 0.000000 22333.397938 22333.882743 22333.556477 22333.687267 22334.047550 22333.891621 22333.897357 22334.044889 22334.161085 22334.044889 22333.897357 22333.891621 22334.047550 22333.687267 22333.556459 22333.879404 22333.936847 0.000000 0.000000
0.000000 0.000000 0.000000 0.000000 0.000000 0.000000 0.000000 0.000000 0.000000 0.000000 0.000000 0.000000 0.000000 0.000000 0.000000 0.000000 0.000000 0.000000 0.000000 0.000000 0.000000
0.000000 0.000000 0.000000 0.000000 0.000000 0.000000 0.000000 0.000000 0.000000 0.000000 0.000000 0.000000 0.000000 0.000000 0.000000 0.000000 0.000000 0.000000 0.000000 0.000000 0.000000