geotop/1.0zi/1.0Montebello/Templates/testdem/maps/_Erotot6285.asc
ncols         21
nrows         20
xllcorner     100.000000
yllcorner     100.000000
cellsize      50.000000
NODATA_value  -9999.0
0.000000 0.000000 0.000000 0.000000 0.000000 0.000000 0.000000 0.000000 0.000000 0.000000 0.000000 0.000000 0.000000 0.000000 0.000000 0.000000 0.000000 0.000000 0.000000 0.000000 0.000000
0.000000 0.000000 490.602324 491.462376 491.186462 491.484558 490.931542 490.991684 490.949811 491.116092 491.517071 490.821595 490.749168 490.840777 490.992580 490.897081 491.625087 491.823735 491.812938 0.000000 0.000000
0.000000 0.000000 37.016143 35.873516 35.952970 36.095580 36.350189 36.161455 35.974619 35.759010 36.006060 36.335654 36.152781 36.364851 36.239448 35.990290 34.677952 33.918661 34.609608 0.000000 0.000000
0.000000 0.000000 213.201186 216.129994 206.025329 204.007998 204.369234 199.400687 198.966435 198.482475 196.870119 194.830844 197.386296 195.093190 199.865303 205.784119 207.320640 208.704084 213.662114 0.000000 0.000000
0.000000 0.000000 2003.867111 2007.233771 2012.269875 1991.190202 1976.270533 1964.546631 1967.170806 1964.192313 1968.027889 1972.719467 1969.388360 1968.006414 1978.200391 1979.030983 1987.429007 1995.930799 1997.135142 0.000000 0.000000
0.000000 0.000000 3535.840749 3530.610125 3527.410097 3522.622454 3512.451700 3504.620939 3503.153522 3502.678464 3500.911361 3498.301230 3495.332585 3497.990495 3500.187497 3516.625930 3521.935150 3526.485633 3528.915283 0.000000 0.000000
0.000000 0.000000 4705.525616 4703.145979 4699.442555 4694.741002 4681.714090 4664.570723 4664.134393 4660.671955 4662.531235 4665.382714 4667.454304 4668.477987 4689.132057 4698.858100 4703.623891 4705.209371 4710.675393 0.000000 0.000000
0.000000 0.000000 5408.487961 5409.956186 5408.047069 5400.984238 5400.184513 5392.501338 5393.059037 5393.466775 5392.140538 5389.552201 5389.279876 5393.283063 5394.155243 5397.117521 5406.300015 5404.627916 5408.489433 0.000000 0.000000
0.000000 0.000000 6393.863983 6391.049955 6385.897481 6386.510655 6379.115420 6367.890073 6368.513511 6365.355544 6362.946413 6363.866949 6364.940880 6360.161892 6374.543628 6383.263378 6386.129840 6387.391765 6389.426207 0.000000 0.000000
0.000000 0.000000 7532.512597 7530.187241 7531.522203 7530.012102 7514.139279 7506.651398 7507.639234 7506.878570 7504.616275 7507.637595 7511.121943 7509.253248 7513.618467 7525.072977 7529.621271 7530.169226 7531.399495 0.000000 0.000000
0.000000 0.000000 8762.407068 8762.819016 8761.643190 8746.467733 8743.573501 8731.919070 8735.878703 8726.005533 8728.522019 8727.544335 8722.518541 8730.472832 8735.764527 8737.505286 8745.301241 8751.376643 8759.690652 0.000000 0.000000
0.000000 0.000000 10056.252489 10052.011023 10045.835147 10043.383366 10038.192828 10022.627319 10021.238510 10020.613605 10027.077205 10019.545218 10021.686178 10021.580022 10038.637702 10042.722748 10044.669935 10045.826537 10066.293377 0.000000 0.000000
0.000000 0.000000 11372.811033 11370.089731 11370.553715 11361.971645 11357.549986 11327.695670 11326.104487 11325.604733 11310.232314 11319.719528 11323.669279 11326.308241 11345.289440 11349.736269 11365.577092 11364.851903 11372.584627 0.000000 0.000000
0.000000 0.000000 12821.350735 12822.899711 12814.566315 12812.536749 12781.358453 12790.045473 12779.086775 12780.445954 12781.642791 12781.199251 12779.227731 12775.760220 12765.790168 12799.978738 12806.069621 12817.791592 12825.735613 0.000000 0.000000
0.000000 0.000000 14397.599267 14393.051584 14388.445220 14359.360744 14359.182998 14342.012610 14328.243052 14326.278231 14320.733472 14313.513374 14317.635818 14315.975433 14333.139712 14336.611035 14384.051881 14374.409611 14375.142761 0.000000 0.000000
0.000000 0.000000 16027.677013 16027.001064 15983.695166 15984.392963 15989.242689 15981.324212 16000.732272 15992.045605 15999.402003 15994.007980 15987.724803 15998.593723 16002.824058 16002.253495 15977.919923 16038.048130 16031.340224 0.000000 0.000000
0.000000 0.000000 17898.788821 17845.162446 17843.746487 17830.987792 17800.426208 17792.927100 17782.485956 17786.336942 17769.276097 17770.278364 17776.917393 17775.165962 17789.160039 17804.072993 17842.329043 17832.252486 17892.923267 0.000000 0.000000
0.000000 0.000000 19134.626898 19156.374767 19212.406598 19204.665855 19190.731917 19144.696442 19146.167484 19129.804816 19144.955322 19142.234250 19147.823050 19144.418453 19185.334138 19196.920446 19222.420693 19165.854110 19145.126500 0.000000 0.000000
0.000000 0.000000 0.000000 0.000000 0.000000 0.000000 0.000000 0.000000 0.000000 0.000000 0.000000 0.000000 0.000000 0.000000 0.000000 0.000000 0.000000 0.000000 0.000000 0.000000 0.000000
0.000000 0.000000 0.000000 0.000000 0.000000 0.000000 0.000000 0.000000 0.000000 0.000000 0.000000 0.000000 0.000000 0.000000 0.000000 0.000000 0.000000 0.000000 0.000000 0.000000 0.000000