geotop/1.0zi/1.0Montebello/Templates/testdem/maps/_Erotot4684.asc
ncols         21
nrows         20
xllcorner     100.000000
yllcorner     100.000000
cellsize      50.000000
NODATA_value  -9999.0
0.000000 0.000000 0.000000 0.000000 0.000000 0.000000 0.000000 0.000000 0.000000 0.000000 0.000000 0.000000 0.000000 0.000000 0.000000 0.000000 0.000000 0.000000 0.000000 0.000000 0.000000
0.000000 0.000000 353.203329 352.742479 352.528242 352.358774 352.363418 352.403099 352.440933 352.440117 352.425582 352.428407 352.429448 352.472412 352.360397 352.400075 352.595446 352.528569 352.643768 0.000000 0.000000
0.000000 0.000000 27.869615 28.426323 28.816973 29.923557 29.414056 29.509939 29.103561 29.016036 29.059179 29.385095 29.132696 28.932296 29.454780 29.160016 28.259593 27.666637 27.499381 0.000000 0.000000
0.000000 0.000000 136.128468 137.397517 130.314856 127.935485 129.108715 124.127785 123.385255 123.048423 122.177031 121.611121 122.624911 121.219665 123.913973 128.905207 129.474252 131.738174 134.342077 0.000000 0.000000
0.000000 0.000000 1344.507877 1348.672513 1354.023482 1336.891234 1325.778797 1317.813786 1320.301732 1314.490585 1318.731411 1322.964333 1323.243548 1323.695925 1332.987537 1331.956726 1337.379690 1343.128033 1344.984703 0.000000 0.000000
0.000000 0.000000 2627.191057 2622.445371 2618.977317 2616.295134 2611.025660 2607.928520 2605.249362 2606.984042 2606.578142 2603.993805 2600.149439 2601.319952 2600.840563 2613.762703 2617.901722 2617.970537 2620.837816 0.000000 0.000000
0.000000 0.000000 3355.910132 3350.967314 3346.397644 3342.632604 3331.697362 3316.533511 3317.892673 3314.326614 3317.467487 3316.806525 3319.411695 3321.835688 3336.352014 3345.489640 3351.725401 3355.474163 3358.994841 0.000000 0.000000
0.000000 0.000000 3879.266010 3879.534061 3880.345583 3875.939140 3874.199973 3869.460380 3870.136503 3870.280234 3867.874801 3868.900868 3867.766515 3866.888150 3870.164325 3873.625671 3875.740806 3875.170071 3876.421383 0.000000 0.000000
0.000000 0.000000 4529.482465 4529.390560 4527.017047 4524.874285 4520.426485 4511.878610 4512.124270 4510.146905 4510.737703 4511.434795 4510.622100 4511.427894 4516.716393 4524.639939 4524.692504 4526.193136 4529.931650 0.000000 0.000000
0.000000 0.000000 5298.546583 5296.869848 5297.349914 5293.566191 5284.879115 5279.890629 5281.499254 5280.454452 5280.607812 5280.723490 5279.739650 5278.253916 5285.689867 5292.524935 5294.801575 5295.839341 5297.232628 0.000000 0.000000
0.000000 0.000000 6112.748140 6111.017773 6109.886364 6107.872244 6105.209651 6094.700733 6094.997899 6092.344061 6092.563265 6093.644500 6092.554880 6092.543492 6097.679266 6100.609514 6105.396987 6107.489170 6110.578446 0.000000 0.000000
0.000000 0.000000 6959.882326 6959.260593 6957.110043 6950.478275 6945.767781 6937.714366 6936.734981 6936.198524 6936.390538 6935.633941 6935.253598 6935.269507 6944.421779 6950.585671 6954.004511 6955.194984 6972.258389 0.000000 0.000000
0.000000 0.000000 7812.143345 7810.311155 7808.409031 7805.706161 7798.283275 7779.010496 7779.273302 7777.367538 7777.360428 7778.050138 7776.486314 7777.092858 7793.399782 7801.749308 7805.008989 7806.549659 7808.977101 0.000000 0.000000
0.000000 0.000000 8722.152568 8719.328778 8717.506324 8713.696211 8693.996520 8702.268919 8696.353105 8695.318475 8695.817752 8696.224100 8694.966568 8694.848890 8688.922546 8708.023017 8711.960505 8717.268732 8717.226733 0.000000 0.000000
0.000000 0.000000 9694.038256 9689.393362 9685.081333 9672.250567 9669.491086 9653.162583 9645.114681 9643.244729 9639.040919 9638.725759 9639.815472 9637.593051 9648.867624 9657.231910 9679.174409 9674.824027 9676.280911 0.000000 0.000000
0.000000 0.000000 10663.418984 10663.196305 10642.346516 10645.687182 10644.926524 10643.946742 10646.735716 10646.610019 10649.551244 10649.460911 10646.249297 10651.502749 10649.202864 10648.399111 10637.061221 10661.682864 10666.426184 0.000000 0.000000
0.000000 0.000000 11763.843277 11739.083413 11731.014867 11723.113583 11708.129113 11701.702680 11699.921425 11698.992333 11695.263680 11695.669085 11695.895567 11693.191929 11698.156754 11715.400254 11729.130299 11729.844979 11755.201792 0.000000 0.000000
0.000000 0.000000 12576.837427 12580.704682 12603.536314 12593.801682 12587.081481 12562.984944 12561.285120 12558.267364 12560.187498 12560.018317 12558.346893 12559.900615 12582.771352 12592.095310 12604.219459 12577.625508 12579.662607 0.000000 0.000000
0.000000 0.000000 0.000000 0.000000 0.000000 0.000000 0.000000 0.000000 0.000000 0.000000 0.000000 0.000000 0.000000 0.000000 0.000000 0.000000 0.000000 0.000000 0.000000 0.000000 0.000000
0.000000 0.000000 0.000000 0.000000 0.000000 0.000000 0.000000 0.000000 0.000000 0.000000 0.000000 0.000000 0.000000 0.000000 0.000000 0.000000 0.000000 0.000000 0.000000 0.000000 0.000000