geotop/1.0zi/1.0Montebello/Templates/testdem/maps/_Erotot5082.asc
ncols         21
nrows         20
xllcorner     100.000000
yllcorner     100.000000
cellsize      50.000000
NODATA_value  -9999.0
0.000000 0.000000 0.000000 0.000000 0.000000 0.000000 0.000000 0.000000 0.000000 0.000000 0.000000 0.000000 0.000000 0.000000 0.000000 0.000000 0.000000 0.000000 0.000000 0.000000 0.000000
0.000000 0.000000 374.982065 374.079115 373.791096 373.594660 373.563322 373.652670 373.610897 373.771760 373.725113 373.598002 373.666556 373.707080 373.634105 373.684167 373.873936 373.842976 374.393587 0.000000 0.000000
0.000000 0.000000 28.838229 29.794213 30.186466 31.253874 30.803576 30.784536 30.603032 30.389224 30.469667 30.804241 30.484556 30.314547 30.866328 30.501443 29.665921 28.969624 28.323740 0.000000 0.000000
0.000000 0.000000 152.170307 153.520668 146.304763 144.309609 145.498787 140.805272 140.008939 140.102262 138.710340 137.577098 138.693221 137.242834 139.844591 144.627460 144.150759 147.587010 150.306192 0.000000 0.000000
0.000000 0.000000 1517.317233 1521.294199 1526.672856 1508.943026 1497.820744 1489.493863 1492.054368 1486.595922 1490.430713 1494.546095 1494.897782 1495.251220 1504.593902 1503.769297 1510.338499 1515.739400 1517.549001 0.000000 0.000000
0.000000 0.000000 2801.903667 2796.338459 2792.383291 2789.316146 2782.855326 2779.560007 2776.953271 2778.797079 2778.203497 2775.479487 2771.881965 2773.762098 2773.730287 2786.874643 2790.828930 2791.062990 2793.940724 0.000000 0.000000
0.000000 0.000000 3673.772356 3671.276443 3667.161285 3663.674359 3651.258947 3634.704536 3635.368879 3632.293160 3634.869935 3634.691077 3637.602681 3639.957277 3655.129090 3664.012306 3670.318592 3674.317069 3679.757374 0.000000 0.000000
0.000000 0.000000 4253.128852 4252.436803 4253.126262 4247.794910 4246.896073 4241.482371 4242.112800 4242.460497 4239.793424 4240.487261 4239.670467 4238.650905 4241.660066 4245.549465 4248.481290 4248.704583 4249.118903 0.000000 0.000000
0.000000 0.000000 4985.261564 4985.359835 4983.001206 4979.696022 4974.478094 4965.989877 4966.039802 4964.459513 4964.499900 4965.338597 4964.690422 4965.517597 4971.083427 4978.919451 4979.434776 4981.397584 4985.497438 0.000000 0.000000
0.000000 0.000000 5844.539617 5843.532342 5843.985211 5842.802346 5833.428966 5826.823907 5828.408362 5827.467101 5827.423334 5827.203031 5826.683096 5825.328542 5834.795490 5840.257488 5839.698473 5841.986834 5842.967616 0.000000 0.000000
0.000000 0.000000 6762.806855 6761.331036 6760.823907 6752.463756 6749.374518 6738.925473 6739.003307 6736.792161 6736.472399 6737.602973 6736.765525 6737.155346 6741.534098 6745.774017 6754.625076 6756.384945 6760.193504 0.000000 0.000000
0.000000 0.000000 7714.481971 7713.715606 7712.014464 7707.680672 7701.998654 7692.808607 7691.599561 7691.338766 7691.155837 7690.196942 7690.178118 7690.611485 7700.732523 7706.709282 7707.073073 7708.877319 7726.665884 0.000000 0.000000
0.000000 0.000000 8671.966573 8670.268693 8667.542995 8664.012479 8655.600442 8633.773838 8634.114179 8632.424817 8632.017016 8632.599582 8631.362887 8632.139970 8650.672107 8659.010726 8663.544895 8665.322614 8668.254103 0.000000 0.000000
0.000000 0.000000 9709.261980 9706.238895 9704.428125 9699.892011 9678.416838 9686.339463 9679.907491 9679.152774 9679.266689 9679.484266 9678.631384 9678.945266 9672.090330 9693.202147 9697.179947 9703.306087 9703.638123 0.000000 0.000000
0.000000 0.000000 10814.124655 10809.765713 10804.812459 10789.022175 10785.723956 10769.015827 10760.302509 10758.680978 10753.721221 10753.313965 10754.985200 10753.003921 10764.777470 10772.343868 10797.487415 10793.040269 10794.728304 0.000000 0.000000
0.000000 0.000000 11928.956176 11928.730277 11904.453669 11903.028732 11902.373144 11899.800383 11902.990707 11903.356588 11906.243858 11905.910286 11902.694246 11909.416358 11908.134277 11907.122583 11897.522718 11926.998176 11932.559813 0.000000 0.000000
0.000000 0.000000 13188.882647 13159.156172 13149.203107 13143.177543 13124.386253 13116.209428 13114.099931 13113.338541 13108.583122 13108.835448 13109.925201 13106.704115 13113.303636 13133.116588 13146.729902 13147.137110 13178.065175 0.000000 0.000000
0.000000 0.000000 14105.147670 14111.374509 14140.764266 14130.239127 14123.158831 14094.402274 14092.327539 14089.399608 14091.488365 14091.051117 14089.508424 14092.241568 14119.205690 14128.064910 14139.445206 14107.965418 14108.818442 0.000000 0.000000
0.000000 0.000000 0.000000 0.000000 0.000000 0.000000 0.000000 0.000000 0.000000 0.000000 0.000000 0.000000 0.000000 0.000000 0.000000 0.000000 0.000000 0.000000 0.000000 0.000000 0.000000
0.000000 0.000000 0.000000 0.000000 0.000000 0.000000 0.000000 0.000000 0.000000 0.000000 0.000000 0.000000 0.000000 0.000000 0.000000 0.000000 0.000000 0.000000 0.000000 0.000000 0.000000