geotop/1.0zi/1.0Montebello/Templates/testdem/maps/_Erotot4563.asc
ncols         21
nrows         20
xllcorner     100.000000
yllcorner     100.000000
cellsize      50.000000
NODATA_value  -9999.0
0.000000 0.000000 0.000000 0.000000 0.000000 0.000000 0.000000 0.000000 0.000000 0.000000 0.000000 0.000000 0.000000 0.000000 0.000000 0.000000 0.000000 0.000000 0.000000 0.000000 0.000000
0.000000 0.000000 346.054365 345.594181 345.379798 345.212080 345.218885 345.257728 345.295246 345.293761 345.280319 345.283433 345.285331 345.329589 345.216121 345.255102 345.449089 345.381595 345.495169 0.000000 0.000000
0.000000 0.000000 27.231790 27.858508 28.248079 29.317317 28.926503 29.005614 28.603741 28.539334 28.574356 28.884080 28.599862 28.356180 28.841179 28.586903 27.687151 27.091403 26.892152 0.000000 0.000000
0.000000 0.000000 137.685766 138.904651 131.815188 129.472875 130.557787 125.590917 124.857549 124.502308 123.632560 123.085704 124.119500 122.728159 125.461726 130.413783 130.980069 133.244867 135.882513 0.000000 0.000000
0.000000 0.000000 1344.022734 1348.149301 1353.509654 1336.368301 1325.187996 1317.230513 1319.698436 1313.871666 1318.122635 1322.357885 1322.671772 1323.164281 1332.455666 1331.431214 1336.859983 1342.610460 1344.470332 0.000000 0.000000
0.000000 0.000000 2627.009150 2622.328774 2618.802650 2616.183650 2610.946084 2607.824046 2605.154305 2606.876715 2606.482688 2603.893175 2600.053922 2601.231940 2600.734839 2613.613493 2617.751028 2617.824509 2620.660875 0.000000 0.000000
0.000000 0.000000 3311.350035 3307.346468 3303.450605 3300.409675 3292.320820 3277.650202 3279.403980 3276.134397 3278.736950 3277.883735 3280.102654 3281.289932 3295.605067 3302.346234 3308.867847 3312.644679 3315.583144 0.000000 0.000000
0.000000 0.000000 3776.422190 3776.570852 3777.427879 3772.782237 3770.947131 3766.202563 3766.842160 3767.043051 3764.845611 3765.818435 3764.628855 3763.700760 3766.667238 3770.911758 3772.803277 3772.167084 3773.612151 0.000000 0.000000
0.000000 0.000000 4429.427742 4429.351565 4427.103156 4425.002663 4420.925033 4412.432566 4412.712130 4410.790654 4411.333452 4411.984374 4411.143464 4411.663692 4417.028200 4424.725370 4424.801523 4426.300953 4429.967052 0.000000 0.000000
0.000000 0.000000 5178.567023 5177.116731 5177.722264 5174.033784 5165.863056 5160.973496 5162.640869 5161.645547 5161.724202 5161.799554 5160.780943 5159.071597 5166.378058 5172.915182 5175.199727 5176.222916 5177.502125 0.000000 0.000000
0.000000 0.000000 5969.547471 5968.009339 5966.988684 5965.057804 5962.859832 5952.465263 5952.821922 5950.229251 5950.390124 5951.430077 5950.286971 5950.058700 5955.076389 5957.748852 5962.529478 5964.602669 5967.589506 0.000000 0.000000
0.000000 0.000000 6793.676425 6793.260148 6791.202357 6784.681707 6780.367906 6772.426162 6771.503256 6771.000937 6771.126102 6770.347409 6769.943982 6769.807460 6778.780701 6784.704364 6788.126408 6789.306712 6806.199157 0.000000 0.000000
0.000000 0.000000 7620.490731 7618.876539 7617.095542 7614.487966 7607.602970 7588.828189 7589.152526 7587.307966 7587.232209 7587.876140 7586.278837 7586.658201 7602.447598 7610.497618 7613.739990 7615.258621 7617.589198 0.000000 0.000000
0.000000 0.000000 8502.819902 8500.241039 8498.535815 8494.840046 8476.152382 8484.438482 8478.645002 8477.663602 8478.084805 8478.450318 8477.155235 8476.808427 8470.786389 8489.130756 8493.050634 8498.299509 8498.161924 0.000000 0.000000
0.000000 0.000000 9444.516303 9440.102313 9435.975911 9423.822589 9421.567230 9405.525173 9397.618192 9395.814804 9391.596176 9391.244969 9392.260282 9389.873633 9400.860071 9408.879625 9430.139578 9425.849944 9427.199092 0.000000 0.000000
0.000000 0.000000 10382.386704 10382.387551 10362.426423 10365.773938 10365.571020 10364.667419 10367.433726 10367.338767 10370.124497 10369.996706 10366.818658 10371.706112 10369.299142 10368.259620 10357.195488 10380.869742 10385.415621 0.000000 0.000000
0.000000 0.000000 11446.247852 11422.908207 11415.172458 11407.609905 11393.542338 11387.405305 11385.736246 11384.872456 11381.171401 11381.521121 11381.639438 11378.841570 11383.441904 11399.959133 11413.318483 11414.003648 11438.143574 0.000000 0.000000
0.000000 0.000000 12235.498265 12239.340464 12261.395812 12252.059350 12246.100606 12222.997523 12221.412464 12218.506143 12220.225269 12220.025987 12218.368440 12219.557481 12241.409005 12250.228969 12261.971299 12236.299819 12238.319119 0.000000 0.000000
0.000000 0.000000 0.000000 0.000000 0.000000 0.000000 0.000000 0.000000 0.000000 0.000000 0.000000 0.000000 0.000000 0.000000 0.000000 0.000000 0.000000 0.000000 0.000000 0.000000 0.000000
0.000000 0.000000 0.000000 0.000000 0.000000 0.000000 0.000000 0.000000 0.000000 0.000000 0.000000 0.000000 0.000000 0.000000 0.000000 0.000000 0.000000 0.000000 0.000000 0.000000 0.000000