geotop/1.0zi/1.0Montebello/Templates/testdem/maps/_Erotot2047.asc
ncols         21
nrows         20
xllcorner     100.000000
yllcorner     100.000000
cellsize      50.000000
NODATA_value  -9999.0
0.000000 0.000000 0.000000 0.000000 0.000000 0.000000 0.000000 0.000000 0.000000 0.000000 0.000000 0.000000 0.000000 0.000000 0.000000 0.000000 0.000000 0.000000 0.000000 0.000000 0.000000
0.000000 0.000000 206.341860 206.344189 206.381682 206.371620 206.328953 206.345080 206.347763 206.336851 206.339035 206.336851 206.347763 206.345080 206.328953 206.371620 206.381682 206.344189 206.341860 0.000000 0.000000
0.000000 0.000000 11.115168 10.894073 9.113046 10.954910 11.163167 11.138531 11.146063 11.158140 11.154050 11.158140 11.146063 11.138531 11.163167 10.954910 9.113046 10.894073 11.115168 0.000000 0.000000
0.000000 0.000000 1424.673958 1424.465158 1424.657652 1422.592312 1424.834964 1424.377820 1424.406619 1425.142776 1425.161534 1425.142776 1424.406619 1424.377820 1424.834964 1422.592312 1424.657652 1424.465158 1424.673958 0.000000 0.000000
0.000000 0.000000 2883.770410 2883.558345 2882.957489 2883.642178 2884.087888 2883.892014 2883.848565 2884.013068 2883.983136 2884.013068 2883.848565 2883.892014 2884.087888 2883.642178 2882.957489 2883.558345 2883.770410 0.000000 0.000000
0.000000 0.000000 3749.440398 3749.273579 3748.662415 3748.779166 3749.654276 3749.382674 3749.409397 3749.728457 3749.770075 3749.728457 3749.409397 3749.382674 3749.654276 3748.779166 3748.662415 3749.273579 3749.440398 0.000000 0.000000
0.000000 0.000000 4905.433228 4905.299551 4904.735320 4904.852982 4905.599521 4905.367106 4905.399545 4905.682129 4905.736636 4905.682129 4905.399545 4905.367106 4905.599521 4904.852982 4904.735320 4905.299551 4905.433228 0.000000 0.000000
0.000000 0.000000 6003.061846 6002.951797 6002.424282 6002.546119 6003.195081 6002.995829 6003.024995 6003.277818 6003.333046 6003.277818 6003.024995 6002.995829 6003.195081 6002.546119 6002.424282 6002.951797 6003.061846 0.000000 0.000000
0.000000 0.000000 7036.002989 7035.901662 7035.398216 7035.518396 7036.123206 7035.938808 7035.966170 7036.204720 7036.259552 7036.204720 7035.966170 7035.938808 7036.123206 7035.518396 7035.398216 7035.901662 7036.002989 0.000000 0.000000
0.000000 0.000000 8016.387401 8016.312724 8015.819352 8015.977224 8016.493890 8016.329521 8016.361419 8016.578132 8016.631275 8016.578132 8016.361419 8016.329521 8016.493890 8015.977224 8015.819352 8016.312724 8016.387401 0.000000 0.000000
0.000000 0.000000 8950.000802 8949.917025 8949.441794 8949.573859 8950.105477 8949.940668 8949.968068 8950.183093 8950.233986 8950.183093 8949.968068 8949.940668 8950.105477 8949.573859 8949.441794 8949.917025 8950.000802 0.000000 0.000000
0.000000 0.000000 9845.674743 9845.588979 9845.129051 9845.253944 9845.774511 9845.615759 9845.641835 9845.850619 9845.901437 9845.850619 9845.641835 9845.615759 9845.774511 9845.253944 9845.129051 9845.588979 9845.674743 0.000000 0.000000
0.000000 0.000000 10712.540630 10712.458036 10712.003574 10712.129111 10712.633207 10712.477931 10712.504043 10712.708171 10712.757469 10712.708171 10712.504043 10712.477931 10712.633207 10712.129111 10712.003574 10712.458036 10712.540630 0.000000 0.000000
0.000000 0.000000 11553.526001 11553.450078 11553.003458 11553.147756 11553.615878 11553.466336 11553.494058 11553.690936 11553.739018 11553.690936 11553.494058 11553.466336 11553.615878 11553.147756 11553.003458 11553.450078 11553.526001 0.000000 0.000000
0.000000 0.000000 12371.549093 12371.470330 12371.025234 12371.158146 12371.634147 12371.485108 12371.511449 12371.707966 12371.754955 12371.707966 12371.511449 12371.485108 12371.634147 12371.158146 12371.025234 12371.470330 12371.549093 0.000000 0.000000
0.000000 0.000000 13169.003652 13168.926104 13168.491498 13168.617303 13169.083022 13168.938089 13168.964180 13169.156168 13169.202699 13169.156168 13168.964180 13168.938089 13169.083022 13168.617303 13168.491498 13168.926104 13169.003648 0.000000 0.000000
0.000000 0.000000 13945.601993 13945.525165 13945.090951 13945.220019 13945.679382 13945.534899 13945.560390 13945.749155 13945.794309 13945.749155 13945.560390 13945.534899 13945.679382 13945.220019 13945.090951 13945.525143 13945.601528 0.000000 0.000000
0.000000 0.000000 14735.071513 14735.335179 14734.908566 14735.032674 14735.490222 14735.346728 14735.370014 14735.556765 14735.600815 14735.556765 14735.370014 14735.346728 14735.490222 14735.032673 14734.908548 14735.331732 14735.407762 0.000000 0.000000
0.000000 0.000000 0.000000 0.000000 0.000000 0.000000 0.000000 0.000000 0.000000 0.000000 0.000000 0.000000 0.000000 0.000000 0.000000 0.000000 0.000000 0.000000 0.000000 0.000000 0.000000
0.000000 0.000000 0.000000 0.000000 0.000000 0.000000 0.000000 0.000000 0.000000 0.000000 0.000000 0.000000 0.000000 0.000000 0.000000 0.000000 0.000000 0.000000 0.000000 0.000000 0.000000