geotop/1.0zi/1.0Montebello/Templates/testdem/maps/_Erotot7876.asc
ncols         21
nrows         20
xllcorner     100.000000
yllcorner     100.000000
cellsize      50.000000
NODATA_value  -9999.0
0.000000 0.000000 0.000000 0.000000 0.000000 0.000000 0.000000 0.000000 0.000000 0.000000 0.000000 0.000000 0.000000 0.000000 0.000000 0.000000 0.000000 0.000000 0.000000 0.000000 0.000000
0.000000 0.000000 662.406671 663.219789 662.686000 662.807565 661.812904 661.986666 661.973885 662.037291 662.469472 661.794869 661.673251 661.725528 662.085224 662.224008 663.043129 663.574517 663.774389 0.000000 0.000000
0.000000 0.000000 51.201977 50.224672 50.148543 50.537742 51.173297 50.855651 50.559845 50.422846 50.654339 51.014811 51.033927 51.184345 50.934851 50.422818 49.145775 48.290129 48.808532 0.000000 0.000000
0.000000 0.000000 354.434554 355.552757 343.491830 337.930654 338.476162 327.162023 327.284546 328.098631 324.438877 322.668273 324.815702 324.955154 335.220425 342.275549 346.896626 349.816657 354.692300 0.000000 0.000000
0.000000 0.000000 3183.020795 3184.204664 3186.908680 3163.711530 3144.385344 3133.846172 3133.075921 3128.406287 3135.250178 3140.369825 3135.839993 3134.455953 3149.430893 3152.743610 3163.258277 3172.101815 3171.874375 0.000000 0.000000
0.000000 0.000000 5060.137116 5054.910074 5051.431972 5045.373735 5030.454267 5020.492647 5021.378202 5020.305469 5017.001232 5011.285372 5010.318583 5013.503320 5012.910138 5032.849361 5040.683385 5047.494648 5050.620503 0.000000 0.000000
0.000000 0.000000 6360.826029 6357.624892 6353.117102 6346.098818 6332.317536 6310.488647 6309.440807 6305.638319 6307.061886 6310.794782 6312.295701 6312.785234 6340.518914 6350.513744 6356.115259 6358.899504 6364.155248 0.000000 0.000000
0.000000 0.000000 7468.653279 7468.713090 7465.711071 7455.665928 7453.203745 7443.867851 7444.049910 7443.876219 7442.909384 7438.951685 7438.262394 7444.490166 7446.307899 7451.165236 7463.649306 7462.231424 7467.208936 0.000000 0.000000
0.000000 0.000000 8923.722722 8918.969314 8912.631657 8912.070252 8900.991820 8885.587677 8886.847425 8882.275509 8880.227076 8879.945802 8882.415961 8876.632634 8895.370177 8909.293435 8911.199302 8914.915345 8916.309178 0.000000 0.000000
0.000000 0.000000 10589.696418 10586.004605 10586.181719 10581.655072 10561.260627 10551.503663 10551.084195 10550.837312 10547.400316 10550.853993 10553.982218 10553.270721 10560.183884 10574.621049 10582.319610 10584.327385 10585.429092 0.000000 0.000000
0.000000 0.000000 12413.009913 12411.936329 12408.951282 12388.373956 12382.514919 12366.621704 12372.381318 12358.992223 12363.133288 12361.319344 12354.357163 12364.360047 12373.883202 12376.790438 12389.445423 12396.554629 12407.272589 0.000000 0.000000
0.000000 0.000000 14388.157498 14379.863692 14371.629348 14367.909802 14357.517439 14337.401380 14333.692078 14334.364282 14341.713037 14330.586729 14334.787924 14334.628008 14357.317564 14366.000647 14368.967060 14373.035921 14396.386118 0.000000 0.000000
0.000000 0.000000 16440.913126 16435.763107 16436.052321 16421.780332 16414.705536 16365.594065 16363.890713 16362.897305 16341.380906 16353.851752 16358.140318 16362.958819 16397.225461 16404.510771 16428.002717 16427.701005 16435.272489 0.000000 0.000000
0.000000 0.000000 18794.360687 18796.539306 18782.681925 18777.644507 18718.828305 18739.355129 18723.433673 18724.664656 18731.339578 18726.366463 18724.145626 18719.237740 18697.815805 18761.392434 18767.967671 18788.380738 18798.089426 0.000000 0.000000
0.000000 0.000000 21433.086196 21424.245441 21414.967009 21349.673217 21364.225698 21331.410408 21311.931076 21308.617418 21296.598746 21285.923850 21292.318850 21291.057994 21327.884580 21316.496168 21410.152046 21391.366046 21388.763815 0.000000 0.000000
0.000000 0.000000 24186.414388 24182.840347 24088.746070 24117.569025 24118.191957 24108.859094 24151.762193 24136.712990 24156.680024 24148.342246 24133.427981 24157.892318 24158.839154 24160.222065 24079.745504 24217.753084 24209.239705 0.000000 0.000000
0.000000 0.000000 27475.413246 27338.038995 27373.659266 27327.388029 27255.294653 27240.099873 27201.355692 27212.699082 27169.336093 27173.670676 27196.228724 27177.094220 27210.327909 27255.724175 27370.614087 27290.581521 27436.418064 0.000000 0.000000
0.000000 0.000000 28751.852915 28883.916710 29010.444898 29011.837531 29015.233386 28904.840892 28922.348636 28885.828775 28940.849392 28930.668526 28927.192102 28938.613932 29030.026942 29028.800255 29033.689401 28929.287674 28798.295153 0.000000 0.000000
0.000000 0.000000 0.000000 0.000000 0.000000 0.000000 0.000000 0.000000 0.000000 0.000000 0.000000 0.000000 0.000000 0.000000 0.000000 0.000000 0.000000 0.000000 0.000000 0.000000 0.000000
0.000000 0.000000 0.000000 0.000000 0.000000 0.000000 0.000000 0.000000 0.000000 0.000000 0.000000 0.000000 0.000000 0.000000 0.000000 0.000000 0.000000 0.000000 0.000000 0.000000 0.000000