geotop/1.0zi/1.0Montebello/Templates/testdem/maps/_Erotot7036.asc
ncols         21
nrows         20
xllcorner     100.000000
yllcorner     100.000000
cellsize      50.000000
NODATA_value  -9999.0
0.000000 0.000000 0.000000 0.000000 0.000000 0.000000 0.000000 0.000000 0.000000 0.000000 0.000000 0.000000 0.000000 0.000000 0.000000 0.000000 0.000000 0.000000 0.000000 0.000000 0.000000
0.000000 0.000000 566.328541 567.131911 566.785595 567.009173 566.396675 566.424279 566.379410 566.482220 566.908664 566.235306 566.125047 566.205912 566.496053 566.456029 567.215434 567.485151 567.554791 0.000000 0.000000
0.000000 0.000000 44.479371 43.259871 43.240308 43.391505 43.625883 43.481428 43.220035 43.063784 43.302186 43.590998 43.586986 43.719633 43.497008 43.298097 42.012608 41.287483 42.031387 0.000000 0.000000
0.000000 0.000000 234.297144 236.262564 224.794656 222.196542 220.907417 213.940687 214.795346 213.565674 212.527314 209.961421 211.982765 211.884321 220.377465 226.378861 227.495318 229.297575 234.941503 0.000000 0.000000
0.000000 0.000000 2474.686193 2477.929340 2481.151102 2460.029805 2445.328295 2432.363971 2434.332219 2431.254937 2436.734776 2443.106445 2437.798383 2436.080431 2447.573294 2450.344399 2458.920900 2466.476222 2468.450218 0.000000 0.000000
0.000000 0.000000 4233.613308 4227.974562 4224.680604 4218.474310 4204.355763 4196.292422 4195.654442 4194.778665 4191.376566 4185.515158 4184.620565 4187.960285 4187.902484 4205.948332 4214.212681 4220.974754 4222.891381 0.000000 0.000000
0.000000 0.000000 5429.507123 5426.703933 5422.526084 5416.781483 5403.484430 5384.734171 5384.255556 5380.460507 5382.023953 5385.805009 5387.156017 5387.691173 5411.973134 5421.494430 5425.892837 5428.032816 5433.630702 0.000000 0.000000
0.000000 0.000000 6305.455838 6306.111777 6303.507616 6295.014363 6293.710142 6285.265905 6285.936829 6285.854347 6285.023295 6281.232056 6280.420198 6286.290845 6287.149688 6290.822959 6301.737091 6299.757934 6304.860869 0.000000 0.000000
0.000000 0.000000 7492.519526 7488.648228 7482.975209 7483.568680 7473.923170 7460.511505 7462.016949 7457.838987 7455.831805 7455.727685 7457.824357 7452.237222 7468.766563 7481.295384 7481.935060 7484.715724 7486.431468 0.000000 0.000000
0.000000 0.000000 8856.537519 8853.646144 8854.252028 8851.390764 8833.047643 8824.983352 8825.254969 8824.856074 8821.874835 8825.110161 8827.954880 8827.164399 8832.261064 8844.869892 8851.003370 8852.181769 8853.581824 0.000000 0.000000
0.000000 0.000000 10336.896161 10336.472214 10334.131995 10316.585707 10313.143118 10298.457224 10304.036795 10291.984066 10295.706057 10294.217540 10287.756752 10296.865814 10304.148949 10306.173714 10316.648444 10322.513343 10332.721634 0.000000 0.000000
0.000000 0.000000 11910.695729 11904.008804 11897.249632 11894.806910 11886.335336 11869.397321 11867.088123 11867.077902 11874.008420 11864.218276 11867.444542 11867.532009 11886.440112 11893.110648 11894.723416 11897.759087 11919.281953 0.000000 0.000000
0.000000 0.000000 13529.857295 13526.109353 13526.397398 13515.412491 13510.014323 13472.136468 13470.880271 13470.101978 13452.184591 13462.436199 13466.286142 13470.114715 13495.450329 13501.112009 13519.906392 13518.943629 13527.417886 0.000000 0.000000
0.000000 0.000000 15342.047633 15344.418685 15333.392351 15330.167056 15288.160390 15300.193179 15288.097057 15288.940851 15292.875336 15289.851106 15288.117748 15284.455739 15269.486830 15315.736269 15321.284318 15337.046574 15345.972537 0.000000 0.000000
0.000000 0.000000 17340.532475 17333.807468 17327.276683 17285.356235 17289.027860 17267.508383 17251.375958 17249.189451 17241.078542 17232.549488 17236.426230 17235.102110 17259.740000 17258.606754 17322.517534 17309.830090 17309.379626 0.000000 0.000000
0.000000 0.000000 19423.282723 19421.273497 19359.617372 19368.876971 19372.875082 19361.439463 19389.866438 19377.960246 19389.879566 19382.365058 19373.658520 19389.604147 19393.968206 19394.053351 19352.118190 19438.621597 19432.167030 0.000000 0.000000
0.000000 0.000000 21873.831308 21789.994048 21797.598546 21774.633854 21728.428964 21719.033920 21700.717274 21706.512180 21681.321084 21682.607047 21693.758441 21687.421119 21707.314715 21733.603876 21794.870578 21765.947454 21856.858873 0.000000 0.000000
0.000000 0.000000 23255.448171 23311.002616 23395.144044 23388.405333 23376.861773 23305.609504 23311.078277 23287.904407 23315.417450 23309.640438 23313.088738 23314.026300 23375.333733 23384.948735 23409.319538 23329.772006 23276.372634 0.000000 0.000000
0.000000 0.000000 0.000000 0.000000 0.000000 0.000000 0.000000 0.000000 0.000000 0.000000 0.000000 0.000000 0.000000 0.000000 0.000000 0.000000 0.000000 0.000000 0.000000 0.000000 0.000000
0.000000 0.000000 0.000000 0.000000 0.000000 0.000000 0.000000 0.000000 0.000000 0.000000 0.000000 0.000000 0.000000 0.000000 0.000000 0.000000 0.000000 0.000000 0.000000 0.000000 0.000000