geotop/1.0zi/1.0Montebello/Templates/testdem/maps/_Erotot1259.asc
ncols         21
nrows         20
xllcorner     100.000000
yllcorner     100.000000
cellsize      50.000000
NODATA_value  -9999.0
0.000000 0.000000 0.000000 0.000000 0.000000 0.000000 0.000000 0.000000 0.000000 0.000000 0.000000 0.000000 0.000000 0.000000 0.000000 0.000000 0.000000 0.000000 0.000000 0.000000 0.000000
0.000000 0.000000 149.006045 149.007444 149.042302 149.017660 148.999011 149.007460 149.009045 149.003858 149.004528 149.003858 149.009045 149.007460 148.999011 149.017660 149.042302 149.007444 149.006045 0.000000 0.000000
0.000000 0.000000 9.074364 8.855280 7.079053 8.936292 9.118226 9.102104 9.112267 9.119325 9.117586 9.119325 9.112267 9.102104 9.118226 8.936292 7.079053 8.855280 9.074364 0.000000 0.000000
0.000000 0.000000 1066.998544 1066.795138 1066.821006 1064.803061 1067.050202 1066.709606 1066.674390 1067.199040 1067.141755 1067.199040 1066.674390 1066.709606 1067.050202 1064.803061 1066.821006 1066.795138 1066.998544 0.000000 0.000000
0.000000 0.000000 1896.215296 1895.991767 1895.240655 1895.930668 1896.352958 1896.190108 1896.148817 1896.295576 1896.249920 1896.295576 1896.148817 1896.190108 1896.352958 1895.930668 1895.240655 1895.991767 1896.215296 0.000000 0.000000
0.000000 0.000000 2492.932532 2492.760018 2492.009652 2492.185342 2493.015118 2492.843800 2492.831324 2493.046252 2493.018516 2493.046252 2492.831324 2492.843800 2493.015118 2492.185342 2492.009652 2492.760018 2492.932532 0.000000 0.000000
0.000000 0.000000 3244.778657 3244.641362 3243.964004 3244.137714 3244.835665 3244.705610 3244.702161 3244.879011 3244.854951 3244.879011 3244.702161 3244.705610 3244.835665 3244.137714 3243.964004 3244.641362 3244.778657 0.000000 0.000000
0.000000 0.000000 3959.261801 3959.143443 3958.516888 3958.689894 3959.301180 3959.196597 3959.197127 3959.352388 3959.331559 3959.352388 3959.197127 3959.196597 3959.301180 3958.689894 3958.516888 3959.143443 3959.261801 0.000000 0.000000
0.000000 0.000000 4636.322096 4636.213897 4635.618220 4635.786336 4636.353979 4636.260472 4636.263161 4636.407366 4636.387202 4636.407366 4636.263161 4636.260472 4636.353979 4635.786336 4635.618220 4636.213897 4636.322096 0.000000 0.000000
0.000000 0.000000 5284.439832 5284.358734 5283.775227 5283.980742 5284.462842 5284.385592 5284.395018 5284.521883 5284.501638 5284.521883 5284.395018 5284.385592 5284.462842 5283.980742 5283.775227 5284.358734 5284.439832 0.000000 0.000000
0.000000 0.000000 5907.666686 5907.575909 5907.010611 5907.189665 5907.691425 5907.610135 5907.616383 5907.745683 5907.724441 5907.745683 5907.616383 5907.610135 5907.691425 5907.189665 5907.010611 5907.575909 5907.666686 0.000000 0.000000
0.000000 0.000000 6511.502578 6511.408931 6510.857707 6511.027031 6511.522890 6511.444167 6511.451052 6511.578964 6511.558906 6511.578964 6511.451052 6511.444167 6511.522890 6511.027031 6510.857707 6511.408931 6511.502578 0.000000 0.000000
0.000000 0.000000 7101.517608 7101.426111 7100.882041 7101.052484 7101.536013 7101.458410 7101.465966 7101.591813 7101.571283 7101.591813 7101.465966 7101.458410 7101.536013 7101.052484 7100.882041 7101.426111 7101.517608 0.000000 0.000000
0.000000 0.000000 7678.302486 7678.217549 7677.678679 7677.869460 7678.318993 7678.245039 7678.255187 7678.376549 7678.355430 7678.376549 7678.255187 7678.245039 7678.318993 7677.869460 7677.678679 7678.217549 7678.302486 0.000000 0.000000
0.000000 0.000000 8244.367041 8244.279597 8243.742164 8243.922293 8244.383765 8244.308124 8244.317306 8244.440874 8244.419103 8244.440874 8244.317306 8244.308124 8244.383765 8243.922293 8243.742164 8244.279597 8244.367041 0.000000 0.000000
0.000000 0.000000 8801.376732 8801.290038 8800.765854 8800.938380 8801.392556 8801.319581 8801.328697 8801.449205 8801.427675 8801.449205 8801.328697 8801.319581 8801.392556 8800.938380 8800.765854 8801.290038 8801.376729 0.000000 0.000000
0.000000 0.000000 9347.509058 9347.422841 9346.896750 9347.072754 9347.526076 9347.450319 9347.459580 9347.581935 9347.559415 9347.581935 9347.459580 9347.450319 9347.526076 9347.072754 9346.896750 9347.422823 9347.508816 0.000000 0.000000
0.000000 0.000000 9914.604620 9914.799874 9914.276359 9914.443495 9914.901084 9914.823385 9914.832784 9914.957233 9914.934444 9914.957233 9914.832784 9914.823385 9914.901084 9914.443495 9914.276342 9914.796964 9914.883718 0.000000 0.000000
0.000000 0.000000 0.000000 0.000000 0.000000 0.000000 0.000000 0.000000 0.000000 0.000000 0.000000 0.000000 0.000000 0.000000 0.000000 0.000000 0.000000 0.000000 0.000000 0.000000 0.000000
0.000000 0.000000 0.000000 0.000000 0.000000 0.000000 0.000000 0.000000 0.000000 0.000000 0.000000 0.000000 0.000000 0.000000 0.000000 0.000000 0.000000 0.000000 0.000000 0.000000 0.000000