geotop/1.0zi/1.0Montebello/Templates/testdem/maps/_Erotot0093.asc
ncols         21
nrows         20
xllcorner     100.000000
yllcorner     100.000000
cellsize      50.000000
NODATA_value  -9999.0
0.000000 0.000000 0.000000 0.000000 0.000000 0.000000 0.000000 0.000000 0.000000 0.000000 0.000000 0.000000 0.000000 0.000000 0.000000 0.000000 0.000000 0.000000 0.000000 0.000000 0.000000
0.000000 0.000000 1.236685 1.236684 1.236685 1.236685 1.236685 1.236685 1.236685 1.236685 1.236685 1.236685 1.236685 1.236685 1.236685 1.236685 1.236685 1.236684 1.236685 0.000000 0.000000
0.000000 0.000000 2.885585 2.885461 2.885520 2.885532 2.885534 2.885534 2.885534 2.885534 2.885534 2.885534 2.885534 2.885534 2.885534 2.885532 2.885520 2.885461 2.885585 0.000000 0.000000
0.000000 0.000000 59.358492 59.358039 59.358204 59.358288 59.358308 59.358311 59.358312 59.358312 59.358312 59.358312 59.358312 59.358311 59.358308 59.358288 59.358204 59.358039 59.358492 0.000000 0.000000
0.000000 0.000000 70.084951 70.084769 70.084823 70.084857 70.084866 70.084867 70.084868 70.084868 70.084868 70.084868 70.084868 70.084867 70.084866 70.084857 70.084823 70.084769 70.084951 0.000000 0.000000
0.000000 0.000000 100.675148 100.674852 100.674977 100.675029 100.675041 100.675043 100.675043 100.675043 100.675043 100.675043 100.675043 100.675043 100.675041 100.675029 100.674977 100.674852 100.675148 0.000000 0.000000
0.000000 0.000000 133.999869 133.999584 133.999694 133.999743 133.999755 133.999757 133.999757 133.999757 133.999757 133.999757 133.999757 133.999757 133.999755 133.999743 133.999694 133.999584 133.999869 0.000000 0.000000
0.000000 0.000000 166.667389 166.667113 166.667213 166.667259 166.667270 166.667272 166.667273 166.667273 166.667273 166.667273 166.667273 166.667272 166.667270 166.667259 166.667213 166.667113 166.667389 0.000000 0.000000
0.000000 0.000000 198.582548 198.582277 198.582369 198.582413 198.582424 198.582426 198.582426 198.582426 198.582426 198.582426 198.582426 198.582426 198.582424 198.582413 198.582369 198.582277 198.582548 0.000000 0.000000
0.000000 0.000000 229.875956 229.875687 229.875773 229.875816 229.875826 229.875828 229.875828 229.875828 229.875828 229.875828 229.875828 229.875828 229.875826 229.875816 229.875773 229.875687 229.875956 0.000000 0.000000
0.000000 0.000000 260.780278 260.780009 260.780090 260.780131 260.780141 260.780143 260.780143 260.780143 260.780143 260.780143 260.780143 260.780143 260.780141 260.780131 260.780090 260.780009 260.780278 0.000000 0.000000
0.000000 0.000000 291.500460 291.500189 291.500266 291.500306 291.500316 291.500318 291.500318 291.500318 291.500318 291.500318 291.500318 291.500318 291.500316 291.500306 291.500266 291.500189 291.500460 0.000000 0.000000
0.000000 0.000000 322.054487 322.054214 322.054288 322.054327 322.054337 322.054339 322.054339 322.054339 322.054339 322.054339 322.054339 322.054339 322.054337 322.054327 322.054288 322.054214 322.054487 0.000000 0.000000
0.000000 0.000000 352.728924 352.728648 352.728718 352.728757 352.728767 352.728769 352.728769 352.728769 352.728769 352.728769 352.728769 352.728769 352.728767 352.728757 352.728718 352.728648 352.728924 0.000000 0.000000
0.000000 0.000000 382.929918 382.929647 382.929711 382.929747 382.929757 382.929759 382.929759 382.929759 382.929759 382.929759 382.929759 382.929759 382.929757 382.929747 382.929711 382.929647 382.929918 0.000000 0.000000
0.000000 0.000000 412.870031 412.869754 412.869817 412.869854 412.869863 412.869865 412.869865 412.869865 412.869865 412.869865 412.869865 412.869865 412.869863 412.869854 412.869817 412.869754 412.870030 0.000000 0.000000
0.000000 0.000000 443.121954 443.121566 443.121620 443.121656 443.121666 443.121667 443.121668 443.121668 443.121668 443.121668 443.121668 443.121667 443.121666 443.121656 443.121620 443.121561 443.121839 0.000000 0.000000
0.000000 0.000000 473.349398 473.346609 473.346324 473.346350 473.346359 473.346361 473.346361 473.346361 473.346361 473.346361 473.346361 473.346361 473.346359 473.346350 473.346317 473.346294 473.346644 0.000000 0.000000
0.000000 0.000000 0.000000 0.000000 0.000000 0.000000 0.000000 0.000000 0.000000 0.000000 0.000000 0.000000 0.000000 0.000000 0.000000 0.000000 0.000000 0.000000 0.000000 0.000000 0.000000
0.000000 0.000000 0.000000 0.000000 0.000000 0.000000 0.000000 0.000000 0.000000 0.000000 0.000000 0.000000 0.000000 0.000000 0.000000 0.000000 0.000000 0.000000 0.000000 0.000000 0.000000