geotop/1.0zi/1.0Montebello/Templates/testdem/maps/_Erotot0793.asc
ncols         21
nrows         20
xllcorner     100.000000
yllcorner     100.000000
cellsize      50.000000
NODATA_value  -9999.0
0.000000 0.000000 0.000000 0.000000 0.000000 0.000000 0.000000 0.000000 0.000000 0.000000 0.000000 0.000000 0.000000 0.000000 0.000000 0.000000 0.000000 0.000000 0.000000 0.000000 0.000000
0.000000 0.000000 59.159377 59.160328 59.193867 59.164948 59.158531 59.160296 59.161068 59.158670 59.158876 59.158670 59.161068 59.160296 59.158531 59.164948 59.193867 59.160328 59.159377 0.000000 0.000000
0.000000 0.000000 6.421412 6.204437 4.432182 6.297775 6.463897 6.448701 6.464820 6.469030 6.468562 6.469030 6.464820 6.448701 6.463897 6.297775 4.432182 6.204437 6.421412 0.000000 0.000000
0.000000 0.000000 665.312140 664.869425 665.118703 662.826693 665.289912 665.163439 664.998111 665.283906 665.221680 665.283906 664.998111 665.163439 665.289912 662.826693 665.118703 664.869425 665.312140 0.000000 0.000000
0.000000 0.000000 1118.228270 1117.963299 1117.260610 1117.892371 1118.275535 1118.206341 1118.143331 1118.265163 1118.257376 1118.265163 1118.143331 1118.206341 1118.275535 1117.892371 1117.260610 1117.963299 1118.228270 0.000000 0.000000
0.000000 0.000000 1503.066955 1502.791897 1502.132730 1502.186211 1503.070155 1503.023888 1502.963609 1503.092047 1503.073324 1503.092047 1502.963609 1503.023888 1503.070155 1502.186211 1502.132730 1502.791897 1503.066955 0.000000 0.000000
0.000000 0.000000 1975.628046 1975.404193 1974.797718 1974.866644 1975.610053 1975.593653 1975.547971 1975.649397 1975.633618 1975.649397 1975.547971 1975.593653 1975.610053 1974.866644 1974.797718 1975.404193 1975.628046 0.000000 0.000000
0.000000 0.000000 2428.616981 2428.419465 2427.851546 2427.931155 2428.591500 2428.587560 2428.549153 2428.635737 2428.621780 2428.635737 2428.549153 2428.587560 2428.591500 2427.931155 2427.851546 2428.419465 2428.616981 0.000000 0.000000
0.000000 0.000000 2860.625933 2860.441732 2859.898964 2859.978944 2860.597038 2860.598575 2860.563713 2860.642596 2860.629352 2860.642596 2860.563713 2860.598575 2860.597038 2859.978944 2859.898964 2860.441732 2860.625933 0.000000 0.000000
0.000000 0.000000 3275.944891 3275.789947 3275.255665 3275.377043 3275.910338 3275.924721 3275.897493 3275.960821 3275.947958 3275.960821 3275.897493 3275.924721 3275.910338 3275.377043 3275.255665 3275.789947 3275.944891 0.000000 0.000000
0.000000 0.000000 3677.522370 3677.357244 3676.839333 3676.936040 3677.490400 3677.499367 3677.469631 3677.536060 3677.522602 3677.536060 3677.469631 3677.499367 3677.490400 3676.936040 3676.839333 3677.357244 3677.522370 0.000000 0.000000
0.000000 0.000000 4068.761425 4068.593027 4068.086807 4068.174945 4068.727043 4068.736361 4068.707313 4068.773295 4068.761109 4068.773295 4068.707313 4068.736361 4068.727043 4068.174945 4068.086807 4068.593027 4068.761425 0.000000 0.000000
0.000000 0.000000 4451.750560 4451.583693 4451.082904 4451.173233 4451.715281 4451.724447 4451.696111 4451.760516 4451.748305 4451.760516 4451.696111 4451.724447 4451.715281 4451.173233 4451.082904 4451.583693 4451.750560 0.000000 0.000000
0.000000 0.000000 4829.099084 4828.937978 4828.441481 4828.553630 4829.062530 4829.075318 4829.049458 4829.108893 4829.096587 4829.108893 4829.049458 4829.075318 4829.062530 4828.553630 4828.441481 4828.937978 4829.099084 0.000000 0.000000
0.000000 0.000000 5201.487621 5201.322565 5200.826154 5200.927372 5201.451078 5201.462421 5201.435669 5201.497013 5201.484140 5201.497013 5201.435669 5201.462421 5201.451078 5200.927372 5200.826154 5201.322565 5201.487621 0.000000 0.000000
0.000000 0.000000 5569.884943 5569.722266 5569.236420 5569.332588 5569.849147 5569.861372 5569.835084 5569.895014 5569.881571 5569.895014 5569.835084 5569.861372 5569.849147 5569.332588 5569.236420 5569.722265 5569.884940 0.000000 0.000000
0.000000 0.000000 5932.810782 5932.645239 5932.157042 5932.254546 5932.775047 5932.784905 5932.758192 5932.819366 5932.805562 5932.819366 5932.758192 5932.784905 5932.775047 5932.254546 5932.157041 5932.645225 5932.810367 0.000000 0.000000
0.000000 0.000000 6305.768486 6305.752902 6305.266986 6305.353717 6305.883516 6305.892178 6305.864961 6305.927743 6305.913803 6305.927743 6305.864961 6305.892178 6305.883516 6305.353716 6305.266971 6305.750678 6305.919045 0.000000 0.000000
0.000000 0.000000 0.000000 0.000000 0.000000 0.000000 0.000000 0.000000 0.000000 0.000000 0.000000 0.000000 0.000000 0.000000 0.000000 0.000000 0.000000 0.000000 0.000000 0.000000 0.000000
0.000000 0.000000 0.000000 0.000000 0.000000 0.000000 0.000000 0.000000 0.000000 0.000000 0.000000 0.000000 0.000000 0.000000 0.000000 0.000000 0.000000 0.000000 0.000000 0.000000 0.000000