geotop/1.0zi/1.0Montebello/Templates/testdem/maps/_Erotot028`.asc
ncols         21
nrows         20
xllcorner     100.000000
yllcorner     100.000000
cellsize      50.000000
NODATA_value  -9999.0
0.000000 0.000000 0.000000 0.000000 0.000000 0.000000 0.000000 0.000000 0.000000 0.000000 0.000000 0.000000 0.000000 0.000000 0.000000 0.000000 0.000000 0.000000 0.000000 0.000000 0.000000
0.000000 0.000000 856.630354 856.767384 855.563781 855.145027 853.520033 853.013713 853.194732 853.185120 853.584036 853.025076 852.834965 852.876009 853.902742 854.494657 855.861743 857.045791 857.758086 0.000000 0.000000
0.000000 0.000000 62.178026 60.858844 61.220900 60.949422 61.787801 61.340879 60.900229 60.808971 60.996724 61.175278 61.363740 61.423034 61.280513 60.776398 59.757665 58.865668 59.588253 0.000000 0.000000
0.000000 0.000000 666.729602 675.393243 658.900401 649.914522 648.742428 640.133087 648.030767 649.952138 645.993707 647.717685 651.813488 650.998952 659.322521 670.697456 673.918402 673.190242 679.212678 0.000000 0.000000
0.000000 0.000000 4981.249892 4974.540431 4970.683340 4929.232716 4902.510219 4886.311618 4878.915457 4874.620393 4879.128289 4884.341610 4884.721379 4878.609836 4898.824841 4905.639168 4926.967157 4939.802480 4940.227700 0.000000 0.000000
0.000000 0.000000 7288.937658 7282.768355 7276.790474 7277.817113 7247.952819 7234.071432 7238.247762 7237.489088 7231.178736 7224.490726 7222.112463 7226.331403 7229.207828 7257.451101 7257.997533 7265.778886 7267.388741 0.000000 0.000000
0.000000 0.000000 8964.067024 8958.751198 8954.348513 8939.583442 8932.534365 8893.388154 8893.144596 8890.446910 8888.233544 8892.353765 8892.814497 8893.861604 8930.471314 8935.283165 8945.860841 8949.684293 8954.763227 0.000000 0.000000
0.000000 0.000000 10805.119848 10802.109737 10794.338376 10776.374539 10764.600076 10759.932760 10760.726052 10759.009654 10757.064354 10753.120985 10752.460099 10759.560251 10758.419084 10771.060056 10788.293813 10786.768999 10793.013166 0.000000 0.000000
0.000000 0.000000 13140.712166 13135.321056 13125.034745 13117.032321 13097.863266 13072.862926 13076.640713 13072.962462 13067.730842 13067.273258 13070.751792 13063.724429 13092.236426 13109.390694 13113.547413 13118.494898 13120.924067 0.000000 0.000000
0.000000 0.000000 15887.786595 15878.337540 15873.013621 15860.880386 15843.140010 15820.948805 15820.213098 15818.731058 15811.726953 15816.495045 15820.196965 15818.982101 15828.651544 15852.680341 15863.033935 15868.328420 15867.431740 0.000000 0.000000
0.000000 0.000000 19004.544940 19000.708199 18995.519838 18954.639312 18953.458688 18920.615117 18930.488166 18911.029982 18915.421652 18910.648495 18901.761420 18914.385285 18932.632263 18939.259866 18958.197454 18963.096193 18983.294833 0.000000 0.000000
0.000000 0.000000 22554.989040 22539.452413 22515.209027 22510.786246 22495.074073 22456.544349 22454.717143 22459.106164 22464.457484 22446.456237 22456.511283 22451.330350 22486.511121 22506.056534 22509.667328 22517.602110 22546.525445 0.000000 0.000000
0.000000 0.000000 26351.263360 26341.684030 26343.845080 26315.151427 26291.666110 26195.299896 26190.120716 26187.443443 26138.910321 26171.798735 26172.676224 26182.537808 26254.206223 26265.492468 26310.210814 26310.860461 26312.357141 0.000000 0.000000
0.000000 0.000000 30791.409069 30793.916939 30757.341319 30740.029059 30608.688827 30692.658902 30660.601136 30663.930850 30691.369493 30665.177191 30663.204578 30643.543460 30564.812813 30718.052972 30714.512333 30753.483804 30771.199714 0.000000 0.000000
0.000000 0.000000 34984.811088 34974.498535 34957.842668 34824.005226 34916.001375 34818.195689 34801.876865 34794.487304 34758.125945 34749.985999 34764.120357 34768.649888 34855.360168 34758.311519 34946.676225 34895.016072 34880.330817 0.000000 0.000000
0.000000 0.000000 37883.680805 37878.564633 37768.928677 37841.118617 37821.887086 37831.280433 37889.997297 37873.818028 37902.509560 37897.556440 37876.169746 37902.957006 37882.341270 37907.080932 37751.999977 37931.015228 37922.708744 0.000000 0.000000
0.000000 0.000000 40097.456435 40023.959765 40056.820072 40030.284052 39988.540650 39990.406354 39966.468963 39975.381549 39949.699542 39953.960832 39966.691788 39955.695982 39965.503129 39987.301392 40051.982003 39993.361039 40071.604806 0.000000 0.000000
0.000000 0.000000 40967.410568 41020.904222 41071.951879 41078.168758 41075.081921 41030.414148 41039.910078 41024.628921 41045.886248 41042.490429 41042.579448 41044.044570 41084.853104 41082.945466 41077.313293 41032.786108 40980.727848 0.000000 0.000000
0.000000 0.000000 0.000000 0.000000 0.000000 0.000000 0.000000 0.000000 0.000000 0.000000 0.000000 0.000000 0.000000 0.000000 0.000000 0.000000 0.000000 0.000000 0.000000 0.000000 0.000000
0.000000 0.000000 0.000000 0.000000 0.000000 0.000000 0.000000 0.000000 0.000000 0.000000 0.000000 0.000000 0.000000 0.000000 0.000000 0.000000 0.000000 0.000000 0.000000 0.000000 0.000000