geotop/1.0zi/1.0Montebello/Templates/testdem/maps/_Erotot5547.asc
ncols         21
nrows         20
xllcorner     100.000000
yllcorner     100.000000
cellsize      50.000000
NODATA_value  -9999.0
0.000000 0.000000 0.000000 0.000000 0.000000 0.000000 0.000000 0.000000 0.000000 0.000000 0.000000 0.000000 0.000000 0.000000 0.000000 0.000000 0.000000 0.000000 0.000000 0.000000 0.000000
0.000000 0.000000 415.918111 415.120314 414.941881 414.733316 414.691721 414.791350 414.742248 414.914095 414.825833 414.626678 414.567268 414.635887 414.742887 414.647726 414.843994 415.045182 415.456719 0.000000 0.000000
0.000000 0.000000 31.055721 31.714108 31.997328 33.160328 32.907674 32.671389 32.493062 32.272070 32.477202 32.826234 32.641527 32.410023 32.868991 32.640155 31.812778 30.976118 30.388577 0.000000 0.000000
0.000000 0.000000 176.370002 177.757183 170.331593 167.763037 169.381366 164.234587 163.755725 163.283612 162.609633 160.198313 162.918689 161.312109 164.402039 169.411935 169.215512 172.368734 175.671787 0.000000 0.000000
0.000000 0.000000 1695.965740 1700.544862 1706.785325 1688.891023 1673.998714 1663.260667 1665.908097 1663.270788 1666.773019 1671.263482 1667.440646 1665.273834 1675.445968 1674.454644 1681.752390 1688.789883 1690.020358 0.000000 0.000000
0.000000 0.000000 3079.408902 3073.431871 3070.698815 3066.435880 3059.030540 3052.012376 3050.398475 3050.316667 3049.583733 3047.277459 3044.795732 3046.984520 3045.972691 3060.910989 3065.667609 3068.938853 3071.451745 0.000000 0.000000
0.000000 0.000000 4077.080217 4074.566234 4071.630292 4067.289463 4054.554045 4038.737634 4038.866183 4035.462944 4037.198961 4039.968684 4041.856661 4042.877134 4061.992583 4071.064387 4075.799371 4077.444556 4082.604752 0.000000 0.000000
0.000000 0.000000 4697.625988 4699.016746 4698.346640 4692.248777 4691.933406 4685.133468 4685.733445 4686.130439 4684.967301 4682.601449 4682.253362 4685.710464 4685.293095 4687.318644 4695.455418 4693.698086 4696.698374 0.000000 0.000000
0.000000 0.000000 5521.976478 5519.358126 5515.597716 5516.819455 5510.514682 5500.418538 5500.938265 5498.359198 5496.005606 5497.233205 5498.353841 5493.102143 5505.622124 5513.022052 5514.966950 5515.766425 5517.160087 0.000000 0.000000
0.000000 0.000000 6477.425249 6475.105982 6477.537468 6477.170707 6462.859367 6456.194764 6457.666695 6456.798083 6454.864370 6457.982351 6460.833045 6459.128210 6461.755348 6471.361789 6474.998482 6475.173740 6475.831066 0.000000 0.000000
0.000000 0.000000 7506.625622 7506.854434 7507.282584 7493.557576 7491.281682 7481.048042 7484.618681 7475.723784 7478.199463 7477.331613 7472.628176 7479.687041 7483.412089 7484.161568 7490.555765 7496.290092 7503.413064 0.000000 0.000000
0.000000 0.000000 8578.841388 8574.419199 8569.970923 8568.550358 8565.016126 8550.828235 8550.000279 8549.106685 8555.741164 8548.887764 8550.770799 8550.196622 8564.696203 8567.235798 8568.501270 8568.988664 8587.897663 0.000000 0.000000
0.000000 0.000000 9660.036912 9658.184648 9659.455135 9652.461145 9648.803998 9624.180802 9623.075478 9622.782908 9608.966631 9617.682895 9621.440365 9623.201224 9637.415745 9640.590868 9653.967882 9653.322016 9660.099212 0.000000 0.000000
0.000000 0.000000 10841.000757 10842.412493 10836.126147 10835.364735 10810.557157 10818.280245 10808.296761 10809.690837 10810.856548 10810.579961 10809.066015 10805.679099 10795.837189 10822.371640 10827.495349 10837.651810 10844.426606 0.000000 0.000000
0.000000 0.000000 12108.925890 12104.047065 12101.693802 12080.914041 12080.201722 12065.900343 12053.621435 12052.218344 12047.668950 12041.820028 12044.665318 12042.814052 12056.222509 12059.715513 12096.911811 12088.677678 12088.835064 0.000000 0.000000
0.000000 0.000000 13404.226395 13403.672834 13372.427308 13371.118753 13376.148649 13368.833342 13384.634269 13377.387332 13382.799303 13378.540551 13373.776627 13381.318444 13384.495514 13383.701669 13365.791437 13411.215364 13404.425147 0.000000 0.000000
0.000000 0.000000 14867.629415 14830.534609 14828.253068 14820.294972 14797.880235 14792.171164 14785.020827 14787.980480 14775.646391 14775.879209 14780.065437 14780.366992 14790.132076 14798.633014 14826.237347 14822.208572 14864.531129 0.000000 0.000000
0.000000 0.000000 15913.029578 15921.767599 15961.402293 15955.470600 15942.085235 15909.966592 15910.982829 15898.179003 15908.401535 15906.692406 15912.323420 15907.220801 15934.775945 15945.517573 15967.231490 15926.606146 15917.407922 0.000000 0.000000
0.000000 0.000000 0.000000 0.000000 0.000000 0.000000 0.000000 0.000000 0.000000 0.000000 0.000000 0.000000 0.000000 0.000000 0.000000 0.000000 0.000000 0.000000 0.000000 0.000000 0.000000
0.000000 0.000000 0.000000 0.000000 0.000000 0.000000 0.000000 0.000000 0.000000 0.000000 0.000000 0.000000 0.000000 0.000000 0.000000 0.000000 0.000000 0.000000 0.000000 0.000000 0.000000