geotop/1.0zi/1.0Montebello/Templates/testdem/maps/_Erotot3463.asc
ncols         21
nrows         20
xllcorner     100.000000
yllcorner     100.000000
cellsize      50.000000
NODATA_value  -9999.0
0.000000 0.000000 0.000000 0.000000 0.000000 0.000000 0.000000 0.000000 0.000000 0.000000 0.000000 0.000000 0.000000 0.000000 0.000000 0.000000 0.000000 0.000000 0.000000 0.000000 0.000000
0.000000 0.000000 372.622390 372.625246 372.628791 372.747772 372.615326 372.621082 372.594737 372.634715 372.649422 372.634715 372.594737 372.621082 372.615326 372.747772 372.628791 372.625246 372.622390 0.000000 0.000000
0.000000 0.000000 11.511680 11.273111 9.517030 11.198680 11.514757 11.440172 11.559319 11.455549 11.823051 11.455549 11.559319 11.440172 11.514757 11.198680 9.517030 11.273111 11.511680 0.000000 0.000000
0.000000 0.000000 2728.118011 2727.853368 2727.999125 2726.182549 2728.144631 2727.578191 2727.467436 2728.275071 2728.411310 2728.275071 2727.467436 2727.578191 2728.144631 2726.182549 2727.999125 2727.853368 2728.118011 0.000000 0.000000
0.000000 0.000000 5149.259119 5149.082682 5148.382826 5148.962040 5149.499007 5149.353085 5149.342941 5149.442250 5149.468690 5149.442250 5149.342941 5149.353085 5149.499007 5148.962040 5148.382826 5149.082682 5149.259119 0.000000 0.000000
0.000000 0.000000 6669.739768 6669.559950 6668.952510 6669.093791 6669.920680 6669.588913 6669.605010 6669.888404 6670.115185 6669.888404 6669.605010 6669.588913 6669.920680 6669.093791 6668.952510 6669.559950 6669.739768 0.000000 0.000000
0.000000 0.000000 8590.553342 8590.411639 8589.862838 8589.988493 8590.702590 8590.409502 8590.425381 8590.671133 8590.895896 8590.671133 8590.425381 8590.409502 8590.702590 8589.988493 8589.862838 8590.411639 8590.553342 0.000000 0.000000
0.000000 0.000000 10364.598025 10364.484609 10363.986247 10364.114403 10364.724690 10364.470069 10364.484400 10364.700881 10364.903320 10364.700881 10364.484400 10364.470069 10364.724690 10364.114403 10363.986247 10364.484609 10364.598025 0.000000 0.000000
0.000000 0.000000 11993.751531 11993.652047 11993.188761 11993.314734 11993.872689 11993.639764 11993.650175 11993.850050 11994.040400 11993.850050 11993.650175 11993.639764 11993.872689 11993.314734 11993.188761 11993.652047 11993.751531 0.000000 0.000000
0.000000 0.000000 13505.546774 13505.475811 13505.031401 13505.193645 13505.660066 13505.450893 13505.463816 13505.642313 13505.815571 13505.642313 13505.463816 13505.450893 13505.660066 13505.193645 13505.031401 13505.475811 13505.546774 0.000000 0.000000
0.000000 0.000000 14909.960390 14909.883524 14909.467902 14909.604888 14910.075027 14909.870668 14909.879782 14910.055847 14910.218877 14910.055847 14909.879782 14909.870668 14910.075027 14909.604888 14909.467902 14909.883524 14909.960390 0.000000 0.000000
0.000000 0.000000 16232.659041 16232.585814 16232.198085 16232.330030 16232.783018 16232.589352 16232.594279 16232.768432 16232.920676 16232.768432 16232.594279 16232.589352 16232.783018 16232.330030 16232.198085 16232.585814 16232.659041 0.000000 0.000000
0.000000 0.000000 17482.325878 17482.259005 17481.883843 17482.016484 17482.443717 17482.258936 17482.263026 17482.431913 17482.574207 17482.431913 17482.263026 17482.258936 17482.443717 17482.016484 17481.883843 17482.259005 17482.325878 0.000000 0.000000
0.000000 0.000000 18673.030590 18672.971527 18672.611134 18672.759391 18673.147281 18672.971244 18672.977027 18673.137569 18673.272686 18673.137569 18672.977027 18672.971244 18673.147281 18672.759391 18672.611134 18672.971527 18673.030590 0.000000 0.000000
0.000000 0.000000 19809.098968 19809.035241 19808.683191 19808.818739 19809.204933 19809.037216 19809.043229 19809.201473 19809.329592 19809.201473 19809.043229 19809.037216 19809.204933 19808.818739 19808.683191 19809.035241 19809.098968 0.000000 0.000000
0.000000 0.000000 20893.263308 20893.202198 20892.863818 20892.991553 20893.363493 20893.201246 20893.206955 20893.358338 20893.481918 20893.358338 20893.206955 20893.201246 20893.363493 20892.991553 20892.863818 20893.202198 20893.263305 0.000000 0.000000
0.000000 0.000000 21932.894914 21932.834878 21932.502787 21932.633745 21932.988549 21932.832892 21932.838867 21932.985483 21933.101622 21932.985483 21932.838867 21932.832892 21932.988549 21932.633745 21932.502787 21932.834857 21932.894822 0.000000 0.000000
0.000000 0.000000 22981.598835 22982.082313 22981.760070 22981.886429 22982.231720 22982.081389 22982.086197 22982.227977 22982.340069 22982.227977 22982.086197 22982.081389 22982.231720 22981.886429 22981.760053 22982.078993 22982.135839 0.000000 0.000000
0.000000 0.000000 0.000000 0.000000 0.000000 0.000000 0.000000 0.000000 0.000000 0.000000 0.000000 0.000000 0.000000 0.000000 0.000000 0.000000 0.000000 0.000000 0.000000 0.000000 0.000000
0.000000 0.000000 0.000000 0.000000 0.000000 0.000000 0.000000 0.000000 0.000000 0.000000 0.000000 0.000000 0.000000 0.000000 0.000000 0.000000 0.000000 0.000000 0.000000 0.000000 0.000000