geotop/1.0zi/1.0Montebello/Templates/testdem/maps/_Erotot3928.asc
ncols         21
nrows         20
xllcorner     100.000000
yllcorner     100.000000
cellsize      50.000000
NODATA_value  -9999.0
0.000000 0.000000 0.000000 0.000000 0.000000 0.000000 0.000000 0.000000 0.000000 0.000000 0.000000 0.000000 0.000000 0.000000 0.000000 0.000000 0.000000 0.000000 0.000000 0.000000 0.000000
0.000000 0.000000 295.775421 295.338674 295.152679 295.007049 295.038440 295.098890 295.133307 295.131915 295.117527 295.123303 295.122852 295.165486 295.032504 295.048820 295.222423 295.126957 295.217623 0.000000 0.000000
0.000000 0.000000 23.731687 24.296925 24.570298 25.282481 24.886444 24.892229 24.467624 24.397916 24.451594 24.823690 24.591368 24.429597 24.919253 24.685492 23.817078 23.269398 23.144765 0.000000 0.000000
0.000000 0.000000 137.610727 138.668762 131.902761 129.425124 130.480438 125.370026 124.552654 124.157991 123.376942 122.924493 124.033147 122.612716 125.050440 130.107767 130.964344 133.136126 136.017786 0.000000 0.000000
0.000000 0.000000 1256.008335 1262.132544 1268.181822 1259.961286 1250.597243 1244.649354 1247.949010 1241.912288 1247.313462 1249.414132 1249.685841 1250.528958 1259.009386 1256.449451 1255.906607 1257.105520 1256.124726 0.000000 0.000000
0.000000 0.000000 2340.037368 2335.064829 2329.532302 2327.264661 2320.741560 2315.795772 2313.297454 2315.195787 2313.706703 2312.568089 2310.692235 2312.742450 2313.474990 2325.548053 2330.905937 2330.279585 2333.370041 0.000000 0.000000
0.000000 0.000000 2892.877925 2888.117678 2883.049747 2875.033969 2864.177934 2850.536831 2851.805640 2848.637610 2851.765259 2850.815759 2853.247909 2857.660519 2872.811104 2879.350644 2886.263289 2889.831163 2892.919712 0.000000 0.000000
0.000000 0.000000 3313.880065 3314.710742 3314.394262 3308.954551 3306.891596 3303.025736 3303.561277 3304.006333 3301.691417 3301.856409 3301.641703 3301.599348 3305.741511 3309.800083 3310.615407 3309.622086 3310.400915 0.000000 0.000000
0.000000 0.000000 3879.428360 3879.270473 3875.460173 3873.369844 3867.699888 3858.164556 3858.245051 3856.292082 3857.148292 3857.724503 3857.650310 3859.935481 3866.508170 3874.017640 3873.373030 3874.090683 3877.418670 0.000000 0.000000
0.000000 0.000000 4520.237237 4519.155618 4518.023512 4513.501541 4503.886123 4498.826908 4500.118904 4499.235473 4499.355128 4499.300131 4499.645324 4499.750766 4508.102334 4514.252412 4515.921188 4516.211978 4517.224448 0.000000 0.000000
0.000000 0.000000 5194.692968 5193.483923 5190.737752 5187.745973 5184.361978 5174.004595 5174.142659 5171.603320 5172.024644 5172.710294 5172.863343 5174.261679 5180.104569 5182.561941 5186.265477 5187.680355 5190.312443 0.000000 0.000000
0.000000 0.000000 5893.546755 5892.729099 5889.683461 5882.289936 5876.204356 5868.186666 5867.091399 5866.537076 5866.792120 5865.951985 5866.864602 5868.597491 5878.654287 5884.271700 5886.820785 5887.265621 5903.369187 0.000000 0.000000
0.000000 0.000000 6589.841966 6588.462781 6585.186005 6581.482675 6573.318907 6556.229588 6556.277753 6554.568450 6554.615995 6555.069733 6554.873903 6557.144796 6572.062891 6579.741298 6581.949523 6582.854245 6584.781359 0.000000 0.000000
0.000000 0.000000 7330.656919 7328.437922 7324.965707 7320.414647 7303.085759 7309.590191 7304.270945 7303.160540 7303.755810 7303.799272 7303.986510 7305.462101 7301.554501 7317.191115 7320.104743 7324.422883 7323.999822 0.000000 0.000000
0.000000 0.000000 8116.888817 8112.326931 8107.209977 8096.949040 8092.753576 8077.561971 8070.070395 8068.449321 8064.681106 8064.000274 8066.143799 8065.617193 8076.893110 8084.689476 8101.731827 8097.236337 8098.139136 0.000000 0.000000
0.000000 0.000000 8893.181314 8893.313495 8875.401553 8876.912032 8875.210958 8873.612222 8875.555157 8875.342427 8877.945799 8877.806750 8876.379338 8882.504549 8881.818488 8880.922812 8870.614269 8888.927168 8892.623552 0.000000 0.000000
0.000000 0.000000 9770.693562 9753.065714 9744.541696 9736.788604 9722.541423 9716.496200 9714.786615 9714.057420 9711.009616 9711.159221 9712.412573 9712.241642 9717.543667 9732.033819 9742.948281 9743.045649 9761.452098 0.000000 0.000000
0.000000 0.000000 10430.472519 10432.569608 10448.319615 10438.757358 10431.731232 10413.714388 10412.206484 10409.644324 10410.962003 10410.640438 10410.742710 10413.374291 10431.053217 10439.040549 10448.482922 10427.028751 10429.487638 0.000000 0.000000
0.000000 0.000000 0.000000 0.000000 0.000000 0.000000 0.000000 0.000000 0.000000 0.000000 0.000000 0.000000 0.000000 0.000000 0.000000 0.000000 0.000000 0.000000 0.000000 0.000000 0.000000
0.000000 0.000000 0.000000 0.000000 0.000000 0.000000 0.000000 0.000000 0.000000 0.000000 0.000000 0.000000 0.000000 0.000000 0.000000 0.000000 0.000000 0.000000 0.000000 0.000000 0.000000