geotop/1.0zi/1.0Montebello/Templates/testdem/maps/_Erotot7037.asc
ncols         21
nrows         20
xllcorner     100.000000
yllcorner     100.000000
cellsize      50.000000
NODATA_value  -9999.0
0.000000 0.000000 0.000000 0.000000 0.000000 0.000000 0.000000 0.000000 0.000000 0.000000 0.000000 0.000000 0.000000 0.000000 0.000000 0.000000 0.000000 0.000000 0.000000 0.000000 0.000000
0.000000 0.000000 566.328541 567.131911 566.785595 567.009173 566.396675 566.424279 566.379410 566.482220 566.908664 566.235306 566.125047 566.205912 566.496053 566.456029 567.215434 567.485151 567.554791 0.000000 0.000000
0.000000 0.000000 44.479371 43.259871 43.240308 43.391505 43.625883 43.481428 43.220035 43.063784 43.302186 43.590998 43.586986 43.719633 43.497008 43.298097 42.012608 41.287483 42.031387 0.000000 0.000000
0.000000 0.000000 234.297144 236.262564 224.794656 222.196542 220.907417 213.940687 214.795346 213.565674 212.527314 209.961421 211.982765 211.884321 220.377465 226.378861 227.495318 229.297575 234.941503 0.000000 0.000000
0.000000 0.000000 2474.703449 2477.946020 2481.167544 2460.046086 2445.344404 2432.379932 2434.347972 2431.270667 2436.750573 2443.122240 2437.814336 2436.096385 2447.589178 2450.360622 2458.937282 2466.492687 2468.466693 0.000000 0.000000
0.000000 0.000000 4233.888514 4228.247085 4224.952105 4218.744775 4204.625118 4196.560640 4195.921639 4195.045782 4191.644105 4185.782630 4184.888729 4188.228430 4188.170512 4206.218458 4214.483771 4221.246352 4223.163061 0.000000 0.000000
0.000000 0.000000 5430.246831 5427.440399 5423.261450 5417.515571 5404.216691 5385.463453 5384.983530 5381.188374 5382.752477 5386.533380 5387.885154 5388.420307 5412.703414 5422.228035 5426.627565 5428.768309 5434.366404 0.000000 0.000000
0.000000 0.000000 6306.735096 6307.387327 6304.782037 6296.287172 6294.981075 6286.533229 6287.202682 6287.120049 6286.289779 6282.498229 6281.687225 6287.557989 6288.418368 6292.095206 6303.010777 6301.032439 6306.135765 0.000000 0.000000
0.000000 0.000000 7494.378202 7490.502316 7484.827765 7485.419718 7475.771872 7462.356622 7463.860523 7459.682183 7457.675839 7457.571360 7459.669114 7454.081741 7470.612619 7483.145914 7483.786944 7486.568673 7488.284806 0.000000 0.000000
0.000000 0.000000 8859.005951 8856.109263 8856.713926 8853.850734 8835.504097 8827.435929 8827.705740 8827.306741 8824.326241 8827.561394 8830.407562 8829.616866 8834.714878 8847.329012 8853.464373 8854.643804 8856.044255 0.000000 0.000000
0.000000 0.000000 10340.014841 10339.585283 10337.243342 10319.693407 10316.248382 10301.557272 10307.135614 10295.081200 10298.804721 10297.315559 10290.855154 10299.965465 10307.250150 10309.279741 10319.756817 10325.623620 10335.833308 0.000000 0.000000
0.000000 0.000000 11914.517412 11907.823288 11901.061590 11898.617000 11890.141489 11873.196977 11870.885127 11870.875458 11877.808036 11868.015693 11871.244125 11871.331008 11890.243668 11896.920550 11898.534846 11901.571646 11923.098615 0.000000 0.000000
0.000000 0.000000 13534.419887 13530.664883 13530.951953 13519.964370 13514.561766 13476.666042 13475.408268 13474.629920 13456.707908 13466.962716 13470.814491 13474.644001 13499.990406 13505.658772 13524.459006 13523.496828 13531.972139 0.000000 0.000000
0.000000 0.000000 15347.472383 15349.837449 15338.806856 15335.580375 15293.549677 15305.588137 15293.486030 15294.330741 15298.269042 15295.242406 15293.509156 15289.845171 15274.868495 15321.145514 15326.694308 15342.463295 15351.392172 0.000000 0.000000
0.000000 0.000000 17346.956948 17340.224024 17333.689036 17291.737943 17295.419936 17273.883847 17257.744807 17255.556841 17247.442302 17238.909340 17242.791105 17241.466239 17266.117978 17264.978938 17328.928213 17316.233161 17315.781050 0.000000 0.000000
0.000000 0.000000 19430.760925 19428.744235 19367.042574 19376.327235 19380.330529 19368.895205 19397.340802 19385.430040 19397.361465 19389.844641 19381.130892 19397.088317 19401.446046 19401.527512 19359.541316 19446.113888 19439.656924 0.000000 0.000000
0.000000 0.000000 21882.671936 21798.750955 21806.386582 21783.400453 21737.161366 21727.764599 21709.421832 21715.223676 21690.009716 21691.299155 21702.466745 21696.112855 21716.014573 21742.331309 21803.657957 21774.674421 21865.666205 0.000000 0.000000
0.000000 0.000000 23264.335224 23319.990534 23404.215237 23397.491192 23385.969071 23314.654936 23320.135719 23296.942673 23324.494230 23318.710639 23322.152899 23323.102311 23384.456539 23394.057224 23418.405923 23338.793900 23285.289712 0.000000 0.000000
0.000000 0.000000 0.000000 0.000000 0.000000 0.000000 0.000000 0.000000 0.000000 0.000000 0.000000 0.000000 0.000000 0.000000 0.000000 0.000000 0.000000 0.000000 0.000000 0.000000 0.000000
0.000000 0.000000 0.000000 0.000000 0.000000 0.000000 0.000000 0.000000 0.000000 0.000000 0.000000 0.000000 0.000000 0.000000 0.000000 0.000000 0.000000 0.000000 0.000000 0.000000 0.000000