geotop/1.0zi/1.0Montebello/Templates/testdem/maps/_Erotot7960.asc
ncols         21
nrows         20
xllcorner     100.000000
yllcorner     100.000000
cellsize      50.000000
NODATA_value  -9999.0
0.000000 0.000000 0.000000 0.000000 0.000000 0.000000 0.000000 0.000000 0.000000 0.000000 0.000000 0.000000 0.000000 0.000000 0.000000 0.000000 0.000000 0.000000 0.000000 0.000000 0.000000
0.000000 0.000000 663.050342 663.862994 663.328793 663.449878 662.454678 662.627989 662.615211 662.678610 663.110789 662.436196 662.314574 662.366855 662.727006 662.866318 663.685923 664.217724 664.418071 0.000000 0.000000
0.000000 0.000000 51.251696 50.274249 50.197805 50.586903 51.222561 50.904781 50.608969 50.471976 50.703472 51.063928 51.083049 51.233464 50.984101 50.471974 49.195025 48.339678 48.858208 0.000000 0.000000
0.000000 0.000000 354.470429 355.588987 343.529060 337.970387 338.515749 327.202301 327.324996 328.139038 324.479265 322.709633 324.856631 324.996428 335.261418 342.315983 346.937312 349.857155 354.732382 0.000000 0.000000
0.000000 0.000000 3210.500667 3211.694707 3214.284050 3190.717248 3171.231198 3160.528702 3159.731905 3155.071592 3161.912763 3166.953052 3162.461233 3161.045122 3176.106745 3179.590686 3190.269463 3199.125133 3198.987252 0.000000 0.000000
0.000000 0.000000 5095.052081 5089.822323 5086.330620 5080.272272 5065.170616 5055.130944 5056.013823 5054.938591 5051.642452 5045.953847 5044.979336 5048.170625 5047.637959 5067.720119 5075.611526 5082.404304 5085.563222 0.000000 0.000000
0.000000 0.000000 6399.482304 6396.281927 6391.753622 6384.684760 6370.878886 6348.882736 6347.809391 6344.026058 6345.449978 6349.149435 6350.656335 6351.142451 6379.041128 6389.083806 6394.697853 6397.495945 6402.750365 0.000000 0.000000
0.000000 0.000000 7518.177373 7518.232617 7515.206094 7505.010506 7502.444823 7492.975545 7493.151361 7492.974449 7492.007305 7488.026917 7487.344510 7493.570733 7495.485880 7500.441292 7513.019144 7511.587322 7516.629302 0.000000 0.000000
0.000000 0.000000 8986.241028 8981.481584 8975.093291 8974.421286 8963.223748 8947.735225 8948.987000 8944.408933 8942.361330 8942.067197 8944.548758 8938.753315 8957.568897 8971.576832 8973.542725 8977.278699 8978.704823 0.000000 0.000000
0.000000 0.000000 10667.213325 10663.514016 10663.655645 10658.986767 10638.425635 10628.524342 10628.088051 10627.846206 10624.405494 10627.847261 10630.992988 10630.272129 10637.290091 10651.865235 10659.665455 10661.670433 10662.827509 0.000000 0.000000
0.000000 0.000000 12508.279773 12507.204816 12504.161578 12483.365605 12477.364331 12461.281229 12467.043637 12453.614239 12457.774772 12455.933831 12448.954853 12458.989296 12468.635607 12471.663707 12484.448446 12491.570658 12502.385591 0.000000 0.000000
0.000000 0.000000 14504.516117 14496.185366 14487.861903 14483.967510 14473.379397 14453.029107 14449.271190 14449.977300 14457.360927 14446.157977 14450.401631 14450.213177 14473.122769 14481.980023 14485.058056 14489.113697 14512.642805 0.000000 0.000000
0.000000 0.000000 16580.981046 16575.810727 16576.061964 16561.531579 16554.264247 16504.437453 16502.709635 16501.711508 16480.032188 16492.594503 16496.912474 16501.760703 16536.570243 16544.039622 16567.794549 16567.468008 16575.081598 0.000000 0.000000
0.000000 0.000000 18963.956320 18966.157548 18952.130298 18946.891021 18887.026740 18907.933252 18891.830631 18893.100310 18899.934121 18894.827846 18892.576367 18887.584815 18865.820897 18930.464583 18937.138486 18957.720234 18967.585927 0.000000 0.000000
0.000000 0.000000 21638.141938 21629.234505 21619.811680 21553.020570 21568.145052 21534.629851 21514.997735 21511.635266 21499.410676 21488.603643 21495.150222 21493.879506 21531.350564 21519.413977 21614.794369 21595.603045 21593.001522 0.000000 0.000000
0.000000 0.000000 24427.974578 24424.380050 24328.392078 24358.259221 24358.520669 24349.268559 24392.956055 24377.775665 24398.209984 24389.816387 24374.556457 24399.442008 24400.136304 24401.774497 24319.123282 24459.944601 24451.474062 0.000000 0.000000
0.000000 0.000000 27758.822175 27618.783423 27656.049342 27608.313766 27534.919536 27519.346692 27479.450933 27491.120578 27446.815817 27451.272518 27474.457496 27454.587268 27488.484171 27534.876166 27652.788132 27569.668702 27718.462198 0.000000 0.000000
0.000000 0.000000 29024.584706 29160.463775 29288.478563 29290.328941 29294.589481 29182.578731 29200.804407 29163.689170 29220.085007 29209.655186 29205.767150 29217.741080 29310.227561 29308.391936 29311.904153 29206.894019 29072.167416 0.000000 0.000000
0.000000 0.000000 0.000000 0.000000 0.000000 0.000000 0.000000 0.000000 0.000000 0.000000 0.000000 0.000000 0.000000 0.000000 0.000000 0.000000 0.000000 0.000000 0.000000 0.000000 0.000000
0.000000 0.000000 0.000000 0.000000 0.000000 0.000000 0.000000 0.000000 0.000000 0.000000 0.000000 0.000000 0.000000 0.000000 0.000000 0.000000 0.000000 0.000000 0.000000 0.000000 0.000000