geotop/1.0zi/1.0Montebello/Templates/testdem/maps/_Erotot7789.asc
ncols         21
nrows         20
xllcorner     100.000000
yllcorner     100.000000
cellsize      50.000000
NODATA_value  -9999.0
0.000000 0.000000 0.000000 0.000000 0.000000 0.000000 0.000000 0.000000 0.000000 0.000000 0.000000 0.000000 0.000000 0.000000 0.000000 0.000000 0.000000 0.000000 0.000000 0.000000 0.000000
0.000000 0.000000 654.308894 655.124460 654.593524 654.717624 653.725694 653.902192 653.889310 653.952842 654.385027 653.710334 653.588727 653.640958 653.997855 654.134131 654.950636 655.479041 655.676265 0.000000 0.000000
0.000000 0.000000 50.984920 50.003128 49.935749 50.337143 50.972762 50.654502 50.358651 50.229818 50.463778 50.807087 50.831270 50.984367 50.741268 50.224535 48.938861 48.065047 48.588273 0.000000 0.000000
0.000000 0.000000 353.895441 355.071956 342.998549 337.345730 337.890545 326.570281 326.699709 327.497354 323.834355 322.086146 324.224473 324.367064 334.617113 341.680421 346.307420 349.245366 354.119182 0.000000 0.000000
0.000000 0.000000 3097.291241 3098.918493 3102.239223 3079.469283 3060.407977 3050.172528 3049.579213 3044.821826 3051.747281 3057.043003 3052.533910 3051.147429 3065.848093 3068.949872 3078.920800 3087.684506 3087.480758 0.000000 0.000000
0.000000 0.000000 4974.435304 4969.178833 4965.550558 4959.577435 4944.749367 4934.903133 4935.797571 4934.722569 4931.358116 4925.661009 4924.639547 4927.877208 4927.206905 4946.884776 4954.801241 4961.702225 4964.741408 0.000000 0.000000
0.000000 0.000000 6260.996900 6257.881060 6253.507145 6246.621393 6232.923967 6211.455153 6210.440563 6206.625773 6208.051186 6211.823696 6213.318771 6213.815369 6241.218301 6251.103225 6256.585594 6259.361491 6264.584782 0.000000 0.000000
0.000000 0.000000 7343.960790 7344.122897 7341.222927 7331.292946 7328.936742 7319.724745 7319.952357 7319.755054 7318.794718 7314.889934 7314.206343 7320.421162 7322.131600 7326.872090 7339.208933 7337.804229 7342.744570 0.000000 0.000000
0.000000 0.000000 8772.407361 8767.789216 8761.619650 8761.183072 8750.238522 8735.046056 8736.346318 8731.771392 8729.731275 8729.500426 8731.947018 8726.200165 8744.738624 8758.495364 8760.253424 8763.959814 8765.318807 0.000000 0.000000
0.000000 0.000000 10407.665108 10404.105104 10404.437487 10400.058553 10379.876526 10370.342040 10369.978842 10369.703038 10366.287890 10369.778879 10372.877986 10372.184487 10378.907153 10393.141185 10400.657681 10402.665802 10403.736112 0.000000 0.000000
0.000000 0.000000 12195.767440 12194.818631 12192.035099 12171.735732 12165.995600 12150.399594 12156.157376 12142.861682 12146.966654 12145.222457 12138.324366 12148.236929 12157.556198 12160.342887 12172.764696 12179.812820 12190.424212 0.000000 0.000000
0.000000 0.000000 14130.498976 14122.420824 14114.476494 14110.884957 14100.713916 14080.971456 14077.386922 14077.964815 14085.244420 14074.306735 14078.425958 14078.326281 14100.594306 14109.048725 14111.849768 14115.910850 14138.980893 0.000000 0.000000
0.000000 0.000000 16138.720190 16133.757547 16134.224774 16120.249607 16113.367141 16065.573531 16063.932260 16062.939769 16041.825897 16054.078607 16058.323177 16063.060100 16096.334666 16103.388852 16126.363139 16126.075460 16133.712203 0.000000 0.000000
0.000000 0.000000 18435.180796 18437.459119 18424.096073 18419.216071 18362.332346 18381.852233 18366.349082 18367.484585 18373.810115 18369.135184 18367.016600 18362.285376 18341.699887 18403.245039 18409.702473 18429.674694 18439.203040 0.000000 0.000000
0.000000 0.000000 21006.876248 20998.352878 20989.519749 20926.957225 20939.993850 20908.672895 20889.537001 20886.326741 20874.785097 20864.402814 20870.492090 20869.236544 20904.599473 20894.610049 20984.769092 20966.830545 20964.425436 0.000000 0.000000
0.000000 0.000000 23693.170214 23689.820713 23599.751428 23625.840194 23627.044901 23617.530840 23658.687969 23643.929600 23662.887804 23654.659605 23640.547985 23664.052503 23665.466163 23666.444799 23590.929379 23722.940634 23714.557506 0.000000 0.000000
0.000000 0.000000 26903.784167 26772.206464 26804.371893 26761.098720 26691.901435 26677.651889 26641.431914 26652.056095 26610.802388 26614.840746 26636.058528 26618.518690 26650.076177 26693.208866 26801.361412 26728.022147 26867.842297 0.000000 0.000000
0.000000 0.000000 28211.601085 28335.215148 28458.652055 28459.007075 28460.609715 28354.167680 28370.089383 28334.924326 28386.882663 28377.229782 28374.697798 28384.870391 28473.467070 28473.427251 28481.069356 28377.882403 28255.497766 0.000000 0.000000
0.000000 0.000000 0.000000 0.000000 0.000000 0.000000 0.000000 0.000000 0.000000 0.000000 0.000000 0.000000 0.000000 0.000000 0.000000 0.000000 0.000000 0.000000 0.000000 0.000000 0.000000
0.000000 0.000000 0.000000 0.000000 0.000000 0.000000 0.000000 0.000000 0.000000 0.000000 0.000000 0.000000 0.000000 0.000000 0.000000 0.000000 0.000000 0.000000 0.000000 0.000000 0.000000