geotop/1.0zi/1.0Montebello/Templates/testdem/maps/_Erotot2060.asc
ncols         21
nrows         20
xllcorner     100.000000
yllcorner     100.000000
cellsize      50.000000
NODATA_value  -9999.0
0.000000 0.000000 0.000000 0.000000 0.000000 0.000000 0.000000 0.000000 0.000000 0.000000 0.000000 0.000000 0.000000 0.000000 0.000000 0.000000 0.000000 0.000000 0.000000 0.000000 0.000000
0.000000 0.000000 206.341860 206.344189 206.381682 206.371620 206.328953 206.345080 206.347763 206.336851 206.339035 206.336851 206.347763 206.345080 206.328953 206.371620 206.381682 206.344189 206.341860 0.000000 0.000000
0.000000 0.000000 11.115168 10.894073 9.113046 10.954910 11.163167 11.138531 11.146063 11.158140 11.154050 11.158140 11.146063 11.138531 11.163167 10.954910 9.113046 10.894073 11.115168 0.000000 0.000000
0.000000 0.000000 1424.706287 1424.497490 1424.689991 1422.624665 1424.867291 1424.410152 1424.438951 1425.175098 1425.193856 1425.175098 1424.438951 1424.410152 1424.867291 1422.624665 1424.689991 1424.497490 1424.706287 0.000000 0.000000
0.000000 0.000000 2885.899488 2885.687429 2885.086578 2885.771275 2886.216971 2886.021099 2885.977650 2886.142148 2886.112216 2886.142148 2885.977650 2886.021099 2886.216971 2885.771275 2885.086578 2885.687429 2885.899488 0.000000 0.000000
0.000000 0.000000 3751.917996 3751.751178 3751.140029 3751.256787 3752.131863 3751.860271 3751.886995 3752.206043 3752.247660 3752.206043 3751.886995 3751.860271 3752.131863 3751.256787 3751.140029 3751.751178 3751.917996 0.000000 0.000000
0.000000 0.000000 4909.708405 4909.574743 4909.010556 4909.128238 4909.874687 4909.642295 4909.674733 4909.957282 4910.011788 4909.957282 4909.674733 4909.642295 4909.874687 4909.128238 4909.010556 4909.574743 4909.708405 0.000000 0.000000
0.000000 0.000000 6010.067781 6009.957751 6009.430308 6009.552159 6010.200999 6010.001779 6010.030945 6010.283719 6010.338942 6010.283719 6010.030945 6010.001779 6010.200999 6009.552159 6009.430308 6009.957751 6010.067781 0.000000 0.000000
0.000000 0.000000 7045.984772 7045.883471 7045.380125 7045.500313 7046.104968 7045.920612 7045.947971 7046.186459 7046.241284 7046.186459 7045.947971 7045.920612 7046.104968 7045.500313 7045.380125 7045.883471 7045.984772 0.000000 0.000000
0.000000 0.000000 8029.388404 8029.313754 8028.820512 8028.978380 8029.494867 8029.330547 8029.362440 8029.579081 8029.632214 8029.579081 8029.362440 8029.330547 8029.494867 8028.978380 8028.820512 8029.313754 8029.388404 0.000000 0.000000
0.000000 0.000000 8965.983437 8965.899693 8965.424622 8965.556672 8966.088080 8965.923331 8965.950725 8966.165664 8966.216543 8966.165664 8965.950725 8965.923331 8966.088080 8965.556672 8965.424622 8965.899693 8965.983437 0.000000 0.000000
0.000000 0.000000 9864.567199 9864.481475 9864.021736 9864.146607 9864.666929 9864.508247 9864.534315 9864.743000 9864.793801 9864.743000 9864.534315 9864.508247 9864.666929 9864.146607 9864.021736 9864.481475 9864.567199 0.000000 0.000000
0.000000 0.000000 10734.257996 10734.175450 10733.721208 10733.846712 10734.350531 10734.195335 10734.221438 10734.425453 10734.474730 10734.425453 10734.221438 10734.195335 10734.350531 10733.846712 10733.721208 10734.175450 10734.257996 0.000000 0.000000
0.000000 0.000000 11577.983528 11577.907658 11577.461291 11577.605540 11578.073360 11577.923908 11577.951617 11578.148370 11578.196427 11578.148370 11577.951617 11577.923908 11578.073360 11577.605540 11577.461291 11577.907658 11577.983528 0.000000 0.000000
0.000000 0.000000 12398.659989 12398.581281 12398.136478 12398.269330 12398.744995 12398.596057 12398.622383 12398.818758 12398.865721 12398.818758 12398.622383 12398.596057 12398.744995 12398.269330 12398.136478 12398.581281 12398.659989 0.000000 0.000000
0.000000 0.000000 13198.684093 13198.606606 13198.172317 13198.298056 13198.763407 13198.618584 13198.644659 13198.836494 13198.882994 13198.836494 13198.644659 13198.618584 13198.763407 13198.298056 13198.172317 13198.606606 13198.684088 0.000000 0.000000
0.000000 0.000000 13977.773092 13977.696320 13977.262465 13977.391457 13977.850412 13977.706055 13977.731528 13977.920124 13977.965244 13977.920124 13977.731528 13977.706055 13977.850412 13977.391457 13977.262465 13977.696299 13977.772618 0.000000 0.000000
0.000000 0.000000 14769.299439 14769.561163 14769.134924 14769.258951 14769.716051 14769.572696 14769.595962 14769.782528 14769.826541 14769.782528 14769.595962 14769.572696 14769.716051 14769.258951 14769.134905 14769.557708 14769.633665 0.000000 0.000000
0.000000 0.000000 0.000000 0.000000 0.000000 0.000000 0.000000 0.000000 0.000000 0.000000 0.000000 0.000000 0.000000 0.000000 0.000000 0.000000 0.000000 0.000000 0.000000 0.000000 0.000000
0.000000 0.000000 0.000000 0.000000 0.000000 0.000000 0.000000 0.000000 0.000000 0.000000 0.000000 0.000000 0.000000 0.000000 0.000000 0.000000 0.000000 0.000000 0.000000 0.000000 0.000000