geotop/1.0zi/1.0Montebello/Templates/testdem/maps/_Erotot3559.asc
ncols         21
nrows         20
xllcorner     100.000000
yllcorner     100.000000
cellsize      50.000000
NODATA_value  -9999.0
0.000000 0.000000 0.000000 0.000000 0.000000 0.000000 0.000000 0.000000 0.000000 0.000000 0.000000 0.000000 0.000000 0.000000 0.000000 0.000000 0.000000 0.000000 0.000000 0.000000 0.000000
0.000000 0.000000 373.498801 373.501656 373.505202 373.624188 373.491704 373.497489 373.471141 373.511099 373.525796 373.511099 373.471141 373.497489 373.491704 373.624188 373.505202 373.501656 373.498801 0.000000 0.000000
0.000000 0.000000 11.486602 11.248007 9.491966 11.173669 11.489947 11.415441 11.534661 11.430932 11.798485 11.430932 11.534661 11.415441 11.489947 11.173669 9.491966 11.248007 11.486602 0.000000 0.000000
0.000000 0.000000 2753.690249 2753.426377 2753.568876 2751.736362 2753.609282 2752.895762 2752.707473 2753.496462 2753.630001 2753.496462 2752.707473 2752.895762 2753.609282 2751.736362 2753.568876 2753.426377 2753.690249 0.000000 0.000000
0.000000 0.000000 5240.801909 5240.617474 5239.922220 5240.503019 5241.036371 5240.869002 5240.848487 5240.955093 5240.979231 5240.955093 5240.848487 5240.869002 5241.036371 5240.503019 5239.922220 5240.617474 5240.801909 0.000000 0.000000
0.000000 0.000000 6784.953312 6784.770406 6784.164433 6784.300242 6785.088435 6784.678884 6784.658347 6784.936430 6785.160414 6784.936430 6784.658347 6784.678884 6785.088435 6784.300242 6784.164433 6784.770406 6784.953312 0.000000 0.000000
0.000000 0.000000 8741.589225 8741.445495 8740.898287 8741.019139 8741.700916 8741.339462 8741.324788 8741.564929 8741.787633 8741.564929 8741.324788 8741.339462 8741.700916 8741.019139 8740.898287 8741.445495 8741.589225 0.000000 0.000000
0.000000 0.000000 10547.885815 10547.770776 10547.274248 10547.398147 10547.980643 10547.667623 10547.656235 10547.867752 10548.068283 10547.867751 10547.656235 10547.667623 10547.980643 10547.398147 10547.274248 10547.770776 10547.885815 0.000000 0.000000
0.000000 0.000000 12205.132388 12205.031588 12204.570372 12204.692402 12205.225246 12204.940979 12204.928824 12205.124119 12205.312594 12205.124119 12204.928824 12204.940979 12205.225246 12204.692402 12204.570372 12205.031587 12205.132388 0.000000 0.000000
0.000000 0.000000 13741.588223 13741.516096 13741.074029 13741.232374 13741.675552 13741.419965 13741.412430 13741.586633 13741.758024 13741.586633 13741.412430 13741.419965 13741.675552 13741.232374 13741.074029 13741.516096 13741.588223 0.000000 0.000000
0.000000 0.000000 15167.906224 15167.828369 15167.415306 15167.548448 15167.996453 15167.749331 15167.739481 15167.911397 15168.072550 15167.911397 15167.739481 15167.749331 15167.996453 15167.548448 15167.415306 15167.828369 15167.906224 0.000000 0.000000
0.000000 0.000000 16510.195444 16510.121379 16509.736396 16509.864513 16510.296077 16510.062476 16510.049585 16510.219620 16510.369983 16510.219620 16510.049585 16510.062476 16510.296077 16509.864513 16509.736396 16510.121379 16510.195444 0.000000 0.000000
0.000000 0.000000 17777.315149 17777.247584 17776.875331 17777.004245 17777.411397 17777.190634 17777.178610 17777.343460 17777.483853 17777.343460 17777.178610 17777.190634 17777.411397 17777.004245 17776.875331 17777.247584 17777.315149 0.000000 0.000000
0.000000 0.000000 18983.360304 18983.300671 18982.943408 18983.087804 18983.455974 18983.245692 18983.235956 18983.392468 18983.525674 18983.392468 18983.235956 18983.245692 18983.455974 18983.087804 18982.943408 18983.300671 18983.360304 0.000000 0.000000
0.000000 0.000000 20132.692280 20132.628124 20132.279518 20132.411443 20132.780141 20132.583650 20132.576477 20132.730972 20132.857202 20132.730972 20132.576477 20132.583650 20132.780141 20132.411443 20132.279518 20132.628124 20132.692280 0.000000 0.000000
0.000000 0.000000 21228.237331 21228.175901 21227.841193 21227.965163 21228.319077 21228.127941 21228.120156 21228.267742 21228.389313 21228.267742 21228.120156 21228.127941 21228.319077 21227.965162 21227.841193 21228.175900 21228.237327 0.000000 0.000000
0.000000 0.000000 22277.974157 22277.913952 22277.585684 22277.712751 22278.049415 22277.865237 22277.857836 22278.000571 22278.114781 22278.000571 22277.857836 22277.865237 22278.049415 22277.712751 22277.585684 22277.913931 22277.974035 0.000000 0.000000
0.000000 0.000000 23334.277436 23334.757984 23334.439830 23334.562392 23334.889885 23334.712481 23334.704442 23334.842430 23334.952495 23334.842430 23334.704442 23334.712481 23334.889885 23334.562392 23334.439812 23334.754667 23334.811636 0.000000 0.000000
0.000000 0.000000 0.000000 0.000000 0.000000 0.000000 0.000000 0.000000 0.000000 0.000000 0.000000 0.000000 0.000000 0.000000 0.000000 0.000000 0.000000 0.000000 0.000000 0.000000 0.000000
0.000000 0.000000 0.000000 0.000000 0.000000 0.000000 0.000000 0.000000 0.000000 0.000000 0.000000 0.000000 0.000000 0.000000 0.000000 0.000000 0.000000 0.000000 0.000000 0.000000 0.000000