geotop/1.0zi/1.0Montebello/Templates/testdem/maps/_Erotot1305.asc
ncols         21
nrows         20
xllcorner     100.000000
yllcorner     100.000000
cellsize      50.000000
NODATA_value  -9999.0
0.000000 0.000000 0.000000 0.000000 0.000000 0.000000 0.000000 0.000000 0.000000 0.000000 0.000000 0.000000 0.000000 0.000000 0.000000 0.000000 0.000000 0.000000 0.000000 0.000000 0.000000
0.000000 0.000000 149.465675 149.467075 149.501934 149.477296 149.458640 149.467092 149.468676 149.463488 149.464158 149.463488 149.468676 149.467092 149.458640 149.477296 149.501934 149.467075 149.465675 0.000000 0.000000
0.000000 0.000000 9.081319 8.862229 7.085982 8.943048 9.124579 9.108846 9.119179 9.126258 9.124518 9.126258 9.119179 9.108846 9.124579 8.943048 7.085982 8.862229 9.081319 0.000000 0.000000
0.000000 0.000000 1075.293487 1075.089563 1075.117072 1073.122267 1075.464563 1075.035134 1074.975531 1075.500309 1075.443990 1075.500309 1074.975531 1075.035134 1075.464563 1073.122267 1075.117072 1075.089563 1075.293487 0.000000 0.000000
0.000000 0.000000 1925.689314 1925.465493 1924.714919 1925.412239 1925.863381 1925.672069 1925.624788 1925.772034 1925.726775 1925.772034 1925.624788 1925.672069 1925.863381 1925.412239 1924.714919 1925.465493 1925.689314 0.000000 0.000000
0.000000 0.000000 2529.448119 2529.275080 2528.526280 2528.720869 2529.634747 2529.383688 2529.352002 2529.567499 2529.540648 2529.567499 2529.352002 2529.383688 2529.634747 2528.720869 2528.526280 2529.275080 2529.448119 0.000000 0.000000
0.000000 0.000000 3298.833144 3298.695369 3298.019791 3298.212464 3298.996905 3298.784630 3298.761767 3298.939126 3298.915943 3298.939126 3298.761767 3298.784630 3298.996905 3298.212464 3298.019791 3298.695369 3298.833144 0.000000 0.000000
0.000000 0.000000 4031.298156 4031.179395 4030.554786 4030.746056 4031.440905 4031.256656 4031.238433 4031.394075 4031.374079 4031.394075 4031.238433 4031.256656 4031.440905 4030.746056 4030.554786 4031.179395 4031.298156 0.000000 0.000000
0.000000 0.000000 4725.769775 4725.661248 4725.067689 4725.253498 4725.901631 4725.731170 4725.715663 4725.860119 4725.840754 4725.860119 4725.715663 4725.731170 4725.901631 4725.253498 4725.067689 4725.661248 4725.769775 0.000000 0.000000
0.000000 0.000000 5390.657379 5390.575991 5389.994799 5390.217556 5390.777656 5390.625684 5390.617293 5390.744302 5390.724835 5390.744302 5390.617293 5390.625684 5390.777656 5390.217556 5389.994799 5390.575991 5390.657379 0.000000 0.000000
0.000000 0.000000 6030.115317 6030.024314 6029.461528 6029.657543 6030.235276 6030.081018 6030.069701 6030.199034 6030.178558 6030.199034 6030.069701 6030.081018 6030.235276 6029.657543 6029.461528 6030.024314 6030.115317 0.000000 0.000000
0.000000 0.000000 6649.725015 6649.631212 6649.082696 6649.268815 6649.839005 6649.688685 6649.678166 6649.806003 6649.786699 6649.806003 6649.678166 6649.688685 6649.839005 6649.268815 6649.082696 6649.631212 6649.725015 0.000000 0.000000
0.000000 0.000000 7255.126020 7255.034448 7254.493271 7254.680377 7255.236926 7255.088813 7255.079066 7255.204749 7255.184962 7255.204749 7255.079066 7255.088813 7255.236926 7254.680377 7254.493271 7255.034448 7255.126020 0.000000 0.000000
0.000000 0.000000 7846.992612 7846.907629 7846.371862 7846.579139 7847.100707 7846.957100 7846.949996 7847.071110 7847.050739 7847.071110 7846.949996 7846.957100 7847.100707 7846.579139 7846.371862 7846.907629 7846.992612 0.000000 0.000000
0.000000 0.000000 8427.841861 8427.754392 8427.220303 8427.416839 8427.949417 8427.804847 8427.796815 8427.920037 8427.899021 8427.920037 8427.796815 8427.804847 8427.949417 8427.416839 8427.220303 8427.754392 8427.841861 0.000000 0.000000
0.000000 0.000000 8999.354356 8999.267690 8998.746979 8998.935886 8999.460372 8999.319078 8999.311013 8999.431133 8999.410356 8999.431133 8999.311013 8999.319078 8999.460372 8998.935886 8998.746979 8999.267690 8999.354353 0.000000 0.000000
0.000000 0.000000 9559.743458 9559.657260 9559.134918 9559.327231 9559.850043 9559.706591 9559.698692 9559.820520 9559.798770 9559.820520 9559.698692 9559.706591 9559.850043 9559.327231 9559.134917 9559.657242 9559.743172 0.000000 0.000000
0.000000 0.000000 10139.576233 10139.764854 10139.245228 10139.428679 10139.955122 10139.810118 10139.802358 10139.926195 10139.904176 10139.926195 10139.802358 10139.810118 10139.955122 10139.428679 10139.245211 10139.761892 10139.848515 0.000000 0.000000
0.000000 0.000000 0.000000 0.000000 0.000000 0.000000 0.000000 0.000000 0.000000 0.000000 0.000000 0.000000 0.000000 0.000000 0.000000 0.000000 0.000000 0.000000 0.000000 0.000000 0.000000
0.000000 0.000000 0.000000 0.000000 0.000000 0.000000 0.000000 0.000000 0.000000 0.000000 0.000000 0.000000 0.000000 0.000000 0.000000 0.000000 0.000000 0.000000 0.000000 0.000000 0.000000