geotop/1.0zi/1.0Montebello/Templates/testdem/maps/_Erotot0712.asc
ncols         21
nrows         20
xllcorner     100.000000
yllcorner     100.000000
cellsize      50.000000
NODATA_value  -9999.0
0.000000 0.000000 0.000000 0.000000 0.000000 0.000000 0.000000 0.000000 0.000000 0.000000 0.000000 0.000000 0.000000 0.000000 0.000000 0.000000 0.000000 0.000000 0.000000 0.000000 0.000000
0.000000 0.000000 58.806104 58.807054 58.840590 58.811657 58.805264 58.807022 58.807789 58.805401 58.805606 58.805401 58.807789 58.807022 58.805264 58.811657 58.840590 58.807054 58.806104 0.000000 0.000000
0.000000 0.000000 6.442662 6.225605 4.453206 6.318803 6.484926 6.469870 6.486052 6.490318 6.489875 6.490318 6.486052 6.469870 6.484926 6.318803 4.453206 6.225605 6.442662 0.000000 0.000000
0.000000 0.000000 650.855745 650.426835 650.713861 648.415144 650.881298 650.720917 650.547701 650.823984 650.758709 650.823984 650.547701 650.720917 650.881298 648.415144 650.713861 650.426835 650.855745 0.000000 0.000000
0.000000 0.000000 1064.981495 1064.720251 1064.028410 1064.665388 1065.042818 1064.963253 1064.898502 1065.017673 1065.009099 1065.017673 1064.898502 1064.963253 1065.042818 1064.665388 1064.028410 1064.720251 1064.981495 0.000000 0.000000
0.000000 0.000000 1432.106362 1431.841970 1431.213961 1431.264210 1432.149287 1432.074050 1432.007440 1432.128945 1432.108099 1432.128945 1432.007440 1432.074050 1432.149287 1431.264210 1431.213961 1431.841970 1432.106362 0.000000 0.000000
0.000000 0.000000 1869.027922 1868.815702 1868.247221 1868.313351 1869.057704 1869.005233 1868.952195 1869.046408 1869.028369 1869.046408 1868.952195 1869.005233 1869.057704 1868.313351 1868.247221 1868.815702 1869.027922 0.000000 0.000000
0.000000 0.000000 2285.410429 2285.224500 2284.694473 2284.771742 2285.432837 2285.392666 2285.346849 2285.426261 2285.410022 2285.426261 2285.346849 2285.392666 2285.432837 2284.771742 2284.694473 2285.224500 2285.410429 0.000000 0.000000
0.000000 0.000000 2681.756257 2681.583570 2681.077920 2681.156021 2681.774601 2681.740471 2681.698271 2681.769961 2681.754395 2681.769961 2681.698271 2681.740471 2681.774601 2681.156021 2681.077920 2681.583570 2681.756257 0.000000 0.000000
0.000000 0.000000 3062.154562 3062.011297 3061.513462 3061.633730 3062.166751 3062.146021 3062.111551 3062.167467 3062.152195 3062.167467 3062.111551 3062.146021 3062.166751 3061.633730 3061.513462 3062.011297 3062.154562 0.000000 0.000000
0.000000 0.000000 3428.902640 3428.749658 3428.267892 3428.364804 3428.917335 3428.891543 3428.854658 3428.913148 3428.897104 3428.913148 3428.854658 3428.891543 3428.917335 3428.364804 3428.267892 3428.749658 3428.902640 0.000000 0.000000
0.000000 0.000000 3784.199592 3784.044645 3783.574922 3783.666305 3784.212490 3784.187211 3784.151179 3784.207914 3784.192757 3784.207914 3784.151179 3784.187211 3784.212490 3783.666305 3783.574922 3784.044645 3784.199592 0.000000 0.000000
0.000000 0.000000 4130.747284 4130.593511 4130.128376 4130.221870 4130.758661 4130.733607 4130.698325 4130.753765 4130.738685 4130.753765 4130.698325 4130.733607 4130.758661 4130.221870 4130.128376 4130.593511 4130.747284 0.000000 0.000000
0.000000 0.000000 4473.645541 4473.497694 4473.036321 4473.152532 4473.655396 4473.634279 4473.601548 4473.651883 4473.636686 4473.651883 4473.601548 4473.634279 4473.655396 4473.152532 4473.036321 4473.497694 4473.645541 0.000000 0.000000
0.000000 0.000000 4812.395970 4812.244616 4811.782896 4811.889561 4812.405802 4812.383494 4812.349959 4812.401859 4812.386004 4812.401859 4812.349959 4812.383494 4812.405802 4811.889561 4811.782896 4812.244616 4812.395970 0.000000 0.000000
0.000000 0.000000 5147.816379 5147.667627 5147.216016 5147.318551 5147.826726 5147.805602 5147.772610 5147.822981 5147.806548 5147.822981 5147.772610 5147.805602 5147.826726 5147.318551 5147.216016 5147.667627 5147.816376 0.000000 0.000000
0.000000 0.000000 5478.633434 5478.482428 5478.028087 5478.133782 5478.643992 5478.620617 5478.587291 5478.638479 5478.621583 5478.638479 5478.587291 5478.620617 5478.643992 5478.133782 5478.028087 5478.482414 5478.633095 0.000000 0.000000
0.000000 0.000000 5820.607338 5820.613048 5820.160938 5820.257964 5820.775031 5820.750674 5820.716978 5820.769192 5820.752042 5820.769192 5820.716978 5820.750674 5820.775031 5820.257963 5820.160924 5820.610965 5820.764164 0.000000 0.000000
0.000000 0.000000 0.000000 0.000000 0.000000 0.000000 0.000000 0.000000 0.000000 0.000000 0.000000 0.000000 0.000000 0.000000 0.000000 0.000000 0.000000 0.000000 0.000000 0.000000 0.000000
0.000000 0.000000 0.000000 0.000000 0.000000 0.000000 0.000000 0.000000 0.000000 0.000000 0.000000 0.000000 0.000000 0.000000 0.000000 0.000000 0.000000 0.000000 0.000000 0.000000 0.000000