geotop/1.0zi/1.0Montebello/Templates/testdem/maps/_Erotot168(.asc
ncols         21
nrows         20
xllcorner     100.000000
yllcorner     100.000000
cellsize      50.000000
NODATA_value  -9999.0
0.000000 0.000000 0.000000 0.000000 0.000000 0.000000 0.000000 0.000000 0.000000 0.000000 0.000000 0.000000 0.000000 0.000000 0.000000 0.000000 0.000000 0.000000 0.000000 0.000000 0.000000
0.000000 0.000000 976.835170 976.180570 974.815912 972.894814 971.530253 970.725023 971.195215 971.879336 971.795584 970.973702 970.930940 971.006693 972.603991 973.125041 975.943701 976.596675 977.186757 0.000000 0.000000
0.000000 0.000000 69.135410 70.137509 68.638953 71.596652 70.900852 70.210036 70.557114 69.383850 70.312920 72.548707 70.289349 70.333739 69.854712 69.380331 67.157185 66.460394 69.524418 0.000000 0.000000
0.000000 0.000000 916.386043 923.707671 902.726498 893.240624 896.837013 886.202657 885.599123 888.593577 880.370295 881.045562 886.170769 890.269007 893.807829 906.910032 912.404516 913.053208 917.769231 0.000000 0.000000
0.000000 0.000000 6170.809356 6152.874548 6154.174969 6108.924650 6075.463903 6059.498532 6053.376893 6045.994586 6053.210667 6060.078326 6061.915233 6050.637123 6073.993789 6081.797603 6101.706310 6114.329279 6116.349982 0.000000 0.000000
0.000000 0.000000 8599.493575 8597.403963 8587.548050 8588.863908 8560.826611 8544.787004 8547.628611 8546.413413 8538.245624 8532.066816 8529.918043 8533.559229 8536.561817 8568.075372 8567.099760 8577.304594 8577.477759 0.000000 0.000000
0.000000 0.000000 10543.613693 10536.943422 10529.485556 10513.672581 10505.215343 10458.490924 10454.916516 10450.691204 10450.008564 10453.601264 10452.906327 10454.521053 10495.414433 10500.608108 10512.683808 10518.470882 10522.951854 0.000000 0.000000
0.000000 0.000000 12893.712725 12888.416991 12878.574649 12852.464590 12840.179665 12833.529015 12829.593592 12827.292304 12824.257856 12822.094342 12820.340380 12827.732427 12824.745423 12839.547939 12858.765967 12856.418414 12863.322714 0.000000 0.000000
0.000000 0.000000 15870.037426 15860.935968 15846.441693 15838.310662 15816.773587 15784.519504 15784.348989 15776.324101 15775.020090 15770.379696 15773.682633 15766.088467 15798.552371 15819.318711 15824.109239 15833.328775 15835.926133 0.000000 0.000000
0.000000 0.000000 19462.719393 19446.786932 19432.072224 19422.063659 19399.246325 19372.784246 19364.968223 19363.639070 19355.415459 19360.397951 19367.912062 19365.658534 19376.507798 19404.906282 19416.969648 19423.880783 19422.658199 0.000000 0.000000
0.000000 0.000000 23643.860336 23631.926664 23628.554263 23571.939757 23571.642196 23528.298091 23542.694724 23513.323248 23523.650509 23516.527661 23499.646600 23516.307310 23538.774379 23545.421040 23567.853767 23574.863041 23599.510306 0.000000 0.000000
0.000000 0.000000 28482.089427 28455.261894 28418.651640 28415.633090 28396.944957 28345.078482 28330.794449 28338.245209 28344.110575 28326.074548 28335.468456 28326.582388 28370.286132 28396.329981 28398.235162 28409.352753 28444.153205 0.000000 0.000000
0.000000 0.000000 33273.044460 33252.884627 33256.691649 33220.995563 33191.351243 33073.381480 33059.022448 33051.902754 32992.874848 33034.878719 33036.493925 33047.299603 33135.200792 33149.431839 33203.647616 33211.512788 33196.111525 0.000000 0.000000
0.000000 0.000000 37666.508502 37672.456572 37634.196343 37621.915286 37504.134097 37606.964092 37575.499125 37573.432937 37605.778319 37573.710782 37570.025137 37550.262560 37462.341938 37602.013857 37591.983790 37624.914871 37640.690641 0.000000 0.000000
0.000000 0.000000 40315.224447 40305.038093 40293.091539 40229.285871 40278.310938 40231.383191 40221.172778 40222.020104 40203.403745 40201.057300 40209.407371 40211.150717 40246.939999 40191.788235 40287.014622 40259.811559 40251.703301 0.000000 0.000000
0.000000 0.000000 41978.297711 41974.627686 41923.903599 41953.143056 41950.258683 41948.759644 41973.702627 41961.617936 41975.222721 41968.241834 41959.213754 41970.957071 41966.728198 41977.400210 41910.739507 41984.426376 41978.860505 0.000000 0.000000
0.000000 0.000000 43340.161669 43292.886225 43338.650248 43299.212494 43277.931915 43272.672834 43248.959470 43256.468447 43233.580036 43236.830083 43247.967627 43238.575915 43250.845079 43255.711804 43328.434039 43259.263844 43305.221331 0.000000 0.000000
0.000000 0.000000 43825.614753 43901.514273 43928.019313 43933.880383 43947.658625 43909.205262 43923.448342 43908.571721 43932.160736 43927.821255 43924.430028 43929.912135 43960.481170 43947.012515 43929.948284 43911.927162 43840.422917 0.000000 0.000000
0.000000 0.000000 0.000000 0.000000 0.000000 0.000000 0.000000 0.000000 0.000000 0.000000 0.000000 0.000000 0.000000 0.000000 0.000000 0.000000 0.000000 0.000000 0.000000 0.000000 0.000000
0.000000 0.000000 0.000000 0.000000 0.000000 0.000000 0.000000 0.000000 0.000000 0.000000 0.000000 0.000000 0.000000 0.000000 0.000000 0.000000 0.000000 0.000000 0.000000 0.000000 0.000000