geotop/1.0zi/1.0Montebello/Templates/testdem/maps/_Erotot3656.asc
ncols         21
nrows         20
xllcorner     100.000000
yllcorner     100.000000
cellsize      50.000000
NODATA_value  -9999.0
0.000000 0.000000 0.000000 0.000000 0.000000 0.000000 0.000000 0.000000 0.000000 0.000000 0.000000 0.000000 0.000000 0.000000 0.000000 0.000000 0.000000 0.000000 0.000000 0.000000 0.000000
0.000000 0.000000 377.633976 377.636834 377.640381 377.759365 377.626888 377.632673 377.606330 377.646260 377.660960 377.646260 377.606330 377.632673 377.626888 377.759365 377.640381 377.636834 377.633976 0.000000 0.000000
0.000000 0.000000 11.666141 11.424752 9.671450 11.353421 11.671267 11.599584 11.690870 11.580105 11.949906 11.580105 11.690870 11.599584 11.671267 11.353421 9.671450 11.424752 11.666141 0.000000 0.000000
0.000000 0.000000 2775.927827 2775.135565 2775.624249 2773.799901 2775.288812 2774.915724 2774.363251 2775.442676 2775.350388 2775.442676 2774.363251 2774.915724 2775.288812 2773.799901 2775.624249 2775.135565 2775.927827 0.000000 0.000000
0.000000 0.000000 5345.562808 5345.538119 5344.719344 5345.297597 5345.977349 5345.684645 5345.776634 5345.538752 5345.759738 5345.538752 5345.776634 5345.684645 5345.977349 5345.297597 5344.719344 5345.538119 5345.562808 0.000000 0.000000
0.000000 0.000000 6911.951837 6911.553559 6911.087490 6911.227527 6911.868755 6911.590292 6911.411150 6911.647194 6911.865136 6911.647194 6911.411150 6911.590292 6911.868755 6911.227527 6911.087490 6911.553559 6911.951837 0.000000 0.000000
0.000000 0.000000 8913.141626 8912.803345 8912.381899 8912.506116 8913.055801 8912.811076 8912.653771 8912.851308 8913.066806 8912.851308 8912.653771 8912.811076 8913.055801 8912.506116 8912.381899 8912.803345 8913.141626 0.000000 0.000000
0.000000 0.000000 10759.000112 10758.712075 10758.327777 10758.454258 10758.918990 10758.709500 10758.571139 10758.743555 10758.937584 10758.743554 10758.571139 10758.709500 10758.918990 10758.454258 10758.327777 10758.712075 10759.000112 0.000000 0.000000
0.000000 0.000000 12450.329818 12450.073447 12449.713566 12449.837603 12450.264013 12450.072823 12449.946316 12450.105496 12450.287953 12450.105496 12449.946316 12450.072823 12450.264013 12449.837603 12449.713566 12450.073447 12450.329818 0.000000 0.000000
0.000000 0.000000 14016.389119 14016.175172 14015.825888 14015.985673 14016.331533 14016.160796 14016.048938 14016.189571 14016.355296 14016.189571 14016.048938 14016.160796 14016.331533 14015.985673 14015.825888 14016.175172 14016.389119 0.000000 0.000000
0.000000 0.000000 15468.740317 15468.531678 15468.204583 15468.338800 15468.696554 15468.527834 15468.421707 15468.562151 15468.717873 15468.562151 15468.421707 15468.527834 15468.696554 15468.338800 15468.204583 15468.531678 15468.740317 0.000000 0.000000
0.000000 0.000000 16834.094359 16833.898494 16833.593960 16833.722865 16834.069812 16833.909420 16833.806853 16833.947146 16834.092247 16833.947146 16833.806853 16833.909420 16834.069812 16833.722865 16833.593960 16833.898494 16834.094359 0.000000 0.000000
0.000000 0.000000 18121.721645 18121.539773 18121.243384 18121.372839 18121.700037 18121.548167 18121.451981 18121.588552 18121.723773 18121.588552 18121.451981 18121.548167 18121.700037 18121.372839 18121.243384 18121.539773 18121.721645 0.000000 0.000000
0.000000 0.000000 19345.918464 19345.750953 19345.465731 19345.610364 19345.902669 19345.757619 19345.668416 19345.798017 19345.926131 19345.798017 19345.668416 19345.757619 19345.902669 19345.610364 19345.465731 19345.750953 19345.918464 0.000000 0.000000
0.000000 0.000000 20511.253505 20511.086752 20510.807060 20510.939038 20511.235059 20511.100741 20511.017959 20511.147634 20511.268341 20511.147634 20511.017959 20511.100741 20511.235059 20510.939038 20510.807060 20511.086752 20511.253505 0.000000 0.000000
0.000000 0.000000 21620.221708 21620.062685 21619.794060 21619.917952 21620.202419 21620.070699 21619.990911 21620.114456 21620.230647 21620.114456 21619.990911 21620.070699 21620.202419 21619.917952 21619.794060 21620.062685 21620.221704 0.000000 0.000000
0.000000 0.000000 22681.511957 22681.359378 22681.094044 22681.220829 22681.491390 22681.363626 22681.288160 22681.407742 22681.516659 22681.407742 22681.288160 22681.363626 22681.491390 22681.220829 22681.094043 22681.359357 22681.511799 0.000000 0.000000
0.000000 0.000000 23746.180477 23746.570604 23746.312849 23746.435071 23746.699222 23746.575779 23746.503001 23746.619007 23746.723887 23746.619007 23746.503001 23746.575779 23746.699222 23746.435071 23746.312831 23746.567295 23746.712037 0.000000 0.000000
0.000000 0.000000 0.000000 0.000000 0.000000 0.000000 0.000000 0.000000 0.000000 0.000000 0.000000 0.000000 0.000000 0.000000 0.000000 0.000000 0.000000 0.000000 0.000000 0.000000 0.000000
0.000000 0.000000 0.000000 0.000000 0.000000 0.000000 0.000000 0.000000 0.000000 0.000000 0.000000 0.000000 0.000000 0.000000 0.000000 0.000000 0.000000 0.000000 0.000000 0.000000 0.000000