geotop/1.0zi/1.0Montebello/Templates/testdem/maps/_Erotot0910.asc
ncols         21
nrows         20
xllcorner     100.000000
yllcorner     100.000000
cellsize      50.000000
NODATA_value  -9999.0
0.000000 0.000000 0.000000 0.000000 0.000000 0.000000 0.000000 0.000000 0.000000 0.000000 0.000000 0.000000 0.000000 0.000000 0.000000 0.000000 0.000000 0.000000 0.000000 0.000000 0.000000
0.000000 0.000000 82.587878 82.589117 82.623532 82.597606 82.582795 82.589151 82.590476 82.586143 82.586653 82.586143 82.590476 82.589151 82.582795 82.597606 82.623532 82.589117 82.587878 0.000000 0.000000
0.000000 0.000000 7.495435 7.277750 5.504443 7.364012 7.527576 7.521689 7.534275 7.540350 7.539366 7.540350 7.534275 7.521689 7.527576 7.364012 5.504443 7.277750 7.495435 0.000000 0.000000
0.000000 0.000000 775.409027 774.969834 775.217692 772.907947 775.398094 775.219438 775.063368 775.353275 775.356342 775.353275 775.063368 775.219438 775.398094 772.907947 775.217692 774.969834 775.409027 0.000000 0.000000
0.000000 0.000000 1361.934020 1361.667184 1360.967300 1361.618931 1362.047449 1361.908822 1361.865793 1361.980805 1361.953652 1361.980805 1361.865793 1361.908822 1362.047449 1361.618931 1360.967300 1361.667184 1361.934020 0.000000 0.000000
0.000000 0.000000 1816.689048 1816.413673 1815.757072 1815.816647 1816.735317 1816.633749 1816.579128 1816.695852 1816.692885 1816.695852 1816.579128 1816.633749 1816.735317 1815.816647 1815.757072 1816.413673 1816.689048 0.000000 0.000000
0.000000 0.000000 2371.507675 2371.283079 2370.679992 2370.756894 2371.535883 2371.463708 2371.423644 2371.517527 2371.512478 2371.517527 2371.423644 2371.463708 2371.535883 2370.756894 2370.679992 2371.283079 2371.507675 0.000000 0.000000
0.000000 0.000000 2898.338147 2898.140136 2897.576124 2897.662217 2898.353698 2898.300022 2898.266033 2898.345520 2898.340022 2898.345520 2898.266033 2898.300022 2898.353698 2897.662217 2897.576124 2898.140136 2898.338147 0.000000 0.000000
0.000000 0.000000 3397.510573 3397.326193 3396.787829 3396.873564 3397.520470 3397.474900 3397.444331 3397.516588 3397.510405 3397.516588 3397.444331 3397.474900 3397.520470 3396.873564 3396.787829 3397.326193 3397.510573 0.000000 0.000000
0.000000 0.000000 3876.893261 3876.738209 3876.208903 3876.334878 3876.895513 3876.864969 3876.841585 3876.898374 3876.891630 3876.898374 3876.841585 3876.864969 3876.895513 3876.334878 3876.208903 3876.738209 3876.893261 0.000000 0.000000
0.000000 0.000000 4338.039789 4337.874889 4337.362408 4337.462786 4338.043360 4338.008634 4337.982528 4338.042525 4338.034644 4338.042525 4337.982528 4338.008634 4338.043360 4337.462786 4337.362408 4337.874889 4338.039789 0.000000 0.000000
0.000000 0.000000 4785.596275 4785.428493 4784.928122 4785.019329 4785.595772 4785.563024 4785.537528 4785.597146 4785.590176 4785.597146 4785.537528 4785.563024 4785.595772 4785.019329 4784.928122 4785.428493 4785.596275 0.000000 0.000000
0.000000 0.000000 5223.525194 5223.359308 5222.864753 5222.957580 5223.523011 5223.491174 5223.466163 5223.524247 5223.516770 5223.524247 5223.466163 5223.491174 5223.523011 5222.957580 5222.864753 5223.359308 5223.525194 0.000000 0.000000
0.000000 0.000000 5653.015757 5652.855753 5652.365882 5652.479526 5653.011221 5652.983821 5652.961209 5653.014335 5653.006285 5653.014335 5652.961209 5652.983821 5653.011221 5652.479526 5652.365882 5652.855753 5653.015757 0.000000 0.000000
0.000000 0.000000 6076.191336 6076.027532 6075.538341 6075.640634 6076.186115 6076.157942 6076.134199 6076.189003 6076.180316 6076.189003 6076.134199 6076.157942 6076.186115 6075.640634 6075.538341 6076.027532 6076.191336 0.000000 0.000000
0.000000 0.000000 6494.686868 6494.525541 6494.046995 6494.143878 6494.681624 6494.654854 6494.631662 6494.685210 6494.675931 6494.685210 6494.631662 6494.654854 6494.681624 6494.143878 6494.046995 6494.525541 6494.686866 0.000000 0.000000
0.000000 0.000000 6906.778973 6906.615431 6906.135156 6906.233289 6906.773616 6906.745075 6906.721453 6906.775967 6906.766114 6906.775967 6906.721453 6906.745075 6906.773616 6906.233289 6906.135156 6906.615416 6906.778737 0.000000 0.000000
0.000000 0.000000 7336.306803 7336.359419 7335.881682 7335.969355 7336.517857 7336.487964 7336.463965 7336.519884 7336.509820 7336.519884 7336.463965 7336.487964 7336.517857 7335.969354 7335.881667 7336.356986 7336.523138 0.000000 0.000000
0.000000 0.000000 0.000000 0.000000 0.000000 0.000000 0.000000 0.000000 0.000000 0.000000 0.000000 0.000000 0.000000 0.000000 0.000000 0.000000 0.000000 0.000000 0.000000 0.000000 0.000000
0.000000 0.000000 0.000000 0.000000 0.000000 0.000000 0.000000 0.000000 0.000000 0.000000 0.000000 0.000000 0.000000 0.000000 0.000000 0.000000 0.000000 0.000000 0.000000 0.000000 0.000000