geotop/1.0zi/1.0Montebello/Templates/testdem/maps/_Erotot2671.asc
ncols         21
nrows         20
xllcorner     100.000000
yllcorner     100.000000
cellsize      50.000000
NODATA_value  -9999.0
0.000000 0.000000 0.000000 0.000000 0.000000 0.000000 0.000000 0.000000 0.000000 0.000000 0.000000 0.000000 0.000000 0.000000 0.000000 0.000000 0.000000 0.000000 0.000000 0.000000 0.000000
0.000000 0.000000 248.147985 248.150745 248.154588 248.274936 248.142327 248.146419 248.121358 248.162882 248.177502 248.162882 248.121358 248.146419 248.142327 248.274936 248.154588 248.150745 248.147985 0.000000 0.000000
0.000000 0.000000 13.855063 13.633350 11.882379 13.602567 13.896309 13.882740 13.915623 13.880589 13.865621 13.880589 13.915623 13.882740 13.896309 13.602567 11.882379 13.633350 13.855063 0.000000 0.000000
0.000000 0.000000 1824.459964 1824.138872 1824.472199 1822.606056 1824.611336 1824.053551 1824.047711 1824.881669 1825.078861 1824.881669 1824.047711 1824.053551 1824.611336 1822.606056 1824.472199 1824.138872 1824.459964 0.000000 0.000000
0.000000 0.000000 3764.524529 3764.354127 3763.695062 3764.288838 3764.832241 3764.689940 3764.656265 3764.808222 3764.756000 3764.808222 3764.656265 3764.689940 3764.832241 3764.288838 3763.695062 3764.354127 3764.524529 0.000000 0.000000
0.000000 0.000000 4878.424740 4878.219713 4877.658858 4877.812255 4878.621794 4878.328437 4878.347771 4878.694935 4878.798924 4878.694935 4878.347771 4878.328437 4878.621794 4877.812255 4877.658858 4878.219713 4878.424740 0.000000 0.000000
0.000000 0.000000 6369.352152 6369.181799 6368.669342 6368.811707 6369.502906 6369.249329 6369.274002 6369.582072 6369.692158 6369.582072 6369.274002 6369.249329 6369.502906 6368.811707 6368.669342 6369.181799 6369.352152 0.000000 0.000000
0.000000 0.000000 7773.237096 7773.094266 7772.617947 7772.762408 7773.356143 7773.138369 7773.160496 7773.435894 7773.539274 7773.435894 7773.160496 7773.138369 7773.356143 7772.762408 7772.617947 7773.094266 7773.237096 0.000000 0.000000
0.000000 0.000000 9078.170550 9078.040206 9077.588580 9077.732320 9078.277256 9078.076822 9078.097523 9078.355661 9078.452995 9078.355661 9078.097523 9078.076822 9078.277256 9077.732320 9077.588580 9078.040206 9078.170550 0.000000 0.000000
0.000000 0.000000 10306.835886 10306.734161 10306.294095 10306.475738 10306.929700 10306.750833 10306.776058 10307.010512 10307.101973 10307.010512 10306.776058 10306.750833 10306.929700 10306.475738 10306.294095 10306.734161 10306.835886 0.000000 0.000000
0.000000 0.000000 11464.212866 11464.104617 11463.685097 11463.842045 11464.305640 11464.127838 11464.148905 11464.379429 11464.464886 11464.379429 11464.148905 11464.127838 11464.305640 11463.842045 11463.685097 11464.104617 11464.212866 0.000000 0.000000
0.000000 0.000000 12567.265860 12567.157558 12566.754649 12566.905402 12567.353562 12567.183493 12567.203294 12567.425653 12567.508739 12567.425653 12567.203294 12567.183493 12567.353562 12566.905402 12566.754649 12567.157558 12567.265860 0.000000 0.000000
0.000000 0.000000 13625.581708 13625.478632 13625.082848 13625.234808 13625.662642 13625.497338 13625.517207 13625.733207 13625.812401 13625.733207 13625.517207 13625.497338 13625.662642 13625.234808 13625.082848 13625.478632 13625.581708 0.000000 0.000000
0.000000 0.000000 14644.213769 14644.118617 14643.732744 14643.902511 14644.292429 14644.134076 14644.155464 14644.362687 14644.439149 14644.362687 14644.155464 14644.134076 14644.292429 14643.902511 14643.732744 14644.118617 14644.213769 0.000000 0.000000
0.000000 0.000000 15627.207886 15627.110951 15626.729665 15626.887963 15627.282441 15627.125752 15627.145685 15627.350620 15627.424543 15627.350620 15627.145685 15627.125752 15627.282441 15626.887963 15626.729665 15627.110951 15627.207886 0.000000 0.000000
0.000000 0.000000 16576.999094 16576.904463 16576.534681 16576.686007 16577.067682 16576.915933 16576.935678 16577.134879 16577.206708 16577.134879 16576.935678 16576.915933 16577.067682 16576.686007 16576.534681 16576.904462 16576.999090 0.000000 0.000000
0.000000 0.000000 17496.150946 17496.058010 17495.691155 17495.845371 17496.217363 17496.067926 17496.087119 17496.281149 17496.349984 17496.281149 17496.087119 17496.067926 17496.217363 17495.845371 17495.691155 17496.057988 17496.150510 0.000000 0.000000
0.000000 0.000000 18423.829550 18424.146921 18423.787144 18423.937030 18424.303583 18424.157678 18424.174916 18424.365182 18424.431468 18424.365182 18424.174916 18424.157678 18424.303583 18423.937030 18423.787125 18424.143396 18424.232854 0.000000 0.000000
0.000000 0.000000 0.000000 0.000000 0.000000 0.000000 0.000000 0.000000 0.000000 0.000000 0.000000 0.000000 0.000000 0.000000 0.000000 0.000000 0.000000 0.000000 0.000000 0.000000 0.000000
0.000000 0.000000 0.000000 0.000000 0.000000 0.000000 0.000000 0.000000 0.000000 0.000000 0.000000 0.000000 0.000000 0.000000 0.000000 0.000000 0.000000 0.000000 0.000000 0.000000 0.000000