geotop/1.0zi/1.0Montebello/Templates/testdem/maps/_Erotot4023.asc
ncols         21
nrows         20
xllcorner     100.000000
yllcorner     100.000000
cellsize      50.000000
NODATA_value  -9999.0
0.000000 0.000000 0.000000 0.000000 0.000000 0.000000 0.000000 0.000000 0.000000 0.000000 0.000000 0.000000 0.000000 0.000000 0.000000 0.000000 0.000000 0.000000 0.000000 0.000000 0.000000
0.000000 0.000000 300.998876 300.560711 300.372019 300.223770 300.251750 300.308076 300.345187 300.340690 300.328156 300.333586 300.333463 300.377297 300.247149 300.267048 300.441508 300.348742 300.440251 0.000000 0.000000
0.000000 0.000000 23.673527 24.226648 24.496306 25.205867 24.841182 24.857614 24.432010 24.364677 24.417905 24.792055 24.558465 24.387340 24.875816 24.636964 23.755526 23.195109 23.069491 0.000000 0.000000
0.000000 0.000000 137.504256 138.974838 131.955169 129.320327 130.084836 124.906812 124.084362 123.674179 122.914920 122.436758 123.555387 122.360789 125.263517 130.279120 131.032759 133.401582 136.104208 0.000000 0.000000
0.000000 0.000000 1270.448725 1275.948883 1282.748680 1278.064091 1272.198045 1269.257673 1272.660121 1266.955400 1270.474102 1274.025434 1272.704406 1268.824930 1272.661654 1269.416724 1269.383375 1271.147998 1270.417792 0.000000 0.000000
0.000000 0.000000 2392.954639 2387.407504 2382.870114 2381.290368 2377.453439 2373.942591 2372.155650 2374.564982 2373.768023 2370.898477 2366.464477 2366.571544 2365.970532 2377.667894 2383.801655 2383.272750 2386.582315 0.000000 0.000000
0.000000 0.000000 2975.534855 2970.392870 2965.707969 2958.941281 2950.489172 2936.367499 2937.500933 2934.004278 2937.077159 2936.673888 2939.335830 2941.290282 2954.766529 2961.119799 2968.719060 2972.542250 2975.789832 0.000000 0.000000
0.000000 0.000000 3406.370956 3406.887798 3407.061723 3402.975622 3402.852982 3399.989123 3400.718052 3401.281766 3398.708532 3398.871628 3397.700450 3395.468186 3397.769191 3401.439087 3402.774904 3402.081854 3402.992164 0.000000 0.000000
0.000000 0.000000 3994.629126 3994.164631 3990.856525 3990.277326 3986.937561 3978.584604 3978.889434 3977.063825 3977.668991 3978.201409 3976.853875 3976.661326 3981.222799 3988.349620 3988.254689 3989.264718 3992.754421 0.000000 0.000000
0.000000 0.000000 4661.646051 4660.178544 4659.566920 4656.572835 4649.517306 4645.709689 4647.242221 4646.491114 4646.360951 4646.242264 4645.179403 4642.624404 4648.924645 4654.678497 4657.017798 4657.612262 4658.785271 0.000000 0.000000
0.000000 0.000000 5363.827921 5362.249331 5360.019173 5358.653792 5357.829186 5348.742955 5349.130129 5346.714108 5346.885769 5347.497285 5346.203874 5344.899121 5348.658551 5350.749060 5355.065714 5356.792689 5359.597376 0.000000 0.000000
0.000000 0.000000 6092.029548 6090.835106 6088.307978 6082.506266 6079.036840 6072.344152 6071.497254 6071.083765 6071.084078 6070.146478 6069.570351 6068.539637 6076.518594 6081.773821 6084.964538 6085.722346 6102.078471 0.000000 0.000000
0.000000 0.000000 6818.518643 6816.752752 6814.002636 6811.955387 6806.443558 6790.366430 6790.685544 6789.102590 6788.886034 6789.250272 6787.515724 6786.984604 6800.071704 6807.401614 6810.264361 6811.493376 6813.581134 0.000000 0.000000
0.000000 0.000000 7591.216642 7588.607718 7585.588487 7582.503881 7567.203296 7575.226364 7570.118248 7569.147808 7569.480539 7569.412777 7568.085601 7566.915551 7560.993666 7576.711673 7580.262140 7584.923314 7584.630535 0.000000 0.000000
0.000000 0.000000 8411.702934 8406.759060 8402.054752 8392.853187 8391.303138 8377.276427 8369.961152 8368.463193 8364.344192 8363.568197 8364.290923 8361.047801 8370.326376 8377.703468 8396.034300 8391.784739 8392.856911 0.000000 0.000000
0.000000 0.000000 9222.925896 9222.636302 9204.547409 9207.902041 9209.098796 9209.131103 9211.470364 9211.437386 9213.829657 9213.552598 9210.408158 9213.755032 9210.608979 9209.169278 9199.239906 9218.744361 9222.699896 0.000000 0.000000
0.000000 0.000000 10140.649303 10121.543127 10113.369141 10107.272869 10095.666242 10091.123573 10089.706231 10089.118274 10085.659385 10085.690037 10085.322253 10082.005553 10085.019640 10099.383535 10111.265219 10111.695384 10131.282582 0.000000 0.000000
0.000000 0.000000 10829.272389 10831.249727 10848.537447 10840.648681 10836.514876 10819.394648 10818.167446 10815.704050 10816.829670 10816.342575 10814.677204 10814.361227 10830.364686 10837.926100 10848.334758 10826.139938 10828.661943 0.000000 0.000000
0.000000 0.000000 0.000000 0.000000 0.000000 0.000000 0.000000 0.000000 0.000000 0.000000 0.000000 0.000000 0.000000 0.000000 0.000000 0.000000 0.000000 0.000000 0.000000 0.000000 0.000000
0.000000 0.000000 0.000000 0.000000 0.000000 0.000000 0.000000 0.000000 0.000000 0.000000 0.000000 0.000000 0.000000 0.000000 0.000000 0.000000 0.000000 0.000000 0.000000 0.000000 0.000000