geotop/1.0zi/1.0Montebello/Templates/testdem/maps/_Erotot2676.asc
ncols         21
nrows         20
xllcorner     100.000000
yllcorner     100.000000
cellsize      50.000000
NODATA_value  -9999.0
0.000000 0.000000 0.000000 0.000000 0.000000 0.000000 0.000000 0.000000 0.000000 0.000000 0.000000 0.000000 0.000000 0.000000 0.000000 0.000000 0.000000 0.000000 0.000000 0.000000 0.000000
0.000000 0.000000 248.530978 248.533770 248.537508 248.658131 248.525411 248.529459 248.504280 248.546079 248.560857 248.546079 248.504280 248.529459 248.525411 248.658131 248.537508 248.533770 248.530978 0.000000 0.000000
0.000000 0.000000 13.865279 13.643535 11.892663 13.612586 13.906434 13.892908 13.925901 13.890592 13.875459 13.890592 13.925901 13.892908 13.906434 13.612586 11.892663 13.643535 13.865279 0.000000 0.000000
0.000000 0.000000 1839.420986 1839.099929 1839.433268 1837.567503 1839.572703 1839.014867 1839.009148 1839.844341 1840.044431 1839.844341 1839.009148 1839.014867 1839.572703 1837.567503 1839.433268 1839.099929 1839.420986 0.000000 0.000000
0.000000 0.000000 3785.563190 3785.392872 3784.733955 3785.327919 3785.870988 3785.728769 3785.695146 3785.847698 3785.797969 3785.847698 3785.695146 3785.728769 3785.870988 3785.327919 3784.733955 3785.392872 3785.563190 0.000000 0.000000
0.000000 0.000000 4905.363185 4905.158253 4904.597568 4904.751140 4905.560336 4905.267073 4905.286476 4905.634411 4905.741795 4905.634411 4905.286476 4905.267073 4905.560336 4904.751140 4904.597568 4905.158253 4905.363185 0.000000 0.000000
0.000000 0.000000 6401.011495 6400.841218 6400.328987 6400.471435 6401.162348 6400.908851 6400.933577 6401.242435 6401.356374 6401.242435 6400.933577 6400.908851 6401.162348 6400.471435 6400.328987 6400.841218 6401.011495 0.000000 0.000000
0.000000 0.000000 7808.680993 7808.538234 7808.062177 7808.206676 7808.800122 7808.582432 7808.604612 7808.880776 7808.988252 7808.880776 7808.604612 7808.582432 7808.800122 7808.206676 7808.062177 7808.538234 7808.680993 0.000000 0.000000
0.000000 0.000000 9116.748715 9116.618456 9116.167125 9116.310874 9116.855474 9116.655143 9116.675892 9116.934748 9117.036306 9116.934748 9116.675892 9116.655143 9116.855474 9116.310874 9116.167125 9116.618456 9116.748715 0.000000 0.000000
0.000000 0.000000 10347.963046 10347.861398 10347.421668 10347.603242 10348.056877 10347.878125 10347.903380 10348.138405 10348.233696 10348.138405 10347.903380 10347.878125 10348.056877 10347.603242 10347.421668 10347.861398 10347.963046 0.000000 0.000000
0.000000 0.000000 11506.859108 11506.750946 11506.331789 11506.488654 11506.951885 11506.774217 11506.795312 11507.026401 11507.115826 11507.026401 11506.795312 11506.774217 11506.951885 11506.488654 11506.331789 11506.750946 11506.859108 0.000000 0.000000
0.000000 0.000000 12611.499525 12611.391322 12610.988801 12611.139455 12611.587213 12611.417291 12611.437117 12611.659987 12611.746954 12611.659987 12611.437117 12611.417291 12611.587213 12611.139455 12610.988801 12611.391322 12611.499525 0.000000 0.000000
0.000000 0.000000 13671.161733 13671.058771 13670.663396 13670.815237 13671.242644 13671.077499 13671.097388 13671.313842 13671.396766 13671.313842 13671.097388 13671.077499 13671.242644 13670.815237 13670.663396 13671.058771 13671.161733 0.000000 0.000000
0.000000 0.000000 14690.857501 14690.762464 14690.377027 14690.546634 14690.936128 14690.777943 14690.799344 14691.006950 14691.086911 14691.006950 14690.799344 14690.777943 14690.936128 14690.546634 14690.377027 14690.762464 14690.857501 0.000000 0.000000
0.000000 0.000000 15674.524018 15674.427196 15674.046381 15674.204493 15674.598529 15674.442019 15674.461955 15674.667165 15674.744206 15674.667165 15674.461955 15674.442019 15674.598529 15674.204493 15674.046381 15674.427196 15674.524018 0.000000 0.000000
0.000000 0.000000 16624.318820 16624.224300 16623.854989 16624.006100 16624.387330 16624.235767 16624.255501 16624.454808 16624.529056 16624.454808 16624.255501 16624.235767 16624.387330 16624.006100 16623.854989 16624.224300 16624.318815 0.000000 0.000000
0.000000 0.000000 17542.475200 17542.382392 17542.016020 17542.170008 17542.541543 17542.392301 17542.411479 17542.605508 17542.676293 17542.605508 17542.411479 17542.392301 17542.541543 17542.170008 17542.016020 17542.382371 17542.474783 0.000000 0.000000
0.000000 0.000000 18470.300995 18470.623361 18470.264078 18470.413761 18470.779822 18470.634122 18470.651351 18470.841670 18470.910061 18470.841670 18470.651351 18470.634122 18470.779822 18470.413761 18470.264059 18470.619843 18470.709183 0.000000 0.000000
0.000000 0.000000 0.000000 0.000000 0.000000 0.000000 0.000000 0.000000 0.000000 0.000000 0.000000 0.000000 0.000000 0.000000 0.000000 0.000000 0.000000 0.000000 0.000000 0.000000 0.000000
0.000000 0.000000 0.000000 0.000000 0.000000 0.000000 0.000000 0.000000 0.000000 0.000000 0.000000 0.000000 0.000000 0.000000 0.000000 0.000000 0.000000 0.000000 0.000000 0.000000 0.000000