geotop/1.0zi/1.0Montebello/Templates/testdem/maps/_Erotot8705.asc
ncols         21
nrows         20
xllcorner     100.000000
yllcorner     100.000000
cellsize      50.000000
NODATA_value  -9999.0
0.000000 0.000000 0.000000 0.000000 0.000000 0.000000 0.000000 0.000000 0.000000 0.000000 0.000000 0.000000 0.000000 0.000000 0.000000 0.000000 0.000000 0.000000 0.000000 0.000000 0.000000
0.000000 0.000000 699.707549 700.523157 699.954930 700.045757 699.021332 699.170462 699.157115 699.232980 699.608090 698.984643 698.866375 698.913706 699.294341 699.453962 700.296480 700.853759 701.074489 0.000000 0.000000
0.000000 0.000000 54.650302 53.590235 53.895407 53.866497 54.508647 54.163333 53.850493 53.677291 53.886168 54.202118 54.266061 54.379549 54.222569 53.711366 52.445090 51.627253 52.156417 0.000000 0.000000
0.000000 0.000000 409.156094 409.867456 395.973894 388.040007 386.701789 380.636016 380.632687 382.575863 379.125682 377.371776 380.761348 379.249742 390.064032 398.175076 403.249501 403.843489 410.939474 0.000000 0.000000
0.000000 0.000000 3717.776896 3714.695485 3715.933426 3689.347611 3666.539919 3654.482094 3653.807450 3647.615805 3656.684813 3663.731338 3662.514838 3658.261670 3674.415985 3676.861427 3690.868189 3700.337424 3700.849624 0.000000 0.000000
0.000000 0.000000 5791.028012 5787.129327 5781.984282 5776.938238 5761.070756 5750.520168 5752.113542 5750.821701 5747.000140 5741.042389 5739.448388 5743.456644 5743.058693 5765.092601 5771.340679 5777.560037 5780.215539 0.000000 0.000000
0.000000 0.000000 7167.226725 7162.392129 7159.651563 7151.443080 7136.807518 7111.570126 7110.801264 7108.399020 7108.480650 7113.009026 7113.764260 7114.598917 7144.379297 7154.558248 7160.499406 7163.823288 7169.126002 0.000000 0.000000
0.000000 0.000000 8490.999328 8490.858778 8486.966962 8474.980558 8472.003870 8463.257184 8463.473853 8461.340903 8461.740167 8457.596841 8456.479918 8463.422812 8465.761338 8471.295301 8485.319013 8483.150615 8489.103195 0.000000 0.000000
0.000000 0.000000 10212.561029 10206.803784 10199.900406 10198.277946 10183.954788 10167.924352 10169.941532 10166.310083 10163.774960 10163.503270 10166.410422 10160.078130 10180.740724 10195.850537 10198.167755 10202.338707 10204.507071 0.000000 0.000000
0.000000 0.000000 12187.683482 12182.826533 12182.114509 12176.765017 12153.605834 12143.579787 12142.558456 12142.496933 12138.718733 12143.227701 12146.372806 12145.745877 12153.503816 12170.315923 12178.725604 12181.208630 12182.138045 0.000000 0.000000
0.000000 0.000000 14373.766125 14372.952571 14370.086863 14343.766769 14337.772277 14318.550299 14327.123936 14310.484447 14317.136672 14313.768553 14306.707710 14317.062172 14329.682562 14332.411269 14347.739481 14354.445919 14367.378782 0.000000 0.000000
0.000000 0.000000 16774.820478 16763.488618 16753.384708 16750.505546 16734.857869 16715.532965 16708.942642 16712.527014 16719.225498 16707.123188 16714.007695 16711.974169 16737.695562 16750.067736 16752.500716 16757.801492 16783.010200 0.000000 0.000000
0.000000 0.000000 19306.476937 19299.177887 19301.916365 19280.568442 19273.156046 19212.132805 19210.016645 19209.842583 19182.983216 19200.743446 19203.489415 19209.908545 19254.619025 19262.023599 19291.747853 19289.578766 19298.146973 0.000000 0.000000
0.000000 0.000000 22267.457235 22270.378880 22252.035993 22245.317480 22165.507872 22198.644995 22180.272753 22181.296020 22193.429478 22183.376196 22182.720493 22172.559953 22141.977999 22229.505804 22233.730017 22260.056646 22272.059848 0.000000 0.000000
0.000000 0.000000 25606.142622 25594.229813 25580.726484 25488.004224 25518.194474 25471.447482 25448.333155 25444.908215 25426.275496 25415.123799 25424.624632 25424.471456 25476.471663 25447.348234 25578.573899 25548.127766 25543.553958 0.000000 0.000000
0.000000 0.000000 28984.572644 28979.489462 28850.936787 28907.534968 28899.765851 28898.167492 28960.114712 28941.162723 28973.316422 28964.895965 28942.496047 28974.918806 28967.869306 28974.718330 28839.810775 29037.711257 29029.042829 0.000000 0.000000
0.000000 0.000000 32795.002190 32621.281554 32692.300958 32621.077382 32531.332885 32510.904609 32450.884617 32468.189257 32408.172923 32416.406127 32450.365425 32416.987885 32462.998068 32521.790259 32690.086049 32548.278303 32733.943707 0.000000 0.000000
0.000000 0.000000 33732.630743 33907.980221 34041.825180 34049.068276 34064.846867 33944.007813 33971.830775 33929.816680 34000.641970 33988.350300 33979.234466 33997.169014 34094.682579 34084.329518 34068.501785 33969.081776 33794.453364 0.000000 0.000000
0.000000 0.000000 0.000000 0.000000 0.000000 0.000000 0.000000 0.000000 0.000000 0.000000 0.000000 0.000000 0.000000 0.000000 0.000000 0.000000 0.000000 0.000000 0.000000 0.000000 0.000000
0.000000 0.000000 0.000000 0.000000 0.000000 0.000000 0.000000 0.000000 0.000000 0.000000 0.000000 0.000000 0.000000 0.000000 0.000000 0.000000 0.000000 0.000000 0.000000 0.000000 0.000000