geotop/1.0zi/1.0Montebello/Templates/testdem/maps/_Erotot3411.asc
ncols         21
nrows         20
xllcorner     100.000000
yllcorner     100.000000
cellsize      50.000000
NODATA_value  -9999.0
0.000000 0.000000 0.000000 0.000000 0.000000 0.000000 0.000000 0.000000 0.000000 0.000000 0.000000 0.000000 0.000000 0.000000 0.000000 0.000000 0.000000 0.000000 0.000000 0.000000 0.000000
0.000000 0.000000 369.122476 369.125333 369.128878 369.247859 369.115413 369.121165 369.094821 369.134801 369.149510 369.134801 369.094821 369.121165 369.115413 369.247859 369.128878 369.125333 369.122476 0.000000 0.000000
0.000000 0.000000 11.403204 11.164630 9.408531 11.090110 11.406240 11.331887 11.451001 11.347026 11.714379 11.347026 11.451001 11.331887 11.406240 11.090110 9.408531 11.164630 11.403204 0.000000 0.000000
0.000000 0.000000 2706.772761 2706.508167 2706.654181 2704.839439 2706.814018 2706.244373 2706.134172 2706.944867 2707.082968 2706.944867 2706.134172 2706.244373 2706.814018 2704.839439 2706.654181 2706.508167 2706.772761 0.000000 0.000000
0.000000 0.000000 5104.794919 5104.618425 5103.918356 5104.496835 5105.034726 5104.889396 5104.879547 5104.979609 5105.006486 5104.979609 5104.879547 5104.889396 5105.034726 5104.496835 5103.918356 5104.618425 5104.794919 0.000000 0.000000
0.000000 0.000000 6611.172356 6610.992422 6610.384664 6610.526551 6611.359117 6611.024603 6611.040876 6611.326070 6611.554055 6611.326070 6611.040876 6611.024603 6611.359117 6610.526551 6610.384664 6610.992422 6611.172356 0.000000 0.000000
0.000000 0.000000 8513.050867 8512.909041 8512.359727 8512.486232 8513.206932 8512.911933 8512.928124 8513.175687 8513.401681 8513.175687 8512.928124 8512.911933 8513.206932 8512.486232 8512.359727 8512.909041 8513.050867 0.000000 0.000000
0.000000 0.000000 10269.224943 10269.111399 10268.612345 10268.741411 10269.358204 10269.101782 10269.116401 10269.334629 10269.538269 10269.334629 10269.116401 10269.101782 10269.358204 10268.741411 10268.612345 10269.111399 10269.224943 0.000000 0.000000
0.000000 0.000000 11882.254630 11882.154979 11881.690833 11881.817746 11882.382077 11882.147370 11882.158049 11882.359652 11882.551189 11882.359652 11882.158049 11882.147370 11882.382077 11881.817746 11881.690833 11882.154979 11882.254630 0.000000 0.000000
0.000000 0.000000 13379.556985 13379.485859 13379.040408 13379.203679 13379.676251 13379.465302 13379.478485 13379.658680 13379.833115 13379.658680 13379.478485 13379.465302 13379.676251 13379.203679 13379.040408 13379.485859 13379.556985 0.000000 0.000000
0.000000 0.000000 14770.870871 14770.793813 14770.377000 14770.515051 14770.991230 14770.785071 14770.794433 14770.972198 14771.136408 14770.972198 14770.794433 14770.785071 14770.991230 14770.515051 14770.377000 14770.793813 14770.870871 0.000000 0.000000
0.000000 0.000000 16081.685380 16081.611934 16081.222878 16081.355923 16081.814897 16081.619404 16081.624557 16081.800451 16081.953876 16081.800451 16081.624557 16081.619404 16081.814897 16081.355923 16081.222878 16081.611934 16081.685380 0.000000 0.000000
0.000000 0.000000 17320.554752 17320.487629 17320.111026 17320.244805 17320.677972 17320.491345 17320.495635 17320.666321 17320.809814 17320.666321 17320.495635 17320.491345 17320.677972 17320.244805 17320.111026 17320.487629 17320.554752 0.000000 0.000000
0.000000 0.000000 18501.500747 18501.441408 18501.079421 18501.228899 18501.622621 18501.444712 18501.450692 18501.613049 18501.749374 18501.613049 18501.450692 18501.444712 18501.622621 18501.228899 18501.079421 18501.441408 18501.500747 0.000000 0.000000
0.000000 0.000000 19628.776039 19628.711994 19628.358164 19628.494964 19628.886806 19628.717272 19628.723492 19628.883531 19629.012842 19628.883531 19628.723492 19628.717272 19628.886806 19628.494964 19628.358164 19628.711994 19628.776039 0.000000 0.000000
0.000000 0.000000 20705.416321 20705.354858 20705.014540 20705.143556 20705.521134 20705.357013 20705.362958 20705.516145 20705.641001 20705.516145 20705.362958 20705.357013 20705.521134 20705.143556 20705.014540 20705.354858 20705.416317 0.000000 0.000000
0.000000 0.000000 21738.081923 21738.021550 21737.687383 21737.819654 21738.180040 21738.022490 21738.028679 21738.177132 21738.294519 21738.177132 21738.028679 21738.022490 21738.180040 21737.819654 21737.687383 21738.021530 21738.081857 0.000000 0.000000
0.000000 0.000000 22781.668607 22782.155762 22781.831307 22781.958987 22782.309823 22782.157546 22782.162582 22782.306213 22782.419615 22782.306213 22782.162582 22782.157546 22782.309823 22781.958987 22781.831289 22782.152445 22782.209685 0.000000 0.000000
0.000000 0.000000 0.000000 0.000000 0.000000 0.000000 0.000000 0.000000 0.000000 0.000000 0.000000 0.000000 0.000000 0.000000 0.000000 0.000000 0.000000 0.000000 0.000000 0.000000 0.000000
0.000000 0.000000 0.000000 0.000000 0.000000 0.000000 0.000000 0.000000 0.000000 0.000000 0.000000 0.000000 0.000000 0.000000 0.000000 0.000000 0.000000 0.000000 0.000000 0.000000 0.000000