geotop/1.0zi/1.0Montebello/Templates/testdem/maps/_Erotot1472.asc
ncols         21
nrows         20
xllcorner     100.000000
yllcorner     100.000000
cellsize      50.000000
NODATA_value  -9999.0
0.000000 0.000000 0.000000 0.000000 0.000000 0.000000 0.000000 0.000000 0.000000 0.000000 0.000000 0.000000 0.000000 0.000000 0.000000 0.000000 0.000000 0.000000 0.000000 0.000000 0.000000
0.000000 0.000000 168.468874 168.470307 168.505261 168.480905 168.461581 168.470347 168.471962 168.466606 168.467305 168.466606 168.471962 168.470347 168.461581 168.480905 168.505261 168.470307 168.468874 0.000000 0.000000
0.000000 0.000000 10.400008 10.180323 8.403990 10.261332 10.443417 10.426633 10.436005 10.443912 10.441780 10.443912 10.436005 10.426633 10.443417 10.261332 8.403990 10.180323 10.400008 0.000000 0.000000
0.000000 0.000000 1166.505228 1166.281922 1166.252052 1164.266197 1166.595791 1166.176433 1166.122371 1166.721535 1166.676064 1166.721535 1166.122371 1166.176433 1166.595791 1164.266196 1166.252052 1166.281922 1166.505228 0.000000 0.000000
0.000000 0.000000 2161.488067 2161.266633 2160.511219 2161.204762 2161.654612 2161.461152 2161.414258 2161.569833 2161.523489 2161.569833 2161.414258 2161.461152 2161.654612 2161.204762 2160.511219 2161.266633 2161.488067 0.000000 0.000000
0.000000 0.000000 2826.779287 2826.600215 2825.834260 2826.031175 2826.936604 2826.689885 2826.660765 2826.902200 2826.879022 2826.902200 2826.660765 2826.689885 2826.936604 2826.031175 2825.834260 2826.600215 2826.779287 0.000000 0.000000
0.000000 0.000000 3682.033530 3681.887532 3681.196860 3681.390950 3682.168559 3681.959050 3681.940925 3682.141092 3682.122406 3682.141092 3681.940925 3681.959050 3682.168559 3681.390950 3681.196860 3681.887532 3682.033530 0.000000 0.000000
0.000000 0.000000 4495.783778 4495.661770 4495.024094 4495.216234 4495.897377 4495.718564 4495.702552 4495.877615 4495.860128 4495.877615 4495.702552 4495.718564 4495.897377 4495.216234 4495.024094 4495.661770 4495.783778 0.000000 0.000000
0.000000 0.000000 5266.630916 5266.517374 5265.911990 5266.098290 5266.737396 5266.571057 5266.556899 5266.722771 5266.706783 5266.722771 5266.556899 5266.571057 5266.737396 5266.098290 5265.911990 5266.517374 5266.630916 0.000000 0.000000
0.000000 0.000000 6003.432935 6003.346638 6002.754967 6002.977480 6003.528536 6003.380683 6003.373675 6003.521318 6003.505197 6003.521318 6003.373675 6003.380683 6003.528536 6002.977480 6002.754967 6003.346638 6003.432935 0.000000 0.000000
0.000000 0.000000 6709.612346 6709.516722 6708.944606 6709.139926 6709.708122 6709.558103 6709.548252 6709.697510 6709.680370 6709.697510 6709.548252 6709.558103 6709.708122 6709.139926 6708.944606 6709.516722 6709.612346 0.000000 0.000000
0.000000 0.000000 7392.113341 7392.015279 7391.458549 7391.643799 7392.203555 7392.057639 7392.048688 7392.195738 7392.179734 7392.195738 7392.048688 7392.057639 7392.203555 7391.643799 7391.458549 7392.015279 7392.113341 0.000000 0.000000
0.000000 0.000000 8058.496281 8058.400863 8057.852424 8058.038308 8058.583797 8058.440204 8058.432102 8058.576445 8058.559896 8058.576445 8058.432102 8058.440204 8058.583797 8058.038308 8057.852424 8058.400863 8058.496281 0.000000 0.000000
0.000000 0.000000 8708.048401 8707.959685 8707.417639 8707.622900 8708.133344 8707.994316 8707.988866 8708.128172 8708.111057 8708.128172 8707.988866 8707.994316 8708.133344 8707.622900 8707.417639 8707.959685 8708.048401 0.000000 0.000000
0.000000 0.000000 9344.399414 9344.308270 9343.769024 9343.963164 9344.483891 9344.344063 9344.337799 9344.478708 9344.460983 9344.478708 9344.337799 9344.344063 9344.483891 9343.963164 9343.769024 9344.308270 9344.399414 0.000000 0.000000
0.000000 0.000000 9968.566895 9968.476813 9967.951418 9968.137878 9968.650029 9968.513456 9968.507429 9968.645022 9968.627498 9968.645022 9968.507429 9968.513456 9968.650029 9968.137878 9967.951418 9968.476813 9968.566891 0.000000 0.000000
0.000000 0.000000 10579.579428 10579.490312 10578.966055 10579.155653 10579.665080 10579.526806 10579.520820 10579.657549 10579.638981 10579.657549 10579.520820 10579.526806 10579.665080 10579.155653 10578.966055 10579.490293 10579.579126 0.000000 0.000000
0.000000 0.000000 11209.943544 11210.155797 11209.634445 11209.815226 11210.326951 11210.187414 11210.181675 11210.320640 11210.301834 11210.320640 11210.181675 11210.187414 11210.326951 11209.815226 11209.634427 11210.152691 11210.242019 0.000000 0.000000
0.000000 0.000000 0.000000 0.000000 0.000000 0.000000 0.000000 0.000000 0.000000 0.000000 0.000000 0.000000 0.000000 0.000000 0.000000 0.000000 0.000000 0.000000 0.000000 0.000000 0.000000
0.000000 0.000000 0.000000 0.000000 0.000000 0.000000 0.000000 0.000000 0.000000 0.000000 0.000000 0.000000 0.000000 0.000000 0.000000 0.000000 0.000000 0.000000 0.000000 0.000000 0.000000