geotop/1.0zi/1.0Montebello/Templates/testdem/maps/_Erotot3496.asc
ncols         21
nrows         20
xllcorner     100.000000
yllcorner     100.000000
cellsize      50.000000
NODATA_value  -9999.0
0.000000 0.000000 0.000000 0.000000 0.000000 0.000000 0.000000 0.000000 0.000000 0.000000 0.000000 0.000000 0.000000 0.000000 0.000000 0.000000 0.000000 0.000000 0.000000 0.000000 0.000000
0.000000 0.000000 373.028751 373.031607 373.035153 373.154134 373.021680 373.027442 373.001097 373.041072 373.055776 373.041072 373.001097 373.027442 373.021680 373.154134 373.035153 373.031607 373.028751 0.000000 0.000000
0.000000 0.000000 11.503614 11.265047 9.508976 11.190657 11.506831 11.432330 11.551522 11.447782 11.815300 11.447782 11.551522 11.432330 11.506831 11.190657 9.508976 11.265047 11.503614 0.000000 0.000000
0.000000 0.000000 2740.321252 2740.056136 2740.199712 2738.369061 2740.245712 2739.533674 2739.347238 2740.139392 2740.273266 2740.139392 2739.347238 2739.533674 2740.245712 2738.369061 2740.199712 2740.056136 2740.321252 0.000000 0.000000
0.000000 0.000000 5196.660838 5196.484582 5195.785689 5196.364279 5196.902999 5196.736478 5196.718279 5196.821500 5196.848535 5196.821500 5196.718279 5196.736478 5196.902999 5196.364279 5195.785689 5196.484582 5196.660838 0.000000 0.000000
0.000000 0.000000 6725.333289 6725.153507 6724.545970 6724.681620 6725.474824 6725.066441 6725.048234 6725.326167 6725.552231 6725.326167 6725.048234 6725.066441 6725.474824 6724.681620 6724.545970 6725.153507 6725.333289 0.000000 0.000000
0.000000 0.000000 8664.197892 8664.056256 8663.507624 8663.628656 8664.314817 8663.954699 8663.942070 8664.183392 8664.407459 8664.183392 8663.942070 8663.954699 8664.314817 8663.628656 8663.507624 8664.056256 8664.197892 0.000000 0.000000
0.000000 0.000000 10454.027959 10453.914624 10453.416652 10453.540885 10454.127578 10453.815859 10453.806394 10454.019178 10454.220964 10454.019178 10453.806394 10453.815859 10454.127578 10453.540885 10453.416652 10453.914624 10454.027959 0.000000 0.000000
0.000000 0.000000 12096.634213 12096.534851 12096.072134 12096.194608 12096.731664 12096.448635 12096.438344 12096.634924 12096.824634 12096.634924 12096.438344 12096.448635 12096.731664 12096.194608 12096.072134 12096.534851 12096.634213 0.000000 0.000000
0.000000 0.000000 13619.985927 13619.915086 13619.471422 13619.630371 13620.077733 13619.823349 13619.817652 13619.993115 13620.165739 13619.993115 13619.817652 13619.823349 13620.077733 13619.630371 13619.471422 13619.915086 13619.985927 0.000000 0.000000
0.000000 0.000000 15034.469257 15034.392539 15033.977801 15034.111649 15034.563928 15034.317964 15034.309937 15034.483119 15034.645512 15034.483119 15034.309937 15034.317964 15034.563928 15034.111649 15033.977801 15034.392539 15034.469257 0.000000 0.000000
0.000000 0.000000 16366.024649 16365.951594 16365.564866 16365.693780 16366.129751 16365.897283 16365.886199 16366.057545 16366.209149 16366.057545 16365.886199 16365.897283 16366.129751 16365.693780 16365.564866 16365.951594 16366.024649 0.000000 0.000000
0.000000 0.000000 17623.394411 17623.327739 17622.953682 17623.083484 17623.495168 17623.275545 17623.265321 17623.431547 17623.573195 17623.431547 17623.265321 17623.275545 17623.495168 17623.083484 17622.953682 17623.327739 17623.394411 0.000000 0.000000
0.000000 0.000000 18820.629938 18820.571097 18820.211929 18820.357339 18820.730112 18820.520979 18820.513061 18820.670979 18820.805441 18820.670979 18820.513061 18820.520979 18820.730112 18820.357339 18820.211929 18820.571097 18820.629938 0.000000 0.000000
0.000000 0.000000 19962.184718 19962.121248 19961.770583 19961.903561 19962.276812 19962.081452 19962.076067 19962.231947 19962.359415 19962.231947 19962.076067 19962.081452 19962.276812 19961.903561 19961.770583 19962.121248 19962.184718 0.000000 0.000000
0.000000 0.000000 21050.890460 21050.829634 21050.492751 21050.617839 21050.976417 21050.786424 21050.780485 21050.929468 21051.052339 21050.929468 21050.780485 21050.786424 21050.976417 21050.617839 21050.492751 21050.829633 21050.890456 0.000000 0.000000
0.000000 0.000000 22094.720923 22094.661165 22094.330669 22094.458938 22094.800206 22094.617039 22094.611374 22094.755535 22094.870975 22094.755535 22094.611374 22094.617039 22094.800206 22094.458938 22094.330669 22094.661144 22094.720821 0.000000 0.000000
0.000000 0.000000 23146.918131 23147.401891 23147.081355 23147.205085 23147.537192 23147.360697 23147.354363 23147.493736 23147.605083 23147.493736 23147.354363 23147.360697 23147.537192 23147.205085 23147.081338 23147.398574 23147.455106 0.000000 0.000000
0.000000 0.000000 0.000000 0.000000 0.000000 0.000000 0.000000 0.000000 0.000000 0.000000 0.000000 0.000000 0.000000 0.000000 0.000000 0.000000 0.000000 0.000000 0.000000 0.000000 0.000000
0.000000 0.000000 0.000000 0.000000 0.000000 0.000000 0.000000 0.000000 0.000000 0.000000 0.000000 0.000000 0.000000 0.000000 0.000000 0.000000 0.000000 0.000000 0.000000 0.000000 0.000000