geotop/1.0zi/1.0Montebello/Templates/testdem/maps/_Erotot6800.asc
ncols         21
nrows         20
xllcorner     100.000000
yllcorner     100.000000
cellsize      50.000000
NODATA_value  -9999.0
0.000000 0.000000 0.000000 0.000000 0.000000 0.000000 0.000000 0.000000 0.000000 0.000000 0.000000 0.000000 0.000000 0.000000 0.000000 0.000000 0.000000 0.000000 0.000000 0.000000 0.000000
0.000000 0.000000 544.548374 545.348338 545.009434 545.257710 544.653343 544.651742 544.611196 544.774544 545.182167 544.523065 544.413874 544.506913 544.772824 544.727402 545.452760 545.710286 545.764515 0.000000 0.000000
0.000000 0.000000 42.457963 41.317500 41.404754 41.548977 41.791256 41.622101 41.436626 41.221917 41.464707 41.734927 41.628228 41.853184 41.654288 41.446622 40.169830 39.384598 40.065256 0.000000 0.000000
0.000000 0.000000 225.974174 228.137207 217.131104 214.428436 214.282920 208.897036 208.243051 208.053689 207.166008 206.332050 208.439304 207.124731 213.631002 219.596671 220.501794 221.595784 226.833810 0.000000 0.000000
0.000000 0.000000 2282.559556 2285.716439 2289.271485 2269.212256 2254.956827 2241.776249 2244.917097 2240.660261 2246.206914 2251.620105 2247.005888 2245.361659 2257.493993 2260.029318 2267.901402 2275.701711 2277.525940 0.000000 0.000000
0.000000 0.000000 4003.247438 3997.626405 3994.580980 3987.791884 3975.054093 3967.570991 3966.083974 3966.097550 3962.642423 3957.128995 3955.995715 3959.132185 3958.692182 3976.259687 3984.852366 3991.194678 3993.085559 0.000000 0.000000
0.000000 0.000000 5167.557640 5164.735895 5160.815088 5155.655547 5142.510893 5124.569474 5124.161261 5120.191253 5122.046084 5125.954616 5127.511463 5127.971191 5151.269829 5160.824220 5164.930210 5166.716488 5172.200177 0.000000 0.000000
0.000000 0.000000 5976.145628 5977.126423 5974.715251 5966.679440 5965.701505 5957.726845 5958.272812 5958.395084 5957.449237 5954.365605 5953.673355 5958.768174 5959.335014 5962.839639 5973.283366 5971.253718 5975.931292 0.000000 0.000000
0.000000 0.000000 7085.998684 7082.476625 7076.886989 7077.562695 7068.933646 7056.663972 7057.567605 7053.870855 7051.752103 7052.229899 7054.189504 7048.552087 7064.100615 7076.408984 7076.855498 7079.113817 7080.753225 0.000000 0.000000
0.000000 0.000000 8364.578771 8361.823465 8362.784136 8360.375976 8343.352052 8335.581279 8336.090330 8335.397270 8332.973515 8336.226372 8339.356789 8338.008062 8342.650231 8354.597964 8360.575610 8361.353372 8362.633357 0.000000 0.000000
0.000000 0.000000 9750.449497 9749.871225 9748.151111 9731.572249 9728.459073 9715.368090 9720.053791 9708.905013 9712.262924 9711.428847 9705.437607 9713.769628 9720.086792 9722.204049 9732.012694 9737.656344 9747.231463 0.000000 0.000000
0.000000 0.000000 11217.804167 11211.782872 11205.641303 11202.989719 11196.196287 11179.921974 11177.929877 11177.556680 11184.582540 11175.908249 11178.719859 11178.531151 11196.496132 11202.367334 11204.118933 11206.408908 11227.476159 0.000000 0.000000
0.000000 0.000000 12720.443940 12717.186275 12717.223548 12707.656621 12702.638222 12668.305007 12666.810508 12666.119747 12649.382404 12659.190635 12663.565778 12666.553011 12689.276639 12694.922498 12712.446208 12711.475687 12719.497878 0.000000 0.000000
0.000000 0.000000 14393.199533 14395.307158 14385.477150 14382.346591 14345.090440 14355.979626 14344.064745 14345.140761 14348.474153 14346.643575 14345.002487 14341.204233 14327.217725 14369.427930 14374.918222 14389.242807 14397.706549 0.000000 0.000000
0.000000 0.000000 16225.618377 16219.297651 16213.616031 16176.682438 16178.933569 16160.262420 16144.571805 16142.804256 16135.579323 16128.113306 16131.731597 16129.871038 16151.617044 16152.450951 16209.938746 16198.220041 16197.823619 0.000000 0.000000
0.000000 0.000000 18133.654376 18132.009060 18077.752820 18082.944613 18088.057470 18078.702116 18103.483218 18092.514525 18102.953736 18096.395555 18089.239904 18102.702976 18105.576354 18105.753168 18071.769809 18147.252139 18140.848129 0.000000 0.000000
0.000000 0.000000 20358.110479 20286.529170 20289.961432 20271.802997 20232.545815 20224.188421 20208.939064 20213.945713 20192.555425 20193.953631 20203.167000 20198.543190 20216.103834 20237.995295 20288.707070 20268.272600 20346.245837 0.000000 0.000000
0.000000 0.000000 21703.697951 21743.207092 21816.711466 21808.783924 21796.446042 21735.945617 21739.113522 21719.081010 21741.207474 21737.026745 21741.693237 21740.234629 21792.798866 21804.443334 21829.777367 21758.278494 21720.423890 0.000000 0.000000
0.000000 0.000000 0.000000 0.000000 0.000000 0.000000 0.000000 0.000000 0.000000 0.000000 0.000000 0.000000 0.000000 0.000000 0.000000 0.000000 0.000000 0.000000 0.000000 0.000000 0.000000
0.000000 0.000000 0.000000 0.000000 0.000000 0.000000 0.000000 0.000000 0.000000 0.000000 0.000000 0.000000 0.000000 0.000000 0.000000 0.000000 0.000000 0.000000 0.000000 0.000000 0.000000