geotop/1.0zi/1.0Montebello/Templates/testdem/maps/_Erotot5738.asc
ncols         21
nrows         20
xllcorner     100.000000
yllcorner     100.000000
cellsize      50.000000
NODATA_value  -9999.0
0.000000 0.000000 0.000000 0.000000 0.000000 0.000000 0.000000 0.000000 0.000000 0.000000 0.000000 0.000000 0.000000 0.000000 0.000000 0.000000 0.000000 0.000000 0.000000 0.000000 0.000000
0.000000 0.000000 436.951922 436.155337 435.977937 435.770024 435.734893 435.840441 435.790314 435.964500 435.871418 435.668783 435.608472 435.687805 435.793286 435.694536 435.887544 436.080684 436.495551 0.000000 0.000000
0.000000 0.000000 32.989341 33.652599 33.941751 35.110036 34.855976 34.616433 34.438706 34.215421 34.426204 34.778984 34.595126 34.352467 34.806379 34.572377 33.744292 32.909655 32.312855 0.000000 0.000000
0.000000 0.000000 184.697788 186.036788 178.416613 175.641122 177.025252 171.970872 171.586539 171.137097 170.418228 168.040574 170.612173 168.751130 172.116387 177.706012 177.375166 180.612116 183.898800 0.000000 0.000000
0.000000 0.000000 1780.643395 1785.522402 1791.493205 1773.280046 1758.268877 1747.505195 1750.120413 1747.565478 1751.263286 1755.508004 1751.912262 1749.844863 1759.824866 1759.070370 1766.291901 1773.357767 1774.601270 0.000000 0.000000
0.000000 0.000000 3185.518536 3179.464984 3176.785991 3172.465613 3164.632622 3157.302935 3155.801504 3155.676574 3154.746260 3152.691844 3149.978232 3152.017902 3151.461766 3166.824193 3171.758247 3175.010589 3177.459640 0.000000 0.000000
0.000000 0.000000 4189.370383 4186.860265 4183.881782 4179.547015 4166.676892 4150.428724 4150.541745 4147.155467 4148.884138 4151.653643 4153.562050 4154.593810 4174.162407 4183.372769 4188.135949 4189.798333 4194.987642 0.000000 0.000000
0.000000 0.000000 4828.494029 4829.911389 4829.146524 4822.947919 4822.498812 4815.564514 4816.180383 4816.594766 4815.420440 4813.054478 4812.705479 4816.133351 4815.891236 4818.120312 4826.302103 4824.556504 4827.565079 0.000000 0.000000
0.000000 0.000000 5679.386093 5676.789174 5672.909699 5674.010919 5667.548220 5657.269425 5657.819576 5655.250587 5652.872821 5654.111386 5655.226521 5649.932135 5662.674137 5670.330454 5672.315220 5673.127358 5674.541707 0.000000 0.000000
0.000000 0.000000 6664.022619 6661.732703 6664.066448 6663.574667 6649.056648 6642.249481 6643.755635 6642.908129 6640.950835 6644.090023 6646.940884 6645.188457 6647.992773 6657.872014 6661.568312 6661.746836 6662.428856 0.000000 0.000000
0.000000 0.000000 7725.671018 7725.940387 7726.261862 7712.315906 7709.844212 7699.382636 7702.996979 7694.069045 7696.547652 7695.672608 7690.929639 7697.998968 7701.958406 7703.000533 7709.454670 7715.251592 7722.420201 0.000000 0.000000
0.000000 0.000000 8833.767885 8829.341653 8824.729246 8823.163186 8819.410549 8804.954664 8804.120459 8803.267393 8809.932163 8803.029154 8804.930049 8804.295266 8819.153826 8822.012878 8823.316456 8823.808906 8842.881114 0.000000 0.000000
0.000000 0.000000 9953.619663 9951.799902 9952.978361 9945.785249 9941.895339 9916.301273 9915.205129 9914.934976 9900.919708 9909.770879 9913.551953 9915.306301 9930.392628 9933.905909 9947.491027 9946.844685 9953.649319 0.000000 0.000000
0.000000 0.000000 11179.859778 11181.328053 11174.834848 11173.923028 11147.889050 11155.847358 11145.742930 11147.192745 11148.409237 11148.090964 11146.531472 11143.044505 11133.054899 11160.947205 11166.152290 11176.478961 11183.340884 0.000000 0.000000
0.000000 0.000000 12499.304992 12494.447360 12491.848204 12469.634787 12469.020697 12454.214978 12441.775243 12440.356829 12435.679293 12429.716660 12432.650791 12430.706962 12444.658637 12448.277553 12487.072771 12478.590230 12478.725324 0.000000 0.000000
0.000000 0.000000 13849.650658 13849.128885 13816.020192 13814.992716 13819.854578 13812.305476 13828.686570 13821.357165 13827.004022 13822.673705 13817.659017 13825.492884 13828.920867 13828.336453 13809.393804 13857.162339 13850.294896 0.000000 0.000000
0.000000 0.000000 15378.990672 15339.308213 15337.079656 15328.333434 15304.529566 15298.160734 15290.673396 15293.773540 15280.886072 15281.220119 15285.676558 15285.628533 15296.305671 15306.022651 15335.127148 15330.322072 15375.382406 0.000000 0.000000
0.000000 0.000000 16459.609043 16469.927918 16511.812549 16505.279242 16491.140673 16456.617812 16457.755227 16444.540046 16455.415586 16453.641185 16459.256351 16454.195803 16484.003907 16495.578702 16518.167759 16475.267193 16464.691063 0.000000 0.000000
0.000000 0.000000 0.000000 0.000000 0.000000 0.000000 0.000000 0.000000 0.000000 0.000000 0.000000 0.000000 0.000000 0.000000 0.000000 0.000000 0.000000 0.000000 0.000000 0.000000 0.000000
0.000000 0.000000 0.000000 0.000000 0.000000 0.000000 0.000000 0.000000 0.000000 0.000000 0.000000 0.000000 0.000000 0.000000 0.000000 0.000000 0.000000 0.000000 0.000000 0.000000 0.000000