geotop/1.0zi/1.0Montebello/Templates/testdem/maps/_Erotot3199.asc
ncols         21
nrows         20
xllcorner     100.000000
yllcorner     100.000000
cellsize      50.000000
NODATA_value  -9999.0
0.000000 0.000000 0.000000 0.000000 0.000000 0.000000 0.000000 0.000000 0.000000 0.000000 0.000000 0.000000 0.000000 0.000000 0.000000 0.000000 0.000000 0.000000 0.000000 0.000000 0.000000
0.000000 0.000000 351.253013 351.255867 351.259422 351.378201 351.247493 351.251820 351.225660 351.266258 351.281424 351.266258 351.225660 351.251820 351.247493 351.378201 351.259422 351.255867 351.253013 0.000000 0.000000
0.000000 0.000000 11.495414 11.256756 9.499684 11.181385 11.493859 11.424407 11.539147 11.438175 11.805412 11.438175 11.539147 11.424407 11.493859 11.181385 9.499684 11.256756 11.495414 0.000000 0.000000
0.000000 0.000000 2588.674893 2588.305150 2588.462526 2586.627990 2588.474444 2588.005842 2587.970775 2588.774966 2588.916953 2588.774966 2587.970775 2588.005842 2588.474444 2586.627990 2588.462526 2588.305150 2588.674893 0.000000 0.000000
0.000000 0.000000 4831.287538 4831.109254 4830.438947 4831.016131 4831.538770 4831.410040 4831.385957 4831.492271 4831.512969 4831.492271 4831.385957 4831.410040 4831.538770 4831.016131 4830.438947 4831.109254 4831.287538 0.000000 0.000000
0.000000 0.000000 6269.654907 6269.430707 6268.818749 6268.953308 6269.720895 6269.446558 6269.478742 6269.765088 6269.988411 6269.765088 6269.478742 6269.446558 6269.720895 6268.953308 6268.818749 6269.430707 6269.654907 0.000000 0.000000
0.000000 0.000000 8073.835524 8073.645924 8073.087436 8073.206415 8073.861405 8073.625412 8073.659172 8073.907579 8074.129880 8073.907579 8073.659172 8073.625412 8073.861405 8073.206415 8073.087436 8073.645924 8073.835524 0.000000 0.000000
0.000000 0.000000 9742.279444 9742.118980 9741.605793 9741.728252 9742.283996 9742.082242 9742.114682 9742.333722 9742.534734 9742.333722 9742.114682 9742.082242 9742.283996 9741.728252 9741.605793 9742.118980 9742.279444 0.000000 0.000000
0.000000 0.000000 11280.031974 11279.886471 11279.403393 11279.524638 11280.032543 11279.848775 11279.877263 11280.079919 11280.269706 11280.079919 11279.877263 11279.848775 11280.032543 11279.524638 11279.403393 11279.886471 11280.031974 0.000000 0.000000
0.000000 0.000000 12710.835564 12710.720344 12710.255637 12710.414028 12710.833527 12710.670519 12710.701356 12710.882731 12711.056046 12710.882731 12710.701356 12710.670519 12710.833527 12710.414028 12710.255637 12710.720344 12710.835564 0.000000 0.000000
0.000000 0.000000 14043.484946 14043.364995 14042.926228 14043.060086 14043.486556 14043.325552 14043.352187 14043.531371 14043.694924 14043.531371 14043.352187 14043.325552 14043.486556 14043.060086 14042.926228 14043.364995 14043.484946 0.000000 0.000000
0.000000 0.000000 15302.663389 15302.548542 15302.137817 15302.267118 15302.680179 15302.526876 15302.548923 15302.726745 15302.880028 15302.726745 15302.548923 15302.526876 15302.680179 15302.267118 15302.137817 15302.548542 15302.663389 0.000000 0.000000
0.000000 0.000000 16495.782619 16495.675271 16495.276086 16495.406574 16495.798298 16495.650057 16495.671198 16495.844150 16495.988342 16495.844150 16495.671198 16495.650057 16495.798298 16495.406574 16495.276086 16495.675271 16495.782619 0.000000 0.000000
0.000000 0.000000 17637.052252 17636.954091 17636.568928 17636.715939 17637.069912 17636.928854 17636.950755 17637.115719 17637.252697 17637.115719 17636.950755 17636.928854 17637.069912 17636.715939 17636.568928 17636.954091 17637.052252 0.000000 0.000000
0.000000 0.000000 18727.740987 18727.642626 18727.268116 18727.403216 18727.762254 18727.623052 18727.642484 18727.806043 18727.936428 18727.806043 18727.642484 18727.623052 18727.762254 18727.403216 18727.268116 18727.642626 18727.740987 0.000000 0.000000
0.000000 0.000000 19772.013309 19771.917344 19771.555145 19771.682536 19772.027450 19771.893698 19771.913248 19772.069720 19772.195984 19772.069720 19771.913248 19771.893698 19772.027450 19771.682536 19771.555145 19771.917344 19772.013305 0.000000 0.000000
0.000000 0.000000 20775.878633 20775.785508 20775.429781 20775.560856 20775.892721 20775.761951 20775.781375 20775.933632 20776.052712 20775.933632 20775.781375 20775.761951 20775.892721 20775.560856 20775.429780 20775.785488 20775.878596 0.000000 0.000000
0.000000 0.000000 21794.249948 21794.701092 21794.354260 21794.480996 21794.804230 21794.678164 21794.696028 21794.843633 21794.959067 21794.843633 21794.696028 21794.678164 21794.804229 21794.480996 21794.354243 21794.697756 21794.787270 0.000000 0.000000
0.000000 0.000000 0.000000 0.000000 0.000000 0.000000 0.000000 0.000000 0.000000 0.000000 0.000000 0.000000 0.000000 0.000000 0.000000 0.000000 0.000000 0.000000 0.000000 0.000000 0.000000
0.000000 0.000000 0.000000 0.000000 0.000000 0.000000 0.000000 0.000000 0.000000 0.000000 0.000000 0.000000 0.000000 0.000000 0.000000 0.000000 0.000000 0.000000 0.000000 0.000000 0.000000