geotop/1.0zi/1.0Montebello/Templates/testdem/maps/_Erotot4793.asc
ncols         21
nrows         20
xllcorner     100.000000
yllcorner     100.000000
cellsize      50.000000
NODATA_value  -9999.0
0.000000 0.000000 0.000000 0.000000 0.000000 0.000000 0.000000 0.000000 0.000000 0.000000 0.000000 0.000000 0.000000 0.000000 0.000000 0.000000 0.000000 0.000000 0.000000 0.000000 0.000000
0.000000 0.000000 360.489368 359.570415 359.285204 359.089945 359.065242 359.073822 359.115124 359.272559 359.229623 359.101451 359.182139 359.246696 359.136390 359.173936 359.370900 359.338715 359.903130 0.000000 0.000000
0.000000 0.000000 28.302383 29.250651 29.697526 30.735247 30.251813 30.369312 30.047658 29.845207 29.915126 30.258114 29.920463 29.726366 30.325275 29.948224 29.126186 28.519085 27.847895 0.000000 0.000000
0.000000 0.000000 136.802079 138.138069 131.090656 128.809493 129.999208 125.022475 124.235637 123.849230 122.967389 122.452691 123.492940 122.040273 124.662202 129.724378 130.232459 132.456211 135.093630 0.000000 0.000000
0.000000 0.000000 1394.910772 1399.181484 1404.339654 1387.144107 1376.168333 1368.099977 1370.698834 1365.123349 1369.038102 1372.990866 1373.343733 1373.724134 1383.106323 1382.039596 1387.527314 1393.273411 1395.119562 0.000000 0.000000
0.000000 0.000000 2683.287663 2677.640332 2673.778001 2670.604196 2664.356945 2661.105377 2658.468115 2660.189071 2659.757881 2657.130184 2653.518057 2655.399502 2655.298464 2668.290501 2672.455219 2672.547554 2675.417814 0.000000 0.000000
0.000000 0.000000 3441.331164 3436.716914 3431.923686 3428.042667 3417.121597 3401.638751 3402.989221 3399.442488 3402.504371 3401.779351 3404.671340 3406.948539 3421.573927 3430.815732 3437.142550 3440.871867 3444.432669 0.000000 0.000000
0.000000 0.000000 3976.627877 3976.755184 3977.365513 3972.803685 3970.905952 3966.028402 3966.721171 3966.859978 3964.427736 3965.341710 3964.365617 3963.570336 3967.008032 3970.541499 3972.709088 3972.141947 3973.382428 0.000000 0.000000
0.000000 0.000000 4651.438377 4651.105470 4648.406345 4646.007729 4641.239379 4632.469513 4632.746979 4630.791155 4631.288884 4631.907127 4631.287674 4632.301541 4637.815834 4645.825437 4645.940302 4647.447365 4651.189457 0.000000 0.000000
0.000000 0.000000 5447.786741 5445.839774 5445.961680 5441.893322 5432.719241 5427.510709 5429.146255 5428.101084 5428.205572 5428.189225 5427.474049 5426.247860 5433.964496 5440.881426 5443.246245 5444.281781 5445.684153 0.000000 0.000000
0.000000 0.000000 6290.862944 6288.850013 6287.310766 6284.956572 6281.820972 6271.035335 6271.349374 6268.703229 6268.805212 6269.840862 6269.030098 6269.338266 6274.744249 6277.755842 6282.636151 6284.742806 6287.846431 0.000000 0.000000
0.000000 0.000000 7168.891276 7167.961710 7165.361829 7158.341111 7153.111484 7144.742257 7143.772916 7143.269101 7143.385601 7142.508747 7142.436258 7142.758751 7152.260484 7158.542255 7162.054819 7163.254065 7180.429990 0.000000 0.000000
0.000000 0.000000 8054.065542 8051.952743 8049.587904 8046.519044 8038.501353 8018.553756 8018.845004 8016.915720 8016.826797 8017.425416 8016.162866 8017.115980 8034.096658 8042.603924 8045.981696 8047.521533 8049.943574 0.000000 0.000000
0.000000 0.000000 9000.613850 8997.300370 8995.014984 8990.807134 8969.920091 8978.063120 8972.133212 8971.078997 8971.504417 8971.798219 8970.876841 8971.107964 8965.433357 8985.134395 8989.199440 8994.580146 8994.521051 0.000000 0.000000
0.000000 0.000000 10012.551866 10007.557695 10002.613120 9988.652452 9985.420215 9968.714794 9960.427894 9958.570034 9954.189269 9953.842491 9955.333374 9953.453196 9965.095593 9973.588427 9996.446350 9991.966680 9993.450646 0.000000 0.000000
0.000000 0.000000 11024.397233 11023.762249 11001.457514 11004.593203 11003.376750 11002.140676 11005.108748 11005.030141 11008.000815 11007.765231 11004.781573 11010.666536 11008.655684 11007.622877 10995.911473 11021.688527 11026.539560 0.000000 0.000000
0.000000 0.000000 12173.349888 12146.766455 12137.923511 12129.315339 12113.030819 12106.220576 12104.460175 12103.448551 12099.503443 12099.775400 12100.529102 12098.022357 12103.450798 12121.459985 12135.809435 12136.310393 12163.112922 0.000000 0.000000
0.000000 0.000000 13018.927267 13022.767343 13046.487362 13036.031551 13028.663926 13003.176421 13001.417963 12998.379062 13000.334688 13000.031399 12998.669157 13000.853592 13025.125442 13034.561283 13047.129227 13019.113473 13020.853753 0.000000 0.000000
0.000000 0.000000 0.000000 0.000000 0.000000 0.000000 0.000000 0.000000 0.000000 0.000000 0.000000 0.000000 0.000000 0.000000 0.000000 0.000000 0.000000 0.000000 0.000000 0.000000 0.000000
0.000000 0.000000 0.000000 0.000000 0.000000 0.000000 0.000000 0.000000 0.000000 0.000000 0.000000 0.000000 0.000000 0.000000 0.000000 0.000000 0.000000 0.000000 0.000000 0.000000 0.000000