geotop/1.0zi/1.0Montebello/Templates/testdem/maps/_Erotot7918.asc
ncols         21
nrows         20
xllcorner     100.000000
yllcorner     100.000000
cellsize      50.000000
NODATA_value  -9999.0
0.000000 0.000000 0.000000 0.000000 0.000000 0.000000 0.000000 0.000000 0.000000 0.000000 0.000000 0.000000 0.000000 0.000000 0.000000 0.000000 0.000000 0.000000 0.000000 0.000000 0.000000
0.000000 0.000000 663.041260 663.853979 663.319846 663.441020 662.445881 662.619255 662.606477 662.669875 663.102054 662.427462 662.305840 662.358121 662.718209 662.857459 663.676976 664.208709 664.408991 0.000000 0.000000
0.000000 0.000000 51.250617 50.273175 50.196742 50.585826 51.221498 50.903727 50.607916 50.470923 50.702419 51.062875 51.081996 51.232410 50.983038 50.470898 49.193961 48.338605 48.857131 0.000000 0.000000
0.000000 0.000000 354.479539 355.597996 343.538056 337.979275 338.524581 327.210984 327.333649 328.147702 324.487921 322.717960 324.865144 325.004787 335.269978 342.324782 346.946114 349.866049 354.741318 0.000000 0.000000
0.000000 0.000000 3199.857451 3201.036783 3203.661629 3180.241809 3160.795735 3150.165976 3149.375119 3144.710089 3151.563237 3156.649675 3152.140279 3150.741529 3165.747062 3169.166988 3179.818461 3188.637318 3188.507792 0.000000 0.000000
0.000000 0.000000 5081.141440 5075.913753 5072.418455 5066.327200 5051.268723 5041.245690 5042.127747 5041.053880 5037.754769 5032.057164 5031.086673 5034.275013 5033.723461 5053.766158 5061.653089 5068.454947 5071.608985 0.000000 0.000000
0.000000 0.000000 6383.202784 6379.999593 6375.485116 6368.457935 6354.669504 6332.752834 6331.682044 6327.897869 6329.324027 6333.038102 6334.539859 6335.029919 6362.855767 6372.874008 6378.476084 6381.262711 6386.517015 0.000000 0.000000
0.000000 0.000000 7494.783466 7494.835015 7491.825984 7481.688722 7479.160473 7469.735225 7469.914890 7469.736291 7468.773190 7464.812419 7464.123157 7470.353778 7472.230470 7477.143866 7489.699681 7488.254557 7493.294072 0.000000 0.000000
0.000000 0.000000 8954.133126 8949.372231 8943.009304 8942.408249 8931.259425 8915.837990 8917.092725 8912.516550 8910.473160 8910.200784 8912.672121 8906.887206 8925.641717 8939.591291 8941.532787 8945.252358 8946.675183 0.000000 0.000000
0.000000 0.000000 10624.837674 10621.136874 10621.301493 10616.704806 10596.212895 10586.387801 10585.957001 10585.713269 10582.279482 10585.742229 10588.873889 10588.162919 10595.116660 10609.620213 10617.385570 10619.373667 10620.526774 0.000000 0.000000
0.000000 0.000000 12453.803662 12452.723439 12449.711136 12429.030794 12423.085251 12407.101083 12412.857852 12399.451377 12403.607070 12401.796523 12394.821117 12404.843852 12414.417172 12417.381985 12430.120344 12437.212434 12448.005513 0.000000 0.000000
0.000000 0.000000 14435.654492 14427.337471 14419.064628 14415.263904 14404.760733 14384.536627 14380.800497 14381.490138 14388.859915 14377.717404 14381.931699 14381.764324 14404.544342 14413.308563 14416.350808 14420.386952 14443.849603 0.000000 0.000000
0.000000 0.000000 16495.748237 16490.582298 16490.856985 16476.470213 16469.288307 16419.868191 16418.148509 16417.155810 16395.576980 16408.104800 16412.399399 16417.235909 16451.726562 16459.094824 16482.726306 16482.384383 16490.008447 0.000000 0.000000
0.000000 0.000000 18858.202975 18860.381684 18846.456363 18841.338515 18782.067974 18802.776754 18786.775240 18788.025524 18794.772408 18789.762980 18787.523212 18782.586826 18760.987037 18825.004299 18831.650305 18852.097567 18861.909447 0.000000 0.000000
0.000000 0.000000 21507.844888 21498.967351 21489.633515 21423.736763 21438.516770 21405.431420 21385.885848 21382.557164 21370.465842 21359.759741 21366.206984 21364.948926 21402.010291 21390.378415 21484.749906 21465.766534 21463.210185 0.000000 0.000000
0.000000 0.000000 24271.907612 24268.313300 24173.493421 24202.753839 24203.231705 24193.951995 24237.142611 24222.049714 24242.202075 24233.864414 24218.811955 24243.441682 24244.255129 24245.717774 24164.402262 24303.442191 24294.996851 0.000000 0.000000
0.000000 0.000000 27573.247048 27434.856501 27471.149306 27424.345155 27351.759985 27336.438537 27297.254675 27308.726071 27265.022251 27269.422178 27292.205974 27272.803536 27306.254530 27352.005753 27468.036468 27386.749370 27533.750017 0.000000 0.000000
0.000000 0.000000 28842.816137 28976.324703 29103.417178 29104.996922 29108.717923 28997.766543 29015.524310 28978.795322 29034.323230 29024.067153 29020.434779 29032.061986 29123.824531 29122.349403 29126.740378 29022.053302 28889.680203 0.000000 0.000000
0.000000 0.000000 0.000000 0.000000 0.000000 0.000000 0.000000 0.000000 0.000000 0.000000 0.000000 0.000000 0.000000 0.000000 0.000000 0.000000 0.000000 0.000000 0.000000 0.000000 0.000000
0.000000 0.000000 0.000000 0.000000 0.000000 0.000000 0.000000 0.000000 0.000000 0.000000 0.000000 0.000000 0.000000 0.000000 0.000000 0.000000 0.000000 0.000000 0.000000 0.000000 0.000000