geotop/1.0zi/1.0Montebello/Templates/testdem/maps/_Erotot150z.asc
ncols         21
nrows         20
xllcorner     100.000000
yllcorner     100.000000
cellsize      50.000000
NODATA_value  -9999.0
0.000000 0.000000 0.000000 0.000000 0.000000 0.000000 0.000000 0.000000 0.000000 0.000000 0.000000 0.000000 0.000000 0.000000 0.000000 0.000000 0.000000 0.000000 0.000000 0.000000 0.000000
0.000000 0.000000 974.107509 973.455975 972.093468 970.178269 968.812615 968.021825 968.490540 969.174332 969.092123 968.270107 968.227687 968.303547 969.886644 970.408793 973.221777 973.868705 974.455495 0.000000 0.000000
0.000000 0.000000 69.106919 70.108128 68.602797 71.551972 70.876034 70.177761 70.519307 69.340075 70.276985 72.515408 70.253425 70.298659 69.821532 69.338234 67.123746 66.431055 69.496519 0.000000 0.000000
0.000000 0.000000 916.193892 923.562648 902.590537 893.118052 896.669442 886.064218 885.636399 888.527677 880.337162 880.914373 885.998851 890.144773 893.704869 906.920873 912.339022 912.976317 917.704000 0.000000 0.000000
0.000000 0.000000 6015.495457 5998.022770 5999.708874 5955.607510 5922.025902 5905.478222 5900.090117 5893.734351 5899.738189 5905.971363 5907.860626 5896.596608 5920.515180 5928.894355 5948.437864 5961.967629 5963.966304 0.000000 0.000000
0.000000 0.000000 8463.514488 8461.162841 8452.201213 8452.515688 8423.307001 8408.507326 8411.580777 8410.557717 8402.171283 8396.032454 8393.856678 8397.485691 8400.387523 8431.601106 8431.623192 8441.197367 8441.499077 0.000000 0.000000
0.000000 0.000000 10364.013266 10357.558751 10350.640402 10335.415517 10327.360945 10281.675769 10278.407576 10274.588570 10273.207369 10276.773125 10276.191944 10277.718998 10317.127166 10322.886149 10334.221239 10340.079364 10344.615082 0.000000 0.000000
0.000000 0.000000 12650.080871 12644.824024 12635.252263 12610.167319 12597.528746 12588.989627 12585.538811 12583.548109 12580.286347 12577.553028 12575.934519 12583.230160 12582.342642 12597.410781 12616.133052 12614.121652 12620.824035 0.000000 0.000000
0.000000 0.000000 15543.989814 15535.278089 15521.306961 15513.010624 15491.908501 15461.598297 15461.928766 15456.958711 15451.655982 15450.055702 15453.247847 15445.788979 15477.307037 15497.676535 15502.781899 15509.049893 15511.689194 0.000000 0.000000
0.000000 0.000000 19019.170767 19003.814030 18993.296533 18979.965110 18958.203925 18931.325736 18925.071242 18923.638607 18914.579990 18919.407603 18926.660987 18924.522427 18935.435082 18963.640615 18975.771353 18982.458870 18981.293160 0.000000 0.000000
0.000000 0.000000 23063.428063 23052.112316 23045.916113 22994.382355 22993.555579 22951.117029 22961.950732 22936.258905 22942.756775 22937.067129 22924.043119 22940.000480 22959.862409 22969.445777 22991.443050 22997.802708 23021.911306 0.000000 0.000000
0.000000 0.000000 27736.708780 27710.833318 27676.595569 27672.146054 27653.832982 27602.933616 27589.493825 27598.046179 27601.037859 27584.963962 27594.255202 27585.859860 27628.406747 27654.894074 27657.251040 27666.745701 27701.042997 0.000000 0.000000
0.000000 0.000000 32457.057555 32436.649173 32437.338353 32401.231609 32374.882722 32253.725268 32243.291049 32237.853352 32177.022920 32219.069533 32219.289245 32232.382973 32319.313506 32332.789731 32386.695606 32392.317778 32381.973483 0.000000 0.000000
0.000000 0.000000 36984.281154 36989.695250 36949.882440 36937.698120 36811.867558 36915.418020 36881.858285 36881.492347 36912.354445 36880.424687 36877.649922 36856.735413 36767.587388 36917.777633 36906.090949 36940.107423 36957.102292 0.000000 0.000000
0.000000 0.000000 39832.453737 39821.593458 39810.141721 39738.123676 39788.888003 39735.057872 39723.983648 39721.720186 39704.208884 39698.442231 39707.108280 39708.279415 39755.239660 39694.938191 39802.695832 39773.250145 39763.289610 0.000000 0.000000
0.000000 0.000000 41583.104920 41579.040939 41526.659203 41551.846035 41552.549348 41549.648487 41576.587057 41564.870501 41576.926687 41571.159563 41561.920581 41575.117363 41570.079252 41576.054704 41511.641852 41590.891110 41583.213393 0.000000 0.000000
0.000000 0.000000 43006.435145 42958.520524 42998.209364 42962.728347 42942.125304 42937.169447 42915.009610 42922.227504 42899.820994 42903.034635 42913.683552 42904.980836 42916.381596 42920.405218 42988.644821 42925.470618 42972.463644 0.000000 0.000000
0.000000 0.000000 43527.237171 43601.159670 43628.366891 43636.276121 43649.654025 43611.570075 43626.714905 43611.691126 43635.727855 43631.355575 43627.599379 43633.401050 43663.606880 43650.824795 43630.122321 43612.529402 43542.374296 0.000000 0.000000
0.000000 0.000000 0.000000 0.000000 0.000000 0.000000 0.000000 0.000000 0.000000 0.000000 0.000000 0.000000 0.000000 0.000000 0.000000 0.000000 0.000000 0.000000 0.000000 0.000000 0.000000
0.000000 0.000000 0.000000 0.000000 0.000000 0.000000 0.000000 0.000000 0.000000 0.000000 0.000000 0.000000 0.000000 0.000000 0.000000 0.000000 0.000000 0.000000 0.000000 0.000000 0.000000