geotop/1.0zi/1.0Montebello/Templates/testdem/maps/_Erotot1494.asc
ncols         21
nrows         20
xllcorner     100.000000
yllcorner     100.000000
cellsize      50.000000
NODATA_value  -9999.0
0.000000 0.000000 0.000000 0.000000 0.000000 0.000000 0.000000 0.000000 0.000000 0.000000 0.000000 0.000000 0.000000 0.000000 0.000000 0.000000 0.000000 0.000000 0.000000 0.000000 0.000000
0.000000 0.000000 168.864121 168.865566 168.900548 168.876276 168.856752 168.865611 168.867234 168.861827 168.862536 168.861827 168.867234 168.865611 168.856752 168.876276 168.900548 168.865566 168.864121 0.000000 0.000000
0.000000 0.000000 10.406252 10.186529 8.410079 10.267309 10.449593 10.432729 10.442048 10.450010 10.447844 10.450010 10.442048 10.432729 10.449593 10.267309 8.410079 10.186529 10.406252 0.000000 0.000000
0.000000 0.000000 1174.998748 1174.782079 1174.947776 1172.966718 1175.296593 1174.876139 1174.824159 1175.422796 1175.378118 1175.422796 1174.824159 1174.876139 1175.296593 1172.966718 1174.947776 1174.782079 1174.998748 0.000000 0.000000
0.000000 0.000000 2199.518472 2199.303822 2198.699901 2199.394763 2199.845960 2199.649455 2199.604671 2199.760307 2199.713551 2199.760307 2199.604671 2199.649455 2199.845960 2199.394763 2198.699901 2199.303822 2199.518472 0.000000 0.000000
0.000000 0.000000 2881.285369 2881.113451 2880.483862 2880.681413 2881.588328 2881.337953 2881.311086 2881.552690 2881.528768 2881.552690 2881.311086 2881.337953 2881.588328 2880.681413 2880.483862 2881.113451 2881.285369 0.000000 0.000000
0.000000 0.000000 3758.268694 3758.129710 3757.537888 3757.730509 3758.510262 3758.296248 3758.280209 3758.480919 3758.460749 3758.480919 3758.280209 3758.296248 3758.510262 3757.730509 3757.537888 3758.129710 3758.268694 0.000000 0.000000
0.000000 0.000000 4590.889973 4590.774452 4590.211042 4590.400712 4591.084089 4590.900657 4590.886466 4591.062219 4591.042955 4591.062219 4590.886466 4590.900657 4591.084089 4590.400712 4590.211042 4590.774452 4590.889973 0.000000 0.000000
0.000000 0.000000 5378.169270 5378.061683 5377.514759 5377.698168 5378.339268 5378.168509 5378.155907 5378.322454 5378.304617 5378.322454 5378.155907 5378.168509 5378.339268 5377.698168 5377.514759 5378.061683 5378.169270 0.000000 0.000000
0.000000 0.000000 6129.609577 6129.528704 6128.984654 6129.204019 6129.756891 6129.604868 6129.599176 6129.747472 6129.729534 6129.747472 6129.599176 6129.604868 6129.756891 6129.204019 6128.984654 6129.528704 6129.609577 0.000000 0.000000
0.000000 0.000000 6849.150443 6849.059847 6848.527462 6848.719533 6849.289231 6849.135320 6849.126599 6849.276442 6849.257546 6849.276442 6849.126599 6849.135320 6849.289231 6848.719533 6848.527462 6849.059847 6849.150443 0.000000 0.000000
0.000000 0.000000 7544.054586 7543.961242 7543.438195 7543.620167 7544.181104 7544.031539 7544.023564 7544.171116 7544.153417 7544.171116 7544.023564 7544.031539 7544.181104 7543.620167 7543.438195 7543.961242 7544.054586 0.000000 0.000000
0.000000 0.000000 8221.831356 8221.740194 8221.217366 8221.399881 8221.946225 8221.799336 8221.791949 8221.936759 8221.918548 8221.936759 8221.791949 8221.799336 8221.946225 8221.399881 8221.217366 8221.740194 8221.831356 0.000000 0.000000
0.000000 0.000000 8881.338529 8881.253805 8880.733378 8880.935182 8881.446315 8881.304205 8881.299343 8881.439043 8881.420344 8881.439043 8881.299343 8881.304205 8881.446315 8880.935182 8880.733378 8881.253805 8881.338529 0.000000 0.000000
0.000000 0.000000 9526.596545 9526.508874 9525.984475 9526.175237 9526.696270 9526.553799 9526.547905 9526.689093 9526.669913 9526.689093 9526.547905 9526.553799 9526.696270 9526.175237 9525.984475 9526.508874 9526.596545 0.000000 0.000000
0.000000 0.000000 10158.652860 10158.565942 10158.049137 10158.232167 10158.744415 10158.605383 10158.599588 10158.737452 10158.718510 10158.737452 10158.599588 10158.605383 10158.744415 10158.232167 10158.049137 10158.565942 10158.652857 0.000000 0.000000
0.000000 0.000000 10777.119298 10777.033143 10776.516261 10776.702552 10777.211720 10777.071317 10777.065438 10777.202301 10777.182433 10777.202301 10777.065438 10777.071317 10777.211720 10776.702552 10776.516261 10777.033124 10777.119004 0.000000 0.000000
0.000000 0.000000 11415.235568 11415.458210 11414.944564 11415.122241 11415.633364 11415.491923 11415.486146 11415.625112 11415.605108 11415.625112 11415.486146 11415.491923 11415.633364 11415.122241 11414.944546 11415.455087 11415.541544 0.000000 0.000000
0.000000 0.000000 0.000000 0.000000 0.000000 0.000000 0.000000 0.000000 0.000000 0.000000 0.000000 0.000000 0.000000 0.000000 0.000000 0.000000 0.000000 0.000000 0.000000 0.000000 0.000000
0.000000 0.000000 0.000000 0.000000 0.000000 0.000000 0.000000 0.000000 0.000000 0.000000 0.000000 0.000000 0.000000 0.000000 0.000000 0.000000 0.000000 0.000000 0.000000 0.000000 0.000000