geotop/1.0zi/1.0Montebello/Templates/testdem/maps/_Erotot0673.asc
ncols         21
nrows         20
xllcorner     100.000000
yllcorner     100.000000
cellsize      50.000000
NODATA_value  -9999.0
0.000000 0.000000 0.000000 0.000000 0.000000 0.000000 0.000000 0.000000 0.000000 0.000000 0.000000 0.000000 0.000000 0.000000 0.000000 0.000000 0.000000 0.000000 0.000000 0.000000 0.000000
0.000000 0.000000 50.679110 50.679788 50.712426 50.679959 50.679236 50.679628 50.679445 50.679350 50.679323 50.679350 50.679445 50.679628 50.679236 50.679959 50.712426 50.679788 50.679110 0.000000 0.000000
0.000000 0.000000 7.130295 6.913849 5.096649 6.909328 7.173737 7.158299 7.172804 7.179666 7.180733 7.179666 7.172804 7.158299 7.173737 6.909328 5.096649 6.913849 7.130295 0.000000 0.000000
0.000000 0.000000 594.681681 594.932402 595.056595 594.831225 594.626076 594.726211 594.722735 594.658417 594.588038 594.658417 594.722735 594.726211 594.626076 594.831225 595.056595 594.932402 594.681681 0.000000 0.000000
0.000000 0.000000 956.869447 956.822092 956.066115 956.806602 956.895738 956.923509 956.918789 956.922935 956.918281 956.922935 956.918789 956.923509 956.895738 956.806602 956.066115 956.822092 956.869447 0.000000 0.000000
0.000000 0.000000 1294.823800 1294.830214 1294.125994 1294.786419 1294.830922 1294.873060 1294.877453 1294.856535 1294.835787 1294.856535 1294.877453 1294.873060 1294.830922 1294.786419 1294.125994 1294.830214 1294.823800 0.000000 0.000000
0.000000 0.000000 1699.371590 1699.380376 1698.752882 1699.337789 1699.375895 1699.418843 1699.424254 1699.401292 1699.382914 1699.401292 1699.424254 1699.418843 1699.375895 1699.337789 1698.752882 1699.380376 1699.371590 0.000000 0.000000
0.000000 0.000000 2088.334420 2088.342282 2087.761315 2088.302245 2088.336591 2088.378552 2088.383960 2088.360941 2088.344122 2088.360941 2088.383960 2088.378552 2088.336591 2088.302245 2087.761315 2088.342282 2088.334420 0.000000 0.000000
0.000000 0.000000 2459.784393 2459.792113 2459.238553 2459.753021 2459.784849 2459.825899 2459.831308 2459.808479 2459.792309 2459.808479 2459.831308 2459.825899 2459.784849 2459.753021 2459.238553 2459.792113 2459.784393 0.000000 0.000000
0.000000 0.000000 2818.989263 2818.996362 2818.459109 2818.958276 2818.988576 2819.028902 2819.034277 2819.011600 2818.995611 2819.011600 2819.034277 2819.028902 2818.988576 2818.958276 2818.459109 2818.996362 2818.989263 0.000000 0.000000
0.000000 0.000000 3168.033720 3168.040189 3167.512527 3168.002843 3168.032229 3168.072031 3168.077380 3168.054796 3168.038765 3168.054796 3168.077380 3168.072031 3168.032229 3168.002843 3167.512527 3168.040189 3168.033720 0.000000 0.000000
0.000000 0.000000 3507.523813 3507.527388 3507.010163 3507.491680 3507.520283 3507.558810 3507.564603 3507.542191 3507.527191 3507.542191 3507.564603 3507.558810 3507.520283 3507.491680 3507.010163 3507.527388 3507.523813 0.000000 0.000000
0.000000 0.000000 3839.828487 3839.830589 3839.318772 3839.797109 3839.824079 3839.861971 3839.867876 3839.845416 3839.830517 3839.845416 3839.867876 3839.861971 3839.824079 3839.797109 3839.318772 3839.830589 3839.828487 0.000000 0.000000
0.000000 0.000000 4168.496750 4168.497012 4167.989677 4168.463897 4168.491778 4168.529546 4168.535590 4168.513133 4168.498121 4168.513133 4168.535590 4168.529546 4168.491778 4168.463897 4167.989677 4168.497012 4168.496750 0.000000 0.000000
0.000000 0.000000 4492.633381 4492.634001 4492.124928 4492.600689 4492.628429 4492.665752 4492.671883 4492.649395 4492.633638 4492.649395 4492.671883 4492.665752 4492.628429 4492.600689 4492.124928 4492.634001 4492.633381 0.000000 0.000000
0.000000 0.000000 4814.068484 4814.070340 4813.570915 4814.037100 4814.064250 4814.101498 4814.107642 4814.085100 4814.068785 4814.085100 4814.107642 4814.101498 4814.064250 4814.037100 4813.570915 4814.070339 4814.068480 0.000000 0.000000
0.000000 0.000000 5130.380591 5130.380718 5129.878490 5130.348649 5130.376254 5130.412855 5130.419101 5130.396514 5130.379899 5130.396514 5130.419101 5130.412855 5130.376254 5130.348649 5129.878490 5130.380705 5130.380167 0.000000 0.000000
0.000000 0.000000 5453.869067 5453.995158 5453.493865 5453.960542 5453.988206 5454.024772 5454.031328 5454.008681 5453.991830 5454.008681 5454.031328 5454.024772 5453.988206 5453.960541 5453.493851 5453.993155 5453.992319 0.000000 0.000000
0.000000 0.000000 0.000000 0.000000 0.000000 0.000000 0.000000 0.000000 0.000000 0.000000 0.000000 0.000000 0.000000 0.000000 0.000000 0.000000 0.000000 0.000000 0.000000 0.000000 0.000000
0.000000 0.000000 0.000000 0.000000 0.000000 0.000000 0.000000 0.000000 0.000000 0.000000 0.000000 0.000000 0.000000 0.000000 0.000000 0.000000 0.000000 0.000000 0.000000 0.000000 0.000000