geotop/1.0zi/1.0Montebello/Templates/testdem/maps/_Erotot153r.asc
ncols         21
nrows         20
xllcorner     100.000000
yllcorner     100.000000
cellsize      50.000000
NODATA_value  -9999.0
0.000000 0.000000 0.000000 0.000000 0.000000 0.000000 0.000000 0.000000 0.000000 0.000000 0.000000 0.000000 0.000000 0.000000 0.000000 0.000000 0.000000 0.000000 0.000000 0.000000 0.000000
0.000000 0.000000 974.410156 973.757840 972.394546 970.478533 969.112090 968.320447 968.789192 969.472961 969.390735 968.568736 968.526289 968.602157 970.186107 970.709053 973.522862 974.170659 974.758303 0.000000 0.000000
0.000000 0.000000 69.063867 70.064876 68.559748 71.509186 70.833209 70.135324 70.476710 69.297812 70.234891 72.473174 70.211365 70.256501 69.779078 69.295977 67.081441 66.388324 69.454508 0.000000 0.000000
0.000000 0.000000 916.310099 923.680755 902.706537 893.229729 896.777202 886.169678 885.741929 888.634914 880.446228 881.024965 886.110348 890.255272 893.814261 907.029512 912.445475 913.079500 917.804631 0.000000 0.000000
0.000000 0.000000 6038.986949 6021.398343 6022.823693 5978.427870 5944.638332 5927.980719 5922.588567 5916.295559 5922.380040 5928.680557 5930.606889 5919.306866 5943.193993 5951.551173 5971.053697 5984.488606 5986.434947 0.000000 0.000000
0.000000 0.000000 8482.902673 8480.558227 8471.599987 8471.940890 8442.698590 8427.888312 8430.961953 8429.931681 8421.538925 8415.395128 8413.217342 8416.847764 8419.767964 8451.032466 8451.067651 8460.659491 8460.970843 0.000000 0.000000
0.000000 0.000000 10388.329282 10381.847732 10374.854193 10359.538270 10351.407339 10305.642991 10302.372185 10298.562281 10297.202851 10300.784747 10300.213121 10301.730442 10341.181919 10346.961434 10358.289412 10364.130553 10368.655433 0.000000 0.000000
0.000000 0.000000 12683.084435 12677.781270 12668.105714 12642.896364 12630.156135 12621.536670 12618.081626 12616.108461 12612.874138 12610.161571 12608.555424 12615.841189 12614.980587 12630.071686 12648.796687 12646.757776 12653.448137 0.000000 0.000000
0.000000 0.000000 15588.843700 15580.069553 15565.959067 15557.522473 15536.285758 15505.868711 15506.197712 15501.244224 15495.972686 15494.397997 15497.609995 15490.127349 15521.691141 15542.100837 15547.200457 15553.441462 15556.063946 0.000000 0.000000
0.000000 0.000000 19079.688158 19064.244260 19053.567477 19040.058909 19018.128088 18991.122543 18984.853568 18983.450406 18974.419349 18979.288173 18986.574979 18984.414379 18995.356530 19023.627915 19035.765423 19042.421732 19041.228490 0.000000 0.000000
0.000000 0.000000 23144.341135 23132.936925 23126.556182 23074.709372 23073.756864 23031.119764 23041.989857 23016.252588 23022.828593 23017.155077 23004.107878 23020.096818 23040.019142 23049.619322 23071.643054 23077.968702 23102.120662 0.000000 0.000000
0.000000 0.000000 27841.448734 27815.421908 27780.890760 27776.332298 27757.781317 27706.685318 27693.175581 27701.865099 27704.918363 27688.829768 27698.219529 27689.725156 27732.407488 27758.993338 27761.284050 27770.725531 27805.069580 0.000000 0.000000
0.000000 0.000000 32576.023338 32555.599801 32556.213537 32519.895513 32493.418930 32371.995127 32361.576558 32356.141383 32295.254084 32337.483983 32337.690436 32350.807904 32437.880383 32451.299779 32505.240062 32510.786024 32500.266208 0.000000 0.000000
0.000000 0.000000 37088.732536 37094.147757 37054.505706 37042.352791 36917.285997 37020.301469 36986.983812 36986.645611 37017.424054 36985.664818 36982.935608 36962.120240 36873.410390 37022.634679 37010.899536 37044.613276 37061.461549 0.000000 0.000000
0.000000 0.000000 39910.448859 39899.683031 39888.245222 39817.258113 39866.849598 39814.044946 39803.010850 39800.849120 39783.785791 39777.993467 39786.509120 39787.589639 39833.651538 39774.582388 39880.787529 39851.839888 39842.022827 0.000000 0.000000
0.000000 0.000000 41648.567877 41644.560345 41592.573767 41617.606766 41617.976277 41615.256307 41641.940799 41630.318467 41642.345183 41636.594612 41627.441714 41640.471179 41635.345118 41641.637151 41577.591096 41656.244469 41648.625340 0.000000 0.000000
0.000000 0.000000 43063.778069 43015.910558 43055.890212 43020.062862 42999.472140 42994.420361 42972.062567 42979.317222 42956.842605 42960.060284 42970.787495 42961.991080 42973.534809 42977.569928 43046.373236 42982.659155 43029.634398 0.000000 0.000000
0.000000 0.000000 43578.982412 43652.936535 43680.229869 43687.825208 43701.235828 43663.020774 43678.041479 43663.033919 43687.014355 43682.645570 43678.939483 43684.694807 43715.049506 43702.269959 43682.027347 43664.157327 43593.946076 0.000000 0.000000
0.000000 0.000000 0.000000 0.000000 0.000000 0.000000 0.000000 0.000000 0.000000 0.000000 0.000000 0.000000 0.000000 0.000000 0.000000 0.000000 0.000000 0.000000 0.000000 0.000000 0.000000
0.000000 0.000000 0.000000 0.000000 0.000000 0.000000 0.000000 0.000000 0.000000 0.000000 0.000000 0.000000 0.000000 0.000000 0.000000 0.000000 0.000000 0.000000 0.000000 0.000000 0.000000