geotop/1.0zi/1.0Montebello/Templates/testdem/maps/_Erotot8728.asc
ncols         21
nrows         20
xllcorner     100.000000
yllcorner     100.000000
cellsize      50.000000
NODATA_value  -9999.0
0.000000 0.000000 0.000000 0.000000 0.000000 0.000000 0.000000 0.000000 0.000000 0.000000 0.000000 0.000000 0.000000 0.000000 0.000000 0.000000 0.000000 0.000000 0.000000 0.000000 0.000000
0.000000 0.000000 699.991138 700.806617 700.238258 700.328951 699.304387 699.453369 699.440024 699.515887 699.890996 699.267551 699.149283 699.196613 699.577393 699.737153 700.579804 701.137221 701.358079 0.000000 0.000000
0.000000 0.000000 54.625605 53.565390 53.870629 53.841488 54.483286 54.138377 53.825592 53.652378 53.861158 54.176941 54.240915 54.354549 54.197368 53.686177 52.419958 51.601902 52.131048 0.000000 0.000000
0.000000 0.000000 422.197238 422.908973 409.008310 401.079969 399.777786 393.671823 393.666398 395.609742 392.162306 390.438412 393.827415 392.286756 403.132941 411.244330 416.318922 416.924440 424.027109 0.000000 0.000000
0.000000 0.000000 3735.160611 3732.077851 3733.306264 3706.704822 3683.900167 3671.826870 3671.151166 3664.959921 3674.029975 3681.087384 3679.870116 3675.607193 3691.778167 3694.230097 3708.253904 3717.732748 3718.245645 0.000000 0.000000
0.000000 0.000000 5812.475995 5808.576989 5803.421301 5798.357258 5782.479068 5771.902549 5773.495449 5772.202437 5768.383036 5762.436798 5760.843374 5764.840399 5764.462606 5786.521904 5792.786917 5799.016469 5801.675053 0.000000 0.000000
0.000000 0.000000 7194.866370 7190.029096 7187.278534 7179.052954 7164.400222 7139.113560 7138.342861 7135.940708 7136.023681 7140.562130 7141.315473 7142.141941 7171.968946 7182.176184 7188.135517 7191.472706 7196.780687 0.000000 0.000000
0.000000 0.000000 8526.289169 8526.147585 8522.243537 8510.231712 8507.241152 8498.437675 8498.652807 8496.518005 8496.919711 8492.783136 8491.664181 8498.603526 8500.993962 8506.553890 8520.606264 8518.448390 8524.411238 0.000000 0.000000
0.000000 0.000000 10256.701275 10250.935342 10244.008983 10242.372459 10228.024552 10211.939635 10213.958522 10210.321271 10207.785936 10207.523703 10210.433798 10204.084334 10224.803086 10239.954071 10242.291667 10246.480803 10248.656453 0.000000 0.000000
0.000000 0.000000 12242.105578 12237.240804 12236.518078 12231.143379 12207.935468 12197.855880 12196.829041 12196.771389 12192.988624 12197.516888 12200.668913 12200.029492 12207.834277 12224.697091 12233.141018 12235.639846 12236.574531 0.000000 0.000000
0.000000 0.000000 14440.230170 14439.419459 14436.532239 14410.129743 14404.133228 14384.825719 14393.423968 14376.733086 14383.411355 14380.041084 14372.953043 14383.334885 14396.013967 14398.755357 14414.134969 14420.875959 14433.850937 0.000000 0.000000
0.000000 0.000000 16855.758274 16844.383553 16834.227820 16831.355370 16815.649104 16796.228859 16789.592999 16793.224577 16799.948190 16787.806490 16794.733261 16792.655757 16818.515724 16830.957322 16833.398512 16838.716920 16864.027404 0.000000 0.000000
0.000000 0.000000 19403.508134 19396.193996 19398.956958 19377.502854 19370.084174 19308.581309 19306.467264 19306.281785 19279.247239 19297.161814 19299.906236 19306.358263 19351.414877 19358.861061 19388.759235 19386.587405 19395.112048 0.000000 0.000000
0.000000 0.000000 22385.231497 22388.192928 22369.708206 22362.998363 22282.438466 22316.058145 22297.538201 22298.588181 22310.932942 22300.747722 22300.058830 22289.779278 22258.833499 22347.182981 22351.341719 22377.885365 22389.966139 0.000000 0.000000
0.000000 0.000000 25746.365075 25734.385483 25720.824108 25627.086461 25658.076985 25610.625909 25587.438459 25583.962397 25565.087745 25553.910487 25563.537359 25563.405524 25616.090721 25586.197914 25718.775379 25687.918108 25683.230804 0.000000 0.000000
0.000000 0.000000 29139.752848 29134.694875 29005.047141 29062.854078 29054.771167 29053.514990 29116.094519 29097.059946 29129.628880 29121.255794 29098.558446 29131.251727 29123.783230 29130.901404 28993.930762 29193.821469 29185.134082 0.000000 0.000000
0.000000 0.000000 32951.826461 32777.901385 32849.851954 32778.150044 32688.376302 32667.868558 32607.356123 32624.797442 32564.472881 32572.791152 32606.976499 32573.281532 32619.466296 32678.332841 32847.738926 32704.443264 32890.434060 0.000000 0.000000
0.000000 0.000000 33878.158324 34052.985783 34186.197454 34193.501604 34209.338217 34089.046607 34116.844204 34074.972807 34145.616842 34133.384060 34124.257424 34142.141842 34239.140081 34228.756660 34212.785334 34113.953698 33939.847051 0.000000 0.000000
0.000000 0.000000 0.000000 0.000000 0.000000 0.000000 0.000000 0.000000 0.000000 0.000000 0.000000 0.000000 0.000000 0.000000 0.000000 0.000000 0.000000 0.000000 0.000000 0.000000 0.000000
0.000000 0.000000 0.000000 0.000000 0.000000 0.000000 0.000000 0.000000 0.000000 0.000000 0.000000 0.000000 0.000000 0.000000 0.000000 0.000000 0.000000 0.000000 0.000000 0.000000 0.000000