geotop/1.0zi/1.0Montebello/Templates/testdem/maps/_Erotot2223.asc
ncols         21
nrows         20
xllcorner     100.000000
yllcorner     100.000000
cellsize      50.000000
NODATA_value  -9999.0
0.000000 0.000000 0.000000 0.000000 0.000000 0.000000 0.000000 0.000000 0.000000 0.000000 0.000000 0.000000 0.000000 0.000000 0.000000 0.000000 0.000000 0.000000 0.000000 0.000000 0.000000
0.000000 0.000000 210.440172 210.443876 210.485493 210.519040 210.416854 210.446943 210.451933 210.426168 210.432525 210.426168 210.451933 210.446943 210.416854 210.519040 210.485493 210.443876 210.440172 0.000000 0.000000
0.000000 0.000000 12.745957 12.523380 10.737753 12.537109 12.803117 12.765866 12.771193 12.797644 12.789333 12.797644 12.771193 12.765866 12.803117 12.537109 10.737753 12.523380 12.745957 0.000000 0.000000
0.000000 0.000000 1474.689967 1474.369599 1474.705357 1472.830200 1474.838384 1474.281405 1474.275757 1475.039785 1475.140600 1475.039785 1474.275757 1474.281405 1474.838384 1472.830200 1474.705357 1474.369599 1474.689967 0.000000 0.000000
0.000000 0.000000 3087.262805 3087.089070 3086.428956 3087.010703 3087.562188 3087.422527 3087.386395 3087.533819 3087.480510 3087.533819 3087.386395 3087.422527 3087.562188 3087.010703 3086.428956 3087.089070 3087.262805 0.000000 0.000000
0.000000 0.000000 3995.006479 3994.798807 3994.233583 3994.381348 3995.202225 3994.907060 3994.926178 3995.249586 3995.313484 3995.249586 3994.926178 3994.907060 3995.202225 3994.381348 3994.233583 3994.798807 3995.006479 0.000000 0.000000
0.000000 0.000000 5233.693118 5233.520166 5233.000694 5233.140051 5233.842359 5233.586784 5233.611607 5233.896721 5233.972678 5233.896721 5233.611607 5233.586784 5233.842359 5233.140051 5233.000694 5233.520166 5233.693118 0.000000 0.000000
0.000000 0.000000 6409.858860 6409.713346 6409.227890 6409.371012 6409.976764 6409.756418 6409.778562 6410.033427 6410.107992 6410.033427 6409.778562 6409.756418 6409.976764 6409.371012 6409.227890 6409.713346 6409.858860 0.000000 0.000000
0.000000 0.000000 7515.098847 7514.965075 7514.502256 7514.645900 7515.205110 7515.001113 7515.021886 7515.262362 7515.334959 7515.262362 7515.021886 7515.001113 7515.205110 7514.645900 7514.502256 7514.965075 7515.098847 0.000000 0.000000
0.000000 0.000000 8562.316455 8562.211369 8561.757977 8561.941451 8562.410136 8562.227145 8562.252725 8562.471513 8562.541309 8562.471513 8562.252725 8562.227145 8562.410136 8561.941451 8561.757977 8562.211369 8562.316455 0.000000 0.000000
0.000000 0.000000 9557.620833 9557.508645 9557.073856 9557.233912 9557.714204 9557.531168 9557.552621 9557.769885 9557.836748 9557.769885 9557.552621 9557.531168 9557.714204 9557.233912 9557.073856 9557.508645 9557.620833 0.000000 0.000000
0.000000 0.000000 10511.253367 10511.140420 10510.720521 10510.875009 10511.342097 10511.165985 10511.186224 10511.397176 10511.463200 10511.397176 10511.186224 10511.165985 10511.342097 10510.875009 10510.720521 10511.140420 10511.253367 0.000000 0.000000
0.000000 0.000000 11432.271531 11432.162978 11431.748574 11431.905029 11432.353636 11432.181571 11432.201977 11432.408232 11432.472136 11432.408232 11432.201977 11432.181571 11432.353636 11431.905029 11431.748574 11432.162978 11432.271531 0.000000 0.000000
0.000000 0.000000 12324.380294 12324.279372 12323.872918 12324.048867 12324.460188 12324.294444 12324.316562 12324.515491 12324.577640 12324.515491 12324.316562 12324.294444 12324.460188 12324.048867 12323.872918 12324.279372 12324.380294 0.000000 0.000000
0.000000 0.000000 13190.313754 13190.210900 13189.806624 13189.972000 13190.389555 13190.224686 13190.245529 13190.443902 13190.504575 13190.443902 13190.245529 13190.224686 13190.389555 13189.972000 13189.806624 13190.210900 13190.313754 0.000000 0.000000
0.000000 0.000000 14031.512626 14031.411760 14031.018046 14031.176914 14031.583026 14031.422574 14031.443275 14031.637069 14031.696898 14031.637069 14031.443275 14031.422574 14031.583026 14031.176914 14031.018046 14031.411760 14031.512622 0.000000 0.000000
0.000000 0.000000 14850.259688 14850.160053 14849.767004 14849.929405 14850.328076 14850.168838 14850.188983 14850.379217 14850.437296 14850.379217 14850.188983 14850.168838 14850.328076 14849.929405 14849.767003 14850.160032 14850.259169 0.000000 0.000000
0.000000 0.000000 15679.193809 15679.443019 15679.055845 15679.214156 15679.609973 15679.453302 15679.471528 15679.659331 15679.715059 15679.659331 15679.471528 15679.453302 15679.609973 15679.214155 15679.055826 15679.439510 15679.536127 0.000000 0.000000
0.000000 0.000000 0.000000 0.000000 0.000000 0.000000 0.000000 0.000000 0.000000 0.000000 0.000000 0.000000 0.000000 0.000000 0.000000 0.000000 0.000000 0.000000 0.000000 0.000000 0.000000
0.000000 0.000000 0.000000 0.000000 0.000000 0.000000 0.000000 0.000000 0.000000 0.000000 0.000000 0.000000 0.000000 0.000000 0.000000 0.000000 0.000000 0.000000 0.000000 0.000000 0.000000