geotop/1.0zi/1.0Montebello/Templates/testdem/maps/_Erotot3151.asc
ncols         21
nrows         20
xllcorner     100.000000
yllcorner     100.000000
cellsize      50.000000
NODATA_value  -9999.0
0.000000 0.000000 0.000000 0.000000 0.000000 0.000000 0.000000 0.000000 0.000000 0.000000 0.000000 0.000000 0.000000 0.000000 0.000000 0.000000 0.000000 0.000000 0.000000 0.000000 0.000000
0.000000 0.000000 350.731119 350.733972 350.737528 350.856307 350.725599 350.729926 350.703776 350.744373 350.759540 350.744373 350.703776 350.729926 350.725599 350.856307 350.737528 350.733972 350.731119 0.000000 0.000000
0.000000 0.000000 11.501733 11.263068 9.505979 11.187656 11.500076 11.430497 11.542174 11.441181 11.808411 11.441181 11.542174 11.430497 11.500076 11.187656 9.505979 11.263068 11.501733 0.000000 0.000000
0.000000 0.000000 2577.571673 2577.202592 2577.360881 2575.527023 2577.374442 2576.906673 2576.873959 2577.680781 2577.823478 2577.680781 2576.873959 2576.906673 2577.374442 2575.527023 2577.360881 2577.202592 2577.571673 0.000000 0.000000
0.000000 0.000000 4794.467001 4794.289611 4793.619760 4794.197226 4794.720443 4794.591908 4794.568264 4794.676824 4794.697738 4794.676824 4794.568264 4794.591908 4794.720443 4794.197226 4793.619760 4794.289611 4794.467001 0.000000 0.000000
0.000000 0.000000 6224.308388 6224.084965 6223.473472 6223.608483 6224.377206 6224.103159 6224.135550 6224.424959 6224.648878 6224.424959 6224.135550 6224.103159 6224.377206 6223.608483 6223.473472 6224.084965 6224.308388 0.000000 0.000000
0.000000 0.000000 8011.589352 8011.400914 8010.842955 8010.962544 8011.618941 8011.383276 8011.417904 8011.670318 8011.893340 8011.670318 8011.417904 8011.383276 8011.618941 8010.962544 8010.842955 8011.400914 8011.589352 0.000000 0.000000
0.000000 0.000000 9664.253381 9664.094225 9663.581506 9663.704646 9664.261969 9664.060509 9664.094114 9664.317453 9664.519206 9664.317453 9664.094114 9664.060509 9664.261969 9663.704646 9663.581506 9664.094225 9664.253381 0.000000 0.000000
0.000000 0.000000 11187.940787 11187.796583 11187.313863 11187.435830 11187.945502 11187.761958 11187.791717 11187.998817 11188.189359 11187.998817 11187.791717 11187.761958 11187.945502 11187.435830 11187.313863 11187.796583 11187.940787 0.000000 0.000000
0.000000 0.000000 12606.194761 12606.080819 12605.616333 12605.775528 12606.196883 12606.034039 12606.066166 12606.252059 12606.426134 12606.252059 12606.066166 12606.034039 12606.196883 12605.775528 12605.616333 12606.080819 12606.194761 0.000000 0.000000
0.000000 0.000000 13927.540816 13927.422076 13926.983402 13927.118105 13927.546581 13927.385663 13927.413565 13927.597337 13927.761657 13927.597337 13927.413565 13927.385663 13927.546581 13927.118105 13926.983402 13927.422076 13927.540816 0.000000 0.000000
0.000000 0.000000 15176.472599 15176.358895 15175.948162 15176.078342 15176.493579 15176.340290 15176.363555 15176.546048 15176.700099 15176.546048 15176.363555 15176.340290 15176.493579 15176.078342 15175.948162 15176.358895 15176.472599 0.000000 0.000000
0.000000 0.000000 16360.261496 16360.155214 16359.755930 16359.887332 16360.281386 16360.133092 16360.155398 16360.333105 16360.478078 16360.333105 16360.155398 16360.133092 16360.281386 16359.887332 16359.755930 16360.155214 16360.261496 0.000000 0.000000
0.000000 0.000000 17493.073909 17492.976741 17492.591346 17492.739344 17493.095731 17492.954559 17492.977585 17493.147338 17493.285096 17493.147338 17492.977585 17492.954559 17493.095731 17492.739344 17492.591346 17492.976741 17493.073909 0.000000 0.000000
0.000000 0.000000 18576.035860 18575.938430 18575.563545 18575.699679 18576.061251 18575.921870 18575.942394 18576.110790 18576.241964 18576.110790 18575.942394 18575.921870 18576.061251 18575.699679 18575.563545 18575.938430 18576.035860 0.000000 0.000000
0.000000 0.000000 19613.246855 19613.151740 19612.789017 19612.917452 19613.264974 19613.130999 19613.151628 19613.312914 19613.440014 19613.312914 19613.151628 19613.130999 19613.264974 19612.917452 19612.789017 19613.151740 19613.246852 0.000000 0.000000
0.000000 0.000000 20610.712037 20610.619739 20610.263391 20610.395546 20610.730151 20610.599087 20610.619542 20610.776663 20610.896551 20610.776663 20610.619542 20610.599087 20610.730151 20610.395546 20610.263391 20610.619719 20610.712027 0.000000 0.000000
0.000000 0.000000 21624.522777 21624.979207 21624.631593 21624.759390 21625.085413 21624.958972 21624.977815 21625.130127 21625.246398 21625.130127 21624.977815 21624.958972 21625.085413 21624.759389 21624.631575 21624.975879 21625.064700 0.000000 0.000000
0.000000 0.000000 0.000000 0.000000 0.000000 0.000000 0.000000 0.000000 0.000000 0.000000 0.000000 0.000000 0.000000 0.000000 0.000000 0.000000 0.000000 0.000000 0.000000 0.000000 0.000000
0.000000 0.000000 0.000000 0.000000 0.000000 0.000000 0.000000 0.000000 0.000000 0.000000 0.000000 0.000000 0.000000 0.000000 0.000000 0.000000 0.000000 0.000000 0.000000 0.000000 0.000000