geotop/1.0zi/1.0Montebello/Templates/testdem/maps/_Erotot0833.asc
ncols         21
nrows         20
xllcorner     100.000000
yllcorner     100.000000
cellsize      50.000000
NODATA_value  -9999.0
0.000000 0.000000 0.000000 0.000000 0.000000 0.000000 0.000000 0.000000 0.000000 0.000000 0.000000 0.000000 0.000000 0.000000 0.000000 0.000000 0.000000 0.000000 0.000000 0.000000 0.000000
0.000000 0.000000 69.763730 69.764897 69.799073 69.772193 69.760126 69.764912 69.766109 69.762221 69.762632 69.762221 69.766109 69.764912 69.760126 69.772193 69.799073 69.764897 69.763730 0.000000 0.000000
0.000000 0.000000 7.390626 7.173475 5.400372 7.260399 7.421152 7.416196 7.430640 7.438513 7.438080 7.438513 7.430640 7.416196 7.421152 7.260399 5.400372 7.173475 7.390626 0.000000 0.000000
0.000000 0.000000 666.772500 666.330611 666.579812 664.282406 666.737892 666.621589 666.455119 666.742045 666.679959 666.742045 666.455119 666.621589 666.737892 664.282406 666.579812 666.330611 666.772500 0.000000 0.000000
0.000000 0.000000 1178.391124 1178.122918 1177.421753 1178.080329 1178.509023 1178.379180 1178.325113 1178.439471 1178.428059 1178.439471 1178.325113 1178.379180 1178.509023 1178.080329 1177.421753 1178.122918 1178.391124 0.000000 0.000000
0.000000 0.000000 1573.529994 1573.253597 1572.595526 1572.657535 1573.559533 1573.490662 1573.432349 1573.553310 1573.537043 1573.553310 1573.432349 1573.490662 1573.559533 1572.657535 1572.595526 1573.253597 1573.529994 0.000000 0.000000
0.000000 0.000000 2066.709622 2066.484297 2065.879208 2065.957383 2066.719582 2066.678687 2066.636474 2066.734920 2066.718896 2066.734920 2066.636474 2066.678687 2066.719582 2065.957383 2065.879208 2066.484297 2066.709622 0.000000 0.000000
0.000000 0.000000 2538.389468 2538.190716 2537.624290 2537.711023 2538.386757 2538.362734 2538.327365 2538.411595 2538.397457 2538.411595 2538.327365 2538.362734 2538.386757 2537.711023 2537.624290 2538.190716 2538.389468 0.000000 0.000000
0.000000 0.000000 2986.597875 2986.412553 2985.871371 2985.957674 2986.590034 2986.573001 2986.541050 2986.617734 2986.604330 2986.617734 2986.541050 2986.573001 2986.590034 2985.957674 2985.871371 2986.412553 2986.597875 0.000000 0.000000
0.000000 0.000000 3417.098770 3416.942799 3416.410171 3416.536810 3417.083054 3417.080794 3417.056285 3417.117650 3417.104655 3417.117650 3417.056285 3417.080794 3417.083054 3416.536810 3416.410171 3416.942799 3417.098770 0.000000 0.000000
0.000000 0.000000 3833.305945 3833.139909 3832.623690 3832.724922 3833.291273 3833.284949 3833.257823 3833.322421 3833.308854 3833.322421 3833.257823 3833.284949 3833.291273 3832.724922 3832.623690 3833.139909 3833.305945 0.000000 0.000000
0.000000 0.000000 4238.278575 4238.109418 4237.604895 4237.696687 4238.259472 4238.255256 4238.228663 4238.293004 4238.280734 4238.293004 4238.228663 4238.255256 4238.259472 4237.696687 4237.604895 4238.109418 4238.278575 0.000000 0.000000
0.000000 0.000000 4633.391970 4633.224527 4632.725394 4632.818179 4633.369163 4633.367211 4633.341095 4633.404164 4633.391901 4633.404164 4633.341095 4633.367211 4633.369163 4632.818179 4632.725394 4633.224527 4633.391970 0.000000 0.000000
0.000000 0.000000 5020.689723 5020.528111 5020.033232 5020.147054 5020.664076 5020.667078 5020.643319 5020.701583 5020.689248 5020.701583 5020.643319 5020.667078 5020.664076 5020.147054 5020.033232 5020.528111 5020.689723 0.000000 0.000000
0.000000 0.000000 5404.272247 5404.106677 5403.611922 5403.714942 5404.247158 5404.248270 5404.223707 5404.283755 5404.270856 5404.283755 5404.223707 5404.248270 5404.247158 5403.714942 5403.611922 5404.106677 5404.272247 0.000000 0.000000
0.000000 0.000000 5784.702215 5784.539035 5784.054767 5784.152635 5784.677732 5784.679850 5784.655773 5784.714389 5784.700931 5784.714389 5784.655773 5784.679850 5784.677732 5784.152635 5784.054767 5784.539035 5784.702211 0.000000 0.000000
0.000000 0.000000 6160.025435 6159.859510 6159.372937 6159.472033 6160.000743 6160.000809 6159.976332 6160.036139 6160.022323 6160.036139 6159.976332 6160.000809 6160.000743 6159.472033 6159.372937 6159.859495 6160.025031 0.000000 0.000000
0.000000 0.000000 6546.354728 6546.348516 6545.864170 6545.952487 6546.490293 6546.489263 6546.464311 6546.525691 6546.511739 6546.525691 6546.464311 6546.489263 6546.490293 6545.952486 6545.864156 6546.346232 6546.514904 0.000000 0.000000
0.000000 0.000000 0.000000 0.000000 0.000000 0.000000 0.000000 0.000000 0.000000 0.000000 0.000000 0.000000 0.000000 0.000000 0.000000 0.000000 0.000000 0.000000 0.000000 0.000000 0.000000
0.000000 0.000000 0.000000 0.000000 0.000000 0.000000 0.000000 0.000000 0.000000 0.000000 0.000000 0.000000 0.000000 0.000000 0.000000 0.000000 0.000000 0.000000 0.000000 0.000000 0.000000