geotop/1.0zi/1.0Montebello/Templates/testdem/maps/_Erotot3346.asc
ncols         21
nrows         20
xllcorner     100.000000
yllcorner     100.000000
cellsize      50.000000
NODATA_value  -9999.0
0.000000 0.000000 0.000000 0.000000 0.000000 0.000000 0.000000 0.000000 0.000000 0.000000 0.000000 0.000000 0.000000 0.000000 0.000000 0.000000 0.000000 0.000000 0.000000 0.000000 0.000000
0.000000 0.000000 364.451828 364.454684 364.458230 364.577215 364.444738 364.450515 364.424168 364.464136 364.478839 364.464136 364.424168 364.450515 364.444738 364.577215 364.458230 364.454684 364.451828 0.000000 0.000000
0.000000 0.000000 11.576179 11.337552 9.581342 11.262779 11.578307 11.504187 11.623226 11.519000 11.886198 11.519000 11.623226 11.504187 11.578307 11.262779 9.581342 11.337552 11.576179 0.000000 0.000000
0.000000 0.000000 2645.087998 2644.824741 2644.973653 2643.163650 2645.158434 2644.580840 2644.472995 2645.292064 2645.435346 2645.292064 2644.472995 2644.580840 2645.158434 2643.163650 2644.973653 2644.824741 2645.087998 0.000000 0.000000
0.000000 0.000000 5005.723425 5005.547048 5004.847012 5005.426793 5005.971202 5005.823569 5005.814328 5005.917021 5005.945379 5005.917021 5005.814328 5005.823569 5005.971202 5005.426793 5004.847012 5005.547048 5005.723425 0.000000 0.000000
0.000000 0.000000 6475.454756 6475.275013 6474.667486 6474.811670 6475.655693 6475.317126 6475.334458 6475.623960 6475.854828 6475.623960 6475.334458 6475.317126 6475.655693 6474.811670 6474.667486 6475.275013 6475.454756 0.000000 0.000000
0.000000 0.000000 8340.079975 8339.938320 8339.388712 8339.517606 8340.248694 8339.950033 8339.967209 8340.218694 8340.447398 8340.218694 8339.967209 8339.950033 8340.248694 8339.517606 8339.388712 8339.938320 8340.079975 0.000000 0.000000
0.000000 0.000000 10064.468096 10064.354686 10063.854923 10063.986330 10064.612633 10064.352858 10064.368334 10064.590170 10064.796333 10064.590170 10064.368334 10064.352858 10064.612633 10063.986330 10063.854923 10064.354686 10064.468096 0.000000 0.000000
0.000000 0.000000 11650.215497 11650.115867 11649.650653 11649.779852 11650.353250 11650.115336 11650.126790 11650.331862 11650.525819 11650.331862 11650.126790 11650.115336 11650.353250 11649.779852 11649.650653 11650.115867 11650.215497 0.000000 0.000000
0.000000 0.000000 13124.148273 13124.077155 13123.630251 13123.795905 13124.277019 13124.063000 13124.076906 13124.260408 13124.437176 13124.260408 13124.076906 13124.063000 13124.277019 13123.795905 13123.630251 13124.077155 13124.148273 0.000000 0.000000
0.000000 0.000000 14495.223731 14495.146601 14494.728033 14494.868468 14495.352989 14495.143797 14495.153832 14495.334833 14495.501320 14495.334833 14495.153832 14495.143797 14495.352989 14494.868468 14494.728033 14495.146601 14495.223731 0.000000 0.000000
0.000000 0.000000 15787.900624 15787.827051 15787.436010 15787.571482 15788.038868 15787.840305 15787.846081 15788.025288 15788.180978 15788.025288 15787.846081 15787.840305 15788.038868 15787.571482 15787.436010 15787.827051 15787.900624 0.000000 0.000000
0.000000 0.000000 17010.979026 17010.911689 17010.532866 17010.669070 17011.110519 17010.920882 17010.925707 17011.099717 17011.245441 17011.099717 17010.925707 17010.920882 17011.110519 17010.669070 17010.532866 17010.911689 17010.979026 0.000000 0.000000
0.000000 0.000000 18177.992662 18177.933062 18177.568604 18177.720661 18178.122650 18177.941667 18177.948187 18178.113899 18178.252466 18178.113899 18177.948187 18177.941667 18178.122650 18177.720661 18177.568604 18177.933062 18177.992662 0.000000 0.000000
0.000000 0.000000 19292.786092 19292.721697 19292.365051 19292.504468 19292.904424 19292.731888 19292.738663 19292.902028 19293.033557 19292.902028 19292.738663 19292.731888 19292.904424 19292.504468 19292.365051 19292.721697 19292.786092 0.000000 0.000000
0.000000 0.000000 20358.673765 20358.611885 20358.268475 20358.400111 20358.785777 20358.618629 20358.625173 20358.781613 20358.908794 20358.781613 20358.625173 20358.618629 20358.785777 20358.400111 20358.268475 20358.611884 20358.673761 0.000000 0.000000
0.000000 0.000000 21381.884446 21381.823656 21381.486165 21381.621098 21381.989598 21381.828988 21381.835719 21381.987483 21382.107125 21381.987483 21381.835719 21381.828988 21381.989598 21381.621098 21381.486164 21381.823635 21381.884396 0.000000 0.000000
0.000000 0.000000 22417.402237 22417.888691 22417.560655 22417.691011 22418.050092 22417.894640 22417.900253 22418.047230 22418.163013 22418.047230 22417.900253 22417.894640 22418.050092 22417.691011 22417.560637 22417.885360 22417.943093 0.000000 0.000000
0.000000 0.000000 0.000000 0.000000 0.000000 0.000000 0.000000 0.000000 0.000000 0.000000 0.000000 0.000000 0.000000 0.000000 0.000000 0.000000 0.000000 0.000000 0.000000 0.000000 0.000000
0.000000 0.000000 0.000000 0.000000 0.000000 0.000000 0.000000 0.000000 0.000000 0.000000 0.000000 0.000000 0.000000 0.000000 0.000000 0.000000 0.000000 0.000000 0.000000 0.000000 0.000000