geotop/1.0zi/1.0Montebello/Templates/testdem/maps/_Erotot0167.asc
ncols         21
nrows         20
xllcorner     100.000000
yllcorner     100.000000
cellsize      50.000000
NODATA_value  -9999.0
0.000000 0.000000 0.000000 0.000000 0.000000 0.000000 0.000000 0.000000 0.000000 0.000000 0.000000 0.000000 0.000000 0.000000 0.000000 0.000000 0.000000 0.000000 0.000000 0.000000 0.000000
0.000000 0.000000 4.033949 4.033948 4.033948 4.033948 4.033948 4.033948 4.033948 4.033948 4.033948 4.033948 4.033948 4.033948 4.033948 4.033948 4.033948 4.033948 4.033949 0.000000 0.000000
0.000000 0.000000 3.612802 3.612741 3.612769 3.612744 3.612736 3.612735 3.612734 3.612734 3.612734 3.612734 3.612734 3.612735 3.612736 3.612744 3.612769 3.612741 3.612802 0.000000 0.000000
0.000000 0.000000 153.412040 153.411419 153.411684 153.411836 153.411865 153.411869 153.411869 153.411869 153.411869 153.411869 153.411869 153.411869 153.411865 153.411836 153.411684 153.411419 153.412040 0.000000 0.000000
0.000000 0.000000 202.565826 202.565593 202.565687 202.565741 202.565750 202.565751 202.565752 202.565752 202.565752 202.565752 202.565752 202.565751 202.565750 202.565741 202.565687 202.565593 202.565826 0.000000 0.000000
0.000000 0.000000 297.544630 297.544270 297.544452 297.544528 297.544541 297.544542 297.544543 297.544543 297.544543 297.544543 297.544543 297.544542 297.544541 297.544528 297.544452 297.544270 297.544630 0.000000 0.000000
0.000000 0.000000 392.934664 392.934323 392.934491 392.934564 392.934576 392.934578 392.934578 392.934578 392.934578 392.934578 392.934578 392.934578 392.934576 392.934564 392.934491 392.934323 392.934664 0.000000 0.000000
0.000000 0.000000 482.971981 482.971654 482.971814 482.971883 482.971895 482.971897 482.971897 482.971897 482.971897 482.971897 482.971897 482.971897 482.971895 482.971883 482.971814 482.971654 482.971981 0.000000 0.000000
0.000000 0.000000 568.941565 568.941246 568.941400 568.941466 568.941479 568.941480 568.941481 568.941481 568.941481 568.941481 568.941481 568.941480 568.941479 568.941466 568.941400 568.941246 568.941565 0.000000 0.000000
0.000000 0.000000 652.093614 652.093300 652.093450 652.093515 652.093527 652.093529 652.093529 652.093529 652.093529 652.093529 652.093529 652.093529 652.093527 652.093515 652.093450 652.093300 652.093614 0.000000 0.000000
0.000000 0.000000 733.432308 733.431995 733.432142 733.432206 733.432218 733.432220 733.432221 733.432221 733.432221 733.432221 733.432221 733.432220 733.432218 733.432206 733.432142 733.431995 733.432308 0.000000 0.000000
0.000000 0.000000 813.670844 813.670531 813.670676 813.670739 813.670752 813.670754 813.670754 813.670754 813.670754 813.670754 813.670754 813.670754 813.670752 813.670739 813.670676 813.670531 813.670844 0.000000 0.000000
0.000000 0.000000 892.493772 892.493461 892.493604 892.493666 892.493678 892.493680 892.493681 892.493681 892.493681 892.493681 892.493681 892.493680 892.493678 892.493666 892.493604 892.493461 892.493772 0.000000 0.000000
0.000000 0.000000 969.672971 969.672657 969.672800 969.672862 969.672875 969.672877 969.672877 969.672877 969.672877 969.672877 969.672877 969.672877 969.672875 969.672862 969.672800 969.672657 969.672971 0.000000 0.000000
0.000000 0.000000 1045.960829 1045.960524 1045.960662 1045.960721 1045.960733 1045.960735 1045.960735 1045.960736 1045.960736 1045.960736 1045.960735 1045.960735 1045.960733 1045.960721 1045.960662 1045.960524 1045.960829 0.000000 0.000000
0.000000 0.000000 1121.412405 1121.412096 1121.412234 1121.412294 1121.412306 1121.412308 1121.412308 1121.412308 1121.412308 1121.412308 1121.412308 1121.412308 1121.412306 1121.412294 1121.412234 1121.412096 1121.412404 0.000000 0.000000
0.000000 0.000000 1195.816490 1195.816006 1195.816137 1195.816196 1195.816208 1195.816210 1195.816210 1195.816210 1195.816210 1195.816210 1195.816210 1195.816210 1195.816208 1195.816196 1195.816137 1195.816001 1195.816308 0.000000 0.000000
0.000000 0.000000 1272.265105 1272.286035 1272.285522 1272.285570 1272.285583 1272.285585 1272.285585 1272.285585 1272.285585 1272.285585 1272.285585 1272.285585 1272.285583 1272.285570 1272.285514 1272.285411 1272.285809 0.000000 0.000000
0.000000 0.000000 0.000000 0.000000 0.000000 0.000000 0.000000 0.000000 0.000000 0.000000 0.000000 0.000000 0.000000 0.000000 0.000000 0.000000 0.000000 0.000000 0.000000 0.000000 0.000000
0.000000 0.000000 0.000000 0.000000 0.000000 0.000000 0.000000 0.000000 0.000000 0.000000 0.000000 0.000000 0.000000 0.000000 0.000000 0.000000 0.000000 0.000000 0.000000 0.000000 0.000000