geotop/1.0zi/1.0Montebello/Templates/testdem/maps/_Erotot7151.asc
ncols         21
nrows         20
xllcorner     100.000000
yllcorner     100.000000
cellsize      50.000000
NODATA_value  -9999.0
0.000000 0.000000 0.000000 0.000000 0.000000 0.000000 0.000000 0.000000 0.000000 0.000000 0.000000 0.000000 0.000000 0.000000 0.000000 0.000000 0.000000 0.000000 0.000000 0.000000 0.000000
0.000000 0.000000 569.948272 570.750744 570.403863 570.626440 570.013328 570.049322 569.995892 570.098929 570.525015 569.851604 569.741036 569.822580 570.113710 570.073029 570.833926 571.104036 571.174061 0.000000 0.000000
0.000000 0.000000 44.796107 43.570721 43.553035 43.706907 43.946186 43.791931 43.536017 43.376090 43.614749 43.903202 43.911037 44.039344 43.814200 43.614128 42.329351 41.601098 42.341056 0.000000 0.000000
0.000000 0.000000 250.006228 251.688492 239.688564 236.961716 235.482015 228.576683 229.218271 227.785268 226.563407 224.339654 226.647919 226.652627 234.841760 240.940628 242.330882 244.188306 249.838114 0.000000 0.000000
0.000000 0.000000 2565.478677 2568.681973 2572.138006 2550.826012 2535.795337 2522.795127 2524.714811 2521.783055 2527.330661 2533.432707 2528.096399 2526.328985 2538.142340 2541.064101 2549.784189 2557.633106 2559.617591 0.000000 0.000000
0.000000 0.000000 4317.304823 4311.613326 4308.265408 4302.015277 4287.624902 4279.433779 4278.763663 4277.863052 4274.457598 4268.648569 4267.777359 4271.096842 4271.135986 4289.432429 4297.752665 4304.527889 4306.447264 0.000000 0.000000
0.000000 0.000000 5524.474713 5521.575286 5517.335161 5511.509691 5498.086505 5479.031382 5478.490810 5474.673026 5476.241364 5480.024387 5481.426656 5481.959550 5506.554361 5516.155736 5520.647288 5522.873720 5528.479528 0.000000 0.000000
0.000000 0.000000 6423.365094 6423.907728 6421.226806 6412.632463 6411.149669 6402.655904 6403.285553 6403.156407 6402.326523 6398.549330 6397.797002 6403.684324 6404.559599 6408.374990 6419.399498 6417.509276 6422.631058 0.000000 0.000000
0.000000 0.000000 7635.295443 7631.287436 7625.513472 7626.011567 7616.141519 7602.583563 7604.022692 7599.806791 7597.802331 7597.687393 7599.855543 7594.254790 7610.944828 7623.671254 7624.419889 7627.313065 7629.039062 0.000000 0.000000
0.000000 0.000000 9027.652427 9024.621134 9025.159650 9022.182516 9003.559191 8995.343618 8995.535534 8995.127100 8992.142651 8995.368516 8998.296362 8997.496180 9002.750648 9015.579264 9021.847946 9023.132244 9024.541757 0.000000 0.000000
0.000000 0.000000 10539.554977 10538.996431 10536.552631 10518.786570 10515.133512 10500.235730 10505.774906 10493.612965 10497.377315 10495.855099 10489.410574 10498.599179 10506.045313 10508.241934 10518.882698 10524.909376 10535.185603 0.000000 0.000000
0.000000 0.000000 12150.050657 12143.155085 12136.250025 12133.682449 12124.916094 12107.716864 12105.279765 12105.291949 12112.293700 12102.381668 12105.733376 12105.791985 12125.027461 12131.943873 12133.677496 12136.840924 12158.574927 0.000000 0.000000
0.000000 0.000000 13809.173289 13805.228663 13805.452525 13794.241692 13788.560615 13749.661309 13748.309632 13747.495457 13729.312829 13739.733107 13743.700791 13747.592399 13773.743400 13779.660473 13798.820563 13797.977213 13806.429198 0.000000 0.000000
0.000000 0.000000 15670.814778 15673.049631 15661.759372 15658.382004 15614.774750 15627.467729 15615.032903 15615.895640 15620.028051 15616.864357 15615.151139 15611.387803 15595.865241 15643.722000 15649.413582 15665.617416 15674.650870 0.000000 0.000000
0.000000 0.000000 17727.716457 17720.730633 17713.933499 17670.023166 17674.277397 17651.948756 17635.457822 17633.162066 17624.798386 17616.065892 17620.235692 17618.880659 17644.375982 17642.688776 17709.080568 17696.043545 17695.483765 0.000000 0.000000
0.000000 0.000000 19872.950173 19870.690318 19806.205591 19816.812327 19820.524887 19809.067762 19838.544483 19826.360340 19838.892246 19831.272964 19822.177829 19838.790301 19843.023682 19843.233218 19798.568807 19889.286698 19882.712495 0.000000 0.000000
0.000000 0.000000 22404.238562 22315.581953 22324.913229 22300.237260 22251.547938 22241.514479 22221.714320 22227.872676 22201.333834 22202.835424 22214.926567 22207.665356 22228.722836 22256.881972 22322.098815 22289.848191 22385.572428 0.000000 0.000000
0.000000 0.000000 23794.496102 23855.690543 23943.834537 23937.159646 23926.057878 23850.876253 23857.008154 23832.732225 23862.365352 23856.225848 23859.371221 23860.990441 23925.514809 23934.885419 23958.788026 23876.392719 23817.244984 0.000000 0.000000
0.000000 0.000000 0.000000 0.000000 0.000000 0.000000 0.000000 0.000000 0.000000 0.000000 0.000000 0.000000 0.000000 0.000000 0.000000 0.000000 0.000000 0.000000 0.000000 0.000000 0.000000
0.000000 0.000000 0.000000 0.000000 0.000000 0.000000 0.000000 0.000000 0.000000 0.000000 0.000000 0.000000 0.000000 0.000000 0.000000 0.000000 0.000000 0.000000 0.000000 0.000000 0.000000