geotop/1.0zi/1.0Montebello/Templates/testdem/maps/_Erotot4502.asc
ncols         21
nrows         20
xllcorner     100.000000
yllcorner     100.000000
cellsize      50.000000
NODATA_value  -9999.0
0.000000 0.000000 0.000000 0.000000 0.000000 0.000000 0.000000 0.000000 0.000000 0.000000 0.000000 0.000000 0.000000 0.000000 0.000000 0.000000 0.000000 0.000000 0.000000 0.000000 0.000000
0.000000 0.000000 345.757908 345.296648 345.081795 344.913636 344.919975 344.957172 344.994689 344.993213 344.979760 344.982861 344.984752 345.029000 344.917194 344.956640 345.151069 345.084043 345.198682 0.000000 0.000000
0.000000 0.000000 27.209986 27.837157 28.226671 29.295890 28.905078 28.985286 28.583410 28.518987 28.554029 28.863763 28.579560 28.335902 28.819776 28.565496 27.665772 27.070067 26.870357 0.000000 0.000000
0.000000 0.000000 137.669856 138.889000 131.799099 129.456426 130.540919 125.573762 124.840292 124.485041 123.615315 123.068627 124.102700 122.711592 125.445267 130.397533 130.963990 133.228949 135.866160 0.000000 0.000000
0.000000 0.000000 1343.997959 1348.125276 1353.485579 1336.344535 1325.165364 1317.208809 1319.677095 1313.851696 1318.100752 1322.335415 1322.649355 1323.140979 1332.431819 1331.407341 1336.835868 1342.586208 1344.445947 0.000000 0.000000
0.000000 0.000000 2627.145758 2622.467086 2618.939950 2616.322635 2611.087273 2607.969607 2605.297302 2607.018488 2606.613402 2604.027583 2600.194986 2601.374621 2600.875963 2613.751423 2617.888257 2617.962268 2620.797036 0.000000 0.000000
0.000000 0.000000 3297.725127 3293.729852 3289.869299 3286.882480 3279.007685 3264.723534 3266.567659 3263.260702 3265.922015 3264.974826 3267.155887 3268.226957 3282.161268 3288.774979 3295.320137 3299.236080 3302.020940 0.000000 0.000000
0.000000 0.000000 3764.405443 3764.561772 3765.417632 3760.772550 3758.967064 3754.178600 3754.791608 3755.006109 3752.778453 3753.791076 3752.611191 3751.717350 3754.698244 3758.960137 3760.783470 3760.135290 3761.569226 0.000000 0.000000
0.000000 0.000000 4417.248023 4417.204597 4414.888883 4412.852336 4408.792231 4400.213612 4400.614766 4398.693822 4399.241334 4399.877794 4398.924312 4399.543357 4404.893821 4412.548676 4412.609638 4414.161409 4417.734687 0.000000 0.000000
0.000000 0.000000 5163.942705 5162.647141 5163.046822 5159.616357 5151.483638 5146.642652 5148.304316 5147.307654 5147.390443 5147.453021 5146.447533 5144.732092 5151.929667 5158.239230 5160.731890 5161.797547 5163.104353 0.000000 0.000000
0.000000 0.000000 5951.747592 5950.465182 5949.134512 5947.105563 5945.169551 5934.960616 5935.347321 5932.750134 5932.919669 5933.941112 5932.781355 5932.431190 5937.131024 5939.804527 5944.327768 5946.577590 5949.562689 0.000000 0.000000
0.000000 0.000000 6773.090887 6772.300003 6770.751700 6764.167465 6759.640972 6751.763262 6750.873393 6750.364303 6750.498164 6749.700144 6749.282791 6749.147609 6758.236408 6764.198618 6767.595939 6768.863775 6785.717934 0.000000 0.000000
0.000000 0.000000 7597.037646 7595.462542 7593.688281 7591.133846 7584.329678 7565.724569 7566.104285 7564.255217 7564.187841 7564.794198 7563.183953 7563.536243 7579.105230 7587.069531 7590.269993 7591.893439 7594.185821 0.000000 0.000000
0.000000 0.000000 8475.878970 8473.303695 8471.577742 8467.927055 8449.396574 8457.684568 8452.096586 8451.133093 8451.538251 8451.723453 8450.496222 8450.132286 8443.998541 8462.148066 8466.025980 8471.372906 8471.188300 0.000000 0.000000
0.000000 0.000000 9413.167007 9408.736497 9404.643437 9392.619961 9390.485868 9374.533382 9366.909819 9365.113108 9360.899202 9360.294222 9361.361682 9358.986686 9369.744507 9377.632772 9398.755414 9394.566581 9395.858879 0.000000 0.000000
0.000000 0.000000 10347.310220 10347.367196 10327.503253 10330.874869 10330.727448 10329.905036 10332.593214 10332.473077 10335.276828 10335.251745 10331.981039 10336.841099 10334.374737 10333.284893 10322.218691 10345.884142 10350.359548 0.000000 0.000000
0.000000 0.000000 11406.392891 11383.239990 11375.563523 11368.072184 11354.047851 11347.959908 11346.382759 11345.522296 11341.831529 11342.130860 11342.238009 11339.445793 11343.903178 11360.308989 11373.645116 11374.419301 11398.309451 0.000000 0.000000
0.000000 0.000000 12192.914412 12196.746054 12218.676117 12209.384550 12203.461317 12180.453280 12179.022204 12176.124676 12177.832164 12177.524090 12175.867261 12177.042763 12198.708446 12207.428343 12219.165631 12193.760263 12195.749193 0.000000 0.000000
0.000000 0.000000 0.000000 0.000000 0.000000 0.000000 0.000000 0.000000 0.000000 0.000000 0.000000 0.000000 0.000000 0.000000 0.000000 0.000000 0.000000 0.000000 0.000000 0.000000 0.000000
0.000000 0.000000 0.000000 0.000000 0.000000 0.000000 0.000000 0.000000 0.000000 0.000000 0.000000 0.000000 0.000000 0.000000 0.000000 0.000000 0.000000 0.000000 0.000000 0.000000 0.000000