geotop/1.0zi/1.0Montebello/Templates/testdem/maps/_Erotot8083.asc
ncols         21
nrows         20
xllcorner     100.000000
yllcorner     100.000000
cellsize      50.000000
NODATA_value  -9999.0
0.000000 0.000000 0.000000 0.000000 0.000000 0.000000 0.000000 0.000000 0.000000 0.000000 0.000000 0.000000 0.000000 0.000000 0.000000 0.000000 0.000000 0.000000 0.000000 0.000000 0.000000
0.000000 0.000000 674.969058 675.768215 675.220486 675.326982 674.317935 674.477856 674.464442 674.527782 674.960826 674.286126 674.164479 674.216624 674.590620 674.743332 675.577695 676.123216 676.337449 0.000000 0.000000
0.000000 0.000000 52.145583 51.162918 51.406580 51.469718 52.104765 51.784112 51.488081 51.352921 51.583058 51.942267 51.962040 52.111649 51.864585 51.354859 50.079895 49.226650 49.750116 0.000000 0.000000
0.000000 0.000000 354.828980 355.955093 343.595060 338.328062 338.879582 327.561386 327.680160 328.499348 324.840425 323.066322 325.213643 325.354166 335.622918 342.679029 347.305696 350.215034 355.414708 0.000000 0.000000
0.000000 0.000000 3288.732497 3290.987943 3293.180203 3270.160929 3250.426551 3238.890099 3238.196942 3233.405266 3240.239748 3245.399899 3240.899569 3239.433999 3254.489529 3258.213049 3269.475342 3278.159238 3277.622425 0.000000 0.000000
0.000000 0.000000 5228.070346 5222.687319 5219.208913 5213.019750 5197.458357 5187.766636 5188.640260 5187.571072 5184.266972 5178.564237 5177.593889 5180.809286 5180.314800 5200.537054 5208.425366 5215.246614 5218.414479 0.000000 0.000000
0.000000 0.000000 6543.809689 6540.782806 6536.173194 6529.148663 6515.089322 6492.765574 6491.712840 6487.897216 6489.315507 6493.037141 6494.541199 6495.030045 6523.148779 6533.379446 6539.139331 6541.932847 6547.181038 0.000000 0.000000
0.000000 0.000000 7705.344773 7705.615658 7702.489554 7692.329074 7689.485896 7679.683653 7679.882912 7679.671084 7678.690595 7674.728889 7674.043992 7680.285559 7682.410685 7687.546950 7700.335865 7698.886000 7703.939440 0.000000 0.000000
0.000000 0.000000 9225.733797 9221.183363 9214.646794 9214.061494 9202.512848 9186.710303 9187.999976 9183.354761 9181.290979 9181.024210 9183.520039 9177.694225 9196.730697 9210.984089 9213.161360 9216.894357 9218.323684 0.000000 0.000000
0.000000 0.000000 10965.486353 10962.014477 10962.050706 10957.408255 10936.402493 10926.174646 10925.760034 10925.485258 10922.006321 10925.506116 10928.689962 10927.951778 10935.159399 10950.027984 10958.086205 10960.075716 10961.216888 0.000000 0.000000
0.000000 0.000000 12875.518936 12874.721415 12871.520693 12850.587576 12844.252130 12827.723792 12833.603947 12819.939011 12824.157380 12822.319315 12815.228492 12825.422118 12835.278216 12838.478793 12851.602058 12858.799656 12869.752926 0.000000 0.000000
0.000000 0.000000 14949.580786 14941.401808 14932.797890 14929.027064 14917.947828 14897.013513 14893.169729 14893.951449 14901.453351 14890.057610 14894.440744 14894.155992 14917.640841 14926.846390 14930.141214 14934.171056 14958.131263 0.000000 0.000000
0.000000 0.000000 17113.755385 17108.847267 17109.043959 17094.369162 17086.658565 17034.681946 17032.991032 17031.889698 17009.498510 17022.599237 17026.988870 17031.992887 17068.271548 17076.082196 17100.671892 17100.277150 17107.709809 0.000000 0.000000
0.000000 0.000000 19605.029077 19607.712074 19593.093342 19588.011443 19524.657985 19547.124716 19530.422734 19531.759205 19539.254315 19533.752528 19531.310181 19525.999968 19502.890961 19571.015015 19577.785550 19599.114658 19609.252006 0.000000 0.000000
0.000000 0.000000 22409.507045 22400.759753 22390.885405 22319.720100 22336.575872 22300.873069 22280.814585 22277.138870 22264.005911 22252.860525 22259.977808 22258.718275 22298.186536 22284.425613 22386.044244 22365.153804 22362.143115 0.000000 0.000000
0.000000 0.000000 25325.474160 25322.282095 25219.548677 25253.965764 25253.529022 25244.565938 25291.679227 25275.858878 25298.201453 25289.829940 25273.068535 25299.710747 25299.468388 25301.349984 25210.279710 25361.931541 25353.139978 0.000000 0.000000
0.000000 0.000000 28794.310159 28645.533142 28689.550667 28638.042813 28559.974653 28543.117057 28498.769072 28511.623423 28463.542647 28468.725948 28494.348258 28471.560634 28507.894117 28557.727305 28686.599983 28591.121713 28749.868693 0.000000 0.000000
0.000000 0.000000 30002.394484 30152.353726 30285.362067 30290.118445 30298.251598 30181.042447 30202.288871 30162.857953 30224.415483 30213.263679 30207.680075 30221.841689 30317.475746 30312.694129 30310.328154 30203.963946 30055.429921 0.000000 0.000000
0.000000 0.000000 0.000000 0.000000 0.000000 0.000000 0.000000 0.000000 0.000000 0.000000 0.000000 0.000000 0.000000 0.000000 0.000000 0.000000 0.000000 0.000000 0.000000 0.000000 0.000000
0.000000 0.000000 0.000000 0.000000 0.000000 0.000000 0.000000 0.000000 0.000000 0.000000 0.000000 0.000000 0.000000 0.000000 0.000000 0.000000 0.000000 0.000000 0.000000 0.000000 0.000000