geotop/1.0zi/1.0Montebello/Templates/testdem/maps/_Erotot9067.asc
ncols         21
nrows         20
xllcorner     100.000000
yllcorner     100.000000
cellsize      50.000000
NODATA_value  -9999.0
0.000000 0.000000 0.000000 0.000000 0.000000 0.000000 0.000000 0.000000 0.000000 0.000000 0.000000 0.000000 0.000000 0.000000 0.000000 0.000000 0.000000 0.000000 0.000000 0.000000 0.000000
0.000000 0.000000 719.929836 720.569954 720.000788 720.086702 719.068247 719.192238 719.274990 719.349313 719.731343 719.097320 718.986939 719.025531 719.432029 719.560360 720.383704 720.974373 721.133226 0.000000 0.000000
0.000000 0.000000 56.064607 55.079248 55.376938 55.309535 56.133671 55.807461 55.436218 55.303112 55.506405 55.835272 55.893048 56.010121 55.783466 55.179301 53.908221 53.060454 53.671019 0.000000 0.000000
0.000000 0.000000 429.788540 431.524862 418.473793 412.243202 411.673118 405.808736 410.803269 412.478937 408.529743 406.931559 410.348130 409.854707 418.345040 426.818293 430.628609 425.029708 432.302508 0.000000 0.000000
0.000000 0.000000 3953.479057 3946.752779 3940.930902 3907.671063 3881.863201 3869.391159 3861.910896 3855.309308 3862.968554 3869.468042 3867.761445 3862.742131 3882.407536 3886.909403 3902.622967 3913.746309 3913.959176 0.000000 0.000000
0.000000 0.000000 6073.024629 6067.664135 6063.560457 6065.273360 6043.419791 6030.344168 6035.037226 6034.608763 6030.436857 6024.275039 6022.528659 6026.696540 6026.867711 6051.934374 6053.281875 6059.403644 6061.704304 0.000000 0.000000
0.000000 0.000000 7495.186067 7489.408346 7485.632847 7474.701161 7465.744331 7432.819433 7433.174435 7430.607877 7430.230429 7434.525041 7435.054421 7436.015611 7468.945078 7474.797729 7483.157316 7485.573112 7490.582723 0.000000 0.000000
0.000000 0.000000 8909.163107 8906.390905 8901.737317 8889.422564 8883.299310 8879.521657 8880.202009 8878.268952 8878.345125 8874.106509 8872.875373 8880.267008 8878.639013 8887.300144 8901.531982 8897.547101 8903.683991 0.000000 0.000000
0.000000 0.000000 10733.327679 10727.967984 10720.164438 10717.327013 10701.875569 10682.874634 10685.600884 10681.482625 10678.236146 10677.733406 10680.485147 10674.242209 10698.397094 10712.444697 10713.914008 10715.920638 10719.456352 0.000000 0.000000
0.000000 0.000000 12846.720196 12838.859078 12837.209272 12830.345573 12806.592471 12795.500228 12794.796586 12793.492505 12789.387763 12793.723506 12796.697100 12796.321512 12803.699418 12822.544591 12830.170685 12832.423892 12831.613435 0.000000 0.000000
0.000000 0.000000 15188.981488 15186.127557 15182.380394 15153.857501 15147.356829 15126.535093 15134.679370 15117.391377 15123.204246 15119.327731 15111.625466 15122.530496 15137.050902 15140.577418 15155.721645 15159.211596 15174.229252 0.000000 0.000000
0.000000 0.000000 17782.572627 17772.224747 17756.689143 17753.508410 17736.835325 17713.624766 17711.590265 17714.706816 17720.632037 17707.587748 17714.691923 17712.532765 17739.125480 17751.809817 17752.182877 17755.885026 17781.266122 0.000000 0.000000
0.000000 0.000000 20530.067973 20519.297085 20521.972315 20497.898079 20488.282530 20420.478642 20417.795396 20416.647221 20386.712945 20405.836373 20408.112801 20415.366486 20465.439814 20474.254004 20504.587330 20501.551361 20508.320600 0.000000 0.000000
0.000000 0.000000 23776.945949 23777.691950 23755.043600 23747.283247 23657.002524 23697.743984 23677.170539 23678.666014 23692.307910 23680.084231 23678.730726 23667.471697 23628.955479 23729.688890 23731.831138 23756.503926 23769.795793 0.000000 0.000000
0.000000 0.000000 27401.528380 27385.565439 27368.741059 27263.742205 27306.739802 27248.916183 27226.376446 27221.607628 27198.720796 27186.836074 27197.352886 27198.138909 27257.436676 27215.704244 27363.563781 27323.991967 27317.022177 0.000000 0.000000
0.000000 0.000000 30956.214682 30948.933340 30807.170635 30877.282460 30863.382696 30865.630492 30936.373708 30914.781737 30949.584058 30941.301238 30915.364677 30950.954508 30938.289758 30953.497455 30789.378329 31006.713788 30997.127174 0.000000 0.000000
0.000000 0.000000 34724.747961 34552.759315 34631.642553 34556.748803 34469.165978 34448.206224 34384.379911 34402.920237 34340.996143 34349.436662 34384.137003 34349.306705 34395.851451 34450.718081 34625.663064 34471.029502 34651.283074 0.000000 0.000000
0.000000 0.000000 35577.595567 35735.547433 35856.996446 35860.967188 35874.125244 35764.038364 35789.963312 35751.324644 35814.812000 35803.437235 35795.556783 35811.161983 35897.700588 35890.753131 35876.590223 35781.723990 35623.972169 0.000000 0.000000
0.000000 0.000000 0.000000 0.000000 0.000000 0.000000 0.000000 0.000000 0.000000 0.000000 0.000000 0.000000 0.000000 0.000000 0.000000 0.000000 0.000000 0.000000 0.000000 0.000000 0.000000
0.000000 0.000000 0.000000 0.000000 0.000000 0.000000 0.000000 0.000000 0.000000 0.000000 0.000000 0.000000 0.000000 0.000000 0.000000 0.000000 0.000000 0.000000 0.000000 0.000000 0.000000