geotop/1.0zi/1.0Montebello/Templates/testdem/maps/_Erotot8979.asc
ncols         21
nrows         20
xllcorner     100.000000
yllcorner     100.000000
cellsize      50.000000
NODATA_value  -9999.0
0.000000 0.000000 0.000000 0.000000 0.000000 0.000000 0.000000 0.000000 0.000000 0.000000 0.000000 0.000000 0.000000 0.000000 0.000000 0.000000 0.000000 0.000000 0.000000 0.000000 0.000000
0.000000 0.000000 718.783575 719.422121 718.853887 718.940808 717.923442 718.048639 718.131271 718.205447 718.586715 717.952659 717.842252 717.880407 718.285932 718.413261 719.235941 719.824041 719.982928 0.000000 0.000000
0.000000 0.000000 55.975828 54.992799 55.290704 55.223706 56.047983 55.722160 55.351049 55.217888 55.422073 55.751018 55.808832 55.926342 55.699339 55.094902 53.823202 52.976556 53.586193 0.000000 0.000000
0.000000 0.000000 429.777785 431.507934 418.446574 412.208948 411.636662 405.769295 410.762536 412.437247 408.484425 406.884993 410.300548 409.804712 418.297708 426.771620 430.581772 424.978994 432.256594 0.000000 0.000000
0.000000 0.000000 3931.473489 3925.369337 3924.201931 3890.810825 3866.842857 3854.133446 3848.571610 3841.193829 3850.112765 3857.006509 3855.470133 3850.537724 3870.104755 3874.538490 3890.226777 3901.452270 3901.541017 0.000000 0.000000
0.000000 0.000000 5991.324238 5985.972032 5980.637697 5982.443555 5960.394793 5947.966198 5951.550522 5951.397990 5947.114756 5941.039578 5939.307535 5943.468279 5943.552389 5968.461483 5969.736778 5975.830809 5978.160788 0.000000 0.000000
0.000000 0.000000 7415.814054 7410.260016 7407.006268 7396.142065 7387.401784 7354.636312 7355.009289 7352.397330 7352.124394 7356.451007 7357.002081 7357.961924 7390.732160 7396.529032 7404.862898 7407.277186 7412.275785 0.000000 0.000000
0.000000 0.000000 8808.251915 8805.772791 8801.827244 8789.753796 8783.932617 8780.307204 8781.177388 8779.179819 8779.486825 8775.328544 8774.131367 8781.535817 8779.775110 8788.350412 8802.525038 8798.566318 8804.672305 0.000000 0.000000
0.000000 0.000000 10605.615221 10600.666711 10593.674423 10591.142133 10576.050027 10557.240886 10560.194165 10556.029848 10553.068854 10552.658193 10555.443856 10549.243303 10573.202758 10587.108923 10588.525895 10590.556928 10594.056495 0.000000 0.000000
0.000000 0.000000 12688.856933 12681.446162 12680.544372 12674.086710 12650.727422 12639.813730 12639.390913 12638.039665 12634.243300 12638.657568 12641.656218 12641.317680 12648.519619 12667.176074 12674.718969 12677.000875 12676.171112 0.000000 0.000000
0.000000 0.000000 14995.197855 14992.833412 14989.966385 14962.055867 14955.876624 14935.321639 14943.719009 14926.513083 14932.603796 14928.868019 14921.281714 14932.132016 14946.412669 14949.838629 14964.849050 14968.347641 14983.232380 0.000000 0.000000
0.000000 0.000000 17545.025208 17535.343145 17520.941343 17518.188862 17502.037005 17479.160319 17477.557845 17480.500248 17486.753260 17473.970104 17481.019953 17478.991727 17505.137962 17517.567543 17517.924010 17521.674374 17546.782414 0.000000 0.000000
0.000000 0.000000 20243.009266 20232.967692 20236.616479 20213.364176 20204.181640 20137.817019 20135.544295 20134.384321 20105.363823 20124.235319 20126.585419 20133.755997 20182.712540 20191.323289 20221.177102 20218.245593 20225.130269 0.000000 0.000000
0.000000 0.000000 23428.105759 23429.520444 23408.458395 23401.261526 23313.579933 23352.953903 23333.262957 23334.620992 23348.134449 23336.501019 23335.310149 23324.404475 23286.862160 23385.118444 23387.465618 23411.699287 23424.736521 0.000000 0.000000
0.000000 0.000000 26991.097390 26976.194268 26960.696865 26859.147486 26900.223986 26844.545445 26822.648719 26817.985150 26796.302242 26784.638593 26794.896375 26795.612347 26852.809048 26813.249012 26957.416746 26919.132372 26912.476200 0.000000 0.000000
0.000000 0.000000 30518.730813 30512.197113 30373.646329 30441.598784 30429.069209 30430.393514 30500.331385 30478.863293 30513.173234 30504.891613 30479.679999 30514.801466 30503.040991 30517.169075 30357.841014 30571.003951 30561.394716 0.000000 0.000000
0.000000 0.000000 34320.438047 34147.098989 34226.100871 34151.876052 34063.483720 34042.532212 33979.351300 33997.811465 33936.056502 33944.571289 33979.351063 33944.670240 33991.173645 34046.602939 34221.494632 34067.676006 34249.731523 0.000000 0.000000
0.000000 0.000000 35189.773083 35354.838947 35480.503550 35485.979859 35500.679449 35387.548005 35415.044935 35375.210996 35441.292528 35429.583041 35421.194444 35437.735622 35526.474602 35518.450572 35502.221058 35405.492806 35241.319343 0.000000 0.000000
0.000000 0.000000 0.000000 0.000000 0.000000 0.000000 0.000000 0.000000 0.000000 0.000000 0.000000 0.000000 0.000000 0.000000 0.000000 0.000000 0.000000 0.000000 0.000000 0.000000 0.000000
0.000000 0.000000 0.000000 0.000000 0.000000 0.000000 0.000000 0.000000 0.000000 0.000000 0.000000 0.000000 0.000000 0.000000 0.000000 0.000000 0.000000 0.000000 0.000000 0.000000 0.000000