geotop/1.0zi/1.0Montebello/Templates/testdem/maps/_Erotot139X.asc
ncols         21
nrows         20
xllcorner     100.000000
yllcorner     100.000000
cellsize      50.000000
NODATA_value  -9999.0
0.000000 0.000000 0.000000 0.000000 0.000000 0.000000 0.000000 0.000000 0.000000 0.000000 0.000000 0.000000 0.000000 0.000000 0.000000 0.000000 0.000000 0.000000 0.000000 0.000000 0.000000
0.000000 0.000000 965.516162 964.945654 963.584135 961.669506 960.304946 959.515348 959.984011 960.667765 960.585490 959.763663 959.721038 959.796915 961.378743 961.900014 964.712482 965.358806 965.944614 0.000000 0.000000
0.000000 0.000000 68.015982 68.936128 67.424053 70.370224 69.691405 68.991465 69.332565 68.153552 69.091683 71.330451 69.069382 69.114080 68.637539 68.156165 65.944152 65.257868 68.400484 0.000000 0.000000
0.000000 0.000000 915.874805 923.377451 902.565910 893.112503 896.643610 886.037588 885.603273 888.506673 880.331831 880.909790 885.993433 890.141673 893.689195 906.904790 912.308720 912.913643 917.573728 0.000000 0.000000
0.000000 0.000000 5934.631526 5919.679104 5923.940065 5881.186931 5848.410766 5831.083519 5826.105278 5819.454935 5824.733648 5830.976993 5832.091618 5821.079584 5846.223722 5854.175989 5874.019974 5888.339450 5889.461365 0.000000 0.000000
0.000000 0.000000 8374.379277 8371.575063 8361.733929 8361.659719 8332.392839 8317.902106 8320.921342 8319.918509 8311.728052 8305.620393 8303.717186 8307.307002 8309.713687 8340.949701 8340.848156 8350.341401 8351.016252 0.000000 0.000000
0.000000 0.000000 10263.147735 10257.278735 10250.818862 10235.836064 10228.059211 10182.337362 10179.175106 10175.302547 10173.776535 10177.369322 10176.655229 10178.229809 10217.742405 10223.327114 10234.669643 10240.707355 10245.096934 0.000000 0.000000
0.000000 0.000000 12516.469936 12512.043928 12503.160962 12478.464832 12466.180397 12457.587858 12454.289413 12452.222525 12448.764760 12446.073257 12444.264828 12451.614697 12450.883093 12465.728832 12484.435835 12482.683083 12489.158645 0.000000 0.000000
0.000000 0.000000 15365.928566 15358.248909 15345.163493 15337.296068 15316.654912 15286.288250 15286.785085 15281.747007 15276.213844 15274.665773 15277.604320 15270.263525 15301.940043 15322.001953 15327.127174 15333.673151 15336.049457 0.000000 0.000000
0.000000 0.000000 18784.053741 18769.975910 18760.486036 18747.713168 18726.536334 18699.579729 18693.577375 18692.025198 18682.729659 18687.573479 18694.484009 18692.452781 18703.674066 18731.441973 18743.539301 18750.550270 18749.102423 0.000000 0.000000
0.000000 0.000000 22753.812225 22743.959687 22738.981055 22688.541455 22688.104533 22645.762025 22656.674163 22631.175317 22637.197607 22631.665826 22618.491919 22634.335318 22654.463801 22663.778017 22685.659981 22692.390457 22715.846160 0.000000 0.000000
0.000000 0.000000 27340.693746 27316.717704 27284.235157 27280.027835 27262.561669 27211.644358 27198.756528 27206.759719 27209.316874 27193.565402 27202.163148 27194.188790 27236.773980 27262.610460 27265.224938 27275.200270 27308.751381 0.000000 0.000000
0.000000 0.000000 32012.159230 31993.094694 31994.668440 31959.283084 31933.380839 31812.444336 31802.219045 31796.800700 31736.086353 31777.592571 31777.576657 31790.567121 31877.613319 31891.047333 31944.731639 31950.911640 31940.755791 0.000000 0.000000
0.000000 0.000000 36600.084010 36606.363265 36566.435851 36554.035733 36425.264223 36529.961696 36495.693467 36495.222700 36526.108182 36493.809062 36490.643560 36469.406283 36379.280191 36532.952450 36521.536929 36556.852203 36573.998014 0.000000 0.000000
0.000000 0.000000 39561.091354 39550.248688 39538.968302 39462.613549 39518.026485 39459.964808 39448.807437 39446.170139 39426.812211 39421.231234 39430.388609 39431.902130 39482.534333 39417.259499 39531.380299 39500.023171 39489.318446 0.000000 0.000000
0.000000 0.000000 41365.343562 41361.282219 41307.169910 41333.327857 41335.196739 41331.742621 41359.798176 41347.745611 41360.001696 41354.210184 41344.512953 41358.371307 41353.505670 41358.351647 41291.916081 41374.049562 41366.071505 0.000000 0.000000
0.000000 0.000000 42822.323680 42774.128503 42812.872120 42778.959359 42758.189632 42753.732840 42732.371471 42739.502921 42717.375933 42720.619954 42730.918114 42722.537258 42733.257946 42737.304710 42803.062109 42741.980125 42789.256506 0.000000 0.000000
0.000000 0.000000 43362.734882 43436.719988 43463.931488 43473.148967 43486.449422 43448.905470 43464.491076 43449.457107 43473.679054 43469.330128 43465.370151 43471.294396 43500.911279 43488.031172 43465.489443 43448.692478 43378.673983 0.000000 0.000000
0.000000 0.000000 0.000000 0.000000 0.000000 0.000000 0.000000 0.000000 0.000000 0.000000 0.000000 0.000000 0.000000 0.000000 0.000000 0.000000 0.000000 0.000000 0.000000 0.000000 0.000000
0.000000 0.000000 0.000000 0.000000 0.000000 0.000000 0.000000 0.000000 0.000000 0.000000 0.000000 0.000000 0.000000 0.000000 0.000000 0.000000 0.000000 0.000000 0.000000 0.000000 0.000000