geotop/1.0zi/1.0Montebello/Templates/testdem/maps/_Erotot3781.asc
ncols         21
nrows         20
xllcorner     100.000000
yllcorner     100.000000
cellsize      50.000000
NODATA_value  -9999.0
0.000000 0.000000 0.000000 0.000000 0.000000 0.000000 0.000000 0.000000 0.000000 0.000000 0.000000 0.000000 0.000000 0.000000 0.000000 0.000000 0.000000 0.000000 0.000000 0.000000 0.000000
0.000000 0.000000 281.088713 280.649600 280.461048 280.313456 280.342814 280.400655 280.435033 280.433699 280.419246 280.425111 280.424715 280.467135 280.336840 280.355221 280.530860 280.437954 280.530901 0.000000 0.000000
0.000000 0.000000 22.397336 22.949494 23.227163 23.966597 23.611509 23.617740 23.202123 23.128097 23.191722 23.550468 23.299678 23.124680 23.557565 23.325484 22.484864 21.933439 21.807487 0.000000 0.000000
0.000000 0.000000 136.451800 137.517409 130.751258 128.248726 129.291770 124.203923 123.375374 122.995395 122.187080 121.759949 122.893981 121.430421 123.905237 128.961642 129.802806 131.975416 134.861919 0.000000 0.000000
0.000000 0.000000 1244.965744 1252.574835 1258.120412 1250.027681 1240.371467 1234.226232 1237.464076 1231.492070 1236.946252 1239.404416 1240.900585 1241.665216 1249.227156 1244.370459 1244.830613 1245.417185 1244.070783 0.000000 0.000000
0.000000 0.000000 2318.470415 2313.217797 2307.938908 2305.602623 2296.952813 2292.002530 2289.403193 2291.456112 2289.809572 2288.795975 2288.861391 2291.439777 2292.281973 2304.607925 2309.244554 2308.887905 2311.976187 0.000000 0.000000
0.000000 0.000000 2785.080128 2780.879177 2775.769290 2767.007337 2756.963398 2743.401525 2744.557987 2741.512453 2744.508811 2743.890618 2746.041627 2751.002858 2765.865088 2771.513394 2778.184202 2781.708400 2784.789232 0.000000 0.000000
0.000000 0.000000 3209.026413 3210.160274 3209.809586 3204.504280 3202.487822 3198.662961 3199.180235 3199.647184 3197.332037 3197.658524 3197.596600 3197.442669 3201.180338 3204.871889 3205.829860 3204.683244 3205.376228 0.000000 0.000000
0.000000 0.000000 3765.460247 3765.650966 3761.812616 3759.764145 3754.031717 3744.500239 3744.542065 3742.634016 3743.463666 3744.154748 3744.414615 3746.690871 3753.010661 3759.989559 3759.410179 3760.047195 3763.307752 0.000000 0.000000
0.000000 0.000000 4388.497087 4387.755128 4386.618496 4382.035704 4372.269380 4367.212964 4368.459885 4367.633802 4367.713833 4367.808753 4368.554596 4368.761407 4376.857025 4382.466765 4384.161578 4384.349828 4385.283465 0.000000 0.000000
0.000000 0.000000 5042.565361 5041.704520 5038.959257 5035.889612 5032.276176 5021.950313 5022.040322 5019.571340 5019.950930 5020.796216 5021.418353 5022.948791 5028.528438 5030.425835 5034.115635 5035.428986 5037.969216 0.000000 0.000000
0.000000 0.000000 5718.705645 5718.248470 5715.212234 5707.761712 5701.434270 5693.449060 5692.307899 5691.830002 5692.022817 5691.362043 5692.792005 5694.692902 5704.419789 5709.426711 5711.948947 5712.296241 5728.244447 0.000000 0.000000
0.000000 0.000000 6391.922209 6390.903059 6387.647311 6383.867737 6375.485859 6358.796132 6358.788757 6357.157881 6357.161848 6357.802224 6358.475506 6360.878134 6374.776886 6381.839656 6384.017408 6384.835381 6386.693387 0.000000 0.000000
0.000000 0.000000 7107.778022 7105.955973 7102.497701 7097.883107 7080.795768 7087.198998 7081.869263 7080.839361 7081.372202 7081.614430 7082.318982 7083.954590 7079.835315 7094.376227 7097.229412 7101.412533 7100.919936 0.000000 0.000000
0.000000 0.000000 7867.083351 7862.846442 7857.878574 7847.701711 7843.167544 7828.071789 7820.596887 7819.071111 7815.295296 7814.816010 7817.553256 7817.242021 7828.095553 7835.316466 7852.028349 7847.475928 7848.296088 0.000000 0.000000
0.000000 0.000000 8613.463156 8613.990159 8596.834689 8598.221121 8596.137252 8594.499354 8596.310228 8596.165360 8598.639242 8598.714784 8598.024169 8604.232561 8603.223845 8601.828025 8591.610289 8608.981860 8612.530880 0.000000 0.000000
0.000000 0.000000 9458.334477 9442.217886 9433.983731 9426.123303 9411.656137 9405.670842 9403.904668 9403.283810 9400.245394 9400.607471 9402.480283 9402.614578 9407.539922 9421.149617 9431.898038 9431.804890 9449.053271 0.000000 0.000000
0.000000 0.000000 10095.690612 10098.094642 10113.140236 10103.491488 10096.218991 10078.750107 10077.206241 10074.785276 10075.954514 10075.871624 10076.673673 10079.431501 10096.203891 10103.443715 10112.661106 10091.946714 10094.294053 0.000000 0.000000
0.000000 0.000000 0.000000 0.000000 0.000000 0.000000 0.000000 0.000000 0.000000 0.000000 0.000000 0.000000 0.000000 0.000000 0.000000 0.000000 0.000000 0.000000 0.000000 0.000000 0.000000
0.000000 0.000000 0.000000 0.000000 0.000000 0.000000 0.000000 0.000000 0.000000 0.000000 0.000000 0.000000 0.000000 0.000000 0.000000 0.000000 0.000000 0.000000 0.000000 0.000000 0.000000