geotop/1.0zi/1.0Montebello/Templates/testdem/maps/_Erotot2749.asc
ncols         21
nrows         20
xllcorner     100.000000
yllcorner     100.000000
cellsize      50.000000
NODATA_value  -9999.0
0.000000 0.000000 0.000000 0.000000 0.000000 0.000000 0.000000 0.000000 0.000000 0.000000 0.000000 0.000000 0.000000 0.000000 0.000000 0.000000 0.000000 0.000000 0.000000 0.000000 0.000000
0.000000 0.000000 250.522744 250.525634 250.529026 250.650445 250.517436 250.521364 250.495797 250.538398 250.556757 250.538398 250.495797 250.521364 250.517436 250.650445 250.529026 250.525634 250.522744 0.000000 0.000000
0.000000 0.000000 13.172745 12.951310 11.200232 12.919470 13.213986 13.200569 13.233857 13.197042 13.181036 13.197042 13.233857 13.200569 13.213986 12.919470 11.200232 12.951310 13.172745 0.000000 0.000000
0.000000 0.000000 1932.211072 1931.890240 1932.226404 1930.353660 1932.358308 1931.800376 1931.793445 1932.629407 1932.837142 1932.629407 1931.793445 1931.800376 1932.358308 1930.353660 1932.226404 1931.890240 1932.211072 0.000000 0.000000
0.000000 0.000000 3921.803860 3921.634804 3920.976847 3921.568980 3922.110712 3921.968961 3921.934667 3922.086934 3922.042629 3922.086934 3921.934667 3921.968961 3922.110712 3921.568980 3920.976847 3921.634804 3921.803860 0.000000 0.000000
0.000000 0.000000 5104.026065 5103.822325 5103.264096 5103.413670 5104.220673 5103.928228 5103.946851 5104.294054 5104.407734 5104.294054 5103.946851 5103.928228 5104.220673 5103.413670 5103.264096 5103.822325 5104.026065 0.000000 0.000000
0.000000 0.000000 6657.378662 6657.209401 6656.700248 6656.838383 6657.527089 6657.274438 6657.298380 6657.606333 6657.725789 6657.606333 6657.298380 6657.274438 6657.527089 6656.838383 6656.700248 6657.209401 6657.378662 0.000000 0.000000
0.000000 0.000000 8114.794363 8114.652550 8114.179945 8114.320216 8114.911206 8114.694446 8114.715947 8114.991035 8115.103330 8114.991035 8114.715947 8114.694446 8114.911206 8114.320216 8114.179945 8114.652550 8114.794363 0.000000 0.000000
0.000000 0.000000 9466.353845 9466.224645 9465.777121 9465.916741 9466.458348 9466.259131 9466.279245 9466.536747 9466.642570 9466.536747 9466.279245 9466.259131 9466.458348 9465.916741 9465.777121 9466.224645 9466.353845 0.000000 0.000000
0.000000 0.000000 10735.460551 10735.359916 10734.924388 10735.101644 10735.552173 10735.374648 10735.399247 10735.632683 10735.731592 10735.632683 10735.399247 10735.374648 10735.552173 10735.101644 10734.924388 10735.359916 10735.460551 0.000000 0.000000
0.000000 0.000000 11928.335504 11928.228453 11927.813838 11927.966388 11928.426054 11928.249811 11928.270266 11928.499588 11928.592412 11928.499588 11928.270266 11928.249811 11928.426054 11927.966388 11927.813838 11928.228453 11928.335504 0.000000 0.000000
0.000000 0.000000 13063.682263 13063.575313 13063.177621 13063.324086 13063.767828 13063.599502 13063.618718 13063.839620 13063.929696 13063.839620 13063.618718 13063.599502 13063.767828 13063.324086 13063.177621 13063.575313 13063.682263 0.000000 0.000000
0.000000 0.000000 14150.423938 14150.322380 14149.932134 14150.079818 14150.502813 14150.339418 14150.358723 14150.573033 14150.658811 14150.573033 14150.358723 14150.339418 14150.502813 14150.079818 14149.932134 14150.322380 14150.423938 0.000000 0.000000
0.000000 0.000000 15194.864558 15194.770964 15194.391057 15194.556178 15194.941075 15194.784763 15194.805550 15195.010796 15195.093343 15195.010796 15194.805550 15194.784763 15194.941075 15194.556178 15194.391057 15194.770964 15194.864558 0.000000 0.000000
0.000000 0.000000 16200.159689 16200.064328 16199.689503 16199.843044 16200.232134 16200.077650 16200.096958 16200.299619 16200.379262 16200.299619 16200.096958 16200.077650 16200.232134 16199.843044 16199.689503 16200.064328 16200.159689 0.000000 0.000000
0.000000 0.000000 17169.903251 17169.810235 17169.447085 17169.593699 17169.969722 17169.820288 17169.839419 17170.036181 17170.113336 17170.036181 17169.839419 17169.820288 17169.969722 17169.593699 17169.447085 17169.810235 17169.903246 0.000000 0.000000
0.000000 0.000000 18106.449730 18106.358515 18105.998700 18106.148175 18106.514064 18106.367153 18106.385749 18106.577156 18106.651163 18106.577156 18106.385749 18106.367153 18106.514064 18106.148175 18105.998700 18106.358493 18106.449331 0.000000 0.000000
0.000000 0.000000 19052.317386 19052.653887 19052.301452 19052.446600 19052.806491 19052.663323 19052.679973 19052.867316 19052.938345 19052.867316 19052.679973 19052.663323 19052.806491 19052.446600 19052.301433 19052.650396 19052.738086 0.000000 0.000000
0.000000 0.000000 0.000000 0.000000 0.000000 0.000000 0.000000 0.000000 0.000000 0.000000 0.000000 0.000000 0.000000 0.000000 0.000000 0.000000 0.000000 0.000000 0.000000 0.000000 0.000000
0.000000 0.000000 0.000000 0.000000 0.000000 0.000000 0.000000 0.000000 0.000000 0.000000 0.000000 0.000000 0.000000 0.000000 0.000000 0.000000 0.000000 0.000000 0.000000 0.000000 0.000000