geotop/1.0zi/1.0Montebello/Templates/testdem/maps/_Erotot3803.asc
ncols         21
nrows         20
xllcorner     100.000000
yllcorner     100.000000
cellsize      50.000000
NODATA_value  -9999.0
0.000000 0.000000 0.000000 0.000000 0.000000 0.000000 0.000000 0.000000 0.000000 0.000000 0.000000 0.000000 0.000000 0.000000 0.000000 0.000000 0.000000 0.000000 0.000000 0.000000 0.000000
0.000000 0.000000 281.533548 281.094393 280.905824 280.758221 280.787559 280.845370 280.879747 280.878413 280.863959 280.869825 280.869430 280.911837 280.781512 280.799939 280.975649 280.882759 280.975741 0.000000 0.000000
0.000000 0.000000 22.427425 22.979636 23.257321 23.996747 23.641614 23.647906 23.232293 23.158266 23.221891 23.580633 23.329840 23.154854 23.587731 23.355668 22.515007 21.963570 21.837575 0.000000 0.000000
0.000000 0.000000 136.442094 137.507647 130.741415 128.238539 129.279200 124.189370 123.359645 122.979383 122.172020 121.747421 122.885076 121.422928 123.897123 128.953598 129.792677 131.963877 134.848529 0.000000 0.000000
0.000000 0.000000 1254.740966 1260.881819 1266.918523 1258.696976 1249.311911 1243.346892 1246.644783 1240.614756 1246.021853 1248.113493 1248.380602 1249.283809 1257.758515 1255.183932 1254.641668 1255.853501 1254.858520 0.000000 0.000000
0.000000 0.000000 2339.673916 2334.724856 2329.220900 2326.872835 2318.126987 2313.106895 2310.505410 2312.551784 2310.924997 2309.982196 2310.220293 2312.841794 2313.547946 2325.216716 2330.422820 2329.843468 2332.838925 0.000000 0.000000
0.000000 0.000000 2807.781168 2803.274913 2798.234291 2789.422891 2779.414212 2765.838582 2767.008594 2763.941159 2766.939185 2766.246640 2768.103781 2773.128320 2788.261261 2794.337914 2800.890119 2804.496361 2807.622895 0.000000 0.000000
0.000000 0.000000 3236.718424 3237.522449 3237.220662 3231.861180 3229.894782 3226.079274 3226.609750 3227.054094 3224.735174 3224.982881 3224.627392 3224.533817 3228.518400 3232.660321 3233.522796 3232.468278 3233.229503 0.000000 0.000000
0.000000 0.000000 3798.416289 3798.288892 3794.485653 3792.384526 3786.697720 3777.172647 3777.225095 3775.295417 3776.122724 3776.738487 3776.714901 3779.050439 3785.608187 3793.030224 3792.365785 3793.103764 3796.432647 0.000000 0.000000
0.000000 0.000000 4427.218839 4426.171189 4425.059921 4420.420195 4410.695779 4405.646606 4406.904961 4406.058421 4406.135814 4406.158024 4406.631693 4406.894566 4415.224292 4421.262727 4422.882855 4423.164935 4424.164275 0.000000 0.000000
0.000000 0.000000 5087.332309 5086.173019 5083.442121 5080.316468 5076.752934 5066.426601 5066.526603 5064.035078 5064.412162 5065.187090 5065.538281 5067.125774 5072.936066 5075.249777 5078.876223 5080.286618 5082.894604 0.000000 0.000000
0.000000 0.000000 5769.908534 5769.154924 5766.123031 5758.604997 5752.323970 5744.340183 5743.205353 5742.708801 5742.899118 5742.165337 5743.325700 5745.282153 5755.253822 5760.682788 5763.146014 5763.589008 5779.628251 0.000000 0.000000
0.000000 0.000000 6449.769122 6448.452262 6445.193223 6441.352266 6433.014800 6416.242541 6416.245156 6414.591937 6414.591723 6415.163249 6415.561334 6418.024192 6432.239367 6439.728097 6441.854175 6442.769840 6444.689220 0.000000 0.000000
0.000000 0.000000 7172.934800 7170.804980 7167.339039 7162.655024 7145.511790 7151.965072 7146.628814 7145.578937 7146.110460 7146.278845 7146.702345 7148.396897 7144.488355 7159.557966 7162.369070 7166.661933 7166.228673 0.000000 0.000000
0.000000 0.000000 7939.629166 7935.142405 7930.120614 7919.753015 7915.297574 7900.169898 7892.678163 7891.130926 7887.335844 7886.792948 7889.292795 7889.023714 7900.116106 7907.685417 7924.534536 7920.046468 7920.923705 0.000000 0.000000
0.000000 0.000000 8693.991828 8694.215856 8676.867564 8678.232875 8676.242143 8674.625570 8676.467160 8676.308631 8678.797105 8678.799206 8677.802013 8684.104078 8683.321704 8682.296335 8671.956692 8689.632074 8693.267287 0.000000 0.000000
0.000000 0.000000 9548.065974 9531.390353 9523.085534 9515.120683 9500.657191 9494.664463 9492.902441 9492.257361 9489.190257 9489.479542 9491.069661 9491.237058 9496.441832 9510.560023 9521.339107 9521.338714 9538.888898 0.000000 0.000000
0.000000 0.000000 10191.946982 10194.124372 10209.374802 10199.618452 10192.391351 10174.777861 10173.232526 10170.776350 10171.965094 10171.802292 10172.295258 10175.139598 10192.319314 10200.014531 10209.275141 10188.400008 10190.769811 0.000000 0.000000
0.000000 0.000000 0.000000 0.000000 0.000000 0.000000 0.000000 0.000000 0.000000 0.000000 0.000000 0.000000 0.000000 0.000000 0.000000 0.000000 0.000000 0.000000 0.000000 0.000000 0.000000
0.000000 0.000000 0.000000 0.000000 0.000000 0.000000 0.000000 0.000000 0.000000 0.000000 0.000000 0.000000 0.000000 0.000000 0.000000 0.000000 0.000000 0.000000 0.000000 0.000000 0.000000