geotop/1.0zi/1.0Montebello/Templates/testdem/maps/_Erotot1166.asc
ncols         21
nrows         20
xllcorner     100.000000
yllcorner     100.000000
cellsize      50.000000
NODATA_value  -9999.0
0.000000 0.000000 0.000000 0.000000 0.000000 0.000000 0.000000 0.000000 0.000000 0.000000 0.000000 0.000000 0.000000 0.000000 0.000000 0.000000 0.000000 0.000000 0.000000 0.000000 0.000000
0.000000 0.000000 124.570507 124.571886 124.606688 124.581894 124.563713 124.571907 124.573459 124.568376 124.569027 124.568376 124.573459 124.571907 124.563713 124.581894 124.606688 124.571886 124.570507 0.000000 0.000000
0.000000 0.000000 8.631471 8.412788 6.637186 8.494905 8.667359 8.658627 8.669376 8.675174 8.673301 8.675174 8.669376 8.658627 8.667359 8.494905 6.637186 8.412788 8.631471 0.000000 0.000000
0.000000 0.000000 921.305208 921.099469 921.120270 919.098308 921.361127 921.018210 920.981003 921.510543 921.453553 921.510543 920.981003 921.018210 921.361127 919.098308 921.120270 921.099469 921.305208 0.000000 0.000000
0.000000 0.000000 1698.198403 1697.973645 1697.219450 1697.908615 1698.340878 1698.173673 1698.131468 1698.280378 1698.234632 1698.280378 1698.131468 1698.173673 1698.340878 1697.908615 1697.219450 1697.973645 1698.198403 0.000000 0.000000
0.000000 0.000000 2240.441149 2240.267145 2239.512609 2239.687067 2240.526935 2240.353273 2240.339668 2240.557073 2240.529434 2240.557073 2240.339668 2240.353273 2240.526935 2239.687067 2239.512609 2240.267145 2240.441149 0.000000 0.000000
0.000000 0.000000 2930.094040 2929.955359 2929.273377 2929.446485 2930.154103 2930.021748 2930.017322 2930.196642 2930.172630 2930.196642 2930.017322 2930.021748 2930.154103 2929.446485 2929.273377 2929.955359 2930.094040 0.000000 0.000000
0.000000 0.000000 3588.001397 3587.881639 3587.250102 3587.422771 3588.044050 3587.936815 3587.936432 3588.094135 3588.073326 3588.094135 3587.936432 3587.936815 3588.044050 3587.422771 3587.250102 3587.881639 3588.001397 0.000000 0.000000
0.000000 0.000000 4212.840044 4212.730396 4212.129327 4212.297308 4212.875312 4212.778884 4212.780727 4212.927413 4212.907228 4212.927413 4212.780727 4212.778884 4212.875312 4212.297308 4212.129327 4212.730396 4212.840044 0.000000 0.000000
0.000000 0.000000 4811.583455 4811.500975 4810.911503 4811.117353 4811.609949 4811.529611 4811.538259 4811.667631 4811.647330 4811.667631 4811.538259 4811.529611 4811.609949 4811.117353 4810.911503 4811.500975 4811.583455 0.000000 0.000000
0.000000 0.000000 5386.818637 5386.726360 5386.154570 5386.334163 5386.846930 5386.762370 5386.767869 5386.899784 5386.878443 5386.899784 5386.767869 5386.762370 5386.846930 5386.334163 5386.154570 5386.726360 5386.818637 0.000000 0.000000
0.000000 0.000000 5944.251953 5944.156640 5943.598417 5943.768341 5944.275744 5944.193678 5944.199844 5944.330512 5944.310340 5944.330512 5944.199844 5944.193678 5944.275744 5943.768341 5943.598417 5944.156640 5944.251953 0.000000 0.000000
0.000000 0.000000 6489.216441 6489.123061 6488.571539 6488.742764 6489.238192 6489.157220 6489.164093 6489.292769 6489.272127 6489.292769 6489.164093 6489.157220 6489.238192 6488.742764 6488.571539 6489.123061 6489.216441 0.000000 0.000000
0.000000 0.000000 7021.992257 7021.905465 7021.358576 7021.550666 7022.012045 7021.934728 7021.944265 7022.068542 7022.047246 7022.068542 7021.944265 7021.934728 7022.012045 7021.550666 7021.358576 7021.905465 7021.992257 0.000000 0.000000
0.000000 0.000000 7546.300608 7546.211349 7545.665200 7545.846852 7546.320590 7546.241564 7546.250157 7546.376807 7546.354804 7546.376807 7546.250157 7546.241564 7546.320590 7545.846852 7545.665200 7546.211349 7546.300608 0.000000 0.000000
0.000000 0.000000 8062.984392 8062.895772 8062.362739 8062.536776 8063.003333 8062.927106 8062.935648 8063.059143 8063.037369 8063.059143 8062.935648 8062.927106 8063.003333 8062.536776 8062.362739 8062.895772 8062.984389 0.000000 0.000000
0.000000 0.000000 8570.179447 8570.091153 8569.555327 8569.733046 8570.199566 8570.120193 8570.128894 8570.254658 8570.231799 8570.254658 8570.128894 8570.120193 8570.199566 8569.733046 8569.555327 8570.091136 8570.179106 0.000000 0.000000
0.000000 0.000000 9094.600507 9094.756787 9094.223058 9094.391821 9094.863529 9094.782129 9094.791010 9094.919092 9094.895971 9094.919092 9094.791010 9094.782129 9094.863529 9094.391821 9094.223041 9094.753992 9094.842973 0.000000 0.000000
0.000000 0.000000 0.000000 0.000000 0.000000 0.000000 0.000000 0.000000 0.000000 0.000000 0.000000 0.000000 0.000000 0.000000 0.000000 0.000000 0.000000 0.000000 0.000000 0.000000 0.000000
0.000000 0.000000 0.000000 0.000000 0.000000 0.000000 0.000000 0.000000 0.000000 0.000000 0.000000 0.000000 0.000000 0.000000 0.000000 0.000000 0.000000 0.000000 0.000000 0.000000 0.000000