geotop/1.0zi/1.0Montebello/Templates/testdem/maps/_Erotot5236.asc
ncols         21
nrows         20
xllcorner     100.000000
yllcorner     100.000000
cellsize      50.000000
NODATA_value  -9999.0
0.000000 0.000000 0.000000 0.000000 0.000000 0.000000 0.000000 0.000000 0.000000 0.000000 0.000000 0.000000 0.000000 0.000000 0.000000 0.000000 0.000000 0.000000 0.000000 0.000000 0.000000
0.000000 0.000000 393.521419 392.729254 392.576151 392.374309 392.347060 392.424925 392.381139 392.551727 392.468376 392.249801 392.226133 392.270440 392.383644 392.270449 392.473140 392.656001 393.054899 0.000000 0.000000
0.000000 0.000000 30.709628 31.431485 31.652704 32.834116 32.574362 32.432703 32.246419 32.029557 32.159280 32.535780 32.302222 32.168463 32.561229 32.350609 31.510541 30.633845 29.997254 0.000000 0.000000
0.000000 0.000000 152.992166 154.461979 147.497613 144.734836 146.528515 141.304872 140.714531 141.101548 139.755978 138.413044 139.952765 138.012532 140.739985 145.520622 145.033705 148.445429 151.197832 0.000000 0.000000
0.000000 0.000000 1571.101653 1576.455549 1582.937162 1565.638114 1551.098100 1540.523309 1543.243884 1540.505919 1544.085003 1548.326518 1545.171921 1542.944496 1553.105875 1551.642793 1558.759588 1565.452793 1566.311959 0.000000 0.000000
0.000000 0.000000 2896.344662 2890.111961 2887.213035 2883.107798 2877.267075 2873.309177 2871.052200 2871.475122 2871.042673 2868.638185 2866.536266 2869.346338 2867.935773 2882.296751 2887.473353 2890.721459 2893.703388 0.000000 0.000000
0.000000 0.000000 3774.621212 3772.029632 3769.212114 3764.620390 3752.273315 3736.035424 3736.555848 3732.978878 3734.719948 3737.759543 3739.656207 3740.599788 3758.886265 3767.669737 3772.249072 3773.610482 3778.382840 0.000000 0.000000
0.000000 0.000000 4366.307836 4367.827999 4367.326651 4361.543132 4361.351535 4355.100046 4355.614074 4356.164078 4354.933951 4352.695259 4352.401403 4355.752158 4354.991861 4356.825463 4364.712409 4362.915650 4365.545608 0.000000 0.000000
0.000000 0.000000 5127.277542 5124.865105 5121.209380 5122.463650 5116.691268 5107.355743 5107.711191 5105.359465 5102.971445 5104.343233 5105.486686 5100.458770 5112.426091 5119.494131 5121.366342 5121.902087 5123.157920 0.000000 0.000000
0.000000 0.000000 6012.216194 6009.957038 6012.427454 6012.176401 5998.673997 5992.643669 5994.172520 5993.355333 5991.553543 5994.628650 5997.567510 5995.951692 5998.243750 6007.309080 6010.923384 6010.881847 6011.426633 0.000000 0.000000
0.000000 0.000000 6963.494183 6963.737326 6964.202933 6950.946611 6949.029142 6939.831650 6943.135824 6934.671744 6936.966679 6936.323455 6931.886271 6938.910638 6942.027623 6942.686526 6948.765375 6954.423291 6961.058283 0.000000 0.000000
0.000000 0.000000 7950.968554 7946.778716 7942.700136 7941.177972 7938.512141 7925.082910 7924.475790 7923.551938 7930.110457 7923.634906 7925.359945 7924.923737 7938.954142 7940.847621 7942.203124 7942.326870 7960.857763 0.000000 0.000000
0.000000 0.000000 8942.336144 8940.590624 8941.815601 8935.197027 8932.085681 8909.834742 8908.726108 8908.592788 8895.205122 8903.683368 8907.666551 8909.526967 8921.796955 8924.863818 8937.706484 8937.034049 8943.329875 0.000000 0.000000
0.000000 0.000000 10021.068172 10022.455032 10016.449058 10015.806728 9993.695543 10001.595504 9991.883959 9993.395483 9994.443711 9994.421874 9993.016530 9989.981622 9980.318413 10004.252803 10009.320327 10018.835409 10025.467353 0.000000 0.000000
0.000000 0.000000 11174.496975 11170.198903 11167.762887 11149.561087 11149.422390 11136.429347 11124.580824 11123.450102 11119.230077 11113.803499 11116.537377 11114.989991 11127.403983 11130.597271 11164.867183 11156.970641 11157.036395 0.000000 0.000000
0.000000 0.000000 12347.804221 12347.097598 12319.750273 12317.655909 12322.579786 12316.145722 12330.581094 12323.819171 12328.574649 12324.625559 12320.766696 12327.755754 12330.598633 12330.182465 12314.433328 12354.668680 12347.986001 0.000000 0.000000
0.000000 0.000000 13663.739973 13632.168240 13629.585861 13622.481529 13602.741506 13598.191248 13591.847767 13594.765026 13583.682593 13583.951141 13587.457241 13588.662573 13597.238647 13604.111051 13629.085581 13626.482107 13662.992344 0.000000 0.000000
0.000000 0.000000 14627.245550 14632.918482 14666.503092 14660.922731 14652.781435 14625.507779 14626.325904 14614.692085 14623.508389 14622.244058 14627.832605 14622.827220 14646.474158 14652.502924 14672.912728 14637.731551 14631.503008 0.000000 0.000000
0.000000 0.000000 0.000000 0.000000 0.000000 0.000000 0.000000 0.000000 0.000000 0.000000 0.000000 0.000000 0.000000 0.000000 0.000000 0.000000 0.000000 0.000000 0.000000 0.000000 0.000000
0.000000 0.000000 0.000000 0.000000 0.000000 0.000000 0.000000 0.000000 0.000000 0.000000 0.000000 0.000000 0.000000 0.000000 0.000000 0.000000 0.000000 0.000000 0.000000 0.000000 0.000000