geotop/1.0zi/1.0Montebello/Templates/testdem/maps/_Erotot4952.asc
ncols         21
nrows         20
xllcorner     100.000000
yllcorner     100.000000
cellsize      50.000000
NODATA_value  -9999.0
0.000000 0.000000 0.000000 0.000000 0.000000 0.000000 0.000000 0.000000 0.000000 0.000000 0.000000 0.000000 0.000000 0.000000 0.000000 0.000000 0.000000 0.000000 0.000000 0.000000 0.000000
0.000000 0.000000 367.427228 366.503556 366.219517 366.027425 365.998288 366.007850 366.048303 366.208920 366.162794 366.035103 366.115025 366.189421 366.069408 366.115910 366.302841 366.270025 366.839325 0.000000 0.000000
0.000000 0.000000 28.888967 29.836295 30.281675 31.322220 30.838012 30.955419 30.634153 30.428912 30.501547 30.843809 30.507223 30.303858 30.910820 30.531282 29.713211 29.106648 28.436442 0.000000 0.000000
0.000000 0.000000 151.077476 152.458212 145.194186 143.207806 144.413284 139.686920 138.923497 139.019643 137.624282 136.486897 137.598198 136.150997 138.748569 143.544588 143.048907 146.430582 149.144283 0.000000 0.000000
0.000000 0.000000 1517.433899 1521.438147 1526.868202 1509.130919 1497.953675 1489.666075 1492.231948 1486.763685 1490.600367 1494.744916 1495.097546 1495.405515 1504.683513 1503.855369 1510.509031 1515.931361 1517.733350 0.000000 0.000000
0.000000 0.000000 2802.576300 2796.993440 2793.070199 2789.976315 2783.519853 2780.198174 2777.575952 2779.423903 2778.838150 2776.115770 2772.521553 2774.415843 2774.445257 2787.598565 2791.467080 2791.759732 2794.665022 0.000000 0.000000
0.000000 0.000000 3578.598912 3573.980411 3569.138879 3565.241126 3554.130649 3538.395089 3539.759632 3536.412371 3539.261552 3538.387264 3541.303095 3543.577122 3558.489159 3567.836271 3574.027128 3578.021619 3581.609193 0.000000 0.000000
0.000000 0.000000 4146.041019 4146.133458 4146.733542 4142.109314 4140.096726 4135.112791 4135.821665 4136.174906 4133.504456 4134.262391 4133.302387 4132.494039 4136.051251 4139.628402 4141.738903 4141.460504 4142.727756 0.000000 0.000000
0.000000 0.000000 4855.752258 4855.378341 4852.637391 4850.185091 4845.292922 4836.431033 4836.736933 4834.987888 4835.246960 4835.713409 4835.112065 4836.116168 4841.712289 4849.803723 4849.834403 4851.644308 4855.422837 0.000000 0.000000
0.000000 0.000000 5688.031802 5686.040905 5686.139236 5682.001879 5672.647900 5667.337781 5669.003952 5668.180219 5668.042206 5667.863038 5667.163284 5665.910271 5673.770752 5680.764740 5683.075169 5684.412872 5685.842285 0.000000 0.000000
0.000000 0.000000 6569.983948 6567.927217 6566.359298 6563.962873 6560.682875 6549.741303 6550.072925 6547.633315 6547.490325 6548.361527 6547.567154 6547.865674 6553.392701 6556.462102 6561.306388 6563.724821 6566.875705 0.000000 0.000000
0.000000 0.000000 7489.998171 7489.017808 7486.354808 7479.213066 7473.802282 7465.287074 7464.312074 7464.053142 7463.914102 7462.846155 7462.803721 7463.108311 7472.821742 7479.205903 7482.674272 7484.190105 7501.579885 0.000000 0.000000
0.000000 0.000000 8419.207787 8417.036749 8414.629738 8411.499878 8403.252172 8382.471928 8382.790364 8381.076858 8380.721193 8381.158878 8379.891875 8380.853657 8398.609286 8407.264993 8410.612489 8412.487660 8414.895343 0.000000 0.000000
0.000000 0.000000 9415.185058 9411.768779 9409.458678 9405.143234 9383.147836 9391.599279 9385.568247 9384.767902 9384.931718 9385.028280 9384.116782 9384.326389 9378.440644 9399.124073 9403.178100 9408.993319 9408.926447 0.000000 0.000000
0.000000 0.000000 10481.160697 10476.118357 10470.940225 10455.796430 10452.693822 10435.542329 10427.100329 10425.462374 10420.657920 10420.121686 10421.719387 10419.732761 10431.686017 10440.157319 10464.288947 10459.965881 10461.493043 0.000000 0.000000
0.000000 0.000000 11549.647964 11548.935182 11525.109980 11528.667686 11527.315774 11526.110798 11529.330971 11529.587652 11532.438529 11531.991188 11528.833446 11535.013705 11532.947729 11531.739535 11519.103345 11547.110699 11552.164958 0.000000 0.000000
0.000000 0.000000 12765.892058 12736.927115 12727.866254 12718.647881 12701.314406 12693.955915 12692.119968 12691.353220 12686.830726 12686.922686 12687.873092 12685.007479 12691.026288 12710.129580 12725.327424 12725.871719 12754.887726 0.000000 0.000000
0.000000 0.000000 13652.327100 13657.165493 13682.913882 13671.805597 13663.937134 13636.404471 13634.586332 13631.706632 13633.633629 13633.090794 13631.614232 13634.073189 13660.321632 13670.144698 13683.439876 13653.689289 13654.768452 0.000000 0.000000
0.000000 0.000000 0.000000 0.000000 0.000000 0.000000 0.000000 0.000000 0.000000 0.000000 0.000000 0.000000 0.000000 0.000000 0.000000 0.000000 0.000000 0.000000 0.000000 0.000000 0.000000
0.000000 0.000000 0.000000 0.000000 0.000000 0.000000 0.000000 0.000000 0.000000 0.000000 0.000000 0.000000 0.000000 0.000000 0.000000 0.000000 0.000000 0.000000 0.000000 0.000000 0.000000