geotop/1.0zi/1.0Montebello/Templates/testdem/maps/_Erotot0299.asc
ncols         21
nrows         20
xllcorner     100.000000
yllcorner     100.000000
cellsize      50.000000
NODATA_value  -9999.0
0.000000 0.000000 0.000000 0.000000 0.000000 0.000000 0.000000 0.000000 0.000000 0.000000 0.000000 0.000000 0.000000 0.000000 0.000000 0.000000 0.000000 0.000000 0.000000 0.000000 0.000000
0.000000 0.000000 30.737106 30.737815 30.770417 30.737977 30.737224 30.737599 30.737393 30.737328 30.737304 30.737328 30.737393 30.737599 30.737224 30.737977 30.770417 30.737815 30.737106 0.000000 0.000000
0.000000 0.000000 8.650659 8.410812 6.617310 8.406138 8.654792 8.639476 8.656210 8.660846 8.662517 8.660846 8.656210 8.639476 8.654792 8.406138 6.617310 8.410812 8.650659 0.000000 0.000000
0.000000 0.000000 431.321641 431.478461 431.672508 431.398383 431.281255 431.364640 431.321706 431.308047 431.303122 431.308047 431.321706 431.364640 431.281255 431.398383 431.672508 431.478461 431.321641 0.000000 0.000000
0.000000 0.000000 547.297465 547.251685 546.485880 547.214881 547.283523 547.301368 547.300510 547.301157 547.300608 547.301157 547.300510 547.301368 547.283523 547.214881 546.485880 547.251685 547.297465 0.000000 0.000000
0.000000 0.000000 757.782607 757.749740 757.069257 757.708042 757.765665 757.795129 757.785769 757.782564 757.781105 757.782564 757.785769 757.795129 757.765665 757.708042 757.069257 757.749740 757.782607 0.000000 0.000000
0.000000 0.000000 963.459185 963.429364 962.823502 963.390823 963.443025 963.472150 963.462202 963.458647 963.457138 963.458647 963.462202 963.472150 963.443025 963.390823 962.823502 963.429364 963.459185 0.000000 0.000000
0.000000 0.000000 1156.478808 1156.449208 1155.887576 1156.414070 1156.463530 1156.491633 1156.481695 1156.478020 1156.476539 1156.478020 1156.481695 1156.491633 1156.463530 1156.414070 1155.887576 1156.449208 1156.478808 0.000000 0.000000
0.000000 0.000000 1339.530797 1339.501657 1338.965533 1339.467927 1339.515896 1339.543296 1339.533541 1339.529836 1339.528395 1339.529836 1339.533541 1339.543296 1339.515896 1339.467927 1338.965533 1339.501657 1339.530797 0.000000 0.000000
0.000000 0.000000 1516.228846 1516.199404 1515.677817 1516.166898 1516.214225 1516.241153 1516.231517 1516.227776 1516.226366 1516.227776 1516.231517 1516.241153 1516.214225 1516.166898 1515.677817 1516.199404 1516.228846 0.000000 0.000000
0.000000 0.000000 1686.907463 1686.877500 1686.363765 1686.845842 1686.893014 1686.919662 1686.910101 1686.906324 1686.904939 1686.906324 1686.910101 1686.919662 1686.893014 1686.845842 1686.363765 1686.877500 1686.907463 0.000000 0.000000
0.000000 0.000000 1853.205780 1853.175462 1852.668384 1853.144972 1853.191818 1853.217691 1853.208443 1853.204698 1853.203355 1853.204698 1853.208443 1853.217691 1853.191818 1853.144972 1852.668384 1853.175462 1853.205780 0.000000 0.000000
0.000000 0.000000 2014.942048 2014.912085 2014.407093 2014.882944 2014.928563 2014.954122 2014.944749 2014.940917 2014.939575 2014.940917 2014.944749 2014.954122 2014.928563 2014.882944 2014.407093 2014.912085 2014.942048 0.000000 0.000000
0.000000 0.000000 2173.994139 2173.962540 2173.460236 2173.933493 2173.980443 2174.006063 2173.996804 2173.992977 2173.991658 2173.992977 2173.996804 2174.006063 2173.980443 2173.933493 2173.460236 2173.962540 2173.994139 0.000000 0.000000
0.000000 0.000000 2331.573651 2331.541912 2331.036553 2331.512492 2331.559906 2331.585494 2331.576370 2331.572557 2331.571259 2331.572557 2331.576370 2331.585494 2331.559906 2331.512492 2331.036553 2331.541912 2331.573651 0.000000 0.000000
0.000000 0.000000 2487.426286 2487.394872 2486.899123 2487.365543 2487.412559 2487.438063 2487.429032 2487.425224 2487.423941 2487.425224 2487.429032 2487.438063 2487.412559 2487.365543 2486.899123 2487.394872 2487.426284 0.000000 0.000000
0.000000 0.000000 2640.699049 2640.665757 2640.165147 2640.637598 2640.685546 2640.710602 2640.701751 2640.697946 2640.696683 2640.697946 2640.701751 2640.710602 2640.685546 2640.637598 2640.165146 2640.665748 2640.698948 0.000000 0.000000
0.000000 0.000000 2805.258671 2805.333769 2804.833255 2805.303580 2805.351852 2805.376887 2805.368271 2805.364515 2805.363273 2805.364515 2805.368271 2805.376887 2805.351852 2805.303580 2804.833245 2805.332617 2805.365624 0.000000 0.000000
0.000000 0.000000 0.000000 0.000000 0.000000 0.000000 0.000000 0.000000 0.000000 0.000000 0.000000 0.000000 0.000000 0.000000 0.000000 0.000000 0.000000 0.000000 0.000000 0.000000 0.000000
0.000000 0.000000 0.000000 0.000000 0.000000 0.000000 0.000000 0.000000 0.000000 0.000000 0.000000 0.000000 0.000000 0.000000 0.000000 0.000000 0.000000 0.000000 0.000000 0.000000 0.000000