geotop/1.0zi/1.0Montebello/Templates/testdem/maps/_Erotot9445.asc
ncols         21
nrows         20
xllcorner     100.000000
yllcorner     100.000000
cellsize      50.000000
NODATA_value  -9999.0
0.000000 0.000000 0.000000 0.000000 0.000000 0.000000 0.000000 0.000000 0.000000 0.000000 0.000000 0.000000 0.000000 0.000000 0.000000 0.000000 0.000000 0.000000 0.000000 0.000000 0.000000
0.000000 0.000000 791.787024 791.888600 790.661712 790.199675 788.670677 788.184392 788.319192 788.347897 788.758819 788.139631 787.991097 788.026939 789.001439 789.648015 790.996335 792.229829 792.869170 0.000000 0.000000
0.000000 0.000000 59.409457 58.027346 58.383367 58.147172 58.863263 58.421790 58.026880 57.915589 58.088735 58.392277 58.466102 58.555681 58.448108 57.958887 56.867917 55.943824 56.817657 0.000000 0.000000
0.000000 0.000000 507.220236 510.917631 496.895165 491.304954 490.642271 483.000951 489.821492 491.931911 488.362991 488.586137 493.348486 492.810328 501.358003 509.881671 512.650978 510.921296 516.812620 0.000000 0.000000
0.000000 0.000000 4288.175897 4282.073056 4276.880393 4241.564307 4214.319469 4200.970701 4193.378562 4187.091517 4194.563715 4201.029545 4199.239221 4194.354123 4214.060337 4220.382308 4238.391554 4249.462045 4250.503074 0.000000 0.000000
0.000000 0.000000 6498.951023 6493.547530 6488.584267 6491.120451 6466.250920 6454.072915 6457.684592 6456.944472 6452.407906 6446.087232 6444.558048 6449.064909 6449.133034 6475.572116 6476.216662 6484.041549 6486.351174 0.000000 0.000000
0.000000 0.000000 7980.895560 7975.721624 7971.696684 7959.847128 7951.886868 7913.547699 7916.605426 7913.981863 7913.335390 7917.840812 7918.601085 7920.324378 7953.880655 7959.175300 7968.898855 7971.720738 7977.077892 0.000000 0.000000
0.000000 0.000000 9529.465664 9526.819977 9521.452986 9508.600073 9500.785236 9497.553627 9497.637521 9495.683677 9495.632062 9491.631240 9490.735132 9498.118227 9496.623948 9506.975252 9522.270975 9519.787153 9526.207591 0.000000 0.000000
0.000000 0.000000 11511.898737 11506.814360 11499.346887 11495.693584 11478.510799 11456.324393 11459.859952 11455.652128 11452.143005 11451.883404 11455.082606 11449.010136 11474.822645 11489.710699 11492.313078 11495.992954 11498.852641 0.000000 0.000000
0.000000 0.000000 13819.342534 13811.939405 13808.451229 13800.460501 13775.981995 13761.764006 13761.779219 13760.060090 13755.701131 13760.450959 13763.993704 13763.889847 13771.648368 13792.569887 13801.438807 13805.500837 13805.285788 0.000000 0.000000
0.000000 0.000000 16394.335316 16391.869290 16389.496025 16357.155592 16350.151862 16325.368573 16334.330076 16316.735014 16322.541946 16318.681537 16311.014070 16322.964633 16338.499725 16343.402943 16359.606060 16365.076953 16381.783744 0.000000 0.000000
0.000000 0.000000 19272.425158 19260.525523 19242.253646 19240.514524 19221.249869 19193.111777 19192.866709 19194.875383 19202.109729 19187.091932 19195.858159 19193.527366 19222.559510 19237.551230 19239.689877 19245.314171 19272.027948 0.000000 0.000000
0.000000 0.000000 22338.473463 22331.002662 22333.486396 22304.504803 22292.599083 22214.264129 22211.740597 22210.662321 22176.234658 22199.070342 22201.800135 22210.478666 22267.111410 22277.847018 22311.251342 22311.710630 22317.704115 0.000000 0.000000
0.000000 0.000000 25989.261008 25990.797518 25964.619181 25955.921306 25850.503741 25902.561577 25878.464016 25880.207300 25898.017549 25882.742142 25881.516597 25868.980808 25818.374259 25937.490135 25939.164792 25969.670842 25984.452090 0.000000 0.000000
0.000000 0.000000 29966.079983 29951.062098 29932.755915 29811.177396 29870.898474 29794.402130 29772.301447 29766.283698 29738.344136 29726.706149 29740.153217 29742.450301 29816.325912 29756.347647 29928.598825 29884.623161 29875.390865 0.000000 0.000000
0.000000 0.000000 33571.093681 33565.422092 33417.016525 33503.792595 33482.529976 33490.760462 33567.968921 33546.042946 33584.664722 33577.511674 33549.523411 33587.107179 33565.251307 33586.583427 33397.551246 33632.765126 33623.572406 0.000000 0.000000
0.000000 0.000000 36946.810342 36803.250057 36877.651661 36811.813723 36737.004747 36717.323820 36660.552284 36677.192951 36622.697451 36630.624601 36661.361590 36631.225820 36672.263449 36718.455794 36872.841686 36732.344272 36885.351415 0.000000 0.000000
0.000000 0.000000 37811.496819 37917.329465 38012.603604 38009.298239 38010.994457 37926.759856 37941.783157 37913.340271 37956.333928 37948.647084 37946.731206 37954.306588 38020.870932 38022.466078 38025.898104 37944.451401 37839.941348 0.000000 0.000000
0.000000 0.000000 0.000000 0.000000 0.000000 0.000000 0.000000 0.000000 0.000000 0.000000 0.000000 0.000000 0.000000 0.000000 0.000000 0.000000 0.000000 0.000000 0.000000 0.000000 0.000000
0.000000 0.000000 0.000000 0.000000 0.000000 0.000000 0.000000 0.000000 0.000000 0.000000 0.000000 0.000000 0.000000 0.000000 0.000000 0.000000 0.000000 0.000000 0.000000 0.000000 0.000000