geotop/1.0zi/1.0Montebello/Templates/testdem/maps/_Erotot3049.asc
ncols         21
nrows         20
xllcorner     100.000000
yllcorner     100.000000
cellsize      50.000000
NODATA_value  -9999.0
0.000000 0.000000 0.000000 0.000000 0.000000 0.000000 0.000000 0.000000 0.000000 0.000000 0.000000 0.000000 0.000000 0.000000 0.000000 0.000000 0.000000 0.000000 0.000000 0.000000 0.000000
0.000000 0.000000 333.244515 333.247328 333.250852 333.369656 333.238914 333.243265 333.217630 333.257646 333.273323 333.257646 333.217630 333.243265 333.238914 333.369656 333.250852 333.247328 333.244515 0.000000 0.000000
0.000000 0.000000 12.151039 11.922961 10.167739 11.849725 12.163742 12.093018 12.192176 12.106014 12.458782 12.106014 12.192176 12.093018 12.163742 11.849725 10.167739 11.922961 12.151039 0.000000 0.000000
0.000000 0.000000 2443.200325 2442.859320 2443.140852 2441.329799 2443.245530 2442.768731 2442.717814 2443.620727 2443.761853 2443.620727 2442.717814 2442.768731 2443.245530 2441.329799 2443.140852 2442.859320 2443.200325 0.000000 0.000000
0.000000 0.000000 4610.482593 4610.314349 4609.650488 4610.230639 4610.774243 4610.645326 4610.603949 4610.741048 4610.740892 4610.741048 4610.603949 4610.645326 4610.774243 4610.230639 4609.650488 4610.314349 4610.482593 0.000000 0.000000
0.000000 0.000000 5988.385849 5988.179898 5987.608794 5987.751106 5988.549608 5988.271506 5988.287405 5988.626279 5988.834836 5988.626279 5988.287405 5988.271506 5988.549608 5987.751106 5987.608794 5988.179898 5988.385849 0.000000 0.000000
0.000000 0.000000 7729.240401 7729.068897 7728.549940 7728.676808 7729.361023 7729.121255 7729.142073 7729.439356 7729.648423 7729.439356 7729.142073 7729.121255 7729.361023 7728.676808 7728.549940 7729.068897 7729.240401 0.000000 0.000000
0.000000 0.000000 9342.622105 9342.478705 9342.001435 9342.131560 9342.714990 9342.509457 9342.529728 9342.795451 9342.983487 9342.795451 9342.529728 9342.509457 9342.714990 9342.131560 9342.001435 9342.478705 9342.622105 0.000000 0.000000
0.000000 0.000000 10830.465732 10830.335859 10829.884893 10830.013511 10830.547817 10830.360181 10830.377593 10830.624075 10830.801716 10830.624075 10830.377593 10830.360181 10830.547817 10830.013511 10829.884893 10830.335859 10830.465732 0.000000 0.000000
0.000000 0.000000 12216.989720 12216.888942 12216.452855 12216.618642 12217.063017 12216.896137 12216.916841 12217.139400 12217.301375 12217.139400 12216.916841 12216.896137 12217.063017 12216.618642 12216.452855 12216.888942 12216.989720 0.000000 0.000000
0.000000 0.000000 13509.872323 13509.765575 13509.352421 13509.493520 13509.943992 13509.778996 13509.796258 13510.014478 13510.167469 13510.014478 13509.796258 13509.778996 13509.943992 13509.493520 13509.352421 13509.765575 13509.872323 0.000000 0.000000
0.000000 0.000000 14734.186426 14734.080648 14733.686303 14733.821429 14734.254445 14734.097460 14734.113283 14734.322491 14734.468099 14734.322491 14734.113283 14734.097460 14734.254445 14733.821429 14733.686303 14734.080648 14734.186426 0.000000 0.000000
0.000000 0.000000 15897.434434 15897.334798 15896.949553 15897.085857 15897.496853 15897.344872 15897.360670 15897.562989 15897.700792 15897.562989 15897.360670 15897.344872 15897.496853 15897.085857 15896.949553 15897.334798 15897.434434 0.000000 0.000000
0.000000 0.000000 17011.153199 17011.061929 17010.688820 17010.841867 17011.214507 17011.069611 17011.086605 17011.279641 17011.410847 17011.279641 17011.086605 17011.069611 17011.214507 17010.841867 17010.688820 17011.061929 17011.153199 0.000000 0.000000
0.000000 0.000000 18077.185168 18077.092493 18076.726643 18076.867417 18077.243936 18077.100888 18077.116063 18077.305608 18077.430755 18077.305608 18077.116063 18077.100888 18077.243936 18076.867417 18076.726643 18077.092493 18077.185168 0.000000 0.000000
0.000000 0.000000 19099.507888 19099.417805 19099.064576 19099.197868 19099.560830 19099.423064 19099.438059 19099.621048 19099.742090 19099.621048 19099.438059 19099.423064 19099.560830 19099.197868 19099.064576 19099.417805 19099.507884 0.000000 0.000000
0.000000 0.000000 20083.657330 20083.569700 20083.221957 20083.359074 20083.708997 20083.574026 20083.589011 20083.767193 20083.881317 20083.767193 20083.589011 20083.574026 20083.708997 20083.359074 20083.221957 20083.569679 20083.657277 0.000000 0.000000
0.000000 0.000000 21084.264014 21084.709185 21084.369892 21084.502726 21084.844313 21084.713837 21084.727187 21084.900669 21085.011424 21084.900669 21084.727187 21084.713837 21084.844313 21084.502726 21084.369875 21084.705834 21084.790056 0.000000 0.000000
0.000000 0.000000 0.000000 0.000000 0.000000 0.000000 0.000000 0.000000 0.000000 0.000000 0.000000 0.000000 0.000000 0.000000 0.000000 0.000000 0.000000 0.000000 0.000000 0.000000 0.000000
0.000000 0.000000 0.000000 0.000000 0.000000 0.000000 0.000000 0.000000 0.000000 0.000000 0.000000 0.000000 0.000000 0.000000 0.000000 0.000000 0.000000 0.000000 0.000000 0.000000 0.000000