geotop/1.0zi/1.0Montebello/Templates/testdem/maps/_Erotot1636.asc
ncols         21
nrows         20
xllcorner     100.000000
yllcorner     100.000000
cellsize      50.000000
NODATA_value  -9999.0
0.000000 0.000000 0.000000 0.000000 0.000000 0.000000 0.000000 0.000000 0.000000 0.000000 0.000000 0.000000 0.000000 0.000000 0.000000 0.000000 0.000000 0.000000 0.000000 0.000000 0.000000
0.000000 0.000000 183.276818 183.278740 183.315064 183.298689 183.267033 183.279039 183.281026 183.273656 183.274675 183.273656 183.281026 183.279039 183.267033 183.298689 183.315064 183.278740 183.276818 0.000000 0.000000
0.000000 0.000000 9.726456 9.506121 7.728030 9.577800 9.771673 9.751899 9.760835 9.770715 9.768273 9.770715 9.760835 9.751899 9.771673 9.577800 7.728030 9.506121 9.726456 0.000000 0.000000
0.000000 0.000000 1293.397959 1293.186016 1293.375519 1291.420968 1293.704677 1293.288183 1293.237487 1293.831631 1293.786859 1293.831631 1293.237487 1293.288183 1293.704677 1291.420968 1293.375519 1293.186016 1293.397959 0.000000 0.000000
0.000000 0.000000 2412.111868 2411.899315 2411.302511 2411.994922 2412.450947 2412.254615 2412.210414 2412.363560 2412.317154 2412.363560 2412.210414 2412.254615 2412.450947 2411.994922 2411.302511 2411.899315 2412.111868 0.000000 0.000000
0.000000 0.000000 3162.887278 3162.718559 3162.110157 3162.312665 3163.207632 3162.959430 3162.933388 3163.172417 3163.148612 3163.172417 3162.933388 3162.959430 3163.207632 3162.312665 3162.110157 3162.718559 3162.887278 0.000000 0.000000
0.000000 0.000000 4124.299772 4124.164132 4123.600266 4123.797179 4124.565137 4124.353272 4124.337947 4124.536035 4124.516017 4124.536035 4124.337947 4124.353272 4124.565137 4123.797179 4123.600266 4124.164132 4124.299772 0.000000 0.000000
0.000000 0.000000 5036.192369 5036.080298 5035.550768 5035.744307 5036.416011 5036.234722 5036.221290 5036.394418 5036.375375 5036.394418 5036.221290 5036.234722 5036.416011 5035.744307 5035.550768 5036.080298 5036.192369 0.000000 0.000000
0.000000 0.000000 5897.178797 5897.075005 5896.567509 5896.754508 5897.383445 5897.214989 5897.203148 5897.366848 5897.349242 5897.366848 5897.203148 5897.214989 5897.383445 5896.754508 5896.567509 5897.075005 5897.178797 0.000000 0.000000
0.000000 0.000000 6717.682948 6717.605934 6717.106503 6717.328857 6717.869668 6717.719999 6717.715025 6717.860453 6717.842807 6717.860453 6717.715025 6717.719999 6717.869668 6717.328857 6717.106503 6717.605934 6717.682948 0.000000 0.000000
0.000000 0.000000 7501.719166 7501.632714 7501.149636 7501.344404 7501.901484 7501.750143 7501.742161 7501.888972 7501.870425 7501.888972 7501.742161 7501.750143 7501.901484 7501.344404 7501.149636 7501.632714 7501.719166 0.000000 0.000000
0.000000 0.000000 8257.855703 8257.766798 8257.297174 8257.481664 8258.029330 8257.882501 8257.875265 8258.019583 8258.002253 8258.019583 8257.875265 8257.882501 8258.029330 8257.481664 8257.297174 8257.766798 8257.855703 0.000000 0.000000
0.000000 0.000000 8992.859375 8992.773026 8992.307326 8992.492064 8993.024685 8992.880676 8992.874034 8993.015488 8992.997651 8993.015488 8992.874034 8992.880676 8993.024685 8992.492064 8992.307326 8992.773026 8992.859375 0.000000 0.000000
0.000000 0.000000 9706.923540 9706.843746 9706.383947 9706.587403 9707.084554 9706.945471 9706.941320 9707.077487 9707.059228 9707.077487 9706.941320 9706.945471 9707.084554 9706.587403 9706.383947 9706.843746 9706.923540 0.000000 0.000000
0.000000 0.000000 10404.579267 10404.496601 10404.036094 10404.228198 10404.734582 10404.595319 10404.590152 10404.727561 10404.708883 10404.727561 10404.590152 10404.595319 10404.734582 10404.228198 10404.036094 10404.496601 10404.579267 0.000000 0.000000
0.000000 0.000000 11087.174275 11087.092571 11086.641753 11086.826050 11087.323180 11087.187439 11087.182411 11087.316487 11087.298068 11087.316487 11087.182411 11087.187439 11087.323180 11086.826050 11086.641753 11087.092571 11087.174271 0.000000 0.000000
0.000000 0.000000 11753.936995 11753.855926 11753.403071 11753.590216 11754.083182 11753.946561 11753.941422 11754.074110 11754.054848 11754.074110 11753.941422 11753.946561 11754.083182 11753.590216 11753.403070 11753.855907 11753.936658 0.000000 0.000000
0.000000 0.000000 12439.550132 12439.793410 12439.346983 12439.525632 12440.019394 12439.882004 12439.876972 12440.011400 12439.992012 12440.011400 12439.876972 12439.882004 12440.019394 12439.525632 12439.346965 12439.790176 12439.871090 0.000000 0.000000
0.000000 0.000000 0.000000 0.000000 0.000000 0.000000 0.000000 0.000000 0.000000 0.000000 0.000000 0.000000 0.000000 0.000000 0.000000 0.000000 0.000000 0.000000 0.000000 0.000000 0.000000
0.000000 0.000000 0.000000 0.000000 0.000000 0.000000 0.000000 0.000000 0.000000 0.000000 0.000000 0.000000 0.000000 0.000000 0.000000 0.000000 0.000000 0.000000 0.000000 0.000000 0.000000