geotop/1.0zi/1.0Montebello/Templates/testdem/maps/_Erotot0685.asc
ncols         21
nrows         20
xllcorner     100.000000
yllcorner     100.000000
cellsize      50.000000
NODATA_value  -9999.0
0.000000 0.000000 0.000000 0.000000 0.000000 0.000000 0.000000 0.000000 0.000000 0.000000 0.000000 0.000000 0.000000 0.000000 0.000000 0.000000 0.000000 0.000000 0.000000 0.000000 0.000000
0.000000 0.000000 50.679110 50.679788 50.712426 50.679959 50.679236 50.679628 50.679445 50.679350 50.679323 50.679350 50.679445 50.679628 50.679236 50.679959 50.712426 50.679788 50.679110 0.000000 0.000000
0.000000 0.000000 7.130295 6.913849 5.096649 6.909328 7.173737 7.158299 7.172804 7.179666 7.180733 7.179666 7.172804 7.158299 7.173737 6.909328 5.096649 6.913849 7.130295 0.000000 0.000000
0.000000 0.000000 594.681735 594.932456 595.056647 594.831270 594.626101 594.726231 594.722755 594.658436 594.588057 594.658436 594.722755 594.726231 594.626101 594.831270 595.056647 594.932456 594.681735 0.000000 0.000000
0.000000 0.000000 957.504531 957.457175 956.701189 957.441641 957.530539 957.558269 957.553538 957.557681 957.553026 957.557681 957.553538 957.558269 957.530539 957.441641 956.701189 957.457175 957.504531 0.000000 0.000000
0.000000 0.000000 1295.527629 1295.534040 1294.829803 1295.490163 1295.534459 1295.576525 1295.580893 1295.559968 1295.539218 1295.559968 1295.580893 1295.576525 1295.534459 1295.490163 1294.829803 1295.534040 1295.527629 0.000000 0.000000
0.000000 0.000000 1701.241243 1701.250027 1700.622527 1701.207355 1701.245274 1701.288134 1701.293514 1701.270544 1701.252165 1701.270544 1701.293514 1701.288134 1701.245274 1701.207355 1700.622527 1701.250027 1701.241243 0.000000 0.000000
0.000000 0.000000 2091.955075 2091.962931 2091.381958 2091.922731 2091.956672 2091.998465 2092.003818 2091.980786 2091.963965 2091.980786 2092.003818 2091.998465 2091.956672 2091.922731 2091.381958 2091.962931 2091.955075 0.000000 0.000000
0.000000 0.000000 2465.587020 2465.594734 2465.041182 2465.555446 2465.586770 2465.627607 2465.632950 2465.610107 2465.593936 2465.610107 2465.632950 2465.627607 2465.586770 2465.555446 2465.041182 2465.594734 2465.587020 0.000000 0.000000
0.000000 0.000000 2827.226501 2827.233593 2826.696363 2827.195279 2827.224976 2827.265047 2827.270347 2827.247654 2827.231665 2827.247654 2827.270347 2827.265047 2827.224976 2827.195279 2826.696363 2827.233593 2827.226501 0.000000 0.000000
0.000000 0.000000 3178.884697 3178.891159 3178.363540 3178.853555 3178.882229 3178.921736 3178.927001 3178.904400 3178.888370 3178.904400 3178.927001 3178.921736 3178.882229 3178.853555 3178.363540 3178.891159 3178.884697 0.000000 0.000000
0.000000 0.000000 3521.127500 3521.131068 3520.613907 3521.095071 3521.122841 3521.161031 3521.166732 3521.144303 3521.129304 3521.144303 3521.166732 3521.161031 3521.122841 3521.095071 3520.613907 3521.131068 3521.127500 0.000000 0.000000
0.000000 0.000000 3856.300287 3856.302383 3855.790652 3856.268579 3856.294582 3856.332093 3856.337897 3856.315421 3856.300522 3856.315421 3856.337897 3856.332093 3856.294582 3856.268579 3855.790652 3856.302383 3856.300287 0.000000 0.000000
0.000000 0.000000 4187.935493 4187.935748 4187.428523 4187.902270 4187.929031 4187.966373 4187.972309 4187.949836 4187.934825 4187.949836 4187.972309 4187.966373 4187.929031 4187.902270 4187.428523 4187.935748 4187.935493 0.000000 0.000000
0.000000 0.000000 4515.124351 4515.124963 4514.616026 4515.091246 4515.117695 4515.154544 4515.160559 4515.138056 4515.122301 4515.138056 4515.160559 4515.154544 4515.117695 4515.091246 4514.616026 4515.124963 4515.124351 0.000000 0.000000
0.000000 0.000000 4839.685437 4839.687283 4839.188014 4839.653592 4839.679261 4839.715982 4839.722003 4839.699445 4839.683135 4839.699445 4839.722003 4839.715982 4839.679261 4839.653592 4839.188014 4839.687283 4839.685433 0.000000 0.000000
0.000000 0.000000 5159.191173 5159.191284 5158.689241 5159.158710 5159.184623 5159.220643 5159.226757 5159.204156 5159.187546 5159.204156 5159.226757 5159.220643 5159.184623 5159.158710 5158.689240 5159.191271 5159.190741 0.000000 0.000000
0.000000 0.000000 5485.585226 5485.709401 5485.208304 5485.674212 5485.699962 5485.735890 5485.742306 5485.719646 5485.702801 5485.719646 5485.742306 5485.735890 5485.699962 5485.674212 5485.208290 5485.707384 5485.706559 0.000000 0.000000
0.000000 0.000000 0.000000 0.000000 0.000000 0.000000 0.000000 0.000000 0.000000 0.000000 0.000000 0.000000 0.000000 0.000000 0.000000 0.000000 0.000000 0.000000 0.000000 0.000000 0.000000
0.000000 0.000000 0.000000 0.000000 0.000000 0.000000 0.000000 0.000000 0.000000 0.000000 0.000000 0.000000 0.000000 0.000000 0.000000 0.000000 0.000000 0.000000 0.000000 0.000000 0.000000