geotop/1.0zi/1.0Montebello/Templates/testdem/maps/_Erotot7509.asc
ncols         21
nrows         20
xllcorner     100.000000
yllcorner     100.000000
cellsize      50.000000
NODATA_value  -9999.0
0.000000 0.000000 0.000000 0.000000 0.000000 0.000000 0.000000 0.000000 0.000000 0.000000 0.000000 0.000000 0.000000 0.000000 0.000000 0.000000 0.000000 0.000000 0.000000 0.000000 0.000000
0.000000 0.000000 641.989075 642.935010 642.333479 642.495630 641.624932 641.826691 641.773419 641.878182 642.301462 641.633603 641.517240 641.558542 641.902568 641.943798 642.742610 643.325220 643.394475 0.000000 0.000000
0.000000 0.000000 49.995427 48.772357 48.918119 49.294843 49.709696 49.387021 49.121926 48.959807 49.201547 49.537051 49.558654 49.722908 49.471674 49.144997 47.734843 46.798361 47.552962 0.000000 0.000000
0.000000 0.000000 353.334486 354.619180 342.458151 336.699005 337.502388 326.118022 326.186682 327.061812 323.401449 321.568562 323.770761 323.920287 334.232943 341.095033 345.731718 348.686381 353.592985 0.000000 0.000000
0.000000 0.000000 2970.546661 2973.710135 2977.579025 2956.032796 2937.402684 2927.665484 2927.342837 2923.680940 2929.794720 2935.819194 2930.445079 2928.738151 2943.247412 2946.363371 2955.643925 2963.843950 2963.464546 0.000000 0.000000
0.000000 0.000000 4710.639319 4704.896794 4701.327830 4695.432093 4681.165748 4671.578238 4672.325697 4671.165335 4667.915581 4662.172578 4661.334383 4664.567374 4663.650003 4682.795991 4690.817715 4697.796439 4700.820944 0.000000 0.000000
0.000000 0.000000 5989.536635 5986.563553 5982.288474 5975.710614 5962.253153 5941.350471 5940.377161 5936.738985 5938.066969 5941.937478 5943.299858 5943.836931 5970.697604 5980.444262 5985.800245 5988.441896 5993.656085 0.000000 0.000000
0.000000 0.000000 7002.271658 7002.739412 7000.013535 6990.615640 6988.557426 6979.742102 6980.064116 6980.101097 6978.982924 6975.263601 6974.455710 6980.508940 6981.933913 6986.443877 6998.496465 6996.969581 7001.831006 0.000000 0.000000
0.000000 0.000000 8341.719630 8337.538405 8331.612514 8331.621311 8321.144110 8306.556327 8307.815675 8303.615336 8301.362721 8301.308476 8303.560520 8297.837674 8315.855146 8329.303422 8330.831884 8334.310088 8335.661742 0.000000 0.000000
0.000000 0.000000 9876.368826 9873.175608 9873.737208 9869.980840 9850.496235 9841.399145 9841.225770 9841.070834 9837.659106 9841.118322 9844.099862 9843.331696 9849.687320 9863.436715 9870.680208 9872.461447 9873.536085 0.000000 0.000000
0.000000 0.000000 11550.430845 11549.777692 11547.310211 11528.145615 11522.655208 11507.948784 11513.514313 11500.935521 11504.642535 11503.137086 11496.342819 11505.898812 11514.683177 11517.336857 11529.258719 11536.009035 11546.331746 0.000000 0.000000
0.000000 0.000000 13352.611892 13345.278103 13337.936837 13334.769249 13325.464576 13306.488260 13303.359074 13303.940951 13310.877557 13300.479009 13304.189702 13304.148658 13325.410484 13333.311301 13335.935094 13339.714936 13362.105813 0.000000 0.000000
0.000000 0.000000 15213.404822 15209.073137 15209.569207 15196.921266 15190.428670 15146.314883 15144.758349 15144.102423 15123.935050 15135.485682 15139.574703 15143.917778 15174.566583 15181.212760 15202.937917 15202.536372 15210.327800 0.000000 0.000000
0.000000 0.000000 17327.069111 17329.535247 17317.294914 17313.124075 17261.634893 17278.659415 17264.296369 17265.604042 17270.706591 17266.879275 17264.825825 17260.465358 17241.944652 17298.002755 17304.433006 17322.909307 17332.028408 0.000000 0.000000
0.000000 0.000000 19681.805316 19674.255416 19666.293415 19611.725496 19621.071778 19593.734763 19575.621068 19573.151774 19562.646207 19553.085330 19558.179252 19556.802311 19588.281817 19581.789922 19662.403248 19646.589927 19644.761404 0.000000 0.000000
0.000000 0.000000 22142.373994 22139.742815 22060.749402 22080.189567 22082.472778 22072.185911 22108.214083 22094.827229 22110.653782 22102.775747 22090.779402 22111.314772 22114.369610 22115.008449 22053.212505 22167.858642 22159.948468 0.000000 0.000000
0.000000 0.000000 25078.299283 24964.606229 24986.781126 24952.038635 24891.366608 24878.940243 24849.858712 24858.889572 24823.583096 24826.684913 24843.847662 24830.755135 24858.312794 24895.184316 24984.754942 24929.883704 25051.329522 0.000000 0.000000
0.000000 0.000000 26441.124335 26538.734255 26649.587105 26646.487869 26642.501907 26548.609027 26559.905800 26529.533388 26571.682343 26563.646831 26563.673749 26570.002031 26649.484447 26653.528956 26669.942494 26573.118607 26477.206232 0.000000 0.000000
0.000000 0.000000 0.000000 0.000000 0.000000 0.000000 0.000000 0.000000 0.000000 0.000000 0.000000 0.000000 0.000000 0.000000 0.000000 0.000000 0.000000 0.000000 0.000000 0.000000 0.000000
0.000000 0.000000 0.000000 0.000000 0.000000 0.000000 0.000000 0.000000 0.000000 0.000000 0.000000 0.000000 0.000000 0.000000 0.000000 0.000000 0.000000 0.000000 0.000000 0.000000 0.000000