geotop/1.0zi/1.0Montebello/Templates/testdem/maps/_Erotot190m.asc
ncols         21
nrows         20
xllcorner     100.000000
yllcorner     100.000000
cellsize      50.000000
NODATA_value  -9999.0
0.000000 0.000000 0.000000 0.000000 0.000000 0.000000 0.000000 0.000000 0.000000 0.000000 0.000000 0.000000 0.000000 0.000000 0.000000 0.000000 0.000000 0.000000 0.000000 0.000000 0.000000
0.000000 0.000000 989.060145 988.550599 987.240319 985.314716 983.926839 983.051069 983.578544 984.278345 984.149651 983.327719 983.276558 983.372461 985.015840 985.534317 988.354750 989.068640 989.659548 0.000000 0.000000
0.000000 0.000000 69.111019 70.237042 68.829761 71.683496 71.075399 70.462651 70.705290 69.539155 70.542246 72.708367 70.490636 70.578382 70.066420 69.605856 67.329706 66.543852 69.582357 0.000000 0.000000
0.000000 0.000000 950.292649 952.501944 929.277037 916.743696 920.378348 909.223757 908.431525 909.821125 903.203602 904.605876 909.543910 913.012873 916.592249 928.698002 937.183043 938.837152 941.644784 0.000000 0.000000
0.000000 0.000000 6379.111045 6362.690485 6366.150740 6320.295981 6285.052678 6267.693033 6261.912969 6255.023489 6262.008152 6268.681081 6270.562620 6259.140752 6282.677137 6292.625235 6311.309934 6324.357161 6326.299974 0.000000 0.000000
0.000000 0.000000 8804.390499 8801.467281 8789.713255 8791.182576 8765.039316 8746.740028 8749.109510 8747.156013 8739.277579 8733.033709 8730.699609 8733.884895 8737.142458 8769.670471 8768.683195 8779.459215 8779.218864 0.000000 0.000000
0.000000 0.000000 10804.928915 10797.335250 10789.832578 10772.977454 10762.539610 10713.987688 10709.732157 10704.432907 10708.579577 10710.269484 10709.342362 10710.428234 10751.890238 10757.758254 10770.398762 10776.681160 10780.574503 0.000000 0.000000
0.000000 0.000000 13243.277354 13236.650844 13226.397234 13198.765499 13185.929011 13178.324310 13174.461466 13171.645984 13167.544281 13166.343006 13164.482598 13171.477931 13168.644613 13184.359043 13204.321834 13202.397165 13208.618160 0.000000 0.000000
0.000000 0.000000 16334.327791 16323.502034 16308.245671 16298.447720 16276.078585 16241.517442 16241.019512 16231.896617 16232.083276 16227.130628 16230.257472 16221.937231 16255.094821 16277.072672 16282.631665 16292.499195 16294.252290 0.000000 0.000000
0.000000 0.000000 20077.265820 20059.138520 20043.449090 20031.444923 20007.481034 19978.365074 19969.916635 19967.429892 19960.925599 19965.660180 19973.067600 19970.032831 19981.343538 20011.230334 20024.395165 20032.110190 20029.786910 0.000000 0.000000
0.000000 0.000000 24449.562403 24435.182761 24430.860153 24370.526222 24369.737566 24322.771499 24337.111869 24305.376066 24318.329583 24310.448258 24292.477111 24308.866510 24332.232022 24339.908659 24363.864146 24371.797811 24396.027898 0.000000 0.000000
0.000000 0.000000 29492.764214 29462.718005 29424.055740 29419.979112 29399.628197 29344.392817 29328.601908 29335.652225 29343.928814 29324.828900 29334.558510 29323.813723 29368.979777 29396.990272 29399.469628 29411.448681 29445.496956 0.000000 0.000000
0.000000 0.000000 34330.667822 34309.296382 34313.347301 34276.050090 34246.194421 34126.935368 34112.274807 34103.617840 34046.105103 34088.452468 34089.396479 34099.609784 34186.993292 34201.212676 34256.273238 34264.429907 34246.508595 0.000000 0.000000
0.000000 0.000000 38462.722031 38468.088582 38432.608958 38420.759738 38313.705988 38409.031731 38379.132125 38376.253674 38406.702290 38376.716083 38372.915659 38354.217385 38271.529532 38399.455437 38390.234417 38420.225735 38433.944368 0.000000 0.000000
0.000000 0.000000 40865.731198 40855.961308 40844.160256 40789.004297 40829.411712 40791.001255 40781.075729 40782.220173 40767.899229 40764.782825 40771.834338 40772.685836 40801.563258 40755.326040 40838.197672 40815.096728 40807.784956 0.000000 0.000000
0.000000 0.000000 42416.058527 42412.906320 42365.116865 42395.886610 42389.101624 42391.762115 42415.112010 42403.854555 42417.894754 42410.941087 42402.111384 42412.701138 42404.666779 42418.707794 42352.182349 42422.573861 42418.194785 0.000000 0.000000
0.000000 0.000000 43712.848803 43666.492586 43714.261804 43674.267607 43652.394457 43648.520905 43623.074496 43630.894508 43607.655313 43610.831209 43622.360101 43612.131125 43623.763425 43629.319285 43703.558802 43630.930984 43676.649763 0.000000 0.000000
0.000000 0.000000 44160.106929 44236.731815 44265.094361 44269.521352 44283.557651 44245.409877 44258.491733 44243.840395 44266.944324 44262.605799 44259.600976 44264.588093 44295.386471 44281.908529 44267.613877 44246.104972 44173.884591 0.000000 0.000000
0.000000 0.000000 0.000000 0.000000 0.000000 0.000000 0.000000 0.000000 0.000000 0.000000 0.000000 0.000000 0.000000 0.000000 0.000000 0.000000 0.000000 0.000000 0.000000 0.000000 0.000000
0.000000 0.000000 0.000000 0.000000 0.000000 0.000000 0.000000 0.000000 0.000000 0.000000 0.000000 0.000000 0.000000 0.000000 0.000000 0.000000 0.000000 0.000000 0.000000 0.000000 0.000000