geotop/1.0zi/1.0Montebello/Templates/testdem/maps/_Erotot1923.asc
ncols         21
nrows         20
xllcorner     100.000000
yllcorner     100.000000
cellsize      50.000000
NODATA_value  -9999.0
0.000000 0.000000 0.000000 0.000000 0.000000 0.000000 0.000000 0.000000 0.000000 0.000000 0.000000 0.000000 0.000000 0.000000 0.000000 0.000000 0.000000 0.000000 0.000000 0.000000 0.000000
0.000000 0.000000 200.230083 200.232216 200.269100 200.255679 200.218578 200.232781 200.235046 200.225982 200.227446 200.225982 200.235046 200.232781 200.218578 200.255679 200.269100 200.232216 200.230083 0.000000 0.000000
0.000000 0.000000 10.608049 10.387145 8.606698 10.451679 10.654754 10.631895 10.639811 10.650160 10.646732 10.650160 10.639811 10.631895 10.654754 10.451679 8.606698 10.387145 10.608049 0.000000 0.000000
0.000000 0.000000 1391.885219 1391.676048 1391.867544 1389.801113 1392.046551 1391.589076 1391.617954 1392.355432 1392.374302 1392.355432 1391.617954 1391.589076 1392.046551 1389.801113 1391.867544 1391.676048 1391.885219 0.000000 0.000000
0.000000 0.000000 2743.394888 2743.182451 2742.580733 2743.265053 2743.712664 2743.516363 2743.472959 2743.638252 2743.608335 2743.638252 2743.472959 2743.516363 2743.712664 2743.265053 2742.580733 2743.182451 2743.394888 0.000000 0.000000
0.000000 0.000000 3574.920911 3574.753550 3574.140733 3574.257035 3575.135387 3574.863014 3574.889810 3575.210158 3575.251945 3575.210158 3574.889810 3574.863014 3575.135387 3574.257035 3574.140733 3574.753550 3574.920911 0.000000 0.000000
0.000000 0.000000 4669.107614 4668.973368 4668.406915 4668.524566 4669.274472 4669.041198 4669.073786 4669.357770 4669.412543 4669.357770 4669.073786 4669.041198 4669.274472 4668.524566 4668.406915 4668.973368 4669.107614 0.000000 0.000000
0.000000 0.000000 5708.664781 5708.554155 5708.023933 5708.145988 5708.798591 5708.598400 5708.627709 5708.882057 5708.937579 5708.882057 5708.627709 5708.598400 5708.798591 5708.145988 5708.023933 5708.554155 5708.664781 0.000000 0.000000
0.000000 0.000000 6688.471342 6688.369302 6687.862653 6687.983190 6688.592232 6688.406727 6688.434256 6688.674586 6688.729779 6688.674586 6688.434256 6688.406727 6688.592232 6687.983190 6687.862653 6688.369302 6688.471342 0.000000 0.000000
0.000000 0.000000 7619.745146 7619.669784 7619.172666 7619.331225 7619.852348 7619.686768 7619.718896 7619.937533 7619.991077 7619.937533 7619.718896 7619.686768 7619.852348 7619.331225 7619.172666 7619.669784 7619.745146 0.000000 0.000000
0.000000 0.000000 8507.649521 8507.564952 8507.085469 8507.218375 8507.755033 8507.588814 8507.616472 8507.833644 8507.884980 8507.833644 8507.616472 8507.588814 8507.755033 8507.218375 8507.085469 8507.564952 8507.649521 0.000000 0.000000
0.000000 0.000000 9360.576287 9360.489583 9360.024921 9360.150724 9360.676982 9360.516651 9360.543005 9360.754177 9360.805501 9360.754177 9360.543005 9360.516651 9360.676982 9360.150724 9360.024921 9360.489583 9360.576287 0.000000 0.000000
0.000000 0.000000 10187.107678 10187.023959 10186.564299 10186.690869 10187.201206 10187.044195 10187.070612 10187.277330 10187.327208 10187.277330 10187.070612 10187.044195 10187.201206 10186.690869 10186.564299 10187.023959 10187.107678 0.000000 0.000000
0.000000 0.000000 10989.721798 10989.644705 10989.192325 10989.338012 10989.812638 10989.661218 10989.689298 10989.888967 10989.937668 10989.888967 10989.689298 10989.661218 10989.812638 10989.338012 10989.192325 10989.644705 10989.721798 0.000000 0.000000
0.000000 0.000000 11771.929671 11771.849722 11771.398194 11771.532660 11772.015671 11771.864582 11771.891329 11772.090898 11772.138546 11772.090898 11771.891329 11771.864582 11772.015671 11771.532660 11771.398194 11771.849722 11771.929671 0.000000 0.000000
0.000000 0.000000 12535.685824 12535.607006 12535.165691 12535.293082 12535.766298 12535.619211 12535.645715 12535.840884 12535.888133 12535.840884 12535.645715 12535.619211 12535.766298 12535.293082 12535.165691 12535.607006 12535.685819 0.000000 0.000000
0.000000 0.000000 13280.018840 13279.940721 13279.499114 13279.629892 13280.097443 13279.950491 13279.976407 13280.168639 13280.214527 13280.168639 13279.976407 13279.950491 13280.097443 13279.629892 13279.499114 13279.940700 13280.018419 0.000000 0.000000
0.000000 0.000000 14039.632939 14039.891961 14039.457707 14039.583537 14040.050019 14039.903835 14039.927564 14040.118069 14040.162899 14040.118069 14039.927564 14039.903835 14040.050019 14039.583537 14039.457689 14039.888568 14039.966075 0.000000 0.000000
0.000000 0.000000 0.000000 0.000000 0.000000 0.000000 0.000000 0.000000 0.000000 0.000000 0.000000 0.000000 0.000000 0.000000 0.000000 0.000000 0.000000 0.000000 0.000000 0.000000 0.000000
0.000000 0.000000 0.000000 0.000000 0.000000 0.000000 0.000000 0.000000 0.000000 0.000000 0.000000 0.000000 0.000000 0.000000 0.000000 0.000000 0.000000 0.000000 0.000000 0.000000 0.000000