geotop/1.0zi/1.0Montebello/Templates/testdem/maps/_Erotot3534.asc
ncols         21
nrows         20
xllcorner     100.000000
yllcorner     100.000000
cellsize      50.000000
NODATA_value  -9999.0
0.000000 0.000000 0.000000 0.000000 0.000000 0.000000 0.000000 0.000000 0.000000 0.000000 0.000000 0.000000 0.000000 0.000000 0.000000 0.000000 0.000000 0.000000 0.000000 0.000000 0.000000
0.000000 0.000000 373.151795 373.154651 373.158197 373.277180 373.144708 373.150482 373.124135 373.164105 373.178804 373.164105 373.124135 373.150482 373.144708 373.277180 373.158197 373.154651 373.151795 0.000000 0.000000
0.000000 0.000000 11.459760 11.221196 9.465132 11.146830 11.463080 11.388583 11.507803 11.404096 11.771631 11.404096 11.507803 11.388583 11.463080 11.146830 9.465132 11.221196 11.459760 0.000000 0.000000
0.000000 0.000000 2753.666087 2753.400809 2753.543906 2751.711899 2753.584387 2752.871004 2752.682574 2753.472863 2753.605841 2753.472863 2752.682574 2752.871004 2753.584387 2751.711899 2753.543906 2753.400809 2753.666087 0.000000 0.000000
0.000000 0.000000 5223.151203 5222.974885 5222.275783 5222.853260 5223.388301 5223.220420 5223.200454 5223.302100 5223.328423 5223.302100 5223.200454 5223.220420 5223.388301 5222.853260 5222.275783 5222.974885 5223.151203 0.000000 0.000000
0.000000 0.000000 6764.476246 6764.296444 6763.688798 6763.823222 6764.612132 6764.202149 6764.181910 6764.458091 6764.683271 6764.458091 6764.181910 6764.202149 6764.612132 6763.823222 6763.688798 6764.296444 6764.476246 0.000000 0.000000
0.000000 0.000000 8715.369102 8715.227455 8714.678877 8714.798684 8715.480810 8715.119139 8715.104576 8715.344261 8715.567473 8715.344261 8715.104576 8715.119139 8715.480810 8714.798684 8714.678877 8715.227455 8715.369102 0.000000 0.000000
0.000000 0.000000 10516.282957 10516.169622 10515.671842 10515.794882 10516.377737 10516.064504 10516.053206 10516.264450 10516.465420 10516.264450 10516.053206 10516.064504 10516.377737 10515.794882 10515.671842 10516.169622 10516.282957 0.000000 0.000000
0.000000 0.000000 12168.739059 12168.639729 12168.177327 12168.298631 12168.831909 12168.547405 12168.535337 12168.730413 12168.919322 12168.730413 12168.535337 12168.547405 12168.831909 12168.298631 12168.177327 12168.639729 12168.739059 0.000000 0.000000
0.000000 0.000000 13700.900174 13700.829366 13700.386147 13700.543894 13700.987554 13700.731706 13700.724260 13700.898253 13701.070085 13700.898253 13700.724260 13700.731706 13700.987554 13700.543894 13700.386147 13700.829366 13700.900174 0.000000 0.000000
0.000000 0.000000 15123.334012 15123.257350 15122.843163 15122.975802 15123.424359 15123.176944 15123.167182 15123.338900 15123.500503 15123.338900 15123.167182 15123.176944 15123.424359 15122.975802 15122.843163 15123.257350 15123.334012 0.000000 0.000000
0.000000 0.000000 16462.096505 16462.023525 16461.637442 16461.765137 16462.197324 16461.963403 16461.950594 16462.120455 16462.271271 16462.120455 16461.950594 16461.963403 16462.197324 16461.765137 16461.637442 16462.023525 16462.096505 0.000000 0.000000
0.000000 0.000000 17726.009273 17725.942699 17725.569365 17725.697929 17726.105765 17725.884663 17725.872713 17726.037421 17726.178273 17726.037421 17725.872713 17725.884663 17726.105765 17725.697929 17725.569365 17725.942699 17726.009273 0.000000 0.000000
0.000000 0.000000 18929.152721 18929.093998 18928.735656 18928.879779 18929.248670 18929.038028 18929.028365 18929.184756 18929.318420 18929.184756 18929.028365 18929.038028 18929.248670 18928.879779 18928.735656 18929.093998 18929.152721 0.000000 0.000000
0.000000 0.000000 20075.847579 20075.784259 20075.434558 20075.566270 20075.935734 20075.738881 20075.731790 20075.886190 20076.012880 20075.886190 20075.731790 20075.738881 20075.935734 20075.566270 20075.434558 20075.784259 20075.847579 0.000000 0.000000
0.000000 0.000000 21168.988861 21168.928206 21168.592385 21168.716182 21169.070885 21168.879357 21168.871652 21169.019147 21169.141194 21169.019147 21168.871652 21168.879357 21169.070885 21168.716182 21168.592385 21168.928206 21168.988857 0.000000 0.000000
0.000000 0.000000 22216.723499 22216.663913 22216.334584 22216.461586 22216.799069 22216.614471 22216.607130 22216.749833 22216.864485 22216.749833 22216.607130 22216.614471 22216.799069 22216.461586 22216.334583 22216.663892 22216.723386 0.000000 0.000000
0.000000 0.000000 23271.569548 23272.051960 23271.732687 23271.855176 23272.183536 23272.005696 23271.997727 23272.135669 23272.246209 23272.135669 23271.997727 23272.005696 23272.183536 23271.855176 23271.732670 23272.048645 23272.104973 0.000000 0.000000
0.000000 0.000000 0.000000 0.000000 0.000000 0.000000 0.000000 0.000000 0.000000 0.000000 0.000000 0.000000 0.000000 0.000000 0.000000 0.000000 0.000000 0.000000 0.000000 0.000000 0.000000
0.000000 0.000000 0.000000 0.000000 0.000000 0.000000 0.000000 0.000000 0.000000 0.000000 0.000000 0.000000 0.000000 0.000000 0.000000 0.000000 0.000000 0.000000 0.000000 0.000000 0.000000