geotop/1.0zi/1.0Montebello/Templates/testdem/maps/_Erotot8769.asc
ncols         21
nrows         20
xllcorner     100.000000
yllcorner     100.000000
cellsize      50.000000
NODATA_value  -9999.0
0.000000 0.000000 0.000000 0.000000 0.000000 0.000000 0.000000 0.000000 0.000000 0.000000 0.000000 0.000000 0.000000 0.000000 0.000000 0.000000 0.000000 0.000000 0.000000 0.000000 0.000000
0.000000 0.000000 700.400430 701.055246 700.503431 700.599280 699.591958 699.728688 699.810328 699.884528 700.265888 699.631636 699.519471 699.559411 699.953781 700.071516 700.885688 701.464246 701.615698 0.000000 0.000000
0.000000 0.000000 54.538990 53.572464 53.867528 53.800281 54.458157 54.094339 53.718503 53.585951 53.789948 54.116253 54.175135 54.295529 54.102139 53.658243 52.377912 51.529647 52.127373 0.000000 0.000000
0.000000 0.000000 422.998907 423.443457 409.446129 401.443539 400.314519 394.457080 399.139902 400.954859 397.152606 395.479886 398.849518 397.208512 406.802916 415.329685 420.529206 417.377386 424.412971 0.000000 0.000000
0.000000 0.000000 3768.717637 3765.948526 3768.253919 3737.205477 3714.546106 3702.610184 3696.992321 3689.795616 3698.923330 3705.773752 3704.457076 3700.257477 3718.926963 3722.992023 3737.743256 3747.981141 3747.831807 0.000000 0.000000
0.000000 0.000000 5843.660996 5838.137878 5832.077103 5833.523288 5811.740192 5799.553388 5803.016352 5802.839504 5798.691953 5792.715539 5791.006764 5794.898785 5794.995630 5819.664609 5821.087798 5827.312753 5829.792413 0.000000 0.000000
0.000000 0.000000 7239.197196 7233.903460 7231.002748 7220.216500 7211.455084 7179.305259 7179.565223 7177.018250 7176.888038 7181.233734 7181.830076 7182.481054 7215.114593 7220.875552 7229.335292 7232.143149 7237.160992 0.000000 0.000000
0.000000 0.000000 8579.813990 8577.626828 8574.079108 8562.138856 8556.648909 8553.206834 8553.846309 8551.997707 8552.432092 8548.311123 8547.179108 8554.239767 8552.669358 8561.088233 8575.370154 8571.951763 8578.053515 0.000000 0.000000
0.000000 0.000000 10315.692017 10311.333086 10305.016276 10302.611430 10287.919953 10269.718434 10272.290659 10268.261084 10265.541595 10265.159410 10268.003107 10261.510872 10285.408385 10299.132386 10300.689827 10303.322052 10306.806487 0.000000 0.000000
0.000000 0.000000 12324.057813 12317.328883 12317.073169 12310.968886 12288.086997 12277.733223 12276.970223 12275.846859 12272.308970 12276.714176 12279.763064 12279.094858 12286.352252 12304.655595 12312.308061 12315.305916 12314.644312 0.000000 0.000000
0.000000 0.000000 14540.844689 14539.412032 14537.325969 14510.034205 14504.121233 14484.416221 14492.333811 14475.454354 14481.761403 14478.142965 14470.818332 14481.080415 14495.333926 14498.648634 14513.665320 14518.047868 14532.636731 0.000000 0.000000
0.000000 0.000000 16982.271464 16973.615175 16960.524244 16957.833331 16942.349938 16920.569730 16918.476592 16921.406389 16927.862173 16915.488886 16922.365020 16920.143103 16945.813534 16957.811994 16958.500085 16963.258281 16988.003030 0.000000 0.000000
0.000000 0.000000 19556.770246 19547.784071 19552.118150 19529.939170 19521.302323 19458.502405 19455.696309 19454.782584 19427.399921 19445.384233 19447.917771 19454.366828 19501.476053 19509.779201 19538.942511 19537.246680 19544.531791 0.000000 0.000000
0.000000 0.000000 22586.198497 22588.507022 22569.397866 22562.449878 22479.972129 22515.929584 22496.373194 22497.713862 22510.281473 22499.674196 22498.818813 22488.195178 22454.272025 22546.910691 22550.144265 22574.599697 22587.264692 0.000000 0.000000
0.000000 0.000000 25983.120143 25969.876096 25956.128871 25861.372094 25896.678155 25846.094451 25823.603617 25819.523185 25799.980456 25788.589072 25798.180760 25797.989213 25851.623516 25817.879894 25953.570583 25919.739126 25914.188308 0.000000 0.000000
0.000000 0.000000 29405.283007 29399.920405 29268.840547 29328.779991 29318.389631 29317.449474 29382.638798 29361.821196 29394.130439 29385.650995 29362.370140 29395.378955 29387.430174 29399.852984 29254.369350 29457.651147 29448.475731 0.000000 0.000000
0.000000 0.000000 33221.904714 33047.394964 33122.874643 33049.856822 32959.938904 32939.023301 32876.542214 32894.646012 32834.054607 32842.316658 32876.590033 32842.511626 32889.848298 32946.299521 33118.512797 32972.656676 33156.586977 0.000000 0.000000
0.000000 0.000000 34132.538142 34308.308528 34441.145504 34447.674237 34463.410891 34344.223144 34372.643183 34330.833763 34400.913365 34388.656658 34379.467862 34397.033938 34491.566506 34482.867223 34464.871577 34365.585661 34192.022823 0.000000 0.000000
0.000000 0.000000 0.000000 0.000000 0.000000 0.000000 0.000000 0.000000 0.000000 0.000000 0.000000 0.000000 0.000000 0.000000 0.000000 0.000000 0.000000 0.000000 0.000000 0.000000 0.000000
0.000000 0.000000 0.000000 0.000000 0.000000 0.000000 0.000000 0.000000 0.000000 0.000000 0.000000 0.000000 0.000000 0.000000 0.000000 0.000000 0.000000 0.000000 0.000000 0.000000 0.000000