geotop/1.0zi/1.0Montebello/Templates/testdem/maps/_Erotot5973.asc
ncols         21
nrows         20
xllcorner     100.000000
yllcorner     100.000000
cellsize      50.000000
NODATA_value  -9999.0
0.000000 0.000000 0.000000 0.000000 0.000000 0.000000 0.000000 0.000000 0.000000 0.000000 0.000000 0.000000 0.000000 0.000000 0.000000 0.000000 0.000000 0.000000 0.000000 0.000000 0.000000
0.000000 0.000000 463.850628 463.046021 462.856391 462.641410 462.601482 462.674171 462.618062 462.796194 462.699150 462.497056 462.435422 462.515104 462.656609 462.565287 462.766899 462.965206 463.392173 0.000000 0.000000
0.000000 0.000000 34.766823 35.442518 35.741899 36.913539 36.651604 36.435154 36.262481 36.040803 36.254838 36.614872 36.425598 36.168969 36.586116 36.359542 35.519851 34.684103 34.065995 0.000000 0.000000
0.000000 0.000000 191.939898 193.134408 185.552710 182.711974 184.086581 179.006077 178.602557 178.238483 177.507399 175.075389 177.545446 175.718900 179.043768 184.705843 184.613696 187.428714 191.590753 0.000000 0.000000
0.000000 0.000000 1878.389363 1882.687605 1886.310130 1867.429306 1851.889066 1841.112369 1843.699219 1840.773233 1844.296020 1848.488327 1845.343616 1843.575427 1854.249229 1854.906762 1862.747525 1870.664588 1872.574439 0.000000 0.000000
0.000000 0.000000 3348.153613 3342.600156 3340.053244 3335.232148 3327.057478 3319.423816 3317.663811 3317.767665 3316.622426 3314.461083 3311.817757 3314.063226 3314.358254 3329.826739 3334.888006 3338.149783 3340.149282 0.000000 0.000000
0.000000 0.000000 4424.829624 4422.134486 4418.864662 4414.346634 4401.244942 4384.376093 4384.439459 4380.894710 4382.630574 4385.389932 4387.292675 4388.531086 4408.737884 4418.475388 4423.492418 4425.106767 4430.559361 0.000000 0.000000
0.000000 0.000000 5094.363608 5095.657833 5094.279937 5087.750765 5087.017924 5079.881135 5080.426648 5080.809279 5079.530508 5077.106683 5076.876886 5080.493135 5080.720904 5083.484133 5091.961504 5090.304740 5093.589050 0.000000 0.000000
0.000000 0.000000 6006.703050 6003.946768 5999.384209 6000.130826 5993.331882 5982.754256 5983.206134 5980.562048 5978.069342 5979.253236 5980.501826 5975.390429 5988.752133 5997.036698 5999.359298 6000.304474 6001.963300 0.000000 0.000000
0.000000 0.000000 7062.912579 7060.448652 7062.143415 7061.272833 7046.344834 7039.214955 7040.628263 7039.719601 7037.636242 7040.740535 7043.749896 7042.197966 7045.599294 7056.143418 7060.210483 7060.494315 7061.449842 0.000000 0.000000
0.000000 0.000000 8202.242537 8202.356271 8202.020945 8187.502445 8184.699705 8173.814603 8177.374638 8168.260446 8170.671247 8169.697708 8165.014374 8172.424151 8177.012865 8178.693158 8185.550823 8191.554863 8199.078294 0.000000 0.000000
0.000000 0.000000 9395.029342 9390.347004 9384.933415 9382.951477 9378.827161 9363.854884 9362.851079 9361.972560 9368.645013 9361.519180 9363.618031 9363.188757 9378.968994 9382.518956 9384.173679 9384.765554 9404.472652 0.000000 0.000000
0.000000 0.000000 10603.523469 10601.522880 10602.176277 10594.474423 10590.235605 10562.962649 10561.730010 10561.407341 10546.860221 10555.921340 10559.928995 10561.966618 10578.684637 10582.827626 10597.091489 10596.525764 10603.568205 0.000000 0.000000
0.000000 0.000000 11929.477602 11930.776715 11923.394714 11922.057751 11893.714450 11902.209153 11891.602827 11893.071563 11894.317938 11893.812564 11892.322973 11888.952546 11878.877050 11909.483750 11915.131534 11925.960355 11933.253306 0.000000 0.000000
0.000000 0.000000 13363.583827 13358.458228 13354.858643 13329.682771 13329.523066 13313.731791 13300.707639 13299.104558 13294.029862 13287.699869 13291.029262 13289.240177 13304.465916 13308.276497 13350.665373 13341.672530 13341.988320 0.000000 0.000000
0.000000 0.000000 14839.066486 14838.292410 14800.734316 14800.452624 14805.468447 14797.988129 14815.615297 14807.919984 14814.078564 14809.476456 14804.031898 14812.977260 14816.632802 14816.130265 14794.731289 14847.830504 14841.018090 0.000000 0.000000
0.000000 0.000000 16518.905723 16473.064682 16470.993618 16460.757750 16434.455869 16427.448220 16418.789227 16422.085989 16407.695198 16408.116208 16413.554468 16413.031340 16425.240249 16437.154078 16469.857992 16462.656003 16514.132790 0.000000 0.000000
0.000000 0.000000 17673.402411 17688.176919 17736.053149 17729.097747 17714.889762 17676.016644 17677.296239 17662.838782 17675.387031 17673.309463 17679.037205 17674.622081 17708.589088 17720.582768 17744.368968 17695.194246 17680.563601 0.000000 0.000000
0.000000 0.000000 0.000000 0.000000 0.000000 0.000000 0.000000 0.000000 0.000000 0.000000 0.000000 0.000000 0.000000 0.000000 0.000000 0.000000 0.000000 0.000000 0.000000 0.000000 0.000000
0.000000 0.000000 0.000000 0.000000 0.000000 0.000000 0.000000 0.000000 0.000000 0.000000 0.000000 0.000000 0.000000 0.000000 0.000000 0.000000 0.000000 0.000000 0.000000 0.000000 0.000000