geotop/1.0zi/1.0Montebello/Templates/testdem/maps/_Erotot0676.asc
ncols         21
nrows         20
xllcorner     100.000000
yllcorner     100.000000
cellsize      50.000000
NODATA_value  -9999.0
0.000000 0.000000 0.000000 0.000000 0.000000 0.000000 0.000000 0.000000 0.000000 0.000000 0.000000 0.000000 0.000000 0.000000 0.000000 0.000000 0.000000 0.000000 0.000000 0.000000 0.000000
0.000000 0.000000 50.679110 50.679788 50.712426 50.679959 50.679236 50.679628 50.679445 50.679350 50.679323 50.679350 50.679445 50.679628 50.679236 50.679959 50.712426 50.679788 50.679110 0.000000 0.000000
0.000000 0.000000 7.130295 6.913849 5.096649 6.909328 7.173737 7.158299 7.172804 7.179666 7.180733 7.179666 7.172804 7.158299 7.173737 6.909328 5.096649 6.913849 7.130295 0.000000 0.000000
0.000000 0.000000 594.681735 594.932456 595.056647 594.831270 594.626101 594.726231 594.722755 594.658436 594.588057 594.658436 594.722755 594.726231 594.626101 594.831270 595.056647 594.932456 594.681735 0.000000 0.000000
0.000000 0.000000 957.485302 957.437946 956.681961 957.422418 957.511330 957.539065 957.534335 957.538478 957.533823 957.538478 957.534335 957.539065 957.511330 957.422418 956.681961 957.437946 957.485302 0.000000 0.000000
0.000000 0.000000 1295.401452 1295.407865 1294.703640 1295.364046 1295.408562 1295.450677 1295.455059 1295.434138 1295.413389 1295.434138 1295.455059 1295.450677 1295.408562 1295.364046 1294.703640 1295.407865 1295.401452 0.000000 0.000000
0.000000 0.000000 1700.683168 1700.691952 1700.064451 1700.649296 1700.687309 1700.730187 1700.735574 1700.712605 1700.694227 1700.712605 1700.735574 1700.730187 1700.687309 1700.649296 1700.064451 1700.691952 1700.683168 0.000000 0.000000
0.000000 0.000000 2090.702045 2090.709904 2090.128937 2090.669781 2090.703963 2090.745827 2090.751205 2090.728179 2090.711359 2090.728179 2090.751205 2090.745827 2090.703963 2090.669781 2090.128937 2090.709904 2090.702045 0.000000 0.000000
0.000000 0.000000 2463.309688 2463.317406 2462.763855 2463.278213 2463.309803 2463.350733 2463.356108 2463.333272 2463.317102 2463.333272 2463.356108 2463.350733 2463.309803 2463.278213 2462.763855 2463.317406 2463.309688 0.000000 0.000000
0.000000 0.000000 2823.698473 2823.705569 2823.168333 2823.667366 2823.697347 2823.737529 2823.742866 2823.720182 2823.704194 2823.720182 2823.742866 2823.737529 2823.697347 2823.667366 2823.168333 2823.705569 2823.698473 0.000000 0.000000
0.000000 0.000000 3173.933143 3173.939609 3173.411973 3173.902128 3173.931108 3173.970744 3173.976051 3173.953460 3173.937429 3173.953460 3173.976051 3173.970744 3173.931108 3173.902128 3173.411973 3173.939609 3173.933143 0.000000 0.000000
0.000000 0.000000 3514.616301 3514.619872 3514.102683 3514.584010 3514.612113 3514.650451 3514.656198 3514.633779 3514.618779 3514.633779 3514.656198 3514.650451 3514.612113 3514.584010 3514.102683 3514.619872 3514.616301 0.000000 0.000000
0.000000 0.000000 3848.117566 3848.119665 3847.607892 3848.086008 3848.112378 3848.150055 3848.155911 3848.133445 3848.118545 3848.133445 3848.155911 3848.150055 3848.112378 3848.086008 3847.607892 3848.119665 3848.117566 0.000000 0.000000
0.000000 0.000000 4177.986143 4177.986402 4177.479120 4177.953085 4177.980255 4178.017783 4178.023775 4178.001311 4177.986300 4178.001311 4178.023775 4178.017783 4177.980255 4177.953085 4177.479120 4177.986402 4177.986143 0.000000 0.000000
0.000000 0.000000 4503.325678 4503.326294 4502.817284 4503.292752 4503.319661 4503.356717 4503.362792 4503.340298 4503.324543 4503.340298 4503.362792 4503.356717 4503.319661 4503.292752 4502.817284 4503.326294 4503.325678 0.000000 0.000000
0.000000 0.000000 4825.964323 4825.966175 4825.466819 4825.932674 4825.958862 4825.995813 4826.001898 4825.979350 4825.963038 4825.979350 4826.001898 4825.995813 4825.958862 4825.932674 4825.466819 4825.966174 4825.964320 0.000000 0.000000
0.000000 0.000000 5143.480385 5143.480506 5142.978357 5143.448141 5143.474641 5143.510914 5143.517097 5143.494505 5143.477893 5143.494505 5143.517097 5143.510914 5143.474641 5143.448141 5142.978356 5143.480493 5143.479959 0.000000 0.000000
0.000000 0.000000 5468.054791 5468.180215 5467.679003 5468.145261 5468.171670 5468.207874 5468.214364 5468.191712 5468.174864 5468.191712 5468.214364 5468.207874 5468.171670 5468.145260 5467.678989 5468.178206 5468.177376 0.000000 0.000000
0.000000 0.000000 0.000000 0.000000 0.000000 0.000000 0.000000 0.000000 0.000000 0.000000 0.000000 0.000000 0.000000 0.000000 0.000000 0.000000 0.000000 0.000000 0.000000 0.000000 0.000000
0.000000 0.000000 0.000000 0.000000 0.000000 0.000000 0.000000 0.000000 0.000000 0.000000 0.000000 0.000000 0.000000 0.000000 0.000000 0.000000 0.000000 0.000000 0.000000 0.000000 0.000000