geotop/1.0zi/1.0Montebello/Templates/testdem/maps/_Erotot2558.asc
ncols         21
nrows         20
xllcorner     100.000000
yllcorner     100.000000
cellsize      50.000000
NODATA_value  -9999.0
0.000000 0.000000 0.000000 0.000000 0.000000 0.000000 0.000000 0.000000 0.000000 0.000000 0.000000 0.000000 0.000000 0.000000 0.000000 0.000000 0.000000 0.000000 0.000000 0.000000 0.000000
0.000000 0.000000 246.605539 246.608190 246.612405 246.731883 246.599585 246.603818 246.579172 246.619828 246.630378 246.619828 246.579172 246.603818 246.599585 246.731883 246.612405 246.608190 246.605539 0.000000 0.000000
0.000000 0.000000 13.946299 13.724692 11.973372 13.694405 13.987855 13.974147 14.006651 13.972526 13.961506 13.972526 14.006651 13.974147 13.987855 13.694405 11.973372 13.724692 13.946299 0.000000 0.000000
0.000000 0.000000 1765.295567 1764.974311 1765.307925 1763.439776 1765.445432 1764.888063 1764.882110 1765.709552 1765.861155 1765.709552 1764.882110 1764.888063 1765.445432 1763.439776 1765.307925 1764.974311 1765.295567 0.000000 0.000000
0.000000 0.000000 3633.914032 3633.743230 3633.083615 3633.676811 3634.221523 3634.078946 3634.045288 3634.195749 3634.159609 3634.195749 3634.045288 3634.078946 3634.221523 3633.676811 3633.083615 3633.743230 3633.914032 0.000000 0.000000
0.000000 0.000000 4704.701688 4704.496052 4703.934234 4704.086729 4704.898408 4704.604539 4704.623832 4704.968253 4705.058161 4704.968253 4704.623832 4704.604539 4704.898408 4704.086729 4703.934234 4704.496052 4704.701688 0.000000 0.000000
0.000000 0.000000 6135.441033 6135.270032 6134.756010 6134.897969 6135.591459 6135.337273 6135.362005 6135.667979 6135.766934 6135.667979 6135.362005 6135.337273 6135.591459 6134.897969 6134.756010 6135.270032 6135.441033 0.000000 0.000000
0.000000 0.000000 7484.570424 7484.426917 7483.948543 7484.092927 7484.689220 7484.470715 7484.492903 7484.766826 7484.861498 7484.766826 7484.492903 7484.470715 7484.689220 7484.092927 7483.948543 7484.426917 7484.570424 0.000000 0.000000
0.000000 0.000000 8740.412711 8740.281535 8739.827384 8739.971292 8740.519306 8740.317938 8740.338728 8740.595990 8740.686357 8740.595990 8740.338728 8740.317938 8740.519306 8739.971292 8739.827384 8740.281535 8740.412711 0.000000 0.000000
0.000000 0.000000 9924.710633 9924.608077 9924.164987 9924.347217 9924.804410 9924.624473 9924.649845 9924.883825 9924.969556 9924.883825 9924.649845 9924.624473 9924.804410 9924.347217 9924.164987 9924.608077 9924.710633 0.000000 0.000000
0.000000 0.000000 11042.004111 11041.894910 11041.471915 11041.629702 11042.097000 11041.917905 11041.939146 11042.169641 11042.250349 11042.169641 11041.939146 11041.917905 11042.097000 11041.629702 11041.471915 11041.894910 11042.004111 0.000000 0.000000
0.000000 0.000000 12107.907017 12107.797606 12107.390806 12107.542547 12107.994930 12107.823381 12107.843373 12108.066049 12108.145059 12108.066049 12107.843373 12107.823381 12107.994930 12107.542547 12107.390806 12107.797606 12107.907017 0.000000 0.000000
0.000000 0.000000 13131.389837 13131.285463 13130.885379 13131.038512 13131.471018 13131.304057 13131.324137 13131.540755 13131.616414 13131.540755 13131.324137 13131.304057 13131.471018 13131.038512 13130.885379 13131.285463 13131.389837 0.000000 0.000000
0.000000 0.000000 14117.335800 14117.239267 14116.848617 14117.019943 14117.414737 14117.254564 14117.276205 14117.484343 14117.557744 14117.484343 14117.276205 14117.254564 14117.414737 14117.019943 14116.848617 14117.239267 14117.335800 0.000000 0.000000
0.000000 0.000000 15070.086707 15069.988340 15069.601697 15069.761798 15070.161565 15070.002859 15070.023085 15070.229322 15070.300636 15070.229322 15070.023085 15070.002859 15070.161565 15069.761798 15069.601697 15069.988340 15070.086707 0.000000 0.000000
0.000000 0.000000 15992.536572 15992.440435 15992.065014 15992.218299 15992.605599 15992.451694 15992.471747 15992.672536 15992.742212 15992.672536 15992.471747 15992.451694 15992.605599 15992.218299 15992.065014 15992.440435 15992.536567 0.000000 0.000000
0.000000 0.000000 16887.257689 16887.163195 16886.790195 16886.946543 16887.324658 16887.172824 16887.192331 16887.388351 16887.455916 16887.388351 16887.192331 16887.172824 16887.324658 16886.946543 16886.790195 16887.163174 16887.257287 0.000000 0.000000
0.000000 0.000000 17793.479314 17793.793743 17793.427526 17793.579616 17793.952858 17793.804338 17793.821894 17794.014408 17794.079312 17794.014408 17793.821894 17793.804338 17793.952858 17793.579616 17793.427507 17793.790226 17793.881386 0.000000 0.000000
0.000000 0.000000 0.000000 0.000000 0.000000 0.000000 0.000000 0.000000 0.000000 0.000000 0.000000 0.000000 0.000000 0.000000 0.000000 0.000000 0.000000 0.000000 0.000000 0.000000 0.000000
0.000000 0.000000 0.000000 0.000000 0.000000 0.000000 0.000000 0.000000 0.000000 0.000000 0.000000 0.000000 0.000000 0.000000 0.000000 0.000000 0.000000 0.000000 0.000000 0.000000 0.000000