geotop/1.0zi/1.0Montebello/Templates/testdem/maps/_Erotot0763.asc
ncols         21
nrows         20
xllcorner     100.000000
yllcorner     100.000000
cellsize      50.000000
NODATA_value  -9999.0
0.000000 0.000000 0.000000 0.000000 0.000000 0.000000 0.000000 0.000000 0.000000 0.000000 0.000000 0.000000 0.000000 0.000000 0.000000 0.000000 0.000000 0.000000 0.000000 0.000000 0.000000
0.000000 0.000000 58.896259 58.897209 58.930747 58.901820 58.895416 58.897177 58.897946 58.895554 58.895760 58.895554 58.897946 58.897177 58.895416 58.901820 58.930747 58.897209 58.896259 0.000000 0.000000
0.000000 0.000000 6.405121 6.188139 4.415863 6.281462 6.447567 6.432404 6.448541 6.452747 6.452281 6.452747 6.448541 6.432404 6.447567 6.281462 4.415863 6.188139 6.405121 0.000000 0.000000
0.000000 0.000000 665.101878 664.660247 664.917033 662.624402 665.088293 664.954235 664.787728 665.073426 665.011165 665.073426 664.787728 664.954235 665.088293 662.624402 664.917033 664.660247 665.101878 0.000000 0.000000
0.000000 0.000000 1102.108481 1101.844807 1101.149938 1101.784741 1102.165029 1102.087792 1102.023198 1102.144879 1102.137028 1102.144879 1102.023198 1102.087792 1102.165029 1101.784741 1101.149938 1101.844807 1102.108481 0.000000 0.000000
0.000000 0.000000 1485.597703 1485.324789 1484.677838 1484.729780 1485.615515 1485.556773 1485.494091 1485.622336 1485.603538 1485.622336 1485.494091 1485.556773 1485.615515 1484.729780 1484.677838 1485.324789 1485.597703 0.000000 0.000000
0.000000 0.000000 1949.640489 1949.419748 1948.832162 1948.899373 1949.644891 1949.609194 1949.560021 1949.661151 1949.645261 1949.661151 1949.560021 1949.609194 1949.644891 1948.899373 1948.832162 1949.419748 1949.640489 0.000000 0.000000
0.000000 0.000000 2393.088317 2392.894295 2392.347424 2392.424652 2393.087870 2393.062391 2393.020065 2393.106314 2393.092232 2393.106314 2393.020065 2393.062391 2393.087870 2392.424652 2392.347424 2392.894295 2393.088317 0.000000 0.000000
0.000000 0.000000 2815.666544 2815.486033 2814.965474 2815.042453 2815.664136 2815.642896 2815.603890 2815.682421 2815.669045 2815.682421 2815.603890 2815.642896 2815.664136 2815.042453 2814.965474 2815.486033 2815.666544 0.000000 0.000000
0.000000 0.000000 3221.696502 3221.545371 3221.034053 3221.151896 3221.689400 3221.680179 3221.648671 3221.711638 3221.698637 3221.711638 3221.648671 3221.680179 3221.689400 3221.151896 3221.034053 3221.545371 3221.696502 0.000000 0.000000
0.000000 0.000000 3614.067582 3613.906327 3613.411941 3613.504627 3614.063785 3614.048511 3614.014405 3614.080472 3614.066873 3614.080472 3614.014405 3614.048511 3614.063785 3613.504627 3613.411941 3613.906327 3614.067582 0.000000 0.000000
0.000000 0.000000 3996.132390 3995.967886 3995.485623 3995.569313 3996.126743 3996.111311 3996.077830 3996.143457 3996.131128 3996.143457 3996.077830 3996.111311 3996.126743 3995.569313 3995.485623 3995.967886 3996.132390 0.000000 0.000000
0.000000 0.000000 4369.935719 4369.772747 4369.296252 4369.381795 4369.929622 4369.913621 4369.880807 4369.944862 4369.932508 4369.944862 4369.880807 4369.913621 4369.929622 4369.381795 4369.296252 4369.772747 4369.935719 0.000000 0.000000
0.000000 0.000000 4738.063020 4737.905820 4737.433875 4737.540999 4738.056014 4738.043303 4738.012933 4738.072018 4738.059564 4738.072018 4738.012933 4738.043303 4738.056014 4737.540999 4737.433875 4737.905820 4738.063020 0.000000 0.000000
0.000000 0.000000 5101.189892 5101.028740 5100.557053 5100.653034 5101.183194 5101.168765 5101.137473 5101.198475 5101.185448 5101.198475 5101.137473 5101.168765 5101.183194 5100.653034 5100.557053 5101.028740 5101.189892 0.000000 0.000000
0.000000 0.000000 5460.281760 5460.122988 5459.662032 5459.752798 5460.276053 5460.262287 5460.231435 5460.291023 5460.277419 5460.291023 5460.231435 5460.262287 5460.276053 5459.752798 5459.662032 5460.122988 5460.281757 0.000000 0.000000
0.000000 0.000000 5813.850434 5813.688783 5813.225544 5813.317511 5813.845010 5813.828667 5813.797359 5813.858219 5813.844250 5813.858219 5813.797359 5813.828667 5813.845010 5813.317511 5813.225543 5813.688769 5813.850046 0.000000 0.000000
0.000000 0.000000 6178.212695 6178.204881 6177.744036 6177.825116 6178.362158 6178.344471 6178.312632 6178.375111 6178.361005 6178.375111 6178.312632 6178.344471 6178.362158 6177.825115 6177.744022 6178.202699 6178.367235 0.000000 0.000000
0.000000 0.000000 0.000000 0.000000 0.000000 0.000000 0.000000 0.000000 0.000000 0.000000 0.000000 0.000000 0.000000 0.000000 0.000000 0.000000 0.000000 0.000000 0.000000 0.000000 0.000000
0.000000 0.000000 0.000000 0.000000 0.000000 0.000000 0.000000 0.000000 0.000000 0.000000 0.000000 0.000000 0.000000 0.000000 0.000000 0.000000 0.000000 0.000000 0.000000 0.000000 0.000000