geotop/1.0zi/1.0Montebello/Templates/testdem/maps/_Erotot2708.asc
ncols         21
nrows         20
xllcorner     100.000000
yllcorner     100.000000
cellsize      50.000000
NODATA_value  -9999.0
0.000000 0.000000 0.000000 0.000000 0.000000 0.000000 0.000000 0.000000 0.000000 0.000000 0.000000 0.000000 0.000000 0.000000 0.000000 0.000000 0.000000 0.000000 0.000000 0.000000 0.000000
0.000000 0.000000 250.201366 250.204247 250.207671 250.328994 250.196039 250.199974 250.174442 250.216947 250.234941 250.216947 250.174442 250.199974 250.196039 250.328994 250.207671 250.204247 250.201366 0.000000 0.000000
0.000000 0.000000 13.314623 13.092778 11.342168 13.061239 13.355385 13.342020 13.375335 13.338643 13.319368 13.338643 13.375335 13.342020 13.355385 13.061239 11.342168 13.092778 13.314623 0.000000 0.000000
0.000000 0.000000 1878.067832 1877.745817 1878.082809 1876.210385 1878.214489 1877.656711 1877.650489 1878.485442 1878.688334 1878.485442 1877.650489 1877.656711 1878.214489 1876.210385 1878.082809 1877.745817 1878.067832 0.000000 0.000000
0.000000 0.000000 3841.598890 3841.428501 3840.770785 3841.363397 3841.905607 3841.763642 3841.729934 3841.882295 3841.833623 3841.882295 3841.729934 3841.763642 3841.905607 3841.363397 3840.770785 3841.428501 3841.598890 0.000000 0.000000
0.000000 0.000000 4985.090992 4984.885782 4984.327502 4984.477646 4985.285472 4984.992620 4985.011808 4985.359098 4985.467629 4985.359098 4985.011808 4984.992620 4985.285472 4984.477646 4984.327502 4984.885782 4985.090992 0.000000 0.000000
0.000000 0.000000 6504.249010 6504.078490 6503.568735 6503.707893 6504.397517 6504.144438 6504.168945 6504.477177 6504.592259 6504.477177 6504.168945 6504.144438 6504.397517 6503.707893 6503.568735 6504.078490 6504.249010 0.000000 0.000000
0.000000 0.000000 7932.660584 7932.517647 7932.044033 7932.185571 7932.777701 7932.560457 7932.582463 7932.858028 7932.966663 7932.858028 7932.582463 7932.560457 7932.777701 7932.185571 7932.044033 7932.517647 7932.660584 0.000000 0.000000
0.000000 0.000000 9259.120334 9258.990012 9258.541133 9258.682183 9259.225299 9259.025484 9259.046080 9259.304299 9259.407029 9259.304299 9259.046080 9259.025484 9259.225299 9258.682183 9258.541133 9258.990012 9259.120334 0.000000 0.000000
0.000000 0.000000 10506.122101 10506.020421 10505.583203 10505.762152 10506.214292 10506.036101 10506.061191 10506.295485 10506.391722 10506.295485 10506.061191 10506.036101 10506.214292 10505.762152 10505.583203 10506.020421 10506.122101 0.000000 0.000000
0.000000 0.000000 11679.199768 11679.091653 11678.675068 11678.829441 11679.291016 11679.113985 11679.134925 11679.365271 11679.455750 11679.365271 11679.134925 11679.113985 11679.291016 11678.829441 11678.675068 11679.091653 11679.199768 0.000000 0.000000
0.000000 0.000000 12796.891519 12796.783449 12796.383567 12796.531841 12796.977763 12796.808543 12796.828220 12797.050296 12797.138340 12797.050296 12796.828220 12796.808543 12796.977763 12796.531841 12796.383567 12796.783449 12796.891519 0.000000 0.000000
0.000000 0.000000 13868.499959 13868.397223 13868.004566 13868.154096 13868.579514 13868.415132 13868.434876 13868.650495 13868.734544 13868.650495 13868.434876 13868.415132 13868.579514 13868.154096 13868.004566 13868.397223 13868.499959 0.000000 0.000000
0.000000 0.000000 14899.267982 14899.173218 14898.790610 14898.957867 14899.345323 14899.187955 14899.209198 14899.415893 14899.496918 14899.415893 14899.209198 14899.187955 14899.345323 14898.957867 14898.790610 14899.173218 14899.267982 0.000000 0.000000
0.000000 0.000000 15892.446622 15892.350103 15891.972272 15892.128059 15892.519922 15892.364292 15892.384065 15892.588324 15892.666619 15892.588324 15892.384065 15892.364292 15892.519922 15892.128059 15891.972272 15892.350103 15892.446622 0.000000 0.000000
0.000000 0.000000 16851.223249 16851.129071 16850.762791 16850.911640 16851.290585 16851.139942 16851.159524 16851.357957 16851.433947 16851.357957 16851.159524 16851.139942 16851.290585 16850.911640 16850.762791 16851.129071 16851.223244 0.000000 0.000000
0.000000 0.000000 17778.246463 17778.154055 17777.790861 17777.942629 17778.311692 17778.163456 17778.182494 17778.375687 17778.448648 17778.375687 17778.182494 17778.163456 17778.311692 17777.942629 17777.790861 17778.154033 17778.246056 0.000000 0.000000
0.000000 0.000000 18714.690912 18715.019335 18714.663331 18714.810804 18715.174174 18715.029567 18715.046650 18715.235932 18715.306067 18715.235932 18715.046650 18715.029567 18715.174174 18714.810803 18714.663312 18715.015826 18715.104726 0.000000 0.000000
0.000000 0.000000 0.000000 0.000000 0.000000 0.000000 0.000000 0.000000 0.000000 0.000000 0.000000 0.000000 0.000000 0.000000 0.000000 0.000000 0.000000 0.000000 0.000000 0.000000 0.000000
0.000000 0.000000 0.000000 0.000000 0.000000 0.000000 0.000000 0.000000 0.000000 0.000000 0.000000 0.000000 0.000000 0.000000 0.000000 0.000000 0.000000 0.000000 0.000000 0.000000 0.000000