geotop/1.0zi/1.0Montebello/Templates/testdem/maps/_Erotot6395.asc
ncols         21
nrows         20
xllcorner     100.000000
yllcorner     100.000000
cellsize      50.000000
NODATA_value  -9999.0
0.000000 0.000000 0.000000 0.000000 0.000000 0.000000 0.000000 0.000000 0.000000 0.000000 0.000000 0.000000 0.000000 0.000000 0.000000 0.000000 0.000000 0.000000 0.000000 0.000000 0.000000
0.000000 0.000000 491.970525 492.830267 492.553639 492.851673 492.295512 492.355721 492.313916 492.480216 492.881229 492.185556 492.113351 492.204960 492.356753 492.264169 492.992331 493.191510 493.180946 0.000000 0.000000
0.000000 0.000000 37.099918 35.958208 36.038627 36.181399 36.436233 36.247416 36.060513 35.844882 36.091895 36.421662 36.238628 36.450597 36.325100 36.076207 34.763412 34.003416 34.693668 0.000000 0.000000
0.000000 0.000000 222.410126 225.233509 215.093828 212.686487 212.916461 207.727302 207.265114 206.779412 205.170004 203.131201 205.753992 203.627097 208.444855 214.465949 216.393431 217.807150 222.866442 0.000000 0.000000
0.000000 0.000000 2082.328703 2085.715951 2090.694906 2069.378162 2054.313137 2042.446400 2045.095310 2042.101231 2045.942737 2050.585601 2047.350969 2045.967880 2056.277878 2057.302726 2065.859215 2074.449298 2075.628050 0.000000 0.000000
0.000000 0.000000 3614.547764 3609.311174 3606.095357 3601.214161 3590.750364 3582.707289 3581.231436 3580.750391 3578.993223 3576.387981 3573.416074 3576.099215 3578.475541 3595.228687 3600.607652 3605.169282 3607.620947 0.000000 0.000000
0.000000 0.000000 4794.912195 4792.520390 4788.796677 4783.961371 4770.830489 4753.381594 4752.939689 4749.469857 4751.334029 4754.171245 4756.274541 4757.330596 4778.262733 4788.089272 4792.973534 4794.578698 4800.071283 0.000000 0.000000
0.000000 0.000000 5517.331353 5518.787436 5516.855038 5509.613130 5508.672095 5500.834132 5501.387943 5501.782194 5500.458108 5497.855870 5497.621634 5501.666740 5502.651989 5505.762236 5515.095775 5513.446236 5517.345814 0.000000 0.000000
0.000000 0.000000 6525.002860 6522.157140 6516.960440 6517.412306 6509.838763 6498.366728 6498.996208 6495.817479 6493.406884 6494.312024 6495.431623 6490.680361 6505.265857 6514.178254 6517.205973 6518.492439 6520.557664 0.000000 0.000000
0.000000 0.000000 7688.640417 7686.295832 7687.606004 7685.923396 7669.813321 7662.069769 7663.055445 7662.299169 7660.026244 7663.036888 7666.583466 7664.741969 7669.299916 7680.987156 7685.714147 7686.285355 7687.539583 0.000000 0.000000
0.000000 0.000000 8945.167970 8945.556642 8944.358358 8928.921895 8925.858007 8913.925764 8917.898480 8907.959064 8910.491624 8909.499045 8904.473323 8912.523942 8918.003395 8919.922984 8927.906706 8934.045368 8942.438361 0.000000 0.000000
0.000000 0.000000 10268.048492 10263.761219 10257.505739 10254.842830 10249.438498 10233.548235 10232.130594 10231.517613 10238.041091 10230.424891 10232.632015 10232.545936 10249.930973 10254.239051 10256.355741 10257.533743 10278.176550 0.000000 0.000000
0.000000 0.000000 11615.454849 11612.685022 11613.142776 11604.335168 11599.689690 11568.990476 11567.377232 11566.868405 11551.309898 11560.914641 11564.942289 11567.661726 11587.305861 11591.982049 11608.127428 11607.424892 11615.171451 0.000000 0.000000
0.000000 0.000000 13100.823648 13102.366533 13093.906846 13091.670148 13059.399150 13068.358684 13057.216548 13058.607193 13059.885870 13059.386825 13057.404609 13053.919239 13043.691557 13079.034417 13085.325380 13097.254189 13105.300682 0.000000 0.000000
0.000000 0.000000 14718.916953 14714.323682 14709.571142 14679.086888 14679.228789 14661.487068 14647.522214 14645.497624 14639.816961 14632.446704 14636.751042 14635.091167 14652.754282 14656.027593 14705.138825 14695.233780 14695.953318 0.000000 0.000000
0.000000 0.000000 16393.720170 16393.006633 16347.960607 16349.233243 16354.011484 16345.924119 16365.984622 16357.151830 16364.840912 16359.368136 16352.822718 16364.149853 16368.450629 16367.903040 16342.181581 16404.779473 16397.990789 0.000000 0.000000
0.000000 0.000000 18321.919924 18265.515194 18264.802542 18251.097637 18219.045680 18210.927452 18199.882360 18203.911423 18186.133073 18187.249975 18194.365572 18192.219194 18207.012184 18223.111750 18263.411573 18251.817043 18315.395453 0.000000 0.000000
0.000000 0.000000 19576.612353 19601.021936 19659.859840 19651.747911 19637.645122 19589.007532 19590.698309 19573.741860 19589.907114 19587.028421 19592.562674 19589.463951 19632.603448 19644.435340 19670.444109 19611.417945 19588.129918 0.000000 0.000000
0.000000 0.000000 0.000000 0.000000 0.000000 0.000000 0.000000 0.000000 0.000000 0.000000 0.000000 0.000000 0.000000 0.000000 0.000000 0.000000 0.000000 0.000000 0.000000 0.000000 0.000000
0.000000 0.000000 0.000000 0.000000 0.000000 0.000000 0.000000 0.000000 0.000000 0.000000 0.000000 0.000000 0.000000 0.000000 0.000000 0.000000 0.000000 0.000000 0.000000 0.000000 0.000000