geotop/1.0zi/1.0Montebello/Templates/testdem/maps/_Erotot0969.asc
ncols         21
nrows         20
xllcorner     100.000000
yllcorner     100.000000
cellsize      50.000000
NODATA_value  -9999.0
0.000000 0.000000 0.000000 0.000000 0.000000 0.000000 0.000000 0.000000 0.000000 0.000000 0.000000 0.000000 0.000000 0.000000 0.000000 0.000000 0.000000 0.000000 0.000000 0.000000 0.000000
0.000000 0.000000 90.341488 90.342739 90.377192 90.351375 90.336254 90.342773 90.344119 90.339720 90.340243 90.339720 90.344119 90.342773 90.336254 90.351375 90.377192 90.342739 90.341488 0.000000 0.000000
0.000000 0.000000 7.624655 7.406882 5.633293 7.492751 7.657992 7.651340 7.663290 7.669076 7.667820 7.669076 7.663290 7.651340 7.657992 7.492751 5.633293 7.406882 7.624655 0.000000 0.000000
0.000000 0.000000 824.649064 824.218016 824.495283 822.192615 824.606869 824.444394 824.311759 824.626623 824.649863 824.626623 824.311759 824.444394 824.606869 822.192615 824.495283 824.218016 824.649064 0.000000 0.000000
0.000000 0.000000 1444.339839 1444.070190 1443.354278 1444.002959 1444.451466 1444.314803 1444.270236 1444.377683 1444.340841 1444.377683 1444.270236 1444.314803 1444.451466 1444.002959 1443.354278 1444.070190 1444.339839 0.000000 0.000000
0.000000 0.000000 1926.545683 1926.272537 1925.623076 1925.682961 1926.579594 1926.484782 1926.438387 1926.562110 1926.564550 1926.562110 1926.438387 1926.484782 1926.579594 1925.682961 1925.623076 1926.272537 1926.545683 0.000000 0.000000
0.000000 0.000000 2516.410981 2516.188429 2515.592504 2515.669475 2516.427689 2516.361799 2516.329320 2516.429787 2516.430156 2516.429787 2516.329320 2516.361799 2516.427689 2515.669475 2515.592504 2516.188429 2516.410981 0.000000 0.000000
0.000000 0.000000 3074.960076 3074.763991 3074.206719 3074.292682 3074.964162 3074.916805 3074.890248 3074.975883 3074.975760 3074.975883 3074.890248 3074.916805 3074.964162 3074.292682 3074.206719 3074.763991 3074.960076 0.000000 0.000000
0.000000 0.000000 3605.371779 3605.189254 3604.657287 3604.742765 3605.370584 3605.331172 3605.307727 3605.385653 3605.384802 3605.385653 3605.307727 3605.331172 3605.370584 3604.742765 3604.657287 3605.189254 3605.371779 0.000000 0.000000
0.000000 0.000000 4114.586300 4114.433006 4113.909923 4114.035398 4114.577801 4114.553242 4114.536710 4114.598822 4114.597443 4114.598822 4114.536710 4114.553242 4114.577801 4114.035398 4113.909923 4114.433006 4114.586300 0.000000 0.000000
0.000000 0.000000 4604.367865 4604.204737 4603.698385 4603.798171 4604.361141 4604.332186 4604.312617 4604.377586 4604.375132 4604.377586 4604.312617 4604.332186 4604.361141 4603.798171 4603.698385 4604.204737 4604.367865 0.000000 0.000000
0.000000 0.000000 5079.276438 5079.110510 5078.616267 5078.706852 5079.265734 5079.238747 5079.219727 5079.284115 5079.282741 5079.284115 5079.219727 5079.238747 5079.265734 5078.706852 5078.616267 5079.110510 5079.276438 0.000000 0.000000
0.000000 0.000000 5544.215919 5544.051993 5543.563613 5543.655716 5544.203637 5544.177548 5544.158958 5544.221669 5544.219980 5544.221669 5544.158958 5544.177548 5544.203637 5543.655716 5543.563613 5544.051993 5544.215919 0.000000 0.000000
0.000000 0.000000 6000.268655 6000.110636 5999.627046 5999.739737 6000.254102 6000.232398 6000.216149 6000.273808 6000.271783 6000.273808 6000.216149 6000.232398 6000.254102 5999.739737 5999.627046 6000.110636 6000.268655 0.000000 0.000000
0.000000 0.000000 6449.444739 6449.282959 6448.800245 6448.901529 6449.429687 6449.407109 6449.389627 6449.448821 6449.446383 6449.448821 6449.389627 6449.407109 6449.429687 6448.901529 6448.800245 6449.282959 6449.444739 0.000000 0.000000
0.000000 0.000000 6892.999292 6892.840010 6892.367968 6892.463812 6892.984349 6892.963102 6892.946070 6893.003905 6893.001110 6893.003905 6892.946070 6892.963102 6892.984349 6892.463812 6892.367968 6892.840010 6892.999289 0.000000 0.000000
0.000000 0.000000 7329.344562 7329.183201 7328.709653 7328.806800 7329.329771 7329.306702 7329.289111 7329.347688 7329.344518 7329.347688 7329.289111 7329.306702 7329.329771 7328.806800 7328.709652 7329.183185 7329.344299 0.000000 0.000000
0.000000 0.000000 7783.109718 7783.170910 7782.700000 7782.786731 7783.317126 7783.292900 7783.275124 7783.335123 7783.332063 7783.335123 7783.275124 7783.292900 7783.317126 7782.786731 7782.699984 7783.168378 7783.332135 0.000000 0.000000
0.000000 0.000000 0.000000 0.000000 0.000000 0.000000 0.000000 0.000000 0.000000 0.000000 0.000000 0.000000 0.000000 0.000000 0.000000 0.000000 0.000000 0.000000 0.000000 0.000000 0.000000
0.000000 0.000000 0.000000 0.000000 0.000000 0.000000 0.000000 0.000000 0.000000 0.000000 0.000000 0.000000 0.000000 0.000000 0.000000 0.000000 0.000000 0.000000 0.000000 0.000000 0.000000