geotop/1.0zi/1.0Montebello/Templates/testdem/maps/_Erotot3623.asc
ncols         21
nrows         20
xllcorner     100.000000
yllcorner     100.000000
cellsize      50.000000
NODATA_value  -9999.0
0.000000 0.000000 0.000000 0.000000 0.000000 0.000000 0.000000 0.000000 0.000000 0.000000 0.000000 0.000000 0.000000 0.000000 0.000000 0.000000 0.000000 0.000000 0.000000 0.000000 0.000000
0.000000 0.000000 377.334365 377.337225 377.340771 377.459749 377.327297 377.333060 377.306717 377.346674 377.361378 377.346674 377.306717 377.333060 377.327297 377.459749 377.340771 377.337225 377.334365 0.000000 0.000000
0.000000 0.000000 11.658413 11.417024 9.663724 11.345702 11.663521 11.591871 11.683161 11.572365 11.942159 11.572365 11.683161 11.591871 11.663521 11.345702 9.663724 11.417024 11.658413 0.000000 0.000000
0.000000 0.000000 2771.242658 2770.450354 2770.938988 2769.114555 2770.603598 2770.230008 2769.677311 2770.757020 2770.664825 2770.757020 2769.677311 2770.230008 2770.603598 2769.114555 2770.938988 2770.450354 2771.242658 0.000000 0.000000
0.000000 0.000000 5321.851488 5321.826702 5321.007848 5321.586090 5322.265976 5321.973074 5322.064950 5321.827193 5322.048216 5321.827193 5322.064950 5321.973074 5322.265976 5321.586090 5321.007848 5321.826702 5321.851488 0.000000 0.000000
0.000000 0.000000 6882.831814 6882.433281 6881.967047 6882.107045 6882.748593 6882.469686 6882.290266 6882.526549 6882.744640 6882.526549 6882.290266 6882.469686 6882.748593 6882.107045 6881.967047 6882.433281 6882.831814 0.000000 0.000000
0.000000 0.000000 8873.101246 8872.762630 8872.340936 8872.465178 8873.015213 8872.769992 8872.612346 8872.810120 8873.025807 8872.810120 8872.612346 8872.769992 8873.015213 8872.465178 8872.340936 8872.762630 8873.101246 0.000000 0.000000
0.000000 0.000000 10709.017578 10708.729136 10708.344532 10708.471088 10708.936185 10708.726162 10708.587386 10708.760038 10708.954280 10708.760037 10708.587386 10708.726162 10708.936185 10708.471088 10708.344532 10708.729136 10709.017578 0.000000 0.000000
0.000000 0.000000 12391.621996 12391.365149 12391.004903 12391.129053 12391.555889 12391.364120 12391.237142 12391.396579 12391.579275 12391.396579 12391.237142 12391.364120 12391.555889 12391.129053 12391.004903 12391.365149 12391.621996 0.000000 0.000000
0.000000 0.000000 13949.945950 13949.731490 13949.381770 13949.541734 13949.888038 13949.716687 13949.604321 13949.745223 13949.911208 13949.745223 13949.604321 13949.716687 13949.888038 13949.541734 13949.381770 13949.731490 13949.945950 0.000000 0.000000
0.000000 0.000000 15395.355323 15395.146124 15394.818535 15394.952970 15395.311230 15395.141857 15395.035192 15395.175928 15395.331930 15395.175928 15395.035192 15395.141857 15395.311230 15394.952970 15394.818535 15395.146124 15395.355323 0.000000 0.000000
0.000000 0.000000 16754.437030 16754.240563 16753.935482 16754.064640 16754.412172 16754.251094 16754.147959 16754.288581 16754.433978 16754.288580 16754.147959 16754.251094 16754.412172 16754.064640 16753.935482 16754.240563 16754.437030 0.000000 0.000000
0.000000 0.000000 18036.380556 18036.198043 18035.901062 18036.030805 18036.358659 18036.206084 18036.109303 18036.246245 18036.381783 18036.246245 18036.109303 18036.206084 18036.358659 18036.030805 18035.901062 18036.198043 18036.380556 0.000000 0.000000
0.000000 0.000000 19255.449152 19255.280965 19254.995087 19255.140065 19255.433063 19255.287290 19255.197480 19255.327473 19255.455918 19255.327473 19255.197480 19255.287290 19255.433063 19255.140065 19254.995087 19255.280965 19255.449152 0.000000 0.000000
0.000000 0.000000 20416.144052 20415.976583 20415.696156 20415.828518 20416.125287 20415.990256 20415.906875 20416.036970 20416.158026 20416.036970 20415.906875 20415.990256 20416.125287 20415.828518 20415.696156 20415.976583 20416.144052 0.000000 0.000000
0.000000 0.000000 21521.380613 21521.220843 21520.951413 21521.075708 21521.360944 21521.228490 21521.148104 21521.272066 21521.388640 21521.272066 21521.148104 21521.228490 21521.360944 21521.075708 21520.951413 21521.220843 21521.380609 0.000000 0.000000
0.000000 0.000000 22579.366390 22579.213054 22578.946853 22579.074072 22579.345444 22579.216908 22579.140819 22579.260848 22579.370148 22579.260848 22579.140819 22579.216908 22579.345444 22579.074072 22578.946853 22579.213034 22579.366242 0.000000 0.000000
0.000000 0.000000 23641.495114 23641.885854 23641.627176 23641.749846 23642.014860 23641.890638 23641.817245 23641.933705 23642.038999 23641.933705 23641.817245 23641.890638 23642.014860 23641.749846 23641.627159 23641.882546 23642.028082 0.000000 0.000000
0.000000 0.000000 0.000000 0.000000 0.000000 0.000000 0.000000 0.000000 0.000000 0.000000 0.000000 0.000000 0.000000 0.000000 0.000000 0.000000 0.000000 0.000000 0.000000 0.000000 0.000000
0.000000 0.000000 0.000000 0.000000 0.000000 0.000000 0.000000 0.000000 0.000000 0.000000 0.000000 0.000000 0.000000 0.000000 0.000000 0.000000 0.000000 0.000000 0.000000 0.000000 0.000000