geotop/1.0zi/1.0Montebello/Templates/testdem/maps/_Erotot1435.asc
ncols         21
nrows         20
xllcorner     100.000000
yllcorner     100.000000
cellsize      50.000000
NODATA_value  -9999.0
0.000000 0.000000 0.000000 0.000000 0.000000 0.000000 0.000000 0.000000 0.000000 0.000000 0.000000 0.000000 0.000000 0.000000 0.000000 0.000000 0.000000 0.000000 0.000000 0.000000 0.000000
0.000000 0.000000 162.972331 162.973755 163.008682 162.984248 162.965109 162.973789 162.975394 162.970085 162.970776 162.970085 162.975394 162.973789 162.965109 162.984248 163.008682 162.973755 162.972331 0.000000 0.000000
0.000000 0.000000 9.904777 9.684917 7.908767 9.766601 9.948255 9.931957 9.941830 9.949658 9.947652 9.949658 9.941830 9.931957 9.948255 9.766601 7.908767 9.684917 9.904777 0.000000 0.000000
0.000000 0.000000 1167.179233 1166.958781 1166.927831 1164.938400 1167.270685 1166.848030 1166.794129 1167.394280 1167.346893 1167.394280 1166.794129 1166.848030 1167.270685 1164.938400 1166.927831 1166.958781 1167.179233 0.000000 0.000000
0.000000 0.000000 2131.874415 2131.648735 2130.894666 2131.593459 2132.039365 2131.850717 2131.804926 2131.959070 2131.915431 2131.959070 2131.804926 2131.850717 2132.039365 2131.593459 2130.894666 2131.648735 2131.874415 0.000000 0.000000
0.000000 0.000000 2798.869000 2798.689816 2797.923710 2798.120800 2799.026293 2798.779660 2798.750893 2798.992353 2798.969187 2798.992353 2798.750893 2798.779660 2799.026293 2798.120800 2797.923710 2798.689816 2798.869000 0.000000 0.000000
0.000000 0.000000 3647.876127 3647.732640 3647.041838 3647.236093 3648.012382 3647.804276 3647.784035 3647.985459 3647.965712 3647.985459 3647.784035 3647.804276 3648.012382 3647.236093 3647.041838 3647.732640 3647.876127 0.000000 0.000000
0.000000 0.000000 4455.122727 4454.998669 4454.360409 4454.552703 4455.239276 4455.059085 4455.043366 4455.221660 4455.204939 4455.221660 4455.043366 4455.059085 4455.239276 4454.552703 4454.360409 4454.998669 4455.122727 0.000000 0.000000
0.000000 0.000000 5219.239143 5219.125667 5218.519790 5218.706240 5219.345658 5219.179279 5219.166233 5219.332258 5219.316096 5219.332258 5219.166233 5219.179279 5219.345658 5218.706240 5218.519790 5219.125667 5219.239143 0.000000 0.000000
0.000000 0.000000 5949.256054 5949.169833 5948.577595 5948.800307 5949.351684 5949.203785 5949.197798 5949.345591 5949.329296 5949.345591 5949.197798 5949.203785 5949.351684 5948.800307 5948.577595 5949.169833 5949.256054 0.000000 0.000000
0.000000 0.000000 6648.684915 6648.589339 6648.016589 6648.212154 6648.780721 6648.630651 6648.621731 6648.771147 6648.753844 6648.771147 6648.621731 6648.630651 6648.780721 6648.212154 6648.016589 6648.589339 6648.684915 0.000000 0.000000
0.000000 0.000000 7324.496700 7324.398646 7323.841219 7324.026756 7324.586938 7324.440975 7324.432873 7324.580091 7324.563939 7324.580091 7324.432873 7324.440975 7324.586938 7324.026756 7323.841219 7324.398646 7324.496700 0.000000 0.000000
0.000000 0.000000 7984.273716 7984.178260 7983.629067 7983.815288 7984.361249 7984.217612 7984.210286 7984.354800 7984.338122 7984.354800 7984.210286 7984.217612 7984.361249 7983.815288 7983.629067 7984.178260 7984.273716 0.000000 0.000000
0.000000 0.000000 8627.291069 8627.202292 8626.659422 8626.865102 8627.376029 8627.236959 8627.232222 8627.371705 8627.354471 8627.371705 8627.232222 8627.236959 8627.376029 8626.865102 8626.659422 8627.202292 8627.291069 0.000000 0.000000
0.000000 0.000000 9257.199450 9257.108228 9256.568073 9256.762683 9257.283954 9257.144076 9257.138438 9257.279538 9257.261704 9257.279538 9257.138438 9257.144076 9257.283954 9256.762683 9256.568073 9257.108228 9257.199450 0.000000 0.000000
0.000000 0.000000 9875.740543 9875.650348 9875.124013 9875.310970 9875.823709 9875.687082 9875.681424 9875.819191 9875.801586 9875.819191 9875.681424 9875.687082 9875.823709 9875.310970 9875.124013 9875.650348 9875.740540 0.000000 0.000000
0.000000 0.000000 10480.849241 10480.760009 10480.234714 10480.424853 10480.934966 10480.796603 10480.791038 10480.927977 10480.909321 10480.927977 10480.791038 10480.796603 10480.934966 10480.424853 10480.234714 10480.759990 10480.848955 0.000000 0.000000
0.000000 0.000000 11105.932163 11106.144665 11105.622228 11105.803561 11106.316072 11106.176425 11106.171002 11106.310201 11106.291322 11106.310201 11106.171002 11106.176425 11106.316072 11105.803561 11105.622211 11106.141583 11106.231083 0.000000 0.000000
0.000000 0.000000 0.000000 0.000000 0.000000 0.000000 0.000000 0.000000 0.000000 0.000000 0.000000 0.000000 0.000000 0.000000 0.000000 0.000000 0.000000 0.000000 0.000000 0.000000 0.000000
0.000000 0.000000 0.000000 0.000000 0.000000 0.000000 0.000000 0.000000 0.000000 0.000000 0.000000 0.000000 0.000000 0.000000 0.000000 0.000000 0.000000 0.000000 0.000000 0.000000 0.000000