geotop/1.0zi/1.0Montebello/Templates/testdem/maps/_Erotot3760.asc
ncols         21
nrows         20
xllcorner     100.000000
yllcorner     100.000000
cellsize      50.000000
NODATA_value  -9999.0
0.000000 0.000000 0.000000 0.000000 0.000000 0.000000 0.000000 0.000000 0.000000 0.000000 0.000000 0.000000 0.000000 0.000000 0.000000 0.000000 0.000000 0.000000 0.000000 0.000000 0.000000
0.000000 0.000000 278.687753 278.203418 277.958674 277.807764 277.833997 277.889038 277.923420 277.922079 277.907635 277.913501 277.913104 277.955512 277.828081 277.849579 278.028477 277.991760 278.129931 0.000000 0.000000
0.000000 0.000000 22.204352 22.764386 23.049933 23.788069 23.380131 23.385163 22.969520 22.895514 22.959007 23.317752 23.066768 22.891839 23.326308 23.146942 22.307478 21.748102 21.614379 0.000000 0.000000
0.000000 0.000000 136.414976 137.427143 130.568196 128.153555 129.125810 123.977164 123.149224 122.769107 122.070966 121.643534 122.832970 121.357822 123.730301 128.908382 129.752003 132.090540 135.010421 0.000000 0.000000
0.000000 0.000000 1246.128118 1253.904451 1259.613834 1251.457548 1241.887435 1235.748291 1238.994150 1233.030292 1238.407693 1240.876083 1242.312608 1243.123165 1250.758114 1245.662161 1246.042768 1246.450687 1245.001748 0.000000 0.000000
0.000000 0.000000 2307.961841 2302.668715 2297.644302 2295.365764 2286.569757 2281.630235 2279.027964 2281.076297 2279.433991 2278.417273 2278.593438 2281.129456 2281.893450 2294.266171 2298.732022 2298.400936 2301.514552 0.000000 0.000000
0.000000 0.000000 2778.827183 2774.655868 2769.493971 2760.736914 2750.725082 2737.227572 2738.385535 2735.340579 2738.339226 2737.721649 2739.857465 2744.810730 2759.616237 2765.255981 2771.936044 2775.452079 2778.532360 0.000000 0.000000
0.000000 0.000000 3201.779588 3202.925719 3202.598652 3197.313343 3195.309710 3191.522598 3192.045551 3192.513400 3190.203491 3190.530095 3190.478025 3190.320808 3193.996552 3197.648766 3198.586128 3197.429992 3198.120687 0.000000 0.000000
0.000000 0.000000 3756.673313 3756.865907 3753.047946 3751.001445 3745.254052 3735.715448 3735.759864 3733.851468 3734.680753 3735.373288 3735.642329 3737.916107 3744.234817 3751.217673 3750.623793 3751.260381 3754.519534 0.000000 0.000000
0.000000 0.000000 4379.148539 4378.415010 4377.309541 4372.742088 4362.953497 4357.907105 4359.158559 4358.333179 4358.415803 4358.511371 4359.265762 4359.468845 4367.552627 4373.147779 4374.815366 4374.998739 4375.930867 0.000000 0.000000
0.000000 0.000000 5032.018816 5031.166718 5028.451582 5025.399015 5021.775832 5011.464339 5011.559668 5009.091523 5009.474263 5010.319766 5010.948760 5012.474807 5018.028628 5019.910119 5023.572237 5024.880187 5027.418310 0.000000 0.000000
0.000000 0.000000 5706.871831 5706.423707 5703.415333 5695.983828 5689.653289 5681.683612 5680.548627 5680.071192 5680.267371 5679.607015 5681.041350 5682.938749 5692.632374 5697.621334 5700.118056 5700.460325 5716.402394 0.000000 0.000000
0.000000 0.000000 6378.879815 6377.870127 6374.640051 6370.878316 6362.494809 6345.858911 6345.857788 6344.228203 6344.236325 6344.876228 6345.552371 6347.950535 6361.781930 6368.824537 6370.978327 6371.791169 6373.648448 0.000000 0.000000
0.000000 0.000000 7093.297937 7091.486281 7088.051769 7083.456223 7066.411607 7072.800182 7067.481028 7066.451810 7066.988619 7067.231086 7067.936588 7069.567499 7065.447081 7079.924166 7082.753377 7086.929452 7086.436683 0.000000 0.000000
0.000000 0.000000 7851.149924 7846.921092 7841.981144 7831.873433 7827.339862 7812.269469 7804.808024 7803.283750 7799.515280 7799.035786 7801.770375 7801.455860 7812.272878 7819.468198 7836.102795 7831.548031 7832.367145 0.000000 0.000000
0.000000 0.000000 8595.948991 8596.486086 8579.414480 8580.829393 8578.719365 8577.095616 8578.912570 8578.767692 8581.243357 8581.317588 8580.627488 8586.824590 8585.814076 8584.402490 8574.161823 8591.459539 8595.003319 0.000000 0.000000
0.000000 0.000000 9438.964650 9422.938358 9414.754915 9406.926487 9392.490432 9386.525767 9384.771506 9384.152804 9381.124224 9381.484526 9383.349045 9383.482978 9388.366241 9401.928388 9412.639016 9412.520106 9429.689803 0.000000 0.000000
0.000000 0.000000 10075.294280 10077.728224 10092.767966 10083.163435 10075.911987 10058.496013 10056.966495 10054.549443 10055.720198 10055.636839 10056.433404 10059.180803 10075.888509 10083.086773 10092.254269 10071.563387 10073.886897 0.000000 0.000000
0.000000 0.000000 0.000000 0.000000 0.000000 0.000000 0.000000 0.000000 0.000000 0.000000 0.000000 0.000000 0.000000 0.000000 0.000000 0.000000 0.000000 0.000000 0.000000 0.000000 0.000000
0.000000 0.000000 0.000000 0.000000 0.000000 0.000000 0.000000 0.000000 0.000000 0.000000 0.000000 0.000000 0.000000 0.000000 0.000000 0.000000 0.000000 0.000000 0.000000 0.000000 0.000000