geotop/1.0zi/1.0Montebello/Templates/testdem/maps/_Erotot4070.asc
ncols         21
nrows         20
xllcorner     100.000000
yllcorner     100.000000
cellsize      50.000000
NODATA_value  -9999.0
0.000000 0.000000 0.000000 0.000000 0.000000 0.000000 0.000000 0.000000 0.000000 0.000000 0.000000 0.000000 0.000000 0.000000 0.000000 0.000000 0.000000 0.000000 0.000000 0.000000 0.000000
0.000000 0.000000 301.129720 300.689583 300.499020 300.352122 300.379016 300.433340 300.471071 300.469620 300.455979 300.459375 300.460812 300.504612 300.376058 300.395060 300.569197 300.478714 300.572055 0.000000 0.000000
0.000000 0.000000 23.685921 24.237220 24.509674 25.216339 24.852864 24.871558 24.444733 24.375218 24.429857 24.804036 24.569808 24.399043 24.886879 24.648774 23.768325 23.205875 23.079954 0.000000 0.000000
0.000000 0.000000 137.488770 138.953544 131.926865 129.293097 130.054030 124.875204 124.053762 123.643001 122.882885 122.407453 123.524412 122.332375 125.233010 130.248844 131.001884 133.371321 136.072531 0.000000 0.000000
0.000000 0.000000 1291.664012 1296.856346 1303.582361 1298.812790 1292.771739 1289.608541 1293.059622 1287.435634 1290.880832 1294.462722 1293.070180 1289.155334 1292.949603 1289.650475 1289.708169 1291.486263 1290.995597 0.000000 0.000000
0.000000 0.000000 2413.506905 2407.921521 2403.405770 2401.817586 2397.907420 2394.358544 2392.603987 2394.992023 2394.200379 2391.328573 2386.894081 2387.001069 2386.437884 2398.186869 2404.323520 2403.819996 2407.128827 0.000000 0.000000
0.000000 0.000000 3000.536809 2995.296580 2990.560264 2983.779439 2975.253671 2960.986012 2962.137714 2958.666436 2961.744302 2961.315226 2963.969748 2965.894270 2979.417840 2986.385982 2993.428845 2997.870072 3000.590561 0.000000 0.000000
0.000000 0.000000 3439.225180 3439.621599 3439.768072 3435.623546 3435.425517 3432.436796 3433.187476 3433.764569 3431.169672 3432.139180 3430.147902 3427.909887 3430.236754 3433.724857 3435.299586 3434.417442 3435.608192 0.000000 0.000000
0.000000 0.000000 4036.581187 4035.971251 4032.639085 4032.042090 4028.615160 4020.097233 4020.439136 4018.636544 4019.148149 4019.416510 4018.384628 4018.105595 4022.762103 4030.065425 4029.847490 4031.035725 4034.449158 0.000000 0.000000
0.000000 0.000000 4713.137438 4711.535481 4710.898846 4707.853297 4700.670156 4696.737953 4698.319197 4697.560797 4697.456380 4697.505129 4696.226264 4693.670361 4699.976306 4705.860710 4708.120429 4708.868087 4709.995995 0.000000 0.000000
0.000000 0.000000 5425.606246 5423.893564 5421.627947 5420.224522 5419.307867 5410.056351 5410.475561 5408.094607 5408.212444 5409.010853 5407.526436 5406.197017 5409.981577 5412.198326 5416.445792 5418.315163 5421.095492 0.000000 0.000000
0.000000 0.000000 6164.773798 6163.445070 6160.884154 6155.020998 6151.453129 6144.599433 6143.755560 6143.393066 6143.356385 6142.563532 6141.823700 6140.764484 6148.762985 6154.156084 6157.288734 6158.184495 6174.559713 0.000000 0.000000
0.000000 0.000000 6902.701408 6900.753789 6897.967231 6895.893553 6890.258939 6873.890510 6874.266656 6872.697797 6872.454400 6872.957804 6871.059989 6870.480747 6883.739570 6891.174647 6894.004774 6895.346886 6897.426956 0.000000 0.000000
0.000000 0.000000 7687.915853 7685.175275 7682.159967 7678.982953 7663.369935 7671.321375 7666.198922 7665.224849 7665.525514 7665.589104 7664.091764 7662.918655 7656.982717 7673.007122 7676.480879 7681.329097 7681.028569 0.000000 0.000000
0.000000 0.000000 8522.128310 8517.052574 8512.261149 8502.819763 8501.171855 8486.909506 8479.549392 8478.110057 8473.928700 8473.286501 8473.881544 8470.598491 8479.887556 8487.452898 8505.974554 8501.829776 8502.887717 0.000000 0.000000
0.000000 0.000000 9347.779528 9347.341854 9328.949492 9332.264447 9333.352467 9333.243089 9335.639905 9335.663939 9338.050085 9337.911021 9334.566019 9337.934670 9334.747257 9333.405715 9323.323733 9343.327425 9347.295185 0.000000 0.000000
0.000000 0.000000 10281.875172 10262.172973 10253.868737 10247.674286 10235.855281 10231.124188 10229.740330 10229.170205 10225.629846 10225.819597 10225.314645 10221.897076 10224.918031 10239.590653 10251.457918 10252.102006 10272.054967 0.000000 0.000000
0.000000 0.000000 10981.826807 10983.831910 11001.382763 10993.374870 10989.110750 10971.554084 10970.340815 10967.888801 10969.015340 10968.676702 10966.817451 10966.497773 10982.756507 10990.478456 11000.922004 10978.554229 10980.948761 0.000000 0.000000
0.000000 0.000000 0.000000 0.000000 0.000000 0.000000 0.000000 0.000000 0.000000 0.000000 0.000000 0.000000 0.000000 0.000000 0.000000 0.000000 0.000000 0.000000 0.000000 0.000000 0.000000
0.000000 0.000000 0.000000 0.000000 0.000000 0.000000 0.000000 0.000000 0.000000 0.000000 0.000000 0.000000 0.000000 0.000000 0.000000 0.000000 0.000000 0.000000 0.000000 0.000000 0.000000