geotop/1.0zi/1.0Montebello/Templates/testdem/maps/_Erotot2077.asc
ncols         21
nrows         20
xllcorner     100.000000
yllcorner     100.000000
cellsize      50.000000
NODATA_value  -9999.0
0.000000 0.000000 0.000000 0.000000 0.000000 0.000000 0.000000 0.000000 0.000000 0.000000 0.000000 0.000000 0.000000 0.000000 0.000000 0.000000 0.000000 0.000000 0.000000 0.000000 0.000000
0.000000 0.000000 206.926241 206.928589 206.966140 206.956457 206.913172 206.929514 206.932238 206.921124 206.923378 206.921124 206.932238 206.929514 206.913172 206.956457 206.966140 206.928589 206.926241 0.000000 0.000000
0.000000 0.000000 11.187455 10.966341 9.185255 11.026734 11.235603 11.210769 11.218279 11.230771 11.226630 11.230771 11.218279 11.210769 11.235603 11.026734 9.185255 10.966341 11.187455 0.000000 0.000000
0.000000 0.000000 1424.848670 1424.640695 1424.855566 1423.043209 1425.015611 1424.552831 1424.580765 1425.347174 1425.364285 1425.347174 1424.580765 1424.552831 1425.015611 1423.043209 1424.855566 1424.640695 1424.848670 0.000000 0.000000
0.000000 0.000000 2917.161852 2916.949602 2916.337816 2916.886388 2917.476869 2917.283426 2917.240785 2917.388810 2917.360094 2917.388810 2917.240785 2917.283426 2917.476869 2916.886388 2916.337816 2916.949602 2917.161852 0.000000 0.000000
0.000000 0.000000 3789.723668 3789.557155 3788.949495 3789.098502 3789.938590 3789.666080 3789.692636 3790.015482 3790.056977 3790.015482 3789.692636 3789.666080 3789.938590 3789.098502 3788.949495 3789.557155 3789.723668 0.000000 0.000000
0.000000 0.000000 4958.657837 4958.524347 4957.961152 4958.086219 4958.824312 4958.591833 4958.624222 4958.907189 4958.961649 4958.907189 4958.624222 4958.591833 4958.824312 4958.086219 4957.961152 4958.524347 4958.657837 0.000000 0.000000
0.000000 0.000000 6068.127513 6068.017589 6067.490069 6067.608058 6068.260529 6068.061603 6068.090773 6068.342444 6068.397654 6068.342444 6068.090773 6068.061603 6068.260529 6067.608058 6067.490069 6068.017589 6068.127513 0.000000 0.000000
0.000000 0.000000 7111.644854 7111.543655 7111.039947 7111.152436 7111.764694 7111.580783 7111.608156 7111.845029 7111.899835 7111.845029 7111.608156 7111.580783 7111.764694 7111.152436 7111.039947 7111.543655 7111.644854 0.000000 0.000000
0.000000 0.000000 8101.573165 8101.498600 8101.005045 8101.154507 8101.679243 8101.515403 8101.547297 8101.762270 8101.815376 8101.762270 8101.547297 8101.515403 8101.679243 8101.154507 8101.005045 8101.498600 8101.573165 0.000000 0.000000
0.000000 0.000000 9043.929447 9043.845804 9043.370589 9043.494867 9044.033706 9043.869444 9043.896831 9044.110209 9044.161049 9044.110209 9043.896831 9043.869444 9044.033706 9043.494867 9043.370589 9043.845804 9043.929447 0.000000 0.000000
0.000000 0.000000 9947.695182 9947.609585 9947.149905 9947.268103 9947.794552 9947.636344 9947.662398 9947.869682 9947.920428 9947.869682 9947.662398 9947.636344 9947.794552 9947.268103 9947.149905 9947.609585 9947.695182 0.000000 0.000000
0.000000 0.000000 10822.108261 10822.025873 10821.571890 10821.691877 10822.200473 10822.045734 10822.071813 10822.274600 10822.323805 10822.274600 10822.071813 10822.045734 10822.200473 10821.691877 10821.571890 10822.025873 10822.108261 0.000000 0.000000
0.000000 0.000000 11670.195446 11670.119742 11669.673835 11669.813578 11670.284994 11670.135980 11670.163654 11670.359331 11670.407308 11670.359331 11670.163654 11670.135980 11670.284994 11669.813578 11669.673835 11670.119742 11670.195446 0.000000 0.000000
0.000000 0.000000 12494.784225 12494.705683 12494.261534 12494.390725 12494.868982 12494.720475 12494.746754 12494.942174 12494.989049 12494.942174 12494.746754 12494.720475 12494.868982 12494.390725 12494.261534 12494.705683 12494.784225 0.000000 0.000000
0.000000 0.000000 13297.792273 13297.714961 13297.281424 13297.404160 13297.871338 13297.726932 13297.752958 13297.943956 13297.990359 13297.943956 13297.752958 13297.726932 13297.871338 13297.404160 13297.281424 13297.714961 13297.792268 0.000000 0.000000
0.000000 0.000000 14079.492237 14079.415649 14078.982694 14079.109283 14079.569323 14079.425404 14079.450826 14079.638648 14079.683669 14079.638648 14079.450826 14079.425404 14079.569323 14079.109283 14078.982694 14079.415628 14079.491766 0.000000 0.000000
0.000000 0.000000 14873.659631 14873.925344 14873.500083 14873.622225 14874.079762 14873.936857 14873.960069 14874.145897 14874.189804 14874.145897 14873.960069 14873.936857 14874.079762 14873.622225 14873.500064 14873.921888 14873.997640 0.000000 0.000000
0.000000 0.000000 0.000000 0.000000 0.000000 0.000000 0.000000 0.000000 0.000000 0.000000 0.000000 0.000000 0.000000 0.000000 0.000000 0.000000 0.000000 0.000000 0.000000 0.000000 0.000000
0.000000 0.000000 0.000000 0.000000 0.000000 0.000000 0.000000 0.000000 0.000000 0.000000 0.000000 0.000000 0.000000 0.000000 0.000000 0.000000 0.000000 0.000000 0.000000 0.000000 0.000000