geotop/1.0zi/1.0Montebello/Templates/testdem/maps/_Erotot3949.asc
ncols         21
nrows         20
xllcorner     100.000000
yllcorner     100.000000
cellsize      50.000000
NODATA_value  -9999.0
0.000000 0.000000 0.000000 0.000000 0.000000 0.000000 0.000000 0.000000 0.000000 0.000000 0.000000 0.000000 0.000000 0.000000 0.000000 0.000000 0.000000 0.000000 0.000000 0.000000 0.000000
0.000000 0.000000 299.362517 298.925014 298.738425 298.592197 298.622942 298.682706 298.717127 298.715715 298.701339 298.707104 298.706658 298.749256 298.616808 298.633787 298.808175 298.713376 298.804743 0.000000 0.000000
0.000000 0.000000 23.768434 24.325662 24.593021 25.301427 24.931071 24.943853 24.518095 24.450485 24.503304 24.878320 24.646090 24.478591 24.970743 24.731909 23.847767 23.289926 23.164173 0.000000 0.000000
0.000000 0.000000 137.214892 138.712075 131.634518 128.993402 129.718260 124.480108 123.653294 123.242212 122.483716 122.003915 123.130856 122.054922 125.167097 130.245626 130.915994 133.232618 135.893864 0.000000 0.000000
0.000000 0.000000 1256.130266 1262.087806 1268.338895 1260.089514 1250.717633 1244.755976 1248.048394 1241.983947 1247.390558 1249.479988 1249.786730 1250.623894 1259.061850 1256.577411 1255.824958 1256.977162 1256.130557 0.000000 0.000000
0.000000 0.000000 2341.082609 2335.885021 2330.458060 2328.353347 2322.463351 2317.602088 2315.086329 2317.001842 2315.452001 2314.434273 2312.480805 2313.944111 2314.222679 2326.177190 2331.787232 2331.154245 2334.250552 0.000000 0.000000
0.000000 0.000000 2911.534248 2906.663451 2901.567296 2894.080947 2883.951843 2870.568225 2871.925616 2868.782551 2871.988649 2870.846848 2872.884833 2876.550261 2891.179532 2897.834807 2904.980322 2908.571072 2911.692466 0.000000 0.000000
0.000000 0.000000 3331.017806 3331.828120 3331.505609 3326.182670 3324.216097 3320.411680 3320.959919 3321.408202 3319.104408 3319.231157 3318.910799 3318.783483 3322.836503 3326.908191 3327.767465 3326.777260 3327.564090 0.000000 0.000000
0.000000 0.000000 3900.220745 3900.023997 3896.207418 3894.312528 3888.880170 3879.427913 3879.526252 3877.577243 3878.448647 3878.981525 3878.761995 3880.813539 3887.221123 3894.749244 3894.187935 3894.913355 3898.256589 0.000000 0.000000
0.000000 0.000000 4546.587574 4545.463290 4544.325014 4540.013163 4530.679323 4525.708790 4527.020984 4526.141653 4526.278189 4526.177786 4526.364119 4526.187789 4534.363929 4540.536765 4542.296468 4542.595878 4543.623158 0.000000 0.000000
0.000000 0.000000 5227.159412 5225.907473 5223.152799 5220.374186 5217.279934 5207.006692 5207.164276 5204.627376 5205.065966 5205.707100 5205.700757 5206.812151 5212.477733 5214.956616 5218.753817 5220.177684 5222.826740 0.000000 0.000000
0.000000 0.000000 5932.566652 5931.706484 5928.650286 5921.461018 5915.660510 5907.725962 5906.647853 5906.097495 5906.370068 5905.484244 5906.240867 5907.686212 5917.577107 5923.221675 5925.862025 5926.314801 5942.449514 0.000000 0.000000
0.000000 0.000000 6635.666943 6634.245187 6630.956816 6627.458801 6619.574097 6602.491214 6602.558424 6600.850361 6600.914411 6601.325921 6600.974060 6602.962303 6617.784126 6625.493876 6627.792195 6628.705293 6630.645570 0.000000 0.000000
0.000000 0.000000 7383.906617 7381.641083 7378.158362 7373.806635 7356.661919 7363.276619 7357.964361 7356.856705 7357.470880 7357.469574 7357.501648 7358.691173 7354.601315 7370.361385 7373.366381 7377.700089 7377.288089 0.000000 0.000000
0.000000 0.000000 8178.028281 8173.428245 8168.282986 8158.096706 8154.184019 8139.040035 8131.545772 8129.923604 8126.156877 8125.438596 8127.459664 8126.647330 8137.776410 8145.602785 8162.864635 8158.360749 8159.277973 0.000000 0.000000
0.000000 0.000000 8961.986013 8962.075220 8943.994036 8945.728649 8944.332659 8942.857757 8944.835541 8944.630529 8947.265591 8947.083180 8945.486496 8951.346471 8950.453726 8949.555292 8939.274746 8957.778804 8961.505428 0.000000 0.000000
0.000000 0.000000 9848.773978 9830.877435 9822.294730 9814.736823 9800.743329 9794.772235 9793.076226 9792.346811 9789.296333 9789.404549 9790.513905 9790.021362 9795.176254 9809.749251 9820.776514 9820.884005 9839.522315 0.000000 0.000000
0.000000 0.000000 10515.503011 10517.612007 10533.545344 10524.138097 10517.394717 10499.333970 10497.835382 10495.263442 10496.619339 10496.250675 10496.186723 10498.547492 10516.194567 10524.221678 10533.810981 10512.148279 10514.601936 0.000000 0.000000
0.000000 0.000000 0.000000 0.000000 0.000000 0.000000 0.000000 0.000000 0.000000 0.000000 0.000000 0.000000 0.000000 0.000000 0.000000 0.000000 0.000000 0.000000 0.000000 0.000000 0.000000
0.000000 0.000000 0.000000 0.000000 0.000000 0.000000 0.000000 0.000000 0.000000 0.000000 0.000000 0.000000 0.000000 0.000000 0.000000 0.000000 0.000000 0.000000 0.000000 0.000000 0.000000