geotop/1.0zi/1.0Montebello/Templates/testdem/maps/_Erotot4353.asc
ncols         21
nrows         20
xllcorner     100.000000
yllcorner     100.000000
cellsize      50.000000
NODATA_value  -9999.0
0.000000 0.000000 0.000000 0.000000 0.000000 0.000000 0.000000 0.000000 0.000000 0.000000 0.000000 0.000000 0.000000 0.000000 0.000000 0.000000 0.000000 0.000000 0.000000 0.000000 0.000000
0.000000 0.000000 328.965155 328.524104 328.329039 328.180678 328.206025 328.262191 328.299811 328.298130 328.284663 328.287979 328.289580 328.333717 328.203033 328.223686 328.398975 328.312639 328.407261 0.000000 0.000000
0.000000 0.000000 26.416965 26.996142 27.270004 27.937723 27.479954 27.486732 27.062597 26.995264 27.048183 27.402707 27.138405 27.028316 27.579548 27.358668 26.485631 25.947960 25.826124 0.000000 0.000000
0.000000 0.000000 139.428765 140.665954 133.573860 131.137372 132.098244 126.958001 126.129649 125.716847 124.952172 124.498088 125.639844 124.345954 127.121253 132.094430 132.807720 135.084407 137.741203 0.000000 0.000000
0.000000 0.000000 1313.018750 1315.878155 1321.651616 1316.524623 1310.239849 1306.311534 1309.908775 1304.398122 1307.831557 1311.351565 1309.817022 1305.660433 1309.847133 1306.649621 1307.154662 1308.617726 1309.300732 0.000000 0.000000
0.000000 0.000000 2514.625960 2508.572345 2500.326810 2492.225552 2485.124297 2481.308006 2478.602817 2480.499418 2480.134333 2477.280238 2473.244624 2475.489864 2475.921180 2488.809816 2494.879494 2495.790023 2499.751156 0.000000 0.000000
0.000000 0.000000 3176.900024 3172.553452 3169.245357 3165.881123 3158.558444 3144.759837 3146.664467 3143.392686 3145.955374 3145.064298 3146.993476 3148.072570 3161.613019 3168.371988 3175.021071 3179.005366 3181.159064 0.000000 0.000000
0.000000 0.000000 3626.586223 3626.424122 3626.637063 3621.693257 3620.992844 3617.386349 3618.269103 3618.618436 3616.073487 3617.198512 3615.342767 3613.469825 3616.082507 3619.847102 3621.451185 3620.500255 3621.946776 0.000000 0.000000
0.000000 0.000000 4255.835312 4255.109718 4251.476780 4250.135633 4246.460807 4238.115399 4238.678166 4236.846118 4237.321407 4237.605578 4236.351263 4236.324085 4240.719784 4248.113828 4247.959747 4249.172112 4252.790674 0.000000 0.000000
0.000000 0.000000 4974.344532 4972.394497 4971.373196 4967.531629 4959.914868 4955.900558 4957.708817 4956.865054 4956.710985 4956.704323 4955.224777 4952.878691 4959.343367 4965.452255 4967.726167 4968.506863 4969.903243 0.000000 0.000000
0.000000 0.000000 5733.229311 5731.070311 5728.277541 5726.035666 5724.566222 5715.051698 5715.653758 5713.146427 5713.249415 5714.012389 5712.407222 5711.398801 5715.403678 5717.841729 5722.143162 5724.055009 5727.143265 0.000000 0.000000
0.000000 0.000000 6522.468682 6520.766836 6517.678122 6510.897401 6506.810284 6499.724537 6499.061800 6498.602053 6498.522196 6497.641856 6496.749350 6495.948231 6504.248294 6509.926549 6513.111270 6514.033564 6530.882682 0.000000 0.000000
0.000000 0.000000 7312.605315 7310.210661 7306.839852 7303.900736 7297.663855 7280.218632 7280.793167 7279.109403 7278.824244 7279.272635 7277.199398 7276.938798 7291.223141 7298.998879 7301.901324 7303.283922 7305.670889 0.000000 0.000000
0.000000 0.000000 8154.514032 8151.246226 8147.622726 8143.525868 8126.273888 8134.242439 8129.125441 8128.126866 8128.321574 8128.375352 8126.704934 8125.827040 8119.981108 8137.338257 8140.834109 8145.797719 8145.825134 0.000000 0.000000
0.000000 0.000000 9051.995274 9046.417792 9040.813681 9029.068387 9026.811195 9011.993376 9004.675051 9003.075081 8998.740536 8997.990126 8998.490899 8995.436943 9005.225315 9013.261689 9033.316791 9029.072414 9030.505381 0.000000 0.000000
0.000000 0.000000 9943.622042 9942.605672 9921.884269 9924.271448 9924.664811 9924.318073 9927.104562 9927.052708 9929.548673 9929.326362 9925.656867 9929.618475 9926.634426 9925.471753 9915.035091 9937.003557 9941.516385 0.000000 0.000000
0.000000 0.000000 10953.021836 10930.353209 10920.730319 10912.912603 10899.636687 10894.211286 10892.967381 10892.240730 10888.459728 10888.589477 10888.051662 10884.725207 10888.486331 10904.369801 10917.095995 10917.981180 10940.586609 0.000000 0.000000
0.000000 0.000000 11705.785766 11707.435333 11725.797835 11716.065229 11710.615468 11689.273079 11688.170112 11685.477604 11686.766044 11686.308516 11684.177207 11684.417621 11704.429692 11712.990806 11724.324246 11700.328266 11703.193148 0.000000 0.000000
0.000000 0.000000 0.000000 0.000000 0.000000 0.000000 0.000000 0.000000 0.000000 0.000000 0.000000 0.000000 0.000000 0.000000 0.000000 0.000000 0.000000 0.000000 0.000000 0.000000 0.000000
0.000000 0.000000 0.000000 0.000000 0.000000 0.000000 0.000000 0.000000 0.000000 0.000000 0.000000 0.000000 0.000000 0.000000 0.000000 0.000000 0.000000 0.000000 0.000000 0.000000 0.000000