geotop/1.0zi/1.0Montebello/Templates/testdem/maps/_Erotot5074.asc
ncols         21
nrows         20
xllcorner     100.000000
yllcorner     100.000000
cellsize      50.000000
NODATA_value  -9999.0
0.000000 0.000000 0.000000 0.000000 0.000000 0.000000 0.000000 0.000000 0.000000 0.000000 0.000000 0.000000 0.000000 0.000000 0.000000 0.000000 0.000000 0.000000 0.000000 0.000000 0.000000
0.000000 0.000000 374.511210 373.608282 373.320565 373.124313 373.093435 373.182999 373.141169 373.302002 373.255408 373.128238 373.196911 373.237479 373.164250 373.213740 373.403441 373.372377 373.922783 0.000000 0.000000
0.000000 0.000000 28.929466 29.883214 30.275827 31.341978 30.892681 30.871893 30.690680 30.475228 30.556990 30.889978 30.570190 30.400056 30.954963 30.589976 29.754373 29.060712 28.401598 0.000000 0.000000
0.000000 0.000000 152.234064 153.585166 146.362910 144.370449 145.546064 140.866692 140.055884 140.167185 138.757009 137.637735 138.753676 137.293115 139.894115 144.676524 144.200561 147.636505 150.377451 0.000000 0.000000
0.000000 0.000000 1517.309844 1521.287427 1526.670295 1508.939487 1497.825069 1489.484272 1492.059652 1486.585196 1490.436761 1494.538720 1494.890306 1495.254650 1504.595859 1503.776177 1510.344398 1515.743603 1517.540532 0.000000 0.000000
0.000000 0.000000 2801.622658 2796.080618 2792.181001 2789.063389 2782.579519 2779.302951 2776.678623 2778.529776 2777.928300 2775.229144 2771.637333 2773.487240 2773.460044 2786.600593 2790.559537 2790.864474 2793.741197 0.000000 0.000000
0.000000 0.000000 3645.350943 3642.654718 3638.347112 3635.031478 3622.854422 3606.142711 3606.960525 3603.797060 3606.474641 3606.101921 3608.989695 3611.557398 3626.814373 3635.693495 3641.768152 3645.576624 3650.940819 0.000000 0.000000
0.000000 0.000000 4225.209878 4224.436729 4225.067341 4219.793909 4218.986553 4213.525803 4214.216839 4214.529263 4211.903442 4212.522304 4211.697206 4210.758305 4213.792339 4217.677047 4220.512064 4220.677592 4221.059324 0.000000 0.000000
0.000000 0.000000 4949.298869 4949.336038 4946.929035 4943.667345 4938.536345 4930.002292 4930.103373 4928.493174 4928.569559 4929.344018 4928.689623 4929.583824 4935.171578 4942.999592 4943.432571 4945.350597 4949.423437 0.000000 0.000000
0.000000 0.000000 5800.652121 5799.589965 5800.022425 5798.876186 5789.579596 5782.946143 5784.569036 5783.604578 5783.599581 5783.317151 5782.792512 5781.496783 5790.971269 5796.429098 5795.777554 5798.031118 5798.981578 0.000000 0.000000
0.000000 0.000000 6711.157901 6709.630807 6709.063240 6700.753139 6697.728065 6687.260726 6687.375047 6685.141088 6684.841351 6685.929952 6685.088644 6685.527713 6689.922650 6694.133347 6702.950103 6704.674483 6708.456987 0.000000 0.000000
0.000000 0.000000 7654.952937 7654.150736 7652.430778 7648.140541 7642.516864 7633.305273 7632.137738 7631.856821 7631.694802 7630.700866 7630.678272 7631.153486 7641.270840 7647.251821 7647.532834 7649.310831 7667.044626 0.000000 0.000000
0.000000 0.000000 8605.347765 8603.625683 8600.875560 8597.361698 8589.004566 8567.268860 8567.629346 8565.931563 8565.541580 8566.093414 8564.856983 8565.658297 8584.100310 8592.416406 8596.923918 8598.680355 8601.602822 0.000000 0.000000
0.000000 0.000000 9635.173522 9632.130656 9630.291349 9625.790038 9604.497532 9612.354757 9605.972552 9605.202344 9605.332338 9605.519409 9604.665055 9605.013589 9598.198845 9619.171907 9623.099986 9629.184048 9629.504610 0.000000 0.000000
0.000000 0.000000 10731.532450 10727.138671 10722.196542 10706.600546 10703.248638 10686.650507 10677.996922 10676.367280 10671.453102 10671.014570 10672.666323 10670.734964 10682.412573 10690.037137 10714.930853 10710.498110 10712.165859 0.000000 0.000000
0.000000 0.000000 11837.434388 11837.180663 11813.108775 11811.641549 11811.028240 11808.401657 11811.571060 11811.908979 11814.778479 11814.415079 11811.233572 11817.927832 11816.696312 11815.720282 11806.230377 11835.369472 11840.879178 0.000000 0.000000
0.000000 0.000000 13086.770101 13057.401445 13047.442630 13041.508340 13022.991385 13014.769204 13012.707848 13011.940922 13007.257986 13007.472174 13008.521081 13005.407240 13012.023766 13031.584120 13045.006203 13045.480384 13076.028097 0.000000 0.000000
0.000000 0.000000 13997.213498 14003.172003 14032.058866 14021.617308 14014.549199 13986.131583 13984.094439 13981.177311 13983.221591 13982.765218 13981.250600 13983.946779 14010.587401 14019.465636 14030.724289 13999.693798 14000.692985 0.000000 0.000000
0.000000 0.000000 0.000000 0.000000 0.000000 0.000000 0.000000 0.000000 0.000000 0.000000 0.000000 0.000000 0.000000 0.000000 0.000000 0.000000 0.000000 0.000000 0.000000 0.000000 0.000000
0.000000 0.000000 0.000000 0.000000 0.000000 0.000000 0.000000 0.000000 0.000000 0.000000 0.000000 0.000000 0.000000 0.000000 0.000000 0.000000 0.000000 0.000000 0.000000 0.000000 0.000000