geotop/1.0zi/1.0Montebello/Templates/testdem/maps/_Erotot1399.asc
ncols         21
nrows         20
xllcorner     100.000000
yllcorner     100.000000
cellsize      50.000000
NODATA_value  -9999.0
0.000000 0.000000 0.000000 0.000000 0.000000 0.000000 0.000000 0.000000 0.000000 0.000000 0.000000 0.000000 0.000000 0.000000 0.000000 0.000000 0.000000 0.000000 0.000000 0.000000 0.000000
0.000000 0.000000 160.929421 160.930841 160.965758 160.941293 160.922225 160.930872 160.932475 160.927183 160.927871 160.927183 160.932475 160.930872 160.922225 160.941293 160.965758 160.930841 160.929421 0.000000 0.000000
0.000000 0.000000 9.913805 9.693971 7.917880 9.775788 9.957206 9.940992 9.950883 9.958649 9.956642 9.958649 9.950883 9.940992 9.957206 9.775788 7.917880 9.693971 9.913805 0.000000 0.000000
0.000000 0.000000 1124.934912 1124.714095 1124.682080 1122.691594 1125.027458 1124.603651 1124.549375 1125.150336 1125.102936 1125.150336 1124.549375 1124.603651 1125.027458 1122.691594 1124.682080 1124.714095 1124.934912 0.000000 0.000000
0.000000 0.000000 2060.561554 2060.335532 2059.580402 2060.278771 2060.727067 2060.537667 2060.491690 2060.646473 2060.602761 2060.646473 2060.491690 2060.537667 2060.727067 2060.278771 2059.580402 2060.335532 2060.561554 0.000000 0.000000
0.000000 0.000000 2702.538137 2702.358601 2701.591176 2701.787864 2702.696294 2702.448706 2702.419629 2702.661671 2702.638452 2702.661671 2702.419629 2702.448706 2702.696294 2701.787864 2701.591176 2702.358601 2702.538137 0.000000 0.000000
0.000000 0.000000 3526.449618 3526.305806 3525.613469 3525.807557 3526.586765 3526.377676 3526.357114 3526.559136 3526.539312 3526.559136 3526.357114 3526.377676 3526.586765 3525.807557 3525.613469 3526.305806 3526.449618 0.000000 0.000000
0.000000 0.000000 4310.919658 4310.795273 4310.155324 4310.347550 4311.037099 4310.855902 4310.839846 4311.018728 4311.001909 4311.018728 4310.839846 4310.855902 4311.037099 4310.347550 4310.155324 4310.795273 4310.919658 0.000000 0.000000
0.000000 0.000000 5053.834781 5053.720950 5053.113188 5053.299638 5053.942207 5053.774773 5053.761376 5053.928024 5053.911742 5053.928024 5053.761376 5053.774773 5053.942207 5053.299638 5053.113188 5053.720950 5053.834781 0.000000 0.000000
0.000000 0.000000 5764.195255 5764.108717 5763.514387 5763.737314 5764.291783 5764.142831 5764.136504 5764.284906 5764.268470 5764.284906 5764.136504 5764.142831 5764.291783 5763.737314 5763.514387 5764.108717 5764.195255 0.000000 0.000000
0.000000 0.000000 6446.836670 6446.740758 6446.165769 6446.361698 6446.933361 6446.782229 6446.772975 6446.922990 6446.905522 6446.922990 6446.772975 6446.782229 6446.933361 6446.361698 6446.165769 6446.740758 6446.836670 0.000000 0.000000
0.000000 0.000000 7107.753956 7107.655496 7107.095618 7107.281521 7107.845119 7107.698014 7107.689560 7107.837451 7107.821128 7107.837451 7107.689560 7107.698014 7107.845119 7107.281521 7107.095618 7107.655496 7107.753956 0.000000 0.000000
0.000000 0.000000 7752.463120 7752.367179 7751.815373 7752.002031 7752.551579 7752.406754 7752.399071 7752.544286 7752.527434 7752.544286 7752.399071 7752.406754 7752.551579 7752.002031 7751.815373 7752.367179 7752.463120 0.000000 0.000000
0.000000 0.000000 8381.084011 8380.994759 8380.449078 8380.655394 8381.169929 8381.029630 8381.024545 8381.164759 8381.147327 8381.164759 8381.024545 8381.029630 8381.169929 8380.655394 8380.449078 8380.994759 8381.084011 0.000000 0.000000
0.000000 0.000000 8996.996994 8996.905312 8996.362094 8996.557426 8997.082512 8996.941347 8996.935350 8997.077247 8997.059191 8997.077247 8996.935350 8996.941347 8997.082512 8996.557426 8996.362094 8996.905312 8996.996994 0.000000 0.000000
0.000000 0.000000 9602.099686 9602.008986 9601.479514 9601.667182 9602.183910 9602.045968 9602.039930 9602.178484 9602.160651 9602.178484 9602.039930 9602.045968 9602.183910 9601.667182 9601.479514 9602.008986 9602.099683 0.000000 0.000000
0.000000 0.000000 10193.877478 10193.787693 10193.258986 10193.449916 10193.964324 10193.824488 10193.818535 10193.956370 10193.937450 10193.956370 10193.818535 10193.824488 10193.964324 10193.449916 10193.258986 10193.787674 10193.877154 0.000000 0.000000
0.000000 0.000000 10804.113407 10804.310537 10803.784467 10803.966562 10804.483784 10804.342566 10804.336753 10804.476966 10804.457822 10804.476966 10804.336753 10804.342566 10804.483784 10803.966562 10803.784450 10804.307483 10804.397590 0.000000 0.000000
0.000000 0.000000 0.000000 0.000000 0.000000 0.000000 0.000000 0.000000 0.000000 0.000000 0.000000 0.000000 0.000000 0.000000 0.000000 0.000000 0.000000 0.000000 0.000000 0.000000 0.000000
0.000000 0.000000 0.000000 0.000000 0.000000 0.000000 0.000000 0.000000 0.000000 0.000000 0.000000 0.000000 0.000000 0.000000 0.000000 0.000000 0.000000 0.000000 0.000000 0.000000 0.000000