geotop/1.0zi/1.0Montebello/Templates/testdem/maps/_Erotot7977.asc
ncols         21
nrows         20
xllcorner     100.000000
yllcorner     100.000000
cellsize      50.000000
NODATA_value  -9999.0
0.000000 0.000000 0.000000 0.000000 0.000000 0.000000 0.000000 0.000000 0.000000 0.000000 0.000000 0.000000 0.000000 0.000000 0.000000 0.000000 0.000000 0.000000 0.000000 0.000000 0.000000
0.000000 0.000000 665.512648 666.325014 665.790961 665.911327 664.915819 665.088805 665.076028 665.139424 665.571603 664.897012 664.775389 664.827671 665.188148 665.327766 666.148090 666.679742 666.880377 0.000000 0.000000
0.000000 0.000000 51.462708 50.485739 50.409291 50.798652 51.433970 51.116451 50.820637 50.683645 50.915142 51.275596 51.294717 51.445128 51.195511 50.683722 49.406510 48.551149 49.069215 0.000000 0.000000
0.000000 0.000000 354.633145 355.752604 343.690779 338.133485 338.678263 327.363332 327.486429 328.300671 324.640742 322.871182 325.018133 325.159391 335.422828 342.478421 347.100862 350.019793 354.895160 0.000000 0.000000
0.000000 0.000000 3208.492825 3209.778222 3212.291497 3188.811821 3169.237175 3158.525461 3157.732115 3153.071383 3159.916817 3164.956342 3160.463509 3159.044361 3174.102456 3177.595454 3188.350193 3197.129780 3196.981812 0.000000 0.000000
0.000000 0.000000 5122.991300 5117.775263 5114.278892 5108.194575 5093.027792 5082.955339 5083.840098 5082.763048 5079.453745 5073.764023 5072.790701 5075.990287 5075.475854 5095.614741 5103.537340 5110.328772 5113.489610 0.000000 0.000000
0.000000 0.000000 6421.454564 6418.258783 6413.725996 6406.649818 6392.806803 6370.763126 6369.690152 6365.906336 6367.325542 6371.023731 6372.530397 6373.021639 6400.963772 6411.036999 6416.661343 6419.460926 6424.717553 0.000000 0.000000
0.000000 0.000000 7545.046997 7545.116521 7542.079377 7531.876855 7529.267835 7519.747922 7519.924596 7519.747064 7518.773637 7514.791176 7514.108325 7520.340327 7522.298448 7527.284154 7539.887082 7538.448443 7543.492992 0.000000 0.000000
0.000000 0.000000 9020.039882 9015.294428 9008.888641 9008.213063 8996.963369 8981.425488 8982.680073 8978.097400 8976.042753 8975.747031 8978.230358 8972.434995 8991.294439 9005.343345 9007.334676 9011.064031 9012.491674 0.000000 0.000000
0.000000 0.000000 10708.815954 10705.131610 10705.261255 10700.581351 10679.950605 10669.997859 10669.562373 10669.320280 10665.869302 10669.312845 10672.463341 10671.744121 10678.803809 10693.427988 10701.261444 10703.258291 10704.416020 0.000000 0.000000
0.000000 0.000000 12559.535918 12558.480784 12555.419607 12534.588028 12528.533740 12512.385360 12518.160683 12504.705664 12508.867620 12507.021053 12500.027792 12510.086534 12519.776083 12522.840041 12535.667399 12542.792959 12553.625024 0.000000 0.000000
0.000000 0.000000 14565.477224 14557.148927 14548.792010 14544.893203 14534.229241 14513.793138 14510.021892 14510.742112 14518.134772 14506.900497 14511.161656 14510.965316 14533.968615 14542.885594 14545.990600 14550.036526 14573.622010 0.000000 0.000000
0.000000 0.000000 16652.472035 16647.313681 16647.561346 16632.992344 16625.661052 16575.541767 16573.815515 16572.809929 16551.034151 16563.657924 16567.985182 16572.857233 16607.883317 16615.407547 16639.264779 16638.923053 16646.515601 0.000000 0.000000
0.000000 0.000000 19048.894232 19051.133944 19037.034935 19031.789868 18971.455146 18992.542703 18976.360053 18977.644428 18984.554312 18979.390415 18977.114608 18972.087316 18950.181135 19015.298992 19021.982300 19042.653081 19052.554714 0.000000 0.000000
0.000000 0.000000 21738.937955 21730.024061 21720.548860 21653.154868 21668.553903 21634.660943 21614.968827 21611.573635 21599.227502 21588.366855 21594.985713 21593.720421 21631.559977 21619.355454 21715.531929 21696.123553 21693.467527 0.000000 0.000000
0.000000 0.000000 24544.316685 24540.743626 24443.878061 24474.379789 24474.461563 24465.280418 24509.401130 24494.145230 24514.813217 24506.410515 24490.959718 24516.076279 24516.631412 24518.386859 24434.580493 24576.792480 24568.285373 0.000000 0.000000
0.000000 0.000000 27892.592280 27751.333330 27789.460262 27741.074943 27667.029851 27651.274781 27610.802487 27622.632907 27577.828884 27582.369180 27605.869235 27585.628521 27619.877364 27666.759718 27786.206385 27701.508140 27851.646399 0.000000 0.000000
0.000000 0.000000 29150.030723 29287.839479 29416.567052 29418.734347 29423.469995 29310.687529 29329.303154 29291.880273 29348.961337 29338.424295 29334.315369 29346.581932 29439.583191 29437.400534 29440.177199 29334.937421 29198.295560 0.000000 0.000000
0.000000 0.000000 0.000000 0.000000 0.000000 0.000000 0.000000 0.000000 0.000000 0.000000 0.000000 0.000000 0.000000 0.000000 0.000000 0.000000 0.000000 0.000000 0.000000 0.000000 0.000000
0.000000 0.000000 0.000000 0.000000 0.000000 0.000000 0.000000 0.000000 0.000000 0.000000 0.000000 0.000000 0.000000 0.000000 0.000000 0.000000 0.000000 0.000000 0.000000 0.000000 0.000000