geotop/1.0zi/1.0Montebello/Templates/testdem/maps/_Erotot8886.asc
ncols         21
nrows         20
xllcorner     100.000000
yllcorner     100.000000
cellsize      50.000000
NODATA_value  -9999.0
0.000000 0.000000 0.000000 0.000000 0.000000 0.000000 0.000000 0.000000 0.000000 0.000000 0.000000 0.000000 0.000000 0.000000 0.000000 0.000000 0.000000 0.000000 0.000000 0.000000 0.000000
0.000000 0.000000 702.672216 703.313987 702.749913 702.841257 701.829028 701.959791 702.042253 702.116352 702.497537 701.863493 701.753086 701.791062 702.191288 702.313575 703.131968 703.717374 703.871746 0.000000 0.000000
0.000000 0.000000 54.634953 53.673694 53.971940 53.900963 54.556167 54.190939 53.816910 53.680237 53.880829 54.209837 54.267048 54.382988 54.190406 53.748051 52.473968 51.621893 52.231719 0.000000 0.000000
0.000000 0.000000 429.625117 430.917432 417.995817 411.574194 410.993303 405.293209 410.271822 412.128201 408.317148 406.643682 410.095860 409.806549 418.124715 426.395171 430.236569 424.873581 431.837637 0.000000 0.000000
0.000000 0.000000 3858.118871 3854.648023 3855.166924 3822.562497 3799.244244 3786.969396 3781.408982 3774.063947 3783.060850 3789.929676 3788.449655 3783.694369 3803.049986 3807.350532 3822.951172 3834.389094 3834.130527 0.000000 0.000000
0.000000 0.000000 5918.380701 5913.031477 5907.605928 5909.362659 5887.447022 5875.078301 5878.671547 5878.492712 5874.205627 5868.132938 5866.401262 5870.507630 5870.534126 5895.273080 5896.542264 5902.590536 5904.987362 0.000000 0.000000
0.000000 0.000000 7332.570967 7327.432179 7324.469759 7313.726582 7305.059505 7272.584274 7272.958355 7270.377617 7270.136707 7274.444993 7275.009423 7276.018108 7308.542759 7314.316547 7322.628748 7325.087859 7329.997854 0.000000 0.000000
0.000000 0.000000 8702.744313 8700.704811 8697.124722 8685.222123 8679.560108 8676.030076 8676.896346 8674.941713 8675.286344 8671.112488 8669.936878 8677.389973 8675.583769 8684.069987 8698.193129 8694.312400 8700.289429 0.000000 0.000000
0.000000 0.000000 10473.971386 10469.738239 10463.325007 10460.962107 10446.106244 10427.559288 10430.501147 10426.400405 10423.504893 10423.068709 10425.872132 10419.768891 10443.517609 10457.280473 10458.658993 10460.779940 10464.114762 0.000000 0.000000
0.000000 0.000000 12524.317922 12517.759296 12517.474491 12511.254732 12488.218795 12477.584070 12477.166982 12475.868890 12472.149232 12476.512235 12479.520804 12479.277658 12486.294983 12504.756292 12512.225773 12514.611181 12513.617145 0.000000 0.000000
0.000000 0.000000 14791.048633 14789.619796 14787.481863 14759.993032 14754.048795 14733.892462 14742.218623 14725.214671 14731.319662 14727.585859 14720.105520 14730.955908 14744.982453 14748.301993 14763.187939 14766.774454 14781.354883 0.000000 0.000000
0.000000 0.000000 17292.713685 17284.185396 17270.727550 17268.169146 17252.442312 17230.043621 17228.510951 17231.402415 17237.677481 17225.002706 17231.971573 17230.150655 17255.813225 17267.977066 17268.336737 17272.226382 17296.862830 0.000000 0.000000
0.000000 0.000000 19936.546674 19927.742085 19932.131328 19909.434614 19900.576535 19835.859712 19833.582916 19832.548400 19804.137222 19822.556416 19824.957022 19832.110060 19879.893557 19888.295346 19917.661515 19914.936552 19921.747837 0.000000 0.000000
0.000000 0.000000 23052.761652 23055.392811 23035.706527 23028.738149 22943.653942 22981.395543 22962.133368 22963.493372 22976.471328 22965.252093 22964.204638 22953.746191 22917.597532 23013.252093 23015.834476 23039.702660 23052.254476 0.000000 0.000000
0.000000 0.000000 26543.935619 26530.684281 26516.352551 26418.071277 26456.621467 26403.157348 26381.403175 26376.998181 26356.174254 26344.551706 26354.495049 26355.225704 26410.446286 26373.585147 26513.776972 26476.991612 26470.433231 0.000000 0.000000
0.000000 0.000000 30030.002137 30024.767336 29889.899437 29954.380750 29943.088820 29943.394383 30011.734654 29990.540881 30023.869104 30015.417788 29991.027454 30025.634398 30015.141503 30028.371343 29875.052136 30083.366387 30073.522064 0.000000 0.000000
0.000000 0.000000 33848.697858 33675.050229 33753.027950 33679.222018 33590.011636 33569.036810 33506.445155 33524.796210 33463.232367 33471.627608 33506.270889 33472.048052 33518.631433 33574.739930 33748.905896 33597.609037 33780.644865 0.000000 0.000000
0.000000 0.000000 34734.908268 34906.188741 35035.689319 35041.892099 35057.618533 34941.420223 34969.909124 34929.042282 34997.219873 34985.092089 34976.286068 34993.687479 35084.923475 35076.286126 35058.712803 34960.290847 34790.765362 0.000000 0.000000
0.000000 0.000000 0.000000 0.000000 0.000000 0.000000 0.000000 0.000000 0.000000 0.000000 0.000000 0.000000 0.000000 0.000000 0.000000 0.000000 0.000000 0.000000 0.000000 0.000000 0.000000
0.000000 0.000000 0.000000 0.000000 0.000000 0.000000 0.000000 0.000000 0.000000 0.000000 0.000000 0.000000 0.000000 0.000000 0.000000 0.000000 0.000000 0.000000 0.000000 0.000000 0.000000