geotop/1.0zi/1.0Montebello/Templates/testdem/maps/_Erotot5680.asc
ncols         21
nrows         20
xllcorner     100.000000
yllcorner     100.000000
cellsize      50.000000
NODATA_value  -9999.0
0.000000 0.000000 0.000000 0.000000 0.000000 0.000000 0.000000 0.000000 0.000000 0.000000 0.000000 0.000000 0.000000 0.000000 0.000000 0.000000 0.000000 0.000000 0.000000 0.000000 0.000000
0.000000 0.000000 436.757137 435.960793 435.783552 435.575757 435.540740 435.646428 435.596307 435.770483 435.677432 435.474834 435.414516 435.493762 435.599073 435.500225 435.693095 435.886116 436.300712 0.000000 0.000000
0.000000 0.000000 32.972785 33.636007 33.925201 35.093551 34.839535 34.600021 34.422287 34.199011 34.409765 34.762514 34.578661 34.336083 34.789994 34.555935 33.727803 32.893094 32.296357 0.000000 0.000000
0.000000 0.000000 184.703165 186.042110 178.420772 175.644437 177.027830 171.973509 171.589388 171.140185 170.421172 168.043297 170.614307 168.753170 172.118759 177.709883 177.378686 180.615089 183.901397 0.000000 0.000000
0.000000 0.000000 1780.581495 1785.456399 1791.475519 1773.267140 1758.265207 1747.502497 1750.116336 1747.556360 1751.258173 1755.503275 1751.909901 1749.822816 1759.811576 1759.038083 1766.275000 1773.343362 1774.590012 0.000000 0.000000
0.000000 0.000000 3174.783337 3168.725804 3166.067724 3161.759489 3153.965558 3146.658990 3145.162688 3145.042724 3144.106156 3142.056132 3139.338261 3141.374239 3140.791349 3156.112093 3161.043156 3164.292254 3166.738507 0.000000 0.000000
0.000000 0.000000 4177.426294 4174.913901 4171.923136 4167.569206 4154.739963 4138.594472 4138.724090 4135.334110 4137.064766 4139.838684 4141.743186 4142.754722 4162.225694 4171.395730 4176.155363 4177.818303 4183.004668 0.000000 0.000000
0.000000 0.000000 4817.035639 4818.452281 4817.701777 4811.499135 4811.077470 4804.171362 4804.790981 4805.204919 4804.027955 4801.664981 4801.312481 4804.733605 4804.466140 4806.662957 4814.847736 4813.102136 4816.108837 0.000000 0.000000
0.000000 0.000000 5664.429971 5661.830773 5657.965302 5659.079116 5652.626773 5642.383060 5642.936551 5640.367516 5637.988894 5639.230848 5640.341428 5635.033656 5647.750265 5655.390366 5657.379369 5658.191464 5659.602179 0.000000 0.000000
0.000000 0.000000 6646.520136 6644.227370 6646.577118 6646.089043 6631.586447 6624.786446 6626.290042 6625.441706 6623.480776 6626.622901 6629.471482 6627.714227 6630.519132 6640.377248 6644.076723 6644.256558 6644.933248 0.000000 0.000000
0.000000 0.000000 7704.733344 7704.999499 7705.338474 7691.402309 7688.953394 7678.530268 7682.147436 7673.221797 7675.695500 7674.826017 7670.081358 7677.137335 7681.067416 7682.078456 7688.537036 7694.330405 7701.493840 0.000000 0.000000
0.000000 0.000000 8808.664319 8804.238476 8799.650548 8798.091275 8794.365316 8779.952662 8779.124333 8778.268863 8784.926659 8778.031840 8779.927244 8779.283883 8794.102559 8796.923085 8798.231735 8798.724690 8817.782178 0.000000 0.000000
0.000000 0.000000 9924.030135 9922.207319 9923.402232 9916.212513 9912.352163 9886.942429 9885.851519 9885.580815 9871.574435 9880.421164 9884.196453 9885.936750 9900.858695 9904.334106 9917.909330 9917.264869 9924.062336 0.000000 0.000000
0.000000 0.000000 11144.999667 11146.461977 11139.997028 11139.096102 11113.244435 11121.183008 11111.090588 11112.538018 11113.742696 11113.434874 11111.875066 11108.381483 11098.419763 11126.118825 11131.330000 11141.646076 11148.497422 0.000000 0.000000
0.000000 0.000000 12458.729065 12453.869339 12451.302599 12429.293014 12428.680132 12413.924536 12401.502767 12400.086542 12395.412652 12389.466488 12392.388617 12390.437313 12404.348939 12407.949807 12446.537234 12438.077554 12438.211392 0.000000 0.000000
0.000000 0.000000 13802.976286 13802.451695 13769.592622 13768.540055 13773.431813 13765.915600 13782.253499 13774.931760 13780.551551 13776.235126 13771.237283 13779.030917 13782.439333 13781.821996 13762.971691 13810.463237 13803.597663 0.000000 0.000000
0.000000 0.000000 15324.871389 15285.509031 15283.330256 15274.669656 15251.004867 15244.710978 15237.258476 15240.347720 15227.500115 15227.832527 15232.262519 15232.227570 15242.824484 15252.416905 15281.378861 15276.605143 15321.326517 0.000000 0.000000
0.000000 0.000000 16401.335076 16411.555736 16453.253453 16446.783219 16432.731984 16398.447402 16399.577846 16386.400621 16397.209167 16395.449961 16401.061982 16395.980889 16425.580690 16437.059191 16459.568863 16416.874446 16406.379224 0.000000 0.000000
0.000000 0.000000 0.000000 0.000000 0.000000 0.000000 0.000000 0.000000 0.000000 0.000000 0.000000 0.000000 0.000000 0.000000 0.000000 0.000000 0.000000 0.000000 0.000000 0.000000 0.000000
0.000000 0.000000 0.000000 0.000000 0.000000 0.000000 0.000000 0.000000 0.000000 0.000000 0.000000 0.000000 0.000000 0.000000 0.000000 0.000000 0.000000 0.000000 0.000000 0.000000 0.000000