geotop/1.0zi/1.0Montebello/Templates/testdem/maps/_Erotot0715.asc
ncols         21
nrows         20
xllcorner     100.000000
yllcorner     100.000000
cellsize      50.000000
NODATA_value  -9999.0
0.000000 0.000000 0.000000 0.000000 0.000000 0.000000 0.000000 0.000000 0.000000 0.000000 0.000000 0.000000 0.000000 0.000000 0.000000 0.000000 0.000000 0.000000 0.000000 0.000000 0.000000
0.000000 0.000000 58.806104 58.807054 58.840590 58.811657 58.805264 58.807022 58.807789 58.805401 58.805606 58.805401 58.807789 58.807022 58.805264 58.811657 58.840590 58.807054 58.806104 0.000000 0.000000
0.000000 0.000000 6.442662 6.225605 4.453206 6.318803 6.484926 6.469870 6.486052 6.490318 6.489875 6.490318 6.486052 6.469870 6.484926 6.318803 4.453206 6.225605 6.442662 0.000000 0.000000
0.000000 0.000000 653.937326 653.507501 653.793718 651.494760 653.961626 653.801605 653.628541 653.905753 653.840681 653.905753 653.628541 653.801605 653.961626 651.494760 653.793718 653.507501 653.937326 0.000000 0.000000
0.000000 0.000000 1069.796842 1069.535039 1068.842706 1069.479423 1069.857408 1069.778069 1069.713395 1069.833158 1069.824729 1069.833158 1069.713395 1069.778069 1069.857408 1069.479423 1068.842706 1069.535039 1069.796842 0.000000 0.000000
0.000000 0.000000 1441.607370 1441.342316 1440.713753 1440.763548 1441.649424 1441.574454 1441.507927 1441.630134 1441.609481 1441.630134 1441.507927 1441.574454 1441.649424 1440.763548 1440.713753 1441.342316 1441.607370 0.000000 0.000000
0.000000 0.000000 1883.589351 1883.376458 1882.807450 1882.872898 1883.618306 1883.566090 1883.513116 1883.608042 1883.590220 1883.608042 1883.513116 1883.566090 1883.618306 1882.872898 1882.807450 1883.376458 1883.589351 0.000000 0.000000
0.000000 0.000000 2304.912281 2304.725609 2304.195032 2304.271322 2304.933840 2304.893930 2304.848159 2304.928352 2304.912366 2304.928352 2304.848159 2304.893930 2304.933840 2304.271322 2304.195032 2304.725609 2304.912281 0.000000 0.000000
0.000000 0.000000 2706.059652 2705.886070 2705.379786 2705.456468 2706.077056 2706.043204 2706.001027 2706.073647 2706.058388 2706.073647 2706.001027 2706.043204 2706.077056 2705.456468 2705.379786 2705.886070 2706.059652 0.000000 0.000000
0.000000 0.000000 3091.284592 3091.140125 3090.641480 3090.759573 3091.295645 3091.275224 3091.240736 3091.297873 3091.282999 3091.297873 3091.240736 3091.275224 3091.295645 3090.759573 3090.641480 3091.140125 3091.284592 0.000000 0.000000
0.000000 0.000000 3463.305474 3463.150676 3462.667716 3462.761044 3463.318616 3463.293202 3463.256226 3463.316518 3463.301040 3463.316518 3463.256226 3463.293202 3463.318616 3462.761044 3462.667716 3463.150676 3463.305474 0.000000 0.000000
0.000000 0.000000 3825.348133 3825.189935 3824.718105 3824.802737 3825.358507 3825.333759 3825.297469 3825.357348 3825.343128 3825.357348 3825.297469 3825.333759 3825.358507 3824.802737 3824.718105 3825.189935 3825.348133 0.000000 0.000000
0.000000 0.000000 4179.341764 4179.184997 4178.718136 4178.804925 4179.350995 4179.326323 4179.290731 4179.349030 4179.334771 4179.349030 4179.290731 4179.326323 4179.350995 4178.804925 4178.718136 4179.184997 4179.341764 0.000000 0.000000
0.000000 0.000000 4527.797222 4527.646214 4527.183229 4527.291959 4527.805023 4527.784180 4527.751049 4527.804330 4527.789939 4527.804330 4527.751049 4527.784180 4527.805023 4527.291959 4527.183229 4527.646214 4527.797222 0.000000 0.000000
0.000000 0.000000 4871.353324 4871.198371 4870.735029 4870.832875 4871.361041 4871.338913 4871.304854 4871.360011 4871.345005 4871.360011 4871.304854 4871.338913 4871.361041 4870.832875 4870.735029 4871.198371 4871.353324 0.000000 0.000000
0.000000 0.000000 5210.933998 5210.781470 5210.328440 5210.421319 5210.942413 5210.921307 5210.887680 5210.941345 5210.925715 5210.941345 5210.887680 5210.921307 5210.942413 5210.421319 5210.328440 5210.781470 5210.933995 0.000000 0.000000
0.000000 0.000000 5544.982689 5544.827315 5544.371526 5544.465841 5544.991213 5544.967759 5544.933649 5544.988543 5544.972506 5544.988543 5544.933649 5544.967759 5544.991213 5544.465841 5544.371526 5544.827301 5544.982353 0.000000 0.000000
0.000000 0.000000 5890.796754 5890.801404 5890.347858 5890.431662 5890.966277 5890.941683 5890.907029 5890.963345 5890.947097 5890.963345 5890.907029 5890.941683 5890.966277 5890.431661 5890.347844 5890.799308 5890.957489 0.000000 0.000000
0.000000 0.000000 0.000000 0.000000 0.000000 0.000000 0.000000 0.000000 0.000000 0.000000 0.000000 0.000000 0.000000 0.000000 0.000000 0.000000 0.000000 0.000000 0.000000 0.000000 0.000000
0.000000 0.000000 0.000000 0.000000 0.000000 0.000000 0.000000 0.000000 0.000000 0.000000 0.000000 0.000000 0.000000 0.000000 0.000000 0.000000 0.000000 0.000000 0.000000 0.000000 0.000000