geotop/1.0zi/1.0Montebello/Templates/testdem/maps/_Erotot7926.asc
ncols         21
nrows         20
xllcorner     100.000000
yllcorner     100.000000
cellsize      50.000000
NODATA_value  -9999.0
0.000000 0.000000 0.000000 0.000000 0.000000 0.000000 0.000000 0.000000 0.000000 0.000000 0.000000 0.000000 0.000000 0.000000 0.000000 0.000000 0.000000 0.000000 0.000000 0.000000 0.000000
0.000000 0.000000 663.050342 663.862994 663.328793 663.449878 662.454678 662.627989 662.615211 662.678610 663.110789 662.436196 662.314574 662.366855 662.727006 662.866318 663.685923 664.217724 664.418071 0.000000 0.000000
0.000000 0.000000 51.251696 50.274249 50.197805 50.586903 51.222561 50.904781 50.608969 50.471976 50.703472 51.063928 51.083049 51.233464 50.984101 50.471974 49.195025 48.339678 48.858208 0.000000 0.000000
0.000000 0.000000 354.470429 355.588987 343.529060 337.970387 338.515749 327.202301 327.324996 328.139038 324.479265 322.709633 324.856631 324.996428 335.261418 342.315983 346.937312 349.857155 354.732382 0.000000 0.000000
0.000000 0.000000 3204.674441 3205.859384 3208.462121 3184.960787 3165.494257 3154.830377 3154.035997 3149.373149 3156.221062 3161.279251 3156.783105 3155.372669 3170.405270 3173.861638 3184.529873 3193.367074 3193.233361 0.000000 0.000000
0.000000 0.000000 5086.557401 5081.327652 5077.838631 5071.784691 5056.715066 5046.693147 5047.576284 5046.501328 5043.205025 5037.518394 5036.542598 5039.735376 5039.185004 5059.233352 5067.118216 5073.910305 5077.068825 0.000000 0.000000
0.000000 0.000000 6389.873133 6386.670251 6382.150621 6375.109348 6361.313885 6339.368667 6338.296834 6334.512715 6335.938886 6339.648337 6341.152005 6341.640681 6369.493232 6379.520386 6385.128579 6387.917678 6393.173298 0.000000 0.000000
0.000000 0.000000 7504.335908 7504.387714 7501.371976 7491.214536 7488.672668 7479.232114 7479.410160 7479.231883 7478.268471 7474.301228 7473.614644 7479.843931 7481.732744 7486.661906 7499.227844 7497.785318 7502.827855 0.000000 0.000000
0.000000 0.000000 8967.203659 8962.441789 8956.068828 8955.445092 8944.278373 8928.834786 8930.088169 8925.510825 8923.467267 8923.187710 8925.663103 8919.874392 8938.648149 8952.618795 8954.571774 8958.294808 8959.721699 0.000000 0.000000
0.000000 0.000000 10642.051012 10638.349090 10638.504521 10633.879501 10613.360935 10603.510963 10603.077599 10602.834330 10599.399453 10602.855480 10605.992828 10605.278359 10612.251652 10626.781344 10634.563107 10636.554472 10637.712770 0.000000 0.000000
0.000000 0.000000 12475.880144 12474.800162 12471.775039 12451.050532 12445.082908 12429.064779 12434.823474 12421.407068 12425.566872 12423.745843 12416.768762 12426.797054 12436.392886 12439.380354 12452.141332 12459.241686 12470.048418 0.000000 0.000000
0.000000 0.000000 14463.467701 14455.142828 14446.848795 14443.012384 14432.474733 14412.206025 14408.460271 14409.156371 14416.534281 14405.369131 14409.595445 14409.420047 14432.244834 14441.044217 14444.105304 14448.144727 14471.640505 0.000000 0.000000
0.000000 0.000000 16530.063407 16524.893219 16525.157765 16510.713911 16503.496552 16453.925850 16452.202151 16451.206810 16429.589400 16442.134087 16446.438112 16451.280213 16485.883381 16493.290278 16516.977889 16516.637015 16524.263584 0.000000 0.000000
0.000000 0.000000 18900.643895 18902.829022 18888.860873 18883.694619 18824.190748 18844.998881 18828.954993 18830.212779 18836.998714 18831.952487 18829.707588 18824.749390 18803.061681 18867.321473 18873.985560 18894.481981 18904.324452 0.000000 0.000000
0.000000 0.000000 21559.947315 21551.054304 21541.682812 21475.436577 21490.367816 21457.124347 21437.542320 21434.199286 21422.057199 21411.313265 21417.800847 21416.538630 21453.746835 21441.974595 21536.751264 21517.675527 21515.111134 0.000000 0.000000
0.000000 0.000000 24334.066176 24330.468218 24235.189963 24264.737373 24265.154782 24255.931956 24299.324758 24284.195479 24304.467624 24296.111341 24280.973476 24305.709239 24306.424113 24307.923804 24226.032428 24365.772189 24357.328999 0.000000 0.000000
0.000000 0.000000 27646.952395 27507.907941 27544.652663 27497.505095 27424.619178 27409.239881 27369.762384 27381.314513 27337.368848 27341.797088 27364.744824 27345.151961 27378.735825 27424.710487 27541.484714 27459.382533 27607.107237 0.000000 0.000000
0.000000 0.000000 28914.724043 29049.271641 29176.786726 29178.504114 29182.464191 29071.106938 29089.055544 29052.166339 29108.057072 29097.734453 29093.995988 29105.767645 29197.792148 29196.142927 29200.155984 29095.282118 28961.889245 0.000000 0.000000
0.000000 0.000000 0.000000 0.000000 0.000000 0.000000 0.000000 0.000000 0.000000 0.000000 0.000000 0.000000 0.000000 0.000000 0.000000 0.000000 0.000000 0.000000 0.000000 0.000000 0.000000
0.000000 0.000000 0.000000 0.000000 0.000000 0.000000 0.000000 0.000000 0.000000 0.000000 0.000000 0.000000 0.000000 0.000000 0.000000 0.000000 0.000000 0.000000 0.000000 0.000000 0.000000