geotop/1.0zi/1.0Montebello/Templates/testdem/maps/_Erotot4235.asc
ncols         21
nrows         20
xllcorner     100.000000
yllcorner     100.000000
cellsize      50.000000
NODATA_value  -9999.0
0.000000 0.000000 0.000000 0.000000 0.000000 0.000000 0.000000 0.000000 0.000000 0.000000 0.000000 0.000000 0.000000 0.000000 0.000000 0.000000 0.000000 0.000000 0.000000 0.000000 0.000000
0.000000 0.000000 321.621184 321.184621 320.993997 320.850220 320.879826 320.940094 320.977839 320.976325 320.962704 320.966082 320.967574 321.011317 320.876794 320.893065 321.064221 320.973743 321.063962 0.000000 0.000000
0.000000 0.000000 25.781596 26.334050 26.610828 27.317086 26.947279 26.968308 26.533555 26.464506 26.519429 26.902699 26.666594 26.499921 26.989822 26.750446 25.869035 25.302667 25.175291 0.000000 0.000000
0.000000 0.000000 138.985087 140.362981 133.291464 130.669289 131.436606 126.273148 125.452362 125.037554 124.278133 123.796591 124.918402 123.740096 126.624457 131.640063 132.377182 134.758504 137.460321 0.000000 0.000000
0.000000 0.000000 1312.668493 1315.629067 1321.457659 1316.236733 1309.897394 1305.952697 1309.554738 1304.043068 1307.474389 1310.988193 1309.454033 1305.334130 1309.556878 1306.382146 1306.933617 1308.451641 1309.166035 0.000000 0.000000
0.000000 0.000000 2514.896913 2507.857393 2499.161006 2491.347476 2484.081706 2480.144907 2477.418464 2479.330876 2478.949650 2476.131454 2472.181835 2474.486698 2474.964157 2487.937784 2494.124380 2494.915443 2498.768400 0.000000 0.000000
0.000000 0.000000 3117.634440 3112.876699 3108.881593 3103.828357 3095.437421 3080.858915 3082.198685 3078.756528 3081.833895 3081.372274 3083.917135 3085.777609 3099.469621 3106.374540 3113.572697 3117.737911 3120.256438 0.000000 0.000000
0.000000 0.000000 3563.858081 3563.636393 3563.727187 3558.721614 3558.014658 3554.673815 3555.525831 3555.980958 3553.521286 3554.700587 3552.767696 3550.944729 3553.255723 3556.887410 3558.420559 3557.519602 3558.997125 0.000000 0.000000
0.000000 0.000000 4182.211046 4181.089660 4177.041944 4175.298866 4171.179726 4162.235676 4162.621223 4160.674964 4161.342967 4161.783486 4160.820451 4161.045436 4165.811274 4173.282271 4173.226737 4174.493513 4178.243253 0.000000 0.000000
0.000000 0.000000 4883.486621 4881.167503 4879.758901 4875.476605 4867.448911 4863.101791 4864.707272 4863.809552 4863.863888 4864.023927 4862.794880 4860.746081 4867.284024 4873.419963 4875.834751 4876.693316 4878.203601 0.000000 0.000000
0.000000 0.000000 5623.766746 5621.306942 5618.193493 5615.539389 5613.782837 5604.042634 5604.482653 5601.941969 5602.222225 5603.116265 5601.692792 5600.885166 5604.915198 5607.386371 5611.817067 5613.806553 5617.000406 0.000000 0.000000
0.000000 0.000000 6393.118134 6391.053695 6387.599465 6380.384096 6375.930333 6368.569203 6367.723382 6367.218877 6367.342292 6366.623126 6365.948128 6365.417636 6373.736068 6379.429893 6382.765763 6383.773444 6400.689558 0.000000 0.000000
0.000000 0.000000 7161.931863 7159.217187 7155.500401 7152.124834 7145.574011 7128.171040 7128.569922 7126.851909 7126.766545 7127.357006 7125.499118 7125.470116 7139.493595 7147.266950 7150.309315 7151.776086 7154.288149 0.000000 0.000000
0.000000 0.000000 7981.539321 7977.949834 7973.968501 7969.440268 7952.234431 7959.850269 7954.592498 7953.553842 7953.950770 7954.158263 7952.708537 7952.077045 7946.310372 7963.300872 7966.934330 7971.957042 7972.117688 0.000000 0.000000
0.000000 0.000000 8854.041557 8848.109579 8842.210915 8830.490910 8827.876043 8812.838897 8805.400267 8803.775505 8799.700262 8799.105165 8799.801808 8797.029774 8806.808431 8814.814796 8834.491703 8830.382251 8831.945104 0.000000 0.000000
0.000000 0.000000 9719.091149 9717.739543 9697.300068 9699.217406 9699.240799 9698.510150 9701.057757 9700.952202 9703.607961 9703.531065 9700.138606 9704.236628 9701.390993 9700.351539 9690.218851 9711.526261 9716.120021 0.000000 0.000000
0.000000 0.000000 10698.379753 10676.280488 10666.507515 10658.350847 10644.918198 10639.201442 10637.803446 10637.052700 10633.575164 10633.842189 10633.473467 10630.489874 10634.264225 10649.939354 10662.607373 10663.522082 10685.393598 0.000000 0.000000
0.000000 0.000000 11429.711603 11430.868972 11448.159693 11438.048987 11432.278018 11412.910647 11411.665562 11408.981754 11410.417493 11410.116493 11408.250622 11408.650146 11426.436413 11434.989471 11446.344198 11423.189811 11426.207740 0.000000 0.000000
0.000000 0.000000 0.000000 0.000000 0.000000 0.000000 0.000000 0.000000 0.000000 0.000000 0.000000 0.000000 0.000000 0.000000 0.000000 0.000000 0.000000 0.000000 0.000000 0.000000 0.000000
0.000000 0.000000 0.000000 0.000000 0.000000 0.000000 0.000000 0.000000 0.000000 0.000000 0.000000 0.000000 0.000000 0.000000 0.000000 0.000000 0.000000 0.000000 0.000000 0.000000 0.000000