geotop/1.0zi/1.0Montebello/Templates/testdem/maps/_Erotot7136.asc
ncols         21
nrows         20
xllcorner     100.000000
yllcorner     100.000000
cellsize      50.000000
NODATA_value  -9999.0
0.000000 0.000000 0.000000 0.000000 0.000000 0.000000 0.000000 0.000000 0.000000 0.000000 0.000000 0.000000 0.000000 0.000000 0.000000 0.000000 0.000000 0.000000 0.000000 0.000000 0.000000
0.000000 0.000000 569.931699 570.734129 570.387261 570.609802 569.996651 570.032606 569.979174 570.082213 570.508299 569.834887 569.724322 569.805863 570.097033 570.056393 570.817326 571.087429 571.157498 0.000000 0.000000
0.000000 0.000000 44.795491 43.570088 43.552335 43.706187 43.945451 43.791181 43.535269 43.375341 43.614001 43.902453 43.910285 44.038595 43.813464 43.613406 42.328650 41.600458 42.340432 0.000000 0.000000
0.000000 0.000000 250.006174 251.688459 239.688499 236.961727 235.481979 228.576692 229.218254 227.785273 226.563374 224.339587 226.647931 226.652634 234.841794 240.940598 242.330929 244.188479 249.838124 0.000000 0.000000
0.000000 0.000000 2559.613869 2562.821524 2566.292471 2544.870113 2529.856517 2516.861844 2518.784164 2515.850425 2521.401937 2527.507766 2522.162871 2520.395593 2532.195619 2535.112065 2543.924042 2551.749367 2553.744840 0.000000 0.000000
0.000000 0.000000 4309.943424 4304.250650 4300.898886 4294.690816 4280.333244 4272.157831 4271.487419 4270.587332 4267.180988 4261.371711 4260.501958 4263.821510 4263.847899 4282.107236 4290.391267 4297.170216 4299.087852 0.000000 0.000000
0.000000 0.000000 5517.111368 5514.212498 5509.976019 5504.139619 5490.731758 5471.721781 5471.182184 5467.364108 5468.932936 5472.717421 5474.118130 5474.650307 5499.199362 5508.786601 5513.285996 5515.505748 5521.114416 0.000000 0.000000
0.000000 0.000000 6413.379488 6413.923059 6411.245210 6402.635053 6401.163318 6392.680720 6393.311156 6393.181907 6392.352765 6388.577194 6387.823046 6393.709199 6394.572807 6398.378965 6409.416343 6407.520209 6412.643869 0.000000 0.000000
0.000000 0.000000 7623.286083 7619.279872 7613.510869 7613.995392 7604.146508 7590.609974 7592.049791 7587.834560 7585.831151 7585.718174 7587.883656 7582.283018 7598.950050 7611.656253 7612.414904 7615.299304 7617.028547 0.000000 0.000000
0.000000 0.000000 9012.909331 9009.879916 9010.421908 9007.433585 8988.837273 8980.645988 8980.839276 8980.430233 8977.447646 8980.674864 8983.598832 8982.798499 8988.028045 9000.832934 9007.108136 9008.384077 9009.796742 0.000000 0.000000
0.000000 0.000000 10521.774760 10521.216698 10518.778406 10501.008676 10497.378864 10482.510884 10488.048648 10475.892738 10479.655944 10478.137171 10471.693508 10480.875542 10488.294788 10490.469988 10501.114834 10507.129395 10517.404746 0.000000 0.000000
0.000000 0.000000 12128.768955 12121.879207 12114.982249 12112.404853 12103.668176 12086.506336 12084.073999 12084.082912 12091.080753 12081.179584 12084.524576 12084.583938 12103.776673 12110.665435 12112.406370 12115.559012 12137.282214 0.000000 0.000000
0.000000 0.000000 13784.218939 13780.278331 13780.503758 13769.290946 13763.632425 13724.850254 13723.500943 13722.687543 13704.526584 13714.936412 13718.897845 13722.782968 13748.831810 13754.726678 13773.875047 13773.021305 13781.480000 0.000000 0.000000
0.000000 0.000000 15641.264852 15643.497430 15632.224112 15628.838588 15585.386386 15598.053971 15585.640173 15586.498943 15590.617465 15587.467808 15585.756241 15581.999046 15566.492373 15614.191271 15619.887973 15636.056003 15645.086837 0.000000 0.000000
0.000000 0.000000 17692.772562 17685.793137 17679.012931 17635.270214 17639.487941 17617.247474 17600.779319 17598.489486 17590.147917 17581.435618 17585.585508 17584.230973 17609.632604 17607.976716 17674.157544 17661.147161 17660.602726 0.000000 0.000000
0.000000 0.000000 19832.123423 19829.868644 19765.643012 19776.130129 19779.873081 19768.442181 19797.826840 19785.662283 19798.145536 19790.539976 19781.480465 19798.036116 19802.253906 19802.442112 19758.007002 19848.345633 19841.788226 0.000000 0.000000
0.000000 0.000000 22355.941033 22267.703768 22276.904908 22252.356766 22203.884443 22193.932001 22174.247614 22180.372528 22153.946711 22155.437000 22167.454523 22160.266758 22181.197726 22209.185823 22274.085616 22242.090314 22337.385880 0.000000 0.000000
0.000000 0.000000 23745.070878 23805.796333 23893.611345 23886.916829 23875.780151 23800.947803 23807.015840 23782.828443 23812.285341 23806.183931 23809.358722 23810.917279 23875.149196 23884.533240 23908.488775 23826.316111 23767.640024 0.000000 0.000000
0.000000 0.000000 0.000000 0.000000 0.000000 0.000000 0.000000 0.000000 0.000000 0.000000 0.000000 0.000000 0.000000 0.000000 0.000000 0.000000 0.000000 0.000000 0.000000 0.000000 0.000000
0.000000 0.000000 0.000000 0.000000 0.000000 0.000000 0.000000 0.000000 0.000000 0.000000 0.000000 0.000000 0.000000 0.000000 0.000000 0.000000 0.000000 0.000000 0.000000 0.000000 0.000000