geotop/1.0zi/1.0Montebello/Templates/testdem/maps/_Erotot2604.asc
ncols         21
nrows         20
xllcorner     100.000000
yllcorner     100.000000
cellsize      50.000000
NODATA_value  -9999.0
0.000000 0.000000 0.000000 0.000000 0.000000 0.000000 0.000000 0.000000 0.000000 0.000000 0.000000 0.000000 0.000000 0.000000 0.000000 0.000000 0.000000 0.000000 0.000000 0.000000 0.000000
0.000000 0.000000 247.733649 247.736345 247.740404 247.860247 247.727819 247.731993 247.707171 247.748191 247.760131 247.748191 247.707171 247.731993 247.727819 247.860247 247.740404 247.736345 247.733649 0.000000 0.000000
0.000000 0.000000 13.877079 13.655428 11.904254 13.624932 13.918504 13.904856 13.937520 13.903009 13.890626 13.903009 13.937520 13.904856 13.918504 13.624932 11.904254 13.655428 13.877079 0.000000 0.000000
0.000000 0.000000 1815.885592 1815.564491 1815.897865 1814.031181 1816.036518 1815.478822 1815.472795 1816.303542 1816.461447 1816.303542 1815.472795 1815.478822 1816.036518 1814.031181 1815.897865 1815.564491 1815.885592 0.000000 0.000000
0.000000 0.000000 3711.023449 3710.852918 3710.193725 3710.787445 3711.331082 3711.188719 3711.155003 3711.306201 3711.272318 3711.306201 3711.155003 3711.188719 3711.331082 3710.787445 3710.193725 3710.852918 3711.023449 0.000000 0.000000
0.000000 0.000000 4814.860901 4814.655666 4814.094448 4814.247636 4815.057867 4814.764320 4814.783568 4815.129144 4815.222038 4815.129144 4814.783568 4814.764320 4815.057867 4814.247636 4814.094448 4814.655666 4814.860901 0.000000 0.000000
0.000000 0.000000 6278.765862 6278.595242 6278.082161 6278.224458 6278.916533 6278.662693 6278.687328 6278.994239 6279.095856 6278.994239 6278.687328 6278.662693 6278.916533 6278.224458 6278.082161 6278.595242 6278.765862 0.000000 0.000000
0.000000 0.000000 7657.463021 7657.319901 7656.842737 7656.987259 7657.582016 7657.363921 7657.386028 7657.660657 7657.757716 7657.660657 7657.386028 7657.363921 7657.582016 7656.987259 7656.842737 7657.319901 7657.463021 0.000000 0.000000
0.000000 0.000000 8939.754026 8939.623330 8939.170649 8939.314554 8939.860735 8939.659896 8939.680597 8939.938303 8940.030825 8939.938303 8939.680597 8939.659896 8939.860735 8939.314554 8939.170649 8939.623330 8939.754026 0.000000 0.000000
0.000000 0.000000 10147.939903 10147.837820 10147.396480 10147.578456 10148.033753 10147.854419 10147.879674 10148.113935 10148.201654 10148.113935 10147.879674 10147.854419 10148.033753 10147.578456 10147.396480 10147.837820 10147.939903 0.000000 0.000000
0.000000 0.000000 11286.542847 11286.434189 11286.013195 11286.170580 11286.635715 11286.457355 11286.478468 11286.709021 11286.791519 11286.709021 11286.478468 11286.457355 11286.635715 11286.170580 11286.013195 11286.434189 11286.542847 0.000000 0.000000
0.000000 0.000000 12372.225385 12372.116609 12371.712036 12371.863302 12372.313228 12372.142517 12372.162376 12372.384962 12372.465692 12372.384962 12372.162376 12372.142517 12372.313228 12371.863302 12371.712036 12372.116609 12372.225385 0.000000 0.000000
0.000000 0.000000 13414.381081 13414.277451 13413.879818 13414.032377 13414.462177 13414.296151 13414.316091 13414.532489 13414.609800 13414.532489 13414.316091 13414.296151 13414.462177 13414.032377 13413.879818 13414.277451 13414.381081 0.000000 0.000000
0.000000 0.000000 14417.921575 14417.825831 14417.437899 14417.608426 14418.000413 14417.841266 14417.862745 14418.070518 14418.145472 14418.070518 14417.862745 14417.841266 14418.000413 14417.608426 14417.437899 14417.825831 14417.921575 0.000000 0.000000
0.000000 0.000000 15386.788180 15386.690626 15386.307034 15386.466190 15386.862919 15386.705353 15386.725395 15386.931042 15387.003747 15386.931042 15386.725395 15386.705353 15386.862919 15386.466190 15386.307034 15386.690626 15386.788180 0.000000 0.000000
0.000000 0.000000 16323.335527 16323.240243 16322.868017 16323.020263 16323.404348 16323.251659 16323.271521 16323.471548 16323.542407 16323.471548 16323.271521 16323.251659 16323.404348 16323.020263 16322.868017 16323.240243 16323.335523 0.000000 0.000000
0.000000 0.000000 17230.230269 17230.136674 17229.767147 17229.922361 17230.296988 17230.146505 17230.165824 17230.360902 17230.429528 17230.360902 17230.165824 17230.146505 17230.296988 17229.922361 17229.767147 17230.136653 17230.229869 0.000000 0.000000
0.000000 0.000000 18147.951598 18148.273451 18147.910877 18148.061795 18148.431231 18148.284184 18148.301549 18148.492949 18148.558835 18148.492949 18148.301549 18148.284184 18148.431231 18148.061795 18147.910858 18148.269944 18148.360148 0.000000 0.000000
0.000000 0.000000 0.000000 0.000000 0.000000 0.000000 0.000000 0.000000 0.000000 0.000000 0.000000 0.000000 0.000000 0.000000 0.000000 0.000000 0.000000 0.000000 0.000000 0.000000 0.000000
0.000000 0.000000 0.000000 0.000000 0.000000 0.000000 0.000000 0.000000 0.000000 0.000000 0.000000 0.000000 0.000000 0.000000 0.000000 0.000000 0.000000 0.000000 0.000000 0.000000 0.000000