geotop/1.0zi/1.0Montebello/Templates/testdem/maps/_Erotot7067.asc
ncols         21
nrows         20
xllcorner     100.000000
yllcorner     100.000000
cellsize      50.000000
NODATA_value  -9999.0
0.000000 0.000000 0.000000 0.000000 0.000000 0.000000 0.000000 0.000000 0.000000 0.000000 0.000000 0.000000 0.000000 0.000000 0.000000 0.000000 0.000000 0.000000 0.000000 0.000000 0.000000
0.000000 0.000000 567.137234 567.940137 567.593321 567.816387 567.203418 567.240201 567.186454 567.289782 567.715710 567.042459 566.932089 567.013437 567.303867 567.263241 568.023547 568.293686 568.363649 0.000000 0.000000
0.000000 0.000000 44.489792 43.271446 43.251969 43.403781 43.639155 43.491373 43.233423 43.076857 43.315721 43.604378 43.610060 43.732578 43.509909 43.310817 42.024002 41.299317 42.041956 0.000000 0.000000
0.000000 0.000000 252.287976 253.908477 241.978225 239.240163 237.700469 230.816927 231.427840 230.023217 228.806884 226.577201 228.867076 228.834715 237.071300 243.160809 244.554308 246.454745 252.125682 0.000000 0.000000
0.000000 0.000000 2515.401649 2518.755071 2522.113005 2500.937216 2486.216033 2473.195747 2475.227320 2472.217253 2477.745400 2484.004913 2478.630440 2476.904714 2488.503822 2491.287285 2499.909345 2507.461751 2509.432031 0.000000 0.000000
0.000000 0.000000 4273.179172 4267.483662 4264.128318 4257.902080 4243.680773 4235.575672 4234.901796 4233.999939 4230.595390 4224.759789 4223.905173 4227.248127 4227.200574 4245.340829 4253.635152 4260.416128 4262.337650 0.000000 0.000000
0.000000 0.000000 5477.960113 5475.089745 5470.836506 5465.047598 5451.703940 5432.846771 5432.324412 5428.496233 5430.060772 5433.872246 5435.266421 5435.808090 5460.161816 5469.718831 5474.177538 5476.340271 5481.947025 0.000000 0.000000
0.000000 0.000000 6364.650358 6365.220995 6362.531966 6353.986960 6352.609091 6344.144812 6344.769401 6344.655652 6343.822986 6340.058871 6339.292942 6345.175245 6346.015865 6349.752639 6360.734877 6358.775234 6363.892131 0.000000 0.000000
0.000000 0.000000 7563.115691 7559.145087 7553.371960 7553.925365 7544.197699 7530.725765 7532.185098 7527.964319 7525.957934 7525.883395 7528.033091 7522.442182 7538.996940 7551.610241 7552.309555 7555.117201 7556.841904 0.000000 0.000000
0.000000 0.000000 8939.600415 8936.609183 8937.136994 8934.231052 8915.786999 8907.668396 8907.891564 8907.463583 8904.482023 8907.750252 8910.651695 8909.859513 8914.966340 8927.663371 8933.861641 8935.059395 8936.467444 0.000000 0.000000
0.000000 0.000000 10433.156998 10432.632062 10430.190139 10412.545051 10409.047225 10394.279233 10399.829292 10387.693758 10391.440997 10389.972281 10383.532351 10392.688314 10399.977453 10402.058788 10412.613489 10418.524842 10428.773791 0.000000 0.000000
0.000000 0.000000 12022.551090 12015.725685 12008.839699 12006.356418 11997.789690 11980.753755 11978.366767 11978.346309 11985.313871 11975.500496 11978.807786 11978.882901 11997.873200 12004.634386 12006.300306 12009.358443 12030.996170 0.000000 0.000000
0.000000 0.000000 13658.662435 13654.779465 13654.980243 13643.905935 13638.421036 13600.129766 13598.812756 13597.992239 13579.936485 13590.319545 13594.246447 13598.110484 13623.697732 13629.455822 13648.426917 13647.479020 13655.943426 0.000000 0.000000
0.000000 0.000000 15491.919366 15494.180907 15482.960791 15479.686339 15437.020737 15449.428112 15437.145293 15437.971990 15442.007959 15438.960054 15437.255966 15433.546061 15418.196616 15465.134050 15470.740258 15486.677871 15495.661221 0.000000 0.000000
0.000000 0.000000 17515.431027 17508.530799 17501.800892 17459.022647 17463.043773 17441.124887 17424.797937 17422.527284 17414.290654 17405.711290 17409.756616 17408.422332 17433.416334 17431.975337 17497.004474 17484.087475 17483.585254 0.000000 0.000000
0.000000 0.000000 19624.214831 19622.036999 19559.042161 19568.999264 19572.930785 19561.536343 19590.465470 19578.390762 19590.611118 19583.102993 19574.228593 19590.508876 19594.685128 19594.783453 19551.487534 19639.882900 19633.371658 0.000000 0.000000
0.000000 0.000000 22109.192632 22023.105126 22031.492909 22007.748436 21960.454355 21950.861404 21931.801453 21937.739768 21911.891080 21913.345454 21924.982110 21918.199264 21938.469268 21965.577212 22028.734860 21998.107621 22091.215614 0.000000 0.000000
0.000000 0.000000 23492.223309 23550.509739 23636.578266 23629.964496 23618.756924 23545.718026 23551.482396 23527.743537 23556.277514 23550.388859 23553.716380 23554.987819 23617.661383 23627.065566 23651.140469 23570.083040 23513.865173 0.000000 0.000000
0.000000 0.000000 0.000000 0.000000 0.000000 0.000000 0.000000 0.000000 0.000000 0.000000 0.000000 0.000000 0.000000 0.000000 0.000000 0.000000 0.000000 0.000000 0.000000 0.000000 0.000000
0.000000 0.000000 0.000000 0.000000 0.000000 0.000000 0.000000 0.000000 0.000000 0.000000 0.000000 0.000000 0.000000 0.000000 0.000000 0.000000 0.000000 0.000000 0.000000 0.000000 0.000000