geotop/1.0zi/1.0Montebello/Templates/testdem/maps/_Erotot7437.asc
ncols         21
nrows         20
xllcorner     100.000000
yllcorner     100.000000
cellsize      50.000000
NODATA_value  -9999.0
0.000000 0.000000 0.000000 0.000000 0.000000 0.000000 0.000000 0.000000 0.000000 0.000000 0.000000 0.000000 0.000000 0.000000 0.000000 0.000000 0.000000 0.000000 0.000000 0.000000 0.000000
0.000000 0.000000 638.616744 639.563956 638.963420 639.126345 638.255795 638.458181 638.404853 638.509581 638.932913 638.264868 638.148766 638.190059 638.533817 638.574622 639.372658 639.955377 640.023687 0.000000 0.000000
0.000000 0.000000 49.674971 48.451538 48.597156 48.973947 49.389440 49.066656 48.801583 48.639477 48.881162 49.216866 49.238206 49.402502 49.151044 48.824013 47.413789 46.476361 47.231188 0.000000 0.000000
0.000000 0.000000 351.614829 352.919803 340.806395 335.187929 335.930659 324.644839 324.715784 325.590602 321.930897 320.098425 322.299073 322.447835 332.761295 339.581323 344.178326 346.992099 351.848967 0.000000 0.000000
0.000000 0.000000 2931.472461 2934.617140 2938.447535 2917.038404 2898.570951 2889.243155 2888.769330 2885.167568 2891.287951 2897.030952 2891.937123 2890.267996 2904.270723 2907.302890 2916.366740 2924.568481 2924.202115 0.000000 0.000000
0.000000 0.000000 4667.837559 4662.160427 4658.605628 4652.687716 4638.531134 4629.073408 4629.764480 4628.607197 4625.359962 4619.636493 4618.776148 4622.057037 4621.059449 4640.055613 4648.123465 4655.072490 4658.081942 0.000000 0.000000
0.000000 0.000000 5940.577060 5937.624393 5933.348995 5926.816127 5913.396988 5892.742598 5891.732506 5888.105717 5889.435440 5893.260136 5894.663421 5895.220045 5921.844237 5931.540978 5936.865727 5939.486835 5944.683878 0.000000 0.000000
0.000000 0.000000 6941.572845 6942.061269 6939.346452 6930.036387 6928.060239 6919.409624 6919.683165 6919.734846 6918.618437 6914.855014 6914.101020 6920.164392 6921.434817 6925.856544 6937.833000 6936.268523 6941.104861 0.000000 0.000000
0.000000 0.000000 8267.080386 8262.928602 8257.026556 8257.084408 8246.698666 8232.305811 8233.519070 8229.341790 8227.092991 8226.981907 8229.287249 8223.587676 8241.413784 8254.756820 8256.245626 8259.675444 8261.003663 0.000000 0.000000
0.000000 0.000000 9785.170706 9782.008974 9782.582401 9778.909843 9759.556321 9750.668033 9750.455726 9750.312966 9746.910624 9750.301382 9753.329501 9752.581801 9758.742976 9772.365662 9779.534903 9781.265300 9782.315751 0.000000 0.000000
0.000000 0.000000 11439.921548 11439.292698 11436.859587 11417.844590 11412.453222 11397.991976 11403.491199 11390.978052 11394.669362 11393.107028 11386.403575 11395.933373 11404.508335 11407.061140 11418.883103 11425.543438 11435.805749 0.000000 0.000000
0.000000 0.000000 13220.045156 13212.773419 13205.483087 13202.405016 13193.236333 13174.551508 13171.401328 13171.971520 13178.874978 13168.466552 13172.212407 13172.210191 13193.155332 13200.914214 13203.466632 13207.188867 13229.435892 0.000000 0.000000
0.000000 0.000000 15056.400233 15052.117622 15052.610144 15040.125122 15033.762638 14990.403026 14988.797797 14988.168918 14968.172420 14979.532744 14983.670890 14987.995097 15018.027737 15024.523336 15046.026243 15045.567450 15053.358495 0.000000 0.000000
0.000000 0.000000 17139.462088 17141.933653 17129.817256 17125.762431 17075.222862 17091.946471 17077.686220 17078.982930 17083.948316 17080.130025 17078.193946 17073.925039 17055.637666 17110.693820 17117.060999 17135.273877 17144.291571 0.000000 0.000000
0.000000 0.000000 19458.067646 19450.598604 19442.744583 19389.468171 19398.178764 19371.520379 19353.489456 19351.093569 19340.780411 19331.243014 19336.287075 19334.938318 19365.745542 19359.820586 19438.853745 19423.316515 19421.536457 0.000000 0.000000
0.000000 0.000000 21880.410982 21877.838417 21800.626444 21818.948703 21821.354608 21811.075417 21846.239862 21833.028126 21848.426979 21840.487599 21828.930602 21849.054518 21852.220347 21852.800557 21793.129428 21904.968136 21897.092392 0.000000 0.000000
0.000000 0.000000 24768.094674 24657.330963 24677.844775 24644.264923 24584.907010 24572.927194 24544.822424 24553.574005 24519.226896 24522.057833 24538.722282 24526.357013 24553.112075 24588.991494 24675.805556 24623.782156 24742.114084 0.000000 0.000000
0.000000 0.000000 26135.033369 26228.331035 26336.855784 26333.311945 26328.429690 26236.720329 26247.249225 26217.617176 26258.258927 26250.364018 26250.876760 26256.671325 26334.502530 26339.178490 26356.698254 26261.197140 26169.573639 0.000000 0.000000
0.000000 0.000000 0.000000 0.000000 0.000000 0.000000 0.000000 0.000000 0.000000 0.000000 0.000000 0.000000 0.000000 0.000000 0.000000 0.000000 0.000000 0.000000 0.000000 0.000000 0.000000
0.000000 0.000000 0.000000 0.000000 0.000000 0.000000 0.000000 0.000000 0.000000 0.000000 0.000000 0.000000 0.000000 0.000000 0.000000 0.000000 0.000000 0.000000 0.000000 0.000000 0.000000