geotop/1.0zi/1.0Montebello/Templates/testdem/maps/_Erotot9366.asc
ncols         21
nrows         20
xllcorner     100.000000
yllcorner     100.000000
cellsize      50.000000
NODATA_value  -9999.0
0.000000 0.000000 0.000000 0.000000 0.000000 0.000000 0.000000 0.000000 0.000000 0.000000 0.000000 0.000000 0.000000 0.000000 0.000000 0.000000 0.000000 0.000000 0.000000 0.000000 0.000000
0.000000 0.000000 740.097167 740.602564 740.029300 740.112551 739.113376 739.221138 739.309039 739.382616 739.771245 739.137244 739.029039 739.077290 739.479503 739.598972 740.413373 741.022107 741.245537 0.000000 0.000000
0.000000 0.000000 55.930409 54.887719 55.197903 55.134207 56.008312 55.696077 55.308541 55.166647 55.362392 55.678194 55.732290 55.839237 55.606807 54.954629 53.693655 52.800987 53.352040 0.000000 0.000000
0.000000 0.000000 449.312927 451.044749 438.048377 431.491203 430.941043 425.084250 430.209131 432.028503 428.503656 428.770760 433.503652 432.963848 441.504633 450.040825 453.882669 451.955978 458.746721 0.000000 0.000000
0.000000 0.000000 4144.399794 4138.964906 4132.868795 4098.081291 4070.720221 4056.576934 4049.663547 4043.470231 4050.925213 4057.368527 4055.609842 4050.708701 4070.508240 4076.930788 4094.355009 4106.003969 4106.790033 0.000000 0.000000
0.000000 0.000000 6366.932702 6361.503758 6356.816296 6359.103669 6334.422525 6322.409609 6325.945591 6325.191711 6320.654202 6314.347637 6312.801668 6317.303785 6317.318948 6343.557990 6344.479169 6352.111225 6354.363618 0.000000 0.000000
0.000000 0.000000 7818.586183 7813.310246 7809.523945 7797.880516 7789.931549 7752.166749 7755.007261 7752.346366 7751.712598 7756.223204 7756.993003 7758.702911 7791.923164 7797.236203 7806.772624 7809.464333 7814.779390 0.000000 0.000000
0.000000 0.000000 9325.409344 9322.680128 9317.521316 9304.817893 9297.326519 9294.410397 9294.302007 9292.323597 9292.279091 9288.293934 9287.408298 9294.751513 9293.157967 9303.214438 9318.373614 9315.807285 9322.158943 0.000000 0.000000
0.000000 0.000000 11259.218530 11254.046702 11246.876052 11243.306407 11226.457155 11204.927266 11208.192611 11203.982099 11200.499520 11200.247124 11203.427730 11197.393340 11222.779516 11237.367441 11239.896037 11243.447977 11246.249830 0.000000 0.000000
0.000000 0.000000 13507.868607 13500.389054 13497.168022 13489.341595 13465.333065 13451.734157 13451.494985 13449.722132 13445.416371 13450.119452 13453.616559 13453.513133 13461.001033 13481.525055 13490.236673 13494.161057 13493.918144 0.000000 0.000000
0.000000 0.000000 16011.746437 16009.128953 16007.044817 15975.292369 15968.483930 15944.545406 15953.080074 15935.756507 15941.439722 15937.671885 15930.182829 15941.878462 15957.017788 15961.760979 15977.679961 15982.938417 15999.326417 0.000000 0.000000
0.000000 0.000000 18803.798991 18791.980250 18774.388321 18772.522024 18753.897150 18726.773575 18726.359152 18728.028494 18735.134010 18720.481715 18728.941195 18726.829746 18754.985200 18769.434363 18771.590368 18777.074759 18803.180870 0.000000 0.000000
0.000000 0.000000 21773.886919 21766.265803 21768.749260 21740.609037 21729.038391 21654.178313 21651.318308 21650.286851 21617.131076 21638.951266 21641.737125 21650.053547 21704.447913 21714.821184 21747.133604 21747.504765 21753.899496 0.000000 0.000000
0.000000 0.000000 25307.002437 25308.091651 25283.171611 25274.280634 25173.873947 25222.246797 25198.731306 25200.205962 25216.442084 25202.334241 25201.314301 25189.488720 25142.101525 25255.807624 25258.186542 25287.358622 25301.597135 0.000000 0.000000
0.000000 0.000000 29194.401289 29179.481022 29161.394341 29044.548951 29098.800165 29027.138787 29004.570796 28998.772071 28972.376032 28960.662290 28973.469664 28975.357597 29045.088859 28990.831594 29156.543826 29114.914244 29106.471251 0.000000 0.000000
0.000000 0.000000 32823.711563 32817.469267 32669.379041 32752.147897 32732.679695 32739.094405 32815.222974 32793.002057 32830.702506 32823.190427 32795.743366 32833.314988 32813.422084 32833.146414 32649.601515 32882.750976 32873.396265 0.000000 0.000000
0.000000 0.000000 36365.295843 36211.019130 36289.312068 36218.776594 36138.798329 36117.752484 36057.417383 36074.814140 36016.838282 36025.175589 36057.935505 36025.736161 36069.417788 36119.252661 36283.828520 36135.019400 36298.783130 0.000000 0.000000
0.000000 0.000000 37218.295284 37341.643278 37445.484285 37444.436959 37449.428385 37356.118663 37374.704460 37342.802063 37392.520817 37383.607986 37379.903143 37390.221043 37463.509063 37462.789917 37460.561303 37375.147310 37252.956284 0.000000 0.000000
0.000000 0.000000 0.000000 0.000000 0.000000 0.000000 0.000000 0.000000 0.000000 0.000000 0.000000 0.000000 0.000000 0.000000 0.000000 0.000000 0.000000 0.000000 0.000000 0.000000 0.000000
0.000000 0.000000 0.000000 0.000000 0.000000 0.000000 0.000000 0.000000 0.000000 0.000000 0.000000 0.000000 0.000000 0.000000 0.000000 0.000000 0.000000 0.000000 0.000000 0.000000 0.000000