geotop/1.0zi/1.0Montebello/Templates/testdem/maps/_Erotot105S.asc
ncols         21
nrows         20
xllcorner     100.000000
yllcorner     100.000000
cellsize      50.000000
NODATA_value  -9999.0
0.000000 0.000000 0.000000 0.000000 0.000000 0.000000 0.000000 0.000000 0.000000 0.000000 0.000000 0.000000 0.000000 0.000000 0.000000 0.000000 0.000000 0.000000 0.000000 0.000000 0.000000
0.000000 0.000000 957.671044 957.113058 955.765734 953.861140 952.511947 951.727689 952.197178 952.882242 952.791145 951.978184 951.937363 952.013349 953.584996 954.091673 956.893262 957.531063 958.105752 0.000000 0.000000
0.000000 0.000000 67.285527 68.217167 66.701670 69.634440 68.949841 68.259363 68.598493 67.417892 68.363915 70.586265 68.331576 68.376198 67.897593 67.417270 65.221434 64.535474 67.656711 0.000000 0.000000
0.000000 0.000000 915.120918 922.592357 901.741789 892.200380 895.706046 885.141314 884.831577 887.786021 879.639473 880.231951 885.309833 889.459549 893.005333 906.218639 911.578820 912.133692 916.807666 0.000000 0.000000
0.000000 0.000000 5846.254638 5832.549986 5837.038268 5795.248010 5763.293541 5745.924986 5740.917037 5734.722993 5740.013260 5746.301359 5746.908572 5735.412699 5760.838662 5767.874608 5787.199604 5801.402950 5802.302587 0.000000 0.000000
0.000000 0.000000 8123.026515 8119.859464 8110.007911 8109.701939 8080.643455 8066.495012 8069.635445 8068.350378 8060.230566 8053.964544 8052.424505 8056.170602 8058.206470 8089.239478 8089.168454 8098.639441 8099.372333 0.000000 0.000000
0.000000 0.000000 10021.826371 10016.142591 10009.795781 9994.939486 9987.432680 9942.127598 9939.022732 9935.239615 9933.747534 9937.354543 9936.637280 9938.084054 9977.189737 9982.531815 9993.804650 9999.761204 10004.077073 0.000000 0.000000
0.000000 0.000000 12189.920557 12185.812709 12177.079580 12152.737034 12140.950351 12132.722348 12129.515165 12127.583824 12124.173523 12121.491431 12119.664678 12126.836200 12125.837488 12140.176264 12158.595370 12156.770592 12163.106496 0.000000 0.000000
0.000000 0.000000 14918.151078 14910.914533 14898.112186 14890.577527 14870.636357 14840.866540 14841.454293 14836.615024 14831.172922 14829.613218 14832.479373 14825.048127 14856.199552 14875.551866 14880.398280 14886.776691 14889.013950 0.000000 0.000000
0.000000 0.000000 18177.595260 18164.161976 18154.936322 18142.668366 18122.410599 18096.190240 18090.428318 18089.007552 18079.919842 18084.629159 18091.362498 18089.178320 18100.012092 18126.755680 18138.383341 18145.175029 18143.643326 0.000000 0.000000
0.000000 0.000000 21940.101450 21930.865764 21926.138431 21877.318646 21877.233201 21836.260731 21846.932011 21822.384408 21828.202207 21822.855067 21810.088705 21825.169089 21844.585472 21853.283949 21874.391035 21880.828410 21903.431737 0.000000 0.000000
0.000000 0.000000 26281.718598 26259.008755 26227.697623 26222.924613 26206.822815 26157.322816 26145.294202 26152.512019 26155.091580 26139.930023 26147.758557 26140.252296 26181.233569 26205.509475 26208.172129 26217.918269 26250.389754 0.000000 0.000000
0.000000 0.000000 30772.042835 30753.083238 30753.655017 30719.174958 30693.802944 30575.915672 30565.798190 30561.014955 30502.157146 30541.679838 30542.028498 30554.143776 30639.041043 30652.336287 30704.512083 30710.710327 30701.979883 0.000000 0.000000
0.000000 0.000000 35431.670304 35437.709217 35395.736726 35381.948255 35246.732412 35352.725511 35316.692837 35316.197902 35347.100344 35314.318522 35310.862792 35288.819534 35197.249334 35357.783028 35347.157850 35384.479043 35402.336840 0.000000 0.000000
0.000000 0.000000 38682.485810 38670.494434 38658.244102 38568.730745 38638.510188 38569.432226 38557.652639 38554.040056 38530.057361 38524.630679 38535.538787 38537.779631 38597.718890 38517.465621 38649.519738 38612.448647 38600.077468 0.000000 0.000000
0.000000 0.000000 40646.114296 40641.432557 40580.079694 40610.413849 40611.435660 40607.265668 40639.106415 40625.997677 40640.015975 40633.821779 40622.521172 40638.513218 40633.319705 40639.103213 40563.791980 40656.890044 40648.423325 0.000000 0.000000
0.000000 0.000000 42205.825044 42155.864322 42191.212683 42161.280634 42137.829239 42134.591783 42115.582844 42122.532586 42101.430163 42104.685289 42114.116876 42106.566588 42115.540733 42121.658913 42180.173243 42125.632302 42174.430011 0.000000 0.000000
0.000000 0.000000 42818.722243 42891.471963 42917.320909 42928.761790 42938.405164 42901.671120 42918.110748 42903.114931 42927.671385 42923.378136 42919.128713 42925.207801 42954.048770 42943.993799 42918.081231 42904.034108 42836.015271 0.000000 0.000000
0.000000 0.000000 0.000000 0.000000 0.000000 0.000000 0.000000 0.000000 0.000000 0.000000 0.000000 0.000000 0.000000 0.000000 0.000000 0.000000 0.000000 0.000000 0.000000 0.000000 0.000000
0.000000 0.000000 0.000000 0.000000 0.000000 0.000000 0.000000 0.000000 0.000000 0.000000 0.000000 0.000000 0.000000 0.000000 0.000000 0.000000 0.000000 0.000000 0.000000 0.000000 0.000000