geotop/1.0zi/1.0Montebello/Templates/testdem/maps/_Erotot8873.asc
ncols         21
nrows         20
xllcorner     100.000000
yllcorner     100.000000
cellsize      50.000000
NODATA_value  -9999.0
0.000000 0.000000 0.000000 0.000000 0.000000 0.000000 0.000000 0.000000 0.000000 0.000000 0.000000 0.000000 0.000000 0.000000 0.000000 0.000000 0.000000 0.000000 0.000000 0.000000 0.000000
0.000000 0.000000 702.461957 703.104909 702.541783 702.634143 701.622877 701.754722 701.837086 701.911196 702.292388 701.658324 701.547924 701.585919 701.985086 702.106400 702.923842 703.507876 703.661366 0.000000 0.000000
0.000000 0.000000 54.616236 53.654107 53.952468 53.881629 54.536969 54.171766 53.797821 53.661144 53.861735 54.190758 54.247959 54.363892 54.171260 53.728751 52.454455 51.602524 52.211983 0.000000 0.000000
0.000000 0.000000 429.596972 430.918691 418.014007 411.593711 411.014628 405.315450 410.294119 412.150959 408.340105 406.666549 410.118931 409.829856 418.147817 426.418086 430.259464 424.896714 431.861502 0.000000 0.000000
0.000000 0.000000 3847.737581 3844.699787 3845.792415 3813.304448 3790.141758 3777.959388 3772.404737 3765.099291 3774.119359 3780.978280 3779.540800 3774.817239 3794.129551 3798.402336 3813.976595 3825.470953 3825.155743 0.000000 0.000000
0.000000 0.000000 5910.141924 5904.658758 5899.002743 5900.725818 5878.788046 5866.421980 5870.013516 5869.815897 5865.518895 5859.450543 5857.702259 5861.798101 5861.817303 5886.532271 5887.807584 5893.839458 5896.252817 0.000000 0.000000
0.000000 0.000000 7322.912600 7317.778776 7314.846924 7304.117236 7295.458877 7263.023157 7263.398146 7260.827977 7260.589731 7264.897741 7265.466802 7266.477186 7298.970029 7304.747039 7313.054185 7315.519281 7320.422834 0.000000 0.000000
0.000000 0.000000 8690.356104 8688.337676 8684.814245 8672.934176 8667.309586 8663.795556 8664.662148 8662.721941 8663.070315 8658.896610 8657.731212 8665.187226 8663.376243 8671.849198 8685.963189 8682.095426 8688.060197 0.000000 0.000000
0.000000 0.000000 10458.228956 10454.013175 10447.660810 10445.320888 10430.508825 10411.996303 10414.937404 10410.853734 10407.964790 10407.528682 10410.343278 10404.245010 10427.969649 10441.715617 10443.085447 10445.219732 10448.541772 0.000000 0.000000
0.000000 0.000000 12504.491164 12497.947883 12497.722514 12491.531165 12468.549461 12457.949799 12457.533072 12456.252711 12452.542310 12456.903841 12459.924434 12459.683470 12466.680138 12485.119127 12492.575243 12494.975362 12493.970385 0.000000 0.000000
0.000000 0.000000 14766.257961 14764.838796 14762.766186 14735.326198 14729.429649 14709.320591 14717.638010 14700.669179 14706.778052 14703.049732 14695.593254 14706.432363 14720.433037 14723.739108 14738.604937 14742.204320 14756.761125 0.000000 0.000000
0.000000 0.000000 17261.844228 17253.335842 17239.962624 17237.431759 17221.776050 17199.434300 17197.906531 17200.809519 17207.090566 17194.434818 17201.410809 17199.595845 17225.208984 17237.341893 17237.692576 17241.600347 17266.197427 0.000000 0.000000
0.000000 0.000000 19898.644343 19889.858880 19894.309760 19871.683259 19862.890875 19798.369226 19796.087930 19795.087253 19766.748015 19785.128445 19787.552814 19794.681948 19842.333721 19850.709032 19880.010497 19877.312014 19884.128338 0.000000 0.000000
0.000000 0.000000 23005.826915 23008.460001 22988.901943 22981.973852 22897.222966 22934.784676 22915.563552 22916.949185 22929.879196 22918.718017 22917.708965 22907.269643 22871.293025 22966.645539 22969.237633 22993.070497 23005.585148 0.000000 0.000000
0.000000 0.000000 26487.196279 26473.984263 26459.759622 26361.880147 26400.208584 26347.026180 26325.281042 26320.936245 26300.222324 26288.623086 26298.557777 26299.253251 26354.242611 26317.656880 26457.369337 26420.757696 26414.229792 0.000000 0.000000
0.000000 0.000000 29966.379353 29961.149350 29826.707990 29890.833673 29879.741498 29879.957031 29948.095905 29926.972198 29960.204416 29951.756385 29927.493106 29961.991806 29951.648298 29964.756912 29812.095954 30019.828209 30009.980358 0.000000 0.000000
0.000000 0.000000 33784.578896 33610.819098 33688.653798 33614.957776 33525.734337 33504.792840 33442.271170 33460.642972 33399.139635 33407.542782 33442.191698 33407.983561 33454.569962 33510.721267 33684.726305 33533.754728 33716.873512 0.000000 0.000000
0.000000 0.000000 34672.002794 34843.862824 34973.795795 34980.079159 34995.926197 34879.382313 34907.955220 34867.014417 34935.443598 34923.295690 34914.478002 34931.919591 35023.481996 35014.806168 34997.109268 34898.480013 34728.386152 0.000000 0.000000
0.000000 0.000000 0.000000 0.000000 0.000000 0.000000 0.000000 0.000000 0.000000 0.000000 0.000000 0.000000 0.000000 0.000000 0.000000 0.000000 0.000000 0.000000 0.000000 0.000000 0.000000
0.000000 0.000000 0.000000 0.000000 0.000000 0.000000 0.000000 0.000000 0.000000 0.000000 0.000000 0.000000 0.000000 0.000000 0.000000 0.000000 0.000000 0.000000 0.000000 0.000000 0.000000