geotop/1.0zi/1.0Montebello/Templates/testdem/maps/_Erotot5840.asc
ncols         21
nrows         20
xllcorner     100.000000
yllcorner     100.000000
cellsize      50.000000
NODATA_value  -9999.0
0.000000 0.000000 0.000000 0.000000 0.000000 0.000000 0.000000 0.000000 0.000000 0.000000 0.000000 0.000000 0.000000 0.000000 0.000000 0.000000 0.000000 0.000000 0.000000 0.000000 0.000000
0.000000 0.000000 438.526071 437.726882 437.546726 437.336357 437.298956 437.401716 437.351584 437.525782 437.432657 437.229961 437.169689 437.249128 437.357426 437.260927 437.456501 437.652278 438.069640 0.000000 0.000000
0.000000 0.000000 32.956370 33.625486 33.916509 35.087788 34.833273 34.592588 34.414394 34.191372 34.403483 34.758487 34.574444 34.325056 34.775178 34.542102 33.711469 32.876035 32.273453 0.000000 0.000000
0.000000 0.000000 184.913087 186.258451 178.636030 175.710526 177.095682 172.042141 171.658262 171.359391 170.491218 168.113604 170.685422 168.825063 172.340905 177.779652 177.450508 180.687646 183.967789 0.000000 0.000000
0.000000 0.000000 1780.626837 1785.485855 1791.461875 1773.250063 1758.240044 1747.476993 1750.093097 1747.536635 1751.234382 1755.477600 1752.033895 1749.818199 1759.795510 1759.038439 1766.259156 1773.322714 1774.573958 0.000000 0.000000
0.000000 0.000000 3218.811869 3212.994937 3209.759573 3205.098436 3197.066969 3189.768220 3188.026686 3188.050352 3186.935450 3184.818330 3182.132515 3184.395063 3184.326335 3199.902445 3204.982289 3208.480251 3210.913587 0.000000 0.000000
0.000000 0.000000 4283.897286 4281.327437 4278.524275 4274.233657 4261.311560 4244.771111 4244.843658 4241.405739 4243.158154 4245.955024 4247.798573 4248.886038 4268.609482 4277.944112 4282.713229 4284.269388 4289.499134 0.000000 0.000000
0.000000 0.000000 4921.068457 4922.495842 4921.620200 4915.359990 4914.842612 4907.855371 4908.413139 4908.897982 4907.652994 4905.278839 4904.974870 4908.422882 4908.332230 4910.629703 4918.827688 4917.126053 4920.142240 0.000000 0.000000
0.000000 0.000000 5799.001501 5796.406714 5792.387606 5793.392857 5786.828316 5776.425014 5776.879682 5774.346899 5771.903639 5773.128372 5774.283851 5769.033728 5782.028226 5789.822108 5791.857520 5792.716534 5794.145004 0.000000 0.000000
0.000000 0.000000 6815.569194 6813.277332 6815.482185 6814.889254 6800.233710 6793.291496 6794.709886 6793.894128 6791.868004 6795.003587 6797.898225 6796.199637 6799.250075 6809.290113 6813.047432 6813.267306 6813.976479 0.000000 0.000000
0.000000 0.000000 7911.807759 7912.081431 7912.270744 7898.163146 7895.589632 7884.954277 7888.488407 7879.558170 7881.986290 7881.082738 7876.354535 7883.518914 7887.743502 7888.925647 7895.447882 7901.321444 7908.537716 0.000000 0.000000
0.000000 0.000000 9057.641043 9053.186953 9048.395737 9046.719492 9042.847252 9028.173687 9027.218984 9026.409753 9033.052279 9026.081737 9028.040576 9027.457537 9042.688177 9045.709110 9047.064799 9047.595631 9066.817432 0.000000 0.000000
0.000000 0.000000 10217.236131 10215.412836 10216.478955 10209.139509 10205.132250 10178.815957 10177.605083 10177.365670 10163.142932 10172.081071 10175.930069 10177.769288 10193.575357 10197.249958 10211.009548 10210.400477 10217.232072 0.000000 0.000000
0.000000 0.000000 11488.232212 11489.710225 11483.003974 11481.990045 11455.036176 11463.025004 11452.671748 11454.186411 11455.389880 11455.016556 11453.467825 11450.003039 11440.146931 11469.024394 11474.312663 11484.827764 11491.770283 0.000000 0.000000
0.000000 0.000000 12858.789905 12853.912056 12851.060634 12827.712585 12827.144384 12811.873313 12799.139274 12797.717606 12792.869318 12786.782907 12789.846449 12787.924814 12802.451352 12806.174362 12846.322520 12837.660233 12837.776974 0.000000 0.000000
0.000000 0.000000 14264.255478 14263.721133 14228.947386 14228.114271 14232.975961 14225.342435 14242.115528 14234.715058 14240.528729 14236.107235 14230.909305 14239.131977 14242.747621 14242.175999 14222.362357 14272.261414 14265.321415 0.000000 0.000000
0.000000 0.000000 15859.776142 15817.692476 15815.453165 15806.104810 15781.316338 15774.578912 15766.587305 15769.837577 15756.350917 15756.736032 15761.530045 15761.284641 15772.650780 15783.136467 15813.600174 15808.126101 15855.671434 0.000000 0.000000
0.000000 0.000000 16975.842839 16987.683251 17031.963329 17025.303754 17011.063700 16974.723292 16975.829474 16962.194953 16973.686229 16971.814754 16977.456635 16972.586242 17004.141825 17015.841037 17038.864724 16993.601153 16981.638171 0.000000 0.000000
0.000000 0.000000 0.000000 0.000000 0.000000 0.000000 0.000000 0.000000 0.000000 0.000000 0.000000 0.000000 0.000000 0.000000 0.000000 0.000000 0.000000 0.000000 0.000000 0.000000 0.000000
0.000000 0.000000 0.000000 0.000000 0.000000 0.000000 0.000000 0.000000 0.000000 0.000000 0.000000 0.000000 0.000000 0.000000 0.000000 0.000000 0.000000 0.000000 0.000000 0.000000 0.000000