geotop/1.0zi/1.0Montebello/Templates/testdem/maps/_Erotot3148.asc
ncols         21
nrows         20
xllcorner     100.000000
yllcorner     100.000000
cellsize      50.000000
NODATA_value  -9999.0
0.000000 0.000000 0.000000 0.000000 0.000000 0.000000 0.000000 0.000000 0.000000 0.000000 0.000000 0.000000 0.000000 0.000000 0.000000 0.000000 0.000000 0.000000 0.000000 0.000000 0.000000
0.000000 0.000000 350.731119 350.733972 350.737528 350.856307 350.725599 350.729926 350.703776 350.744373 350.759540 350.744373 350.703776 350.729926 350.725599 350.856307 350.737528 350.733972 350.731119 0.000000 0.000000
0.000000 0.000000 11.501733 11.263068 9.505979 11.187656 11.500076 11.430497 11.542174 11.441181 11.808411 11.441181 11.542174 11.430497 11.500076 11.187656 9.505979 11.263068 11.501733 0.000000 0.000000
0.000000 0.000000 2577.457549 2577.088516 2577.246909 2575.413073 2577.260605 2576.792854 2576.760184 2577.567449 2577.710135 2577.567449 2576.760184 2576.792854 2577.260605 2575.413073 2577.246909 2577.088516 2577.457549 0.000000 0.000000
0.000000 0.000000 4793.553215 4793.375825 4792.705979 4793.283442 4793.806665 4793.678127 4793.654476 4793.763028 4793.783933 4793.763028 4793.654476 4793.678127 4793.806665 4793.283442 4792.705979 4793.375825 4793.553215 0.000000 0.000000
0.000000 0.000000 6223.675742 6223.452342 6222.840903 6222.975921 6223.744708 6223.470666 6223.503069 6223.792669 6224.016573 6223.792669 6223.503069 6223.470666 6223.744708 6222.975921 6222.840903 6223.452342 6223.675742 0.000000 0.000000
0.000000 0.000000 8010.638638 8010.450241 8009.892380 8010.011981 8010.668498 8010.432840 8010.467489 8010.720239 8010.943233 8010.720239 8010.467489 8010.432840 8010.668498 8010.011981 8009.892380 8010.450241 8010.638638 0.000000 0.000000
0.000000 0.000000 9662.844590 9662.685487 9662.172894 9662.296050 9662.853533 9662.652080 9662.685709 9662.909459 9663.111174 9662.909459 9662.685709 9662.652080 9662.853533 9662.296050 9662.172894 9662.685487 9662.844590 0.000000 0.000000
0.000000 0.000000 11185.999023 11185.854880 11185.372308 11185.494291 11186.004157 11185.820618 11185.850403 11186.057960 11186.248455 11186.057960 11185.850403 11185.820618 11186.004157 11185.494291 11185.372308 11185.854880 11185.999023 0.000000 0.000000
0.000000 0.000000 12603.680505 12603.566630 12603.102306 12603.261520 12603.683096 12603.520257 12603.552410 12603.738791 12603.912812 12603.738791 12603.552410 12603.520257 12603.683096 12603.261520 12603.102306 12603.566630 12603.680505 0.000000 0.000000
0.000000 0.000000 13924.435377 13924.316709 13923.878208 13924.012932 13924.441653 13924.280737 13924.308666 13924.492951 13924.657211 13924.492951 13924.308666 13924.280737 13924.441653 13924.012932 13923.878208 13924.316709 13924.435377 0.000000 0.000000
0.000000 0.000000 15172.770799 15172.657170 15172.246620 15172.376822 15172.792326 15172.639037 15172.662329 15172.845356 15172.999343 15172.845356 15172.662329 15172.639037 15172.792326 15172.376822 15172.246620 15172.657170 15172.770799 0.000000 0.000000
0.000000 0.000000 16355.967308 16355.861103 16355.462006 16355.593432 16355.987774 16355.839476 16355.861808 16356.040066 16356.184972 16356.040066 16355.861808 16355.839476 16355.987774 16355.593432 16355.462006 16355.861103 16355.967308 0.000000 0.000000
0.000000 0.000000 17488.199312 17488.102222 17487.717017 17487.865041 17488.221731 17488.080553 17488.103606 17488.273920 17488.411609 17488.273920 17488.103606 17488.080553 17488.221731 17487.865041 17487.717017 17488.102222 17488.199312 0.000000 0.000000
0.000000 0.000000 18570.596296 18570.498943 18570.124247 18570.260409 18570.622297 18570.482908 18570.503458 18570.672423 18570.803526 18570.672423 18570.503458 18570.482908 18570.622297 18570.260409 18570.124247 18570.498943 18570.596295 0.000000 0.000000
0.000000 0.000000 19607.261167 19607.166128 19606.803590 19606.932055 19607.279902 19607.145915 19607.166572 19607.328430 19607.455460 19607.328430 19607.166572 19607.145915 19607.279902 19606.932055 19606.803590 19607.166128 19607.261163 0.000000 0.000000
0.000000 0.000000 20604.203263 20604.111043 20603.754873 20603.887060 20604.222000 20604.090921 20604.111402 20604.269096 20604.388914 20604.269096 20604.111402 20604.090921 20604.222000 20603.887060 20603.754873 20604.111022 20604.203255 0.000000 0.000000
0.000000 0.000000 21617.595079 21618.051998 21617.704554 21617.832384 21618.158745 21618.032287 21618.051156 21618.204034 21618.320237 21618.204034 21618.051156 21618.032287 21618.158745 21617.832384 21617.704537 21618.048672 21618.137421 0.000000 0.000000
0.000000 0.000000 0.000000 0.000000 0.000000 0.000000 0.000000 0.000000 0.000000 0.000000 0.000000 0.000000 0.000000 0.000000 0.000000 0.000000 0.000000 0.000000 0.000000 0.000000 0.000000
0.000000 0.000000 0.000000 0.000000 0.000000 0.000000 0.000000 0.000000 0.000000 0.000000 0.000000 0.000000 0.000000 0.000000 0.000000 0.000000 0.000000 0.000000 0.000000 0.000000 0.000000