geotop/1.0zi/1.0Montebello/Templates/testdem/maps/_Erotot1137.asc
ncols         21
nrows         20
xllcorner     100.000000
yllcorner     100.000000
cellsize      50.000000
NODATA_value  -9999.0
0.000000 0.000000 0.000000 0.000000 0.000000 0.000000 0.000000 0.000000 0.000000 0.000000 0.000000 0.000000 0.000000 0.000000 0.000000 0.000000 0.000000 0.000000 0.000000 0.000000 0.000000
0.000000 0.000000 123.510143 123.511506 123.546264 123.521342 123.503534 123.511530 123.513056 123.508056 123.508692 123.508056 123.513056 123.511530 123.503534 123.521342 123.546264 123.511506 123.510143 0.000000 0.000000
0.000000 0.000000 8.674585 8.455925 6.680381 8.538231 8.710265 8.701743 8.712524 8.718230 8.716369 8.718230 8.712524 8.701743 8.710265 8.538231 6.680381 8.455925 8.674585 0.000000 0.000000
0.000000 0.000000 895.586349 895.381175 895.402530 893.379604 895.642236 895.297967 895.260712 895.790298 895.733055 895.790298 895.260712 895.297967 895.642236 893.379604 895.402530 895.381175 895.586349 0.000000 0.000000
0.000000 0.000000 1639.230172 1639.005516 1638.251139 1638.939984 1639.372621 1639.204845 1639.162630 1639.311706 1639.265833 1639.311706 1639.162630 1639.204845 1639.372621 1638.939984 1638.251139 1639.005516 1639.230172 0.000000 0.000000
0.000000 0.000000 2156.973761 2156.799923 2156.045018 2156.219059 2157.059497 2156.884978 2156.871351 2157.088939 2157.061135 2157.088939 2156.871351 2156.884978 2157.059497 2156.219059 2156.045018 2156.799923 2156.973761 0.000000 0.000000
0.000000 0.000000 2818.470457 2818.331927 2817.649322 2817.822266 2818.530412 2818.397291 2818.392873 2818.572388 2818.548211 2818.572388 2818.392873 2818.397291 2818.530412 2817.822266 2817.649322 2818.331927 2818.470457 0.000000 0.000000
0.000000 0.000000 3451.177906 3451.058270 3450.425906 3450.598530 3451.220394 3451.112438 3451.112080 3451.269987 3451.249010 3451.269987 3451.112080 3451.112438 3451.220394 3450.598530 3450.425906 3451.058270 3451.177906 0.000000 0.000000
0.000000 0.000000 4053.127883 4053.018319 4052.416216 4052.584230 4053.162935 4053.065802 4053.067682 4053.214611 4053.194247 4053.214611 4053.067682 4053.065802 4053.162935 4052.584230 4052.416216 4053.018319 4053.127883 0.000000 0.000000
0.000000 0.000000 4630.640052 4630.557672 4629.966928 4630.172986 4630.666288 4630.585263 4630.593973 4630.723604 4630.703111 4630.723604 4630.593973 4630.585263 4630.666288 4630.172986 4629.966928 4630.557672 4630.640052 0.000000 0.000000
0.000000 0.000000 5185.830557 5185.738330 5185.165047 5185.344929 5185.858586 5185.773308 5185.778876 5185.911099 5185.889550 5185.911099 5185.778876 5185.773308 5185.858586 5185.344929 5185.165047 5185.738330 5185.830557 0.000000 0.000000
0.000000 0.000000 5724.148099 5724.052767 5723.492835 5723.663075 5724.171595 5724.088793 5724.095034 5724.226074 5724.205688 5724.226074 5724.095034 5724.088793 5724.171595 5723.663075 5723.492835 5724.052767 5724.148099 0.000000 0.000000
0.000000 0.000000 6250.931182 6250.837690 6250.284261 6250.455873 6250.952611 6250.870888 6250.877844 6251.006931 6250.986080 6251.006931 6250.877844 6250.870888 6250.952611 6250.455873 6250.284261 6250.837690 6250.931182 0.000000 0.000000
0.000000 0.000000 6767.048590 6766.961692 6766.412676 6766.605378 6767.068013 6766.989979 6766.999631 6767.124343 6767.102816 6767.124343 6766.999631 6766.989979 6767.068013 6766.605378 6766.412676 6766.961692 6767.048590 0.000000 0.000000
0.000000 0.000000 7275.611253 7275.521892 7274.973332 7275.155665 7275.630908 7275.551123 7275.559830 7275.686997 7275.664743 7275.686997 7275.559830 7275.551123 7275.630908 7275.155665 7274.973332 7275.521892 7275.611253 0.000000 0.000000
0.000000 0.000000 7777.248339 7777.159560 7776.624048 7776.798748 7777.266952 7777.189984 7777.198634 7777.322627 7777.300601 7777.322627 7777.198634 7777.189984 7777.266952 7776.798748 7776.624048 7777.159560 7777.248335 0.000000 0.000000
0.000000 0.000000 8270.127862 8270.039386 8269.500726 8269.679195 8270.147725 8270.067464 8270.076275 8270.202711 8270.179569 8270.202711 8270.076275 8270.067464 8270.147725 8269.679195 8269.500726 8270.039369 8270.127527 0.000000 0.000000
0.000000 0.000000 8780.297563 8780.443939 8779.907182 8780.076669 8780.550819 8780.468513 8780.477511 8780.606359 8780.582969 8780.606359 8780.477511 8780.468513 8780.550819 8780.076669 8779.907166 8780.441187 8780.530478 0.000000 0.000000
0.000000 0.000000 0.000000 0.000000 0.000000 0.000000 0.000000 0.000000 0.000000 0.000000 0.000000 0.000000 0.000000 0.000000 0.000000 0.000000 0.000000 0.000000 0.000000 0.000000 0.000000
0.000000 0.000000 0.000000 0.000000 0.000000 0.000000 0.000000 0.000000 0.000000 0.000000 0.000000 0.000000 0.000000 0.000000 0.000000 0.000000 0.000000 0.000000 0.000000 0.000000 0.000000