geotop/1.0zi/1.0Montebello/Templates/testdem/maps/_Erotot3035.asc
ncols         21
nrows         20
xllcorner     100.000000
yllcorner     100.000000
cellsize      50.000000
NODATA_value  -9999.0
0.000000 0.000000 0.000000 0.000000 0.000000 0.000000 0.000000 0.000000 0.000000 0.000000 0.000000 0.000000 0.000000 0.000000 0.000000 0.000000 0.000000 0.000000 0.000000 0.000000 0.000000
0.000000 0.000000 333.241636 333.244450 333.247972 333.366774 333.236033 333.240385 333.214750 333.254764 333.270449 333.254764 333.214750 333.240385 333.236033 333.366774 333.247972 333.244450 333.241636 0.000000 0.000000
0.000000 0.000000 12.151039 11.922961 10.167739 11.849725 12.163742 12.093018 12.192176 12.106014 12.458782 12.106014 12.192176 12.093018 12.163742 11.849725 10.167739 11.922961 12.151039 0.000000 0.000000
0.000000 0.000000 2439.478499 2439.138455 2439.421289 2437.611040 2439.527894 2439.050403 2438.997666 2439.903235 2440.041698 2439.903235 2438.997666 2439.050403 2439.527894 2437.611040 2439.421289 2439.138455 2439.478499 0.000000 0.000000
0.000000 0.000000 4602.701625 4602.533990 4601.870546 4602.451281 4602.995685 4602.866363 4602.824143 4602.961459 4602.959891 4602.961459 4602.824143 4602.866363 4602.995685 4602.451281 4601.870546 4602.533990 4602.701625 0.000000 0.000000
0.000000 0.000000 5974.301679 5974.096213 5973.525140 5973.667900 5974.467301 5974.188848 5974.204226 5974.542287 5974.749220 5974.542287 5974.204226 5974.188848 5974.467301 5973.667900 5973.525140 5974.096213 5974.301679 0.000000 0.000000
0.000000 0.000000 7708.460416 7708.289752 7707.771196 7707.898705 7708.584419 7708.344034 7708.363673 7708.660927 7708.866597 7708.660927 7708.363673 7708.344034 7708.584419 7707.898705 7707.771196 7708.289752 7708.460416 0.000000 0.000000
0.000000 0.000000 9314.969355 9314.826945 9314.350093 9314.480939 9315.066205 9314.859943 9314.878824 9315.144437 9315.328044 9315.144437 9314.878824 9314.859943 9315.066205 9314.480939 9314.350093 9314.826945 9314.969355 0.000000 0.000000
0.000000 0.000000 10795.904709 10795.776013 10795.325501 10795.454950 10795.991540 10795.803018 10795.818769 10796.065029 10796.237033 10796.065029 10795.818769 10795.803018 10795.991540 10795.454950 10795.325501 10795.776013 10795.904709 0.000000 0.000000
0.000000 0.000000 12175.175095 12175.075817 12174.640270 12174.807079 12175.254376 12175.086377 12175.104987 12175.327137 12175.481679 12175.327137 12175.104987 12175.086377 12175.254376 12174.807079 12174.640270 12175.075817 12175.175095 0.000000 0.000000
0.000000 0.000000 13459.523584 13459.418993 13459.006641 13459.149109 13459.603797 13459.437211 13459.451474 13459.668926 13459.810895 13459.668926 13459.451474 13459.437211 13459.603797 13459.149109 13459.006641 13459.418993 13459.523584 0.000000 0.000000
0.000000 0.000000 14675.347904 14675.243585 14674.849581 14674.985771 14675.422034 14675.263820 14675.277513 14675.486325 14675.624332 14675.486325 14675.277513 14675.263820 14675.422034 14674.985771 14674.849581 14675.243585 14675.347904 0.000000 0.000000
0.000000 0.000000 15833.043545 15832.945177 15832.560110 15832.697415 15833.111508 15832.958357 15832.972224 15833.174240 15833.305258 15833.174240 15832.972224 15832.958357 15833.111508 15832.697415 15832.560110 15832.945177 15833.043545 0.000000 0.000000
0.000000 0.000000 16942.102048 16942.011869 16941.638776 16941.792779 16942.168321 16942.022322 16942.037593 16942.230419 16942.355643 16942.230419 16942.037593 16942.022322 16942.168321 16941.792779 16941.638776 16942.011869 16942.102048 0.000000 0.000000
0.000000 0.000000 18004.197805 18004.106109 18003.740142 18003.881847 18004.261193 18004.117067 18004.130641 18004.320041 18004.439693 18004.320041 18004.130641 18004.117067 18004.261193 18003.881847 18003.740142 18004.106109 18004.197805 0.000000 0.000000
0.000000 0.000000 19023.175636 19023.086350 19022.732858 19022.867005 19023.232585 19023.093820 19023.107433 19023.290374 19023.406769 19023.290374 19023.107433 19023.093820 19023.232585 19022.867005 19022.732858 19023.086350 19023.175632 0.000000 0.000000
0.000000 0.000000 20004.909874 20004.822991 20004.474910 20004.612881 20004.965448 20004.829463 20004.843101 20005.021265 20005.130887 20005.021265 20004.843101 20004.829463 20004.965448 20004.612881 20004.474909 20004.822970 20004.909817 0.000000 0.000000
0.000000 0.000000 21003.096964 21003.541530 21003.201830 21003.335510 21003.679774 21003.548269 21003.560310 21003.733808 21003.840208 21003.733808 21003.560310 21003.548269 21003.679774 21003.335510 21003.201812 21003.538175 21003.621687 0.000000 0.000000
0.000000 0.000000 0.000000 0.000000 0.000000 0.000000 0.000000 0.000000 0.000000 0.000000 0.000000 0.000000 0.000000 0.000000 0.000000 0.000000 0.000000 0.000000 0.000000 0.000000 0.000000
0.000000 0.000000 0.000000 0.000000 0.000000 0.000000 0.000000 0.000000 0.000000 0.000000 0.000000 0.000000 0.000000 0.000000 0.000000 0.000000 0.000000 0.000000 0.000000 0.000000 0.000000