geotop/1.0zi/1.0Montebello/Templates/testdem/maps/_Erotot9201.asc
ncols         21
nrows         20
xllcorner     100.000000
yllcorner     100.000000
cellsize      50.000000
NODATA_value  -9999.0
0.000000 0.000000 0.000000 0.000000 0.000000 0.000000 0.000000 0.000000 0.000000 0.000000 0.000000 0.000000 0.000000 0.000000 0.000000 0.000000 0.000000 0.000000 0.000000 0.000000 0.000000
0.000000 0.000000 723.320041 723.892225 723.314447 723.396388 722.363696 722.474369 722.559846 722.632487 723.019837 722.384578 722.276773 722.323128 722.723118 722.876408 723.696492 724.302505 724.461173 0.000000 0.000000
0.000000 0.000000 56.401467 55.325547 55.640340 55.572504 56.389710 56.084536 55.708183 55.577301 55.777149 56.103708 56.161142 56.273267 56.036777 55.431767 54.165718 53.296320 53.902264 0.000000 0.000000
0.000000 0.000000 428.249091 430.061201 416.978866 410.749362 410.183813 404.323307 409.321972 410.998619 407.050419 405.454943 408.873253 408.380646 416.871226 425.341340 429.155350 423.569834 430.848070 0.000000 0.000000
0.000000 0.000000 3999.255473 3992.725070 3986.744434 3953.379956 3927.492941 3914.922455 3907.432295 3900.842256 3908.388923 3914.791734 3913.120242 3908.087498 3927.773419 3932.216225 3948.162107 3959.213418 3959.329279 0.000000 0.000000
0.000000 0.000000 6177.284504 6172.001380 6167.302101 6169.473246 6145.067773 6132.992280 6136.571540 6135.831640 6131.336550 6124.896028 6123.277188 6127.599608 6127.421733 6153.629719 6154.603382 6161.945602 6164.124904 0.000000 0.000000
0.000000 0.000000 7605.880328 7600.496665 7596.717119 7585.446903 7577.790349 7540.815266 7543.556752 7540.818502 7540.166319 7544.324742 7544.872861 7546.554114 7579.379424 7584.174949 7593.374147 7595.235094 7600.451121 0.000000 0.000000
0.000000 0.000000 9055.050074 9052.151725 9047.021213 9034.834999 9027.888396 9025.557017 9025.308222 9023.226849 9023.170567 9018.772136 9017.660760 9024.894933 9023.105024 9032.472601 9047.092575 9043.571504 9049.743586 0.000000 0.000000
0.000000 0.000000 10918.439391 10913.098163 10906.012863 10902.943704 10886.740699 10865.976874 10869.035467 10864.741904 10861.252604 10860.564637 10863.449210 10857.366673 10882.363735 10896.165582 10898.183716 10900.728270 10903.333792 0.000000 0.000000
0.000000 0.000000 13083.411124 13075.783032 13072.588294 13065.383564 13042.219096 13029.401562 13028.981573 13027.070909 13022.779510 13026.913469 13030.025860 13029.830812 13037.034443 13056.615846 13064.695994 13067.437244 13067.025938 0.000000 0.000000
0.000000 0.000000 15488.280235 15485.440765 15483.398951 15452.763788 15446.489898 15423.644804 15431.804311 15414.731824 15420.233771 15416.005867 15408.355366 15419.650621 15434.353090 15438.390062 15453.514793 15457.379702 15473.250480 0.000000 0.000000
0.000000 0.000000 18157.710802 18145.930984 18128.804414 18127.319684 18109.803491 18083.988181 18083.515764 18084.713371 18091.601145 18076.746446 18084.429296 18082.447410 18109.572488 18122.803111 18124.437347 18128.452524 18153.648309 0.000000 0.000000
0.000000 0.000000 20988.754892 20980.910128 20983.030110 20956.443905 20945.649936 20875.216549 20872.107631 20871.023506 20839.344347 20859.229916 20861.607525 20869.353344 20920.891780 20930.239668 20960.678697 20959.530301 20966.228807 0.000000 0.000000
0.000000 0.000000 24349.220352 24349.700814 24325.914819 24317.462679 24223.957264 24268.010189 24245.446131 24246.479889 24260.747008 24247.223003 24245.938270 24234.836976 24191.351035 24297.364169 24299.922779 24325.775123 24339.154757 0.000000 0.000000
0.000000 0.000000 28081.575717 28066.783365 28048.690500 27939.470497 27987.101903 27921.944568 27899.163433 27893.563467 27869.129057 27856.594146 27867.946919 27869.191606 27933.321713 27885.729156 28041.245658 28001.165209 27993.596427 0.000000 0.000000
0.000000 0.000000 31685.309002 31678.325288 31532.877247 31609.229392 31593.125034 31597.267103 31670.868474 31648.435203 31684.169631 31675.478714 31648.794887 31685.545837 31668.364235 31684.858110 31511.339829 31736.164140 31726.543279 0.000000 0.000000
0.000000 0.000000 35399.260144 35232.848343 35313.578798 35239.541252 35154.331452 35132.654431 35069.378965 35087.260904 35025.912046 35034.113500 35068.383142 35034.352130 35079.924437 35133.067222 35306.050178 35149.837516 35325.357238 0.000000 0.000000
0.000000 0.000000 36248.532904 36396.009363 36511.447464 36514.736322 36525.392795 36421.080796 36444.526849 36407.938775 36466.628869 36455.662911 36449.270694 36463.200342 36544.443864 36539.393456 36528.071882 36436.397263 36289.650872 0.000000 0.000000
0.000000 0.000000 0.000000 0.000000 0.000000 0.000000 0.000000 0.000000 0.000000 0.000000 0.000000 0.000000 0.000000 0.000000 0.000000 0.000000 0.000000 0.000000 0.000000 0.000000 0.000000
0.000000 0.000000 0.000000 0.000000 0.000000 0.000000 0.000000 0.000000 0.000000 0.000000 0.000000 0.000000 0.000000 0.000000 0.000000 0.000000 0.000000 0.000000 0.000000 0.000000 0.000000