geotop/1.0zi/1.0Montebello/Templates/testdem/maps/_Erotot8065.asc
ncols         21
nrows         20
xllcorner     100.000000
yllcorner     100.000000
cellsize      50.000000
NODATA_value  -9999.0
0.000000 0.000000 0.000000 0.000000 0.000000 0.000000 0.000000 0.000000 0.000000 0.000000 0.000000 0.000000 0.000000 0.000000 0.000000 0.000000 0.000000 0.000000 0.000000 0.000000 0.000000
0.000000 0.000000 670.826163 671.633938 671.094763 671.209751 670.209165 670.377666 670.364253 670.427592 670.860636 670.185936 670.064290 670.116435 670.481844 670.626104 671.451976 671.988956 672.194584 0.000000 0.000000
0.000000 0.000000 51.853253 50.871491 51.119726 51.183001 51.819586 51.499580 51.203347 51.068712 51.298922 51.657731 51.677237 51.826818 51.579392 51.068851 49.793138 48.934828 49.455026 0.000000 0.000000
0.000000 0.000000 354.432245 355.550517 343.188381 337.923515 338.475772 327.159028 327.277985 328.096695 324.437712 322.663960 324.811518 324.952059 335.219139 342.273837 346.899007 349.810797 355.020313 0.000000 0.000000
0.000000 0.000000 3273.748790 3275.861656 3278.092913 3255.054965 3235.355669 3223.837207 3223.130855 3218.355358 3225.187746 3230.333010 3225.823306 3224.354720 3239.399104 3243.105634 3254.333392 3262.969907 3262.345291 0.000000 0.000000
0.000000 0.000000 5214.589577 5209.277861 5205.793752 5199.607295 5184.040024 5174.339973 5175.219478 5174.144668 5170.840106 5165.144197 5164.174584 5167.390168 5166.905258 5187.126258 5195.028284 5201.863307 5205.060336 0.000000 0.000000
0.000000 0.000000 6528.228879 6525.195618 6520.592809 6513.570799 6499.532081 6477.230834 6476.176024 6472.364001 6473.781779 6477.500687 6479.003293 6479.490781 6507.588935 6517.803033 6523.555764 6526.336864 6531.571133 0.000000 0.000000
0.000000 0.000000 7685.260143 7685.521395 7682.403889 7672.249286 7669.425365 7659.647856 7659.844504 7659.637033 7658.656405 7654.692599 7654.005323 7660.243378 7662.346717 7667.469785 7680.245246 7678.780492 7683.814650 0.000000 0.000000
0.000000 0.000000 9200.080012 9195.521922 9188.999218 9188.416459 9176.891917 9161.112897 9162.398374 9157.760919 9155.697232 9155.426605 9157.918255 9152.094388 9171.108703 9185.340918 9187.506305 9191.221204 9192.630750 0.000000 0.000000
0.000000 0.000000 10933.355617 10929.875508 10929.920747 10925.285394 10904.317368 10894.113330 10893.696324 10893.425481 10889.948888 10893.441966 10896.618795 10895.880692 10903.069102 10917.911501 10925.951255 10927.922602 10929.043456 0.000000 0.000000
0.000000 0.000000 12835.787394 12834.977609 12831.791688 12810.888543 12804.575024 12788.083650 12793.951001 12780.311932 12784.522095 12782.683433 12775.601626 12785.776093 12795.609797 12798.797014 12811.894162 12819.062452 12829.979874 0.000000 0.000000
0.000000 0.000000 14900.850270 14892.673774 14884.098216 14880.328981 14869.290596 14848.408015 14844.573719 14845.347523 14852.834580 14841.459471 14845.823990 14845.547784 14868.969850 14878.142086 14881.423991 14885.433916 14909.323676 0.000000 0.000000
0.000000 0.000000 17054.814197 17049.899233 17050.099195 17035.458357 17027.782681 16976.029965 16974.334626 16973.245017 16950.929624 16963.971361 16968.349685 16973.334225 17009.450590 17017.228337 17041.738112 17041.325925 17048.752984 0.000000 0.000000
0.000000 0.000000 19533.324221 19535.979977 19521.422596 19516.343562 19453.359602 19475.630548 19458.994582 19460.323759 19467.742684 19462.285430 19459.860083 19454.582606 19431.630065 19499.376086 19506.149041 19527.368374 19537.446880 0.000000 0.000000
0.000000 0.000000 22322.670439 22313.934773 22304.104920 22233.445716 22250.018085 22214.607081 22194.594514 22190.953605 22177.919761 22166.811202 22173.860659 22172.596538 22211.777739 22198.289879 22299.240702 22278.506128 22275.513788 0.000000 0.000000
0.000000 0.000000 25223.661528 25220.453110 25118.461426 25152.296715 25151.972124 25142.886072 25189.621871 25173.870826 25195.998363 25187.623807 25171.024060 25197.470706 25197.405037 25199.220529 25109.192919 25259.620147 25250.826388 0.000000 0.000000
0.000000 0.000000 28677.117987 28529.292040 28572.542058 28521.543921 28443.926277 28427.150827 28383.289959 28396.014754 28348.338733 28353.444556 28378.797597 28356.324890 28392.430388 28441.930511 28569.555848 28475.420589 28633.083495 0.000000 0.000000
0.000000 0.000000 29891.139235 30039.601845 30172.118253 30176.538682 30184.210983 30067.485631 30088.409875 30049.214803 30110.235232 30099.158359 30093.752236 30107.680364 30203.026896 30198.599242 30196.930342 30090.642136 29943.578800 0.000000 0.000000
0.000000 0.000000 0.000000 0.000000 0.000000 0.000000 0.000000 0.000000 0.000000 0.000000 0.000000 0.000000 0.000000 0.000000 0.000000 0.000000 0.000000 0.000000 0.000000 0.000000 0.000000
0.000000 0.000000 0.000000 0.000000 0.000000 0.000000 0.000000 0.000000 0.000000 0.000000 0.000000 0.000000 0.000000 0.000000 0.000000 0.000000 0.000000 0.000000 0.000000 0.000000 0.000000