geotop/1.0zi/1.0Montebello/Templates/testdem/maps/_Erotot5795.asc
ncols         21
nrows         20
xllcorner     100.000000
yllcorner     100.000000
cellsize      50.000000
NODATA_value  -9999.0
0.000000 0.000000 0.000000 0.000000 0.000000 0.000000 0.000000 0.000000 0.000000 0.000000 0.000000 0.000000 0.000000 0.000000 0.000000 0.000000 0.000000 0.000000 0.000000 0.000000 0.000000
0.000000 0.000000 437.882749 437.084284 436.904855 436.695217 436.658165 436.761532 436.711404 436.885596 436.792498 436.589845 436.529539 436.608906 436.716573 436.619753 436.814472 437.009639 437.426377 0.000000 0.000000
0.000000 0.000000 33.043737 33.707852 33.997204 35.166345 34.912314 34.672102 34.494319 34.270943 34.482145 34.835388 34.652289 34.407923 34.861304 34.626781 33.798746 32.964604 32.367056 0.000000 0.000000
0.000000 0.000000 184.771673 186.111528 178.491245 175.714569 177.098069 172.044126 171.659843 171.210477 170.491235 168.113162 170.684058 168.824566 172.190501 177.781211 177.450724 180.687132 183.972872 0.000000 0.000000
0.000000 0.000000 1780.676188 1785.554814 1791.527912 1773.315926 1758.305622 1747.542764 1750.158877 1747.603786 1751.302246 1755.547692 1751.951664 1749.883483 1759.861356 1759.105918 1766.326824 1773.390832 1774.634318 0.000000 0.000000
0.000000 0.000000 3185.595961 3179.554085 3176.836153 3172.499309 3164.662154 3157.302235 3155.753417 3155.571999 3154.674109 3152.624597 3149.922331 3151.966428 3151.478577 3166.868262 3171.817080 3175.074969 3177.521060 0.000000 0.000000
0.000000 0.000000 4240.031181 4237.520946 4234.529510 4230.168082 4217.229373 4200.762028 4200.821849 4197.400215 4199.108941 4201.892968 4203.793505 4204.867219 4224.665062 4233.989385 4238.787134 4240.452597 4245.643653 0.000000 0.000000
0.000000 0.000000 4867.819510 4869.235161 4868.464931 4862.286773 4861.835641 4854.903175 4855.527944 4855.944262 4854.757244 4852.402436 4852.061602 4855.479377 4855.229165 4857.459641 4865.621413 4863.875652 4866.886748 0.000000 0.000000
0.000000 0.000000 5729.275638 5726.677811 5722.781116 5723.872794 5717.383277 5707.020383 5707.546006 5704.947239 5702.570067 5703.814280 5704.933177 5699.650461 5712.483098 5720.191578 5722.188731 5723.001783 5724.421989 0.000000 0.000000
0.000000 0.000000 6727.898877 6725.607590 6727.926373 6727.422978 6712.862217 6705.961588 6707.438607 6706.555331 6704.597430 6707.748857 6710.604767 6708.869390 6711.773237 6721.715808 6725.429768 6725.607648 6726.296500 0.000000 0.000000
0.000000 0.000000 7804.892228 7805.162699 7805.468143 7791.488111 7788.984437 7778.407811 7781.994923 7773.023949 7775.509223 7774.631754 7769.884112 7776.985115 7781.057190 7782.157292 7788.631762 7794.442713 7801.624889 0.000000 0.000000
0.000000 0.000000 8929.907822 8925.470210 8920.824235 8919.243320 8915.451295 8900.857407 8899.979058 8899.095270 8905.778042 8898.860578 8900.773199 8900.155743 8915.173529 8918.098959 8919.418269 8919.909932 8939.035642 0.000000 0.000000
0.000000 0.000000 10067.744205 10065.921713 10067.089261 10059.865242 10055.931499 10029.951114 10028.811490 10028.503748 10014.432962 10023.328185 10027.124491 10028.914578 10044.349052 10047.934854 10061.586106 10060.938122 10067.752357 0.000000 0.000000
0.000000 0.000000 11314.509425 11315.982274 11309.440581 11308.519661 11282.073207 11290.011085 11279.809589 11281.232178 11282.472637 11282.143693 11280.576480 11277.096039 11267.149652 11295.493298 11300.728612 11311.113955 11318.004230 0.000000 0.000000
0.000000 0.000000 12657.187595 12652.321511 12649.659196 12626.953735 12626.385682 12611.369665 12598.811447 12597.335613 12592.620223 12586.618584 12589.593004 12587.660162 12601.823306 12605.473674 12644.872471 12636.299212 12636.422524 0.000000 0.000000
0.000000 0.000000 14032.744840 14032.218383 13998.397273 13997.536834 14002.434982 13994.820138 14011.360175 14003.943056 14009.690690 14005.334483 14000.232772 14008.225605 14011.715551 14011.105266 13991.759495 14040.452351 14033.548589 0.000000 0.000000
0.000000 0.000000 15592.267304 15551.512545 15549.345670 15540.446765 15516.279525 15509.731202 15502.038308 15505.133418 15492.039131 15492.408458 15496.988394 15496.856070 15507.800326 15517.801582 15547.404908 15542.284690 15588.446358 0.000000 0.000000
0.000000 0.000000 16689.982221 16700.948021 16743.906238 16737.390605 16723.244973 16687.950507 16689.070468 16675.624386 16686.783275 16684.981598 16690.598755 16685.617295 16716.119018 16727.720506 16750.462158 16706.519135 16695.345773 0.000000 0.000000
0.000000 0.000000 0.000000 0.000000 0.000000 0.000000 0.000000 0.000000 0.000000 0.000000 0.000000 0.000000 0.000000 0.000000 0.000000 0.000000 0.000000 0.000000 0.000000 0.000000 0.000000
0.000000 0.000000 0.000000 0.000000 0.000000 0.000000 0.000000 0.000000 0.000000 0.000000 0.000000 0.000000 0.000000 0.000000 0.000000 0.000000 0.000000 0.000000 0.000000 0.000000 0.000000