geotop/1.0zi/1.0Montebello/Templates/testdem/maps/_Erotot182A.asc
ncols         21
nrows         20
xllcorner     100.000000
yllcorner     100.000000
cellsize      50.000000
NODATA_value  -9999.0
0.000000 0.000000 0.000000 0.000000 0.000000 0.000000 0.000000 0.000000 0.000000 0.000000 0.000000 0.000000 0.000000 0.000000 0.000000 0.000000 0.000000 0.000000 0.000000 0.000000 0.000000
0.000000 0.000000 988.385118 987.872333 986.565974 984.642430 983.257738 982.387338 982.910762 983.611276 983.485672 982.663741 982.612665 982.708421 984.346770 984.862019 987.680383 988.386983 988.975599 0.000000 0.000000
0.000000 0.000000 69.035510 70.167611 68.759846 71.614816 71.006847 70.392124 70.638502 69.471717 70.471944 72.638057 70.420249 70.508152 69.997856 69.537199 67.259794 66.477603 69.515113 0.000000 0.000000
0.000000 0.000000 950.247631 952.455661 929.230990 916.697243 920.331367 909.176870 908.384656 909.774319 903.157051 904.559646 909.497561 912.965233 916.544224 928.650701 937.134619 938.788231 941.599142 0.000000 0.000000
0.000000 0.000000 6330.588788 6314.203845 6317.707710 6272.173490 6237.075401 6219.903037 6214.162723 6207.238831 6214.133913 6220.814984 6222.699038 6211.259827 6234.603030 6244.463314 6262.860717 6275.894858 6277.932102 0.000000 0.000000
0.000000 0.000000 8754.175621 8751.209669 8739.489628 8740.849824 8714.796230 8696.493922 8698.852957 8696.908366 8689.068600 8682.824401 8680.489320 8683.686939 8686.932330 8719.369970 8718.463058 8729.234949 8728.945022 0.000000 0.000000
0.000000 0.000000 10746.927208 10739.333162 10731.859350 10715.028847 10704.625015 10656.220142 10651.973784 10646.670021 10650.816736 10652.504468 10651.580289 10652.673540 10693.994300 10699.836211 10712.445983 10718.711932 10722.603024 0.000000 0.000000
0.000000 0.000000 13164.461729 13157.843357 13147.636821 13120.102308 13107.360161 13099.837154 13095.991378 13093.171095 13089.067611 13087.865756 13086.010116 13093.000953 13090.094572 13105.728717 13125.599511 13123.666332 13129.879910 0.000000 0.000000
0.000000 0.000000 16227.668921 16216.869505 16201.698898 16192.002744 16169.772842 16135.394084 16134.910135 16125.802783 16125.977724 16121.035045 16124.154792 16115.858306 16148.833320 16170.685867 16176.151691 16185.980439 16187.735938 0.000000 0.000000
0.000000 0.000000 19933.487206 19915.425008 19899.835394 19887.968972 19864.206390 19835.309084 19826.917633 19824.415076 19817.923026 19822.635485 19830.010042 19826.988062 19838.143196 19867.832756 19880.843508 19888.515449 19886.217361 0.000000 0.000000
0.000000 0.000000 24257.644930 24243.300162 24239.039697 24179.158744 24178.414750 24131.818925 24146.063929 24114.530271 24127.359967 24119.549571 24101.718254 24117.979655 24141.090501 24148.709240 24172.435573 24180.312494 24204.382014 0.000000 0.000000
0.000000 0.000000 29248.907846 29218.981779 29180.584362 29176.328936 29156.244447 29101.276417 29085.675504 29092.456128 29100.704783 29081.732543 29091.287607 29080.730720 29125.515287 29153.270203 29155.744535 29167.702063 29201.629357 0.000000 0.000000
0.000000 0.000000 34072.750109 34051.103144 34054.937361 34017.573106 33987.621319 33868.144868 33853.405658 33844.737813 33787.251438 33829.461747 33830.475952 33840.632525 33928.093003 33942.475670 33997.538736 34005.773177 33988.108937 0.000000 0.000000
0.000000 0.000000 38261.567740 38266.847654 38230.582540 38218.490899 38108.921844 38206.094229 38175.505875 38172.586009 38203.738962 38173.102146 38169.211137 38150.085194 38065.872673 38196.644543 38187.228770 38217.963010 38232.045190 0.000000 0.000000
0.000000 0.000000 40713.661787 40703.702462 40691.750587 40634.794838 40677.112042 40636.995538 40627.019562 40628.102933 40612.939697 40609.972798 40617.323699 40618.333314 40648.568988 40600.318715 40685.731771 40661.737381 40654.214721 0.000000 0.000000
0.000000 0.000000 42288.044423 42284.777639 42236.473321 42266.849071 42261.058936 42262.802876 42286.460508 42275.063947 42288.867587 42281.934401 42273.102212 42283.955608 42276.634192 42289.630713 42223.566464 42294.202392 42289.763424 0.000000 0.000000
0.000000 0.000000 43599.468193 43553.064193 43600.385019 43560.441380 43538.917353 43534.810103 43509.667339 43517.404731 43494.118659 43497.310422 43508.762709 43498.727266 43510.519615 43515.661925 43589.553694 43517.599708 43563.231091 0.000000 0.000000
0.000000 0.000000 44057.592252 44134.173168 44162.209265 44167.004084 44181.188873 44143.072495 44156.434959 44141.738732 44164.888722 44160.561853 44157.470139 44162.596476 44193.313151 44179.609153 44164.671319 44143.789977 44071.564988 0.000000 0.000000
0.000000 0.000000 0.000000 0.000000 0.000000 0.000000 0.000000 0.000000 0.000000 0.000000 0.000000 0.000000 0.000000 0.000000 0.000000 0.000000 0.000000 0.000000 0.000000 0.000000 0.000000
0.000000 0.000000 0.000000 0.000000 0.000000 0.000000 0.000000 0.000000 0.000000 0.000000 0.000000 0.000000 0.000000 0.000000 0.000000 0.000000 0.000000 0.000000 0.000000 0.000000 0.000000