geotop/1.0zi/1.0Montebello/Templates/testdem/maps/_Erotot4585.asc
ncols         21
nrows         20
xllcorner     100.000000
yllcorner     100.000000
cellsize      50.000000
NODATA_value  -9999.0
0.000000 0.000000 0.000000 0.000000 0.000000 0.000000 0.000000 0.000000 0.000000 0.000000 0.000000 0.000000 0.000000 0.000000 0.000000 0.000000 0.000000 0.000000 0.000000 0.000000 0.000000
0.000000 0.000000 346.105945 345.645793 345.431440 345.263755 345.270612 345.309474 345.346993 345.345507 345.332065 345.335179 345.337077 345.381336 345.267848 345.306776 345.500730 345.433207 345.546750 0.000000 0.000000
0.000000 0.000000 27.235839 27.862564 28.252139 29.321378 28.930549 29.009669 28.607796 28.543389 28.578411 28.888135 28.603917 28.360235 28.845223 28.590964 27.691213 27.095460 26.896202 0.000000 0.000000
0.000000 0.000000 137.689370 138.908224 131.818791 129.476482 130.561399 125.594535 124.861167 124.505925 123.636177 123.089321 124.123119 122.731779 125.465338 130.417391 130.983673 133.248438 135.886115 0.000000 0.000000
0.000000 0.000000 1344.023443 1348.150052 1353.510443 1336.369278 1325.188819 1317.231327 1319.699313 1313.872571 1318.123537 1322.358760 1322.672569 1323.164993 1332.456603 1331.432062 1336.860769 1342.611287 1344.471143 0.000000 0.000000
0.000000 0.000000 2626.973645 2622.293714 2618.768188 2616.149970 2610.917012 2607.797133 2605.128158 2606.850830 2606.456713 2603.866947 2600.026261 2601.204013 2600.701457 2613.579199 2617.716439 2617.789707 2620.625831 0.000000 0.000000
0.000000 0.000000 3314.181971 3310.166631 3306.252872 3303.191894 3295.007745 3280.281978 3282.030099 3278.760075 3281.362584 3280.511324 3282.768341 3283.968616 3298.368268 3305.144444 3311.673224 3315.456443 3318.399878 0.000000 0.000000
0.000000 0.000000 3780.121491 3780.250376 3781.102580 3776.432306 3774.558682 3769.765972 3770.393437 3770.593506 3768.396595 3769.367830 3768.189680 3767.277929 3770.295868 3774.571958 3776.479963 3775.846409 3777.303394 0.000000 0.000000
0.000000 0.000000 4432.916932 4432.866957 4430.624418 4428.539891 4424.507893 4416.055615 4416.348464 4414.426679 4414.969923 4415.622148 4414.751048 4415.261950 4420.591012 4428.256625 4428.321603 4429.817353 4433.473245 0.000000 0.000000
0.000000 0.000000 5181.947515 5180.495804 5181.098890 5177.409274 5169.230982 5164.341000 5166.008519 5165.013356 5165.091815 5165.167450 5164.149051 5162.440098 5169.752622 5176.292085 5178.577078 5179.600958 5180.880952 0.000000 0.000000
0.000000 0.000000 5973.446244 5971.906162 5970.880177 5968.946419 5966.749437 5956.350034 5956.706488 5954.113498 5954.274427 5955.315015 5954.171141 5953.945534 5958.964100 5961.640367 5966.422050 5968.499411 5971.487009 0.000000 0.000000
0.000000 0.000000 6797.994817 6797.576206 6795.520711 6788.997749 6784.673257 6776.724252 6775.800639 6775.298114 6775.423412 6774.645568 6774.241619 6774.108583 6783.095254 6789.022837 6792.445670 6793.621192 6810.515783 0.000000 0.000000
0.000000 0.000000 7625.535226 7623.918829 7622.134884 7619.525232 7612.623332 7593.808992 7594.132693 7592.287624 7592.212099 7592.857250 7591.259839 7591.642839 7607.481740 7615.536110 7618.779362 7620.298936 7622.630748 0.000000 0.000000
0.000000 0.000000 8508.688001 8506.105957 8504.397062 8500.702095 8481.969791 8490.238634 8484.443167 8483.461591 8483.882977 8484.250323 8482.955526 8482.613310 8476.617943 8494.990896 8498.912210 8504.162662 8504.026680 0.000000 0.000000
0.000000 0.000000 9451.555607 9447.138189 9443.006009 9430.815593 9428.530353 9412.467596 9404.558231 9402.754099 9398.534512 9398.185578 9399.203009 9396.820780 9407.837706 9415.874164 9437.169908 9432.879911 9434.231211 0.000000 0.000000
0.000000 0.000000 10390.827325 10390.822951 10370.814199 10374.132968 10373.890408 10372.961110 10375.727534 10375.632584 10378.419568 10378.294166 10375.116540 10380.012952 10377.642414 10376.625290 10365.583595 10389.304263 10393.854574 0.000000 0.000000
0.000000 0.000000 11456.460816 11433.057704 11425.276713 11417.687108 11403.561607 11397.383630 11395.711667 11394.848011 11391.144956 11391.497992 11391.618765 11388.827667 11393.482781 11410.038434 11423.423222 11424.146094 11448.346770 0.000000 0.000000
0.000000 0.000000 12247.043563 12250.842025 12272.880987 12263.503814 12257.484488 12234.315377 12232.727173 12229.819955 12231.540683 12231.344957 12229.688345 12230.889482 12252.817617 12261.679672 12273.459751 12247.798037 12249.862682 0.000000 0.000000
0.000000 0.000000 0.000000 0.000000 0.000000 0.000000 0.000000 0.000000 0.000000 0.000000 0.000000 0.000000 0.000000 0.000000 0.000000 0.000000 0.000000 0.000000 0.000000 0.000000 0.000000
0.000000 0.000000 0.000000 0.000000 0.000000 0.000000 0.000000 0.000000 0.000000 0.000000 0.000000 0.000000 0.000000 0.000000 0.000000 0.000000 0.000000 0.000000 0.000000 0.000000 0.000000