geotop/1.0zi/1.0Montebello/Templates/testdem/maps/_Erotot1573.asc
ncols         21
nrows         20
xllcorner     100.000000
yllcorner     100.000000
cellsize      50.000000
NODATA_value  -9999.0
0.000000 0.000000 0.000000 0.000000 0.000000 0.000000 0.000000 0.000000 0.000000 0.000000 0.000000 0.000000 0.000000 0.000000 0.000000 0.000000 0.000000 0.000000 0.000000 0.000000 0.000000
0.000000 0.000000 174.961486 174.963406 174.999727 174.983344 174.951714 174.963705 174.965690 174.958327 174.959344 174.958327 174.965690 174.963705 174.951714 174.983344 174.999727 174.963406 174.961486 0.000000 0.000000
0.000000 0.000000 9.195348 8.975049 7.197033 9.046904 9.240524 9.220794 9.229732 9.239550 9.237104 9.239550 9.229732 9.220794 9.240524 9.046904 7.197033 8.975049 9.195348 0.000000 0.000000
0.000000 0.000000 1250.128005 1249.914497 1250.100684 1248.142148 1250.435836 1250.018184 1249.967451 1250.564058 1250.519556 1250.564058 1249.967451 1250.018184 1250.435836 1248.142148 1250.100684 1249.914497 1250.128005 0.000000 0.000000
0.000000 0.000000 2323.842496 2323.629560 2323.031820 2323.723776 2324.182048 2323.985326 2323.941115 2324.094901 2324.048482 2324.094901 2323.941115 2323.985326 2324.182048 2323.723776 2323.031820 2323.629560 2323.842496 0.000000 0.000000
0.000000 0.000000 3047.369919 3047.200309 3046.589715 3046.790756 3047.691216 3047.442205 3047.416106 3047.656467 3047.632762 3047.656467 3047.416106 3047.442205 3047.691216 3046.790756 3046.589715 3047.200309 3047.369919 0.000000 0.000000
0.000000 0.000000 3972.949045 3972.812505 3972.246095 3972.441826 3973.215326 3973.002636 3972.987296 3973.186760 3973.166832 3973.186760 3972.987296 3973.002636 3973.215326 3972.441826 3972.246095 3972.812505 3972.949045 0.000000 0.000000
0.000000 0.000000 4850.911979 4850.799029 4850.266725 4850.459284 4851.136551 4850.954420 4850.940952 4851.115465 4851.096484 4851.115465 4850.940952 4850.954420 4851.136551 4850.459284 4850.266725 4850.799029 4850.911979 0.000000 0.000000
0.000000 0.000000 5680.281127 5680.176382 5679.665864 5679.852037 5680.486785 5680.317408 5680.305530 5680.470710 5680.453161 5680.470710 5680.305530 5680.317408 5680.486785 5679.852037 5679.665864 5680.176382 5680.281127 0.000000 0.000000
0.000000 0.000000 6471.109908 6471.031981 6470.529240 6470.751052 6471.297686 6471.147061 6471.142069 6471.288992 6471.271379 6471.288992 6471.142069 6471.147061 6471.297686 6470.751052 6470.529240 6471.031981 6471.109908 0.000000 0.000000
0.000000 0.000000 7227.699001 7227.611589 7227.124953 7227.319364 7227.882478 7227.730087 7227.722081 7227.870446 7227.851907 7227.870446 7227.722081 7227.730087 7227.882478 7227.319364 7227.124953 7227.611589 7227.699001 0.000000 0.000000
0.000000 0.000000 7957.692336 7957.602401 7957.128989 7957.313242 7957.867190 7957.719228 7957.711963 7957.857906 7957.840572 7957.857906 7957.711963 7957.719228 7957.867190 7957.313242 7957.128989 7957.602401 7957.692336 0.000000 0.000000
0.000000 0.000000 8668.688743 8668.601259 8668.131534 8668.316180 8668.855309 8668.710099 8668.703427 8668.846559 8668.828715 8668.846559 8668.703427 8668.710099 8668.855309 8668.316180 8668.131534 8668.601259 8668.688743 0.000000 0.000000
0.000000 0.000000 9359.572739 9359.491803 9359.027656 9359.231306 9359.735044 9359.594693 9359.590525 9359.728434 9359.710140 9359.728434 9359.590525 9359.594693 9359.735044 9359.231306 9359.027656 9359.491803 9359.572739 0.000000 0.000000
0.000000 0.000000 10035.317051 10035.233251 10034.768006 10034.960474 10035.473702 10035.333091 10035.327901 10035.467146 10035.448406 10035.467146 10035.327901 10035.333091 10035.473702 10034.960474 10034.768006 10035.233251 10035.317051 0.000000 0.000000
0.000000 0.000000 10696.586216 10696.503324 10696.047668 10696.232360 10696.736588 10696.599453 10696.594387 10696.730312 10696.711822 10696.730312 10696.594387 10696.599453 10696.736588 10696.232360 10696.047668 10696.503324 10696.586212 0.000000 0.000000
0.000000 0.000000 11342.797801 11342.715526 11342.257368 11342.445024 11342.945530 11342.807306 11342.802119 11342.936810 11342.917433 11342.936810 11342.802119 11342.807306 11342.945530 11342.445024 11342.257368 11342.715507 11342.797480 0.000000 0.000000
0.000000 0.000000 12008.336873 12008.572392 12008.120572 12008.299753 12008.801529 12008.662420 12008.657351 12008.793932 12008.774428 12008.793932 12008.657351 12008.662420 12008.801529 12008.299752 12008.120554 12008.569205 12008.651442 0.000000 0.000000
0.000000 0.000000 0.000000 0.000000 0.000000 0.000000 0.000000 0.000000 0.000000 0.000000 0.000000 0.000000 0.000000 0.000000 0.000000 0.000000 0.000000 0.000000 0.000000 0.000000 0.000000
0.000000 0.000000 0.000000 0.000000 0.000000 0.000000 0.000000 0.000000 0.000000 0.000000 0.000000 0.000000 0.000000 0.000000 0.000000 0.000000 0.000000 0.000000 0.000000 0.000000 0.000000