geotop/1.0zi/1.0Montebello/Templates/testdem/maps/_Erotot177.asc
ncols         21
nrows         20
xllcorner     100.000000
yllcorner     100.000000
cellsize      50.000000
NODATA_value  -9999.0
0.000000 0.000000 0.000000 0.000000 0.000000 0.000000 0.000000 0.000000 0.000000 0.000000 0.000000 0.000000 0.000000 0.000000 0.000000 0.000000 0.000000 0.000000 0.000000 0.000000 0.000000
0.000000 0.000000 987.589772 987.076526 985.766084 983.846623 982.466701 981.604910 982.124901 982.822350 982.702559 981.880890 981.829973 981.924931 983.554295 984.066630 986.881442 987.581142 988.166663 0.000000 0.000000
0.000000 0.000000 68.984995 70.117405 68.715095 71.569018 70.959774 70.340569 70.590119 69.426109 70.420450 72.586380 70.368253 70.456810 69.950834 69.488935 67.211620 66.433187 69.471256 0.000000 0.000000
0.000000 0.000000 940.933628 943.166680 920.205064 908.996357 912.799723 902.034499 901.257579 902.647863 896.035779 897.188598 902.042597 905.449264 909.046197 921.172772 929.367985 930.083679 933.857054 0.000000 0.000000
0.000000 0.000000 6286.600798 6270.317338 6273.772033 6228.110502 6192.973893 6175.746627 6169.996761 6163.072860 6169.971684 6176.700561 6178.616163 6167.195280 6190.512178 6200.333232 6218.714875 6231.901925 6233.820186 0.000000 0.000000
0.000000 0.000000 8712.331734 8709.413049 8697.760573 8699.306548 8673.329994 8655.104675 8657.463465 8655.521892 8647.685817 8641.415333 8639.073552 8642.266671 8645.482720 8677.870806 8676.910069 8687.561068 8687.408131 0.000000 0.000000
0.000000 0.000000 10693.784073 10686.267883 10678.894550 10662.363684 10652.017965 10603.776058 10599.533537 10594.233522 10598.385066 10600.027665 10599.089983 10600.175241 10641.420919 10647.243099 10659.751400 10665.829659 10669.919082 0.000000 0.000000
0.000000 0.000000 13093.839445 13087.327761 13077.280035 13050.141684 13037.484472 13030.091227 13026.252333 13023.439429 13019.352616 13018.094799 13016.234716 13023.208190 13020.270665 13035.867248 13055.578196 13053.434987 13059.878736 0.000000 0.000000
0.000000 0.000000 16134.129380 16123.504069 16108.573937 16099.328477 16077.248454 16043.086717 16042.602667 16033.526344 16033.712627 16028.712893 16031.818919 16023.536301 16056.394703 16078.157503 16083.445173 16092.995412 16095.041367 0.000000 0.000000
0.000000 0.000000 19809.786402 19791.982550 19776.693501 19765.385507 19741.837364 19713.182324 19704.830717 19702.329402 19695.879227 19700.486551 19707.826140 19704.803455 19715.894170 19745.432075 19758.179355 19765.527597 19763.602594 0.000000 0.000000
0.000000 0.000000 24096.173032 24082.111591 24078.174369 24019.243749 24018.567562 23972.361794 23986.497348 23955.176245 23967.925248 23960.081756 23942.388652 23958.513238 23981.471032 23989.082133 24012.441710 24019.932893 24044.269678 0.000000 0.000000
0.000000 0.000000 29047.607839 29018.113163 28980.299947 28976.489503 28956.701903 28902.035334 28886.594736 28893.146556 28901.412872 28882.443954 28891.838419 28881.444366 28925.967219 28953.527146 28955.802170 28967.354885 29001.661281 0.000000 0.000000
0.000000 0.000000 33864.811430 33843.247820 33847.215070 33810.374133 33780.409814 33660.793509 33645.975814 33637.331829 33579.959667 33621.898989 33622.993234 33633.077522 33720.697755 33735.254344 33790.072430 33798.045889 33781.082599 0.000000 0.000000
0.000000 0.000000 38108.247682 38113.676244 38076.988689 38064.952125 37953.223229 38051.914599 38020.729666 38017.780171 38049.518226 38018.304538 38014.355063 37994.875018 37909.429728 38042.692992 38033.003905 38064.228760 38078.838465 0.000000 0.000000
0.000000 0.000000 40607.687228 40597.722870 40585.819360 40527.297452 40571.408256 40529.678035 40519.673235 40520.710501 40504.791534 40501.955707 40509.594867 40510.761635 40542.281711 40492.175543 40579.844560 40555.004169 40547.372777 0.000000 0.000000
0.000000 0.000000 42203.625851 42200.397510 42151.687377 42181.905113 42176.980359 42177.961062 42201.910950 42190.395958 42204.041383 42197.111725 42188.275277 42199.369606 42192.629424 42204.743734 42138.853819 42209.835587 42205.403280 0.000000 0.000000
0.000000 0.000000 43527.099544 43480.704418 43527.770411 43488.015143 43466.718406 43462.403902 43437.536082 43445.212232 43421.922783 43425.123894 43436.510677 43426.642933 43438.577557 43443.457323 43516.843904 43445.519777 43491.182527 0.000000 0.000000
0.000000 0.000000 43992.832587 44069.451594 44097.251046 44102.380596 44116.587165 44078.464515 44092.064512 44077.343609 44100.553729 44096.234747 44093.077940 44098.316751 44128.988241 44115.208629 44099.693779 44079.420344 44007.253702 0.000000 0.000000
0.000000 0.000000 0.000000 0.000000 0.000000 0.000000 0.000000 0.000000 0.000000 0.000000 0.000000 0.000000 0.000000 0.000000 0.000000 0.000000 0.000000 0.000000 0.000000 0.000000 0.000000
0.000000 0.000000 0.000000 0.000000 0.000000 0.000000 0.000000 0.000000 0.000000 0.000000 0.000000 0.000000 0.000000 0.000000 0.000000 0.000000 0.000000 0.000000 0.000000 0.000000 0.000000