geotop/1.0zi/1.0Montebello/Templates/testdem/maps/_Erotot7823.asc
ncols         21
nrows         20
xllcorner     100.000000
yllcorner     100.000000
cellsize      50.000000
NODATA_value  -9999.0
0.000000 0.000000 0.000000 0.000000 0.000000 0.000000 0.000000 0.000000 0.000000 0.000000 0.000000 0.000000 0.000000 0.000000 0.000000 0.000000 0.000000 0.000000 0.000000 0.000000 0.000000
0.000000 0.000000 654.679773 655.495219 654.964155 655.088123 654.096070 654.272437 654.259555 654.323087 654.755271 654.080579 653.958971 654.011202 654.368231 654.504632 655.321266 655.849796 656.047141 0.000000 0.000000
0.000000 0.000000 51.012137 50.030352 49.963004 50.364409 51.000025 50.681769 50.385934 50.257101 50.491069 50.834378 50.858567 51.011663 50.768577 50.251870 48.966206 48.092399 48.615624 0.000000 0.000000
0.000000 0.000000 353.906395 355.085816 343.012948 337.363590 337.906829 326.588199 326.719420 327.516881 323.853743 322.106826 324.244445 324.387800 334.637799 341.699640 346.324304 349.263232 354.135389 0.000000 0.000000
0.000000 0.000000 3109.035407 3110.581774 3113.384919 3090.683308 3071.375791 3061.005158 3060.377563 3055.613958 3062.448012 3067.735395 3063.165906 3061.839157 3076.659416 3079.829250 3090.041266 3099.007707 3098.605703 0.000000 0.000000
0.000000 0.000000 4987.642679 4982.414976 4978.956976 4972.929664 4958.181517 4948.335825 4949.229277 4948.152665 4944.842667 4939.146324 4938.170163 4941.362666 4940.674999 4960.412321 4968.215217 4975.033989 4978.156430 0.000000 0.000000
0.000000 0.000000 6274.032679 6270.901174 6266.444940 6259.527362 6245.802416 6224.234430 6223.214342 6219.397287 6220.817863 6224.588430 6226.080224 6226.580483 6254.062630 6263.980654 6269.488142 6272.289015 6277.517813 0.000000 0.000000
0.000000 0.000000 7360.170291 7360.317779 7357.383309 7347.451185 7345.052483 7335.835696 7336.058123 7335.860152 7334.894750 7330.988216 7330.288635 7336.520705 7338.238556 7343.000834 7355.365095 7353.971372 7358.917915 0.000000 0.000000
0.000000 0.000000 8790.372669 8785.733537 8779.501511 8779.033700 8768.041758 8752.802530 8754.096991 8749.518339 8747.471465 8747.239094 8749.687303 8743.938077 8762.519126 8776.302068 8778.098785 8781.827982 8783.202454 0.000000 0.000000
0.000000 0.000000 10428.403474 10424.821105 10425.087348 10420.676019 10400.435912 10390.850567 10390.480233 10390.202408 10386.778691 10390.269098 10393.362686 10392.676400 10399.444587 10413.717066 10421.268138 10423.293973 10424.384834 0.000000 0.000000
0.000000 0.000000 12219.972425 12219.001101 12216.140871 12195.791872 12189.994564 12174.338772 12180.094188 12166.785861 12170.886980 12169.139015 12162.225349 12172.156561 12181.524435 12184.340355 12196.810382 12203.885276 12214.527443 0.000000 0.000000
0.000000 0.000000 14158.737365 14150.626454 14142.589553 14138.955805 14128.712657 14108.901700 14105.303210 14105.884980 14113.163144 14102.211003 14106.326338 14106.233082 14128.571491 14137.066621 14139.912977 14144.001213 14167.120943 0.000000 0.000000
0.000000 0.000000 16171.425319 16166.431944 16166.808195 16152.775169 16145.818574 16097.837820 16096.187663 16095.190107 16074.030809 16086.306169 16090.542470 16095.300012 16128.729593 16135.825804 16158.880095 16158.618262 16166.275067 0.000000 0.000000
0.000000 0.000000 18473.754832 18476.009325 18462.515927 18457.586251 18400.427526 18420.026690 18404.482297 18405.621065 18411.968370 18407.269900 18405.128698 18400.396469 18379.742082 18441.532053 18448.037837 18468.080633 18477.652779 0.000000 0.000000
0.000000 0.000000 21052.401146 21043.832764 21034.860140 20971.961897 20985.072080 20953.559263 20934.388104 20931.162744 20919.568533 20909.162758 20915.264367 20914.024826 20949.569897 20939.475394 21030.042365 21012.062986 21009.669162 0.000000 0.000000
0.000000 0.000000 23745.911243 23742.523530 23651.918036 23678.196841 23679.240050 23669.611931 23710.922191 23696.131140 23715.168926 23706.933360 23692.732769 23716.342374 23717.836826 23718.915347 23643.014892 23775.667339 23767.302737 0.000000 0.000000
0.000000 0.000000 26965.088792 26832.883869 26865.146303 26821.449111 26751.793651 26737.305224 26700.856233 26711.538602 26670.084425 26674.152324 26695.472099 26677.809368 26709.661666 26753.145290 26862.062702 26788.256882 26928.734349 0.000000 0.000000
0.000000 0.000000 28270.572376 28394.825318 28518.335786 28518.621478 28520.191671 28413.233264 28429.291811 28393.999246 28446.224013 28436.525655 28433.893550 28444.195793 28533.197751 28533.201929 28540.768289 28437.603787 28314.578298 0.000000 0.000000
0.000000 0.000000 0.000000 0.000000 0.000000 0.000000 0.000000 0.000000 0.000000 0.000000 0.000000 0.000000 0.000000 0.000000 0.000000 0.000000 0.000000 0.000000 0.000000 0.000000 0.000000
0.000000 0.000000 0.000000 0.000000 0.000000 0.000000 0.000000 0.000000 0.000000 0.000000 0.000000 0.000000 0.000000 0.000000 0.000000 0.000000 0.000000 0.000000 0.000000 0.000000 0.000000