geotop/1.0zi/1.0Montebello/Templates/testdem/maps/_Erotot8901.asc
ncols         21
nrows         20
xllcorner     100.000000
yllcorner     100.000000
cellsize      50.000000
NODATA_value  -9999.0
0.000000 0.000000 0.000000 0.000000 0.000000 0.000000 0.000000 0.000000 0.000000 0.000000 0.000000 0.000000 0.000000 0.000000 0.000000 0.000000 0.000000 0.000000 0.000000 0.000000 0.000000
0.000000 0.000000 702.731778 703.373849 702.810049 702.901508 701.889411 702.020197 702.102729 702.176823 702.558006 701.923975 701.813563 701.851530 702.251722 702.373888 703.192121 703.777637 703.931725 0.000000 0.000000
0.000000 0.000000 54.638176 53.678067 53.976199 53.905224 54.560415 54.195273 53.821179 53.684515 53.885110 54.214106 54.271321 54.387272 54.194616 53.752266 52.478223 51.625936 52.235904 0.000000 0.000000
0.000000 0.000000 429.639031 430.926688 418.003328 411.581534 411.000568 405.300409 410.279020 412.135170 408.324091 406.650644 410.102805 409.813438 418.131623 426.402093 430.243447 424.880379 431.844649 0.000000 0.000000
0.000000 0.000000 3860.453461 3856.788915 3857.229549 3824.607185 3801.277936 3788.991775 3783.440023 3776.095350 3785.091668 3791.960910 3790.480301 3785.723386 3805.082037 3809.376135 3824.984638 3836.422717 3836.169811 0.000000 0.000000
0.000000 0.000000 5921.240855 5915.842210 5910.378637 5912.132177 5890.199809 5877.823443 5881.410021 5881.232001 5876.943683 5870.871401 5869.139154 5873.245568 5873.282394 5898.044925 5899.316259 5905.364032 5907.759780 0.000000 0.000000
0.000000 0.000000 7335.416977 7330.295132 7327.330934 7316.586306 7307.919657 7275.423928 7275.796854 7273.216099 7272.975064 7277.283478 7277.847337 7278.855487 7311.400331 7317.173459 7325.484852 7327.943408 7332.853029 0.000000 0.000000
0.000000 0.000000 8706.624862 8704.500125 8700.866279 8688.937551 8683.263041 8679.728838 8680.594864 8678.639536 8678.983455 8674.809940 8673.632735 8681.084492 8679.279288 8687.770356 8701.896548 8698.014051 8703.994298 0.000000 0.000000
0.000000 0.000000 10479.375141 10475.083064 10468.594378 10466.233054 10451.357703 10432.794546 10435.735969 10431.633686 10428.736173 10428.300645 10431.101998 10424.995994 10448.756346 10462.527522 10463.909844 10466.028221 10469.367622 0.000000 0.000000
0.000000 0.000000 12531.747586 12525.090643 12524.723055 12518.483555 12495.422642 12484.768058 12484.349739 12483.049258 12479.326763 12483.691262 12486.697416 12486.451034 12493.481085 12511.954167 12519.429179 12521.810772 12520.822101 0.000000 0.000000
0.000000 0.000000 14800.998235 14799.461068 14797.223291 14769.704819 14763.732920 14743.548475 14751.876081 14734.863393 14740.967419 14737.233319 14729.746601 14740.596695 14754.640608 14757.970430 14772.864378 14776.446999 14791.038778 0.000000 0.000000
0.000000 0.000000 17305.884594 17297.233250 17283.655043 17281.072290 17265.305920 17242.871607 17241.334786 17244.225469 17250.499582 17237.820049 17244.788398 17242.958865 17268.650705 17280.832383 17281.196303 17285.079482 17309.735328 0.000000 0.000000
0.000000 0.000000 19953.532408 19944.593808 19948.858712 19926.119465 19917.220558 19852.399210 19850.120728 19849.077038 19820.639770 19839.077593 19841.471830 19848.625197 19896.484578 19904.903735 19934.295968 19931.560031 19938.376020 0.000000 0.000000
0.000000 0.000000 23074.688645 23077.179008 23057.326688 23050.325630 22965.073635 23002.875881 22983.591828 22984.946672 22997.947399 22986.709682 22985.650223 22975.171343 22938.961325 23034.761640 23037.340254 23061.222095 23073.797963 0.000000 0.000000
0.000000 0.000000 26571.416622 26557.997017 26543.493932 26445.006439 26483.647369 26430.066231 26408.300859 26403.876771 26383.011151 26371.385586 26381.337495 26382.065203 26437.379438 26400.395202 26540.809287 26503.948098 26497.387537 0.000000 0.000000
0.000000 0.000000 30061.958226 30056.571581 29921.368388 29985.985086 29974.561467 29974.858306 30043.277730 30022.061125 30055.438741 30046.995309 30022.554827 30057.186635 30046.677879 30059.995010 29906.391302 30114.978600 30105.148201 0.000000 0.000000
0.000000 0.000000 33882.014729 33708.282318 33786.172875 33712.287519 33623.050291 33602.022706 33539.396850 33557.745616 33496.169715 33504.571249 33539.214039 33504.964189 33551.586494 33607.700455 33781.944569 33630.544996 33813.564137 0.000000 0.000000
0.000000 0.000000 34768.399506 34939.233855 35068.394285 35074.511355 35090.123640 34974.045830 35002.479281 34961.662254 35029.721975 35017.617552 35008.826388 35026.178717 35117.314399 35108.743813 35091.272553 34992.977424 34823.796528 0.000000 0.000000
0.000000 0.000000 0.000000 0.000000 0.000000 0.000000 0.000000 0.000000 0.000000 0.000000 0.000000 0.000000 0.000000 0.000000 0.000000 0.000000 0.000000 0.000000 0.000000 0.000000 0.000000
0.000000 0.000000 0.000000 0.000000 0.000000 0.000000 0.000000 0.000000 0.000000 0.000000 0.000000 0.000000 0.000000 0.000000 0.000000 0.000000 0.000000 0.000000 0.000000 0.000000 0.000000