geotop/1.0zi/1.0Montebello/Templates/testdem/maps/_Erotot7664.asc
ncols         21
nrows         20
xllcorner     100.000000
yllcorner     100.000000
cellsize      50.000000
NODATA_value  -9999.0
0.000000 0.000000 0.000000 0.000000 0.000000 0.000000 0.000000 0.000000 0.000000 0.000000 0.000000 0.000000 0.000000 0.000000 0.000000 0.000000 0.000000 0.000000 0.000000 0.000000 0.000000
0.000000 0.000000 645.263216 646.101506 645.586345 645.737365 644.777930 644.975430 644.922162 645.026921 645.450195 644.782359 644.665974 644.707280 645.055495 645.185490 645.995454 646.491147 646.669225 0.000000 0.000000
0.000000 0.000000 50.192810 49.196787 49.127808 49.510319 50.121177 49.792476 49.527327 49.365227 49.606964 49.942444 49.964072 50.128358 49.883226 49.360551 48.072844 47.223926 47.749979 0.000000 0.000000
0.000000 0.000000 353.447575 354.617652 342.530297 336.859535 337.397630 326.078080 326.210455 327.008770 323.341920 321.592075 323.731071 323.874721 334.127253 341.139169 345.739385 348.684012 353.571411 0.000000 0.000000
0.000000 0.000000 3022.706546 3025.670244 3029.224170 3007.226011 2988.755174 2978.935355 2978.264901 2973.588424 2980.593614 2985.909895 2981.455892 2980.038621 2994.541155 2997.422648 3007.178491 3015.785497 3015.455806 0.000000 0.000000
0.000000 0.000000 4840.821606 4835.110402 4831.556856 4825.653973 4811.179576 4801.506807 4802.304401 4801.275430 4797.922295 4792.241241 4791.306707 4794.491387 4793.690992 4813.170208 4821.095149 4827.979407 4830.993013 0.000000 0.000000
0.000000 0.000000 6116.908097 6113.944782 6109.657906 6103.034200 6089.473807 6068.320069 6067.313530 6063.503078 6064.969883 6068.706034 6070.239100 6070.810178 6097.909292 6107.691210 6113.144769 6115.855641 6121.070272 0.000000 0.000000
0.000000 0.000000 7165.063250 7165.491637 7162.674376 7153.132564 7150.942915 7141.958770 7142.214515 7142.031188 7141.091076 7137.244745 7136.600817 7142.731708 7144.308727 7148.879893 7161.115907 7159.701825 7164.557766 0.000000 0.000000
0.000000 0.000000 8549.510742 8545.266441 8539.211973 8539.087287 8528.452857 8513.638561 8514.829372 8510.371940 8508.306168 8508.131046 8510.559308 8504.894803 8523.128017 8536.691807 8538.406199 8542.025393 8543.363585 0.000000 0.000000
0.000000 0.000000 10135.239055 10131.978753 10132.446753 10128.523016 10108.790323 10099.452967 10099.190976 10098.830458 10095.569832 10098.962536 10102.113115 10101.410789 10107.969385 10121.862144 10129.342333 10131.266593 10132.322845 0.000000 0.000000
0.000000 0.000000 11867.877392 11867.175710 11864.569875 11845.071144 11839.442954 11824.414484 11829.950909 11816.970591 11820.937536 11819.296023 11812.589875 11822.360313 11831.363768 11834.061698 11846.286656 11853.264410 11863.666521 0.000000 0.000000
0.000000 0.000000 13738.741120 13731.249261 13723.677892 13720.350214 13710.795773 13691.378946 13688.066718 13688.451627 13695.719348 13685.026323 13689.015658 13689.013372 13710.785093 13718.847578 13721.702548 13725.650401 13748.356460 0.000000 0.000000
0.000000 0.000000 15676.223388 15671.775202 15672.203765 15659.191325 15652.481986 15606.632292 15604.960135 15603.974228 15583.539422 15595.320359 15599.666376 15604.233901 15636.200059 15643.007511 15665.419039 15665.174355 15672.842509 0.000000 0.000000
0.000000 0.000000 17884.418973 17886.914220 17874.199304 17869.848211 17815.768204 17833.854438 17818.886467 17819.955280 17825.762368 17821.517729 17819.548113 17815.092651 17795.721873 17854.401902 17861.031256 17880.264659 17889.560057 0.000000 0.000000
0.000000 0.000000 20351.638260 20343.856329 20335.502569 20277.192956 20288.188422 20259.006454 20240.332037 20237.328013 20226.518325 20216.480543 20222.216547 20220.957157 20254.265172 20246.174266 20331.600726 20314.901542 20312.757459 0.000000 0.000000
0.000000 0.000000 22930.406985 22927.642269 22843.159717 22865.824608 22867.639341 22857.676038 22896.055299 22881.809090 22899.311177 22891.181928 22878.344475 22900.387890 22902.742006 22903.486172 22835.501124 22958.740432 22950.547507 0.000000 0.000000
0.000000 0.000000 26011.151916 25888.674281 25915.422759 25876.825220 25812.030775 25798.639617 25766.053927 25775.658936 25737.655963 25741.152441 25760.433293 25745.283502 25774.909588 25814.746471 25913.455996 25850.078017 25980.746307 0.000000 0.000000
0.000000 0.000000 27356.050374 27466.522357 27583.932389 27582.324446 27581.088445 27480.781180 27494.204727 27461.264770 27508.417635 27499.523689 27498.486538 27506.745474 27590.963975 27592.966983 27605.851855 27505.557903 27396.713269 0.000000 0.000000
0.000000 0.000000 0.000000 0.000000 0.000000 0.000000 0.000000 0.000000 0.000000 0.000000 0.000000 0.000000 0.000000 0.000000 0.000000 0.000000 0.000000 0.000000 0.000000 0.000000 0.000000
0.000000 0.000000 0.000000 0.000000 0.000000 0.000000 0.000000 0.000000 0.000000 0.000000 0.000000 0.000000 0.000000 0.000000 0.000000 0.000000 0.000000 0.000000 0.000000 0.000000 0.000000