geotop/1.0zi/1.0Montebello/Templates/testdem/maps/_Erotot2602.asc
ncols         21
nrows         20
xllcorner     100.000000
yllcorner     100.000000
cellsize      50.000000
NODATA_value  -9999.0
0.000000 0.000000 0.000000 0.000000 0.000000 0.000000 0.000000 0.000000 0.000000 0.000000 0.000000 0.000000 0.000000 0.000000 0.000000 0.000000 0.000000 0.000000 0.000000 0.000000 0.000000
0.000000 0.000000 247.733649 247.736345 247.740404 247.860247 247.727819 247.731993 247.707171 247.748191 247.760131 247.748191 247.707171 247.731993 247.727819 247.860247 247.740404 247.736345 247.733649 0.000000 0.000000
0.000000 0.000000 13.877079 13.655428 11.904254 13.624932 13.918504 13.904856 13.937520 13.903009 13.890626 13.903009 13.937520 13.904856 13.918504 13.624932 11.904254 13.655428 13.877079 0.000000 0.000000
0.000000 0.000000 1815.885592 1815.564491 1815.897865 1814.031181 1816.036518 1815.478822 1815.472795 1816.303542 1816.461447 1816.303542 1815.472795 1815.478822 1816.036518 1814.031181 1815.897865 1815.564491 1815.885592 0.000000 0.000000
0.000000 0.000000 3711.019822 3710.849290 3710.190097 3710.783817 3711.327454 3711.185091 3711.151375 3711.302572 3711.268687 3711.302572 3711.151375 3711.185091 3711.327454 3710.783817 3710.190097 3710.849290 3711.019822 0.000000 0.000000
0.000000 0.000000 4814.747611 4814.542375 4813.981157 4814.134340 4814.944574 4814.651027 4814.670275 4815.015843 4815.108718 4815.015843 4814.670275 4814.651027 4814.944574 4814.134340 4813.981157 4814.542375 4814.747611 0.000000 0.000000
0.000000 0.000000 6278.345869 6278.175247 6277.662163 6277.804454 6278.496536 6278.242696 6278.267331 6278.574230 6278.675819 6278.574230 6278.267331 6278.242696 6278.496536 6277.804454 6277.662163 6278.175247 6278.345869 0.000000 0.000000
0.000000 0.000000 7656.631169 7656.488046 7656.010876 7656.155393 7656.750161 7656.532064 7656.554171 7656.828788 7656.925819 7656.828788 7656.554171 7656.532064 7656.750161 7656.155393 7656.010876 7656.488046 7656.631169 0.000000 0.000000
0.000000 0.000000 8938.462429 8938.331728 8937.879037 8938.022938 8938.569135 8938.368292 8938.388994 8938.646690 8938.739185 8938.646690 8938.388994 8938.368292 8938.569135 8938.022938 8937.879037 8938.331728 8938.462429 0.000000 0.000000
0.000000 0.000000 10146.164677 10146.062589 10145.621234 10145.803209 10146.258524 10146.079185 10146.104441 10146.338695 10146.426387 10146.338695 10146.104441 10146.079185 10146.258524 10145.803209 10145.621234 10146.062589 10146.164677 0.000000 0.000000
0.000000 0.000000 11284.271769 11284.163105 11283.742090 11283.899477 11284.364635 11284.186268 11284.207382 11284.437930 11284.520402 11284.437930 11284.207382 11284.186268 11284.364635 11283.899477 11283.742090 11284.163105 11284.271769 0.000000 0.000000
0.000000 0.000000 12369.453212 12369.344428 12368.939830 12369.091098 12369.541054 12369.370333 12369.390194 12369.612777 12369.693482 12369.612777 12369.390194 12369.370333 12369.541054 12369.091098 12368.939830 12369.344428 12369.453212 0.000000 0.000000
0.000000 0.000000 13411.107402 13411.003763 13410.606099 13410.758663 13411.188499 13411.022462 13411.042403 13411.258800 13411.336086 13411.258800 13411.042403 13411.022462 13411.188499 13410.758663 13410.606099 13411.003763 13411.107402 0.000000 0.000000
0.000000 0.000000 14414.149438 14414.053683 14413.665714 14413.836249 14414.228276 14414.069116 14414.090597 14414.298371 14414.373300 14414.298371 14414.090597 14414.069116 14414.228276 14413.836249 14413.665714 14414.053683 14414.149438 0.000000 0.000000
0.000000 0.000000 15382.523250 15382.425685 15382.042049 15382.201216 15382.597990 15382.440408 15382.460453 15382.666105 15382.738785 15382.666105 15382.460453 15382.440408 15382.597990 15382.201216 15382.042049 15382.425685 15382.523250 0.000000 0.000000
0.000000 0.000000 16318.585517 16318.490219 16318.117945 16318.270204 16318.654338 16318.501632 16318.521497 16318.721530 16318.792364 16318.721530 16318.521497 16318.501632 16318.654338 16318.270204 16318.117945 16318.490218 16318.585512 0.000000 0.000000
0.000000 0.000000 17225.004710 17224.911101 17224.541519 17224.696748 17225.071432 17224.920928 17224.940250 17225.135338 17225.203939 17225.135338 17224.940250 17224.920928 17225.071432 17224.696748 17224.541518 17224.911080 17225.004311 0.000000 0.000000
0.000000 0.000000 18142.321209 18142.643440 18142.280806 18142.431741 18142.801241 18142.654170 18142.671538 18142.862952 18142.928813 18142.862952 18142.671538 18142.654170 18142.801241 18142.431741 18142.280787 18142.639933 18142.730154 0.000000 0.000000
0.000000 0.000000 0.000000 0.000000 0.000000 0.000000 0.000000 0.000000 0.000000 0.000000 0.000000 0.000000 0.000000 0.000000 0.000000 0.000000 0.000000 0.000000 0.000000 0.000000 0.000000
0.000000 0.000000 0.000000 0.000000 0.000000 0.000000 0.000000 0.000000 0.000000 0.000000 0.000000 0.000000 0.000000 0.000000 0.000000 0.000000 0.000000 0.000000 0.000000 0.000000 0.000000