geotop/1.0zi/1.0Montebello/Templates/testdem/maps/_Erotot9756.asc
ncols         21
nrows         20
xllcorner     100.000000
yllcorner     100.000000
cellsize      50.000000
NODATA_value  -9999.0
0.000000 0.000000 0.000000 0.000000 0.000000 0.000000 0.000000 0.000000 0.000000 0.000000 0.000000 0.000000 0.000000 0.000000 0.000000 0.000000 0.000000 0.000000 0.000000 0.000000 0.000000
0.000000 0.000000 812.026191 812.176592 810.996305 810.533361 808.960760 808.522974 808.619235 808.677979 809.031697 808.471034 808.330062 808.364046 809.329429 809.912223 811.272984 812.507852 813.158240 0.000000 0.000000
0.000000 0.000000 61.269732 59.921112 60.215121 59.993393 60.727634 60.235241 59.872324 59.718165 59.954750 60.110558 60.281351 60.354767 60.240840 59.755154 58.731203 57.834381 58.621964 0.000000 0.000000
0.000000 0.000000 536.533646 540.383296 525.967147 518.503708 517.933482 509.931961 517.000081 518.945872 515.048927 515.963755 520.264906 519.670781 528.503840 539.043964 541.948232 540.462448 545.913757 0.000000 0.000000
0.000000 0.000000 4537.375816 4530.951685 4527.091871 4488.119051 4462.004447 4446.445808 4438.922260 4432.641471 4438.531616 4444.083264 4444.032079 4437.709864 4458.717570 4465.326516 4484.383972 4495.653049 4496.815191 0.000000 0.000000
0.000000 0.000000 6749.743024 6743.477981 6738.767765 6741.051817 6712.905712 6700.164285 6703.909557 6702.730761 6697.308899 6690.749432 6688.577669 6692.914899 6694.588986 6721.863283 6721.958475 6729.418676 6731.276701 0.000000 0.000000
0.000000 0.000000 8290.190603 8284.021741 8280.158108 8267.063929 8260.211958 8223.483166 8222.802577 8219.465167 8217.875560 8221.879142 8222.398905 8223.480572 8259.263951 8263.641992 8273.294460 8276.250724 8281.364357 0.000000 0.000000
0.000000 0.000000 9938.007827 9933.848942 9927.108693 9911.307071 9900.774775 9896.567733 9897.162593 9894.616418 9893.525444 9889.487378 9888.811073 9895.829751 9894.668709 9906.298400 9922.124279 9919.727308 9926.004461 0.000000 0.000000
0.000000 0.000000 12029.015052 12022.563008 12013.638414 12007.674828 11990.023610 11966.853231 11970.054201 11965.630218 11961.434242 11960.963011 11964.250854 11957.537025 11985.097382 12000.906602 12003.832222 12007.636174 12010.166717 0.000000 0.000000
0.000000 0.000000 14476.353089 14465.915169 14461.493812 14452.098972 14436.114582 14416.032011 14414.907651 14412.405931 14406.796737 14411.178053 14414.608162 14413.678570 14422.885494 14444.891755 14453.456832 14457.637217 14456.867244 0.000000 0.000000
0.000000 0.000000 17220.686959 17215.385411 17211.563448 17175.722633 17175.167908 17145.734255 17154.208206 17135.227493 17140.214194 17135.792494 17127.687392 17139.298677 17156.529328 17162.254895 17178.686112 17182.089463 17200.984011 0.000000 0.000000
0.000000 0.000000 20308.430661 20292.403688 20271.592286 20268.439762 20255.599059 20221.293789 20219.616945 20221.222495 20227.345179 20211.004655 20219.549937 20215.839159 20247.733450 20264.349581 20266.671353 20272.984917 20299.707456 0.000000 0.000000
0.000000 0.000000 23607.203276 23595.683397 23597.253285 23573.850657 23553.476299 23472.081517 23466.320879 23463.253244 23422.781976 23449.796435 23451.189177 23459.398499 23521.731751 23531.766038 23569.160360 23568.598301 23573.199644 0.000000 0.000000
0.000000 0.000000 27545.632236 27544.098389 27513.287768 27497.159596 27385.283899 27448.740677 27419.883623 27420.617194 27440.663463 27421.103225 27419.197285 27403.723013 27342.494985 27474.383119 27473.969345 27506.813501 27522.685861 0.000000 0.000000
0.000000 0.000000 31711.955254 31699.357194 31679.372514 31548.211388 31624.521075 31535.711716 31515.345857 31506.827430 31475.040486 31463.658268 31477.890062 31480.013759 31560.228503 31479.945931 31664.424101 31615.561152 31603.678520 0.000000 0.000000
0.000000 0.000000 35212.661708 35204.707095 35062.234721 35154.063197 35130.046601 35141.835378 35215.274617 35194.105896 35231.550012 35224.951200 35196.982352 35232.173591 35206.769180 35235.896925 35041.313049 35271.104829 35262.154380 0.000000 0.000000
0.000000 0.000000 38200.652564 38081.746852 38145.665613 38092.306460 38029.943113 38014.399538 37968.223973 37982.175334 37937.371143 37944.117644 37968.917956 37944.793844 37979.220179 38015.332705 38139.668158 38023.025476 38149.584078 0.000000 0.000000
0.000000 0.000000 39108.750831 39184.199916 39263.665518 39256.965615 39253.472123 39188.493346 39196.997355 39174.997351 39205.081409 39199.695697 39200.648631 39203.072401 39255.669538 39261.389882 39272.349201 39198.382346 39124.532563 0.000000 0.000000
0.000000 0.000000 0.000000 0.000000 0.000000 0.000000 0.000000 0.000000 0.000000 0.000000 0.000000 0.000000 0.000000 0.000000 0.000000 0.000000 0.000000 0.000000 0.000000 0.000000 0.000000
0.000000 0.000000 0.000000 0.000000 0.000000 0.000000 0.000000 0.000000 0.000000 0.000000 0.000000 0.000000 0.000000 0.000000 0.000000 0.000000 0.000000 0.000000 0.000000 0.000000 0.000000