geotop/1.0zi/1.0Montebello/Templates/testdem/maps/_Erotot085].asc
ncols         21
nrows         20
xllcorner     100.000000
yllcorner     100.000000
cellsize      50.000000
NODATA_value  -9999.0
0.000000 0.000000 0.000000 0.000000 0.000000 0.000000 0.000000 0.000000 0.000000 0.000000 0.000000 0.000000 0.000000 0.000000 0.000000 0.000000 0.000000 0.000000 0.000000 0.000000 0.000000
0.000000 0.000000 903.888665 903.852048 902.560292 900.819186 899.134659 898.323069 898.582401 898.529732 898.985583 898.371395 898.133347 898.220072 899.538149 900.159706 902.788191 904.067499 904.866823 0.000000 0.000000
0.000000 0.000000 64.769374 63.595454 63.871866 64.766161 65.642055 65.359000 64.931657 64.854410 65.011269 65.227667 65.446992 65.481475 65.091776 64.611103 62.546523 61.719112 62.401384 0.000000 0.000000
0.000000 0.000000 781.539285 785.521966 768.303267 756.970861 755.805093 746.834670 754.112358 755.295233 751.335329 752.896702 757.146818 756.163437 766.102766 778.200526 782.990420 781.414801 787.628334 0.000000 0.000000
0.000000 0.000000 5543.069085 5532.806573 5533.104058 5490.516448 5462.394779 5445.007980 5438.225087 5434.151632 5438.574110 5443.403342 5443.378166 5437.550858 5458.280283 5465.270876 5486.204767 5499.902137 5499.848523 0.000000 0.000000
0.000000 0.000000 7813.652191 7808.736083 7799.710439 7800.827469 7770.131210 7755.971108 7760.088920 7759.559521 7753.019099 7746.764939 7743.926576 7748.107454 7751.337229 7780.898282 7781.481603 7789.353994 7791.143437 0.000000 0.000000
0.000000 0.000000 9628.925158 9621.862075 9617.235819 9600.984261 9593.116799 9550.570337 9550.624967 9547.515063 9545.424340 9548.654280 9549.473966 9550.534728 9588.788063 9594.246308 9605.223151 9609.350801 9614.334692 0.000000 0.000000
0.000000 0.000000 11682.019152 11676.115053 11666.834366 11642.431899 11630.143358 11623.180309 11623.284867 11621.402051 11619.305657 11615.452726 11614.415232 11621.640340 11621.701566 11635.405744 11653.562813 11652.012525 11658.329130 0.000000 0.000000
0.000000 0.000000 14265.280414 14257.334691 14244.828999 14237.269478 14216.138290 14189.976706 14194.260811 14190.468852 14184.888658 14184.213714 14187.574245 14180.329263 14210.855492 14229.466810 14234.236119 14239.440508 14241.745807 0.000000 0.000000
0.000000 0.000000 17342.817108 17329.864902 17321.736703 17307.454785 17288.014716 17262.892495 17261.645906 17260.813825 17253.370062 17258.014728 17261.412886 17260.350419 17271.589632 17297.522081 17308.933820 17314.731926 17313.483184 0.000000 0.000000
0.000000 0.000000 20873.873796 20866.368310 20861.166154 20814.340469 20812.526521 20775.441508 20786.345622 20764.699752 20769.399863 20763.819566 20753.667680 20767.628951 20788.347738 20795.993716 20816.583692 20821.907868 20843.710500 0.000000 0.000000
0.000000 0.000000 24942.305723 24920.403155 24890.723715 24884.441516 24865.268576 24821.486585 24812.567996 24817.972530 24823.632947 24810.607562 24817.831048 24808.111667 24848.601111 24871.091193 24874.793422 24883.096683 24914.367319 0.000000 0.000000
0.000000 0.000000 29226.409166 29207.625194 29206.250129 29171.002996 29145.450948 29034.116746 29030.958933 29027.228843 28971.363690 29006.957346 29008.239186 29021.441512 29103.383755 29115.648128 29166.041230 29166.565566 29164.251052 0.000000 0.000000
0.000000 0.000000 33950.037735 33950.054905 33911.286378 33894.262944 33754.257237 33853.765769 33819.503886 33818.854196 33848.903821 33817.574349 33814.635793 33792.543559 33701.675916 33865.006520 33856.421237 33897.091114 33915.429257 0.000000 0.000000
0.000000 0.000000 37649.247698 37635.112317 37622.615858 37511.052364 37593.334586 37507.271219 37494.872034 37490.654608 37461.162602 37455.352889 37466.567854 37471.308782 37547.178294 37458.133519 37616.712305 37571.684913 37557.677431 0.000000 0.000000
0.000000 0.000000 39897.414752 39893.502381 39816.461710 39857.243643 39852.321901 39850.475195 39891.168050 39878.414635 39895.137701 39891.006389 39877.933590 39896.052696 39887.125747 39895.476017 39800.001809 39917.256708 39909.033006 0.000000 0.000000
0.000000 0.000000 41631.482537 41575.901900 41605.359746 41580.991960 41552.291313 41552.030262 41533.145082 41539.847018 41519.870464 41522.435219 41531.256935 41524.592052 41533.216929 41545.165974 41598.304304 41550.745040 41605.912223 0.000000 0.000000
0.000000 0.000000 42326.317087 42390.487390 42419.358853 42431.591968 42435.932310 42398.712274 42414.974207 42400.081239 42424.420358 42420.623515 42417.232210 42422.440176 42451.957012 42447.302817 42421.855048 42405.310727 42343.299894 0.000000 0.000000
0.000000 0.000000 0.000000 0.000000 0.000000 0.000000 0.000000 0.000000 0.000000 0.000000 0.000000 0.000000 0.000000 0.000000 0.000000 0.000000 0.000000 0.000000 0.000000 0.000000 0.000000
0.000000 0.000000 0.000000 0.000000 0.000000 0.000000 0.000000 0.000000 0.000000 0.000000 0.000000 0.000000 0.000000 0.000000 0.000000 0.000000 0.000000 0.000000 0.000000 0.000000 0.000000