geotop/1.0zi/1.0Montebello/Templates/testdem/maps/_Erotot1214.asc
ncols         21
nrows         20
xllcorner     100.000000
yllcorner     100.000000
cellsize      50.000000
NODATA_value  -9999.0
0.000000 0.000000 0.000000 0.000000 0.000000 0.000000 0.000000 0.000000 0.000000 0.000000 0.000000 0.000000 0.000000 0.000000 0.000000 0.000000 0.000000 0.000000 0.000000 0.000000 0.000000
0.000000 0.000000 148.687247 148.688645 148.723500 148.698853 148.680224 148.688661 148.690245 148.685063 148.685731 148.685063 148.690245 148.688661 148.680224 148.698853 148.723500 148.688645 148.687247 0.000000 0.000000
0.000000 0.000000 9.155192 8.936403 7.160577 9.018016 9.191678 9.182436 9.193062 9.199132 9.197253 9.199132 9.193062 9.182436 9.191678 9.018016 7.160577 8.936403 9.155192 0.000000 0.000000
0.000000 0.000000 1037.761990 1037.557538 1037.581326 1035.561171 1037.812520 1037.473628 1037.437728 1037.964720 1037.907594 1037.964720 1037.437728 1037.473628 1037.812520 1035.561171 1037.581326 1037.557538 1037.761990 0.000000 0.000000
0.000000 0.000000 1849.960224 1849.736169 1848.983873 1849.673450 1850.101722 1849.935665 1849.893672 1850.041440 1849.995822 1850.041440 1849.893672 1849.935665 1850.101722 1849.673450 1848.983873 1849.736169 1849.960224 0.000000 0.000000
0.000000 0.000000 2421.816103 2421.642868 2420.890711 2421.065529 2421.900021 2421.727894 2421.714755 2421.931001 2421.903313 2421.931001 2421.714755 2421.727894 2421.900021 2421.065529 2420.890711 2421.642868 2421.816103 0.000000 0.000000
0.000000 0.000000 3145.071163 3144.933169 3144.253821 3144.426860 3145.129467 3144.998556 3144.994527 3145.172675 3145.148648 3145.172675 3144.994527 3144.998556 3145.129467 3144.426860 3144.253821 3144.933169 3145.071163 0.000000 0.000000
0.000000 0.000000 3832.190308 3832.071253 3831.442542 3831.615041 3832.231343 3832.125490 3832.125475 3832.282012 3832.261207 3832.282012 3832.125475 3832.125490 3832.231343 3831.615041 3831.442542 3832.071253 3832.190308 0.000000 0.000000
0.000000 0.000000 4483.282896 4483.173983 4482.575958 4482.743692 4483.316700 4483.221601 4483.223773 4483.369266 4483.349112 4483.369266 4483.223773 4483.221601 4483.316700 4482.743692 4482.575958 4483.173983 4483.282896 0.000000 0.000000
0.000000 0.000000 5106.604199 5106.522410 5105.936319 5106.141663 5106.629261 5106.550246 5106.559190 5106.687342 5106.667093 5106.687342 5106.559190 5106.550246 5106.629261 5106.141663 5105.936319 5106.522410 5106.604199 0.000000 0.000000
0.000000 0.000000 5705.910001 5705.818494 5705.250377 5705.429377 5705.936857 5705.853683 5705.859471 5705.990091 5705.968826 5705.990091 5705.859471 5705.853683 5705.936857 5705.429377 5705.250377 5705.818494 5705.910001 0.000000 0.000000
0.000000 0.000000 6286.489158 6286.394719 6285.840437 6286.009769 6286.511570 6286.430915 6286.437358 6286.566644 6286.546553 6286.566644 6286.437358 6286.430915 6286.511570 6286.009769 6285.840437 6286.394719 6286.489158 0.000000 0.000000
0.000000 0.000000 6853.694639 6853.602264 6853.054910 6853.225456 6853.715086 6853.635538 6853.642671 6853.769925 6853.749361 6853.769925 6853.642671 6853.635538 6853.715086 6853.225456 6853.054910 6853.602264 6853.694639 0.000000 0.000000
0.000000 0.000000 7407.780986 7407.695165 7407.152734 7407.343834 7407.799499 7407.723601 7407.733355 7407.856172 7407.834992 7407.856172 7407.733355 7407.723601 7407.799499 7407.343834 7407.152734 7407.695165 7407.780986 0.000000 0.000000
0.000000 0.000000 7949.955491 7949.867148 7949.325779 7949.506321 7949.974243 7949.896612 7949.905401 7950.030529 7950.008673 7950.030529 7949.905401 7949.896612 7949.974243 7949.506321 7949.325779 7949.867148 7949.955491 0.000000 0.000000
0.000000 0.000000 8481.524696 8481.437046 8480.908760 8481.081741 8481.542473 8481.467565 8481.476300 8481.598355 8481.576730 8481.598355 8481.476300 8481.467565 8481.542473 8481.081741 8480.908760 8481.437046 8481.524693 0.000000 0.000000
0.000000 0.000000 9002.888920 9002.801767 9002.271128 9002.447702 9002.907962 9002.830136 9002.839024 9002.963111 9002.940454 9002.963111 9002.839024 9002.830136 9002.907962 9002.447702 9002.271128 9002.801749 9002.888735 0.000000 0.000000
0.000000 0.000000 9546.536095 9546.735412 9546.207097 9546.374800 9546.839721 9546.759928 9546.768977 9546.895263 9546.872334 9546.895263 9546.768977 9546.759928 9546.839721 9546.374800 9546.207081 9546.732565 9546.820413 0.000000 0.000000
0.000000 0.000000 0.000000 0.000000 0.000000 0.000000 0.000000 0.000000 0.000000 0.000000 0.000000 0.000000 0.000000 0.000000 0.000000 0.000000 0.000000 0.000000 0.000000 0.000000 0.000000
0.000000 0.000000 0.000000 0.000000 0.000000 0.000000 0.000000 0.000000 0.000000 0.000000 0.000000 0.000000 0.000000 0.000000 0.000000 0.000000 0.000000 0.000000 0.000000 0.000000 0.000000