geotop/1.0zi/1.0Montebello/Templates/testdem/maps/_Erotot2494.asc
ncols         21
nrows         20
xllcorner     100.000000
yllcorner     100.000000
cellsize      50.000000
NODATA_value  -9999.0
0.000000 0.000000 0.000000 0.000000 0.000000 0.000000 0.000000 0.000000 0.000000 0.000000 0.000000 0.000000 0.000000 0.000000 0.000000 0.000000 0.000000 0.000000 0.000000 0.000000 0.000000
0.000000 0.000000 239.934621 239.937014 239.942183 240.059796 239.928031 239.932545 239.908949 239.947761 239.950120 239.947761 239.908949 239.932545 239.928031 240.059796 239.942183 239.937014 239.934621 0.000000 0.000000
0.000000 0.000000 13.727923 13.506555 11.754356 13.477148 13.770112 13.756137 13.787698 13.755421 13.752129 13.755421 13.787698 13.756137 13.770112 13.477148 11.754356 13.506555 13.727923 0.000000 0.000000
0.000000 0.000000 1738.211110 1737.890278 1738.226124 1736.356995 1738.363108 1737.803240 1737.800343 1738.624248 1738.770480 1738.624248 1737.800343 1737.803240 1738.363108 1736.356995 1738.226124 1737.890278 1738.211110 0.000000 0.000000
0.000000 0.000000 3561.322110 3561.150684 3560.488690 3561.079607 3561.624597 3561.485730 3561.447728 3561.597983 3561.562352 3561.597983 3561.447728 3561.485730 3561.624597 3561.079607 3560.488690 3561.150684 3561.322110 0.000000 0.000000
0.000000 0.000000 4616.458137 4616.252234 4615.689941 4615.842101 4616.654774 4616.360645 4616.379918 4616.723714 4616.812015 4616.723714 4616.379918 4616.360645 4616.654774 4615.842101 4615.689941 4616.252234 4616.458137 0.000000 0.000000
0.000000 0.000000 6019.332839 6019.161549 6018.646769 6018.788598 6019.483152 6019.228670 6019.253429 6019.558863 6019.656270 6019.558863 6019.253429 6019.228670 6019.483152 6018.788598 6018.646769 6019.161549 6019.332839 0.000000 0.000000
0.000000 0.000000 7342.537111 7342.393302 7341.913931 7342.058360 7342.655847 7342.436987 7342.459202 7342.732814 7342.826208 7342.732814 7342.459202 7342.436987 7342.655847 7342.058360 7341.913931 7342.393302 7342.537111 0.000000 0.000000
0.000000 0.000000 8576.588184 8576.456632 8576.001253 8576.145355 8576.694813 8576.492989 8576.513819 8576.771064 8576.860470 8576.771064 8576.513819 8576.492989 8576.694813 8576.145355 8576.001253 8576.456632 8576.588183 0.000000 0.000000
0.000000 0.000000 9740.200728 9740.097798 9739.653249 9739.835855 9740.294562 9740.114109 9740.139550 9740.373602 9740.458407 9740.373602 9740.139550 9740.114109 9740.294562 9739.835855 9739.653249 9740.097798 9740.200728 0.000000 0.000000
0.000000 0.000000 10838.398990 10838.289357 10837.864693 10838.022966 10838.492004 10838.312291 10838.333615 10838.564339 10838.644224 10838.564339 10838.333615 10838.312291 10838.492004 10838.022966 10837.864693 10838.289357 10838.398990 0.000000 0.000000
0.000000 0.000000 11886.729352 11886.619433 11886.210768 11886.363072 11886.817443 11886.645187 11886.665271 11886.888333 11886.966623 11886.888333 11886.665271 11886.645187 11886.817443 11886.363072 11886.210768 11886.619433 11886.729352 0.000000 0.000000
0.000000 0.000000 12894.200655 12894.095685 12893.693546 12893.847340 12894.282042 12894.114291 12894.134474 12894.351626 12894.426689 12894.351626 12894.134474 12894.114291 12894.282042 12893.847340 12893.693546 12894.095685 12894.200655 0.000000 0.000000
0.000000 0.000000 13866.034293 13865.937129 13865.544209 13865.716397 13866.113464 13865.952429 13865.974196 13866.183041 13866.256021 13866.183041 13865.974196 13865.952429 13866.113464 13865.716397 13865.544209 13865.937129 13866.034293 0.000000 0.000000
0.000000 0.000000 14806.536331 14806.437314 14806.048156 14806.209200 14806.611413 14806.451768 14806.472139 14806.679188 14806.750074 14806.679188 14806.472139 14806.451768 14806.611413 14806.209200 14806.048156 14806.437314 14806.536331 0.000000 0.000000
0.000000 0.000000 15716.422458 15716.325636 15715.947588 15716.101843 15716.491744 15716.336846 15716.357049 15716.558668 15716.627852 15716.558668 15716.357049 15716.336846 15716.491744 15716.101843 15715.947588 15716.325636 15716.422453 0.000000 0.000000
0.000000 0.000000 16598.829518 16598.734306 16598.358438 16598.515812 16598.896776 16598.743835 16598.763494 16598.960435 16599.027482 16598.960435 16598.763494 16598.743835 16598.896776 16598.515812 16598.358438 16598.734284 16598.829127 0.000000 0.000000
0.000000 0.000000 17493.608218 17493.921098 17493.551880 17493.705024 17494.081395 17493.931664 17493.949376 17494.142936 17494.207339 17494.142936 17493.949376 17493.931664 17494.081395 17493.705024 17493.551861 17493.917592 17494.009546 0.000000 0.000000
0.000000 0.000000 0.000000 0.000000 0.000000 0.000000 0.000000 0.000000 0.000000 0.000000 0.000000 0.000000 0.000000 0.000000 0.000000 0.000000 0.000000 0.000000 0.000000 0.000000 0.000000
0.000000 0.000000 0.000000 0.000000 0.000000 0.000000 0.000000 0.000000 0.000000 0.000000 0.000000 0.000000 0.000000 0.000000 0.000000 0.000000 0.000000 0.000000 0.000000 0.000000 0.000000