geotop/1.0zi/1.0Montebello/Templates/testdem/maps/_Erotot8956.asc
ncols         21
nrows         20
xllcorner     100.000000
yllcorner     100.000000
cellsize      50.000000
NODATA_value  -9999.0
0.000000 0.000000 0.000000 0.000000 0.000000 0.000000 0.000000 0.000000 0.000000 0.000000 0.000000 0.000000 0.000000 0.000000 0.000000 0.000000 0.000000 0.000000 0.000000 0.000000 0.000000
0.000000 0.000000 718.783575 719.422121 718.853887 718.940808 717.923442 718.048639 718.131271 718.205447 718.586715 717.952659 717.842252 717.880407 718.285932 718.413261 719.235941 719.824041 719.982928 0.000000 0.000000
0.000000 0.000000 55.975828 54.992799 55.290704 55.223706 56.047983 55.722160 55.351049 55.217888 55.422073 55.751018 55.808832 55.926342 55.699339 55.094902 53.823202 52.976556 53.586193 0.000000 0.000000
0.000000 0.000000 429.777785 431.507934 418.446574 412.208948 411.636662 405.769295 410.762536 412.437247 408.484425 406.884993 410.300548 409.804712 418.297708 426.771620 430.581772 424.978994 432.256594 0.000000 0.000000
0.000000 0.000000 3930.903185 3924.946980 3923.836519 3890.455142 3866.493241 3853.788419 3848.227250 3840.852509 3849.777291 3856.670526 3855.136413 3850.209111 3869.768760 3874.199574 3889.885548 3901.119435 3901.197783 0.000000 0.000000
0.000000 0.000000 5988.554298 5983.295498 5978.024542 5979.838748 5957.812040 5945.396416 5948.981183 5948.832713 5944.555695 5938.480343 5936.754829 5940.920853 5940.981828 5965.870076 5967.138771 5973.241486 5975.561581 0.000000 0.000000
0.000000 0.000000 7413.638674 7408.180417 7404.935401 7394.072526 7385.327685 7352.583574 7352.957255 7350.346856 7350.073647 7354.400132 7354.948227 7355.910506 7388.663581 7394.461217 7402.800564 7405.208559 7410.211267 0.000000 0.000000
0.000000 0.000000 8805.535805 8803.011498 8799.054758 8786.978673 8781.156513 8777.521020 8778.391263 8776.394600 8776.702287 8772.544089 8771.347159 8778.753171 8777.000373 8785.576545 8799.752130 8795.795105 8801.898906 0.000000 0.000000
0.000000 0.000000 10602.372057 10597.522849 10590.564572 10588.038344 10572.953364 10554.152227 10557.106062 10552.943575 10549.990287 10549.579337 10552.366433 10546.170369 10570.117466 10584.018183 10585.433745 10587.470871 10590.962487 0.000000 0.000000
0.000000 0.000000 12684.387929 12677.090830 12676.227899 12669.778977 12646.430854 12635.529079 12635.107210 12633.759025 12629.965038 12634.378585 12637.379053 12637.046739 12644.239015 12662.887300 12670.427787 12672.718036 12671.877122 0.000000 0.000000
0.000000 0.000000 14989.017738 14986.801965 14983.985052 14956.087971 14949.921562 14929.383348 14937.780632 14920.580734 14926.678140 14922.942177 14915.359387 14926.216014 14940.479362 14943.896434 14958.903143 14962.411719 14977.280361 0.000000 0.000000
0.000000 0.000000 17536.559630 17527.057371 17512.717582 17509.977341 17493.844004 17470.989379 17469.389365 17472.334885 17478.596147 17465.814802 17472.865825 17470.848974 17496.969524 17509.385682 17509.739692 17513.502862 17538.588093 0.000000 0.000000
0.000000 0.000000 20231.691581 20221.859110 20225.573627 20202.343102 20193.180002 20126.888594 20124.617370 20123.464864 20094.467074 20113.328693 20115.682598 20122.861479 20171.751260 20180.347490 20210.187633 20207.273185 20214.139034 0.000000 0.000000
0.000000 0.000000 23412.948964 23414.602812 23393.629415 23386.449963 23298.875304 23338.213479 23318.535126 23319.898901 23333.412042 23321.787699 23320.603645 23309.718840 23272.203214 23370.355213 23372.703849 23396.943586 23409.948243 0.000000 0.000000
0.000000 0.000000 26971.508857 26956.883248 26941.477753 26840.068816 26881.105917 26825.523562 26803.634011 26798.984452 26777.338812 26765.675620 26775.928659 26776.657963 26833.760762 26794.246267 26938.263656 26900.037099 26893.359746 0.000000 0.000000
0.000000 0.000000 30495.209303 30488.951018 30350.610746 30418.502104 30406.044047 30407.380854 30477.278116 30455.825547 30490.123640 30481.835805 30456.651276 30491.773431 30480.001966 30494.070399 30334.883675 30547.885503 30538.243774 0.000000 0.000000
0.000000 0.000000 34295.076046 34121.951295 34201.027001 34126.834266 34038.447065 34017.556066 33954.378831 33972.847735 33911.098496 33919.610475 33954.399293 33919.735423 33966.181388 34021.600029 34196.485749 34042.689737 34224.737184 0.000000 0.000000
0.000000 0.000000 35163.272754 35328.853718 35454.775813 35460.351094 35475.177248 35361.991944 35389.540023 35349.664421 35415.859696 35404.129441 35395.722163 35412.316031 35501.078026 35492.949353 35476.593104 35379.763652 35215.267590 0.000000 0.000000
0.000000 0.000000 0.000000 0.000000 0.000000 0.000000 0.000000 0.000000 0.000000 0.000000 0.000000 0.000000 0.000000 0.000000 0.000000 0.000000 0.000000 0.000000 0.000000 0.000000 0.000000
0.000000 0.000000 0.000000 0.000000 0.000000 0.000000 0.000000 0.000000 0.000000 0.000000 0.000000 0.000000 0.000000 0.000000 0.000000 0.000000 0.000000 0.000000 0.000000 0.000000 0.000000