geotop/1.0zi/1.0Montebello/Templates/testdem/maps/_Erotot4736.asc
ncols         21
nrows         20
xllcorner     100.000000
yllcorner     100.000000
cellsize      50.000000
NODATA_value  -9999.0
0.000000 0.000000 0.000000 0.000000 0.000000 0.000000 0.000000 0.000000 0.000000 0.000000 0.000000 0.000000 0.000000 0.000000 0.000000 0.000000 0.000000 0.000000 0.000000 0.000000 0.000000
0.000000 0.000000 353.486993 353.025890 352.811134 352.641117 352.645205 352.684308 352.722144 352.721333 352.706790 352.709611 352.710644 352.753596 352.642178 352.682400 352.878291 352.811971 352.927429 0.000000 0.000000
0.000000 0.000000 27.864618 28.420862 28.810308 29.916779 29.406856 29.502125 29.095510 29.007914 29.051263 29.377575 29.125762 28.925914 29.448599 29.154089 28.253554 27.661466 27.494238 0.000000 0.000000
0.000000 0.000000 136.172263 137.432687 130.344325 127.959826 129.124202 124.144697 123.403179 123.063851 122.194005 121.628208 122.641569 121.242267 123.938570 128.934333 129.506806 131.771376 134.376673 0.000000 0.000000
0.000000 0.000000 1344.754340 1348.909591 1354.224159 1337.086381 1325.983179 1318.002313 1320.489575 1314.681079 1318.917773 1323.125691 1323.420177 1323.876726 1333.180528 1332.145421 1337.567621 1343.313541 1345.162496 0.000000 0.000000
0.000000 0.000000 2634.679435 2629.061226 2625.177024 2622.122374 2615.956520 2612.776496 2610.092176 2611.812413 2611.400183 2608.821749 2605.193405 2607.083566 2606.919875 2619.862871 2624.047023 2624.117545 2626.987947 0.000000 0.000000
0.000000 0.000000 3382.362919 3377.738394 3373.025715 3369.143027 3358.245120 3342.920403 3344.234252 3340.619250 3343.771624 3343.143225 3345.986723 3348.278625 3362.810558 3372.046648 3378.302972 3382.060669 3385.602021 0.000000 0.000000
0.000000 0.000000 3904.052004 3904.173773 3904.840093 3900.317572 3898.435370 3893.636453 3894.304663 3894.439437 3892.033363 3893.059827 3892.026481 3891.233745 3894.589333 3898.075925 3900.209014 3899.639235 3900.894521 0.000000 0.000000
0.000000 0.000000 4560.704613 4560.385701 4557.752106 4555.414673 4550.661777 4542.023139 4542.254281 4540.258116 4540.849187 4541.555746 4540.895968 4541.911615 4547.327369 4555.298367 4555.379655 4556.884804 4560.633326 0.000000 0.000000
0.000000 0.000000 5338.919337 5336.982323 5337.162978 5333.142430 5324.062991 5318.957192 5320.548901 5319.481668 5319.634918 5319.764486 5318.978467 5317.754833 5325.358812 5332.247115 5334.558574 5335.601703 5337.006845 0.000000 0.000000
0.000000 0.000000 6163.369368 6161.357547 6159.901830 6157.629232 6154.545639 6143.907318 6144.186145 6141.505571 6141.725381 6142.823653 6141.942109 6142.218461 6147.536753 6150.520584 6155.349260 6157.447876 6160.553130 0.000000 0.000000
0.000000 0.000000 7021.652784 7020.733071 7018.232747 7011.317989 7006.170844 6997.983705 6996.981314 6996.420094 6996.613894 6995.873279 6995.707093 6996.017889 7005.373723 7011.600923 7015.061103 7016.257827 7033.360991 0.000000 0.000000
0.000000 0.000000 7885.687731 7883.537250 7881.270826 7878.280403 7870.397537 7850.854449 7851.097037 7849.160789 7849.155838 7849.867797 7848.513444 7849.430183 7866.070542 7874.491714 7877.796446 7879.346000 7881.786088 0.000000 0.000000
0.000000 0.000000 8808.711885 8805.544624 8803.342957 8799.224078 8778.877597 8787.029247 8781.070487 8780.008007 8780.512942 8780.940519 8779.894854 8780.091475 8774.377910 8793.725003 8797.713461 8803.044462 8803.014855 0.000000 0.000000
0.000000 0.000000 9795.046761 9790.048044 9785.303595 9771.927562 9768.676284 9752.153398 9744.051717 9742.144617 9737.923130 9737.630732 9738.950464 9737.033780 9748.566134 9757.053019 9779.305105 9774.932247 9776.409005 0.000000 0.000000
0.000000 0.000000 10779.899278 10779.296114 10757.716599 10760.747821 10759.510093 10758.423520 10761.222931 10761.075121 10764.051201 10763.982494 10760.957573 10766.589853 10764.476846 10763.711280 10752.342938 10777.346804 10782.139856 0.000000 0.000000
0.000000 0.000000 11898.105697 11872.473974 11863.840345 11855.529089 11839.945848 11833.363730 11831.538950 11830.572911 11826.806621 11827.242448 11827.712640 11825.289835 11830.508695 11847.965801 11861.872230 11862.639145 11888.465030 0.000000 0.000000
0.000000 0.000000 12723.265372 12726.814917 12749.599000 12739.453105 12732.248273 12707.738693 12705.995402 12702.921459 12704.896861 12704.747565 12703.260101 12705.188803 12728.555485 12737.967452 12750.254747 12723.262853 12725.311471 0.000000 0.000000
0.000000 0.000000 0.000000 0.000000 0.000000 0.000000 0.000000 0.000000 0.000000 0.000000 0.000000 0.000000 0.000000 0.000000 0.000000 0.000000 0.000000 0.000000 0.000000 0.000000 0.000000
0.000000 0.000000 0.000000 0.000000 0.000000 0.000000 0.000000 0.000000 0.000000 0.000000 0.000000 0.000000 0.000000 0.000000 0.000000 0.000000 0.000000 0.000000 0.000000 0.000000 0.000000