geotop/1.0zi/1.0Montebello/Templates/testdem/maps/_Erotot4149.asc
ncols         21
nrows         20
xllcorner     100.000000
yllcorner     100.000000
cellsize      50.000000
NODATA_value  -9999.0
0.000000 0.000000 0.000000 0.000000 0.000000 0.000000 0.000000 0.000000 0.000000 0.000000 0.000000 0.000000 0.000000 0.000000 0.000000 0.000000 0.000000 0.000000 0.000000 0.000000 0.000000
0.000000 0.000000 306.036056 305.596353 305.405834 305.258867 305.285484 305.339777 305.377470 305.375913 305.362326 305.365710 305.367235 305.411100 305.282654 305.301826 305.475960 305.385572 305.478806 0.000000 0.000000
0.000000 0.000000 24.164453 24.715625 24.988343 25.695100 25.331926 25.350627 24.923840 24.854419 24.909014 25.283199 25.048884 24.878016 25.365753 25.127424 24.246968 23.684482 23.558587 0.000000 0.000000
0.000000 0.000000 137.803433 139.188706 132.128517 129.502519 130.268786 125.117633 124.286961 123.873391 123.112197 122.639927 123.763175 122.580154 125.461700 130.477018 131.215745 133.595211 136.279220 0.000000 0.000000
0.000000 0.000000 1311.826933 1316.194145 1322.019145 1316.687160 1310.289126 1306.279994 1309.900810 1304.380379 1307.823456 1311.303358 1309.764180 1305.690075 1309.976988 1306.822163 1307.391062 1308.928891 1309.669588 0.000000 0.000000
0.000000 0.000000 2447.363979 2440.831089 2436.199500 2434.356881 2430.370699 2427.132128 2424.611095 2426.963814 2426.176291 2423.135942 2418.908563 2419.072157 2418.969324 2430.836235 2436.891859 2436.473168 2439.613146 0.000000 0.000000
0.000000 0.000000 3033.853912 3028.679684 3023.774617 3017.127416 3008.486414 2993.973359 2995.277655 2991.820740 2994.899779 2994.526146 2997.105333 2999.037958 3012.606095 3019.665358 3026.725009 3031.162417 3033.984167 0.000000 0.000000
0.000000 0.000000 3477.679593 3477.799089 3477.851931 3473.567242 3473.301405 3470.101389 3470.944833 3471.534154 3468.937884 3469.911856 3467.884743 3465.600453 3468.027598 3471.524792 3473.230932 3472.278280 3473.733833 0.000000 0.000000
0.000000 0.000000 4082.786035 4081.831702 4078.283250 4077.560315 4074.017998 4065.284580 4065.650633 4063.861124 4064.372406 4064.616424 4063.566291 4063.256044 4068.064288 4075.439175 4075.323680 4076.461831 4080.145277 0.000000 0.000000
0.000000 0.000000 4767.295718 4765.342131 4764.480552 4761.305096 4754.000431 4749.858879 4751.441836 4750.702539 4750.598278 4750.623291 4749.315523 4746.721713 4753.206963 4759.163079 4761.534071 4762.238053 4763.645860 0.000000 0.000000
0.000000 0.000000 5488.683852 5486.573635 5484.058070 5482.512552 5481.471386 5471.986722 5472.413554 5470.040655 5470.159310 5470.931787 5469.430089 5468.063058 5472.024027 5474.311548 5478.686288 5480.512699 5483.588096 0.000000 0.000000
0.000000 0.000000 6237.647873 6235.931751 6233.119392 6227.097447 6223.392764 6216.306593 6215.456486 6215.111744 6215.073243 6214.250445 6213.490798 6212.393131 6220.589191 6226.061135 6229.327327 6230.169683 6246.888109 0.000000 0.000000
0.000000 0.000000 6985.708027 6983.353106 6980.298040 6978.068187 6972.294537 6955.526127 6955.898699 6954.349424 6954.101967 6954.579805 6952.652964 6952.039232 6965.637543 6973.168720 6976.125347 6977.420279 6979.809651 0.000000 0.000000
0.000000 0.000000 7782.524530 7779.339511 7776.042442 7772.686355 7756.720005 7764.499657 7759.355908 7758.405539 7758.707379 7758.738141 7757.210161 7755.993057 7750.194804 7766.513901 7770.128558 7774.941039 7774.969868 0.000000 0.000000
0.000000 0.000000 8629.668220 8624.134580 8619.016823 8609.146445 8607.384792 8592.843276 8585.454620 8584.029349 8579.822618 8579.146736 8579.722655 8576.379426 8585.875620 8593.533386 8612.480279 8608.253544 8609.658855 0.000000 0.000000
0.000000 0.000000 9468.862441 9467.945333 9448.931771 9452.140468 9453.122062 9452.800841 9455.232708 9455.291633 9457.702651 9457.531010 9454.120768 9457.490268 9454.453870 9453.121981 9443.051520 9463.373107 9467.735889 0.000000 0.000000
0.000000 0.000000 10418.439084 10397.774102 10389.092983 10382.648116 10370.575041 10365.546031 10364.156919 10363.606892 10360.025548 10360.186568 10359.672291 10356.152444 10359.410993 10374.295232 10386.429336 10387.001208 10407.769845 0.000000 0.000000
0.000000 0.000000 11129.044087 11130.617945 11148.180234 11139.894370 11135.423868 11117.320660 11116.099040 11113.651006 11114.813855 11114.435789 11112.520655 11112.186253 11128.907781 11136.775757 11147.505442 11124.715844 11127.466546 0.000000 0.000000
0.000000 0.000000 0.000000 0.000000 0.000000 0.000000 0.000000 0.000000 0.000000 0.000000 0.000000 0.000000 0.000000 0.000000 0.000000 0.000000 0.000000 0.000000 0.000000 0.000000 0.000000
0.000000 0.000000 0.000000 0.000000 0.000000 0.000000 0.000000 0.000000 0.000000 0.000000 0.000000 0.000000 0.000000 0.000000 0.000000 0.000000 0.000000 0.000000 0.000000 0.000000 0.000000