geotop/1.0zi/1.0Montebello/Templates/testdem/maps/_Erotot6676.asc
ncols         21
nrows         20
xllcorner     100.000000
yllcorner     100.000000
cellsize      50.000000
NODATA_value  -9999.0
0.000000 0.000000 0.000000 0.000000 0.000000 0.000000 0.000000 0.000000 0.000000 0.000000 0.000000 0.000000 0.000000 0.000000 0.000000 0.000000 0.000000 0.000000 0.000000 0.000000 0.000000
0.000000 0.000000 506.841907 507.652164 507.325600 507.584896 506.991717 507.001111 506.960563 507.123888 507.531694 506.872653 506.763480 506.856553 507.111455 507.054924 507.769109 508.014240 508.058131 0.000000 0.000000
0.000000 0.000000 38.653564 37.527084 37.622678 37.771125 38.013745 37.852512 37.668060 37.450756 37.684253 37.939936 37.827592 38.037488 37.799470 37.587889 36.334888 35.565109 36.240375 0.000000 0.000000
0.000000 0.000000 221.771530 224.598825 214.459943 212.052472 212.294469 207.126209 206.642063 206.175997 204.587225 202.627776 205.201637 203.082837 208.198684 214.058790 215.822276 217.208020 222.264083 0.000000 0.000000
0.000000 0.000000 2143.474534 2146.769168 2151.464183 2130.884924 2116.399794 2103.604785 2106.403041 2103.309601 2108.008225 2113.906747 2109.241693 2108.347984 2120.046405 2121.791028 2129.787826 2137.447791 2138.985703 0.000000 0.000000
0.000000 0.000000 3870.815123 3865.241070 3861.718015 3855.137952 3842.696566 3835.234213 3833.940021 3833.610509 3830.499006 3824.813446 3823.692977 3826.577650 3825.937136 3843.658894 3852.229933 3858.687328 3860.684284 0.000000 0.000000
0.000000 0.000000 5024.008394 5021.349023 5017.672708 5012.533540 4999.475310 4982.087256 4981.443919 4977.532646 4979.479985 4983.007113 4984.666136 4984.998349 5007.643875 5017.055765 5021.351021 5023.184267 5028.588945 0.000000 0.000000
0.000000 0.000000 5802.530030 5803.742318 5801.650741 5793.654755 5792.826020 5784.978719 5785.574727 5785.815275 5784.604952 5781.372605 5780.784119 5785.781748 5785.850321 5789.110195 5799.707024 5797.768139 5802.343477 0.000000 0.000000
0.000000 0.000000 6879.086147 6875.737042 6870.508897 6871.123537 6862.649800 6850.724150 6851.577426 6848.028680 6845.702978 6845.929017 6847.981373 6842.281960 6857.217194 6869.479394 6870.139119 6872.476553 6874.020261 0.000000 0.000000
0.000000 0.000000 8120.193147 8117.664069 8118.970603 8116.554466 8099.768235 8092.467672 8092.930685 8092.338050 8089.632976 8092.555539 8095.770087 8094.350907 8098.374755 8110.099080 8116.254212 8117.140875 8118.316983 0.000000 0.000000
0.000000 0.000000 9464.152723 9463.779741 9462.472905 9446.004732 9443.013501 9430.378295 9434.943459 9424.045657 9427.115462 9426.000025 9420.200642 9428.335383 9434.006934 9435.970411 9445.966497 9451.642983 9461.033990 0.000000 0.000000
0.000000 0.000000 10885.562175 10879.831941 10874.172340 10871.490635 10864.899625 10849.153712 10847.147342 10846.868786 10853.528411 10844.703096 10847.577905 10847.331938 10864.410895 10870.054205 10872.075955 10874.470140 10895.153500 0.000000 0.000000
0.000000 0.000000 12338.254545 12335.289438 12335.711139 12326.211186 12321.400354 12288.470245 12286.923086 12286.385728 12269.703304 12278.955506 12283.409192 12286.204620 12307.464521 12312.885875 12330.385441 12329.564925 12337.511208 0.000000 0.000000
0.000000 0.000000 13950.709783 13953.029181 13943.807837 13940.678709 13905.087505 13915.380842 13903.754436 13904.886636 13907.678429 13905.668553 13904.264799 13900.445592 13886.554722 13926.981506 13932.785705 13946.870651 13955.092068 0.000000 0.000000
0.000000 0.000000 15713.342769 15707.376771 15702.384211 15667.486400 15668.841888 15651.247477 15635.848734 15634.325934 15627.019106 15619.434937 15622.978496 15621.052562 15641.259001 15642.832734 15697.932071 15686.954594 15686.562329 0.000000 0.000000
0.000000 0.000000 17545.388314 17544.099006 17493.474326 17496.943994 17501.986549 17492.736498 17516.121007 17505.624260 17514.937313 17508.142228 17501.734374 17514.259017 17516.748012 17517.041915 17486.712698 17557.772264 17551.406505 0.000000 0.000000
0.000000 0.000000 19672.231840 19606.201692 19608.237291 19591.314303 19554.431743 19546.808960 19532.908445 19537.674443 19517.322743 19518.048238 19526.557769 19522.763791 19538.515218 19558.619182 19606.048316 19589.497971 19661.881260 0.000000 0.000000
0.000000 0.000000 20996.347660 21029.887077 21098.248791 21089.815723 21076.554625 21020.699717 21023.165321 21004.505014 21023.940575 21019.696379 21024.896551 21022.634856 21070.799812 21083.046646 21109.285329 21042.759639 21010.872505 0.000000 0.000000
0.000000 0.000000 0.000000 0.000000 0.000000 0.000000 0.000000 0.000000 0.000000 0.000000 0.000000 0.000000 0.000000 0.000000 0.000000 0.000000 0.000000 0.000000 0.000000 0.000000 0.000000
0.000000 0.000000 0.000000 0.000000 0.000000 0.000000 0.000000 0.000000 0.000000 0.000000 0.000000 0.000000 0.000000 0.000000 0.000000 0.000000 0.000000 0.000000 0.000000 0.000000 0.000000