geotop/1.0zi/1.0Montebello/Templates/testdem/maps/_Erotot5509.asc
ncols         21
nrows         20
xllcorner     100.000000
yllcorner     100.000000
cellsize      50.000000
NODATA_value  -9999.0
0.000000 0.000000 0.000000 0.000000 0.000000 0.000000 0.000000 0.000000 0.000000 0.000000 0.000000 0.000000 0.000000 0.000000 0.000000 0.000000 0.000000 0.000000 0.000000 0.000000 0.000000
0.000000 0.000000 413.283431 412.486878 412.309700 412.102536 412.061270 412.160972 412.111731 412.283401 412.195874 411.997267 411.938643 412.004790 412.110784 412.014497 412.210472 412.411751 412.821235 0.000000 0.000000
0.000000 0.000000 30.823534 31.478886 31.759710 32.921024 32.668036 32.432354 32.254268 32.033064 32.236870 32.585438 32.400022 32.171627 32.632203 32.405679 31.578366 30.743440 30.158249 0.000000 0.000000
0.000000 0.000000 177.556821 178.890690 171.576396 169.155563 170.764529 165.661231 165.245040 164.598157 163.917818 161.628771 164.233623 162.623580 165.587775 170.594693 170.212055 173.401164 176.580900 0.000000 0.000000
0.000000 0.000000 1663.439432 1668.065359 1674.234061 1656.328289 1641.466148 1630.723866 1633.339247 1630.804103 1634.315383 1638.714219 1634.991490 1632.813265 1643.028633 1642.024996 1649.341487 1656.421053 1657.637723 0.000000 0.000000
0.000000 0.000000 3053.212644 3047.227801 3044.502232 3040.234565 3032.886080 3025.924863 3024.250609 3024.192319 3023.470705 3021.153837 3018.662745 3020.848864 3019.823987 3034.719739 3039.490105 3042.734360 3045.243492 0.000000 0.000000
0.000000 0.000000 4047.230691 4044.717679 4041.794262 4037.489275 4024.784726 4008.996639 4009.148564 4005.745531 4007.477971 4010.248009 4012.140977 4013.166425 4032.207001 4041.257890 4045.968181 4047.619752 4052.758192 0.000000 0.000000
0.000000 0.000000 4662.323132 4663.714107 4663.054775 4657.002542 4656.706612 4649.970192 4650.555869 4650.953161 4649.788522 4647.429003 4647.090804 4650.523131 4650.063681 4652.069248 4660.153571 4658.427086 4661.378122 0.000000 0.000000
0.000000 0.000000 5480.816744 5478.216491 5474.472034 5475.712178 5469.457786 5459.425500 5459.915883 5457.352864 5454.998482 5456.229710 5457.338715 5452.102553 5464.547780 5471.930099 5473.838253 5474.637781 5476.011117 0.000000 0.000000
0.000000 0.000000 6430.116400 6427.797457 6430.236931 6429.914323 6415.679756 6409.043393 6410.521196 6409.633481 6407.728504 6410.821202 6413.681606 6411.966351 6414.558056 6424.108418 6427.720786 6427.901817 6428.535803 0.000000 0.000000
0.000000 0.000000 7452.767182 7452.981901 7453.427489 7439.785276 7437.516375 7427.367763 7430.892605 7422.038675 7424.493994 7423.635241 7418.957617 7425.996814 7429.638454 7430.404527 7436.731745 7442.499343 7449.550017 0.000000 0.000000
0.000000 0.000000 8518.089503 8513.703825 8509.367606 8507.889486 8504.498678 8490.286264 8489.547661 8488.557212 8495.192340 8488.437282 8490.224711 8489.656758 8504.153427 8506.565579 8507.897073 8508.298416 8527.238387 0.000000 0.000000
0.000000 0.000000 9591.710380 9589.886060 9591.113819 9584.232360 9580.569976 9556.180785 9555.045654 9554.769940 9541.022582 9549.660081 9553.458151 9555.201626 9569.110801 9572.406665 9585.645247 9585.078992 9591.760609 0.000000 0.000000
0.000000 0.000000 10764.011222 10765.411452 10759.182263 10758.439670 10733.903491 10741.576689 10731.610087 10732.996682 10734.139286 10733.902448 10732.374456 10729.003509 10719.238193 10745.488362 10750.599970 10760.697416 10767.451078 0.000000 0.000000
0.000000 0.000000 12022.829399 12017.975081 12015.675451 11995.172111 11994.436346 11980.095894 11967.867734 11966.463506 11961.947326 11956.136531 11958.955301 11957.112231 11970.426620 11974.053516 12010.907598 12002.751671 12002.909892 0.000000 0.000000
0.000000 0.000000 13308.285141 13307.753798 13276.887689 13275.388993 13280.407706 13273.116307 13288.781135 13281.549037 13286.907022 13282.680942 13277.962747 13285.423212 13288.583412 13287.831744 13270.274650 13315.208846 13308.416820 0.000000 0.000000
0.000000 0.000000 14758.717226 14722.184430 14719.850397 14711.908846 14689.719246 14684.034742 14676.962850 14679.884211 14667.677338 14667.902554 14672.016507 14672.382472 14682.033112 14690.435797 14717.842677 14714.040140 14755.784971 0.000000 0.000000
0.000000 0.000000 15797.572494 15805.935257 15844.829851 15838.957776 15825.606467 15793.825358 15794.818088 15782.096698 15792.177906 15790.517423 15796.120924 15790.996128 15818.214886 15828.991125 15850.564693 15810.697038 15801.841786 0.000000 0.000000
0.000000 0.000000 0.000000 0.000000 0.000000 0.000000 0.000000 0.000000 0.000000 0.000000 0.000000 0.000000 0.000000 0.000000 0.000000 0.000000 0.000000 0.000000 0.000000 0.000000 0.000000
0.000000 0.000000 0.000000 0.000000 0.000000 0.000000 0.000000 0.000000 0.000000 0.000000 0.000000 0.000000 0.000000 0.000000 0.000000 0.000000 0.000000 0.000000 0.000000 0.000000 0.000000