geotop/1.0zi/1.0Montebello/Templates/testdem/maps/_Erotot1283.asc
ncols         21
nrows         20
xllcorner     100.000000
yllcorner     100.000000
cellsize      50.000000
NODATA_value  -9999.0
0.000000 0.000000 0.000000 0.000000 0.000000 0.000000 0.000000 0.000000 0.000000 0.000000 0.000000 0.000000 0.000000 0.000000 0.000000 0.000000 0.000000 0.000000 0.000000 0.000000 0.000000
0.000000 0.000000 149.078160 149.079559 149.114418 149.089779 149.071125 149.079575 149.081160 149.075973 149.076642 149.075973 149.081160 149.079575 149.071125 149.089779 149.114418 149.079559 149.078160 0.000000 0.000000
0.000000 0.000000 9.056179 8.837095 7.060862 8.917953 9.099488 9.083745 9.094055 9.101117 9.099374 9.101117 9.094055 9.083745 9.099488 8.917953 7.060862 8.837095 9.056179 0.000000 0.000000
0.000000 0.000000 1074.978934 1074.775009 1074.802624 1072.808492 1075.149582 1074.721192 1074.661049 1075.185762 1075.129450 1075.185762 1074.661049 1074.721192 1075.149582 1072.808492 1074.802624 1074.775009 1074.978934 0.000000 0.000000
0.000000 0.000000 1912.154910 1911.930988 1911.180201 1911.876516 1912.326799 1912.136409 1912.090095 1912.237603 1912.192369 1912.237603 1912.090095 1912.136409 1912.326799 1911.876516 1911.180201 1911.930988 1912.154910 0.000000 0.000000
0.000000 0.000000 2516.820380 2516.647212 2515.898150 2516.091734 2517.003235 2516.754572 2516.723921 2516.939726 2516.912903 2516.939726 2516.723921 2516.754572 2517.003235 2516.091734 2515.898150 2516.647212 2516.820380 0.000000 0.000000
0.000000 0.000000 3280.292808 3280.154826 3279.478781 3279.669538 3280.449385 3280.241727 3280.220824 3280.398705 3280.375564 3280.398705 3280.220824 3280.241727 3280.449385 3279.669538 3279.478781 3280.154826 3280.292808 0.000000 0.000000
0.000000 0.000000 4006.158072 4006.039044 4005.413787 4005.602295 4006.290683 4006.112917 4006.097500 4006.253840 4006.233888 4006.253840 4006.097500 4006.112917 4006.290683 4005.602295 4005.413787 4006.039044 4006.158072 0.000000 0.000000
0.000000 0.000000 4694.003397 4693.894558 4693.300192 4693.482533 4694.122734 4693.960226 4693.948229 4694.093515 4694.074191 4694.093515 4693.948229 4693.960226 4694.122734 4693.482533 4693.300192 4693.894558 4694.003397 0.000000 0.000000
0.000000 0.000000 5352.378118 5352.296394 5351.714245 5351.932951 5352.483906 5352.341079 5352.336800 5352.464740 5352.445307 5352.464740 5352.336800 5352.341079 5352.483906 5351.932951 5351.714245 5352.296394 5352.378118 0.000000 0.000000
0.000000 0.000000 5985.453039 5985.361672 5984.797787 5984.989232 5985.556815 5985.412703 5985.406023 5985.536376 5985.515924 5985.536376 5985.406023 5985.412703 5985.556815 5984.989232 5984.797787 5985.361672 5985.453039 0.000000 0.000000
0.000000 0.000000 6598.806087 6598.711893 6598.162143 6598.343217 6598.902386 6598.763090 6598.757679 6598.886617 6598.867327 6598.886617 6598.757679 6598.763090 6598.902386 6598.343217 6598.162143 6598.711893 6598.806087 0.000000 0.000000
0.000000 0.000000 7198.065463 7197.973469 7197.430932 7197.612568 7198.157304 7198.021005 7198.016797 7198.143648 7198.123868 7198.143648 7198.016797 7198.021005 7198.157304 7197.612568 7197.430932 7197.973469 7198.065463 0.000000 0.000000
0.000000 0.000000 7783.882897 7783.797483 7783.260223 7783.461667 7783.970669 7783.839602 7783.838435 7783.960779 7783.940401 7783.960779 7783.838435 7783.839602 7783.970669 7783.461667 7783.260223 7783.797483 7783.882897 0.000000 0.000000
0.000000 0.000000 8358.776666 8358.688761 8358.153039 8358.343391 8358.862745 8358.731379 8358.729646 8358.854162 8358.833125 8358.854162 8358.729646 8358.731379 8358.862745 8358.343391 8358.153039 8358.688761 8358.776666 0.000000 0.000000
0.000000 0.000000 8924.424420 8924.337303 8923.814862 8923.997245 8924.507891 8924.380421 8924.378987 8924.500439 8924.479631 8924.500439 8924.378987 8924.380421 8924.507891 8923.997245 8923.814862 8924.337303 8924.424417 0.000000 0.000000
0.000000 0.000000 9479.028700 9478.942060 9478.417841 9478.603338 9479.111780 9478.982694 9478.981732 9479.104963 9479.083165 9479.104963 9478.981732 9478.982694 9479.111780 9478.603338 9478.417841 9478.942042 9479.028432 0.000000 0.000000
0.000000 0.000000 10053.755393 10053.946506 10053.424916 10053.601282 10054.112906 10053.982755 10053.982193 10054.107480 10054.085404 10054.107480 10053.982193 10053.982755 10054.112906 10053.601281 10053.424899 10053.943567 10054.030670 0.000000 0.000000
0.000000 0.000000 0.000000 0.000000 0.000000 0.000000 0.000000 0.000000 0.000000 0.000000 0.000000 0.000000 0.000000 0.000000 0.000000 0.000000 0.000000 0.000000 0.000000 0.000000 0.000000
0.000000 0.000000 0.000000 0.000000 0.000000 0.000000 0.000000 0.000000 0.000000 0.000000 0.000000 0.000000 0.000000 0.000000 0.000000 0.000000 0.000000 0.000000 0.000000 0.000000 0.000000