geotop/1.0zi/1.0Montebello/Templates/testdem/maps/_Erotot5723.asc
ncols         21
nrows         20
xllcorner     100.000000
yllcorner     100.000000
cellsize      50.000000
NODATA_value  -9999.0
0.000000 0.000000 0.000000 0.000000 0.000000 0.000000 0.000000 0.000000 0.000000 0.000000 0.000000 0.000000 0.000000 0.000000 0.000000 0.000000 0.000000 0.000000 0.000000 0.000000 0.000000
0.000000 0.000000 436.890173 436.093764 435.916483 435.708629 435.673611 435.779272 435.729146 435.903331 435.810250 435.607614 435.547303 435.626637 435.732004 435.633142 435.826091 436.019111 436.433803 0.000000 0.000000
0.000000 0.000000 32.982817 33.646055 33.935237 35.103604 34.849574 34.610057 34.432330 34.209045 34.419828 34.772609 34.588750 34.346090 34.799977 34.565946 33.737778 32.903111 32.306330 0.000000 0.000000
0.000000 0.000000 184.692351 186.031225 178.411134 175.635675 177.019765 171.965407 171.581074 171.131633 170.412764 168.035109 170.606709 168.745666 172.110899 177.700565 177.369687 180.606551 183.893362 0.000000 0.000000
0.000000 0.000000 1780.652819 1785.531817 1791.502434 1773.289266 1758.278172 1747.514504 1750.129756 1747.574767 1751.272614 1755.517357 1751.921615 1749.854201 1759.834151 1759.079595 1766.301130 1773.367190 1774.610697 0.000000 0.000000
0.000000 0.000000 3185.526481 3179.470155 3176.794978 3172.476231 3164.646245 3157.320366 3155.822885 3155.695100 3154.767932 3152.715688 3150.001108 3152.038430 3151.475307 3166.834674 3171.766902 3175.018850 3177.468672 0.000000 0.000000
0.000000 0.000000 4185.238274 4182.727463 4179.750109 4175.416296 4162.561720 4146.359024 4146.486189 4143.099876 4144.829885 4147.601408 4149.507827 4150.525758 4170.046720 4179.242043 4184.003613 4185.665868 4190.855245 0.000000 0.000000
0.000000 0.000000 4825.733351 4827.151529 4826.385961 4820.184918 4819.741749 4812.812896 4813.430419 4813.845519 4812.670347 4810.304080 4809.954760 4813.382736 4813.134250 4815.357016 4823.538874 4821.793249 4824.802004 0.000000 0.000000
0.000000 0.000000 5675.698764 5673.101865 5669.222829 5670.313401 5663.869363 5653.634769 5654.188740 5651.620059 5649.244078 5650.482987 5651.595773 5646.294902 5658.995423 5666.632480 5668.616579 5669.428744 5670.842854 0.000000 0.000000
0.000000 0.000000 6660.105756 6657.815790 6660.149645 6659.653440 6645.135466 6638.320770 6639.823835 6638.976459 6637.018297 6640.157349 6643.009002 6641.259728 6644.071599 6653.950629 6657.646122 6657.824885 6658.506256 0.000000 0.000000
0.000000 0.000000 7721.347817 7721.617244 7721.938672 7707.988981 7705.524580 7695.081714 7698.698543 7689.771284 7692.249785 7691.375015 7686.631860 7693.698760 7697.639246 7698.673373 7705.127240 7710.923265 7718.091507 0.000000 0.000000
0.000000 0.000000 8828.923564 8824.498178 8819.886194 8818.315883 8814.570068 8800.127836 8799.295713 8798.442461 8805.106958 8798.204304 8800.104579 8799.468949 8814.312905 8817.162077 8818.465153 8818.957637 8838.027881 0.000000 0.000000
0.000000 0.000000 9948.360341 9946.540928 9947.718856 9940.517592 9936.639169 9911.092759 9909.999038 9909.729252 9895.716217 9904.565504 9908.345879 9910.098617 9925.138734 9928.642254 9942.224603 9941.578309 9948.382225 0.000000 0.000000
0.000000 0.000000 11173.992599 11175.460726 11168.968406 11168.049039 11142.057382 11150.018456 11139.916584 11141.366350 11142.581683 11142.264062 11140.704904 11137.218104 11127.225333 11155.076985 11160.280551 11170.604957 11177.465708 0.000000 0.000000
0.000000 0.000000 12492.937072 12488.080047 12485.482339 12463.325742 12462.698935 12447.895384 12435.459151 12434.041699 12429.365268 12423.404155 12426.336675 12424.392930 12438.341926 12441.975228 12480.710292 12472.230725 12472.366354 0.000000 0.000000
0.000000 0.000000 13842.745688 13842.224635 13809.161374 13808.090272 13812.955957 13805.411900 13821.787487 13814.459926 13820.103266 13815.773925 13810.761903 13818.591222 13822.013808 13821.429615 13802.530410 13850.245342 13843.378567 0.000000 0.000000
0.000000 0.000000 15371.388373 15331.768619 15329.542648 15320.799156 15297.008389 15290.636910 15283.155470 15286.255067 15273.373439 15273.705727 15278.159038 15278.114347 15288.791202 15298.501601 15327.584684 15322.784630 15367.780736 0.000000 0.000000
0.000000 0.000000 16451.949715 16462.250919 16504.105867 16497.595698 16483.466669 16448.965248 16450.101980 16436.892484 16447.759577 16445.986164 16451.601095 16446.539602 16476.328133 16487.896032 16510.451151 16467.578685 16457.019260 0.000000 0.000000
0.000000 0.000000 0.000000 0.000000 0.000000 0.000000 0.000000 0.000000 0.000000 0.000000 0.000000 0.000000 0.000000 0.000000 0.000000 0.000000 0.000000 0.000000 0.000000 0.000000 0.000000
0.000000 0.000000 0.000000 0.000000 0.000000 0.000000 0.000000 0.000000 0.000000 0.000000 0.000000 0.000000 0.000000 0.000000 0.000000 0.000000 0.000000 0.000000 0.000000 0.000000 0.000000