geotop/1.0zi/1.0Montebello/Templates/testdem/maps/_Erotot0419.asc
ncols         21
nrows         20
xllcorner     100.000000
yllcorner     100.000000
cellsize      50.000000
NODATA_value  -9999.0
0.000000 0.000000 0.000000 0.000000 0.000000 0.000000 0.000000 0.000000 0.000000 0.000000 0.000000 0.000000 0.000000 0.000000 0.000000 0.000000 0.000000 0.000000 0.000000 0.000000 0.000000
0.000000 0.000000 34.549616 34.550301 34.582928 34.550465 34.549716 34.550095 34.549900 34.549823 34.549797 34.549823 34.549900 34.550095 34.549716 34.550465 34.582928 34.550301 34.549616 0.000000 0.000000
0.000000 0.000000 8.070920 7.854486 6.037436 7.849894 8.098052 8.082491 8.097163 8.103965 8.105010 8.103965 8.097163 8.082491 8.098052 7.849894 6.037436 7.854486 8.070920 0.000000 0.000000
0.000000 0.000000 484.111184 484.361724 484.483352 484.265020 484.162194 484.266752 484.260595 484.197388 484.127451 484.197388 484.260595 484.266752 484.162194 484.265020 484.483352 484.361724 484.111184 0.000000 0.000000
0.000000 0.000000 664.239735 664.192236 663.433398 664.169588 664.237677 664.258337 664.252310 664.256472 664.251792 664.256472 664.252310 664.258337 664.237677 664.169588 663.433398 664.192236 664.239735 0.000000 0.000000
0.000000 0.000000 912.669054 912.675322 911.966430 912.629738 912.693352 912.734888 912.737537 912.717054 912.696438 912.717054 912.737537 912.734888 912.693352 912.629738 911.966430 912.675322 912.669054 0.000000 0.000000
0.000000 0.000000 1175.674939 1175.683562 1175.050425 1175.639679 1175.698295 1175.741296 1175.745046 1175.722474 1175.704209 1175.722474 1175.745046 1175.741296 1175.698295 1175.639679 1175.050425 1175.683562 1175.674939 0.000000 0.000000
0.000000 0.000000 1425.666999 1425.674689 1425.087161 1425.633710 1425.689354 1425.731791 1425.735634 1425.712946 1425.696211 1425.712946 1425.735634 1425.731791 1425.689354 1425.633710 1425.087161 1425.674689 1425.666999 0.000000 0.000000
0.000000 0.000000 1664.094566 1664.102108 1663.540998 1664.062330 1664.116220 1664.158078 1664.162000 1664.139441 1664.123318 1664.139441 1664.162000 1664.158078 1664.116220 1664.062330 1663.540998 1664.102108 1664.094566 0.000000 0.000000
0.000000 0.000000 1894.993765 1895.000687 1894.454813 1894.962067 1895.015102 1895.056495 1895.060442 1895.037975 1895.021991 1895.037975 1895.060442 1895.056495 1895.015102 1894.962067 1894.454813 1895.000687 1894.993765 0.000000 0.000000
0.000000 0.000000 2119.104470 2119.110742 2118.573318 2119.072972 2119.125679 2119.166763 2119.170730 2119.148294 2119.132221 2119.148294 2119.170730 2119.166763 2119.125679 2119.072972 2118.573318 2119.110742 2119.104470 0.000000 0.000000
0.000000 0.000000 2338.190836 2338.194161 2337.666115 2338.158170 2338.210542 2338.250596 2338.255097 2338.232763 2338.217693 2338.232763 2338.255097 2338.250596 2338.210542 2338.158170 2337.666115 2338.194161 2338.190836 0.000000 0.000000
0.000000 0.000000 2551.306626 2551.308269 2550.784571 2551.274576 2551.325804 2551.365280 2551.369917 2551.347487 2551.332540 2551.347487 2551.369917 2551.365280 2551.325804 2551.274576 2550.784571 2551.308269 2551.306626 0.000000 0.000000
0.000000 0.000000 2761.727747 2761.727574 2761.207247 2761.694215 2761.746695 2761.786165 2761.790960 2761.768471 2761.753340 2761.768471 2761.790960 2761.786165 2761.746695 2761.694215 2761.207247 2761.727574 2761.727747 0.000000 0.000000
0.000000 0.000000 2969.886237 2969.886618 2969.363148 2969.852974 2969.905659 2969.944860 2969.949778 2969.927189 2969.911184 2969.927189 2969.949778 2969.944860 2969.905659 2969.852974 2969.363148 2969.886618 2969.886237 0.000000 0.000000
0.000000 0.000000 3176.662479 3176.664210 3176.149781 3176.630583 3176.682836 3176.722069 3176.727021 3176.704315 3176.687668 3176.704315 3176.727021 3176.722069 3176.682836 3176.630583 3176.149781 3176.664210 3176.662477 0.000000 0.000000
0.000000 0.000000 3380.884635 3380.884666 3380.365980 3380.852330 3380.905337 3380.944040 3380.949170 3380.926351 3380.909396 3380.926351 3380.949170 3380.944040 3380.905337 3380.852330 3380.365980 3380.884656 3380.884426 0.000000 0.000000
0.000000 0.000000 3595.009434 3595.119996 3594.601539 3595.085432 3595.138709 3595.177413 3595.182857 3595.159920 3595.142687 3595.159920 3595.182857 3595.177413 3595.138709 3595.085432 3594.601528 3595.118561 3595.117955 0.000000 0.000000
0.000000 0.000000 0.000000 0.000000 0.000000 0.000000 0.000000 0.000000 0.000000 0.000000 0.000000 0.000000 0.000000 0.000000 0.000000 0.000000 0.000000 0.000000 0.000000 0.000000 0.000000
0.000000 0.000000 0.000000 0.000000 0.000000 0.000000 0.000000 0.000000 0.000000 0.000000 0.000000 0.000000 0.000000 0.000000 0.000000 0.000000 0.000000 0.000000 0.000000 0.000000 0.000000