geotop/1.0zi/1.0Montebello/Templates/testdem/maps/_Erotot9048.asc
ncols         21
nrows         20
xllcorner     100.000000
yllcorner     100.000000
cellsize      50.000000
NODATA_value  -9999.0
0.000000 0.000000 0.000000 0.000000 0.000000 0.000000 0.000000 0.000000 0.000000 0.000000 0.000000 0.000000 0.000000 0.000000 0.000000 0.000000 0.000000 0.000000 0.000000 0.000000 0.000000
0.000000 0.000000 719.236361 719.874589 719.305360 719.391226 718.372770 718.496860 718.579382 718.653604 719.035224 718.401176 718.290777 718.329061 718.735638 718.864033 719.687659 720.277087 720.436766 0.000000 0.000000
0.000000 0.000000 56.012128 55.028581 55.326127 55.258952 56.083101 55.756971 55.385976 55.252980 55.456811 55.785750 55.843557 55.960936 55.734079 55.129772 53.858298 53.011561 53.621466 0.000000 0.000000
0.000000 0.000000 429.749292 431.485570 418.434394 412.203572 411.633340 405.768728 410.763371 412.439553 408.490556 406.892259 410.309019 409.815564 418.305923 426.779153 430.589340 424.990531 432.263329 0.000000 0.000000
0.000000 0.000000 3939.083787 3932.351438 3928.925224 3894.583824 3870.162824 3858.301594 3850.748636 3843.546395 3852.021440 3858.809397 3857.195337 3852.163048 3871.855125 3876.351636 3892.057404 3903.163253 3903.336272 0.000000 0.000000
0.000000 0.000000 6038.102570 6032.765037 6028.286890 6030.416172 6008.355480 5995.141199 5999.876703 5999.601930 5995.238638 5989.108226 5987.360760 5991.532024 5991.689184 6016.713389 6018.047816 6024.168495 6026.474968 0.000000 0.000000
0.000000 0.000000 7457.559645 7451.802424 7448.293728 7437.305069 7428.466068 7395.607624 7395.942850 7393.351167 7393.022033 7397.344379 7397.882289 7398.842708 7431.728990 7437.563689 7445.913927 7448.324945 7453.331898 0.000000 0.000000
0.000000 0.000000 8862.563310 8859.827993 8855.437448 8843.136711 8837.161919 8833.473368 8834.155432 8832.176014 8832.337249 8828.143680 8826.922200 8834.308466 8832.640680 8841.274519 8855.486432 8851.501042 8857.630332 0.000000 0.000000
0.000000 0.000000 10676.370101 10671.067637 10663.536189 10660.732109 10645.435821 10626.528427 10629.255361 10625.095093 10621.948503 10621.491269 10624.247160 10618.012482 10642.113753 10656.121502 10657.579092 10659.580584 10663.110159 0.000000 0.000000
0.000000 0.000000 12779.500489 12771.718437 12770.250157 12763.482713 12739.873193 12728.853860 12728.162444 12726.818051 12722.814568 12727.179507 12730.149633 12729.777329 12737.120666 12755.910564 12763.511453 12765.760397 12764.953886 0.000000 0.000000
0.000000 0.000000 15109.505977 15106.733165 15103.216586 15074.878421 15068.477458 15047.768998 15055.895241 15038.624733 15044.521429 15040.702243 15033.037229 15043.899341 15058.364586 15061.880429 15076.978358 15080.452221 15095.422843 0.000000 0.000000
0.000000 0.000000 17688.023408 17677.818245 17662.620042 17659.521898 17643.042334 17619.970278 17617.981527 17620.989385 17627.026006 17614.093098 17621.151684 17619.034277 17645.485814 17658.095609 17658.480283 17662.182663 17687.458192 0.000000 0.000000
0.000000 0.000000 20418.708539 20408.087738 20411.000391 20387.180748 20377.707358 20310.477677 20307.810483 20306.624590 20277.061474 20296.062770 20298.350657 20305.546988 20355.242150 20364.012437 20394.153269 20391.138593 20397.983086 0.000000 0.000000
0.000000 0.000000 23644.785357 23645.632072 23623.446594 23615.816775 23526.540700 23566.620490 23546.242101 23547.642024 23561.188411 23549.211751 23547.903376 23536.776086 23498.804783 23598.576442 23600.833953 23625.289065 23638.495919 0.000000 0.000000
0.000000 0.000000 27250.610431 27234.895082 27218.350682 27114.629719 27156.649257 27099.665244 27077.190676 27072.432523 27050.014756 27038.201280 27048.579918 27049.308224 27107.836852 27067.165353 27213.570593 27174.513280 27167.704362 0.000000 0.000000
0.000000 0.000000 30803.369104 30796.201702 30655.274065 30724.367939 30710.846020 30712.593115 30782.818741 30761.257846 30795.801525 30787.481141 30761.805844 30797.183888 30785.041855 30799.909269 30637.857713 30853.559373 30843.988137 0.000000 0.000000
0.000000 0.000000 34594.351163 34421.568830 34500.133496 34425.395341 34337.300675 34316.225950 34252.487782 34270.981456 34209.080702 34217.521736 34252.229844 34217.433679 34264.109924 34319.326532 34494.355425 34340.097305 34521.199617 0.000000 0.000000
0.000000 0.000000 35457.068200 35617.578038 35740.365249 35744.829663 35758.441111 35647.046584 35673.463042 35634.336146 35698.830172 35687.301026 35679.192517 35695.153196 35782.691557 35775.440459 35760.529157 35665.027598 35504.867859 0.000000 0.000000
0.000000 0.000000 0.000000 0.000000 0.000000 0.000000 0.000000 0.000000 0.000000 0.000000 0.000000 0.000000 0.000000 0.000000 0.000000 0.000000 0.000000 0.000000 0.000000 0.000000 0.000000
0.000000 0.000000 0.000000 0.000000 0.000000 0.000000 0.000000 0.000000 0.000000 0.000000 0.000000 0.000000 0.000000 0.000000 0.000000 0.000000 0.000000 0.000000 0.000000 0.000000 0.000000