geotop/1.0zi/1.0Montebello/Templates/testdem/maps/_Erotot2306.asc
ncols         21
nrows         20
xllcorner     100.000000
yllcorner     100.000000
cellsize      50.000000
NODATA_value  -9999.0
0.000000 0.000000 0.000000 0.000000 0.000000 0.000000 0.000000 0.000000 0.000000 0.000000 0.000000 0.000000 0.000000 0.000000 0.000000 0.000000 0.000000 0.000000 0.000000 0.000000 0.000000
0.000000 0.000000 216.061610 216.063130 216.071532 216.182785 216.052876 216.058341 216.038312 216.070901 216.504379 216.070901 216.038312 216.058341 216.052876 216.182785 216.071532 216.063130 216.061610 0.000000 0.000000
0.000000 0.000000 13.568093 13.347509 11.592393 13.320772 13.612045 13.597252 13.625506 13.598363 13.207358 13.598363 13.625506 13.597252 13.612045 13.320772 11.592393 13.347509 13.568093 0.000000 0.000000
0.000000 0.000000 1574.018479 1573.697643 1574.032183 1572.161748 1574.168770 1573.609740 1573.605303 1574.418169 1574.544247 1574.418169 1573.605303 1573.609740 1574.168770 1572.161748 1574.032183 1573.697643 1574.018479 0.000000 0.000000
0.000000 0.000000 3257.889696 3257.716270 3257.056941 3257.640690 3258.189338 3258.049555 3258.012839 3258.159084 3258.118707 3258.159084 3258.012839 3258.049555 3258.189338 3257.640690 3257.056941 3257.716270 3257.889696 0.000000 0.000000
0.000000 0.000000 4224.607828 4224.400604 4223.836264 4223.986446 4224.803933 4224.508670 4224.527689 4224.861884 4224.941490 4224.861884 4224.527689 4224.508670 4224.803933 4223.986446 4223.836264 4224.400604 4224.607828 0.000000 0.000000
0.000000 0.000000 5520.289739 5520.117197 5519.599252 5519.740159 5520.439380 5520.183763 5520.208285 5520.502075 5520.591351 5520.502075 5520.208285 5520.183763 5520.439380 5519.740158 5519.599252 5520.117197 5520.289739 0.000000 0.000000
0.000000 0.000000 6746.353877 6746.208802 6745.725379 6745.869508 6746.472068 6746.251873 6746.273695 6746.534939 6746.621072 6746.534939 6746.273695 6746.251873 6746.472068 6745.869508 6745.725379 6746.208802 6746.353877 0.000000 0.000000
0.000000 0.000000 7894.729883 7894.596752 7894.136458 7894.280699 7894.836235 7894.632688 7894.653098 7894.897976 7894.980896 7894.897976 7894.653098 7894.632688 7894.836235 7894.280699 7894.136458 7894.596752 7894.729883 0.000000 0.000000
0.000000 0.000000 8981.545727 8981.441259 8980.990860 8981.174495 8981.639450 8981.457029 8981.482131 8981.704046 8981.783311 8981.704046 8981.482131 8981.457029 8981.639450 8981.174495 8980.990860 8981.441259 8981.545727 0.000000 0.000000
0.000000 0.000000 10011.129913 10011.018506 10010.587203 10010.746904 10011.223074 10011.040972 10011.061954 10011.280833 10011.355463 10011.280833 10011.061954 10011.040972 10011.223074 10010.746904 10010.587203 10011.018506 10011.129913 0.000000 0.000000
0.000000 0.000000 10995.564558 10995.452563 10995.036520 10995.190514 10995.652984 10995.477996 10995.497748 10995.709477 10995.782912 10995.709477 10995.497748 10995.477996 10995.652984 10995.190514 10995.036520 10995.452563 10995.564558 0.000000 0.000000
0.000000 0.000000 11944.366150 11944.258746 11943.848519 11944.004377 11944.447956 11944.277149 11944.297024 11944.503458 11944.574215 11944.503458 11944.297024 11944.277149 11944.447956 11944.004377 11943.848519 11944.258746 11944.366150 0.000000 0.000000
0.000000 0.000000 12862.865524 12862.765803 12862.363951 12862.538935 12862.945137 12862.780775 12862.802315 12863.001019 12863.070037 12863.001019 12862.802315 12862.780775 12862.945137 12862.538935 12862.363951 12862.765803 12862.865524 0.000000 0.000000
0.000000 0.000000 13753.475386 13753.373752 13752.974626 13753.138849 13753.550916 13753.387607 13753.407835 13753.605511 13753.672731 13753.605511 13753.407835 13753.387607 13753.550916 13753.138849 13752.974626 13753.373752 13753.475386 0.000000 0.000000
0.000000 0.000000 14616.941358 14616.841787 14616.453371 14616.611010 14617.011348 14616.852564 14616.872653 14617.065512 14617.131488 14617.065512 14616.872653 14616.852564 14617.011348 14616.611010 14616.453371 14616.841787 14616.941353 0.000000 0.000000
0.000000 0.000000 15456.242550 15456.144361 15455.757146 15455.918181 15456.310556 15456.153254 15456.172802 15456.361713 15456.425768 15456.361713 15456.172802 15456.153254 15456.310556 15455.918181 15455.757145 15456.144340 15456.242095 0.000000 0.000000
0.000000 0.000000 16307.547710 16307.824617 16307.443530 16307.600433 16307.989344 16307.834832 16307.852458 16308.038676 16308.100167 16308.038676 16307.852458 16307.834832 16307.989344 16307.600433 16307.443511 16307.821118 16307.916219 0.000000 0.000000
0.000000 0.000000 0.000000 0.000000 0.000000 0.000000 0.000000 0.000000 0.000000 0.000000 0.000000 0.000000 0.000000 0.000000 0.000000 0.000000 0.000000 0.000000 0.000000 0.000000 0.000000
0.000000 0.000000 0.000000 0.000000 0.000000 0.000000 0.000000 0.000000 0.000000 0.000000 0.000000 0.000000 0.000000 0.000000 0.000000 0.000000 0.000000 0.000000 0.000000 0.000000 0.000000