geotop/1.0zi/1.0Montebello/Templates/testdem/maps/_Erotot2939.asc
ncols         21
nrows         20
xllcorner     100.000000
yllcorner     100.000000
cellsize      50.000000
NODATA_value  -9999.0
0.000000 0.000000 0.000000 0.000000 0.000000 0.000000 0.000000 0.000000 0.000000 0.000000 0.000000 0.000000 0.000000 0.000000 0.000000 0.000000 0.000000 0.000000 0.000000 0.000000 0.000000
0.000000 0.000000 289.163883 289.166697 289.170221 289.288971 289.158173 289.162380 289.136999 289.176950 289.193430 289.176950 289.136999 289.162380 289.158173 289.288971 289.170221 289.166697 289.163883 0.000000 0.000000
0.000000 0.000000 13.627381 13.405420 11.655251 13.371354 13.662678 13.648973 13.680030 13.627941 13.579124 13.627941 13.680030 13.648973 13.662678 13.371354 11.655251 13.405420 13.627381 0.000000 0.000000
0.000000 0.000000 2222.427367 2222.106018 2222.435284 2220.661430 2222.580068 2222.024037 2222.015771 2222.940184 2223.163089 2222.940184 2222.015771 2222.024037 2222.580068 2220.661430 2222.435284 2222.106018 2222.427367 0.000000 0.000000
0.000000 0.000000 4343.149899 4342.981999 4342.325042 4342.912658 4343.455451 4343.316464 4343.281019 4343.429847 4343.404379 4343.429847 4343.281019 4343.316464 4343.455451 4342.912658 4342.325042 4342.981999 4343.149899 0.000000 0.000000
0.000000 0.000000 5650.306933 5650.104403 5649.546401 5649.713209 5650.500097 5650.211280 5650.228259 5650.589452 5650.718894 5650.589452 5650.228259 5650.211280 5650.500097 5649.713209 5649.546401 5650.104403 5650.306933 0.000000 0.000000
0.000000 0.000000 7326.327582 7326.159371 7325.652085 7325.804086 7326.474965 7326.225671 7326.247856 7326.567987 7326.702383 7326.567987 7326.247856 7326.225671 7326.474965 7325.804086 7325.652085 7326.159371 7326.327582 0.000000 0.000000
0.000000 0.000000 8884.367317 8884.226563 8883.757120 8883.909213 8884.482995 8884.269576 8884.289487 8884.574642 8884.699556 8884.574642 8884.289487 8884.269576 8884.482995 8883.909213 8883.757120 8884.226563 8884.367317 0.000000 0.000000
0.000000 0.000000 10324.962697 10324.834983 10324.391756 10324.542111 10325.065972 10324.870422 10324.889076 10325.155450 10325.273025 10325.155450 10324.889076 10324.870422 10325.065972 10324.542111 10324.391756 10324.834983 10324.962697 0.000000 0.000000
0.000000 0.000000 11672.152546 11672.053367 11671.623323 11671.809896 11672.242947 11672.069237 11672.092357 11672.333843 11672.443558 11672.333843 11672.092357 11672.069237 11672.242947 11671.809896 11671.623323 11672.053367 11672.152546 0.000000 0.000000
0.000000 0.000000 12930.850598 12930.745298 12930.337199 12930.498306 12930.939693 12930.767627 12930.786654 12931.023045 12931.125537 12931.023045 12930.786654 12930.767627 12930.939693 12930.498306 12930.337199 12930.745298 12930.850598 0.000000 0.000000
0.000000 0.000000 14124.248348 14124.143492 14123.753183 14123.907566 14124.332264 14124.168424 14124.186251 14124.413274 14124.512087 14124.413274 14124.186251 14124.168424 14124.332264 14123.907566 14123.753183 14124.143492 14124.248348 0.000000 0.000000
0.000000 0.000000 15260.456769 15260.357709 15259.975663 15260.130746 15260.534019 15260.375372 15260.393331 15260.613093 15260.706818 15260.613093 15260.393331 15260.375372 15260.534019 15260.130746 15259.975663 15260.357709 15260.456769 0.000000 0.000000
0.000000 0.000000 16350.550687 16350.459750 16350.088924 16350.260382 16350.625607 16350.474273 16350.493666 16350.703679 16350.793697 16350.703679 16350.493666 16350.474273 16350.625607 16350.260382 16350.088924 16350.459750 16350.550687 0.000000 0.000000
0.000000 0.000000 17395.895324 17395.802743 17395.438258 17395.597148 17395.966335 17395.817055 17395.835032 17396.041440 17396.128015 17396.041440 17395.835032 17395.817055 17395.966335 17395.597148 17395.438258 17395.802743 17395.895324 0.000000 0.000000
0.000000 0.000000 18400.391746 18400.301600 18399.949228 18400.100149 18400.456571 18400.312552 18400.330327 18400.529876 18400.613958 18400.529876 18400.330327 18400.312552 18400.456571 18400.100149 18399.949228 18400.301600 18400.391742 0.000000 0.000000
0.000000 0.000000 19369.162020 19369.074017 19368.725839 19368.879751 19369.224761 19369.083636 19369.100883 19369.294758 19369.374772 19369.294758 19369.100883 19369.083636 19369.224761 19368.879751 19368.725839 19369.073996 19369.161835 0.000000 0.000000
0.000000 0.000000 20351.224625 20351.628627 20351.288475 20351.437902 20351.775869 20351.638898 20351.654192 20351.843340 20351.919949 20351.843340 20351.654192 20351.638898 20351.775869 20351.437901 20351.288457 20351.625219 20351.709708 0.000000 0.000000
0.000000 0.000000 0.000000 0.000000 0.000000 0.000000 0.000000 0.000000 0.000000 0.000000 0.000000 0.000000 0.000000 0.000000 0.000000 0.000000 0.000000 0.000000 0.000000 0.000000 0.000000
0.000000 0.000000 0.000000 0.000000 0.000000 0.000000 0.000000 0.000000 0.000000 0.000000 0.000000 0.000000 0.000000 0.000000 0.000000 0.000000 0.000000 0.000000 0.000000 0.000000 0.000000