geotop/1.0zi/1.0Montebello/Templates/testdem/maps/_Erotot9301.asc
ncols         21
nrows         20
xllcorner     100.000000
yllcorner     100.000000
cellsize      50.000000
NODATA_value  -9999.0
0.000000 0.000000 0.000000 0.000000 0.000000 0.000000 0.000000 0.000000 0.000000 0.000000 0.000000 0.000000 0.000000 0.000000 0.000000 0.000000 0.000000 0.000000 0.000000 0.000000 0.000000
0.000000 0.000000 727.974902 728.548933 727.969598 728.047899 727.012323 727.121529 727.209437 727.282983 727.671644 727.037618 726.929375 726.977642 727.378403 727.534299 728.353569 728.968551 729.123046 0.000000 0.000000
0.000000 0.000000 56.696257 55.594431 55.908131 55.846568 56.672712 56.360352 55.974744 55.835101 56.030604 56.349970 56.405965 56.513000 56.280720 55.675246 54.413026 53.522460 54.139510 0.000000 0.000000
0.000000 0.000000 428.123463 429.977352 416.898219 410.646335 410.057562 404.205212 409.226829 410.929263 406.997331 405.429129 408.850655 408.386409 416.857215 425.333919 429.133962 423.681500 430.880838 0.000000 0.000000
0.000000 0.000000 4055.687174 4049.883081 4043.844382 4009.434087 3982.487409 3968.343414 3961.155962 3954.753860 3962.083833 3968.694625 3967.342349 3962.359987 3982.056147 3988.301262 4005.484932 4017.897728 4018.506216 0.000000 0.000000
0.000000 0.000000 6282.743279 6277.313607 6272.634438 6274.970907 6250.466950 6238.554095 6242.074134 6241.295837 6236.682186 6230.168880 6228.520971 6233.009229 6232.931070 6258.990960 6259.900382 6267.138431 6269.425489 0.000000 0.000000
0.000000 0.000000 7715.989751 7710.708629 7706.926657 7695.423087 7687.531168 7649.994267 7652.791528 7650.065629 7649.350294 7653.537566 7654.162882 7655.860494 7688.836148 7694.095520 7703.576445 7705.762016 7711.106251 0.000000 0.000000
0.000000 0.000000 9196.838539 9194.075028 9188.926873 9176.431710 9169.076846 9166.229669 9166.045513 9163.989854 9163.832097 9159.463128 9158.445676 9165.759335 9164.065774 9174.005405 9189.052927 9185.925419 9192.295353 0.000000 0.000000
0.000000 0.000000 11100.328848 11095.119862 11087.990102 11084.617494 11067.950218 11046.572193 11049.725534 11045.442481 11041.831534 11041.176387 11044.175431 11038.150092 11063.334398 11077.770681 11080.205925 11083.200364 11086.021898 0.000000 0.000000
0.000000 0.000000 13313.095342 13305.591890 13302.381416 13294.814572 13271.075280 13257.618050 13257.278478 13255.402092 13250.962110 13255.160833 13258.412594 13258.300745 13265.647289 13285.960484 13294.522899 13297.748482 13297.552224 0.000000 0.000000
0.000000 0.000000 15773.660549 15770.997741 15768.933298 15737.671627 15730.958868 15707.297194 15715.646465 15698.416142 15703.857750 15699.615399 15691.982254 15703.521880 15718.441766 15723.108030 15738.809012 15743.235700 15759.513095 0.000000 0.000000
0.000000 0.000000 18512.653815 18500.915590 18483.544415 18481.807256 18463.539035 18436.759943 18436.307954 18437.701981 18444.526704 18429.482403 18437.486138 18435.485525 18463.137002 18477.291429 18479.388391 18483.982577 18509.814993 0.000000 0.000000
0.000000 0.000000 21422.708791 21415.034294 21417.338481 21389.903555 21378.526110 21305.487369 21302.489680 21301.380162 21268.731465 21289.292479 21291.791486 21299.883054 21352.906798 21363.082437 21394.685251 21394.096370 21400.810015 0.000000 0.000000
0.000000 0.000000 24880.630990 24881.495021 24857.102797 24848.372210 24751.004657 24796.924483 24773.826763 24775.029391 24790.099472 24775.886746 24774.628650 24763.200587 24717.731691 24828.152351 24830.837380 24858.175041 24872.201210 0.000000 0.000000
0.000000 0.000000 28703.467453 28688.659258 28670.542340 28557.120380 28608.022545 28538.982085 28516.259612 28510.480760 28484.753018 28472.226338 28484.241372 28485.878949 28553.082855 28502.339474 28663.626387 28622.378420 28614.528576 0.000000 0.000000
0.000000 0.000000 32330.977907 32324.440600 32177.245630 32257.197909 32238.994285 32244.045810 32319.166852 32296.752690 32333.436571 32325.025385 32297.753753 32335.091976 32316.480281 32335.081260 32155.943155 32385.558576 32376.224972 0.000000 0.000000
0.000000 0.000000 35960.836729 35800.761785 35880.479077 35807.942161 35725.238103 35703.604088 35641.661499 35659.314882 35599.469496 35607.560522 35641.080159 35607.927828 35652.699170 35704.398260 35873.670612 35720.748277 35890.338904 0.000000 0.000000
0.000000 0.000000 36811.368437 36945.675282 37054.705376 37055.504972 37062.864862 36964.254946 36985.075992 36950.991092 37004.727142 36994.683822 36989.675287 37001.693062 37078.763514 37076.305891 37070.102165 36981.827787 36848.568366 0.000000 0.000000
0.000000 0.000000 0.000000 0.000000 0.000000 0.000000 0.000000 0.000000 0.000000 0.000000 0.000000 0.000000 0.000000 0.000000 0.000000 0.000000 0.000000 0.000000 0.000000 0.000000 0.000000
0.000000 0.000000 0.000000 0.000000 0.000000 0.000000 0.000000 0.000000 0.000000 0.000000 0.000000 0.000000 0.000000 0.000000 0.000000 0.000000 0.000000 0.000000 0.000000 0.000000 0.000000