geotop/1.0zi/1.0Montebello/Templates/testdem/maps/_Erotot7508.asc
ncols         21
nrows         20
xllcorner     100.000000
yllcorner     100.000000
cellsize      50.000000
NODATA_value  -9999.0
0.000000 0.000000 0.000000 0.000000 0.000000 0.000000 0.000000 0.000000 0.000000 0.000000 0.000000 0.000000 0.000000 0.000000 0.000000 0.000000 0.000000 0.000000 0.000000 0.000000 0.000000
0.000000 0.000000 641.989075 642.935010 642.333479 642.495630 641.624932 641.826691 641.773419 641.878182 642.301462 641.633603 641.517240 641.558542 641.902568 641.943798 642.742610 643.325220 643.394475 0.000000 0.000000
0.000000 0.000000 49.995427 48.772357 48.918119 49.294843 49.709696 49.387021 49.121926 48.959807 49.201547 49.537051 49.558654 49.722908 49.471674 49.144997 47.734843 46.798361 47.552962 0.000000 0.000000
0.000000 0.000000 353.334486 354.619180 342.458151 336.699005 337.502388 326.118022 326.186682 327.061812 323.401449 321.568562 323.770761 323.920287 334.232943 341.095033 345.731718 348.686381 353.592985 0.000000 0.000000
0.000000 0.000000 2970.546661 2973.710135 2977.579025 2956.032796 2937.402684 2927.665484 2927.342837 2923.680940 2929.794720 2935.819194 2930.445079 2928.738151 2943.247412 2946.363371 2955.643925 2963.843950 2963.464546 0.000000 0.000000
0.000000 0.000000 4710.638366 4704.895824 4701.326859 4695.431157 4681.164835 4671.577337 4672.324813 4671.164458 4667.914699 4662.171671 4661.333502 4664.566468 4663.649072 4682.795039 4690.816718 4697.795434 4700.819939 0.000000 0.000000
0.000000 0.000000 5989.505035 5986.531832 5982.256752 5975.679200 5962.222095 5941.319755 5940.346587 5936.708463 5938.036403 5941.906714 5943.269304 5943.806177 5970.666461 5980.412728 5985.768335 5988.409917 5993.624104 0.000000 0.000000
0.000000 0.000000 7002.155751 7002.623388 6999.897503 6990.500072 6988.442393 6979.628166 6979.950359 6979.987409 6978.869177 6975.149613 6974.341987 6980.394954 6981.818848 6986.328180 6998.380244 6996.853253 7001.714659 0.000000 0.000000
0.000000 0.000000 8341.486113 8337.304832 8331.378954 8331.388233 8320.911602 8306.324940 8307.584452 8303.384209 8301.131540 8301.077060 8303.329353 8297.606275 8315.622627 8329.070235 8330.598177 8334.076238 8335.427868 0.000000 0.000000
0.000000 0.000000 9875.991860 9872.798624 9873.360200 9869.604372 9850.120467 9841.024358 9840.851177 9840.696311 9837.284553 9840.743503 9843.725247 9842.956849 9849.311471 9863.060187 9870.303112 9872.084198 9873.158806 0.000000 0.000000
0.000000 0.000000 11549.880286 11549.227092 11546.759638 11527.595869 11522.106076 11507.400629 11512.966250 11500.387762 11504.094644 11502.588969 11495.795090 11505.350634 11514.134034 11516.787183 11528.708346 11535.458377 11545.780907 0.000000 0.000000
0.000000 0.000000 13351.851270 13344.517623 13337.176528 13334.009584 13324.705753 13305.730605 13302.601736 13303.183591 13310.119946 13299.721419 13303.432271 13303.391023 13324.651372 13332.551458 13335.174596 13338.954234 13361.344471 0.000000 0.000000
0.000000 0.000000 15212.399683 15208.068089 15208.564057 15195.917183 15189.425454 15145.316424 15143.760126 15143.104362 15122.937850 15134.487548 15138.576764 15142.919302 15173.563919 15180.209269 15201.932875 15201.531146 15209.322629 0.000000 0.000000
0.000000 0.000000 17325.766589 17328.232515 17315.992834 17311.822849 17260.340739 17277.367133 17263.005336 17264.312941 17269.414615 17265.587487 17263.534605 17259.174201 17240.651043 17296.701890 17303.131372 17321.606280 17330.724888 0.000000 0.000000
0.000000 0.000000 19680.137377 19672.587701 19664.626364 19610.068591 19619.416552 19592.085783 19573.973366 19571.504537 19561.000140 19551.439617 19556.533070 19555.155789 19586.628927 19580.134995 19660.735964 19644.924657 19643.096607 0.000000 0.000000
0.000000 0.000000 22140.291272 22137.660155 22058.681048 22078.120719 22080.408486 22070.122401 22106.145385 22092.759743 22108.583249 22100.705106 22088.711605 22109.243509 22112.298193 22112.933018 22051.144136 22165.769129 22157.859428 0.000000 0.000000
0.000000 0.000000 25075.699421 24962.029726 24984.201692 24949.473153 24888.813467 24876.390024 24847.316361 24856.345186 24821.045532 24824.145744 24841.304656 24828.216701 24855.768610 24892.630267 24982.175026 24927.315563 25048.736575 0.000000 0.000000
0.000000 0.000000 26438.420414 26536.008386 26646.849728 26643.750813 26639.759599 26545.882975 26557.174812 26526.807953 26568.945526 26560.911407 26560.941683 26567.265368 26646.735326 26650.783246 26667.200806 26570.381238 26474.490672 0.000000 0.000000
0.000000 0.000000 0.000000 0.000000 0.000000 0.000000 0.000000 0.000000 0.000000 0.000000 0.000000 0.000000 0.000000 0.000000 0.000000 0.000000 0.000000 0.000000 0.000000 0.000000 0.000000
0.000000 0.000000 0.000000 0.000000 0.000000 0.000000 0.000000 0.000000 0.000000 0.000000 0.000000 0.000000 0.000000 0.000000 0.000000 0.000000 0.000000 0.000000 0.000000 0.000000 0.000000