geotop/1.0zi/1.0Montebello/Templates/testdem/maps/_Erotot150.asc
ncols         21
nrows         20
xllcorner     100.000000
yllcorner     100.000000
cellsize      50.000000
NODATA_value  -9999.0
0.000000 0.000000 0.000000 0.000000 0.000000 0.000000 0.000000 0.000000 0.000000 0.000000 0.000000 0.000000 0.000000 0.000000 0.000000 0.000000 0.000000 0.000000 0.000000 0.000000 0.000000
0.000000 0.000000 974.274886 973.623256 972.260613 970.345261 968.979466 968.188492 968.657224 969.341002 969.258783 968.436777 968.394342 968.470206 970.053487 970.575784 973.388928 974.036037 974.622971 0.000000 0.000000
0.000000 0.000000 69.070482 70.071606 68.566405 71.515674 70.839647 70.141582 70.483026 69.304057 70.241132 72.479527 70.217664 70.262822 69.785390 69.302057 67.087332 66.394173 69.460072 0.000000 0.000000
0.000000 0.000000 916.273649 923.641082 902.664127 893.186654 896.734475 886.127565 885.699746 888.592432 880.403385 880.981889 886.067213 890.212242 893.771331 906.986771 912.403302 913.038088 917.764566 0.000000 0.000000
0.000000 0.000000 6021.237000 6003.726231 6005.322382 5961.127152 5927.474195 5910.900282 5905.510929 5899.176680 5905.209537 5911.465667 5913.371538 5902.090845 5925.992969 5934.366598 5953.889194 5967.376404 5969.361631 0.000000 0.000000
0.000000 0.000000 8467.601455 8465.258093 8456.317200 8456.656031 8427.450889 8412.652647 8415.726457 8414.694619 8406.299213 8400.155424 8397.975293 8401.608544 8404.522410 8435.754257 8435.784068 8445.377751 8445.685459 0.000000 0.000000
0.000000 0.000000 10368.450561 10361.993340 10355.068385 10339.838591 10331.785356 10286.082389 10282.813824 10278.995031 10277.615029 10281.180030 10280.599819 10282.125862 10321.551935 10327.307987 10338.643266 10344.503447 10349.039880 0.000000 0.000000
0.000000 0.000000 12655.637127 12650.373401 12640.788900 12615.692050 12603.045407 12594.507069 12591.055733 12589.065869 12585.805594 12583.073923 12581.456740 12588.751447 12587.859608 12602.930583 12621.654476 12619.643424 12626.346900 0.000000 0.000000
0.000000 0.000000 15551.170388 15542.449871 15528.463028 15520.155671 15499.043560 15468.725200 15469.055709 15464.085581 15458.783801 15457.184881 15460.379063 15452.917476 15484.441057 15504.816065 15509.922608 15516.192319 15518.832398 0.000000 0.000000
0.000000 0.000000 19028.554134 19013.185443 19002.651957 18989.307329 18967.534317 18940.646536 18934.390118 18932.958722 18923.899223 18928.729729 18935.986632 18933.846308 18944.762084 18972.976966 18985.111685 18991.801549 18990.635514 0.000000 0.000000
0.000000 0.000000 23075.750802 23064.423718 23058.210749 23006.647190 23005.819131 22963.362276 22974.201969 22948.499101 22955.002471 22949.310827 22936.280993 22952.245397 22972.115232 22981.700324 23003.705411 23010.068383 23034.188170 0.000000 0.000000
0.000000 0.000000 27752.532142 27726.636705 27692.369157 27687.924943 27669.597106 27618.681746 27605.231813 27613.800081 27616.793296 27600.711775 27610.015027 27601.607534 27644.173766 27670.675398 27673.027066 27682.523573 27716.833007 0.000000 0.000000
0.000000 0.000000 32475.045853 32454.638671 32455.333059 32419.217339 32392.871117 32271.685774 32261.254298 32255.811802 32194.964210 32237.032996 32237.247375 32250.348049 32337.300284 32350.767801 32404.684424 32410.305220 32399.939233 0.000000 0.000000
0.000000 0.000000 37000.359038 37005.777232 36966.004002 36953.842956 36828.141614 36931.658485 36898.135006 36897.769359 36928.613578 36896.703875 36893.932970 36873.035766 36783.917039 36933.965296 36922.274910 36956.253969 36973.230454 0.000000 0.000000
0.000000 0.000000 39844.803491 39833.960869 39822.522322 39750.671293 39801.306434 39747.659868 39736.592133 39734.341625 39716.893901 39711.120535 39719.761802 39720.921445 39767.722879 39707.570193 39815.096553 39785.730145 39775.792684 0.000000 0.000000
0.000000 0.000000 41593.782073 41589.729692 41537.417102 41562.627544 41563.314211 41560.467725 41587.367591 41575.663876 41587.712563 41581.946203 41572.719060 41585.891787 41580.816931 41586.813513 41522.420129 41601.580134 41593.911952 0.000000 0.000000
0.000000 0.000000 43016.061984 42968.157371 43007.940990 42972.439600 42951.869739 42946.926216 42924.735972 42931.958510 42909.539815 42912.752839 42923.412745 42914.696638 42926.094751 42930.093988 42998.394514 42935.095740 42982.086219 0.000000 0.000000
0.000000 0.000000 43536.190189 43610.166570 43637.421545 43645.314920 43658.729606 43620.645160 43635.770833 43620.748857 43644.775879 43640.403249 43636.653946 43642.449154 43672.660106 43659.850704 43639.191794 43621.528803 43551.319006 0.000000 0.000000
0.000000 0.000000 0.000000 0.000000 0.000000 0.000000 0.000000 0.000000 0.000000 0.000000 0.000000 0.000000 0.000000 0.000000 0.000000 0.000000 0.000000 0.000000 0.000000 0.000000 0.000000
0.000000 0.000000 0.000000 0.000000 0.000000 0.000000 0.000000 0.000000 0.000000 0.000000 0.000000 0.000000 0.000000 0.000000 0.000000 0.000000 0.000000 0.000000 0.000000 0.000000 0.000000