geotop/1.0zi/1.0Montebello/Templates/testdem/maps/_Erotot8174.asc
ncols         21
nrows         20
xllcorner     100.000000
yllcorner     100.000000
cellsize      50.000000
NODATA_value  -9999.0
0.000000 0.000000 0.000000 0.000000 0.000000 0.000000 0.000000 0.000000 0.000000 0.000000 0.000000 0.000000 0.000000 0.000000 0.000000 0.000000 0.000000 0.000000 0.000000 0.000000 0.000000
0.000000 0.000000 675.909083 676.707618 676.158148 676.263906 675.253601 675.413049 675.399725 675.462974 675.896003 675.221323 675.099668 675.151800 675.526355 675.680199 676.515330 677.062590 677.277394 0.000000 0.000000
0.000000 0.000000 52.204196 51.221096 51.462866 51.526517 52.160680 51.838266 51.545080 51.407315 51.636383 51.995643 52.015182 52.164623 51.919453 51.408021 50.135368 49.280806 49.805073 0.000000 0.000000
0.000000 0.000000 354.801321 355.934570 343.577567 338.317589 338.882124 327.565382 327.665897 328.501586 324.849792 323.069004 325.221273 325.367500 335.627428 342.695627 347.303991 350.207765 355.426283 0.000000 0.000000
0.000000 0.000000 3342.720059 3345.150662 3347.299714 3324.290373 3304.555868 3292.983010 3292.171907 3287.461087 3294.360140 3299.493147 3295.013413 3293.576366 3308.669247 3312.521909 3323.850574 3333.662389 3333.918180 0.000000 0.000000
0.000000 0.000000 5289.105975 5283.704133 5280.233338 5274.054280 5258.397613 5248.630923 5249.497346 5248.458172 5245.132504 5239.420455 5238.455490 5241.674523 5241.225820 5261.552390 5269.410896 5275.640059 5278.638843 0.000000 0.000000
0.000000 0.000000 6614.673972 6611.702026 6607.070436 6600.050294 6585.967453 6563.480672 6562.399160 6558.605932 6560.035203 6563.748609 6565.263300 6565.762544 6594.034811 6604.324294 6610.101654 6612.936260 6618.283110 0.000000 0.000000
0.000000 0.000000 7794.516020 7794.839313 7791.693790 7781.524838 7778.638690 7768.793283 7768.959583 7768.773498 7767.792715 7763.826935 7763.139990 7769.402876 7771.563167 7776.789465 7789.605187 7788.235443 7793.417138 0.000000 0.000000
0.000000 0.000000 9336.886370 9332.387204 9325.808905 9325.232678 9313.615948 9297.705749 9298.967023 9294.334127 9292.282697 9292.000634 9294.517655 9288.692963 9307.830067 9322.204307 9324.408123 9328.264642 9329.867099 0.000000 0.000000
0.000000 0.000000 11102.622165 11099.207854 11099.225098 11094.574848 11073.443979 11063.101653 11062.648155 11062.404651 11058.925730 11062.428939 11065.642348 11064.911991 11072.215710 11087.230568 11095.341878 11097.474289 11098.813255 0.000000 0.000000
0.000000 0.000000 13042.683507 13041.960163 13038.716265 13017.677513 13011.287288 12994.590758 13000.480506 12986.747633 12991.010050 12989.151185 12982.017991 12992.301777 13002.269222 13005.556573 13018.765867 13026.174735 13037.409861 0.000000 0.000000
0.000000 0.000000 15152.065106 15143.899439 15135.197366 15131.448665 15120.236093 15099.071582 15095.138414 15096.001695 15103.575442 15092.068610 15096.528552 15096.213229 15119.984005 15129.363082 15132.683371 15136.903950 15161.314317 0.000000 0.000000
0.000000 0.000000 17355.876269 17351.030199 17351.240000 17336.454693 17328.642085 17275.687709 17273.962410 17272.862362 17250.155661 17263.487150 17267.920416 17273.016454 17310.017371 17318.001525 17342.898730 17342.704550 17350.332114 0.000000 0.000000
0.000000 0.000000 19897.928109 19900.767554 19885.914724 19880.864700 19815.976291 19839.408227 19822.367772 19823.789163 19831.625856 19825.907795 19823.388238 19817.947875 19794.054344 19863.837284 19870.553998 19892.499891 19903.092329 0.000000 0.000000
0.000000 0.000000 22762.160846 22753.412264 22743.386397 22670.122042 22688.455107 22651.575775 22631.266563 22627.507597 22613.963210 22602.642002 22610.041688 22608.815755 22649.448991 22634.347595 22738.751814 22717.377890 22714.526819 0.000000 0.000000
0.000000 0.000000 25736.350392 25733.284313 25627.484069 25664.576424 25663.756544 25655.402613 25704.017883 25687.979045 25711.234392 25702.857244 25685.417298 25712.881266 25711.817972 25713.989909 25618.328688 25775.307338 25766.801207 0.000000 0.000000
0.000000 0.000000 29265.208532 29112.671061 29160.077123 29106.606843 29026.844357 29009.613890 28963.201926 28976.649043 28926.940146 28932.417558 28959.134790 28935.072876 28972.379618 29023.546043 29157.401654 29056.438181 29219.861242 0.000000 0.000000
0.000000 0.000000 30446.082936 30602.085253 30736.856935 30742.866970 30752.729069 30633.668257 30656.141381 30615.853886 30679.516341 30668.059571 30661.765582 30676.861427 30773.586585 30767.584266 30762.513574 30656.271781 30502.110851 0.000000 0.000000
0.000000 0.000000 0.000000 0.000000 0.000000 0.000000 0.000000 0.000000 0.000000 0.000000 0.000000 0.000000 0.000000 0.000000 0.000000 0.000000 0.000000 0.000000 0.000000 0.000000 0.000000
0.000000 0.000000 0.000000 0.000000 0.000000 0.000000 0.000000 0.000000 0.000000 0.000000 0.000000 0.000000 0.000000 0.000000 0.000000 0.000000 0.000000 0.000000 0.000000 0.000000 0.000000