geotop/1.0zi/1.0Montebello/Templates/testdem/maps/_Erotot6669.asc
ncols         21
nrows         20
xllcorner     100.000000
yllcorner     100.000000
cellsize      50.000000
NODATA_value  -9999.0
0.000000 0.000000 0.000000 0.000000 0.000000 0.000000 0.000000 0.000000 0.000000 0.000000 0.000000 0.000000 0.000000 0.000000 0.000000 0.000000 0.000000 0.000000 0.000000 0.000000 0.000000
0.000000 0.000000 506.841907 507.652164 507.325600 507.584896 506.991717 507.001111 506.960563 507.123888 507.531694 506.872653 506.763480 506.856553 507.111455 507.054924 507.769109 508.014240 508.058131 0.000000 0.000000
0.000000 0.000000 38.653564 37.527084 37.622678 37.771125 38.013745 37.852512 37.668060 37.450756 37.684253 37.939936 37.827592 38.037488 37.799470 37.587889 36.334888 35.565109 36.240375 0.000000 0.000000
0.000000 0.000000 221.771530 224.598825 214.459943 212.052472 212.294469 207.126209 206.642063 206.175997 204.587225 202.627776 205.201637 203.082837 208.198684 214.058790 215.822276 217.208020 222.264083 0.000000 0.000000
0.000000 0.000000 2143.167029 2146.463824 2151.160991 2130.584107 2116.100153 2103.307112 2106.105672 2103.011193 2107.707242 2113.603000 2108.939454 2108.044770 2119.739007 2121.482766 2129.480162 2137.140687 2138.677479 0.000000 0.000000
0.000000 0.000000 3869.051460 3863.478827 3859.957609 3853.380190 3840.949125 3833.495890 3832.202023 3831.871707 3828.758126 3823.070414 3821.950967 3824.834735 3824.182738 3841.894348 3850.466125 3856.923783 3858.919989 0.000000 0.000000
0.000000 0.000000 5022.590114 5019.932032 5016.257346 5011.120142 4998.061445 4980.684707 4980.041729 4976.129709 4978.075147 4981.600264 4983.260373 4983.591679 5006.223221 5015.635804 5019.932538 5021.766396 5027.170042 0.000000 0.000000
0.000000 0.000000 5800.246084 5801.461037 5799.372531 5791.379821 5790.556125 5782.713059 5783.309575 5783.548751 5782.334724 5779.098618 5778.512127 5783.508255 5783.567832 5786.823176 5797.422929 5795.484813 5800.058371 0.000000 0.000000
0.000000 0.000000 6875.644241 6872.298803 6867.074803 6867.693230 6859.225396 6847.309989 6848.163783 6844.613316 6842.282559 6842.503807 6844.558999 6838.857974 6853.776411 6866.032772 6866.697307 6869.035536 6870.576955 0.000000 0.000000
0.000000 0.000000 8115.327826 8112.803156 8114.114331 8111.702824 8094.923440 8087.633919 8088.097590 8087.502687 8084.792097 8087.707806 8090.925864 8089.504773 8093.509657 8105.227768 8111.388026 8112.276532 8113.449444 0.000000 0.000000
0.000000 0.000000 9457.532212 9457.163782 9455.863627 9439.402219 9436.417253 9423.794520 9428.359919 9417.461272 9420.524193 9419.400220 9413.606707 9421.737286 9427.387125 9429.344586 9439.348118 9445.024855 9454.411365 0.000000 0.000000
0.000000 0.000000 10876.925638 10871.202961 10865.551484 10862.875850 10856.292475 10840.561270 10838.556978 10838.274551 10844.924370 10836.091477 10838.971779 10838.722850 10855.772928 10861.409260 10863.441163 10865.836834 10886.511079 0.000000 0.000000
0.000000 0.000000 12327.337259 12324.381147 12324.809421 12315.318250 12310.515143 12277.625470 12276.079724 12275.539238 12258.854149 12268.089608 12272.549966 12275.339742 12296.549680 12301.964259 12319.468573 12318.651195 12326.592434 0.000000 0.000000
0.000000 0.000000 13937.037903 13939.365462 13930.157508 13927.035828 13891.493725 13901.779067 13890.161295 13891.287963 13894.064592 13892.042324 13890.649710 13886.828910 13872.926468 13913.302709 13919.119587 13933.199657 13941.412140 0.000000 0.000000
0.000000 0.000000 15696.443441 15690.489744 15685.513010 15650.683470 15651.944546 15634.377345 15618.989621 15617.463859 15610.151471 15602.555498 15606.104551 15604.176124 15624.332079 15625.997851 15681.037801 15670.077860 15669.681691 0.000000 0.000000
0.000000 0.000000 17524.743454 17523.467679 17472.949004 17476.386638 17481.459277 17472.189261 17495.541177 17485.046795 17494.326751 17487.515026 17481.135345 17493.633771 17496.122303 17496.389203 17466.161468 17537.093183 17530.724665 0.000000 0.000000
0.000000 0.000000 19647.039206 19581.182848 19583.169317 19566.282539 19529.487529 19521.895306 19508.033670 19512.782084 19492.453597 19493.148186 19501.649385 19497.875143 19513.550833 19533.585932 19580.947428 19564.512337 19636.722114 0.000000 0.000000
0.000000 0.000000 20968.928369 21002.323258 21070.546175 21062.120677 21048.843060 20993.121627 20995.572134 20976.939990 20996.292607 20992.032579 20997.258329 20994.972710 21042.992960 21055.251391 21081.516212 21015.123697 20983.383905 0.000000 0.000000
0.000000 0.000000 0.000000 0.000000 0.000000 0.000000 0.000000 0.000000 0.000000 0.000000 0.000000 0.000000 0.000000 0.000000 0.000000 0.000000 0.000000 0.000000 0.000000 0.000000 0.000000
0.000000 0.000000 0.000000 0.000000 0.000000 0.000000 0.000000 0.000000 0.000000 0.000000 0.000000 0.000000 0.000000 0.000000 0.000000 0.000000 0.000000 0.000000 0.000000 0.000000 0.000000