geotop/1.0zi/1.0Montebello/Templates/testdem/maps/_Erotot3945.asc
ncols         21
nrows         20
xllcorner     100.000000
yllcorner     100.000000
cellsize      50.000000
NODATA_value  -9999.0
0.000000 0.000000 0.000000 0.000000 0.000000 0.000000 0.000000 0.000000 0.000000 0.000000 0.000000 0.000000 0.000000 0.000000 0.000000 0.000000 0.000000 0.000000 0.000000 0.000000 0.000000
0.000000 0.000000 299.362517 298.925014 298.738425 298.592197 298.622942 298.682706 298.717127 298.715715 298.701339 298.707104 298.706658 298.749256 298.616808 298.633787 298.808175 298.713376 298.804743 0.000000 0.000000
0.000000 0.000000 23.768434 24.325662 24.593021 25.301427 24.931071 24.943853 24.518095 24.450485 24.503304 24.878320 24.646090 24.478591 24.970743 24.731909 23.847767 23.289926 23.164173 0.000000 0.000000
0.000000 0.000000 137.214892 138.712075 131.634518 128.993402 129.718260 124.480108 123.653294 123.242212 122.483716 122.003915 123.130856 122.054922 125.167097 130.245626 130.915994 133.232618 135.893864 0.000000 0.000000
0.000000 0.000000 1256.130266 1262.087806 1268.338895 1260.089514 1250.717633 1244.755976 1248.048394 1241.983947 1247.390558 1249.479988 1249.786730 1250.623894 1259.061850 1256.577411 1255.824958 1256.977162 1256.130557 0.000000 0.000000
0.000000 0.000000 2341.082609 2335.885021 2330.458060 2328.353347 2322.463351 2317.602088 2315.086329 2317.001842 2315.452001 2314.434273 2312.480805 2313.944111 2314.222679 2326.177190 2331.787232 2331.154245 2334.250552 0.000000 0.000000
0.000000 0.000000 2911.336252 2906.466257 2901.369719 2893.878000 2883.736824 2870.348420 2871.704528 2868.560554 2871.766425 2870.627079 2872.673032 2876.349312 2890.982962 2897.638176 2904.781900 2908.372248 2911.493406 0.000000 0.000000
0.000000 0.000000 3330.615252 3331.427604 3331.104525 3325.770323 3323.785783 3319.974265 3320.520658 3320.967703 3318.663147 3318.793793 3318.484938 3318.374745 3322.437506 3326.508935 3327.363744 3326.372757 3327.158879 0.000000 0.000000
0.000000 0.000000 3899.455336 3899.264001 3895.446216 3893.522450 3888.052775 3878.586837 3878.681478 3876.730682 3877.600443 3878.140565 3877.942780 3880.032337 3886.465290 3893.992540 3893.419430 3894.142967 3897.484204 0.000000 0.000000
0.000000 0.000000 4545.112780 4543.997417 4542.857549 4538.499555 4529.113258 4524.125395 4525.432730 4524.551574 4524.685838 4524.594532 4524.808103 4524.688035 4532.905054 4539.076219 4540.816566 4541.113067 4542.137124 0.000000 0.000000
0.000000 0.000000 5224.820631 5223.580642 5220.824294 5217.984399 5214.825507 5204.533794 5204.685985 5202.147458 5202.583420 5203.234440 5203.257632 5204.440498 5210.160552 5212.637137 5216.408298 5217.828422 5220.473062 0.000000 0.000000
0.000000 0.000000 5929.263300 5928.417687 5925.359938 5918.096827 5912.221292 5904.267993 5903.184390 5902.632447 5902.902188 5902.026706 5902.813784 5904.344159 5914.300414 5919.941652 5922.550450 5922.998907 5939.127180 0.000000 0.000000
0.000000 0.000000 6631.335701 6629.930647 6626.640928 6623.058135 6615.089620 6597.996937 6598.058463 6596.349141 6596.410405 6596.832029 6596.511080 6598.595486 6613.484068 6621.189468 6623.451755 6624.360052 6626.294360 0.000000 0.000000
0.000000 0.000000 7378.468613 7376.221863 7372.737868 7368.293061 7351.068193 7357.664343 7352.347602 7351.238640 7351.849843 7351.858755 7351.921829 7353.217484 7349.209411 7364.953533 7367.918707 7372.246633 7371.828293 0.000000 0.000000
0.000000 0.000000 8171.379185 8166.798668 8161.654333 8151.382705 8147.372353 8132.213001 8124.715256 8123.092195 8119.323959 8118.615693 8120.666973 8119.969776 8131.185603 8139.003941 8156.206854 8151.699171 8152.609259 0.000000 0.000000
0.000000 0.000000 8954.060403 8954.170476 8936.108966 8937.738477 8936.236875 8934.742243 8936.713083 8936.506374 8939.137257 8938.964484 8937.400368 8943.378325 8942.580791 8941.679845 8931.358450 8949.834224 8953.551670 0.000000 0.000000
0.000000 0.000000 9839.440493 9821.594592 9813.019767 9805.355348 9791.258131 9785.270000 9783.569431 9782.839230 9779.788411 9779.905660 9781.044280 9780.679765 9785.929662 9800.491131 9811.468133 9811.566905 9830.169198 0.000000 0.000000
0.000000 0.000000 10505.123057 10507.251373 10523.162814 10513.650754 10506.799640 10488.737780 10487.235510 10484.663973 10486.015162 10485.655527 10485.621995 10488.104850 10505.831833 10513.853035 10523.391754 10501.748427 10504.193086 0.000000 0.000000
0.000000 0.000000 0.000000 0.000000 0.000000 0.000000 0.000000 0.000000 0.000000 0.000000 0.000000 0.000000 0.000000 0.000000 0.000000 0.000000 0.000000 0.000000 0.000000 0.000000 0.000000
0.000000 0.000000 0.000000 0.000000 0.000000 0.000000 0.000000 0.000000 0.000000 0.000000 0.000000 0.000000 0.000000 0.000000 0.000000 0.000000 0.000000 0.000000 0.000000 0.000000 0.000000