geotop/1.0zi/1.0Montebello/Templates/testdem/maps/_Erotot9553.asc
ncols         21
nrows         20
xllcorner     100.000000
yllcorner     100.000000
cellsize      50.000000
NODATA_value  -9999.0
0.000000 0.000000 0.000000 0.000000 0.000000 0.000000 0.000000 0.000000 0.000000 0.000000 0.000000 0.000000 0.000000 0.000000 0.000000 0.000000 0.000000 0.000000 0.000000 0.000000 0.000000
0.000000 0.000000 792.320805 792.410028 791.177332 790.712474 789.175526 788.682274 788.821562 788.845370 789.260667 788.638674 788.489466 788.524881 789.507023 790.156999 791.510196 792.751893 793.399539 0.000000 0.000000
0.000000 0.000000 59.394537 58.018725 58.370662 58.131888 58.848548 58.405097 58.007526 57.899838 58.068025 58.374759 58.457529 58.541138 58.433959 57.946770 56.858518 55.936871 56.805915 0.000000 0.000000
0.000000 0.000000 514.994319 518.748011 504.694830 499.091218 498.369374 490.702857 497.453580 499.543497 495.990676 496.237568 501.153206 500.505133 509.065711 517.656920 520.437852 518.753143 524.577549 0.000000 0.000000
0.000000 0.000000 4351.035896 4344.977784 4340.013634 4304.494349 4277.125383 4263.735825 4256.235048 4249.908808 4257.378094 4263.828613 4261.941615 4257.058978 4276.823886 4283.252003 4301.350079 4312.257728 4313.288488 0.000000 0.000000
0.000000 0.000000 6556.887936 6551.498919 6546.444819 6549.159164 6524.137951 6511.905215 6515.529006 6514.753693 6510.270426 6503.933542 6502.525810 6506.938000 6507.057109 6533.629711 6534.102321 6541.974929 6544.270109 0.000000 0.000000
0.000000 0.000000 8057.694753 8052.545614 8048.504867 8036.593497 8028.695558 7990.123969 7993.162780 7990.512132 7989.887743 7994.397629 7995.160599 7996.849030 8030.611461 8035.853068 8045.657194 8048.542339 8053.869140 0.000000 0.000000
0.000000 0.000000 9633.696115 9631.090051 9625.707633 9612.772812 9604.796575 9601.511008 9601.587337 9599.651702 9599.570190 9595.628039 9594.884072 9602.203218 9600.675274 9611.181294 9626.524068 9624.033549 9630.425292 0.000000 0.000000
0.000000 0.000000 11649.184714 11644.131533 11636.628799 11632.908003 11615.542766 11593.154716 11596.666482 11592.422729 11588.909711 11588.674637 11591.991615 11585.815021 11611.852128 11626.930560 11629.607206 11633.276290 11636.102976 0.000000 0.000000
0.000000 0.000000 13997.327558 13989.939002 13986.437625 13978.340405 13953.593310 13939.182019 13939.168371 13937.430309 13933.058376 13937.863290 13941.548406 13941.346033 13949.251589 13970.422555 13979.392061 13983.474746 13983.203918 0.000000 0.000000
0.000000 0.000000 16621.924038 16619.511591 16617.116562 16584.449061 16577.295217 16552.179953 16561.199941 16543.412559 16549.292514 16545.420057 16537.792935 16549.761547 16565.518782 16570.563087 16586.927275 16592.428564 16609.253558 0.000000 0.000000
0.000000 0.000000 19561.540643 19549.566567 19531.088147 19529.398361 19509.747980 19481.199125 19480.844425 19482.971680 19490.302340 19475.116732 19484.198577 19481.623981 19511.143641 19526.495830 19528.643436 19534.295346 19561.239330 0.000000 0.000000
0.000000 0.000000 22697.384917 22689.954652 22692.617335 22663.046564 22650.970773 22570.821816 22568.260379 22567.083123 22531.899673 22555.405393 22558.262572 22567.007367 22624.967907 22635.901634 22669.957451 22670.425659 22676.093688 0.000000 0.000000
0.000000 0.000000 26433.263911 26435.013342 26408.325221 26399.836692 26291.434165 26345.754495 26321.033247 26322.852607 26341.646687 26325.696556 26324.549012 26311.440807 26258.919217 26381.375204 26382.607373 26413.778871 26428.783976 0.000000 0.000000
0.000000 0.000000 30476.491897 30461.387270 30443.218473 30319.009128 30381.801029 30302.885204 30280.836802 30274.626791 30245.855023 30234.339471 30248.320989 30250.696955 30326.850587 30263.663552 30439.479373 30394.161119 30384.349276 0.000000 0.000000
0.000000 0.000000 34073.618134 34068.251093 33920.682392 34008.985640 33985.880253 33995.236984 34072.335292 34050.622404 34089.539141 34082.638078 34054.716398 34091.915776 34069.095366 34092.203624 33901.454494 34136.337296 34127.167358 0.000000 0.000000
0.000000 0.000000 37352.294657 37215.913962 37286.927612 37224.723995 37153.730310 37135.214938 37081.138524 37097.112977 37045.236935 37052.863948 37082.148030 37053.563635 37092.594308 37135.981469 37282.483517 37148.894760 37294.500048 0.000000 0.000000
0.000000 0.000000 38233.266116 38328.537218 38423.984013 38419.548494 38419.503013 38341.285215 38354.143601 38327.815428 38366.736394 38359.823483 38359.028115 38364.903015 38426.984688 38429.795403 38436.195480 38351.993850 38258.045657 0.000000 0.000000
0.000000 0.000000 0.000000 0.000000 0.000000 0.000000 0.000000 0.000000 0.000000 0.000000 0.000000 0.000000 0.000000 0.000000 0.000000 0.000000 0.000000 0.000000 0.000000 0.000000 0.000000
0.000000 0.000000 0.000000 0.000000 0.000000 0.000000 0.000000 0.000000 0.000000 0.000000 0.000000 0.000000 0.000000 0.000000 0.000000 0.000000 0.000000 0.000000 0.000000 0.000000 0.000000