geotop/1.0zi/1.0Montebello/Templates/testdem/maps/_Erotot7584.asc
ncols         21
nrows         20
xllcorner     100.000000
yllcorner     100.000000
cellsize      50.000000
NODATA_value  -9999.0
0.000000 0.000000 0.000000 0.000000 0.000000 0.000000 0.000000 0.000000 0.000000 0.000000 0.000000 0.000000 0.000000 0.000000 0.000000 0.000000 0.000000 0.000000 0.000000 0.000000 0.000000
0.000000 0.000000 642.739342 643.683544 643.080335 643.240815 642.368620 642.568730 642.515485 642.620272 643.043541 642.375706 642.259306 642.300579 642.646161 642.688936 643.489397 644.073474 644.144392 0.000000 0.000000
0.000000 0.000000 50.052006 48.829094 48.974775 49.351572 49.766199 49.443550 49.178427 49.016283 49.258031 49.593519 49.615153 49.779439 49.528268 49.201774 47.791574 46.855369 47.609876 0.000000 0.000000
0.000000 0.000000 353.342866 354.628232 342.467289 336.708708 337.512914 326.129581 326.198828 327.074310 323.413800 321.580443 323.782773 323.931594 334.242809 341.103686 345.739147 348.693052 353.598390 0.000000 0.000000
0.000000 0.000000 2989.268227 2992.469028 2996.258483 2974.561440 2955.952339 2946.113018 2945.648195 2941.930457 2948.113424 2954.242815 2948.796170 2947.213845 2961.752143 2964.584461 2974.234004 2982.813397 2982.318660 0.000000 0.000000
0.000000 0.000000 4772.760398 4767.018560 4763.452953 4757.574043 4743.151455 4733.506576 4734.283165 4733.125596 4729.872181 4724.108530 4723.282583 4726.488980 4725.655742 4745.064933 4753.002878 4759.870429 4762.908689 0.000000 0.000000
0.000000 0.000000 6046.329400 6043.356375 6039.063247 6032.457976 6018.981357 5997.909872 5996.930252 5993.291033 5994.622903 5998.491975 5999.862313 6000.401163 6027.420694 6037.131493 6042.524847 6045.240838 6050.426567 0.000000 0.000000
0.000000 0.000000 7075.181608 7075.659520 7072.904495 7063.450474 7061.323690 7052.430510 7052.716826 7052.733169 7051.639763 7047.941224 7047.117023 7053.205066 7054.699082 7059.192443 7071.353406 7069.928052 7074.760874 0.000000 0.000000
0.000000 0.000000 8435.194497 8431.019779 8425.051199 8425.005243 8414.448752 8399.720607 8400.938975 8396.705710 8394.480809 8394.456626 8396.690026 8390.997259 8409.144953 8422.602831 8424.246522 8427.844428 8429.162362 0.000000 0.000000
0.000000 0.000000 9993.729919 9990.543638 9991.076860 9987.249651 9967.644634 9958.396761 9958.168392 9957.989530 9954.602376 9958.106705 9961.075963 9960.345786 9966.829474 9980.600451 9987.987218 9989.896108 9990.933420 0.000000 0.000000
0.000000 0.000000 11695.208493 11694.574691 11692.062587 11672.757176 11667.190233 11652.291173 11657.826294 11645.156226 11648.921513 11647.448845 11640.588935 11650.246146 11659.171765 11661.800883 11673.899910 11680.820277 11691.145009 0.000000 0.000000
0.000000 0.000000 13529.151840 13521.794181 13514.371249 13511.136908 13501.707671 13482.482825 13479.255919 13479.839783 13486.862001 13476.435760 13480.151715 13480.139239 13501.670993 13509.590697 13512.366938 13516.299228 13538.792583 0.000000 0.000000
0.000000 0.000000 15425.301132 15420.966633 15421.452052 15408.650557 15402.045780 15357.074179 15355.445141 15354.740489 15334.397183 15346.152850 15350.231166 15354.684098 15386.000163 15392.661400 15414.740575 15414.493980 15422.198469 0.000000 0.000000
0.000000 0.000000 17582.647617 17585.174984 17572.759274 17568.507981 17515.818312 17533.323485 17518.671433 17519.979758 17525.317628 17521.429473 17519.277729 17514.890640 17495.967789 17553.157292 17559.739293 17578.647877 17587.803289 0.000000 0.000000
0.000000 0.000000 19989.198988 19981.613349 19973.493246 19917.242294 19927.376531 19899.202498 19880.811743 19878.226382 19867.514131 19857.874402 19863.097395 19861.786516 19894.082507 19886.741257 19969.587560 19953.491648 19951.484078 0.000000 0.000000
0.000000 0.000000 22504.607487 22501.981397 22420.523975 22441.460717 22443.549713 22433.363105 22470.390204 22456.749082 22473.226041 22465.375750 22452.848856 22474.065357 22476.841016 22477.418131 22412.915248 22531.521954 22523.438908 0.000000 0.000000
0.000000 0.000000 25508.842275 25391.218960 25415.489156 25379.097196 25316.606808 25303.707211 25273.056557 25282.457764 25245.889353 25249.302546 25267.236880 25253.264016 25281.768891 25319.836806 25413.468239 25354.935765 25480.523587 0.000000 0.000000
0.000000 0.000000 26866.509522 26969.976437 27083.878371 27081.403818 27078.515302 26981.530632 26993.725381 26962.316787 27006.617050 26998.331588 26997.743582 27004.943329 27086.758734 27089.917292 27104.926453 27006.546641 26904.765676 0.000000 0.000000
0.000000 0.000000 0.000000 0.000000 0.000000 0.000000 0.000000 0.000000 0.000000 0.000000 0.000000 0.000000 0.000000 0.000000 0.000000 0.000000 0.000000 0.000000 0.000000 0.000000 0.000000
0.000000 0.000000 0.000000 0.000000 0.000000 0.000000 0.000000 0.000000 0.000000 0.000000 0.000000 0.000000 0.000000 0.000000 0.000000 0.000000 0.000000 0.000000 0.000000 0.000000 0.000000