geotop/1.0zi/1.0Montebello/Templates/testdem/maps/_Erotot9467.asc
ncols         21
nrows         20
xllcorner     100.000000
yllcorner     100.000000
cellsize      50.000000
NODATA_value  -9999.0
0.000000 0.000000 0.000000 0.000000 0.000000 0.000000 0.000000 0.000000 0.000000 0.000000 0.000000 0.000000 0.000000 0.000000 0.000000 0.000000 0.000000 0.000000 0.000000 0.000000 0.000000
0.000000 0.000000 791.857647 791.958977 790.732163 790.270040 788.740551 788.254409 788.389209 788.417914 788.828837 788.209649 788.060828 788.096881 789.071207 789.718383 791.066789 792.300206 792.939800 0.000000 0.000000
0.000000 0.000000 59.393461 58.011850 58.367339 58.131488 58.847578 58.405971 58.011416 57.900134 58.073286 58.376824 58.450904 58.540245 58.432520 57.943196 56.851868 55.928308 56.801568 0.000000 0.000000
0.000000 0.000000 512.855705 516.543969 502.470506 496.869031 496.200498 488.549984 495.330708 497.439262 493.869316 494.093303 498.857721 498.357073 506.916095 515.445789 518.228310 516.548340 522.451791 0.000000 0.000000
0.000000 0.000000 4301.802371 4295.701713 4290.522274 4255.185982 4227.930818 4214.579818 4207.003045 4200.717161 4208.189329 4214.655287 4212.864079 4207.964214 4227.671995 4234.002695 4252.030642 4263.086269 4264.122963 0.000000 0.000000
0.000000 0.000000 6512.752896 6507.346389 6502.367212 6504.888374 6479.991996 6467.795805 6471.399189 6470.658803 6466.121923 6459.801339 6458.273242 6462.788444 6462.873795 6489.338760 6489.997931 6497.837728 6500.151368 0.000000 0.000000
0.000000 0.000000 8000.797738 7995.618423 7991.573383 7979.702773 7971.714554 7933.340462 7936.389375 7933.765297 7933.117861 7937.623776 7938.384386 7940.117736 7973.706866 7979.028302 7988.771853 7991.613550 7996.976306 0.000000 0.000000
0.000000 0.000000 9557.336113 9554.683576 9549.291998 9536.409948 9528.564114 9525.281994 9525.355465 9523.399959 9523.347843 9519.348863 9518.451167 9525.847970 9524.402050 9534.782900 9550.107700 9547.644672 9554.074596 0.000000 0.000000
0.000000 0.000000 11549.342733 11544.247259 11536.747809 11533.068216 11515.844939 11493.611169 11497.140810 11492.927037 11489.413923 11489.152578 11492.356453 11486.289301 11512.152519 11527.079006 11529.708332 11533.413911 11536.283014 0.000000 0.000000
0.000000 0.000000 13868.482714 13861.063222 13857.545635 13849.516274 13824.974377 13810.707784 13810.710613 13808.990728 13804.624265 13809.381799 13812.932090 13812.838574 13820.637128 13841.615027 13850.524282 13854.615661 13854.406963 0.000000 0.000000
0.000000 0.000000 16457.658418 16455.184765 16452.776484 16420.335975 16413.302600 16388.434335 16397.407388 16379.765544 16385.589623 16381.717688 16374.026950 16386.024860 16401.620550 16406.550509 16422.813553 16428.327759 16445.082189 0.000000 0.000000
0.000000 0.000000 19353.262490 19341.315129 19322.951348 19321.209434 19301.849689 19273.604605 19273.325353 19275.373141 19282.626365 19267.555964 19276.369627 19274.019395 19303.187121 19318.262373 19320.422580 19326.081856 19352.891082 0.000000 0.000000
0.000000 0.000000 22438.958306 22431.470774 22433.966018 22404.829742 22392.874009 22314.027135 22311.490235 22310.392309 22275.765050 22298.761436 22301.484690 22310.234201 22367.240095 22378.033720 22411.635106 22412.122449 22418.060103 0.000000 0.000000
0.000000 0.000000 26113.644428 26115.206481 26088.840725 26080.150687 25973.913646 26026.565718 26002.297450 26004.071001 26022.134303 26006.672568 26005.417128 25992.781467 25941.720810 26061.725297 26063.314915 26094.050841 26108.925522 0.000000 0.000000
0.000000 0.000000 30109.754329 30094.677093 30076.360576 29954.011225 30014.554102 29937.352640 29915.256105 29909.191567 29881.005459 29869.389679 29882.937873 29885.316267 29959.852641 29899.014092 30072.321648 30027.995231 30018.640511 0.000000 0.000000
0.000000 0.000000 33713.633967 33708.021340 33559.740695 33646.947188 33625.425994 33633.974906 33711.193472 33689.325798 33728.040719 33720.950734 33692.919580 33730.464311 33708.337530 33729.910595 33540.344935 33775.616227 33766.458735 0.000000 0.000000
0.000000 0.000000 37062.943343 36921.351122 36994.808865 36929.916742 36856.026945 36836.637893 36780.578038 36797.046646 36743.254352 36751.096683 36781.417571 36751.723126 36792.245803 36837.804030 36990.108139 36851.495766 37002.479927 0.000000 0.000000
0.000000 0.000000 37931.941293 38034.684243 38128.377980 38124.729668 38125.891194 38043.327061 38057.721189 38029.884297 38071.707098 38064.236563 38062.621038 38069.731885 38135.066306 38137.041671 38141.362779 38060.739905 37959.324065 0.000000 0.000000
0.000000 0.000000 0.000000 0.000000 0.000000 0.000000 0.000000 0.000000 0.000000 0.000000 0.000000 0.000000 0.000000 0.000000 0.000000 0.000000 0.000000 0.000000 0.000000 0.000000 0.000000
0.000000 0.000000 0.000000 0.000000 0.000000 0.000000 0.000000 0.000000 0.000000 0.000000 0.000000 0.000000 0.000000 0.000000 0.000000 0.000000 0.000000 0.000000 0.000000 0.000000 0.000000