geotop/1.0zi/1.0Montebello/Templates/testdem/maps/_Erotot6944.asc
ncols         21
nrows         20
xllcorner     100.000000
yllcorner     100.000000
cellsize      50.000000
NODATA_value  -9999.0
0.000000 0.000000 0.000000 0.000000 0.000000 0.000000 0.000000 0.000000 0.000000 0.000000 0.000000 0.000000 0.000000 0.000000 0.000000 0.000000 0.000000 0.000000 0.000000 0.000000 0.000000
0.000000 0.000000 565.186455 565.975216 565.627506 565.867897 565.254668 565.231577 565.236310 565.353243 565.771016 565.112140 564.995488 565.094810 565.372347 565.334663 566.070869 566.336963 566.400870 0.000000 0.000000
0.000000 0.000000 44.263090 43.120251 43.225236 43.370825 43.617156 43.454246 43.216501 43.055545 43.287533 43.564768 43.494505 43.719704 43.474246 43.263689 41.990258 41.189653 41.872465 0.000000 0.000000
0.000000 0.000000 225.049687 227.245721 216.243370 213.551147 213.431357 208.060695 207.404324 207.206542 206.332121 205.494085 207.565595 206.243974 212.768406 218.731888 219.620060 220.715874 225.923331 0.000000 0.000000
0.000000 0.000000 2396.336368 2399.403027 2402.622468 2382.204629 2367.510526 2354.015324 2357.103254 2352.942248 2358.467732 2363.968248 2359.238295 2357.731807 2370.063142 2372.665354 2380.894182 2388.868986 2390.931346 0.000000 0.000000
0.000000 0.000000 4166.471611 4160.886497 4157.847511 4150.988459 4137.963113 4130.360543 4128.956072 4128.874418 4125.385329 4119.821160 4118.699508 4121.860409 4121.498420 4139.325488 4147.938466 4154.306221 4156.159675 0.000000 0.000000
0.000000 0.000000 5345.152057 5342.341500 5338.357139 5332.990275 5319.657773 5301.390197 5300.945987 5296.996169 5298.837122 5302.762767 5304.270605 5304.752513 5328.370098 5338.028938 5342.227476 5344.087737 5349.597427 0.000000 0.000000
0.000000 0.000000 6196.394618 6197.293987 6194.838867 6186.594446 6185.445250 6177.214577 6177.715542 6177.840196 6176.897793 6173.780910 6173.045554 6178.218359 6178.989378 6182.597454 6193.195288 6191.188042 6195.938882 0.000000 0.000000
0.000000 0.000000 7355.955117 7352.365772 7346.688879 7347.223528 7338.328926 7325.733052 7326.668870 7322.919188 7320.806180 7321.245464 7323.200050 7317.554016 7333.367359 7345.839564 7346.396233 7348.741093 7350.424113 0.000000 0.000000
0.000000 0.000000 8688.997180 8686.120258 8687.062440 8684.393991 8666.982179 8658.959376 8659.415813 8658.763489 8656.260332 8659.561573 8662.668255 8661.364495 8666.193186 8678.371483 8684.513026 8685.352963 8686.672078 0.000000 0.000000
0.000000 0.000000 10134.518642 10133.927070 10132.096450 10115.056419 10111.770034 10098.213521 10102.997938 10091.623069 10095.053862 10094.211014 10088.041171 10096.577729 10103.134195 10105.314535 10115.356736 10121.124605 10130.875851 0.000000 0.000000
0.000000 0.000000 11668.665093 11662.487845 11656.125880 11653.301981 11646.087560 11629.366255 11627.236935 11626.985684 11634.105192 11625.194497 11628.074238 11627.877225 11646.342461 11652.455925 11654.295601 11656.676126 11678.148629 0.000000 0.000000
0.000000 0.000000 13244.475424 13241.084931 13241.146628 13231.119168 13225.823039 13189.748984 13188.212725 13187.523900 13170.234431 13180.405789 13184.763359 13187.912832 13211.888930 13217.726029 13235.824067 13234.856714 13242.888876 0.000000 0.000000
0.000000 0.000000 15004.052207 15006.183402 14995.990304 14992.617938 14952.841923 14964.498722 14952.164444 14953.331547 14956.968488 14954.880313 14953.097030 14949.134638 14934.419260 14979.074329 14984.668663 14999.604572 15008.299538 0.000000 0.000000
0.000000 0.000000 16937.671877 16931.147078 16925.137041 16884.957318 16888.217477 16868.055518 16851.836078 16849.958408 16842.246628 16834.444656 16838.331541 16836.444405 16859.681841 16859.486988 16920.981268 16908.409396 16907.856274 0.000000 0.000000
0.000000 0.000000 18955.810669 18954.038286 18895.161612 18903.104091 18908.010925 18897.021722 18923.824608 18912.411649 18923.875165 18917.134245 18909.064324 18923.739487 18927.834748 18927.871318 18888.635323 18970.974115 18964.368659 0.000000 0.000000
0.000000 0.000000 21321.252838 21241.919658 21247.946237 21226.524667 21183.310868 21175.086836 21157.606209 21163.284030 21139.570213 21141.360117 21151.885876 21145.774691 21163.969892 21188.655375 21246.193683 21220.408640 21306.474502 0.000000 0.000000
0.000000 0.000000 22688.497476 22738.189246 22818.562219 22811.469004 22799.836672 22732.817125 22737.105258 22715.248215 22740.836777 22736.112946 22740.102299 22739.751887 22797.540219 22807.785102 22832.720122 22755.945067 22708.140958 0.000000 0.000000
0.000000 0.000000 0.000000 0.000000 0.000000 0.000000 0.000000 0.000000 0.000000 0.000000 0.000000 0.000000 0.000000 0.000000 0.000000 0.000000 0.000000 0.000000 0.000000 0.000000 0.000000
0.000000 0.000000 0.000000 0.000000 0.000000 0.000000 0.000000 0.000000 0.000000 0.000000 0.000000 0.000000 0.000000 0.000000 0.000000 0.000000 0.000000 0.000000 0.000000 0.000000 0.000000