geotop/1.0zi/1.0Montebello/Templates/testdem/maps/_Erotot2460.asc
ncols         21
nrows         20
xllcorner     100.000000
yllcorner     100.000000
cellsize      50.000000
NODATA_value  -9999.0
0.000000 0.000000 0.000000 0.000000 0.000000 0.000000 0.000000 0.000000 0.000000 0.000000 0.000000 0.000000 0.000000 0.000000 0.000000 0.000000 0.000000 0.000000 0.000000 0.000000 0.000000
0.000000 0.000000 236.455495 236.457790 236.463325 236.580221 236.448663 236.453284 236.430092 236.468201 236.467329 236.468201 236.430092 236.453284 236.448663 236.580221 236.463325 236.457790 236.455495 0.000000 0.000000
0.000000 0.000000 13.773622 13.552344 11.799809 13.523259 13.816033 13.801959 13.833147 13.801520 13.801204 13.801520 13.833147 13.801959 13.816033 13.523259 11.799809 13.552344 13.773622 0.000000 0.000000
0.000000 0.000000 1719.668074 1719.347171 1719.683265 1717.813522 1719.819809 1719.260141 1719.257571 1720.080360 1720.223507 1720.080360 1719.257571 1719.260141 1719.819809 1717.813522 1719.683265 1719.347171 1719.668074 0.000000 0.000000
0.000000 0.000000 3526.086128 3525.914601 3525.252477 3525.843295 3526.388656 3526.249716 3526.211806 3526.362057 3526.325830 3526.362057 3526.211806 3526.249716 3526.388656 3525.843295 3525.252477 3525.914601 3526.086128 0.000000 0.000000
0.000000 0.000000 4570.443370 4570.237301 4569.674845 4569.826716 4570.639987 4570.345776 4570.365225 4570.708653 4570.795444 4570.708653 4570.365225 4570.345776 4570.639987 4569.826716 4569.674845 4570.237301 4570.443370 0.000000 0.000000
0.000000 0.000000 5958.121162 5957.949698 5957.434609 5957.576259 5958.271446 5958.016865 5958.041826 5958.346942 5958.442851 5958.346942 5958.041826 5958.016865 5958.271446 5957.576259 5957.434609 5957.949698 5958.121162 0.000000 0.000000
0.000000 0.000000 7266.809553 7266.665562 7266.185749 7266.330086 7266.928278 7266.709282 7266.731688 7267.005079 7267.097094 7267.005079 7266.731688 7266.709282 7266.928278 7266.330086 7266.185749 7266.665562 7266.809553 0.000000 0.000000
0.000000 0.000000 8487.379368 8487.247594 8486.791640 8486.935719 8487.486023 8487.284004 8487.305022 8487.562165 8487.650315 8487.562165 8487.305022 8487.284004 8487.486023 8486.935719 8486.791640 8487.247594 8487.379368 0.000000 0.000000
0.000000 0.000000 9638.449632 9638.346478 9637.901212 9638.083912 9638.543511 9638.362821 9638.388458 9638.622493 9638.706141 9638.622493 9638.388458 9638.362821 9638.543511 9638.083912 9637.901212 9638.346478 9638.449632 0.000000 0.000000
0.000000 0.000000 10724.879251 10724.769359 10724.343848 10724.502287 10724.972349 10724.792335 10724.813854 10725.044658 10725.123471 10725.044658 10724.813854 10724.792335 10724.972349 10724.502287 10724.343848 10724.769359 10724.879251 0.000000 0.000000
0.000000 0.000000 11762.105456 11761.995234 11761.585598 11761.738119 11762.193661 11762.021047 11762.041326 11762.264562 11762.341860 11762.264562 11762.041326 11762.021047 11762.193661 11761.738119 11761.585598 11761.995234 11762.105456 0.000000 0.000000
0.000000 0.000000 12759.064962 12758.959634 12758.556403 12758.710475 12759.146476 12758.978312 12758.998692 12759.216105 12759.290251 12759.216105 12758.998692 12758.978312 12759.146476 12758.710475 12758.556403 12758.959634 12759.064962 0.000000 0.000000
0.000000 0.000000 13720.925748 13720.828202 13720.434050 13720.606628 13721.005055 13720.843559 13720.865531 13721.074720 13721.146851 13721.074720 13720.865531 13720.843559 13721.005055 13720.606628 13720.434050 13720.828202 13720.925748 0.000000 0.000000
0.000000 0.000000 14651.959444 14651.860029 14651.469471 14651.630973 14652.034667 14651.874503 14651.895087 14652.102577 14652.172669 14652.102577 14651.895087 14651.874503 14652.034667 14651.630973 14651.469471 14651.860029 14651.959444 0.000000 0.000000
0.000000 0.000000 15553.224057 15553.126813 15552.747275 15552.902035 15553.293521 15553.138059 15553.158472 15553.360600 15553.429075 15553.360600 15553.158472 15553.138059 15553.293521 15552.902035 15552.747275 15553.126813 15553.224052 0.000000 0.000000
0.000000 0.000000 16427.569643 16427.474000 16427.096484 16427.254413 16427.637116 16427.483538 16427.503407 16427.700941 16427.767308 16427.700941 16427.503407 16427.483538 16427.637116 16427.254413 16427.096483 16427.473978 16427.569272 0.000000 0.000000
0.000000 0.000000 17314.991184 17315.306032 17314.935078 17315.088807 17315.467087 17315.316650 17315.334574 17315.528821 17315.592592 17315.528821 17315.334574 17315.316650 17315.467087 17315.088806 17314.935060 17315.302535 17315.394975 0.000000 0.000000
0.000000 0.000000 0.000000 0.000000 0.000000 0.000000 0.000000 0.000000 0.000000 0.000000 0.000000 0.000000 0.000000 0.000000 0.000000 0.000000 0.000000 0.000000 0.000000 0.000000 0.000000
0.000000 0.000000 0.000000 0.000000 0.000000 0.000000 0.000000 0.000000 0.000000 0.000000 0.000000 0.000000 0.000000 0.000000 0.000000 0.000000 0.000000 0.000000 0.000000 0.000000 0.000000