geotop/1.0zi/1.0Montebello/Templates/testdem/maps/_Erotot3468.asc
ncols         21
nrows         20
xllcorner     100.000000
yllcorner     100.000000
cellsize      50.000000
NODATA_value  -9999.0
0.000000 0.000000 0.000000 0.000000 0.000000 0.000000 0.000000 0.000000 0.000000 0.000000 0.000000 0.000000 0.000000 0.000000 0.000000 0.000000 0.000000 0.000000 0.000000 0.000000 0.000000
0.000000 0.000000 372.850417 372.853273 372.856819 372.975800 372.843354 372.849109 372.822765 372.862743 372.877449 372.862743 372.822765 372.849109 372.843354 372.975800 372.856819 372.853273 372.850417 0.000000 0.000000
0.000000 0.000000 11.528775 11.290207 9.534128 11.215786 11.531885 11.457344 11.576499 11.472732 11.840236 11.472732 11.576499 11.457344 11.531885 11.215786 9.534128 11.290207 11.528775 0.000000 0.000000
0.000000 0.000000 2728.151432 2727.886777 2728.032447 2726.215486 2728.175529 2727.593250 2727.479794 2728.287167 2728.423336 2728.287167 2727.479794 2727.593250 2728.175529 2726.215486 2728.032447 2727.886777 2728.151432 0.000000 0.000000
0.000000 0.000000 5160.986993 5160.810568 5160.110736 5160.689890 5161.226698 5161.077294 5161.066631 5161.165810 5161.192215 5161.165810 5161.066631 5161.077294 5161.226698 5160.689890 5160.110736 5160.810568 5160.986993 0.000000 0.000000
0.000000 0.000000 6679.644732 6679.464941 6678.857552 6678.998726 6679.825019 6679.491489 6679.507590 6679.790905 6680.017651 6679.790905 6679.507590 6679.491489 6679.825019 6678.998726 6678.857552 6679.464941 6679.644732 0.000000 0.000000
0.000000 0.000000 8601.756789 8601.615113 8601.066382 8601.191899 8601.905285 8601.611977 8601.627956 8601.873677 8602.098417 8601.873677 8601.627956 8601.611977 8601.905285 8601.191899 8601.066382 8601.615113 8601.756789 0.000000 0.000000
0.000000 0.000000 10376.744319 10376.630926 10376.132648 10376.260665 10376.870190 10376.616324 10376.630811 10376.847295 10377.049726 10376.847295 10376.630811 10376.616324 10376.870190 10376.260665 10376.132648 10376.630926 10376.744319 0.000000 0.000000
0.000000 0.000000 12006.626760 12006.527301 12006.064110 12006.189946 12006.747084 12006.515166 12006.525738 12006.725625 12006.915972 12006.725625 12006.525738 12006.515166 12006.747084 12006.189946 12006.064110 12006.527301 12006.626760 0.000000 0.000000
0.000000 0.000000 13519.031182 13518.960243 13518.515941 13518.678043 13519.143602 13518.935319 13518.948380 13519.126890 13519.300148 13519.126890 13518.948380 13518.935319 13519.143602 13518.678043 13518.515941 13518.960243 13519.031182 0.000000 0.000000
0.000000 0.000000 14923.979528 14923.902687 14923.487182 14923.624025 14924.093253 14923.889567 14923.898788 14924.074859 14924.237891 14924.074859 14923.898788 14923.889567 14924.093253 14923.624025 14923.487182 14923.902687 14923.979528 0.000000 0.000000
0.000000 0.000000 16247.159240 16247.086038 16246.698434 16246.830235 16247.282269 16247.089074 16247.094083 16247.268234 16247.420480 16247.268234 16247.094083 16247.089074 16247.282269 16246.830235 16246.698434 16247.086038 16247.159240 0.000000 0.000000
0.000000 0.000000 17497.265158 17497.198312 17496.823280 17496.955775 17497.382022 17497.197564 17497.201717 17497.370593 17497.512888 17497.370593 17497.201717 17497.197564 17497.382022 17496.955775 17496.823280 17497.198312 17497.265158 0.000000 0.000000
0.000000 0.000000 18688.370097 18688.311062 18687.950808 18688.098913 18688.485799 18688.309989 18688.315819 18688.476345 18688.611462 18688.476345 18688.315819 18688.309989 18688.485799 18688.098913 18687.950808 18688.311062 18688.370097 0.000000 0.000000
0.000000 0.000000 19824.809639 19824.745942 19824.394041 19824.529436 19824.914613 19824.747063 19824.753110 19824.911333 19825.039450 19824.911333 19824.753110 19824.747063 19824.914613 19824.529436 19824.394041 19824.745942 19824.809639 0.000000 0.000000
0.000000 0.000000 20909.321092 20909.260014 20908.921792 20909.049374 20909.420292 20909.258178 20909.263910 20909.415272 20909.538845 20909.415272 20909.263910 20909.258178 20909.420292 20909.049374 20908.921792 20909.260014 20909.321088 0.000000 0.000000
0.000000 0.000000 21949.270466 21949.210461 21948.878536 21949.009338 21949.363120 21949.207576 21949.213570 21949.360158 21949.476289 21949.360158 21949.213570 21949.207576 21949.363120 21949.009338 21948.878535 21949.210440 21949.270372 0.000000 0.000000
0.000000 0.000000 22998.242686 22998.726619 22998.404548 22998.530753 22998.875024 22998.724793 22998.729612 22998.871361 22998.983440 22998.871361 22998.729612 22998.724793 22998.875024 22998.530753 22998.404530 22998.723298 22998.780108 0.000000 0.000000
0.000000 0.000000 0.000000 0.000000 0.000000 0.000000 0.000000 0.000000 0.000000 0.000000 0.000000 0.000000 0.000000 0.000000 0.000000 0.000000 0.000000 0.000000 0.000000 0.000000 0.000000
0.000000 0.000000 0.000000 0.000000 0.000000 0.000000 0.000000 0.000000 0.000000 0.000000 0.000000 0.000000 0.000000 0.000000 0.000000 0.000000 0.000000 0.000000 0.000000 0.000000 0.000000