geotop/1.0zi/1.0Montebello/Templates/testdem/maps/_Erotot3045.asc
ncols         21
nrows         20
xllcorner     100.000000
yllcorner     100.000000
cellsize      50.000000
NODATA_value  -9999.0
0.000000 0.000000 0.000000 0.000000 0.000000 0.000000 0.000000 0.000000 0.000000 0.000000 0.000000 0.000000 0.000000 0.000000 0.000000 0.000000 0.000000 0.000000 0.000000 0.000000 0.000000
0.000000 0.000000 333.244515 333.247328 333.250852 333.369656 333.238914 333.243265 333.217630 333.257646 333.273323 333.257646 333.217630 333.243265 333.238914 333.369656 333.250852 333.247328 333.244515 0.000000 0.000000
0.000000 0.000000 12.151039 11.922961 10.167739 11.849725 12.163742 12.093018 12.192176 12.106014 12.458782 12.106014 12.192176 12.093018 12.163742 11.849725 10.167739 11.922961 12.151039 0.000000 0.000000
0.000000 0.000000 2443.023796 2442.683239 2442.965535 2441.154721 2443.071091 2442.593938 2442.542022 2443.446776 2443.586280 2443.446776 2442.542022 2442.593938 2443.071091 2441.154721 2442.965535 2442.683239 2443.023796 0.000000 0.000000
0.000000 0.000000 4609.268729 4609.100521 4608.436686 4609.016889 4609.560489 4609.431562 4609.390147 4609.527246 4609.527072 4609.527246 4609.390147 4609.431562 4609.560489 4609.016889 4608.436686 4609.100521 4609.268729 0.000000 0.000000
0.000000 0.000000 5987.419177 5987.212984 5986.641480 5986.783658 5987.581838 5987.303918 5987.320338 5987.658272 5987.867661 5987.658272 5987.320338 5987.303918 5987.581838 5986.783658 5986.641480 5987.212984 5987.419177 0.000000 0.000000
0.000000 0.000000 7728.457139 7728.285642 7727.766690 7727.893572 7728.577792 7728.338018 7728.358827 7728.656112 7728.865171 7728.656112 7728.358827 7728.338018 7728.577792 7727.893572 7727.766690 7728.285642 7728.457139 0.000000 0.000000
0.000000 0.000000 9341.735842 9341.592470 9341.115234 9341.245389 9341.828849 9341.623296 9341.643516 9341.909309 9342.097275 9341.909309 9341.643516 9341.623296 9341.828849 9341.245389 9341.115234 9341.592470 9341.735842 0.000000 0.000000
0.000000 0.000000 10829.378783 10829.248951 10828.798035 10828.926698 10829.461050 10829.273383 10829.290720 10829.537305 10829.714842 10829.537305 10829.290720 10829.273383 10829.461050 10828.926698 10828.798035 10829.248951 10829.378783 0.000000 0.000000
0.000000 0.000000 12215.628779 12215.528051 12215.092020 12215.257862 12215.702294 12215.535376 12215.555992 12215.778668 12215.940522 12215.778668 12215.555992 12215.535376 12215.702294 12215.257862 12215.092020 12215.528051 12215.628779 0.000000 0.000000
0.000000 0.000000 13508.181457 13508.074763 13507.661666 13507.802827 13508.253363 13508.088325 13508.105493 13508.323833 13508.476694 13508.323833 13508.105493 13508.088325 13508.253363 13507.802827 13507.661666 13508.074763 13508.181457 0.000000 0.000000
0.000000 0.000000 14732.123716 14732.017993 14731.623703 14731.758897 14732.191984 14732.034954 14732.050680 14732.260004 14732.405481 14732.260004 14732.050680 14732.034954 14732.191984 14731.758897 14731.623703 14732.017993 14732.123716 0.000000 0.000000
0.000000 0.000000 15894.968882 15894.869302 15894.484109 15894.620485 15895.031559 15894.879530 15894.895229 15895.097659 15895.235330 15895.097659 15894.895229 15894.879530 15895.031559 15894.620485 15894.484109 15894.869302 15894.968882 0.000000 0.000000
0.000000 0.000000 17008.262759 17008.171546 17007.798483 17007.951606 17008.324329 17008.179384 17008.196279 17008.389419 17008.520494 17008.389419 17008.196279 17008.179384 17008.324329 17007.951606 17007.798483 17008.171546 17008.262759 0.000000 0.000000
0.000000 0.000000 18073.854086 18073.761468 18073.395656 18073.536510 18073.913118 18073.770018 18073.785097 18073.974737 18074.099753 18073.974737 18073.785097 18073.770018 18073.913118 18073.536510 18073.395656 18073.761468 18073.854086 0.000000 0.000000
0.000000 0.000000 19095.725857 19095.635831 19095.282633 19095.416007 19095.779065 19095.641246 19095.656144 19095.839222 19095.960134 19095.839222 19095.656144 19095.641246 19095.779065 19095.416007 19095.282633 19095.635831 19095.725853 0.000000 0.000000
0.000000 0.000000 20079.419249 20079.331676 20078.983956 20079.121156 20079.471183 20079.336156 20079.351047 20079.529311 20079.643303 20079.529311 20079.351047 20079.336156 20079.471183 20079.121156 20078.983956 20079.331655 20079.419198 0.000000 0.000000
0.000000 0.000000 21079.635371 21080.080835 21079.741560 21079.874477 21080.216174 21080.085640 21080.098899 21080.272454 21080.383080 21080.272454 21080.098899 21080.085640 21080.216174 21079.874476 21079.741542 21080.077486 21080.161654 0.000000 0.000000
0.000000 0.000000 0.000000 0.000000 0.000000 0.000000 0.000000 0.000000 0.000000 0.000000 0.000000 0.000000 0.000000 0.000000 0.000000 0.000000 0.000000 0.000000 0.000000 0.000000 0.000000
0.000000 0.000000 0.000000 0.000000 0.000000 0.000000 0.000000 0.000000 0.000000 0.000000 0.000000 0.000000 0.000000 0.000000 0.000000 0.000000 0.000000 0.000000 0.000000 0.000000 0.000000