geotop/1.0zi/1.0Montebello/Templates/testdem/maps/_Erotot6983.asc
ncols         21
nrows         20
xllcorner     100.000000
yllcorner     100.000000
cellsize      50.000000
NODATA_value  -9999.0
0.000000 0.000000 0.000000 0.000000 0.000000 0.000000 0.000000 0.000000 0.000000 0.000000 0.000000 0.000000 0.000000 0.000000 0.000000 0.000000 0.000000 0.000000 0.000000 0.000000 0.000000
0.000000 0.000000 565.818744 566.622755 566.271708 566.501256 565.883921 565.856063 565.873030 565.975675 566.402282 565.728766 565.613185 565.699542 565.983655 565.948296 566.701568 566.976098 567.045008 0.000000 0.000000
0.000000 0.000000 44.443208 43.239114 43.203685 43.355054 43.589401 43.444932 43.183394 43.027274 43.265548 43.554360 43.487695 43.682921 43.460108 43.261410 41.975805 41.250684 41.994595 0.000000 0.000000
0.000000 0.000000 234.310446 236.328545 224.867948 222.274886 220.991278 214.036249 214.906821 213.678366 212.634061 210.071570 212.139105 211.981342 220.482317 226.461962 227.577145 229.373115 235.014972 0.000000 0.000000
0.000000 0.000000 2437.267639 2440.540377 2443.789673 2422.745205 2408.099455 2395.205566 2397.184820 2394.101630 2399.577550 2405.966233 2400.633309 2398.908379 2410.360392 2413.062966 2421.580755 2429.110157 2431.085506 0.000000 0.000000
0.000000 0.000000 4205.529801 4199.895063 4196.606507 4190.410344 4176.350249 4168.321684 4167.685030 4166.808450 4163.406587 4157.551914 4156.649100 4159.987035 4159.907219 4177.887651 4186.147911 4192.903572 4194.820809 0.000000 0.000000
0.000000 0.000000 5395.251951 5392.465381 5388.302061 5382.586622 5369.323698 5350.671841 5350.193930 5346.397881 5347.960450 5351.750840 5353.092668 5353.621820 5377.819597 5387.305411 5391.681676 5393.811106 5399.406952 0.000000 0.000000
0.000000 0.000000 6261.129879 6261.806436 6259.218341 6250.764450 6249.513170 6241.131755 6241.803227 6241.719702 6240.889512 6237.112287 6236.287778 6242.146285 6242.959994 6246.582474 6257.464475 6255.474327 6260.572727 0.000000 0.000000
0.000000 0.000000 7436.711460 7432.865077 7427.216034 7427.846178 7418.263170 7404.932258 7406.434564 7402.259445 7400.255873 7400.167572 7402.248420 7396.655002 7413.114649 7425.581395 7426.191830 7428.957048 7430.669825 0.000000 0.000000
0.000000 0.000000 8787.781169 8784.913671 8785.534807 8782.717998 8764.460874 8756.480743 8756.749405 8756.346152 8753.374312 8756.622704 8759.445994 8758.644790 8763.673989 8776.214488 8782.306568 8783.473129 8784.869957 0.000000 0.000000
0.000000 0.000000 10253.480243 10253.071342 10250.757877 10233.291884 10229.910090 10215.332279 10220.890862 10208.868508 10212.585719 10211.122825 10204.666766 10213.728172 10220.938484 10222.915714 10233.341767 10239.175120 10249.360177 0.000000 0.000000
0.000000 0.000000 11810.574155 11803.929784 11797.211532 11794.814706 11786.432514 11769.626884 11767.325000 11767.296471 11774.210254 11764.485161 11767.678109 11767.752532 11786.521261 11793.120654 11794.703686 11797.723520 11819.166190 0.000000 0.000000
0.000000 0.000000 13411.330804 13407.614805 13407.912703 13397.021104 13391.698454 13354.231947 13352.973285 13352.200879 13334.387489 13344.603103 13348.420483 13352.195433 13377.212839 13382.803103 13401.478069 13400.502591 13408.995633 0.000000 0.000000
0.000000 0.000000 15201.292950 15203.663170 15192.722877 15189.542908 15148.124063 15159.962377 15147.939999 15148.758330 15152.642532 15149.696801 15147.975994 15144.319051 15129.515863 15175.192547 15180.688823 15196.332888 15205.204317 0.000000 0.000000
0.000000 0.000000 17173.595510 17166.915766 17160.470927 17119.297024 17122.737372 17101.558598 17085.510384 17083.350330 17075.356621 17066.945018 17070.728652 17069.376828 17093.673758 17092.769002 17155.763051 17143.249106 17142.838582 0.000000 0.000000
0.000000 0.000000 19227.804174 19225.832812 19165.253039 19174.000193 19178.049978 19166.654251 19194.598308 19182.786772 19194.484687 19187.059706 19178.531226 19194.160509 19198.563156 19198.668208 19157.810203 19242.723231 19236.313940 0.000000 0.000000
0.000000 0.000000 21641.940259 21559.930692 21566.876654 21544.537250 21499.244741 21490.091845 21472.278821 21477.913053 21453.281986 21454.537285 21465.344536 21459.309841 21478.770218 21504.407586 21564.187147 21536.586993 21625.596920 0.000000 0.000000
0.000000 0.000000 23016.745731 23070.011051 23152.443331 23145.610793 23133.778263 23064.058885 23069.194025 23046.445764 23073.134806 23067.571018 23071.153659 23071.762498 23131.833925 23141.687666 23166.302665 23088.058402 23036.912870 0.000000 0.000000
0.000000 0.000000 0.000000 0.000000 0.000000 0.000000 0.000000 0.000000 0.000000 0.000000 0.000000 0.000000 0.000000 0.000000 0.000000 0.000000 0.000000 0.000000 0.000000 0.000000 0.000000
0.000000 0.000000 0.000000 0.000000 0.000000 0.000000 0.000000 0.000000 0.000000 0.000000 0.000000 0.000000 0.000000 0.000000 0.000000 0.000000 0.000000 0.000000 0.000000 0.000000 0.000000