geotop/1.0zi/1.0Montebello/Templates/testdem/maps/_Erotot108B.asc
ncols         21
nrows         20
xllcorner     100.000000
yllcorner     100.000000
cellsize      50.000000
NODATA_value  -9999.0
0.000000 0.000000 0.000000 0.000000 0.000000 0.000000 0.000000 0.000000 0.000000 0.000000 0.000000 0.000000 0.000000 0.000000 0.000000 0.000000 0.000000 0.000000 0.000000 0.000000 0.000000
0.000000 0.000000 957.773762 957.214284 955.865760 953.960127 952.609970 951.825085 952.294449 952.979191 952.888501 952.075394 952.034719 952.110663 953.683147 954.190785 956.993301 957.632033 958.207970 0.000000 0.000000
0.000000 0.000000 67.284988 68.217094 66.701464 69.633764 68.948929 68.258359 68.598404 67.418666 68.364452 70.586976 68.332148 68.376827 67.898350 67.418028 65.222182 64.536133 67.656916 0.000000 0.000000
0.000000 0.000000 915.940620 923.416244 902.594273 893.161807 896.694383 886.084004 885.646557 888.551338 880.378887 880.966410 886.044148 890.193275 893.741404 906.962299 912.344427 912.946956 917.637673 0.000000 0.000000
0.000000 0.000000 5864.602616 5850.897304 5855.380846 5813.509728 5781.511528 5764.124815 5759.143083 5752.954227 5758.246513 5764.534998 5765.142873 5753.645955 5779.107044 5786.173877 5805.545059 5819.745055 5820.649136 0.000000 0.000000
0.000000 0.000000 8136.344846 8133.179179 8123.334767 8123.055180 8093.972842 8079.802791 8082.916570 8081.621351 8073.500350 8067.233354 8065.693975 8069.439481 8071.488226 8102.551838 8102.469768 8111.950219 8112.691395 0.000000 0.000000
0.000000 0.000000 10039.463757 10033.779753 10027.441657 10012.602473 10005.104541 9959.734881 9956.583979 9952.783497 9951.281025 9954.886512 9954.168941 9955.615401 9994.771513 10000.113363 10011.405673 10017.382383 10021.711298 0.000000 0.000000
0.000000 0.000000 12214.188084 12210.078658 12201.353747 12177.023637 12165.220741 12156.970522 12153.707779 12151.750965 12148.327984 12145.643216 12143.815915 12150.989298 12149.994463 12164.360231 12182.811887 12181.008469 12187.364484 0.000000 0.000000
0.000000 0.000000 14950.914118 14943.671442 14930.870910 14923.358084 14903.390524 14873.556159 14874.081640 14869.206801 14863.749524 14862.186324 14865.055511 14857.617704 14888.816653 14908.208112 14913.086721 14919.496582 14921.755867 0.000000 0.000000
0.000000 0.000000 18221.286875 18207.837482 18198.617962 18186.368269 18166.072478 18139.774660 18133.930520 18132.474559 18123.362396 18128.075971 18134.819935 18132.631942 18143.504772 18170.307571 18181.982621 18188.811962 18187.301359 0.000000 0.000000
0.000000 0.000000 21997.828421 21988.583924 21983.866753 21934.997067 21934.920114 21893.819805 21904.431834 21879.785480 21885.606062 21880.239658 21867.441563 21882.559204 21902.039604 21910.765972 21931.943217 21938.426987 21961.109926 0.000000 0.000000
0.000000 0.000000 26356.299935 26333.539424 26302.174173 26297.515019 26281.353699 26231.714790 26219.537481 26226.771483 26229.337868 26214.126832 26222.006103 26214.447867 26255.561575 26279.931033 26282.609331 26292.401013 26324.975547 0.000000 0.000000
0.000000 0.000000 30859.759838 30840.826843 30841.495405 30807.017584 30781.636046 30663.448882 30653.229982 30648.357398 30589.342160 30629.009377 30629.328892 30641.489790 30726.592400 30739.889442 30792.205747 30798.433985 30789.626185 0.000000 0.000000
0.000000 0.000000 35517.012712 35523.098915 35481.257300 35467.639514 35332.770325 35438.814017 35402.811707 35402.282965 35433.218271 35400.429269 35396.990108 35374.970300 35283.375655 35443.548711 35432.860630 35470.091584 35487.938252 0.000000 0.000000
0.000000 0.000000 38747.883128 38735.982189 38723.819597 38635.252743 38704.242306 38635.891491 38624.134102 38620.566391 38596.897205 38591.467146 38602.252522 38604.444056 38663.762555 38584.353960 38715.162945 38678.496625 38666.252357 0.000000 0.000000
0.000000 0.000000 40700.078469 40695.450168 40634.655386 40664.594860 40665.660265 40661.418444 40692.942205 40679.895832 40693.743125 40687.585051 40676.423471 40692.249889 40687.194013 40692.923554 40618.439730 40710.641058 40702.210160 0.000000 0.000000
0.000000 0.000000 42252.152355 42202.322401 42237.913405 42207.670786 42184.404852 42181.000508 42161.818766 42168.760568 42147.590896 42150.840783 42160.329908 42152.730865 42161.905507 42167.895721 42226.964134 42171.948485 42220.630809 0.000000 0.000000
0.000000 0.000000 42859.363378 42932.169153 42957.995440 42969.255028 42979.058078 42942.225350 42958.634530 42943.619790 42968.173756 42963.876772 42959.635516 42965.718310 42994.639909 42984.496725 42958.810489 42944.721519 42876.570906 0.000000 0.000000
0.000000 0.000000 0.000000 0.000000 0.000000 0.000000 0.000000 0.000000 0.000000 0.000000 0.000000 0.000000 0.000000 0.000000 0.000000 0.000000 0.000000 0.000000 0.000000 0.000000 0.000000
0.000000 0.000000 0.000000 0.000000 0.000000 0.000000 0.000000 0.000000 0.000000 0.000000 0.000000 0.000000 0.000000 0.000000 0.000000 0.000000 0.000000 0.000000 0.000000 0.000000 0.000000