geotop/1.0zi/1.0Montebello/Templates/testdem/maps/_Erotot3421.asc
ncols         21
nrows         20
xllcorner     100.000000
yllcorner     100.000000
cellsize      50.000000
NODATA_value  -9999.0
0.000000 0.000000 0.000000 0.000000 0.000000 0.000000 0.000000 0.000000 0.000000 0.000000 0.000000 0.000000 0.000000 0.000000 0.000000 0.000000 0.000000 0.000000 0.000000 0.000000 0.000000
0.000000 0.000000 369.126621 369.129478 369.133023 369.252004 369.119558 369.125310 369.098966 369.138946 369.153655 369.138946 369.098966 369.125310 369.119558 369.252004 369.133023 369.129478 369.126621 0.000000 0.000000
0.000000 0.000000 11.399601 11.161027 9.404927 11.086507 11.402640 11.328285 11.447400 11.343425 11.710779 11.343425 11.447400 11.328285 11.402640 11.086507 9.404927 11.161027 11.399601 0.000000 0.000000
0.000000 0.000000 2710.159195 2709.894574 2710.040460 2708.224823 2710.197167 2709.628672 2709.518314 2710.328083 2710.465590 2710.328083 2709.518314 2709.628672 2710.197167 2708.224823 2710.040460 2709.894574 2710.159195 0.000000 0.000000
0.000000 0.000000 5112.550186 5112.373701 5111.673694 5112.253228 5112.791112 5112.645901 5112.636038 5112.736008 5112.762832 5112.736008 5112.636038 5112.645901 5112.791112 5112.253228 5111.673694 5112.373701 5112.550186 0.000000 0.000000
0.000000 0.000000 6622.973071 6622.793152 6622.185423 6622.327101 6623.158158 6622.824471 6622.840635 6623.125173 6623.352727 6623.125173 6622.840635 6622.824471 6623.158158 6622.327101 6622.185423 6622.793152 6622.973071 0.000000 0.000000
0.000000 0.000000 8530.171391 8530.029585 8529.480358 8529.606640 8530.325904 8530.031684 8530.047769 8530.294718 8530.520294 8530.294718 8530.047769 8530.031684 8530.325904 8529.606640 8529.480358 8530.029585 8530.171391 0.000000 0.000000
0.000000 0.000000 10291.047007 10290.933486 10290.434571 10290.563418 10291.178918 10290.923187 10290.937715 10291.155398 10291.358658 10291.155398 10290.937715 10290.923187 10291.178918 10290.563418 10290.434571 10290.933486 10291.047007 0.000000 0.000000
0.000000 0.000000 11908.130567 11908.030949 11907.566988 11907.693686 11908.256828 11908.022744 11908.033345 11908.234451 11908.425639 11908.234451 11908.033345 11908.022744 11908.256828 11907.693686 11907.566988 11908.030949 11908.130567 0.000000 0.000000
0.000000 0.000000 13408.937333 13408.866241 13408.421022 13408.584066 13409.055545 13408.845166 13408.858278 13409.038016 13409.212128 13409.038016 13408.858278 13408.845166 13409.055545 13408.584066 13408.421022 13408.866241 13408.937333 0.000000 0.000000
0.000000 0.000000 14803.311938 14803.234921 14802.818377 14802.956198 14803.431339 14803.225713 14803.235010 14803.412346 14803.576250 14803.412346 14803.235010 14803.225713 14803.431339 14802.956198 14802.818377 14803.234921 14803.311938 0.000000 0.000000
0.000000 0.000000 16116.820209 16116.746811 16116.358056 16116.490868 16116.948834 16116.753848 16116.758945 16116.934421 16117.087554 16116.934421 16116.758945 16116.753848 16116.948834 16116.490868 16116.358056 16116.746811 16116.820209 0.000000 0.000000
0.000000 0.000000 17358.071188 17358.004119 17357.627845 17357.761385 17358.193565 17358.007425 17358.011667 17358.181938 17358.325147 17358.181938 17358.011667 17358.007425 17358.193565 17357.761385 17357.627845 17358.004119 17358.071188 0.000000 0.000000
0.000000 0.000000 18541.115650 18541.056371 18540.694748 18540.843970 18541.236733 18541.059295 18541.065230 18541.227182 18541.363230 18541.227182 18541.065230 18541.059295 18541.236733 18540.843970 18540.694748 18541.056371 18541.115650 0.000000 0.000000
0.000000 0.000000 19670.250526 19670.186550 19669.833124 19669.969659 19670.360556 19670.191479 19670.197652 19670.357289 19670.486326 19670.357289 19670.197652 19670.191479 19670.360556 19669.969659 19669.833124 19670.186550 19670.250526 0.000000 0.000000
0.000000 0.000000 20748.543331 20748.481945 20748.142068 20748.270815 20748.647464 20748.483790 20748.489683 20748.642484 20748.767059 20748.642484 20748.489683 20748.483790 20748.647464 20748.270815 20748.142068 20748.481945 20748.543327 0.000000 0.000000
0.000000 0.000000 21782.657046 21782.596745 21782.263049 21782.395044 21782.754498 21782.597393 21782.603536 21782.751598 21782.868713 21782.751598 21782.603536 21782.597393 21782.754498 21782.395044 21782.263049 21782.596724 21782.656972 0.000000 0.000000
0.000000 0.000000 22827.261947 22827.747573 22827.423619 22827.551022 22827.900925 22827.749094 22827.754081 22827.897326 22828.010447 22827.897326 22827.754081 22827.749094 22827.900925 22827.551022 22827.423602 22827.744256 22827.801408 0.000000 0.000000
0.000000 0.000000 0.000000 0.000000 0.000000 0.000000 0.000000 0.000000 0.000000 0.000000 0.000000 0.000000 0.000000 0.000000 0.000000 0.000000 0.000000 0.000000 0.000000 0.000000 0.000000
0.000000 0.000000 0.000000 0.000000 0.000000 0.000000 0.000000 0.000000 0.000000 0.000000 0.000000 0.000000 0.000000 0.000000 0.000000 0.000000 0.000000 0.000000 0.000000 0.000000 0.000000