geotop/1.0zi/1.0Montebello/Templates/testdem/maps/_Erotot8999.asc
ncols         21
nrows         20
xllcorner     100.000000
yllcorner     100.000000
cellsize      50.000000
NODATA_value  -9999.0
0.000000 0.000000 0.000000 0.000000 0.000000 0.000000 0.000000 0.000000 0.000000 0.000000 0.000000 0.000000 0.000000 0.000000 0.000000 0.000000 0.000000 0.000000 0.000000 0.000000 0.000000
0.000000 0.000000 718.905038 719.543331 718.974794 719.061405 718.043741 718.168630 718.251267 718.325446 718.706722 718.072666 717.962260 718.000423 718.406251 718.533878 719.356860 719.945314 720.104485 0.000000 0.000000
0.000000 0.000000 55.985484 55.002350 55.300131 55.233063 56.057293 55.731468 55.360357 55.227199 55.431381 55.760334 55.818151 55.935647 55.708657 55.104255 53.832597 52.985924 53.595655 0.000000 0.000000
0.000000 0.000000 429.762735 431.493161 418.434415 412.198550 411.626917 405.760564 410.754166 412.429518 408.478646 406.879516 410.295793 409.802172 418.292893 426.766345 430.576736 424.978074 432.251251 0.000000 0.000000
0.000000 0.000000 3936.668801 3930.473690 3928.404896 3894.214198 3869.941272 3858.116969 3850.598111 3843.336503 3852.016180 3858.835481 3857.230378 3852.202388 3871.888899 3876.379902 3892.078582 3903.184642 3903.360546 0.000000 0.000000
0.000000 0.000000 6000.718286 5995.383614 5990.474463 5992.788581 5970.914937 5957.812266 5962.667321 5962.462869 5958.253812 5952.200347 5950.494503 5954.683704 5954.753166 5979.676497 5980.959051 5987.092391 5989.396732 0.000000 0.000000
0.000000 0.000000 7425.231938 7419.626894 7416.279888 7405.365640 7396.593476 7363.817225 7364.129406 7361.522145 7361.223484 7365.548244 7366.078937 7367.030562 7399.855541 7405.673876 7414.015145 7416.414433 7421.424833 0.000000 0.000000
0.000000 0.000000 8820.507059 8818.000945 8813.949172 8801.813292 8795.959738 8792.352785 8793.082612 8791.098239 8791.365460 8787.194171 8785.984106 8793.372625 8791.649279 8800.251363 8814.435310 8810.453960 8816.578527 0.000000 0.000000
0.000000 0.000000 10621.030838 10615.997944 10608.859837 10606.251122 10591.113128 10572.308302 10575.113122 10570.960085 10567.951014 10567.527831 10570.299977 10564.079225 10588.097288 10602.041888 10603.469747 10605.475665 10608.998008 0.000000 0.000000
0.000000 0.000000 12708.143033 12700.669857 12699.636056 12693.103303 12669.693422 12658.786249 12658.210466 12656.872665 12653.027902 12657.431777 12660.418561 12660.061123 12667.314569 12686.017651 12693.573964 12695.831407 12695.022029 0.000000 0.000000
0.000000 0.000000 15018.931088 15016.487168 15013.470173 14985.463184 14979.238307 14958.683525 14966.932801 14949.727071 14955.774038 14952.022952 14944.415019 14955.255512 14969.600234 14973.058045 14988.088201 14991.563691 15006.482956 0.000000 0.000000
0.000000 0.000000 17574.141012 17564.343356 17549.762969 17546.936304 17530.718214 17507.827996 17506.060560 17509.033435 17515.241329 17502.431665 17509.477990 17507.419682 17533.651884 17546.136488 17546.500885 17550.223602 17575.382996 0.000000 0.000000
0.000000 0.000000 20278.135164 20267.953372 20271.439854 20248.075404 20238.834743 20172.314710 20169.885804 20168.736636 20139.610800 20158.513162 20160.846490 20168.010197 20217.147126 20225.809159 20255.722136 20252.756340 20259.651728 0.000000 0.000000
0.000000 0.000000 23470.718538 23471.979683 23450.682689 23443.406022 23355.404029 23394.924838 23375.028855 23376.411470 23389.935902 23378.243413 23377.025715 23366.065047 23328.479730 23427.060757 23429.393602 23453.652058 23466.742459 0.000000 0.000000
0.000000 0.000000 27041.390349 27026.266249 27010.552473 26908.583116 26949.825809 26893.891296 26871.826817 26867.160319 26845.345170 26833.662628 26843.940684 26844.647109 26902.149492 26862.413167 27007.026641 26968.576030 26961.911378 0.000000 0.000000
0.000000 0.000000 30573.248600 30566.506845 30427.472500 30495.639176 30482.884153 30484.256628 30554.221963 30532.747629 30567.116938 30558.839968 30533.537549 30568.699111 30556.932754 30571.258210 30411.432043 30625.087116 30615.504192 0.000000 0.000000
0.000000 0.000000 34372.482777 34199.113496 34278.009415 34203.660992 34115.271972 34094.241175 34030.955297 34049.430162 33987.657979 33996.172534 34030.944051 33996.230827 34042.839840 34098.294547 34273.276642 34119.375355 34301.299864 0.000000 0.000000
0.000000 0.000000 35239.619135 35403.709236 35528.794187 35534.052428 35548.489647 35435.577196 35462.912313 35423.207421 35489.022173 35477.357167 35469.020223 35485.454923 35574.071493 35566.264152 35550.332604 35453.877416 35290.480210 0.000000 0.000000
0.000000 0.000000 0.000000 0.000000 0.000000 0.000000 0.000000 0.000000 0.000000 0.000000 0.000000 0.000000 0.000000 0.000000 0.000000 0.000000 0.000000 0.000000 0.000000 0.000000 0.000000
0.000000 0.000000 0.000000 0.000000 0.000000 0.000000 0.000000 0.000000 0.000000 0.000000 0.000000 0.000000 0.000000 0.000000 0.000000 0.000000 0.000000 0.000000 0.000000 0.000000 0.000000