geotop/1.0zi/1.0Montebello/Templates/testdem/maps/_Erotot7169.asc
ncols         21
nrows         20
xllcorner     100.000000
yllcorner     100.000000
cellsize      50.000000
NODATA_value  -9999.0
0.000000 0.000000 0.000000 0.000000 0.000000 0.000000 0.000000 0.000000 0.000000 0.000000 0.000000 0.000000 0.000000 0.000000 0.000000 0.000000 0.000000 0.000000 0.000000 0.000000 0.000000
0.000000 0.000000 570.345139 571.147813 570.801103 571.023793 570.410882 570.447066 570.393688 570.496679 570.922770 570.249398 570.138722 570.220339 570.511243 570.470336 571.231111 571.500856 571.570636 0.000000 0.000000
0.000000 0.000000 44.826129 43.600147 43.582423 43.736287 43.975656 43.821526 43.565572 43.405682 43.644351 43.932782 43.940686 44.068924 43.843664 43.643560 42.358763 41.630771 42.371338 0.000000 0.000000
0.000000 0.000000 250.059308 251.739474 239.738409 237.018578 235.537163 228.635276 229.275662 227.843666 226.619455 224.392393 226.706741 226.711278 234.900511 240.994957 242.387797 244.193002 249.893440 0.000000 0.000000
0.000000 0.000000 2586.027487 2589.202329 2592.636096 2571.325296 2556.244124 2543.228907 2545.140312 2542.213479 2547.737646 2553.802928 2548.532941 2546.769096 2558.640694 2561.543359 2570.386037 2578.394371 2580.260926 0.000000 0.000000
0.000000 0.000000 4339.037273 4333.351332 4330.003618 4323.744687 4309.322535 4301.090362 4300.420869 4299.519301 4296.117200 4290.315389 4289.433528 4292.751673 4292.778538 4311.153255 4319.470301 4326.247694 4328.162915 0.000000 0.000000
0.000000 0.000000 5547.117316 5544.213835 5539.967920 5534.143147 5520.721167 5501.601428 5501.059009 5497.241809 5498.806872 5502.586045 5503.995636 5504.529493 5529.194622 5538.794910 5543.290254 5545.522993 5551.130233 0.000000 0.000000
0.000000 0.000000 6450.264866 6450.802836 6448.115700 6439.520523 6438.015311 6429.516353 6430.144140 6430.014649 6429.180083 6425.396261 6424.654957 6430.545529 6431.426496 6435.256452 6446.302310 6444.429880 6449.544079 0.000000 0.000000
0.000000 0.000000 7667.382717 7663.366313 7657.580990 7658.085299 7648.186692 7634.598755 7636.037300 7631.819413 7629.809288 7629.688354 7631.868530 7626.265176 7642.990727 7655.739159 7656.504925 7659.419914 7661.135864 0.000000 0.000000
0.000000 0.000000 9065.752456 9062.712484 9063.246082 9060.273924 9041.608263 9033.361601 9033.550742 9033.144576 9030.151829 9033.374846 9036.319157 9035.517594 9040.804678 9053.660030 9059.950707 9061.255969 9062.654184 0.000000 0.000000
0.000000 0.000000 10584.560842 10583.997525 10581.542606 10563.763464 10560.087153 10545.144751 10550.690696 10538.509582 10542.275517 10540.743973 10534.300230 10543.507592 10550.987966 10553.197523 10563.863668 10569.923281 10580.200796 0.000000 0.000000
0.000000 0.000000 12202.845763 12195.930992 12189.005288 12186.452454 12177.648323 12160.396927 12157.947351 12157.970642 12164.981604 12155.039975 12158.416067 12158.468000 12177.772361 12184.715237 12186.457046 12189.642262 12211.409975 0.000000 0.000000
0.000000 0.000000 13870.352044 13866.393572 13866.616385 13855.402900 13849.687417 13810.564577 13809.208732 13808.393047 13790.142022 13800.598089 13804.588898 13808.494983 13834.824687 13840.770370 13859.991951 13859.169696 13867.598586 0.000000 0.000000
0.000000 0.000000 15742.676747 15744.914237 15733.579980 15730.224753 15686.291117 15699.161757 15686.669887 15687.544850 15691.714799 15688.514853 15686.801387 15683.014805 15667.341269 15715.526856 15721.223134 15737.520517 15746.560469 0.000000 0.000000
0.000000 0.000000 17812.123330 17805.115356 17798.275670 17753.982080 17758.443342 17735.945771 17719.396244 17717.084017 17708.653260 17699.870390 17704.101983 17702.740667 17728.416773 17726.530331 17793.448888 17780.323801 17779.718384 0.000000 0.000000
0.000000 0.000000 19970.812691 19968.535018 19903.430441 19914.457797 19918.121498 19906.624355 19936.364411 19924.126795 19936.789890 19929.142800 19919.953321 19936.717506 19940.957139 19941.180703 19895.814055 19987.479844 19980.856421 0.000000 0.000000
0.000000 0.000000 22519.227524 22429.534646 22439.279124 22414.242221 22364.985390 22354.763389 22334.645673 22340.898373 22314.040883 22315.586684 22327.887327 22320.412769 22341.780343 22370.371130 22436.503046 22403.477490 22500.260682 0.000000 0.000000
0.000000 0.000000 23910.422193 23972.939865 24061.955442 24055.337192 24044.314738 23968.170644 23974.484513 23949.967313 23980.076948 23973.850910 23976.915529 23978.694667 24044.018977 24053.362088 24077.138217 23994.150125 23933.672353 0.000000 0.000000
0.000000 0.000000 0.000000 0.000000 0.000000 0.000000 0.000000 0.000000 0.000000 0.000000 0.000000 0.000000 0.000000 0.000000 0.000000 0.000000 0.000000 0.000000 0.000000 0.000000 0.000000
0.000000 0.000000 0.000000 0.000000 0.000000 0.000000 0.000000 0.000000 0.000000 0.000000 0.000000 0.000000 0.000000 0.000000 0.000000 0.000000 0.000000 0.000000 0.000000 0.000000 0.000000