geotop/1.0zi/1.0Montebello/Templates/testdem/maps/_Erotot1760.asc
ncols         21
nrows         20
xllcorner     100.000000
yllcorner     100.000000
cellsize      50.000000
NODATA_value  -9999.0
0.000000 0.000000 0.000000 0.000000 0.000000 0.000000 0.000000 0.000000 0.000000 0.000000 0.000000 0.000000 0.000000 0.000000 0.000000 0.000000 0.000000 0.000000 0.000000 0.000000 0.000000
0.000000 0.000000 193.696258 193.698268 193.734823 193.719542 193.685843 193.698638 193.700697 193.692913 193.694013 193.692913 193.700697 193.698638 193.685843 193.719542 193.734823 193.698268 193.696258 0.000000 0.000000
0.000000 0.000000 10.212456 9.992018 8.213613 10.062146 10.258800 10.238258 10.247621 10.258152 10.255698 10.258152 10.247621 10.238258 10.258800 10.062146 8.213613 9.992018 10.212456 0.000000 0.000000
0.000000 0.000000 1365.886769 1365.676155 1365.873410 1363.921753 1366.187286 1365.771200 1365.715659 1366.304778 1366.259075 1366.304778 1365.715659 1365.771200 1366.187286 1363.921753 1365.873410 1365.676155 1365.886769 0.000000 0.000000
0.000000 0.000000 2606.194282 2605.982466 2605.385841 2606.078449 2606.529641 2606.334253 2606.287604 2606.438017 2606.391340 2606.438017 2606.287604 2606.334253 2606.529641 2606.078449 2605.385841 2605.982466 2606.194282 0.000000 0.000000
0.000000 0.000000 3408.156665 3407.989076 3407.384309 3407.588932 3408.472634 3408.226020 3408.197546 3408.433366 3408.409188 3408.433366 3408.197546 3408.226020 3408.472634 3407.588932 3407.384309 3407.989076 3408.156665 0.000000 0.000000
0.000000 0.000000 4438.772109 4438.637488 4438.077628 4438.275716 4439.033960 4438.823793 4438.806692 4439.002048 4438.981800 4439.002048 4438.806692 4438.823793 4439.033960 4438.275716 4438.077628 4438.637488 4438.772109 0.000000 0.000000
0.000000 0.000000 5414.623823 5414.512771 5413.987772 5414.182159 5414.843988 5414.664385 5414.649274 5414.819622 5414.800398 5414.819622 5414.649274 5414.664385 5414.843988 5414.182159 5413.987772 5414.512771 5414.623823 0.000000 0.000000
0.000000 0.000000 6334.501419 6334.398798 6333.896285 6334.083822 6334.702615 6334.535991 6334.522644 6334.683459 6334.665697 6334.683459 6334.522644 6334.535991 6334.702615 6334.083822 6333.896285 6334.398798 6334.501419 0.000000 0.000000
0.000000 0.000000 7209.333819 7209.257891 7208.763963 7208.986281 7209.517150 7209.369367 7209.362985 7209.505578 7209.487840 7209.505578 7209.362985 7209.369367 7209.517150 7208.986281 7208.763963 7209.257891 7209.333819 0.000000 0.000000
0.000000 0.000000 8043.626301 8043.541047 8043.063954 8043.258376 8043.805126 8043.655858 8043.646577 8043.790463 8043.771879 8043.790463 8043.646577 8043.655858 8043.805126 8043.258376 8043.063954 8043.541047 8043.626301 0.000000 0.000000
0.000000 0.000000 8846.191312 8846.103748 8845.640531 8845.824477 8846.361425 8846.216830 8846.208414 8846.349714 8846.332382 8846.349714 8846.208414 8846.216830 8846.361425 8845.824477 8845.640531 8846.103748 8846.191312 0.000000 0.000000
0.000000 0.000000 9624.724025 9624.639245 9624.180432 9624.364410 9624.885806 9624.744162 9624.736388 9624.874711 9624.856873 9624.874711 9624.736388 9624.744162 9624.885806 9624.364410 9624.180432 9624.639245 9624.724025 0.000000 0.000000
0.000000 0.000000 10381.235103 10381.156898 10380.704590 10380.906747 10381.392578 10381.255982 10381.250723 10381.383660 10381.365459 10381.383660 10381.250723 10381.255982 10381.392578 10380.906747 10380.704590 10381.156898 10381.235103 0.000000 0.000000
0.000000 0.000000 11119.032324 11118.951229 11118.498936 11118.689414 11119.184120 11119.047511 11119.041355 11119.175408 11119.156857 11119.175408 11119.041355 11119.047511 11119.184120 11118.689414 11118.498936 11118.951229 11119.032324 0.000000 0.000000
0.000000 0.000000 11839.516877 11839.436809 11838.994304 11839.176829 11839.662193 11839.529200 11839.523364 11839.654190 11839.635940 11839.654190 11839.523364 11839.529200 11839.662193 11839.176829 11838.994304 11839.436809 11839.516873 0.000000 0.000000
0.000000 0.000000 12541.860002 12541.780639 12541.336913 12541.522073 12542.002545 12541.869056 12541.863180 12541.992371 12541.973364 12541.992371 12541.863180 12541.869056 12542.002545 12541.522073 12541.336913 12541.780619 12541.859672 0.000000 0.000000
0.000000 0.000000 13263.200381 13263.467000 13263.029900 13263.206527 13263.686894 13263.552846 13263.547034 13263.677673 13263.658542 13263.677673 13263.547034 13263.552846 13263.686894 13263.206526 13263.029882 13263.463701 13263.542733 0.000000 0.000000
0.000000 0.000000 0.000000 0.000000 0.000000 0.000000 0.000000 0.000000 0.000000 0.000000 0.000000 0.000000 0.000000 0.000000 0.000000 0.000000 0.000000 0.000000 0.000000 0.000000 0.000000
0.000000 0.000000 0.000000 0.000000 0.000000 0.000000 0.000000 0.000000 0.000000 0.000000 0.000000 0.000000 0.000000 0.000000 0.000000 0.000000 0.000000 0.000000 0.000000 0.000000 0.000000