geotop/1.0zi/1.0Montebello/Templates/testdem/maps/_Erotot7621.asc
ncols         21
nrows         20
xllcorner     100.000000
yllcorner     100.000000
cellsize      50.000000
NODATA_value  -9999.0
0.000000 0.000000 0.000000 0.000000 0.000000 0.000000 0.000000 0.000000 0.000000 0.000000 0.000000 0.000000 0.000000 0.000000 0.000000 0.000000 0.000000 0.000000 0.000000 0.000000 0.000000
0.000000 0.000000 645.091388 646.031145 645.425020 645.582703 644.707964 644.905459 644.852226 644.957025 645.380288 644.712461 644.596050 644.637308 644.985470 645.030806 645.834045 646.420324 646.496304 0.000000 0.000000
0.000000 0.000000 50.270146 49.048314 49.195658 49.572093 49.986024 49.662715 49.397565 49.235396 49.477145 49.812656 49.834270 49.998597 49.748114 49.422329 48.012524 47.075372 47.828084 0.000000 0.000000
0.000000 0.000000 353.332081 354.621221 342.464378 336.708954 337.515375 326.135111 326.205518 327.082187 323.421678 321.587366 323.789776 323.937091 334.244809 341.102107 345.734008 348.686084 353.588327 0.000000 0.000000
0.000000 0.000000 3018.362461 3021.500659 3025.123295 3003.303815 2984.686281 2974.954421 2974.342246 2969.608693 2976.601796 2981.988051 2977.481859 2976.053936 2990.500628 2993.413332 3003.212420 3011.803548 3011.342885 0.000000 0.000000
0.000000 0.000000 4825.311717 4819.579889 4816.033587 4810.139094 4795.671782 4785.998438 4786.795368 4785.765978 4782.408530 4776.733084 4775.794669 4778.982135 4778.171568 4797.618363 4805.566191 4812.436856 4815.472011 0.000000 0.000000
0.000000 0.000000 6102.253274 6099.269719 6094.951864 6088.311419 6074.782751 6053.663750 6052.659686 6048.865587 6050.321689 6054.068159 6055.587630 6056.153594 6083.222426 6092.995022 6098.421979 6101.146383 6106.341777 0.000000 0.000000
0.000000 0.000000 7145.024281 7145.492479 7142.707754 7133.204600 7131.032912 7122.085782 7122.344830 7122.188127 7121.228233 7117.398041 7116.735136 7122.859898 7124.407017 7128.955907 7141.169688 7139.750158 7144.600019 0.000000 0.000000
0.000000 0.000000 8521.622347 8517.428327 8511.415699 8511.333454 8500.722280 8485.946364 8487.141037 8482.724304 8480.629843 8480.479324 8482.878074 8477.207135 8495.409793 8508.942751 8510.632126 8514.242880 8515.574555 0.000000 0.000000
0.000000 0.000000 10097.888231 10094.684193 10095.196618 10091.324379 10071.628552 10062.332411 10062.078238 10061.768028 10058.470288 10061.894892 10064.999673 10064.289413 10070.817471 10084.672088 10092.118085 10094.034853 10095.082932 0.000000 0.000000
0.000000 0.000000 11819.271490 11818.629831 11816.077955 11796.657687 11791.054797 11776.080332 11781.616926 11768.721647 11772.630327 11771.037467 11764.287806 11774.029245 11782.999273 11785.667769 11797.848252 11804.807554 11815.187711 0.000000 0.000000
0.000000 0.000000 13676.778271 13669.368312 13661.868848 13658.601812 13649.089286 13629.744891 13626.454670 13626.910583 13634.098038 13623.488920 13627.395468 13627.386029 13649.082700 13657.096558 13659.915015 13663.853076 13686.500484 0.000000 0.000000
0.000000 0.000000 15598.967463 15594.602900 15595.084325 15582.168197 15575.498025 15529.930547 15528.272390 15527.391405 15506.953186 15518.754331 15523.004321 15527.535648 15559.290219 15566.044631 15588.349853 15588.098142 15595.767847 0.000000 0.000000
0.000000 0.000000 17788.369434 17790.923586 17778.349517 17774.060675 17720.402105 17738.402760 17723.527731 17724.703862 17730.345501 17726.235575 17724.178851 17719.734332 17700.424397 17758.646952 17765.240658 17784.388086 17793.635085 0.000000 0.000000
0.000000 0.000000 20232.911386 20225.256986 20217.005343 20159.383592 20170.196560 20141.338454 20122.754520 20119.924103 20109.095012 20099.220212 20104.760299 20103.477254 20136.473886 20128.532175 20213.153866 20196.609404 20194.496930 0.000000 0.000000
0.000000 0.000000 22786.995579 22784.342385 22700.858947 22723.123920 22725.032787 22715.054997 22753.043006 22739.048669 22756.183064 22748.202614 22735.391759 22757.177001 22759.617352 22760.291249 22693.253927 22815.062187 22806.893539 0.000000 0.000000
0.000000 0.000000 25837.519634 25716.650923 25742.777229 25704.939569 25640.887507 25627.692822 25595.706734 25605.350045 25567.694927 25571.257382 25590.035405 25575.225825 25604.476562 25643.726486 25740.834839 25678.846659 25807.907061 0.000000 0.000000
0.000000 0.000000 27180.936973 27289.400867 27405.815076 27404.013057 27402.303449 27303.035679 27316.096555 27283.733178 27329.909473 27321.301679 27320.300635 27328.218098 27411.688013 27414.003398 27427.500066 27327.751776 27220.998904 0.000000 0.000000
0.000000 0.000000 0.000000 0.000000 0.000000 0.000000 0.000000 0.000000 0.000000 0.000000 0.000000 0.000000 0.000000 0.000000 0.000000 0.000000 0.000000 0.000000 0.000000 0.000000 0.000000
0.000000 0.000000 0.000000 0.000000 0.000000 0.000000 0.000000 0.000000 0.000000 0.000000 0.000000 0.000000 0.000000 0.000000 0.000000 0.000000 0.000000 0.000000 0.000000 0.000000 0.000000