geotop/1.0zi/1.0Montebello/Templates/testdem/maps/_Erotot9470.asc
ncols         21
nrows         20
xllcorner     100.000000
yllcorner     100.000000
cellsize      50.000000
NODATA_value  -9999.0
0.000000 0.000000 0.000000 0.000000 0.000000 0.000000 0.000000 0.000000 0.000000 0.000000 0.000000 0.000000 0.000000 0.000000 0.000000 0.000000 0.000000 0.000000 0.000000 0.000000 0.000000
0.000000 0.000000 791.880160 791.981335 790.754439 790.292195 788.762555 788.276335 788.411134 788.439839 788.850762 788.231575 788.082739 788.118807 789.093212 789.740537 791.089065 792.322563 792.962283 0.000000 0.000000
0.000000 0.000000 59.390609 58.009194 58.364475 58.128812 58.844798 58.403130 58.008758 57.897487 58.070641 58.374178 58.448262 58.537575 58.429741 57.940518 56.848996 55.925645 56.798763 0.000000 0.000000
0.000000 0.000000 514.487660 518.168777 504.093783 498.483285 497.815667 490.161694 496.935008 499.042284 495.471880 495.696243 500.461653 499.963409 508.530891 517.060125 519.852327 518.173845 524.084424 0.000000 0.000000
0.000000 0.000000 4304.874466 4298.776847 4293.595825 4258.258081 4230.998925 4217.646250 4210.072511 4203.787381 4211.259680 4217.725553 4215.933834 4211.033168 4230.740364 4237.074490 4255.103451 4266.160153 4267.193637 0.000000 0.000000
0.000000 0.000000 6515.548635 6510.141452 6505.160950 6507.680506 6482.778306 6470.578665 6474.181066 6473.440639 6468.903706 6462.583128 6461.055225 6465.571173 6465.660085 6492.130736 6492.791489 6500.632562 6502.947021 0.000000 0.000000
0.000000 0.000000 8004.395794 7999.215416 7995.168415 7983.294646 7975.303853 7936.920545 7939.968302 7937.344120 7936.696531 7941.202506 7941.963211 7943.697621 7977.295949 7982.619822 7992.366402 7995.210075 8000.573886 0.000000 0.000000
0.000000 0.000000 9562.018320 9559.364574 9553.970342 9541.084034 9533.234266 9529.947440 9530.019443 9528.063632 9528.011359 9524.012339 9523.114655 9530.513210 9529.072139 9539.456723 9554.785801 9552.324888 9558.756381 0.000000 0.000000
0.000000 0.000000 11555.317679 11550.220454 11542.716911 11539.033740 11521.805099 11499.564397 11503.092863 11498.878183 11495.364555 11495.103307 11498.307704 11492.241383 11518.112072 11533.043653 11535.676727 11539.385423 11542.256001 0.000000 0.000000
0.000000 0.000000 13876.007554 13868.585641 13865.064328 13857.029835 13832.479512 13818.206029 13818.206586 13816.486553 13812.119006 13816.877704 13820.429141 13820.337441 13828.141785 13849.127123 13858.041831 13862.136874 13861.929124 0.000000 0.000000
0.000000 0.000000 16467.067313 16464.592591 16462.179623 16429.725504 16422.688873 16397.808684 16406.782618 16389.134021 16394.960505 16391.087020 16383.393008 16395.398349 16411.002603 16415.935448 16432.206442 16437.726360 16454.487658 0.000000 0.000000
0.000000 0.000000 19364.986644 19353.032607 19334.655930 19332.914695 19313.542694 19285.282930 19284.997662 19287.050982 19294.306907 19279.229090 19288.049582 19285.697589 19314.884175 19329.970103 19332.132468 19337.796419 19364.619002 0.000000 0.000000
0.000000 0.000000 22453.294272 22445.804587 22448.301315 22419.144653 22407.183497 22328.265769 22325.725439 22324.624644 22289.969496 22312.988463 22315.710865 22324.471810 22381.529242 22392.329489 22425.957305 22426.448686 22432.378146 0.000000 0.000000
0.000000 0.000000 26131.171152 26132.736942 26106.344764 26097.657465 25991.309241 26044.055353 26019.761470 26021.539079 26039.637606 26024.150010 26022.890590 26010.243108 25959.108030 26079.233304 26080.809616 26111.577590 26126.464953 0.000000 0.000000
0.000000 0.000000 30129.780777 30114.695763 30096.377313 29973.925550 30034.595084 29957.307190 29935.209121 29929.138056 29900.918328 29889.305907 29902.867980 29905.260121 29979.876881 29918.906333 30092.355094 30047.981672 30038.609902 0.000000 0.000000
0.000000 0.000000 33733.345378 33727.741177 33579.480645 33666.756583 33645.212192 33653.815146 33731.030200 33709.170768 33747.897095 33740.815779 33712.779968 33750.320897 33728.146845 33749.740931 33560.094923 33795.367829 33786.214928 0.000000 0.000000
0.000000 0.000000 37078.979883 36937.657115 37010.994305 36946.244504 36872.496946 36853.159382 36797.196406 36813.640865 36759.945866 36767.776373 36798.039711 36768.409052 36808.849143 36854.304006 37006.308218 36867.946868 37018.653608 0.000000 0.000000
0.000000 0.000000 37948.604341 38050.946996 38144.433633 38140.742423 38141.836110 38059.502207 38073.809764 38046.054352 38087.719614 38080.278143 38078.703055 38085.753849 38150.917379 38152.940045 38157.376847 38076.859831 37975.845204 0.000000 0.000000
0.000000 0.000000 0.000000 0.000000 0.000000 0.000000 0.000000 0.000000 0.000000 0.000000 0.000000 0.000000 0.000000 0.000000 0.000000 0.000000 0.000000 0.000000 0.000000 0.000000 0.000000
0.000000 0.000000 0.000000 0.000000 0.000000 0.000000 0.000000 0.000000 0.000000 0.000000 0.000000 0.000000 0.000000 0.000000 0.000000 0.000000 0.000000 0.000000 0.000000 0.000000 0.000000