geotop/1.0zi/1.0Montebello/Templates/testdem/maps/_Erotot3585.asc
ncols         21
nrows         20
xllcorner     100.000000
yllcorner     100.000000
cellsize      50.000000
NODATA_value  -9999.0
0.000000 0.000000 0.000000 0.000000 0.000000 0.000000 0.000000 0.000000 0.000000 0.000000 0.000000 0.000000 0.000000 0.000000 0.000000 0.000000 0.000000 0.000000 0.000000 0.000000 0.000000
0.000000 0.000000 374.819269 374.822130 374.825677 374.944646 374.812226 374.817961 374.791618 374.831610 374.846321 374.831610 374.791618 374.817961 374.812226 374.944646 374.825677 374.822130 374.819269 0.000000 0.000000
0.000000 0.000000 11.550292 11.311769 9.555677 11.237651 11.555561 11.479668 11.598820 11.494515 11.862235 11.494515 11.598820 11.479668 11.555561 11.237651 9.555677 11.311769 11.550292 0.000000 0.000000
0.000000 0.000000 2756.377957 2755.609274 2756.087092 2754.262973 2755.767857 2755.378118 2754.837177 2755.923926 2755.837121 2755.923926 2754.837177 2755.378118 2755.767857 2754.262973 2756.087092 2755.609274 2756.377957 0.000000 0.000000
0.000000 0.000000 5284.623681 5284.643058 5283.796449 5284.374862 5285.085146 5284.767959 5284.894261 5284.667948 5284.892413 5284.667948 5284.894261 5284.767959 5285.085146 5284.374862 5283.796449 5284.643058 5284.623681 0.000000 0.000000
0.000000 0.000000 6834.826330 6834.499472 6833.987890 6834.128031 6834.819111 6834.499430 6834.375594 6834.629937 6834.853610 6834.629937 6834.375594 6834.499430 6834.819111 6834.128031 6833.987890 6834.499472 6834.826330 0.000000 0.000000
0.000000 0.000000 8808.681663 8808.424240 8807.950984 8808.075371 8808.681400 8808.389998 8808.294987 8808.512400 8808.734160 8808.512400 8808.294987 8808.389998 8808.681400 8808.075371 8807.950984 8808.424240 8808.681663 0.000000 0.000000
0.000000 0.000000 10629.738506 10629.536324 10629.096874 10629.223561 10629.748041 10629.489057 10629.416519 10629.609513 10629.810058 10629.609513 10629.416519 10629.489057 10629.748041 10629.223561 10629.096874 10629.536324 10629.738506 0.000000 0.000000
0.000000 0.000000 12299.268882 12299.100844 12298.684089 12298.808349 12299.296317 12299.054186 12298.995150 12299.175215 12299.364330 12299.175215 12298.995150 12299.054186 12299.296317 12298.808349 12298.684089 12299.100844 12299.268882 0.000000 0.000000
0.000000 0.000000 13846.064176 13845.939327 13845.532557 13845.692662 13846.100561 13845.878440 13845.834377 13845.995847 13846.168270 13845.995847 13845.834377 13845.878440 13846.100561 13845.692662 13845.532557 13845.939327 13846.064176 0.000000 0.000000
0.000000 0.000000 15281.220396 15281.100388 15280.715983 15280.850550 15281.270137 15281.050214 15281.011311 15281.172357 15281.334757 15281.172357 15281.011311 15281.050214 15281.270137 15280.850550 15280.715983 15281.100388 15281.220396 0.000000 0.000000
0.000000 0.000000 16631.137176 16631.028696 16630.667535 16630.796813 16631.204900 16630.993920 16630.957414 16631.117969 16631.269677 16631.117969 16630.957414 16630.993920 16631.204900 16630.796813 16630.667535 16631.028696 16631.137176 0.000000 0.000000
0.000000 0.000000 17904.871467 17904.775227 17904.423226 17904.553081 17904.940373 17904.738827 17904.707180 17904.863606 17905.005350 17904.863606 17904.707180 17904.738827 17904.940373 17904.553081 17904.423226 17904.775227 17904.871467 0.000000 0.000000
0.000000 0.000000 19116.624475 19116.540511 19116.200849 19116.345964 19116.697015 19116.503375 19116.476986 19116.625926 19116.760445 19116.625926 19116.476986 19116.503375 19116.697015 19116.345964 19116.200849 19116.540511 19116.624475 0.000000 0.000000
0.000000 0.000000 20270.778073 20270.692604 20270.359695 20270.492200 20270.845566 20270.663896 20270.642150 20270.790650 20270.917647 20270.790650 20270.642150 20270.663896 20270.845566 20270.492200 20270.359695 20270.692604 20270.778072 0.000000 0.000000
0.000000 0.000000 21370.152910 21370.072872 21369.752297 21369.876711 21370.217011 21370.039100 21370.018518 21370.160304 21370.282713 21370.160304 21370.018518 21370.039100 21370.217011 21369.876711 21369.752297 21370.072872 21370.152906 0.000000 0.000000
0.000000 0.000000 22422.969851 22422.893980 22422.578002 22422.705336 22423.030267 22422.857461 22422.839310 22422.976639 22423.091611 22422.976639 22422.839310 22422.857461 22423.030267 22422.705336 22422.578001 22422.893959 22422.969722 0.000000 0.000000
0.000000 0.000000 23481.456734 23481.924303 23481.617720 23481.740464 23482.056947 23481.890132 23481.872141 23482.004994 23482.115731 23482.004994 23481.872141 23481.890132 23482.056947 23481.740463 23481.617702 23481.920994 23481.992284 0.000000 0.000000
0.000000 0.000000 0.000000 0.000000 0.000000 0.000000 0.000000 0.000000 0.000000 0.000000 0.000000 0.000000 0.000000 0.000000 0.000000 0.000000 0.000000 0.000000 0.000000 0.000000 0.000000
0.000000 0.000000 0.000000 0.000000 0.000000 0.000000 0.000000 0.000000 0.000000 0.000000 0.000000 0.000000 0.000000 0.000000 0.000000 0.000000 0.000000 0.000000 0.000000 0.000000 0.000000