geotop/1.0zi/1.0Montebello/Templates/testdem/maps/_Erotot0448.asc
ncols         21
nrows         20
xllcorner     100.000000
yllcorner     100.000000
cellsize      50.000000
NODATA_value  -9999.0
0.000000 0.000000 0.000000 0.000000 0.000000 0.000000 0.000000 0.000000 0.000000 0.000000 0.000000 0.000000 0.000000 0.000000 0.000000 0.000000 0.000000 0.000000 0.000000 0.000000 0.000000
0.000000 0.000000 39.860484 39.861164 39.893797 39.861331 39.860587 39.860972 39.860782 39.860696 39.860669 39.860696 39.860782 39.860972 39.860587 39.861331 39.893797 39.861164 39.860484 0.000000 0.000000
0.000000 0.000000 7.582436 7.366004 5.548920 7.361342 7.609419 7.593775 7.608398 7.615223 7.616275 7.615223 7.608398 7.593775 7.609419 7.361342 5.548920 7.366004 7.582436 0.000000 0.000000
0.000000 0.000000 521.729838 521.980342 522.102713 521.885213 521.784148 521.890458 521.885298 521.821749 521.751665 521.821749 521.885298 521.890458 521.784148 521.885213 522.102713 521.980342 521.729838 0.000000 0.000000
0.000000 0.000000 725.792621 725.745089 724.986963 725.722991 725.791629 725.812807 725.807094 725.811150 725.806447 725.811150 725.807094 725.812807 725.791629 725.722991 724.986963 725.745089 725.792621 0.000000 0.000000
0.000000 0.000000 1000.066337 1000.072577 999.364728 1000.027809 1000.092221 1000.134550 1000.137669 1000.117044 1000.096376 1000.117044 1000.137669 1000.134550 1000.092221 1000.027809 999.364728 1000.072577 1000.066337 0.000000 0.000000
0.000000 0.000000 1290.198886 1290.207489 1289.575546 1290.164401 1290.223765 1290.267514 1290.271713 1290.249021 1290.230709 1290.249021 1290.271713 1290.267514 1290.223765 1290.164401 1289.575546 1290.207489 1290.198886 0.000000 0.000000
0.000000 0.000000 1565.236671 1565.244347 1564.658167 1565.204134 1565.260469 1565.303609 1565.307876 1565.285087 1565.268311 1565.285087 1565.307876 1565.303609 1565.260469 1565.204134 1564.658167 1565.244347 1565.236671 0.000000 0.000000
0.000000 0.000000 1827.049973 1827.057508 1826.497920 1827.018481 1827.073023 1827.115550 1827.119880 1827.097235 1827.081078 1827.097235 1827.119880 1827.115550 1827.073023 1827.018481 1826.497920 1827.057508 1827.049973 0.000000 0.000000
0.000000 0.000000 2080.161668 2080.168586 2079.624423 2080.130717 2080.184374 2080.226412 2080.230758 2080.208217 2080.192205 2080.208217 2080.230758 2080.226412 2080.184374 2080.130717 2079.624423 2080.168586 2080.161668 0.000000 0.000000
0.000000 0.000000 2325.674044 2325.680318 2325.144805 2325.643293 2325.696590 2325.738290 2325.742645 2325.720149 2325.704056 2325.720149 2325.742645 2325.738290 2325.696590 2325.643293 2325.144805 2325.680318 2325.674044 0.000000 0.000000
0.000000 0.000000 2564.416985 2564.420323 2563.894362 2564.385050 2564.437950 2564.478564 2564.483423 2564.461045 2564.445961 2564.461045 2564.483423 2564.478564 2564.437950 2564.385050 2563.894362 2564.420323 2564.416985 0.000000 0.000000
0.000000 0.000000 2797.354358 2797.356059 2796.834629 2797.323096 2797.374863 2797.414923 2797.419926 2797.397457 2797.382487 2797.397457 2797.419926 2797.414923 2797.374863 2797.323096 2796.834629 2797.356059 2797.354358 0.000000 0.000000
0.000000 0.000000 3027.333022 3027.332899 3026.815025 3027.300284 3027.353289 3027.393329 3027.398486 3027.375969 3027.360829 3027.375969 3027.398486 3027.393329 3027.353289 3027.300284 3026.815025 3027.332899 3027.333022 0.000000 0.000000
0.000000 0.000000 3254.176249 3254.176638 3253.655853 3254.143731 3254.196878 3254.236584 3254.241840 3254.219241 3254.203255 3254.219241 3254.241840 3254.236584 3254.196878 3254.143731 3253.655853 3254.176638 3254.176249 0.000000 0.000000
0.000000 0.000000 3479.330448 3479.332167 3478.820502 3479.299307 3479.352033 3479.391775 3479.397069 3479.374361 3479.357745 3479.374361 3479.397069 3479.391775 3479.352033 3479.299307 3478.820502 3479.332167 3479.330446 0.000000 0.000000
0.000000 0.000000 3701.503329 3701.503372 3700.987712 3701.471798 3701.525253 3701.564460 3701.569925 3701.547113 3701.530187 3701.547113 3701.569925 3701.564460 3701.525253 3701.471798 3700.987712 3701.503362 3701.503104 0.000000 0.000000
0.000000 0.000000 3933.747464 3933.870152 3933.354822 3933.836259 3933.889939 3933.929106 3933.934864 3933.911951 3933.894756 3933.911951 3933.934864 3933.929106 3933.889939 3933.836258 3933.354810 3933.868621 3933.868009 0.000000 0.000000
0.000000 0.000000 0.000000 0.000000 0.000000 0.000000 0.000000 0.000000 0.000000 0.000000 0.000000 0.000000 0.000000 0.000000 0.000000 0.000000 0.000000 0.000000 0.000000 0.000000 0.000000
0.000000 0.000000 0.000000 0.000000 0.000000 0.000000 0.000000 0.000000 0.000000 0.000000 0.000000 0.000000 0.000000 0.000000 0.000000 0.000000 0.000000 0.000000 0.000000 0.000000 0.000000