geotop/1.0zi/1.0Montebello/Templates/testdem/maps/_Erotot5397.asc
ncols         21
nrows         20
xllcorner     100.000000
yllcorner     100.000000
cellsize      50.000000
NODATA_value  -9999.0
0.000000 0.000000 0.000000 0.000000 0.000000 0.000000 0.000000 0.000000 0.000000 0.000000 0.000000 0.000000 0.000000 0.000000 0.000000 0.000000 0.000000 0.000000 0.000000 0.000000 0.000000
0.000000 0.000000 397.748827 396.956645 396.801570 396.598236 396.572228 396.649080 396.605634 396.776902 396.692313 396.473071 396.449228 396.495672 396.610037 396.497385 396.700623 396.882730 397.283389 0.000000 0.000000
0.000000 0.000000 31.069996 31.792530 32.016502 33.199531 32.938435 32.797646 32.610869 32.393089 32.524018 32.901151 32.667588 32.531674 32.923533 32.712396 31.872060 30.996217 30.357847 0.000000 0.000000
0.000000 0.000000 153.284598 154.752903 147.786416 145.020948 146.813846 141.592377 141.002093 141.389862 140.043711 138.701715 140.242314 138.304864 141.032493 145.814481 145.327134 148.739027 151.490593 0.000000 0.000000
0.000000 0.000000 1571.104150 1576.446016 1582.927176 1565.630632 1551.092506 1540.516048 1543.234939 1540.498752 1544.077026 1548.318556 1545.174238 1542.941921 1553.118521 1551.655154 1558.773258 1565.465952 1566.297345 0.000000 0.000000
0.000000 0.000000 2910.960856 2904.906535 2902.282090 2898.240994 2892.181407 2887.929035 2885.555806 2885.889435 2885.520507 2883.188143 2881.229687 2883.877911 2882.478636 2896.805581 2902.004380 2905.261317 2907.750937 0.000000 0.000000
0.000000 0.000000 3865.900935 3863.491183 3860.700979 3856.437778 3843.618876 3826.977864 3827.322111 3823.947226 3825.469331 3828.401395 3829.968519 3830.770009 3849.533828 3858.581526 3863.048188 3864.420545 3869.358563 0.000000 0.000000
0.000000 0.000000 4446.111326 4447.651175 4447.136925 4441.275612 4441.158279 4434.847874 4435.361065 4435.907198 4434.678018 4432.445882 4432.144166 4435.464375 4434.766085 4436.589446 4444.477933 4442.685576 4445.264078 0.000000 0.000000
0.000000 0.000000 5219.585382 5217.211374 5213.612284 5214.944388 5209.060470 5199.578517 5199.900169 5197.549579 5195.138364 5196.508298 5197.579242 5192.465090 5204.543661 5211.695133 5213.544062 5214.094522 5215.226884 0.000000 0.000000
0.000000 0.000000 6121.090424 6118.930173 6121.490968 6121.308213 6107.636433 6101.409494 6102.874371 6102.066759 6100.236965 6103.320201 6106.242197 6104.515184 6106.940244 6116.046352 6119.658023 6119.610187 6120.062649 0.000000 0.000000
0.000000 0.000000 7092.666699 7093.019177 7093.587045 7080.363895 7078.306628 7068.873505 7072.135330 7063.662492 7065.940132 7065.278190 7060.749488 7067.688986 7070.927190 7071.625051 7077.709291 7083.386669 7089.927598 0.000000 0.000000
0.000000 0.000000 8102.606828 8098.512316 8094.506502 8093.073466 8090.243677 8076.543131 8075.842306 8074.942202 8081.495213 8074.980793 8076.671329 8076.090389 8090.332114 8092.275738 8093.621117 8093.745291 8112.220155 0.000000 0.000000
0.000000 0.000000 9118.638046 9117.003693 9118.344704 9111.802524 9108.509089 9085.584993 9084.390256 9084.271314 9070.770684 9079.296243 9083.224804 9084.948130 9097.746950 9100.881700 9113.780467 9113.108954 9119.268305 0.000000 0.000000
0.000000 0.000000 10225.704242 10227.232234 10221.319567 10220.768839 10197.901134 10205.664917 10195.795693 10197.332163 10198.377468 10198.330048 10196.828556 10193.599965 10183.996485 10208.584913 10213.662896 10223.257488 10229.757240 0.000000 0.000000
0.000000 0.000000 11410.782065 11406.626619 11404.263555 11385.441643 11385.190386 11371.795321 11359.756093 11358.616618 11354.317970 11348.823931 11351.513596 11349.754745 11362.457947 11365.692727 11400.821282 11392.818049 11392.679647 0.000000 0.000000
0.000000 0.000000 12618.848465 12618.268575 12590.102150 12588.230371 12592.992107 12586.290935 12600.870646 12594.069501 12598.904409 12594.900159 12590.846086 12597.797093 12600.773779 12600.343885 12584.186036 12625.684545 12618.760298 0.000000 0.000000
0.000000 0.000000 13976.035670 13943.180261 13940.724662 13933.557167 13913.156461 13908.191437 13901.590752 13904.566472 13893.203553 13893.497942 13897.040456 13897.890104 13906.839215 13914.060047 13939.593736 13936.796356 13974.565626 0.000000 0.000000
0.000000 0.000000 14964.404580 14970.740898 15005.662092 15000.089461 14991.583359 14963.020747 14963.740404 14951.913723 14960.972498 14959.681012 14965.189536 14959.969072 14984.674509 14990.836028 15011.654511 14975.318926 14968.440560 0.000000 0.000000
0.000000 0.000000 0.000000 0.000000 0.000000 0.000000 0.000000 0.000000 0.000000 0.000000 0.000000 0.000000 0.000000 0.000000 0.000000 0.000000 0.000000 0.000000 0.000000 0.000000 0.000000
0.000000 0.000000 0.000000 0.000000 0.000000 0.000000 0.000000 0.000000 0.000000 0.000000 0.000000 0.000000 0.000000 0.000000 0.000000 0.000000 0.000000 0.000000 0.000000 0.000000 0.000000