geotop/1.0zi/1.0Montebello/Templates/testdem/maps/_Erotot2234.asc
ncols         21
nrows         20
xllcorner     100.000000
yllcorner     100.000000
cellsize      50.000000
NODATA_value  -9999.0
0.000000 0.000000 0.000000 0.000000 0.000000 0.000000 0.000000 0.000000 0.000000 0.000000 0.000000 0.000000 0.000000 0.000000 0.000000 0.000000 0.000000 0.000000 0.000000 0.000000 0.000000
0.000000 0.000000 210.447536 210.451243 210.492867 210.526405 210.424210 210.454313 210.459307 210.433524 210.439871 210.433524 210.459307 210.454313 210.424210 210.526405 210.492867 210.451243 210.447536 0.000000 0.000000
0.000000 0.000000 12.754534 12.531954 10.746321 12.545685 12.811701 12.774437 12.779761 12.806229 12.797927 12.806229 12.779761 12.774437 12.811701 12.545685 10.746321 12.531954 12.754534 0.000000 0.000000
0.000000 0.000000 1480.391490 1480.071160 1480.406987 1478.531698 1480.539848 1479.982939 1479.977290 1480.741187 1480.842328 1480.741187 1479.977290 1479.982939 1480.539848 1478.531698 1480.406987 1480.071160 1480.391490 0.000000 0.000000
0.000000 0.000000 3102.057989 3101.884329 3101.224377 3101.806055 3102.357275 3102.217736 3102.181591 3102.328800 3102.275321 3102.328800 3102.181591 3102.217736 3102.357275 3101.806055 3101.224377 3101.884329 3102.057989 0.000000 0.000000
0.000000 0.000000 4017.105752 4016.898172 4016.333149 4016.480829 4017.301391 4017.006377 4017.025489 4017.348696 4017.412627 4017.348696 4017.025489 4017.006377 4017.301391 4016.480829 4016.333149 4016.898172 4017.105752 0.000000 0.000000
0.000000 0.000000 5262.827359 5262.654491 5262.135286 5262.274500 5262.976510 5262.721078 5262.745882 5263.030791 5263.106761 5263.030791 5262.745882 5262.721078 5262.976510 5262.274500 5262.135286 5262.654491 5262.827359 0.000000 0.000000
0.000000 0.000000 6445.412533 6445.267104 6444.781967 6444.924923 6445.530348 6445.310153 6445.332281 6445.586924 6445.661467 6445.586924 6445.332281 6445.310153 6445.530348 6444.924923 6444.781967 6445.267104 6445.412533 0.000000 0.000000
0.000000 0.000000 7556.579069 7556.445403 7555.982957 7556.126418 7556.685231 7556.481408 7556.502162 7556.742381 7556.814919 7556.742381 7556.502162 7556.481408 7556.685231 7556.126418 7555.982957 7556.445403 7556.579069 0.000000 0.000000
0.000000 0.000000 8609.321893 8609.216911 8608.763953 8608.947197 8609.415469 8609.232666 8609.258220 8609.476733 8609.546445 8609.476733 8609.258220 8609.232666 8609.415469 8608.947197 8608.763953 8609.216911 8609.321893 0.000000 0.000000
0.000000 0.000000 9609.831953 9609.719887 9609.285587 9609.445391 9609.925206 9609.742386 9609.763809 9609.980769 9610.047528 9609.980769 9609.763809 9609.742386 9609.925206 9609.445391 9609.285587 9609.719887 9609.831953 0.000000 0.000000
0.000000 0.000000 10568.395041 10568.282239 10567.862883 10568.017104 10568.483642 10568.307770 10568.327979 10568.538595 10568.604497 10568.538595 10568.327979 10568.307770 10568.483642 10568.017104 10567.862883 10568.282239 10568.395041 0.000000 0.000000
0.000000 0.000000 11494.057111 11493.948727 11493.534917 11493.691087 11494.139087 11493.967281 11493.987654 11494.193552 11494.257321 11494.193552 11493.987654 11493.967281 11494.139087 11493.691087 11493.534917 11493.948727 11494.057111 0.000000 0.000000
0.000000 0.000000 12390.178195 12390.077452 12389.671650 12389.847269 12390.257964 12390.092497 12390.114576 12390.313130 12390.375139 12390.313130 12390.114576 12390.092497 12390.257964 12389.847269 12389.671650 12390.077452 12390.178195 0.000000 0.000000
0.000000 0.000000 13259.653645 13259.550974 13259.147422 13259.312446 13259.729324 13259.564754 13259.585553 13259.783519 13259.844044 13259.783519 13259.585553 13259.564754 13259.729324 13259.312446 13259.147422 13259.550974 13259.653645 0.000000 0.000000
0.000000 0.000000 14104.294219 14104.193546 14103.800579 14103.959087 14104.364480 14104.204341 14104.224998 14104.418372 14104.478044 14104.418372 14104.224998 14104.204341 14104.364480 14103.959087 14103.800579 14104.193546 14104.294214 0.000000 0.000000
0.000000 0.000000 14926.341787 14926.242362 14925.850134 14926.012158 14926.410036 14926.251145 14926.271247 14926.461029 14926.518946 14926.461029 14926.271247 14926.251145 14926.410036 14926.012158 14925.850134 14926.242340 14926.341271 0.000000 0.000000
0.000000 0.000000 15758.641345 15758.891856 15758.505541 15758.663467 15759.058408 15758.902114 15758.920295 15759.107610 15759.163169 15759.107610 15758.920295 15758.902114 15759.058408 15758.663467 15758.505522 15758.888347 15758.984741 0.000000 0.000000
0.000000 0.000000 0.000000 0.000000 0.000000 0.000000 0.000000 0.000000 0.000000 0.000000 0.000000 0.000000 0.000000 0.000000 0.000000 0.000000 0.000000 0.000000 0.000000 0.000000 0.000000
0.000000 0.000000 0.000000 0.000000 0.000000 0.000000 0.000000 0.000000 0.000000 0.000000 0.000000 0.000000 0.000000 0.000000 0.000000 0.000000 0.000000 0.000000 0.000000 0.000000 0.000000