geotop/1.0zi/1.0Montebello/Templates/testdem/maps/_Erotot3340.asc
ncols         21
nrows         20
xllcorner     100.000000
yllcorner     100.000000
cellsize      50.000000
NODATA_value  -9999.0
0.000000 0.000000 0.000000 0.000000 0.000000 0.000000 0.000000 0.000000 0.000000 0.000000 0.000000 0.000000 0.000000 0.000000 0.000000 0.000000 0.000000 0.000000 0.000000 0.000000 0.000000
0.000000 0.000000 364.451828 364.454684 364.458230 364.577215 364.444738 364.450515 364.424168 364.464136 364.478839 364.464136 364.424168 364.450515 364.444738 364.577215 364.458230 364.454684 364.451828 0.000000 0.000000
0.000000 0.000000 11.576179 11.337552 9.581342 11.262779 11.578307 11.504187 11.623226 11.519000 11.886198 11.519000 11.623226 11.504187 11.578307 11.262779 9.581342 11.337552 11.576179 0.000000 0.000000
0.000000 0.000000 2645.079209 2644.815953 2644.964869 2643.154868 2645.149660 2644.572063 2644.464220 2645.283293 2645.426577 2645.283293 2644.464220 2644.572063 2645.149660 2643.154868 2644.964869 2644.815953 2645.079209 0.000000 0.000000
0.000000 0.000000 5005.204703 5005.028340 5004.328340 5004.908155 5005.452659 5005.304990 5005.295771 5005.398510 5005.426894 5005.398510 5005.295771 5005.304990 5005.452659 5004.908155 5004.328340 5005.028340 5005.204703 0.000000 0.000000
0.000000 0.000000 6473.586129 6473.406402 6472.798917 6472.943148 6473.787316 6473.448697 6473.466059 6473.755628 6473.986537 6473.755628 6473.466059 6473.448697 6473.787316 6472.943148 6472.798917 6473.406402 6473.586129 0.000000 0.000000
0.000000 0.000000 8336.521982 8336.380341 8335.830763 8335.959715 8336.690963 8336.392245 8336.409452 8336.661010 8336.889764 8336.661010 8336.409452 8336.392245 8336.690963 8335.959715 8335.830763 8336.380341 8336.521982 0.000000 0.000000
0.000000 0.000000 10059.111851 10058.998454 10058.498706 10058.630176 10059.256648 10058.996813 10059.012320 10059.234231 10059.440448 10059.234231 10059.012320 10058.996813 10059.256648 10058.630176 10058.498706 10058.998454 10059.111851 0.000000 0.000000
0.000000 0.000000 11643.060995 11642.961373 11642.496158 11642.625425 11643.199003 11642.961026 11642.972508 11643.177660 11643.371675 11643.177660 11642.972508 11642.961026 11643.199003 11642.625425 11642.496158 11642.961373 11643.060995 0.000000 0.000000
0.000000 0.000000 13115.242090 13115.170979 13114.724056 13114.889787 13115.371090 13115.157002 13115.170937 13115.354523 13115.531353 13115.354523 13115.170937 13115.157002 13115.371090 13114.889787 13114.724056 13115.170979 13115.242090 0.000000 0.000000
0.000000 0.000000 14484.628327 14484.551202 14484.132600 14484.273120 14484.757844 14484.548577 14484.558640 14484.739731 14484.906285 14484.739731 14484.558640 14484.548577 14484.757844 14484.273120 14484.132600 14484.551202 14484.628327 0.000000 0.000000
0.000000 0.000000 15775.685227 15775.611655 15775.220567 15775.356130 15775.823740 15775.625094 15775.630897 15775.810204 15775.965965 15775.810204 15775.630897 15775.625094 15775.823740 15775.356130 15775.220567 15775.611655 15775.685227 0.000000 0.000000
0.000000 0.000000 16997.216772 16997.149433 16996.770552 16996.906855 16997.348547 16997.158820 16997.163671 16997.337791 16997.483592 16997.337791 16997.163671 16997.158820 16997.348547 16996.906855 16996.770552 16997.149433 16997.216772 0.000000 0.000000
0.000000 0.000000 18162.763470 18162.703866 18162.339334 18162.491503 18162.893750 18162.712670 18162.719215 18162.885045 18163.023694 18162.885045 18162.719215 18162.712670 18162.893750 18162.491503 18162.339334 18162.703866 18162.763470 0.000000 0.000000
0.000000 0.000000 19276.166551 19276.102147 19275.745411 19275.884949 19276.285182 19276.112541 19276.119344 19276.282836 19276.414452 19276.282836 19276.119344 19276.112541 19276.285182 19275.884949 19275.745411 19276.102147 19276.166551 0.000000 0.000000
0.000000 0.000000 20340.738527 20340.676636 20340.333120 20340.464884 20340.850840 20340.683581 20340.690157 20340.846727 20340.974006 20340.846727 20340.690157 20340.683581 20340.850840 20340.464884 20340.333120 20340.676636 20340.738523 0.000000 0.000000
0.000000 0.000000 21362.715307 21362.654509 21362.316897 21362.451968 21362.820778 21362.660048 21362.666810 21362.818715 21362.938456 21362.818715 21362.666810 21362.660048 21362.820778 21362.451968 21362.316897 21362.654488 21362.715261 0.000000 0.000000
0.000000 0.000000 22397.262918 22397.750738 22397.422569 22397.553067 22397.912478 22397.756895 22397.762542 22397.909667 22398.025558 22397.909667 22397.762542 22397.756895 22397.912478 22397.553067 22397.422551 22397.747408 22397.805156 0.000000 0.000000
0.000000 0.000000 0.000000 0.000000 0.000000 0.000000 0.000000 0.000000 0.000000 0.000000 0.000000 0.000000 0.000000 0.000000 0.000000 0.000000 0.000000 0.000000 0.000000 0.000000 0.000000
0.000000 0.000000 0.000000 0.000000 0.000000 0.000000 0.000000 0.000000 0.000000 0.000000 0.000000 0.000000 0.000000 0.000000 0.000000 0.000000 0.000000 0.000000 0.000000 0.000000 0.000000