geotop/1.0zi/1.0Montebello/Templates/testdem/maps/_Erotot1676.asc
ncols         21
nrows         20
xllcorner     100.000000
yllcorner     100.000000
cellsize      50.000000
NODATA_value  -9999.0
0.000000 0.000000 0.000000 0.000000 0.000000 0.000000 0.000000 0.000000 0.000000 0.000000 0.000000 0.000000 0.000000 0.000000 0.000000 0.000000 0.000000 0.000000 0.000000 0.000000 0.000000
0.000000 0.000000 183.992554 183.994482 184.030823 184.014516 183.982730 183.994785 183.996776 183.989379 183.990402 183.989379 183.996776 183.994785 183.982730 184.014516 184.030823 183.994482 183.992554 0.000000 0.000000
0.000000 0.000000 9.684292 9.463942 7.685814 9.535497 9.729552 9.709726 9.718657 9.728578 9.726134 9.728578 9.718657 9.709726 9.729552 9.535497 7.685814 9.463942 9.684292 0.000000 0.000000
0.000000 0.000000 1313.600640 1313.389064 1313.579376 1311.625819 1313.907071 1313.490872 1313.440182 1314.033718 1313.988882 1314.033718 1313.440182 1313.490872 1313.907071 1311.625819 1313.579376 1313.389064 1313.600640 0.000000 0.000000
0.000000 0.000000 2454.723259 2454.510987 2453.914780 2454.607644 2455.062114 2454.866021 2454.821831 2454.974560 2454.928142 2454.974560 2454.821831 2454.866021 2455.062114 2454.607644 2453.914780 2454.510987 2454.723259 0.000000 0.000000
0.000000 0.000000 3219.525537 3219.357217 3218.749797 3218.952930 3219.845480 3219.597652 3219.571636 3219.810072 3219.786228 3219.810072 3219.571636 3219.597652 3219.845480 3218.952930 3218.749797 3219.357217 3219.525537 0.000000 0.000000
0.000000 0.000000 4201.392846 4201.257613 4200.694923 4200.892311 4201.657793 4201.446321 4201.431005 4201.628474 4201.608422 4201.628474 4201.431005 4201.446321 4201.657793 4200.892311 4200.694923 4201.257613 4201.392846 0.000000 0.000000
0.000000 0.000000 5133.245252 5133.133585 5132.605378 5132.799283 5133.468460 5133.287581 5133.274168 5133.446663 5133.427600 5133.446663 5133.274168 5133.287581 5133.468460 5132.799283 5132.605378 5133.133585 5133.245252 0.000000 0.000000
0.000000 0.000000 6013.069305 6012.965957 6012.459934 6012.647208 6013.273471 6013.105470 6013.093649 6013.256664 6013.239040 6013.256664 6013.093649 6013.105470 6013.273471 6012.647208 6012.459934 6012.965957 6013.069305 0.000000 0.000000
0.000000 0.000000 6851.368542 6851.291955 6850.794166 6851.016640 6851.554752 6851.405561 6851.400597 6851.545326 6851.527675 6851.545326 6851.400597 6851.405561 6851.554752 6851.016640 6850.794166 6851.291955 6851.368542 0.000000 0.000000
0.000000 0.000000 7652.346976 7652.260984 7651.779710 7651.974504 7652.528722 7652.377917 7652.369948 7652.516017 7652.497477 7652.516017 7652.369948 7652.377917 7652.528722 7651.974504 7651.779710 7652.260984 7652.346976 0.000000 0.000000
0.000000 0.000000 8424.700246 8424.611847 8424.144186 8424.328645 8424.873255 8424.727013 8424.719793 8424.863314 8424.845997 8424.863314 8424.719793 8424.727013 8424.873255 8424.328645 8424.144186 8424.611847 8424.700246 0.000000 0.000000
0.000000 0.000000 9175.288518 9175.202738 9174.739157 9174.923785 9175.453183 9175.309808 9175.303183 9175.443799 9175.425978 9175.443799 9175.303183 9175.309808 9175.453183 9174.923785 9174.739157 9175.202738 9175.288518 0.000000 0.000000
0.000000 0.000000 9904.434067 9904.354852 9903.897370 9904.100556 9904.594410 9904.456005 9904.451864 9904.587152 9904.568924 9904.587152 9904.451864 9904.456005 9904.594410 9904.100556 9903.897370 9904.354852 9904.434067 0.000000 0.000000
0.000000 0.000000 10616.667462 10616.585378 10616.127429 10616.319163 10616.822073 10616.683540 10616.678387 10616.814855 10616.796226 10616.814855 10616.678387 10616.683540 10616.822073 10616.319163 10616.127429 10616.585378 10616.667462 0.000000 0.000000
0.000000 0.000000 11313.025757 11312.944661 11312.496469 11312.680348 11313.173887 11313.038904 11313.033897 11313.167030 11313.148666 11313.167030 11313.033897 11313.038904 11313.173887 11312.680348 11312.496469 11312.944661 11313.025753 0.000000 0.000000
0.000000 0.000000 11993.150643 11993.070176 11992.620219 11992.806876 11993.295982 11993.160240 11993.155128 11993.286783 11993.267600 11993.286783 11993.155128 11993.160240 11993.295982 11992.806876 11992.620219 11993.070156 11993.150275 0.000000 0.000000
0.000000 0.000000 12690.727385 12690.969705 12690.526220 12690.704337 12691.194026 12691.057578 12691.052568 12691.185891 12691.166587 12691.185891 12691.052568 12691.057578 12691.194026 12690.704337 12690.526202 12690.966441 12691.046679 0.000000 0.000000
0.000000 0.000000 0.000000 0.000000 0.000000 0.000000 0.000000 0.000000 0.000000 0.000000 0.000000 0.000000 0.000000 0.000000 0.000000 0.000000 0.000000 0.000000 0.000000 0.000000 0.000000
0.000000 0.000000 0.000000 0.000000 0.000000 0.000000 0.000000 0.000000 0.000000 0.000000 0.000000 0.000000 0.000000 0.000000 0.000000 0.000000 0.000000 0.000000 0.000000 0.000000 0.000000