geotop/1.0zi/1.0Montebello/Templates/testdem/maps/_Erotot9954.asc
ncols         21
nrows         20
xllcorner     100.000000
yllcorner     100.000000
cellsize      50.000000
NODATA_value  -9999.0
0.000000 0.000000 0.000000 0.000000 0.000000 0.000000 0.000000 0.000000 0.000000 0.000000 0.000000 0.000000 0.000000 0.000000 0.000000 0.000000 0.000000 0.000000 0.000000 0.000000 0.000000
0.000000 0.000000 828.630624 828.782393 827.590600 827.186201 825.571924 825.078590 825.260771 825.251570 825.650393 825.090184 824.901711 824.944073 825.953234 826.535249 827.892260 829.068576 829.768383 0.000000 0.000000
0.000000 0.000000 62.046225 60.723307 61.079552 60.808816 61.656003 61.199927 60.769259 60.685927 60.869553 61.049989 61.242190 61.297434 61.150067 60.635412 59.614861 58.733472 59.463685 0.000000 0.000000
0.000000 0.000000 543.222262 546.871736 531.932266 523.468617 522.721585 514.781868 521.989912 523.902236 519.590877 520.895066 525.253974 524.648406 533.391092 544.090138 546.808232 545.142454 550.545584 0.000000 0.000000
0.000000 0.000000 4602.486445 4596.098362 4592.065920 4550.817534 4524.602526 4508.861939 4500.995380 4496.096830 4500.739974 4506.288614 4506.101012 4499.821475 4521.151919 4527.444635 4546.902114 4558.845810 4559.629117 0.000000 0.000000
0.000000 0.000000 6912.839416 6906.257558 6900.617292 6901.889320 6872.572527 6859.077965 6863.129234 6862.327521 6855.993669 6849.307455 6846.872063 6851.118795 6853.891745 6881.560540 6881.842405 6889.354450 6890.871663 0.000000 0.000000
0.000000 0.000000 8491.256304 8484.904107 8480.817101 8466.430328 8459.948688 8421.868114 8421.299095 8418.439080 8416.219168 8420.310922 8420.693267 8421.782422 8458.100137 8462.249143 8472.094262 8475.282368 8480.209319 0.000000 0.000000
0.000000 0.000000 10189.934118 10185.642046 10178.259871 10160.867516 10149.855664 10146.093644 10146.482624 10144.584192 10142.611641 10138.678270 10137.922518 10144.969800 10143.917309 10155.716517 10171.818849 10169.606334 10175.642276 0.000000 0.000000
0.000000 0.000000 12354.247972 12347.507978 12337.758010 12330.235802 12312.035225 12288.250817 12291.475614 12287.653529 12282.480207 12281.994396 12285.241099 12278.431938 12306.746006 12322.780769 12325.845052 12329.909697 12332.163537 0.000000 0.000000
0.000000 0.000000 14892.306330 14881.475906 14876.565312 14865.177554 14848.641517 14827.845194 14826.641251 14824.844975 14818.004772 14822.561726 14825.959785 14824.831203 14834.754870 14857.258665 14866.142166 14870.418060 14869.475981 0.000000 0.000000
0.000000 0.000000 17749.976246 17744.205974 17739.621053 17701.028811 17700.173265 17669.610658 17678.296228 17659.629918 17663.556449 17659.061556 17650.629525 17662.483963 17680.619343 17686.465698 17703.363944 17706.983840 17726.008624 0.000000 0.000000
0.000000 0.000000 20978.148952 20961.344623 20939.062563 20934.168178 20920.358069 20884.603004 20882.694021 20885.528383 20890.454145 20873.676556 20882.443418 20878.298277 20911.876778 20929.099845 20931.556199 20938.189736 20965.195040 0.000000 0.000000
0.000000 0.000000 24432.740548 24420.648236 24421.821428 24395.795683 24373.965452 24288.176309 24282.276474 24279.783186 24236.054403 24264.738934 24265.808360 24274.410381 24340.267253 24350.397920 24389.643414 24389.254998 24392.722201 0.000000 0.000000
0.000000 0.000000 28545.646555 28544.372966 28510.925762 28492.681093 28374.260587 28443.926648 28413.611363 28415.708993 28437.005988 28415.229769 28413.480271 28396.359353 28330.594994 28469.023973 28467.450847 28501.973437 28518.148288 0.000000 0.000000
0.000000 0.000000 32787.587879 32774.393915 32755.020404 32618.593730 32702.055937 32608.619957 32588.952117 32581.179906 32545.861949 32535.801673 32549.687728 32553.002836 32637.071817 32549.717122 32738.740508 32687.962054 32674.662312 0.000000 0.000000
0.000000 0.000000 36154.397784 36146.831945 36011.811563 36100.422608 36076.069220 36088.665907 36158.997561 36139.564763 36174.719412 36168.730826 36141.938371 36175.109277 36149.937068 36179.297637 35990.740529 36209.372125 36200.472251 0.000000 0.000000
0.000000 0.000000 38887.389812 38784.523162 38838.097243 38793.892172 38738.634608 38737.455561 38698.894700 38711.251515 38672.837207 38678.734271 38699.318281 38679.686433 38697.504460 38728.744060 38832.007202 38735.029677 38844.379980 0.000000 0.000000
0.000000 0.000000 39806.396529 39868.730082 39945.912821 39940.036904 39935.581991 39874.784826 39881.652010 39863.059102 39887.593580 39883.226188 39884.850840 39885.671137 39936.198808 39942.498791 39952.373738 39878.720143 39817.760351 0.000000 0.000000
0.000000 0.000000 0.000000 0.000000 0.000000 0.000000 0.000000 0.000000 0.000000 0.000000 0.000000 0.000000 0.000000 0.000000 0.000000 0.000000 0.000000 0.000000 0.000000 0.000000 0.000000
0.000000 0.000000 0.000000 0.000000 0.000000 0.000000 0.000000 0.000000 0.000000 0.000000 0.000000 0.000000 0.000000 0.000000 0.000000 0.000000 0.000000 0.000000 0.000000 0.000000 0.000000