geotop/1.0zi/1.0Montebello/Templates/testdem/maps/_Erotot2906.asc
ncols         21
nrows         20
xllcorner     100.000000
yllcorner     100.000000
cellsize      50.000000
NODATA_value  -9999.0
0.000000 0.000000 0.000000 0.000000 0.000000 0.000000 0.000000 0.000000 0.000000 0.000000 0.000000 0.000000 0.000000 0.000000 0.000000 0.000000 0.000000 0.000000 0.000000 0.000000 0.000000
0.000000 0.000000 281.309269 281.312138 281.315446 281.433074 281.303684 281.307844 281.282231 281.321076 281.339817 281.321076 281.282231 281.307844 281.303684 281.433074 281.315446 281.312138 281.309269 0.000000 0.000000
0.000000 0.000000 14.731287 14.509182 12.758715 14.474937 14.766169 14.752689 14.783608 14.731784 14.682548 14.731784 14.783608 14.752689 14.766169 14.474937 12.758715 14.509182 14.731287 0.000000 0.000000
0.000000 0.000000 2137.756141 2137.435530 2137.768403 2136.001570 2137.911307 2137.353821 2137.348283 2138.278315 2138.488560 2138.278315 2137.348283 2137.353821 2137.911307 2136.001570 2137.768403 2137.435530 2137.756141 0.000000 0.000000
0.000000 0.000000 4229.949345 4229.781328 4229.124860 4229.714655 4230.256173 4230.116111 4230.081709 4230.233366 4230.203480 4230.233366 4230.081709 4230.116111 4230.256173 4229.714655 4229.124860 4229.781328 4229.949345 0.000000 0.000000
0.000000 0.000000 5499.568091 5499.365488 5498.808226 5498.977731 5499.762862 5499.472668 5499.490878 5499.854934 5499.979663 5499.854934 5499.490878 5499.472668 5499.762862 5498.977731 5498.808226 5499.365488 5499.568091 0.000000 0.000000
0.000000 0.000000 7144.061878 7143.893644 7143.386603 7143.541226 7144.210686 7143.960129 7143.983501 7144.306145 7144.436547 7144.306145 7143.983501 7143.960129 7144.210686 7143.541226 7143.386603 7143.893644 7144.061878 0.000000 0.000000
0.000000 0.000000 8678.335692 8678.194900 8677.725297 8677.879680 8678.452686 8678.238044 8678.258989 8678.546351 8678.668006 8678.546351 8678.258989 8678.238044 8678.452686 8677.879680 8677.725297 8678.194900 8678.335692 0.000000 0.000000
0.000000 0.000000 10098.000551 10097.872682 10097.428979 10097.581426 10098.105130 10097.908298 10097.927928 10098.196467 10098.311173 10098.196467 10097.927928 10097.908298 10098.105130 10097.581426 10097.428979 10097.872682 10098.000551 0.000000 0.000000
0.000000 0.000000 11427.097843 11426.998511 11426.567651 11426.756249 11427.189492 11427.014491 11427.038553 11427.282057 11427.389310 11427.282057 11427.038553 11427.014491 11427.189492 11426.756249 11426.567651 11426.998511 11427.097843 0.000000 0.000000
0.000000 0.000000 12671.020483 12670.914937 12670.505694 12670.668560 12671.110801 12670.937388 12670.957276 12671.195532 12671.296068 12671.195532 12670.957276 12670.937388 12671.110801 12670.668560 12670.505694 12670.914937 12671.020483 0.000000 0.000000
0.000000 0.000000 13852.324822 13852.219631 13851.827948 13851.983896 13852.409968 13852.244722 13852.263369 13852.492183 13852.589378 13852.492183 13852.263369 13852.244722 13852.409968 13851.983896 13851.827948 13852.219631 13852.324822 0.000000 0.000000
0.000000 0.000000 14978.345849 14978.246348 14977.862725 14978.019234 14978.424295 14978.264194 14978.282948 14978.504452 14978.596815 14978.504452 14978.282948 14978.264194 14978.424295 14978.019234 14977.862725 14978.246348 14978.345849 0.000000 0.000000
0.000000 0.000000 16059.310842 16059.219422 16058.846780 16059.019618 16059.386909 16059.234091 16059.254259 16059.465935 16059.554865 16059.465935 16059.254259 16059.234091 16059.386909 16059.019618 16058.846780 16059.219422 16059.310842 0.000000 0.000000
0.000000 0.000000 17098.182583 17098.089461 17097.722736 17097.882774 17098.254582 17098.103830 17098.122474 17098.330416 17098.416449 17098.330416 17098.122474 17098.103830 17098.254582 17097.882774 17097.722736 17098.089461 17098.182583 0.000000 0.000000
0.000000 0.000000 18097.447650 18097.356953 18097.002279 18097.154238 18097.513509 18097.367976 18097.386433 18097.587474 18097.671087 18097.587474 18097.386433 18097.367976 18097.513509 18097.154238 18097.002279 18097.356953 18097.447645 0.000000 0.000000
0.000000 0.000000 19060.911084 19060.822432 19060.471778 19060.626604 19060.974803 19060.832083 19060.850006 19061.045332 19061.124981 19061.045332 19060.850006 19060.832083 19060.974803 19060.626604 19060.471777 19060.822411 19060.910825 0.000000 0.000000
0.000000 0.000000 20035.383861 20035.764863 20035.422066 20035.572276 20035.913827 20035.775174 20035.791134 20035.981756 20036.058139 20035.981756 20035.791134 20035.775174 20035.913827 20035.572276 20035.422047 20035.761419 20035.846526 0.000000 0.000000
0.000000 0.000000 0.000000 0.000000 0.000000 0.000000 0.000000 0.000000 0.000000 0.000000 0.000000 0.000000 0.000000 0.000000 0.000000 0.000000 0.000000 0.000000 0.000000 0.000000 0.000000
0.000000 0.000000 0.000000 0.000000 0.000000 0.000000 0.000000 0.000000 0.000000 0.000000 0.000000 0.000000 0.000000 0.000000 0.000000 0.000000 0.000000 0.000000 0.000000 0.000000 0.000000