geotop/1.0zi/1.0Montebello/Templates/testdem/maps/_Erotot145@.asc
ncols         21
nrows         20
xllcorner     100.000000
yllcorner     100.000000
cellsize      50.000000
NODATA_value  -9999.0
0.000000 0.000000 0.000000 0.000000 0.000000 0.000000 0.000000 0.000000 0.000000 0.000000 0.000000 0.000000 0.000000 0.000000 0.000000 0.000000 0.000000 0.000000 0.000000 0.000000 0.000000
0.000000 0.000000 966.263277 965.692132 964.330142 962.414897 961.049734 960.259392 960.728178 961.411921 961.329675 960.507692 960.465224 960.541098 962.123725 962.645416 965.458489 966.105232 966.691617 0.000000 0.000000
0.000000 0.000000 68.059074 68.984385 67.475950 70.423114 69.744945 69.044306 69.385916 68.206752 69.143836 71.382581 69.120600 69.165758 68.690390 68.208942 65.997263 65.311473 68.453201 0.000000 0.000000
0.000000 0.000000 915.762659 923.280079 902.477874 893.027949 896.563498 885.952056 885.521024 888.423167 880.243732 880.822647 885.903304 890.052690 893.605810 906.818189 912.224133 912.836415 917.490231 0.000000 0.000000
0.000000 0.000000 5963.282574 5946.328330 5948.533279 5904.984857 5871.689482 5855.243707 5849.905745 5843.387812 5849.238616 5855.380667 5857.137649 5845.987457 5870.043569 5878.380773 5898.003953 5911.775779 5913.766495 0.000000 0.000000
0.000000 0.000000 8412.174488 8409.638117 8400.444347 8400.601710 8371.361675 8356.551726 8359.613802 8358.635056 8350.292665 8344.179003 8342.045278 8345.638917 8348.488207 8379.655649 8379.643625 8389.137044 8389.442524 0.000000 0.000000
0.000000 0.000000 10304.830641 10298.471052 10291.635569 10276.508249 10268.549322 10222.933725 10219.677277 10215.838486 10214.438887 10217.990294 10217.390647 10218.933736 10258.316440 10264.020551 10275.343587 10281.234600 10285.765877 0.000000 0.000000
0.000000 0.000000 12573.157951 12568.031972 12558.591385 12533.661600 12521.138722 12512.697434 12509.265792 12507.246892 12503.962935 12501.213945 12499.570570 12506.879305 12505.955164 12520.958341 12539.651645 12537.697261 12544.380779 0.000000 0.000000
0.000000 0.000000 15443.518327 15434.990380 15421.210707 15413.076643 15392.132928 15361.947333 15362.291824 15357.297061 15351.969404 15350.350000 15353.496351 15346.088935 15377.544345 15397.815531 15402.915433 15409.239005 15411.864075 0.000000 0.000000
0.000000 0.000000 18889.012485 18873.905715 18863.598118 18850.488359 18828.933433 18802.190711 18795.987270 18794.496509 18785.428997 18790.205679 18797.380269 18795.284554 18806.201632 18834.253561 18846.345563 18853.103135 18851.939001 0.000000 0.000000
0.000000 0.000000 22894.288567 22883.233432 22877.282642 22826.264409 22825.503232 22783.333816 22794.098975 22768.527876 22774.900003 22769.230112 22756.264262 22772.135111 22791.944549 22801.498922 22823.409595 22829.852694 22853.778125 0.000000 0.000000
0.000000 0.000000 27523.037702 27497.575222 27463.816506 27459.363265 27441.355427 27390.685227 27377.435342 27385.670534 27388.588606 27372.612551 27381.669296 27373.499371 27415.834688 27442.095676 27444.582526 27454.211861 27488.311530 0.000000 0.000000
0.000000 0.000000 32221.626988 32201.308797 32201.977141 32166.137851 32139.856014 32019.028725 32008.585897 32003.152826 31942.552802 31984.212199 31984.462008 31997.484515 32084.278582 32097.883369 32151.653506 32157.464584 32147.449091 0.000000 0.000000
0.000000 0.000000 36787.926391 36793.372387 36753.140523 36740.749636 36613.132857 36717.505151 36683.467585 36683.025597 36714.026286 36681.822495 36678.942599 36657.843508 36567.981133 36720.245510 36708.696828 36743.371508 36760.600871 0.000000 0.000000
0.000000 0.000000 39699.851145 39688.799256 39677.290612 39602.895660 39656.144908 39600.114232 39588.971545 39586.482237 39568.023820 39562.331711 39571.313013 39572.679591 39621.541383 39558.577692 39669.771701 39639.286545 39628.986074 0.000000 0.000000
0.000000 0.000000 41480.101514 41475.925349 41422.557894 41448.230337 41449.598914 41446.439240 41473.955670 41462.037618 41474.209242 41468.419396 41458.970194 41472.526664 41467.547299 41472.876514 41407.430312 41488.186414 41480.375748 0.000000 0.000000
0.000000 0.000000 42921.403062 42873.262342 42912.425046 42877.802576 42857.141260 42852.500421 42830.760072 42837.910160 42815.669830 42818.890891 42829.369298 42820.846791 42831.841960 42835.855613 42902.747218 42840.671877 42887.833609 0.000000 0.000000
0.000000 0.000000 43451.533205 43525.436673 43552.631780 43561.270705 43574.619658 43536.881432 43552.258321 43537.209660 43561.361555 43556.994283 43553.140510 43559.015318 43588.855806 43576.019117 43554.301469 43537.125224 43467.041188 0.000000 0.000000
0.000000 0.000000 0.000000 0.000000 0.000000 0.000000 0.000000 0.000000 0.000000 0.000000 0.000000 0.000000 0.000000 0.000000 0.000000 0.000000 0.000000 0.000000 0.000000 0.000000 0.000000
0.000000 0.000000 0.000000 0.000000 0.000000 0.000000 0.000000 0.000000 0.000000 0.000000 0.000000 0.000000 0.000000 0.000000 0.000000 0.000000 0.000000 0.000000 0.000000 0.000000 0.000000