geotop/1.0zi/1.0Montebello/Templates/testdem/maps/_Erotot4442.asc
ncols         21
nrows         20
xllcorner     100.000000
yllcorner     100.000000
cellsize      50.000000
NODATA_value  -9999.0
0.000000 0.000000 0.000000 0.000000 0.000000 0.000000 0.000000 0.000000 0.000000 0.000000 0.000000 0.000000 0.000000 0.000000 0.000000 0.000000 0.000000 0.000000 0.000000 0.000000 0.000000
0.000000 0.000000 344.932664 344.471631 344.256953 344.089000 344.095474 344.132928 344.170446 344.168970 344.155516 344.158614 344.160505 344.204753 344.092692 344.132008 344.326229 344.259030 344.373439 0.000000 0.000000
0.000000 0.000000 27.150918 27.778031 28.167523 29.236779 28.845997 28.926160 28.524257 28.459813 28.494884 28.804645 28.520487 28.276913 28.760789 28.506425 27.606665 27.010924 26.811234 0.000000 0.000000
0.000000 0.000000 137.640201 138.859225 131.769483 129.430312 130.519719 125.552435 124.818459 124.463081 123.593755 123.047500 124.081499 122.685062 125.414981 130.362549 130.930653 133.197358 135.835641 0.000000 0.000000
0.000000 0.000000 1336.621684 1342.458041 1349.197401 1333.483469 1322.924012 1315.048478 1317.690013 1311.807440 1315.984184 1320.111187 1320.343042 1320.285117 1329.343425 1327.607546 1332.977717 1338.381299 1339.895790 0.000000 0.000000
0.000000 0.000000 2596.451832 2590.456697 2586.547988 2583.730253 2578.514307 2575.526477 2572.900063 2574.795367 2574.345276 2571.672573 2567.657169 2569.103307 2568.484305 2581.257141 2585.327806 2585.432032 2588.336378 0.000000 0.000000
0.000000 0.000000 3271.818752 3267.849950 3264.166360 3261.298823 3253.472679 3239.288641 3241.157316 3237.895098 3240.539835 3239.579985 3241.692988 3242.795094 3256.610990 3263.125125 3269.666273 3273.527817 3276.265497 0.000000 0.000000
0.000000 0.000000 3733.560210 3733.758696 3734.837953 3730.456431 3728.828499 3724.168983 3724.872758 3725.096459 3722.799560 3723.790360 3722.556690 3721.572954 3724.405886 3728.476066 3730.264500 3729.548542 3730.921713 0.000000 0.000000
0.000000 0.000000 4381.707916 4381.702072 4379.598195 4377.869583 4373.954964 4365.410591 4365.830165 4363.936225 4364.490251 4365.087349 4364.064658 4364.673164 4369.916716 4377.391964 4377.404248 4378.869563 4382.381085 0.000000 0.000000
0.000000 0.000000 5122.297289 5121.035724 5121.650756 5118.494172 5110.521244 5105.786640 5107.508625 5106.539721 5106.580819 5106.592094 5105.520906 5103.741276 5110.829213 5116.966561 5119.410672 5120.401141 5121.653311 0.000000 0.000000
0.000000 0.000000 5903.472045 5902.218901 5901.114877 5899.390300 5897.618929 5887.529266 5887.984953 5885.419013 5885.541448 5886.510083 5885.276203 5884.853823 5889.441205 5891.934271 5896.393228 5898.565419 5901.485092 0.000000 0.000000
0.000000 0.000000 6717.513194 6716.748599 6715.435947 6709.180378 6704.834520 6697.075334 6696.266522 6695.784579 6695.866168 6695.015184 6694.522887 6694.308848 6703.270327 6709.039486 6712.371126 6713.556761 6730.321846 0.000000 0.000000
0.000000 0.000000 7533.863079 7532.313889 7530.780173 7528.549499 7521.939137 7503.583956 7504.040480 7502.224656 7502.104436 7502.652216 7500.966365 7501.232224 7516.562951 7524.333149 7527.459873 7528.998314 7531.233426 0.000000 0.000000
0.000000 0.000000 8404.082255 8401.537910 8400.058146 8396.767485 8378.601230 8386.947637 8381.465481 8380.532225 8380.876571 8381.000791 8379.690988 8379.237260 8373.032032 8390.827680 8394.618388 8399.861883 8399.618243 0.000000 0.000000
0.000000 0.000000 9331.879983 9327.468025 9323.662915 9312.193550 9310.194769 9294.391199 9286.884446 9285.128704 9280.872605 9280.201352 9281.164704 9278.713522 9289.345070 9297.073961 9317.894933 9313.643153 9314.868473 0.000000 0.000000
0.000000 0.000000 10255.798422 10255.880622 10236.544754 10240.208917 10240.310873 10239.560676 10242.321647 10242.227823 10244.939404 10244.840520 10241.499073 10246.213736 10243.688216 10242.401242 10231.381012 10254.637313 10259.018358 0.000000 0.000000
0.000000 0.000000 11302.960619 11280.203120 11272.815852 11265.730003 11251.972517 11245.977840 11244.523489 11243.701485 11239.973238 11240.189209 11240.177694 11237.316488 11241.683633 11257.825712 11271.020136 11271.748496 11295.210333 0.000000 0.000000
0.000000 0.000000 12082.119676 12085.788536 12107.624220 12098.740731 12092.997469 12070.278488 12068.971872 12066.129590 12067.726030 12067.340107 12065.597513 12066.624328 12088.018896 12096.584194 12108.194953 12083.076925 12085.112982 0.000000 0.000000
0.000000 0.000000 0.000000 0.000000 0.000000 0.000000 0.000000 0.000000 0.000000 0.000000 0.000000 0.000000 0.000000 0.000000 0.000000 0.000000 0.000000 0.000000 0.000000 0.000000 0.000000
0.000000 0.000000 0.000000 0.000000 0.000000 0.000000 0.000000 0.000000 0.000000 0.000000 0.000000 0.000000 0.000000 0.000000 0.000000 0.000000 0.000000 0.000000 0.000000 0.000000 0.000000