geotop/1.0zi/1.0Montebello/Templates/testdem/maps/_Erotot3950.asc
ncols         21
nrows         20
xllcorner     100.000000
yllcorner     100.000000
cellsize      50.000000
NODATA_value  -9999.0
0.000000 0.000000 0.000000 0.000000 0.000000 0.000000 0.000000 0.000000 0.000000 0.000000 0.000000 0.000000 0.000000 0.000000 0.000000 0.000000 0.000000 0.000000 0.000000 0.000000 0.000000
0.000000 0.000000 299.522774 299.084604 298.897370 298.750503 298.780613 298.839745 298.874165 298.872755 298.858377 298.864143 298.863697 298.906284 298.774454 298.792080 298.967122 298.872970 298.964996 0.000000 0.000000
0.000000 0.000000 23.759069 24.315621 24.582718 25.291079 24.921437 24.934478 24.508673 24.441279 24.493982 24.869069 24.636880 24.469404 24.961793 24.722923 23.838519 23.280222 23.154353 0.000000 0.000000
0.000000 0.000000 137.173391 138.671696 131.594501 128.954001 129.681568 124.450758 123.628123 123.219375 122.457790 121.981260 123.101063 122.014945 125.126019 130.204623 130.874944 133.191917 135.852707 0.000000 0.000000
0.000000 0.000000 1256.139824 1262.096090 1268.348187 1260.102959 1250.781392 1244.844514 1248.131547 1242.063130 1247.473165 1249.559688 1249.875788 1250.642086 1259.069981 1256.584986 1255.833802 1256.985713 1256.139437 0.000000 0.000000
0.000000 0.000000 2341.083243 2335.891428 2330.459680 2328.340464 2322.513249 2317.897947 2315.651671 2318.029783 2316.376210 2314.723268 2312.459800 2313.928869 2314.231438 2326.189657 2331.787553 2331.152543 2334.247434 0.000000 0.000000
0.000000 0.000000 2916.898793 2912.012961 2906.928881 2899.534439 2889.554519 2876.034897 2877.172925 2873.620993 2876.918671 2876.319646 2878.460225 2881.961444 2896.518775 2903.170652 2910.351239 2913.950764 2917.076695 0.000000 0.000000
0.000000 0.000000 3333.825495 3334.636524 3334.312229 3328.973859 3326.942297 3323.098589 3323.630484 3324.072592 3321.770705 3321.919205 3321.653479 3321.588253 3325.645975 3329.717848 3330.575129 3329.583915 3330.368433 0.000000 0.000000
0.000000 0.000000 3902.743977 3902.546376 3898.729216 3896.836938 3891.384229 3881.921142 3882.015968 3880.066475 3880.938814 3881.474999 3881.271630 3883.338866 3889.742883 3897.271445 3896.711783 3897.437044 3900.781093 0.000000 0.000000
0.000000 0.000000 4549.203125 4548.076963 4546.938668 4542.635812 4533.300512 4528.328244 4529.639932 4528.760727 4528.898086 4528.797327 4528.986440 4528.808104 4536.976053 4543.149430 4544.913074 4545.212900 4546.241389 0.000000 0.000000
0.000000 0.000000 5229.962953 5228.708460 5225.954014 5223.188288 5220.101697 5209.830244 5209.988409 5207.451769 5207.891172 5208.530624 5208.521322 5209.622436 5215.276481 5217.755841 5221.558667 5222.983307 5225.633794 0.000000 0.000000
0.000000 0.000000 5935.608941 5934.745592 5931.689748 5924.516127 5918.728298 5910.797381 5909.720307 5909.170301 5909.443743 5908.555525 5909.306417 5910.736332 5920.613363 5926.258723 5928.905974 5929.359721 5945.496544 0.000000 0.000000
0.000000 0.000000 6638.970233 6637.544706 6634.256779 6630.777354 6622.908793 6605.824976 6605.893617 6604.185787 6604.250691 6604.659581 6604.300333 6606.269458 6621.080099 6628.790914 6631.097349 6632.011624 6633.953268 0.000000 0.000000
0.000000 0.000000 7387.534636 7385.264614 7381.782485 7377.451908 7360.319975 7366.951194 7361.640064 7360.532728 7361.147891 7361.143574 7361.167218 7362.334052 7358.214441 7373.981977 7376.996385 7381.331727 7380.921155 0.000000 0.000000
0.000000 0.000000 8182.002278 8177.397537 8172.252099 8162.082203 8158.202518 8143.066546 8135.573262 8133.951285 8130.185009 8129.463552 8131.475813 8130.637262 8141.742288 8149.559742 8166.840240 8162.337240 8163.256195 0.000000 0.000000
0.000000 0.000000 8966.325690 8966.409507 8948.319652 8950.091974 8948.725818 8947.262200 8949.242509 8949.038031 8951.674656 8951.488998 8949.882037 8955.714067 8954.792234 8953.889419 8943.607769 8962.123793 8965.852965 0.000000 0.000000
0.000000 0.000000 9853.525094 9835.610477 9827.036658 9819.511187 9805.547036 9799.585580 9797.891302 9797.162099 9794.111806 9794.216767 9795.316630 9794.791100 9799.916829 9814.489669 9825.526889 9825.626128 9844.278347 0.000000 0.000000
0.000000 0.000000 10520.584443 10522.699864 10538.646061 10529.272856 10522.562667 10504.506965 10503.009955 10500.437874 10501.795589 10501.423390 10501.348840 10503.675972 10521.296359 10529.321223 10538.921906 10517.248022 10519.693075 0.000000 0.000000
0.000000 0.000000 0.000000 0.000000 0.000000 0.000000 0.000000 0.000000 0.000000 0.000000 0.000000 0.000000 0.000000 0.000000 0.000000 0.000000 0.000000 0.000000 0.000000 0.000000 0.000000
0.000000 0.000000 0.000000 0.000000 0.000000 0.000000 0.000000 0.000000 0.000000 0.000000 0.000000 0.000000 0.000000 0.000000 0.000000 0.000000 0.000000 0.000000 0.000000 0.000000 0.000000