geotop/1.0zi/1.0Montebello/Templates/testdem/maps/_Erotot9279.asc
ncols         21
nrows         20
xllcorner     100.000000
yllcorner     100.000000
cellsize      50.000000
NODATA_value  -9999.0
0.000000 0.000000 0.000000 0.000000 0.000000 0.000000 0.000000 0.000000 0.000000 0.000000 0.000000 0.000000 0.000000 0.000000 0.000000 0.000000 0.000000 0.000000 0.000000 0.000000 0.000000
0.000000 0.000000 727.933290 728.507464 727.928267 728.006678 726.971253 727.080718 727.168625 727.242172 727.630833 726.996808 726.888565 726.936831 727.337334 727.493078 728.312240 728.927080 729.081433 0.000000 0.000000
0.000000 0.000000 56.702466 55.600632 55.914330 55.853030 56.679187 56.366715 55.980975 55.841254 56.036608 56.355770 56.411821 56.518770 56.286631 55.681177 54.419109 53.528408 54.145547 0.000000 0.000000
0.000000 0.000000 428.118689 429.972480 416.893402 410.641361 410.052590 404.200280 409.222022 410.924502 406.992682 405.424305 408.845585 408.380643 416.852044 425.328577 429.128971 423.672446 430.873926 0.000000 0.000000
0.000000 0.000000 4047.801591 4041.843845 4035.810811 4001.553448 3974.706483 3960.555983 3953.209448 3946.749088 3954.027426 3960.580752 3959.211474 3954.196733 3973.891544 3980.107730 3997.278135 4009.542265 4010.195427 0.000000 0.000000
0.000000 0.000000 6274.439298 6269.064081 6264.383256 6266.681280 6242.152877 6230.259770 6233.854516 6233.064165 6228.450875 6221.938315 6220.296084 6224.784478 6224.697589 6250.729058 6251.642802 6258.896188 6261.184796 0.000000 0.000000
0.000000 0.000000 7707.095213 7701.824624 7698.045079 7686.540697 7678.640059 7641.140550 7643.944269 7641.227461 7640.513125 7644.701007 7645.324799 7647.018715 7679.969295 7685.231576 7694.707884 7696.881096 7702.230096 0.000000 0.000000
0.000000 0.000000 9185.803013 9183.030296 9177.884599 9165.409752 9158.073607 9155.230097 9155.036714 9152.970370 9152.802878 9148.422876 9147.402968 9154.708229 9153.014054 9162.937843 9177.979487 9174.819999 9181.199574 0.000000 0.000000
0.000000 0.000000 11085.963204 11080.743084 11073.618294 11070.269331 11053.628105 11032.270467 11035.411287 11031.115922 11027.494372 11026.825889 11029.821209 11023.787585 11048.954796 11063.368570 11065.797353 11068.752194 11071.585704 0.000000 0.000000
0.000000 0.000000 13294.459468 13286.944960 13283.738198 13276.200106 13252.496025 13239.061843 13238.709935 13236.818342 13232.367808 13236.549643 13239.796130 13239.673902 13247.004084 13267.287211 13275.839630 13279.020848 13278.838994 0.000000 0.000000
0.000000 0.000000 15749.696757 15747.019374 15744.959514 15713.745833 15707.062112 15683.435696 15691.764722 15674.530739 15679.954134 15675.698768 15668.068755 15679.586414 15694.482883 15699.125494 15714.810887 15719.184900 15735.467078 0.000000 0.000000
0.000000 0.000000 18482.042665 18470.299688 18452.949898 18451.235941 18433.017451 18406.282683 18405.821845 18407.187029 18413.990962 18398.945093 18406.931762 18404.926765 18432.530929 18446.643806 18448.736101 18453.274942 18479.099207 0.000000 0.000000
0.000000 0.000000 21384.341832 21376.653583 21378.949227 21351.582691 21340.245633 21267.409263 21264.396347 21263.272738 21230.668735 21251.163916 21253.659939 21261.720212 21314.588292 21324.726612 21356.272533 21355.626258 21362.377736 0.000000 0.000000
0.000000 0.000000 24832.517978 24833.353231 24809.012014 24800.307252 24703.267874 24749.037446 24725.973476 24727.145867 24742.125941 24727.947147 24726.694437 24715.285039 24669.934156 24780.009419 24782.718964 24809.928693 24823.951828 0.000000 0.000000
0.000000 0.000000 28645.756323 28630.948577 28612.838296 28499.791133 28550.472421 28481.728564 28458.994944 28453.211766 28427.552666 28415.005746 28426.978237 28428.580110 28495.507138 28445.002131 28605.833420 28564.654690 28556.873200 0.000000 0.000000
0.000000 0.000000 32268.896925 32262.323724 32115.293140 32195.044910 32177.055219 32182.083852 32257.104329 32234.668188 32271.263564 32262.812798 32235.584566 32272.884086 32254.296917 32272.701457 32093.926998 32323.157503 32313.843510 0.000000 0.000000
0.000000 0.000000 35903.831148 35743.224984 35823.170480 35750.531438 35667.676720 35646.109219 35584.006846 35601.681118 35541.655314 35549.749501 35583.360949 35550.104675 35594.863070 35646.626969 35816.277549 35662.871383 35832.996690 0.000000 0.000000
0.000000 0.000000 36752.609660 36888.186115 36997.878329 36999.005577 37006.782989 36907.795013 36928.851206 36894.532446 36948.701302 36938.564881 36933.436095 36945.624595 37022.915923 37020.111875 37013.364296 36924.692349 36790.164858 0.000000 0.000000
0.000000 0.000000 0.000000 0.000000 0.000000 0.000000 0.000000 0.000000 0.000000 0.000000 0.000000 0.000000 0.000000 0.000000 0.000000 0.000000 0.000000 0.000000 0.000000 0.000000 0.000000
0.000000 0.000000 0.000000 0.000000 0.000000 0.000000 0.000000 0.000000 0.000000 0.000000 0.000000 0.000000 0.000000 0.000000 0.000000 0.000000 0.000000 0.000000 0.000000 0.000000 0.000000