geotop/1.0zi/1.0Montebello/Templates/testdem/maps/_Erotot1297.asc
ncols         21
nrows         20
xllcorner     100.000000
yllcorner     100.000000
cellsize      50.000000
NODATA_value  -9999.0
0.000000 0.000000 0.000000 0.000000 0.000000 0.000000 0.000000 0.000000 0.000000 0.000000 0.000000 0.000000 0.000000 0.000000 0.000000 0.000000 0.000000 0.000000 0.000000 0.000000 0.000000
0.000000 0.000000 149.078160 149.079559 149.114418 149.089779 149.071125 149.079575 149.081160 149.075973 149.076642 149.075973 149.081160 149.079575 149.071125 149.089779 149.114418 149.079559 149.078160 0.000000 0.000000
0.000000 0.000000 9.056179 8.837095 7.060862 8.917953 9.099488 9.083745 9.094055 9.101117 9.099374 9.101117 9.094055 9.083745 9.099488 8.917953 7.060862 8.837095 9.056179 0.000000 0.000000
0.000000 0.000000 1075.098395 1074.894482 1074.922125 1072.928132 1075.271414 1074.840825 1074.780545 1075.305220 1075.248901 1075.305220 1074.780545 1074.840825 1075.271414 1072.928132 1074.922125 1074.894482 1075.098395 0.000000 0.000000
0.000000 0.000000 1916.612492 1916.388649 1915.637994 1916.335067 1916.785852 1916.594971 1916.547908 1916.695214 1916.649960 1916.695214 1916.547908 1916.594971 1916.785852 1916.335067 1915.637994 1916.388649 1916.612492 0.000000 0.000000
0.000000 0.000000 2520.529742 2520.356668 2519.607790 2519.802505 2520.716415 2520.465361 2520.433593 2520.649133 2520.622291 2520.649133 2520.433593 2520.465361 2520.716415 2519.802505 2519.607790 2520.356668 2520.529742 0.000000 0.000000
0.000000 0.000000 3286.117711 3285.979889 3285.304170 3285.496887 3286.281057 3286.069116 3286.046272 3286.223709 3286.200537 3286.223709 3286.046272 3286.069116 3286.281057 3285.496887 3285.304170 3285.979889 3286.117711 0.000000 0.000000
0.000000 0.000000 4014.722931 4014.604110 4013.979296 4014.170491 4014.864698 4014.681190 4014.663109 4014.818869 4014.798886 4014.818869 4014.663109 4014.681190 4014.864698 4014.170491 4013.979296 4014.604110 4014.722931 0.000000 0.000000
0.000000 0.000000 4705.556394 4705.447792 4704.853971 4705.039595 4705.686717 4705.517403 4705.502150 4705.646758 4705.627408 4705.646758 4705.502150 4705.517403 4705.686717 4705.039595 4704.853971 4705.447792 4705.556394 0.000000 0.000000
0.000000 0.000000 5367.046542 5366.965073 5366.383564 5366.606048 5367.164766 5367.014332 5367.006301 5367.133489 5367.114038 5367.133489 5367.006301 5367.014332 5367.164766 5366.606048 5366.383564 5366.965073 5367.046542 0.000000 0.000000
0.000000 0.000000 6003.315291 6003.224194 6002.661039 6002.856693 6003.432713 6003.280355 6003.269493 6003.399035 6003.378574 6003.399035 6003.269493 6003.280355 6003.432713 6002.856693 6002.661039 6003.224194 6003.315291 0.000000 0.000000
0.000000 0.000000 6619.913620 6619.819708 6619.270774 6619.456442 6620.024622 6619.876533 6619.866562 6619.994637 6619.975349 6619.994637 6619.866562 6619.876533 6620.024622 6619.456442 6619.270774 6619.819708 6619.913620 0.000000 0.000000
0.000000 0.000000 7222.453589 7222.361890 7221.820251 7222.006821 7222.561088 7222.415505 7222.406397 7222.532344 7222.512575 7222.532344 7222.406397 7222.415505 7222.561088 7222.006821 7221.820251 7222.361889 7222.453589 0.000000 0.000000
0.000000 0.000000 7811.580376 7811.495258 7810.958980 7811.165655 7811.684686 7811.543872 7811.537499 7811.658904 7811.638548 7811.658904 7811.537499 7811.543872 7811.684686 7811.165655 7810.958980 7811.495258 7811.580376 0.000000 0.000000
0.000000 0.000000 8389.800581 8389.712971 8389.178316 8389.374174 8389.904012 8389.762463 8389.755250 8389.878794 8389.857791 8389.878794 8389.755250 8389.762463 8389.904012 8389.374174 8389.178316 8389.712971 8389.800581 0.000000 0.000000
0.000000 0.000000 8958.783800 8958.696981 8958.175673 8958.363814 8958.885383 8958.747310 8958.740150 8958.860610 8958.839847 8958.860610 8958.740150 8958.747310 8958.885383 8958.363814 8958.175673 8958.696981 8958.783797 0.000000 0.000000
0.000000 0.000000 9516.728837 9516.642484 9516.119484 9516.310955 9516.830725 9516.690645 9516.683737 9516.805945 9516.784205 9516.805945 9516.683737 9516.690645 9516.830725 9516.310955 9516.119484 9516.642466 9516.728559 0.000000 0.000000
0.000000 0.000000 10094.382453 10094.571773 10094.051455 10094.233973 10094.757264 10094.615778 10094.609099 10094.733347 10094.711339 10094.733347 10094.609099 10094.615778 10094.757264 10094.233973 10094.051438 10094.568821 10094.655624 0.000000 0.000000
0.000000 0.000000 0.000000 0.000000 0.000000 0.000000 0.000000 0.000000 0.000000 0.000000 0.000000 0.000000 0.000000 0.000000 0.000000 0.000000 0.000000 0.000000 0.000000 0.000000 0.000000
0.000000 0.000000 0.000000 0.000000 0.000000 0.000000 0.000000 0.000000 0.000000 0.000000 0.000000 0.000000 0.000000 0.000000 0.000000 0.000000 0.000000 0.000000 0.000000 0.000000 0.000000