geotop/1.0zi/1.0Montebello/Templates/testdem/maps/_Erotot4626.asc
ncols         21
nrows         20
xllcorner     100.000000
yllcorner     100.000000
cellsize      50.000000
NODATA_value  -9999.0
0.000000 0.000000 0.000000 0.000000 0.000000 0.000000 0.000000 0.000000 0.000000 0.000000 0.000000 0.000000 0.000000 0.000000 0.000000 0.000000 0.000000 0.000000 0.000000 0.000000 0.000000
0.000000 0.000000 347.126763 346.666553 346.451720 346.283737 346.287870 346.328492 346.365996 346.364434 346.351091 346.354262 346.356231 346.400586 346.285221 346.326882 346.521167 346.454105 346.567698 0.000000 0.000000
0.000000 0.000000 27.335452 27.962423 28.349912 29.419081 29.035079 29.111959 28.710169 28.645910 28.680727 28.990492 28.706123 28.462233 28.949636 28.688620 27.788826 27.195236 26.996075 0.000000 0.000000
0.000000 0.000000 137.752522 138.971123 131.884170 129.542094 130.622903 125.656432 124.922976 124.567718 123.698051 123.151085 124.184903 122.793582 125.526826 130.482922 131.049012 133.311407 135.948931 0.000000 0.000000
0.000000 0.000000 1344.082161 1348.209227 1353.569372 1336.428539 1325.250431 1317.292913 1319.761275 1313.934268 1318.185454 1322.420578 1322.734696 1323.227074 1332.516891 1331.491196 1336.919834 1342.670258 1344.530006 0.000000 0.000000
0.000000 0.000000 2626.954915 2622.203472 2618.710343 2616.045364 2610.772188 2607.672988 2604.990677 2606.722442 2606.318165 2603.735121 2599.889979 2601.067641 2600.589708 2613.497634 2617.635596 2617.705195 2620.573886 0.000000 0.000000
0.000000 0.000000 3323.458184 3318.569778 3314.660718 3311.336516 3302.618380 3287.784879 3289.539590 3286.332772 3289.355744 3288.500997 3290.341626 3291.678538 3306.198900 3313.678064 3319.988279 3323.786390 3327.298854 0.000000 0.000000
0.000000 0.000000 3800.387622 3800.881095 3801.710539 3797.176366 3795.521498 3790.731628 3791.355606 3791.522479 3789.152620 3790.120128 3789.124615 3788.173690 3791.185220 3795.158330 3797.128720 3796.507357 3797.733737 0.000000 0.000000
0.000000 0.000000 4450.418275 4450.274550 4448.031796 4445.914609 4441.818267 4433.357160 4433.648998 4431.732422 4432.312706 4432.963936 4432.056840 4432.583342 4437.938974 4445.682783 4445.715826 4447.217943 4450.935054 0.000000 0.000000
0.000000 0.000000 5203.357365 5201.785631 5202.390121 5198.659721 5190.405935 5185.495322 5187.159079 5186.171419 5186.295920 5186.370409 5185.307980 5183.620103 5190.968010 5197.600996 5199.852745 5200.882834 5202.239630 0.000000 0.000000
0.000000 0.000000 5998.271357 5996.612883 5995.588946 5993.617165 5991.344877 5980.919661 5981.271706 5978.684619 5978.890471 5979.929999 5978.744510 5978.540843 5983.599067 5986.363035 5991.114829 5993.198676 5996.262807 0.000000 0.000000
0.000000 0.000000 6827.291777 6826.757961 6824.701117 6818.130532 6813.729882 6805.750582 6804.820986 6804.325503 6804.494338 6803.714242 6803.271941 6803.161661 6812.194148 6818.216512 6821.609968 6822.792641 6839.771361 0.000000 0.000000
0.000000 0.000000 7659.635216 7657.906522 7656.122514 7653.471890 7646.486828 7627.561158 7627.878099 7626.037586 7626.004164 7626.649270 7625.014301 7625.421657 7641.384710 7649.521538 7652.748674 7654.275958 7656.678078 0.000000 0.000000
0.000000 0.000000 8547.735377 8545.038158 8543.331741 8539.596461 8520.688695 8528.930933 8523.120185 8522.145097 8522.608960 8522.974919 8521.639975 8521.320605 8515.375147 8533.929967 8537.826266 8543.090709 8543.021832 0.000000 0.000000
0.000000 0.000000 9496.019205 9491.489611 9487.343246 9474.992192 9472.615306 9456.473043 9448.543765 9446.742552 9442.555229 9442.205095 9443.193742 9440.829230 9451.933826 9460.081147 9481.484663 9477.190609 9478.613976 0.000000 0.000000
0.000000 0.000000 10441.174352 10441.052465 10420.884443 10424.148449 10423.774968 10422.755402 10425.527897 10425.442519 10428.283142 10428.155486 10424.931218 10429.873871 10427.606585 10426.711950 10415.633577 10439.545915 10444.181219 0.000000 0.000000
0.000000 0.000000 11513.466288 11489.715982 11481.843449 11474.116176 11459.780665 11453.468080 11451.780377 11450.921454 11447.243743 11447.597460 11447.693539 11444.909697 11449.718273 11466.497574 11479.972777 11480.763420 11505.258130 0.000000 0.000000
0.000000 0.000000 12308.167894 12311.827885 12333.939486 12324.388813 12318.161340 12294.708864 12293.104660 12290.194428 12291.973853 12291.774634 12290.076889 12291.324870 12313.546863 12322.622558 12334.523831 12308.789290 12310.979127 0.000000 0.000000
0.000000 0.000000 0.000000 0.000000 0.000000 0.000000 0.000000 0.000000 0.000000 0.000000 0.000000 0.000000 0.000000 0.000000 0.000000 0.000000 0.000000 0.000000 0.000000 0.000000 0.000000
0.000000 0.000000 0.000000 0.000000 0.000000 0.000000 0.000000 0.000000 0.000000 0.000000 0.000000 0.000000 0.000000 0.000000 0.000000 0.000000 0.000000 0.000000 0.000000 0.000000 0.000000