geotop/1.0zi/1.0Montebello/Templates/testdem/maps/_Erotot1981.asc
ncols         21
nrows         20
xllcorner     100.000000
yllcorner     100.000000
cellsize      50.000000
NODATA_value  -9999.0
0.000000 0.000000 0.000000 0.000000 0.000000 0.000000 0.000000 0.000000 0.000000 0.000000 0.000000 0.000000 0.000000 0.000000 0.000000 0.000000 0.000000 0.000000 0.000000 0.000000 0.000000
0.000000 0.000000 201.236545 201.238710 201.275682 201.262761 201.224742 201.239325 201.241645 201.232231 201.233794 201.232231 201.241645 201.239325 201.224742 201.262761 201.275682 201.238710 201.236545 0.000000 0.000000
0.000000 0.000000 10.688716 10.467778 8.687243 10.531754 10.735699 10.712483 10.720348 10.731034 10.727514 10.731034 10.720348 10.712483 10.735699 10.531754 8.687243 10.467778 10.688716 0.000000 0.000000
0.000000 0.000000 1400.942298 1400.733397 1400.925486 1398.859703 1401.103480 1400.646169 1400.674985 1401.411660 1401.430446 1401.411660 1400.674985 1400.646169 1401.103480 1398.859703 1400.925486 1400.733397 1400.942298 0.000000 0.000000
0.000000 0.000000 2805.134700 2804.922419 2804.321079 2805.005568 2805.452354 2805.256220 2805.212794 2805.377740 2805.347810 2805.377740 2805.212794 2805.256220 2805.452354 2805.005568 2804.321079 2804.922419 2805.134700 0.000000 0.000000
0.000000 0.000000 3650.339656 3650.172550 3649.560456 3649.676954 3650.553885 3650.281834 3650.308594 3650.628371 3650.670081 3650.628371 3650.308594 3650.281834 3650.553885 3649.676954 3649.560456 3650.172550 3650.339656 0.000000 0.000000
0.000000 0.000000 4770.051895 4769.917906 4769.352403 4769.470057 4770.218519 4769.985602 4770.018122 4770.301502 4770.356157 4770.301502 4770.018122 4769.985602 4770.218519 4769.470057 4769.352403 4769.917906 4770.051895 0.000000 0.000000
0.000000 0.000000 5833.820649 5833.710280 5833.181209 5833.303171 5833.954221 5833.754419 5833.783664 5834.037358 5834.092751 5834.037358 5833.783664 5833.754419 5833.954221 5833.303171 5833.181209 5833.710280 5833.820649 0.000000 0.000000
0.000000 0.000000 6836.014774 6835.913047 6835.407758 6835.528146 6836.135383 6835.950339 6835.977794 6836.217362 6836.272398 6836.217362 6835.977794 6835.950339 6836.135383 6835.528146 6835.407758 6835.913047 6836.014774 0.000000 0.000000
0.000000 0.000000 7788.181957 7788.106894 7787.611368 7787.769639 7788.288859 7788.123785 7788.155813 7788.373625 7788.426996 7788.373625 7788.155813 7788.123785 7788.288859 7787.769639 7787.611368 7788.106894 7788.181957 0.000000 0.000000
0.000000 0.000000 8695.521289 8695.437064 8694.959387 8695.091937 8695.626447 8695.460820 8695.488367 8695.704622 8695.755766 8695.704622 8695.488367 8695.460820 8695.626447 8695.091937 8694.959387 8695.437064 8695.521289 0.000000 0.000000
0.000000 0.000000 9566.496255 9566.409958 9565.947305 9566.072724 9566.596557 9566.436890 9566.463125 9566.673277 9566.724383 9566.673277 9566.463125 9566.436890 9566.596557 9566.072724 9565.947305 9566.409958 9566.496255 0.000000 0.000000
0.000000 0.000000 10409.993448 10409.910213 10409.452756 10409.578888 10410.086573 10409.930291 10409.956578 10410.162194 10410.211823 10410.162194 10409.956578 10409.930291 10410.086573 10409.578888 10409.452756 10409.910213 10409.993448 0.000000 0.000000
0.000000 0.000000 11228.981483 11228.904892 11228.454955 11228.600054 11229.071913 11228.921284 11228.949211 11229.147691 11229.196127 11229.147691 11228.949211 11228.921284 11229.071913 11228.600054 11228.454955 11228.904892 11228.981483 0.000000 0.000000
0.000000 0.000000 12027.051317 12026.971879 12026.523088 12026.656904 12027.136911 12026.986691 12027.013265 12027.211524 12027.258890 12027.211524 12027.013265 12026.986691 12027.136911 12026.656904 12026.523088 12026.971879 12027.051317 0.000000 0.000000
0.000000 0.000000 12806.042264 12805.963991 12805.525529 12805.652250 12806.122263 12805.976090 12806.002418 12806.196227 12806.243169 12806.196227 12806.002418 12805.976090 12806.122263 12805.652250 12805.525529 12805.963991 12806.042260 0.000000 0.000000
0.000000 0.000000 13564.705881 13564.628317 13564.189864 13564.319917 13564.783962 13564.638061 13564.663797 13564.854543 13564.900116 13564.854543 13564.663796 13564.638061 13564.783962 13564.319917 13564.189863 13564.628296 13564.705443 0.000000 0.000000
0.000000 0.000000 14337.786602 14338.047674 14337.616680 14337.741777 14338.204431 14338.059394 14338.082934 14338.271831 14338.316326 14338.271831 14338.082934 14338.059394 14338.204431 14337.741777 14337.616661 14338.044255 14338.121127 0.000000 0.000000
0.000000 0.000000 0.000000 0.000000 0.000000 0.000000 0.000000 0.000000 0.000000 0.000000 0.000000 0.000000 0.000000 0.000000 0.000000 0.000000 0.000000 0.000000 0.000000 0.000000 0.000000
0.000000 0.000000 0.000000 0.000000 0.000000 0.000000 0.000000 0.000000 0.000000 0.000000 0.000000 0.000000 0.000000 0.000000 0.000000 0.000000 0.000000 0.000000 0.000000 0.000000 0.000000