geotop/1.0zi/1.0Montebello/Templates/testdem/maps/_Erotot9486.asc
ncols         21
nrows         20
xllcorner     100.000000
yllcorner     100.000000
cellsize      50.000000
NODATA_value  -9999.0
0.000000 0.000000 0.000000 0.000000 0.000000 0.000000 0.000000 0.000000 0.000000 0.000000 0.000000 0.000000 0.000000 0.000000 0.000000 0.000000 0.000000 0.000000 0.000000 0.000000 0.000000
0.000000 0.000000 792.060320 792.156435 790.925432 790.462069 788.927681 788.435150 788.573606 788.598994 789.012888 788.393306 788.241946 788.279598 789.260460 789.908542 791.260923 792.500232 793.143810 0.000000 0.000000
0.000000 0.000000 59.381016 58.001416 58.352595 58.111224 58.826839 58.383267 57.987955 57.877668 58.046269 58.352637 58.435263 58.518994 58.412263 57.926146 56.837969 55.917790 56.789532 0.000000 0.000000
0.000000 0.000000 514.497168 518.221114 504.146441 498.553094 497.861809 490.205844 496.977068 499.077933 495.515674 495.738736 500.578272 500.006147 508.580756 517.135538 519.911765 518.226769 524.092005 0.000000 0.000000
0.000000 0.000000 4316.869084 4310.760969 4305.760184 4270.380438 4243.084969 4229.752551 4222.226503 4215.927139 4223.397810 4229.864462 4228.022486 4223.157130 4242.859706 4249.215749 4267.256988 4278.112412 4279.158761 0.000000 0.000000
0.000000 0.000000 6526.628516 6521.222806 6516.218729 6518.895211 6494.009573 6481.799527 6485.410229 6484.671137 6480.134995 6473.814716 6472.298848 6476.809840 6476.907276 6503.367450 6503.848744 6511.716549 6514.032477 0.000000 0.000000
0.000000 0.000000 8018.313611 8013.120203 8009.076233 7997.183438 7989.325533 7950.878317 7953.949475 7951.324703 7950.676578 7955.183055 7955.941666 7957.679474 7991.318526 7996.502368 8006.269873 8009.108948 8014.485597 0.000000 0.000000
0.000000 0.000000 9579.239959 9576.582538 9571.193652 9558.304123 9550.436218 9547.255389 9547.332201 9545.374882 9545.321852 9541.322482 9540.420848 9547.827250 9546.278497 9556.681180 9572.010470 9569.542857 9575.981651 0.000000 0.000000
0.000000 0.000000 11576.276780 11571.170124 11563.664857 11559.980696 11542.751895 11520.483596 11524.016926 11519.798084 11516.282022 11516.021183 11519.223480 11513.159710 11539.060940 11553.991089 11556.623238 11560.328924 11563.208944 0.000000 0.000000
0.000000 0.000000 13901.658519 13894.224157 13890.703365 13882.660519 13858.096496 13843.812881 13843.813600 13842.093174 13837.720992 13842.484611 13846.036911 13845.950834 13853.760249 13874.755368 13883.677049 13887.773368 13887.572511 0.000000 0.000000
0.000000 0.000000 16498.448062 16495.967136 16493.550193 16461.053135 16454.026483 16429.113137 16438.099813 16420.424781 16426.260387 16422.381427 16414.671202 16426.702829 16442.327700 16447.250299 16463.540454 16469.070525 16485.863514 0.000000 0.000000
0.000000 0.000000 19403.477458 19391.495124 19373.082035 19371.351870 19351.953658 19323.652226 19323.351754 19325.427728 19332.693794 19317.587663 19326.432495 19324.067865 19353.313604 19368.420710 19370.582970 19376.254596 19403.131095 0.000000 0.000000
0.000000 0.000000 22499.710967 22492.211568 22494.726316 22465.497638 22453.534049 22374.371959 22371.826248 22370.715717 22335.957418 22359.060840 22361.778209 22370.574862 22427.807668 22438.616710 22472.340184 22472.838509 22478.739803 0.000000 0.000000
0.000000 0.000000 26187.595151 26189.171504 26162.695010 26154.016747 26047.283950 26100.450710 26076.061911 26077.855787 26096.084089 26080.502556 26079.228063 26066.529293 26015.044738 26135.599345 26137.129639 26168.005166 26182.941564 0.000000 0.000000
0.000000 0.000000 30193.272692 30178.158249 30159.842668 30037.024139 30098.183568 30020.538577 29998.441208 29992.347940 29964.009803 29952.410456 29966.020621 29968.452197 30043.402024 29981.926270 30155.885110 30111.341264 30101.913229 0.000000 0.000000
0.000000 0.000000 33794.248767 33788.670148 33640.486981 33727.974700 33706.349949 33715.111071 33792.308174 33770.479167 33809.244358 33802.193884 33774.142758 33811.660592 33789.355234 33811.024695 33621.135208 33856.409168 33847.276085 0.000000 0.000000
0.000000 0.000000 37126.538435 36986.120195 37059.056406 36994.729137 36921.420118 36902.202956 36846.566229 36862.929098 36809.565069 36817.355496 36847.422842 36818.003312 36858.219056 36903.369632 37054.418973 36916.905536 37066.680387 0.000000 0.000000
0.000000 0.000000 37997.893508 38098.870692 38191.629066 38187.770886 38188.617214 38107.036404 38121.050851 38093.566982 38134.706814 38127.362269 38125.922838 38132.767523 38197.379101 38199.581343 38204.433166 38124.307648 38024.660104 0.000000 0.000000
0.000000 0.000000 0.000000 0.000000 0.000000 0.000000 0.000000 0.000000 0.000000 0.000000 0.000000 0.000000 0.000000 0.000000 0.000000 0.000000 0.000000 0.000000 0.000000 0.000000 0.000000
0.000000 0.000000 0.000000 0.000000 0.000000 0.000000 0.000000 0.000000 0.000000 0.000000 0.000000 0.000000 0.000000 0.000000 0.000000 0.000000 0.000000 0.000000 0.000000 0.000000 0.000000