geotop/1.0zi/1.0Montebello/Templates/testdem/maps/_Erotot0625.asc
ncols         21
nrows         20
xllcorner     100.000000
yllcorner     100.000000
cellsize      50.000000
NODATA_value  -9999.0
0.000000 0.000000 0.000000 0.000000 0.000000 0.000000 0.000000 0.000000 0.000000 0.000000 0.000000 0.000000 0.000000 0.000000 0.000000 0.000000 0.000000 0.000000 0.000000 0.000000 0.000000
0.000000 0.000000 48.858151 48.858832 48.891465 48.858999 48.858255 48.858641 48.858452 48.858366 48.858339 48.858366 48.858452 48.858641 48.858255 48.858999 48.891465 48.858832 48.858151 0.000000 0.000000
0.000000 0.000000 7.917101 7.700652 5.883449 7.695694 7.943521 7.927666 7.942171 7.949017 7.950082 7.949017 7.942171 7.927666 7.943521 7.695694 5.883449 7.700652 7.917101 0.000000 0.000000
0.000000 0.000000 576.098022 576.348867 576.474028 576.260312 576.164728 576.275866 576.273489 576.209390 576.139049 576.209390 576.273489 576.275866 576.164728 576.260312 576.474028 576.348867 576.098022 0.000000 0.000000
0.000000 0.000000 910.652144 910.604753 909.847923 910.583527 910.652699 910.674431 910.669093 910.673180 910.668511 910.673180 910.669093 910.674431 910.652699 910.583527 909.847923 910.604753 910.652144 0.000000 0.000000
0.000000 0.000000 1234.229694 1234.236156 1233.531689 1234.195210 1234.262508 1234.307429 1234.312114 1234.291260 1234.270513 1234.291260 1234.312114 1234.307429 1234.262508 1234.195210 1233.531689 1234.236156 1234.229694 0.000000 0.000000
0.000000 0.000000 1614.854890 1614.863725 1614.235869 1614.824570 1614.886812 1614.933122 1614.938901 1614.916001 1614.897621 1614.916001 1614.938901 1614.933122 1614.886812 1614.824570 1614.235869 1614.863725 1614.854890 0.000000 0.000000
0.000000 0.000000 1980.110836 1980.118744 1979.537272 1980.082423 1980.141508 1980.187084 1980.192884 1980.169920 1980.153093 1980.169920 1980.192884 1980.187084 1980.141508 1980.082423 1979.537272 1980.118744 1980.110836 0.000000 0.000000
0.000000 0.000000 2328.728725 2328.736491 2328.182261 2328.701300 2328.758438 2328.803270 2328.809084 2328.786300 2328.770116 2328.786300 2328.809084 2328.803270 2328.758438 2328.701300 2328.182261 2328.736491 2328.728725 0.000000 0.000000
0.000000 0.000000 2665.831486 2665.838629 2665.300521 2665.804560 2665.860666 2665.904885 2665.910671 2665.888028 2665.872018 2665.888028 2665.910671 2665.904885 2665.860666 2665.804560 2665.300521 2665.838629 2665.831486 0.000000 0.000000
0.000000 0.000000 2993.296196 2993.302707 2992.773990 2993.269452 2993.325059 2993.368833 2993.374594 2993.352033 2993.335973 2993.352033 2993.374594 2993.368833 2993.325059 2993.269452 2992.773990 2993.302707 2993.296196 0.000000 0.000000
0.000000 0.000000 3312.413076 3312.416680 3311.898211 3312.385110 3312.440139 3312.482693 3312.488902 3312.466500 3312.451467 3312.466500 3312.488902 3312.482693 3312.440139 3312.385110 3311.898211 3312.416680 3312.413076 0.000000 0.000000
0.000000 0.000000 3624.371455 3624.373553 3623.860305 3624.344250 3624.398043 3624.439993 3624.446316 3624.423857 3624.408927 3624.423857 3624.446316 3624.439993 3624.398043 3624.344250 3623.860305 3624.373553 3624.371455 0.000000 0.000000
0.000000 0.000000 3932.792097 3932.792357 3932.283397 3932.763427 3932.818362 3932.860215 3932.866676 3932.844209 3932.829154 3932.844209 3932.866676 3932.860215 3932.818362 3932.763427 3932.283397 3932.792357 3932.792097 0.000000 0.000000
0.000000 0.000000 4236.840243 4236.840892 4236.329945 4236.811742 4236.866709 4236.908135 4236.914678 4236.892169 4236.876349 4236.892169 4236.914678 4236.908135 4236.866709 4236.811742 4236.329945 4236.840892 4236.840243 0.000000 0.000000
0.000000 0.000000 4538.328651 4538.330556 4537.829135 4538.301452 4538.355881 4538.397237 4538.403789 4538.381215 4538.364822 4538.381215 4538.403789 4538.397237 4538.355881 4538.301452 4537.829135 4538.330556 4538.328648 0.000000 0.000000
0.000000 0.000000 4835.160329 4835.160511 4834.656028 4835.132559 4835.187485 4835.228183 4835.234837 4835.212207 4835.195513 4835.212207 4835.234837 4835.228183 4835.187485 4835.132559 4834.656028 4835.160498 4835.159942 0.000000 0.000000
0.000000 0.000000 5139.503524 5139.628713 5139.125035 5139.598264 5139.653402 5139.694061 5139.701026 5139.678324 5139.661386 5139.678324 5139.701026 5139.694061 5139.653402 5139.598264 5139.125021 5139.626803 5139.625936 0.000000 0.000000
0.000000 0.000000 0.000000 0.000000 0.000000 0.000000 0.000000 0.000000 0.000000 0.000000 0.000000 0.000000 0.000000 0.000000 0.000000 0.000000 0.000000 0.000000 0.000000 0.000000 0.000000
0.000000 0.000000 0.000000 0.000000 0.000000 0.000000 0.000000 0.000000 0.000000 0.000000 0.000000 0.000000 0.000000 0.000000 0.000000 0.000000 0.000000 0.000000 0.000000 0.000000 0.000000