geotop/1.0zi/1.0Montebello/Templates/testdem/maps/_Erotot6244.asc
ncols         21
nrows         20
xllcorner     100.000000
yllcorner     100.000000
cellsize      50.000000
NODATA_value  -9999.0
0.000000 0.000000 0.000000 0.000000 0.000000 0.000000 0.000000 0.000000 0.000000 0.000000 0.000000 0.000000 0.000000 0.000000 0.000000 0.000000 0.000000 0.000000 0.000000 0.000000 0.000000
0.000000 0.000000 489.854623 490.715134 490.437054 490.735273 490.189123 490.249752 490.207433 490.373725 490.774696 490.079287 490.006785 490.098386 490.250096 490.147882 490.875632 491.076470 491.065317 0.000000 0.000000
0.000000 0.000000 37.041154 35.897866 35.978084 36.126131 36.373410 36.184265 35.997851 35.782208 36.029252 36.358634 36.176105 36.388254 36.263412 36.016084 34.704664 33.943293 34.634842 0.000000 0.000000
0.000000 0.000000 206.269185 208.504667 199.148886 197.196726 197.567191 192.604660 192.169028 191.685809 190.076273 188.040376 190.585698 188.289460 193.038850 198.862791 200.371677 201.741923 206.694066 0.000000 0.000000
0.000000 0.000000 1980.481358 1984.213205 1988.899737 1967.835820 1952.943300 1941.245585 1943.868645 1940.893229 1944.724584 1949.416682 1946.084428 1944.701859 1954.878602 1955.707607 1964.065184 1972.554066 1973.761113 0.000000 0.000000
0.000000 0.000000 3515.361214 3510.066867 3506.924237 3502.155482 3492.024589 3484.209276 3482.741480 3482.265177 3480.499583 3477.887938 3474.923205 3477.582849 3479.762943 3496.144600 3501.451552 3505.998556 3508.428180 0.000000 0.000000
0.000000 0.000000 4680.055729 4677.574047 4673.987549 4669.314416 4656.317649 4639.231022 4638.794825 4635.335261 4637.193940 4640.046901 4642.116256 4643.140403 4663.731738 4673.406842 4678.150968 4679.727607 4685.191746 0.000000 0.000000
0.000000 0.000000 5375.590284 5376.937384 5375.163596 5368.137358 5367.370729 5359.722413 5360.278282 5360.693884 5359.367291 5356.778725 5356.501960 5360.505172 5361.334329 5364.247516 5373.401263 5371.719173 5375.569917 0.000000 0.000000
0.000000 0.000000 6352.977988 6350.045889 6345.032686 6345.672557 6338.306169 6327.122331 6327.737986 6324.587193 6322.178517 6323.105113 6324.170838 6319.397628 6333.736509 6342.403029 6345.234928 6346.486258 6348.528020 0.000000 0.000000
0.000000 0.000000 7482.467741 7480.017777 7481.496328 7480.013795 7464.197253 7456.750452 7457.733264 7456.980902 7454.722012 7457.740146 7461.209688 7459.348471 7463.670392 7475.056756 7479.576662 7480.112495 7481.339738 0.000000 0.000000
0.000000 0.000000 8702.072440 8702.340800 8701.320252 8686.200753 8683.342193 8671.738981 8675.689887 8665.843067 8668.354647 8667.382232 8662.359063 8670.300388 8675.548571 8677.234374 8684.989852 8691.039688 8699.342911 0.000000 0.000000
0.000000 0.000000 9984.367180 9979.977884 9973.981968 9971.565204 9966.424752 9950.927997 9949.539151 9948.917774 9955.360816 9947.857480 9949.981928 9949.888075 9966.852647 9970.871998 9972.791082 9973.931385 9994.356054 0.000000 0.000000
0.000000 0.000000 11288.342515 11285.450948 11286.104672 11277.557932 11273.165788 11243.542958 11241.968460 11241.480666 11226.168148 11235.619848 11239.527359 11242.158215 11260.964421 11265.345973 11281.083646 11280.360864 11288.087018 0.000000 0.000000
0.000000 0.000000 12722.085898 12723.453320 12715.313044 12713.331650 12682.500473 12691.088377 12680.160821 12681.518760 12682.688947 12682.266098 12680.320844 12676.879542 12666.959787 12700.791609 12706.857195 12718.480853 12726.430795 0.000000 0.000000
0.000000 0.000000 14281.184421 14276.435691 14272.066567 14243.395076 14243.126550 14226.126170 14212.411382 14210.477142 14204.978744 14197.811621 14201.885594 14200.243102 14217.231142 14220.738878 14267.664140 14258.095161 14258.856099 0.000000 0.000000
0.000000 0.000000 15892.485359 15891.593076 15849.071848 15849.627865 15854.483923 15846.570819 15865.745509 15857.122517 15864.364509 15859.004186 15852.803260 15863.552123 15867.781531 15867.210241 15843.269371 15902.562890 15895.934256 0.000000 0.000000
0.000000 0.000000 17740.290947 17687.347897 17685.976876 17673.435048 17643.297772 17635.890752 17625.634615 17629.438735 17612.621120 17613.591632 17620.071337 17618.481465 17632.292131 17646.873655 17684.528488 17674.883911 17734.582046 0.000000 0.000000
0.000000 0.000000 18966.228375 18986.858053 19042.076814 19034.365712 19020.344490 18975.057714 18976.441309 18960.300393 18975.103057 18972.444808 18978.046181 18974.572761 19014.836381 19026.477134 19051.855710 18996.201851 18976.338089 0.000000 0.000000
0.000000 0.000000 0.000000 0.000000 0.000000 0.000000 0.000000 0.000000 0.000000 0.000000 0.000000 0.000000 0.000000 0.000000 0.000000 0.000000 0.000000 0.000000 0.000000 0.000000 0.000000
0.000000 0.000000 0.000000 0.000000 0.000000 0.000000 0.000000 0.000000 0.000000 0.000000 0.000000 0.000000 0.000000 0.000000 0.000000 0.000000 0.000000 0.000000 0.000000 0.000000 0.000000