geotop/1.0zi/1.0Montebello/Templates/testdem/maps/_Erotot8828.asc
ncols         21
nrows         20
xllcorner     100.000000
yllcorner     100.000000
cellsize      50.000000
NODATA_value  -9999.0
0.000000 0.000000 0.000000 0.000000 0.000000 0.000000 0.000000 0.000000 0.000000 0.000000 0.000000 0.000000 0.000000 0.000000 0.000000 0.000000 0.000000 0.000000 0.000000 0.000000 0.000000
0.000000 0.000000 701.940440 702.592457 702.038046 702.131658 701.121476 701.254472 701.336805 701.410800 701.792043 701.157992 701.047595 701.085517 701.483529 701.603694 702.419993 703.002688 703.155122 0.000000 0.000000
0.000000 0.000000 54.569191 53.599184 53.891553 53.820820 54.478870 54.117168 53.741342 53.609323 53.813464 54.139672 54.196896 54.318849 54.123435 53.680535 52.405639 51.553550 52.155673 0.000000 0.000000
0.000000 0.000000 429.845077 431.173705 418.227533 411.796494 411.197122 405.493925 410.470122 412.318766 408.504351 406.834418 410.278067 409.979693 418.304242 426.576214 430.418872 425.051214 432.026879 0.000000 0.000000
0.000000 0.000000 3823.436461 3820.410480 3822.077657 3789.982048 3767.071511 3755.040758 3749.413218 3742.260190 3751.333208 3758.233607 3756.883462 3752.035005 3771.345525 3775.567677 3791.049052 3802.604129 3802.293296 0.000000 0.000000
0.000000 0.000000 5889.274723 5883.878419 5877.901839 5879.486583 5857.744595 5845.527156 5849.068730 5848.891611 5844.754632 5838.764866 5837.075052 5841.168464 5841.121322 5865.770986 5867.045168 5873.088828 5875.506973 0.000000 0.000000
0.000000 0.000000 7298.102228 7292.994037 7290.219170 7279.603821 7270.897224 7238.677811 7239.080494 7236.557093 7236.412046 7240.763653 7241.378345 7242.308742 7274.771799 7280.542569 7288.798767 7291.282011 7296.193004 0.000000 0.000000
0.000000 0.000000 8657.461919 8655.506926 8652.088690 8640.325434 8634.924619 8631.467862 8632.302773 8630.478191 8630.893461 8626.778743 8625.668384 8633.051192 8631.231549 8639.645444 8653.715660 8649.888604 8655.863921 0.000000 0.000000
0.000000 0.000000 10415.453808 10411.339165 10405.134632 10402.937169 10388.344345 10370.102741 10372.935265 10368.931297 10366.178457 10365.810421 10368.685194 10362.521827 10386.174815 10399.910623 10401.219924 10403.373635 10406.699436 0.000000 0.000000
0.000000 0.000000 12449.714601 12443.242728 12443.120310 12437.221665 12414.422974 12404.041632 12403.597235 12402.517296 12398.929410 12403.370754 12406.463401 12406.164774 12413.104926 12431.446931 12438.858963 12441.288517 12440.416302 0.000000 0.000000
0.000000 0.000000 14697.330528 14696.214637 14694.240022 14667.054900 14661.350875 14641.547952 14649.935858 14632.993663 14639.299597 14635.676462 14628.326346 14639.078584 14653.001672 14656.272981 14671.064438 14674.799374 14689.227705 0.000000 0.000000
0.000000 0.000000 17175.894757 17167.557151 17154.484233 17152.138170 17136.748905 17114.859013 17113.201425 17116.306817 17122.727388 17110.301440 17117.297724 17115.456521 17140.918483 17152.971895 17153.277561 17157.236477 17181.838416 0.000000 0.000000
0.000000 0.000000 19792.754950 19784.128612 19788.674698 19766.592555 19758.185073 19694.441916 19692.231340 19691.384522 19663.490733 19681.863407 19684.437055 19691.496266 19738.787628 19747.125913 19776.250943 19773.574948 19780.494670 0.000000 0.000000
0.000000 0.000000 22875.173462 22878.003883 22858.766802 22852.205411 22768.360303 22805.700404 22786.582458 22788.069742 22801.019393 22790.122934 22789.236569 22778.948226 22743.260946 22837.764347 22840.362452 22864.106095 22876.582289 0.000000 0.000000
0.000000 0.000000 26329.681670 26316.784776 26302.936622 26206.382490 26244.159327 26191.997867 26170.304746 26166.179018 26145.953296 26134.535795 26144.463546 26145.025538 26199.472433 26163.595047 26301.959388 26265.859791 26259.519476 0.000000 0.000000
0.000000 0.000000 29790.385835 29785.393255 29652.086043 29715.401914 29704.938969 29705.096594 29772.693742 29751.803590 29784.905760 29776.569443 29752.676387 29786.914252 29777.003088 29789.852528 29639.089324 29845.175935 29835.437564 0.000000 0.000000
0.000000 0.000000 33608.023574 33434.217682 33511.571190 33438.390945 33349.109841 33328.400671 33266.183390 33284.614228 33223.415664 33231.904437 33266.546401 33232.490405 33279.051207 33335.370573 33508.874052 33358.871532 33542.229317 0.000000 0.000000
0.000000 0.000000 34500.838212 34674.431643 34805.493961 34812.177004 34828.391527 34711.165112 34740.031026 34698.883308 34768.014896 34755.855553 34746.984099 34764.628323 34856.905651 34848.071998 34830.052801 34730.857457 34559.309771 0.000000 0.000000
0.000000 0.000000 0.000000 0.000000 0.000000 0.000000 0.000000 0.000000 0.000000 0.000000 0.000000 0.000000 0.000000 0.000000 0.000000 0.000000 0.000000 0.000000 0.000000 0.000000 0.000000
0.000000 0.000000 0.000000 0.000000 0.000000 0.000000 0.000000 0.000000 0.000000 0.000000 0.000000 0.000000 0.000000 0.000000 0.000000 0.000000 0.000000 0.000000 0.000000 0.000000 0.000000