geotop/1.0zi/1.0Montebello/Templates/testdem/maps/_Erotot8380.asc
ncols         21
nrows         20
xllcorner     100.000000
yllcorner     100.000000
cellsize      50.000000
NODATA_value  -9999.0
0.000000 0.000000 0.000000 0.000000 0.000000 0.000000 0.000000 0.000000 0.000000 0.000000 0.000000 0.000000 0.000000 0.000000 0.000000 0.000000 0.000000 0.000000 0.000000 0.000000 0.000000
0.000000 0.000000 680.846570 681.643341 681.091707 681.195206 680.182482 680.339022 680.325849 680.388982 680.822014 680.147339 680.025688 680.077778 680.455339 680.611500 681.448929 681.998155 682.214821 0.000000 0.000000
0.000000 0.000000 52.639591 51.658461 51.901759 51.966811 52.601768 52.280919 51.987452 51.849938 52.078870 52.438135 52.458136 52.607209 52.360491 51.848249 50.574370 49.718347 50.240620 0.000000 0.000000
0.000000 0.000000 354.846295 355.979555 343.610323 338.354361 338.916293 327.602168 327.695550 328.542105 324.885897 323.102945 325.255360 325.400395 335.662486 342.731294 347.337925 350.239447 355.458457 0.000000 0.000000
0.000000 0.000000 3390.601439 3393.107902 3396.920638 3373.954637 3354.361764 3342.456766 3340.282529 3335.954554 3342.816577 3348.180793 3343.644275 3342.309552 3357.402272 3361.796009 3374.099259 3384.722639 3384.571046 0.000000 0.000000
0.000000 0.000000 5421.595269 5416.139949 5411.881074 5405.603671 5389.500299 5379.652915 5381.245793 5380.030054 5376.787274 5370.849244 5369.876585 5373.075470 5372.905368 5393.373159 5400.801685 5406.920044 5409.949617 0.000000 0.000000
0.000000 0.000000 6739.964972 6736.794948 6732.274065 6725.368120 6711.905249 6688.534488 6687.363359 6683.616300 6685.039478 6688.784606 6690.293932 6690.788430 6719.346285 6729.722244 6735.547648 6738.480832 6743.773391 0.000000 0.000000
0.000000 0.000000 7955.047592 7955.475218 7952.553006 7942.199470 7938.572591 7929.050935 7929.202179 7928.771171 7927.936575 7923.935100 7923.403794 7929.411703 7931.848027 7937.514854 7950.493843 7949.232257 7954.369664 0.000000 0.000000
0.000000 0.000000 9544.703708 9540.635168 9534.203593 9533.239613 9521.578072 9505.372228 9506.580305 9502.237702 9500.076598 9499.729759 9502.125400 9496.431886 9515.809536 9530.392190 9532.848120 9537.001554 9538.494233 0.000000 0.000000
0.000000 0.000000 11366.371606 11362.729969 11363.061692 11358.475145 11337.025921 11326.395017 11325.568267 11325.352832 11321.865443 11325.416111 11328.635483 11327.895808 11335.457583 11350.918797 11359.313561 11361.732984 11362.907186 0.000000 0.000000
0.000000 0.000000 13371.550478 13370.416876 13368.164524 13346.662315 13339.992794 13322.946149 13328.679587 13314.790320 13319.178016 13317.193583 13309.952300 13320.382824 13330.687965 13334.290047 13347.898967 13355.702268 13366.884977 0.000000 0.000000
0.000000 0.000000 15559.038012 15551.041549 15542.197684 15537.802135 15527.131641 15505.311823 15500.930939 15501.990342 15509.652043 15497.867133 15502.462022 15502.102031 15526.461756 15536.390549 15539.978476 15544.599463 15569.153154 0.000000 0.000000
0.000000 0.000000 17850.234536 17846.292964 17846.286966 17832.183888 17822.907715 17768.687265 17766.505637 17765.387480 17742.059344 17755.763206 17760.141009 17765.469129 17804.156310 17812.623464 17838.441020 17838.585528 17845.850888 0.000000 0.000000
0.000000 0.000000 20503.413901 20506.405448 20491.999319 20486.459155 20419.173564 20443.211430 20425.486019 20427.141432 20435.624402 20429.848136 20426.422481 20420.501109 20395.566008 20469.562180 20476.672558 20499.049822 20509.925171 0.000000 0.000000
0.000000 0.000000 23497.945302 23488.985706 23478.555838 23401.096309 23422.002451 23382.899489 23361.272447 23357.629290 23342.920527 23331.019758 23339.074194 23338.164571 23380.970008 23363.287897 23474.041238 23451.611668 23447.899784 0.000000 0.000000
0.000000 0.000000 26595.969255 26593.121417 26481.562519 26524.037118 26522.210326 26514.786304 26566.144287 26549.537968 26574.748960 26566.376008 26547.367011 26576.402426 26573.938841 26577.165175 26472.656816 26640.370500 26631.350296 0.000000 0.000000
0.000000 0.000000 30244.502635 30084.878245 30139.248539 30081.675025 29998.647692 29978.648866 29927.826368 29942.458876 29889.596286 29895.630715 29924.212662 29897.703155 29938.797578 29992.849250 30136.960538 30025.243401 30196.342175 0.000000 0.000000
0.000000 0.000000 31372.537443 31538.562965 31675.812084 31682.159081 31694.792416 31572.878410 31597.159880 31555.582414 31622.738417 31610.764938 31603.009038 31619.767301 31717.885158 31710.253909 31702.453779 31597.169438 31432.868094 0.000000 0.000000
0.000000 0.000000 0.000000 0.000000 0.000000 0.000000 0.000000 0.000000 0.000000 0.000000 0.000000 0.000000 0.000000 0.000000 0.000000 0.000000 0.000000 0.000000 0.000000 0.000000 0.000000
0.000000 0.000000 0.000000 0.000000 0.000000 0.000000 0.000000 0.000000 0.000000 0.000000 0.000000 0.000000 0.000000 0.000000 0.000000 0.000000 0.000000 0.000000 0.000000 0.000000 0.000000