geotop/1.0zi/1.0Montebello/Templates/testdem/maps/_Erotot9734.asc
ncols         21
nrows         20
xllcorner     100.000000
yllcorner     100.000000
cellsize      50.000000
NODATA_value  -9999.0
0.000000 0.000000 0.000000 0.000000 0.000000 0.000000 0.000000 0.000000 0.000000 0.000000 0.000000 0.000000 0.000000 0.000000 0.000000 0.000000 0.000000 0.000000 0.000000 0.000000 0.000000
0.000000 0.000000 811.955634 812.106163 810.926073 810.463254 808.890776 808.453112 808.549373 808.608116 808.961834 808.401171 808.260200 808.294182 809.259445 809.842115 811.202752 812.437424 813.087683 0.000000 0.000000
0.000000 0.000000 61.263475 59.914874 60.208910 59.987193 60.721445 60.229070 59.866155 59.711997 59.948582 60.104391 60.275185 60.348603 60.234652 59.748953 58.724990 57.828142 58.615710 0.000000 0.000000
0.000000 0.000000 536.547975 540.396465 525.979675 518.515709 517.945853 509.944285 517.012324 518.957547 515.060521 515.975194 520.276076 519.681179 528.515893 539.056823 541.961271 540.475316 545.927000 0.000000 0.000000
0.000000 0.000000 4527.812963 4521.593948 4517.822501 4478.984898 4452.812233 4437.280378 4429.774909 4423.597129 4429.494074 4435.072402 4435.058528 4428.936170 4449.567841 4456.032862 4475.033220 4486.333834 4487.453558 0.000000 0.000000
0.000000 0.000000 6735.324051 6729.078249 6724.374368 6726.667697 6698.538635 6685.810966 6689.545292 6688.379695 6682.946837 6676.393178 6674.221791 6678.575660 6680.211926 6707.467724 6707.553959 6715.016348 6716.870600 0.000000 0.000000
0.000000 0.000000 8272.407180 8266.338544 8262.514718 8249.484285 8242.624661 8205.940740 8205.263032 8201.975654 8200.382469 8204.400280 8204.935316 8206.105643 8241.690176 8245.991567 8255.612172 8258.583860 8263.674932 0.000000 0.000000
0.000000 0.000000 9912.392390 9908.353063 9901.662892 9885.941710 9875.402213 9871.249815 9871.846762 9869.362771 9868.267885 9864.248017 9863.590206 9870.712191 9869.312419 9880.851129 9896.632806 9894.254928 9900.502891 0.000000 0.000000
0.000000 0.000000 11993.696581 11987.379434 11978.515620 11972.636742 11954.984450 11931.877930 11935.078872 11930.726987 11926.528319 11926.076861 11929.381951 11922.787531 11950.079019 11965.780756 11968.661540 11972.482859 11974.981823 0.000000 0.000000
0.000000 0.000000 14429.420221 14419.137167 14414.776674 14405.482697 14389.504982 14369.497846 14368.378696 14365.952965 14360.344726 14364.741414 14368.187147 14367.384451 14376.306513 14398.181211 14406.688265 14410.886859 14410.086419 0.000000 0.000000
0.000000 0.000000 17159.612519 17154.474288 17150.724103 17115.052956 17114.468349 17085.149254 17093.605233 17074.753666 17079.717588 17075.331750 17067.274034 17078.992384 17095.889717 17101.500692 17117.850898 17121.270246 17140.087808 0.000000 0.000000
0.000000 0.000000 20229.984416 20214.183296 20193.503746 20190.431964 20177.614162 20143.454230 20141.804438 20143.468783 20149.564715 20133.305559 20141.833966 20138.313891 20169.766961 20186.199382 20188.473284 20194.812663 20221.413626 0.000000 0.000000
0.000000 0.000000 23509.239704 23497.930966 23499.530960 23476.344366 23455.988576 23375.121403 23369.371926 23366.436552 23326.159261 23353.036622 23354.470449 23362.796680 23424.417198 23434.294044 23471.460566 23470.942028 23475.569576 0.000000 0.000000
0.000000 0.000000 27425.158985 27423.807167 27393.225676 27377.207786 27266.024940 27328.901711 27300.194426 27301.015444 27320.789434 27301.460255 27299.613487 27284.444295 27223.320518 27354.243544 27353.900862 27386.605829 27402.350465 0.000000 0.000000
0.000000 0.000000 31578.138017 31565.756108 31545.776729 31415.203380 31490.747596 31402.542145 31382.107107 31373.732676 31342.117645 31330.717655 31344.911349 31347.149150 31426.472768 31346.840692 31530.585913 31482.051335 31470.238035 0.000000 0.000000
0.000000 0.000000 35089.160510 35081.285397 34938.175038 35030.194902 35006.218051 35017.898871 35091.619451 35070.416291 35107.940621 35101.304206 35073.255524 35108.767734 35083.128916 35112.082194 34917.013922 35147.771518 35138.748350 0.000000 0.000000
0.000000 0.000000 38106.105287 37985.347413 38050.577317 37996.127521 37932.853359 37917.050112 37869.985162 37884.200721 37838.580470 37845.442968 37870.749317 37846.164575 37880.989040 37917.656638 38044.456331 37925.419952 38053.997197 0.000000 0.000000
0.000000 0.000000 39012.289888 39089.919911 39171.019573 39164.429674 39161.232897 39094.937873 39103.767959 39081.362468 39112.227965 39106.700340 39107.512552 39110.269930 39163.768999 39169.205657 39179.895301 39104.704965 39028.725315 0.000000 0.000000
0.000000 0.000000 0.000000 0.000000 0.000000 0.000000 0.000000 0.000000 0.000000 0.000000 0.000000 0.000000 0.000000 0.000000 0.000000 0.000000 0.000000 0.000000 0.000000 0.000000 0.000000
0.000000 0.000000 0.000000 0.000000 0.000000 0.000000 0.000000 0.000000 0.000000 0.000000 0.000000 0.000000 0.000000 0.000000 0.000000 0.000000 0.000000 0.000000 0.000000 0.000000 0.000000