geotop/1.0zi/1.0Montebello/Templates/testdem/maps/_Erotot190j.asc
ncols         21
nrows         20
xllcorner     100.000000
yllcorner     100.000000
cellsize      50.000000
NODATA_value  -9999.0
0.000000 0.000000 0.000000 0.000000 0.000000 0.000000 0.000000 0.000000 0.000000 0.000000 0.000000 0.000000 0.000000 0.000000 0.000000 0.000000 0.000000 0.000000 0.000000 0.000000 0.000000
0.000000 0.000000 988.931610 988.422189 987.112467 985.187035 983.799372 982.923885 983.451323 984.151092 984.022462 983.200525 983.149367 983.245275 984.888375 985.406646 988.226910 988.940157 989.530875 0.000000 0.000000
0.000000 0.000000 69.102109 70.228213 68.820656 71.674541 71.066569 70.453883 70.696554 69.530450 70.533484 72.699608 70.481874 70.569620 70.057595 69.596896 67.320588 66.535095 69.573568 0.000000 0.000000
0.000000 0.000000 950.281308 952.491732 929.266023 916.735147 920.369479 909.214958 908.423121 909.812711 903.194010 904.596601 909.534746 913.003012 916.581680 928.688501 937.171987 938.825965 941.635797 0.000000 0.000000
0.000000 0.000000 6375.974370 6359.582766 6363.023728 6317.251938 6282.013803 6264.665482 6258.892743 6251.997117 6258.964604 6265.646719 6267.528277 6256.082805 6279.589600 6289.556785 6308.182253 6321.233101 6323.224145 0.000000 0.000000
0.000000 0.000000 8800.618305 8797.669124 8785.930459 8787.357916 8761.229799 8742.931639 8745.297157 8743.347095 8735.474723 8729.225877 8726.891845 8730.090136 8733.351909 8765.857181 8764.900955 8775.674540 8775.403846 0.000000 0.000000
0.000000 0.000000 10801.840625 10794.243752 10786.744223 10769.878229 10759.440668 10710.888334 10706.632135 10701.333522 10705.483459 10707.172296 10706.245283 10707.333733 10748.797123 10754.663872 10767.311232 10773.592853 10777.480421 0.000000 0.000000
0.000000 0.000000 13240.174860 13233.549176 13223.297358 13195.665821 13182.830523 13175.230583 13171.367935 13168.552612 13164.450630 13163.249195 13161.388944 13168.384254 13165.547212 13181.260176 13201.223026 13199.298133 13205.517347 0.000000 0.000000
0.000000 0.000000 16330.767061 16319.943096 16304.688284 16294.892692 16272.525713 16237.969007 16237.471282 16228.349008 16228.534624 16223.582239 16226.708901 16218.388870 16251.542554 16273.518418 16279.075890 16288.942500 16290.695747 0.000000 0.000000
0.000000 0.000000 20073.001266 20054.876832 20039.188377 20027.188606 20003.228375 19974.117585 19965.670418 19963.183473 19956.678291 19961.412488 19968.819169 19965.784014 19977.091590 20006.974840 20020.135796 20027.849884 20025.528285 0.000000 0.000000
0.000000 0.000000 24444.329502 24429.952159 24425.629130 24365.307266 24364.518992 24317.561914 24331.900200 24300.168976 24313.118147 24305.238624 24287.270578 24303.656362 24327.016100 24334.692232 24358.641538 24366.574096 24390.802388 0.000000 0.000000
0.000000 0.000000 29486.470669 29456.428594 29417.769782 29413.692068 29393.346484 29338.118129 29322.331199 29329.375943 29337.650050 29318.552944 29328.278843 29317.537130 29362.694800 29390.700355 29393.178046 29405.156816 29439.204744 0.000000 0.000000
0.000000 0.000000 34324.110107 34302.734276 34306.779015 34269.482524 34239.624663 34120.366852 34105.704486 34097.047255 34039.532529 34081.877688 34082.823163 34093.034784 34180.415047 34194.637897 34249.697598 34257.856002 34239.941445 0.000000 0.000000
0.000000 0.000000 38457.312745 38462.678449 38427.181475 38415.328753 38308.228494 38403.606365 38373.692404 38370.813199 38401.275885 38371.275597 38367.473335 38348.765726 38266.034287 38394.013571 38384.787062 38414.793769 38428.520952 0.000000 0.000000
0.000000 0.000000 40861.209277 40851.435874 40839.631357 40784.445649 40824.900542 40786.463360 40776.536789 40777.680081 40763.341526 40760.227890 40767.285426 40768.139977 40797.038415 40750.751402 40833.667569 40810.548747 40803.232969 0.000000 0.000000
0.000000 0.000000 42411.926026 42408.771602 42360.977856 42391.747733 42384.989589 42387.639213 42410.995168 42399.735082 42413.769442 42406.816137 42397.986558 42408.581678 42400.554833 42414.567717 42348.043702 42418.433577 42414.053058 0.000000 0.000000
0.000000 0.000000 43708.933621 43662.582341 43710.352494 43670.365994 43648.508821 43644.638168 43619.197648 43627.016016 43603.774953 43606.951021 43618.478571 43608.253547 43619.882107 43625.420497 43699.646952 43627.021726 43672.732638 0.000000 0.000000
0.000000 0.000000 44156.394887 44233.028836 44261.390332 44265.829695 44279.876798 44241.737873 44254.825385 44240.173058 44263.277255 44258.938805 44255.932289 44260.922351 44291.711423 44278.221086 44263.908485 44242.406285 44170.175081 0.000000 0.000000
0.000000 0.000000 0.000000 0.000000 0.000000 0.000000 0.000000 0.000000 0.000000 0.000000 0.000000 0.000000 0.000000 0.000000 0.000000 0.000000 0.000000 0.000000 0.000000 0.000000 0.000000
0.000000 0.000000 0.000000 0.000000 0.000000 0.000000 0.000000 0.000000 0.000000 0.000000 0.000000 0.000000 0.000000 0.000000 0.000000 0.000000 0.000000 0.000000 0.000000 0.000000 0.000000