geotop/1.0zi/1.0Montebello/Templates/testdem/maps/_Erotot9698.asc
ncols         21
nrows         20
xllcorner     100.000000
yllcorner     100.000000
cellsize      50.000000
NODATA_value  -9999.0
0.000000 0.000000 0.000000 0.000000 0.000000 0.000000 0.000000 0.000000 0.000000 0.000000 0.000000 0.000000 0.000000 0.000000 0.000000 0.000000 0.000000 0.000000 0.000000 0.000000 0.000000
0.000000 0.000000 811.930143 812.080788 810.900813 810.438124 808.865778 808.428246 808.524506 808.583250 808.936968 808.376304 808.235334 808.269315 809.234447 809.816987 811.177493 812.412050 813.062192 0.000000 0.000000
0.000000 0.000000 61.261950 59.913355 60.207400 59.985690 60.719949 60.227586 59.864671 59.710514 59.947099 60.102907 60.273702 60.347109 60.233157 59.747449 58.723481 57.826623 58.614186 0.000000 0.000000
0.000000 0.000000 536.546360 540.394175 525.977353 518.513225 517.943607 509.941903 517.010019 518.954980 515.058071 515.972651 520.273575 519.686449 528.513629 539.054657 541.959129 540.472997 545.924949 0.000000 0.000000
0.000000 0.000000 4520.335855 4514.582556 4510.940117 4472.345980 4446.058174 4430.622055 4423.103017 4417.119349 4422.974869 4428.595048 4428.609105 4422.728397 4442.825053 4449.093679 4467.948906 4479.322563 4480.319717 0.000000 0.000000
0.000000 0.000000 6721.150999 6714.618078 6709.825760 6711.986559 6683.986320 6671.229085 6674.965468 6673.691993 6668.281130 6661.705907 6659.514654 6663.766210 6665.651534 6692.974609 6693.143702 6700.555736 6702.480244 0.000000 0.000000
0.000000 0.000000 8260.376290 8254.297743 8250.476266 8237.442031 8230.577561 8193.940051 8193.260264 8189.978392 8188.382856 8192.400614 8192.935064 8194.096798 8229.644888 8233.960857 8243.572743 8246.540979 8251.626641 0.000000 0.000000
0.000000 0.000000 9898.256132 9894.234241 9887.555634 9871.851910 9861.320595 9857.174123 9857.763802 9855.300659 9854.199743 9850.182775 9849.525980 9856.678443 9855.230380 9866.754810 9882.512930 9880.133832 9886.367997 0.000000 0.000000
0.000000 0.000000 11975.935159 11969.650850 11960.798994 11954.953134 11937.309154 11914.236182 11917.426352 11913.107710 11908.901558 11908.454269 11911.760689 11905.210025 11932.403457 11948.074769 11950.933035 11954.752174 11957.232544 0.000000 0.000000
0.000000 0.000000 14406.700092 14396.465687 14392.122279 14382.873319 14366.905639 14346.940329 14345.810225 14343.427235 14337.810768 14342.210146 14345.657720 14344.922505 14353.709820 14375.542041 14384.012851 14388.208928 14387.385912 0.000000 0.000000
0.000000 0.000000 17130.378613 17125.298286 17121.570892 17085.977229 17085.388526 17056.130696 17064.563891 17045.783620 17050.727577 17046.352747 17038.310340 17050.104863 17066.823570 17072.396243 17088.695110 17092.110128 17110.882545 0.000000 0.000000
0.000000 0.000000 20192.395793 20176.682186 20156.050419 20153.025813 20140.225758 20106.145192 20104.486938 20106.204553 20112.275300 20096.046100 20104.565067 20101.170524 20132.376006 20148.740684 20150.969819 20157.307738 20183.839688 0.000000 0.000000
0.000000 0.000000 23461.904628 23450.681908 23452.291159 23429.212666 23408.875487 23328.290041 23322.522888 23319.676950 23279.460449 23306.280650 23307.727173 23316.166480 23377.359330 23387.177216 23424.221207 23423.706322 23428.318432 0.000000 0.000000
0.000000 0.000000 27366.098336 27364.824721 27334.334168 27318.389776 27207.559168 27270.232661 27241.560430 27242.460239 27262.106146 27242.866347 27241.041028 27226.078167 27164.875234 27295.351732 27294.998761 27327.629541 27343.293339 0.000000 0.000000
0.000000 0.000000 31510.578287 31498.295430 31478.319204 31348.089356 31423.340520 31335.426553 31314.937027 31306.670205 31275.105148 31263.696226 31277.873223 31280.252673 31359.057189 31279.684556 31463.014014 31414.596062 31402.779913 0.000000 0.000000
0.000000 0.000000 35023.062439 35015.237160 34871.924560 34964.110467 34940.200133 34951.915044 35025.741374 35004.566890 35042.112997 35035.459324 35007.373645 35043.116558 35017.185794 35046.021526 34850.641802 35081.742364 35072.659767 0.000000 0.000000
0.000000 0.000000 38050.571512 37929.069320 37994.942418 37940.059184 37876.446011 37860.655468 37813.171726 37827.542407 37781.537449 37788.452862 37813.991994 37789.271195 37824.053030 37860.894286 37988.749647 37868.571528 37997.966893 0.000000 0.000000
0.000000 0.000000 38955.353655 39034.118671 39116.097389 39109.716112 39106.794292 39040.025163 39048.997018 39026.432479 39057.651863 39052.057834 39052.806314 39055.785752 39109.481813 39114.648000 39125.048484 39049.169899 38972.076766 0.000000 0.000000
0.000000 0.000000 0.000000 0.000000 0.000000 0.000000 0.000000 0.000000 0.000000 0.000000 0.000000 0.000000 0.000000 0.000000 0.000000 0.000000 0.000000 0.000000 0.000000 0.000000 0.000000
0.000000 0.000000 0.000000 0.000000 0.000000 0.000000 0.000000 0.000000 0.000000 0.000000 0.000000 0.000000 0.000000 0.000000 0.000000 0.000000 0.000000 0.000000 0.000000 0.000000 0.000000