geotop/1.0zi/1.0Montebello/Templates/testdem/maps/_Erotot6586.asc
ncols         21
nrows         20
xllcorner     100.000000
yllcorner     100.000000
cellsize      50.000000
NODATA_value  -9999.0
0.000000 0.000000 0.000000 0.000000 0.000000 0.000000 0.000000 0.000000 0.000000 0.000000 0.000000 0.000000 0.000000 0.000000 0.000000 0.000000 0.000000 0.000000 0.000000 0.000000 0.000000
0.000000 0.000000 500.001926 500.856946 500.573330 500.863094 500.303776 500.357631 500.316757 500.481978 500.884036 500.187426 500.115331 500.207494 500.365787 500.276402 501.011398 501.219742 501.211793 0.000000 0.000000
0.000000 0.000000 37.763748 36.617101 36.689291 36.840095 37.075608 36.889860 36.703563 36.488311 36.733672 37.035799 36.880534 37.092613 36.940050 36.705268 35.416699 34.658274 35.358505 0.000000 0.000000
0.000000 0.000000 222.847893 225.674848 215.552390 213.135954 213.382260 208.208803 207.731799 207.254511 205.641053 203.637753 206.238288 204.109790 208.946303 214.953952 216.861104 218.255078 223.302442 0.000000 0.000000
0.000000 0.000000 2082.612824 2086.163503 2091.316568 2071.007707 2056.490543 2044.323529 2046.884201 2043.937942 2048.221161 2053.324003 2049.878303 2048.602569 2059.303663 2060.346009 2068.728525 2076.594587 2078.018860 0.000000 0.000000
0.000000 0.000000 3776.514364 3771.054314 3767.428237 3760.838409 3748.611916 3741.085431 3739.793222 3739.458066 3736.480338 3731.009047 3729.743247 3732.650786 3731.889295 3749.462733 3758.211487 3764.630283 3766.418247 0.000000 0.000000
0.000000 0.000000 4924.656006 4922.087377 4918.489655 4913.412710 4900.374506 4883.224117 4882.570338 4878.665755 4880.582818 4883.975043 4885.821942 4886.082577 4908.285826 4917.613997 4922.058412 4923.922584 4929.226112 0.000000 0.000000
0.000000 0.000000 5678.475367 5679.787203 5677.783831 5669.868847 5669.103100 5661.432115 5661.978188 5662.240563 5660.935703 5657.573666 5657.233417 5662.135980 5661.860022 5664.951841 5675.678038 5673.776924 5678.254248 0.000000 0.000000
0.000000 0.000000 6727.754947 6724.493334 6719.373741 6720.051864 6711.641093 6699.954106 6700.752842 6697.230456 6694.814487 6694.898468 6697.178999 6691.424015 6705.971093 6718.058923 6718.827588 6721.182933 6722.667913 0.000000 0.000000
0.000000 0.000000 7940.484678 7938.067153 7939.453459 7937.123684 7920.454308 7913.408990 7913.810905 7913.246160 7910.452083 7913.192273 7916.668543 7915.180866 7918.779891 7930.296349 7936.537634 7937.472799 7938.577558 0.000000 0.000000
0.000000 0.000000 9252.030719 9251.755751 9250.564096 9234.268971 9231.323531 9218.997044 9223.465075 9212.687844 9215.626715 9214.334229 9208.891228 9216.848999 9222.082817 9223.861207 9233.964703 9239.631807 9248.890113 0.000000 0.000000
0.000000 0.000000 10636.893136 10631.313319 10625.819996 10623.243845 10616.732346 10601.355133 10599.323503 10599.032811 10605.521328 10596.600827 10599.766866 10599.433150 10615.896855 10621.303854 10623.482139 10625.914842 10646.322110 0.000000 0.000000
0.000000 0.000000 12050.130941 12047.310996 12047.812288 12038.475047 12033.740476 12001.774271 12000.165474 11999.664892 11983.110405 11991.998220 11996.767591 11999.384647 12019.673257 12024.855809 12042.287780 12041.533629 12049.414520 0.000000 0.000000
0.000000 0.000000 13616.354110 13618.740646 13609.760971 13606.722237 13572.199313 13582.113657 13570.642647 13571.750195 13574.280837 13572.136230 13571.153423 13567.310604 13553.553092 13592.694762 13598.614549 13612.493723 13620.557119 0.000000 0.000000
0.000000 0.000000 15326.774741 15320.974657 15316.244376 15282.861337 15283.459334 15266.574939 15251.352842 15249.912923 15242.680904 15235.037251 15238.815598 15236.800825 15256.064295 15258.131800 15311.539176 15301.022338 15300.643300 0.000000 0.000000
0.000000 0.000000 17101.321084 17100.190335 17051.837634 17054.238499 17059.092486 17049.941278 17072.293581 17062.036573 17070.717449 17063.773217 17058.201955 17070.015467 17072.332299 17072.694233 17044.790420 17112.726169 17106.417239 0.000000 0.000000
0.000000 0.000000 19154.949384 19092.679334 19093.579687 19077.600871 19042.277969 19035.151550 19022.104322 19026.607558 19007.137984 19007.416360 19015.786286 19012.496564 19027.134024 19045.926551 19091.035718 19077.008569 19145.520356 0.000000 0.000000
0.000000 0.000000 20459.110013 20488.537822 20552.871413 20544.261305 20530.320107 20477.498897 20479.466559 20461.668809 20479.411659 20475.140624 20481.026136 20478.169371 20523.594660 20536.166603 20562.815846 20499.880026 20472.014880 0.000000 0.000000
0.000000 0.000000 0.000000 0.000000 0.000000 0.000000 0.000000 0.000000 0.000000 0.000000 0.000000 0.000000 0.000000 0.000000 0.000000 0.000000 0.000000 0.000000 0.000000 0.000000 0.000000
0.000000 0.000000 0.000000 0.000000 0.000000 0.000000 0.000000 0.000000 0.000000 0.000000 0.000000 0.000000 0.000000 0.000000 0.000000 0.000000 0.000000 0.000000 0.000000 0.000000 0.000000