geotop/1.0zi/1.0Montebello/Templates/testdem/maps/_Erotot9562.asc
ncols         21
nrows         20
xllcorner     100.000000
yllcorner     100.000000
cellsize      50.000000
NODATA_value  -9999.0
0.000000 0.000000 0.000000 0.000000 0.000000 0.000000 0.000000 0.000000 0.000000 0.000000 0.000000 0.000000 0.000000 0.000000 0.000000 0.000000 0.000000 0.000000 0.000000 0.000000 0.000000
0.000000 0.000000 792.320805 792.410028 791.177332 790.712474 789.175526 788.682274 788.821562 788.845370 789.260667 788.638674 788.489466 788.524881 789.507023 790.156999 791.510196 792.751893 793.399539 0.000000 0.000000
0.000000 0.000000 59.394537 58.018725 58.370662 58.131888 58.848548 58.405097 58.007526 57.899838 58.068025 58.374759 58.457529 58.541138 58.433959 57.946770 56.858518 55.936871 56.805915 0.000000 0.000000
0.000000 0.000000 514.994319 518.748011 504.694830 499.091218 498.369374 490.702857 497.453580 499.543497 495.990676 496.237568 501.153206 500.505133 509.065711 517.656920 520.437852 518.753143 524.577549 0.000000 0.000000
0.000000 0.000000 4353.216592 4347.242850 4342.307396 4306.683203 4279.327030 4265.913453 4258.450084 4252.091962 4259.559768 4265.966222 4263.958977 4259.090231 4278.863522 4285.352886 4303.496727 4314.476151 4315.462739 0.000000 0.000000
0.000000 0.000000 6559.103578 6553.678747 6548.619638 6551.359354 6526.306842 6514.080396 6517.705633 6516.929557 6512.453860 6506.133817 6504.799098 6509.197130 6509.314311 6535.866449 6536.305818 6544.157496 6546.466464 0.000000 0.000000
0.000000 0.000000 8060.240561 8055.104722 8051.074523 8039.131336 8031.227679 7992.653299 7995.712354 7993.039586 7992.429786 7996.914856 7997.645724 7999.327100 8033.101649 8038.343441 8048.151208 8051.064144 8056.388471 0.000000 0.000000
0.000000 0.000000 9637.517350 9634.930385 9629.559626 9616.583457 9608.583530 9605.302888 9605.407315 9603.440014 9603.380457 9599.402086 9598.612377 9605.922609 9604.398628 9614.919111 9630.265508 9627.819887 9634.208171 0.000000 0.000000
0.000000 0.000000 11654.715184 11649.682379 11642.189902 11638.423722 11621.030726 11598.640112 11602.183861 11597.904644 11594.414647 11594.142883 11597.405423 11591.219544 11617.266063 11632.361571 11635.039830 11638.763247 11641.585198 0.000000 0.000000
0.000000 0.000000 14004.999865 13997.633574 13994.141900 13985.998492 13961.218224 13946.798793 13946.817594 13945.043600 13940.696545 13945.461633 13949.094511 13948.880719 13956.795420 13977.987774 13986.959575 13991.098831 13990.824137 0.000000 0.000000
0.000000 0.000000 16632.244098 16629.857012 16627.469905 16594.745499 16587.559170 16562.428352 16571.483827 16553.653580 16559.560856 16555.646085 16547.961102 16559.922916 16575.694132 16580.757624 16597.126564 16602.686189 16619.513790 0.000000 0.000000
0.000000 0.000000 19575.132912 19563.181260 19544.701438 19542.965909 19523.270591 19494.698088 19494.372564 19496.466162 19503.826378 19488.589737 19497.621096 19495.029923 19524.577080 19539.958874 19542.105962 19547.813457 19574.770618 0.000000 0.000000
0.000000 0.000000 22714.759529 22707.358071 22710.031991 22680.385748 22668.271468 22588.032442 22585.502078 22584.281696 22549.090414 22572.579484 22575.377686 22584.117576 22642.150028 22653.106866 22687.190691 22687.712596 22693.374183 0.000000 0.000000
0.000000 0.000000 26455.245304 26457.032835 26430.324457 26421.774902 26313.215783 26367.640007 26342.923271 26344.704757 26363.550958 26347.538986 26346.326218 26333.186790 26280.585143 26403.189860 26404.412372 26435.668798 26450.688705 0.000000 0.000000
0.000000 0.000000 30502.302299 30487.223757 30469.059353 30344.670615 30407.587701 30328.590056 30306.563192 30300.307207 30271.506499 30259.969916 30273.909453 30276.282044 30352.513294 30289.182124 30465.158547 30419.835696 30410.008855 0.000000 0.000000
0.000000 0.000000 34099.747073 34094.417008 33946.894673 34035.222387 34012.101469 34021.523616 34098.607897 34076.880045 34115.798056 34108.894398 34080.935806 34118.107773 34095.230872 34118.348935 33927.542860 34162.409631 34153.249681 0.000000 0.000000
0.000000 0.000000 37374.431383 37238.408433 37309.260174 37247.239568 37176.450314 37158.021634 37104.075860 37120.004831 37068.254230 37075.864192 37105.053595 37076.549748 37115.444794 37158.679762 37304.762052 37171.518948 37316.774883 0.000000 0.000000
0.000000 0.000000 38256.348157 38351.171749 38446.342403 38441.876700 38441.782997 38363.863989 38376.613754 38350.379192 38389.103675 38382.229079 38381.470628 38387.269043 38449.118497 38451.955888 38458.448679 38374.406824 38280.922426 0.000000 0.000000
0.000000 0.000000 0.000000 0.000000 0.000000 0.000000 0.000000 0.000000 0.000000 0.000000 0.000000 0.000000 0.000000 0.000000 0.000000 0.000000 0.000000 0.000000 0.000000 0.000000 0.000000
0.000000 0.000000 0.000000 0.000000 0.000000 0.000000 0.000000 0.000000 0.000000 0.000000 0.000000 0.000000 0.000000 0.000000 0.000000 0.000000 0.000000 0.000000 0.000000 0.000000 0.000000