geotop/1.0zi/1.0Montebello/Templates/testdem/maps/_Erotot1892.asc
ncols         21
nrows         20
xllcorner     100.000000
yllcorner     100.000000
cellsize      50.000000
NODATA_value  -9999.0
0.000000 0.000000 0.000000 0.000000 0.000000 0.000000 0.000000 0.000000 0.000000 0.000000 0.000000 0.000000 0.000000 0.000000 0.000000 0.000000 0.000000 0.000000 0.000000 0.000000 0.000000
0.000000 0.000000 199.948542 199.950670 199.987542 199.974051 199.937079 199.951228 199.953485 199.944471 199.945921 199.944471 199.953485 199.951228 199.937079 199.974051 199.987542 199.950670 199.948542 0.000000 0.000000
0.000000 0.000000 10.592436 10.371536 8.591102 10.436149 10.639100 10.616291 10.624215 10.634517 10.631102 10.634517 10.624215 10.616291 10.639100 10.436149 8.591102 10.371536 10.592436 0.000000 0.000000
0.000000 0.000000 1391.768295 1391.559131 1391.750586 1389.684106 1391.929679 1391.472182 1391.501056 1392.238589 1392.257460 1392.238589 1391.501056 1391.472182 1391.929679 1389.684106 1391.750586 1391.559131 1391.768295 0.000000 0.000000
0.000000 0.000000 2717.597692 2717.385205 2716.783401 2717.467700 2717.915547 2717.719199 2717.675777 2717.841141 2717.811219 2717.841141 2717.675777 2717.719199 2717.915547 2717.467700 2716.783401 2717.385205 2717.597692 0.000000 0.000000
0.000000 0.000000 3547.147371 3546.979941 3546.366910 3546.483188 3547.361959 3547.089478 3547.116271 3547.436763 3547.478566 3547.436763 3547.116271 3547.089478 3547.361959 3546.483188 3546.366910 3546.979941 3547.147371 0.000000 0.000000
0.000000 0.000000 4631.611829 4631.477503 4630.910733 4631.028417 4631.778806 4631.545401 4631.577996 4631.862157 4631.916962 4631.862157 4631.577996 4631.545401 4631.778806 4631.028417 4630.910733 4631.477503 4631.611829 0.000000 0.000000
0.000000 0.000000 5660.780584 5660.669874 5660.139244 5660.261370 5660.914521 5660.714180 5660.743495 5660.998050 5661.053611 5660.998050 5660.743495 5660.714180 5660.914521 5660.261370 5660.139244 5660.669874 5660.780584 0.000000 0.000000
0.000000 0.000000 6630.649400 6630.547253 6630.040103 6630.160737 6630.770438 6630.584751 6630.612290 6630.852872 6630.908116 6630.852872 6630.612290 6630.584751 6630.770438 6630.160737 6630.040103 6630.547253 6630.649400 0.000000 0.000000
0.000000 0.000000 7552.485516 7552.410048 7551.912329 7552.071041 7552.592877 7552.427093 7552.459240 7552.678157 7552.731760 7552.678157 7552.459240 7552.427093 7552.592877 7552.071041 7551.912329 7552.410048 7552.485516 0.000000 0.000000
0.000000 0.000000 8431.392566 8431.307872 8430.827694 8430.960783 8431.498262 8431.331804 8431.359484 8431.576978 8431.628380 8431.576978 8431.359484 8431.331804 8431.498262 8430.960783 8430.827694 8431.307872 8431.392566 0.000000 0.000000
0.000000 0.000000 9275.711643 9275.624788 9275.159337 9275.285343 9275.812543 9275.651940 9275.678318 9275.889856 9275.941256 9275.889856 9275.678318 9275.651940 9275.812543 9275.285343 9275.159337 9275.624788 9275.711643 0.000000 0.000000
0.000000 0.000000 10093.984125 10093.900221 10093.439683 10093.566482 10094.077869 10093.920554 10093.947000 10094.154121 10094.204089 10094.154121 10093.947000 10093.920554 10094.077869 10093.566482 10093.439683 10093.900221 10093.984125 0.000000 0.000000
0.000000 0.000000 10888.636166 10888.558878 10888.105511 10888.251493 10888.727229 10888.575476 10888.603592 10888.803703 10888.852501 10888.803703 10888.603592 10888.575476 10888.727229 10888.251493 10888.105511 10888.558878 10888.636166 0.000000 0.000000
0.000000 0.000000 11663.175954 11663.095804 11662.643158 11662.777951 11663.262181 11663.110724 11663.137514 11663.337578 11663.385330 11663.337578 11663.137514 11663.110724 11663.262181 11662.777951 11662.643158 11663.095804 11663.175954 0.000000 0.000000
0.000000 0.000000 12419.542806 12419.463771 12419.021280 12419.149011 12419.623541 12419.476063 12419.502611 12419.698298 12419.745664 12419.698298 12419.502611 12419.476063 12419.623541 12419.149011 12419.021280 12419.463770 12419.542802 0.000000 0.000000
0.000000 0.000000 13156.736391 13156.658061 13156.215142 13156.346287 13156.815291 13156.667888 13156.693849 13156.886655 13156.932663 13156.886655 13156.693849 13156.667888 13156.815291 13156.346287 13156.215141 13156.658040 13156.735990 0.000000 0.000000
0.000000 0.000000 13910.071998 13910.333709 13909.898099 13910.024304 13910.492383 13910.345704 13910.369481 13910.560614 13910.605572 13910.560614 13910.369481 13910.345704 13910.492383 13910.024304 13909.898081 13910.330334 13910.408099 0.000000 0.000000
0.000000 0.000000 0.000000 0.000000 0.000000 0.000000 0.000000 0.000000 0.000000 0.000000 0.000000 0.000000 0.000000 0.000000 0.000000 0.000000 0.000000 0.000000 0.000000 0.000000 0.000000
0.000000 0.000000 0.000000 0.000000 0.000000 0.000000 0.000000 0.000000 0.000000 0.000000 0.000000 0.000000 0.000000 0.000000 0.000000 0.000000 0.000000 0.000000 0.000000 0.000000 0.000000