geotop/1.0zi/1.0Montebello/Templates/testdem/maps/_Erotot0691.asc
ncols         21
nrows         20
xllcorner     100.000000
yllcorner     100.000000
cellsize      50.000000
NODATA_value  -9999.0
0.000000 0.000000 0.000000 0.000000 0.000000 0.000000 0.000000 0.000000 0.000000 0.000000 0.000000 0.000000 0.000000 0.000000 0.000000 0.000000 0.000000 0.000000 0.000000 0.000000 0.000000
0.000000 0.000000 50.689408 50.690086 50.722724 50.690257 50.689534 50.689926 50.689742 50.689648 50.689620 50.689648 50.689742 50.689926 50.689534 50.690257 50.722724 50.690086 50.689408 0.000000 0.000000
0.000000 0.000000 7.130762 6.914316 5.097118 6.909801 7.174215 7.158780 7.173287 7.180149 7.181217 7.180149 7.173287 7.158780 7.174215 6.909801 5.097118 6.914316 7.130762 0.000000 0.000000
0.000000 0.000000 594.681735 594.932456 595.056647 594.831270 594.626101 594.726231 594.722755 594.658436 594.588057 594.658436 594.722755 594.726231 594.626101 594.831270 595.056647 594.932456 594.681735 0.000000 0.000000
0.000000 0.000000 962.075327 962.027640 961.270660 962.007635 962.098573 962.123636 962.118294 962.122584 962.117856 962.122584 962.118294 962.123636 962.098573 962.007635 961.270660 962.027640 962.075327 0.000000 0.000000
0.000000 0.000000 1301.118751 1301.125129 1300.420862 1301.080708 1301.125856 1301.167592 1301.172041 1301.151245 1301.130500 1301.151245 1301.172041 1301.167592 1301.125856 1301.080708 1300.420862 1301.125129 1301.118751 0.000000 0.000000
0.000000 0.000000 1708.244533 1708.253297 1707.625753 1708.210289 1708.247314 1708.289904 1708.295157 1708.272069 1708.253686 1708.272069 1708.295157 1708.289904 1708.247314 1708.210289 1707.625753 1708.253297 1708.244533 0.000000 0.000000
0.000000 0.000000 2100.398679 2100.406545 2099.825631 2100.366465 2100.399131 2100.440913 2100.446180 2100.423041 2100.406220 2100.423041 2100.446180 2100.440913 2100.399131 2100.366465 2099.825631 2100.406545 2100.398679 0.000000 0.000000
0.000000 0.000000 2475.184084 2475.191816 2474.638362 2475.152750 2475.182857 2475.223750 2475.229042 2475.206130 2475.189961 2475.206130 2475.229042 2475.223750 2475.182857 2475.152750 2474.638362 2475.191816 2475.184084 0.000000 0.000000
0.000000 0.000000 2837.845953 2837.853062 2837.315944 2837.814946 2837.843599 2837.883719 2837.888991 2837.866261 2837.850275 2837.866261 2837.888991 2837.883719 2837.843599 2837.814946 2837.315944 2837.853062 2837.845953 0.000000 0.000000
0.000000 0.000000 3190.489706 3190.496183 3189.968678 3190.458718 3190.486523 3190.526052 3190.531303 3190.508685 3190.492658 3190.508685 3190.531303 3190.526052 3190.486523 3190.458718 3189.968678 3190.496183 3190.489706 0.000000 0.000000
0.000000 0.000000 3533.728041 3533.731619 3533.214575 3533.695705 3533.722749 3533.760933 3533.766626 3533.744189 3533.729194 3533.744189 3533.766626 3533.760933 3533.722749 3533.695705 3533.214575 3533.731619 3533.728041 0.000000 0.000000
0.000000 0.000000 3869.927894 3869.929999 3869.418385 3869.896229 3869.921613 3869.959094 3869.964890 3869.942412 3869.927516 3869.942412 3869.964890 3869.959094 3869.921613 3869.896229 3869.418385 3869.929999 3869.927894 0.000000 0.000000
0.000000 0.000000 4202.628499 4202.628761 4202.121654 4202.595280 4202.621501 4202.658792 4202.664717 4202.642243 4202.627237 4202.642243 4202.664717 4202.658792 4202.621501 4202.595280 4202.121654 4202.628761 4202.628499 0.000000 0.000000
0.000000 0.000000 4530.920380 4530.920994 4530.412183 4530.887248 4530.913216 4530.949997 4530.955996 4530.933494 4530.917744 4530.933494 4530.955996 4530.949997 4530.913216 4530.887248 4530.412183 4530.920994 4530.920380 0.000000 0.000000
0.000000 0.000000 4856.618547 4856.620393 4856.121250 4856.586653 4856.611884 4856.648525 4856.654525 4856.631968 4856.615663 4856.631968 4856.654525 4856.648525 4856.611884 4856.586653 4856.121250 4856.620393 4856.618544 0.000000 0.000000
0.000000 0.000000 5177.294364 5177.294471 5176.792564 5177.261833 5177.287342 5177.323271 5177.329360 5177.306759 5177.290154 5177.306759 5177.329360 5177.323271 5177.287342 5177.261833 5176.792564 5177.294458 5177.293928 0.000000 0.000000
0.000000 0.000000 5504.781882 5504.905776 5504.404817 5504.870505 5504.895878 5504.931706 5504.938093 5504.915432 5504.898592 5504.915432 5504.938093 5504.931706 5504.895878 5504.870505 5504.404803 5504.903752 5504.902927 0.000000 0.000000
0.000000 0.000000 0.000000 0.000000 0.000000 0.000000 0.000000 0.000000 0.000000 0.000000 0.000000 0.000000 0.000000 0.000000 0.000000 0.000000 0.000000 0.000000 0.000000 0.000000 0.000000
0.000000 0.000000 0.000000 0.000000 0.000000 0.000000 0.000000 0.000000 0.000000 0.000000 0.000000 0.000000 0.000000 0.000000 0.000000 0.000000 0.000000 0.000000 0.000000 0.000000 0.000000