geotop/1.0zi/1.0Montebello/Templates/testdem/maps/_Erotot151$.asc
ncols         21
nrows         20
xllcorner     100.000000
yllcorner     100.000000
cellsize      50.000000
NODATA_value  -9999.0
0.000000 0.000000 0.000000 0.000000 0.000000 0.000000 0.000000 0.000000 0.000000 0.000000 0.000000 0.000000 0.000000 0.000000 0.000000 0.000000 0.000000 0.000000 0.000000 0.000000 0.000000
0.000000 0.000000 974.274886 973.623256 972.260613 970.345261 968.979466 968.188492 968.657224 969.341002 969.258783 968.436777 968.394342 968.470206 970.053487 970.575784 973.388928 974.036037 974.622971 0.000000 0.000000
0.000000 0.000000 69.070482 70.071606 68.566405 71.515674 70.839647 70.141582 70.483026 69.304057 70.241132 72.479527 70.217664 70.262822 69.785390 69.302057 67.087332 66.394173 69.460072 0.000000 0.000000
0.000000 0.000000 916.273649 923.641082 902.664127 893.186654 896.734475 886.127565 885.699746 888.592432 880.403385 880.981889 886.067213 890.212242 893.771331 906.986771 912.403302 913.038088 917.764566 0.000000 0.000000
0.000000 0.000000 6021.295966 6003.783473 6005.375473 5961.175782 5927.519874 5910.944437 5905.555059 5899.221787 5905.255771 5911.512865 5913.419279 5902.138045 5926.039647 5934.412920 5953.934832 5967.420571 5969.404967 0.000000 0.000000
0.000000 0.000000 8467.774623 8465.431203 8456.490438 8456.829321 8427.623160 8412.824512 8415.898317 8414.866255 8406.470711 8400.326810 8398.146680 8401.779913 8404.694552 8435.927907 8435.957925 8445.551921 8445.859807 0.000000 0.000000
0.000000 0.000000 10369.244203 10362.783837 10355.850288 10340.611291 10332.549710 10286.842346 10283.573643 10279.755975 10278.378347 10281.946934 10281.368040 10282.892735 10322.318467 10328.076674 10339.408708 10345.266046 10349.801241 0.000000 0.000000
0.000000 0.000000 12656.738892 12651.471522 12641.879342 12616.774483 12604.121622 12595.579519 12592.127980 12590.140466 12586.883039 12584.152012 12582.536486 12589.829561 12588.938520 12604.008159 12622.731850 12620.717133 12627.419560 0.000000 0.000000
0.000000 0.000000 15552.918396 15544.191475 15530.189669 15521.867667 15500.742501 15470.417320 15470.747610 15465.780246 15460.482544 15458.886962 15462.083746 15454.619440 15486.143681 15506.520330 15511.624253 15517.889156 15520.527752 0.000000 0.000000
0.000000 0.000000 19031.454220 19016.076271 19005.522955 18992.158549 18970.367745 18943.470214 18937.213064 18935.785321 18926.730665 18931.565926 18938.826668 18936.682890 18947.599673 18975.818015 18987.950016 18994.634259 18993.466185 0.000000 0.000000
0.000000 0.000000 23080.291043 23068.952555 23062.714600 23011.121553 23010.274474 22967.802669 22978.643710 22952.941640 22959.452751 22953.765636 22940.737926 22956.700613 22976.573372 22986.160818 23008.163834 23014.520642 23038.641456 0.000000 0.000000
0.000000 0.000000 27759.203894 27733.291985 27698.990391 27694.522887 27676.168605 27625.236286 27611.782682 27620.360484 27623.361674 27607.283376 27616.594888 27608.179162 27650.752880 27677.261253 27679.606337 27689.095685 27723.407265 0.000000 0.000000
0.000000 0.000000 32483.573571 32463.156534 32463.827483 32427.683940 32401.316929 32280.103751 32269.672636 32264.233201 32203.387245 32245.469536 32245.686639 32258.785118 32345.753101 32359.219496 32413.134626 32418.747625 32408.372157 0.000000 0.000000
0.000000 0.000000 37008.953737 37014.365235 36974.590506 36962.420117 36836.753335 36940.222204 36906.714677 36906.352257 36937.192015 36905.297258 36902.531582 36881.639268 36792.558011 36942.550868 36930.856849 36964.814012 36981.780490 0.000000 0.000000
0.000000 0.000000 39852.263676 39841.423948 39829.979457 39758.188519 39808.733238 39755.153276 39744.089337 39741.846879 39724.431879 39718.658761 39727.290392 39728.442967 39775.184893 39715.123167 39822.546159 39793.214662 39783.287215 0.000000 0.000000
0.000000 0.000000 41600.672142 41596.621773 41544.326585 41569.520837 41570.172617 41567.333311 41594.214683 41582.518907 41594.566703 41588.803083 41579.582644 41592.742149 41587.666563 41593.695137 41529.329833 41608.454450 41600.791117 0.000000 0.000000
0.000000 0.000000 43022.495942 42974.584089 43014.381742 42978.848780 42958.270462 42953.315135 42931.108871 42938.335194 42915.912157 42919.126546 42929.792882 42921.068359 42932.482481 42936.491557 43004.839081 42941.505083 42988.504531 0.000000 0.000000
0.000000 0.000000 43542.094681 43616.063815 43643.324009 43651.187345 43664.596380 43626.497572 43641.611596 43626.591685 43650.614298 43646.242618 43642.497844 43648.288105 43678.516058 43665.715573 43645.099515 43627.413926 43557.208653 0.000000 0.000000
0.000000 0.000000 0.000000 0.000000 0.000000 0.000000 0.000000 0.000000 0.000000 0.000000 0.000000 0.000000 0.000000 0.000000 0.000000 0.000000 0.000000 0.000000 0.000000 0.000000 0.000000
0.000000 0.000000 0.000000 0.000000 0.000000 0.000000 0.000000 0.000000 0.000000 0.000000 0.000000 0.000000 0.000000 0.000000 0.000000 0.000000 0.000000 0.000000 0.000000 0.000000 0.000000