geotop/1.0zi/1.0Montebello/Templates/testdem/maps/_Erotot116u.asc
ncols         21
nrows         20
xllcorner     100.000000
yllcorner     100.000000
cellsize      50.000000
NODATA_value  -9999.0
0.000000 0.000000 0.000000 0.000000 0.000000 0.000000 0.000000 0.000000 0.000000 0.000000 0.000000 0.000000 0.000000 0.000000 0.000000 0.000000 0.000000 0.000000 0.000000 0.000000 0.000000
0.000000 0.000000 958.025898 957.463236 956.112246 954.205443 952.853787 952.069292 952.538219 953.221459 953.132606 952.318763 952.278570 952.354420 953.927609 954.436564 957.239888 957.879693 958.457980 0.000000 0.000000
0.000000 0.000000 67.316545 68.250204 66.735358 69.667152 68.982296 68.290052 68.630574 67.452281 68.396390 70.619766 68.364483 68.409268 67.931500 67.451319 65.256065 64.570507 67.690513 0.000000 0.000000
0.000000 0.000000 915.911268 923.384929 902.569538 893.130868 896.664322 886.052155 885.617991 888.520244 880.346594 880.934371 886.013141 890.161788 893.710306 906.931259 912.314679 912.917404 917.607350 0.000000 0.000000
0.000000 0.000000 5891.185242 5877.087203 5881.827044 5839.503546 5807.503378 5789.869461 5784.793304 5778.764232 5783.942085 5790.340136 5791.009385 5779.454468 5804.949427 5812.135318 5831.953545 5846.201676 5847.115510 0.000000 0.000000
0.000000 0.000000 8167.569221 8164.524143 8154.551018 8154.441137 8125.177918 8110.998914 8114.136861 8112.786393 8104.715712 8098.394958 8096.831492 8100.608493 8102.763414 8133.958880 8133.680531 8143.167965 8143.911144 0.000000 0.000000
0.000000 0.000000 10073.906009 10068.186558 10061.860705 10046.996054 10039.510891 9993.994856 9990.819638 9987.036713 9985.518448 9989.141414 9988.423588 9989.870853 10029.159769 10034.487516 10045.793938 10051.790755 10056.126058 0.000000 0.000000
0.000000 0.000000 12258.927878 12254.756095 12246.053019 12221.632771 12209.785519 12201.488629 12198.203642 12196.259707 12192.824926 12190.135545 12188.313832 12195.488458 12194.515493 12208.939436 12227.477785 12225.692712 12232.061942 0.000000 0.000000
0.000000 0.000000 15010.610840 15003.276148 14990.489931 14982.885557 14962.842723 14932.854402 14933.346174 14928.486400 14923.003880 14921.451497 14924.338637 14916.882909 14948.200361 14967.688343 14972.660155 14979.101947 14981.372932 0.000000 0.000000
0.000000 0.000000 18300.958135 18287.383737 18278.189935 18265.813815 18245.418466 18218.935392 18213.032935 18211.606409 18202.451357 18207.191841 18213.969452 18211.766785 18222.749646 18249.689189 18261.497731 18268.367622 18266.860763 0.000000 0.000000
0.000000 0.000000 22103.762060 22094.387539 22089.708037 22040.564373 22040.458272 21999.071894 22009.677236 21984.966314 21990.789714 21985.411910 21972.576351 21987.750149 22007.393748 22016.213953 22037.574706 22044.116424 22066.898113 0.000000 0.000000
0.000000 0.000000 26494.279198 26471.298138 26439.863077 26435.186357 26418.868869 26368.916235 26356.586516 26363.974871 26366.514853 26351.241430 26359.230289 26351.570856 26392.973964 26417.561788 26420.339830 26430.188860 26462.896758 0.000000 0.000000
0.000000 0.000000 31023.565135 31004.550291 31005.419985 30970.726812 30945.279164 30826.447299 30816.157025 30811.256710 30751.965259 30791.907522 30792.195527 30804.426631 30889.999679 30903.352545 30955.985443 30962.245313 30953.250204 0.000000 0.000000
0.000000 0.000000 35678.299028 35684.370074 35642.808678 35629.321478 35495.025299 35600.996507 35565.142840 35564.656009 35595.619748 35562.856224 35559.463752 35537.491827 35445.992990 35605.559182 35594.830287 35631.870056 35649.642055 0.000000 0.000000
0.000000 0.000000 38875.134753 38863.355454 38851.367742 38764.377099 38831.918189 38764.966424 38753.277193 38749.848522 38726.753949 38721.319585 38731.885438 38733.981242 38792.089518 38714.239600 38842.860424 38806.945105 38794.910718 0.000000 0.000000
0.000000 0.000000 40808.429166 40803.878771 40744.031661 40773.293834 40774.403284 40770.037336 40801.000117 40788.099797 40801.645654 40795.554053 40784.640370 40800.166499 40795.354816 40801.025360 40727.959719 40818.645779 40810.269308 0.000000 0.000000
0.000000 0.000000 42347.671200 42297.989256 42334.067006 42303.238225 42280.336510 42276.693816 42257.185449 42264.138767 42242.835515 42246.079964 42255.680305 42247.983756 42257.459092 42263.187415 42323.285538 42267.377597 42315.927137 0.000000 0.000000
0.000000 0.000000 42944.160831 43017.129286 43043.036639 43053.975799 43064.066162 43027.048534 43043.372003 43028.342635 43052.873733 43048.570799 43044.353808 43050.433573 43079.514865 43069.214778 43043.956808 43029.662969 42961.208373 0.000000 0.000000
0.000000 0.000000 0.000000 0.000000 0.000000 0.000000 0.000000 0.000000 0.000000 0.000000 0.000000 0.000000 0.000000 0.000000 0.000000 0.000000 0.000000 0.000000 0.000000 0.000000 0.000000
0.000000 0.000000 0.000000 0.000000 0.000000 0.000000 0.000000 0.000000 0.000000 0.000000 0.000000 0.000000 0.000000 0.000000 0.000000 0.000000 0.000000 0.000000 0.000000 0.000000 0.000000