geotop/1.0zi/1.0Montebello/Templates/testdem/maps/_Erotot6222.asc
ncols         21
nrows         20
xllcorner     100.000000
yllcorner     100.000000
cellsize      50.000000
NODATA_value  -9999.0
0.000000 0.000000 0.000000 0.000000 0.000000 0.000000 0.000000 0.000000 0.000000 0.000000 0.000000 0.000000 0.000000 0.000000 0.000000 0.000000 0.000000 0.000000 0.000000 0.000000 0.000000
0.000000 0.000000 488.984727 489.846464 489.580531 489.859174 489.313108 489.373891 489.330867 489.495945 489.901445 489.203191 489.132011 489.224865 489.371929 489.288775 489.997498 490.215115 490.181195 0.000000 0.000000
0.000000 0.000000 37.045574 35.913997 36.001539 36.152039 36.399626 36.212027 36.026568 35.810943 36.052980 36.386749 36.201858 36.413223 36.292135 36.026145 34.730834 33.953080 34.661009 0.000000 0.000000
0.000000 0.000000 194.882933 196.117543 187.123963 184.991067 185.624771 180.724131 180.222774 179.864645 178.247707 176.268164 178.704330 176.456957 181.124994 186.947006 188.227104 189.531668 194.753849 0.000000 0.000000
0.000000 0.000000 1958.102507 1962.324581 1966.792171 1945.944721 1930.927853 1919.232282 1921.898617 1918.827798 1922.658420 1927.330685 1924.080592 1922.683498 1932.861733 1933.684522 1942.134630 1950.650992 1951.680132 0.000000 0.000000
0.000000 0.000000 3493.636331 3488.202216 3485.103869 3480.334996 3470.311184 3462.532790 3461.011980 3460.594464 3458.836370 3456.214053 3453.233133 3455.890716 3458.054504 3474.406610 3479.682527 3484.217305 3486.648986 0.000000 0.000000
0.000000 0.000000 4652.417023 4649.776239 4646.243258 4641.627758 4628.715820 4611.645067 4611.226672 4607.777832 4609.646932 4612.491396 4614.562450 4615.608824 4636.129269 4645.781637 4650.463030 4652.027861 4657.486532 0.000000 0.000000
0.000000 0.000000 5341.041003 5342.232962 5340.534711 5333.573153 5332.882623 5325.282736 5325.814127 5326.264949 5324.928022 5322.354803 5322.075941 5326.065814 5326.853153 5329.756361 5338.810473 5337.142885 5340.936194 0.000000 0.000000
0.000000 0.000000 6310.852600 6307.779147 6302.854918 6303.543146 6296.298931 6285.148691 6285.720900 6282.645108 6280.228294 6281.149172 6282.203451 6277.464853 6291.721632 6300.367699 6303.106736 6304.356374 6306.318689 0.000000 0.000000
0.000000 0.000000 7432.064300 7429.462915 7431.028672 7429.642184 7414.092481 7406.569089 7407.654250 7406.903747 7404.677303 7407.690301 7411.132587 7409.266869 7413.577174 7424.903172 7429.298648 7429.834832 7430.996232 0.000000 0.000000
0.000000 0.000000 8642.892065 8642.972606 8642.087229 8627.142303 8624.291710 8612.853155 8616.645417 8606.887547 8609.358330 8608.399356 8603.418130 8611.337869 8616.522235 8618.209861 8625.786863 8631.868071 8640.015310 0.000000 0.000000
0.000000 0.000000 9915.174434 9910.637765 9904.813780 9902.489636 9897.560032 9882.082109 9880.704159 9880.089130 9886.524659 9879.063265 9881.148983 9881.079293 9897.963870 9901.916246 9903.702382 9904.846510 9925.090534 0.000000 0.000000
0.000000 0.000000 11208.273198 11205.445873 11206.277042 11197.716632 11193.469375 11164.069991 11162.464659 11162.020940 11146.792872 11156.170571 11160.095956 11162.713565 11181.288846 11185.681959 11201.160475 11200.499564 11208.027521 0.000000 0.000000
0.000000 0.000000 12629.980887 12630.941191 12622.971626 12621.367426 12591.018837 12599.485750 12588.560716 12589.974873 12591.103615 12590.703818 12588.783427 12585.355345 12575.538730 12609.018607 12614.894301 12626.485933 12634.217867 0.000000 0.000000
0.000000 0.000000 14175.156555 14170.209019 14166.080235 14137.946890 14137.787242 14120.894715 14107.208761 14105.353498 14099.905708 14092.785513 14096.813191 14095.209728 14112.002473 14115.553839 14161.805496 14152.391168 14152.940513 0.000000 0.000000
0.000000 0.000000 15771.437744 15770.371111 15728.585687 15729.117226 15734.118503 15726.175905 15745.077794 15736.576277 15743.701045 15738.357452 15732.267729 15742.879247 15747.149704 15746.622373 15722.921152 15781.445481 15774.687082 0.000000 0.000000
0.000000 0.000000 17600.367610 17548.050075 17546.704228 17534.587214 17505.092693 17497.467969 17487.336604 17491.165351 17474.587295 17475.495193 17481.859718 17480.424404 17494.279845 17508.637864 17545.411591 17536.418688 17594.847874 0.000000 0.000000
0.000000 0.000000 18819.563811 18839.115544 18893.612244 18886.151884 18872.068302 18827.753479 18829.007213 18813.141612 18827.630291 18825.003136 18830.651189 18827.110605 18866.427482 18878.293402 18903.374750 18848.706244 18829.355965 0.000000 0.000000
0.000000 0.000000 0.000000 0.000000 0.000000 0.000000 0.000000 0.000000 0.000000 0.000000 0.000000 0.000000 0.000000 0.000000 0.000000 0.000000 0.000000 0.000000 0.000000 0.000000 0.000000
0.000000 0.000000 0.000000 0.000000 0.000000 0.000000 0.000000 0.000000 0.000000 0.000000 0.000000 0.000000 0.000000 0.000000 0.000000 0.000000 0.000000 0.000000 0.000000 0.000000 0.000000