geotop/1.0zi/1.0Montebello/Templates/testdem/maps/_Erotot6838.asc
ncols         21
nrows         20
xllcorner     100.000000
yllcorner     100.000000
cellsize      50.000000
NODATA_value  -9999.0
0.000000 0.000000 0.000000 0.000000 0.000000 0.000000 0.000000 0.000000 0.000000 0.000000 0.000000 0.000000 0.000000 0.000000 0.000000 0.000000 0.000000 0.000000 0.000000 0.000000 0.000000
0.000000 0.000000 548.842797 549.638568 549.295539 549.539769 548.931467 548.926141 548.885592 549.048949 549.456574 548.797474 548.688288 548.781332 549.050941 549.009445 549.738862 550.000513 550.058938 0.000000 0.000000
0.000000 0.000000 42.893615 41.752142 41.838376 41.981444 42.222806 42.052536 41.867063 41.652345 41.895136 42.165356 42.058659 42.283611 42.085849 41.879104 40.603446 39.819236 40.500898 0.000000 0.000000
0.000000 0.000000 226.031135 228.199805 217.197790 214.497465 214.358223 208.975553 208.322546 208.131694 207.243514 206.408612 208.514933 207.198622 213.704780 219.671129 220.571976 221.663649 226.893862 0.000000 0.000000
0.000000 0.000000 2300.115292 2303.265005 2306.726629 2286.570125 2272.088166 2258.822077 2261.944891 2257.706151 2263.268402 2268.696341 2264.104708 2262.493948 2274.654623 2277.212698 2285.284591 2293.151246 2295.054237 0.000000 0.000000
0.000000 0.000000 4036.170455 4030.533301 4027.498996 4020.712235 4007.966527 4000.445182 3998.960386 3998.984558 3995.519744 3990.000390 3988.871820 3992.008194 3991.602700 4009.241246 4017.775967 4024.108820 4025.980334 0.000000 0.000000
0.000000 0.000000 5202.241462 5199.405753 5195.463555 5190.268715 5177.094652 5159.041571 5158.628059 5154.669565 5156.523788 5160.434708 5161.999721 5162.472099 5185.864495 5195.418678 5199.553214 5201.362548 5206.861123 0.000000 0.000000
0.000000 0.000000 6019.437876 6020.403426 6017.969557 6009.905324 6008.869464 6000.856939 6001.398054 6001.524936 6000.578232 5997.495134 5996.812564 6001.922038 6002.512499 6006.041263 6016.522180 6014.504392 6019.199731 0.000000 0.000000
0.000000 0.000000 7139.479050 7135.936714 7130.314990 7130.962805 7122.265030 7109.923105 7110.823474 7107.131773 7105.012419 7105.490424 7107.462599 7101.833088 7117.437068 7129.784540 7130.266247 7132.544984 7134.201820 0.000000 0.000000
0.000000 0.000000 8429.642706 8426.866409 8427.803870 8425.359580 8408.246991 8400.401647 8400.905430 8400.224204 8397.795212 8401.055059 8404.204259 8402.864533 8407.557005 8419.548433 8425.575275 8426.369406 8427.668302 0.000000 0.000000
0.000000 0.000000 9828.613968 9828.021780 9826.266513 9809.617367 9806.439162 9793.253475 9797.945832 9786.779154 9790.144098 9789.310949 9783.314311 9791.687744 9798.056432 9800.199373 9810.062765 9815.744321 9825.358884 0.000000 0.000000
0.000000 0.000000 11310.828572 11304.771442 11298.577742 11295.886632 11289.004451 11272.612330 11270.598923 11270.252587 11277.301254 11268.594640 11271.435214 11271.252646 11289.330935 11295.247732 11297.038231 11299.350954 11320.511673 0.000000 0.000000
0.000000 0.000000 12829.696311 12826.406891 12826.422169 12816.786427 12811.680200 12776.964031 12775.459266 12774.778909 12757.945732 12767.821384 12772.226556 12775.251277 12798.258121 12803.952146 12821.601547 12820.647439 12828.681611 0.000000 0.000000
0.000000 0.000000 14521.823170 14523.923550 14514.008500 14510.833288 14473.044982 14484.112275 14472.103191 14473.212030 14476.602700 14474.741208 14473.090151 14469.272865 14455.109127 14497.830547 14503.370300 14517.818477 14526.340753 0.000000 0.000000
0.000000 0.000000 16376.818475 16370.456081 16364.682560 16327.074838 16329.534584 16310.586580 16294.791092 16293.014706 16285.701488 16278.173227 16281.875490 16280.014545 16302.022521 16302.633213 16360.971060 16349.105909 16348.695537 0.000000 0.000000
0.000000 0.000000 18309.506956 18307.824296 18252.582809 18258.192162 18263.248332 18253.831404 18278.998503 18267.960325 18278.601112 18272.012118 18264.707626 18278.419797 18281.267683 18281.418426 18246.556892 18323.452910 18317.024083 0.000000 0.000000
0.000000 0.000000 20565.164496 20491.966381 20495.864174 20477.196451 20437.115212 20428.531602 20412.850615 20418.003324 20396.162768 20397.645386 20407.145556 20402.244210 20420.169609 20442.637211 20494.587163 20473.144585 20552.806281 0.000000 0.000000
0.000000 0.000000 21917.306713 21958.583885 22033.659110 22025.736065 22013.562242 21951.727087 21955.097214 21934.720858 21957.526247 21953.246725 21957.820354 21956.581832 22010.219268 22021.725705 22047.008481 21974.234496 21934.660564 0.000000 0.000000
0.000000 0.000000 0.000000 0.000000 0.000000 0.000000 0.000000 0.000000 0.000000 0.000000 0.000000 0.000000 0.000000 0.000000 0.000000 0.000000 0.000000 0.000000 0.000000 0.000000 0.000000
0.000000 0.000000 0.000000 0.000000 0.000000 0.000000 0.000000 0.000000 0.000000 0.000000 0.000000 0.000000 0.000000 0.000000 0.000000 0.000000 0.000000 0.000000 0.000000 0.000000 0.000000