geotop/1.0zi/1.0Montebello/Templates/testdem/maps/_Erotot7642.asc
ncols         21
nrows         20
xllcorner     100.000000
yllcorner     100.000000
cellsize      50.000000
NODATA_value  -9999.0
0.000000 0.000000 0.000000 0.000000 0.000000 0.000000 0.000000 0.000000 0.000000 0.000000 0.000000 0.000000 0.000000 0.000000 0.000000 0.000000 0.000000 0.000000 0.000000 0.000000 0.000000
0.000000 0.000000 645.109331 646.049536 645.443671 645.601424 644.726571 644.924061 644.870793 644.975552 645.398827 644.730990 644.614606 644.655911 645.004137 645.049555 645.852834 646.439182 646.515405 0.000000 0.000000
0.000000 0.000000 50.272578 49.050274 49.197316 49.573638 49.987613 49.664242 49.399124 49.236992 49.478729 49.814252 49.835839 50.000123 49.749647 49.423850 48.014056 47.076892 47.829655 0.000000 0.000000
0.000000 0.000000 353.320711 354.610139 342.453481 336.705761 337.512180 326.131976 326.202369 327.079050 323.418544 321.584188 323.786647 323.933954 334.241662 341.098936 345.730786 348.675276 353.577216 0.000000 0.000000
0.000000 0.000000 3022.727720 3025.709677 3029.233592 3007.305293 2988.685390 2978.916874 2978.302510 2973.554457 2980.553784 2985.946588 2981.435801 2980.015210 2994.470626 2997.392966 3007.240975 3015.840227 3015.395215 0.000000 0.000000
0.000000 0.000000 4836.645684 4831.003287 4827.512777 4821.669463 4807.185902 4797.520445 4798.317965 4797.287364 4793.933090 4788.249087 4787.319533 4790.504857 4789.701550 4809.161673 4817.093554 4823.960274 4826.987589 0.000000 0.000000
0.000000 0.000000 6113.697347 6110.700225 6106.368807 6099.712387 6086.171664 6065.026668 6064.020327 6060.211045 6061.678654 6065.415808 6066.946609 6067.516106 6094.608189 6104.395063 6109.833645 6112.560688 6117.759647 0.000000 0.000000
0.000000 0.000000 7161.188000 7161.639816 7158.837078 7149.311359 7147.126980 7138.153892 7138.409227 7138.226437 7137.286342 7133.438505 7132.796033 7138.927570 7140.496998 7145.061602 7157.292910 7155.876704 7160.732438 0.000000 0.000000
0.000000 0.000000 8543.780422 8539.568093 8533.532685 8533.428611 8522.801924 8508.002183 8509.192249 8504.735962 8502.670320 8502.493043 8504.924185 8499.259231 8517.483693 8531.037967 8532.745818 8536.361898 8537.699819 0.000000 0.000000
0.000000 0.000000 10127.042781 10123.819282 10124.310544 10120.412362 10100.691430 10091.372383 10091.109961 10090.750291 10087.490220 10090.879804 10094.031932 10093.330186 10099.876840 10113.758061 10121.228080 10123.149948 10124.204646 0.000000 0.000000
0.000000 0.000000 11856.557802 11855.897926 11853.318919 11833.854008 11828.237081 11813.232255 11818.766191 11805.790955 11809.756714 11808.112596 11801.411873 11811.178792 11820.168079 11822.854337 11835.066358 11842.038877 11852.437048 0.000000 0.000000
0.000000 0.000000 13723.605992 13716.164282 13708.625477 13705.331220 13695.792786 13676.406627 13673.095597 13673.479934 13680.744466 13670.053171 13674.043782 13674.042606 13695.789166 13703.834980 13706.677422 13710.621389 13733.315216 0.000000 0.000000
0.000000 0.000000 15656.617580 15652.224169 15652.682684 15639.714414 15633.022217 15587.261911 15585.588669 15584.605806 15564.188266 15575.953250 15580.301382 15584.864240 15616.763690 15623.551962 15645.934595 15645.686093 15653.354222 0.000000 0.000000
0.000000 0.000000 17859.313141 17861.852485 17849.207028 17844.884415 17790.917044 17809.027881 17794.077039 17795.144756 17800.936400 17796.697544 17794.737013 17790.288026 17770.894431 17829.450181 17836.064591 17855.287471 17864.569638 0.000000 0.000000
0.000000 0.000000 20319.804559 20312.103918 20303.782734 20245.690560 20256.692004 20227.602692 20208.944768 20205.949894 20195.163896 20185.133762 20190.859285 20189.599779 20222.827112 20214.728514 20299.939764 20283.264068 20281.128258 0.000000 0.000000
0.000000 0.000000 22891.147558 22888.457566 22804.264440 22826.880778 22828.711868 22818.768253 22857.044260 22842.820623 22860.266955 22852.136449 22839.350097 22861.336212 22863.697670 22864.431837 22796.653728 22919.519138 22911.332316 0.000000 0.000000
0.000000 0.000000 25962.806316 25840.809101 25867.437875 25829.068649 25764.479289 25751.170398 25718.725898 25728.293611 25690.418797 25693.886976 25713.094352 25698.037028 25727.546059 25767.219344 25865.515999 25802.472106 25932.712412 0.000000 0.000000
0.000000 0.000000 27306.269161 27416.304400 27533.492985 27531.876264 27530.534188 27430.490255 27443.819988 27410.971165 27457.919021 27449.050947 27448.076998 27456.263141 27540.295963 27542.365003 27555.388420 27455.222226 27346.880544 0.000000 0.000000
0.000000 0.000000 0.000000 0.000000 0.000000 0.000000 0.000000 0.000000 0.000000 0.000000 0.000000 0.000000 0.000000 0.000000 0.000000 0.000000 0.000000 0.000000 0.000000 0.000000 0.000000
0.000000 0.000000 0.000000 0.000000 0.000000 0.000000 0.000000 0.000000 0.000000 0.000000 0.000000 0.000000 0.000000 0.000000 0.000000 0.000000 0.000000 0.000000 0.000000 0.000000 0.000000