geotop/1.0zi/1.0Montebello/Templates/testdem/maps/_Erotot7828.asc
ncols         21
nrows         20
xllcorner     100.000000
yllcorner     100.000000
cellsize      50.000000
NODATA_value  -9999.0
0.000000 0.000000 0.000000 0.000000 0.000000 0.000000 0.000000 0.000000 0.000000 0.000000 0.000000 0.000000 0.000000 0.000000 0.000000 0.000000 0.000000 0.000000 0.000000 0.000000 0.000000
0.000000 0.000000 654.679773 655.495219 654.964155 655.088123 654.096070 654.272437 654.259555 654.323087 654.755271 654.080579 653.958971 654.011202 654.368231 654.504632 655.321266 655.849796 656.047141 0.000000 0.000000
0.000000 0.000000 51.012137 50.030352 49.963004 50.364409 51.000025 50.681769 50.385934 50.257101 50.491069 50.834378 50.858567 51.011663 50.768577 50.251870 48.966206 48.092399 48.615624 0.000000 0.000000
0.000000 0.000000 353.906395 355.085816 343.012948 337.363590 337.906829 326.588199 326.719420 327.516881 323.853743 322.106826 324.244445 324.387800 334.637799 341.699640 346.324304 349.263232 354.135389 0.000000 0.000000
0.000000 0.000000 3111.576267 3113.118663 3115.908644 3093.204820 3073.893528 3063.515323 3062.886334 3058.122695 3064.956821 3070.243216 3065.674054 3064.346915 3079.171698 3082.346940 3092.569527 3101.538129 3101.129061 0.000000 0.000000
0.000000 0.000000 4990.151764 4984.924278 4981.452413 4975.432980 4960.677654 4950.825351 4951.718458 4950.641500 4947.331604 4941.635003 4940.658953 4943.851389 4943.167709 4962.912290 4970.717755 4977.538671 4980.651559 0.000000 0.000000
0.000000 0.000000 6277.562667 6274.428438 6269.944797 6263.036809 6249.310288 6227.726861 6226.705605 6222.888044 6224.308616 6228.078401 6229.570277 6230.070558 6257.562875 6267.482702 6273.000450 6275.806069 6281.016897 0.000000 0.000000
0.000000 0.000000 7365.483242 7365.626834 7362.652965 7352.734105 7350.327443 7341.099540 7341.320231 7341.121658 7340.155911 7336.248270 7335.548785 7341.781203 7343.502131 7348.272781 7360.652274 7359.265384 7364.186565 0.000000 0.000000
0.000000 0.000000 8797.822398 8793.177731 8786.895185 8786.444120 8775.441034 8760.180736 8761.473406 8756.893037 8754.845679 8754.612189 8757.060998 8751.310952 8769.903469 8783.698924 8785.513833 8789.252414 8790.595520 0.000000 0.000000
0.000000 0.000000 10438.325417 10434.736508 10434.945162 10430.551348 10410.294254 10400.683400 10400.310367 10400.031478 10396.606412 10400.096288 10403.191044 10402.504396 10409.285918 10423.575057 10431.148598 10433.185617 10434.240746 0.000000 0.000000
0.000000 0.000000 12232.726599 12231.748528 12228.822928 12208.485261 12202.672705 12186.983380 12192.738343 12179.422936 12183.525178 12181.774999 12174.857962 12184.794250 12194.178984 12197.010976 12209.507997 12216.598897 12227.206448 0.000000 0.000000
0.000000 0.000000 14174.751251 14166.627890 14158.516146 14154.900602 14144.634529 14124.781367 14121.175646 14121.759204 14129.040234 14118.079460 14122.198570 14122.103220 14144.473118 14152.992490 14155.864497 14159.967868 14183.061491 0.000000 0.000000
0.000000 0.000000 16191.048691 16186.043600 16186.347547 16172.322451 16165.341622 16117.258614 16115.603837 16114.602902 16093.419655 16105.708755 16109.947020 16114.710367 16148.210119 16155.333609 16178.434724 16178.188548 16185.801031 0.000000 0.000000
0.000000 0.000000 18497.771878 18500.019069 18486.431475 18481.515919 18424.224694 18443.848252 18428.277593 18429.418223 18435.783297 18431.069793 18428.921822 18424.180908 18403.497070 18465.426033 18471.958447 18492.045718 18501.587220 0.000000 0.000000
0.000000 0.000000 21081.514714 21072.925268 21063.856747 21000.810607 21013.984286 20982.338320 20963.143091 20959.907357 20948.281614 20937.859959 20943.978865 20942.740621 20978.402141 20968.251610 21059.056414 21041.046517 21038.600190 0.000000 0.000000
0.000000 0.000000 23780.215685 23776.811085 23685.878812 23712.336044 23713.310106 23703.643959 23745.060486 23730.246201 23749.343229 23741.102503 23726.850158 23750.522607 23752.022785 23753.158374 23676.981927 23810.037099 23801.624996 0.000000 0.000000
0.000000 0.000000 27005.374760 26872.784074 26905.185889 26861.300023 26791.413214 26776.804188 26740.191520 26750.914692 26709.320957 26713.410117 26734.813295 26717.052051 26749.058020 26792.727911 26902.113333 26827.914635 26968.751787 0.000000 0.000000
0.000000 0.000000 28309.343849 28434.138028 28557.787063 28558.124120 28559.760076 28452.474140 28468.631306 28433.244599 28485.665811 28475.934643 28473.239296 28483.625751 28572.870982 28572.843294 28580.277886 28477.061251 28353.457008 0.000000 0.000000
0.000000 0.000000 0.000000 0.000000 0.000000 0.000000 0.000000 0.000000 0.000000 0.000000 0.000000 0.000000 0.000000 0.000000 0.000000 0.000000 0.000000 0.000000 0.000000 0.000000 0.000000
0.000000 0.000000 0.000000 0.000000 0.000000 0.000000 0.000000 0.000000 0.000000 0.000000 0.000000 0.000000 0.000000 0.000000 0.000000 0.000000 0.000000 0.000000 0.000000 0.000000 0.000000