geotop/1.0zi/1.0Montebello/Templates/testdem/maps/_Erotot2340.asc
ncols         21
nrows         20
xllcorner     100.000000
yllcorner     100.000000
cellsize      50.000000
NODATA_value  -9999.0
0.000000 0.000000 0.000000 0.000000 0.000000 0.000000 0.000000 0.000000 0.000000 0.000000 0.000000 0.000000 0.000000 0.000000 0.000000 0.000000 0.000000 0.000000 0.000000 0.000000 0.000000
0.000000 0.000000 220.328242 220.329759 220.338166 220.449398 220.319501 220.324970 220.304946 220.337515 220.738913 220.337515 220.304946 220.324970 220.319501 220.449398 220.338166 220.329759 220.328242 0.000000 0.000000
0.000000 0.000000 13.961172 13.740591 11.985472 13.713844 14.005109 13.990324 14.018561 13.991352 13.630328 13.991352 14.018561 13.990324 14.005109 13.713844 11.985472 13.740591 13.961172 0.000000 0.000000
0.000000 0.000000 1585.452901 1585.131830 1585.468124 1583.596584 1585.603481 1585.044261 1585.042208 1585.861506 1585.996651 1585.861506 1585.042208 1585.044261 1585.603481 1583.596584 1585.468124 1585.131830 1585.452901 0.000000 0.000000
0.000000 0.000000 3292.554083 3292.381799 3291.718339 3292.308394 3292.856757 3292.717016 3292.679291 3292.829276 3292.790547 3292.829276 3292.679291 3292.717016 3292.856757 3292.308394 3291.718339 3292.381799 3292.554083 0.000000 0.000000
0.000000 0.000000 4270.056689 4269.849626 4269.285478 4269.436312 4270.253227 4269.958031 4269.977769 4270.320466 4270.405556 4270.320466 4269.977769 4269.958031 4270.253227 4269.436312 4269.285478 4269.849626 4270.056689 0.000000 0.000000
0.000000 0.000000 5583.731384 5583.559010 5583.041439 5583.182862 5583.881434 5583.625917 5583.651306 5583.956022 5584.051108 5583.956022 5583.651306 5583.625917 5583.881434 5583.182862 5583.041439 5583.559010 5583.731384 0.000000 0.000000
0.000000 0.000000 6826.774388 6826.629491 6826.146597 6826.291135 6826.892955 6826.672901 6826.695676 6826.969149 6827.060999 6826.969149 6826.695676 6826.672901 6826.892955 6826.291135 6826.146597 6826.629491 6826.774388 0.000000 0.000000
0.000000 0.000000 7990.773494 7990.640585 7990.180971 7990.325531 7990.880169 7990.676828 7990.698231 7990.956023 7991.044495 7990.956023 7990.698231 7990.676828 7990.880169 7990.325531 7990.180971 7990.640585 7990.773494 0.000000 0.000000
0.000000 0.000000 9092.034674 9091.930430 9091.480869 9091.664685 9092.128688 9091.946518 9091.972619 9092.207797 9092.292447 9092.207797 9091.972619 9091.946518 9092.128688 9091.664685 9091.480869 9091.930430 9092.034674 0.000000 0.000000
0.000000 0.000000 10135.109099 10134.997955 10134.567634 10134.727432 10135.202502 10135.020720 10135.042701 10135.274936 10135.354786 10135.274936 10135.042701 10135.020720 10135.202502 10134.727432 10134.567634 10134.997955 10135.109099 0.000000 0.000000
0.000000 0.000000 11132.228887 11132.117205 11131.702282 11131.856310 11132.317517 11132.142909 11132.163653 11132.388666 11132.467155 11132.388666 11132.163653 11132.142909 11132.317517 11131.856310 11131.702282 11132.117205 11132.228887 0.000000 0.000000
0.000000 0.000000 12092.988984 12092.881953 12092.472979 12092.628799 12093.070973 12092.900604 12092.921455 12093.140999 12093.216640 12093.140999 12092.921455 12092.900604 12093.070973 12092.628799 12092.472979 12092.881953 12092.988984 0.000000 0.000000
0.000000 0.000000 13022.804283 13022.704960 13022.304517 13022.479333 13022.884063 13022.720191 13022.742680 13022.954250 13023.027990 13022.954250 13022.742680 13022.720191 13022.884063 13022.479333 13022.304517 13022.704960 13022.804283 0.000000 0.000000
0.000000 0.000000 13924.114147 13924.012929 13923.615397 13923.779375 13924.189834 13924.027076 13924.048220 13924.258445 13924.330218 13924.258445 13924.048220 13924.027076 13924.189834 13923.779375 13923.615397 13924.012929 13924.114147 0.000000 0.000000
0.000000 0.000000 14797.158224 14797.059095 14796.672364 14796.829697 14797.228313 14797.070124 14797.091095 14797.296123 14797.366371 14797.296123 14797.091095 14797.070124 14797.228313 14796.829697 14796.672364 14797.059095 14797.158219 0.000000 0.000000
0.000000 0.000000 15645.777186 15645.679452 15645.294101 15645.454779 15645.845254 15645.688631 15645.709048 15645.909836 15645.978106 15645.909836 15645.709048 15645.688631 15645.845254 15645.454779 15645.294101 15645.679430 15645.776709 0.000000 0.000000
0.000000 0.000000 16505.381714 16505.656587 16505.277451 16505.433967 16505.820787 16505.667026 16505.685500 16505.883296 16505.948890 16505.883296 16505.685500 16505.667026 16505.820787 16505.433967 16505.277432 16505.653077 16505.747659 0.000000 0.000000
0.000000 0.000000 0.000000 0.000000 0.000000 0.000000 0.000000 0.000000 0.000000 0.000000 0.000000 0.000000 0.000000 0.000000 0.000000 0.000000 0.000000 0.000000 0.000000 0.000000 0.000000
0.000000 0.000000 0.000000 0.000000 0.000000 0.000000 0.000000 0.000000 0.000000 0.000000 0.000000 0.000000 0.000000 0.000000 0.000000 0.000000 0.000000 0.000000 0.000000 0.000000 0.000000