geotop/1.0zi/1.0Montebello/Templates/testdem/maps/_Erotot4881.asc
ncols         21
nrows         20
xllcorner     100.000000
yllcorner     100.000000
cellsize      50.000000
NODATA_value  -9999.0
0.000000 0.000000 0.000000 0.000000 0.000000 0.000000 0.000000 0.000000 0.000000 0.000000 0.000000 0.000000 0.000000 0.000000 0.000000 0.000000 0.000000 0.000000 0.000000 0.000000 0.000000
0.000000 0.000000 361.411826 360.488269 360.204545 360.013595 359.984305 359.994496 360.034470 360.194457 360.148962 360.021004 360.102398 360.177761 360.055348 360.102614 360.288901 360.256127 360.824812 0.000000 0.000000
0.000000 0.000000 28.282121 29.230381 29.676114 30.716468 30.232396 30.349800 30.029009 29.824314 29.896377 30.238899 29.900943 29.696691 30.305460 29.925157 29.106712 28.499332 27.828815 0.000000 0.000000
0.000000 0.000000 151.049114 152.387659 145.168355 143.177642 144.381107 139.659487 138.885234 138.991985 137.593372 136.452341 137.567383 136.117953 138.665965 143.482630 143.017709 146.404455 149.117712 0.000000 0.000000
0.000000 0.000000 1462.693055 1466.978022 1472.210107 1454.735900 1443.689943 1435.448198 1438.095155 1432.544258 1436.416125 1440.586939 1440.919091 1441.263880 1450.738918 1449.774135 1455.877766 1461.147828 1462.956456 0.000000 0.000000
0.000000 0.000000 2745.190150 2739.540708 2735.650337 2732.485689 2726.124177 2722.853232 2720.220356 2722.087486 2721.494940 2718.763060 2715.173453 2717.058854 2717.005844 2730.050771 2734.051638 2734.360565 2737.254544 0.000000 0.000000
0.000000 0.000000 3518.245427 3513.634623 3508.802998 3504.939959 3493.922088 3478.333282 3479.703808 3476.355336 3479.203435 3478.329331 3481.242904 3483.514653 3498.287706 3507.543326 3513.697340 3517.688141 3521.272706 0.000000 0.000000
0.000000 0.000000 4074.177785 4074.307822 4074.883089 4070.318967 4068.404765 4063.498421 4064.216877 4064.562993 4061.898824 4062.657790 4061.698412 4060.892750 4064.399571 4067.877287 4069.896350 4069.597217 4070.860660 0.000000 0.000000
0.000000 0.000000 4770.201220 4769.866815 4767.118295 4764.722967 4759.905968 4751.109817 4751.419998 4749.668751 4749.931281 4750.396353 4749.794383 4750.800030 4756.369359 4764.368626 4764.321625 4766.104947 4769.875833 0.000000 0.000000
0.000000 0.000000 5589.218214 5587.268967 5587.351764 5583.276526 5574.023614 5568.783015 5570.453927 5569.623117 5569.488592 5569.311762 5568.611927 5567.367442 5575.169477 5582.077838 5584.297433 5585.609012 5587.034332 0.000000 0.000000
0.000000 0.000000 6456.201096 6454.189606 6452.607581 6450.267807 6447.074574 6436.227497 6436.569658 6434.130830 6433.989876 6434.862439 6434.067587 6434.368285 6439.849850 6442.838008 6447.574673 6449.962902 6453.102336 0.000000 0.000000
0.000000 0.000000 7359.793167 7358.861503 7356.197310 7349.143794 7343.835327 7335.412192 7334.458226 7334.187116 7334.050773 7332.993467 7332.944995 7333.255413 7342.888326 7349.170670 7352.531156 7354.016764 7371.328016 0.000000 0.000000
0.000000 0.000000 8271.708881 8269.593300 8267.175609 8264.111306 8255.986944 8235.613358 8235.940853 8234.229072 8233.877570 8234.311840 8233.052688 8234.009303 8251.419291 8259.955872 8263.184129 8265.026662 8267.448614 0.000000 0.000000
0.000000 0.000000 9248.194747 9244.852763 9242.524620 9238.296800 9216.826857 9225.255151 9219.285628 9218.475721 9218.637305 9218.742490 9217.833149 9218.049707 9212.188383 9232.366064 9236.286333 9242.032404 9241.976818 0.000000 0.000000
0.000000 0.000000 10292.510392 10287.520519 10282.408637 10267.841408 10264.801876 10247.961326 10239.602939 10237.969844 10233.226681 10232.696024 10234.256729 10232.310898 10244.052616 10252.383638 10275.807961 10271.524045 10273.041896 0.000000 0.000000
0.000000 0.000000 11338.654419 11338.009811 11314.833713 11318.375556 11317.228799 11316.162311 11319.302675 11319.524385 11322.305806 11321.868058 11318.786964 11324.846028 11322.691077 11321.375501 11308.859088 11336.008260 11340.988916 0.000000 0.000000
0.000000 0.000000 12528.113885 12500.235333 12491.363812 12482.587745 12465.877523 12458.957924 12457.178428 12456.418774 12452.006890 12452.091651 12452.968029 12450.246766 12455.856863 12474.283820 12488.834142 12489.344425 12517.390574 0.000000 0.000000
0.000000 0.000000 13398.481002 13403.094861 13428.148181 13417.543019 13410.149612 13383.735464 13381.965881 13379.124421 13380.940499 13380.416504 13378.993865 13381.336494 13406.540834 13415.904797 13428.563829 13399.466216 13400.674429 0.000000 0.000000
0.000000 0.000000 0.000000 0.000000 0.000000 0.000000 0.000000 0.000000 0.000000 0.000000 0.000000 0.000000 0.000000 0.000000 0.000000 0.000000 0.000000 0.000000 0.000000 0.000000 0.000000
0.000000 0.000000 0.000000 0.000000 0.000000 0.000000 0.000000 0.000000 0.000000 0.000000 0.000000 0.000000 0.000000 0.000000 0.000000 0.000000 0.000000 0.000000 0.000000 0.000000 0.000000