geotop/1.0zi/1.0Montebello/Templates/testdem/maps/_Erotot8466.asc
ncols         21
nrows         20
xllcorner     100.000000
yllcorner     100.000000
cellsize      50.000000
NODATA_value  -9999.0
0.000000 0.000000 0.000000 0.000000 0.000000 0.000000 0.000000 0.000000 0.000000 0.000000 0.000000 0.000000 0.000000 0.000000 0.000000 0.000000 0.000000 0.000000 0.000000 0.000000 0.000000
0.000000 0.000000 685.357384 686.175440 685.614147 685.710134 684.691584 684.851195 684.836869 684.913690 685.297728 684.665263 684.546776 684.594579 684.967017 685.120672 685.957342 686.505880 686.724501 0.000000 0.000000
0.000000 0.000000 53.487929 52.484031 52.732527 52.809636 53.445798 53.085756 52.798962 52.654732 52.864651 53.189122 53.263963 53.362919 53.206405 52.694000 51.418273 50.562814 51.082558 0.000000 0.000000
0.000000 0.000000 353.960547 355.123353 342.803157 337.546012 338.124009 326.838775 326.909586 327.743577 324.108881 322.282477 324.432259 324.630085 334.802751 341.894201 346.497406 349.400318 354.627872 0.000000 0.000000
0.000000 0.000000 3439.274062 3436.529226 3437.809630 3410.720161 3388.174876 3378.359915 3377.444471 3371.508611 3380.540937 3387.651571 3386.764843 3381.789356 3397.871511 3399.900567 3413.168023 3421.727783 3422.588344 0.000000 0.000000
0.000000 0.000000 5542.273444 5538.392018 5533.456925 5528.777103 5513.216669 5502.652571 5504.288552 5502.966772 5499.159539 5493.208433 5491.656441 5495.510441 5495.005486 5516.616868 5522.814195 5528.885294 5531.567039 0.000000 0.000000
0.000000 0.000000 6864.101854 6859.473078 6857.137694 6849.527026 6835.264357 6810.069636 6809.302297 6806.768536 6806.798686 6811.366039 6812.024957 6812.880573 6842.031787 6851.860133 6857.514414 6860.876554 6865.956360 0.000000 0.000000
0.000000 0.000000 8106.505501 8106.637215 8103.230200 8092.069601 8089.670043 8080.550882 8080.744213 8078.481210 8078.813154 8074.737880 8073.502395 8080.418998 8082.378526 8087.422291 8101.016198 8098.902610 8104.566524 0.000000 0.000000
0.000000 0.000000 9733.319706 9727.937199 9721.666175 9720.849377 9707.281860 9690.903791 9692.858822 9689.109632 9686.540451 9686.307738 9689.026108 9682.804086 9702.902510 9717.326306 9719.254531 9723.452609 9725.318841 0.000000 0.000000
0.000000 0.000000 11598.244968 11593.807004 11593.651274 11589.285703 11567.176677 11556.708487 11555.684075 11555.399741 11551.623838 11556.087300 11558.976360 11558.431520 11565.691931 11581.686052 11589.556997 11592.115054 11592.730779 0.000000 0.000000
0.000000 0.000000 13654.007646 13653.560081 13651.409073 13626.712149 13621.421802 13601.967500 13610.246411 13593.885230 13600.245988 13597.037214 13590.006920 13600.080717 13612.063003 13614.277323 13628.859378 13635.490113 13647.720298 0.000000 0.000000
0.000000 0.000000 15899.799116 15889.319446 15880.278648 15878.301556 15863.980560 15844.391181 15838.157922 15841.074381 15847.476952 15835.913019 15842.149841 15840.497464 15864.810804 15876.088581 15878.150663 15883.564919 15907.449751 0.000000 0.000000
0.000000 0.000000 18257.265011 18250.618277 18253.767149 18234.505031 18228.029274 18170.521887 18168.314905 18167.986924 18142.742682 18159.212942 18161.679038 18167.766011 18208.833983 18215.327862 18243.055641 18241.231178 18249.798128 0.000000 0.000000
0.000000 0.000000 20995.950564 20999.067925 20982.789290 20977.224206 20905.858184 20932.648535 20915.618486 20916.105486 20926.213434 20917.571999 20916.910691 20907.845933 20880.975259 20959.780634 20964.196282 20988.794796 20999.620813 0.000000 0.000000
0.000000 0.000000 24086.483701 24075.859982 24063.837069 23982.839896 24006.279937 23964.632695 23942.260336 23939.026107 23922.628414 23912.041916 23919.924780 23919.590448 23964.874580 23942.659195 24059.725457 24033.677881 24029.693986 0.000000 0.000000
0.000000 0.000000 27269.433153 27264.843301 27149.535482 27195.095747 27191.473749 27185.315515 27240.347278 27222.075459 27249.820070 27241.232693 27221.589323 27250.938529 27247.524754 27251.213866 27137.324769 27313.851465 27304.969875 0.000000 0.000000
0.000000 0.000000 30985.153069 30819.204154 30879.269454 30816.503838 30730.921187 30710.644928 30657.137613 30672.312844 30616.872522 30624.193250 30654.543420 30625.416005 30668.011436 30723.301181 30875.044734 30753.076885 30929.731836 0.000000 0.000000
0.000000 0.000000 32055.485659 32227.296144 32365.609463 32372.418723 32386.956396 32264.110105 32290.095906 32247.949118 32317.183926 32304.969382 32296.732816 32313.691940 32412.707190 32403.077705 32391.423661 32286.395706 32115.559687 0.000000 0.000000
0.000000 0.000000 0.000000 0.000000 0.000000 0.000000 0.000000 0.000000 0.000000 0.000000 0.000000 0.000000 0.000000 0.000000 0.000000 0.000000 0.000000 0.000000 0.000000 0.000000 0.000000
0.000000 0.000000 0.000000 0.000000 0.000000 0.000000 0.000000 0.000000 0.000000 0.000000 0.000000 0.000000 0.000000 0.000000 0.000000 0.000000 0.000000 0.000000 0.000000 0.000000 0.000000