geotop/1.0zi/1.0Montebello/Templates/testdem/maps/_Erotot4748.asc
ncols         21
nrows         20
xllcorner     100.000000
yllcorner     100.000000
cellsize      50.000000
NODATA_value  -9999.0
0.000000 0.000000 0.000000 0.000000 0.000000 0.000000 0.000000 0.000000 0.000000 0.000000 0.000000 0.000000 0.000000 0.000000 0.000000 0.000000 0.000000 0.000000 0.000000 0.000000 0.000000
0.000000 0.000000 353.590207 353.128991 352.914122 352.743959 352.747928 352.786833 352.824675 352.823870 352.809317 352.812144 352.813152 352.856091 352.744901 352.785223 352.981256 352.915058 353.030638 0.000000 0.000000
0.000000 0.000000 27.871143 28.427063 28.816206 29.922702 29.412830 29.508385 29.101987 29.014435 29.057884 29.384733 29.132122 28.932147 29.454517 29.160040 28.259519 27.667725 27.500810 0.000000 0.000000
0.000000 0.000000 136.180669 137.439403 130.351247 127.965883 129.128160 124.148682 123.406733 123.066754 122.197323 121.632600 122.645975 121.248608 123.945271 128.941869 129.514360 131.778803 134.383763 0.000000 0.000000
0.000000 0.000000 1349.856717 1353.985258 1359.189623 1342.026041 1330.940060 1322.912920 1325.402046 1319.601828 1323.823959 1327.910119 1328.277833 1328.763605 1338.111933 1337.072237 1342.501306 1348.249322 1350.082550 0.000000 0.000000
0.000000 0.000000 2639.685813 2634.059971 2630.163849 2627.101690 2620.922775 2617.737877 2615.052930 2616.771809 2616.359816 2613.778030 2610.156367 2612.045285 2611.892727 2624.844456 2629.031603 2629.101928 2631.971628 0.000000 0.000000
0.000000 0.000000 3388.756194 3384.114468 3379.355060 3375.456965 3364.547072 3349.193181 3350.506320 3346.892373 3350.040355 3349.375563 3352.246411 3354.556401 3369.116132 3378.359571 3384.619833 3388.378405 3391.914370 0.000000 0.000000
0.000000 0.000000 3912.816808 3912.918692 3913.530509 3908.988509 3907.090528 3902.256731 3902.924385 3903.059968 3900.648080 3901.629789 3900.634298 3899.864415 3903.253389 3906.746535 3908.884815 3908.315695 3909.564376 0.000000 0.000000
0.000000 0.000000 4572.242147 4571.901237 4569.209053 4566.849166 4562.070474 4553.394852 4553.625229 4551.629023 4552.213805 4552.875494 4552.261213 4553.305969 4558.755321 4566.734898 4566.821646 4568.327855 4572.069830 0.000000 0.000000
0.000000 0.000000 5353.480511 5351.519466 5351.640283 5347.592847 5338.474094 5333.327033 5334.917726 5333.850142 5333.996528 5334.081973 5333.349829 5332.161472 5339.804048 5346.701824 5349.020160 5350.064274 5351.462393 0.000000 0.000000
0.000000 0.000000 6181.193064 6179.155201 6177.636664 6175.333058 6172.197687 6161.510535 6161.787583 6159.104598 6159.317037 6160.372371 6159.554795 6159.876222 6165.235843 6168.228571 6173.066427 6175.166379 6178.265557 0.000000 0.000000
0.000000 0.000000 7042.992378 7042.044943 7039.475514 7032.520438 7027.303256 7019.062004 7018.055711 7017.492830 7017.678773 7016.894432 7016.804441 7017.170260 7026.576395 7032.816696 7036.286184 7037.483815 7054.590469 0.000000 0.000000
0.000000 0.000000 7910.721420 7908.538418 7906.198845 7903.165341 7895.190415 7875.546241 7875.786037 7873.845273 7873.831481 7874.502523 7873.234772 7874.220121 7890.950774 7899.388104 7902.704004 7904.255386 7906.686011 0.000000 0.000000
0.000000 0.000000 8837.801257 8834.594765 8832.314403 8828.141345 8807.628015 8815.722158 8809.751360 8808.684878 8809.181414 8809.567165 8808.623055 8808.900677 8803.243035 8822.658482 8826.660764 8831.998985 8831.959477 0.000000 0.000000
0.000000 0.000000 9828.623756 9823.584973 9818.740478 9805.234009 9801.846897 9785.224763 9777.107045 9775.192013 9770.951819 9770.617850 9772.061143 9770.235600 9781.851292 9790.367680 9812.714861 9808.331294 9809.800777 0.000000 0.000000
0.000000 0.000000 10818.222447 10817.571133 10795.799919 10798.768255 10797.371478 10796.210745 10799.018332 10798.867764 10801.844291 10801.733826 10798.832019 10804.598338 10802.549423 10801.786271 10790.400112 10815.523812 10820.320027 0.000000 0.000000
0.000000 0.000000 11941.899643 11916.065751 11907.289653 11898.866982 11883.049317 11876.361227 11874.523787 11873.548123 11869.753892 11870.151156 11870.783994 11868.475084 11873.795645 11891.325123 11905.296889 11906.068035 11932.025509 0.000000 0.000000
0.000000 0.000000 12770.620988 12774.156159 12796.966854 12786.696900 12779.265570 12754.552694 12752.796478 12749.705626 12751.686678 12751.497436 12750.167162 12752.265890 12775.827346 12785.268360 12797.616891 12770.478582 12772.501588 0.000000 0.000000
0.000000 0.000000 0.000000 0.000000 0.000000 0.000000 0.000000 0.000000 0.000000 0.000000 0.000000 0.000000 0.000000 0.000000 0.000000 0.000000 0.000000 0.000000 0.000000 0.000000 0.000000
0.000000 0.000000 0.000000 0.000000 0.000000 0.000000 0.000000 0.000000 0.000000 0.000000 0.000000 0.000000 0.000000 0.000000 0.000000 0.000000 0.000000 0.000000 0.000000 0.000000 0.000000