geotop/1.0zi/1.0Montebello/Templates/testdem/maps/_Erotot4751.asc
ncols         21
nrows         20
xllcorner     100.000000
yllcorner     100.000000
cellsize      50.000000
NODATA_value  -9999.0
0.000000 0.000000 0.000000 0.000000 0.000000 0.000000 0.000000 0.000000 0.000000 0.000000 0.000000 0.000000 0.000000 0.000000 0.000000 0.000000 0.000000 0.000000 0.000000 0.000000 0.000000
0.000000 0.000000 353.594359 353.133401 352.917974 352.748490 352.751694 352.790947 352.828649 352.828149 352.814160 352.815693 352.817365 352.860458 352.749236 352.789491 352.985525 352.919116 353.034939 0.000000 0.000000
0.000000 0.000000 27.871936 28.427446 28.817035 29.922764 29.413434 29.508585 29.102178 29.014732 29.057705 29.385573 29.132069 28.932262 29.454582 29.160195 28.259625 27.668200 27.501243 0.000000 0.000000
0.000000 0.000000 136.181019 137.439805 130.351653 127.966497 129.128804 124.149274 123.407670 123.067072 122.197646 121.633150 122.646702 121.249133 123.945771 128.942380 129.515002 131.779384 134.384080 0.000000 0.000000
0.000000 0.000000 1350.068356 1354.199785 1359.403128 1342.236779 1331.146432 1323.118354 1325.610047 1319.811554 1324.029310 1328.115426 1328.481910 1328.966132 1338.315829 1337.274746 1342.710213 1348.456950 1350.290282 0.000000 0.000000
0.000000 0.000000 2640.821356 2635.190574 2631.299107 2628.231662 2622.051667 2618.865539 2616.182262 2617.900778 2617.490762 2614.904983 2611.286106 2613.176056 2613.023674 2625.975415 2630.157876 2630.229244 2633.099176 0.000000 0.000000
0.000000 0.000000 3389.550000 3384.913602 3380.145976 3376.251926 3365.340807 3349.983536 3351.295932 3347.684252 3350.832615 3350.162765 3353.035824 3355.343857 3369.905588 3379.148769 3385.412262 3389.169076 3392.706261 0.000000 0.000000
0.000000 0.000000 3913.814362 3913.913555 3914.525161 3909.982484 3908.087005 3903.252375 3903.918334 3904.050576 3901.640927 3902.620390 3901.627764 3900.859542 3904.248072 3907.743593 3909.882442 3909.313228 3910.561184 0.000000 0.000000
0.000000 0.000000 4573.543778 4573.198380 4570.505523 4568.142171 4563.367886 4554.685398 4554.917204 4552.922456 4553.503154 4554.166257 4553.549551 4554.594784 4560.049950 4568.030582 4568.116653 4569.622874 4573.364078 0.000000 0.000000
0.000000 0.000000 5355.126349 5353.163750 5353.281752 5349.234683 5340.110562 5334.963142 5336.556421 5335.485403 5335.635297 5335.711838 5334.984827 5333.797371 5341.442765 5348.339027 5350.659684 5351.702987 5353.102231 0.000000 0.000000
0.000000 0.000000 6183.234788 6181.198313 6179.673152 6177.367966 6174.233147 6163.542825 6163.817425 6161.139295 6161.344572 6162.398258 6161.583042 6161.906688 6167.268745 6170.263523 6175.100885 6177.202415 6180.300049 0.000000 0.000000
0.000000 0.000000 7045.413560 7044.463802 7041.887995 7034.930741 7029.718318 7021.467282 7020.460295 7019.901071 7020.085613 7019.293992 7019.207709 7019.574153 7028.982287 7035.224857 7038.695017 7039.893993 7056.999651 0.000000 0.000000
0.000000 0.000000 7913.649623 7911.458616 7909.111300 7906.081259 7898.103882 7878.455083 7878.695907 7876.750382 7876.736961 7877.400760 7876.137342 7877.120817 7893.864504 7902.297706 7905.618113 7907.165527 7909.598776 0.000000 0.000000
0.000000 0.000000 8841.266564 8838.057035 8835.771470 8831.590678 8811.068147 8819.166766 8813.191567 8812.115063 8812.619479 8813.001962 8812.063344 8812.342625 8806.681732 8826.105683 8830.109249 8835.450508 8835.408171 0.000000 0.000000
0.000000 0.000000 9832.779896 9827.740676 9822.884637 9809.369082 9805.987501 9789.402636 9781.227272 9779.323314 9775.073396 9774.775486 9776.228869 9774.406235 9785.987918 9794.499842 9816.857586 9812.470738 9813.940626 0.000000 0.000000
0.000000 0.000000 10823.160487 10822.506147 10800.713802 10803.680510 10802.260704 10801.046347 10803.905581 10803.755942 10806.732164 10806.566163 10803.667066 10809.440407 10807.440613 10806.700930 10795.310377 10820.448280 10825.243340 0.000000 0.000000
0.000000 0.000000 11947.632663 11921.779717 11912.990267 11904.553087 11888.740369 11882.029431 11880.191673 11879.216341 11875.418813 11875.803308 11876.445161 11874.138410 11879.480629 11897.008570 11910.994031 11911.758820 11937.733049 0.000000 0.000000
0.000000 0.000000 12777.178526 12780.710961 12803.512927 12793.227625 12785.788802 12761.053568 12759.296650 12756.205503 12758.186627 12757.983282 12756.660865 12758.766310 12782.349408 12791.798870 12804.160992 12777.020042 12779.035176 0.000000 0.000000
0.000000 0.000000 0.000000 0.000000 0.000000 0.000000 0.000000 0.000000 0.000000 0.000000 0.000000 0.000000 0.000000 0.000000 0.000000 0.000000 0.000000 0.000000 0.000000 0.000000 0.000000
0.000000 0.000000 0.000000 0.000000 0.000000 0.000000 0.000000 0.000000 0.000000 0.000000 0.000000 0.000000 0.000000 0.000000 0.000000 0.000000 0.000000 0.000000 0.000000 0.000000 0.000000