geotop/1.0zi/1.0Montebello/Templates/testdem/maps/_Erotot7010.asc
ncols         21
nrows         20
xllcorner     100.000000
yllcorner     100.000000
cellsize      50.000000
NODATA_value  -9999.0
0.000000 0.000000 0.000000 0.000000 0.000000 0.000000 0.000000 0.000000 0.000000 0.000000 0.000000 0.000000 0.000000 0.000000 0.000000 0.000000 0.000000 0.000000 0.000000 0.000000 0.000000
0.000000 0.000000 565.851403 566.655376 566.309632 566.533796 565.921891 565.888403 565.905172 566.007992 566.434428 565.761081 565.650841 565.731696 566.021269 565.980669 566.739492 567.008627 567.077676 0.000000 0.000000
0.000000 0.000000 44.444526 43.224690 43.204981 43.356256 43.590551 43.446261 43.184850 43.028582 43.267009 43.555715 43.489035 43.684344 43.461525 43.262765 41.977156 41.252137 41.996023 0.000000 0.000000
0.000000 0.000000 234.294711 236.327628 224.851883 222.257673 220.972723 214.017315 214.888556 213.660186 212.615300 210.051246 212.119990 211.963483 220.465249 226.444726 227.559831 229.355770 234.997653 0.000000 0.000000
0.000000 0.000000 2448.772840 2452.046261 2455.287824 2434.217563 2419.555936 2406.648595 2408.631516 2405.549700 2411.021981 2417.400346 2412.078494 2410.360607 2421.824687 2424.534926 2433.073337 2440.608350 2442.581227 0.000000 0.000000
0.000000 0.000000 4214.794756 4209.160143 4205.869410 4199.667337 4185.592717 4177.558474 4176.923497 4176.047222 4172.643975 4166.785267 4165.885448 4169.225480 4169.146397 4187.142980 4195.407334 4202.164720 4204.081620 0.000000 0.000000
0.000000 0.000000 5406.226301 5403.439846 5399.272082 5393.546596 5380.266809 5361.588068 5361.113233 5357.317669 5358.878157 5362.663063 5364.008650 5364.542477 5388.763338 5398.262687 5402.647244 5404.779034 5410.375246 0.000000 0.000000
0.000000 0.000000 6275.635947 6276.311956 6273.718693 6265.250351 6263.979200 6255.570063 6256.246038 6256.163132 6255.329662 6251.544345 6250.724230 6256.590810 6257.428710 6261.063859 6271.958020 6269.970701 6275.070281 0.000000 0.000000
0.000000 0.000000 7455.441087 7451.592160 7445.935094 7446.550433 7436.942817 7423.584727 7425.093342 7420.917776 7418.909556 7418.811183 7420.897302 7415.311707 7431.797449 7444.280755 7444.903031 7447.672887 7449.386741 0.000000 0.000000
0.000000 0.000000 8811.353286 8808.482697 8809.098007 8806.263315 8787.972307 8779.962247 8780.238019 8779.836598 8776.857753 8780.095291 8782.925549 8782.135388 8787.191520 8799.751103 8805.859520 8807.029823 8808.428332 0.000000 0.000000
0.000000 0.000000 10282.591608 10282.181987 10279.858121 10262.361960 10258.952521 10244.335250 10249.907828 10237.875766 10241.589990 10240.110322 10233.652350 10242.739353 10249.980018 10251.970071 10262.414801 10268.259228 10278.452571 0.000000 0.000000
0.000000 0.000000 11846.039432 11839.383523 11832.650329 11830.233389 11821.812859 11804.957394 11802.661218 11802.638864 11809.553459 11799.795750 11802.998936 11803.090596 11821.913846 11828.533667 11830.129437 11833.155861 11854.626839 0.000000 0.000000
0.000000 0.000000 13453.846690 13450.121887 13450.414604 13439.490195 13434.128009 13396.509493 13395.263286 13394.490399 13376.632304 13386.848587 13390.674760 13394.483634 13419.623460 13425.233868 13443.954760 13442.983258 13451.477398 0.000000 0.000000
0.000000 0.000000 15252.268274 15254.640284 15243.667193 15240.465095 15198.829346 15210.701304 15198.662496 15199.488464 15203.385629 15200.395763 15198.669404 15195.030399 15180.204779 15226.080714 15231.593171 15247.284194 15256.173150 0.000000 0.000000
0.000000 0.000000 17234.588253 17227.894441 17221.416689 17179.967720 17183.449523 17162.146225 17146.080763 17143.911626 17135.868917 17127.396655 17131.210179 17129.891356 17154.319342 17153.353005 17216.683926 17204.109580 17203.689161 0.000000 0.000000
0.000000 0.000000 19299.840930 19297.856534 19236.883749 19245.783066 19249.801443 19238.387129 19266.515036 19254.669829 19266.435867 19258.954794 19250.360789 19266.130077 19270.527960 19270.618542 19229.407538 19314.893563 19308.473122 0.000000 0.000000
0.000000 0.000000 21727.996205 21645.324844 21652.480390 21629.921711 21584.299709 21575.059032 21557.086678 21562.776603 21537.936942 21539.173545 21550.098109 21543.992134 21563.612790 21589.461991 21649.761410 21621.718436 21711.420880 0.000000 0.000000
0.000000 0.000000 23106.116757 23160.167135 23243.220467 23236.438805 23224.714341 23154.457305 23159.728672 23136.828772 23163.799825 23158.124094 23161.658355 23162.420019 23222.930045 23232.664871 23257.177075 23178.458388 23126.539958 0.000000 0.000000
0.000000 0.000000 0.000000 0.000000 0.000000 0.000000 0.000000 0.000000 0.000000 0.000000 0.000000 0.000000 0.000000 0.000000 0.000000 0.000000 0.000000 0.000000 0.000000 0.000000 0.000000
0.000000 0.000000 0.000000 0.000000 0.000000 0.000000 0.000000 0.000000 0.000000 0.000000 0.000000 0.000000 0.000000 0.000000 0.000000 0.000000 0.000000 0.000000 0.000000 0.000000 0.000000