geotop/1.0zi/1.0Montebello/Templates/testdem/maps/_Erotot9946.asc
ncols         21
nrows         20
xllcorner     100.000000
yllcorner     100.000000
cellsize      50.000000
NODATA_value  -9999.0
0.000000 0.000000 0.000000 0.000000 0.000000 0.000000 0.000000 0.000000 0.000000 0.000000 0.000000 0.000000 0.000000 0.000000 0.000000 0.000000 0.000000 0.000000 0.000000 0.000000 0.000000
0.000000 0.000000 828.600249 828.752012 827.560252 827.155852 825.541535 825.048158 825.230340 825.221139 825.619962 825.059756 824.871281 824.913644 825.922845 826.504897 827.861909 829.038193 829.737996 0.000000 0.000000
0.000000 0.000000 62.042113 60.719208 61.075439 60.804729 61.651988 61.195954 60.765286 60.681947 60.865566 61.045977 61.238198 61.293438 61.146051 60.631352 59.610763 58.729403 59.459641 0.000000 0.000000
0.000000 0.000000 543.251886 546.871736 531.932266 523.468617 522.721585 514.781868 521.989912 523.902236 519.590877 520.895066 525.253974 524.648406 533.391092 544.090138 546.808232 545.142454 550.545584 0.000000 0.000000
0.000000 0.000000 4595.715336 4589.346528 4585.328112 4544.119829 4517.927566 4502.191452 4494.325369 4489.428627 4494.068968 4499.603228 4499.426596 4493.142727 4514.477518 4520.758080 4540.190907 4552.113517 4552.915972 0.000000 0.000000
0.000000 0.000000 6907.655713 6901.074164 6895.438002 6896.744143 6867.459834 6853.968564 6858.019786 6857.219156 6850.885854 6844.193973 6841.762578 6846.007156 6848.778891 6876.419293 6876.690288 6884.201737 6885.720176 0.000000 0.000000
0.000000 0.000000 8485.803862 8479.453883 8475.369482 8460.987407 8454.501885 8416.434268 8415.865449 8413.006635 8410.788141 8414.874187 8415.260032 8416.347359 8452.653830 8456.810540 8466.646941 8469.834871 8474.762954 0.000000 0.000000
0.000000 0.000000 10183.878563 10179.586282 10172.206720 10154.827104 10143.806193 10140.056338 10140.445793 10138.549279 10136.578839 10132.639707 10131.886844 10138.932143 10137.868374 10149.681808 10165.773311 10163.561432 10169.599069 0.000000 0.000000
0.000000 0.000000 12347.839654 12341.099848 12331.351730 12323.839726 12305.639538 12281.864136 12285.088947 12281.268392 12276.098973 12275.607626 12278.855257 12272.046917 12300.351362 12316.387380 12319.447687 12323.511977 12325.767527 0.000000 0.000000
0.000000 0.000000 14885.216983 14874.388440 14869.479190 14858.106255 14841.574185 14820.787481 14819.584538 14817.788906 14810.954267 14815.503154 14818.901897 14817.772653 14827.690076 14850.192555 14859.069757 14863.343215 14862.406191 0.000000 0.000000
0.000000 0.000000 17741.856149 17736.086976 17731.505681 17692.939852 17692.086378 17661.537605 17670.220346 17651.561714 17655.490599 17650.989263 17642.563645 17654.411653 17672.538876 17678.387180 17695.276513 17698.890976 17717.917023 0.000000 0.000000
0.000000 0.000000 20968.644107 20951.847711 20929.577470 20924.697962 20910.903341 20875.163402 20873.258667 20876.087525 20881.018077 20864.237016 20873.000132 20868.859256 20902.421280 20919.635060 20922.087938 20928.715102 20955.720633 0.000000 0.000000
0.000000 0.000000 24421.710195 24409.622433 24410.792942 24384.805651 24362.993287 24277.266462 24271.368423 24268.879236 24225.186027 24253.834577 24254.909459 24263.502565 24329.315039 24339.439457 24378.657604 24378.262400 24381.753786 0.000000 0.000000
0.000000 0.000000 28532.943944 28531.670074 28498.245956 28480.029149 28361.705112 28431.307589 28401.008772 28403.103471 28424.380988 28402.611196 28400.866943 28383.758194 28318.042943 28456.378601 28454.814306 28489.308199 28505.491749 0.000000 0.000000
0.000000 0.000000 32774.623886 32761.433315 32742.057413 32605.689360 32689.118052 32595.739348 32576.061650 32568.292252 32533.001356 32522.914451 32536.798436 32540.105287 32624.121784 32536.823350 32725.798702 32675.030815 32661.759888 0.000000 0.000000
0.000000 0.000000 36143.394506 36135.826345 36000.717349 36089.424062 36065.092535 36077.706079 36148.087048 36128.640824 36163.830829 36157.819480 36131.007883 36164.205799 36139.007064 36168.358443 35979.665547 36198.439596 36189.552275 0.000000 0.000000
0.000000 0.000000 38879.111524 38776.086633 38829.812928 38785.538606 38730.235285 38729.053527 38690.407742 38702.785899 38664.308109 38670.200437 38690.831732 38671.148394 38688.996249 38720.269747 38823.752380 38726.515355 38836.052709 0.000000 0.000000
0.000000 0.000000 39798.034489 39860.506230 39937.863903 39932.015348 39927.602112 39866.715688 39873.592534 39854.971845 39879.562790 39875.171636 39876.793293 39877.624294 39928.224571 39934.496557 39944.374336 39870.554603 39809.473620 0.000000 0.000000
0.000000 0.000000 0.000000 0.000000 0.000000 0.000000 0.000000 0.000000 0.000000 0.000000 0.000000 0.000000 0.000000 0.000000 0.000000 0.000000 0.000000 0.000000 0.000000 0.000000 0.000000
0.000000 0.000000 0.000000 0.000000 0.000000 0.000000 0.000000 0.000000 0.000000 0.000000 0.000000 0.000000 0.000000 0.000000 0.000000 0.000000 0.000000 0.000000 0.000000 0.000000 0.000000