geotop/1.0zi/1.0Montebello/Templates/testdem/maps/_Erotot1279.asc
ncols         21
nrows         20
xllcorner     100.000000
yllcorner     100.000000
cellsize      50.000000
NODATA_value  -9999.0
0.000000 0.000000 0.000000 0.000000 0.000000 0.000000 0.000000 0.000000 0.000000 0.000000 0.000000 0.000000 0.000000 0.000000 0.000000 0.000000 0.000000 0.000000 0.000000 0.000000 0.000000
0.000000 0.000000 149.078160 149.079559 149.114418 149.089779 149.071125 149.079575 149.081160 149.075973 149.076642 149.075973 149.081160 149.079575 149.071125 149.089779 149.114418 149.079559 149.078160 0.000000 0.000000
0.000000 0.000000 9.056179 8.837095 7.060862 8.917953 9.099488 9.083745 9.094055 9.101117 9.099374 9.101117 9.094055 9.083745 9.099488 8.917953 7.060862 8.837095 9.056179 0.000000 0.000000
0.000000 0.000000 1074.978860 1074.774935 1074.802550 1072.808415 1075.149499 1074.721114 1074.660974 1075.185689 1075.129376 1075.185689 1074.660974 1074.721114 1075.149499 1072.808415 1074.802550 1074.774935 1074.978860 0.000000 0.000000
0.000000 0.000000 1911.910295 1911.686301 1910.935388 1911.630613 1912.079094 1911.890438 1911.845198 1911.992904 1911.947674 1911.992904 1911.845198 1911.890438 1912.079094 1911.630613 1910.935388 1911.686301 1911.910295 0.000000 0.000000
0.000000 0.000000 2515.370596 2515.197290 2514.447910 2514.638868 2515.545667 2515.301494 2515.273412 2515.489637 2515.462804 2515.489637 2515.273412 2515.301494 2515.545667 2514.638868 2514.447910 2515.197290 2515.370596 0.000000 0.000000
0.000000 0.000000 3277.115155 3276.977046 3276.300572 3276.488008 3277.261463 3277.059872 3277.042204 3277.220549 3277.197371 3277.220549 3277.042204 3277.059872 3277.261463 3276.488008 3276.300572 3276.977046 3277.115155 0.000000 0.000000
0.000000 0.000000 4001.145813 4001.026688 4000.400934 4000.585826 4001.266854 4001.096050 4001.084143 4001.240930 4001.220919 4001.240930 4001.084143 4001.096050 4001.266854 4000.585826 4000.400934 4001.026688 4001.145813 0.000000 0.000000
0.000000 0.000000 4687.170100 4687.061195 4686.466284 4686.644892 4687.277154 4687.122142 4687.113761 4687.259465 4687.240064 4687.259465 4687.113761 4687.122142 4687.277154 4686.644892 4686.466284 4687.061195 4687.170100 0.000000 0.000000
0.000000 0.000000 5343.762682 5343.680919 5343.098191 5343.313149 5343.855819 5343.720804 5343.720158 5343.848483 5343.828959 5343.848483 5343.720158 5343.720804 5343.855819 5343.313149 5343.098191 5343.680919 5343.762682 0.000000 0.000000
0.000000 0.000000 5975.094826 5975.003441 5974.438954 5974.626689 5975.185798 5975.049677 5975.046594 5975.177301 5975.156749 5975.177301 5975.046594 5975.049677 5975.185798 5974.626689 5974.438954 5975.003441 5975.094826 0.000000 0.000000
0.000000 0.000000 6586.742884 6586.648688 6586.098321 6586.275759 6586.826366 6586.695152 6586.693269 6586.822530 6586.803133 6586.822530 6586.693269 6586.695152 6586.826366 6586.275759 6586.098321 6586.648688 6586.742884 0.000000 0.000000
0.000000 0.000000 7184.332990 7184.241006 7183.697845 7183.875942 7184.412087 7184.283909 7184.283139 7184.410283 7184.390391 7184.410283 7184.283139 7184.283909 7184.412087 7183.875942 7183.697845 7184.241006 7184.332990 0.000000 0.000000
0.000000 0.000000 7768.512532 7768.427140 7767.889253 7768.087276 7768.587679 7768.464744 7768.466918 7768.589526 7768.569030 7768.589526 7768.466918 7768.464744 7768.587679 7768.087276 7767.889253 7768.427140 7768.512532 0.000000 0.000000
0.000000 0.000000 8341.801767 8341.713895 8341.177542 8341.364589 8341.875357 8341.752124 8341.753633 8341.878385 8341.857226 8341.878385 8341.753633 8341.752124 8341.875357 8341.364589 8341.177542 8341.713895 8341.801767 0.000000 0.000000
0.000000 0.000000 8905.879322 8905.792244 8905.269180 8905.448371 8905.950435 8905.831108 8905.832817 8905.954473 8905.933541 8905.954473 8905.832817 8905.831108 8905.950435 8905.448371 8905.269180 8905.792244 8905.879319 0.000000 0.000000
0.000000 0.000000 9458.946354 9458.859765 9458.334920 9458.517334 9459.017192 9458.896267 9458.898356 9459.021771 9458.999844 9459.021771 9458.898356 9458.896267 9459.017192 9458.517334 9458.334920 9458.859747 9458.946091 0.000000 0.000000
0.000000 0.000000 10032.332874 10032.525209 10032.003003 10032.176381 10032.679400 10032.557453 10032.559859 10032.685306 10032.663099 10032.685306 10032.559859 10032.557453 10032.679400 10032.176381 10032.002986 10032.522275 10032.609330 0.000000 0.000000
0.000000 0.000000 0.000000 0.000000 0.000000 0.000000 0.000000 0.000000 0.000000 0.000000 0.000000 0.000000 0.000000 0.000000 0.000000 0.000000 0.000000 0.000000 0.000000 0.000000 0.000000
0.000000 0.000000 0.000000 0.000000 0.000000 0.000000 0.000000 0.000000 0.000000 0.000000 0.000000 0.000000 0.000000 0.000000 0.000000 0.000000 0.000000 0.000000 0.000000 0.000000 0.000000