geotop/1.0zi/1.0Montebello/Templates/testdem/maps/_Erotot1125.asc
ncols         21
nrows         20
xllcorner     100.000000
yllcorner     100.000000
cellsize      50.000000
NODATA_value  -9999.0
0.000000 0.000000 0.000000 0.000000 0.000000 0.000000 0.000000 0.000000 0.000000 0.000000 0.000000 0.000000 0.000000 0.000000 0.000000 0.000000 0.000000 0.000000 0.000000 0.000000 0.000000
0.000000 0.000000 123.295967 123.297328 123.332083 123.307151 123.289372 123.297353 123.298877 123.293883 123.294518 123.293883 123.298877 123.297353 123.289372 123.307151 123.332083 123.297328 123.295967 0.000000 0.000000
0.000000 0.000000 8.657331 8.438674 6.663136 8.520996 8.692992 8.684488 8.695272 8.700969 8.699109 8.700969 8.695272 8.684488 8.692992 8.520996 6.663136 8.438674 8.657331 0.000000 0.000000
0.000000 0.000000 895.719216 895.514066 895.535460 893.512531 895.775051 895.430789 895.393546 895.923109 895.865858 895.923109 895.393546 895.430789 895.775051 893.512531 895.535460 895.514066 895.719216 0.000000 0.000000
0.000000 0.000000 1627.397363 1627.172727 1626.418393 1627.107242 1627.539702 1627.371944 1627.329753 1627.478794 1627.432907 1627.478794 1627.329753 1627.371944 1627.539702 1627.107242 1626.418393 1627.172727 1627.397363 0.000000 0.000000
0.000000 0.000000 2144.958177 2144.784324 2144.029356 2144.203405 2145.043879 2144.869344 2144.855725 2145.073323 2145.045512 2145.073323 2144.855725 2144.869344 2145.043879 2144.203405 2144.029356 2144.784324 2144.958177 0.000000 0.000000
0.000000 0.000000 2801.693611 2801.555059 2800.872338 2801.045319 2801.753531 2801.620392 2801.615982 2801.795518 2801.771331 2801.795518 2801.615982 2801.620392 2801.753531 2801.045319 2800.872338 2801.555059 2801.693611 0.000000 0.000000
0.000000 0.000000 3429.470192 3429.350523 3428.717987 3428.890666 3429.512661 3429.404678 3429.404325 3429.562268 3429.541281 3429.562268 3429.404325 3429.404678 3429.512661 3428.890666 3428.717987 3429.350523 3429.470192 0.000000 0.000000
0.000000 0.000000 4026.821492 4026.711883 4026.109556 4026.277635 4026.856538 4026.759369 4026.761252 4026.908232 4026.887859 4026.908232 4026.761252 4026.759369 4026.856538 4026.277635 4026.109556 4026.711883 4026.821492 0.000000 0.000000
0.000000 0.000000 4600.037708 4599.955280 4599.364258 4599.570408 4600.063949 4599.982881 4599.991594 4600.121288 4600.100785 4600.121288 4599.991594 4599.982881 4600.063949 4599.570408 4599.364258 4599.955280 4600.037708 0.000000 0.000000
0.000000 0.000000 5151.166804 5151.074518 5150.500906 5150.680894 5151.194851 5151.109518 5151.115088 5151.247388 5151.225827 5151.247388 5151.115088 5151.109518 5151.194851 5150.680894 5150.500906 5151.074518 5151.166804 0.000000 0.000000
0.000000 0.000000 5685.605749 5685.510343 5684.950035 5685.120386 5685.629267 5685.546401 5685.552644 5685.683777 5685.663379 5685.683777 5685.552644 5685.546401 5685.629267 5685.120386 5684.950035 5685.510343 5685.605749 0.000000 0.000000
0.000000 0.000000 6208.652246 6208.558662 6208.004815 6208.176550 6208.673697 6208.591903 6208.598860 6208.728052 6208.707188 6208.728052 6208.598860 6208.591903 6208.673697 6208.176550 6208.004815 6208.558662 6208.652246 0.000000 0.000000
0.000000 0.000000 6721.136696 6721.049704 6720.500222 6720.693080 6721.156146 6721.078036 6721.087690 6721.212518 6721.190974 6721.212518 6721.087690 6721.078036 6721.156146 6720.693080 6720.500222 6721.049704 6721.136696 0.000000 0.000000
0.000000 0.000000 7226.161342 7226.071888 7225.522804 7225.705309 7226.181031 7226.101161 7226.109872 7226.237170 7226.214897 7226.237170 7226.109872 7226.101161 7226.181031 7225.705309 7225.522804 7226.071888 7226.161342 0.000000 0.000000
0.000000 0.000000 7724.340582 7724.251698 7723.715642 7723.890512 7724.359232 7724.282177 7724.290829 7724.414954 7724.392907 7724.414954 7724.290829 7724.282177 7724.359232 7723.890512 7723.715642 7724.251697 7724.340578 0.000000 0.000000
0.000000 0.000000 8213.819844 8213.731269 8213.191997 8213.370652 8213.839765 8213.759390 8213.768203 8213.894802 8213.871632 8213.894802 8213.768203 8213.759390 8213.839765 8213.370652 8213.191997 8213.731252 8213.819520 0.000000 0.000000
0.000000 0.000000 8720.918817 8721.066141 8720.528746 8720.698413 8721.173209 8721.090782 8721.099786 8721.228811 8721.205394 8721.228811 8721.099786 8721.090782 8721.173209 8720.698413 8720.528729 8721.063404 8721.152820 0.000000 0.000000
0.000000 0.000000 0.000000 0.000000 0.000000 0.000000 0.000000 0.000000 0.000000 0.000000 0.000000 0.000000 0.000000 0.000000 0.000000 0.000000 0.000000 0.000000 0.000000 0.000000 0.000000
0.000000 0.000000 0.000000 0.000000 0.000000 0.000000 0.000000 0.000000 0.000000 0.000000 0.000000 0.000000 0.000000 0.000000 0.000000 0.000000 0.000000 0.000000 0.000000 0.000000 0.000000