geotop/1.0zi/1.0Montebello/Templates/testdem/maps/_Erotot0282.asc
ncols         21
nrows         20
xllcorner     100.000000
yllcorner     100.000000
cellsize      50.000000
NODATA_value  -9999.0
0.000000 0.000000 0.000000 0.000000 0.000000 0.000000 0.000000 0.000000 0.000000 0.000000 0.000000 0.000000 0.000000 0.000000 0.000000 0.000000 0.000000 0.000000 0.000000 0.000000 0.000000
0.000000 0.000000 30.653721 30.654430 30.687032 30.654592 30.653838 30.654214 30.654008 30.653943 30.653919 30.653943 30.654008 30.654214 30.653838 30.654592 30.687032 30.654430 30.653721 0.000000 0.000000
0.000000 0.000000 8.648888 8.409050 6.615528 8.404380 8.653036 8.637718 8.654453 8.659096 8.660763 8.659096 8.654453 8.637718 8.653036 8.404380 6.615528 8.409050 8.648888 0.000000 0.000000
0.000000 0.000000 420.813319 420.965173 421.161620 420.886940 420.772040 420.853263 420.812337 420.799210 420.795141 420.799210 420.812337 420.853263 420.772040 420.886940 421.161620 420.965173 420.813319 0.000000 0.000000
0.000000 0.000000 534.629900 534.580159 533.814866 534.545363 534.616267 534.631694 534.632992 534.634593 534.634576 534.634593 534.632992 534.631694 534.616267 534.545363 533.814866 534.580159 534.629900 0.000000 0.000000
0.000000 0.000000 738.233630 738.193341 737.513365 738.155593 738.217642 738.242272 738.237174 738.235926 738.235403 738.235926 738.237174 738.242272 738.217642 738.155593 737.513365 738.193341 738.233630 0.000000 0.000000
0.000000 0.000000 936.143016 936.104327 935.498584 936.070688 936.128359 936.151427 936.146779 936.145730 936.145280 936.145730 936.146779 936.151427 936.128359 936.070688 935.498584 936.104327 936.143016 0.000000 0.000000
0.000000 0.000000 1121.540353 1121.501363 1120.939527 1121.471527 1121.526892 1121.548401 1121.544207 1121.543288 1121.542890 1121.543288 1121.544207 1121.548401 1121.526892 1121.471527 1120.939527 1121.501363 1121.540353 0.000000 0.000000
0.000000 0.000000 1297.236236 1297.197549 1296.660966 1297.169283 1297.223338 1297.243911 1297.240087 1297.239253 1297.238887 1297.239253 1297.240087 1297.243911 1297.223338 1297.169283 1296.660966 1297.197549 1297.236236 0.000000 0.000000
0.000000 0.000000 1466.810957 1466.771950 1466.249689 1466.744973 1466.798463 1466.818457 1466.814832 1466.814022 1466.813668 1466.814022 1466.814832 1466.818457 1466.798463 1466.744973 1466.249689 1466.771950 1466.810957 0.000000 0.000000
0.000000 0.000000 1630.536258 1630.496746 1629.982151 1630.470652 1630.524030 1630.543680 1630.540175 1630.539368 1630.539019 1630.539368 1630.540175 1630.543680 1630.524030 1630.470652 1629.982151 1630.496746 1630.536258 0.000000 0.000000
0.000000 0.000000 1789.998828 1789.958976 1789.450870 1789.934075 1789.987166 1790.005984 1790.002830 1790.002086 1790.001763 1790.002086 1790.002830 1790.005984 1789.987166 1789.934075 1789.450870 1789.958976 1789.998828 0.000000 0.000000
0.000000 0.000000 1944.973249 1944.933753 1944.427579 1944.910232 1944.962134 1944.980581 1944.977341 1944.976538 1944.976201 1944.976538 1944.977341 1944.980581 1944.962134 1944.910232 1944.427579 1944.933753 1944.973249 0.000000 0.000000
0.000000 0.000000 2097.301648 2097.260507 2096.756884 2097.237108 2097.290384 2097.308831 2097.305747 2097.304975 2097.304650 2097.304975 2097.305747 2097.308831 2097.290384 2097.237108 2096.756884 2097.260507 2097.301648 0.000000 0.000000
0.000000 0.000000 2248.178628 2248.137330 2247.630517 2248.113585 2248.167370 2248.185723 2248.182817 2248.182083 2248.181769 2248.182083 2248.182817 2248.185723 2248.167370 2248.113585 2247.630517 2248.137330 2248.178628 0.000000 0.000000
0.000000 0.000000 2397.335740 2397.294749 2396.797460 2397.271121 2397.324548 2397.342758 2397.339985 2397.339275 2397.338969 2397.339275 2397.339985 2397.342758 2397.324548 2397.271121 2396.797460 2397.294749 2397.335738 0.000000 0.000000
0.000000 0.000000 2543.898042 2543.855166 2543.352877 2543.832735 2543.887137 2543.904841 2543.902287 2543.901596 2543.901302 2543.901596 2543.902287 2543.904841 2543.887137 2543.832735 2543.352877 2543.855158 2543.897962 0.000000 0.000000
0.000000 0.000000 2702.157276 2702.224554 2701.722303 2702.200158 2702.254933 2702.272553 2702.270277 2702.269653 2702.269377 2702.269653 2702.270277 2702.272553 2702.254933 2702.200158 2701.722293 2702.223443 2702.266090 0.000000 0.000000
0.000000 0.000000 0.000000 0.000000 0.000000 0.000000 0.000000 0.000000 0.000000 0.000000 0.000000 0.000000 0.000000 0.000000 0.000000 0.000000 0.000000 0.000000 0.000000 0.000000 0.000000
0.000000 0.000000 0.000000 0.000000 0.000000 0.000000 0.000000 0.000000 0.000000 0.000000 0.000000 0.000000 0.000000 0.000000 0.000000 0.000000 0.000000 0.000000 0.000000 0.000000 0.000000