geotop/1.0zi/1.0Montebello/Templates/testdem/maps/_Erotot4507.asc
ncols         21
nrows         20
xllcorner     100.000000
yllcorner     100.000000
cellsize      50.000000
NODATA_value  -9999.0
0.000000 0.000000 0.000000 0.000000 0.000000 0.000000 0.000000 0.000000 0.000000 0.000000 0.000000 0.000000 0.000000 0.000000 0.000000 0.000000 0.000000 0.000000 0.000000 0.000000 0.000000
0.000000 0.000000 345.757908 345.296648 345.081795 344.913636 344.919975 344.957172 344.994689 344.993213 344.979760 344.982861 344.984752 345.029000 344.917194 344.956640 345.151069 345.084043 345.198682 0.000000 0.000000
0.000000 0.000000 27.209986 27.837157 28.226671 29.295890 28.905078 28.985286 28.583410 28.518987 28.554029 28.863763 28.579560 28.335902 28.819776 28.565496 27.665772 27.070067 26.870357 0.000000 0.000000
0.000000 0.000000 137.669856 138.889000 131.799099 129.456426 130.540919 125.573762 124.840292 124.485041 123.615315 123.068627 124.102700 122.711592 125.445267 130.397533 130.963990 133.228949 135.866160 0.000000 0.000000
0.000000 0.000000 1343.997959 1348.125276 1353.485579 1336.344535 1325.165364 1317.208809 1319.677095 1313.851696 1318.100752 1322.335415 1322.649355 1323.140979 1332.431819 1331.407341 1336.835868 1342.586208 1344.445947 0.000000 0.000000
0.000000 0.000000 2627.145758 2622.467086 2618.939950 2616.322635 2611.087273 2607.969607 2605.297302 2607.018488 2606.613402 2604.027583 2600.194986 2601.374621 2600.875963 2613.751423 2617.888257 2617.962268 2620.797036 0.000000 0.000000
0.000000 0.000000 3297.725127 3293.729852 3289.869299 3286.882480 3279.007685 3264.723534 3266.567659 3263.260702 3265.922015 3264.974826 3267.155887 3268.226957 3282.161268 3288.774979 3295.320137 3299.236080 3302.020940 0.000000 0.000000
0.000000 0.000000 3764.405443 3764.561772 3765.417632 3760.772550 3758.967064 3754.178600 3754.791608 3755.006109 3752.778453 3753.791076 3752.611191 3751.717350 3754.698244 3758.960137 3760.783470 3760.135290 3761.569226 0.000000 0.000000
0.000000 0.000000 4417.248023 4417.204597 4414.888883 4412.852336 4408.792231 4400.213612 4400.614766 4398.693822 4399.241334 4399.877794 4398.924312 4399.543357 4404.893821 4412.548676 4412.609638 4414.161409 4417.734687 0.000000 0.000000
0.000000 0.000000 5163.942712 5162.647145 5163.046824 5159.616358 5151.483639 5146.642653 5148.304316 5147.307655 5147.390444 5147.453021 5146.447534 5144.732093 5151.929668 5158.239233 5160.731892 5161.797550 5163.104357 0.000000 0.000000
0.000000 0.000000 5951.748072 5950.465600 5949.134833 5947.105829 5945.169800 5934.960859 5935.347557 5932.750367 5932.919907 5933.941356 5932.781603 5932.431442 5937.131294 5939.804883 5944.328096 5946.577934 5949.563065 0.000000 0.000000
0.000000 0.000000 6773.094603 6772.303437 6770.754663 6764.170152 6759.643570 6751.765830 6750.875921 6750.366814 6750.500699 6749.702712 6749.285378 6749.150224 6758.239117 6764.201760 6767.598941 6768.866855 6785.721166 0.000000 0.000000
0.000000 0.000000 7597.051563 7595.475712 7593.700194 7591.145013 7584.340597 7565.735325 7566.114932 7564.265814 7564.198502 7564.804952 7563.194760 7563.547127 7579.116454 7587.081911 7590.282002 7591.905656 7594.198445 0.000000 0.000000
0.000000 0.000000 8475.916274 8473.339480 8471.610970 8467.958762 8449.427560 8457.715264 8452.127063 8451.163463 8451.568746 8451.754136 8450.527025 8450.163244 8444.030160 8462.182221 8466.059393 8471.406742 8471.222962 0.000000 0.000000
0.000000 0.000000 9413.248942 9408.815821 9404.718347 9392.691836 9390.556556 9374.603802 9366.979868 9365.182957 9360.969246 9360.364590 9361.432297 9359.057550 9369.816275 9377.708786 9398.830619 9394.642494 9395.936211 0.000000 0.000000
0.000000 0.000000 10347.466425 10347.519364 10327.647821 10331.015016 10330.866219 10330.043635 10332.731279 10332.610833 10335.414888 10335.390299 10332.119976 10336.980461 10334.515246 10333.431318 10322.363670 10346.031105 10350.508708 0.000000 0.000000
0.000000 0.000000 11406.663240 11383.503047 11375.815908 11368.318881 11354.292779 11348.204791 11346.626849 11345.765948 11342.075545 11342.375581 11342.483334 11339.691689 11344.150521 11360.564495 11373.898025 11374.674820 11398.569549 0.000000 0.000000
0.000000 0.000000 12193.320138 12197.142889 12219.060677 12209.761869 12203.836514 12180.828179 12179.396118 12176.497959 12178.205957 12177.898774 12176.242785 12177.419075 12199.086847 12207.817016 12219.550866 12194.147377 12196.141776 0.000000 0.000000
0.000000 0.000000 0.000000 0.000000 0.000000 0.000000 0.000000 0.000000 0.000000 0.000000 0.000000 0.000000 0.000000 0.000000 0.000000 0.000000 0.000000 0.000000 0.000000 0.000000 0.000000
0.000000 0.000000 0.000000 0.000000 0.000000 0.000000 0.000000 0.000000 0.000000 0.000000 0.000000 0.000000 0.000000 0.000000 0.000000 0.000000 0.000000 0.000000 0.000000 0.000000 0.000000