geotop/1.0zi/1.0Montebello/Templates/testdem/maps/_Erotot3381.asc
ncols         21
nrows         20
xllcorner     100.000000
yllcorner     100.000000
cellsize      50.000000
NODATA_value  -9999.0
0.000000 0.000000 0.000000 0.000000 0.000000 0.000000 0.000000 0.000000 0.000000 0.000000 0.000000 0.000000 0.000000 0.000000 0.000000 0.000000 0.000000 0.000000 0.000000 0.000000 0.000000
0.000000 0.000000 368.946698 368.949555 368.953100 369.072081 368.939634 368.945386 368.919043 368.959023 368.973732 368.959023 368.919043 368.945386 368.939634 369.072081 368.953100 368.949555 368.946698 0.000000 0.000000
0.000000 0.000000 11.461929 11.223353 9.467250 11.148818 11.464884 11.390554 11.509663 11.405667 11.773006 11.405667 11.509663 11.390554 11.464884 11.148818 9.467250 11.223353 11.461929 0.000000 0.000000
0.000000 0.000000 2688.032129 2687.767734 2687.914278 2686.101045 2688.083041 2687.511150 2687.401541 2688.214608 2688.354174 2688.214608 2687.401541 2687.511150 2688.083041 2686.101045 2687.914278 2687.767734 2688.032129 0.000000 0.000000
0.000000 0.000000 5074.892820 5074.716347 5074.016272 5074.595274 5075.135889 5074.989975 5074.980304 5075.081179 5075.108532 5075.081179 5074.980304 5074.989975 5075.135889 5074.595274 5074.016272 5074.716347 5074.892820 0.000000 0.000000
0.000000 0.000000 6566.416748 6566.236840 6565.629101 6565.772053 6566.610305 6566.274306 6566.290968 6566.577871 6566.806968 6566.577871 6566.290968 6566.274306 6566.610305 6565.772053 6565.629101 6566.236840 6566.416747 0.000000 0.000000
0.000000 0.000000 8451.834561 8451.692751 8451.143266 8451.270872 8451.997009 8451.700597 8451.717162 8451.966362 8452.193461 8451.966362 8451.717162 8451.700597 8451.997009 8451.270872 8451.143266 8451.692751 8451.834561 0.000000 0.000000
0.000000 0.000000 10193.610870 10193.497330 10192.997943 10193.128091 10193.749960 10193.492210 10193.507164 10193.726935 10193.931635 10193.726935 10193.507164 10193.492210 10193.749960 10193.128091 10192.997943 10193.497330 10193.610870 0.000000 0.000000
0.000000 0.000000 11794.104946 11794.005263 11793.540640 11793.668619 11794.237809 11794.001805 11794.012794 11794.215904 11794.408480 11794.215904 11794.012794 11794.001805 11794.237809 11793.668619 11793.540640 11794.005263 11794.104946 0.000000 0.000000
0.000000 0.000000 13280.382027 13280.310868 13279.864790 13280.029169 13280.506388 13280.294162 13280.307642 13280.489310 13280.664772 13280.489310 13280.307642 13280.294162 13280.506388 13280.029169 13279.864790 13280.310868 13280.382027 0.000000 0.000000
0.000000 0.000000 14661.873834 14661.796718 14661.379155 14661.518327 14661.999066 14661.791615 14661.801262 14661.980499 14662.145733 14661.980499 14661.801262 14661.791615 14661.999066 14661.518327 14661.379155 14661.796718 14661.873834 0.000000 0.000000
0.000000 0.000000 15963.871859 15963.798331 15963.408418 15963.542599 15964.006108 15963.809305 15963.814722 15963.992117 15964.146563 15963.992117 15963.814722 15963.809305 15964.006108 15963.542599 15963.408418 15963.798331 15963.871859 0.000000 0.000000
0.000000 0.000000 17194.799489 17194.732257 17194.354708 17194.489644 17194.927328 17194.739375 17194.743906 17194.916135 17195.060660 17194.916135 17194.743906 17194.739375 17194.927328 17194.489644 17194.354708 17194.732257 17194.799489 0.000000 0.000000
0.000000 0.000000 18368.624930 18368.565459 18368.202408 18368.353097 18368.751284 18368.572025 18368.578243 18368.742151 18368.879511 18368.742151 18368.578243 18368.572025 18368.751284 18368.353097 18368.202408 18368.565459 18368.624930 0.000000 0.000000
0.000000 0.000000 19489.485654 19489.421445 19489.066410 19489.204454 19489.600732 19489.429840 19489.436311 19489.597924 19489.728282 19489.597924 19489.436311 19489.429840 19489.600732 19489.204454 19489.066410 19489.421445 19489.485654 0.000000 0.000000
0.000000 0.000000 20560.338097 20560.276442 20559.934793 20560.065057 20560.447037 20560.281541 20560.287755 20560.442491 20560.568439 20560.442491 20560.287755 20560.281541 20560.447037 20560.065057 20559.934793 20560.276442 20560.338093 0.000000 0.000000
0.000000 0.000000 21587.856310 21587.795757 21587.460154 21587.593697 21587.958491 21587.799538 21587.805976 21587.956014 21588.074475 21587.956014 21587.805976 21587.799538 21587.958491 21587.593697 21587.460154 21587.795737 21587.856264 0.000000 0.000000
0.000000 0.000000 22627.509494 22628.000219 22627.674217 22627.803170 22628.158425 22628.004706 22628.010001 22628.155224 22628.269744 22628.155224 22628.010001 22628.004706 22628.158425 22627.803170 22627.674199 22627.996901 22628.054366 0.000000 0.000000
0.000000 0.000000 0.000000 0.000000 0.000000 0.000000 0.000000 0.000000 0.000000 0.000000 0.000000 0.000000 0.000000 0.000000 0.000000 0.000000 0.000000 0.000000 0.000000 0.000000 0.000000
0.000000 0.000000 0.000000 0.000000 0.000000 0.000000 0.000000 0.000000 0.000000 0.000000 0.000000 0.000000 0.000000 0.000000 0.000000 0.000000 0.000000 0.000000 0.000000 0.000000 0.000000