geotop/1.0zi/1.0Montebello/Templates/testdem/maps/_Erotot4232.asc
ncols         21
nrows         20
xllcorner     100.000000
yllcorner     100.000000
cellsize      50.000000
NODATA_value  -9999.0
0.000000 0.000000 0.000000 0.000000 0.000000 0.000000 0.000000 0.000000 0.000000 0.000000 0.000000 0.000000 0.000000 0.000000 0.000000 0.000000 0.000000 0.000000 0.000000 0.000000 0.000000
0.000000 0.000000 321.621184 321.184621 320.993997 320.850220 320.879826 320.940094 320.977839 320.976325 320.962704 320.966082 320.967574 321.011317 320.876794 320.893065 321.064221 320.973743 321.063962 0.000000 0.000000
0.000000 0.000000 25.781596 26.334050 26.610828 27.317086 26.947279 26.968308 26.533555 26.464506 26.519429 26.902699 26.666594 26.499921 26.989822 26.750446 25.869035 25.302667 25.175291 0.000000 0.000000
0.000000 0.000000 138.985087 140.362981 133.291464 130.669289 131.436606 126.273148 125.452362 125.037554 124.278133 123.796591 124.918402 123.740096 126.624457 131.640063 132.377182 134.758504 137.460321 0.000000 0.000000
0.000000 0.000000 1312.668493 1315.629067 1321.457659 1316.236733 1309.897394 1305.952697 1309.554738 1304.043068 1307.474389 1310.988193 1309.454033 1305.334130 1309.556878 1306.382146 1306.933617 1308.451641 1309.166035 0.000000 0.000000
0.000000 0.000000 2513.426750 2506.382810 2497.728325 2489.956792 2482.787755 2478.754581 2476.125721 2478.038592 2477.658211 2474.739009 2470.777944 2473.067587 2473.553389 2486.529535 2492.729564 2493.506992 2497.380904 0.000000 0.000000
0.000000 0.000000 3116.237605 3111.481912 3107.457036 3102.385722 3093.954920 3079.423492 3080.721846 3077.279362 3080.356429 3079.937848 3082.488432 3084.353979 3098.036772 3104.939433 3112.131341 3116.302574 3118.810981 0.000000 0.000000
0.000000 0.000000 3562.619590 3562.397524 3562.496405 3557.495616 3556.790463 3553.447371 3554.302040 3554.757112 3552.297689 3553.474010 3551.540266 3549.714240 3552.026543 3555.659543 3557.193939 3556.291548 3557.770469 0.000000 0.000000
0.000000 0.000000 4180.625451 4179.503254 4175.465477 4173.732556 4169.618243 4160.669372 4161.060118 4159.113820 4159.782204 4160.216884 4159.251986 4159.471149 4164.239851 4171.711956 4171.659138 4172.922855 4176.675979 0.000000 0.000000
0.000000 0.000000 4881.399153 4879.079056 4877.682922 4873.415870 4865.395790 4861.042448 4862.655715 4861.757918 4861.812802 4861.964070 4860.732251 4858.674836 4865.215885 4871.353338 4873.771933 4874.625899 4876.141159 0.000000 0.000000
0.000000 0.000000 5621.043992 5618.582824 5615.484983 5612.851138 5611.104788 5601.356916 5601.807273 5599.266501 5599.547501 5600.429924 5599.002823 5598.183440 5602.217387 5604.690742 5609.126158 5611.109544 5614.309682 0.000000 0.000000
0.000000 0.000000 6389.644448 6387.578368 6384.143039 6376.953290 6372.512959 6365.142507 6364.309817 6363.805004 6363.929432 6363.195905 6362.516324 6361.970764 6370.293581 6375.989557 6379.331261 6380.331456 6397.254152 0.000000 0.000000
0.000000 0.000000 7157.623964 7154.907557 7151.212947 7147.867781 7141.333889 7123.929649 7124.344241 7122.625855 7122.541754 7123.114877 7121.251679 7121.203975 7135.223590 7142.999154 7146.048100 7147.506059 7150.026847 0.000000 0.000000
0.000000 0.000000 7976.278705 7972.687653 7968.731616 7964.239624 7947.066773 7954.671437 7949.432906 7948.393703 7948.791968 7948.979264 7947.523138 7946.869452 7941.106945 7958.087876 7961.728585 7966.740534 7966.911138 0.000000 0.000000
0.000000 0.000000 8847.709110 8841.774910 8835.906580 8824.244391 8821.655994 8806.607208 8799.191375 8797.566336 8793.493823 8792.875372 8793.563773 8790.766069 8800.549976 8808.556113 8828.223905 8824.104124 8825.677720 0.000000 0.000000
0.000000 0.000000 9711.602049 9710.248312 9689.862171 9691.830846 9691.882843 9691.132435 9693.703056 9693.596270 9696.252708 9696.149147 9692.749143 9696.814041 9693.980623 9692.946546 9682.822239 9704.093270 9708.697411 0.000000 0.000000
0.000000 0.000000 10689.570521 10667.498779 10657.774046 10649.679969 10636.289552 10630.562283 10629.192714 10628.441238 10624.967933 10625.204463 10624.823949 10621.807221 10625.583254 10641.252639 10653.920301 10654.812417 10676.668179 0.000000 0.000000
0.000000 0.000000 11419.831804 11420.994043 11438.310586 11428.265700 11422.536874 11403.169774 11401.956120 11399.272300 11400.708405 11400.374629 11398.497996 11398.855272 11416.632747 11425.185853 11436.543158 11413.387579 11416.408587 0.000000 0.000000
0.000000 0.000000 0.000000 0.000000 0.000000 0.000000 0.000000 0.000000 0.000000 0.000000 0.000000 0.000000 0.000000 0.000000 0.000000 0.000000 0.000000 0.000000 0.000000 0.000000 0.000000
0.000000 0.000000 0.000000 0.000000 0.000000 0.000000 0.000000 0.000000 0.000000 0.000000 0.000000 0.000000 0.000000 0.000000 0.000000 0.000000 0.000000 0.000000 0.000000 0.000000 0.000000