geotop/1.0zi/1.0Montebello/Templates/testdem/maps/_Erotot9702.asc
ncols         21
nrows         20
xllcorner     100.000000
yllcorner     100.000000
cellsize      50.000000
NODATA_value  -9999.0
0.000000 0.000000 0.000000 0.000000 0.000000 0.000000 0.000000 0.000000 0.000000 0.000000 0.000000 0.000000 0.000000 0.000000 0.000000 0.000000 0.000000 0.000000 0.000000 0.000000 0.000000
0.000000 0.000000 811.930143 812.080788 810.900813 810.438124 808.865778 808.428246 808.524506 808.583250 808.936968 808.376304 808.235334 808.269315 809.234447 809.816987 811.177493 812.412050 813.062192 0.000000 0.000000
0.000000 0.000000 61.261950 59.913355 60.207400 59.985690 60.719949 60.227586 59.864671 59.710514 59.947099 60.102907 60.273702 60.347109 60.233157 59.747449 58.723481 57.826623 58.614186 0.000000 0.000000
0.000000 0.000000 536.546360 540.394175 525.977353 518.513225 517.943607 509.941903 517.010019 518.954980 515.058071 515.972651 520.273575 519.686449 528.513629 539.054657 541.959129 540.472997 545.924949 0.000000 0.000000
0.000000 0.000000 4520.335855 4514.582556 4510.940117 4472.345980 4446.058174 4430.622055 4423.103017 4417.119349 4422.974869 4428.595048 4428.609105 4422.728397 4442.825053 4449.093679 4467.948906 4479.322563 4480.319717 0.000000 0.000000
0.000000 0.000000 6721.151137 6714.618199 6709.825875 6711.986660 6683.986430 6671.229193 6674.965582 6673.692089 6668.281229 6661.706005 6659.514750 6663.766280 6665.651646 6692.974725 6693.143828 6700.555861 6702.480378 0.000000 0.000000
0.000000 0.000000 8260.392452 8254.313236 8250.491562 8237.456767 8230.592510 8193.954835 8193.275310 8189.992660 8188.397309 8192.415012 8192.949394 8194.109748 8229.659960 8233.976134 8243.588438 8246.556651 8251.642681 0.000000 0.000000
0.000000 0.000000 9898.367918 9894.343615 9887.664276 9871.958467 9861.427798 9857.280204 9857.870889 9855.404797 9854.304698 9850.287510 9849.630479 9856.777522 9855.338066 9866.863269 9882.622986 9880.243846 9886.479392 0.000000 0.000000
0.000000 0.000000 11976.271599 11969.982725 11961.129416 11955.279587 11937.636511 11914.561191 11917.753314 11913.428985 11909.224496 11908.776753 11912.082763 11905.521531 11932.731725 11948.404672 11951.266057 11955.085227 11957.568243 0.000000 0.000000
0.000000 0.000000 14407.405244 14397.164161 14392.818653 14383.563814 14367.596817 14347.627527 14346.500228 14344.109024 14338.495000 14342.893758 14346.340790 14345.590194 14354.402259 14376.237291 14384.712909 14388.909190 14388.089980 0.000000 0.000000
0.000000 0.000000 17131.610022 17126.521334 17122.791114 17087.188948 17086.600885 17057.336754 17065.773868 17046.982537 17051.930025 17047.554081 17039.510527 17051.285979 17068.037079 17073.613359 17089.918995 17093.334520 17112.112471 0.000000 0.000000
0.000000 0.000000 20194.333285 20178.608994 20157.972785 20154.939746 20142.138597 20108.049086 20106.394659 20108.100584 20114.175798 20097.944282 20106.463062 20103.044865 20134.290893 20150.661400 20152.898274 20159.236853 20185.776427 0.000000 0.000000
0.000000 0.000000 23464.710217 23453.476284 23455.082687 23431.991932 23411.652326 23331.044031 23325.281233 23322.421469 23282.205205 23309.027403 23310.472777 23318.887803 23380.135523 23389.959767 23427.016474 23426.502284 23431.119854 0.000000 0.000000
0.000000 0.000000 27369.946824 27368.662459 27338.164348 27322.209066 27211.352979 27274.022594 27245.351432 27246.238188 27265.895004 27246.649050 27244.821966 27229.829262 27168.670126 27299.178628 27298.832807 27331.469300 27347.142276 0.000000 0.000000
0.000000 0.000000 31515.319227 31503.025323 31483.047090 31352.787933 31428.042568 31340.097270 31319.613365 31311.333436 31279.768706 31268.359184 31282.536802 31284.892621 31363.762252 31284.388170 31467.751773 31419.328133 31407.515960 0.000000 0.000000
0.000000 0.000000 35027.986161 35020.155105 34876.854739 34969.014163 34945.090179 34956.791348 35030.610437 35009.431527 35046.977885 35040.324576 35012.241656 35047.960460 35022.071729 35050.923319 34855.581753 35086.659798 35077.583497 0.000000 0.000000
0.000000 0.000000 38054.894093 37933.445796 37999.261514 37944.404278 37880.808449 37865.011691 37817.558183 37831.918418 37785.943060 37792.854115 37818.376068 37793.663973 37828.455914 37865.290235 37993.073817 37872.991486 38002.328143 0.000000 0.000000
0.000000 0.000000 38959.807346 39038.479837 39120.389248 39113.991253 39111.043988 39044.307732 39053.267843 39030.717940 39061.911327 39056.322079 39057.075258 39060.039274 39113.721580 39118.910825 39129.333707 39053.512023 38976.510417 0.000000 0.000000
0.000000 0.000000 0.000000 0.000000 0.000000 0.000000 0.000000 0.000000 0.000000 0.000000 0.000000 0.000000 0.000000 0.000000 0.000000 0.000000 0.000000 0.000000 0.000000 0.000000 0.000000
0.000000 0.000000 0.000000 0.000000 0.000000 0.000000 0.000000 0.000000 0.000000 0.000000 0.000000 0.000000 0.000000 0.000000 0.000000 0.000000 0.000000 0.000000 0.000000 0.000000 0.000000