geotop/1.0zi/1.0Montebello/Templates/testdem/maps/_Erotot2862.asc
ncols         21
nrows         20
xllcorner     100.000000
yllcorner     100.000000
cellsize      50.000000
NODATA_value  -9999.0
0.000000 0.000000 0.000000 0.000000 0.000000 0.000000 0.000000 0.000000 0.000000 0.000000 0.000000 0.000000 0.000000 0.000000 0.000000 0.000000 0.000000 0.000000 0.000000 0.000000 0.000000
0.000000 0.000000 278.537230 278.540080 278.543460 278.661491 278.531601 278.535778 278.510244 278.549487 278.567450 278.549487 278.510244 278.535778 278.531601 278.661491 278.543460 278.540080 278.537230 0.000000 0.000000
0.000000 0.000000 14.701329 14.479247 12.728776 14.444613 14.736278 14.722760 14.753636 14.701423 14.652887 14.701423 14.753636 14.722760 14.736278 14.444613 12.728776 14.479247 14.701329 0.000000 0.000000
0.000000 0.000000 2121.458135 2121.138242 2121.472373 2119.602060 2121.613337 2121.056437 2121.051483 2121.909045 2122.183041 2121.909045 2121.051483 2121.056437 2121.613337 2119.602060 2121.472373 2121.138242 2121.458135 0.000000 0.000000
0.000000 0.000000 4182.193953 4182.025917 4181.369253 4181.960856 4182.500936 4182.360794 4182.326421 4182.479611 4182.448392 4182.479611 4182.326421 4182.360794 4182.500936 4181.960856 4181.369253 4182.025917 4182.193953 0.000000 0.000000
0.000000 0.000000 5438.323809 5438.121292 5437.564406 5437.712513 5438.518949 5438.228486 5438.247111 5438.596229 5438.732523 5438.596229 5438.247111 5438.228486 5438.518949 5437.712513 5437.564406 5438.121292 5438.323809 0.000000 0.000000
0.000000 0.000000 7063.272973 7063.104789 7062.597895 7062.733985 7063.422111 7063.171245 7063.195038 7063.504654 7063.644807 7063.504654 7063.195038 7063.171245 7063.422111 7062.733985 7062.597895 7063.104789 7063.272973 0.000000 0.000000
0.000000 0.000000 8579.431515 8579.290736 8578.821057 8578.959069 8579.548807 8579.333823 8579.355149 8579.630968 8579.761085 8579.630968 8579.355149 8579.333823 8579.548807 8578.959069 8578.821057 8579.290736 8579.431515 0.000000 0.000000
0.000000 0.000000 9982.735437 9982.607508 9982.163525 9982.300977 9982.840316 9982.643082 9982.663071 9982.921061 9983.043448 9982.921061 9982.663071 9982.643082 9982.840316 9982.300977 9982.163525 9982.607508 9982.735437 0.000000 0.000000
0.000000 0.000000 11296.989081 11296.889671 11296.458332 11296.633065 11297.081027 11296.905580 11296.930000 11297.163703 11297.278036 11297.163703 11296.930000 11296.905580 11297.081027 11296.633065 11296.458332 11296.889671 11296.989081 0.000000 0.000000
0.000000 0.000000 12527.310465 12527.204789 12526.794894 12526.944792 12527.401106 12527.227173 12527.247415 12527.476520 12527.583632 12527.476520 12527.247415 12527.227173 12527.401106 12526.944792 12526.794894 12527.204789 12527.310465 0.000000 0.000000
0.000000 0.000000 13696.144351 13696.038966 13695.646468 13695.790215 13696.229839 13696.064009 13696.083003 13696.303242 13696.406596 13696.303242 13696.083003 13696.064009 13696.229839 13695.790215 13695.646468 13696.038966 13696.144351 0.000000 0.000000
0.000000 0.000000 14811.013206 14810.913443 14810.528857 14810.673839 14811.092003 14810.931255 14810.950358 14811.163788 14811.261951 14811.163788 14810.950358 14810.931255 14811.092003 14810.673839 14810.528857 14810.913443 14811.013206 0.000000 0.000000
0.000000 0.000000 15881.615980 15881.524259 15881.150497 15881.312491 15881.692401 15881.538878 15881.559406 15881.763468 15881.857862 15881.763468 15881.559406 15881.538878 15881.692401 15881.312491 15881.150497 15881.524259 15881.615980 0.000000 0.000000
0.000000 0.000000 16911.091658 16910.998203 16910.630151 16910.780392 16911.164001 16911.012484 16911.031485 16911.232585 16911.323521 16911.232585 16911.031485 16911.012484 16911.164001 16910.780392 16910.630151 16910.998203 16911.091658 0.000000 0.000000
0.000000 0.000000 17902.580473 17902.489417 17902.133322 17902.276623 17902.646720 17902.500357 17902.519186 17902.714199 17902.802018 17902.714199 17902.519186 17902.500357 17902.646720 17902.276623 17902.133322 17902.489416 17902.580469 0.000000 0.000000
0.000000 0.000000 18858.482341 18858.393310 18858.041071 18858.187130 18858.546469 18858.402856 18858.421143 18858.610405 18858.694396 18858.610405 18858.421143 18858.402856 18858.546469 18858.187130 18858.041070 18858.393289 18858.482094 0.000000 0.000000
0.000000 0.000000 19826.301456 19826.682514 19826.338027 19826.479681 19826.832365 19826.692748 19826.709070 19826.893844 19826.974489 19826.893844 19826.709070 19826.692748 19826.832365 19826.479680 19826.338008 19826.679072 19826.764608 0.000000 0.000000
0.000000 0.000000 0.000000 0.000000 0.000000 0.000000 0.000000 0.000000 0.000000 0.000000 0.000000 0.000000 0.000000 0.000000 0.000000 0.000000 0.000000 0.000000 0.000000 0.000000 0.000000
0.000000 0.000000 0.000000 0.000000 0.000000 0.000000 0.000000 0.000000 0.000000 0.000000 0.000000 0.000000 0.000000 0.000000 0.000000 0.000000 0.000000 0.000000 0.000000 0.000000 0.000000