geotop/1.0zi/1.0Montebello/Templates/testdem/maps/_Erotot7620.asc
ncols         21
nrows         20
xllcorner     100.000000
yllcorner     100.000000
cellsize      50.000000
NODATA_value  -9999.0
0.000000 0.000000 0.000000 0.000000 0.000000 0.000000 0.000000 0.000000 0.000000 0.000000 0.000000 0.000000 0.000000 0.000000 0.000000 0.000000 0.000000 0.000000 0.000000 0.000000 0.000000
0.000000 0.000000 645.091388 646.031145 645.425020 645.582703 644.707964 644.905459 644.852226 644.957025 645.380288 644.712461 644.596050 644.637308 644.985470 645.030806 645.834045 646.420324 646.496304 0.000000 0.000000
0.000000 0.000000 50.270146 49.048314 49.195658 49.572093 49.986024 49.662715 49.397565 49.235396 49.477145 49.812656 49.834270 49.998597 49.748114 49.422329 48.012524 47.075372 47.828084 0.000000 0.000000
0.000000 0.000000 353.332081 354.621221 342.464378 336.708954 337.515375 326.135111 326.205518 327.082187 323.421678 321.587366 323.789776 323.937091 334.244809 341.102107 345.734008 348.686084 353.588327 0.000000 0.000000
0.000000 0.000000 3018.361755 3021.499964 3025.122616 3003.303159 2984.685629 2974.953882 2974.341713 2969.608198 2976.601271 2981.987554 2977.481327 2976.053397 2990.499976 2993.412671 3003.211737 3011.802863 3011.342196 0.000000 0.000000
0.000000 0.000000 4825.180542 4819.449089 4815.903462 4810.009670 4795.542615 4785.869011 4786.666413 4785.640192 4782.280072 4776.607271 4775.665790 4778.852724 4778.042418 4797.488685 4805.435839 4812.306396 4815.341398 0.000000 0.000000
0.000000 0.000000 6101.641646 6098.658891 6094.342518 6087.703648 6074.175887 6053.056808 6052.054047 6048.269263 6049.717417 6053.471880 6054.982192 6055.546712 6082.615564 6092.386632 6097.812108 6100.536219 6105.731232 0.000000 0.000000
0.000000 0.000000 7143.743815 7144.213110 7141.430499 7131.929740 7129.759054 7120.811996 7121.073121 7120.931665 7119.958758 7116.141806 7115.463855 7121.586191 7123.133174 7127.680170 7139.891627 7138.471728 7143.320905 0.000000 0.000000
0.000000 0.000000 8519.548075 8515.355701 8509.346127 8509.266601 8498.656792 8483.880230 8485.077630 8480.681987 8478.569769 8478.437347 8480.815346 8475.141492 8493.344497 8506.874682 8508.561282 8512.171408 8513.502273 0.000000 0.000000
0.000000 0.000000 10094.901732 10091.699737 10092.215336 10088.346713 10068.653521 10059.356141 10059.105608 10058.821439 10055.501645 10058.948644 10062.027093 10061.313078 10067.842287 10081.693260 10089.135427 10091.051563 10092.098717 0.000000 0.000000
0.000000 0.000000 11815.233098 11814.593475 11812.045814 11792.631910 11787.030303 11772.055076 11777.595047 11764.733001 11768.614325 11767.048824 11760.269319 11770.004331 11778.975884 11781.641625 11793.817009 11800.774604 11811.152289 0.000000 0.000000
0.000000 0.000000 13671.514814 13664.108724 13656.615317 13653.352649 13643.843028 13624.498877 13621.214845 13621.705874 13628.860815 13618.285699 13622.154802 13622.140721 13643.835389 13651.844386 13654.658487 13658.595758 13681.236908 0.000000 0.000000
0.000000 0.000000 15592.315717 15587.954667 15588.440180 15575.531921 15568.864234 15523.313465 15521.661086 15520.821658 15500.356247 15512.187506 15516.395712 15520.918966 15552.662351 15559.411429 15581.705020 15581.452864 15589.122586 0.000000 0.000000
0.000000 0.000000 17780.013644 17782.569496 17770.006071 17765.722871 17712.101223 17730.077075 17715.216267 17716.437847 17722.032594 17717.967745 17715.866467 17711.418166 17692.128640 17750.309634 17756.898962 17776.036311 17785.278385 0.000000 0.000000
0.000000 0.000000 20222.491531 20214.843080 20206.602053 20149.039935 20159.825564 20130.989276 20112.419956 20109.646022 20098.781265 20088.958146 20094.438177 20093.147089 20126.120845 20118.200758 20202.746411 20186.219456 20184.109796 0.000000 0.000000
0.000000 0.000000 22774.287570 22771.639208 22688.247278 22710.459752 22712.375805 22702.381390 22740.336105 22726.412492 22743.470499 22735.545892 22722.690864 22744.443111 22746.905102 22747.572275 22680.639601 22802.311095 22794.144525 0.000000 0.000000
0.000000 0.000000 25821.704330 25700.984276 25727.034999 25689.270393 25625.289845 25612.098605 25580.183680 25589.895885 25552.220826 25555.847580 25574.507535 25559.722721 25588.949058 25628.140135 25725.085008 25663.251536 25792.156052 0.000000 0.000000
0.000000 0.000000 27163.775027 27272.012694 27388.322792 27386.501662 27384.745251 27285.572964 27298.612734 27266.425345 27312.401850 27303.924334 27302.810504 27310.673054 27394.075788 27396.415050 27409.969821 27310.284933 27203.762728 0.000000 0.000000
0.000000 0.000000 0.000000 0.000000 0.000000 0.000000 0.000000 0.000000 0.000000 0.000000 0.000000 0.000000 0.000000 0.000000 0.000000 0.000000 0.000000 0.000000 0.000000 0.000000 0.000000
0.000000 0.000000 0.000000 0.000000 0.000000 0.000000 0.000000 0.000000 0.000000 0.000000 0.000000 0.000000 0.000000 0.000000 0.000000 0.000000 0.000000 0.000000 0.000000 0.000000 0.000000