geotop/1.0zi/1.0Montebello/Templates/testdem/maps/_Erotot7244.asc
ncols         21
nrows         20
xllcorner     100.000000
yllcorner     100.000000
cellsize      50.000000
NODATA_value  -9999.0
0.000000 0.000000 0.000000 0.000000 0.000000 0.000000 0.000000 0.000000 0.000000 0.000000 0.000000 0.000000 0.000000 0.000000 0.000000 0.000000 0.000000 0.000000 0.000000 0.000000 0.000000
0.000000 0.000000 585.861268 586.657380 586.294374 586.500055 585.874207 585.899688 585.847510 585.949446 586.375203 585.704404 585.589184 585.673410 585.973937 585.945050 586.721741 586.996664 587.081150 0.000000 0.000000
0.000000 0.000000 46.274412 45.045282 45.076533 45.228844 45.469380 45.315455 45.059123 44.900753 45.140419 45.426506 45.438619 45.563110 45.337867 45.136103 43.852042 43.084620 43.819586 0.000000 0.000000
0.000000 0.000000 250.514011 252.204859 240.161647 237.426835 235.938083 229.048279 229.686636 228.254768 227.030096 224.819671 227.114224 227.121528 235.292505 241.395076 242.755242 244.565580 250.263089 0.000000 0.000000
0.000000 0.000000 2676.073967 2679.216151 2682.772271 2661.363012 2646.226287 2632.923841 2634.874728 2631.863236 2637.389543 2643.231109 2638.140623 2636.467591 2648.762839 2651.611086 2661.031417 2669.604019 2671.322555 0.000000 0.000000
0.000000 0.000000 4433.607756 4427.926019 4424.554537 4418.255665 4403.617932 4395.340682 4394.657109 4393.773755 4390.366994 4384.609147 4383.698528 4386.997250 4387.051195 4405.657624 4413.940647 4420.639962 4422.574598 0.000000 0.000000
0.000000 0.000000 5654.144311 5651.230215 5647.001556 5641.130502 5627.625575 5608.222150 5607.684917 5603.850820 5605.415839 5609.152087 5610.595110 5611.146806 5636.115345 5645.776931 5650.396042 5652.736999 5658.321663 0.000000 0.000000
0.000000 0.000000 6583.774162 6584.302724 6581.639873 6572.973295 6571.357491 6562.672311 6563.308075 6563.156464 6562.319169 6558.476866 6557.776551 6563.699998 6564.779349 6568.697938 6579.912862 6578.163379 6583.264095 0.000000 0.000000
0.000000 0.000000 7830.227271 7826.182786 7820.398966 7820.859749 7810.842765 7797.052190 7798.507292 7794.249516 7792.233672 7792.060176 7794.289875 7788.688970 7805.645717 7818.506097 7819.419530 7822.465662 7824.156715 0.000000 0.000000
0.000000 0.000000 9260.620784 9257.551692 9258.125919 9255.083577 9236.218603 9227.755624 9227.951002 9227.527284 9224.515947 9227.697759 9230.713826 9229.923935 9235.435064 9248.438942 9254.923089 9256.364327 9257.737050 0.000000 0.000000
0.000000 0.000000 10815.750327 10815.179568 10812.738327 10794.774230 10791.001618 10775.760109 10781.373935 10769.050092 10772.852036 10771.253337 10764.795634 10774.113411 10781.835192 10784.121777 10795.012216 10801.259296 10811.593767 0.000000 0.000000
0.000000 0.000000 12476.118198 12469.118279 12462.155033 12459.549974 12450.557204 12432.954861 12430.455460 12430.511591 12437.598226 12427.460463 12430.956610 12430.998205 12450.744101 12457.847379 12459.755220 12463.098530 12485.074798 0.000000 0.000000
0.000000 0.000000 14189.433333 14185.423295 14185.722028 14174.339628 14168.464686 14128.134678 14126.781871 14125.923074 14107.331545 14117.954542 14122.048643 14126.054865 14153.352842 14159.461908 14179.142945 14178.457464 14186.800369 0.000000 0.000000
0.000000 0.000000 16117.490245 16119.766094 16108.283457 16104.870249 16059.271818 16072.782598 16060.008631 16060.912188 16065.325407 16061.893877 16060.154474 16056.263899 16040.103931 16090.005080 16095.870133 16112.701208 16121.825295 0.000000 0.000000
0.000000 0.000000 18252.948555 18245.845331 18238.878634 18192.382487 18197.784430 18174.275363 18157.442708 18154.997479 18146.233113 18137.145003 18141.688689 18140.321764 18167.077072 18164.331006 18234.200210 18220.610337 18219.804546 0.000000 0.000000
0.000000 0.000000 20482.054849 20479.712453 20411.446030 20424.338910 20427.963624 20416.557587 20447.783694 20435.209572 20448.640080 20440.811540 20431.069626 20448.692745 20452.662921 20452.774482 20403.943512 20500.721379 20493.887519 0.000000 0.000000
0.000000 0.000000 23121.023074 23025.848507 23038.133272 23011.279432 22959.528254 22948.809446 22926.948624 22933.679045 22905.100151 22906.854474 22920.286867 22911.649349 22934.197759 22964.585002 23035.572812 22998.123757 23100.621314 0.000000 0.000000
0.000000 0.000000 24512.455357 24582.568531 24676.871894 24671.084424 24661.587237 24581.293023 24588.690551 24562.795859 24595.600927 24588.870073 24591.421143 24594.133070 24662.707712 24670.875525 24693.292057 24606.717746 24538.690064 0.000000 0.000000
0.000000 0.000000 0.000000 0.000000 0.000000 0.000000 0.000000 0.000000 0.000000 0.000000 0.000000 0.000000 0.000000 0.000000 0.000000 0.000000 0.000000 0.000000 0.000000 0.000000 0.000000
0.000000 0.000000 0.000000 0.000000 0.000000 0.000000 0.000000 0.000000 0.000000 0.000000 0.000000 0.000000 0.000000 0.000000 0.000000 0.000000 0.000000 0.000000 0.000000 0.000000 0.000000