geotop/1.0zi/1.0Montebello/Templates/testdem/maps/_Erotot4180.asc
ncols         21
nrows         20
xllcorner     100.000000
yllcorner     100.000000
cellsize      50.000000
NODATA_value  -9999.0
0.000000 0.000000 0.000000 0.000000 0.000000 0.000000 0.000000 0.000000 0.000000 0.000000 0.000000 0.000000 0.000000 0.000000 0.000000 0.000000 0.000000 0.000000 0.000000 0.000000 0.000000
0.000000 0.000000 306.673964 306.234284 306.043815 305.896974 305.923574 305.977903 306.015601 306.014044 306.000456 306.003838 306.005363 306.049221 305.920729 305.939920 306.113942 306.023490 306.116729 0.000000 0.000000
0.000000 0.000000 24.222132 24.773385 25.046224 25.752932 25.389873 25.408543 24.981762 24.912335 24.966936 25.341107 25.106798 24.935928 25.423700 25.185258 24.304831 23.742342 23.616291 0.000000 0.000000
0.000000 0.000000 137.861490 139.244614 132.172645 129.546746 130.313018 125.162016 124.331327 123.917764 123.156555 122.684312 123.807546 122.624542 125.505995 130.521258 131.259971 133.639395 136.329960 0.000000 0.000000
0.000000 0.000000 1311.747582 1316.135311 1321.974846 1316.661512 1310.266114 1306.267954 1309.884564 1304.366112 1307.806565 1311.291531 1309.752892 1305.678400 1309.956666 1306.797884 1307.364729 1308.898840 1309.628281 0.000000 0.000000
0.000000 0.000000 2463.123929 2456.190312 2450.883087 2448.683166 2444.480851 2440.321450 2438.611152 2440.310113 2440.191465 2437.068444 2432.821223 2432.999816 2433.072004 2445.117349 2451.263095 2451.029907 2454.248773 0.000000 0.000000
0.000000 0.000000 3053.447417 3048.191322 3043.177890 3036.567807 3027.750927 3013.321601 3014.448598 3011.119680 3014.071422 3013.686556 3016.257967 3018.207697 3031.876427 3038.992522 3046.168977 3050.610629 3053.424963 0.000000 0.000000
0.000000 0.000000 3499.414542 3499.176185 3499.491331 3495.329893 3494.912223 3491.599639 3492.584456 3493.051414 3490.579605 3491.543527 3489.517349 3487.238725 3489.634469 3493.337443 3494.823727 3493.874900 3495.341433 0.000000 0.000000
0.000000 0.000000 4109.108502 4108.014896 4104.308602 4103.533460 4099.885700 4090.918967 4091.472454 4089.527859 4090.198129 4090.421990 4089.367657 4089.062803 4093.925453 4101.395711 4101.280521 4102.460745 4106.161452 0.000000 0.000000
0.000000 0.000000 4798.719758 4796.521882 4795.567872 4792.386335 4784.920189 4780.561127 4782.334122 4781.436386 4781.495213 4781.500362 4780.188698 4777.600211 4784.134253 4790.223951 4792.552689 4793.300249 4794.724534 0.000000 0.000000
0.000000 0.000000 5525.700209 5523.365504 5520.735217 5519.169454 5517.980724 5508.268298 5508.876461 5506.341258 5506.625526 5507.376007 5505.871984 5504.514095 5508.530995 5510.936742 5515.284342 5517.155543 5520.251571 0.000000 0.000000
0.000000 0.000000 6280.584981 6278.659591 6275.715208 6269.650770 6265.799782 6258.479617 6257.810163 6257.303276 6257.431996 6256.582567 6255.823626 6254.736549 6263.001602 6268.591550 6271.841058 6272.728895 6289.485745 0.000000 0.000000
0.000000 0.000000 7034.466191 7031.909729 7028.719035 7026.453815 7020.534051 7003.428097 7003.996004 7002.281968 7002.202955 7002.661172 7000.729205 7000.127848 7013.872176 7021.521234 7024.467449 7025.808921 7028.215362 0.000000 0.000000
0.000000 0.000000 7837.655317 7834.252984 7830.817387 7827.409460 7811.165540 7818.712775 7813.739461 7812.620502 7813.097988 7813.101682 7811.573652 7810.365848 7804.637920 7821.199307 7824.806457 7829.675468 7829.724550 0.000000 0.000000
0.000000 0.000000 8691.932011 8686.180359 8680.905455 8670.814188 8668.875066 8654.022680 8646.798922 8645.194843 8641.153643 8640.443730 8641.035051 8637.693630 8647.314598 8655.135135 8674.269047 8670.074533 8671.503832 0.000000 0.000000
0.000000 0.000000 9538.075766 9536.922929 9517.571973 9520.721310 9521.494277 9520.866200 9523.532956 9523.418494 9526.030104 9525.834870 9522.406119 9525.812676 9522.870498 9521.694994 9511.591891 9532.184056 9536.590053 0.000000 0.000000
0.000000 0.000000 10495.420961 10474.242067 10465.313719 10458.715256 10446.315934 10440.905717 10439.704307 10438.965540 10435.552540 10435.688441 10435.192823 10431.654478 10435.108032 10450.297552 10462.552352 10463.228150 10484.279891 0.000000 0.000000
0.000000 0.000000 11211.236074 11212.554618 11230.073142 11221.578617 11216.781498 11198.122217 11197.077946 11194.431670 11195.807652 11195.397433 11193.476635 11193.175623 11210.263468 11218.426682 11229.327130 11206.466825 11209.283258 0.000000 0.000000
0.000000 0.000000 0.000000 0.000000 0.000000 0.000000 0.000000 0.000000 0.000000 0.000000 0.000000 0.000000 0.000000 0.000000 0.000000 0.000000 0.000000 0.000000 0.000000 0.000000 0.000000
0.000000 0.000000 0.000000 0.000000 0.000000 0.000000 0.000000 0.000000 0.000000 0.000000 0.000000 0.000000 0.000000 0.000000 0.000000 0.000000 0.000000 0.000000 0.000000 0.000000 0.000000