geotop/1.0zi/1.0Montebello/Templates/testdem/maps/_Erotot4834.asc
ncols         21
nrows         20
xllcorner     100.000000
yllcorner     100.000000
cellsize      50.000000
NODATA_value  -9999.0
0.000000 0.000000 0.000000 0.000000 0.000000 0.000000 0.000000 0.000000 0.000000 0.000000 0.000000 0.000000 0.000000 0.000000 0.000000 0.000000 0.000000 0.000000 0.000000 0.000000 0.000000
0.000000 0.000000 360.972577 360.047792 359.763020 359.571076 359.540784 359.550029 359.589998 359.749973 359.704490 359.576527 359.657944 359.733324 359.611828 359.660112 359.847350 359.815639 360.385516 0.000000 0.000000
0.000000 0.000000 28.254788 29.202973 29.648591 30.688729 30.204478 30.321684 30.000909 29.796229 29.868281 30.210807 29.872820 29.668524 30.277545 29.897404 29.079179 28.471966 27.801549 0.000000 0.000000
0.000000 0.000000 147.433592 148.812034 141.676478 139.692379 140.886568 136.166719 135.391135 135.487161 134.096128 132.957712 134.073725 132.626184 135.173709 140.027093 139.516049 142.867755 145.541311 0.000000 0.000000
0.000000 0.000000 1446.733909 1451.004705 1456.200919 1438.773323 1427.763856 1419.545782 1422.193298 1416.638505 1420.510994 1424.683612 1425.018092 1425.366002 1434.818529 1433.811960 1439.880232 1445.146248 1446.977533 0.000000 0.000000
0.000000 0.000000 2729.048780 2723.400882 2719.521275 2716.371784 2710.045805 2706.799709 2704.167562 2706.038882 2705.447432 2702.713747 2699.121686 2701.005571 2700.924039 2713.931360 2717.932847 2718.234138 2721.118444 0.000000 0.000000
0.000000 0.000000 3500.016245 3495.411825 3490.597642 3486.733854 3475.779097 3460.236866 3461.606697 3458.251814 3461.104154 3460.236508 3463.148852 3465.421124 3480.143961 3489.342870 3495.508328 3499.479534 3503.052157 0.000000 0.000000
0.000000 0.000000 4050.198104 4050.339653 4050.935661 4046.391050 4044.462807 4039.596901 4040.315466 4040.654628 4037.998179 4038.763437 4037.803181 4036.998523 4040.463414 4043.964442 4045.972247 4045.643654 4046.893867 0.000000 0.000000
0.000000 0.000000 4739.875686 4739.553424 4736.829000 4734.451241 4729.650179 4720.872085 4721.180152 4719.421744 4719.693975 4720.165929 4719.562236 4720.568365 4726.120302 4734.107961 4734.064361 4735.809940 4739.564394 0.000000 0.000000
0.000000 0.000000 5551.727493 5549.792872 5549.898052 5545.845051 5536.620626 5531.404378 5533.073038 5532.231583 5532.108593 5531.942224 5531.240297 5529.998978 5537.771680 5544.666512 5546.885646 5548.152616 5549.562089 0.000000 0.000000
0.000000 0.000000 6411.069147 6409.069080 6407.511095 6405.181541 6402.012418 6391.198000 6391.540514 6389.091873 6388.963747 6389.849741 6389.051624 6389.352275 6394.804485 6397.782136 6402.532129 6404.868649 6407.986961 0.000000 0.000000
0.000000 0.000000 7306.366900 7305.450207 7302.816722 7295.790544 7290.513362 7282.123053 7281.172518 7280.884750 7280.764982 7279.726311 7279.671901 7279.982878 7289.571139 7295.838450 7299.213838 7300.638579 7317.903488 0.000000 0.000000
0.000000 0.000000 8209.398604 8207.298338 8204.909560 8201.864700 8193.779897 8173.571947 8173.898487 8172.172961 8171.840822 8172.291599 8171.030911 8171.984239 8189.235706 8197.749107 8200.996549 8202.767152 8205.174016 0.000000 0.000000
0.000000 0.000000 9175.808086 9172.486925 9170.186240 9165.984665 9144.720951 9153.099200 9147.147705 9146.316397 9146.498930 9146.628759 9145.714999 9145.932853 9140.106405 9160.101867 9164.044460 9169.695252 9169.622781 0.000000 0.000000
0.000000 0.000000 10209.073359 10204.099530 10199.050298 10184.715528 10181.643067 10164.845192 10156.514463 10154.861893 10150.169275 10149.665228 10151.204490 10149.274087 10160.991784 10169.348548 10192.563036 10188.216799 10189.708662 0.000000 0.000000
0.000000 0.000000 11243.028039 11242.403076 11219.537448 11223.009571 11221.860729 11220.781967 11223.886169 11224.068780 11226.852777 11226.446729 11223.389321 11229.397579 11227.258141 11226.000745 11213.682023 11240.388803 11245.315744 0.000000 0.000000
0.000000 0.000000 12418.460509 12391.026011 12382.219201 12373.560169 12357.033905 12350.220964 12348.458011 12347.672048 12343.339274 12343.453597 12344.292039 12341.626750 12347.120982 12365.368528 12379.814059 12380.265385 12407.880980 0.000000 0.000000
0.000000 0.000000 13279.695613 13284.170667 13308.922822 13298.442755 13291.120514 13265.054240 13263.298521 13260.441757 13262.249904 13261.769589 13260.357813 13262.652651 13287.518110 13296.840837 13309.424062 13280.546779 13281.833021 0.000000 0.000000
0.000000 0.000000 0.000000 0.000000 0.000000 0.000000 0.000000 0.000000 0.000000 0.000000 0.000000 0.000000 0.000000 0.000000 0.000000 0.000000 0.000000 0.000000 0.000000 0.000000 0.000000
0.000000 0.000000 0.000000 0.000000 0.000000 0.000000 0.000000 0.000000 0.000000 0.000000 0.000000 0.000000 0.000000 0.000000 0.000000 0.000000 0.000000 0.000000 0.000000 0.000000 0.000000