geotop/1.0zi/1.0Montebello/Templates/testdem/maps/_Erotot4886.asc
ncols         21
nrows         20
xllcorner     100.000000
yllcorner     100.000000
cellsize      50.000000
NODATA_value  -9999.0
0.000000 0.000000 0.000000 0.000000 0.000000 0.000000 0.000000 0.000000 0.000000 0.000000 0.000000 0.000000 0.000000 0.000000 0.000000 0.000000 0.000000 0.000000 0.000000 0.000000 0.000000
0.000000 0.000000 361.523262 360.599596 360.315780 360.124647 360.095174 360.105032 360.145023 360.305032 360.259515 360.131565 360.212906 360.288230 360.166221 360.213629 360.400081 360.367392 360.936195 0.000000 0.000000
0.000000 0.000000 28.290433 29.238887 29.684706 30.725267 30.241392 30.359119 30.038315 29.833599 29.905683 30.248196 29.910289 29.706075 30.314439 29.933970 29.115361 28.507861 27.837129 0.000000 0.000000
0.000000 0.000000 151.030314 152.368834 145.149537 143.158856 144.362358 139.640791 138.866548 138.973286 137.574671 136.433650 137.548684 136.099259 138.647318 143.463896 142.998886 146.385604 149.098957 0.000000 0.000000
0.000000 0.000000 1467.511049 1471.746302 1476.959064 1459.386415 1448.277303 1440.006258 1442.642086 1437.102905 1440.971069 1445.136270 1445.471392 1445.809882 1455.278092 1454.342472 1460.625787 1465.962397 1467.765109 0.000000 0.000000
0.000000 0.000000 2749.998884 2744.375051 2740.499355 2737.384164 2731.046007 2727.781663 2725.158232 2727.013068 2726.424146 2723.699641 2720.106059 2721.998163 2721.957118 2734.996562 2738.900500 2739.169835 2742.067645 0.000000 0.000000
0.000000 0.000000 3523.120509 3518.507935 3513.674604 3509.801493 3498.755645 3483.149491 3484.519082 3481.169597 3484.017698 3483.144704 3486.058602 3488.330841 3503.120909 3512.402190 3518.568283 3522.561746 3526.146523 0.000000 0.000000
0.000000 0.000000 4080.049816 4080.177709 4080.751474 4076.177267 4074.227377 4069.312920 4070.030567 4070.376069 4067.711500 4068.471322 4067.511971 4066.706511 4070.220534 4073.731997 4075.764324 4075.467677 4076.731208 0.000000 0.000000
0.000000 0.000000 4777.053954 4776.716101 4773.964991 4771.560973 4766.709167 4757.897950 4758.207811 4756.455796 4756.717932 4757.183997 4756.581956 4757.587997 4763.170975 4771.203543 4771.167993 4772.953875 4776.725284 0.000000 0.000000
0.000000 0.000000 5597.011511 5595.058091 5595.138412 5591.055628 5581.770926 5576.514760 5578.185632 5577.354447 5577.219591 5577.043418 5576.343293 5575.098688 5582.916072 5589.853034 5592.083543 5593.397340 5594.823014 0.000000 0.000000
0.000000 0.000000 6464.896254 6462.879798 6461.294817 6458.949224 6455.730295 6444.867588 6445.209435 6442.769789 6442.628701 6443.501779 6442.706550 6443.007587 6448.502789 6451.513155 6456.260826 6458.651222 6461.791655 0.000000 0.000000
0.000000 0.000000 7369.373847 7368.436298 7365.767831 7358.707421 7353.377288 7344.940693 7343.985857 7343.714917 7343.578392 7342.520889 7342.472312 7342.782847 7352.430230 7358.730415 7362.100980 7363.588669 7380.905612 0.000000 0.000000
0.000000 0.000000 8282.113509 8279.991478 8277.569777 8274.500848 8266.357986 8245.947059 8246.274556 8244.562031 8244.210422 8244.645311 8243.385011 8244.342430 8261.787506 8270.338303 8273.576855 8275.421967 8277.843345 0.000000 0.000000
0.000000 0.000000 9259.489850 9256.139963 9253.807996 9249.574624 9228.058343 9236.478328 9230.505473 9229.695672 9229.857599 9229.962443 9229.052276 9229.268866 9223.417564 9243.635933 9247.567281 9253.318358 9253.262516 0.000000 0.000000
0.000000 0.000000 10304.737917 10299.741042 10294.619509 10280.009800 10276.954928 10260.079137 10251.716135 10250.082307 10245.335433 10244.804593 10246.366977 10244.419009 10256.191836 10264.537915 10288.015900 10283.730062 10285.249071 0.000000 0.000000
0.000000 0.000000 11351.797437 11351.144968 11327.916014 11331.451313 11330.275764 11329.181297 11332.327121 11332.550648 11335.336585 11334.898406 11331.811738 11337.878893 11335.750406 11334.453142 11321.939716 11349.149816 11354.135720 0.000000 0.000000
0.000000 0.000000 12542.339175 12514.384401 12505.487532 12496.669339 12479.904017 12472.940152 12471.157887 12470.397518 12465.979350 12466.064600 12466.944508 12464.215283 12469.869803 12488.349875 12502.957642 12503.478954 12531.591456 0.000000 0.000000
0.000000 0.000000 13412.997189 13417.612202 13442.683356 13432.026799 13424.588214 13398.091313 13396.319560 13393.475604 13395.298366 13394.773312 13393.346880 13395.696609 13420.981254 13430.384600 13443.105616 13413.987906 13415.196959 0.000000 0.000000
0.000000 0.000000 0.000000 0.000000 0.000000 0.000000 0.000000 0.000000 0.000000 0.000000 0.000000 0.000000 0.000000 0.000000 0.000000 0.000000 0.000000 0.000000 0.000000 0.000000 0.000000
0.000000 0.000000 0.000000 0.000000 0.000000 0.000000 0.000000 0.000000 0.000000 0.000000 0.000000 0.000000 0.000000 0.000000 0.000000 0.000000 0.000000 0.000000 0.000000 0.000000 0.000000