geotop/1.0zi/1.0Montebello/Templates/testdem/maps/_Erotot3703.asc
ncols         21
nrows         20
xllcorner     100.000000
yllcorner     100.000000
cellsize      50.000000
NODATA_value  -9999.0
0.000000 0.000000 0.000000 0.000000 0.000000 0.000000 0.000000 0.000000 0.000000 0.000000 0.000000 0.000000 0.000000 0.000000 0.000000 0.000000 0.000000 0.000000 0.000000 0.000000 0.000000
0.000000 0.000000 278.670668 278.182093 277.936829 277.787062 277.813342 277.868463 277.902843 277.901500 277.887061 277.892912 277.892521 277.935001 277.807583 277.828995 278.006583 277.970372 278.112814 0.000000 0.000000
0.000000 0.000000 22.201980 22.767174 23.053295 23.797464 23.386013 23.385183 22.969712 22.895702 22.959089 23.317652 23.066317 22.891019 23.333424 23.155764 22.309073 21.749224 21.610271 0.000000 0.000000
0.000000 0.000000 136.417439 137.426733 130.561618 128.134730 129.101273 123.959380 123.132487 122.752657 122.054518 121.627036 122.814950 121.346722 123.721369 128.902945 129.753265 132.091967 135.013097 0.000000 0.000000
0.000000 0.000000 1235.255855 1243.074893 1249.268667 1241.705554 1232.772706 1226.824702 1230.378521 1224.458978 1229.929244 1232.315643 1233.371137 1233.459855 1240.414607 1234.620988 1235.398514 1237.794367 1236.851871 0.000000 0.000000
0.000000 0.000000 2291.864973 2286.113809 2280.737583 2278.239225 2269.325059 2264.433884 2261.807821 2263.885784 2262.235249 2261.180794 2261.379288 2264.065995 2265.057094 2277.864497 2282.872380 2281.383747 2284.297370 0.000000 0.000000
0.000000 0.000000 2762.986603 2758.649913 2753.414917 2744.647656 2734.723387 2721.352694 2722.506573 2719.478842 2722.480954 2721.841554 2723.958843 2728.796711 2743.497801 2749.236254 2756.081089 2759.812795 2762.985891 0.000000 0.000000
0.000000 0.000000 3183.522710 3184.263712 3183.848468 3178.603176 3176.766958 3173.075248 3173.664642 3174.172439 3171.885234 3172.156369 3171.989773 3171.638356 3175.201347 3178.954266 3180.520313 3179.593448 3180.365091 0.000000 0.000000
0.000000 0.000000 3734.252907 3733.949707 3729.969185 3727.867942 3722.213497 3712.787997 3712.907363 3711.034508 3711.890490 3712.525170 3712.681426 3714.786305 3721.081298 3728.253263 3728.436585 3729.376464 3732.719583 0.000000 0.000000
0.000000 0.000000 4351.905517 4350.574206 4349.260273 4344.641601 4335.004820 4330.117173 4331.466410 4330.697588 4330.813090 4330.826067 4331.425600 4331.383761 4339.401809 4345.248225 4347.856838 4348.436836 4349.508495 0.000000 0.000000
0.000000 0.000000 4999.078791 4997.542025 4994.567562 4991.406871 4987.930611 4977.804500 4978.009541 4975.613890 4976.036381 4976.777533 4977.232281 4978.488101 4984.014575 4986.221669 4990.940256 4992.693351 4995.377984 0.000000 0.000000
0.000000 0.000000 5667.594574 5666.385198 5663.069552 5655.498828 5649.316194 5641.562410 5640.559335 5640.158639 5640.395822 5639.625475 5640.848405 5642.450208 5652.127449 5657.507419 5661.184450 5662.016279 5678.119428 0.000000 0.000000
0.000000 0.000000 6332.766856 6330.929964 6327.345847 6323.397128 6315.158254 6298.851541 6298.991521 6297.454794 6297.511125 6298.019489 6298.465848 6300.544492 6314.303724 6321.801242 6325.238300 6326.579290 6328.623683 0.000000 0.000000
0.000000 0.000000 7039.343409 7036.640649 7032.803971 7027.980182 7011.189659 7017.764088 7012.613894 7011.687993 7012.275976 7012.372189 7012.820911 7014.109403 7010.103653 7024.990125 7029.203281 7033.942087 7033.653374 0.000000 0.000000
0.000000 0.000000 7788.202566 7783.004605 7777.635378 7767.396538 7762.932173 7748.099463 7740.831282 7739.425444 7735.726349 7735.083027 7737.524137 7736.847845 7747.804497 7755.637086 7773.605704 7769.682863 7770.721561 0.000000 0.000000
0.000000 0.000000 8523.691326 8523.202901 8505.826226 8506.826057 8504.756019 8503.365799 8505.358826 8505.339016 8507.864946 8507.753342 8506.761039 8512.540141 8511.734579 8511.075605 8502.554980 8520.303620 8524.067655 0.000000 0.000000
0.000000 0.000000 9355.943135 9339.073991 9330.334608 9322.097526 9307.742182 9302.019708 9300.477673 9300.005909 9297.065790 9297.218669 9298.721639 9298.458502 9303.599736 9317.908648 9330.343838 9330.989223 9348.169235 0.000000 0.000000
0.000000 0.000000 9984.272313 9985.472083 9999.641667 9989.566283 9982.327401 9965.323459 9964.024274 9961.772517 9962.999015 9962.699237 9963.132426 9965.427786 9982.296930 9990.358543 10001.323165 9981.669670 9984.328688 0.000000 0.000000
0.000000 0.000000 0.000000 0.000000 0.000000 0.000000 0.000000 0.000000 0.000000 0.000000 0.000000 0.000000 0.000000 0.000000 0.000000 0.000000 0.000000 0.000000 0.000000 0.000000 0.000000
0.000000 0.000000 0.000000 0.000000 0.000000 0.000000 0.000000 0.000000 0.000000 0.000000 0.000000 0.000000 0.000000 0.000000 0.000000 0.000000 0.000000 0.000000 0.000000 0.000000 0.000000