geotop/1.0zi/1.0Montebello/Templates/testdem/maps/_Erotot3471.asc
ncols         21
nrows         20
xllcorner     100.000000
yllcorner     100.000000
cellsize      50.000000
NODATA_value  -9999.0
0.000000 0.000000 0.000000 0.000000 0.000000 0.000000 0.000000 0.000000 0.000000 0.000000 0.000000 0.000000 0.000000 0.000000 0.000000 0.000000 0.000000 0.000000 0.000000 0.000000 0.000000
0.000000 0.000000 372.850417 372.853273 372.856819 372.975800 372.843354 372.849109 372.822765 372.862743 372.877449 372.862743 372.822765 372.849109 372.843354 372.975800 372.856819 372.853273 372.850417 0.000000 0.000000
0.000000 0.000000 11.528775 11.290207 9.534128 11.215786 11.531885 11.457344 11.576499 11.472732 11.840236 11.472732 11.576499 11.457344 11.531885 11.215786 9.534128 11.290207 11.528775 0.000000 0.000000
0.000000 0.000000 2728.181465 2727.916809 2728.062477 2726.245509 2728.205502 2727.620427 2727.505890 2728.313148 2728.449311 2728.313148 2727.505890 2727.620427 2728.205502 2726.245509 2728.062477 2727.916809 2728.181465 0.000000 0.000000
0.000000 0.000000 5162.332010 5162.155586 5161.455734 5162.034783 5162.571048 5162.418075 5162.406847 5162.506078 5162.532480 5162.506078 5162.406847 5162.418075 5162.571048 5162.034783 5161.455734 5162.155586 5162.332010 0.000000 0.000000
0.000000 0.000000 6682.940822 6682.761033 6682.153634 6682.294615 6683.119871 6682.778459 6682.792865 6683.076071 6683.302783 6683.076071 6682.792865 6682.778459 6683.119871 6682.294615 6682.153634 6682.761033 6682.940822 0.000000 0.000000
0.000000 0.000000 8608.121361 8607.979697 8607.430997 8607.556346 8608.268855 8607.968912 8607.983674 8608.229255 8608.453940 8608.229255 8607.983674 8607.968912 8608.268855 8607.556346 8607.430997 8607.979697 8608.121361 0.000000 0.000000
0.000000 0.000000 10385.664524 10385.551149 10385.052935 10385.180807 10385.789636 10385.530910 10385.544658 10385.761003 10385.963371 10385.761003 10385.544658 10385.530910 10385.789636 10385.180807 10385.052935 10385.551149 10385.664524 0.000000 0.000000
0.000000 0.000000 12017.513270 12017.413833 12016.950732 12017.076436 12017.632973 12017.397637 12017.407779 12017.607536 12017.797819 12017.607536 12017.407779 12017.397637 12017.632973 12017.076436 12016.950732 12017.413833 12017.513270 0.000000 0.000000
0.000000 0.000000 13531.407649 13531.336732 13530.892541 13531.054509 13531.519520 13531.308939 13531.321767 13531.500163 13531.673359 13531.500163 13531.321767 13531.308939 13531.519520 13531.054509 13530.892541 13531.336732 13531.407649 0.000000 0.000000
0.000000 0.000000 14937.488531 14937.411716 14936.996337 14937.133046 14937.601734 14937.396589 14937.405701 14937.581673 14937.744646 14937.581673 14937.405701 14937.396589 14937.601734 14937.133046 14936.996337 14937.411716 14937.488531 0.000000 0.000000
0.000000 0.000000 16261.532556 16261.459383 16261.071916 16261.203581 16261.655064 16261.461009 16261.465985 16261.640045 16261.792237 16261.640045 16261.465985 16261.461009 16261.655064 16261.203581 16261.071916 16261.459383 16261.532556 0.000000 0.000000
0.000000 0.000000 17512.297594 17512.230779 17511.855894 17511.988250 17512.413928 17512.229022 17512.233187 17512.401978 17512.544221 17512.401978 17512.233187 17512.229022 17512.413928 17511.988250 17511.855894 17512.230779 17512.297594 0.000000 0.000000
0.000000 0.000000 18703.896362 18703.837360 18703.477262 18703.625223 18704.011525 18703.835546 18703.841412 18704.001860 18704.136928 18704.001860 18703.841412 18703.835546 18704.011525 18703.625223 18703.477262 18703.837360 18703.896362 0.000000 0.000000
0.000000 0.000000 19840.702834 19840.639172 19840.287442 19840.422689 19840.807265 19840.639727 19840.645818 19840.803968 19840.932037 19840.803968 19840.645818 19840.639727 19840.807265 19840.422689 19840.287442 19840.639172 19840.702834 0.000000 0.000000
0.000000 0.000000 20925.482186 20925.421147 20925.083106 20925.210542 20925.580845 20925.418855 20925.424633 20925.575929 20925.699452 20925.575929 20925.424633 20925.418855 20925.580845 20925.210542 20925.083106 20925.421147 20925.482182 0.000000 0.000000
0.000000 0.000000 21965.612352 21965.552382 21965.220648 21965.351303 21965.704453 21965.549101 21965.555143 21965.701665 21965.817750 21965.701665 21965.555143 21965.549101 21965.704453 21965.351303 21965.220647 21965.552361 21965.612256 0.000000 0.000000
0.000000 0.000000 23014.615685 23015.098979 23014.777108 23014.903168 23015.246792 23015.096780 23015.101642 23015.243327 23015.355358 23015.243327 23015.101642 23015.096780 23015.246792 23014.903167 23014.777090 23015.095659 23015.152430 0.000000 0.000000
0.000000 0.000000 0.000000 0.000000 0.000000 0.000000 0.000000 0.000000 0.000000 0.000000 0.000000 0.000000 0.000000 0.000000 0.000000 0.000000 0.000000 0.000000 0.000000 0.000000 0.000000
0.000000 0.000000 0.000000 0.000000 0.000000 0.000000 0.000000 0.000000 0.000000 0.000000 0.000000 0.000000 0.000000 0.000000 0.000000 0.000000 0.000000 0.000000 0.000000 0.000000 0.000000