geotop/1.0zi/1.0Montebello/Templates/testdem/maps/_Erotot4660.asc
ncols         21
nrows         20
xllcorner     100.000000
yllcorner     100.000000
cellsize      50.000000
NODATA_value  -9999.0
0.000000 0.000000 0.000000 0.000000 0.000000 0.000000 0.000000 0.000000 0.000000 0.000000 0.000000 0.000000 0.000000 0.000000 0.000000 0.000000 0.000000 0.000000 0.000000 0.000000 0.000000
0.000000 0.000000 350.480865 350.020373 349.805573 349.638495 349.642559 349.683038 349.720546 349.718988 349.705634 349.708797 349.710757 349.755099 349.639899 349.681613 349.874984 349.807900 349.921749 0.000000 0.000000
0.000000 0.000000 27.615144 28.255240 28.642483 29.710841 29.325898 29.402083 28.999748 28.935223 28.970601 29.281019 28.997602 28.755047 29.242413 28.982001 28.082966 27.489331 27.289457 0.000000 0.000000
0.000000 0.000000 137.884611 139.096111 132.014966 129.672270 130.758185 125.791930 125.060018 124.707535 123.835972 123.287771 124.316760 122.918651 125.656557 130.611401 131.178372 133.441949 136.079149 0.000000 0.000000
0.000000 0.000000 1344.492136 1348.615451 1353.969112 1336.828785 1325.644898 1317.688492 1320.155449 1314.325917 1318.578482 1322.814168 1323.132529 1323.632262 1332.916197 1331.891894 1337.319681 1343.069023 1344.929737 0.000000 0.000000
0.000000 0.000000 2627.185958 2622.434851 2618.943308 2616.278977 2611.007875 2607.909473 2605.227342 2606.959049 2606.554968 2603.971905 2600.126868 2601.303182 2600.824320 2613.730807 2617.867925 2617.937295 2620.805531 0.000000 0.000000
0.000000 0.000000 3322.395535 3317.480940 3313.894309 3310.551844 3302.510213 3287.699185 3289.457922 3286.277559 3289.326431 3288.413984 3290.239505 3291.172045 3305.946028 3313.065365 3319.252809 3323.007882 3326.457479 0.000000 0.000000
0.000000 0.000000 3837.243806 3837.517413 3838.008243 3833.487275 3830.956809 3826.153357 3826.756313 3826.893892 3824.494055 3825.519090 3824.538109 3823.803032 3826.983751 3831.279453 3833.405440 3832.833197 3834.118029 0.000000 0.000000
0.000000 0.000000 4480.345641 4480.257473 4477.992023 4475.906931 4471.800291 4463.309319 4463.605408 4461.689918 4462.268536 4462.923047 4462.013618 4462.598834 4467.901701 4475.629969 4475.674365 4477.174253 4480.903698 0.000000 0.000000
0.000000 0.000000 5237.750626 5236.081173 5236.666259 5232.942784 5224.609588 5219.681003 5221.341009 5220.358829 5220.499489 5220.571842 5219.488679 5217.784779 5225.223150 5231.860347 5234.126072 5235.162909 5236.547291 0.000000 0.000000
0.000000 0.000000 6039.355057 6037.634813 6036.594022 6034.633065 6032.301474 6021.861162 6022.209487 6019.621882 6019.828407 6020.865406 6019.678085 6019.455899 6024.591872 6027.346197 6032.117785 6034.207406 6037.284568 0.000000 0.000000
0.000000 0.000000 6874.914179 6874.302403 6872.231431 6865.654987 6861.186053 6853.188091 6852.251857 6851.760795 6851.941856 6851.157099 6850.702246 6850.575643 6859.699575 6865.729637 6869.135854 6870.324971 6887.341199 0.000000 0.000000
0.000000 0.000000 7713.876173 7712.058133 7710.256778 7707.607932 7700.536096 7681.467914 7681.780062 7679.941053 7679.922374 7680.565925 7678.911549 7679.308264 7695.478633 7703.631966 7706.874248 7708.410730 7710.836169 0.000000 0.000000
0.000000 0.000000 8609.225974 8606.427572 8604.705312 8600.962150 8581.816285 8590.078077 8584.246416 8583.276430 8583.759137 8584.121561 8582.766059 8582.433721 8576.551532 8595.272758 8599.186738 8604.470395 8604.427993 0.000000 0.000000
0.000000 0.000000 9565.501230 9560.868470 9556.694316 9544.155111 9541.673157 9525.483555 9517.527237 9515.726250 9511.543248 9511.189058 9512.167204 9509.778249 9520.991170 9529.181055 9550.819597 9546.512893 9547.959210 0.000000 0.000000
0.000000 0.000000 10519.014135 10518.812986 10498.397802 10501.692981 10501.265923 10500.277684 10503.068887 10502.995976 10505.881129 10505.747728 10502.477535 10507.441935 10505.214920 10504.296867 10493.134804 10517.333667 10522.025580 0.000000 0.000000
0.000000 0.000000 11601.182627 11576.968153 11569.038487 11561.271330 11546.779465 11540.459791 11538.754639 11537.899710 11534.219119 11534.571591 11534.657921 11531.823725 11536.724149 11553.609379 11567.161482 11567.953864 11592.808042 0.000000 0.000000
0.000000 0.000000 12402.039050 12405.663069 12428.035048 12418.433446 12412.106340 12388.472417 12386.850944 12383.933577 12385.773899 12385.565879 12383.821683 12385.088168 12407.565516 12416.677014 12428.649180 12402.641855 12404.824276 0.000000 0.000000
0.000000 0.000000 0.000000 0.000000 0.000000 0.000000 0.000000 0.000000 0.000000 0.000000 0.000000 0.000000 0.000000 0.000000 0.000000 0.000000 0.000000 0.000000 0.000000 0.000000 0.000000
0.000000 0.000000 0.000000 0.000000 0.000000 0.000000 0.000000 0.000000 0.000000 0.000000 0.000000 0.000000 0.000000 0.000000 0.000000 0.000000 0.000000 0.000000 0.000000 0.000000 0.000000