geotop/1.0zi/1.0Montebello/Templates/testdem/maps/_Erotot185,.asc
ncols         21
nrows         20
xllcorner     100.000000
yllcorner     100.000000
cellsize      50.000000
NODATA_value  -9999.0
0.000000 0.000000 0.000000 0.000000 0.000000 0.000000 0.000000 0.000000 0.000000 0.000000 0.000000 0.000000 0.000000 0.000000 0.000000 0.000000 0.000000 0.000000 0.000000 0.000000 0.000000
0.000000 0.000000 988.426074 987.912904 986.606132 984.682190 983.297041 982.426229 982.949690 983.650232 983.524570 982.702638 982.651560 982.747322 984.386087 984.901773 987.720531 988.427638 989.016684 0.000000 0.000000
0.000000 0.000000 69.041483 70.173425 68.765489 71.620311 71.012249 70.397425 70.643767 69.476962 70.477244 72.643357 70.425551 70.513443 70.003253 69.542690 67.265453 66.483336 69.520961 0.000000 0.000000
0.000000 0.000000 950.243848 952.452424 929.224945 916.694833 920.329683 909.175075 908.383097 909.772261 903.154795 904.557667 909.495564 912.963280 916.541543 928.649014 937.131341 938.785270 941.596466 0.000000 0.000000
0.000000 0.000000 6341.190205 6324.808507 6328.287596 6282.681968 6247.530172 6230.324763 6224.563890 6217.665942 6224.562462 6231.241751 6233.126138 6221.681213 6245.086729 6254.956754 6273.442366 6286.474644 6288.499071 0.000000 0.000000
0.000000 0.000000 8764.399960 8761.435591 8749.712838 8751.066434 8724.977399 8706.652691 8709.014055 8707.066955 8699.231310 8692.982724 8690.647785 8693.849022 8697.115561 8729.585095 8728.686844 8739.458797 8739.169110 0.000000 0.000000
0.000000 0.000000 10758.283623 10750.690475 10743.207134 10726.367479 10715.950040 10667.500616 10663.248951 10657.951088 10662.098526 10663.785118 10662.860514 10663.953043 10705.321363 10711.167139 10723.790175 10730.059440 10733.947954 0.000000 0.000000
0.000000 0.000000 13179.794723 13173.175967 13162.957870 13135.391881 13122.618881 13115.080495 13111.227581 13108.414274 13104.310419 13103.106976 13101.250766 13108.242417 13105.356833 13121.006413 13140.913152 13138.980558 13145.192774 0.000000 0.000000
0.000000 0.000000 16247.879889 16237.076929 16221.887403 16212.152420 16189.879411 16155.455414 16154.964553 16145.861241 16146.037423 16141.090877 16144.212344 16135.912078 16168.940582 16190.819707 16196.325587 16206.162214 16207.913238 0.000000 0.000000
0.000000 0.000000 19960.497153 19942.424331 19926.813528 19914.895500 19891.072660 19862.115957 19853.709632 19851.217484 19844.722315 19849.435944 19856.816934 19853.793344 19865.005874 19894.737076 19907.805876 19915.487988 19913.180040 0.000000 0.000000
0.000000 0.000000 24293.298978 24278.948807 24274.674305 24214.683023 24213.900644 24167.220380 24181.477228 24149.916047 24162.766803 24154.940261 24137.087127 24153.371238 24176.554924 24184.192873 24207.993799 24215.884384 24239.975663 0.000000 0.000000
0.000000 0.000000 29293.849866 29263.902666 29225.456167 29221.195411 29201.029172 29145.990143 29130.351323 29137.187881 29145.440432 29126.441651 29136.027089 29125.438201 29170.325597 29198.137021 29200.651373 29212.618001 29246.559132 0.000000 0.000000
0.000000 0.000000 34120.370646 34098.771883 34102.644110 34065.256914 34035.290209 33915.811827 33901.083410 33892.424153 33834.930046 33877.162689 33878.165145 33888.333309 33975.827282 33990.193143 34045.291125 34053.518635 34035.800868 0.000000 0.000000
0.000000 0.000000 38299.331976 38304.627708 38268.503513 38256.436661 38147.283183 38244.145021 38213.679759 38210.769933 38241.796954 38211.273868 38207.399354 38188.351086 38104.393601 38234.682386 38225.317400 38255.925729 38269.938788 0.000000 0.000000
0.000000 0.000000 40742.690709 40732.765425 40720.841683 40664.189699 40706.158708 40666.348752 40656.382562 40657.475921 40642.466405 40639.471066 40646.767520 40647.749564 40677.741158 40629.856180 40714.826461 40691.000824 40683.515088 0.000000 0.000000
0.000000 0.000000 42312.768642 42309.521594 42261.299660 42291.748072 42285.800075 42287.705413 42311.308054 42299.934828 42313.777598 42306.842333 42298.012247 42308.818602 42301.370002 42314.533563 42248.384243 42318.988431 42314.558324 0.000000 0.000000
0.000000 0.000000 43621.564512 43575.153399 43622.567440 43582.617974 43561.045250 43556.992241 43531.796388 43539.546656 43516.267127 43519.456998 43530.923754 43520.854581 43532.602883 43537.806800 43611.758164 43539.671293 43585.333051 0.000000 0.000000
0.000000 0.000000 44077.441601 44154.048072 44182.167187 44186.912820 44201.094682 44162.987814 44176.301158 44161.611009 44184.751564 44180.423388 44177.347528 44182.449754 44213.163989 44199.478451 44184.636349 44163.621061 44091.377568 0.000000 0.000000
0.000000 0.000000 0.000000 0.000000 0.000000 0.000000 0.000000 0.000000 0.000000 0.000000 0.000000 0.000000 0.000000 0.000000 0.000000 0.000000 0.000000 0.000000 0.000000 0.000000 0.000000
0.000000 0.000000 0.000000 0.000000 0.000000 0.000000 0.000000 0.000000 0.000000 0.000000 0.000000 0.000000 0.000000 0.000000 0.000000 0.000000 0.000000 0.000000 0.000000 0.000000 0.000000