geotop/1.0zi/1.0Montebello/Templates/testdem/maps/_Erotot3267.asc
ncols         21
nrows         20
xllcorner     100.000000
yllcorner     100.000000
cellsize      50.000000
NODATA_value  -9999.0
0.000000 0.000000 0.000000 0.000000 0.000000 0.000000 0.000000 0.000000 0.000000 0.000000 0.000000 0.000000 0.000000 0.000000 0.000000 0.000000 0.000000 0.000000 0.000000 0.000000 0.000000
0.000000 0.000000 355.035440 355.038293 355.041847 355.160646 355.029773 355.034242 355.008056 355.048606 355.063731 355.048606 355.008056 355.034242 355.029773 355.160646 355.041847 355.038293 355.035440 0.000000 0.000000
0.000000 0.000000 11.743161 11.504446 9.747864 11.429147 11.742896 11.669960 11.788669 11.683757 12.050489 11.683757 11.788669 11.669960 11.742896 11.429147 9.747864 11.504446 11.743161 0.000000 0.000000
0.000000 0.000000 2586.718276 2586.407080 2586.586278 2584.755063 2586.709670 2586.135151 2586.066737 2586.884447 2587.024150 2586.884447 2586.066737 2586.135151 2586.709670 2584.755063 2586.586278 2586.407080 2586.718276 0.000000 0.000000
0.000000 0.000000 4887.230511 4887.054438 4886.377757 4886.955644 4887.492992 4887.354494 4887.348719 4887.451223 4887.479825 4887.451223 4887.348719 4887.354494 4887.492992 4886.955644 4886.377757 4887.054438 4887.230511 0.000000 0.000000
0.000000 0.000000 6327.734231 6327.528132 6326.923175 6327.059658 6327.879986 6327.556784 6327.590394 6327.877786 6328.107477 6327.877786 6327.590394 6327.556784 6327.879986 6327.059658 6326.923175 6327.528132 6327.734231 0.000000 0.000000
0.000000 0.000000 8154.135638 8153.960361 8153.405998 8153.526417 8154.223105 8153.950373 8153.988585 8154.236557 8154.463661 8154.236557 8153.988585 8153.950373 8154.223105 8153.526417 8153.405998 8153.960361 8154.135638 0.000000 0.000000
0.000000 0.000000 9844.301612 9844.150528 9843.639098 9843.762422 9844.347772 9844.121415 9844.160509 9844.377940 9844.582307 9844.377940 9844.160509 9844.121415 9844.347772 9843.762422 9843.639098 9844.150528 9844.301612 0.000000 0.000000
0.000000 0.000000 11401.723814 11401.584272 11401.101650 11401.223350 11401.752548 11401.552200 11401.588532 11401.788870 11401.981029 11401.788870 11401.588532 11401.552200 11401.752548 11401.223350 11401.101650 11401.584272 11401.723814 0.000000 0.000000
0.000000 0.000000 12850.261132 12850.149665 12849.684812 12849.843315 12850.278843 12850.104268 12850.143496 12850.322205 12850.497270 12850.322205 12850.143496 12850.104268 12850.278843 12849.843315 12849.684812 12850.149665 12850.261132 0.000000 0.000000
0.000000 0.000000 14199.002875 14198.885344 14198.446228 14198.579987 14199.019042 14198.849618 14198.884824 14199.061165 14199.226079 14199.061165 14198.884824 14198.849618 14199.019042 14198.579987 14198.446228 14198.885344 14199.002875 0.000000 0.000000
0.000000 0.000000 15472.839207 15472.725986 15472.314929 15472.443983 15472.866944 15472.707560 15472.738010 15472.912893 15473.067171 15472.912893 15472.738010 15472.707560 15472.866944 15472.443983 15472.314929 15472.725986 15472.839207 0.000000 0.000000
0.000000 0.000000 16678.400698 16678.294555 16677.895247 16678.025351 16678.423822 16678.272245 16678.301005 16678.471075 16678.615576 16678.471075 16678.301005 16678.272245 16678.423822 16678.025351 16677.895247 16678.294555 16678.400698 0.000000 0.000000
0.000000 0.000000 17831.006857 17830.909612 17830.524531 17830.671021 17831.031680 17830.887274 17830.916922 17831.079015 17831.216527 17831.079015 17830.916922 17830.887274 17831.031680 17830.671021 17830.524531 17830.909612 17831.006857 0.000000 0.000000
0.000000 0.000000 18932.257162 18932.159568 18931.785440 18931.919920 18932.284939 18932.142903 18932.169838 18932.330544 18932.461413 18932.330544 18932.169838 18932.142903 18932.284939 18931.919920 18931.785440 18932.159568 18932.257162 0.000000 0.000000
0.000000 0.000000 19986.285016 19986.189782 19985.828286 19985.955012 19986.305549 19986.169182 19986.195985 19986.349715 19986.476411 19986.349715 19986.195985 19986.169182 19986.305549 19985.955012 19985.828286 19986.189782 19986.285012 0.000000 0.000000
0.000000 0.000000 20998.592017 20998.499179 20998.144441 20998.274751 20998.609936 20998.478562 20998.504682 20998.654143 20998.773379 20998.654143 20998.504682 20998.478562 20998.609936 20998.274751 20998.144441 20998.499158 20998.591954 0.000000 0.000000
0.000000 0.000000 22023.693082 22024.141082 22023.795530 22023.921488 22024.248738 22024.121242 22024.145610 22024.290515 22024.406136 22024.290515 22024.145610 22024.121242 22024.248738 22023.921488 22023.795512 22024.137737 22024.226611 0.000000 0.000000
0.000000 0.000000 0.000000 0.000000 0.000000 0.000000 0.000000 0.000000 0.000000 0.000000 0.000000 0.000000 0.000000 0.000000 0.000000 0.000000 0.000000 0.000000 0.000000 0.000000 0.000000
0.000000 0.000000 0.000000 0.000000 0.000000 0.000000 0.000000 0.000000 0.000000 0.000000 0.000000 0.000000 0.000000 0.000000 0.000000 0.000000 0.000000 0.000000 0.000000 0.000000 0.000000