geotop/1.0zi/1.0Montebello/Templates/testdem/maps/_Erotot187€.asc
ncols         21
nrows         20
xllcorner     100.000000
yllcorner     100.000000
cellsize      50.000000
NODATA_value  -9999.0
0.000000 0.000000 0.000000 0.000000 0.000000 0.000000 0.000000 0.000000 0.000000 0.000000 0.000000 0.000000 0.000000 0.000000 0.000000 0.000000 0.000000 0.000000 0.000000 0.000000 0.000000
0.000000 0.000000 988.931610 988.422189 987.112467 985.187035 983.799372 982.923885 983.451323 984.151092 984.022462 983.200525 983.149367 983.245275 984.888375 985.406646 988.226910 988.940157 989.530875 0.000000 0.000000
0.000000 0.000000 69.102109 70.228213 68.820656 71.674541 71.066569 70.453883 70.696554 69.530450 70.533484 72.699608 70.481874 70.569620 70.057595 69.596896 67.320588 66.535095 69.573568 0.000000 0.000000
0.000000 0.000000 950.281192 952.491612 929.265902 916.735030 920.369370 909.214851 908.423011 909.812598 903.193910 904.596502 909.534644 913.002908 916.581573 928.688392 937.171869 938.825840 941.635659 0.000000 0.000000
0.000000 0.000000 6372.650678 6356.273352 6359.711708 6314.021431 6278.819001 6261.552302 6255.786919 6248.887688 6255.797085 6262.480246 6264.362499 6252.909200 6276.373467 6286.315166 6304.870457 6317.918041 6319.935159 0.000000 0.000000
0.000000 0.000000 8793.924007 8790.961642 8779.230050 8780.606283 8754.480883 8736.147230 8738.509440 8736.561981 8728.724869 8722.476142 8720.141847 8723.343920 8726.616013 8759.112303 8758.200088 8768.974670 8768.686259 0.000000 0.000000
0.000000 0.000000 10795.643703 10788.049103 10780.548831 10763.683607 10753.242465 10704.705670 10700.449333 10695.151091 10699.300912 10700.988888 10700.062111 10701.152133 10742.602707 10748.471747 10761.117368 10767.397285 10771.286381 0.000000 0.000000
0.000000 0.000000 13231.237529 13224.613953 13214.365202 13186.747456 13173.924483 13166.341835 13162.480378 13159.665358 13155.559649 13154.357980 13152.498306 13159.492510 13156.642330 13172.343239 13192.294757 13190.368123 13196.588688 0.000000 0.000000
0.000000 0.000000 16317.574628 16306.755033 16291.507841 16281.729067 16259.381011 16224.854467 16224.357769 16215.238342 16215.418242 16210.466561 16213.592710 16205.273918 16238.402013 16260.359204 16265.903390 16275.764854 16277.520291 0.000000 0.000000
0.000000 0.000000 20053.942865 20035.828032 20020.149981 20008.171920 19984.240086 19955.166859 19946.725459 19944.238782 19937.729451 19942.461032 19949.864158 19946.829522 19958.112445 19987.965882 20001.106246 20008.813568 20006.496808 0.000000 0.000000
0.000000 0.000000 24417.145679 24402.775691 24398.459398 24338.199240 24337.423228 24290.526775 24304.852848 24273.148827 24286.076546 24278.205383 24260.254377 24276.623673 24299.944444 24307.603989 24331.521558 24339.445114 24363.656102 0.000000 0.000000
0.000000 0.000000 29449.868624 29419.845056 29381.218417 29377.126178 29356.820037 29301.642562 29285.877780 29292.892372 29301.155384 29282.074481 29291.778861 29281.059259 29326.160831 29354.124495 29356.598088 29368.571813 29402.605615 0.000000 0.000000
0.000000 0.000000 34282.915242 34261.503879 34265.519886 34228.214814 34198.346327 34079.083855 34064.408664 34055.750886 33998.228053 34040.559718 34041.514282 34051.719290 34139.088492 34153.326188 34208.390270 34216.557694 34198.675553 0.000000 0.000000
0.000000 0.000000 38422.207797 38427.562571 38391.946794 38380.061168 38272.608226 38368.307174 38338.288934 38335.405707 38365.976573 38335.874494 38332.058962 38313.285341 38230.288243 38358.668581 38349.408839 38379.525887 38393.309580 0.000000 0.000000
0.000000 0.000000 40832.137904 40822.335275 40810.502857 40755.067640 40795.814164 40757.140605 40747.201352 40748.336255 40733.873809 40730.778159 40737.880723 40738.756120 40767.841718 40721.247880 40804.523389 40781.273596 40773.928238 0.000000 0.000000
0.000000 0.000000 42386.069695 42382.895666 42335.042477 42365.752027 42359.165009 42361.684535 42385.083570 42373.802292 42387.795771 42380.843492 42372.015834 42382.651121 42374.721087 42388.554812 42322.105469 42392.504049 42388.113897 0.000000 0.000000
0.000000 0.000000 43685.260199 43638.923128 43686.639833 43646.662654 43624.908481 43621.030817 43595.635926 43603.440028 43580.186880 43583.363400 43594.880926 43584.687462 43596.308684 43601.733426 43675.909170 43603.361252 43649.034164 0.000000 0.000000
0.000000 0.000000 44134.918103 44211.595308 44239.933021 44244.457903 44258.568387 44220.455035 44233.588919 44218.927460 44242.036524 44237.698236 44234.678128 44239.693126 44270.445808 44256.879375 44242.436048 44221.001251 44148.716751 0.000000 0.000000
0.000000 0.000000 0.000000 0.000000 0.000000 0.000000 0.000000 0.000000 0.000000 0.000000 0.000000 0.000000 0.000000 0.000000 0.000000 0.000000 0.000000 0.000000 0.000000 0.000000 0.000000
0.000000 0.000000 0.000000 0.000000 0.000000 0.000000 0.000000 0.000000 0.000000 0.000000 0.000000 0.000000 0.000000 0.000000 0.000000 0.000000 0.000000 0.000000 0.000000 0.000000 0.000000