geotop/1.0zi/1.0Montebello/Templates/testdem/maps/_Erotot5825.asc
ncols         21
nrows         20
xllcorner     100.000000
yllcorner     100.000000
cellsize      50.000000
NODATA_value  -9999.0
0.000000 0.000000 0.000000 0.000000 0.000000 0.000000 0.000000 0.000000 0.000000 0.000000 0.000000 0.000000 0.000000 0.000000 0.000000 0.000000 0.000000 0.000000 0.000000 0.000000 0.000000
0.000000 0.000000 438.526071 437.726882 437.546726 437.336357 437.298956 437.401716 437.351584 437.525782 437.432657 437.229961 437.169689 437.249128 437.357426 437.260927 437.456501 437.652278 438.069640 0.000000 0.000000
0.000000 0.000000 32.956370 33.625486 33.916509 35.087788 34.833273 34.592588 34.414394 34.191372 34.403483 34.758487 34.574444 34.325056 34.775178 34.542102 33.711469 32.876035 32.273453 0.000000 0.000000
0.000000 0.000000 184.913087 186.258451 178.636030 175.710526 177.095682 172.042141 171.658262 171.359391 170.491218 168.113604 170.685422 168.825063 172.340905 177.779652 177.450508 180.687646 183.967789 0.000000 0.000000
0.000000 0.000000 1780.626837 1785.485855 1791.461875 1773.250063 1758.240044 1747.476993 1750.093097 1747.536635 1751.234382 1755.477600 1752.033895 1749.818199 1759.795510 1759.038439 1766.259156 1773.322714 1774.573958 0.000000 0.000000
0.000000 0.000000 3216.311732 3210.497883 3207.272303 3202.630412 3194.613250 3187.312733 3185.573844 3185.595619 3184.490200 3182.377537 3179.689224 3181.943053 3181.861291 3197.419205 3202.487462 3205.983574 3208.413323 0.000000 0.000000
0.000000 0.000000 4279.432413 4276.863764 4274.061292 4269.768523 4256.847222 4240.315856 4240.386554 4236.950415 4238.700310 4241.496355 4243.342040 4244.428682 4264.146530 4273.479906 4278.249224 4279.805663 4285.034003 0.000000 0.000000
0.000000 0.000000 4915.451557 4916.881314 4916.010319 4909.757278 4909.249761 4902.273598 4902.831715 4903.316527 4902.074875 4899.702714 4899.398871 4902.841563 4902.734248 4905.019668 4913.213633 4911.511882 4914.525333 0.000000 0.000000
0.000000 0.000000 5790.783948 5788.192736 5784.181135 5785.195729 5778.642580 5768.248222 5768.708995 5766.176565 5763.738314 5764.965626 5766.121480 5760.864168 5773.835839 5781.615054 5783.645217 5784.503534 5785.933778 0.000000 0.000000
0.000000 0.000000 6803.996297 6801.709047 6803.922633 6803.341233 6788.701017 6781.768473 6783.183217 6782.367404 6780.347922 6783.486367 6786.381208 6784.673103 6787.708325 6797.730191 6801.480707 6801.699833 6802.399871 0.000000 0.000000
0.000000 0.000000 7896.339418 7896.618104 7896.818358 7882.728960 7880.169813 7869.546482 7873.079662 7864.152525 7866.587294 7865.688711 7860.963150 7868.112613 7872.315782 7873.479121 7879.993174 7885.862683 7893.070761 0.000000 0.000000
0.000000 0.000000 9037.772334 9033.326920 9028.552550 9026.892730 9023.037758 9008.379340 9007.426956 9006.616376 9013.265008 9006.303898 9008.262292 9007.665450 9022.864207 9025.862459 9027.210260 9027.739639 9046.943247 0.000000 0.000000
0.000000 0.000000 10192.532640 10190.716795 10191.797360 10184.480763 10180.492087 10154.238891 10153.029345 10152.789854 10138.590616 10147.526231 10151.374611 10153.193961 10168.931759 10172.580582 10186.320244 10185.709497 10192.530941 0.000000 0.000000
0.000000 0.000000 11457.998650 11459.484523 11452.803174 11451.810914 11424.955444 11432.953314 11422.613161 11424.124340 11425.336128 11424.974090 11423.429609 11419.942146 11410.061642 11438.829994 11444.105421 11454.604613 11461.530637 0.000000 0.000000
0.000000 0.000000 12822.203602 12817.337593 12814.518043 12791.284686 12790.754453 12775.541032 12762.824756 12761.405777 12756.582693 12750.515278 12753.572773 12751.636208 12766.080217 12769.758331 12809.767314 12801.123653 12801.231458 0.000000 0.000000
0.000000 0.000000 14220.636408 14220.114589 14185.520747 14184.722991 14189.610140 14181.983351 14198.706497 14191.315413 14197.123160 14192.719434 14187.546778 14195.710329 14199.297464 14198.686127 14178.920953 14228.605179 14221.660319 0.000000 0.000000
0.000000 0.000000 15807.670528 15765.850697 15763.658003 15754.397000 15729.725008 15723.040009 15715.087905 15718.315358 15704.912896 15705.303221 15710.070841 15709.811080 15721.086522 15731.472377 15761.781345 15756.344974 15803.616488 0.000000 0.000000
0.000000 0.000000 16918.286267 16930.015652 16974.081204 16967.479824 16953.292288 16917.153896 16918.250254 16904.668823 16916.103709 16914.254663 16919.902602 16914.989934 16946.325170 16957.962046 16980.908193 16935.869392 16924.008770 0.000000 0.000000
0.000000 0.000000 0.000000 0.000000 0.000000 0.000000 0.000000 0.000000 0.000000 0.000000 0.000000 0.000000 0.000000 0.000000 0.000000 0.000000 0.000000 0.000000 0.000000 0.000000 0.000000
0.000000 0.000000 0.000000 0.000000 0.000000 0.000000 0.000000 0.000000 0.000000 0.000000 0.000000 0.000000 0.000000 0.000000 0.000000 0.000000 0.000000 0.000000 0.000000 0.000000 0.000000