geotop/1.0zi/1.0Montebello/Templates/testdem/maps/_Erotot4825.asc
ncols         21
nrows         20
xllcorner     100.000000
yllcorner     100.000000
cellsize      50.000000
NODATA_value  -9999.0
0.000000 0.000000 0.000000 0.000000 0.000000 0.000000 0.000000 0.000000 0.000000 0.000000 0.000000 0.000000 0.000000 0.000000 0.000000 0.000000 0.000000 0.000000 0.000000 0.000000 0.000000
0.000000 0.000000 360.896334 359.971438 359.686636 359.495028 359.464546 359.473871 359.513801 359.673693 359.628319 359.500297 359.581874 359.657370 359.535597 359.583617 359.771084 359.739365 360.309355 0.000000 0.000000
0.000000 0.000000 28.267404 29.215947 29.662114 30.702340 30.219351 30.336521 30.015734 29.811226 29.883052 30.225629 29.887588 29.683196 30.292454 29.911497 29.093980 28.485110 27.814129 0.000000 0.000000
0.000000 0.000000 137.400535 138.799178 131.688918 129.664461 130.882266 126.101185 125.326660 125.261262 124.036815 123.065532 124.125399 122.676834 125.267817 130.215569 130.617574 132.986511 135.623119 0.000000 0.000000
0.000000 0.000000 1433.102611 1437.372116 1442.567701 1425.161505 1414.161482 1405.955498 1408.601203 1403.044831 1406.920648 1411.085512 1411.424834 1411.774714 1421.212667 1420.191630 1425.743192 1431.504697 1433.335910 0.000000 0.000000
0.000000 0.000000 2712.680981 2707.038238 2703.166562 2700.007105 2693.711053 2690.452279 2687.818952 2689.618607 2689.103291 2686.436069 2682.824429 2684.707989 2684.629912 2697.654674 2701.789246 2701.923461 2704.794883 0.000000 0.000000
0.000000 0.000000 3478.983053 3474.384099 3469.578964 3465.705804 3454.770003 3439.233244 3440.601532 3437.165604 3440.104020 3439.309432 3442.202326 3444.473788 3459.177194 3468.410204 3474.711978 3478.506120 3482.065538 0.000000 0.000000
0.000000 0.000000 4024.255715 4024.400344 4025.003503 4020.448219 4018.538103 4013.655093 4014.370775 4014.623910 4012.060635 4012.901170 4011.923405 4011.118875 4014.585149 4018.118988 4020.259307 4019.757773 4020.995830 0.000000 0.000000
0.000000 0.000000 4709.119866 4708.801675 4706.088763 4703.697078 4698.912570 4690.123047 4690.426725 4688.579661 4688.949159 4689.496954 4688.876395 4689.882098 4695.432188 4703.450175 4703.537927 4705.112454 4708.853901 0.000000 0.000000
0.000000 0.000000 5516.075304 5514.143285 5514.257061 5510.191071 5500.988599 5495.759018 5497.422130 5496.486618 5496.465119 5496.377646 5495.660240 5494.420936 5502.185784 5509.112061 5511.457586 5512.556407 5513.955276 0.000000 0.000000
0.000000 0.000000 6370.348408 6368.350060 6366.801833 6364.454651 6361.300451 6350.479368 6350.817613 6348.274071 6348.252000 6349.218348 6348.405407 6348.705323 6354.153153 6357.167918 6362.039204 6364.207536 6367.312818 0.000000 0.000000
0.000000 0.000000 7260.310417 7259.393885 7256.775651 7249.741235 7244.483635 7236.082460 7235.131005 7234.738376 7234.730193 7233.778368 7233.707486 7234.019259 7243.589524 7249.887167 7253.386995 7254.644222 7271.869871 0.000000 0.000000
0.000000 0.000000 8157.874806 8155.775729 8153.398973 8150.333713 8142.275012 8122.134174 8122.454020 8120.624433 8120.409978 8120.944454 8119.673299 8120.623032 8137.795636 8146.334813 8149.705182 8151.305296 8153.710544 0.000000 0.000000
0.000000 0.000000 9118.179233 9114.865324 9112.573965 9108.357085 9087.221245 9095.499544 9089.560795 9088.615376 9088.919476 9089.141040 9088.214900 9088.433819 9082.669147 9102.596251 9106.660774 9112.125245 9112.050217 0.000000 0.000000
0.000000 0.000000 10144.843498 10139.865481 10134.856465 10120.630788 10117.505392 10100.724114 10092.413450 10090.652366 10086.105326 10085.689852 10087.204139 10085.287313 10096.984929 10105.415092 10128.586989 10124.108713 10125.591056 0.000000 0.000000
0.000000 0.000000 11172.184362 11171.559286 11148.882729 11152.224905 11151.058135 11149.909474 11152.971529 11153.022232 11155.912898 11155.603355 11152.562262 11158.524560 11156.433889 11155.279824 11143.248353 11169.550897 11174.444786 0.000000 0.000000
0.000000 0.000000 12339.603343 12312.452638 12303.637904 12294.986735 12278.552264 12271.725588 12269.968940 12269.060128 12264.906646 12265.114878 12265.915311 12263.300609 12268.774637 12286.963787 12301.451440 12301.824047 12329.164827 0.000000 0.000000
0.000000 0.000000 13196.409950 13200.668367 13225.080153 13214.597466 13207.269606 13181.388745 13179.637143 13176.673346 13178.577001 13178.194678 13176.792926 13179.045448 13203.707700 13213.089609 13225.737596 13197.058419 13198.494637 0.000000 0.000000
0.000000 0.000000 0.000000 0.000000 0.000000 0.000000 0.000000 0.000000 0.000000 0.000000 0.000000 0.000000 0.000000 0.000000 0.000000 0.000000 0.000000 0.000000 0.000000 0.000000 0.000000
0.000000 0.000000 0.000000 0.000000 0.000000 0.000000 0.000000 0.000000 0.000000 0.000000 0.000000 0.000000 0.000000 0.000000 0.000000 0.000000 0.000000 0.000000 0.000000 0.000000 0.000000