geotop/1.0zi/1.0Montebello/Templates/testdem/maps/_Erotot8301.asc
ncols         21
nrows         20
xllcorner     100.000000
yllcorner     100.000000
cellsize      50.000000
NODATA_value  -9999.0
0.000000 0.000000 0.000000 0.000000 0.000000 0.000000 0.000000 0.000000 0.000000 0.000000 0.000000 0.000000 0.000000 0.000000 0.000000 0.000000 0.000000 0.000000 0.000000 0.000000 0.000000
0.000000 0.000000 680.468102 681.265399 680.714387 680.818777 679.807087 679.965177 679.952032 680.015161 680.448187 679.773524 679.651888 679.703970 680.079966 680.235078 681.071618 681.620201 681.836351 0.000000 0.000000
0.000000 0.000000 52.616364 51.633146 51.875011 51.938684 52.572694 52.250257 51.956882 51.819248 52.048335 52.407588 52.427113 52.576603 52.331360 51.820214 50.547618 49.693035 50.217381 0.000000 0.000000
0.000000 0.000000 354.817589 355.952337 343.584280 338.329458 338.892139 327.579102 327.671914 328.518651 324.862450 323.078988 325.232094 325.376865 335.638014 342.706199 347.311909 350.212158 355.429800 0.000000 0.000000
0.000000 0.000000 3390.695371 3393.179477 3397.017180 3374.050968 3354.460574 3342.554554 3340.404252 3336.064447 3342.936409 3348.310110 3343.771608 3342.437682 3357.519277 3361.904920 3374.193142 3384.813480 3384.662583 0.000000 0.000000
0.000000 0.000000 5378.336105 5372.898514 5368.647133 5362.355331 5346.398489 5336.598684 5338.238051 5337.022344 5333.801264 5327.932424 5326.975543 5330.176515 5329.853009 5350.218563 5357.592816 5363.681123 5366.695350 0.000000 0.000000
0.000000 0.000000 6702.482216 6699.497203 6694.957549 6687.943398 6673.901559 6651.138480 6649.995870 6646.230848 6647.701508 6651.416262 6652.917148 6653.434038 6681.939304 6692.258614 6698.048081 6700.976179 6706.271423 0.000000 0.000000
0.000000 0.000000 7904.276788 7904.600472 7901.680608 7891.466741 7888.524294 7878.542031 7878.569990 7878.429202 7877.479749 7873.504807 7872.797172 7879.092757 7881.321769 7886.723015 7899.687656 7898.450291 7903.584178 0.000000 0.000000
0.000000 0.000000 9475.399882 9470.882479 9464.551591 9463.944933 9452.236688 9436.099578 9437.205084 9432.618636 9430.598166 9430.307767 9432.815686 9427.004771 9446.299629 9460.900292 9463.271151 9467.363004 9468.832258 0.000000 0.000000
0.000000 0.000000 11273.878127 11270.444660 11270.764930 11266.059928 11244.771285 11234.208780 11233.571526 11233.391485 11229.934335 11233.444275 11236.657340 11235.949175 11243.385868 11258.672005 11266.997212 11269.401403 11270.570902 0.000000 0.000000
0.000000 0.000000 13252.362759 13251.637693 13248.706772 13227.497269 13221.026418 13204.017256 13209.756175 13195.980253 13200.321237 13198.436102 13191.214773 13201.621477 13211.757262 13215.269802 13228.750293 13236.517510 13247.630778 0.000000 0.000000
0.000000 0.000000 15407.691247 15399.444282 15391.029419 15387.258082 15375.868099 15354.297147 15350.074096 15351.077145 15358.767603 15347.122742 15351.633528 15351.300702 15375.456931 15385.183541 15388.723315 15393.285140 15417.715087 0.000000 0.000000
0.000000 0.000000 17662.852866 17657.970396 17658.635209 17643.653911 17635.698589 17581.324186 17579.367095 17578.303691 17555.240978 17568.847137 17573.287199 17578.515299 17616.531003 17624.871434 17650.354891 17650.519332 17657.787938 0.000000 0.000000
0.000000 0.000000 20269.756319 20272.662657 20258.011337 20252.935510 20186.017991 20210.532620 20192.855561 20194.428586 20202.722892 20196.723144 20194.056343 20188.475608 20163.623846 20235.731595 20242.614651 20265.443063 20275.914273 0.000000 0.000000
0.000000 0.000000 23209.587681 23200.690904 23191.038003 23114.947726 23135.126682 23096.652369 23075.795480 23071.977316 23057.953977 23046.408247 23054.102271 23052.945722 23095.038006 23078.420107 23186.695419 23164.838969 23161.400377 0.000000 0.000000
0.000000 0.000000 26255.661508 26252.599024 26143.464044 26183.853410 26182.503628 26174.714894 26224.916983 26208.667481 26233.097504 26224.706224 26206.362427 26234.856528 26232.846656 26235.602168 26134.476398 26298.326321 26289.318483 0.000000 0.000000
0.000000 0.000000 29854.118494 29696.933918 29749.014409 29692.983419 29611.216742 29593.341950 29544.177424 29558.384081 29506.784536 29512.593765 29540.556207 29514.989265 29553.524671 29606.471606 29746.709365 29639.276944 29807.396834 0.000000 0.000000
0.000000 0.000000 30998.234124 31160.618645 31297.449184 31304.775964 31316.483006 31195.200128 31218.846443 31177.686411 31243.698743 31231.893825 31224.729637 31240.902520 31338.896684 31331.782244 31323.861589 31218.339443 31057.368623 0.000000 0.000000
0.000000 0.000000 0.000000 0.000000 0.000000 0.000000 0.000000 0.000000 0.000000 0.000000 0.000000 0.000000 0.000000 0.000000 0.000000 0.000000 0.000000 0.000000 0.000000 0.000000 0.000000
0.000000 0.000000 0.000000 0.000000 0.000000 0.000000 0.000000 0.000000 0.000000 0.000000 0.000000 0.000000 0.000000 0.000000 0.000000 0.000000 0.000000 0.000000 0.000000 0.000000 0.000000