geotop/1.0zi/1.0Montebello/Templates/testdem/maps/_Erotot2288.asc
ncols         21
nrows         20
xllcorner     100.000000
yllcorner     100.000000
cellsize      50.000000
NODATA_value  -9999.0
0.000000 0.000000 0.000000 0.000000 0.000000 0.000000 0.000000 0.000000 0.000000 0.000000 0.000000 0.000000 0.000000 0.000000 0.000000 0.000000 0.000000 0.000000 0.000000 0.000000 0.000000
0.000000 0.000000 214.788146 214.789662 214.798085 214.909296 214.779399 214.784874 214.764865 214.797415 215.229552 214.797415 214.764865 214.784874 214.779399 214.909296 214.798085 214.789662 214.788146 0.000000 0.000000
0.000000 0.000000 13.577963 13.357380 11.602238 13.330703 13.621955 13.607130 13.635360 13.608369 13.218791 13.608369 13.635360 13.607130 13.621955 13.330703 11.602238 13.357380 13.577963 0.000000 0.000000
0.000000 0.000000 1569.722898 1569.402087 1569.736647 1567.865771 1569.872856 1569.313931 1569.307404 1570.078843 1570.197436 1570.078843 1569.307404 1569.313931 1569.872856 1567.865771 1569.736647 1569.402087 1569.722898 0.000000 0.000000
0.000000 0.000000 3239.490612 3239.317139 3238.657743 3239.241435 3239.790254 3239.650474 3239.613993 3239.763459 3239.723880 3239.763459 3239.613993 3239.650474 3239.790254 3239.241435 3238.657743 3239.317139 3239.490612 0.000000 0.000000
0.000000 0.000000 4204.386013 4204.178741 4203.614307 4203.764295 4204.582048 4204.286788 4204.305479 4204.631478 4204.709518 4204.631478 4204.305479 4204.286788 4204.582048 4203.764295 4203.614307 4204.178741 4204.386013 0.000000 0.000000
0.000000 0.000000 5495.216083 5495.043495 5494.525433 5494.666123 5495.365626 5495.110046 5495.134387 5495.421498 5495.509241 5495.421498 5495.134387 5495.110046 5495.365626 5494.666123 5494.525433 5495.043495 5495.216083 0.000000 0.000000
0.000000 0.000000 6716.381880 6716.236762 6715.753199 6715.897082 6716.499963 6716.279826 6716.301589 6716.557848 6716.642529 6716.557848 6716.301589 6716.279826 6716.499963 6715.897082 6715.753199 6716.236762 6716.381880 0.000000 0.000000
0.000000 0.000000 7860.197482 7860.064294 7859.603832 7859.747805 7860.303726 7860.100239 7860.120679 7860.361922 7860.443446 7860.361922 7860.120679 7860.100239 7860.303726 7859.747805 7859.603832 7860.064294 7860.197482 0.000000 0.000000
0.000000 0.000000 8942.800823 8942.696300 8942.245697 8942.429072 8942.894434 8942.712075 8942.737271 8942.956574 8943.034462 8942.956574 8942.737271 8942.712075 8942.894434 8942.429072 8942.245697 8942.696300 8942.800823 0.000000 0.000000
0.000000 0.000000 9968.463361 9968.351888 9967.920348 9968.079785 9968.556416 9968.374367 9968.395484 9968.612517 9968.685765 9968.612517 9968.395484 9968.374367 9968.556416 9968.079785 9967.920348 9968.351888 9968.463361 0.000000 0.000000
0.000000 0.000000 10949.218089 10949.106013 10948.689701 10948.843422 10949.306412 10949.131467 10949.151383 10949.361826 10949.433862 10949.361826 10949.151383 10949.131467 10949.306412 10948.843422 10948.689701 10949.106013 10949.218089 0.000000 0.000000
0.000000 0.000000 11894.550299 11894.442795 11894.032265 11894.187851 11894.631999 11894.461225 11894.481281 11894.686830 11894.756167 11894.686830 11894.481281 11894.461225 11894.631999 11894.187851 11894.032265 11894.442795 11894.550299 0.000000 0.000000
0.000000 0.000000 12809.754942 12809.655115 12809.252918 12809.427655 12809.834447 12809.670108 12809.691843 12809.889939 12809.957512 12809.889939 12809.691843 12809.670108 12809.834447 12809.427655 12809.252918 12809.655115 12809.754942 0.000000 0.000000
0.000000 0.000000 13697.228564 13697.126822 13696.727295 13696.891283 13697.303984 13697.140682 13697.161112 13697.358378 13697.424127 13697.358378 13697.161112 13697.140682 13697.303984 13696.891283 13696.727295 13697.126822 13697.228564 0.000000 0.000000
0.000000 0.000000 14557.692718 14557.593029 14557.204191 14557.361599 14557.762608 14557.603820 14557.624114 14557.816682 14557.881171 14557.816682 14557.624114 14557.603820 14557.762608 14557.361599 14557.204191 14557.593029 14557.692713 0.000000 0.000000
0.000000 0.000000 15394.166985 15394.068677 15393.680981 15393.841808 15394.234908 15394.077571 15394.097320 15394.286112 15394.348711 15394.286112 15394.097320 15394.077571 15394.234908 15393.841808 15393.680980 15394.068656 15394.166538 0.000000 0.000000
0.000000 0.000000 16243.097030 16243.374486 16242.992897 16243.149599 16243.539294 16243.384724 16243.402547 16243.588676 16243.648715 16243.588676 16243.402547 16243.384724 16243.539294 16243.149598 16242.992878 16243.370994 16243.466237 0.000000 0.000000
0.000000 0.000000 0.000000 0.000000 0.000000 0.000000 0.000000 0.000000 0.000000 0.000000 0.000000 0.000000 0.000000 0.000000 0.000000 0.000000 0.000000 0.000000 0.000000 0.000000 0.000000
0.000000 0.000000 0.000000 0.000000 0.000000 0.000000 0.000000 0.000000 0.000000 0.000000 0.000000 0.000000 0.000000 0.000000 0.000000 0.000000 0.000000 0.000000 0.000000 0.000000 0.000000