geotop/1.0zi/1.0Montebello/Templates/testdem/maps/_Erotot6717.asc
ncols         21
nrows         20
xllcorner     100.000000
yllcorner     100.000000
cellsize      50.000000
NODATA_value  -9999.0
0.000000 0.000000 0.000000 0.000000 0.000000 0.000000 0.000000 0.000000 0.000000 0.000000 0.000000 0.000000 0.000000 0.000000 0.000000 0.000000 0.000000 0.000000 0.000000 0.000000 0.000000
0.000000 0.000000 535.289146 536.093781 535.759752 536.012997 535.413633 535.416999 535.376484 535.539783 535.947495 535.288388 535.179148 535.272170 535.533277 535.482782 536.203116 536.455708 536.505247 0.000000 0.000000
0.000000 0.000000 41.587471 40.449108 40.537136 40.682628 40.926059 40.762118 40.576549 40.361891 40.604630 40.874924 40.768243 40.993172 40.788910 40.580188 39.302263 38.516182 39.194804 0.000000 0.000000
0.000000 0.000000 224.643738 226.889125 216.112556 213.563781 213.597094 208.212495 207.635283 207.389854 206.171304 205.100368 207.421500 205.833571 212.232543 218.162883 219.114076 220.231575 225.450350 0.000000 0.000000
0.000000 0.000000 2239.258222 2242.549841 2247.269307 2226.598714 2212.091020 2199.253821 2202.072789 2198.929928 2203.569505 2209.429478 2204.668903 2203.820893 2215.561414 2217.420529 2225.481979 2233.202610 2234.724618 0.000000 0.000000
0.000000 0.000000 3944.148659 3938.541032 3935.009920 3928.414497 3915.880763 3908.372593 3907.078936 3906.730692 3903.613615 3897.932611 3896.783330 3899.720704 3899.276354 3917.125947 3925.574524 3932.014017 3934.030289 0.000000 0.000000
0.000000 0.000000 5105.430468 5102.675755 5098.913763 5093.725950 5080.616733 5063.075341 5062.422734 5058.523618 5060.507226 5064.147776 5065.739611 5066.179445 5089.215399 5098.681863 5102.828990 5104.615510 5110.066405 0.000000 0.000000
0.000000 0.000000 5899.973165 5901.080284 5898.888220 5890.830974 5889.921958 5882.000188 5882.587170 5882.845591 5881.679221 5878.576523 5877.917839 5883.036613 5883.427375 5886.768562 5897.216202 5895.224567 5899.852862 0.000000 0.000000
0.000000 0.000000 6994.660916 6991.188976 6985.837885 6986.411012 6977.847919 6965.804724 6966.653596 6963.114782 6960.837053 6961.200170 6963.186906 6957.587983 6972.902704 6985.275991 6985.759315 6988.053825 6989.642977 0.000000 0.000000
0.000000 0.000000 8255.843746 8253.189753 8254.398060 8251.922768 8235.005109 8227.590342 8228.043001 8227.478584 8224.814126 8227.896567 8231.056387 8229.744098 8234.134458 8245.975814 8251.977589 8252.806334 8254.029302 0.000000 0.000000
0.000000 0.000000 9622.265324 9621.783529 9620.351705 9603.750195 9600.696029 9587.910900 9592.493729 9581.553029 9584.695368 9583.727987 9577.813683 9586.130507 9592.170846 9594.202627 9604.047525 9609.711104 9619.194591 0.000000 0.000000
0.000000 0.000000 11067.754828 11061.873992 11056.066276 11053.331638 11046.637599 11030.710585 11028.659824 11028.438657 11035.202995 11026.438911 11029.279897 11029.126084 11046.690862 11052.443386 11054.274649 11056.617100 11077.503703 0.000000 0.000000
0.000000 0.000000 12547.377237 12544.260210 12544.587688 12534.974133 12530.064179 12496.494961 12494.927337 12494.414619 12477.590742 12487.143704 12491.554836 12494.516861 12516.546333 12522.084495 12539.554342 12538.658942 12546.628405 0.000000 0.000000
0.000000 0.000000 14192.542946 14194.754337 14185.305538 14182.113522 14145.634414 14156.353457 14144.535955 14145.740096 14148.714689 14146.813979 14145.277708 14141.515265 14127.554723 14168.931246 14174.525424 14188.749246 14197.088422 0.000000 0.000000
0.000000 0.000000 15993.347323 15987.199499 15981.964393 15945.896643 15947.791813 15929.733772 15914.127550 15912.593753 15905.189916 15897.663104 15901.252922 15899.424874 15920.449500 15921.560755 15977.880286 15966.492957 15966.074294 0.000000 0.000000
0.000000 0.000000 17866.484844 17865.015256 17812.583577 17816.941807 17822.021677 17812.819290 17836.949996 17826.326019 17836.104514 17829.446234 17822.626073 17835.739658 17838.417449 17838.624721 17806.203106 17879.695493 17873.280860 0.000000 0.000000
0.000000 0.000000 20046.330499 19977.310180 19980.284915 19962.603155 19924.436600 19916.564049 19901.875689 19906.924328 19885.821213 19886.922406 19895.829713 19891.640174 19908.331224 19929.367332 19978.558600 19959.857968 20035.250547 0.000000 0.000000
0.000000 0.000000 21382.527098 21419.423610 21490.836602 21482.546217 21469.735636 21411.564248 21414.369257 21395.089481 21415.844684 21411.635733 21416.554283 21414.788274 21465.212730 21477.149721 21502.891583 21433.610444 21398.378102 0.000000 0.000000
0.000000 0.000000 0.000000 0.000000 0.000000 0.000000 0.000000 0.000000 0.000000 0.000000 0.000000 0.000000 0.000000 0.000000 0.000000 0.000000 0.000000 0.000000 0.000000 0.000000 0.000000
0.000000 0.000000 0.000000 0.000000 0.000000 0.000000 0.000000 0.000000 0.000000 0.000000 0.000000 0.000000 0.000000 0.000000 0.000000 0.000000 0.000000 0.000000 0.000000 0.000000 0.000000