geotop/1.0zi/1.0Montebello/Templates/testdem/maps/_Erotot1079.asc
ncols         21
nrows         20
xllcorner     100.000000
yllcorner     100.000000
cellsize      50.000000
NODATA_value  -9999.0
0.000000 0.000000 0.000000 0.000000 0.000000 0.000000 0.000000 0.000000 0.000000 0.000000 0.000000 0.000000 0.000000 0.000000 0.000000 0.000000 0.000000 0.000000 0.000000 0.000000 0.000000
0.000000 0.000000 122.918467 122.919842 122.954632 122.929809 122.911732 122.919864 122.921409 122.916349 122.916996 122.916349 122.921409 122.919864 122.911732 122.929809 122.954632 122.919842 122.918467 0.000000 0.000000
0.000000 0.000000 8.644970 8.426305 6.650740 8.508503 8.680750 8.672114 8.682882 8.688635 8.686764 8.688635 8.682882 8.672114 8.680750 8.508503 6.650740 8.426305 8.644970 0.000000 0.000000
0.000000 0.000000 895.787785 895.582568 895.603850 893.580876 895.843753 895.499431 895.462145 895.991772 895.934529 895.991772 895.462145 895.499431 895.843753 893.580876 895.603850 895.582568 895.787785 0.000000 0.000000
0.000000 0.000000 1600.862289 1600.637469 1599.882852 1600.571607 1601.004871 1600.836993 1600.794710 1600.943892 1600.898016 1600.943892 1600.794710 1600.836993 1601.004871 1600.571607 1599.882852 1600.637469 1600.862289 0.000000 0.000000
0.000000 0.000000 2118.807851 2118.633798 2117.878426 2118.052405 2118.893779 2118.719117 2118.705412 2118.923172 2118.895365 2118.923172 2118.705412 2118.719117 2118.893779 2118.052405 2117.878426 2118.633798 2118.807851 0.000000 0.000000
0.000000 0.000000 2762.051865 2761.913059 2761.229747 2761.402704 2762.112057 2761.978760 2761.974253 2762.153998 2762.129814 2762.153998 2761.974253 2761.978760 2762.112057 2761.402704 2761.229747 2761.913059 2762.051865 0.000000 0.000000
0.000000 0.000000 3374.766180 3374.646227 3374.012960 3374.185658 3374.808923 3374.700768 3374.700317 3374.858493 3374.837505 3374.858493 3374.700317 3374.700768 3374.808923 3374.185658 3374.012960 3374.646227 3374.766180 0.000000 0.000000
0.000000 0.000000 3957.207692 3957.097765 3956.494570 3956.662698 3957.243007 3957.145653 3957.147439 3957.294677 3957.274295 3957.294677 3957.147439 3957.145653 3957.243007 3956.662698 3956.494570 3957.097765 3957.207692 0.000000 0.000000
0.000000 0.000000 4515.772899 4515.690133 4515.098095 4515.304358 4515.799399 4515.718144 4515.726765 4515.856730 4515.836209 4515.856730 4515.726765 4515.718144 4515.799399 4515.304358 4515.098095 4515.690133 4515.772899 0.000000 0.000000
0.000000 0.000000 5052.518156 5052.425484 5051.850713 5052.030846 5052.546457 5052.460924 5052.466401 5052.598993 5052.577405 5052.598993 5052.466401 5052.460924 5052.546457 5052.030846 5051.850713 5052.425484 5052.518156 0.000000 0.000000
0.000000 0.000000 5572.804646 5572.708793 5572.147187 5572.317687 5572.828397 5572.745326 5572.751477 5572.882924 5572.862492 5572.882924 5572.751477 5572.745326 5572.828397 5572.317687 5572.147187 5572.708793 5572.804646 0.000000 0.000000
0.000000 0.000000 6081.890895 6081.796787 6081.241516 6081.413420 6081.912547 6081.830551 6081.837418 6081.966931 6081.946030 6081.966931 6081.837418 6081.830551 6081.912547 6081.413420 6081.241516 6081.796787 6081.890895 0.000000 0.000000
0.000000 0.000000 6580.551454 6580.463896 6579.912848 6580.105949 6580.571080 6580.492778 6580.502352 6580.627505 6580.605909 6580.627505 6580.502352 6580.492778 6580.571080 6580.105949 6579.912848 6580.463896 6580.551454 0.000000 0.000000
0.000000 0.000000 7071.901005 7071.810940 7071.260126 7071.442894 7071.920848 7071.840796 7071.849427 7071.977065 7071.954724 7071.977065 7071.849427 7071.840796 7071.920848 7071.442894 7071.260126 7071.810940 7071.901005 0.000000 0.000000
0.000000 0.000000 7556.539349 7556.449775 7555.911926 7556.087029 7556.558116 7556.480915 7556.489484 7556.613912 7556.591791 7556.613912 7556.489484 7556.480915 7556.558116 7556.087029 7555.911926 7556.449775 7556.539346 0.000000 0.000000
0.000000 0.000000 8032.566181 8032.476890 8031.935626 8032.114527 8032.586241 8032.505676 8032.514408 8032.641364 8032.618095 8032.641364 8032.514408 8032.505676 8032.586241 8032.114527 8031.935626 8032.476874 8032.565898 0.000000 0.000000
0.000000 0.000000 8527.585249 8527.738047 8527.198603 8527.368461 8527.846083 8527.763493 8527.772423 8527.901806 8527.878286 8527.901806 8527.772423 8527.763493 8527.846083 8527.368461 8527.198587 8527.735364 8527.825642 0.000000 0.000000
0.000000 0.000000 0.000000 0.000000 0.000000 0.000000 0.000000 0.000000 0.000000 0.000000 0.000000 0.000000 0.000000 0.000000 0.000000 0.000000 0.000000 0.000000 0.000000 0.000000 0.000000
0.000000 0.000000 0.000000 0.000000 0.000000 0.000000 0.000000 0.000000 0.000000 0.000000 0.000000 0.000000 0.000000 0.000000 0.000000 0.000000 0.000000 0.000000 0.000000 0.000000 0.000000