geotop/1.0zi/1.0Montebello/Templates/testdem/maps/_Erotot0638.asc
ncols         21
nrows         20
xllcorner     100.000000
yllcorner     100.000000
cellsize      50.000000
NODATA_value  -9999.0
0.000000 0.000000 0.000000 0.000000 0.000000 0.000000 0.000000 0.000000 0.000000 0.000000 0.000000 0.000000 0.000000 0.000000 0.000000 0.000000 0.000000 0.000000 0.000000 0.000000 0.000000
0.000000 0.000000 48.904890 48.905571 48.938204 48.905738 48.904995 48.905380 48.905191 48.905105 48.905078 48.905105 48.905191 48.905380 48.904995 48.905738 48.938204 48.905571 48.904890 0.000000 0.000000
0.000000 0.000000 7.917690 7.701240 5.884038 7.696283 7.944110 7.928254 7.942759 7.949605 7.950670 7.949605 7.942759 7.928254 7.944110 7.696283 5.884038 7.701240 7.917690 0.000000 0.000000
0.000000 0.000000 577.220273 577.471114 577.596283 577.382573 577.286999 577.398148 577.395776 577.331672 577.261330 577.331672 577.395776 577.398148 577.286999 577.382573 577.596283 577.471114 577.220273 0.000000 0.000000
0.000000 0.000000 918.280558 918.233183 917.476377 918.211961 918.281137 918.302874 918.297539 918.301623 918.296954 918.301623 918.297539 918.302874 918.281137 918.211961 917.476377 918.233183 918.280558 0.000000 0.000000
0.000000 0.000000 1242.793052 1242.799511 1242.095112 1242.758580 1242.825884 1242.870813 1242.875506 1242.854648 1242.833901 1242.854648 1242.875506 1242.870813 1242.825884 1242.758580 1242.095112 1242.799511 1242.793052 0.000000 0.000000
0.000000 0.000000 1627.496863 1627.505696 1626.877947 1627.466565 1627.528816 1627.575139 1627.580928 1627.558022 1627.539642 1627.558022 1627.580928 1627.575139 1627.528816 1627.466565 1626.877947 1627.505696 1627.496863 0.000000 0.000000
0.000000 0.000000 1997.473826 1997.481731 1996.900404 1997.445440 1997.504530 1997.550118 1997.555930 1997.532961 1997.516135 1997.532961 1997.555930 1997.550118 1997.504530 1997.445440 1996.900404 1997.481731 1997.473826 0.000000 0.000000
0.000000 0.000000 2351.009254 2351.017016 2350.462973 2350.981859 2351.039001 2351.083841 2351.089667 2351.066879 2351.050697 2351.066879 2351.089667 2351.083841 2351.039001 2350.981859 2350.462973 2351.017016 2351.009254 0.000000 0.000000
0.000000 0.000000 2693.107793 2693.114932 2692.577055 2693.080900 2693.137004 2693.181229 2693.187026 2693.164381 2693.148375 2693.164381 2693.187026 2693.181229 2693.137004 2693.080900 2692.577055 2693.114932 2693.107793 0.000000 0.000000
0.000000 0.000000 3025.615949 3025.622455 3025.094015 3025.589240 3025.644840 3025.688616 3025.694388 3025.671827 3025.655772 3025.671827 3025.694388 3025.688616 3025.644840 3025.589240 3025.094015 3025.622455 3025.615949 0.000000 0.000000
0.000000 0.000000 3349.821440 3349.825042 3349.306896 3349.793514 3349.848531 3349.891082 3349.897302 3349.874902 3349.859875 3349.874902 3349.897302 3349.891082 3349.848531 3349.793514 3349.306896 3349.825042 3349.821440 0.000000 0.000000
0.000000 0.000000 3666.921176 3666.923276 3666.410398 3666.894016 3666.947791 3666.989735 3666.996066 3666.973613 3666.958689 3666.973613 3666.996066 3666.989735 3666.947791 3666.894016 3666.410398 3666.923276 3666.921176 0.000000 0.000000
0.000000 0.000000 3980.541266 3980.541529 3980.032987 3980.512644 3980.567555 3980.609398 3980.615867 3980.593407 3980.578361 3980.593407 3980.615867 3980.609398 3980.567555 3980.512644 3980.032987 3980.541529 3980.541266 0.000000 0.000000
0.000000 0.000000 4289.846752 4289.847398 4289.336929 4289.818300 4289.873237 4289.914648 4289.921198 4289.898699 4289.882892 4289.898699 4289.921198 4289.914648 4289.873237 4289.818300 4289.336929 4289.847398 4289.846752 0.000000 0.000000
0.000000 0.000000 4596.647789 4596.649687 4596.148781 4596.620640 4596.675034 4596.716370 4596.722929 4596.700367 4596.683991 4596.700367 4596.722929 4596.716370 4596.675034 4596.620640 4596.148781 4596.649687 4596.647786 0.000000 0.000000
0.000000 0.000000 4898.853855 4898.854023 4898.350119 4898.826129 4898.881012 4898.921687 4898.928346 4898.905732 4898.889054 4898.905732 4898.928346 4898.921687 4898.881012 4898.826129 4898.350118 4898.854010 4898.853454 0.000000 0.000000
0.000000 0.000000 5208.263424 5208.386718 5207.883650 5208.356307 5208.411395 5208.452026 5208.458994 5208.436311 5208.419392 5208.436311 5208.458994 5208.452026 5208.411395 5208.356307 5207.883636 5208.384785 5208.383920 0.000000 0.000000
0.000000 0.000000 0.000000 0.000000 0.000000 0.000000 0.000000 0.000000 0.000000 0.000000 0.000000 0.000000 0.000000 0.000000 0.000000 0.000000 0.000000 0.000000 0.000000 0.000000 0.000000
0.000000 0.000000 0.000000 0.000000 0.000000 0.000000 0.000000 0.000000 0.000000 0.000000 0.000000 0.000000 0.000000 0.000000 0.000000 0.000000 0.000000 0.000000 0.000000 0.000000 0.000000