geotop/1.0zi/1.0Montebello/Templates/testdem/maps/_Erotot2050.asc
ncols         21
nrows         20
xllcorner     100.000000
yllcorner     100.000000
cellsize      50.000000
NODATA_value  -9999.0
0.000000 0.000000 0.000000 0.000000 0.000000 0.000000 0.000000 0.000000 0.000000 0.000000 0.000000 0.000000 0.000000 0.000000 0.000000 0.000000 0.000000 0.000000 0.000000 0.000000 0.000000
0.000000 0.000000 206.341860 206.344189 206.381682 206.371620 206.328953 206.345080 206.347763 206.336851 206.339035 206.336851 206.347763 206.345080 206.328953 206.371620 206.381682 206.344189 206.341860 0.000000 0.000000
0.000000 0.000000 11.115168 10.894073 9.113046 10.954910 11.163167 11.138531 11.146063 11.158140 11.154050 11.158140 11.146063 11.138531 11.163167 10.954910 9.113046 10.894073 11.115168 0.000000 0.000000
0.000000 0.000000 1424.701109 1424.492311 1424.684811 1422.619483 1424.862113 1424.404973 1424.433773 1425.169921 1425.188679 1425.169921 1424.433773 1424.404973 1424.862113 1422.619483 1424.684811 1424.492311 1424.701109 0.000000 0.000000
0.000000 0.000000 2884.725442 2884.513376 2883.912519 2884.597203 2885.042921 2884.847046 2884.803596 2884.968102 2884.938170 2884.968102 2884.803596 2884.847046 2885.042921 2884.597203 2883.912519 2884.513376 2884.725442 0.000000 0.000000
0.000000 0.000000 3750.548272 3750.381457 3749.770305 3749.887065 3750.762145 3750.490550 3750.517274 3750.836323 3750.877940 3750.836323 3750.517274 3750.490550 3750.762145 3749.887065 3749.770305 3750.381457 3750.548272 0.000000 0.000000
0.000000 0.000000 4907.637298 4907.503629 4906.939422 4907.057094 4907.803585 4907.571182 4907.603621 4907.886186 4907.940692 4907.886186 4907.603621 4907.571182 4907.803585 4907.057094 4906.939422 4907.503629 4907.637298 0.000000 0.000000
0.000000 0.000000 6006.494649 6006.384610 6005.857130 6005.978971 6006.627876 6006.428640 6006.457805 6006.710606 6006.765831 6006.710606 6006.457805 6006.428640 6006.627876 6005.978971 6005.857130 6006.384610 6006.494649 0.000000 0.000000
0.000000 0.000000 7040.624226 7040.522911 7040.019509 7040.139690 7040.744434 7040.560055 7040.587415 7040.825938 7040.880767 7040.825938 7040.587415 7040.560055 7040.744434 7040.139690 7040.019509 7040.522911 7040.624226 0.000000 0.000000
0.000000 0.000000 8022.110804 8022.036137 8021.542821 8021.700686 8022.217282 8022.052933 8022.084828 8022.301512 8022.354651 8022.301512 8022.084828 8022.052933 8022.217282 8021.700686 8021.542821 8022.036137 8022.110804 0.000000 0.000000
0.000000 0.000000 8956.730699 8956.646935 8956.171769 8956.303823 8956.835361 8956.670576 8956.697973 8956.912965 8956.963852 8956.912965 8956.697973 8956.670576 8956.835361 8956.303823 8956.171769 8956.646935 8956.730699 0.000000 0.000000
0.000000 0.000000 9853.318882 9853.233134 9852.773279 9852.898158 9853.418635 9853.259910 9853.285983 9853.494730 9853.545540 9853.494730 9853.285983 9853.259910 9853.418635 9852.898158 9852.773279 9853.233134 9853.318882 0.000000 0.000000
0.000000 0.000000 10721.016051 10720.933475 10720.479095 10720.604615 10721.108611 10720.953365 10720.979474 10721.183561 10721.232850 10721.183561 10720.979474 10720.953365 10721.108611 10720.604615 10720.479095 10720.933475 10721.016051 0.000000 0.000000
0.000000 0.000000 11562.762747 11562.686843 11562.240316 11562.384591 11562.852607 11562.703097 11562.730814 11562.927648 11562.975720 11562.927648 11562.730814 11562.703097 11562.852607 11562.384591 11562.240316 11562.686843 11562.762747 0.000000 0.000000
0.000000 0.000000 12381.487489 12381.408744 12380.963754 12381.096640 12381.572524 12381.423521 12381.449856 12381.646324 12381.693303 12381.646324 12381.449856 12381.423521 12381.572524 12381.096640 12380.963754 12381.408744 12381.487489 0.000000 0.000000
0.000000 0.000000 13179.594772 13179.517245 13179.082749 13179.208528 13179.674121 13179.529227 13179.555312 13179.747247 13179.793767 13179.747247 13179.555312 13179.529227 13179.674121 13179.208528 13179.082749 13179.517244 13179.594768 0.000000 0.000000
0.000000 0.000000 13956.806844 13956.730033 13956.295943 13956.424982 13956.884207 13956.739768 13956.765252 13956.953960 13956.999102 13956.953960 13956.765252 13956.739768 13956.884207 13956.424982 13956.295943 13956.730012 13956.806376 0.000000 0.000000
0.000000 0.000000 14746.767696 14747.030827 14746.604341 14746.728418 14747.185817 14747.042370 14747.065649 14747.252338 14747.296375 14747.252338 14747.065649 14747.042370 14747.185817 14746.728418 14746.604322 14747.027377 14747.103383 0.000000 0.000000
0.000000 0.000000 0.000000 0.000000 0.000000 0.000000 0.000000 0.000000 0.000000 0.000000 0.000000 0.000000 0.000000 0.000000 0.000000 0.000000 0.000000 0.000000 0.000000 0.000000 0.000000
0.000000 0.000000 0.000000 0.000000 0.000000 0.000000 0.000000 0.000000 0.000000 0.000000 0.000000 0.000000 0.000000 0.000000 0.000000 0.000000 0.000000 0.000000 0.000000 0.000000 0.000000