geotop/1.0zi/1.0Montebello/Templates/testdem/maps/_Erotot5692.asc
ncols         21
nrows         20
xllcorner     100.000000
yllcorner     100.000000
cellsize      50.000000
NODATA_value  -9999.0
0.000000 0.000000 0.000000 0.000000 0.000000 0.000000 0.000000 0.000000 0.000000 0.000000 0.000000 0.000000 0.000000 0.000000 0.000000 0.000000 0.000000 0.000000 0.000000 0.000000 0.000000
0.000000 0.000000 436.890173 436.093764 435.916483 435.708629 435.673611 435.779272 435.729146 435.903331 435.810250 435.607614 435.547303 435.626637 435.732004 435.633142 435.826091 436.019111 436.433803 0.000000 0.000000
0.000000 0.000000 32.982817 33.646055 33.935237 35.103604 34.849574 34.610057 34.432330 34.209045 34.419828 34.772609 34.588750 34.346090 34.799977 34.565946 33.737778 32.903111 32.306330 0.000000 0.000000
0.000000 0.000000 184.692351 186.031225 178.411134 175.635675 177.019765 171.965407 171.581074 171.131633 170.412764 168.035109 170.606709 168.745666 172.110899 177.700565 177.369687 180.606551 183.893362 0.000000 0.000000
0.000000 0.000000 1780.652819 1785.531817 1791.502434 1773.289266 1758.278172 1747.514504 1750.129756 1747.574767 1751.272614 1755.517357 1751.921615 1749.854201 1759.834151 1759.079595 1766.301130 1773.367190 1774.610697 0.000000 0.000000
0.000000 0.000000 3184.558690 3178.502630 3175.831017 3171.514920 3163.687229 3156.364794 3154.867634 3154.741169 3153.813045 3151.760961 3149.045920 3151.085419 3150.515507 3165.872472 3170.804902 3174.056289 3176.506012 0.000000 0.000000
0.000000 0.000000 4183.813283 4181.302318 4178.325321 4173.970557 4161.139101 4144.966270 4145.094539 4141.707762 4143.437963 4146.209506 4148.116164 4149.132032 4168.624337 4177.795863 4182.557454 4184.220109 4189.409008 0.000000 0.000000
0.000000 0.000000 4824.453029 4825.871589 4825.110530 4818.903338 4818.472035 4811.559139 4812.177772 4812.593442 4811.417814 4809.051870 4808.701858 4812.130068 4811.864179 4814.073711 4822.255438 4820.509525 4823.518507 0.000000 0.000000
0.000000 0.000000 5673.779969 5671.182970 5667.304284 5668.412743 5661.948350 5651.691595 5652.244475 5649.676448 5647.299788 5648.538583 5649.651793 5644.351139 5657.074570 5664.731769 5666.716974 5667.528461 5668.942671 0.000000 0.000000
0.000000 0.000000 6658.210305 6655.920072 6658.256777 6657.762079 6643.244292 6636.429978 6637.932883 6637.085824 6635.127356 6638.266361 6641.118104 6639.368549 6642.180296 6652.058388 6655.754426 6655.932983 6656.613937 0.000000 0.000000
0.000000 0.000000 7719.074309 7719.343615 7719.669016 7705.721097 7703.258797 7692.818951 7696.435930 7687.509008 7689.987019 7689.112553 7684.369391 7691.435798 7695.373405 7696.404299 7702.859128 7708.654154 7715.822750 0.000000 0.000000
0.000000 0.000000 8825.968533 8821.543677 8816.938803 8815.370234 8811.629073 8797.196049 8796.364861 8795.511845 8802.175841 8795.273256 8797.173172 8796.537144 8811.370929 8814.213864 8815.517884 8816.009384 8835.079365 0.000000 0.000000
0.000000 0.000000 9944.507182 9942.687453 9943.868851 9936.666245 9932.788976 9907.306059 9906.213111 9905.943646 9891.931418 9900.780058 9904.560190 9906.310988 9921.289549 9924.790394 9938.369425 9937.723051 9944.526135 0.000000 0.000000
0.000000 0.000000 11169.179209 11170.646307 11164.160751 11163.249652 11137.304769 11145.250494 11135.148223 11136.598965 11137.812200 11137.495920 11135.937005 11132.448737 11122.473164 11150.276443 11155.484015 11165.808399 11172.668618 0.000000 0.000000
0.000000 0.000000 12487.101709 12482.244544 12479.654274 12457.537350 12456.919233 12442.110384 12429.675575 12428.258372 12423.582637 12417.622892 12420.554144 12418.608635 12432.563577 12436.186951 12474.881486 12466.404662 12466.540710 0.000000 0.000000
0.000000 0.000000 13835.888177 13835.367044 13802.357583 13801.312386 13806.185817 13798.651598 13815.023246 13807.696231 13813.337621 13809.009346 13803.998976 13811.822997 13815.237740 13814.645478 13795.727890 13843.389861 13836.523193 0.000000 0.000000
0.000000 0.000000 15363.215808 15323.658309 15321.470519 15312.748680 15288.990185 15282.639551 15275.161489 15278.259982 15265.382972 15265.714119 15270.165436 15270.120124 15280.776613 15290.455611 15319.513389 15314.689851 15359.621552 0.000000 0.000000
0.000000 0.000000 16442.889271 16453.218382 16495.060493 16488.552393 16474.444308 16439.985626 16441.121653 16427.916386 16438.776665 16437.004767 16442.618903 16437.553254 16467.303288 16478.848535 16501.401469 16458.551034 16447.965043 0.000000 0.000000
0.000000 0.000000 0.000000 0.000000 0.000000 0.000000 0.000000 0.000000 0.000000 0.000000 0.000000 0.000000 0.000000 0.000000 0.000000 0.000000 0.000000 0.000000 0.000000 0.000000 0.000000
0.000000 0.000000 0.000000 0.000000 0.000000 0.000000 0.000000 0.000000 0.000000 0.000000 0.000000 0.000000 0.000000 0.000000 0.000000 0.000000 0.000000 0.000000 0.000000 0.000000 0.000000