geotop/1.0zi/1.0Montebello/Templates/testdem/maps/_Erotot8151.asc
ncols         21
nrows         20
xllcorner     100.000000
yllcorner     100.000000
cellsize      50.000000
NODATA_value  -9999.0
0.000000 0.000000 0.000000 0.000000 0.000000 0.000000 0.000000 0.000000 0.000000 0.000000 0.000000 0.000000 0.000000 0.000000 0.000000 0.000000 0.000000 0.000000 0.000000 0.000000 0.000000
0.000000 0.000000 675.909083 676.707618 676.158148 676.263906 675.253601 675.413049 675.399725 675.462974 675.896003 675.221323 675.099668 675.151800 675.526355 675.680199 676.515330 677.062590 677.277394 0.000000 0.000000
0.000000 0.000000 52.204196 51.221096 51.462866 51.526517 52.160680 51.838266 51.545080 51.407315 51.636383 51.995643 52.015182 52.164623 51.919453 51.408021 50.135368 49.280806 49.805073 0.000000 0.000000
0.000000 0.000000 354.801321 355.934570 343.577567 338.317589 338.882124 327.565382 327.665897 328.501586 324.849792 323.069004 325.221273 325.367500 335.627428 342.695627 347.303991 350.207765 355.426283 0.000000 0.000000
0.000000 0.000000 3340.217940 3342.640347 3344.787664 3321.799498 3302.072035 3290.517454 3289.734179 3284.995131 3291.890167 3297.025366 3292.545550 3291.105189 3306.185273 3310.014306 3321.323374 3331.129259 3331.375874 0.000000 0.000000
0.000000 0.000000 5283.956836 5278.557432 5275.087172 5268.900385 5253.264996 5243.508088 5244.364455 5243.335552 5240.011064 5234.298302 5233.333331 5236.553484 5236.093103 5256.403959 5264.270181 5270.501304 5273.502833 0.000000 0.000000
0.000000 0.000000 6609.713735 6606.740408 6602.108476 6595.089543 6581.000305 6558.534587 6557.456503 6553.659968 6555.088575 6558.802271 6560.316989 6560.815599 6589.067702 6599.361200 6605.138247 6607.971998 6613.317978 0.000000 0.000000
0.000000 0.000000 7788.195169 7788.516495 7785.370256 7775.204820 7772.324820 7762.479388 7762.651996 7762.459787 7761.477960 7757.512894 7756.825986 7763.087430 7765.249518 7770.465651 7783.278422 7781.907186 7787.086017 0.000000 0.000000
0.000000 0.000000 9327.907796 9323.405969 9316.827831 9316.255384 9304.646328 9288.750658 9290.019979 9285.379688 9283.327186 9283.046018 9285.562680 9279.737093 9298.861133 9313.221702 9315.422768 9319.277332 9320.876252 0.000000 0.000000
0.000000 0.000000 11090.278058 11086.860532 11086.876700 11082.231279 11061.112249 11050.787190 11050.343898 11050.090550 11046.610847 11050.114312 11053.326508 11052.594879 11059.884049 11074.881693 11082.988682 11085.118963 11086.453633 0.000000 0.000000
0.000000 0.000000 13025.949738 13025.221589 13021.977621 13000.950838 12994.568664 12977.895013 12983.793702 12970.055745 12974.314098 12972.457332 12965.327526 12975.603947 12985.554892 12988.827003 13002.029541 13009.433009 13020.658575 0.000000 0.000000
0.000000 0.000000 15129.857508 15121.691403 15112.993587 15109.248495 15098.050012 15076.915799 15073.000770 15073.846660 15081.413094 15069.916355 15074.371024 15074.056271 15097.795403 15107.151400 15110.469273 15114.687302 15139.074380 0.000000 0.000000
0.000000 0.000000 17327.133889 17322.283840 17322.488586 17307.718427 17299.918047 17247.084807 17245.375709 17244.262512 17221.582242 17234.895167 17239.324919 17244.410948 17281.316740 17289.275697 17314.145717 17313.950481 17321.575863 0.000000 0.000000
0.000000 0.000000 19860.784079 19863.610466 19848.774787 19843.727786 19779.017563 19802.359025 19785.367456 19786.764831 19794.568090 19788.872241 19786.360505 19780.930514 19757.115218 19826.699752 19833.421339 19855.328434 19865.896924 0.000000 0.000000
0.000000 0.000000 22714.820886 22706.074419 22696.059366 22623.054572 22641.230974 22604.484795 22584.222392 22580.454018 22566.950689 22555.650926 22563.021481 22561.790209 22602.296635 22587.326876 22691.405697 22670.108645 22667.266193 0.000000 0.000000
0.000000 0.000000 25678.066918 25674.988510 25569.567667 25606.365007 25605.584180 25597.177536 25645.647422 25629.612144 25652.763506 25644.391555 25627.027673 25654.396755 25653.415536 25655.545479 25560.400810 25716.775111 25708.268047 0.000000 0.000000
0.000000 0.000000 29195.082662 29043.025424 29090.030483 29036.791690 28957.225494 28940.061247 28893.909344 28907.264350 28857.739040 28863.187349 28889.779492 28865.859582 28903.037672 28954.033958 29087.321737 28987.027324 29149.899060 0.000000 0.000000
0.000000 0.000000 30375.056938 30530.356648 30664.926313 30670.815469 30680.509171 30561.717203 30584.072335 30543.858664 30607.274466 30595.857451 30589.645625 30604.629251 30701.180270 30695.271281 30690.498044 30584.265142 30430.785020 0.000000 0.000000
0.000000 0.000000 0.000000 0.000000 0.000000 0.000000 0.000000 0.000000 0.000000 0.000000 0.000000 0.000000 0.000000 0.000000 0.000000 0.000000 0.000000 0.000000 0.000000 0.000000 0.000000
0.000000 0.000000 0.000000 0.000000 0.000000 0.000000 0.000000 0.000000 0.000000 0.000000 0.000000 0.000000 0.000000 0.000000 0.000000 0.000000 0.000000 0.000000 0.000000 0.000000 0.000000