geotop/1.0zi/1.0Montebello/Templates/testdem/maps/_Erotot0975.asc
ncols         21
nrows         20
xllcorner     100.000000
yllcorner     100.000000
cellsize      50.000000
NODATA_value  -9999.0
0.000000 0.000000 0.000000 0.000000 0.000000 0.000000 0.000000 0.000000 0.000000 0.000000 0.000000 0.000000 0.000000 0.000000 0.000000 0.000000 0.000000 0.000000 0.000000 0.000000 0.000000
0.000000 0.000000 109.239684 109.240944 109.275422 109.249670 109.234356 109.240975 109.242336 109.237897 109.238429 109.237897 109.242336 109.240975 109.234356 109.249670 109.275422 109.240944 109.239684 0.000000 0.000000
0.000000 0.000000 9.208008 8.989712 7.215137 9.074294 9.241760 9.234867 9.246300 9.251613 9.249930 9.251613 9.246300 9.234867 9.241760 9.074294 7.215137 8.989712 9.208008 0.000000 0.000000
0.000000 0.000000 851.604701 851.179110 851.467646 849.167565 851.558681 851.397904 851.270802 851.591712 851.619815 851.591712 851.270802 851.397904 851.558681 849.167565 851.467646 851.179110 851.604701 0.000000 0.000000
0.000000 0.000000 1483.680684 1483.411306 1482.696349 1483.345214 1483.792343 1483.655605 1483.611231 1483.719263 1483.682828 1483.719263 1483.611231 1483.655605 1483.792343 1483.345214 1482.696349 1483.411306 1483.680684 0.000000 0.000000
0.000000 0.000000 1968.214390 1967.942442 1967.296412 1967.356834 1968.247576 1968.152931 1968.107837 1968.233683 1968.237633 1968.233683 1968.107837 1968.152931 1968.247576 1967.356834 1967.296412 1967.942442 1968.214390 0.000000 0.000000
0.000000 0.000000 2559.259174 2559.037428 2558.444136 2558.521397 2559.275389 2559.209589 2559.178010 2559.280090 2559.281597 2559.280090 2559.178010 2559.209589 2559.275389 2558.521397 2558.444136 2559.037428 2559.259174 0.000000 0.000000
0.000000 0.000000 3120.532785 3120.337898 3119.784322 3119.870792 3120.536115 3120.488920 3120.463706 3120.551655 3120.553172 3120.551655 3120.463706 3120.488920 3120.536115 3119.870792 3119.784322 3120.337898 3120.532785 0.000000 0.000000
0.000000 0.000000 3653.666622 3653.485251 3652.956944 3653.042927 3653.664698 3653.625439 3653.603291 3653.683508 3653.684278 3653.683508 3653.603291 3653.625439 3653.664698 3653.042927 3652.956944 3653.485251 3653.666622 0.000000 0.000000
0.000000 0.000000 4165.207725 4165.055472 4164.535874 4164.661779 4165.198554 4165.174127 4165.158785 4165.223068 4165.223217 4165.223068 4165.158785 4165.174127 4165.198554 4164.661779 4164.535874 4165.055472 4165.207725 0.000000 0.000000
0.000000 0.000000 4656.835052 4656.672821 4656.169599 4656.269749 4656.827743 4656.798908 4656.780359 4656.847250 4656.846152 4656.847250 4656.780359 4656.798908 4656.827743 4656.269749 4656.169599 4656.672821 4656.835052 0.000000 0.000000
0.000000 0.000000 5132.753097 5132.587812 5132.096033 5132.186871 5132.741981 5132.715074 5132.696776 5132.762636 5132.762296 5132.762636 5132.696776 5132.715074 5132.741981 5132.186871 5132.096033 5132.587812 5132.753097 0.000000 0.000000
0.000000 0.000000 5597.134107 5596.970543 5596.483873 5596.576088 5597.121597 5597.095551 5597.077355 5597.141038 5597.140024 5597.141038 5597.077355 5597.095551 5597.121597 5596.576088 5596.483873 5596.970543 5597.134107 0.000000 0.000000
0.000000 0.000000 6053.360252 6053.202838 6052.721538 6052.834434 6053.345297 6053.323695 6053.308104 6053.367084 6053.365996 6053.367084 6053.308104 6053.323695 6053.345297 6052.834434 6052.721538 6053.202838 6053.360252 0.000000 0.000000
0.000000 0.000000 6503.920228 6503.759130 6503.278896 6503.380427 6503.904715 6503.882265 6503.865521 6503.926117 6503.924688 6503.926117 6503.865521 6503.882265 6503.904715 6503.380427 6503.278896 6503.759130 6503.920228 0.000000 0.000000
0.000000 0.000000 6949.335645 6949.177059 6948.707519 6948.803625 6949.320212 6949.299112 6949.282835 6949.342074 6949.340296 6949.342074 6949.282835 6949.299112 6949.320212 6948.803625 6948.707519 6949.177059 6949.335642 0.000000 0.000000
0.000000 0.000000 7387.758430 7387.597809 7387.126768 7387.224189 7387.743175 7387.720280 7387.703438 7387.763371 7387.761199 7387.763371 7387.703438 7387.720280 7387.743175 7387.224189 7387.126767 7387.597793 7387.758194 0.000000 0.000000
0.000000 0.000000 7844.810666 7844.882416 7844.414032 7844.501057 7845.027393 7845.003349 7844.986317 7845.047657 7845.045588 7845.047657 7844.986317 7845.003349 7845.027393 7844.501056 7844.414016 7844.879877 7845.042898 0.000000 0.000000
0.000000 0.000000 0.000000 0.000000 0.000000 0.000000 0.000000 0.000000 0.000000 0.000000 0.000000 0.000000 0.000000 0.000000 0.000000 0.000000 0.000000 0.000000 0.000000 0.000000 0.000000
0.000000 0.000000 0.000000 0.000000 0.000000 0.000000 0.000000 0.000000 0.000000 0.000000 0.000000 0.000000 0.000000 0.000000 0.000000 0.000000 0.000000 0.000000 0.000000 0.000000 0.000000