geotop/1.0zi/1.0Montebello/Templates/testdem/maps/_Erotot5708.asc
ncols         21
nrows         20
xllcorner     100.000000
yllcorner     100.000000
cellsize      50.000000
NODATA_value  -9999.0
0.000000 0.000000 0.000000 0.000000 0.000000 0.000000 0.000000 0.000000 0.000000 0.000000 0.000000 0.000000 0.000000 0.000000 0.000000 0.000000 0.000000 0.000000 0.000000 0.000000 0.000000
0.000000 0.000000 436.890173 436.093764 435.916483 435.708629 435.673611 435.779272 435.729146 435.903331 435.810250 435.607614 435.547303 435.626637 435.732004 435.633142 435.826091 436.019111 436.433803 0.000000 0.000000
0.000000 0.000000 32.982817 33.646055 33.935237 35.103604 34.849574 34.610057 34.432330 34.209045 34.419828 34.772609 34.588750 34.346090 34.799977 34.565946 33.737778 32.903111 32.306330 0.000000 0.000000
0.000000 0.000000 184.692351 186.031225 178.411134 175.635675 177.019765 171.965407 171.581074 171.131633 170.412764 168.035109 170.606709 168.745666 172.110899 177.700565 177.369687 180.606551 183.893362 0.000000 0.000000
0.000000 0.000000 1780.652819 1785.531817 1791.502434 1773.289266 1758.278172 1747.514504 1750.129756 1747.574767 1751.272614 1755.517357 1751.921615 1749.854201 1759.834151 1759.079595 1766.301130 1773.367190 1774.610697 0.000000 0.000000
0.000000 0.000000 3185.478482 3179.421946 3176.746528 3172.428736 3164.598105 3157.274066 3155.776941 3155.648894 3154.722310 3152.670192 3149.955046 3151.993161 3151.427175 3166.787129 3171.719469 3174.971414 3177.421141 0.000000 0.000000
0.000000 0.000000 4184.426959 4181.916309 4178.939295 4174.585965 4161.752961 4145.575268 4145.702985 4142.316861 4144.046462 4146.817950 4148.724672 4149.741490 4169.237864 4178.411328 4183.172503 4184.835215 4190.024105 0.000000 0.000000
0.000000 0.000000 4825.091353 4826.509920 4825.747353 4819.539109 4819.108059 4812.195252 4812.814239 4813.229741 4812.054307 4809.688305 4809.338351 4812.766459 4812.500179 4814.709894 4822.891303 4821.145632 4824.154497 0.000000 0.000000
0.000000 0.000000 5674.708925 5672.112003 5668.230837 5669.338797 5662.873602 5652.615521 5653.168502 5650.600093 5648.223793 5649.462540 5650.575743 5645.275090 5657.999750 5665.658484 5667.643185 5668.454961 5669.869236 0.000000 0.000000
0.000000 0.000000 6659.386499 6657.096503 6659.431089 6658.935968 6644.416609 6637.601113 6639.104066 6638.256870 6636.298539 6639.437532 6642.289288 6640.540046 6643.352661 6653.232961 6656.928571 6657.107320 6657.788404 0.000000 0.000000
0.000000 0.000000 7720.623063 7720.892576 7721.214756 7707.265839 7704.801087 7694.358361 7697.975334 7689.048126 7691.526431 7690.651778 7685.908603 7692.975610 7696.915694 7697.949947 7704.404137 7710.199749 7717.368280 0.000000 0.000000
0.000000 0.000000 8827.998254 8823.573432 8818.964572 8817.394961 8813.650917 8799.214084 8798.382675 8797.529701 8804.193930 8797.291075 8799.191196 8798.555906 8813.393223 8816.239983 8817.543405 8818.035195 8837.105778 0.000000 0.000000
0.000000 0.000000 9947.107430 9945.288030 9946.464718 9939.260616 9935.379750 9909.882192 9908.789065 9908.519525 9894.506566 9903.355676 9907.136053 9908.888296 9923.879885 9927.385564 9940.964682 9940.318521 9947.121970 0.000000 0.000000
0.000000 0.000000 11172.665559 11174.133470 11167.643201 11166.730796 11140.755265 11148.681021 11138.578139 11140.028037 11141.242979 11140.925718 11139.366734 11135.880096 11125.923346 11153.758639 11158.965736 11169.291166 11176.151985 0.000000 0.000000
0.000000 0.000000 12491.547540 12486.690624 12484.095080 12461.953716 12461.329302 12446.504759 12434.068565 12432.651466 12427.974793 12422.013951 12424.946252 12423.002472 12436.972081 12440.602863 12479.321938 12470.843545 12470.979374 0.000000 0.000000
0.000000 0.000000 13841.233510 13840.712743 13807.671680 13806.604274 13811.464260 13803.912590 13820.287811 13812.960615 13818.603451 13814.274296 13809.262426 13817.091360 13820.521464 13819.943026 13801.041302 13848.735057 13841.868188 0.000000 0.000000
0.000000 0.000000 15369.698180 15330.101714 15327.880787 15319.134015 15295.339617 15288.967438 15281.486282 15284.586055 15271.704683 15272.036453 15276.489984 15276.445441 15287.122881 15296.836951 15325.923218 15321.120726 15366.093280 0.000000 0.000000
0.000000 0.000000 16450.197782 16460.504911 16502.357600 16495.837154 16481.708665 16447.205284 16448.341863 16435.133108 16445.999246 16444.226014 16449.840813 16444.779274 16474.569919 16486.136888 16508.702503 16465.834600 16455.270532 0.000000 0.000000
0.000000 0.000000 0.000000 0.000000 0.000000 0.000000 0.000000 0.000000 0.000000 0.000000 0.000000 0.000000 0.000000 0.000000 0.000000 0.000000 0.000000 0.000000 0.000000 0.000000 0.000000
0.000000 0.000000 0.000000 0.000000 0.000000 0.000000 0.000000 0.000000 0.000000 0.000000 0.000000 0.000000 0.000000 0.000000 0.000000 0.000000 0.000000 0.000000 0.000000 0.000000 0.000000