geotop/1.0zi/1.0Montebello/Templates/testdem/maps/_Erotot3564.asc
ncols         21
nrows         20
xllcorner     100.000000
yllcorner     100.000000
cellsize      50.000000
NODATA_value  -9999.0
0.000000 0.000000 0.000000 0.000000 0.000000 0.000000 0.000000 0.000000 0.000000 0.000000 0.000000 0.000000 0.000000 0.000000 0.000000 0.000000 0.000000 0.000000 0.000000 0.000000 0.000000
0.000000 0.000000 373.507320 373.510175 373.513721 373.632707 373.500222 373.506008 373.479660 373.519617 373.534314 373.519617 373.479660 373.506008 373.500222 373.632707 373.513721 373.510175 373.507320 0.000000 0.000000
0.000000 0.000000 11.485726 11.247125 9.491099 11.172808 11.489119 11.414608 11.533827 11.430028 11.797608 11.430028 11.533827 11.414608 11.489119 11.172808 9.491099 11.247125 11.485726 0.000000 0.000000
0.000000 0.000000 2753.684372 2753.420529 2753.563007 2751.730485 2753.603393 2752.889860 2752.701584 2753.490572 2753.624123 2753.490572 2752.701584 2752.889860 2753.603392 2751.730485 2753.563007 2753.420529 2753.684372 0.000000 0.000000
0.000000 0.000000 5244.246961 5244.069694 5243.368996 5243.949514 5244.489523 5244.315804 5244.301205 5244.396179 5244.423874 5244.396179 5244.301205 5244.315804 5244.489523 5243.949514 5243.368996 5244.069694 5244.246961 0.000000 0.000000
0.000000 0.000000 6788.028157 6787.840079 6787.239429 6787.375223 6788.158219 6787.753926 6787.728105 6788.011001 6788.235221 6788.011001 6787.728105 6787.753926 6788.158219 6787.375223 6787.239429 6787.840079 6788.028157 0.000000 0.000000
0.000000 0.000000 8745.800885 8745.657902 8745.110557 8745.231319 8745.913677 8745.551790 8745.537423 8745.775315 8745.999149 8745.775315 8745.537423 8745.551790 8745.913677 8745.231319 8745.110557 8745.657902 8745.800885 0.000000 0.000000
0.000000 0.000000 10553.264291 10553.149824 10552.653212 10552.777037 10553.359981 10553.046651 10553.035490 10553.245278 10553.446648 10553.245278 10553.035490 10553.046651 10553.359981 10552.777037 10552.653212 10553.149824 10553.264291 0.000000 0.000000
0.000000 0.000000 12211.473422 12211.373009 12210.911764 12211.033736 12211.566878 12211.282431 12211.270418 12211.464536 12211.653547 12211.464536 12211.270418 12211.282431 12211.566878 12211.033736 12210.911764 12211.373009 12211.473422 0.000000 0.000000
0.000000 0.000000 13748.735181 13748.663311 13748.221253 13748.379550 13748.822918 13748.567242 13748.559788 13748.733209 13748.904921 13748.733209 13748.559788 13748.567242 13748.822918 13748.379550 13748.221253 13748.663311 13748.735181 0.000000 0.000000
0.000000 0.000000 15175.757190 15175.679510 15175.266482 15175.399580 15175.847701 15175.600549 15175.590742 15175.762129 15175.923463 15175.762129 15175.590742 15175.600549 15175.847701 15175.399580 15175.266482 15175.679510 15175.757190 0.000000 0.000000
0.000000 0.000000 16518.683706 16518.609766 16518.224837 16518.352911 16518.784539 16518.550946 16518.538077 16518.707732 16518.858193 16518.707732 16518.538077 16518.550946 16518.784539 16518.352911 16518.224837 16518.609766 16518.683706 0.000000 0.000000
0.000000 0.000000 17786.394218 17786.326749 17785.954562 17786.083434 17786.490614 17786.269880 17786.257867 17786.422422 17786.562866 17786.422422 17786.257867 17786.269880 17786.490614 17786.083434 17785.954562 17786.326749 17786.394218 0.000000 0.000000
0.000000 0.000000 18992.992330 18992.932776 18992.575592 18992.719943 18993.088119 18992.877878 18992.868147 18993.024412 18993.157643 18993.024412 18992.868147 18992.877878 18993.088119 18992.719943 18992.575592 18992.932776 18992.992330 0.000000 0.000000
0.000000 0.000000 20142.846998 20142.782911 20142.434396 20142.566274 20142.934960 20142.738515 20142.731343 20142.885618 20143.011857 20142.885618 20142.731343 20142.738515 20142.934960 20142.566274 20142.434396 20142.782911 20142.846998 0.000000 0.000000
0.000000 0.000000 21238.888296 21238.826925 21238.492321 21238.616245 21238.970134 21238.779050 21238.771264 21238.918651 21239.040220 21238.918651 21238.771264 21238.779050 21238.970134 21238.616245 21238.492321 21238.826925 21238.888292 0.000000 0.000000
0.000000 0.000000 22289.091030 22289.030872 22288.702719 22288.829740 22289.166363 22288.982245 22288.974845 22289.117394 22289.231597 22289.117394 22288.974845 22288.982245 22289.166363 22288.829740 22288.702719 22289.030852 22289.090905 0.000000 0.000000
0.000000 0.000000 23345.732206 23346.212402 23345.894371 23346.016890 23346.344326 23346.166986 23346.158945 23346.296764 23346.406814 23346.296764 23346.158945 23346.166986 23346.344326 23346.016889 23345.894353 23346.209083 23346.266011 0.000000 0.000000
0.000000 0.000000 0.000000 0.000000 0.000000 0.000000 0.000000 0.000000 0.000000 0.000000 0.000000 0.000000 0.000000 0.000000 0.000000 0.000000 0.000000 0.000000 0.000000 0.000000 0.000000
0.000000 0.000000 0.000000 0.000000 0.000000 0.000000 0.000000 0.000000 0.000000 0.000000 0.000000 0.000000 0.000000 0.000000 0.000000 0.000000 0.000000 0.000000 0.000000 0.000000 0.000000