geotop/1.0zi/1.0Montebello/Templates/testdem/maps/_Erotot7046.asc
ncols         21
nrows         20
xllcorner     100.000000
yllcorner     100.000000
cellsize      50.000000
NODATA_value  -9999.0
0.000000 0.000000 0.000000 0.000000 0.000000 0.000000 0.000000 0.000000 0.000000 0.000000 0.000000 0.000000 0.000000 0.000000 0.000000 0.000000 0.000000 0.000000 0.000000 0.000000 0.000000
0.000000 0.000000 566.774287 567.577251 567.230950 567.453722 566.840921 566.877690 566.823965 566.927178 567.353217 566.679849 566.569497 566.650838 566.941377 566.900543 567.660740 567.930842 568.000848 0.000000 0.000000
0.000000 0.000000 44.497109 43.278231 43.257848 43.409578 43.644504 43.496633 43.238456 43.081879 43.320607 43.609499 43.615357 43.737760 43.515095 43.316459 42.030120 41.305786 42.048705 0.000000 0.000000
0.000000 0.000000 237.396556 239.118405 227.415176 224.783096 223.480513 216.494946 217.263128 215.929247 214.986501 212.431374 214.527945 214.436397 222.865656 228.945737 230.082602 231.897473 237.547513 0.000000 0.000000
0.000000 0.000000 2482.943363 2486.322931 2489.692912 2468.580056 2453.875918 2440.907894 2442.930133 2439.924877 2445.339678 2451.704020 2446.345487 2444.628686 2456.169644 2458.905009 2467.482796 2475.032419 2477.003044 0.000000 0.000000
0.000000 0.000000 4241.430107 4235.765577 4232.456733 4226.245242 4212.110458 4204.036950 4203.389297 4202.508429 4199.112397 4193.251027 4192.364676 4195.703698 4195.645600 4213.715940 4221.984017 4228.749722 4230.667249 0.000000 0.000000
0.000000 0.000000 5440.252601 5437.419307 5433.220089 5427.466066 5414.162336 5395.387283 5394.897344 5391.095954 5392.667276 5396.448442 5397.807906 5398.343170 5422.637145 5432.175164 5436.581559 5438.726054 5444.325607 0.000000 0.000000
0.000000 0.000000 6319.776545 6320.397013 6317.770703 6309.264857 6307.947583 6299.487314 6300.145370 6300.056035 6299.233443 6295.441514 6294.639300 6300.511178 6301.371156 6305.068394 6315.994064 6314.019568 6319.125501 0.000000 0.000000
0.000000 0.000000 7510.966162 7507.055319 7501.357677 7501.940436 7492.279034 7478.844549 7480.337095 7476.150751 7474.151827 7474.047164 7476.154910 7470.565620 7487.103410 7499.662453 7500.312287 7503.099583 7504.817758 0.000000 0.000000
0.000000 0.000000 8879.584543 8876.651312 8877.236759 8874.361727 8855.993906 8847.905493 8848.162373 8847.758108 8844.783846 8848.020560 8850.878736 8850.086619 8855.189558 8867.833162 8873.981189 8875.165448 8876.567863 0.000000 0.000000
0.000000 0.000000 10365.122129 10364.656363 10362.292158 10344.718053 10341.261392 10326.541762 10332.111781 10320.040499 10323.776025 10322.284972 10315.827932 10324.947888 10332.238090 10334.291515 10344.784402 10350.662391 10360.881475 0.000000 0.000000
0.000000 0.000000 11944.788354 11938.047057 11931.257667 11928.801614 11920.304680 11903.323898 11900.992387 11900.982648 11907.931774 11898.125718 11901.371096 11901.453831 11920.392932 11927.104051 11928.727661 11931.770365 11953.325591 0.000000 0.000000
0.000000 0.000000 13570.382404 13566.580775 13566.851508 13555.841185 13550.417976 13512.403124 13511.130266 13510.345597 13492.395933 13502.674502 13506.541999 13510.378868 13535.797793 13541.503007 13560.343080 13559.385018 13567.860337 0.000000 0.000000
0.000000 0.000000 15390.302090 15392.626831 15381.555064 15378.315320 15336.116364 15348.230225 15336.080516 15336.926086 15340.898259 15337.854751 15336.124221 15332.446252 15317.386307 15363.856434 15369.413947 15385.228594 15394.172603 0.000000 0.000000
0.000000 0.000000 17397.869776 17391.078879 17384.502330 17342.322456 17346.099183 17324.450656 17308.260923 17306.057784 17297.918447 17289.359652 17293.279439 17291.949292 17316.696411 17315.492349 17379.733565 17366.978094 17366.513928 0.000000 0.000000
0.000000 0.000000 19489.891853 19487.822639 19425.772075 19435.243683 19439.240077 19427.803763 19456.387884 19444.439684 19456.459914 19448.930163 19440.162680 19456.207713 19460.523116 19460.616056 19418.258158 19505.341437 19498.870006 0.000000 0.000000
0.000000 0.000000 21952.597383 21868.043498 21875.906708 21852.726273 21806.229851 21796.793355 21778.252860 21784.102986 21758.718441 21760.037600 21771.328060 21764.850356 21784.835057 21811.356842 21873.172303 21843.728806 21935.328377 0.000000 0.000000
0.000000 0.000000 23335.749846 23392.175103 23477.000309 23470.346286 23458.949024 23387.150272 23392.716556 23369.376065 23397.219249 23391.388459 23394.788713 23395.827091 23457.544685 23467.074931 23491.302384 23411.223008 23356.915839 0.000000 0.000000
0.000000 0.000000 0.000000 0.000000 0.000000 0.000000 0.000000 0.000000 0.000000 0.000000 0.000000 0.000000 0.000000 0.000000 0.000000 0.000000 0.000000 0.000000 0.000000 0.000000 0.000000
0.000000 0.000000 0.000000 0.000000 0.000000 0.000000 0.000000 0.000000 0.000000 0.000000 0.000000 0.000000 0.000000 0.000000 0.000000 0.000000 0.000000 0.000000 0.000000 0.000000 0.000000