geotop/1.0zi/1.0Montebello/Templates/testdem/maps/_Erotot2745.asc
ncols         21
nrows         20
xllcorner     100.000000
yllcorner     100.000000
cellsize      50.000000
NODATA_value  -9999.0
0.000000 0.000000 0.000000 0.000000 0.000000 0.000000 0.000000 0.000000 0.000000 0.000000 0.000000 0.000000 0.000000 0.000000 0.000000 0.000000 0.000000 0.000000 0.000000 0.000000 0.000000
0.000000 0.000000 250.522744 250.525634 250.529026 250.650445 250.517436 250.521364 250.495797 250.538398 250.556757 250.538398 250.495797 250.521364 250.517436 250.650445 250.529026 250.525634 250.522744 0.000000 0.000000
0.000000 0.000000 13.172745 12.951310 11.200232 12.919470 13.213986 13.200569 13.233857 13.197042 13.181036 13.197042 13.233857 13.200569 13.213986 12.919470 11.200232 12.951310 13.172745 0.000000 0.000000
0.000000 0.000000 1932.090502 1931.769665 1932.105835 1930.233073 1932.237714 1931.679781 1931.672851 1932.508773 1932.716333 1932.508773 1931.672851 1931.679781 1932.237714 1930.233073 1932.105835 1931.769665 1932.090502 0.000000 0.000000
0.000000 0.000000 3921.056056 3920.886996 3920.229042 3920.821164 3921.362892 3921.221140 3921.186847 3921.339091 3921.294653 3921.339091 3921.186847 3921.221140 3921.362892 3920.821164 3920.229042 3920.886996 3921.056056 0.000000 0.000000
0.000000 0.000000 5103.171964 5102.968210 5102.409990 5102.559527 5103.366521 5103.074071 5103.092697 5103.439826 5103.553074 5103.439826 5103.092697 5103.074071 5103.366521 5102.559527 5102.409990 5102.968210 5103.171964 0.000000 0.000000
0.000000 0.000000 6655.604998 6655.435715 6654.926567 6655.064652 6655.753350 6655.500690 6655.524638 6655.832491 6655.951293 6655.832491 6655.524638 6655.500690 6655.753350 6655.064652 6654.926567 6655.435715 6655.604998 0.000000 0.000000
0.000000 0.000000 8111.888318 8111.746479 8111.273871 8111.414092 8112.005082 8111.788309 8111.809816 8112.084806 8112.196369 8112.084806 8111.809816 8111.788309 8112.005082 8111.414092 8111.273871 8111.746479 8111.888318 0.000000 0.000000
0.000000 0.000000 9462.260786 9462.131555 9461.684018 9461.823594 9462.365210 9462.165976 9462.186096 9462.443510 9462.548574 9462.443510 9462.186096 9462.165976 9462.365210 9461.823594 9461.684018 9462.131555 9462.260786 0.000000 0.000000
0.000000 0.000000 10730.185256 10730.084588 10729.649036 10729.826254 10730.276801 10730.099255 10730.123862 10730.357222 10730.455365 10730.357222 10730.123862 10730.099255 10730.276801 10729.826254 10729.649036 10730.084588 10730.185256 0.000000 0.000000
0.000000 0.000000 11921.905983 11921.798897 11921.384245 11921.536765 11921.996460 11921.820190 11921.840654 11922.069911 11922.161973 11922.069911 11921.840654 11921.820190 11921.996460 11921.536765 11921.384245 11921.798897 11921.905983 0.000000 0.000000
0.000000 0.000000 13056.136887 13056.029898 13055.632158 13055.778598 13056.222382 13056.054025 13056.073250 13056.294099 13056.383422 13056.294099 13056.073250 13056.054025 13056.222382 13055.778598 13055.632158 13056.029898 13056.136887 0.000000 0.000000
0.000000 0.000000 14141.805949 14141.704349 14141.314042 14141.461709 14141.884759 14141.721327 14141.740642 14141.954910 14142.039947 14141.954910 14141.740642 14141.721327 14141.884759 14141.461709 14141.314042 14141.704349 14141.805949 0.000000 0.000000
0.000000 0.000000 15185.219633 15185.125995 15184.746014 15184.911127 15185.296088 15185.139735 15185.160532 15185.365747 15185.447571 15185.365747 15185.160532 15185.139735 15185.296088 15184.911127 15184.746014 15185.125995 15185.219633 0.000000 0.000000
0.000000 0.000000 16189.533628 16189.438220 16189.063307 16189.216847 16189.606013 16189.451483 16189.470802 16189.673443 16189.752383 16189.673443 16189.470802 16189.451483 16189.606013 16189.216847 16189.063307 16189.438220 16189.533628 0.000000 0.000000
0.000000 0.000000 17158.342444 17158.249380 17157.886129 17158.032749 17158.408859 17158.259375 17158.278517 17158.475269 17158.551743 17158.475269 17158.278517 17158.259375 17158.408859 17158.032749 17157.886129 17158.249379 17158.342439 0.000000 0.000000
0.000000 0.000000 18094.001205 18093.909942 18093.550014 18093.699500 18094.065490 18093.918523 18093.937131 18094.128538 18094.201890 18094.128538 18093.937131 18093.918523 18094.065490 18093.699500 18093.550014 18093.909921 18094.000809 0.000000 0.000000
0.000000 0.000000 19039.152025 19039.489252 19039.136694 19039.281859 19039.641865 19039.498636 19039.515298 19039.702652 19039.773057 19039.702652 19039.515298 19039.498636 19039.641865 19039.281859 19039.136676 19039.485763 19039.573506 0.000000 0.000000
0.000000 0.000000 0.000000 0.000000 0.000000 0.000000 0.000000 0.000000 0.000000 0.000000 0.000000 0.000000 0.000000 0.000000 0.000000 0.000000 0.000000 0.000000 0.000000 0.000000 0.000000
0.000000 0.000000 0.000000 0.000000 0.000000 0.000000 0.000000 0.000000 0.000000 0.000000 0.000000 0.000000 0.000000 0.000000 0.000000 0.000000 0.000000 0.000000 0.000000 0.000000 0.000000