geotop/1.0zi/1.0Montebello/Templates/testdem/maps/_Erotot9372.asc
ncols         21
nrows         20
xllcorner     100.000000
yllcorner     100.000000
cellsize      50.000000
NODATA_value  -9999.0
0.000000 0.000000 0.000000 0.000000 0.000000 0.000000 0.000000 0.000000 0.000000 0.000000 0.000000 0.000000 0.000000 0.000000 0.000000 0.000000 0.000000 0.000000 0.000000 0.000000 0.000000
0.000000 0.000000 740.099896 740.605107 740.031750 740.114903 739.115591 739.223284 739.311186 739.384763 739.773392 739.139391 739.031185 739.079436 739.481719 739.601324 740.415823 741.024650 741.248265 0.000000 0.000000
0.000000 0.000000 55.930716 54.888071 55.198231 55.134525 56.008660 55.696378 55.308843 55.166948 55.362694 55.678496 55.732591 55.839537 55.607154 54.954946 53.693982 52.801335 53.352323 0.000000 0.000000
0.000000 0.000000 449.312927 451.044749 438.048377 431.491203 430.941043 425.084250 430.209131 432.028503 428.503656 428.770760 433.503652 432.963848 441.504633 450.040825 453.882669 451.955978 458.746721 0.000000 0.000000
0.000000 0.000000 4147.614101 4142.178736 4136.080506 4101.246678 4073.853803 4059.685322 4052.771754 4046.578751 4054.032352 4060.478087 4058.718673 4053.820477 4073.642647 4080.095132 4097.560469 4109.216533 4110.015551 0.000000 0.000000
0.000000 0.000000 6369.394080 6363.965251 6359.279990 6361.587017 6336.909447 6324.907316 6328.442668 6327.688899 6323.152304 6316.844144 6315.299089 6319.799556 6319.805653 6346.041698 6346.945506 6354.572319 6356.821592 0.000000 0.000000
0.000000 0.000000 7821.360161 7816.083883 7812.297592 7800.646853 7792.689880 7754.909210 7757.749527 7755.088823 7754.454971 7758.965626 7759.735425 7761.445579 7794.681524 7800.002392 7809.545513 7812.237189 7817.554916 0.000000 0.000000
0.000000 0.000000 9329.052452 9326.322726 9321.163683 9308.451238 9300.949442 9298.021889 9297.913174 9295.934809 9295.890251 9291.905129 9291.019481 9298.363180 9296.781203 9306.847816 9322.015245 9319.448572 9325.803519 0.000000 0.000000
0.000000 0.000000 11263.919655 11258.746919 11251.575142 11247.996573 11231.135657 11209.591493 11212.856865 11208.646005 11205.163114 11204.910790 11208.091668 11202.057045 11227.457809 11242.057120 11244.593953 11248.145595 11250.950836 0.000000 0.000000
0.000000 0.000000 13513.847170 13506.366151 13503.144347 13495.307787 13471.285164 13457.671863 13457.432187 13455.659466 13451.352987 13456.056860 13459.554676 13459.451369 13466.952951 13487.490369 13496.211500 13500.135270 13499.895449 0.000000 0.000000
0.000000 0.000000 16019.283817 16016.665682 16014.580281 15982.811429 15975.991756 15952.035217 15960.571769 15943.243869 15948.928716 15945.159847 15937.668480 15949.367808 15964.522871 15969.276821 15985.207407 15990.465981 16006.861101 0.000000 0.000000
0.000000 0.000000 18813.255758 18801.432503 18783.833526 18781.959721 18763.316836 18736.172749 18735.755872 18737.429161 18744.536704 18729.879167 18738.343159 18736.228886 18764.407808 18778.873695 18781.037997 18786.520962 18812.639086 0.000000 0.000000
0.000000 0.000000 21785.529637 21777.906830 21780.393120 21752.230171 21740.645156 21665.711448 21662.850944 21661.817985 21628.642630 21650.478477 21653.263848 21661.586119 21716.040654 21726.428888 21758.767365 21759.135573 21765.527554 0.000000 0.000000
0.000000 0.000000 25321.377750 25322.469487 25297.532595 25288.633118 25188.118042 25236.538140 25213.006262 25214.484226 25230.744559 25216.618962 25215.595950 25203.759492 25156.338244 25270.159602 25272.538525 25301.727110 25315.977383 0.000000 0.000000
0.000000 0.000000 29211.282701 29196.355848 29178.267412 29061.306254 29115.629095 29043.892225 29021.323436 29015.519988 28989.098107 28977.385097 28990.203643 28992.098137 29061.900534 29007.567932 29173.426819 29131.751834 29123.298579 0.000000 0.000000
0.000000 0.000000 32841.298715 32835.061898 32686.935134 32769.754610 32750.247686 32756.699217 32832.843720 32810.626251 32848.344062 32840.838199 32813.380664 32850.954516 32831.027538 32850.787585 32667.162210 32900.378151 32891.027873 0.000000 0.000000
0.000000 0.000000 36380.771517 36226.664760 36304.874488 36234.415148 36154.532015 36133.517152 36073.241598 36090.624670 36032.711507 36041.041671 36073.765533 36041.603024 36085.234354 36135.003285 36299.404236 36150.753332 36314.345949 0.000000 0.000000
0.000000 0.000000 37234.190667 37357.171380 37460.841582 37459.741353 37464.665479 37371.541077 37390.053125 37358.218883 37407.804346 37398.916137 37395.246938 37405.510552 37478.662356 37477.990766 37475.883288 37390.543809 37268.720410 0.000000 0.000000
0.000000 0.000000 0.000000 0.000000 0.000000 0.000000 0.000000 0.000000 0.000000 0.000000 0.000000 0.000000 0.000000 0.000000 0.000000 0.000000 0.000000 0.000000 0.000000 0.000000 0.000000
0.000000 0.000000 0.000000 0.000000 0.000000 0.000000 0.000000 0.000000 0.000000 0.000000 0.000000 0.000000 0.000000 0.000000 0.000000 0.000000 0.000000 0.000000 0.000000 0.000000 0.000000