geotop/1.0zi/1.0Montebello/Templates/testdem/maps/_Erotot8576.asc
ncols         21
nrows         20
xllcorner     100.000000
yllcorner     100.000000
cellsize      50.000000
NODATA_value  -9999.0
0.000000 0.000000 0.000000 0.000000 0.000000 0.000000 0.000000 0.000000 0.000000 0.000000 0.000000 0.000000 0.000000 0.000000 0.000000 0.000000 0.000000 0.000000 0.000000 0.000000 0.000000
0.000000 0.000000 689.022603 689.840986 689.276043 689.368598 688.346446 688.502549 688.488380 688.564804 688.940441 688.316080 688.197955 688.246063 688.621735 688.778801 689.618910 690.171289 690.389688 0.000000 0.000000
0.000000 0.000000 53.700851 52.699167 52.960024 53.034477 53.674536 53.321073 53.026977 52.882071 53.103060 53.416022 53.483153 53.585715 53.422429 52.907358 51.631033 50.774812 51.297430 0.000000 0.000000
0.000000 0.000000 354.573628 355.637373 342.912215 337.668345 338.161399 326.857672 326.954134 327.784425 324.133209 322.326825 324.408498 324.682139 335.096047 342.384204 347.033823 350.036124 355.257754 0.000000 0.000000
0.000000 0.000000 3528.022752 3525.080029 3526.278083 3498.872622 3475.869112 3465.799292 3464.981474 3459.037205 3468.081939 3475.252186 3474.366212 3469.500366 3485.779370 3488.121458 3501.684621 3510.395639 3511.304574 0.000000 0.000000
0.000000 0.000000 5616.294610 5612.436404 5607.520609 5602.848758 5587.163731 5576.545486 5578.183690 5576.858991 5572.997425 5567.110118 5565.552044 5569.431635 5568.937084 5590.665343 5596.843491 5602.919102 5605.587730 0.000000 0.000000
0.000000 0.000000 6954.851817 6950.154653 6947.704508 6940.021504 6925.654026 6900.232241 6899.494219 6896.959763 6896.979138 6901.572994 6902.229507 6903.121830 6932.518223 6942.444311 6948.177072 6951.599324 6956.698102 0.000000 0.000000
0.000000 0.000000 8223.465486 8223.510509 8219.962904 8208.685348 8206.062712 8196.809394 8197.046145 8194.772365 8195.094784 8191.054002 8189.823264 8196.789217 8198.927715 8204.153908 8217.862967 8215.829112 8221.518928 0.000000 0.000000
0.000000 0.000000 9881.601259 9876.111510 9869.652592 9868.731128 9854.899466 9838.323704 9840.335647 9836.567860 9833.972142 9833.791278 9836.526433 9830.327259 9850.676010 9865.337538 9867.374428 9871.669803 9873.560258 0.000000 0.000000
0.000000 0.000000 11782.724694 11778.159836 11777.837005 11773.335050 11750.881392 11740.197098 11739.217505 11738.935272 11735.120436 11739.666189 11742.592415 11742.076012 11749.584790 11765.856198 11773.870683 11776.529979 11777.164537 0.000000 0.000000
0.000000 0.000000 13881.155164 13880.594263 13878.227657 13853.232741 13847.684240 13827.917888 13836.327522 13819.822078 13826.221373 13823.046558 13815.978143 13826.181137 13838.462998 13840.872597 13855.658130 13862.442222 13874.795428 0.000000 0.000000
0.000000 0.000000 16177.801107 16167.072614 16157.711364 16155.651867 16140.896851 16120.956668 16114.676940 16117.703943 16124.145317 16112.517322 16118.904098 16117.199457 16142.042918 16153.678941 16155.838742 16161.370561 16185.548717 0.000000 0.000000
0.000000 0.000000 18592.936588 18586.094107 18589.103865 18569.439581 18562.638484 18503.601224 18501.479933 18501.112072 18475.357995 18492.293768 18494.813324 18501.042734 18543.347074 18550.152288 18578.440370 18576.675285 18585.160940 0.000000 0.000000
0.000000 0.000000 21404.776542 21407.823313 21390.927708 21385.246103 21311.316341 21339.396393 21322.044212 21322.586967 21333.207773 21324.287967 21323.599988 21314.276702 21286.486588 21367.921041 21372.283675 21397.562299 21408.625186 0.000000 0.000000
0.000000 0.000000 24579.031454 24568.020410 24555.512901 24471.219836 24496.547008 24452.828516 24430.287356 24426.884473 24409.783299 24399.143002 24407.478572 24407.237873 24454.645147 24430.494867 24551.811412 24524.683404 24520.417616 0.000000 0.000000
0.000000 0.000000 27834.792703 27830.023442 27710.431841 27759.483068 27754.500459 27748.896277 27806.156064 27787.529978 27816.559290 27808.143924 27787.640995 27818.005803 27813.872380 27818.603016 27698.393475 27881.846017 27872.895032 0.000000 0.000000
0.000000 0.000000 31601.631606 31432.332379 31495.855079 31430.215922 31342.628332 31321.428937 31265.757937 31281.549701 31224.406969 31232.179782 31263.805571 31233.219169 31277.446443 31334.383869 31492.108037 31363.763251 31544.059295 0.000000 0.000000
0.000000 0.000000 32633.628624 32808.055883 32945.357338 32952.446083 32967.349807 32843.523802 32870.508715 32828.018735 32898.331230 32886.123538 32877.443849 32894.968274 32994.595679 32984.843136 32971.543197 32868.405308 32694.761213 0.000000 0.000000
0.000000 0.000000 0.000000 0.000000 0.000000 0.000000 0.000000 0.000000 0.000000 0.000000 0.000000 0.000000 0.000000 0.000000 0.000000 0.000000 0.000000 0.000000 0.000000 0.000000 0.000000
0.000000 0.000000 0.000000 0.000000 0.000000 0.000000 0.000000 0.000000 0.000000 0.000000 0.000000 0.000000 0.000000 0.000000 0.000000 0.000000 0.000000 0.000000 0.000000 0.000000 0.000000