geotop/1.0zi/1.0Montebello/Templates/testdem/maps/_Erotot0829.asc
ncols         21
nrows         20
xllcorner     100.000000
yllcorner     100.000000
cellsize      50.000000
NODATA_value  -9999.0
0.000000 0.000000 0.000000 0.000000 0.000000 0.000000 0.000000 0.000000 0.000000 0.000000 0.000000 0.000000 0.000000 0.000000 0.000000 0.000000 0.000000 0.000000 0.000000 0.000000 0.000000
0.000000 0.000000 59.322978 59.323931 59.357477 59.328583 59.322106 59.323900 59.324677 59.322263 59.322471 59.322263 59.324677 59.323900 59.322106 59.328583 59.357477 59.323931 59.322978 0.000000 0.000000
0.000000 0.000000 6.432891 6.215914 4.443654 6.309220 6.475387 6.460177 6.476290 6.480518 6.480047 6.480518 6.476290 6.460177 6.475387 6.309220 4.443654 6.215914 6.432891 0.000000 0.000000
0.000000 0.000000 665.328411 664.885704 665.134978 662.843068 665.306324 665.179814 665.014423 665.300198 665.237963 665.300198 665.014423 665.179814 665.306324 662.843068 665.134978 664.885704 665.328411 0.000000 0.000000
0.000000 0.000000 1141.856017 1141.589258 1140.887351 1141.530344 1141.933316 1141.837531 1141.779582 1141.899558 1141.888764 1141.899558 1141.779582 1141.837531 1141.933316 1141.530344 1140.887351 1141.589258 1141.856017 0.000000 0.000000
0.000000 0.000000 1531.497954 1531.221862 1530.563363 1530.621532 1531.517174 1531.457056 1531.397695 1531.520016 1531.503878 1531.520016 1531.397695 1531.457056 1531.517174 1530.621532 1530.563363 1531.221862 1531.497954 0.000000 0.000000
0.000000 0.000000 2017.549790 2017.324709 2016.719162 2016.794530 2017.551274 2017.517655 2017.474670 2017.574101 2017.558165 2017.574101 2017.474670 2017.517655 2017.551274 2016.794530 2016.719162 2017.324709 2017.549790 0.000000 0.000000
0.000000 0.000000 2484.616160 2484.417513 2483.850617 2483.935729 2484.608233 2484.588666 2484.552872 2484.637668 2484.623579 2484.637668 2484.552872 2484.588666 2484.608233 2483.935729 2483.850617 2484.417513 2484.616160 0.000000 0.000000
0.000000 0.000000 2930.077028 2929.891818 2929.350118 2929.434640 2930.063702 2930.051298 2930.018906 2930.096195 2930.082846 2930.096195 2930.018906 2930.051298 2930.063702 2929.434640 2929.350118 2929.891818 2930.077028 0.000000 0.000000
0.000000 0.000000 3358.299647 3358.143783 3357.610598 3357.735657 3358.279040 3358.280863 3358.255982 3358.317877 3358.304931 3358.317877 3358.255982 3358.280863 3358.279040 3357.735657 3357.610598 3358.143783 3358.299647 0.000000 0.000000
0.000000 0.000000 3772.364541 3772.198595 3771.681786 3771.781466 3772.345170 3772.342732 3772.315253 3772.380365 3772.366845 3772.380365 3772.315253 3772.342732 3772.345170 3771.781466 3771.681786 3772.198595 3772.364541 0.000000 0.000000
0.000000 0.000000 4175.765063 4175.595943 4175.090814 4175.181335 4175.742133 4175.741039 4175.714175 4175.778930 4175.766696 4175.778930 4175.714175 4175.741039 4175.742133 4175.181335 4175.090814 4175.595943 4175.765063 0.000000 0.000000
0.000000 0.000000 4570.665900 4570.498406 4569.998681 4570.090858 4570.641069 4570.640703 4570.614483 4570.677741 4570.665493 4570.677741 4570.614483 4570.640703 4570.641069 4570.090858 4569.998681 4570.498406 4570.665900 0.000000 0.000000
0.000000 0.000000 4959.725317 4959.563642 4959.068184 4959.181664 4959.698306 4959.702341 4959.678536 4959.736902 4959.724572 4959.736902 4959.678536 4959.702341 4959.698306 4959.181664 4959.068184 4959.563642 4959.725317 0.000000 0.000000
0.000000 0.000000 5343.648702 5343.483135 5342.987760 5343.089906 5343.620872 5343.624181 5343.599436 5343.659764 5343.646885 5343.659764 5343.599436 5343.624181 5343.620872 5343.089906 5342.987760 5343.483135 5343.648702 0.000000 0.000000
0.000000 0.000000 5723.430048 5723.266906 5722.782025 5722.878773 5723.402201 5723.407054 5723.382727 5723.441698 5723.428266 5723.441698 5723.382727 5723.407054 5723.402201 5722.878773 5722.782025 5723.266906 5723.430045 0.000000 0.000000
0.000000 0.000000 6097.623780 6097.457841 6096.970613 6097.068419 6097.595272 6097.598407 6097.573624 6097.633856 6097.620071 6097.633856 6097.573624 6097.598407 6097.595272 6097.068419 6096.970612 6097.457827 6097.623335 0.000000 0.000000
0.000000 0.000000 6481.062111 6481.043636 6480.558608 6480.645465 6481.181212 6481.183615 6481.158306 6481.220166 6481.206251 6481.220166 6481.158306 6481.183615 6481.181212 6480.645465 6480.558594 6481.041360 6481.210016 0.000000 0.000000
0.000000 0.000000 0.000000 0.000000 0.000000 0.000000 0.000000 0.000000 0.000000 0.000000 0.000000 0.000000 0.000000 0.000000 0.000000 0.000000 0.000000 0.000000 0.000000 0.000000 0.000000
0.000000 0.000000 0.000000 0.000000 0.000000 0.000000 0.000000 0.000000 0.000000 0.000000 0.000000 0.000000 0.000000 0.000000 0.000000 0.000000 0.000000 0.000000 0.000000 0.000000 0.000000