geotop/1.0zi/1.0Montebello/Templates/testdem/maps/_Erotot4620.asc
ncols         21
nrows         20
xllcorner     100.000000
yllcorner     100.000000
cellsize      50.000000
NODATA_value  -9999.0
0.000000 0.000000 0.000000 0.000000 0.000000 0.000000 0.000000 0.000000 0.000000 0.000000 0.000000 0.000000 0.000000 0.000000 0.000000 0.000000 0.000000 0.000000 0.000000 0.000000 0.000000
0.000000 0.000000 347.126763 346.666553 346.451720 346.283737 346.287870 346.328492 346.365996 346.364434 346.351091 346.354262 346.356231 346.400586 346.285221 346.326882 346.521167 346.454105 346.567698 0.000000 0.000000
0.000000 0.000000 27.335452 27.962423 28.349912 29.419081 29.035079 29.111959 28.710169 28.645910 28.680727 28.990492 28.706123 28.462233 28.949636 28.688620 27.788826 27.195236 26.996075 0.000000 0.000000
0.000000 0.000000 137.752522 138.971123 131.884170 129.542094 130.622903 125.656432 124.922976 124.567718 123.698051 123.151085 124.184903 122.793582 125.526826 130.482922 131.049012 133.311407 135.948931 0.000000 0.000000
0.000000 0.000000 1344.082161 1348.209227 1353.569372 1336.428539 1325.250431 1317.292913 1319.761275 1313.934268 1318.185454 1322.420578 1322.734696 1323.227074 1332.516891 1331.491196 1336.919834 1342.670258 1344.530006 0.000000 0.000000
0.000000 0.000000 2626.954915 2622.203472 2618.710343 2616.045364 2610.772188 2607.672988 2604.990677 2606.722442 2606.318165 2603.735121 2599.889979 2601.067641 2600.589708 2613.497634 2617.635596 2617.705195 2620.573886 0.000000 0.000000
0.000000 0.000000 3323.458184 3318.569778 3314.660718 3311.336516 3302.618380 3287.784879 3289.539590 3286.332772 3289.355744 3288.500997 3290.341626 3291.678538 3306.198900 3313.678064 3319.988279 3323.786390 3327.298854 0.000000 0.000000
0.000000 0.000000 3800.382677 3800.876242 3801.705701 3797.171587 3795.516823 3790.726980 3791.350962 3791.517827 3789.147939 3790.115449 3789.119965 3788.169034 3791.180471 3795.153506 3797.123884 3796.502513 3797.728845 0.000000 0.000000
0.000000 0.000000 4450.411241 4450.267668 4448.024925 4445.907736 4441.811486 4433.350415 4433.642257 4431.725666 4432.305891 4432.957122 4432.050088 4432.576545 4437.932150 4445.675897 4445.708968 4447.211078 4450.928089 0.000000 0.000000
0.000000 0.000000 5203.327499 5201.757282 5202.361864 5198.632263 5190.379532 5185.469217 5187.133007 5186.145202 5186.269118 5186.343603 5185.281796 5183.593613 5190.941015 5197.572664 5199.824615 5200.854635 5202.210480 0.000000 0.000000
0.000000 0.000000 5998.119017 5996.465107 5995.441358 5993.471804 5991.202785 5980.778407 5981.130531 5978.543002 5978.746968 5979.786481 5978.602975 5978.398417 5983.455246 5986.215165 5990.967657 5993.051335 5996.112551 0.000000 0.000000
0.000000 0.000000 6826.992133 6826.466455 6824.409845 6817.843005 6813.448027 6805.470105 6804.540623 6804.044364 6804.209729 6803.429609 6802.990926 6802.879170 6811.909414 6817.924639 6821.319516 6822.501928 6839.475331 0.000000 0.000000
0.000000 0.000000 7659.076740 7657.360546 7655.576769 7652.931524 7645.955047 7627.033267 7627.350330 7625.508692 7625.469885 7626.114932 7624.485576 7624.890788 7640.848804 7648.974832 7652.204298 7653.731205 7656.125217 0.000000 0.000000
0.000000 0.000000 8546.820012 8544.140185 8542.433940 8538.705800 8519.812978 8528.059349 8522.248886 8521.272252 8521.728606 8522.094475 8520.767318 8520.445163 8514.493952 8533.030786 8536.930452 8542.194310 8542.114197 0.000000 0.000000
0.000000 0.000000 9494.634702 9490.127768 9485.981818 9473.644732 9471.285544 9455.147326 9447.218477 9445.415391 9441.218478 9440.868235 9441.866802 9439.499025 9450.597822 9458.723227 9480.125944 9475.831531 9477.240190 0.000000 0.000000
0.000000 0.000000 10439.204161 10439.110704 10418.950738 10422.228871 10421.874511 10420.859888 10423.632194 10423.544362 10426.372480 10426.244759 10423.033324 10427.971298 10425.696925 10424.778663 10413.703264 10437.606206 10442.222766 0.000000 0.000000
0.000000 0.000000 11510.771583 11487.068091 11479.202754 11471.489909 11457.179775 11450.874003 11449.186685 11448.324941 11444.633069 11444.986625 11445.097540 11442.309384 11447.108455 11463.856309 11477.336137 11478.119556 11502.579801 0.000000 0.000000
0.000000 0.000000 12304.817302 12308.522640 12330.630946 12321.098059 12314.899580 12291.460909 12289.857104 12286.944127 12288.706440 12288.507191 12286.826643 12288.068595 12310.274043 12319.314131 12331.218959 12305.486947 12307.643995 0.000000 0.000000
0.000000 0.000000 0.000000 0.000000 0.000000 0.000000 0.000000 0.000000 0.000000 0.000000 0.000000 0.000000 0.000000 0.000000 0.000000 0.000000 0.000000 0.000000 0.000000 0.000000 0.000000
0.000000 0.000000 0.000000 0.000000 0.000000 0.000000 0.000000 0.000000 0.000000 0.000000 0.000000 0.000000 0.000000 0.000000 0.000000 0.000000 0.000000 0.000000 0.000000 0.000000 0.000000