geotop/1.0zi/1.0Montebello/Templates/testdem/maps/_Erotot4398.asc
ncols         21
nrows         20
xllcorner     100.000000
yllcorner     100.000000
cellsize      50.000000
NODATA_value  -9999.0
0.000000 0.000000 0.000000 0.000000 0.000000 0.000000 0.000000 0.000000 0.000000 0.000000 0.000000 0.000000 0.000000 0.000000 0.000000 0.000000 0.000000 0.000000 0.000000 0.000000 0.000000
0.000000 0.000000 329.298680 328.857165 328.661903 328.513088 328.538108 328.594098 328.631625 328.630119 328.616665 328.619722 328.621560 328.665728 328.535131 328.556025 328.731549 328.645470 328.740573 0.000000 0.000000
0.000000 0.000000 26.438442 27.018162 27.291798 27.959595 27.501673 27.508081 27.083994 27.016802 27.069734 27.424077 27.159549 27.049596 27.601002 27.380312 26.507298 25.969973 25.847780 0.000000 0.000000
0.000000 0.000000 139.306629 140.543214 133.460760 131.037880 132.007928 126.878386 126.052325 125.642941 124.872994 124.418218 125.551729 124.248435 127.016848 131.984471 132.695762 134.970246 137.625071 0.000000 0.000000
0.000000 0.000000 1313.168464 1316.039172 1321.808988 1316.651414 1310.338217 1306.360504 1309.945189 1304.426332 1307.871469 1311.400802 1309.894917 1305.785996 1309.979956 1306.792011 1307.306564 1308.781539 1309.472420 0.000000 0.000000
0.000000 0.000000 2527.896607 2522.557474 2518.780514 2513.570206 2507.581466 2504.044024 2501.415708 2503.275948 2502.956629 2500.161845 2496.209084 2498.546020 2499.069326 2511.656800 2517.319799 2517.823602 2520.630003 0.000000 0.000000
0.000000 0.000000 3203.166895 3199.358020 3195.774376 3192.622881 3185.067397 3171.408100 3173.316912 3170.096114 3172.657858 3171.704199 3173.609047 3174.339058 3187.916712 3194.460276 3201.174386 3205.296149 3208.088220 0.000000 0.000000
0.000000 0.000000 3656.330972 3656.265780 3657.216621 3653.755636 3652.761638 3648.768331 3649.641991 3649.922494 3647.520191 3648.397660 3646.824761 3645.225493 3647.472037 3651.301492 3652.767123 3651.754073 3653.037174 0.000000 0.000000
0.000000 0.000000 4291.401871 4291.099377 4288.860018 4288.174473 4284.921339 4277.105302 4277.707525 4275.884196 4276.317336 4276.789564 4275.411352 4275.393166 4279.978099 4287.177387 4286.808894 4287.904763 4291.303776 0.000000 0.000000
0.000000 0.000000 5017.957442 5016.395608 5016.848536 5014.726827 5007.387621 5003.339820 5005.230920 5004.324663 5004.251529 5004.148897 5002.748863 5000.376287 5006.818323 5012.694264 5014.753099 5015.368542 5016.510263 0.000000 0.000000
0.000000 0.000000 5786.170823 5784.585485 5783.289986 5782.646532 5781.504946 5772.115225 5772.736084 5770.239579 5770.250132 5771.108229 5769.553438 5768.524377 5772.461780 5774.694370 5778.730843 5780.492119 5783.279083 0.000000 0.000000
0.000000 0.000000 6585.016269 6583.895372 6582.364183 6577.263185 6573.592696 6566.568510 6565.950712 6565.530896 6565.491853 6564.529368 6563.684198 6562.839866 6571.089345 6576.557385 6579.458069 6580.209882 6596.758559 0.000000 0.000000
0.000000 0.000000 7385.373189 7383.454673 7381.671832 7380.590474 7374.693829 7357.299589 7357.936855 7356.198690 7355.958483 7356.377877 7354.344782 7353.946140 7368.387264 7375.837268 7378.513271 7379.631263 7381.758558 0.000000 0.000000
0.000000 0.000000 8238.910233 8236.060144 8234.302030 8231.996569 8214.732795 8223.516244 8218.256191 8217.384012 8217.607198 8217.624243 8215.995273 8214.939482 8208.328729 8225.603789 8229.010802 8233.822724 8233.471208 0.000000 0.000000
0.000000 0.000000 9148.516001 9143.705509 9139.646217 9129.636487 9128.142470 9113.170714 9105.925164 9104.254137 9099.924498 9099.132802 9099.694233 9096.605813 9106.521644 9114.077073 9134.046456 9129.433090 9130.515986 0.000000 0.000000
0.000000 0.000000 10052.652977 10052.305040 10033.043434 10037.648778 10038.390956 10038.307796 10041.190313 10041.148554 10043.657661 10043.428609 10039.766417 10043.637369 10040.517347 10039.106277 10028.034191 10050.206099 10054.368397 0.000000 0.000000
0.000000 0.000000 11076.499979 11054.036060 11046.178818 11040.305294 11027.441717 11022.234406 11021.019659 11020.286566 11016.509351 11016.575922 11016.103983 11012.623359 11016.269077 11031.919468 11044.492311 11044.986290 11067.617875 0.000000 0.000000
0.000000 0.000000 11838.871245 11841.535485 11861.927879 11854.323995 11849.321189 11827.932378 11826.874313 11824.158734 11825.516547 11825.001979 11822.887964 11823.044537 11843.192873 11851.483373 11862.499766 11837.857574 11840.091065 0.000000 0.000000
0.000000 0.000000 0.000000 0.000000 0.000000 0.000000 0.000000 0.000000 0.000000 0.000000 0.000000 0.000000 0.000000 0.000000 0.000000 0.000000 0.000000 0.000000 0.000000 0.000000 0.000000
0.000000 0.000000 0.000000 0.000000 0.000000 0.000000 0.000000 0.000000 0.000000 0.000000 0.000000 0.000000 0.000000 0.000000 0.000000 0.000000 0.000000 0.000000 0.000000 0.000000 0.000000