geotop/1.0zi/1.0Montebello/Templates/testdem/maps/_Erotot5033.asc
ncols         21
nrows         20
xllcorner     100.000000
yllcorner     100.000000
cellsize      50.000000
NODATA_value  -9999.0
0.000000 0.000000 0.000000 0.000000 0.000000 0.000000 0.000000 0.000000 0.000000 0.000000 0.000000 0.000000 0.000000 0.000000 0.000000 0.000000 0.000000 0.000000 0.000000 0.000000 0.000000
0.000000 0.000000 367.508895 366.585100 366.300935 366.108721 366.079468 366.088912 366.129368 366.289985 366.243858 366.116167 366.196085 366.270478 366.150588 366.197207 366.384257 366.351562 366.920988 0.000000 0.000000
0.000000 0.000000 28.895702 29.843011 30.288365 31.328887 30.844652 30.962034 30.640766 30.435524 30.508160 30.850423 30.513839 30.310477 30.917458 30.537949 29.719904 29.113366 28.443181 0.000000 0.000000
0.000000 0.000000 151.083253 152.464109 145.200055 143.213646 144.419102 139.692719 138.929293 139.025439 137.630080 136.492693 137.603995 136.156796 138.754394 143.550433 143.054774 146.436485 149.150060 0.000000 0.000000
0.000000 0.000000 1517.439026 1521.443254 1526.873449 1509.136138 1497.958898 1489.671256 1492.237135 1486.768880 1490.605575 1494.750111 1495.102745 1495.410729 1504.688775 1503.860627 1510.514311 1515.936454 1517.738399 0.000000 0.000000
0.000000 0.000000 2802.626628 2797.042617 2793.120207 2790.026286 2783.568624 2780.246542 2777.624047 2779.472073 2778.886192 2776.163771 2772.569476 2774.463420 2774.492466 2787.646595 2791.517255 2791.813496 2794.718663 0.000000 0.000000
0.000000 0.000000 3580.170589 3576.917826 3572.192551 3568.271374 3556.357943 3540.561424 3541.906712 3538.577850 3541.420909 3540.553341 3543.469794 3545.737457 3560.677850 3570.025766 3576.213825 3579.616788 3584.612315 0.000000 0.000000
0.000000 0.000000 4156.249672 4155.424918 4155.981438 4151.383011 4149.897031 4144.913439 4145.619351 4145.958637 4143.281701 4144.042965 4143.080192 4142.257116 4145.877019 4149.389786 4151.539166 4151.684798 4152.016183 0.000000 0.000000
0.000000 0.000000 4864.175402 4863.880698 4861.159774 4858.711842 4853.780733 4844.917991 4845.219277 4843.465043 4843.719973 4844.188824 4843.586520 4844.584368 4850.200095 4858.256735 4858.281685 4860.067725 4863.932302 0.000000 0.000000
0.000000 0.000000 5697.611951 5695.734990 5695.895235 5691.779359 5682.347931 5677.047899 5678.669673 5677.828659 5677.694912 5677.505124 5676.802202 5675.518979 5683.494443 5690.369333 5692.709217 5694.058930 5695.623866 0.000000 0.000000
0.000000 0.000000 6582.372264 6580.461700 6578.899112 6576.491772 6573.132860 6562.135903 6562.494421 6560.061527 6559.908456 6560.791241 6559.998410 6560.299324 6565.801965 6568.903998 6573.748021 6576.092109 6579.387118 0.000000 0.000000
0.000000 0.000000 7504.595702 7503.752104 7501.122815 7493.981189 7488.485419 7479.914707 7478.931469 7478.670307 7478.525163 7477.460399 7477.415486 7477.710024 7487.495308 7493.842967 7497.322125 7498.799744 7516.343494 0.000000 0.000000
0.000000 0.000000 8436.516673 8434.479613 8432.107622 8428.968973 8420.606214 8399.681267 8399.988813 8398.268686 8397.906052 8398.348283 8397.077929 8398.029442 8415.953494 8424.584682 8427.964272 8429.815811 8432.370803 0.000000 0.000000
0.000000 0.000000 9435.802629 9432.520191 9430.239028 9425.921209 9403.673883 9412.066895 9406.004141 9405.193433 9405.350332 9405.449718 9404.536942 9404.744373 9398.955527 9419.744664 9423.827103 9429.635970 9429.715283 0.000000 0.000000
0.000000 0.000000 10505.207264 10500.372143 10495.246126 10480.025254 10476.895974 10459.813922 10451.362093 10449.715887 10444.899548 10444.365636 10445.960318 10443.940112 10455.864588 10464.213865 10488.458416 10484.097271 10485.699549 0.000000 0.000000
0.000000 0.000000 11577.517843 11576.906608 11553.027636 11556.608811 11555.203579 11554.008677 11557.218641 11557.467832 11560.318476 11559.872448 11556.701673 11562.874225 11560.848530 11559.525995 11546.883946 11574.992897 11580.231516 0.000000 0.000000
0.000000 0.000000 12798.147100 12769.171929 12760.154331 12750.940891 12733.509978 12726.135705 12724.276337 12723.505231 12718.966242 12719.059658 12720.002239 12717.101880 12723.195359 12742.236052 12757.477068 12757.998654 12787.299544 0.000000 0.000000
0.000000 0.000000 13688.079625 13693.127457 13719.123325 13708.038065 13700.135658 13672.566359 13670.727163 13667.829943 13669.762992 13669.218454 13667.730216 13670.177230 13696.519812 13706.212320 13719.528335 13689.576218 13690.717169 0.000000 0.000000
0.000000 0.000000 0.000000 0.000000 0.000000 0.000000 0.000000 0.000000 0.000000 0.000000 0.000000 0.000000 0.000000 0.000000 0.000000 0.000000 0.000000 0.000000 0.000000 0.000000 0.000000
0.000000 0.000000 0.000000 0.000000 0.000000 0.000000 0.000000 0.000000 0.000000 0.000000 0.000000 0.000000 0.000000 0.000000 0.000000 0.000000 0.000000 0.000000 0.000000 0.000000 0.000000