geotop/1.0zi/1.0Montebello/Templates/testdem/maps/_Erotot3036.asc
ncols         21
nrows         20
xllcorner     100.000000
yllcorner     100.000000
cellsize      50.000000
NODATA_value  -9999.0
0.000000 0.000000 0.000000 0.000000 0.000000 0.000000 0.000000 0.000000 0.000000 0.000000 0.000000 0.000000 0.000000 0.000000 0.000000 0.000000 0.000000 0.000000 0.000000 0.000000 0.000000
0.000000 0.000000 333.241636 333.244450 333.247972 333.366774 333.236033 333.240385 333.214750 333.254764 333.270449 333.254764 333.214750 333.240385 333.236033 333.366774 333.247972 333.244450 333.241636 0.000000 0.000000
0.000000 0.000000 12.151039 11.922961 10.167739 11.849725 12.163742 12.093018 12.192176 12.106014 12.458782 12.106014 12.192176 12.093018 12.163742 11.849725 10.167739 11.922961 12.151039 0.000000 0.000000
0.000000 0.000000 2440.262433 2439.922273 2440.205032 2438.394668 2440.311393 2439.833972 2439.781378 2440.686961 2440.825553 2440.686961 2439.781378 2439.833972 2440.311393 2438.394668 2440.205032 2439.922273 2440.262433 0.000000 0.000000
0.000000 0.000000 4605.255803 4605.087940 4604.424386 4605.004969 4605.548982 4605.419812 4605.377891 4605.515300 4605.514444 4605.515300 4605.377891 4605.419812 4605.548982 4605.004969 4604.424386 4605.087940 4605.255803 0.000000 0.000000
0.000000 0.000000 5979.521667 5979.315926 5978.744742 5978.887356 5979.686204 5979.407949 5979.423702 5979.761906 5979.970201 5979.761906 5979.423702 5979.407949 5979.686204 5978.887356 5978.744742 5979.315926 5979.521667 0.000000 0.000000
0.000000 0.000000 7716.132777 7715.961760 7715.443076 7715.570388 7716.255408 7716.015274 7716.035388 7716.332817 7716.540433 7716.332817 7716.035388 7716.015274 7716.255408 7715.570388 7715.443076 7715.961760 7716.132777 0.000000 0.000000
0.000000 0.000000 9324.899939 9324.757074 9324.280058 9324.410644 9324.995025 9324.789084 9324.808581 9325.074414 9325.260566 9325.074414 9324.808581 9324.789084 9324.995025 9324.410644 9324.280058 9324.757074 9324.899939 0.000000 0.000000
0.000000 0.000000 10808.082869 10807.953574 10807.502837 10807.631946 10808.167364 10807.979269 10807.995838 10808.242384 10808.417718 10808.242384 10807.995838 10807.979269 10808.167364 10807.631946 10807.502837 10807.953574 10808.082869 0.000000 0.000000
0.000000 0.000000 12189.963779 12189.863640 12189.427757 12189.594087 12190.039729 12189.872336 12189.892118 12190.114684 12190.273909 12190.114684 12189.892118 12189.872336 12190.039729 12189.594087 12189.427757 12189.863640 12189.963779 0.000000 0.000000
0.000000 0.000000 13478.207594 13478.101554 13477.688590 13477.830285 13478.282226 13478.116645 13478.132884 13478.351053 13478.500790 13478.351053 13478.132884 13478.116645 13478.282226 13477.830285 13477.688590 13478.101554 13478.207594 0.000000 0.000000
0.000000 0.000000 14697.795441 14697.690489 14697.296344 14697.432144 14697.866929 14697.709253 14697.723879 14697.932957 14698.074564 14697.932957 14697.723879 14697.709253 14697.866929 14697.432144 14697.296344 14697.690489 14697.795441 0.000000 0.000000
0.000000 0.000000 15855.889503 15855.790932 15855.405961 15855.543079 15855.956365 15855.803506 15855.817765 15856.019813 15856.152234 15856.019813 15855.817765 15855.803506 15855.956365 15855.543079 15855.405961 15855.790932 15855.889503 0.000000 0.000000
0.000000 0.000000 16963.156857 16963.067217 16962.694609 16962.848784 16963.224798 16963.078627 16963.093304 16963.285760 16963.408542 16963.285760 16963.093304 16963.078627 16963.224798 16962.848784 16962.694609 16963.067217 16963.156857 0.000000 0.000000
0.000000 0.000000 18021.716478 18021.625243 18021.259696 18021.401544 18021.781276 18021.637011 18021.650088 18021.839170 18021.956737 18021.839170 18021.650088 18021.637011 18021.781276 18021.401544 18021.259696 18021.625243 18021.716478 0.000000 0.000000
0.000000 0.000000 19038.474321 19038.385345 19038.032175 19038.166400 19038.532144 19038.393322 19038.406630 19038.589343 19038.704398 19038.589343 19038.406630 19038.393322 19038.532144 19038.166400 19038.032175 19038.385345 19038.474318 0.000000 0.000000
0.000000 0.000000 20018.649487 20018.562839 20018.215022 20018.353032 20018.705634 20018.569642 20018.583087 20018.761074 20018.869797 20018.761074 20018.583087 20018.569642 20018.705634 20018.353032 20018.215021 20018.562819 20018.649442 0.000000 0.000000
0.000000 0.000000 21016.061403 21016.508465 21016.168986 21016.302671 21016.646847 21016.515382 21016.527326 21016.700687 21016.806569 21016.700687 21016.527326 21016.515382 21016.646847 21016.302671 21016.168969 21016.505114 21016.588476 0.000000 0.000000
0.000000 0.000000 0.000000 0.000000 0.000000 0.000000 0.000000 0.000000 0.000000 0.000000 0.000000 0.000000 0.000000 0.000000 0.000000 0.000000 0.000000 0.000000 0.000000 0.000000 0.000000
0.000000 0.000000 0.000000 0.000000 0.000000 0.000000 0.000000 0.000000 0.000000 0.000000 0.000000 0.000000 0.000000 0.000000 0.000000 0.000000 0.000000 0.000000 0.000000 0.000000 0.000000