geotop/1.0zi/1.0Montebello/Templates/testdem/maps/_Erotot3223.asc
ncols         21
nrows         20
xllcorner     100.000000
yllcorner     100.000000
cellsize      50.000000
NODATA_value  -9999.0
0.000000 0.000000 0.000000 0.000000 0.000000 0.000000 0.000000 0.000000 0.000000 0.000000 0.000000 0.000000 0.000000 0.000000 0.000000 0.000000 0.000000 0.000000 0.000000 0.000000 0.000000
0.000000 0.000000 351.379034 351.381887 351.385443 351.504221 351.373513 351.377841 351.351682 351.392280 351.407446 351.392280 351.351682 351.377841 351.373513 351.504221 351.385443 351.381887 351.379034 0.000000 0.000000
0.000000 0.000000 11.486196 11.247541 9.490474 11.172176 11.484647 11.415153 11.529594 11.428598 11.795834 11.428598 11.529594 11.415153 11.484647 11.172176 9.490474 11.247541 11.486196 0.000000 0.000000
0.000000 0.000000 2588.931153 2588.561356 2588.718608 2586.884065 2588.730673 2588.262584 2588.229604 2589.034154 2589.176191 2589.034154 2588.229604 2588.262584 2588.730673 2586.884065 2588.718608 2588.561356 2588.931153 0.000000 0.000000
0.000000 0.000000 4842.842097 4842.663652 4841.992440 4842.569609 4843.093135 4842.964814 4842.942234 4843.048678 4843.069382 4843.048678 4842.942234 4842.964814 4843.093135 4842.569609 4841.992440 4842.663652 4842.842097 0.000000 0.000000
0.000000 0.000000 6280.202235 6279.977901 6279.365071 6279.499601 6280.267999 6279.994210 6280.029102 6280.315631 6280.538941 6280.315631 6280.029102 6279.994210 6280.267999 6279.499601 6279.365071 6279.977901 6280.202235 0.000000 0.000000
0.000000 0.000000 8089.813236 8089.623478 8089.063924 8089.182838 8089.838814 8089.603576 8089.641251 8089.889910 8090.112174 8089.889910 8089.641251 8089.603576 8089.838814 8089.182838 8089.063924 8089.623478 8089.813236 0.000000 0.000000
0.000000 0.000000 9764.056152 9763.895560 9763.381461 9763.503822 9764.060389 9763.859417 9763.896133 9764.115407 9764.316354 9764.115407 9763.896133 9763.859417 9764.060389 9763.503822 9763.381461 9763.895560 9764.056152 0.000000 0.000000
0.000000 0.000000 11307.322121 11307.176529 11306.692764 11306.813883 11307.322374 11307.139372 11307.172211 11307.375058 11307.564753 11307.375058 11307.172211 11307.139372 11307.322374 11306.813883 11306.692764 11307.176529 11307.322121 0.000000 0.000000
0.000000 0.000000 12743.278509 12743.163230 12742.698054 12742.856282 12743.276159 12743.113891 12743.149030 12743.330554 12743.503753 12743.330554 12743.149030 12743.113891 12743.276159 12742.856282 12742.698054 12743.163230 12743.278509 0.000000 0.000000
0.000000 0.000000 14080.742489 14080.622510 14080.183468 14080.317137 14080.743786 14080.583498 14080.614340 14080.793625 14080.957041 14080.793625 14080.614339 14080.583498 14080.743786 14080.317137 14080.183468 14080.622510 14080.742489 0.000000 0.000000
0.000000 0.000000 15344.426034 15344.311187 15343.900350 15344.029438 15344.442495 15344.289889 15344.316028 15344.493898 15344.647025 15344.493898 15344.316028 15344.289889 15344.442495 15344.029438 15343.900350 15344.311187 15344.426034 0.000000 0.000000
0.000000 0.000000 16541.766124 16541.658802 16541.259644 16541.389895 16541.781457 16541.633895 16541.659009 16541.831954 16541.975968 16541.831954 16541.659009 16541.633895 16541.781457 16541.389895 16541.259644 16541.658802 16541.766124 0.000000 0.000000
0.000000 0.000000 17686.973405 17686.875292 17686.490289 17686.637029 17686.990718 17686.850325 17686.876069 17687.040984 17687.177768 17687.040984 17686.876069 17686.850325 17686.990718 17686.637029 17686.490289 17686.875292 17686.973405 0.000000 0.000000
0.000000 0.000000 18781.349058 18781.250763 18780.876535 18781.011337 18781.369975 18781.231427 18781.254572 18781.418036 18781.548208 18781.418036 18781.254572 18781.231427 18781.369975 18781.011337 18780.876535 18781.250763 18781.349058 0.000000 0.000000
0.000000 0.000000 19829.070041 19828.974164 19828.612360 19828.739437 19829.083862 19828.950750 19828.973878 19829.130229 19829.256251 19829.130229 19828.973878 19828.950750 19829.083862 19828.739437 19828.612360 19828.974164 19829.070037 0.000000 0.000000
0.000000 0.000000 20836.139058 20836.046016 20835.690770 20835.821509 20836.152786 20836.022654 20836.045530 20836.197617 20836.316450 20836.197617 20836.045530 20836.022654 20836.152786 20835.821509 20835.690770 20836.045996 20836.139006 0.000000 0.000000
0.000000 0.000000 21856.889630 21857.337653 21856.991381 21857.117770 21857.440346 21857.314908 21857.336072 21857.483475 21857.598633 21857.483475 21857.336072 21857.314908 21857.440346 21857.117769 21856.991363 21857.334309 21857.423704 0.000000 0.000000
0.000000 0.000000 0.000000 0.000000 0.000000 0.000000 0.000000 0.000000 0.000000 0.000000 0.000000 0.000000 0.000000 0.000000 0.000000 0.000000 0.000000 0.000000 0.000000 0.000000 0.000000
0.000000 0.000000 0.000000 0.000000 0.000000 0.000000 0.000000 0.000000 0.000000 0.000000 0.000000 0.000000 0.000000 0.000000 0.000000 0.000000 0.000000 0.000000 0.000000 0.000000 0.000000