geotop/1.0zi/1.0Montebello/Templates/testdem/maps/_Erotot3892.asc
ncols         21
nrows         20
xllcorner     100.000000
yllcorner     100.000000
cellsize      50.000000
NODATA_value  -9999.0
0.000000 0.000000 0.000000 0.000000 0.000000 0.000000 0.000000 0.000000 0.000000 0.000000 0.000000 0.000000 0.000000 0.000000 0.000000 0.000000 0.000000 0.000000 0.000000 0.000000 0.000000
0.000000 0.000000 291.938920 291.504568 291.321064 291.177997 291.211719 291.274630 291.308978 291.307715 291.293190 291.299052 291.298631 291.341265 291.205960 291.219800 291.390814 291.292888 291.381105 0.000000 0.000000
0.000000 0.000000 23.434706 23.988032 24.266392 25.006848 24.652610 24.659085 24.243532 24.169324 24.233117 24.591814 24.341093 24.166051 24.598682 24.365741 23.524119 22.972006 22.844901 0.000000 0.000000
0.000000 0.000000 137.246774 138.307402 131.541843 129.039747 130.081227 124.992196 124.162415 123.782321 122.974802 122.550301 123.687970 122.225830 124.699116 129.754762 130.593104 132.763581 135.653105 0.000000 0.000000
0.000000 0.000000 1255.696777 1261.824341 1267.867396 1259.648926 1250.277848 1244.317296 1247.618558 1241.577215 1246.991755 1249.080337 1249.340935 1250.213374 1258.700938 1256.141055 1255.594097 1256.799224 1255.815169 0.000000 0.000000
0.000000 0.000000 2340.294926 2335.289518 2329.765121 2327.439864 2320.875644 2315.933787 2313.440140 2315.331319 2313.848948 2312.701359 2310.738021 2312.971931 2313.703313 2325.756991 2331.131297 2330.499039 2333.575931 0.000000 0.000000
0.000000 0.000000 2855.072297 2850.394533 2845.533663 2836.903332 2825.394500 2811.661964 2812.865839 2809.722822 2812.755845 2812.031905 2815.076055 2819.927996 2835.350460 2841.673517 2848.308778 2851.841974 2854.923691 0.000000 0.000000
0.000000 0.000000 3275.723205 3276.560686 3276.226346 3270.794877 3268.660645 3264.789947 3265.303183 3265.756842 3263.439155 3263.638562 3263.524922 3263.493217 3267.590834 3271.655937 3272.463549 3271.454128 3272.235456 0.000000 0.000000
0.000000 0.000000 3836.304641 3836.152927 3832.361826 3830.245962 3824.550163 3815.010831 3815.083183 3813.134337 3813.980352 3814.571761 3814.518714 3816.816586 3823.409179 3830.905989 3830.255497 3830.978739 3834.301008 0.000000 0.000000
0.000000 0.000000 4469.292552 4468.221733 4467.123166 4462.486952 4452.768618 4447.705365 4448.979520 4448.109678 4448.207391 4448.201872 4448.635535 4448.847724 4457.229096 4463.327599 4464.949363 4465.227957 4466.237882 0.000000 0.000000
0.000000 0.000000 5134.388954 5133.191124 5130.483002 5127.361343 5123.817705 5113.466674 5113.589047 5111.058885 5111.465281 5112.201372 5112.489940 5114.007600 5119.885306 5122.288435 5125.934731 5127.334040 5129.961021 0.000000 0.000000
0.000000 0.000000 5823.229306 5822.426131 5819.422363 5811.899100 5805.643129 5797.631660 5796.518671 5795.974942 5796.210149 5795.431711 5796.493851 5798.358742 5808.437620 5813.986056 5816.473939 5816.902875 5832.975975 0.000000 0.000000
0.000000 0.000000 6509.303256 6507.940782 6504.704251 6500.863564 6492.529000 6475.577473 6475.602042 6473.908658 6473.938224 6474.450671 6474.418862 6476.817856 6491.640314 6499.241812 6501.386898 6502.273308 6504.203593 0.000000 0.000000
0.000000 0.000000 7239.275450 7237.082216 7233.649321 7228.955849 7211.604811 7218.031404 7212.706480 7211.610582 7212.182123 7212.294769 7212.663513 7214.281222 7210.469656 7225.863687 7228.704717 7232.990141 7232.573911 0.000000 0.000000
0.000000 0.000000 8013.439958 8008.894049 8003.849892 7993.638410 7989.164624 7973.962163 7966.474383 7964.874871 7961.105401 7960.498867 7962.826404 7962.463798 7973.800751 7981.555430 7998.289862 7993.800871 7994.704184 0.000000 0.000000
0.000000 0.000000 8777.088255 8777.244011 8759.643120 8760.891099 8758.905991 8757.229539 8759.114315 8758.910236 8761.465530 8761.404315 8760.217638 8766.456960 8765.888099 8764.993222 8754.762710 8772.739295 8776.410477 0.000000 0.000000
0.000000 0.000000 9640.430239 9623.208797 9614.745642 9606.827710 9592.369675 9586.281806 9584.547554 9583.841783 9580.802110 9581.029536 9582.491335 9582.527943 9587.898721 9602.253005 9613.044139 9613.170190 9631.211221 0.000000 0.000000
0.000000 0.000000 10289.966682 10291.949047 10307.372154 10297.632696 10290.328006 10272.455884 10270.929051 10268.406604 10269.665574 10269.432996 10269.788285 10272.555485 10290.127905 10298.057899 10307.379307 10286.299052 10288.843343 0.000000 0.000000
0.000000 0.000000 0.000000 0.000000 0.000000 0.000000 0.000000 0.000000 0.000000 0.000000 0.000000 0.000000 0.000000 0.000000 0.000000 0.000000 0.000000 0.000000 0.000000 0.000000 0.000000
0.000000 0.000000 0.000000 0.000000 0.000000 0.000000 0.000000 0.000000 0.000000 0.000000 0.000000 0.000000 0.000000 0.000000 0.000000 0.000000 0.000000 0.000000 0.000000 0.000000 0.000000