geotop/1.0zi/1.0Montebello/Templates/testdem/maps/_Erotot3200.asc
ncols         21
nrows         20
xllcorner     100.000000
yllcorner     100.000000
cellsize      50.000000
NODATA_value  -9999.0
0.000000 0.000000 0.000000 0.000000 0.000000 0.000000 0.000000 0.000000 0.000000 0.000000 0.000000 0.000000 0.000000 0.000000 0.000000 0.000000 0.000000 0.000000 0.000000 0.000000 0.000000
0.000000 0.000000 351.253013 351.255867 351.259422 351.378201 351.247493 351.251820 351.225660 351.266258 351.281424 351.266258 351.225660 351.251820 351.247493 351.378201 351.259422 351.255867 351.253013 0.000000 0.000000
0.000000 0.000000 11.495414 11.256756 9.499684 11.181385 11.493859 11.424407 11.539147 11.438175 11.805412 11.438175 11.539147 11.424407 11.493859 11.181385 9.499684 11.256756 11.495414 0.000000 0.000000
0.000000 0.000000 2588.731309 2588.361561 2588.518929 2586.684390 2588.530843 2588.062286 2588.027658 2588.831866 2588.973852 2588.831866 2588.027658 2588.062286 2588.530843 2586.684390 2588.518929 2588.361561 2588.731309 0.000000 0.000000
0.000000 0.000000 4831.779537 4831.601251 4830.930943 4831.508125 4832.030761 4831.902027 4831.878019 4831.984324 4832.005020 4831.984324 4831.878019 4831.902027 4832.030761 4831.508125 4830.930943 4831.601251 4831.779537 0.000000 0.000000
0.000000 0.000000 6270.068303 6269.844100 6269.232138 6269.366693 6270.134274 6269.859942 6269.892295 6270.178632 6270.401952 6270.178632 6269.892295 6269.859942 6270.134274 6269.366693 6269.232138 6269.844100 6270.068303 0.000000 0.000000
0.000000 0.000000 8074.512026 8074.322422 8073.763931 8073.882903 8074.537880 8074.301895 8074.335868 8074.584259 8074.806554 8074.584259 8074.335868 8074.301895 8074.537880 8073.882903 8073.763931 8074.322422 8074.512026 0.000000 0.000000
0.000000 0.000000 9743.290828 9743.130362 9742.617174 9742.739624 9743.295351 9743.093599 9743.126184 9743.345204 9743.546208 9743.345204 9743.126184 9743.093599 9743.295351 9742.739624 9742.617174 9743.130362 9743.290828 0.000000 0.000000
0.000000 0.000000 11281.398520 11281.253014 11280.769939 11280.891174 11281.399058 11281.215288 11281.243856 11281.446487 11281.636266 11281.446487 11281.243856 11281.215288 11281.399058 11280.891174 11280.769939 11281.253014 11281.398520 0.000000 0.000000
0.000000 0.000000 12712.558027 12712.442805 12711.978105 12712.136484 12712.555959 12712.392948 12712.423817 12712.605166 12712.778470 12712.605166 12712.423817 12712.392948 12712.555959 12712.136484 12711.978105 12712.442805 12712.558027 0.000000 0.000000
0.000000 0.000000 14045.555290 14045.435338 14044.996582 14045.130426 14045.556869 14045.395862 14045.422498 14045.601654 14045.765195 14045.601654 14045.422498 14045.395862 14045.556869 14045.130426 14044.996582 14045.435338 14045.555290 0.000000 0.000000
0.000000 0.000000 15305.068584 15304.953738 15304.543027 15304.672313 15305.085342 15304.932037 15304.954067 15305.131858 15305.285128 15305.131858 15304.954067 15304.932037 15305.085342 15304.672313 15304.543027 15304.953738 15305.068584 0.000000 0.000000
0.000000 0.000000 16498.506503 16498.399156 16497.999988 16498.130459 16498.522147 16498.373904 16498.395019 16498.567937 16498.712114 16498.567937 16498.395019 16498.373904 16498.522147 16498.130459 16497.999988 16498.399156 16498.506503 0.000000 0.000000
0.000000 0.000000 17640.075547 17639.977388 17639.592246 17639.739238 17640.093171 17639.952112 17639.973981 17640.138908 17640.275871 17640.138908 17639.973981 17639.952112 17640.093171 17639.739238 17639.592246 17639.977388 17640.075547 0.000000 0.000000
0.000000 0.000000 18731.043937 18730.945579 18730.571093 18730.706172 18731.065167 18730.925965 18730.945361 18731.108882 18731.239250 18731.108882 18730.945361 18730.925965 18731.065167 18730.706172 18730.571093 18730.945579 18731.043937 0.000000 0.000000
0.000000 0.000000 19775.575410 19775.479449 19775.117278 19775.244646 19775.589514 19775.455763 19775.475276 19775.631708 19775.757953 19775.631708 19775.475276 19775.455763 19775.589514 19775.244646 19775.117278 19775.479449 19775.575406 0.000000 0.000000
0.000000 0.000000 20779.678096 20779.584975 20779.229278 20779.360329 20779.692143 20779.561376 20779.580762 20779.732976 20779.852036 20779.732976 20779.580762 20779.561376 20779.692143 20779.360329 20779.229278 20779.584954 20779.678058 0.000000 0.000000
0.000000 0.000000 21798.233040 21798.683998 21798.337200 21798.463910 21798.787091 21798.661028 21798.678855 21798.826414 21798.941826 21798.826414 21798.678855 21798.661028 21798.787091 21798.463910 21798.337183 21798.680662 21798.770170 0.000000 0.000000
0.000000 0.000000 0.000000 0.000000 0.000000 0.000000 0.000000 0.000000 0.000000 0.000000 0.000000 0.000000 0.000000 0.000000 0.000000 0.000000 0.000000 0.000000 0.000000 0.000000 0.000000
0.000000 0.000000 0.000000 0.000000 0.000000 0.000000 0.000000 0.000000 0.000000 0.000000 0.000000 0.000000 0.000000 0.000000 0.000000 0.000000 0.000000 0.000000 0.000000 0.000000 0.000000