geotop/1.0zi/1.0Montebello/Templates/testdem/maps/_Erotot9347.asc
ncols         21
nrows         20
xllcorner     100.000000
yllcorner     100.000000
cellsize      50.000000
NODATA_value  -9999.0
0.000000 0.000000 0.000000 0.000000 0.000000 0.000000 0.000000 0.000000 0.000000 0.000000 0.000000 0.000000 0.000000 0.000000 0.000000 0.000000 0.000000 0.000000 0.000000 0.000000 0.000000
0.000000 0.000000 740.095530 740.600944 740.027712 740.110973 739.111811 739.219600 739.307501 739.381079 739.769707 739.135706 739.027501 739.075752 739.477939 739.597394 740.411785 741.020487 741.243900 0.000000 0.000000
0.000000 0.000000 55.931036 54.888342 55.198527 55.134841 56.008949 55.696705 55.309169 55.167275 55.363020 55.678824 55.732921 55.839868 55.607446 54.955265 53.694285 52.801618 53.352680 0.000000 0.000000
0.000000 0.000000 449.031642 450.764392 437.771743 431.230246 430.686444 424.832264 429.957403 431.776650 428.251908 428.518665 433.251157 432.711179 441.249577 449.779420 453.605814 451.697142 458.484225 0.000000 0.000000
0.000000 0.000000 4135.918968 4130.485933 4124.397954 4089.662406 4062.345064 4048.233735 4041.321244 4035.126914 4042.582415 4049.025042 4047.266511 4042.365442 4062.132716 4068.513470 4085.892813 4097.530766 4098.306955 0.000000 0.000000
0.000000 0.000000 6360.605915 6355.177445 6350.491048 6352.756062 6328.097341 6316.087351 6319.623542 6318.869129 6314.331647 6308.025221 6306.478841 6310.980346 6310.993090 6337.210101 6338.143823 6345.774159 6348.035627 0.000000 0.000000
0.000000 0.000000 7811.490346 7806.216276 7802.435060 7790.798874 7782.848408 7745.117277 7747.958089 7745.296591 7744.662960 7749.173121 7749.942598 7751.652138 7784.839726 7790.154418 7799.683165 7802.374596 7807.688285 0.000000 0.000000
0.000000 0.000000 9316.102829 9313.376227 9308.224461 9295.539203 9288.065581 9285.152441 9285.044608 9283.065844 9283.021419 9279.035674 9278.149689 9285.491980 9283.895825 9293.935153 9309.075729 9306.509199 9312.858210 0.000000 0.000000
0.000000 0.000000 11246.975560 11241.807651 11234.647317 11231.097975 11214.271993 11192.764118 11196.029177 11191.819149 11188.337356 11188.084123 11191.263551 11185.229898 11210.594369 11225.159810 11227.667052 11231.217679 11234.016270 0.000000 0.000000
0.000000 0.000000 13491.883526 13484.409682 13481.198962 13473.398148 13449.421728 13435.848761 13435.610735 13433.837029 13429.533131 13434.233360 13437.727974 13437.624353 13445.089479 13465.583418 13474.267796 13478.190381 13477.944573 0.000000 0.000000
0.000000 0.000000 15991.071637 15988.458181 15986.386463 15954.678055 15947.897008 15923.997406 15932.527063 15915.214185 15920.893152 15917.126995 15909.643119 15921.329136 15936.437150 15941.154676 15957.038460 15962.291548 15978.665922 0.000000 0.000000
0.000000 0.000000 18777.259398 18765.455402 18747.892305 18746.048515 18727.471321 18700.397044 18699.989082 18701.647217 18708.747164 18694.107807 18702.554220 18700.450244 18728.550504 18742.956047 18745.083351 18750.564387 18776.643212 0.000000 0.000000
0.000000 0.000000 21740.538446 21732.925144 21735.411575 21707.336379 21695.806205 21621.147197 21618.288578 21617.260247 21584.158019 21605.934091 21608.719909 21617.020315 21671.252787 21681.584689 21713.818123 21714.187803 21720.594727 0.000000 0.000000
0.000000 0.000000 25265.119891 25266.205612 25241.343879 25232.479804 25132.380825 25180.621044 25157.151616 25158.615872 25174.784726 25160.724522 25159.711673 25147.916345 25100.628122 25214.008062 25216.378122 25245.491414 25259.702387 0.000000 0.000000
0.000000 0.000000 29144.430853 29129.533041 29111.463034 28994.952872 29049.008315 28977.610787 28955.046165 28949.259525 28922.936575 28911.219442 28923.993335 28925.862757 28995.345449 28941.295180 29106.577971 29065.062013 29056.653248 0.000000 0.000000
0.000000 0.000000 32770.797441 32764.542823 32616.572734 32699.198622 32679.897733 32686.292639 32762.374419 32740.142660 32777.792140 32770.260639 32742.842721 32780.406677 32760.528846 32780.095395 32596.775640 32829.709639 32820.346561 0.000000 0.000000
0.000000 0.000000 36317.837650 36163.070825 36241.612873 36170.905927 36090.732095 36069.729223 36009.223323 36026.658248 35968.500725 35976.857189 36009.719959 35977.413862 36021.110327 36071.056295 36236.085192 36086.800182 36251.061285 0.000000 0.000000
0.000000 0.000000 37169.248030 37293.684918 37398.114189 37397.324896 37402.648372 37308.972594 37327.774913 37295.671273 37345.780330 37336.793899 37332.983882 37343.459912 37416.972498 37415.979880 37413.290582 37327.559756 37204.282942 0.000000 0.000000
0.000000 0.000000 0.000000 0.000000 0.000000 0.000000 0.000000 0.000000 0.000000 0.000000 0.000000 0.000000 0.000000 0.000000 0.000000 0.000000 0.000000 0.000000 0.000000 0.000000 0.000000
0.000000 0.000000 0.000000 0.000000 0.000000 0.000000 0.000000 0.000000 0.000000 0.000000 0.000000 0.000000 0.000000 0.000000 0.000000 0.000000 0.000000 0.000000 0.000000 0.000000 0.000000