geotop/1.0zi/1.0Montebello/Templates/testdem/maps/_Erotot1599.asc
ncols         21
nrows         20
xllcorner     100.000000
yllcorner     100.000000
cellsize      50.000000
NODATA_value  -9999.0
0.000000 0.000000 0.000000 0.000000 0.000000 0.000000 0.000000 0.000000 0.000000 0.000000 0.000000 0.000000 0.000000 0.000000 0.000000 0.000000 0.000000 0.000000 0.000000 0.000000 0.000000
0.000000 0.000000 182.609536 182.611456 182.647776 182.631390 182.599765 182.611755 182.613740 182.606378 182.607395 182.606378 182.613740 182.611755 182.599765 182.631390 182.647776 182.611456 182.609536 0.000000 0.000000
0.000000 0.000000 9.778034 9.557709 7.779636 9.629434 9.823233 9.803480 9.812417 9.822280 9.819838 9.822280 9.812417 9.803480 9.823233 9.629434 7.779636 9.557709 9.778034 0.000000 0.000000
0.000000 0.000000 1275.355276 1275.142824 1275.331229 1273.375311 1275.662378 1275.245467 1275.194746 1275.789712 1275.745026 1275.789712 1275.194746 1275.245467 1275.662378 1273.375311 1275.331229 1275.142824 1275.355276 0.000000 0.000000
0.000000 0.000000 2375.557150 2375.344427 2374.747218 2375.439360 2375.896420 2375.699908 2375.655695 2375.809122 2375.762718 2375.809122 2375.655695 2375.699908 2375.896420 2375.439360 2374.747218 2375.344427 2375.557150 0.000000 0.000000
0.000000 0.000000 3113.798345 3113.629192 3113.019744 3113.221439 3114.119146 3113.870522 3113.844442 3114.084137 3114.060379 3114.084137 3113.844442 3113.870522 3114.119146 3113.221439 3113.019744 3113.629192 3113.798345 0.000000 0.000000
0.000000 0.000000 4056.307076 4056.170969 4055.605839 4055.802021 4056.572911 4056.360588 4056.345238 4056.544050 4056.524077 4056.544050 4056.345238 4056.360588 4056.572911 4055.802021 4055.605839 4056.170969 4056.307076 0.000000 0.000000
0.000000 0.000000 4949.571659 4949.459114 4948.928167 4949.121061 4949.795792 4949.614023 4949.600557 4949.774434 4949.755425 4949.774434 4949.600557 4949.614023 4949.795792 4949.121061 4948.928167 4949.459114 4949.571659 0.000000 0.000000
0.000000 0.000000 5792.808525 5792.704220 5792.195157 5792.381586 5793.013710 5792.844729 5792.832854 5792.997358 5792.979783 5792.997358 5792.832854 5792.844729 5793.013710 5792.381586 5792.195157 5792.704220 5792.808525 0.000000 0.000000
0.000000 0.000000 6596.429091 6596.351575 6595.850414 6596.072339 6596.616378 6596.466161 6596.461161 6596.607410 6596.589783 6596.607410 6596.461161 6596.466161 6596.616378 6596.072339 6595.850414 6596.351575 6596.429091 0.000000 0.000000
0.000000 0.000000 7364.314900 7364.227915 7363.742953 7363.937380 7364.497842 7364.345900 7364.337890 7364.485563 7364.467024 7364.485563 7364.337890 7364.345900 7364.497842 7363.937380 7363.742953 7364.227915 7364.314900 0.000000 0.000000
0.000000 0.000000 8104.944827 8104.855344 8104.383686 8104.567893 8105.119120 8104.971642 8104.964377 8105.109607 8105.092280 8105.109607 8104.964377 8104.971642 8105.119120 8104.567893 8104.383686 8104.855344 8104.944827 0.000000 0.000000
0.000000 0.000000 8825.346576 8825.259606 8824.791755 8824.976319 8825.512568 8825.367877 8825.361205 8825.503587 8825.485749 8825.503587 8825.361205 8825.367877 8825.512568 8824.976319 8824.791755 8825.259606 8825.346576 0.000000 0.000000
0.000000 0.000000 9525.520163 9525.439740 9524.977613 9525.181055 9525.681880 9525.542077 9525.537903 9525.675032 9525.656757 9525.675032 9525.537903 9525.542077 9525.681880 9525.181055 9524.977613 9525.439740 9525.520163 0.000000 0.000000
0.000000 0.000000 10210.403801 10210.320513 10209.857474 10210.049674 10210.559844 10210.419820 10210.414627 10210.553042 10210.534332 10210.553042 10210.414627 10210.419820 10210.559844 10210.049674 10209.857474 10210.320513 10210.403801 0.000000 0.000000
0.000000 0.000000 10880.440919 10880.358562 10879.905138 10880.089557 10880.590622 10880.454091 10880.449030 10880.584125 10880.565669 10880.584125 10880.449030 10880.454091 10880.590622 10880.089557 10879.905138 10880.358561 10880.440915 0.000000 0.000000
0.000000 0.000000 11535.025574 11534.943852 11534.488136 11534.675467 11535.172617 11535.035095 11535.029918 11535.163710 11535.144388 11535.163710 11535.029918 11535.035095 11535.172617 11534.675467 11534.488135 11534.943832 11535.025258 0.000000 0.000000
0.000000 0.000000 12208.807521 12209.050974 12208.601616 12208.780456 12209.278694 12209.140336 12209.135272 12209.270893 12209.251444 12209.270893 12209.135272 12209.140336 12209.278694 12208.780456 12208.601598 12209.047770 12209.129415 0.000000 0.000000
0.000000 0.000000 0.000000 0.000000 0.000000 0.000000 0.000000 0.000000 0.000000 0.000000 0.000000 0.000000 0.000000 0.000000 0.000000 0.000000 0.000000 0.000000 0.000000 0.000000 0.000000
0.000000 0.000000 0.000000 0.000000 0.000000 0.000000 0.000000 0.000000 0.000000 0.000000 0.000000 0.000000 0.000000 0.000000 0.000000 0.000000 0.000000 0.000000 0.000000 0.000000 0.000000