geotop/1.0zi/1.0Montebello/Templates/testdem/maps/_Erotot9557.asc
ncols         21
nrows         20
xllcorner     100.000000
yllcorner     100.000000
cellsize      50.000000
NODATA_value  -9999.0
0.000000 0.000000 0.000000 0.000000 0.000000 0.000000 0.000000 0.000000 0.000000 0.000000 0.000000 0.000000 0.000000 0.000000 0.000000 0.000000 0.000000 0.000000 0.000000 0.000000 0.000000
0.000000 0.000000 792.320805 792.410028 791.177332 790.712474 789.175526 788.682274 788.821562 788.845370 789.260667 788.638674 788.489466 788.524881 789.507023 790.156999 791.510196 792.751893 793.399539 0.000000 0.000000
0.000000 0.000000 59.394537 58.018725 58.370662 58.131888 58.848548 58.405097 58.007526 57.899838 58.068025 58.374759 58.457529 58.541138 58.433959 57.946770 56.858518 55.936871 56.805915 0.000000 0.000000
0.000000 0.000000 514.994319 518.748011 504.694830 499.091218 498.369374 490.702857 497.453580 499.543497 495.990676 496.237568 501.153206 500.505133 509.065711 517.656920 520.437852 518.753143 524.577549 0.000000 0.000000
0.000000 0.000000 4352.049769 4346.018177 4341.078553 4305.505262 4278.129003 4264.739757 4257.255836 4250.920691 4258.388167 4264.811814 4262.836930 4257.967424 4277.739790 4284.188794 4302.309014 4313.259503 4314.276889 0.000000 0.000000
0.000000 0.000000 6557.860294 6552.457439 6547.395979 6550.129079 6525.095817 6512.865562 6516.491704 6515.713158 6511.237171 6504.904449 6503.548501 6507.946194 6508.061665 6534.628118 6535.086143 6542.938886 6545.243164 0.000000 0.000000
0.000000 0.000000 8058.885282 8053.741539 8049.705365 8037.778108 8029.867618 7991.297459 7994.350114 7991.682683 7991.071261 7995.562992 7996.306203 7997.987856 8031.757006 8037.003610 8046.808622 8049.713131 8055.039842 0.000000 0.000000
0.000000 0.000000 9635.515007 9632.915994 9627.536195 9614.584858 9606.593904 9603.311074 9603.404215 9601.446953 9601.383116 9597.418240 9596.647635 9603.959443 9602.434654 9612.946322 9628.288395 9625.827445 9632.218704 0.000000 0.000000
0.000000 0.000000 11651.823284 11646.777851 11639.274576 11635.540425 11618.162003 11595.770947 11599.298247 11595.034475 11591.537871 11591.282465 11594.574876 11588.391813 11614.431736 11629.514854 11632.188702 11635.889662 11638.715346 0.000000 0.000000
0.000000 0.000000 14000.974690 13993.594467 13990.090576 13981.982293 13957.222928 13942.803921 13942.801543 13941.048546 13936.688606 13941.478908 13945.145615 13944.938770 13952.846411 13974.023120 13982.989983 13987.100450 13986.827758 0.000000 0.000000
0.000000 0.000000 16626.801013 16624.398161 16621.998625 16589.317849 16582.154759 16557.025048 16566.053145 16548.252721 16554.141547 16550.258465 16542.616988 16554.584989 16570.347129 16575.396679 16591.760065 16597.281263 16614.108689 0.000000 0.000000
0.000000 0.000000 19567.922584 19555.956368 19537.468297 19535.772288 19516.108383 19487.538887 19487.184964 19489.308281 19496.644380 19481.448817 19490.525331 19487.947031 19517.479327 19532.842297 19534.987529 19540.649366 19567.602125 0.000000 0.000000
0.000000 0.000000 22705.491188 22698.071520 22700.730453 22671.137077 22659.053740 22578.851818 22576.288439 22575.106310 22539.904127 22563.422412 22566.274036 22575.022017 22633.017699 22643.957667 22678.027706 22678.497621 22684.165522 0.000000 0.000000
0.000000 0.000000 26443.449093 26445.213149 26418.506527 26409.997836 26301.535558 26355.894540 26331.154249 26332.973938 26351.770904 26335.818258 26334.664997 26321.548204 26268.992607 26391.512554 26392.744564 26423.926451 26438.942472 0.000000 0.000000
0.000000 0.000000 30488.371745 30473.276096 30455.101673 30330.812213 30393.678837 30314.720129 30292.657885 30286.444964 30257.633472 30246.137763 30260.124351 30262.505213 30338.696071 30275.435329 30451.333333 30405.980399 30396.165474 0.000000 0.000000
0.000000 0.000000 34085.537514 34080.185345 33932.633687 34020.944122 33997.849274 34007.235653 34084.304714 34062.600590 34101.494733 34094.618156 34066.699076 34103.890962 34081.043822 34104.150343 33913.385205 34148.233031 34139.070880 0.000000 0.000000
0.000000 0.000000 37362.260212 37226.044414 37296.979002 37234.862124 37163.970773 37145.490421 37091.458851 37107.422232 37055.588755 37063.223807 37092.475632 37063.931928 37102.906410 37146.223515 37292.531858 37159.089287 37304.533630 0.000000 0.000000
0.000000 0.000000 38243.601070 38338.661391 38433.980970 38429.529205 38429.466604 38351.387637 38364.184533 38337.906665 38376.726775 38369.841075 38369.070930 38374.912970 38436.887831 38439.711610 38446.160205 38362.020635 38268.290415 0.000000 0.000000
0.000000 0.000000 0.000000 0.000000 0.000000 0.000000 0.000000 0.000000 0.000000 0.000000 0.000000 0.000000 0.000000 0.000000 0.000000 0.000000 0.000000 0.000000 0.000000 0.000000 0.000000
0.000000 0.000000 0.000000 0.000000 0.000000 0.000000 0.000000 0.000000 0.000000 0.000000 0.000000 0.000000 0.000000 0.000000 0.000000 0.000000 0.000000 0.000000 0.000000 0.000000 0.000000