geotop/1.0zi/1.0Montebello/Templates/testdem/maps/_Erotot7139.asc
ncols         21
nrows         20
xllcorner     100.000000
yllcorner     100.000000
cellsize      50.000000
NODATA_value  -9999.0
0.000000 0.000000 0.000000 0.000000 0.000000 0.000000 0.000000 0.000000 0.000000 0.000000 0.000000 0.000000 0.000000 0.000000 0.000000 0.000000 0.000000 0.000000 0.000000 0.000000 0.000000
0.000000 0.000000 569.931699 570.734129 570.387261 570.609802 569.996651 570.032606 569.979174 570.082213 570.508299 569.834887 569.724322 569.805863 570.097033 570.056393 570.817326 571.087429 571.157498 0.000000 0.000000
0.000000 0.000000 44.795491 43.570088 43.552335 43.706187 43.945451 43.791181 43.535269 43.375341 43.614001 43.902453 43.910285 44.038595 43.813464 43.613406 42.328650 41.600458 42.340432 0.000000 0.000000
0.000000 0.000000 250.006174 251.688459 239.688499 236.961727 235.481979 228.576692 229.218254 227.785273 226.563374 224.339587 226.647931 226.652634 234.841794 240.940598 242.330929 244.188479 249.838124 0.000000 0.000000
0.000000 0.000000 2559.613869 2562.821524 2566.292471 2544.870113 2529.856517 2516.861844 2518.784164 2515.850425 2521.401937 2527.507766 2522.162871 2520.395593 2532.195619 2535.112065 2543.924042 2551.749367 2553.744840 0.000000 0.000000
0.000000 0.000000 4309.943424 4304.250650 4300.898886 4294.690816 4280.333244 4272.157831 4271.487419 4270.587332 4267.180988 4261.371711 4260.501958 4263.821510 4263.847899 4282.107236 4290.391267 4297.170216 4299.087852 0.000000 0.000000
0.000000 0.000000 5517.111368 5514.212498 5509.976019 5504.139619 5490.731758 5471.721781 5471.182184 5467.364108 5468.932936 5472.717421 5474.118130 5474.650307 5499.199362 5508.786601 5513.285996 5515.505748 5521.114416 0.000000 0.000000
0.000000 0.000000 6413.379488 6413.923059 6411.245210 6402.635053 6401.163318 6392.680720 6393.311156 6393.181907 6392.352765 6388.577194 6387.823046 6393.709199 6394.572807 6398.378965 6409.416343 6407.520209 6412.643869 0.000000 0.000000
0.000000 0.000000 7623.286084 7619.279873 7613.510869 7613.995392 7604.146508 7590.609974 7592.049792 7587.834560 7585.831151 7585.718175 7587.883656 7582.283018 7598.950051 7611.656253 7612.414904 7615.299305 7617.028547 0.000000 0.000000
0.000000 0.000000 9012.909541 9009.880126 9010.422118 9007.433791 8988.837474 8980.646183 8980.839470 8980.430428 8977.447841 8980.675058 8983.599026 8982.798694 8988.028246 9000.833140 9007.108346 9008.384290 9009.796953 0.000000 0.000000
0.000000 0.000000 10521.777176 10521.219113 10518.780817 10501.011070 10497.381228 10482.513211 10488.050972 10475.895062 10479.658268 10478.139485 10471.695829 10480.877866 10488.297153 10490.472382 10501.117247 10507.131831 10517.407170 0.000000 0.000000
0.000000 0.000000 12128.779493 12121.889741 12114.992773 12112.415326 12103.678567 12086.516626 12084.084279 12084.093194 12091.091037 12081.189835 12084.534845 12084.594218 12103.787067 12110.675909 12112.416898 12115.569608 12137.292780 0.000000 0.000000
0.000000 0.000000 13784.248550 13780.307932 13780.533341 13769.320421 13763.661738 13724.879136 13723.529803 13722.716406 13704.555440 13714.965200 13718.926674 13722.811828 13748.861118 13754.756145 13773.904634 13773.051035 13781.509671 0.000000 0.000000
0.000000 0.000000 15641.331100 15643.563671 15632.290301 15628.904589 15585.451582 15598.118361 15585.704503 15586.563281 15590.681816 15587.532009 15585.820514 15582.063368 15566.557559 15614.257260 15619.954171 15636.122482 15645.153215 0.000000 0.000000
0.000000 0.000000 17692.902844 17685.923393 17679.143095 17635.399019 17639.615329 17617.373714 17600.905440 17598.615609 17590.274016 17581.561435 17585.711480 17584.357030 17609.759928 17608.105461 17674.287741 17661.277735 17660.733130 0.000000 0.000000
0.000000 0.000000 19832.355216 19830.100387 19765.872753 19776.357590 19780.098645 19768.665885 19798.050626 19785.886032 19798.369407 19790.763391 19781.704002 19798.259934 19802.479731 19802.669828 19758.236767 19848.578199 19842.020554 0.000000 0.000000
0.000000 0.000000 22356.326282 22268.085431 22277.283254 22252.731533 22204.255157 22194.299077 22174.614222 22180.739238 22154.313116 22155.802797 22167.820828 22160.633106 22181.568094 22209.560115 22274.464011 22242.472487 22337.771315 0.000000 0.000000
0.000000 0.000000 23745.615024 23806.337027 23894.149627 23887.450128 23876.308003 23801.468423 23807.536446 23783.348727 23812.806337 23806.703860 23809.879033 23811.438079 23875.677382 23885.066924 23909.027461 23826.858571 23768.185502 0.000000 0.000000
0.000000 0.000000 0.000000 0.000000 0.000000 0.000000 0.000000 0.000000 0.000000 0.000000 0.000000 0.000000 0.000000 0.000000 0.000000 0.000000 0.000000 0.000000 0.000000 0.000000 0.000000
0.000000 0.000000 0.000000 0.000000 0.000000 0.000000 0.000000 0.000000 0.000000 0.000000 0.000000 0.000000 0.000000 0.000000 0.000000 0.000000 0.000000 0.000000 0.000000 0.000000 0.000000