geotop/1.0zi/1.0Montebello/Templates/testdem/maps/_Erotot8307.asc
ncols         21
nrows         20
xllcorner     100.000000
yllcorner     100.000000
cellsize      50.000000
NODATA_value  -9999.0
0.000000 0.000000 0.000000 0.000000 0.000000 0.000000 0.000000 0.000000 0.000000 0.000000 0.000000 0.000000 0.000000 0.000000 0.000000 0.000000 0.000000 0.000000 0.000000 0.000000 0.000000
0.000000 0.000000 680.468102 681.265399 680.714387 680.818777 679.807087 679.965177 679.952032 680.015161 680.448187 679.773524 679.651888 679.703970 680.079966 680.235078 681.071618 681.620201 681.836351 0.000000 0.000000
0.000000 0.000000 52.616364 51.633146 51.875011 51.938684 52.572694 52.250257 51.956882 51.819248 52.048335 52.407588 52.427113 52.576603 52.331360 51.820214 50.547618 49.693035 50.217381 0.000000 0.000000
0.000000 0.000000 354.817589 355.952337 343.584280 338.329458 338.892139 327.579102 327.671914 328.518651 324.862450 323.078988 325.232094 325.376865 335.638014 342.706199 347.311909 350.212158 355.429800 0.000000 0.000000
0.000000 0.000000 3390.784905 3393.272768 3397.107278 3374.143478 3354.548266 3342.640617 3340.481572 3336.142507 3343.009423 3348.384438 3343.845657 3342.512028 3357.596854 3361.983525 3374.285803 3384.908160 3384.757352 0.000000 0.000000
0.000000 0.000000 5381.014240 5375.581649 5371.328810 5365.036390 5349.066971 5339.266190 5340.899455 5339.678293 5336.446192 5330.586222 5329.629485 5332.830285 5332.511025 5352.892495 5360.275997 5366.364089 5369.378383 0.000000 0.000000
0.000000 0.000000 6705.508522 6702.529827 6697.988262 6690.974990 6676.925552 6654.157506 6653.004641 6649.235387 6650.692549 6654.416304 6655.917081 6656.434040 6684.947935 6695.276549 6701.080226 6704.009537 6709.305187 0.000000 0.000000
0.000000 0.000000 7909.382013 7909.710945 7906.790251 7896.574885 7893.621654 7883.637936 7883.656248 7883.512115 7882.550544 7878.582213 7877.874272 7884.170405 7886.403959 7891.817896 7904.797684 7903.562023 7908.696768 0.000000 0.000000
0.000000 0.000000 9483.147227 9478.633602 9472.301625 9471.693106 9459.971771 9443.827572 9444.924230 9440.333866 9438.301983 9438.016465 9440.524435 9434.713021 9454.018545 9468.635724 9471.021384 9475.115975 9476.586011 0.000000 0.000000
0.000000 0.000000 11284.703732 11281.273404 11281.595097 11276.886127 11255.578993 11245.006987 11244.360419 11244.177534 11240.708532 11244.222889 11247.436766 11246.728317 11254.177273 11269.484116 11277.826341 11280.233599 11281.403640 0.000000 0.000000
0.000000 0.000000 13266.776699 13266.055705 13263.125618 13241.903359 13235.417774 13218.392852 13224.125760 13210.339194 13214.671822 13212.787618 13205.561388 13215.974496 13226.125580 13229.657297 13243.158301 13250.932764 13262.051526 0.000000 0.000000
0.000000 0.000000 15426.328951 15418.080280 15409.662672 15405.887863 15394.474963 15372.880470 15368.642652 15369.646909 15377.331445 15365.677786 15370.193374 15369.857133 15394.046041 15403.802286 15407.358847 15411.925055 15436.373307 0.000000 0.000000
0.000000 0.000000 17686.282123 17681.401207 17682.075008 17667.076592 17659.099367 17604.626235 17602.658860 17601.588809 17578.483865 17592.110772 17596.552647 17601.788373 17639.883478 17648.256980 17673.785149 17673.953465 17681.214647 0.000000 0.000000
0.000000 0.000000 20299.132151 20302.048682 20287.383858 20282.303367 20215.217211 20239.811601 20222.093176 20223.667167 20231.980940 20225.957199 20223.280092 20217.685221 20192.777167 20265.072057 20271.967538 20294.838830 20305.323572 0.000000 0.000000
0.000000 0.000000 23245.908027 23237.004404 23227.349260 23151.032054 23171.335693 23132.726521 23111.835777 23108.000029 23093.918796 23082.351300 23090.070839 23088.916514 23131.148008 23114.427892 23223.010988 23201.083752 23197.623419 0.000000 0.000000
0.000000 0.000000 26298.671179 26295.614817 26186.180073 26226.830499 26225.410521 26217.666529 26268.012285 26251.731474 26276.239762 26267.841754 26249.424187 26277.999667 26275.930606 26278.757744 26177.185213 26341.560997 26332.540575 0.000000 0.000000
0.000000 0.000000 29903.450947 29745.911622 29798.343493 29742.096787 29660.146948 29642.217566 29592.836801 29607.092016 29555.318059 29561.146383 29589.212384 29563.517472 29602.172675 29655.285291 29796.047616 29688.049181 29856.563248 0.000000 0.000000
0.000000 0.000000 31045.050684 31207.942249 31344.893416 31352.299628 31364.121762 31242.663490 31266.413008 31225.173138 31291.354682 31279.512105 31272.277864 31288.533792 31386.642414 31379.475720 31371.345470 31265.875894 31104.392519 0.000000 0.000000
0.000000 0.000000 0.000000 0.000000 0.000000 0.000000 0.000000 0.000000 0.000000 0.000000 0.000000 0.000000 0.000000 0.000000 0.000000 0.000000 0.000000 0.000000 0.000000 0.000000 0.000000
0.000000 0.000000 0.000000 0.000000 0.000000 0.000000 0.000000 0.000000 0.000000 0.000000 0.000000 0.000000 0.000000 0.000000 0.000000 0.000000 0.000000 0.000000 0.000000 0.000000 0.000000