geotop/1.0zi/1.0Montebello/Templates/testdem/maps/_Erotot1372.asc
ncols         21
nrows         20
xllcorner     100.000000
yllcorner     100.000000
cellsize      50.000000
NODATA_value  -9999.0
0.000000 0.000000 0.000000 0.000000 0.000000 0.000000 0.000000 0.000000 0.000000 0.000000 0.000000 0.000000 0.000000 0.000000 0.000000 0.000000 0.000000 0.000000 0.000000 0.000000 0.000000
0.000000 0.000000 150.859818 150.861228 150.896116 150.871564 150.852703 150.861252 150.862845 150.857605 150.858283 150.857605 150.862845 150.861252 150.852703 150.871564 150.896116 150.861228 150.859818 0.000000 0.000000
0.000000 0.000000 9.023760 8.803893 7.027800 8.885836 9.066950 9.050929 9.060910 9.068688 9.066739 9.068688 9.060910 9.050929 9.066950 8.885836 7.027800 8.803893 9.023760 0.000000 0.000000
0.000000 0.000000 1114.539850 1114.323250 1114.295169 1112.303506 1114.641603 1114.212151 1114.151220 1114.744969 1114.693740 1114.744969 1114.151220 1114.212151 1114.641603 1112.303506 1114.295169 1114.323250 1114.539850 0.000000 0.000000
0.000000 0.000000 2006.592984 2006.368039 2005.613785 2006.312104 2006.760688 2006.570008 2006.522401 2006.675262 2006.630519 2006.675262 2006.522401 2006.570008 2006.760688 2006.312104 2005.613785 2006.368039 2006.592984 0.000000 0.000000
0.000000 0.000000 2638.281818 2638.104304 2637.338422 2637.534796 2638.444530 2638.194140 2638.161766 2638.400214 2638.375056 2638.400214 2638.161766 2638.194140 2638.444530 2637.534796 2637.338422 2638.104304 2638.281818 0.000000 0.000000
0.000000 0.000000 3442.812198 3442.670141 3441.978913 3442.172910 3442.953332 3442.741774 3442.718338 3442.917244 3442.895716 3442.917244 3442.718338 3442.741774 3442.953332 3442.172910 3441.978913 3442.670141 3442.812198 0.000000 0.000000
0.000000 0.000000 4209.136384 4209.013573 4208.374427 4208.566690 4209.257448 4209.073992 4209.055329 4209.231396 4209.213018 4209.231396 4209.055329 4209.073992 4209.257448 4208.566690 4208.374427 4209.013573 4209.136384 0.000000 0.000000
0.000000 0.000000 4935.601435 4935.489063 4934.881869 4935.068441 4935.712287 4935.542696 4935.526836 4935.690855 4935.673087 4935.690855 4935.526836 4935.542696 4935.712287 4935.068441 4934.881869 4935.489063 4935.601435 0.000000 0.000000
0.000000 0.000000 5630.898725 5630.813611 5630.219629 5630.442826 5630.998574 5630.847522 5630.838822 5630.984697 5630.966810 5630.984697 5630.838822 5630.847522 5630.998574 5630.442826 5630.219629 5630.813611 5630.898725 0.000000 0.000000
0.000000 0.000000 6299.530690 6299.436141 6298.861312 6299.057586 6299.630668 6299.477430 6299.465847 6299.613420 6299.594517 6299.613420 6299.465847 6299.477430 6299.630668 6299.057586 6298.861312 6299.436141 6299.530690 0.000000 0.000000
0.000000 0.000000 6947.280228 6947.183065 6946.623178 6946.809461 6947.374649 6947.225425 6947.214668 6947.360194 6947.342447 6947.360194 6947.214668 6947.225425 6947.374649 6946.809461 6946.623178 6947.183065 6947.280228 0.000000 0.000000
0.000000 0.000000 7579.798508 7579.703769 7579.151775 7579.338870 7579.890168 7579.743216 7579.733272 7579.876220 7579.857977 7579.876220 7579.733272 7579.743216 7579.890168 7579.338870 7579.151775 7579.703769 7579.798508 0.000000 0.000000
0.000000 0.000000 8197.624743 8197.536661 8196.990605 8197.197521 8197.713790 8197.571403 8197.564133 8197.702166 8197.683361 8197.702166 8197.564133 8197.571403 8197.713790 8197.197521 8196.990605 8197.536661 8197.624743 0.000000 0.000000
0.000000 0.000000 8803.345708 8803.255181 8802.711371 8802.907361 8803.434365 8803.291081 8803.282919 8803.422721 8803.403294 8803.422721 8803.282919 8803.291081 8803.434365 8802.907361 8802.711371 8803.255181 8803.345708 0.000000 0.000000
0.000000 0.000000 9398.555879 9398.466273 9397.936124 9398.124454 9398.643213 9398.503170 9398.494997 9398.631499 9398.612317 9398.631499 9398.494997 9398.503170 9398.643213 9398.124454 9397.936124 9398.466273 9398.555875 0.000000 0.000000
0.000000 0.000000 9981.203530 9981.114805 9980.585190 9980.776837 9981.293513 9981.151487 9981.143434 9981.279352 9981.259081 9981.279352 9981.143434 9981.151487 9981.293513 9980.776837 9980.585189 9981.114786 9981.203209 0.000000 0.000000
0.000000 0.000000 10582.279673 10582.470149 10581.943037 10582.125835 10582.645569 10582.502117 10582.494214 10582.632590 10582.612101 10582.632590 10582.494214 10582.502117 10582.645569 10582.125835 10581.943020 10582.467121 10582.556235 0.000000 0.000000
0.000000 0.000000 0.000000 0.000000 0.000000 0.000000 0.000000 0.000000 0.000000 0.000000 0.000000 0.000000 0.000000 0.000000 0.000000 0.000000 0.000000 0.000000 0.000000 0.000000 0.000000
0.000000 0.000000 0.000000 0.000000 0.000000 0.000000 0.000000 0.000000 0.000000 0.000000 0.000000 0.000000 0.000000 0.000000 0.000000 0.000000 0.000000 0.000000 0.000000 0.000000 0.000000