geotop/1.0zi/1.0Montebello/Templates/testdem/maps/_Erotot1579.asc
ncols         21
nrows         20
xllcorner     100.000000
yllcorner     100.000000
cellsize      50.000000
NODATA_value  -9999.0
0.000000 0.000000 0.000000 0.000000 0.000000 0.000000 0.000000 0.000000 0.000000 0.000000 0.000000 0.000000 0.000000 0.000000 0.000000 0.000000 0.000000 0.000000 0.000000 0.000000 0.000000
0.000000 0.000000 175.253311 175.255235 175.291567 175.275229 175.243513 175.255536 175.257525 175.250143 175.251164 175.250143 175.257525 175.255536 175.243513 175.275229 175.291567 175.255235 175.253311 0.000000 0.000000
0.000000 0.000000 9.173892 8.953584 7.175546 9.025362 9.219096 9.199333 9.208269 9.218112 9.215664 9.218112 9.208269 9.199333 9.219096 9.025362 7.175546 8.953584 9.173892 0.000000 0.000000
0.000000 0.000000 1257.658828 1257.445455 1257.631958 1255.673750 1257.966557 1257.548974 1257.498233 1258.094619 1258.050089 1258.094619 1257.498233 1257.548974 1257.966557 1255.673750 1257.631958 1257.445455 1257.658828 0.000000 0.000000
0.000000 0.000000 2335.418463 2335.205703 2334.608361 2335.300647 2335.757864 2335.561256 2335.517039 2335.670544 2335.624104 2335.670544 2335.517039 2335.561256 2335.757864 2335.300647 2334.608361 2335.205703 2335.418463 0.000000 0.000000
0.000000 0.000000 3065.198871 3065.029462 3064.419351 3064.620732 3065.519987 3065.271104 3065.245003 3065.485067 3065.461330 3065.485067 3065.245003 3065.271104 3065.519987 3064.620732 3064.419351 3065.029462 3065.198871 0.000000 0.000000
0.000000 0.000000 3996.775023 3996.638682 3996.072807 3996.268820 3997.041135 3996.828570 3996.813220 3997.012386 3996.992428 3997.012386 3996.813220 3996.828570 3997.041135 3996.268820 3996.072807 3996.638682 3996.775023 0.000000 0.000000
0.000000 0.000000 4880.234233 4880.121476 4879.589737 4879.782542 4880.458637 4880.276633 4880.263159 4880.437377 4880.418371 4880.437377 4880.263159 4880.276633 4880.458637 4879.782542 4879.589737 4880.121476 4880.234233 0.000000 0.000000
0.000000 0.000000 5714.656682 5714.552140 5714.042217 5714.228600 5714.862163 5714.692925 5714.681042 5714.845918 5714.828346 5714.845918 5714.681042 5714.692925 5714.862163 5714.228600 5714.042217 5714.552140 5714.656682 0.000000 0.000000
0.000000 0.000000 6510.163647 6510.085911 6509.583799 6509.805763 6510.351244 6510.200761 6510.195762 6510.342388 6510.324756 6510.342388 6510.195762 6510.200761 6510.351244 6509.805763 6509.583799 6510.085911 6510.163647 0.000000 0.000000
0.000000 0.000000 7271.124719 7271.037503 7270.551527 7270.746053 7271.308002 7271.155768 7271.147756 7271.295819 7271.277267 7271.295819 7271.147756 7271.155768 7271.308002 7270.746053 7270.551527 7271.037503 7271.124719 0.000000 0.000000
0.000000 0.000000 8005.096251 8005.006500 8004.533736 8004.718035 8005.270912 8005.123112 8005.115844 8005.261508 8005.244167 8005.261508 8005.115844 8005.123112 8005.270912 8004.718035 8004.533736 8005.006500 8005.096251 0.000000 0.000000
0.000000 0.000000 8719.178348 8719.091070 8718.622037 8718.806719 8719.344715 8719.199679 8719.193005 8719.335842 8719.317992 8719.335842 8719.193005 8719.199679 8719.344715 8718.806719 8718.622037 8719.091070 8719.178348 0.000000 0.000000
0.000000 0.000000 9413.266464 9413.185728 9412.722313 9412.925945 9413.428568 9413.288400 9413.284228 9413.421840 9413.403545 9413.421840 9413.284228 9413.288400 9413.428568 9412.925945 9412.722313 9413.185728 9413.266464 0.000000 0.000000
0.000000 0.000000 10092.020650 10091.937045 10091.472582 10091.664999 10092.177097 10092.036679 10092.031486 10092.170426 10092.151690 10092.170426 10092.031486 10092.036679 10092.177097 10091.664999 10091.472582 10091.937045 10092.020650 0.000000 0.000000
0.000000 0.000000 10756.104071 10756.021377 10755.566502 10755.751132 10756.254221 10756.117284 10756.112217 10756.247844 10756.229360 10756.247844 10756.112217 10756.117284 10756.254221 10755.751132 10755.566502 10756.021377 10756.104068 0.000000 0.000000
0.000000 0.000000 11404.966254 11404.884180 11404.426866 11404.614435 11405.113758 11404.975764 11404.970578 11405.104953 11405.085590 11405.104953 11404.970578 11404.975764 11405.113758 11404.614435 11404.426865 11404.884161 11404.965936 0.000000 0.000000
0.000000 0.000000 12073.318302 12073.556156 12073.105191 12073.284283 12073.784807 12073.645944 12073.640875 12073.777117 12073.757627 12073.777117 12073.640875 12073.645944 12073.784807 12073.284283 12073.105173 12073.552965 12073.634990 0.000000 0.000000
0.000000 0.000000 0.000000 0.000000 0.000000 0.000000 0.000000 0.000000 0.000000 0.000000 0.000000 0.000000 0.000000 0.000000 0.000000 0.000000 0.000000 0.000000 0.000000 0.000000 0.000000
0.000000 0.000000 0.000000 0.000000 0.000000 0.000000 0.000000 0.000000 0.000000 0.000000 0.000000 0.000000 0.000000 0.000000 0.000000 0.000000 0.000000 0.000000 0.000000 0.000000 0.000000