geotop/1.0zi/1.0Montebello/Templates/testdem/maps/_Erotot7941.asc
ncols         21
nrows         20
xllcorner     100.000000
yllcorner     100.000000
cellsize      50.000000
NODATA_value  -9999.0
0.000000 0.000000 0.000000 0.000000 0.000000 0.000000 0.000000 0.000000 0.000000 0.000000 0.000000 0.000000 0.000000 0.000000 0.000000 0.000000 0.000000 0.000000 0.000000 0.000000 0.000000
0.000000 0.000000 663.050342 663.862994 663.328793 663.449878 662.454678 662.627989 662.615211 662.678610 663.110789 662.436196 662.314574 662.366855 662.727006 662.866318 663.685923 664.217724 664.418071 0.000000 0.000000
0.000000 0.000000 51.251696 50.274249 50.197805 50.586903 51.222561 50.904781 50.608969 50.471976 50.703472 51.063928 51.083049 51.233464 50.984101 50.471974 49.195025 48.339678 48.858208 0.000000 0.000000
0.000000 0.000000 354.470429 355.588987 343.529060 337.970387 338.515749 327.202301 327.324996 328.139038 324.479265 322.709633 324.856631 324.996428 335.261418 342.315983 346.937312 349.857155 354.732382 0.000000 0.000000
0.000000 0.000000 3210.438922 3211.631587 3214.220962 3190.659466 3171.174025 3160.475264 3159.678569 3155.018231 3161.859666 3166.900463 3162.408598 3160.993101 3176.052954 3179.534416 3190.212633 3199.068216 3198.930493 0.000000 0.000000
0.000000 0.000000 5092.823725 5087.593842 5084.102787 5078.050006 5062.963316 5052.934049 5053.817006 5052.741729 5049.446129 5043.758237 5042.783544 5045.975539 5045.432469 5065.499347 5073.386867 5080.178486 5083.337338 0.000000 0.000000
0.000000 0.000000 6398.357474 6395.157324 6390.629110 6383.559505 6369.748933 6347.764163 6346.690881 6342.907482 6344.331406 6348.031070 6349.537956 6350.023646 6377.912353 6387.958866 6393.574235 6396.371757 6401.626225 0.000000 0.000000
0.000000 0.000000 7516.869453 7516.924397 7513.898138 7503.703929 7501.139655 7491.665269 7491.841264 7491.664153 7490.697467 7486.717709 7486.035166 7492.261445 7494.179331 7499.136137 7511.713432 7510.280747 7515.322826 0.000000 0.000000
0.000000 0.000000 8984.602443 8979.842354 8973.454874 8972.792249 8961.598453 8946.114095 8947.366031 8942.787909 8940.740881 8940.447746 8942.928957 8937.133953 8955.944854 8969.949938 8971.914670 8975.649263 8977.075521 0.000000 0.000000
0.000000 0.000000 10665.059629 10661.359525 10661.502105 10656.832995 10636.277546 10626.383493 10625.947433 10625.705478 10622.265533 10625.708561 10628.853841 10628.133398 10635.144916 10649.714910 10657.512936 10659.516151 10660.673447 0.000000 0.000000
0.000000 0.000000 12505.383127 12504.307039 12501.265134 12480.478134 12474.482066 12458.408581 12464.170923 12450.742089 12454.903275 12453.064262 12446.085325 12456.119581 12465.757794 12468.779635 12481.562797 12488.682173 12499.496958 0.000000 0.000000
0.000000 0.000000 14500.566069 14492.234688 14483.913656 14480.028963 14469.449313 14449.112254 14445.355277 14446.060663 14453.444785 14442.245360 14446.487926 14446.300400 14469.197286 14478.045979 14481.121514 14485.174003 14508.701241 0.000000 0.000000
0.000000 0.000000 16575.705853 16570.534393 16570.787548 16556.270432 16549.013188 16499.226687 16497.499622 16496.501494 16474.827733 16487.390299 16491.707174 16496.555069 16531.328545 16538.787459 16562.535895 16562.205789 16569.820383 0.000000 0.000000
0.000000 0.000000 18956.887105 18959.085679 18945.064111 18939.839529 18880.027395 18900.928509 18884.831124 18886.099618 18892.931318 18887.831344 18885.580187 18880.591274 18858.832297 18923.422443 18930.093238 18950.665074 18960.529224 0.000000 0.000000
0.000000 0.000000 21628.791209 21619.883401 21610.466732 21543.754990 21558.863676 21525.374649 21505.747963 21502.386828 21490.170921 21479.371544 21485.912957 21484.643140 21522.090190 21510.167188 21605.470936 21586.285238 21583.687282 0.000000 0.000000
0.000000 0.000000 24415.955989 24412.359569 24316.468253 24346.310092 24346.582509 24337.344048 24381.005262 24365.829397 24386.250802 24377.863549 24362.614791 24387.486441 24388.173144 24389.802284 24307.225994 24447.913814 24439.446415 0.000000 0.000000
0.000000 0.000000 27743.618531 27603.712393 27640.938996 27593.274932 27519.937012 27504.388665 27464.533943 27476.191830 27431.924136 27436.381229 27459.543177 27439.699764 27473.562199 27519.907332 27637.705509 27554.669817 27703.322605 0.000000 0.000000
0.000000 0.000000 29008.514726 29144.269326 29272.227903 29274.067502 29278.295112 29166.357185 29184.556352 29147.463446 29203.810700 29193.394914 29189.521470 29201.475453 29293.909997 29292.096369 29295.665988 29190.672874 29056.070364 0.000000 0.000000
0.000000 0.000000 0.000000 0.000000 0.000000 0.000000 0.000000 0.000000 0.000000 0.000000 0.000000 0.000000 0.000000 0.000000 0.000000 0.000000 0.000000 0.000000 0.000000 0.000000 0.000000
0.000000 0.000000 0.000000 0.000000 0.000000 0.000000 0.000000 0.000000 0.000000 0.000000 0.000000 0.000000 0.000000 0.000000 0.000000 0.000000 0.000000 0.000000 0.000000 0.000000 0.000000