geotop/1.0zi/1.0Montebello/Templates/testdem/maps/_Erotot9417.asc
ncols         21
nrows         20
xllcorner     100.000000
yllcorner     100.000000
cellsize      50.000000
NODATA_value  -9999.0
0.000000 0.000000 0.000000 0.000000 0.000000 0.000000 0.000000 0.000000 0.000000 0.000000 0.000000 0.000000 0.000000 0.000000 0.000000 0.000000 0.000000 0.000000 0.000000 0.000000 0.000000
0.000000 0.000000 757.470915 757.974835 757.399752 757.481099 756.479821 756.585416 756.673319 756.746935 757.135517 756.501526 756.393374 756.441603 756.845967 756.967528 757.783914 758.394379 758.619477 0.000000 0.000000
0.000000 0.000000 57.249710 56.203607 56.520486 56.454400 57.327061 57.026040 56.627141 56.483151 56.680067 56.996374 57.050026 57.156768 56.925651 56.274647 55.015786 54.120809 54.669251 0.000000 0.000000
0.000000 0.000000 472.327018 474.971088 460.904529 455.215330 454.477329 446.835477 453.673791 455.778261 452.221725 452.443533 457.168710 456.630719 465.194422 473.767691 476.629958 474.896005 481.809680 0.000000 0.000000
0.000000 0.000000 4230.029006 4224.221709 4218.471201 4183.051747 4155.667852 4142.137357 4134.559288 4128.264533 4135.732265 4142.187613 4140.427298 4135.536752 4155.395824 4161.897866 4179.998344 4191.648955 4192.411841 0.000000 0.000000
0.000000 0.000000 6443.876863 6438.517439 6433.728885 6435.962980 6411.165867 6399.024974 6402.645203 6401.910680 6397.372762 6391.057166 6389.514433 6394.019683 6394.062372 6420.410464 6421.377640 6429.037537 6431.304545 0.000000 0.000000
0.000000 0.000000 7913.544702 7908.384661 7904.425424 7892.766933 7884.687316 7846.513350 7849.565178 7846.942538 7846.300216 7850.803877 7851.568414 7853.287754 7886.686491 7892.110905 7901.643909 7904.394970 7909.740078 0.000000 0.000000
0.000000 0.000000 9445.377219 9442.743172 9437.423994 9424.691733 9417.067032 9413.817239 9413.900444 9411.951547 9411.903826 9407.906846 9407.014568 9414.381480 9412.916753 9423.081528 9438.255630 9435.734156 9442.132754 0.000000 0.000000
0.000000 0.000000 11408.690659 11403.629032 11396.231109 11392.651669 11375.620124 11353.666389 11357.187634 11352.998103 11349.500637 11349.239489 11352.429126 11346.377565 11371.948534 11386.689903 11389.215496 11392.841400 11395.687786 0.000000 0.000000
0.000000 0.000000 13693.124962 13685.755406 13682.315530 13674.434084 13650.153975 13636.112496 13636.132368 13634.410899 13630.074763 13634.799145 13638.321056 13638.221535 13645.836213 13666.579635 13675.334704 13679.339554 13679.126446 0.000000 0.000000
0.000000 0.000000 16240.322526 16237.856385 16235.543065 16203.489761 16196.563563 16172.051354 16180.941142 16163.482934 16169.236806 16165.411311 16157.819496 16169.665952 16185.006909 16189.835991 16205.874923 16211.255333 16227.839932 0.000000 0.000000
0.000000 0.000000 19084.426005 19072.637067 19054.577365 19052.825109 19033.826249 19006.006885 19005.823121 19007.710222 19014.891399 19000.021491 19008.655501 19006.424986 19035.058956 19049.812014 19051.905757 19057.471821 19083.947412 0.000000 0.000000
0.000000 0.000000 22112.972965 22105.517552 22107.919389 22079.338224 22067.566578 21990.545096 21988.018398 21986.986630 21953.093316 21975.494623 21978.248763 21986.781549 22042.476416 22053.051522 22085.941377 22086.363187 22092.549390 0.000000 0.000000
0.000000 0.000000 25717.463220 25718.902808 25693.158503 25684.426281 25581.041840 25631.300865 25607.598479 25609.259159 25626.408530 25611.616433 25610.474710 25598.242076 25549.071768 25665.974346 25667.885975 25697.839115 25712.416808 0.000000 0.000000
0.000000 0.000000 29661.378980 29646.488183 29628.168358 29508.489935 29565.857414 29491.211349 29469.060230 29463.160117 29435.850374 29424.162697 29437.352078 29439.483600 29511.630204 29454.096002 29623.712574 29580.684761 29571.798420 0.000000 0.000000
0.000000 0.000000 33281.314669 33275.478213 33126.914098 33212.162561 33191.575355 33198.979006 33275.965995 33253.925035 33292.223104 33284.915482 33257.107303 33294.739650 33273.624521 33294.335696 33107.304610 33342.006833 33332.760339 0.000000 0.000000
0.000000 0.000000 36727.397030 36579.414782 36655.431299 36587.599886 36510.661526 36490.310005 36432.066766 36449.054513 36393.078527 36401.179750 36432.784514 36401.758428 36443.935069 36491.623679 36650.359249 36506.297506 36663.817825 0.000000 0.000000
0.000000 0.000000 37586.405249 37699.131978 37797.842043 37795.365403 37798.289766 37710.356409 37726.827614 37697.021277 37742.676886 37734.502289 37731.884833 37740.543481 37809.817341 37810.556505 37811.841636 37728.724679 37617.290582 0.000000 0.000000
0.000000 0.000000 0.000000 0.000000 0.000000 0.000000 0.000000 0.000000 0.000000 0.000000 0.000000 0.000000 0.000000 0.000000 0.000000 0.000000 0.000000 0.000000 0.000000 0.000000 0.000000
0.000000 0.000000 0.000000 0.000000 0.000000 0.000000 0.000000 0.000000 0.000000 0.000000 0.000000 0.000000 0.000000 0.000000 0.000000 0.000000 0.000000 0.000000 0.000000 0.000000 0.000000