geotop/1.0zi/1.0Montebello/Templates/testdem/maps/_Erotot8138.asc
ncols         21
nrows         20
xllcorner     100.000000
yllcorner     100.000000
cellsize      50.000000
NODATA_value  -9999.0
0.000000 0.000000 0.000000 0.000000 0.000000 0.000000 0.000000 0.000000 0.000000 0.000000 0.000000 0.000000 0.000000 0.000000 0.000000 0.000000 0.000000 0.000000 0.000000 0.000000 0.000000
0.000000 0.000000 675.470263 676.269905 675.721563 675.828523 674.819364 674.979277 674.965863 675.029202 675.462245 674.787548 674.665900 674.718045 675.092108 675.244875 676.078768 676.624903 676.838655 0.000000 0.000000
0.000000 0.000000 52.179239 51.195498 51.439338 51.501218 52.135571 51.813566 51.517790 51.382761 51.612513 51.971831 51.991149 52.140695 51.894337 51.385441 50.111917 49.258385 49.782603 0.000000 0.000000
0.000000 0.000000 354.851783 355.978507 343.619412 338.350685 338.902451 327.586045 327.704572 328.523166 324.864961 323.090826 325.238544 325.378869 335.646817 342.702232 347.327380 350.237403 355.435305 0.000000 0.000000
0.000000 0.000000 3308.426753 3310.758083 3312.908490 3289.883159 3270.139821 3258.617580 3257.922741 3253.097927 3259.975272 3265.131328 3260.638721 3259.177981 3274.249911 3278.005970 3289.325752 3299.143047 3299.303686 0.000000 0.000000
0.000000 0.000000 5253.421061 5248.000776 5244.535514 5238.339416 5222.726822 5212.991211 5213.866317 5212.820779 5209.490124 5203.783141 5202.814033 5206.028940 5205.556428 5225.819557 5233.700337 5239.932999 5242.921621 0.000000 0.000000
0.000000 0.000000 6571.633637 6568.625672 6564.003537 6556.973954 6542.890246 6520.485559 6519.433755 6515.614060 6517.035097 6520.758202 6522.267220 6522.756594 6550.957223 6561.210616 6566.991212 6569.828869 6575.137012 0.000000 0.000000
0.000000 0.000000 7740.421401 7740.703200 7737.568601 7727.398379 7724.533789 7714.722159 7714.921388 7714.705751 7713.717612 7709.764913 7709.072143 7715.319364 7717.460344 7722.624262 7735.430351 7734.067425 7739.200319 0.000000 0.000000
0.000000 0.000000 9269.563862 9265.027974 9258.473594 9257.884508 9246.300524 9230.455852 9231.748367 9227.092545 9225.034802 9224.764629 9227.270778 9221.443255 9240.522286 9254.813012 9257.014527 9260.872552 9262.426939 0.000000 0.000000
0.000000 0.000000 11020.260711 11016.806773 11016.832513 11012.180426 10991.117047 10980.843609 10980.429115 10980.148945 10976.669258 10980.175724 10983.370839 10982.633164 10989.885203 11004.801317 11012.894589 11015.032393 11016.322221 0.000000 0.000000
0.000000 0.000000 12943.360703 12942.589877 12939.369962 12918.391487 12912.023669 12895.428714 12901.326030 12887.619191 12891.853070 12890.013814 12882.907267 12893.132888 12903.039879 12906.267526 12919.438701 12926.825753 12937.975517 0.000000 0.000000
0.000000 0.000000 15033.069996 15024.896191 15016.251176 15012.482998 15001.340292 14980.314921 14976.452242 14977.246228 14984.774645 14973.343973 14977.756138 14977.458438 15001.061958 15010.326987 15013.648879 15017.877418 15042.115555 0.000000 0.000000
0.000000 0.000000 17215.064091 17210.179350 17210.376291 17195.653024 17187.888583 17135.511938 17133.824650 17132.702815 17110.188124 17123.386238 17127.793013 17132.830687 17169.418549 17177.287994 17202.015916 17201.840617 17209.468940 0.000000 0.000000
0.000000 0.000000 19728.892453 19731.635820 19716.921876 19711.845468 19647.853625 19670.705618 19653.890227 19655.234358 19662.860728 19657.285730 19654.813753 19649.450908 19626.033997 19694.818974 19701.592257 19723.325362 19733.777860 0.000000 0.000000
0.000000 0.000000 22560.198334 22551.451039 22541.509252 22469.478630 22486.909591 22450.757868 22430.619289 22426.884888 22413.586054 22402.381575 22409.611208 22408.361548 22448.283357 22433.973016 22536.748064 22515.852749 22513.060867 0.000000 0.000000
0.000000 0.000000 25503.069284 25499.928758 25395.916496 25431.383062 25430.795664 25422.114802 25469.854226 25453.914758 25476.619812 25468.256501 25451.224474 25478.194611 25477.594475 25479.558646 25386.693586 25540.723487 25532.216775 0.000000 0.000000
0.000000 0.000000 29000.348810 28849.983793 28895.355388 28843.076299 28764.332683 28747.359675 28702.201989 28715.265201 28666.519980 28671.835167 28697.903762 28674.597334 28711.300604 28761.625591 28892.518228 28795.045349 28955.940678 0.000000 0.000000
0.000000 0.000000 30199.952897 30352.417808 30486.198757 30491.497474 30500.376476 30382.451626 30404.224108 30364.408214 30426.838443 30415.570825 30409.698250 30424.242608 30520.285149 30514.936233 30511.459324 30405.281837 30254.569913 0.000000 0.000000
0.000000 0.000000 0.000000 0.000000 0.000000 0.000000 0.000000 0.000000 0.000000 0.000000 0.000000 0.000000 0.000000 0.000000 0.000000 0.000000 0.000000 0.000000 0.000000 0.000000 0.000000
0.000000 0.000000 0.000000 0.000000 0.000000 0.000000 0.000000 0.000000 0.000000 0.000000 0.000000 0.000000 0.000000 0.000000 0.000000 0.000000 0.000000 0.000000 0.000000 0.000000 0.000000