geotop/1.0zi/1.0Montebello/Templates/testdem/maps/_Erotot3629.asc
ncols         21
nrows         20
xllcorner     100.000000
yllcorner     100.000000
cellsize      50.000000
NODATA_value  -9999.0
0.000000 0.000000 0.000000 0.000000 0.000000 0.000000 0.000000 0.000000 0.000000 0.000000 0.000000 0.000000 0.000000 0.000000 0.000000 0.000000 0.000000 0.000000 0.000000 0.000000 0.000000
0.000000 0.000000 377.334365 377.337225 377.340771 377.459749 377.327297 377.333060 377.306717 377.346674 377.361378 377.346674 377.306717 377.333060 377.327297 377.459749 377.340771 377.337225 377.334365 0.000000 0.000000
0.000000 0.000000 11.658413 11.417024 9.663724 11.345702 11.663521 11.591871 11.683161 11.572365 11.942159 11.572365 11.683161 11.591871 11.663521 11.345702 9.663724 11.417024 11.658413 0.000000 0.000000
0.000000 0.000000 2771.257036 2770.464738 2770.953372 2769.128941 2770.617985 2770.244411 2769.691727 2770.771433 2770.679237 2770.771433 2769.691727 2770.244411 2770.617985 2769.128941 2770.953372 2770.464738 2771.257036 0.000000 0.000000
0.000000 0.000000 5323.494090 5323.469325 5322.650464 5323.228708 5323.908602 5323.615717 5323.707620 5323.469866 5323.690889 5323.469866 5323.707620 5323.615717 5323.908602 5323.228708 5322.650464 5323.469325 5323.494090 0.000000 0.000000
0.000000 0.000000 6884.277883 6883.879386 6883.413144 6883.553146 6884.194699 6883.915831 6883.736460 6883.972743 6884.190832 6883.972743 6883.736460 6883.915831 6884.194699 6883.553146 6883.413144 6883.879386 6884.277883 0.000000 0.000000
0.000000 0.000000 8874.698653 8874.360091 8873.938386 8874.062631 8874.612676 8874.367511 8874.209936 8874.407711 8874.623393 8874.407711 8874.209936 8874.367511 8874.612676 8874.062631 8873.938386 8874.360091 8874.698653 0.000000 0.000000
0.000000 0.000000 10711.158069 10710.869703 10710.485084 10710.611643 10711.076754 10710.866808 10710.728130 10710.900784 10711.095019 10710.900784 10710.728130 10710.866808 10711.076754 10710.611643 10710.485084 10710.869703 10711.158069 0.000000 0.000000
0.000000 0.000000 12394.452748 12394.195992 12393.835733 12393.959884 12394.386733 12394.195053 12394.068191 12394.227629 12394.410315 12394.227629 12394.068191 12394.195053 12394.386733 12393.959884 12393.835733 12394.195992 12394.452748 0.000000 0.000000
0.000000 0.000000 13953.556504 13953.342143 13952.992415 13953.152375 13953.498690 13953.327434 13953.215191 13953.356094 13953.522065 13953.356094 13953.215191 13953.327434 13953.498690 13953.152375 13952.992415 13953.342143 13953.556504 0.000000 0.000000
0.000000 0.000000 15399.787975 15399.578879 15399.251288 15399.385716 15399.743981 15399.574704 15399.468164 15399.608899 15399.764885 15399.608899 15399.468164 15399.574704 15399.743981 15399.385716 15399.251288 15399.578879 15399.787975 0.000000 0.000000
0.000000 0.000000 16759.701513 16759.505154 16759.200076 16759.329223 16759.676752 16759.515771 16759.412761 16759.553377 16759.698756 16759.553377 16759.412761 16759.515771 16759.676752 16759.329223 16759.200076 16759.505154 16759.701513 0.000000 0.000000
0.000000 0.000000 18042.465198 18042.282795 18041.985825 18042.115552 18042.443394 18042.290915 18042.194258 18042.331191 18042.466708 18042.331191 18042.194258 18042.290915 18042.443394 18042.115552 18041.985825 18042.282795 18042.465198 0.000000 0.000000
0.000000 0.000000 19262.327117 19262.159042 19261.873183 19262.018139 19262.311118 19262.165440 19262.075753 19262.205734 19262.334155 19262.205734 19262.075753 19262.165440 19262.311118 19262.018139 19261.873183 19262.159042 19262.327117 0.000000 0.000000
0.000000 0.000000 20423.780762 20423.613408 20423.333009 20423.465345 20423.762087 20423.627149 20423.543888 20423.673967 20423.794997 20423.673967 20423.543888 20423.627149 20423.762087 20423.465345 20423.333009 20423.613408 20423.780762 0.000000 0.000000
0.000000 0.000000 21529.737318 21529.577667 21529.308273 21529.432538 21529.717741 21529.585381 21529.505114 21529.629059 21529.745603 21529.629059 21529.505114 21529.585381 21529.717741 21529.432538 21529.308273 21529.577667 21529.737314 0.000000 0.000000
0.000000 0.000000 22588.398444 22588.245228 22587.979072 22588.106256 22588.377589 22588.249147 22588.173179 22588.293187 22588.402456 22588.293187 22588.173179 22588.249147 22588.377589 22588.106256 22587.979072 22588.245208 22588.398295 0.000000 0.000000
0.000000 0.000000 23651.041664 23651.431982 23651.173355 23651.295987 23651.560955 23651.436827 23651.363553 23651.479990 23651.585249 23651.479990 23651.363553 23651.436827 23651.560955 23651.295986 23651.173338 23651.428672 23651.574083 0.000000 0.000000
0.000000 0.000000 0.000000 0.000000 0.000000 0.000000 0.000000 0.000000 0.000000 0.000000 0.000000 0.000000 0.000000 0.000000 0.000000 0.000000 0.000000 0.000000 0.000000 0.000000 0.000000
0.000000 0.000000 0.000000 0.000000 0.000000 0.000000 0.000000 0.000000 0.000000 0.000000 0.000000 0.000000 0.000000 0.000000 0.000000 0.000000 0.000000 0.000000 0.000000 0.000000 0.000000