geotop/1.0zi/1.0Montebello/Templates/testdem/maps/_Erotot5924.asc
ncols         21
nrows         20
xllcorner     100.000000
yllcorner     100.000000
cellsize      50.000000
NODATA_value  -9999.0
0.000000 0.000000 0.000000 0.000000 0.000000 0.000000 0.000000 0.000000 0.000000 0.000000 0.000000 0.000000 0.000000 0.000000 0.000000 0.000000 0.000000 0.000000 0.000000 0.000000 0.000000
0.000000 0.000000 453.812861 453.010177 452.823235 452.609185 452.571040 452.670807 452.614739 452.792813 452.696067 452.494436 452.432417 452.511250 452.625419 452.532548 452.731965 452.929976 453.354447 0.000000 0.000000
0.000000 0.000000 33.843543 34.516980 34.814499 35.987244 35.724633 35.484180 35.311162 35.088002 35.302965 35.661852 35.473356 35.217963 35.660555 35.434411 34.597295 33.761163 33.145396 0.000000 0.000000
0.000000 0.000000 188.759045 189.975406 182.235010 179.222053 180.579547 175.493607 175.110498 174.825988 173.842165 171.470602 174.069841 172.339658 175.880895 181.388340 181.301971 184.555827 187.855376 0.000000 0.000000
0.000000 0.000000 1833.986644 1838.096519 1841.957132 1823.017110 1807.688056 1797.207191 1799.818895 1796.876012 1800.593198 1804.736841 1801.520082 1799.642594 1810.053345 1810.718289 1818.434498 1825.869646 1828.017117 0.000000 0.000000
0.000000 0.000000 3307.526625 3302.017547 3299.449249 3294.766439 3286.595795 3278.981494 3277.216092 3277.287657 3276.129837 3273.979688 3271.332062 3273.582846 3273.856709 3289.207604 3294.265693 3297.636854 3299.631802 0.000000 0.000000
0.000000 0.000000 4378.958683 4376.244328 4372.987702 4368.470187 4355.418276 4338.707417 4338.776431 4335.232608 4336.960998 4339.723104 4341.638969 4342.868217 4362.959616 4372.636818 4377.624875 4379.249505 4384.587611 0.000000 0.000000
0.000000 0.000000 5040.249187 5041.520977 5040.157213 5033.629771 5032.950827 5025.893993 5026.444672 5026.825705 5025.542767 5023.123848 5022.908995 5026.510870 5026.703475 5029.403685 5037.846260 5036.217781 5039.356586 0.000000 0.000000
0.000000 0.000000 5944.351577 5941.580696 5937.042357 5937.790034 5931.053067 5920.556097 5921.008906 5918.365968 5915.875338 5917.059474 5918.310573 5913.197406 5926.506441 5934.727695 5937.017523 5937.958450 5939.517847 0.000000 0.000000
0.000000 0.000000 6991.326488 6988.850224 6990.554986 6989.694032 6974.816297 6967.781796 6969.196336 6968.282955 6966.202501 6969.302947 6972.308195 6970.754678 6974.103114 6984.594579 6988.625689 6988.925034 6989.766561 0.000000 0.000000
0.000000 0.000000 8120.770293 8120.867316 8120.543136 8106.078003 8103.344294 8092.578220 8096.129237 8087.037330 8089.437115 8088.471656 8083.813326 8091.186401 8095.715059 8097.309495 8104.122548 8110.125693 8117.516895 0.000000 0.000000
0.000000 0.000000 9302.935471 9298.256026 9292.876962 9290.916415 9286.855326 9272.009041 9271.019003 9270.121795 9276.773846 9269.679237 9271.774988 9271.335641 9287.004786 9290.477711 9292.104616 9292.713829 9312.245249 0.000000 0.000000
0.000000 0.000000 10500.793481 10498.790809 10499.441593 10491.793516 10487.606384 10460.635132 10459.404214 10459.076942 10444.609559 10453.619509 10457.615598 10459.632391 10476.130683 10480.201485 10494.376942 10493.839639 10500.782433 0.000000 0.000000
0.000000 0.000000 11815.172369 11816.459491 11809.119202 11807.808502 11779.840563 11788.209728 11777.672325 11779.117332 11780.334652 11779.852184 11778.385238 11775.028779 11765.082919 11795.280417 11800.890592 11811.677243 11818.827764 0.000000 0.000000
0.000000 0.000000 13235.923541 13230.802387 13227.249572 13202.506498 13202.194598 13186.593991 13173.645620 13172.056807 13167.024906 13160.746180 13164.043753 13162.263106 13177.339875 13181.226482 13223.069088 13214.219698 13214.432529 0.000000 0.000000
0.000000 0.000000 14696.739907 14695.964185 14658.994582 14658.472848 14663.446065 14655.984519 14673.374680 14665.717614 14671.763748 14667.192834 14661.859704 14670.652872 14674.331925 14673.875397 14653.001765 14705.290893 14698.385247 0.000000 0.000000
0.000000 0.000000 16357.988576 16313.078848 16310.771244 16300.729053 16274.830969 16267.989856 16259.512561 16262.749451 16248.585079 16248.978730 16254.288932 16253.886977 16265.877476 16277.474359 16309.622556 16302.967734 16353.327966 0.000000 0.000000
0.000000 0.000000 17506.229928 17520.120238 17566.918859 17560.035005 17545.842992 17507.721422 17508.948469 17494.666894 17506.908979 17504.869297 17510.625448 17506.134507 17539.479684 17551.427849 17575.040335 17526.911611 17512.957378 0.000000 0.000000
0.000000 0.000000 0.000000 0.000000 0.000000 0.000000 0.000000 0.000000 0.000000 0.000000 0.000000 0.000000 0.000000 0.000000 0.000000 0.000000 0.000000 0.000000 0.000000 0.000000 0.000000
0.000000 0.000000 0.000000 0.000000 0.000000 0.000000 0.000000 0.000000 0.000000 0.000000 0.000000 0.000000 0.000000 0.000000 0.000000 0.000000 0.000000 0.000000 0.000000 0.000000 0.000000