geotop/1.0zi/1.0Montebello/Templates/testdem/maps/_Erotot3009.asc
ncols         21
nrows         20
xllcorner     100.000000
yllcorner     100.000000
cellsize      50.000000
NODATA_value  -9999.0
0.000000 0.000000 0.000000 0.000000 0.000000 0.000000 0.000000 0.000000 0.000000 0.000000 0.000000 0.000000 0.000000 0.000000 0.000000 0.000000 0.000000 0.000000 0.000000 0.000000 0.000000
0.000000 0.000000 291.716188 291.719003 291.722524 291.841250 291.710481 291.714687 291.689302 291.729230 291.745749 291.729230 291.689302 291.714687 291.710481 291.841250 291.722524 291.719003 291.716188 0.000000 0.000000
0.000000 0.000000 13.008527 12.786559 11.036392 12.752863 13.043804 13.030112 13.061175 13.009334 12.959950 13.009334 13.061175 13.030112 13.043804 12.752863 11.036392 12.786559 13.008527 0.000000 0.000000
0.000000 0.000000 2335.422136 2335.101544 2335.422458 2333.613080 2335.574817 2335.020181 2335.003027 2335.894324 2336.177673 2335.894324 2335.003027 2335.020181 2335.574817 2333.613080 2335.422458 2335.101544 2335.422136 0.000000 0.000000
0.000000 0.000000 4487.422913 4487.255786 4486.596416 4487.179767 4487.727897 4487.590229 4487.551078 4487.695541 4487.684146 4487.695541 4487.551078 4487.590229 4487.727897 4487.179767 4486.596416 4487.255786 4487.422913 0.000000 0.000000
0.000000 0.000000 5843.862290 5843.660708 5843.099525 5843.251226 5844.054843 5843.767693 5843.780002 5844.126441 5844.282817 5844.126441 5843.780002 5843.767693 5844.054843 5843.251226 5843.099525 5843.660708 5843.862290 0.000000 0.000000
0.000000 0.000000 7563.095429 7562.928054 7562.418404 7562.555947 7563.242316 7562.994572 7563.012350 7563.318731 7563.477846 7563.318731 7563.012350 7562.994572 7563.242316 7562.555947 7562.418404 7562.928054 7563.095429 0.000000 0.000000
0.000000 0.000000 9158.070505 9157.930533 9157.459673 9157.599110 9158.185705 9157.973774 9157.989927 9158.263053 9158.409014 9158.263053 9157.989927 9157.973774 9158.185705 9157.599110 9157.459673 9157.930533 9158.070505 0.000000 0.000000
0.000000 0.000000 10630.707762 10630.580927 10630.137125 10630.276371 10630.810492 10630.616486 10630.631896 10630.887545 10631.023042 10630.887545 10630.631896 10630.616486 10630.810492 10630.276371 10630.137125 10630.580927 10630.707762 0.000000 0.000000
0.000000 0.000000 12004.030715 12003.932364 12003.502542 12003.679138 12004.120556 12003.948396 12003.968676 12004.200647 12004.325586 12004.200647 12003.968676 12003.948396 12004.120556 12003.679138 12003.502542 12003.932364 12004.030715 0.000000 0.000000
0.000000 0.000000 13284.887477 13284.783077 13284.375803 13284.527798 13284.975938 13284.805520 13284.822008 13285.049625 13285.165484 13285.049625 13284.822008 13284.805520 13284.975938 13284.527798 13284.375803 13284.783077 13284.887477 0.000000 0.000000
0.000000 0.000000 14498.525821 14498.421966 14498.032977 14498.178919 14498.609051 14498.446940 14498.462457 14498.681228 14498.791984 14498.681228 14498.462457 14498.446940 14498.609051 14498.178919 14498.032977 14498.421966 14498.525821 0.000000 0.000000
0.000000 0.000000 15652.709748 15652.611810 15652.231516 15652.378646 15652.786307 15652.629466 15652.645291 15652.857189 15652.961706 15652.857189 15652.645291 15652.629466 15652.786307 15652.378646 15652.231516 15652.611810 15652.709748 0.000000 0.000000
0.000000 0.000000 16758.449687 16758.359913 16757.991325 16758.155246 16758.523926 16758.374453 16758.391893 16758.594525 16758.694052 16758.594525 16758.391893 16758.374453 16758.523926 16758.155246 16757.991325 16758.359913 16758.449687 0.000000 0.000000
0.000000 0.000000 17817.409178 17817.317778 17816.955992 17817.107599 17817.479530 17817.332198 17817.348317 17817.547526 17817.642900 17817.547526 17817.348317 17817.332198 17817.479530 17817.107599 17816.955992 17817.317778 17817.409178 0.000000 0.000000
0.000000 0.000000 18833.690066 18833.601121 18833.251737 18833.395768 18833.754185 18833.612160 18833.628204 18833.820874 18833.912904 18833.820874 18833.628204 18833.612160 18833.754185 18833.395768 18833.251737 18833.601121 18833.690062 0.000000 0.000000
0.000000 0.000000 19813.246498 19813.159786 19812.814965 19812.962212 19813.308548 19813.169533 19813.185150 19813.372306 19813.459681 19813.372306 19813.185150 19813.169533 19813.308548 19812.962212 19812.814964 19813.159765 19813.246365 0.000000 0.000000
0.000000 0.000000 20806.926556 20807.348871 20807.012379 20807.155321 20807.493970 20807.359239 20807.372977 20807.555425 20807.638934 20807.555425 20807.372977 20807.359239 20807.493970 20807.155321 20807.012361 20807.345491 20807.428683 0.000000 0.000000
0.000000 0.000000 0.000000 0.000000 0.000000 0.000000 0.000000 0.000000 0.000000 0.000000 0.000000 0.000000 0.000000 0.000000 0.000000 0.000000 0.000000 0.000000 0.000000 0.000000 0.000000
0.000000 0.000000 0.000000 0.000000 0.000000 0.000000 0.000000 0.000000 0.000000 0.000000 0.000000 0.000000 0.000000 0.000000 0.000000 0.000000 0.000000 0.000000 0.000000 0.000000 0.000000