geotop/1.0zi/1.0Montebello/Templates/testdem/maps/_Erotot5463.asc
ncols         21
nrows         20
xllcorner     100.000000
yllcorner     100.000000
cellsize      50.000000
NODATA_value  -9999.0
0.000000 0.000000 0.000000 0.000000 0.000000 0.000000 0.000000 0.000000 0.000000 0.000000 0.000000 0.000000 0.000000 0.000000 0.000000 0.000000 0.000000 0.000000 0.000000 0.000000 0.000000
0.000000 0.000000 403.751653 402.954600 402.797136 402.590324 402.562730 402.637677 402.595427 402.768355 402.680649 402.483037 402.426195 402.486974 402.604853 402.495559 402.700555 402.880031 403.289663 0.000000 0.000000
0.000000 0.000000 31.230836 31.924140 32.149122 33.334727 33.072951 32.902635 32.715146 32.495630 32.659575 33.004530 32.817907 32.634900 33.052838 32.839713 31.999256 31.161975 30.520111 0.000000 0.000000
0.000000 0.000000 152.867748 154.342542 147.444638 144.669301 146.498904 141.359989 140.747246 141.124126 139.732458 138.388208 139.965249 138.037421 140.753732 145.520825 144.998081 148.327242 151.021658 0.000000 0.000000
0.000000 0.000000 1589.214120 1593.880109 1600.033412 1582.303089 1567.483392 1556.786612 1559.461616 1556.721390 1560.367584 1564.606391 1561.089823 1558.864702 1569.043616 1568.012599 1575.257459 1582.130738 1583.406160 0.000000 0.000000
0.000000 0.000000 2983.053563 2977.070451 2974.426513 2970.157048 2962.981057 2956.134267 2954.272599 2954.387102 2953.662687 2951.386782 2948.787953 2950.901523 2949.808990 2964.599071 2969.349325 2972.426782 2974.798171 0.000000 0.000000
0.000000 0.000000 3962.677199 3960.199355 3957.374271 3953.115624 3940.554921 3924.776474 3924.938752 3921.678588 3923.337704 3926.205580 3928.002788 3929.011600 3947.834089 3956.776060 3961.456594 3962.927150 3967.923563 0.000000 0.000000
0.000000 0.000000 4560.189871 4561.624005 4561.048289 4555.068191 4554.794291 4548.217429 4548.757439 4549.294958 4548.039394 4545.804725 4545.391532 4548.671430 4548.081043 4550.051798 4557.957249 4556.172011 4558.816962 0.000000 0.000000
0.000000 0.000000 5361.220092 5358.724189 5355.052445 5356.264503 5350.150196 5340.254219 5340.632204 5338.256443 5335.799618 5337.165009 5338.096484 5332.896138 5345.114191 5352.465382 5354.295355 5354.854888 5356.048198 0.000000 0.000000
0.000000 0.000000 6292.057763 6289.776560 6292.281116 6291.988343 6278.008746 6271.351711 6272.875859 6272.049193 6270.168522 6273.256178 6276.032687 6274.217672 6276.774519 6286.094906 6289.726837 6289.652110 6290.186501 0.000000 0.000000
0.000000 0.000000 7295.526351 7295.742561 7296.273728 7282.836206 7280.533278 7270.621468 7273.957587 7265.414889 7267.660799 7266.984658 7262.260224 7269.159376 7272.535794 7273.408155 7279.495243 7285.214881 7291.843564 0.000000 0.000000
0.000000 0.000000 8339.143463 8334.886908 8330.765014 8329.194161 8326.044512 8311.874191 8311.204800 8310.244246 8316.804507 8310.272119 8311.770104 8311.127005 8325.559510 8327.710141 8329.084646 8329.194141 8347.880011 0.000000 0.000000
0.000000 0.000000 9389.872971 9388.100619 9389.385707 9382.611595 9379.071175 9355.172055 9354.019922 9353.892334 9340.178802 9348.798150 9352.587369 9354.228584 9367.538114 9370.900145 9383.852967 9383.210098 9389.431604 0.000000 0.000000
0.000000 0.000000 10535.697901 10537.069345 10531.047447 10530.376609 10506.465809 10514.017574 10504.086441 10505.618007 10506.654291 10506.588279 10504.850365 10501.472183 10491.761198 10517.275170 10522.375855 10532.096455 10538.708626 0.000000 0.000000
0.000000 0.000000 11764.282258 11760.008294 11757.417446 11737.598513 11737.210542 11723.030791 11710.939521 11709.735815 11705.219112 11699.619457 11702.242558 11700.322273 11713.385749 11716.697307 11752.944321 11744.723210 11744.600025 0.000000 0.000000
0.000000 0.000000 13018.686073 13017.884333 12988.432244 12986.681791 12991.271205 12984.139493 12999.240225 12992.316403 12997.314427 12993.242740 12988.740603 12995.861999 12998.793002 12998.512052 12981.353059 13024.616786 13017.649792 0.000000 0.000000
0.000000 0.000000 14430.680849 14395.753174 14393.260343 14385.635868 14364.204583 14358.515237 14351.736557 14354.757363 14342.887985 14343.231251 14346.806804 14347.285742 14356.698496 14364.576460 14391.076000 14387.639301 14427.466629 0.000000 0.000000
0.000000 0.000000 15449.542180 15456.920524 15494.087505 15488.354602 15475.173231 15444.633329 15445.472012 15433.252524 15442.754270 15441.422162 15446.718418 15441.433237 15467.590000 15478.104134 15499.311965 15460.733816 15452.811518 0.000000 0.000000
0.000000 0.000000 0.000000 0.000000 0.000000 0.000000 0.000000 0.000000 0.000000 0.000000 0.000000 0.000000 0.000000 0.000000 0.000000 0.000000 0.000000 0.000000 0.000000 0.000000 0.000000
0.000000 0.000000 0.000000 0.000000 0.000000 0.000000 0.000000 0.000000 0.000000 0.000000 0.000000 0.000000 0.000000 0.000000 0.000000 0.000000 0.000000 0.000000 0.000000 0.000000 0.000000