geotop/1.0zi/1.0Montebello/Templates/testdem/maps/_Erotot9621.asc
ncols         21
nrows         20
xllcorner     100.000000
yllcorner     100.000000
cellsize      50.000000
NODATA_value  -9999.0
0.000000 0.000000 0.000000 0.000000 0.000000 0.000000 0.000000 0.000000 0.000000 0.000000 0.000000 0.000000 0.000000 0.000000 0.000000 0.000000 0.000000 0.000000 0.000000 0.000000 0.000000
0.000000 0.000000 800.757804 800.899664 799.715144 799.250068 797.675521 797.220788 797.317497 797.375919 797.729775 797.169052 797.027967 797.061886 798.044507 798.628526 799.992187 801.230618 801.889464 0.000000 0.000000
0.000000 0.000000 60.072473 58.731507 59.030140 58.811625 59.549193 59.069221 58.706060 58.552252 58.788852 58.944805 59.115722 59.189339 59.058493 58.574150 57.546275 56.645121 57.424861 0.000000 0.000000
0.000000 0.000000 522.709586 526.507394 512.145908 504.772162 504.273745 496.487250 503.531730 505.336580 501.413536 502.308287 506.612888 506.021618 514.878211 525.242752 528.098482 526.568195 532.081309 0.000000 0.000000
0.000000 0.000000 4458.364583 4452.729186 4449.114568 4410.750628 4384.559016 4369.186058 4361.642172 4355.798238 4361.639034 4367.262763 4367.288952 4361.552046 4381.258465 4387.459020 4406.108401 4417.474882 4418.354781 0.000000 0.000000
0.000000 0.000000 6663.894760 6657.352114 6652.566363 6654.691815 6626.837955 6614.170544 6617.905072 6616.633189 6611.221615 6604.641733 6602.456226 6606.700210 6608.511972 6635.686511 6635.895723 6643.304425 6645.237856 0.000000 0.000000
0.000000 0.000000 8196.606897 8190.554969 8186.758674 8173.783912 8166.917747 8130.469948 8129.789621 8126.502599 8124.907523 8128.914112 8129.463028 8130.631668 8165.978840 8170.279164 8179.858159 8182.809866 8187.884016 0.000000 0.000000
0.000000 0.000000 9818.055874 9814.057487 9807.426437 9791.831295 9781.395963 9777.326006 9777.889937 9775.433111 9774.337828 9770.300780 9769.663681 9776.823942 9775.291757 9786.691024 9802.371349 9799.978773 9806.200022 0.000000 0.000000
0.000000 0.000000 11874.846487 11868.606463 11859.823168 11854.083145 11836.558338 11813.661840 11816.823138 11812.519914 11808.324020 11807.851880 11811.173086 11804.655413 11831.645323 11847.150751 11849.950783 11853.740373 11856.208739 0.000000 0.000000
0.000000 0.000000 14279.782999 14269.615170 14265.329024 14256.229326 14240.409406 14220.641017 14219.496644 14217.115708 14211.526864 14215.871728 14219.332763 14218.611826 14227.227411 14248.833791 14257.208996 14261.370660 14260.551047 0.000000 0.000000
0.000000 0.000000 16971.325094 16966.284262 16962.633898 16927.379783 16926.840668 16897.884948 16906.229379 16887.580450 16892.487648 16888.103597 16880.174143 16891.879833 16908.363624 16913.779252 16929.927239 16933.291377 16951.941625 0.000000 0.000000
0.000000 0.000000 19993.399819 19977.844179 19957.442038 19954.478199 19941.903002 19908.196892 19906.575664 19908.185180 19914.222766 19898.086708 19906.533865 19903.241551 19934.007112 19950.027394 19952.214761 19958.518534 19984.829507 0.000000 0.000000
0.000000 0.000000 23218.250874 23207.087826 23208.633728 23185.986643 23165.876207 23086.657057 23080.872629 23078.096129 23038.454402 23064.748958 23066.291227 23074.580975 23134.719854 23144.275979 23180.800066 23180.285346 23185.100117 0.000000 0.000000
0.000000 0.000000 27069.457493 27068.116602 27038.084992 27022.293566 26913.471503 26974.287446 26945.954757 26946.775647 26965.764449 26946.956966 26945.282084 26930.617317 26870.903029 26999.000563 26998.931066 27031.060532 27046.527453 0.000000 0.000000
0.000000 0.000000 31182.791675 31170.567572 31150.492116 31021.798664 31094.811642 31008.316101 30987.598652 30979.426969 30948.409995 30936.783020 30950.851515 30953.039686 31030.521216 30953.391777 31134.743364 31087.102931 31075.610039 0.000000 0.000000
0.000000 0.000000 34721.386897 34713.403079 34568.665512 34660.598883 34636.837990 34647.946699 34722.270627 34700.836181 34738.547950 34731.642825 34703.455594 34739.586611 34713.997587 34742.534268 34546.914459 34779.856902 34770.687691 0.000000 0.000000
0.000000 0.000000 37821.776960 37695.511113 37764.104626 37706.371464 37640.310006 37623.674922 37574.005906 37588.919748 37540.978053 37548.068981 37574.873314 37548.843539 37585.110041 37623.564697 37757.639380 37632.041750 37766.471560 0.000000 0.000000
0.000000 0.000000 38718.754438 38802.790344 38888.609866 38882.552822 38880.433375 38810.176388 38820.059963 38796.344278 38829.722441 38823.652886 38824.014310 38827.748178 38884.103699 38888.576986 38898.114667 38819.524682 38737.143404 0.000000 0.000000
0.000000 0.000000 0.000000 0.000000 0.000000 0.000000 0.000000 0.000000 0.000000 0.000000 0.000000 0.000000 0.000000 0.000000 0.000000 0.000000 0.000000 0.000000 0.000000 0.000000 0.000000
0.000000 0.000000 0.000000 0.000000 0.000000 0.000000 0.000000 0.000000 0.000000 0.000000 0.000000 0.000000 0.000000 0.000000 0.000000 0.000000 0.000000 0.000000 0.000000 0.000000 0.000000