geotop/1.0zi/1.0Montebello/Templates/testdem/maps/_Erotot9245.asc
ncols         21
nrows         20
xllcorner     100.000000
yllcorner     100.000000
cellsize      50.000000
NODATA_value  -9999.0
0.000000 0.000000 0.000000 0.000000 0.000000 0.000000 0.000000 0.000000 0.000000 0.000000 0.000000 0.000000 0.000000 0.000000 0.000000 0.000000 0.000000 0.000000 0.000000 0.000000 0.000000
0.000000 0.000000 726.742646 727.314612 726.735830 726.816568 725.782717 725.892394 725.978311 726.050976 726.438534 725.803378 725.695557 725.742098 726.143010 726.297439 727.118086 727.725854 727.884724 0.000000 0.000000
0.000000 0.000000 56.688343 55.612116 55.926898 55.858941 56.675887 56.370900 55.994273 55.863430 56.063114 56.389587 56.447013 56.559028 56.322392 55.717809 54.452008 53.582231 54.188603 0.000000 0.000000
0.000000 0.000000 428.327269 430.134426 417.052122 410.826198 410.255812 404.391586 409.383409 411.052983 407.102062 405.500788 408.920661 408.429736 416.924188 425.396269 429.218675 423.625048 430.913977 0.000000 0.000000
0.000000 0.000000 4003.716405 3997.514838 3991.505968 3957.575702 3930.993676 3917.176823 3909.693095 3903.127572 3910.448477 3916.910290 3915.467932 3910.404617 3930.109341 3935.896773 3952.840888 3964.668555 3965.402545 0.000000 0.000000
0.000000 0.000000 6230.537761 6225.146117 6220.468654 6222.861870 6198.509013 6186.955730 6190.568977 6189.790519 6185.247526 6178.738299 6177.035178 6181.529866 6181.416428 6207.072092 6207.757154 6214.923234 6217.049803 0.000000 0.000000
0.000000 0.000000 7651.783502 7646.400074 7642.633694 7631.347853 7623.673642 7586.623790 7589.388704 7586.640459 7585.993504 7590.144744 7590.697365 7592.375163 7625.259019 7630.082307 7639.269948 7641.158319 7646.400117 0.000000 0.000000
0.000000 0.000000 9112.446415 9109.546045 9104.417936 9092.200566 9085.135633 9082.728295 9082.490221 9080.389978 9080.291852 9075.873599 9074.778853 9082.057335 9080.327932 9089.764252 9104.474838 9101.006082 9107.261795 0.000000 0.000000
0.000000 0.000000 10991.039378 10985.689232 10978.599293 10975.509559 10959.176683 10938.307628 10941.389976 10937.067191 10933.523177 10932.811790 10935.720441 10929.678985 10954.767981 10968.652929 10970.743877 10973.350390 10976.054924 0.000000 0.000000
0.000000 0.000000 13174.010422 13166.365578 13163.178423 13155.939277 13132.609179 13119.680198 13119.278560 13117.343126 13112.982874 13117.101416 13120.247097 13120.105398 13127.388461 13147.080659 13155.249484 13158.056953 13157.748727 0.000000 0.000000
0.000000 0.000000 15598.998471 15596.157505 15594.122438 15563.362493 15556.982298 15533.968904 15542.187550 15525.016482 15530.478737 15526.203304 15518.539955 15529.951092 15544.762125 15548.858204 15564.095507 15568.046002 15584.092199 0.000000 0.000000
0.000000 0.000000 18294.122972 18282.286120 18265.085456 18263.621284 18245.880538 18219.844289 18219.367136 18220.590914 18227.433051 18212.459602 18220.242246 18218.283544 18245.636692 18259.028174 18260.734212 18264.833491 18290.303034 0.000000 0.000000
0.000000 0.000000 21154.151825 21146.295043 21148.499934 21121.716585 21110.759292 21039.490375 21036.409474 21035.266132 21003.199183 21023.281449 21025.687627 21033.594221 21085.717972 21095.195511 21125.969506 21124.897077 21131.656081 0.000000 0.000000
0.000000 0.000000 24550.382462 24550.919332 24526.929895 24518.507450 24423.645707 24468.550264 24445.774410 24446.814084 24461.342343 24447.505785 24446.211524 24435.027916 24390.836505 24498.266962 24500.758229 24527.006306 24540.679431 0.000000 0.000000
0.000000 0.000000 28314.801285 28299.914994 28281.829296 28171.181831 28220.129005 28153.715543 28130.936118 28125.210792 28100.259162 28087.661708 28099.241825 28100.669880 28165.950997 28116.958669 28274.494410 28233.815669 28226.197459 0.000000 0.000000
0.000000 0.000000 31926.465904 31919.577532 31773.424058 31851.270670 31834.478086 31839.111215 31913.307137 31890.819250 31926.881708 31918.236943 31891.308799 31928.338835 31910.605878 31927.689388 31751.895361 31978.494107 31969.042136 0.000000 0.000000
0.000000 0.000000 35610.151607 35445.908412 35526.426124 35452.967915 35368.727943 35347.148201 35284.278820 35302.060557 35241.160971 35249.292217 35283.326539 35249.601930 35294.891802 35347.392659 35519.113768 35363.798338 35537.337601 0.000000 0.000000
0.000000 0.000000 36458.174747 36600.911800 36714.104479 36716.606592 36726.190826 36624.047906 36646.550239 36610.830787 36667.708574 36657.042981 36651.147762 36664.418400 36744.088655 36739.824409 36730.244450 36639.694220 36497.814123 0.000000 0.000000
0.000000 0.000000 0.000000 0.000000 0.000000 0.000000 0.000000 0.000000 0.000000 0.000000 0.000000 0.000000 0.000000 0.000000 0.000000 0.000000 0.000000 0.000000 0.000000 0.000000 0.000000
0.000000 0.000000 0.000000 0.000000 0.000000 0.000000 0.000000 0.000000 0.000000 0.000000 0.000000 0.000000 0.000000 0.000000 0.000000 0.000000 0.000000 0.000000 0.000000 0.000000 0.000000