geotop/1.0zi/1.0Montebello/Templates/testdem/maps/_Erotot2642.asc
ncols         21
nrows         20
xllcorner     100.000000
yllcorner     100.000000
cellsize      50.000000
NODATA_value  -9999.0
0.000000 0.000000 0.000000 0.000000 0.000000 0.000000 0.000000 0.000000 0.000000 0.000000 0.000000 0.000000 0.000000 0.000000 0.000000 0.000000 0.000000 0.000000 0.000000 0.000000 0.000000
0.000000 0.000000 247.802318 247.805016 247.809069 247.928925 247.796492 247.800664 247.775837 247.816869 247.828861 247.816869 247.775837 247.800664 247.796492 247.928925 247.809069 247.805016 247.802318 0.000000 0.000000
0.000000 0.000000 13.870028 13.648375 11.897207 13.617869 13.911446 13.897800 13.930470 13.895939 13.883494 13.895939 13.930470 13.897800 13.911446 13.617869 11.897207 13.648375 13.870028 0.000000 0.000000
0.000000 0.000000 1816.977715 1816.656604 1816.989963 1815.123409 1817.128729 1816.571002 1816.564981 1817.396021 1817.554430 1817.396021 1816.564981 1816.571002 1817.128729 1815.123409 1816.989963 1816.656604 1816.977715 0.000000 0.000000
0.000000 0.000000 3733.541578 3733.371125 3732.711962 3733.305694 3733.849271 3733.706923 3733.673210 3733.824426 3733.790609 3733.824426 3733.673210 3733.706923 3733.849271 3733.305694 3732.711962 3733.371125 3733.541578 0.000000 0.000000
0.000000 0.000000 4840.220479 4840.015330 4839.454243 4839.607524 4840.417489 4840.124004 4840.143254 4840.488973 4840.582258 4840.488973 4840.143254 4840.124004 4840.417489 4839.607524 4839.454243 4840.015330 4840.220479 0.000000 0.000000
0.000000 0.000000 6315.878703 6315.708204 6315.195365 6315.337743 6316.029447 6315.775700 6315.800329 6316.107434 6316.209591 6316.107434 6315.800329 6315.775700 6316.029447 6315.337743 6315.195365 6315.708204 6315.878703 0.000000 0.000000
0.000000 0.000000 7705.784770 7705.641783 7705.164957 7705.309524 7705.903839 7705.685860 7705.707959 7705.982770 7706.080406 7705.982770 7705.707959 7705.685860 7705.903839 7705.309524 7705.164957 7705.641783 7705.784770 0.000000 0.000000
0.000000 0.000000 8998.271251 8998.140714 8997.688464 8997.832376 8998.378016 8998.177329 8998.198019 8998.455858 8998.548948 8998.455858 8998.198019 8998.177329 8998.378016 8997.832376 8997.688464 8998.140714 8998.271251 0.000000 0.000000
0.000000 0.000000 10215.758746 10215.656826 10215.216015 10215.397930 10215.852640 10215.673486 10215.698721 10215.933075 10216.021341 10215.933075 10215.698721 10215.673486 10215.852640 10215.397930 10215.216015 10215.656826 10215.758746 0.000000 0.000000
0.000000 0.000000 11362.960086 11362.851613 11362.431237 11362.588516 11363.052974 11362.874834 11362.895922 11363.126513 11363.209535 11363.126513 11362.895922 11362.874834 11363.052974 11362.588516 11362.431237 11362.851613 11362.960086 0.000000 0.000000
0.000000 0.000000 12456.662929 12456.554366 12456.150499 12456.301623 12456.750771 12456.580318 12456.600148 12456.822717 12456.903940 12456.822717 12456.600148 12456.580318 12456.750771 12456.301623 12456.150499 12456.554366 12456.662929 0.000000 0.000000
0.000000 0.000000 13506.339939 13506.236557 13505.839715 13505.992092 13506.421024 13506.255292 13506.275200 13506.491526 13506.569299 13506.491526 13506.275200 13506.255292 13506.421024 13505.992092 13505.839715 13506.236557 13506.339939 0.000000 0.000000
0.000000 0.000000 14516.959932 14516.864453 14516.477408 14516.647681 14517.038749 14516.879931 14516.901370 14517.109019 14517.184406 14517.109019 14516.901370 14516.879931 14517.038749 14516.647681 14516.477408 14516.864453 14516.959932 0.000000 0.000000
0.000000 0.000000 15492.505721 15492.408446 15492.025853 15492.184709 15492.580436 15492.423236 15492.443231 15492.648694 15492.721809 15492.648694 15492.443231 15492.423236 15492.580436 15492.184709 15492.025853 15492.408446 15492.505721 0.000000 0.000000
0.000000 0.000000 16435.363380 16435.268390 16434.897230 16435.049146 16435.432154 16435.279861 16435.299673 16435.499472 16435.570712 16435.499472 16435.299673 16435.279861 16435.432154 16435.049146 16434.897230 16435.268390 16435.363375 0.000000 0.000000
0.000000 0.000000 17348.221520 17348.128218 17347.759862 17347.914710 17348.288158 17348.138119 17348.157386 17348.352182 17348.421172 17348.352182 17348.157386 17348.138119 17348.288158 17347.914710 17347.759862 17348.128197 17348.221099 0.000000 0.000000
0.000000 0.000000 18270.805885 18271.124071 18270.762721 18270.913255 18271.281399 18271.134841 18271.152151 18271.343210 18271.409433 18271.343210 18271.152151 18271.134841 18271.281399 18270.913254 18270.762703 18271.120550 18271.210416 0.000000 0.000000
0.000000 0.000000 0.000000 0.000000 0.000000 0.000000 0.000000 0.000000 0.000000 0.000000 0.000000 0.000000 0.000000 0.000000 0.000000 0.000000 0.000000 0.000000 0.000000 0.000000 0.000000
0.000000 0.000000 0.000000 0.000000 0.000000 0.000000 0.000000 0.000000 0.000000 0.000000 0.000000 0.000000 0.000000 0.000000 0.000000 0.000000 0.000000 0.000000 0.000000 0.000000 0.000000