geotop/1.0zi/1.0Montebello/Templates/testdem/maps/_Erotot6433.asc
ncols         21
nrows         20
xllcorner     100.000000
yllcorner     100.000000
cellsize      50.000000
NODATA_value  -9999.0
0.000000 0.000000 0.000000 0.000000 0.000000 0.000000 0.000000 0.000000 0.000000 0.000000 0.000000 0.000000 0.000000 0.000000 0.000000 0.000000 0.000000 0.000000 0.000000 0.000000 0.000000
0.000000 0.000000 492.570390 493.430316 493.153891 493.452133 492.896185 492.956617 492.914814 493.081117 493.482131 492.786451 492.714258 492.805867 492.957444 492.864628 493.592595 493.791559 493.780795 0.000000 0.000000
0.000000 0.000000 37.146143 36.004541 36.085027 36.227858 36.482894 36.294113 36.107208 35.891575 36.138585 36.468360 36.285316 36.497284 36.371747 36.122668 34.809805 34.049752 34.739907 0.000000 0.000000
0.000000 0.000000 222.429028 225.252097 215.112905 212.706023 212.936191 207.747162 207.284831 206.799068 205.189758 203.151074 205.773642 203.646665 208.464239 214.484955 216.412133 217.825637 222.885069 0.000000 0.000000
0.000000 0.000000 2084.983988 2088.422823 2093.310849 2071.850547 2056.774268 2044.904357 2047.553541 2044.565791 2048.399389 2053.043876 2049.816117 2048.430327 2058.744217 2059.909041 2068.550738 2077.120353 2078.307637 0.000000 0.000000
0.000000 0.000000 3640.167775 3634.930397 3631.696706 3626.718020 3616.129127 3608.026414 3606.552122 3606.072400 3604.314029 3601.706063 3598.738707 3601.414421 3603.856832 3620.793440 3626.229894 3630.811850 3633.270529 0.000000 0.000000
0.000000 0.000000 4813.998028 4811.584419 4807.862462 4803.057560 4789.938624 4772.407252 4771.967924 4768.499554 4770.366135 4773.196647 4775.307722 4776.367778 4797.375891 4807.167196 4812.036239 4813.663941 4819.143566 0.000000 0.000000
0.000000 0.000000 5538.819381 5540.279587 5538.326869 5531.036682 5530.084960 5522.221117 5522.771294 5523.166393 5521.830894 5519.242023 5519.011485 5523.060008 5524.072537 5527.227836 5536.581106 5534.927563 5538.837626 0.000000 0.000000
0.000000 0.000000 6551.170143 6548.326384 6543.103065 6543.501193 6535.892120 6524.380406 6525.013828 6521.836090 6519.420800 6520.325014 6521.456484 6516.706718 6531.325097 6540.315245 6543.370392 6544.666764 6546.729087 0.000000 0.000000
0.000000 0.000000 7720.142996 7717.799731 7719.082604 7717.358682 7701.196505 7693.404914 7694.393211 7693.642947 7691.362808 7694.372362 7697.935450 7696.094863 7700.689703 7712.454543 7717.216167 7717.800706 7719.049900 0.000000 0.000000
0.000000 0.000000 8982.924122 8983.315853 8982.085942 8966.566380 8963.454166 8951.465210 8955.442525 8945.497938 8948.026987 8947.032704 8942.016982 8950.078463 8955.599421 8957.619978 8965.643746 8971.804774 8980.198803 0.000000 0.000000
0.000000 0.000000 10313.469672 10309.181124 10302.883485 10300.145106 10294.681742 10278.721571 10277.303267 10276.696426 10283.224161 10275.594578 10277.823289 10277.737419 10295.191112 10299.609808 10301.763268 10302.960753 10323.621228 0.000000 0.000000
0.000000 0.000000 11669.069725 11666.299373 11666.724378 11657.832440 11653.121357 11622.197307 11620.584469 11620.078668 11604.481273 11614.106493 11618.160516 11620.891579 11640.726971 11645.518285 11661.732125 11661.051435 11668.786996 0.000000 0.000000
0.000000 0.000000 13164.302161 13165.852457 13157.335567 13155.016215 13122.451544 13131.417290 13120.244915 13121.647221 13122.932784 13122.424233 13120.454728 13116.962955 13106.728922 13142.429322 13148.772020 13160.757422 13168.807698 0.000000 0.000000
0.000000 0.000000 14793.852644 14789.262533 14784.444475 14753.570066 14753.707565 14735.814054 14721.815241 14719.785658 14714.069562 14706.671917 14711.027108 14709.362768 14727.160681 14730.519076 14780.040364 14770.108783 14770.807655 0.000000 0.000000
0.000000 0.000000 16481.352812 16480.638242 16435.112083 16436.413656 16441.129034 16432.975864 16453.168785 16444.313933 16452.059436 16446.570900 16439.991571 16451.404701 16455.748892 16455.316358 16429.370751 16492.578222 16485.753520 0.000000 0.000000
0.000000 0.000000 18425.319612 18368.238977 18367.577353 18353.594158 18321.164125 18312.850256 18301.685763 18305.758613 18287.822956 18288.962631 18296.195458 18293.963863 18308.986176 18325.468320 18366.234990 18354.404513 18418.671856 0.000000 0.000000
0.000000 0.000000 19687.192592 19712.125370 19771.478920 19763.201306 19748.983226 19699.727305 19701.471293 19684.396028 19700.766292 19697.853358 19703.395977 19700.357796 19744.034030 19756.063738 19782.227124 19722.745777 19698.937485 0.000000 0.000000
0.000000 0.000000 0.000000 0.000000 0.000000 0.000000 0.000000 0.000000 0.000000 0.000000 0.000000 0.000000 0.000000 0.000000 0.000000 0.000000 0.000000 0.000000 0.000000 0.000000 0.000000
0.000000 0.000000 0.000000 0.000000 0.000000 0.000000 0.000000 0.000000 0.000000 0.000000 0.000000 0.000000 0.000000 0.000000 0.000000 0.000000 0.000000 0.000000 0.000000 0.000000 0.000000