geotop/1.0zi/1.0Montebello/Templates/testdem/maps/_Erotot7209.asc
ncols         21
nrows         20
xllcorner     100.000000
yllcorner     100.000000
cellsize      50.000000
NODATA_value  -9999.0
0.000000 0.000000 0.000000 0.000000 0.000000 0.000000 0.000000 0.000000 0.000000 0.000000 0.000000 0.000000 0.000000 0.000000 0.000000 0.000000 0.000000 0.000000 0.000000 0.000000 0.000000
0.000000 0.000000 572.797071 573.599188 573.242565 573.454608 572.835092 572.866479 572.814311 572.916242 573.342094 572.671021 572.556126 572.640194 572.934830 572.899625 573.670057 573.939304 574.017687 0.000000 0.000000
0.000000 0.000000 45.006830 43.778535 43.810442 43.963117 44.204038 44.050458 43.793596 43.634708 43.873812 44.160012 44.171948 44.297621 44.072673 43.871585 42.588544 41.820673 42.555664 0.000000 0.000000
0.000000 0.000000 249.232652 250.917691 238.872113 236.138757 234.651589 227.763714 228.402691 226.973128 225.749845 223.548200 225.836348 225.838216 234.005715 240.106205 241.469833 243.294526 249.000631 0.000000 0.000000
0.000000 0.000000 2637.797429 2640.938915 2644.496778 2623.138777 2608.031131 2594.809026 2596.762855 2593.768269 2599.302156 2605.190181 2600.063555 2598.361363 2610.566803 2613.371618 2622.628324 2631.028091 2632.719575 0.000000 0.000000
0.000000 0.000000 4396.144764 4390.462796 4387.083286 4380.812224 4366.264567 4358.002725 4357.318940 4356.433963 4353.025274 4347.259267 4346.353950 4349.658774 4349.704614 4368.219680 4376.502157 4383.224704 4385.166816 0.000000 0.000000
0.000000 0.000000 5611.951389 5609.038280 5604.813028 5598.962613 5585.494119 5566.184481 5565.648170 5561.817358 5563.383411 5567.127730 5568.565221 5569.111387 5593.986423 5603.610280 5608.197265 5610.508707 5616.088204 0.000000 0.000000
0.000000 0.000000 6531.400082 6531.928662 6529.267935 6520.634634 6519.066251 6510.463743 6511.100209 6510.953666 6510.119120 6506.291077 6505.582174 6511.493418 6512.492621 6516.362017 6527.521555 6525.733784 6530.824115 0.000000 0.000000
0.000000 0.000000 7766.492407 7762.454908 7756.683543 7757.163239 7747.185771 7733.459767 7734.912365 7730.665459 7728.653228 7728.487686 7730.708923 7725.109367 7741.998262 7754.811308 7755.687516 7758.702303 7760.386813 0.000000 0.000000
0.000000 0.000000 9185.021087 9181.959168 9182.530321 9179.520591 9160.733177 9152.347053 9152.544292 9152.123372 9149.121112 9152.308886 9155.305945 9154.512227 9159.950090 9172.886069 9179.306289 9180.706154 9182.072385 0.000000 0.000000
0.000000 0.000000 10725.463190 10724.890988 10722.457595 10704.571590 10700.837081 10685.711439 10691.297592 10679.031127 10682.820966 10681.232854 10674.789574 10684.070300 10691.704505 10693.950864 10704.763564 10710.953942 10721.243841 0.000000 0.000000
0.000000 0.000000 12369.013001 12362.041773 12355.107057 12352.528145 12343.608965 12326.132816 12323.660805 12323.696615 12330.755657 12320.687002 12324.145772 12324.189074 12343.780786 12350.809795 12352.665213 12355.956600 12377.835322 0.000000 0.000000
0.000000 0.000000 14063.941906 14059.947153 14060.229523 14048.920001 14043.107493 14003.247453 14001.898156 14001.052393 13982.596867 13993.143720 13997.206967 14001.173888 14028.104318 14034.136650 14053.649136 14052.922383 14061.279440 0.000000 0.000000
0.000000 0.000000 15969.646097 15971.901401 15960.492227 15957.108406 15912.170284 15925.476644 15912.819023 15913.707084 15918.025667 15914.674602 15912.956069 15909.107066 15893.099455 15942.306367 15948.119092 15964.754053 15973.822490 0.000000 0.000000
0.000000 0.000000 18078.538152 18071.467144 18064.565774 18018.954293 18024.045537 18000.967489 17984.251403 17981.854601 17973.225470 17964.245445 17968.676576 17967.311718 17993.619892 17991.137228 18059.847438 18046.457815 18045.707278 0.000000 0.000000
0.000000 0.000000 20279.173967 20276.850759 20209.862035 20222.092007 20225.771280 20214.344249 20244.985956 20232.540409 20245.667921 20237.897845 20228.387583 20245.670316 20249.743420 20249.843590 20202.334395 20297.090580 20290.313097 0.000000 0.000000
0.000000 0.000000 22881.367609 22788.371215 22799.718645 22773.627115 22722.896401 22712.401584 22691.245854 22697.780634 22669.890913 22671.549121 22684.541843 22676.369386 22698.432668 22728.057953 22797.092703 22761.369281 22861.560953 0.000000 0.000000
0.000000 0.000000 24271.999654 24339.146320 24431.412275 24425.342768 24415.275226 24336.668392 24343.631254 24318.282183 24350.011664 24343.473635 24346.243228 24348.577868 24415.836142 24424.414459 24447.357773 24362.157122 24297.050693 0.000000 0.000000
0.000000 0.000000 0.000000 0.000000 0.000000 0.000000 0.000000 0.000000 0.000000 0.000000 0.000000 0.000000 0.000000 0.000000 0.000000 0.000000 0.000000 0.000000 0.000000 0.000000 0.000000
0.000000 0.000000 0.000000 0.000000 0.000000 0.000000 0.000000 0.000000 0.000000 0.000000 0.000000 0.000000 0.000000 0.000000 0.000000 0.000000 0.000000 0.000000 0.000000 0.000000 0.000000