geotop/1.0zi/1.0Montebello/Templates/testdem/maps/_Erotot2382.asc
ncols         21
nrows         20
xllcorner     100.000000
yllcorner     100.000000
cellsize      50.000000
NODATA_value  -9999.0
0.000000 0.000000 0.000000 0.000000 0.000000 0.000000 0.000000 0.000000 0.000000 0.000000 0.000000 0.000000 0.000000 0.000000 0.000000 0.000000 0.000000 0.000000 0.000000 0.000000 0.000000
0.000000 0.000000 222.865717 222.867426 222.875150 222.987796 222.857453 222.862707 222.841926 222.875875 222.853004 222.875875 222.841926 222.862707 222.857453 222.987796 222.875150 222.867426 222.865717 0.000000 0.000000
0.000000 0.000000 13.721395 13.500635 11.746152 13.473194 13.764872 13.750289 13.779217 13.750653 13.767995 13.750653 13.779217 13.750289 13.764872 13.473194 11.746152 13.500635 13.721395 0.000000 0.000000
0.000000 0.000000 1620.119966 1619.798962 1620.135144 1618.264448 1620.271166 1619.711825 1619.709811 1620.530720 1620.667691 1620.530720 1619.709811 1619.711825 1620.271166 1618.264448 1620.135144 1619.798962 1620.119966 0.000000 0.000000
0.000000 0.000000 3357.428768 3357.256714 3356.593571 3357.183992 3357.731533 3357.592012 3357.554311 3357.704772 3357.666638 3357.704772 3357.554311 3357.592012 3357.731533 3357.183992 3356.593571 3357.256714 3357.428768 0.000000 0.000000
0.000000 0.000000 4349.754752 4349.547962 4348.984207 4349.135473 4349.951446 4349.656509 4349.676229 4350.019278 4350.103219 4350.019278 4349.676229 4349.656509 4349.951446 4349.135473 4348.984207 4349.547962 4349.754751 0.000000 0.000000
0.000000 0.000000 5683.538965 5683.366847 5682.849883 5682.991535 5683.689218 5683.433946 5683.459269 5683.764211 5683.857627 5683.764211 5683.459269 5683.433946 5683.689218 5682.991535 5682.849883 5683.366847 5683.538965 0.000000 0.000000
0.000000 0.000000 6945.449463 6945.304828 6944.822708 6944.967373 6945.568218 6945.348444 6945.371162 6945.644742 6945.734755 6945.644742 6945.371162 6945.348444 6945.568218 6944.967373 6944.822708 6945.304828 6945.449463 0.000000 0.000000
0.000000 0.000000 8126.153182 8126.020596 8125.561932 8125.706505 8126.259967 8126.056985 8126.078316 8126.335948 8126.422256 8126.335948 8126.078316 8126.056985 8126.259967 8125.706505 8125.561932 8126.020596 8126.153182 0.000000 0.000000
0.000000 0.000000 9240.672602 9240.568666 9240.120243 9240.303853 9240.766659 9240.584896 9240.610888 9240.845624 9240.927673 9240.845624 9240.610888 9240.584896 9240.766659 9240.303853 9240.120243 9240.568666 9240.672602 0.000000 0.000000
0.000000 0.000000 10295.603243 10295.492454 10295.063403 10295.222962 10295.696666 10295.515365 10295.537242 10295.769061 10295.846557 10295.769061 10295.537242 10295.515365 10295.696666 10295.222962 10295.063403 10295.492454 10295.603243 0.000000 0.000000
0.000000 0.000000 11304.580914 11304.469643 11304.056125 11304.209873 11304.669529 11304.495465 11304.516105 11304.740615 11304.816764 11304.740615 11304.516105 11304.495465 11304.669529 11304.209873 11304.056125 11304.469643 11304.580914 0.000000 0.000000
0.000000 0.000000 12276.331477 12276.224926 12275.817489 12275.972963 12276.413439 12276.243673 12276.264416 12276.483371 12276.556657 12276.483371 12276.264416 12276.243673 12276.413439 12275.972963 12275.817489 12276.224926 12276.331477 0.000000 0.000000
0.000000 0.000000 13216.759283 13216.660464 13216.261719 13216.436054 13216.839036 13216.675819 13216.698187 13216.909114 13216.980552 13216.909114 13216.698187 13216.675819 13216.839036 13216.436054 13216.261719 13216.660464 13216.759283 0.000000 0.000000
0.000000 0.000000 14128.161400 14128.060697 14127.665069 14127.828493 14128.237061 14128.075024 14128.096036 14128.305524 14128.375036 14128.305524 14128.096036 14128.075024 14128.237061 14127.828493 14127.665069 14128.060697 14128.161400 0.000000 0.000000
0.000000 0.000000 15010.864635 15010.766049 15010.381299 15010.538046 15010.934651 15010.777226 15010.798067 15011.002318 15011.070342 15011.002318 15010.798067 15010.777226 15010.934651 15010.538046 15010.381299 15010.766049 15010.864630 0.000000 0.000000
0.000000 0.000000 15868.262314 15868.165184 15867.782014 15867.942038 15868.330307 15868.174545 15868.194830 15868.394705 15868.460690 15868.394705 15868.194830 15868.174545 15868.330307 15867.942038 15867.782014 15868.165163 15868.261868 0.000000 0.000000
0.000000 0.000000 16736.984744 16737.269140 16736.892282 16737.048137 16737.432522 16737.279705 16737.298051 16737.494884 16737.558329 16737.494884 16737.298051 16737.279705 16737.432522 16737.048136 16736.892264 16737.265625 16737.359584 0.000000 0.000000
0.000000 0.000000 0.000000 0.000000 0.000000 0.000000 0.000000 0.000000 0.000000 0.000000 0.000000 0.000000 0.000000 0.000000 0.000000 0.000000 0.000000 0.000000 0.000000 0.000000 0.000000
0.000000 0.000000 0.000000 0.000000 0.000000 0.000000 0.000000 0.000000 0.000000 0.000000 0.000000 0.000000 0.000000 0.000000 0.000000 0.000000 0.000000 0.000000 0.000000 0.000000 0.000000