geotop/1.0zi/1.0Montebello/Templates/testdem/maps/_Erotot125F.asc
ncols         21
nrows         20
xllcorner     100.000000
yllcorner     100.000000
cellsize      50.000000
NODATA_value  -9999.0
0.000000 0.000000 0.000000 0.000000 0.000000 0.000000 0.000000 0.000000 0.000000 0.000000 0.000000 0.000000 0.000000 0.000000 0.000000 0.000000 0.000000 0.000000 0.000000 0.000000 0.000000
0.000000 0.000000 963.067904 962.499167 961.141353 959.231240 957.875173 957.089687 957.558139 958.238459 958.152964 957.337708 957.297990 957.373854 958.950290 959.463044 962.269281 962.912838 963.496586 0.000000 0.000000
0.000000 0.000000 67.759837 68.695099 67.182925 70.114222 69.429782 68.734558 69.075449 67.899972 68.840904 71.065642 68.810006 68.854734 68.377731 67.897795 65.703355 65.018141 68.136878 0.000000 0.000000
0.000000 0.000000 915.960584 923.439700 902.623680 893.186456 896.717807 886.107570 885.673151 888.575105 880.401778 880.987118 886.063444 890.211919 893.760263 906.981542 912.365998 912.970224 917.656996 0.000000 0.000000
0.000000 0.000000 5906.866119 5892.684438 5897.376417 5854.718451 5822.690632 5805.060390 5800.126653 5794.245588 5799.041045 5805.855861 5806.618123 5795.008765 5820.514038 5827.703716 5847.586204 5861.839652 5862.794611 0.000000 0.000000
0.000000 0.000000 8261.767854 8258.678159 8248.712495 8248.680002 8219.259692 8204.947574 8207.951641 8206.546474 8198.652156 8192.176542 8190.597730 8194.385761 8196.594981 8227.976329 8227.824756 8237.328191 8238.052487 0.000000 0.000000
0.000000 0.000000 10155.978970 10150.247332 10143.898316 10128.990053 10121.441648 10075.841505 10072.694335 10068.911710 10067.350694 10070.995629 10070.282623 10071.743282 10111.152724 10116.509511 10127.822859 10133.828676 10138.177893 0.000000 0.000000
0.000000 0.000000 12366.600157 12362.375342 12353.645830 12329.095856 12317.143368 12308.685506 12305.410361 12303.482856 12299.973585 12297.356868 12295.554404 12302.731689 12301.896561 12316.415510 12335.044778 12333.261137 12339.663311 0.000000 0.000000
0.000000 0.000000 15155.315259 15147.894794 15135.033463 15127.303516 15107.101143 15076.920779 15077.427817 15072.575522 15066.994531 15065.533799 15068.463192 15060.968817 15092.472787 15112.100433 15117.162771 15123.640994 15125.941162 0.000000 0.000000
0.000000 0.000000 18494.372793 18480.655117 18471.395982 18458.835431 18438.221065 18411.499962 18405.571901 18404.187653 18394.886866 18399.771377 18406.631220 18404.399646 18415.522541 18442.691446 18454.654959 18461.572971 18460.073737 0.000000 0.000000
0.000000 0.000000 22359.626023 22350.126096 22345.391898 22295.698795 22295.572854 22253.748278 22264.491729 22239.575368 22245.371292 22240.053059 22227.113789 22242.443475 22262.329435 22271.228561 22292.840559 22299.451229 22322.484042 0.000000 0.000000
0.000000 0.000000 26824.605416 26801.297849 26769.512241 26764.981760 26748.330176 26697.917179 26685.382426 26693.139226 26695.564560 26680.239731 26688.512530 26680.594723 26722.534748 26747.490540 26750.260184 26760.150018 26793.179767 0.000000 0.000000
0.000000 0.000000 31408.063018 31389.080697 31390.293586 31355.254170 31329.721211 31209.827156 31199.567246 31194.577819 31134.554722 31175.288674 31175.498244 31187.914115 31274.249874 31287.528040 31340.685849 31346.910576 31337.420814 0.000000 0.000000
0.000000 0.000000 36039.600778 36045.792302 36004.840535 35991.809508 35859.366916 35965.026236 35929.743544 35929.354556 35960.318550 35927.737042 35924.464710 35902.640936 35811.578675 35969.092590 35958.077925 35994.506862 36012.066484 0.000000 0.000000
0.000000 0.000000 39141.688067 39130.274045 39118.623414 39035.681701 39099.482738 39036.084206 39024.626386 39021.542485 38999.856499 38994.429167 39004.464142 39006.311005 39061.371154 38987.510369 39110.524122 39076.376798 39064.850127 0.000000 0.000000
0.000000 0.000000 41022.871220 41018.524982 40960.981453 40988.657184 40989.725791 40985.332986 41015.076308 41002.527169 41015.441631 41009.500016 40999.136778 41013.966468 41009.492784 41015.159603 40945.276349 41032.356490 41024.113418 0.000000 0.000000
0.000000 0.000000 42527.376284 42478.232047 42515.355069 42483.170596 42461.158112 42457.020316 42436.778459 42443.781087 42422.153353 42425.382407 42435.257457 42427.315402 42437.429725 42442.483364 42504.952603 42446.990999 42495.031257 0.000000 0.000000
0.000000 0.000000 43101.021841 43174.270535 43200.361142 43210.527858 43221.444182 43184.142084 43200.255625 43185.206634 43209.650199 43205.332778 43201.193489 43207.248856 43236.566190 43225.711610 43201.522133 43186.654175 43117.635111 0.000000 0.000000
0.000000 0.000000 0.000000 0.000000 0.000000 0.000000 0.000000 0.000000 0.000000 0.000000 0.000000 0.000000 0.000000 0.000000 0.000000 0.000000 0.000000 0.000000 0.000000 0.000000 0.000000
0.000000 0.000000 0.000000 0.000000 0.000000 0.000000 0.000000 0.000000 0.000000 0.000000 0.000000 0.000000 0.000000 0.000000 0.000000 0.000000 0.000000 0.000000 0.000000 0.000000 0.000000