geotop/1.0zi/1.0Montebello/Templates/testdem/maps/_Erotot9112.asc
ncols         21
nrows         20
xllcorner     100.000000
yllcorner     100.000000
cellsize      50.000000
NODATA_value  -9999.0
0.000000 0.000000 0.000000 0.000000 0.000000 0.000000 0.000000 0.000000 0.000000 0.000000 0.000000 0.000000 0.000000 0.000000 0.000000 0.000000 0.000000 0.000000 0.000000 0.000000 0.000000
0.000000 0.000000 722.839750 723.517204 722.945633 723.029099 722.001236 722.125269 722.202412 722.280432 722.663105 722.026972 721.916723 721.959655 722.368462 722.507447 723.329822 723.941401 724.086870 0.000000 0.000000
0.000000 0.000000 56.422114 55.318211 55.626712 55.559611 56.372504 56.056247 55.687368 55.551146 55.753004 56.083209 56.140770 56.253919 56.013450 55.420926 54.150354 53.274409 53.891115 0.000000 0.000000
0.000000 0.000000 428.231702 430.041364 416.970706 410.739085 410.173003 404.311685 409.309616 410.987445 407.042756 405.447069 408.864795 408.371418 416.861585 425.331012 429.145068 423.562058 430.835714 0.000000 0.000000
0.000000 0.000000 3999.387545 3992.678977 3986.755668 3953.486364 3927.598286 3915.015330 3907.522604 3900.930571 3908.446088 3914.853249 3913.179054 3908.161779 3927.839052 3932.305211 3948.114920 3959.293923 3959.454640 0.000000 0.000000
0.000000 0.000000 6124.690852 6119.325417 6115.059392 6116.815647 6094.975322 6082.575829 6087.178164 6086.788114 6082.573671 6076.418554 6074.619370 6078.786911 6078.239753 6103.353536 6104.719301 6110.838679 6113.151592 0.000000 0.000000
0.000000 0.000000 7557.891627 7552.104380 7548.112825 7537.256970 7527.964646 7494.552847 7494.950283 7492.428072 7491.963559 7496.211857 7496.727947 7497.692701 7531.080828 7537.018716 7545.373309 7547.811813 7552.816784 0.000000 0.000000
0.000000 0.000000 8990.537408 8987.775203 8982.857626 8970.623060 8964.312955 8960.408004 8961.135157 8959.258805 8959.225371 8954.925693 8953.681172 8961.087500 8959.460924 8968.127196 8982.407015 8978.443394 8984.581026 0.000000 0.000000
0.000000 0.000000 10837.924233 10832.554220 10824.398121 10821.675030 10805.953415 10786.975038 10789.701127 10785.632776 10782.241914 10781.665132 10784.405854 10778.149045 10802.207264 10816.348203 10817.842911 10819.882642 10823.413991 0.000000 0.000000
0.000000 0.000000 12978.129628 12970.242501 12968.262418 12961.506606 12937.328511 12926.233677 12925.539715 12924.327369 12920.037844 12924.315669 12927.290508 12926.914693 12934.215410 12953.123465 12960.819415 12963.098770 12962.300404 0.000000 0.000000
0.000000 0.000000 15352.301961 15349.459369 15345.202713 15316.756037 15309.988785 15289.130882 15297.341814 15279.945090 15285.691577 15281.716592 15273.939156 15284.934465 15299.372444 15302.887052 15318.188949 15321.751560 15336.776617 0.000000 0.000000
0.000000 0.000000 17982.542501 17972.215863 17956.184963 17953.066068 17935.979390 17912.674617 17910.478412 17913.938948 17919.639099 17906.462630 17913.641382 17911.401238 17938.056882 17950.883240 17951.169538 17954.927851 17980.566705 0.000000 0.000000
0.000000 0.000000 20772.136116 20761.063373 20763.376384 20739.396098 20729.492973 20660.565272 20657.981476 20656.801558 20626.292529 20645.610766 20647.868141 20655.251024 20705.864348 20714.747029 20745.601678 20742.454569 20749.039480 0.000000 0.000000
0.000000 0.000000 24071.481484 24072.464939 24048.819595 24041.408208 23948.815926 23991.028456 23970.191548 23971.870675 23985.868561 23973.117782 23971.660342 23960.127768 23920.274505 24023.003939 24024.853767 24050.104580 24063.562557 0.000000 0.000000
0.000000 0.000000 27749.143692 27732.973468 27715.475627 27608.313604 27653.130536 27590.901144 27568.239544 27563.462991 27539.683410 27527.627105 27538.427457 27539.348121 27602.831441 27558.972740 27709.954994 27669.282494 27661.950469 0.000000 0.000000
0.000000 0.000000 31324.139879 31317.046918 31172.851665 31245.934346 31230.772883 31235.151579 31307.023635 31285.501717 31320.849460 31312.549180 31286.026738 31322.060377 31306.947499 31322.819764 31154.438548 31375.219456 31365.597084 0.000000 0.000000
0.000000 0.000000 35062.669371 34893.238983 34972.099444 34897.877517 34811.339582 34790.582093 34726.820571 34745.488290 34683.766807 34692.095089 34726.659172 34691.871791 34737.919158 34791.827770 34966.008242 34811.213539 34989.069654 0.000000 0.000000
0.000000 0.000000 35909.330499 36061.089093 36179.132540 36182.445427 36194.283046 36087.393549 36112.105227 36074.721165 36135.779341 36124.774364 36117.461884 36132.164827 36216.166014 36209.971094 36197.739268 36104.402175 35952.866893 0.000000 0.000000
0.000000 0.000000 0.000000 0.000000 0.000000 0.000000 0.000000 0.000000 0.000000 0.000000 0.000000 0.000000 0.000000 0.000000 0.000000 0.000000 0.000000 0.000000 0.000000 0.000000 0.000000
0.000000 0.000000 0.000000 0.000000 0.000000 0.000000 0.000000 0.000000 0.000000 0.000000 0.000000 0.000000 0.000000 0.000000 0.000000 0.000000 0.000000 0.000000 0.000000 0.000000 0.000000