geotop/1.0zi/1.0Montebello/Templates/testdem/maps/_Erotot1510.asc
ncols         21
nrows         20
xllcorner     100.000000
yllcorner     100.000000
cellsize      50.000000
NODATA_value  -9999.0
0.000000 0.000000 0.000000 0.000000 0.000000 0.000000 0.000000 0.000000 0.000000 0.000000 0.000000 0.000000 0.000000 0.000000 0.000000 0.000000 0.000000 0.000000 0.000000 0.000000 0.000000
0.000000 0.000000 169.925187 169.926652 169.961682 169.937547 169.917695 169.926707 169.928344 169.922855 169.923578 169.922855 169.928344 169.926707 169.917695 169.937547 169.961682 169.926652 169.925187 0.000000 0.000000
0.000000 0.000000 10.140030 9.920244 8.143640 10.000684 10.183305 10.166277 10.175557 10.183596 10.181405 10.183596 10.175557 10.166277 10.183305 10.000684 8.143640 9.920244 10.140030 0.000000 0.000000
0.000000 0.000000 1191.416649 1191.201706 1191.374853 1189.395909 1191.724806 1191.305051 1191.253959 1191.852619 1191.808277 1191.852619 1191.253959 1191.305051 1191.724806 1189.395909 1191.374853 1191.201706 1191.416649 0.000000 0.000000
0.000000 0.000000 2225.672011 2225.458262 2224.863327 2225.559098 2226.009670 2225.813452 2225.769040 2225.924581 2225.877994 2225.924581 2225.769040 2225.813452 2226.009670 2225.559098 2224.863327 2225.458262 2225.672011 0.000000 0.000000
0.000000 0.000000 2917.955164 2917.784596 2917.171491 2917.370326 2918.276433 2918.026419 2918.000062 2918.241587 2918.217873 2918.241587 2918.000062 2918.026419 2918.276433 2917.370326 2917.171491 2917.784596 2917.955164 0.000000 0.000000
0.000000 0.000000 3806.131691 3805.994226 3805.424936 3805.618855 3806.397861 3806.184163 3806.168609 3806.369227 3806.349267 3806.369227 3806.168609 3806.184163 3806.397861 3805.618855 3805.424936 3805.994226 3806.131691 0.000000 0.000000
0.000000 0.000000 4649.052951 4648.939105 4648.403693 4648.594719 4649.277337 4649.094191 4649.080478 4649.256118 4649.237067 4649.256118 4649.080478 4649.094191 4649.277337 4648.594719 4648.403693 4648.939105 4649.052951 0.000000 0.000000
0.000000 0.000000 5445.852837 5445.747109 5445.233215 5445.418057 5446.058310 5445.887835 5445.875705 5446.042091 5446.024465 5446.042091 5445.875705 5445.887835 5446.058310 5445.418057 5445.233215 5445.747109 5445.852837 0.000000 0.000000
0.000000 0.000000 6206.211432 6206.132559 6205.626129 6205.846961 6206.398980 6206.247227 6206.242000 6206.390119 6206.372398 6206.390119 6206.242000 6206.247227 6206.398980 6205.846961 6205.626129 6206.132559 6206.211432 0.000000 0.000000
0.000000 0.000000 6934.225152 6934.136718 6933.646086 6933.839693 6934.408444 6934.254816 6934.246563 6934.396194 6934.377522 6934.396194 6934.246563 6934.254816 6934.408444 6933.839693 6933.646086 6934.136718 6934.225152 0.000000 0.000000
0.000000 0.000000 7637.243347 7637.152324 7636.674704 7636.858294 7637.418173 7637.268903 7637.261400 7637.408701 7637.391228 7637.408701 7637.261400 7637.268903 7637.418173 7636.858294 7636.674704 7637.152324 7637.243347 0.000000 0.000000
0.000000 0.000000 8322.828717 8322.740029 8322.265849 8322.450040 8322.995237 8322.848653 8322.841742 8322.986272 8322.968288 8322.986272 8322.841742 8322.848653 8322.995237 8322.450040 8322.265849 8322.740029 8322.828717 0.000000 0.000000
0.000000 0.000000 8989.917735 8989.835593 8989.366644 8989.570121 8990.080076 8989.938281 8989.933893 8990.073285 8990.054823 8990.073285 8989.933893 8989.938281 8990.080076 8989.570121 8989.366644 8989.835593 8989.917735 0.000000 0.000000
0.000000 0.000000 9642.537093 9642.452096 9641.981627 9642.174091 9642.693844 9642.551704 9642.546290 9642.687129 9642.668195 9642.687129 9642.546290 9642.551704 9642.693844 9642.174091 9641.981627 9642.452096 9642.537093 0.000000 0.000000
0.000000 0.000000 10281.717348 10281.633189 10281.172192 10281.356964 10281.867859 10281.729157 10281.723845 10281.861350 10281.842655 10281.861350 10281.723845 10281.729157 10281.867859 10281.356964 10281.172192 10281.633189 10281.717345 0.000000 0.000000
0.000000 0.000000 10906.512755 10906.429213 10905.965254 10906.153116 10906.660795 10906.520782 10906.515350 10906.651799 10906.632175 10906.651799 10906.515350 10906.520782 10906.660795 10906.153116 10905.965253 10906.429194 10906.512449 0.000000 0.000000
0.000000 0.000000 11550.638691 11550.864965 11550.407184 11550.586549 11551.096032 11550.955005 11550.949692 11551.088193 11551.068438 11551.088193 11550.949692 11550.955005 11551.096032 11550.586548 11550.407166 11550.861827 11550.945488 0.000000 0.000000
0.000000 0.000000 0.000000 0.000000 0.000000 0.000000 0.000000 0.000000 0.000000 0.000000 0.000000 0.000000 0.000000 0.000000 0.000000 0.000000 0.000000 0.000000 0.000000 0.000000 0.000000
0.000000 0.000000 0.000000 0.000000 0.000000 0.000000 0.000000 0.000000 0.000000 0.000000 0.000000 0.000000 0.000000 0.000000 0.000000 0.000000 0.000000 0.000000 0.000000 0.000000 0.000000