geotop/1.0zi/1.0Montebello/Templates/testdem/maps/_Erotot6987.asc
ncols         21
nrows         20
xllcorner     100.000000
yllcorner     100.000000
cellsize      50.000000
NODATA_value  -9999.0
0.000000 0.000000 0.000000 0.000000 0.000000 0.000000 0.000000 0.000000 0.000000 0.000000 0.000000 0.000000 0.000000 0.000000 0.000000 0.000000 0.000000 0.000000 0.000000 0.000000 0.000000
0.000000 0.000000 565.818744 566.622755 566.271708 566.501256 565.883921 565.856063 565.873030 565.975675 566.402282 565.728766 565.613185 565.699542 565.983655 565.948296 566.701568 566.976098 567.045008 0.000000 0.000000
0.000000 0.000000 44.443208 43.239114 43.203685 43.355054 43.589401 43.444932 43.183394 43.027274 43.265548 43.554360 43.487695 43.682921 43.460108 43.261410 41.975805 41.250684 41.994595 0.000000 0.000000
0.000000 0.000000 234.310446 236.328545 224.867948 222.274886 220.991278 214.036249 214.906821 213.678366 212.634061 210.071570 212.139105 211.981342 220.482317 226.461962 227.577145 229.373115 235.014972 0.000000 0.000000
0.000000 0.000000 2437.342131 2440.614865 2443.864018 2422.819352 2408.173447 2395.279508 2397.258856 2394.175721 2399.651551 2406.040094 2400.707235 2398.982432 2410.434560 2413.137075 2421.654994 2429.184425 2431.159788 0.000000 0.000000
0.000000 0.000000 4205.814787 4200.180030 4196.891262 4190.694652 4176.633808 4168.605014 4167.968621 4167.092147 4163.690133 4157.835203 4156.932331 4160.270590 4160.191086 4178.171710 4186.432326 4193.187989 4195.105268 0.000000 0.000000
0.000000 0.000000 5395.458234 5392.671546 5388.507978 5382.792258 5369.527949 5350.874986 5350.397561 5346.601592 5348.163919 5351.953840 5353.295529 5353.825347 5378.024274 5387.510451 5391.886885 5394.016405 5399.612352 0.000000 0.000000
0.000000 0.000000 6261.490307 6262.166517 6259.577949 6251.123414 6249.870060 6241.486284 6242.158720 6242.075321 6241.244554 6237.466119 6236.641425 6242.501583 6243.317703 6246.940282 6257.822721 6255.832880 6260.931524 0.000000 0.000000
0.000000 0.000000 7437.320719 7433.473610 7427.823955 7428.453259 7418.867438 7405.533510 7407.037459 7402.862360 7400.857898 7400.767279 7402.847970 7397.257395 7413.719962 7426.186895 7426.797866 7429.563736 7431.276906 0.000000 0.000000
0.000000 0.000000 8788.727682 8785.859053 8786.479558 8783.661615 8765.400766 8757.416611 8757.687511 8757.284236 8754.311092 8757.555900 8760.379076 8759.582196 8764.615386 8777.156078 8783.248975 8784.416517 8785.813924 0.000000 0.000000
0.000000 0.000000 10254.843531 10254.433544 10252.118925 10234.651076 10231.265100 10216.682147 10222.243728 10210.220893 10213.936552 10212.468396 10206.011773 10215.079722 10222.295204 10224.272371 10234.699389 10240.534405 10250.720409 0.000000 0.000000
0.000000 0.000000 11812.445552 11805.799242 11799.079457 11796.680839 11788.293307 11771.481088 11769.182588 11769.154011 11776.066054 11766.333319 11769.525952 11769.608672 11788.384674 11794.984141 11796.568090 11799.589799 11821.034695 0.000000 0.000000
0.000000 0.000000 13413.798734 13410.080756 13410.377172 13399.483069 13394.154040 13356.673553 13355.419178 13354.646491 13336.828722 13347.036312 13350.853188 13354.639317 13379.670108 13385.260255 13403.937783 13402.964525 13411.459044 0.000000 0.000000
0.000000 0.000000 15204.493344 15206.861751 15195.918424 15192.736232 15151.298716 15163.132088 15151.113262 15151.931738 15155.813512 15152.855525 15151.133343 15147.489286 15132.692543 15178.380275 15183.878027 15199.526914 15208.400872 0.000000 0.000000
0.000000 0.000000 17177.691911 17171.008964 17164.561822 17123.368646 17126.802608 17105.612614 17089.568527 17087.407611 17079.407542 17070.980093 17074.764053 17073.428640 17097.738758 17096.829978 17159.847305 17147.332019 17146.923084 0.000000 0.000000
0.000000 0.000000 19232.938673 19230.963919 19170.354403 19179.107599 19183.151664 19171.748946 19199.710022 19187.895732 19199.593375 19192.149646 19183.615767 19199.271170 19203.681321 19203.781189 19162.903559 19247.858615 19241.451222 0.000000 0.000000
0.000000 0.000000 21648.383989 21566.325222 21573.280374 21550.927918 21505.608395 21496.444068 21478.628931 21484.265348 21459.616327 21460.851924 21471.664541 21465.646980 21485.126089 21510.771741 21570.582145 21542.960653 21632.021428 0.000000 0.000000
0.000000 0.000000 23023.794275 23077.106834 23159.581396 23152.751882 23140.918706 23071.155797 23076.308245 23053.548996 23080.251222 23074.658827 23078.237430 23078.878606 23138.990830 23148.831596 23173.440634 23095.165885 23043.973551 0.000000 0.000000
0.000000 0.000000 0.000000 0.000000 0.000000 0.000000 0.000000 0.000000 0.000000 0.000000 0.000000 0.000000 0.000000 0.000000 0.000000 0.000000 0.000000 0.000000 0.000000 0.000000 0.000000
0.000000 0.000000 0.000000 0.000000 0.000000 0.000000 0.000000 0.000000 0.000000 0.000000 0.000000 0.000000 0.000000 0.000000 0.000000 0.000000 0.000000 0.000000 0.000000 0.000000 0.000000