geotop/1.0zi/1.0Montebello/Templates/testdem/maps/_Erotot0850.asc
ncols         21
nrows         20
xllcorner     100.000000
yllcorner     100.000000
cellsize      50.000000
NODATA_value  -9999.0
0.000000 0.000000 0.000000 0.000000 0.000000 0.000000 0.000000 0.000000 0.000000 0.000000 0.000000 0.000000 0.000000 0.000000 0.000000 0.000000 0.000000 0.000000 0.000000 0.000000 0.000000
0.000000 0.000000 70.144419 70.145601 70.179819 70.153078 70.140609 70.145620 70.146841 70.142856 70.143280 70.142856 70.146841 70.145620 70.140609 70.153078 70.179819 70.145601 70.144419 0.000000 0.000000
0.000000 0.000000 7.294203 7.077030 5.303761 7.162943 7.322943 7.319225 7.333730 7.342020 7.341640 7.342020 7.333730 7.319225 7.322943 7.162943 5.303761 7.077030 7.294203 0.000000 0.000000
0.000000 0.000000 675.890420 675.448768 675.696069 673.383520 675.862719 675.702958 675.540801 675.812226 675.747262 675.812226 675.540801 675.702958 675.862719 673.383520 675.696069 675.448768 675.890420 0.000000 0.000000
0.000000 0.000000 1209.134934 1208.866725 1208.165676 1208.824470 1209.254491 1209.118678 1209.065492 1209.176502 1209.164454 1209.176502 1209.065492 1209.118678 1209.254491 1208.824470 1208.165676 1208.866725 1209.134934 0.000000 0.000000
0.000000 0.000000 1620.203587 1619.927248 1619.268824 1619.326814 1620.237103 1620.149008 1620.092727 1620.205589 1620.187851 1620.205589 1620.092727 1620.149008 1620.237103 1619.326814 1619.268824 1619.927248 1620.203587 0.000000 0.000000
0.000000 0.000000 2133.383097 2133.157838 2132.552672 2132.627588 2133.397743 2133.339103 2133.298593 2133.389880 2133.372560 2133.389880 2133.298593 2133.339103 2133.397743 2132.627588 2132.552672 2133.157838 2133.383097 0.000000 0.000000
0.000000 0.000000 2623.632080 2623.433448 2622.867155 2622.950857 2623.634330 2623.593523 2623.559762 2623.637521 2623.622195 2623.637521 2623.559762 2623.593523 2623.634330 2622.950857 2622.867155 2623.433448 2623.632080 0.000000 0.000000
0.000000 0.000000 3089.133464 3088.948326 3088.407455 3088.490786 3089.130760 3089.097425 3089.067089 3089.137706 3089.123179 3089.137706 3089.067089 3089.097425 3089.130760 3088.490786 3088.407455 3088.948326 3089.133464 0.000000 0.000000
0.000000 0.000000 3536.018188 3535.862423 3535.330289 3535.453946 3536.007844 3535.989447 3535.966597 3536.022145 3536.008068 3536.022145 3535.966597 3535.989447 3536.007844 3535.453946 3535.330289 3535.862423 3536.018188 0.000000 0.000000
0.000000 0.000000 3967.645074 3967.479324 3966.963745 3967.061783 3967.636112 3967.613474 3967.588014 3967.647036 3967.632430 3967.647036 3967.588014 3967.613474 3967.636112 3967.061783 3966.963745 3967.479324 3967.645074 0.000000 0.000000
0.000000 0.000000 4386.619317 4386.450500 4385.946773 4386.035579 4386.606275 4386.585671 4386.560837 4386.619652 4386.606355 4386.619652 4386.560837 4386.585671 4386.606275 4386.035579 4385.946773 4386.450500 4386.619317 0.000000 0.000000
0.000000 0.000000 4795.891125 4795.724031 4795.225864 4795.316325 4795.876171 4795.856690 4795.832465 4795.890006 4795.876728 4795.890006 4795.832465 4795.856690 4795.876171 4795.316325 4795.225864 4795.724031 4795.891125 0.000000 0.000000
0.000000 0.000000 5198.398990 5198.237733 5197.743987 5197.855586 5198.381582 5198.366789 5198.345018 5198.397725 5198.384380 5198.397725 5198.345018 5198.366789 5198.381582 5197.855586 5197.743987 5198.237733 5198.398990 0.000000 0.000000
0.000000 0.000000 5595.269774 5595.104659 5594.611198 5594.711395 5595.251224 5595.236104 5595.213403 5595.268163 5595.254303 5595.268163 5595.213403 5595.236104 5595.251224 5594.711395 5594.611198 5595.104659 5595.269774 0.000000 0.000000
0.000000 0.000000 5987.590382 5987.427693 5986.944777 5987.039662 5987.571924 5987.558373 5987.536117 5987.589601 5987.575217 5987.589601 5987.536117 5987.558373 5987.571924 5987.039662 5986.944777 5987.427693 5987.590379 0.000000 0.000000
0.000000 0.000000 6373.532289 6373.366998 6372.881944 6372.978006 6373.513320 6373.498221 6373.475548 6373.530308 6373.515588 6373.530308 6373.475548 6373.498221 6373.513320 6372.978006 6372.881944 6373.366983 6373.531919 0.000000 0.000000
0.000000 0.000000 6772.381054 6772.389599 6771.906875 6771.992411 6772.536388 6772.520285 6772.497201 6772.553479 6772.538620 6772.553479 6772.497201 6772.520285 6772.536388 6771.992411 6771.906860 6772.387273 6772.555282 0.000000 0.000000
0.000000 0.000000 0.000000 0.000000 0.000000 0.000000 0.000000 0.000000 0.000000 0.000000 0.000000 0.000000 0.000000 0.000000 0.000000 0.000000 0.000000 0.000000 0.000000 0.000000 0.000000
0.000000 0.000000 0.000000 0.000000 0.000000 0.000000 0.000000 0.000000 0.000000 0.000000 0.000000 0.000000 0.000000 0.000000 0.000000 0.000000 0.000000 0.000000 0.000000 0.000000 0.000000