geotop/1.0zi/1.0Montebello/Templates/testdem/maps/_Erotot8345.asc
ncols         21
nrows         20
xllcorner     100.000000
yllcorner     100.000000
cellsize      50.000000
NODATA_value  -9999.0
0.000000 0.000000 0.000000 0.000000 0.000000 0.000000 0.000000 0.000000 0.000000 0.000000 0.000000 0.000000 0.000000 0.000000 0.000000 0.000000 0.000000 0.000000 0.000000 0.000000 0.000000
0.000000 0.000000 680.555563 681.352664 680.801467 680.905666 679.893781 680.051675 680.038527 680.101657 680.534683 679.860020 679.738383 679.790465 680.166657 680.321966 681.158696 681.707471 681.923812 0.000000 0.000000
0.000000 0.000000 52.623386 51.640150 51.881993 51.945655 52.579669 52.257203 51.963831 51.826197 52.055283 52.414538 52.434064 52.583555 52.338339 51.827185 50.554602 49.700035 50.224401 0.000000 0.000000
0.000000 0.000000 354.823241 355.958176 343.590089 338.335270 338.897983 327.584953 327.677799 328.524605 324.868427 323.084999 325.238169 325.382926 335.644035 342.712107 347.317737 350.217933 355.435367 0.000000 0.000000
0.000000 0.000000 3390.746088 3393.234035 3397.068493 3374.104684 3354.509401 3342.601764 3340.442051 3336.102740 3342.969575 3348.344345 3343.805383 3342.471786 3357.556939 3361.944192 3374.246992 3384.869775 3384.719405 0.000000 0.000000
0.000000 0.000000 5399.096489 5393.667546 5389.409070 5383.101829 5367.077787 5357.257486 5358.832578 5357.648475 5354.414060 5348.508631 5347.536193 5350.739118 5350.490291 5370.943301 5378.357677 5384.466748 5387.494409 0.000000 0.000000
0.000000 0.000000 6719.977588 6717.002217 6712.457126 6705.441541 6691.375483 6668.577083 6667.428724 6663.648911 6665.101803 6668.835585 6670.343907 6670.862685 6699.389809 6709.732474 6715.550063 6718.476262 6723.773770 0.000000 0.000000
0.000000 0.000000 7928.176700 7928.510924 7925.585091 7915.361773 7912.381560 7902.358443 7902.357562 7902.214998 7901.245639 7897.274211 7896.562810 7902.861231 7905.140866 7910.587375 7923.593456 7922.365267 7927.507271 0.000000 0.000000
0.000000 0.000000 9509.019211 9504.510904 9498.169281 9497.553598 9485.795364 9469.613208 9470.686335 9466.095346 9464.051904 9463.763974 9466.268226 9460.457699 9479.811257 9494.473026 9496.891853 9500.996937 9502.475509 0.000000 0.000000
0.000000 0.000000 11319.210409 11315.786641 11316.101190 11311.381687 11290.021704 11279.407154 11278.731367 11278.549760 11275.063898 11278.579913 11281.792189 11281.085246 11288.585931 11303.947873 11312.334081 11314.752730 11315.931391 0.000000 0.000000
0.000000 0.000000 13311.645474 13310.935760 13307.993395 13286.739396 13280.209265 13263.126908 13268.835467 13255.029589 13259.351013 13257.464820 13250.222379 13260.654529 13270.864337 13274.445383 13288.003883 13295.800173 13306.941235 0.000000 0.000000
0.000000 0.000000 15483.637796 15475.387200 15466.943404 15463.162649 15451.682989 15430.011673 15425.723380 15426.738948 15434.416112 15422.740200 15427.265116 15426.922633 15451.215278 15461.045099 15464.653036 15469.232969 15493.738929 0.000000 0.000000
0.000000 0.000000 17757.918712 17753.046172 17753.719646 17738.681238 17730.639229 17675.854147 17673.844766 17672.765477 17649.553485 17663.242724 17667.686817 17672.945794 17711.304512 17719.756915 17745.413875 17745.593189 17752.845856 0.000000 0.000000
0.000000 0.000000 20388.619055 20391.568519 20376.837619 20371.752080 20304.161892 20328.893254 20311.046314 20312.632052 20321.001320 20314.927213 20312.220342 20306.590726 20281.611091 20354.438410 20361.379629 20384.365321 20394.899184 0.000000 0.000000
0.000000 0.000000 23356.628469 23347.713840 23338.014252 23261.036517 23281.586674 23242.593509 23221.590820 23217.717267 23203.480572 23191.875733 23199.662887 23198.517679 23241.147684 23224.213993 23333.701078 23311.579331 23308.074600 0.000000 0.000000
0.000000 0.000000 26430.513794 26427.483357 26317.117354 26358.390290 26356.745412 26349.101426 26399.815521 26383.459796 26408.179425 26399.793075 26381.174588 26409.974259 26407.768994 26410.790438 26308.118735 26473.987186 26464.949079 0.000000 0.000000
0.000000 0.000000 30055.637767 29897.083116 29950.282921 29893.430226 29810.972089 29792.880351 29742.899092 29757.293924 29705.048973 29710.967022 29739.310686 29713.276164 29752.270935 29805.805933 29948.030397 29838.627455 30008.290711 0.000000 0.000000
0.000000 0.000000 31192.469233 31356.542520 31493.714773 31501.377470 31513.517727 31391.640034 31415.642043 31374.205903 31440.814994 31428.919867 31421.503845 31437.978585 31536.351299 31528.987004 31520.282726 31414.980227 31252.326029 0.000000 0.000000
0.000000 0.000000 0.000000 0.000000 0.000000 0.000000 0.000000 0.000000 0.000000 0.000000 0.000000 0.000000 0.000000 0.000000 0.000000 0.000000 0.000000 0.000000 0.000000 0.000000 0.000000
0.000000 0.000000 0.000000 0.000000 0.000000 0.000000 0.000000 0.000000 0.000000 0.000000 0.000000 0.000000 0.000000 0.000000 0.000000 0.000000 0.000000 0.000000 0.000000 0.000000 0.000000