geotop/1.0zi/1.0Montebello/Templates/testdem/maps/_Erotot0799.asc
ncols         21
nrows         20
xllcorner     100.000000
yllcorner     100.000000
cellsize      50.000000
NODATA_value  -9999.0
0.000000 0.000000 0.000000 0.000000 0.000000 0.000000 0.000000 0.000000 0.000000 0.000000 0.000000 0.000000 0.000000 0.000000 0.000000 0.000000 0.000000 0.000000 0.000000 0.000000 0.000000
0.000000 0.000000 59.159377 59.160328 59.193867 59.164948 59.158531 59.160296 59.161068 59.158670 59.158876 59.158670 59.161068 59.160296 59.158531 59.164948 59.193867 59.160328 59.159377 0.000000 0.000000
0.000000 0.000000 6.421412 6.204437 4.432182 6.297775 6.463897 6.448701 6.464820 6.469030 6.468562 6.469030 6.464820 6.448701 6.463897 6.297775 4.432182 6.204437 6.421412 0.000000 0.000000
0.000000 0.000000 665.312140 664.869425 665.118703 662.826693 665.289912 665.163439 664.998111 665.283906 665.221680 665.283906 664.998111 665.163439 665.289912 662.826693 665.118703 664.869425 665.312140 0.000000 0.000000
0.000000 0.000000 1118.228277 1117.963306 1117.260617 1117.892378 1118.275542 1118.206348 1118.143338 1118.265171 1118.257383 1118.265171 1118.143338 1118.206348 1118.275542 1117.892378 1117.260617 1117.963306 1118.228277 0.000000 0.000000
0.000000 0.000000 1503.109615 1502.834554 1502.175392 1502.228849 1503.112816 1503.066545 1503.006271 1503.134711 1503.115988 1503.134711 1503.006271 1503.066545 1503.112816 1502.228849 1502.175392 1502.834554 1503.109615 0.000000 0.000000
0.000000 0.000000 1976.035552 1975.811685 1975.205225 1975.274011 1976.017551 1976.001147 1975.955491 1976.056919 1976.041142 1976.056919 1975.955491 1976.001147 1976.017551 1975.274011 1975.205225 1975.811685 1976.035552 0.000000 0.000000
0.000000 0.000000 2429.840159 2429.642617 2429.074707 2429.153993 2429.814639 2429.810714 2429.772356 2429.858944 2429.844991 2429.858944 2429.772356 2429.810714 2429.814639 2429.153993 2429.074707 2429.642617 2429.840159 0.000000 0.000000
0.000000 0.000000 2863.010151 2862.825913 2862.283126 2862.362581 2862.981162 2862.982758 2862.947968 2863.026855 2863.013616 2863.026855 2862.947968 2862.982758 2862.981162 2862.362581 2862.283126 2862.825913 2863.010151 0.000000 0.000000
0.000000 0.000000 3279.710160 3279.555170 3279.020819 3279.141476 3279.675436 3279.689945 3279.662807 3279.726142 3279.713284 3279.726142 3279.662807 3279.689945 3279.675436 3279.141476 3279.020819 3279.555170 3279.710160 0.000000 0.000000
0.000000 0.000000 3682.798299 3682.633121 3682.115073 3682.210884 3682.766065 3682.775241 3682.745613 3682.812048 3682.798597 3682.812048 3682.745613 3682.775241 3682.766065 3682.210884 3682.115073 3682.633121 3682.798299 0.000000 0.000000
0.000000 0.000000 4075.618460 4075.450004 4074.943568 4075.030662 4075.583707 4075.593332 4075.564407 4075.630394 4075.618216 4075.630394 4075.564407 4075.593332 4075.583707 4075.030662 4074.943568 4075.450004 4075.618460 0.000000 0.000000
0.000000 0.000000 4460.221979 4460.055051 4459.553954 4459.643122 4460.186215 4460.195795 4460.167592 4460.232001 4460.219799 4460.232001 4460.167592 4460.195795 4460.186215 4459.643122 4459.553954 4460.055051 4460.221979 0.000000 0.000000
0.000000 0.000000 4839.194870 4839.033700 4838.536802 4838.647698 4839.157715 4839.171025 4839.145309 4839.204747 4839.192450 4839.204747 4839.145309 4839.171025 4839.157715 4838.647698 4838.536802 4839.033700 4839.194870 0.000000 0.000000
0.000000 0.000000 5213.203100 5213.037976 5212.541070 5212.640977 5213.165837 5213.177814 5213.151213 5213.212559 5213.199696 5213.212559 5213.151213 5213.177814 5213.165837 5212.640977 5212.541070 5213.037976 5213.203100 0.000000 0.000000
0.000000 0.000000 5583.207492 5583.044743 5582.558304 5582.653129 5583.170858 5583.183827 5583.157698 5583.217628 5583.204196 5583.217628 5583.157698 5583.183827 5583.170858 5582.653129 5582.558304 5583.044743 5583.207488 0.000000 0.000000
0.000000 0.000000 5947.724713 5947.559094 5947.070212 5947.166367 5947.688021 5947.698732 5947.672186 5947.733357 5947.719564 5947.733357 5947.672186 5947.698732 5947.688021 5947.166366 5947.070212 5947.559080 5947.724293 0.000000 0.000000
0.000000 0.000000 6322.063622 6322.046856 6321.560161 6321.645561 6322.176475 6322.186090 6322.159046 6322.221822 6322.207893 6322.221822 6322.159046 6322.186090 6322.176475 6321.645561 6321.560147 6322.044625 6322.213064 0.000000 0.000000
0.000000 0.000000 0.000000 0.000000 0.000000 0.000000 0.000000 0.000000 0.000000 0.000000 0.000000 0.000000 0.000000 0.000000 0.000000 0.000000 0.000000 0.000000 0.000000 0.000000 0.000000
0.000000 0.000000 0.000000 0.000000 0.000000 0.000000 0.000000 0.000000 0.000000 0.000000 0.000000 0.000000 0.000000 0.000000 0.000000 0.000000 0.000000 0.000000 0.000000 0.000000 0.000000