geotop/1.0zi/1.0Montebello/Templates/testdem/maps/_Erotot3259.asc
ncols         21
nrows         20
xllcorner     100.000000
yllcorner     100.000000
cellsize      50.000000
NODATA_value  -9999.0
0.000000 0.000000 0.000000 0.000000 0.000000 0.000000 0.000000 0.000000 0.000000 0.000000 0.000000 0.000000 0.000000 0.000000 0.000000 0.000000 0.000000 0.000000 0.000000 0.000000 0.000000
0.000000 0.000000 354.995164 354.998017 355.001571 355.120366 354.989526 354.993968 354.967786 355.008348 355.023481 355.008348 354.967786 354.993968 354.989526 355.120366 355.001571 354.998017 354.995164 0.000000 0.000000
0.000000 0.000000 11.751934 11.513221 9.756630 11.437950 11.751816 11.678818 11.797528 11.692679 12.059457 11.692679 11.797528 11.678818 11.751816 11.437950 9.756630 11.513221 11.751934 0.000000 0.000000
0.000000 0.000000 2586.216337 2585.878513 2586.036620 2584.202960 2586.092864 2585.583162 2585.536657 2586.349254 2586.487327 2586.349254 2585.536657 2585.583162 2586.092864 2584.202960 2586.036620 2585.878513 2586.216337 0.000000 0.000000
0.000000 0.000000 4879.652254 4879.462687 4878.790038 4879.367768 4879.909059 4879.766471 4879.760415 4879.860869 4879.890569 4879.860869 4879.760415 4879.766471 4879.909059 4879.367768 4878.790038 4879.462687 4879.652254 0.000000 0.000000
0.000000 0.000000 6313.966899 6313.735615 6313.121978 6313.256815 6314.033759 6313.753812 6313.798384 6314.081695 6314.311105 6314.081695 6313.798384 6313.753812 6314.033759 6313.256815 6313.121978 6313.735615 6313.966899 0.000000 0.000000
0.000000 0.000000 8131.291692 8131.097681 8130.537688 8130.656943 8131.317654 8131.080632 8131.125127 8131.370179 8131.596363 8131.370179 8131.125127 8131.080632 8131.317654 8130.656943 8130.537688 8131.097681 8131.291692 0.000000 0.000000
0.000000 0.000000 9813.809024 9813.645807 9813.131558 9813.254208 9813.812253 9813.612807 9813.653999 9813.869642 9814.072593 9813.869642 9813.653999 9813.612807 9813.812253 9813.254208 9813.131558 9813.645807 9813.809024 0.000000 0.000000
0.000000 0.000000 11364.978341 11364.831255 11364.347546 11364.468898 11364.977289 11364.797288 11364.833107 11365.032426 11365.222850 11365.032426 11364.833107 11364.797288 11364.977289 11364.468898 11364.347546 11364.831255 11364.978341 0.000000 0.000000
0.000000 0.000000 12808.348728 12808.232680 12807.767706 12807.926088 12808.345387 12808.186536 12808.223802 12808.401976 12808.575160 12808.401976 12808.223802 12808.186536 12808.345387 12807.926088 12807.767706 12808.232680 12808.348728 0.000000 0.000000
0.000000 0.000000 14152.729069 14152.608758 14152.170012 14152.303783 14152.729819 14152.572927 14152.605458 14152.781579 14152.944597 14152.781579 14152.605458 14152.572927 14152.729819 14152.303783 14152.170012 14152.608758 14152.729069 0.000000 0.000000
0.000000 0.000000 15422.816823 15422.701888 15422.291414 15422.420556 15422.832689 15422.683700 15422.711172 15422.886052 15423.038478 15422.886052 15422.711172 15422.683700 15422.832689 15422.420556 15422.291414 15422.701888 15422.816823 0.000000 0.000000
0.000000 0.000000 16624.962728 16624.855493 16624.456835 16624.587071 16624.975600 16624.833535 16624.859020 16625.029256 16625.171786 16625.029256 16624.859020 16624.833535 16624.975600 16624.587071 16624.456835 16624.855493 16624.962728 0.000000 0.000000
0.000000 0.000000 17773.954390 17773.856414 17773.471933 17773.618592 17773.969653 17773.834401 17773.860561 17774.022964 17774.158372 17774.022964 17773.860561 17773.834401 17773.969653 17773.618592 17773.471933 17773.856414 17773.954390 0.000000 0.000000
0.000000 0.000000 18872.340894 18872.242730 18871.868985 18872.003671 18872.361531 18872.226440 18872.250624 18872.411721 18872.541124 18872.411721 18872.250624 18872.226440 18872.361531 18872.003671 18871.868985 18872.242730 18872.340894 0.000000 0.000000
0.000000 0.000000 19924.138746 19924.043017 19923.681732 19923.808665 19924.152806 19924.022693 19924.046985 19924.201144 19924.326550 19924.201144 19924.046985 19924.022693 19924.152806 19923.808665 19923.681732 19924.043017 19924.138742 0.000000 0.000000
0.000000 0.000000 20935.054414 20934.961513 20934.606809 20934.737360 20935.068552 20934.941197 20934.965300 20935.115307 20935.233636 20935.115307 20934.965300 20934.941197 20935.068552 20934.737360 20934.606809 20934.961493 20935.054354 0.000000 0.000000
0.000000 0.000000 21959.039286 21959.487174 21959.141498 21959.267674 21959.590271 21959.467454 21959.489851 21959.635288 21959.749972 21959.635288 21959.489851 21959.467454 21959.590271 21959.267674 21959.141480 21959.483824 21959.573040 0.000000 0.000000
0.000000 0.000000 0.000000 0.000000 0.000000 0.000000 0.000000 0.000000 0.000000 0.000000 0.000000 0.000000 0.000000 0.000000 0.000000 0.000000 0.000000 0.000000 0.000000 0.000000 0.000000
0.000000 0.000000 0.000000 0.000000 0.000000 0.000000 0.000000 0.000000 0.000000 0.000000 0.000000 0.000000 0.000000 0.000000 0.000000 0.000000 0.000000 0.000000 0.000000 0.000000 0.000000