geotop/1.0zi/1.0Montebello/Templates/testdem/maps/_Erotot9247.asc
ncols         21
nrows         20
xllcorner     100.000000
yllcorner     100.000000
cellsize      50.000000
NODATA_value  -9999.0
0.000000 0.000000 0.000000 0.000000 0.000000 0.000000 0.000000 0.000000 0.000000 0.000000 0.000000 0.000000 0.000000 0.000000 0.000000 0.000000 0.000000 0.000000 0.000000 0.000000 0.000000
0.000000 0.000000 726.964254 727.537793 726.959011 727.038601 726.004171 726.114089 726.201353 726.274542 726.662947 726.028584 725.920395 725.968046 726.368332 726.523067 727.342372 727.954985 728.110263 0.000000 0.000000
0.000000 0.000000 56.751772 55.673873 55.988419 55.921330 56.738608 56.433192 56.055318 55.923991 56.122890 56.448624 56.506395 56.617373 56.381533 55.776866 54.512509 53.638295 54.248388 0.000000 0.000000
0.000000 0.000000 428.201483 430.006489 416.924066 410.699643 410.129215 404.263551 409.252920 410.920413 406.968277 405.365283 408.785495 408.293989 416.789990 425.262502 429.086960 423.488321 430.781028 0.000000 0.000000
0.000000 0.000000 4011.826974 4005.683806 3999.669039 3965.624535 3938.922160 3924.821485 3917.354354 3910.805996 3918.064066 3924.550220 3923.169781 3918.110347 3937.813964 3943.899030 3961.019854 3972.996226 3973.787656 0.000000 0.000000
0.000000 0.000000 6236.607208 6231.240723 6226.560438 6228.895194 6204.469001 6192.780030 6196.388904 6195.607979 6191.042766 6184.533602 6182.850176 6187.343120 6187.235032 6213.043614 6213.841160 6221.075207 6223.280669 0.000000 0.000000
0.000000 0.000000 7659.259201 7653.908032 7650.137827 7638.778601 7631.021389 7593.814677 7596.578858 7593.830890 7593.156994 7597.311910 7597.889181 7599.566464 7632.460837 7637.450049 7646.768162 7648.747593 7654.074847 0.000000 0.000000
0.000000 0.000000 9122.314363 9119.443964 9114.311810 9102.024558 9094.883049 9092.343290 9092.104805 9090.004650 9089.883718 9085.468429 9084.394528 9091.673552 9089.951569 9099.531227 9114.363546 9110.982760 9117.321125 0.000000 0.000000
0.000000 0.000000 11003.830263 10998.505241 10991.409796 10988.259956 10971.857353 10950.875148 10953.958051 10949.634077 10946.070818 10945.361696 10948.288157 10942.245498 10967.345634 10981.351905 10983.548826 10986.235474 10989.015323 0.000000 0.000000
0.000000 0.000000 13190.249726 13182.624971 13179.434277 13172.140374 13148.742197 13135.718362 13135.315947 13133.380409 13129.002884 13133.124946 13136.286797 13136.144922 13143.435805 13163.234649 13171.499265 13174.378258 13174.136565 0.000000 0.000000
0.000000 0.000000 15619.347607 15616.526364 15614.487533 15583.662777 15577.229049 15554.124365 15562.348933 15545.165112 15550.618615 15546.341169 15538.683838 15550.104850 15564.928039 15569.108910 15584.436971 15588.454713 15604.572345 0.000000 0.000000
0.000000 0.000000 18319.428773 18307.598582 18290.379610 18288.882514 18271.073694 18244.949014 18244.465979 18245.699634 18252.535397 18237.547545 18245.354065 18243.387403 18270.772490 18284.254889 18286.034292 18290.192491 18315.742418 0.000000 0.000000
0.000000 0.000000 21184.933600 21177.076270 21179.293431 21152.469662 21141.488989 21070.094889 21067.013141 21065.864137 21033.740149 21053.864126 21056.271332 21064.193736 21116.403834 21125.894846 21156.735038 21155.677524 21162.439096 0.000000 0.000000
0.000000 0.000000 24587.272727 24587.830829 24563.798118 24555.357935 24460.233357 24505.285452 24482.463403 24483.510650 24498.099580 24484.211970 24482.915925 24471.701354 24427.357976 24535.080045 24537.599556 24563.947703 24577.685713 0.000000 0.000000
0.000000 0.000000 28358.753071 28343.860964 28325.771532 28214.835720 28263.998905 28197.313875 28174.528227 28168.785737 28143.745216 28131.143390 28142.771399 28144.219188 28209.707019 28160.496476 28318.467065 28277.712545 28270.104326 0.000000 0.000000
0.000000 0.000000 31973.889506 31967.021943 31820.748295 31898.893833 31881.944469 31886.668375 31960.971596 31938.479233 31974.620692 31965.990663 31939.014325 31976.083423 31958.241085 31975.453824 31799.230817 32026.165094 32016.744061 0.000000 0.000000
0.000000 0.000000 35652.747935 35488.954962 35569.431714 35496.093840 35412.031537 35390.504476 35327.714583 35345.479197 35284.689920 35292.810025 35326.789984 35293.117807 35338.339899 35390.701314 35562.170497 35407.025981 35580.127131 0.000000 0.000000
0.000000 0.000000 36501.381842 36643.170122 36755.907287 36758.273242 36767.645657 36665.991587 36688.301580 36652.760418 36709.292484 36698.689136 36692.885483 36706.015760 36785.350775 36781.210763 36771.957134 36681.620540 36540.687723 0.000000 0.000000
0.000000 0.000000 0.000000 0.000000 0.000000 0.000000 0.000000 0.000000 0.000000 0.000000 0.000000 0.000000 0.000000 0.000000 0.000000 0.000000 0.000000 0.000000 0.000000 0.000000 0.000000
0.000000 0.000000 0.000000 0.000000 0.000000 0.000000 0.000000 0.000000 0.000000 0.000000 0.000000 0.000000 0.000000 0.000000 0.000000 0.000000 0.000000 0.000000 0.000000 0.000000 0.000000