geotop/1.0zi/1.0Montebello/Templates/testdem/maps/_Erotot4284.asc
ncols         21
nrows         20
xllcorner     100.000000
yllcorner     100.000000
cellsize      50.000000
NODATA_value  -9999.0
0.000000 0.000000 0.000000 0.000000 0.000000 0.000000 0.000000 0.000000 0.000000 0.000000 0.000000 0.000000 0.000000 0.000000 0.000000 0.000000 0.000000 0.000000 0.000000 0.000000 0.000000
0.000000 0.000000 321.640654 321.204112 321.013497 320.869716 320.899325 320.959602 320.997345 320.995829 320.982210 320.985588 320.987082 321.030837 320.896303 320.912563 321.083711 320.993225 321.083429 0.000000 0.000000
0.000000 0.000000 25.783466 26.335917 26.612703 27.318975 26.949170 26.970199 26.535446 26.466399 26.521321 26.904594 26.668488 26.501810 26.991712 26.752335 25.870923 25.304549 25.177176 0.000000 0.000000
0.000000 0.000000 138.986659 140.364537 133.293003 130.670733 131.438001 126.274518 125.453710 125.038904 124.279492 123.797974 124.919827 123.741612 126.625930 131.641522 132.378656 134.759978 137.461853 0.000000 0.000000
0.000000 0.000000 1312.665179 1315.625523 1321.459547 1316.238896 1309.899633 1305.954485 1309.556955 1304.045316 1307.476628 1310.989838 1309.455095 1305.335592 1309.558556 1306.384106 1306.935692 1308.453732 1309.167719 0.000000 0.000000
0.000000 0.000000 2515.053606 2508.014823 2499.293050 2491.487784 2484.214841 2480.284451 2477.554195 2479.466708 2479.085244 2476.271937 2472.319013 2474.626079 2475.102256 2488.075546 2494.246944 2495.034470 2498.880051 0.000000 0.000000
0.000000 0.000000 3122.762679 3118.001918 3113.956007 3108.941251 3100.550805 3085.943016 3087.274303 3083.830097 3086.903389 3086.437515 3088.977359 3090.823795 3104.579778 3111.463081 3118.624208 3122.772792 3125.281300 0.000000 0.000000
0.000000 0.000000 3569.440577 3569.085836 3569.099917 3564.019662 3563.229867 3559.573514 3560.372048 3560.698379 3558.238167 3559.423924 3557.636209 3555.858315 3558.457798 3562.181223 3563.714784 3562.819920 3564.341308 0.000000 0.000000
0.000000 0.000000 4187.554957 4186.507075 4182.525422 4180.813246 4176.758456 4168.127147 4168.481699 4166.591445 4167.259910 4167.698714 4166.671840 4166.938877 4171.400809 4178.810097 4178.762535 4180.027667 4183.741771 0.000000 0.000000
0.000000 0.000000 4889.108944 4886.787077 4885.362664 4881.073313 4873.047367 4868.726032 4870.303891 4869.397070 4869.450761 4869.616620 4868.388035 4866.365434 4872.884403 4879.016533 4881.425609 4882.287262 4883.796744 0.000000 0.000000
0.000000 0.000000 5630.436706 5627.971462 5624.839558 5622.170649 5620.402536 5610.672441 5611.085231 5608.533062 5608.812441 5609.713309 5608.308880 5607.524256 5611.549725 5614.018450 5618.445760 5620.438464 5623.630604 0.000000 0.000000
0.000000 0.000000 6401.149923 6399.079055 6395.599465 6388.362652 6383.896393 6376.538772 6375.663994 6375.143350 6375.265298 6374.554901 6373.899959 6373.397344 6381.718065 6387.411915 6390.740343 6391.752711 6408.667463 0.000000 0.000000
0.000000 0.000000 7171.469604 7168.747795 7165.000951 7161.599365 7155.032924 7137.577947 7137.942723 7136.207821 7136.120795 7136.723121 7134.885949 7134.890231 7148.971182 7156.746212 7159.780548 7161.253028 7163.760458 0.000000 0.000000
0.000000 0.000000 7992.890044 7989.292642 7985.276943 7980.713616 7963.420561 7971.024343 7965.726389 7964.669804 7965.065177 7965.287711 7963.860565 7963.267186 7957.521242 7974.581061 7978.206715 7983.237866 7983.391623 0.000000 0.000000
0.000000 0.000000 8867.569087 8861.630318 8855.687566 8843.847167 8841.173863 8826.138583 8818.653646 8817.008543 8812.929386 8812.353563 8813.075941 8810.346826 8820.131602 8828.176777 8847.923681 8843.822895 8845.377131 0.000000 0.000000
0.000000 0.000000 9735.210897 9733.851739 9713.260613 9715.057214 9715.033049 9714.322672 9716.822344 9716.696736 9719.352221 9719.303034 9715.935350 9720.089520 9717.232330 9716.208895 9706.121642 9727.565163 9732.148835 0.000000 0.000000
0.000000 0.000000 10717.577400 10695.324264 10685.444030 10677.209336 10663.711685 10657.981876 10656.529338 10655.756633 10652.273164 10652.569158 10652.233521 10649.299364 10653.095552 10668.806093 10681.490987 10682.480801 10704.478287 0.000000 0.000000
0.000000 0.000000 11450.907112 11451.966059 11469.204742 11458.983467 11453.131806 11433.772813 11432.465437 11429.758188 11431.194681 11430.928861 11429.091606 11429.555996 11447.344523 11455.942418 11467.308366 11444.180658 11447.282664 0.000000 0.000000
0.000000 0.000000 0.000000 0.000000 0.000000 0.000000 0.000000 0.000000 0.000000 0.000000 0.000000 0.000000 0.000000 0.000000 0.000000 0.000000 0.000000 0.000000 0.000000 0.000000 0.000000
0.000000 0.000000 0.000000 0.000000 0.000000 0.000000 0.000000 0.000000 0.000000 0.000000 0.000000 0.000000 0.000000 0.000000 0.000000 0.000000 0.000000 0.000000 0.000000 0.000000 0.000000