geotop/1.0zi/1.0Montebello/Templates/testdem/maps/_Erotot4472.asc
ncols         21
nrows         20
xllcorner     100.000000
yllcorner     100.000000
cellsize      50.000000
NODATA_value  -9999.0
0.000000 0.000000 0.000000 0.000000 0.000000 0.000000 0.000000 0.000000 0.000000 0.000000 0.000000 0.000000 0.000000 0.000000 0.000000 0.000000 0.000000 0.000000 0.000000 0.000000 0.000000
0.000000 0.000000 345.047929 344.586722 344.371862 344.203734 344.210023 344.247285 344.284802 344.283327 344.269873 344.272975 344.274865 344.319112 344.207243 344.246742 344.441140 344.374121 344.488705 0.000000 0.000000
0.000000 0.000000 27.158183 27.785311 28.174830 29.244048 28.853315 28.933506 28.531630 28.467199 28.502248 28.811984 28.527786 28.284136 28.768019 28.513653 27.613927 27.018209 26.818538 0.000000 0.000000
0.000000 0.000000 137.619423 138.839183 131.751568 129.419285 130.502223 125.534111 124.800025 124.444654 123.575324 123.029328 124.064671 122.675921 125.407055 130.356412 130.921019 133.183540 135.819037 0.000000 0.000000
0.000000 0.000000 1340.751811 1346.899371 1353.352866 1336.606629 1325.548869 1317.565667 1319.997687 1314.115591 1318.426613 1322.724112 1323.034568 1323.479421 1332.644775 1331.026614 1336.651694 1342.317571 1344.021517 0.000000 0.000000
0.000000 0.000000 2606.027447 2599.839814 2596.010578 2593.782332 2588.767678 2585.791368 2583.248713 2585.132104 2584.645430 2581.914187 2577.845820 2579.004849 2578.363308 2591.173163 2595.126536 2595.035831 2597.817735 0.000000 0.000000
0.000000 0.000000 3280.130542 3276.196193 3272.494096 3269.682071 3261.919995 3247.718677 3249.593007 3246.323951 3248.979007 3248.002603 3250.095919 3251.143217 3264.972176 3271.460269 3277.997267 3281.844734 3284.578582 0.000000 0.000000
0.000000 0.000000 3743.825532 3744.050422 3745.066467 3740.609710 3738.929571 3734.241268 3734.916414 3735.139965 3732.865401 3733.876281 3732.642062 3731.678697 3734.539979 3738.644401 3740.461586 3739.762067 3741.143649 0.000000 0.000000
0.000000 0.000000 4393.977688 4394.002088 4391.856538 4390.039418 4386.074971 4377.496971 4377.884319 4375.985130 4376.569368 4377.191518 4376.169093 4376.807067 4382.084244 4389.581130 4389.623334 4391.108549 4394.632384 0.000000 0.000000
0.000000 0.000000 5137.019140 5135.790115 5136.339307 5133.089537 5125.051713 5120.274259 5121.961878 5120.988399 5121.061153 5121.098878 5120.027970 5118.283409 5125.409197 5131.579911 5134.057213 5135.069021 5136.333062 0.000000 0.000000
0.000000 0.000000 5921.038816 5919.820719 5918.646830 5916.823257 5914.987189 5904.847309 5905.267147 5902.695062 5902.850875 5903.847695 5902.615990 5902.230825 5906.857535 5909.386997 5913.882724 5916.075224 5919.010573 0.000000 0.000000
0.000000 0.000000 6738.194335 6737.466234 6736.077512 6729.716471 6725.301062 6717.492483 6716.643295 6716.156332 6716.274202 6715.451590 6714.959100 6714.783506 6723.788143 6729.597006 6732.965437 6734.174761 6750.961859 0.000000 0.000000
0.000000 0.000000 7557.819808 7556.307325 7554.692544 7552.355659 7545.671556 7527.210469 7527.629674 7525.806549 7525.721555 7526.300218 7524.614866 7524.921568 7540.344137 7548.157177 7551.324330 7552.885369 7555.134760 0.000000 0.000000
0.000000 0.000000 8431.792863 8429.283946 8427.719084 8424.314555 8406.007801 8414.335610 8408.805860 8407.866657 8408.250397 8408.405689 8407.095363 8406.682240 8400.489321 8418.391592 8422.225644 8427.498734 8427.268204 0.000000 0.000000
0.000000 0.000000 9363.757233 9359.385674 9355.478771 9343.812146 9341.766837 9325.918518 9318.361180 9316.595071 9312.372448 9311.733662 9312.704261 9310.287706 9320.946218 9328.698208 9349.653357 9345.415562 9346.657125 0.000000 0.000000
0.000000 0.000000 10292.159450 10292.278973 10272.738977 10276.326869 10276.386769 10275.619903 10278.345892 10278.248217 10281.010954 10280.946209 10277.595770 10282.368718 10279.844888 10278.553607 10267.517504 10290.927286 10295.333960 0.000000 0.000000
0.000000 0.000000 11344.484519 11321.616443 11314.132757 11306.938947 11293.103272 11287.092962 11285.585313 11284.755941 11281.059673 11281.313339 11281.308051 11278.478357 11282.849188 11299.039817 11312.278475 11313.005288 11336.629638 0.000000 0.000000
0.000000 0.000000 12127.010238 12130.793219 12152.681616 12143.692422 12137.905765 12115.109195 12113.750637 12110.894396 12112.548704 12112.196914 12110.447860 12111.533396 12132.988831 12141.563384 12153.210328 12127.956144 12129.955358 0.000000 0.000000
0.000000 0.000000 0.000000 0.000000 0.000000 0.000000 0.000000 0.000000 0.000000 0.000000 0.000000 0.000000 0.000000 0.000000 0.000000 0.000000 0.000000 0.000000 0.000000 0.000000 0.000000
0.000000 0.000000 0.000000 0.000000 0.000000 0.000000 0.000000 0.000000 0.000000 0.000000 0.000000 0.000000 0.000000 0.000000 0.000000 0.000000 0.000000 0.000000 0.000000 0.000000 0.000000