geotop/1.0zi/1.0Montebello/Templates/testdem/maps/_Erotot2813.asc
ncols         21
nrows         20
xllcorner     100.000000
yllcorner     100.000000
cellsize      50.000000
NODATA_value  -9999.0
0.000000 0.000000 0.000000 0.000000 0.000000 0.000000 0.000000 0.000000 0.000000 0.000000 0.000000 0.000000 0.000000 0.000000 0.000000 0.000000 0.000000 0.000000 0.000000 0.000000 0.000000
0.000000 0.000000 277.973274 277.976123 277.979504 278.097602 277.967645 277.971822 277.946288 277.985598 278.003548 277.985598 277.946288 277.971822 277.967645 278.097602 277.979504 277.976123 277.973274 0.000000 0.000000
0.000000 0.000000 14.775228 14.553146 12.802650 14.518361 14.810170 14.796662 14.827523 14.775221 14.726799 14.775221 14.827523 14.796662 14.810170 14.518361 12.802650 14.553146 14.775228 0.000000 0.000000
0.000000 0.000000 2085.226714 2084.906872 2085.242953 2083.378174 2085.382435 2084.824508 2084.820610 2085.679156 2085.925491 2085.679156 2084.820610 2084.824508 2085.382435 2083.378174 2085.242953 2084.906872 2085.226714 0.000000 0.000000
0.000000 0.000000 4127.292951 4127.124782 4126.468263 4127.061476 4127.600174 4127.459540 4127.425422 4127.578932 4127.539919 4127.578932 4127.425422 4127.459540 4127.600174 4127.061476 4126.468263 4127.124782 4127.292951 0.000000 0.000000
0.000000 0.000000 5356.671242 5356.468480 5355.911821 5356.062516 5356.866735 5356.575460 5356.594487 5356.944086 5357.063641 5356.944086 5356.594487 5356.575460 5356.866735 5356.062516 5355.911821 5356.468480 5356.671242 0.000000 0.000000
0.000000 0.000000 6953.594669 6953.426226 6952.919163 6953.057661 6953.744111 6953.492466 6953.516637 6953.826728 6953.951969 6953.826728 6953.516637 6953.492466 6953.744111 6953.057661 6952.919163 6953.426226 6953.594669 0.000000 0.000000
0.000000 0.000000 8444.823175 8444.682119 8444.211941 8444.352135 8444.940749 8444.725002 8444.746648 8445.022969 8445.140028 8445.022969 8444.746648 8444.725002 8444.940749 8444.352135 8444.211941 8444.682119 8444.823175 0.000000 0.000000
0.000000 0.000000 9826.021979 9825.893698 9825.448924 9825.588382 9826.127162 9825.929126 9825.949404 9826.207989 9826.318766 9826.207989 9825.949404 9825.929126 9826.127162 9825.588382 9825.448924 9825.893698 9826.021979 0.000000 0.000000
0.000000 0.000000 11120.506412 11120.406647 11119.974230 11120.150946 11120.598665 11120.422394 11120.447097 11120.681449 11120.785265 11120.681449 11120.447097 11120.422394 11120.598665 11120.150946 11119.974230 11120.406647 11120.506412 0.000000 0.000000
0.000000 0.000000 12332.924599 12332.818509 12332.407289 12332.559113 12333.015586 12332.840761 12332.861274 12333.091115 12333.188546 12333.091115 12332.861274 12332.840761 12333.015586 12332.559113 12332.407289 12332.818509 12332.924599 0.000000 0.000000
0.000000 0.000000 13485.431077 13485.325207 13484.931159 13485.076780 13485.516942 13485.350157 13485.369412 13485.590483 13485.684826 13485.590483 13485.369412 13485.350157 13485.516942 13485.076780 13484.931159 13485.325207 13485.431077 0.000000 0.000000
0.000000 0.000000 14585.622182 14585.521850 14585.135468 14585.282218 14585.701355 14585.539607 14585.558945 14585.773283 14585.863281 14585.773283 14585.558945 14585.539607 14585.701355 14585.282218 14585.135468 14585.521850 14585.622182 0.000000 0.000000
0.000000 0.000000 15642.952925 15642.860594 15642.484830 15642.648715 15643.029725 15642.875141 15642.895919 15643.100982 15643.187544 15643.100982 15642.895919 15642.875141 15643.029725 15642.648715 15642.484830 15642.860594 15642.952925 0.000000 0.000000
0.000000 0.000000 16660.089485 16659.995393 16659.625080 16659.777238 16660.162201 16660.009554 16660.028813 16660.231022 16660.314521 16660.231022 16660.028813 16660.009554 16660.162201 16659.777238 16659.625080 16659.995393 16660.089485 0.000000 0.000000
0.000000 0.000000 17640.280659 17640.188936 17639.830413 17639.975589 17640.347309 17640.199776 17640.218852 17640.415036 17640.495906 17640.415036 17640.218852 17640.199776 17640.347309 17639.975589 17639.830413 17640.188935 17640.280655 0.000000 0.000000
0.000000 0.000000 18585.967937 18585.878229 18585.523333 18585.671253 18586.032517 18585.887652 18585.906174 18586.096691 18586.174118 18586.096691 18585.906174 18585.887652 18586.032517 18585.671253 18585.523333 18585.878208 18585.967717 0.000000 0.000000
0.000000 0.000000 19544.922883 19545.307180 19544.959909 19545.103454 19545.458291 19545.317328 19545.333893 19545.520041 19545.594240 19545.520041 19545.333893 19545.317328 19545.458291 19545.103454 19544.959890 19545.303740 19545.390027 0.000000 0.000000
0.000000 0.000000 0.000000 0.000000 0.000000 0.000000 0.000000 0.000000 0.000000 0.000000 0.000000 0.000000 0.000000 0.000000 0.000000 0.000000 0.000000 0.000000 0.000000 0.000000 0.000000
0.000000 0.000000 0.000000 0.000000 0.000000 0.000000 0.000000 0.000000 0.000000 0.000000 0.000000 0.000000 0.000000 0.000000 0.000000 0.000000 0.000000 0.000000 0.000000 0.000000 0.000000