geotop/1.0zi/1.0Montebello/Templates/testdem/maps/_Erotot2522.asc
ncols         21
nrows         20
xllcorner     100.000000
yllcorner     100.000000
cellsize      50.000000
NODATA_value  -9999.0
0.000000 0.000000 0.000000 0.000000 0.000000 0.000000 0.000000 0.000000 0.000000 0.000000 0.000000 0.000000 0.000000 0.000000 0.000000 0.000000 0.000000 0.000000 0.000000 0.000000 0.000000
0.000000 0.000000 239.934621 239.937014 239.942183 240.059796 239.928031 239.932545 239.908949 239.947761 239.950120 239.947761 239.908949 239.932545 239.928031 240.059796 239.942183 239.937014 239.934621 0.000000 0.000000
0.000000 0.000000 13.727923 13.506555 11.754356 13.477148 13.770112 13.756137 13.787698 13.755421 13.752129 13.755421 13.787698 13.756137 13.770112 13.477148 11.754356 13.506555 13.727923 0.000000 0.000000
0.000000 0.000000 1739.825229 1739.504411 1739.840191 1737.971292 1739.977377 1739.417437 1739.414516 1740.238985 1740.387140 1740.238985 1739.414516 1739.417437 1739.977377 1737.971292 1739.840191 1739.504411 1739.825229 0.000000 0.000000
0.000000 0.000000 3570.742062 3570.570652 3569.908682 3570.499582 3571.044557 3570.905703 3570.867713 3571.017938 3570.981303 3571.017938 3570.867713 3570.905703 3571.044557 3570.499582 3569.908682 3570.570652 3570.742062 0.000000 0.000000
0.000000 0.000000 4628.368418 4628.162547 4627.600286 4627.752572 4628.565108 4628.270977 4628.290232 4628.634302 4628.723186 4628.634302 4628.290232 4628.270977 4628.565108 4627.752572 4627.600286 4628.162547 4628.368418 0.000000 0.000000
0.000000 0.000000 6038.504443 6038.333211 6037.818524 6037.960492 6038.654838 6038.400368 6038.425104 6038.730893 6038.829070 6038.730893 6038.425104 6038.400368 6038.654838 6037.960492 6037.818524 6038.333211 6038.504443 0.000000 0.000000
0.000000 0.000000 7369.500275 7369.356537 7368.877328 7369.021864 7369.619086 7369.400259 7369.422449 7369.696382 7369.790527 7369.696382 7369.422449 7369.400259 7369.619086 7369.021864 7368.877328 7369.356537 7369.500275 0.000000 0.000000
0.000000 0.000000 8611.037094 8610.905632 8610.450483 8610.594661 8611.143782 8610.942020 8610.962821 8611.220338 8611.310465 8611.220338 8610.962821 8610.942020 8611.143782 8610.594661 8610.450483 8610.905632 8611.037094 0.000000 0.000000
0.000000 0.000000 9781.763926 9781.661091 9781.216844 9781.399477 9781.857807 9781.677438 9781.702843 9781.937129 9782.022632 9781.937129 9781.702843 9781.677438 9781.857807 9781.399477 9781.216844 9781.661091 9781.763926 0.000000 0.000000
0.000000 0.000000 10886.733274 10886.623754 10886.199461 10886.357728 10886.826320 10886.646720 10886.668003 10886.898920 10886.979487 10886.898920 10886.668003 10886.646720 10886.826320 10886.357728 10886.199461 10886.623754 10886.733274 0.000000 0.000000
0.000000 0.000000 11941.519186 11941.409402 11941.001174 11941.153446 11941.607295 11941.435180 11941.455220 11941.678433 11941.757390 11941.678433 11941.455220 11941.435180 11941.607295 11941.153446 11941.001174 11941.409402 11941.519186 0.000000 0.000000
0.000000 0.000000 12955.150318 12955.045507 12954.643872 12954.797605 12955.231713 12955.064130 12955.084265 12955.301532 12955.377247 12955.301532 12955.084265 12955.064130 12955.231713 12954.797605 12954.643872 12955.045507 12955.150318 0.000000 0.000000
0.000000 0.000000 13932.863731 13932.766742 13932.374399 13932.546475 13932.942905 13932.782063 13932.803774 13933.012698 13933.086319 13933.012698 13932.803774 13932.782063 13932.942905 13932.546475 13932.374399 13932.766742 13932.863731 0.000000 0.000000
0.000000 0.000000 14878.975636 14878.876806 14878.488311 14878.649210 14879.050718 14878.891297 14878.911604 14879.118689 14879.190208 14879.118689 14878.911604 14878.891297 14879.050718 14878.649210 14878.488311 14878.876806 14878.975636 0.000000 0.000000
0.000000 0.000000 15794.216958 15794.120337 15793.743006 15793.897091 15794.286227 15794.131577 15794.151713 15794.353336 15794.423141 15794.353336 15794.151713 15794.131577 15794.286227 15793.897091 15793.743006 15794.120337 15794.216953 0.000000 0.000000
0.000000 0.000000 16681.730871 16681.635859 16681.260791 16681.417969 16681.798085 16681.645429 16681.665019 16681.861924 16681.929585 16681.861924 16681.665019 16681.645429 16681.798085 16681.417969 16681.260791 16681.635837 16681.730462 0.000000 0.000000
0.000000 0.000000 17580.679877 17580.988975 17580.620598 17580.773531 17581.148967 17580.999553 17581.017194 17581.210673 17581.275676 17581.210673 17581.017194 17580.999553 17581.148967 17580.773530 17580.620579 17580.985457 17581.077173 0.000000 0.000000
0.000000 0.000000 0.000000 0.000000 0.000000 0.000000 0.000000 0.000000 0.000000 0.000000 0.000000 0.000000 0.000000 0.000000 0.000000 0.000000 0.000000 0.000000 0.000000 0.000000 0.000000
0.000000 0.000000 0.000000 0.000000 0.000000 0.000000 0.000000 0.000000 0.000000 0.000000 0.000000 0.000000 0.000000 0.000000 0.000000 0.000000 0.000000 0.000000 0.000000 0.000000 0.000000