geotop/1.0zi/1.0Montebello/Templates/testdem/maps/_Erotot0637.asc
ncols         21
nrows         20
xllcorner     100.000000
yllcorner     100.000000
cellsize      50.000000
NODATA_value  -9999.0
0.000000 0.000000 0.000000 0.000000 0.000000 0.000000 0.000000 0.000000 0.000000 0.000000 0.000000 0.000000 0.000000 0.000000 0.000000 0.000000 0.000000 0.000000 0.000000 0.000000 0.000000
0.000000 0.000000 48.858151 48.858832 48.891465 48.858999 48.858255 48.858641 48.858452 48.858366 48.858339 48.858366 48.858452 48.858641 48.858255 48.858999 48.891465 48.858832 48.858151 0.000000 0.000000
0.000000 0.000000 7.917101 7.700652 5.883449 7.695694 7.943521 7.927666 7.942171 7.949017 7.950082 7.949017 7.942171 7.927666 7.943521 7.695694 5.883449 7.700652 7.917101 0.000000 0.000000
0.000000 0.000000 576.240113 576.490958 576.616120 576.402405 576.306822 576.417961 576.415584 576.351485 576.281144 576.351485 576.415584 576.417961 576.306822 576.402405 576.616120 576.490958 576.240113 0.000000 0.000000
0.000000 0.000000 913.239863 913.192477 912.435657 913.171260 913.240440 913.262181 913.256848 913.260930 913.256260 913.260930 913.256848 913.262181 913.240440 913.171260 912.435657 913.192477 913.239863 0.000000 0.000000
0.000000 0.000000 1238.255678 1238.262136 1237.557709 1238.221204 1238.288510 1238.333441 1238.338134 1238.317274 1238.296527 1238.317274 1238.338134 1238.333441 1238.288510 1238.221204 1237.557709 1238.262136 1238.255678 0.000000 0.000000
0.000000 0.000000 1622.447205 1622.456037 1621.828257 1622.416904 1622.479156 1622.525480 1622.531269 1622.508363 1622.489982 1622.508363 1622.531269 1622.525480 1622.479156 1622.416904 1621.828257 1622.456037 1622.447205 0.000000 0.000000
0.000000 0.000000 1991.967858 1991.975762 1991.394401 1991.939467 1991.998560 1992.044148 1992.049960 1992.026989 1992.010163 1992.026989 1992.049960 1992.044148 1991.998560 1991.939467 1991.394401 1991.975762 1991.967858 0.000000 0.000000
0.000000 0.000000 2345.069709 2345.077470 2344.523389 2345.042309 2345.099452 2345.144294 2345.150118 2345.127330 2345.111147 2345.127330 2345.150118 2345.144294 2345.099452 2345.042309 2344.523389 2345.077470 2345.069709 0.000000 0.000000
0.000000 0.000000 2686.749431 2686.756570 2686.218650 2686.722533 2686.778639 2686.822864 2686.828660 2686.806015 2686.790008 2686.806015 2686.828660 2686.822864 2686.778639 2686.722533 2686.218650 2686.756570 2686.749431 0.000000 0.000000
0.000000 0.000000 3018.850326 3018.856832 3018.328346 3018.823612 3018.879214 3018.922991 3018.928762 3018.906200 3018.890145 3018.906200 3018.928762 3018.922991 3018.879214 3018.823612 3018.328346 3018.856832 3018.850326 0.000000 0.000000
0.000000 0.000000 3342.655777 3342.659379 3342.141183 3342.627846 3342.682865 3342.725418 3342.731636 3342.709236 3342.694208 3342.709236 3342.731636 3342.725418 3342.682865 3342.627846 3342.141183 3342.659379 3342.655777 0.000000 0.000000
0.000000 0.000000 3659.357576 3659.359676 3658.846744 3659.330411 3659.384189 3659.426135 3659.432465 3659.410010 3659.395085 3659.410010 3659.432465 3659.426135 3659.384189 3659.330411 3658.846744 3659.359676 3659.357576 0.000000 0.000000
0.000000 0.000000 3972.578374 3972.578636 3972.070037 3972.549746 3972.604661 3972.646506 3972.652973 3972.630512 3972.615466 3972.630512 3972.652973 3972.646506 3972.604661 3972.549746 3972.070037 3972.578636 3972.578374 0.000000 0.000000
0.000000 0.000000 4281.481769 4281.482417 4280.971884 4281.453312 4281.508253 4281.549666 4281.556216 4281.533716 4281.517906 4281.533716 4281.556216 4281.549666 4281.508253 4281.453312 4280.971884 4281.482417 4281.481769 0.000000 0.000000
0.000000 0.000000 4587.877571 4587.879471 4587.378500 4587.850416 4587.904816 4587.946154 4587.952712 4587.930149 4587.913770 4587.930149 4587.952712 4587.946154 4587.904816 4587.850416 4587.378500 4587.879470 4587.877568 0.000000 0.000000
0.000000 0.000000 4889.673747 4889.673916 4889.169941 4889.646015 4889.700904 4889.741582 4889.748241 4889.725624 4889.708944 4889.725624 4889.748241 4889.741582 4889.700904 4889.646015 4889.169941 4889.673903 4889.673346 0.000000 0.000000
0.000000 0.000000 5198.626586 5198.749294 5198.246153 5198.718880 5198.773973 5198.814608 5198.821575 5198.798890 5198.781969 5198.798890 5198.821575 5198.814608 5198.773973 5198.718879 5198.246140 5198.747364 5198.746499 0.000000 0.000000
0.000000 0.000000 0.000000 0.000000 0.000000 0.000000 0.000000 0.000000 0.000000 0.000000 0.000000 0.000000 0.000000 0.000000 0.000000 0.000000 0.000000 0.000000 0.000000 0.000000 0.000000
0.000000 0.000000 0.000000 0.000000 0.000000 0.000000 0.000000 0.000000 0.000000 0.000000 0.000000 0.000000 0.000000 0.000000 0.000000 0.000000 0.000000 0.000000 0.000000 0.000000 0.000000