geotop/1.0zi/1.0Montebello/Templates/testdem/maps/_Erotot0142.asc
ncols         21
nrows         20
xllcorner     100.000000
yllcorner     100.000000
cellsize      50.000000
NODATA_value  -9999.0
0.000000 0.000000 0.000000 0.000000 0.000000 0.000000 0.000000 0.000000 0.000000 0.000000 0.000000 0.000000 0.000000 0.000000 0.000000 0.000000 0.000000 0.000000 0.000000 0.000000 0.000000
0.000000 0.000000 3.867720 3.867719 3.867719 3.867719 3.867719 3.867719 3.867719 3.867719 3.867719 3.867719 3.867719 3.867719 3.867719 3.867719 3.867719 3.867719 3.867720 0.000000 0.000000
0.000000 0.000000 3.683196 3.683136 3.683163 3.683138 3.683130 3.683129 3.683129 3.683128 3.683128 3.683128 3.683129 3.683129 3.683130 3.683138 3.683163 3.683136 3.683196 0.000000 0.000000
0.000000 0.000000 131.061953 131.061388 131.061616 131.061750 131.061780 131.061785 131.061786 131.061786 131.061786 131.061786 131.061786 131.061785 131.061780 131.061750 131.061616 131.061388 131.061953 0.000000 0.000000
0.000000 0.000000 169.740433 169.740218 169.740297 169.740345 169.740354 169.740356 169.740356 169.740356 169.740356 169.740356 169.740356 169.740356 169.740354 169.740345 169.740297 169.740218 169.740433 0.000000 0.000000
0.000000 0.000000 248.383162 248.382833 248.382989 248.383054 248.383068 248.383070 248.383071 248.383071 248.383071 248.383071 248.383071 248.383070 248.383068 248.383054 248.382989 248.382833 248.383162 0.000000 0.000000
0.000000 0.000000 327.181119 327.180807 327.180948 327.181010 327.181024 327.181026 327.181027 327.181027 327.181027 327.181027 327.181027 327.181026 327.181024 327.181010 327.180948 327.180807 327.181119 0.000000 0.000000
0.000000 0.000000 401.434389 401.434087 401.434222 401.434281 401.434295 401.434297 401.434297 401.434297 401.434297 401.434297 401.434297 401.434297 401.434295 401.434281 401.434222 401.434087 401.434389 0.000000 0.000000
0.000000 0.000000 472.265426 472.265130 472.265258 472.265315 472.265328 472.265331 472.265331 472.265331 472.265331 472.265331 472.265331 472.265331 472.265328 472.265315 472.265258 472.265130 472.265426 0.000000 0.000000
0.000000 0.000000 540.699528 540.699234 540.699358 540.699414 540.699427 540.699429 540.699430 540.699430 540.699430 540.699430 540.699430 540.699429 540.699427 540.699414 540.699358 540.699234 540.699528 0.000000 0.000000
0.000000 0.000000 607.570945 607.570650 607.570771 607.570826 607.570840 607.570842 607.570843 607.570843 607.570843 607.570843 607.570843 607.570842 607.570840 607.570826 607.570771 607.570650 607.570945 0.000000 0.000000
0.000000 0.000000 673.475022 673.474724 673.474844 673.474899 673.474912 673.474914 673.474915 673.474915 673.474915 673.474915 673.474915 673.474914 673.474912 673.474899 673.474844 673.474724 673.475022 0.000000 0.000000
0.000000 0.000000 738.014063 738.013765 738.013881 738.013935 738.013949 738.013951 738.013952 738.013952 738.013952 738.013952 738.013952 738.013951 738.013949 738.013935 738.013881 738.013765 738.014063 0.000000 0.000000
0.000000 0.000000 800.900656 800.900355 800.900470 800.900524 800.900538 800.900540 800.900540 800.900540 800.900540 800.900540 800.900540 800.900540 800.900538 800.900524 800.900470 800.900355 800.900656 0.000000 0.000000
0.000000 0.000000 863.187169 863.186874 863.186984 863.187036 863.187049 863.187052 863.187052 863.187052 863.187052 863.187052 863.187052 863.187052 863.187049 863.187036 863.186984 863.186874 863.187169 0.000000 0.000000
0.000000 0.000000 924.625458 924.625158 924.625268 924.625320 924.625333 924.625336 924.625336 924.625336 924.625336 924.625336 924.625336 924.625336 924.625333 924.625320 924.625268 924.625158 924.625457 0.000000 0.000000
0.000000 0.000000 985.362125 985.361677 985.361779 985.361831 985.361844 985.361847 985.361847 985.361847 985.361847 985.361847 985.361847 985.361847 985.361844 985.361831 985.361779 985.361672 985.361972 0.000000 0.000000
0.000000 0.000000 1048.074606 1048.092376 1048.091921 1048.091963 1048.091975 1048.091978 1048.091978 1048.091978 1048.091978 1048.091978 1048.091978 1048.091978 1048.091975 1048.091962 1048.091913 1048.091840 1048.092226 0.000000 0.000000
0.000000 0.000000 0.000000 0.000000 0.000000 0.000000 0.000000 0.000000 0.000000 0.000000 0.000000 0.000000 0.000000 0.000000 0.000000 0.000000 0.000000 0.000000 0.000000 0.000000 0.000000
0.000000 0.000000 0.000000 0.000000 0.000000 0.000000 0.000000 0.000000 0.000000 0.000000 0.000000 0.000000 0.000000 0.000000 0.000000 0.000000 0.000000 0.000000 0.000000 0.000000 0.000000