geotop/1.0zi/1.0Montebello/Templates/testdem/maps/_Erotot5926.asc
ncols         21
nrows         20
xllcorner     100.000000
yllcorner     100.000000
cellsize      50.000000
NODATA_value  -9999.0
0.000000 0.000000 0.000000 0.000000 0.000000 0.000000 0.000000 0.000000 0.000000 0.000000 0.000000 0.000000 0.000000 0.000000 0.000000 0.000000 0.000000 0.000000 0.000000 0.000000 0.000000
0.000000 0.000000 461.331271 460.528249 460.341128 460.126591 460.088050 460.187451 460.131373 460.309442 460.212716 460.011080 459.949014 460.027802 460.142375 460.049941 460.249800 460.448064 460.872782 0.000000 0.000000
0.000000 0.000000 34.603534 35.278674 35.576485 36.748843 36.486825 36.247432 36.074638 35.852711 36.066490 36.425826 36.237302 35.982134 36.422996 36.196246 35.357728 34.521185 33.904514 0.000000 0.000000
0.000000 0.000000 187.758047 188.975844 181.262064 178.340963 179.724636 174.638054 174.245813 173.902333 173.027451 170.637306 173.168215 171.401291 174.883138 180.428824 180.342092 183.520862 186.944885 0.000000 0.000000
0.000000 0.000000 1851.977994 1856.116560 1859.914851 1840.844098 1825.479491 1814.977955 1817.598905 1814.726918 1818.327427 1822.487825 1819.335395 1817.515381 1827.992349 1828.644091 1836.385482 1843.915511 1846.017724 0.000000 0.000000
0.000000 0.000000 3319.185850 3313.660321 3311.105478 3306.409160 3298.218347 3290.592855 3288.828391 3288.908394 3287.739455 3285.590606 3282.946614 3285.205318 3285.492026 3300.860410 3305.920727 3309.278583 3311.267768 0.000000 0.000000
0.000000 0.000000 4390.044801 4387.330936 4384.070379 4379.541009 4366.484170 4349.752190 4349.821605 4346.283751 4348.005329 4350.768205 4352.684430 4353.920572 4374.034976 4383.714794 4388.707996 4390.336789 4395.672649 0.000000 0.000000
0.000000 0.000000 5051.699374 5052.973362 5051.604272 5045.063633 5044.376343 5037.316459 5037.867862 5038.254675 5036.964875 5034.546237 5034.331770 5037.941312 5038.137835 5040.844997 5049.294616 5047.670096 5050.809351 0.000000 0.000000
0.000000 0.000000 5956.243755 5953.473293 5948.928288 5949.665925 5942.919897 5932.413736 5932.867592 5930.228812 5927.731760 5928.916914 5930.168602 5925.060327 5938.380445 5946.610532 5948.906178 5949.850273 5951.411553 0.000000 0.000000
0.000000 0.000000 7003.774582 7001.298380 7002.999801 7002.129358 6987.239420 6980.196416 6981.611747 6980.702698 6978.616972 6981.718873 6984.725208 6983.176856 6986.534054 6997.035138 7001.072479 7001.373240 7002.217315 0.000000 0.000000
0.000000 0.000000 8133.904091 8134.001888 8133.674359 8119.194754 8116.455314 8105.678812 8109.231995 8100.138910 8102.536573 8101.570465 8096.909444 8104.291612 8108.828550 8110.428220 8117.247583 8123.254684 8130.652051 0.000000 0.000000
0.000000 0.000000 9316.882231 9312.200275 9306.814627 9304.847297 9300.779229 9285.921578 9284.929882 9284.036903 9290.689832 9283.590714 9285.688396 9285.252115 9300.936706 9304.416518 9306.046957 9306.655308 9326.201022 0.000000 0.000000
0.000000 0.000000 10515.601362 10513.597730 10514.248383 10506.590573 10502.397233 10475.389498 10474.158017 10473.833326 10459.351407 10468.369654 10472.367863 10474.390549 10490.917613 10494.994610 10509.182938 10508.644708 10515.589560 0.000000 0.000000
0.000000 0.000000 11831.104341 11832.391089 11825.044717 11823.729527 11795.713171 11804.122174 11793.575273 11795.024677 11796.244177 11795.758711 11794.289462 11790.932910 11780.951974 11811.199394 11816.813368 11827.608999 11834.765387 0.000000 0.000000
0.000000 0.000000 13252.413301 13247.289143 13243.732552 13218.941634 13218.670774 13203.062046 13190.103764 13188.510388 13183.474296 13177.188845 13180.491676 13178.706973 13193.790735 13197.643387 13239.551221 13230.684645 13230.892766 0.000000 0.000000
0.000000 0.000000 14714.265211 14713.487659 14676.446538 14675.970553 14680.959445 14673.512550 14690.934476 14683.272247 14689.331985 14684.757569 14679.411085 14688.224750 14691.888315 14691.412010 14670.454506 14722.848344 14715.938679 0.000000 0.000000
0.000000 0.000000 16376.946685 16331.923639 16329.662696 16319.604093 16293.665957 16286.826814 16278.326732 16281.570576 16267.376815 16267.774506 16273.102500 16272.684780 16284.684480 16296.306781 16328.517695 16321.781304 16372.258535 0.000000 0.000000
0.000000 0.000000 17525.192165 17539.205995 17586.145917 17579.272634 17565.094728 17526.903665 17528.137298 17513.832668 17526.112463 17524.068732 17529.822732 17525.339041 17558.741751 17570.676047 17594.292230 17546.031142 17531.961580 0.000000 0.000000
0.000000 0.000000 0.000000 0.000000 0.000000 0.000000 0.000000 0.000000 0.000000 0.000000 0.000000 0.000000 0.000000 0.000000 0.000000 0.000000 0.000000 0.000000 0.000000 0.000000 0.000000
0.000000 0.000000 0.000000 0.000000 0.000000 0.000000 0.000000 0.000000 0.000000 0.000000 0.000000 0.000000 0.000000 0.000000 0.000000 0.000000 0.000000 0.000000 0.000000 0.000000 0.000000