geotop/1.0zi/1.0Montebello/Templates/testdem/maps/_Erotot9715.asc
ncols         21
nrows         20
xllcorner     100.000000
yllcorner     100.000000
cellsize      50.000000
NODATA_value  -9999.0
0.000000 0.000000 0.000000 0.000000 0.000000 0.000000 0.000000 0.000000 0.000000 0.000000 0.000000 0.000000 0.000000 0.000000 0.000000 0.000000 0.000000 0.000000 0.000000 0.000000 0.000000
0.000000 0.000000 811.930143 812.080788 810.900813 810.438124 808.865778 808.428246 808.524506 808.583250 808.936968 808.376304 808.235334 808.269315 809.234447 809.816987 811.177493 812.412050 813.062192 0.000000 0.000000
0.000000 0.000000 61.261950 59.913355 60.207400 59.985690 60.719949 60.227586 59.864671 59.710514 59.947099 60.102907 60.273702 60.347109 60.233157 59.747449 58.723481 57.826623 58.614186 0.000000 0.000000
0.000000 0.000000 536.546360 540.394175 525.977353 518.513225 517.943607 509.941903 517.010019 518.954980 515.058071 515.972651 520.273575 519.686449 528.513629 539.054657 541.959129 540.472997 545.924949 0.000000 0.000000
0.000000 0.000000 4523.420738 4517.579177 4513.911795 4475.261595 4448.990507 4433.536080 4426.030908 4419.999152 4425.868690 4431.480833 4431.491731 4425.550319 4445.759329 4452.054200 4470.953615 4482.327399 4483.367085 0.000000 0.000000
0.000000 0.000000 6726.897717 6720.409520 6715.630904 6717.810068 6689.782985 6677.022785 6680.754121 6679.499310 6674.081343 6667.510190 6665.318655 6669.581196 6671.448395 6698.783877 6698.932717 6706.344290 6708.245177 0.000000 0.000000
0.000000 0.000000 8265.121456 8259.030298 8255.203988 8242.162557 8235.305319 8198.644218 8197.965521 8194.673231 8193.080130 8197.096743 8197.629609 8198.774257 8234.370689 8238.687222 8248.307908 8251.275996 8256.369032 0.000000 0.000000
0.000000 0.000000 9904.651346 9900.606780 9893.918054 9878.196170 9867.665713 9863.513967 9864.108613 9861.625877 9860.529241 9856.510167 9855.850807 9862.967415 9861.575555 9873.113927 9888.889455 9886.509922 9892.756011 0.000000 0.000000
0.000000 0.000000 11984.522291 11978.208565 11969.349032 11963.479588 11945.835693 11922.743037 11925.941180 11921.594678 11917.393972 11916.944034 11920.247585 11913.654274 11940.930808 11956.620995 11959.494533 11963.313958 11965.809454 0.000000 0.000000
0.000000 0.000000 14418.145259 14407.872673 14403.517080 14394.237956 14378.269231 14358.278125 14357.156805 14354.739162 14349.129089 14353.526599 14356.970912 14356.174747 14365.072850 14386.930360 14395.426181 14399.622967 14398.818199 0.000000 0.000000
0.000000 0.000000 17145.482479 17140.358216 17136.615658 17100.974078 17100.391738 17071.096514 17079.545470 17060.713455 17065.670556 17061.289557 17053.236720 17064.961879 17081.820721 17087.416728 17103.749464 17107.166348 17125.969834 0.000000 0.000000
0.000000 0.000000 20212.095496 20196.321134 20175.660709 20172.602792 20159.798061 20125.669124 20124.020085 20125.692850 20131.780398 20115.534803 20124.056062 20120.561641 20151.951224 20168.354867 20170.615550 20176.954044 20203.531128 0.000000 0.000000
0.000000 0.000000 23486.906683 23475.622894 23477.223807 23454.078541 23433.736474 23352.995988 23347.243717 23344.331583 23304.086535 23330.936803 23332.373687 23340.715383 23402.192800 23412.045149 23449.163341 23448.646458 23453.276087 0.000000 0.000000
0.000000 0.000000 27397.465460 27396.134129 27365.591091 27349.597562 27238.586247 27301.390214 27272.705134 27273.542164 27293.261942 27273.973332 27272.133328 27257.017832 27195.893818 27326.610041 27326.271840 27358.942892 27374.660297 0.000000 0.000000
0.000000 0.000000 31546.499533 31534.148752 31514.167737 31383.747439 31459.198658 31371.142945 31350.688978 31342.343886 31310.756892 31299.351962 31313.535165 31315.796608 31394.922672 31315.375376 31498.934461 31450.453289 31438.648174 0.000000 0.000000
0.000000 0.000000 35058.070389 35050.208154 34907.008109 34999.123642 34975.193924 34986.901232 35060.676377 35039.470427 35077.010241 35070.365171 35042.296883 35077.881894 35052.143501 35081.030918 34885.798623 35116.710406 35107.667278 0.000000 0.000000
0.000000 0.000000 38079.659547 37958.562454 38024.118349 37969.489001 37906.071870 37890.267760 37843.013576 37857.290733 37811.497288 37818.383508 37843.795753 37819.126461 37853.967106 37890.703199 38017.968451 37898.376635 38027.326586 0.000000 0.000000
0.000000 0.000000 38985.137379 39063.296809 39144.797170 39138.289233 39135.216671 39068.707227 39077.604415 39055.118631 39086.149133 39080.590612 39081.373079 39084.214080 39137.823925 39143.138773 39153.710301 39078.206478 39001.707124 0.000000 0.000000
0.000000 0.000000 0.000000 0.000000 0.000000 0.000000 0.000000 0.000000 0.000000 0.000000 0.000000 0.000000 0.000000 0.000000 0.000000 0.000000 0.000000 0.000000 0.000000 0.000000 0.000000
0.000000 0.000000 0.000000 0.000000 0.000000 0.000000 0.000000 0.000000 0.000000 0.000000 0.000000 0.000000 0.000000 0.000000 0.000000 0.000000 0.000000 0.000000 0.000000 0.000000 0.000000