geotop/1.0zi/1.0Montebello/Templates/testdem/maps/_Erotot1496.asc
ncols         21
nrows         20
xllcorner     100.000000
yllcorner     100.000000
cellsize      50.000000
NODATA_value  -9999.0
0.000000 0.000000 0.000000 0.000000 0.000000 0.000000 0.000000 0.000000 0.000000 0.000000 0.000000 0.000000 0.000000 0.000000 0.000000 0.000000 0.000000 0.000000 0.000000 0.000000 0.000000
0.000000 0.000000 168.864121 168.865566 168.900548 168.876276 168.856752 168.865611 168.867234 168.861827 168.862536 168.861827 168.867234 168.865611 168.856752 168.876276 168.900548 168.865566 168.864121 0.000000 0.000000
0.000000 0.000000 10.406252 10.186529 8.410079 10.267309 10.449593 10.432729 10.442048 10.450010 10.447844 10.450010 10.442048 10.432729 10.449593 10.267309 8.410079 10.186529 10.406252 0.000000 0.000000
0.000000 0.000000 1176.029746 1175.813198 1175.980196 1173.999272 1176.329110 1175.908681 1175.856762 1176.455404 1176.410752 1176.455404 1175.856762 1175.908681 1176.329110 1173.999272 1175.980196 1175.813198 1176.029746 0.000000 0.000000
0.000000 0.000000 2200.973571 2200.759056 2200.157825 2200.852809 2201.303982 2201.107486 2201.062740 2201.218375 2201.171636 2201.218375 2201.062740 2201.107486 2201.303982 2200.852809 2200.157825 2200.759056 2200.973571 0.000000 0.000000
0.000000 0.000000 2884.026329 2883.854732 2883.231951 2883.429782 2884.336640 2884.086281 2884.059494 2884.301091 2884.277205 2884.301091 2884.059494 2884.086281 2884.336640 2883.429782 2883.231951 2883.854732 2884.026329 0.000000 0.000000
0.000000 0.000000 3762.526615 3762.388067 3761.806358 3761.999338 3762.779030 3762.565026 3762.549073 3762.749770 3762.729639 3762.749770 3762.549073 3762.565026 3762.779030 3761.999338 3761.806358 3762.388067 3762.526615 0.000000 0.000000
0.000000 0.000000 4596.621052 4596.506065 4595.955565 4596.145662 4596.828975 4596.645547 4596.631448 4596.807182 4596.787959 4596.807182 4596.631448 4596.645547 4596.828975 4596.145662 4595.955565 4596.506065 4596.621052 0.000000 0.000000
0.000000 0.000000 5385.318512 5385.211544 5384.679892 5384.863786 5385.504811 5385.334055 5385.321549 5385.488070 5385.470276 5385.488070 5385.321549 5385.334055 5385.504811 5384.863786 5384.679892 5385.211544 5385.318512 0.000000 0.000000
0.000000 0.000000 6138.131050 6138.050863 6137.524025 6137.743919 6138.296713 6138.144688 6138.139098 6138.287362 6138.269469 6138.287362 6138.139098 6138.144688 6138.296713 6137.743919 6137.524025 6138.050863 6138.131050 0.000000 0.000000
0.000000 0.000000 6859.007904 6858.918049 6858.404412 6858.597049 6859.166656 6859.012742 6859.004127 6859.153932 6859.135083 6859.153932 6859.004127 6859.012742 6859.166656 6858.597049 6858.404412 6858.918049 6859.007904 0.000000 0.000000
0.000000 0.000000 7555.216328 7555.123768 7554.620623 7554.803187 7555.364018 7555.214451 7555.206584 7555.354093 7555.336441 7555.354093 7555.206584 7555.214451 7555.364018 7554.803187 7554.620623 7555.123768 7555.216328 0.000000 0.000000
0.000000 0.000000 8234.267753 8234.177407 8233.675276 8233.858399 8234.404623 8234.257733 8234.250456 8234.395216 8234.377053 8234.395216 8234.250456 8234.257733 8234.404623 8233.858399 8233.675276 8234.177407 8234.267753 0.000000 0.000000
0.000000 0.000000 8895.025799 8894.941906 8894.442657 8894.645069 8895.156076 8895.013964 8895.009214 8895.148858 8895.130209 8895.148858 8895.009214 8895.013964 8895.156076 8894.645069 8894.442657 8894.941906 8895.025799 0.000000 0.000000
0.000000 0.000000 9541.509705 9541.422871 9540.919847 9541.111212 9541.632104 9541.489632 9541.483850 9541.624976 9541.605846 9541.624976 9541.483850 9541.489632 9541.632104 9541.111212 9540.919847 9541.422871 9541.509705 0.000000 0.000000
0.000000 0.000000 10174.766728 10174.680645 10174.185146 10174.368772 10174.880868 10174.741834 10174.736152 10174.873950 10174.855058 10174.873950 10174.736152 10174.741834 10174.880868 10174.368772 10174.185146 10174.680645 10174.766725 0.000000 0.000000
0.000000 0.000000 10794.411391 10794.326060 10793.830219 10794.017089 10794.526084 10794.385686 10794.379918 10794.516708 10794.496891 10794.516708 10794.379918 10794.385686 10794.526084 10794.017089 10793.830218 10794.326041 10794.411095 0.000000 0.000000
0.000000 0.000000 11433.634695 11433.857788 11433.364841 11433.543083 11434.054012 11433.912578 11433.906913 11434.045797 11434.025843 11434.045797 11433.906913 11433.912578 11434.054012 11433.543083 11433.364824 11433.854662 11433.940302 0.000000 0.000000
0.000000 0.000000 0.000000 0.000000 0.000000 0.000000 0.000000 0.000000 0.000000 0.000000 0.000000 0.000000 0.000000 0.000000 0.000000 0.000000 0.000000 0.000000 0.000000 0.000000 0.000000
0.000000 0.000000 0.000000 0.000000 0.000000 0.000000 0.000000 0.000000 0.000000 0.000000 0.000000 0.000000 0.000000 0.000000 0.000000 0.000000 0.000000 0.000000 0.000000 0.000000 0.000000