geotop/1.0zi/1.0Montebello/Templates/testdem/maps/_Erotot5246.asc
ncols         21
nrows         20
xllcorner     100.000000
yllcorner     100.000000
cellsize      50.000000
NODATA_value  -9999.0
0.000000 0.000000 0.000000 0.000000 0.000000 0.000000 0.000000 0.000000 0.000000 0.000000 0.000000 0.000000 0.000000 0.000000 0.000000 0.000000 0.000000 0.000000 0.000000 0.000000 0.000000
0.000000 0.000000 393.617845 392.825791 392.672763 392.471011 392.443877 392.521826 392.478048 392.648645 392.565277 392.346691 392.323019 392.367356 392.480472 392.367191 392.569778 392.752524 393.151333 0.000000 0.000000
0.000000 0.000000 30.716452 31.438324 31.659605 32.841041 32.581282 32.439648 32.253353 32.036482 32.166223 32.542733 32.309178 32.175386 32.568129 32.357486 31.517407 30.640695 30.004061 0.000000 0.000000
0.000000 0.000000 152.980216 154.448692 147.483568 144.719433 146.512799 141.290540 140.700305 141.087671 139.741689 138.398881 139.939743 138.001256 140.730055 145.511258 145.024404 148.436216 151.190197 0.000000 0.000000
0.000000 0.000000 1571.117301 1576.460867 1582.944575 1565.647471 1551.107295 1540.530801 1543.248429 1540.511390 1544.089830 1548.332677 1545.186596 1542.959687 1553.129779 1551.666542 1558.784951 1565.477747 1566.339193 0.000000 0.000000
0.000000 0.000000 2898.945212 2892.808165 2889.927308 2885.824783 2879.974455 2875.948951 2873.649366 2874.068824 2873.638109 2871.230456 2869.182781 2871.871896 2870.477668 2884.842219 2890.017984 2893.257756 2896.054892 0.000000 0.000000
0.000000 0.000000 3775.930279 3773.276760 3770.448320 3765.863342 3753.515558 3737.303306 3737.860507 3734.281740 3736.026251 3739.066885 3740.901473 3741.924517 3760.195438 3768.978737 3773.560030 3774.926734 3779.835709 0.000000 0.000000
0.000000 0.000000 4367.499034 4369.018483 4368.513498 4362.731569 4362.544364 4356.302963 4356.818810 4357.366697 4356.138889 4353.899873 4353.602408 4356.949167 4356.186999 4358.015549 4365.904129 4364.108499 4366.745637 0.000000 0.000000
0.000000 0.000000 5128.560107 5126.151481 5122.499561 5123.757240 5117.985385 5108.650253 5109.006193 5106.651485 5104.266196 5105.638147 5106.778099 5101.738604 5113.702671 5120.766752 5122.641350 5123.178011 5124.430451 0.000000 0.000000
0.000000 0.000000 6013.690639 6011.436784 6013.914673 6013.667353 6000.165098 5994.128563 5995.657423 5994.836837 5993.038529 5996.113825 5999.048421 5997.417907 5999.708192 6008.768395 6012.387717 6012.345941 6012.885257 0.000000 0.000000
0.000000 0.000000 6965.240500 6965.491563 6965.966101 6952.715645 6950.799068 6941.590575 6944.894049 6936.426202 6938.725549 6938.081897 6933.638276 6940.643354 6943.758793 6944.411802 6950.496677 6956.154641 6962.781966 0.000000 0.000000
0.000000 0.000000 7953.093792 7948.908678 7944.838814 7943.320212 7940.654407 7927.216945 7926.608617 7925.680947 7932.243924 7925.768060 7927.491046 7927.035705 7941.065257 7942.951580 7944.313780 7944.437953 7962.959196 0.000000 0.000000
0.000000 0.000000 8944.868787 8943.131419 8944.366502 8937.753906 8934.642119 8912.367760 8911.258413 8911.120028 8897.736985 8906.215856 8910.194088 8912.035418 8924.311101 8927.375627 8940.221702 8939.549662 8945.839195 0.000000 0.000000
0.000000 0.000000 10024.153430 10025.549820 10019.555358 10018.909037 9996.793399 10004.678127 9994.965942 9996.471331 9997.526499 9997.504161 9996.092213 9993.030543 9983.367301 10007.309884 10012.385261 10021.901323 10028.521210 0.000000 0.000000
0.000000 0.000000 11178.217743 11173.929892 11171.506157 11153.299090 11153.151566 11140.146674 11128.296785 11127.159075 11122.945919 11117.518382 11120.245963 11118.668355 11131.077942 11134.267001 11168.564585 11160.667465 11160.718613 0.000000 0.000000
0.000000 0.000000 12352.267451 12351.572268 12324.216767 12322.129106 12327.055469 12320.604230 12335.041238 12328.271560 12333.036102 12329.086232 12325.219366 12332.184091 12335.025260 12334.595267 12318.855818 12359.117047 12352.419432 0.000000 0.000000
0.000000 0.000000 13669.099875 13637.510793 13634.938280 13627.843503 13608.090164 13603.514891 13597.168879 13600.078603 13589.001810 13589.270999 13592.771314 13593.936587 13602.516927 13609.390425 13634.378999 13631.778975 13668.304818 0.000000 0.000000
0.000000 0.000000 14633.202067 14638.887372 14672.499781 14666.923665 14658.771573 14631.455675 14632.273294 14620.628304 14629.456961 14628.192447 14633.773949 14628.728512 14652.393659 14658.422552 14678.851095 14643.659288 14637.417107 0.000000 0.000000
0.000000 0.000000 0.000000 0.000000 0.000000 0.000000 0.000000 0.000000 0.000000 0.000000 0.000000 0.000000 0.000000 0.000000 0.000000 0.000000 0.000000 0.000000 0.000000 0.000000 0.000000
0.000000 0.000000 0.000000 0.000000 0.000000 0.000000 0.000000 0.000000 0.000000 0.000000 0.000000 0.000000 0.000000 0.000000 0.000000 0.000000 0.000000 0.000000 0.000000 0.000000 0.000000