geotop/1.0zi/1.0Montebello/Templates/testdem/maps/_Erotot5116.asc
ncols         21
nrows         20
xllcorner     100.000000
yllcorner     100.000000
cellsize      50.000000
NODATA_value  -9999.0
0.000000 0.000000 0.000000 0.000000 0.000000 0.000000 0.000000 0.000000 0.000000 0.000000 0.000000 0.000000 0.000000 0.000000 0.000000 0.000000 0.000000 0.000000 0.000000 0.000000 0.000000
0.000000 0.000000 376.979569 376.071166 375.774086 375.572454 375.535739 375.620250 375.578349 375.739204 375.692585 375.565425 375.634139 375.674650 375.606608 375.661934 375.856951 375.831337 376.391144 0.000000 0.000000
0.000000 0.000000 28.736170 29.695146 30.097973 31.169007 30.720852 30.705324 30.523210 30.309739 30.390701 30.725995 30.407882 30.237462 30.784174 30.415076 29.577561 28.878944 28.222787 0.000000 0.000000
0.000000 0.000000 152.453950 153.850171 146.683050 144.676318 145.845984 141.155956 140.346582 140.436776 139.053017 137.958139 139.073520 137.570162 140.172118 144.949543 144.468946 147.909525 150.632774 0.000000 0.000000
0.000000 0.000000 1517.560413 1521.420083 1526.737499 1509.014196 1497.904807 1489.553131 1492.142672 1486.679893 1490.511453 1494.570789 1494.920367 1495.336151 1504.700861 1503.886222 1510.470305 1515.893931 1517.687199 0.000000 0.000000
0.000000 0.000000 2808.852874 2804.139871 2801.048215 2797.324427 2789.702828 2786.596567 2783.701651 2785.507902 2784.766457 2782.763682 2779.238763 2780.186668 2779.279542 2792.647810 2797.941753 2799.873231 2802.995147 0.000000 0.000000
0.000000 0.000000 3690.951272 3688.125012 3683.755150 3680.457574 3668.482142 3651.868378 3652.609699 3649.555100 3652.161669 3651.739955 3654.633657 3657.283497 3672.711253 3681.533189 3687.483861 3690.842629 3696.198367 0.000000 0.000000
0.000000 0.000000 4269.634893 4269.001525 4269.746971 4264.384601 4263.404434 4257.997578 4258.597179 4258.945507 4256.262099 4257.017159 4256.209862 4255.117957 4258.077226 4261.980208 4265.006399 4265.327235 4265.749567 0.000000 0.000000
0.000000 0.000000 5005.863956 5006.076280 5003.858018 5000.444970 4995.042532 4986.588613 4986.579371 4984.998670 4985.007162 4985.967175 4985.336707 4986.004456 4991.456533 4999.330870 5000.064573 5002.269791 5006.393790 0.000000 0.000000
0.000000 0.000000 5871.321096 5870.442019 5871.053791 5869.748700 5860.163851 5853.598627 5855.115602 5854.175339 5854.094094 5854.011073 5853.511034 5851.973141 5861.309510 5866.813519 5866.512282 5869.074074 5870.081647 0.000000 0.000000
0.000000 0.000000 6796.865106 6795.527472 6795.189344 6786.692768 6783.379383 6772.970381 6772.973879 6770.762973 6770.402448 6771.681544 6770.865210 6771.058339 6775.289370 6779.576534 6788.715781 6790.768300 6794.609822 0.000000 0.000000
0.000000 0.000000 7756.809059 7756.190939 7754.668239 7750.190512 7744.265139 7735.117281 7733.825537 7733.568556 7733.341408 7732.539269 7732.544225 7732.765856 7742.737680 7748.768995 7749.432875 7751.549401 7769.393472 0.000000 0.000000
0.000000 0.000000 8723.314407 8721.771955 8719.235960 8715.554317 8706.878617 8685.003812 8685.257429 8683.568986 8683.113027 8683.866267 8682.650606 8683.205973 8701.660278 8710.061147 8714.924306 8717.033733 8719.999731 0.000000 0.000000
0.000000 0.000000 9770.836313 9767.978171 9766.374288 9761.670761 9739.783819 9747.769334 9741.229652 9740.480006 9740.543896 9740.941237 9740.112447 9740.185519 9733.147989 9754.452338 9758.783270 9765.275185 9765.645561 0.000000 0.000000
0.000000 0.000000 10887.328745 10883.155790 10878.394600 10862.254063 10858.653029 10841.954902 10833.116230 10831.496579 10826.460382 10826.245923 10827.950524 10825.699663 10837.315407 10844.977926 10870.699667 10866.602921 10868.339806 0.000000 0.000000
0.000000 0.000000 12014.855553 12014.820359 11990.527293 11988.929014 11987.958509 11985.478789 11988.598846 11988.977967 11991.831610 11991.704522 11988.495638 11994.992021 11993.458691 11992.490349 11983.215357 12013.390207 12019.030179 0.000000 0.000000
0.000000 0.000000 13289.480865 13259.571828 13249.776747 13243.500448 13224.275988 13216.125161 13213.878901 13213.122972 13208.258887 13208.736466 13209.881685 13206.312347 13212.745200 13232.749603 13246.905532 13247.733452 13279.092479 0.000000 0.000000
0.000000 0.000000 14216.284233 14222.870259 14252.900529 14242.130167 14234.714915 14205.777482 14203.569084 14200.632832 14202.702563 14202.486600 14200.948968 14203.437462 14230.414042 14239.336255 14251.216550 14219.780166 14220.609095 0.000000 0.000000
0.000000 0.000000 0.000000 0.000000 0.000000 0.000000 0.000000 0.000000 0.000000 0.000000 0.000000 0.000000 0.000000 0.000000 0.000000 0.000000 0.000000 0.000000 0.000000 0.000000 0.000000
0.000000 0.000000 0.000000 0.000000 0.000000 0.000000 0.000000 0.000000 0.000000 0.000000 0.000000 0.000000 0.000000 0.000000 0.000000 0.000000 0.000000 0.000000 0.000000 0.000000 0.000000