geotop/1.0zi/1.0Montebello/Templates/testdem/maps/_Erotot8226.asc
ncols         21
nrows         20
xllcorner     100.000000
yllcorner     100.000000
cellsize      50.000000
NODATA_value  -9999.0
0.000000 0.000000 0.000000 0.000000 0.000000 0.000000 0.000000 0.000000 0.000000 0.000000 0.000000 0.000000 0.000000 0.000000 0.000000 0.000000 0.000000 0.000000 0.000000 0.000000 0.000000
0.000000 0.000000 680.235265 681.032860 680.482212 680.586938 679.575557 679.733968 679.720799 679.783934 680.216965 679.542293 679.420647 679.472736 679.848407 680.003227 680.839425 681.387706 681.603519 0.000000 0.000000
0.000000 0.000000 52.597955 51.614711 51.856466 51.920156 52.554198 52.231789 51.938435 51.800795 52.029879 52.389139 52.408671 52.558155 52.312889 51.801696 50.529087 49.674560 50.198968 0.000000 0.000000
0.000000 0.000000 354.827554 355.962209 343.594152 338.339253 338.901422 327.588384 327.680796 328.527302 324.870964 323.086951 325.239673 325.384437 335.646142 342.715529 347.321688 350.222401 355.440518 0.000000 0.000000
0.000000 0.000000 3381.031026 3383.499255 3386.454171 3363.525478 3344.046004 3332.184373 3330.759739 3326.547216 3333.712750 3338.950318 3334.432492 3333.093048 3348.141170 3352.252647 3363.619597 3373.649683 3374.052692 0.000000 0.000000
0.000000 0.000000 5341.987574 5336.588101 5332.881726 5326.638313 5310.807457 5301.079890 5302.175695 5300.931078 5297.530190 5291.794867 5290.842430 5294.042861 5293.642163 5313.926933 5321.839269 5328.013257 5330.946681 0.000000 0.000000
0.000000 0.000000 6672.640463 6669.669303 6665.114292 6658.106847 6644.034478 6621.379418 6620.235538 6616.488249 6617.951702 6621.678511 6623.187845 6623.702260 6652.100439 6662.430580 6668.216182 6671.081918 6676.441020 0.000000 0.000000
0.000000 0.000000 7867.211387 7867.545911 7864.530030 7854.352389 7851.466965 7841.533005 7841.591230 7841.492024 7840.555897 7836.604556 7835.909970 7842.199755 7844.386264 7849.686492 7862.541410 7861.208362 7866.423140 0.000000 0.000000
0.000000 0.000000 9427.668208 9423.172114 9416.728007 9416.158605 9404.532858 9388.480047 9389.623071 9385.079401 9383.076245 9382.812840 9385.327464 9379.515283 9398.734383 9413.211949 9415.448122 9419.353487 9420.989705 0.000000 0.000000
0.000000 0.000000 11213.342385 11209.932930 11210.117059 11205.459273 11184.283141 11173.818969 11173.228392 11173.098969 11169.664808 11173.199809 11176.419692 11175.708504 11183.056839 11198.188930 11206.353336 11208.532530 11209.906776 0.000000 0.000000
0.000000 0.000000 13176.228224 13175.524628 13172.443723 13151.320831 13144.948763 13128.070067 13133.846395 13120.160508 13124.511008 13122.662862 13115.476912 13125.850734 13135.882964 13139.245674 13152.531951 13160.027220 13171.352492 0.000000 0.000000
0.000000 0.000000 15312.792328 15304.594512 15296.029887 15292.305614 15281.053124 15259.648827 15255.505682 15256.553248 15264.243615 15252.674671 15257.180209 15256.856373 15280.833990 15290.363268 15293.708920 15297.980534 15322.598715 0.000000 0.000000
0.000000 0.000000 17546.481353 17541.637106 17542.087172 17527.211840 17519.392189 17465.597007 17463.705157 17462.725304 17439.818158 17453.370340 17457.818961 17463.007843 17500.557287 17508.685304 17533.839934 17533.685916 17541.284362 0.000000 0.000000
0.000000 0.000000 20126.141328 20129.055504 20114.262400 20109.242762 20043.195603 20067.420828 20049.944610 20051.576092 20059.763467 20053.896295 20051.290692 20045.761556 20021.135554 20092.268402 20098.939670 20121.244636 20131.997364 0.000000 0.000000
0.000000 0.000000 23033.746820 23024.934691 23015.074241 22940.120495 22959.813734 22921.949030 22901.266312 22897.592083 22883.785322 22872.359858 22879.965668 22878.791365 22920.296843 22904.043834 23010.701014 22988.758551 22985.793210 0.000000 0.000000
0.000000 0.000000 26047.638138 26044.610094 25936.694986 25976.061437 25975.057092 25967.174568 26016.803434 26000.762977 26024.836336 26016.497353 25998.484282 26026.624320 26024.813365 26027.195651 25927.720478 26088.750383 26080.214053 0.000000 0.000000
0.000000 0.000000 29614.416177 29459.031012 29509.512967 29454.519620 29373.666208 29356.186967 29307.963781 29322.043093 29271.152755 29276.892628 29304.437824 29279.398961 29317.311078 29369.413524 29507.148205 29401.557337 29568.207024 0.000000 0.000000
0.000000 0.000000 30767.508465 30927.984828 31064.208043 31071.268717 31082.581662 30962.223603 30985.456793 30944.703754 31009.970691 30998.319697 30991.466728 31007.277452 31104.649963 31097.671592 31090.425182 30984.213494 30825.609753 0.000000 0.000000
0.000000 0.000000 0.000000 0.000000 0.000000 0.000000 0.000000 0.000000 0.000000 0.000000 0.000000 0.000000 0.000000 0.000000 0.000000 0.000000 0.000000 0.000000 0.000000 0.000000 0.000000
0.000000 0.000000 0.000000 0.000000 0.000000 0.000000 0.000000 0.000000 0.000000 0.000000 0.000000 0.000000 0.000000 0.000000 0.000000 0.000000 0.000000 0.000000 0.000000 0.000000 0.000000