geotop/1.0zi/1.0Montebello/Templates/testdem/maps/_Erotot1584.asc
ncols         21
nrows         20
xllcorner     100.000000
yllcorner     100.000000
cellsize      50.000000
NODATA_value  -9999.0
0.000000 0.000000 0.000000 0.000000 0.000000 0.000000 0.000000 0.000000 0.000000 0.000000 0.000000 0.000000 0.000000 0.000000 0.000000 0.000000 0.000000 0.000000 0.000000 0.000000 0.000000
0.000000 0.000000 175.447267 175.449193 175.485529 175.469209 175.437460 175.449495 175.451485 175.444097 175.445118 175.444097 175.451485 175.449495 175.437460 175.469209 175.485529 175.449193 175.447267 0.000000 0.000000
0.000000 0.000000 9.179548 8.959236 7.181190 9.030985 9.224762 9.204986 9.213921 9.223773 9.221325 9.223773 9.213921 9.204986 9.224762 9.030985 7.181190 8.959236 9.179548 0.000000 0.000000
0.000000 0.000000 1265.046195 1264.833021 1265.019925 1263.062228 1265.353770 1264.936343 1264.885600 1265.481676 1265.437115 1265.481676 1264.885600 1264.936343 1265.353770 1263.062228 1265.019925 1264.833021 1265.046195 0.000000 0.000000
0.000000 0.000000 2347.042466 2346.829792 2346.232638 2346.925071 2347.381781 2347.185251 2347.141036 2347.294404 2347.247961 2347.294404 2347.141036 2347.185251 2347.381781 2346.925071 2346.232638 2346.829792 2347.042466 0.000000 0.000000
0.000000 0.000000 3080.382776 3080.213460 3079.603580 3079.805091 3080.703786 3080.454989 3080.428892 3080.668821 3080.645075 3080.668821 3080.428892 3080.454989 3080.703786 3079.805091 3079.603580 3080.213460 3080.382776 0.000000 0.000000
0.000000 0.000000 4015.399598 4015.263326 4014.697676 4014.893735 4015.665625 4015.453128 4015.437776 4015.636835 4015.616873 4015.636835 4015.437776 4015.453128 4015.665625 4014.893735 4014.697676 4015.263326 4015.399598 0.000000 0.000000
0.000000 0.000000 4901.698571 4901.585871 4901.054362 4901.247174 4901.922898 4901.740953 4901.727480 4901.901604 4901.882597 4901.901604 4901.727480 4901.740953 4901.922898 4901.247174 4901.054362 4901.585871 4901.698571 0.000000 0.000000
0.000000 0.000000 5738.610975 5738.506495 5737.996819 5738.183194 5738.816373 5738.647198 5738.635316 5738.800092 5738.782518 5738.800092 5738.635316 5738.647198 5738.816373 5738.183194 5737.996819 5738.506495 5738.610975 0.000000 0.000000
0.000000 0.000000 6536.419618 6536.341940 6535.840103 6536.062037 6536.607128 6536.456712 6536.451711 6536.598233 6536.580603 6536.598233 6536.451711 6536.456712 6536.607128 6536.062037 6535.840103 6536.341940 6536.419618 0.000000 0.000000
0.000000 0.000000 7299.590072 7299.502922 7299.017252 7299.211744 7299.773256 7299.621099 7299.613086 7299.761034 7299.742484 7299.761034 7299.613086 7299.621099 7299.773256 7299.211744 7299.017252 7299.502922 7299.590072 0.000000 0.000000
0.000000 0.000000 8035.721246 8035.631574 8035.159145 8035.343415 8035.895799 8035.748086 8035.740818 8035.886351 8035.869012 8035.886351 8035.740818 8035.748086 8035.895799 8035.343415 8035.159145 8035.631574 8035.721246 0.000000 0.000000
0.000000 0.000000 8751.932072 8751.844889 8751.376222 8751.560874 8752.098327 8751.953388 8751.946712 8752.089408 8752.071558 8752.089408 8751.946712 8751.953388 8752.098327 8751.560874 8751.376222 8751.844889 8751.932072 0.000000 0.000000
0.000000 0.000000 9448.137345 9448.056709 9447.593698 9447.797283 9448.299333 9448.159269 9448.155094 9448.292552 9448.274260 9448.292552 9448.155094 9448.159269 9448.299333 9447.797283 9447.593698 9448.056709 9448.137345 0.000000 0.000000
0.000000 0.000000 10128.989971 10128.906470 10128.442458 10128.634823 10129.146295 10129.005991 10129.000797 10129.139566 10129.120835 10129.139566 10129.000797 10129.005991 10129.146295 10128.634823 10128.442458 10128.906470 10128.989971 0.000000 0.000000
0.000000 0.000000 10795.147960 10795.065379 10794.610969 10794.795553 10795.297973 10795.161155 10795.156088 10795.291539 10795.273060 10795.291539 10795.156088 10795.161155 10795.297973 10794.795553 10794.610969 10795.065379 10795.147956 0.000000 0.000000
0.000000 0.000000 11446.036734 11445.954776 11445.497975 11445.685491 11446.184092 11446.046239 11446.041054 11446.175235 11446.155881 11446.175235 11446.041054 11446.046239 11446.184092 11445.685491 11445.497975 11445.954756 11446.036413 0.000000 0.000000
0.000000 0.000000 12115.968847 12116.207995 12115.757539 12115.936564 12116.436354 12116.297641 12116.292572 12116.428614 12116.409134 12116.428614 12116.292572 12116.297641 12116.436354 12115.936564 12115.757521 12116.204800 12116.286700 0.000000 0.000000
0.000000 0.000000 0.000000 0.000000 0.000000 0.000000 0.000000 0.000000 0.000000 0.000000 0.000000 0.000000 0.000000 0.000000 0.000000 0.000000 0.000000 0.000000 0.000000 0.000000 0.000000
0.000000 0.000000 0.000000 0.000000 0.000000 0.000000 0.000000 0.000000 0.000000 0.000000 0.000000 0.000000 0.000000 0.000000 0.000000 0.000000 0.000000 0.000000 0.000000 0.000000 0.000000