geotop/1.0zi/1.0Montebello/Templates/testdem/maps/_Erotot8192.asc
ncols         21
nrows         20
xllcorner     100.000000
yllcorner     100.000000
cellsize      50.000000
NODATA_value  -9999.0
0.000000 0.000000 0.000000 0.000000 0.000000 0.000000 0.000000 0.000000 0.000000 0.000000 0.000000 0.000000 0.000000 0.000000 0.000000 0.000000 0.000000 0.000000 0.000000 0.000000 0.000000
0.000000 0.000000 675.909083 676.707618 676.158148 676.263906 675.253601 675.413049 675.399725 675.462974 675.896003 675.221323 675.099668 675.151800 675.526355 675.680199 676.515330 677.062590 677.277394 0.000000 0.000000
0.000000 0.000000 52.204196 51.221096 51.462866 51.526517 52.160680 51.838266 51.545080 51.407315 51.636383 51.995643 52.015182 52.164623 51.919453 51.408021 50.135368 49.280806 49.805073 0.000000 0.000000
0.000000 0.000000 354.801321 355.934570 343.577567 338.317589 338.882124 327.565382 327.665897 328.501586 324.849792 323.069004 325.221273 325.367500 335.627428 342.695627 347.303991 350.207765 355.426283 0.000000 0.000000
0.000000 0.000000 3342.790975 3345.222268 3347.372807 3324.363001 3304.629317 3293.055202 3292.239733 3287.533109 3294.433163 3299.566202 3295.086338 3293.649856 3308.742669 3312.596715 3323.925563 3333.738430 3333.996397 0.000000 0.000000
0.000000 0.000000 5291.465628 5286.064654 5282.614970 5276.412351 5260.746796 5250.975958 5251.843765 5250.803225 5247.477331 5241.765235 5240.800339 5244.019206 5243.575077 5263.909920 5271.793091 5278.022949 5281.021165 0.000000 0.000000
0.000000 0.000000 6616.180431 6613.208054 6608.565427 6601.556174 6587.469988 6564.968418 6563.886063 6560.093605 6561.522926 6565.236295 6566.750995 6567.250345 6595.537408 6605.829640 6611.595983 6614.430097 6619.777442 0.000000 0.000000
0.000000 0.000000 7795.891947 7796.215134 7793.065845 7782.900067 7780.013444 7770.164913 7770.330169 7770.145109 7769.164411 7765.198570 7764.511632 7770.774716 7772.937934 7778.165075 7790.977679 7789.607949 7794.790210 0.000000 0.000000
0.000000 0.000000 9338.915525 9334.416405 9327.836456 9327.261303 9315.642082 9299.722603 9300.983255 9296.351531 9294.299691 9294.017508 9296.534580 9290.710084 9309.856262 9324.233303 9326.436192 9330.292927 9331.896038 0.000000 0.000000
0.000000 0.000000 11104.671177 11101.257111 11101.273664 11096.623331 11075.493732 11065.165350 11064.710332 11064.468150 11060.989712 11064.492824 11067.706316 11066.976165 11074.265534 11089.279614 11097.391129 11099.523929 11100.863621 0.000000 0.000000
0.000000 0.000000 13044.951414 13044.228453 13040.984288 13019.944210 13013.551677 12996.856730 13002.745037 12989.013269 12993.276361 12991.417301 12984.283900 12994.568284 13004.533404 13007.823917 13021.034158 13028.443731 13039.679868 0.000000 0.000000
0.000000 0.000000 15154.823625 15146.658114 15137.955653 15134.205576 15122.990020 15101.822982 15097.887590 15098.752954 15106.327586 15094.820019 15099.280271 15098.965137 15122.738180 15132.121377 15135.442803 15139.664028 15164.076425 0.000000 0.000000
0.000000 0.000000 17359.234034 17354.388400 17354.598426 17339.810567 17331.995065 17279.019504 17277.291735 17276.193789 17253.485669 17266.818292 17271.251786 17276.348834 17313.368862 17321.357488 17346.257852 17346.064310 17353.692653 0.000000 0.000000
0.000000 0.000000 19902.131632 19904.972017 19890.118256 19885.065814 19820.152361 19843.602141 19826.556634 19827.981185 19835.820569 19830.100898 19827.580800 19822.140118 19798.229074 19868.039256 19874.757548 19896.706901 19907.301653 0.000000 0.000000
0.000000 0.000000 22767.410551 22758.661996 22748.635208 22675.334590 22693.692877 22656.818822 22636.504217 22632.747720 22619.200913 22607.878017 22615.279757 22614.054584 22654.681511 22639.557818 22744.002673 22722.624367 22719.773390 0.000000 0.000000
0.000000 0.000000 25742.842248 25739.777328 25633.929237 25671.059412 25670.250727 25661.925671 25710.549371 25694.512379 25717.775894 25709.398153 25691.952554 25719.423932 25718.328974 25720.488660 25624.775589 25781.819345 25773.314158 0.000000 0.000000
0.000000 0.000000 29273.011968 29120.415541 29167.872326 29114.411096 29034.670031 29017.471981 28971.038576 28984.494916 28934.773227 28940.252628 28966.978899 28942.906981 28980.185286 29031.329367 29165.200274 29064.167851 29227.656070 0.000000 0.000000
0.000000 0.000000 30454.172225 30610.249226 30745.065353 30751.127138 30761.047305 30642.018136 30664.497192 30624.207101 30687.887604 30676.427933 30670.127958 30685.232053 30781.918202 30775.864029 30770.728814 30664.457489 30510.223195 0.000000 0.000000
0.000000 0.000000 0.000000 0.000000 0.000000 0.000000 0.000000 0.000000 0.000000 0.000000 0.000000 0.000000 0.000000 0.000000 0.000000 0.000000 0.000000 0.000000 0.000000 0.000000 0.000000
0.000000 0.000000 0.000000 0.000000 0.000000 0.000000 0.000000 0.000000 0.000000 0.000000 0.000000 0.000000 0.000000 0.000000 0.000000 0.000000 0.000000 0.000000 0.000000 0.000000 0.000000