geotop/1.0zi/1.0Montebello/Templates/testdem/maps/_Erotot8024.asc
ncols         21
nrows         20
xllcorner     100.000000
yllcorner     100.000000
cellsize      50.000000
NODATA_value  -9999.0
0.000000 0.000000 0.000000 0.000000 0.000000 0.000000 0.000000 0.000000 0.000000 0.000000 0.000000 0.000000 0.000000 0.000000 0.000000 0.000000 0.000000 0.000000 0.000000 0.000000 0.000000
0.000000 0.000000 670.652233 671.459610 670.920610 671.035375 670.034818 670.203586 670.190082 670.253492 670.686399 670.011838 669.890209 669.942339 670.307156 670.451779 671.277707 671.814376 672.020009 0.000000 0.000000
0.000000 0.000000 51.905634 50.925212 50.849807 51.236628 51.873647 51.553344 51.257178 51.122240 51.353035 51.711573 51.731107 51.880902 51.633780 51.122919 49.846939 48.989200 49.509032 0.000000 0.000000
0.000000 0.000000 354.459944 355.576677 343.514273 337.949453 338.501992 327.184957 327.303644 328.123289 324.463981 322.689257 324.836798 324.977037 335.245035 342.299515 346.925115 349.835749 354.708062 0.000000 0.000000
0.000000 0.000000 3255.935781 3257.979455 3260.266850 3237.205890 3216.882961 3206.023055 3205.295364 3200.553840 3207.387056 3212.501827 3207.984417 3206.510748 3221.569785 3225.277438 3236.488768 3245.057851 3244.679082 0.000000 0.000000
0.000000 0.000000 5193.279609 5187.971759 5184.483062 5178.310436 5163.159957 5153.082801 5153.964257 5152.887291 5149.581394 5143.888771 5142.919156 5146.135238 5145.637766 5165.828929 5173.721186 5180.559316 5183.757693 0.000000 0.000000
0.000000 0.000000 6503.310764 6500.255208 6495.667770 6488.645350 6474.581918 6452.385233 6451.323428 6447.523738 6448.941834 6452.650091 6454.151496 6454.635906 6482.699625 6492.887139 6498.630380 6501.385358 6506.605233 0.000000 0.000000
0.000000 0.000000 7650.890758 7651.124319 7648.026271 7637.874717 7635.030637 7625.357129 7625.545663 7625.353156 7624.373749 7620.398015 7619.708914 7625.940975 7628.009651 7633.108409 7645.866723 7644.371115 7649.382435 0.000000 0.000000
0.000000 0.000000 9153.473900 9148.888534 9142.395066 9141.808064 9130.285573 9114.596204 9115.870257 9111.255208 9109.193251 9108.907803 9111.394597 9105.571882 9124.550605 9138.746570 9140.897510 9144.574031 9145.960145 0.000000 0.000000
0.000000 0.000000 10873.080953 10869.569591 10869.638036 10865.003516 10844.052719 10833.948801 10833.522523 10833.269886 10829.799158 10833.270230 10836.437532 10835.697813 10842.855631 10857.652461 10865.667831 10867.598300 10868.694493 0.000000 0.000000
0.000000 0.000000 12759.132245 12758.280786 12755.129053 12734.264426 12727.938919 12711.574741 12717.413433 12703.833640 12708.031274 12706.179053 12699.116397 12709.254410 12719.053356 12722.217739 12735.278089 12742.382269 12753.247818 0.000000 0.000000
0.000000 0.000000 14804.790983 14796.595191 14788.080696 14784.297289 14773.276052 14752.554788 14748.729324 14749.504489 14756.966034 14745.614727 14749.949347 14749.685248 14772.999594 14782.115309 14785.384960 14789.344916 14813.118309 0.000000 0.000000
0.000000 0.000000 16936.662045 16931.706814 16931.923267 16917.323640 16909.648468 16858.403180 16856.694212 16855.643969 16833.473782 16846.388549 16850.749560 16855.693803 16891.497044 16899.219182 16923.593434 16923.132613 16930.562402 0.000000 0.000000
0.000000 0.000000 19389.289056 19391.861322 19377.429894 19372.329041 19309.993534 19332.039979 19315.522682 19316.858526 19324.136523 19318.743414 19316.355264 19311.135694 19288.426208 19355.439831 19362.234365 19383.223897 19393.207494 0.000000 0.000000
0.000000 0.000000 22145.419900 22136.656995 22126.942291 22057.251477 22073.236803 22038.486736 22018.557195 22015.006805 22002.168269 21991.109545 21998.033230 21996.756256 22035.392208 22022.495994 22122.063233 22101.643057 22098.670798 0.000000 0.000000
0.000000 0.000000 25013.335442 25010.059736 24909.566886 24942.413441 24942.257341 24933.030453 24979.012142 24963.426356 24985.135949 24976.731492 24960.455968 24986.509714 24986.795123 24988.371770 24900.297919 25048.219824 25039.475688 0.000000 0.000000
0.000000 0.000000 28431.306197 28285.398539 28327.225506 28277.012072 28200.211755 28183.919239 28141.016462 28153.513171 28106.653481 28111.575170 28136.395900 28114.544506 28150.014467 28198.833986 28324.181009 28232.598391 28388.046425 0.000000 0.000000
0.000000 0.000000 29653.790587 29799.233050 29930.806495 29934.693559 29941.428214 29825.754293 29846.012034 29807.334527 29867.253199 29856.303503 29851.263051 29864.707809 29959.520014 29955.735128 29955.304072 29849.093787 29704.970665 0.000000 0.000000
0.000000 0.000000 0.000000 0.000000 0.000000 0.000000 0.000000 0.000000 0.000000 0.000000 0.000000 0.000000 0.000000 0.000000 0.000000 0.000000 0.000000 0.000000 0.000000 0.000000 0.000000
0.000000 0.000000 0.000000 0.000000 0.000000 0.000000 0.000000 0.000000 0.000000 0.000000 0.000000 0.000000 0.000000 0.000000 0.000000 0.000000 0.000000 0.000000 0.000000 0.000000 0.000000