geotop/1.0zi/1.0Montebello/Templates/testdem/maps/_Erotot5845.asc
ncols         21
nrows         20
xllcorner     100.000000
yllcorner     100.000000
cellsize      50.000000
NODATA_value  -9999.0
0.000000 0.000000 0.000000 0.000000 0.000000 0.000000 0.000000 0.000000 0.000000 0.000000 0.000000 0.000000 0.000000 0.000000 0.000000 0.000000 0.000000 0.000000 0.000000 0.000000 0.000000
0.000000 0.000000 449.437430 448.636135 448.452059 448.240984 448.206211 448.309817 448.253886 448.431945 448.335079 448.133194 448.071279 448.150715 448.261246 448.164586 448.361829 448.556705 448.980991 0.000000 0.000000
0.000000 0.000000 33.999994 34.671685 34.967625 36.140948 35.883025 35.637752 35.464749 35.241417 35.458377 35.814380 35.629549 35.374921 35.820373 35.591895 34.756613 33.921167 33.309543 0.000000 0.000000
0.000000 0.000000 184.380248 185.691053 178.025729 175.050920 176.414572 171.364476 170.979081 170.672620 169.766876 167.366595 169.958987 168.154628 171.748982 177.199286 176.920741 180.180469 183.486516 0.000000 0.000000
0.000000 0.000000 1782.194353 1787.024087 1792.900830 1774.626397 1759.586604 1748.823150 1751.440758 1748.881265 1752.605370 1756.869329 1753.410261 1751.159371 1761.159319 1760.511488 1767.745265 1774.819937 1776.108463 0.000000 0.000000
0.000000 0.000000 3244.666960 3238.839496 3235.617266 3230.968494 3222.939570 3215.656551 3213.892772 3213.942680 3212.797470 3210.672718 3208.008391 3210.259682 3210.164566 3225.736277 3230.820925 3234.321578 3236.768249 0.000000 0.000000
0.000000 0.000000 4302.062623 4299.510302 4296.747125 4292.483991 4279.561620 4262.997662 4263.075324 4259.633366 4261.393742 4264.190857 4266.028616 4267.117749 4286.837247 4296.147502 4300.901997 4302.449447 4307.662515 0.000000 0.000000
0.000000 0.000000 4938.036002 4939.479839 4938.629157 4932.380488 4931.864759 4924.865632 4925.423692 4925.908748 4924.664587 4922.290323 4921.985827 4925.433517 4925.345391 4927.627040 4935.816581 4934.107632 4937.107942 0.000000 0.000000
0.000000 0.000000 5814.515655 5811.928796 5807.919319 5808.929469 5802.364824 5791.957093 5792.413949 5789.878771 5787.436364 5788.661592 5789.815704 5784.565749 5797.560710 5805.349597 5807.381218 5808.236774 5809.656801 0.000000 0.000000
0.000000 0.000000 6831.504159 6829.215144 6831.424081 6830.830180 6816.167542 6809.221784 6810.641063 6809.824625 6807.797307 6810.933456 6813.828445 6812.131803 6815.184833 6825.228419 6828.986865 6829.205084 6829.910413 0.000000 0.000000
0.000000 0.000000 7929.049755 7929.324004 7929.512234 7915.393296 7912.815940 7902.173313 7905.709304 7896.773935 7899.201784 7898.296063 7893.565321 7900.737079 7904.968351 7906.155082 7912.681455 7918.558592 7925.777644 0.000000 0.000000
0.000000 0.000000 9076.756451 9072.298582 9067.500029 9065.818691 9061.939494 9047.255102 9046.297726 9045.489478 9052.134197 9045.157519 9047.118406 9046.537343 9061.785925 9064.815424 9066.174177 9066.704505 9085.939207 0.000000 0.000000
0.000000 0.000000 10238.428293 10236.602975 10237.667664 10230.318325 10226.303544 10199.941578 10198.728919 10198.489057 10184.250591 10193.196784 10197.048244 10198.892414 10214.739451 10218.423617 10232.197278 10231.588394 10238.419857 0.000000 0.000000
0.000000 0.000000 11511.865422 11513.342336 11506.626629 11505.605554 11478.587742 11486.578942 11476.213191 11477.730490 11478.936003 11478.557988 11477.006484 11473.541088 11463.691986 11492.638760 11497.932729 11508.459822 11515.407714 0.000000 0.000000
0.000000 0.000000 12885.213484 12880.331809 12877.469051 12854.042912 12853.484062 12838.195124 12825.447006 12824.021748 12819.162992 12813.066815 12816.136954 12814.216036 12828.765750 12832.489249 12872.732153 12864.051720 12864.165814 0.000000 0.000000
0.000000 0.000000 14293.667653 14293.130271 14258.251347 14257.436539 14262.304009 14254.662133 14271.473784 14264.064019 14269.894278 14265.466224 14260.250957 14268.500900 14272.126542 14271.550812 14251.667835 14301.712204 14294.765562 0.000000 0.000000
0.000000 0.000000 15892.865327 15850.618896 15848.394471 15839.011976 15814.149986 15807.387493 15799.366249 15802.624378 15789.096914 15789.485675 15794.301685 15794.039747 15805.453426 15815.991785 15846.546974 15841.011705 15888.722710 0.000000 0.000000
0.000000 0.000000 17010.919277 17022.877492 17067.333544 17060.649697 17046.409005 17009.952394 17011.064842 16997.398101 17008.936381 17007.057883 17012.697750 17007.840389 17039.503225 17051.203599 17074.271304 17028.839060 17016.768716 0.000000 0.000000
0.000000 0.000000 0.000000 0.000000 0.000000 0.000000 0.000000 0.000000 0.000000 0.000000 0.000000 0.000000 0.000000 0.000000 0.000000 0.000000 0.000000 0.000000 0.000000 0.000000 0.000000
0.000000 0.000000 0.000000 0.000000 0.000000 0.000000 0.000000 0.000000 0.000000 0.000000 0.000000 0.000000 0.000000 0.000000 0.000000 0.000000 0.000000 0.000000 0.000000 0.000000 0.000000