geotop/1.0zi/1.0Montebello/Templates/testdem/maps/_Erotot8238.asc
ncols         21
nrows         20
xllcorner     100.000000
yllcorner     100.000000
cellsize      50.000000
NODATA_value  -9999.0
0.000000 0.000000 0.000000 0.000000 0.000000 0.000000 0.000000 0.000000 0.000000 0.000000 0.000000 0.000000 0.000000 0.000000 0.000000 0.000000 0.000000 0.000000 0.000000 0.000000 0.000000
0.000000 0.000000 680.235265 681.032860 680.482212 680.586938 679.575557 679.733968 679.720799 679.783934 680.216965 679.542293 679.420647 679.472736 679.848407 680.003227 680.839425 681.387706 681.603519 0.000000 0.000000
0.000000 0.000000 52.597955 51.614711 51.856466 51.920156 52.554198 52.231789 51.938435 51.800795 52.029879 52.389139 52.408671 52.558155 52.312889 51.801696 50.529087 49.674560 50.198968 0.000000 0.000000
0.000000 0.000000 354.827554 355.962209 343.594152 338.339253 338.901422 327.588384 327.680796 328.527302 324.870964 323.086951 325.239673 325.384437 335.646142 342.715529 347.321688 350.222401 355.440518 0.000000 0.000000
0.000000 0.000000 3385.093452 3387.536263 3390.548168 3367.595006 3348.097416 3336.210989 3334.797136 3330.557633 3337.719030 3342.968526 3338.445429 3337.109847 3352.166706 3356.286658 3367.710330 3377.758334 3378.134742 0.000000 0.000000
0.000000 0.000000 5347.196710 5341.800545 5338.088489 5331.846332 5315.999003 5306.262662 5307.357321 5306.115871 5302.715724 5296.979498 5296.027470 5299.227712 5298.837250 5319.140742 5327.046028 5333.220251 5336.153776 0.000000 0.000000
0.000000 0.000000 6678.275608 6675.298054 6670.757542 6663.743158 6649.668360 6626.984432 6625.843559 6622.089004 6623.551782 6627.281946 6628.789776 6629.305469 6657.727903 6668.059209 6673.858201 6676.729798 6682.081110 0.000000 0.000000
0.000000 0.000000 7874.976481 7875.302938 7872.305729 7862.118507 7859.222508 7849.278567 7849.340446 7849.232205 7848.295121 7844.347812 7843.651277 7849.943200 7852.133572 7857.442617 7870.315575 7868.989713 7874.195258 0.000000 0.000000
0.000000 0.000000 9438.164699 9433.659057 9427.234175 9426.655434 9415.017221 9398.944618 9400.091999 9395.537634 9393.533409 9393.274501 9395.787503 9389.976435 9409.209378 9423.698330 9425.953368 9429.867162 9431.493334 0.000000 0.000000
0.000000 0.000000 11227.125600 11223.706022 11223.912560 11219.243809 11198.050461 11187.565300 11186.978626 11186.839237 11183.403382 11186.944329 11190.163473 11189.453780 11196.815626 11211.961298 11220.147280 11222.335163 11223.698701 0.000000 0.000000
0.000000 0.000000 13193.939141 13193.226176 13190.167686 13169.024995 13162.641084 13145.735796 13151.519930 13137.815558 13142.168321 13140.324326 13133.131648 13143.514209 13153.561317 13156.933193 13170.244615 13177.752881 13189.072248 0.000000 0.000000
0.000000 0.000000 15335.220697 15327.006906 15318.461700 15314.727876 15303.456427 15282.018194 15277.874390 15278.915683 15286.611481 15275.038449 15279.547538 15279.222273 15303.231305 15312.777403 15316.143937 15320.425333 15345.050669 0.000000 0.000000
0.000000 0.000000 17574.339657 17569.482253 17569.964579 17555.066043 17547.230272 17493.308309 17491.421194 17490.426806 17467.487619 17481.068853 17485.518084 17490.717307 17528.360265 17536.504866 17561.708994 17561.563821 17569.142298 0.000000 0.000000
0.000000 0.000000 20160.898400 20163.807075 20149.024511 20143.994765 20077.762099 20102.079172 20084.576766 20086.201371 20094.422295 20088.540193 20085.922644 20080.381406 20055.672887 20126.996794 20133.683422 20156.037802 20166.791690 0.000000 0.000000
0.000000 0.000000 23076.680709 23067.844232 23058.006418 22982.787345 23002.628928 22964.631026 22943.930955 22940.230292 22926.377996 22914.942175 22922.573706 22921.404364 22963.031236 22946.636846 23053.640764 23031.628520 23028.627035 0.000000 0.000000
0.000000 0.000000 26098.834788 26095.795290 25987.557638 26027.203144 26026.153058 26018.300383 26068.101713 26052.019821 26076.192030 26067.861192 26049.769308 26077.999151 26076.124933 26078.534911 25978.580077 26140.199051 26131.635436 0.000000 0.000000
0.000000 0.000000 29673.904036 29518.076249 29568.934860 29513.676095 29432.620616 29415.063154 29366.629585 29380.753938 29329.692053 29335.471110 29363.127396 29337.954452 29375.996830 29428.258515 29566.585492 29460.413873 29627.517196 0.000000 0.000000
0.000000 0.000000 30825.318180 30986.314686 31122.675412 31129.820473 31141.261949 31020.670943 31044.036522 31003.188709 31068.660371 31056.987275 31050.057750 31065.963323 31163.484804 31156.423369 31148.945489 31042.802940 30883.649326 0.000000 0.000000
0.000000 0.000000 0.000000 0.000000 0.000000 0.000000 0.000000 0.000000 0.000000 0.000000 0.000000 0.000000 0.000000 0.000000 0.000000 0.000000 0.000000 0.000000 0.000000 0.000000 0.000000
0.000000 0.000000 0.000000 0.000000 0.000000 0.000000 0.000000 0.000000 0.000000 0.000000 0.000000 0.000000 0.000000 0.000000 0.000000 0.000000 0.000000 0.000000 0.000000 0.000000 0.000000