geotop/1.0zi/1.0Montebello/Templates/testdem/maps/_Erotot1751.asc
ncols         21
nrows         20
xllcorner     100.000000
yllcorner     100.000000
cellsize      50.000000
NODATA_value  -9999.0
0.000000 0.000000 0.000000 0.000000 0.000000 0.000000 0.000000 0.000000 0.000000 0.000000 0.000000 0.000000 0.000000 0.000000 0.000000 0.000000 0.000000 0.000000 0.000000 0.000000 0.000000
0.000000 0.000000 187.822464 187.824435 187.860891 187.845098 187.812346 187.824770 187.826797 187.819201 187.820261 187.819201 187.826797 187.824770 187.812346 187.845098 187.860891 187.824435 187.822464 0.000000 0.000000
0.000000 0.000000 10.112667 9.892339 8.114208 9.963327 10.158404 10.138064 10.147138 10.157214 10.154724 10.157214 10.147138 10.138064 10.158404 9.963327 8.114208 9.892339 10.112667 0.000000 0.000000
0.000000 0.000000 1323.863436 1323.652111 1323.847331 1321.894296 1324.167547 1323.752492 1323.700251 1324.292182 1324.247159 1324.292182 1323.700251 1323.752492 1324.167547 1321.894296 1323.847331 1323.652111 1323.863436 0.000000 0.000000
0.000000 0.000000 2548.540952 2548.328556 2547.730429 2548.422127 2548.878635 2548.683391 2548.638576 2548.790846 2548.744474 2548.790846 2548.638576 2548.683391 2548.878635 2548.422127 2547.730429 2548.328556 2548.540952 0.000000 0.000000
0.000000 0.000000 3332.576646 3332.408617 3331.802478 3332.006508 3332.894558 3332.647986 3332.620953 3332.858148 3332.834242 3332.858148 3332.620953 3332.647986 3332.894558 3332.006508 3331.802478 3332.408617 3332.576646 0.000000 0.000000
0.000000 0.000000 4350.801400 4350.666491 4350.105455 4350.303407 4351.064478 4350.854244 4350.838034 4351.034277 4351.014177 4351.034277 4350.838034 4350.854244 4351.064478 4350.303407 4350.105455 4350.666491 4350.801400 0.000000 0.000000
0.000000 0.000000 5316.919404 5316.808060 5316.281746 5316.475961 5317.140907 5316.961231 5316.947103 5317.118427 5317.099352 5317.118427 5316.947103 5316.961231 5317.140907 5316.475961 5316.281746 5316.808060 5316.919404 0.000000 0.000000
0.000000 0.000000 6228.126796 6228.023851 6227.519966 6227.707361 6228.329311 6228.162548 6228.150131 6228.311934 6228.294312 6228.311934 6228.150131 6228.162548 6228.329311 6227.707361 6227.519966 6228.023850 6228.126796 0.000000 0.000000
0.000000 0.000000 7095.435549 7095.359334 7094.863961 7095.086253 7095.620155 7095.472206 7095.466714 7095.610252 7095.592632 7095.610252 7095.466714 7095.472206 7095.620155 7095.086253 7094.863961 7095.359334 7095.435549 0.000000 0.000000
0.000000 0.000000 7923.018656 7922.933094 7922.454491 7922.648926 7923.198764 7923.049273 7923.040845 7923.185679 7923.167199 7923.185679 7923.040845 7923.049273 7923.198764 7922.648926 7922.454491 7922.933094 7923.018656 0.000000 0.000000
0.000000 0.000000 8719.626798 8719.538900 8719.074133 8719.258111 8719.798154 8719.653283 8719.645658 8719.787894 8719.770651 8719.787894 8719.645658 8719.653283 8719.798154 8719.258111 8719.074133 8719.538900 8719.626798 0.000000 0.000000
0.000000 0.000000 9493.370531 9493.285373 9492.824945 9493.008979 9493.533552 9493.391607 9493.384617 9493.523890 9493.506144 9493.523890 9493.384617 9493.391607 9493.533552 9493.008979 9492.824945 9493.285373 9493.370531 0.000000 0.000000
0.000000 0.000000 10245.152906 10245.074330 10244.620320 10244.822635 10245.311605 10245.174682 10245.170196 10245.304088 10245.285963 10245.304088 10245.170196 10245.174682 10245.311605 10244.822635 10244.620320 10245.074330 10245.152906 0.000000 0.000000
0.000000 0.000000 10979.094861 10979.013421 10978.559340 10978.750044 10979.247810 10979.110828 10979.105366 10979.240346 10979.221847 10979.240346 10979.105366 10979.110828 10979.247810 10978.750044 10978.559340 10979.013421 10979.094861 0.000000 0.000000
0.000000 0.000000 11696.575157 11696.494757 11696.050548 11696.233346 11696.721528 11696.588132 11696.582852 11696.714491 11696.696269 11696.714491 11696.582852 11696.588132 11696.721528 11696.233346 11696.050548 11696.494757 11696.575153 0.000000 0.000000
0.000000 0.000000 12397.261499 12397.181753 12396.736221 12396.921678 12397.405022 12397.271053 12397.265700 12397.395724 12397.376724 12397.395724 12397.265700 12397.271053 12397.405022 12396.921678 12396.736221 12397.181732 12397.261116 0.000000 0.000000
0.000000 0.000000 13114.724080 13114.972478 13114.533532 13114.710418 13115.193898 13115.059336 13115.054090 13115.185640 13115.166524 13115.185640 13115.054090 13115.059336 13115.193898 13114.710418 13114.533514 13114.969172 13115.048576 0.000000 0.000000
0.000000 0.000000 0.000000 0.000000 0.000000 0.000000 0.000000 0.000000 0.000000 0.000000 0.000000 0.000000 0.000000 0.000000 0.000000 0.000000 0.000000 0.000000 0.000000 0.000000 0.000000
0.000000 0.000000 0.000000 0.000000 0.000000 0.000000 0.000000 0.000000 0.000000 0.000000 0.000000 0.000000 0.000000 0.000000 0.000000 0.000000 0.000000 0.000000 0.000000 0.000000 0.000000