geotop/1.0zi/1.0Montebello/Templates/testdem/maps/_Erotot1169.asc
ncols         21
nrows         20
xllcorner     100.000000
yllcorner     100.000000
cellsize      50.000000
NODATA_value  -9999.0
0.000000 0.000000 0.000000 0.000000 0.000000 0.000000 0.000000 0.000000 0.000000 0.000000 0.000000 0.000000 0.000000 0.000000 0.000000 0.000000 0.000000 0.000000 0.000000 0.000000 0.000000
0.000000 0.000000 124.613302 124.614682 124.649486 124.624696 124.606501 124.614702 124.616256 124.611170 124.611821 124.611170 124.616256 124.614702 124.606501 124.624696 124.649486 124.614682 124.613302 0.000000 0.000000
0.000000 0.000000 8.614516 8.395831 6.620226 8.477939 8.650414 8.641672 8.652419 8.658223 8.656349 8.658223 8.652419 8.641672 8.650414 8.477939 6.620226 8.395831 8.614516 0.000000 0.000000
0.000000 0.000000 924.222003 924.016310 924.037201 922.015322 924.277717 923.934958 923.897800 924.427244 924.370249 924.427244 923.897800 923.934958 924.277717 922.015322 924.037201 924.016310 924.222003 0.000000 0.000000
0.000000 0.000000 1702.150409 1701.925670 1701.171525 1701.860710 1702.292829 1702.125672 1702.083479 1702.232355 1702.186610 1702.232355 1702.083479 1702.125672 1702.292829 1701.860710 1701.171525 1701.925670 1702.150409 0.000000 0.000000
0.000000 0.000000 2246.529999 2246.356029 2245.601587 2245.776075 2246.615687 2246.442107 2246.428526 2246.645872 2246.618233 2246.645872 2246.428526 2246.442107 2246.615687 2245.776075 2245.601587 2246.356029 2246.529999 0.000000 0.000000
0.000000 0.000000 2938.346487 2938.207834 2937.525956 2937.699070 2938.406474 2938.274184 2938.269775 2938.449045 2938.425033 2938.449045 2938.269775 2938.274184 2938.406474 2937.699070 2937.525956 2938.207834 2938.346487 0.000000 0.000000
0.000000 0.000000 3598.185418 3598.065686 3597.434263 3597.606926 3598.228010 3598.120830 3598.120460 3598.278116 3598.257309 3598.278116 3598.120460 3598.120830 3598.228010 3597.606926 3597.434263 3598.065686 3598.185418 0.000000 0.000000
0.000000 0.000000 4224.795608 4224.685988 4224.085046 4224.253013 4224.830824 4224.734447 4224.736300 4224.882939 4224.862757 4224.882939 4224.736300 4224.734447 4224.830824 4224.253013 4224.085046 4224.685988 4224.795608 0.000000 0.000000
0.000000 0.000000 4825.212878 4825.130424 4824.541097 4824.746920 4825.239325 4825.159035 4825.167692 4825.297016 4825.276719 4825.297016 4825.167692 4825.159035 4825.239325 4824.746920 4824.541097 4825.130424 4825.212878 0.000000 0.000000
0.000000 0.000000 5402.065549 5401.973301 5401.401674 5401.581234 5402.093795 5402.009286 5402.014793 5402.146656 5402.125319 5402.146656 5402.014793 5402.009286 5402.093795 5401.581234 5401.401674 5401.973301 5402.065549 0.000000 0.000000
0.000000 0.000000 5961.080074 5960.984796 5960.426752 5960.596642 5961.103818 5961.021806 5961.027980 5961.158592 5961.138424 5961.158592 5961.027980 5961.021806 5961.103818 5960.596642 5960.426752 5960.984796 5961.080074 0.000000 0.000000
0.000000 0.000000 6507.600416 6507.507078 6506.955752 6507.126937 6507.622122 6507.541207 6507.548086 6507.676702 6507.656065 6507.676702 6507.548086 6507.541207 6507.622122 6507.126937 6506.955752 6507.507078 6507.600416 0.000000 0.000000
0.000000 0.000000 7041.916400 7041.829651 7041.282978 7041.475014 7041.936142 7041.858885 7041.868427 7041.992639 7041.971350 7041.992639 7041.868427 7041.858885 7041.936142 7041.475014 7041.282978 7041.829651 7041.916400 0.000000 0.000000
0.000000 0.000000 7567.745957 7567.656740 7567.110832 7567.292424 7567.765890 7567.686927 7567.695526 7567.822105 7567.800110 7567.822105 7567.695526 7567.686927 7567.765890 7567.292424 7567.110832 7567.656740 7567.745957 0.000000 0.000000
0.000000 0.000000 8085.932649 8085.844077 8085.311294 8085.485270 8085.951541 8085.875377 8085.883926 8086.007349 8085.985584 8086.007349 8085.883926 8085.875377 8085.951541 8085.485270 8085.311294 8085.844076 8085.932646 0.000000 0.000000
0.000000 0.000000 8594.618399 8594.530152 8593.994606 8594.172259 8594.638461 8594.559165 8594.567872 8594.693551 8594.670704 8594.693551 8594.567872 8594.559165 8594.638461 8594.172259 8593.994606 8594.530135 8594.618055 0.000000 0.000000
0.000000 0.000000 9120.479399 9120.635661 9120.102226 9120.270925 9120.742285 9120.660966 9120.669852 9120.797841 9120.774732 9120.797841 9120.669852 9120.660966 9120.742285 9120.270925 9120.102210 9120.632861 9120.721784 0.000000 0.000000
0.000000 0.000000 0.000000 0.000000 0.000000 0.000000 0.000000 0.000000 0.000000 0.000000 0.000000 0.000000 0.000000 0.000000 0.000000 0.000000 0.000000 0.000000 0.000000 0.000000 0.000000
0.000000 0.000000 0.000000 0.000000 0.000000 0.000000 0.000000 0.000000 0.000000 0.000000 0.000000 0.000000 0.000000 0.000000 0.000000 0.000000 0.000000 0.000000 0.000000 0.000000 0.000000