geotop/1.0zi/1.0Montebello/Templates/testdem/maps/_Erotot8679.asc
ncols         21
nrows         20
xllcorner     100.000000
yllcorner     100.000000
cellsize      50.000000
NODATA_value  -9999.0
0.000000 0.000000 0.000000 0.000000 0.000000 0.000000 0.000000 0.000000 0.000000 0.000000 0.000000 0.000000 0.000000 0.000000 0.000000 0.000000 0.000000 0.000000 0.000000 0.000000 0.000000
0.000000 0.000000 691.442899 692.257630 691.688635 691.777906 690.752288 690.903205 690.889284 690.965539 691.341024 690.716979 690.598828 690.646595 691.026759 691.187467 692.031074 692.587992 692.810036 0.000000 0.000000
0.000000 0.000000 54.278577 53.231737 53.522827 53.491454 54.148801 53.803556 53.481441 53.314701 53.531446 53.847790 53.912734 54.018703 53.865720 53.357270 52.093525 51.273670 51.808491 0.000000 0.000000
0.000000 0.000000 369.668880 370.528885 356.655818 348.930789 349.529686 341.244545 341.078055 342.431284 338.944510 336.883554 339.211512 339.401214 349.766704 357.201794 361.970641 364.659827 370.289303 0.000000 0.000000
0.000000 0.000000 3652.323449 3649.189531 3650.461217 3623.858120 3600.318417 3589.099255 3588.488418 3582.497433 3591.557241 3598.712719 3597.827883 3593.031035 3609.315847 3611.953561 3626.003864 3634.776409 3635.751154 0.000000 0.000000
0.000000 0.000000 5725.007979 5721.092801 5715.976939 5710.963585 5695.037855 5684.665493 5686.273167 5685.031098 5681.198099 5675.266800 5673.757407 5677.630756 5677.233232 5699.246989 5705.484098 5711.526725 5714.280421 0.000000 0.000000
0.000000 0.000000 7090.300459 7085.472569 7082.754985 7074.590975 7060.065665 7034.866696 7034.095993 7031.674091 7031.744646 7036.263681 7036.980591 7037.878630 7067.542795 7077.627631 7083.523694 7086.910000 7092.143222 0.000000 0.000000
0.000000 0.000000 8397.587680 8397.447722 8393.584466 8381.662664 8378.800200 8370.058190 8370.270356 8368.118490 8368.503838 8364.357399 8363.196844 8370.200627 8372.433869 8377.887766 8391.840590 8389.757215 8395.620261 0.000000 0.000000
0.000000 0.000000 10100.705726 10094.970657 10088.124036 10086.535550 10072.379858 10056.314960 10058.315322 10054.665788 10052.123149 10051.836425 10054.667569 10048.462232 10068.999929 10083.984133 10086.251746 10090.522623 10092.590041 0.000000 0.000000
0.000000 0.000000 12053.807550 12048.969763 12048.280503 12042.996913 12020.089188 12009.989873 12008.968076 12008.854360 12005.079354 12009.545604 12012.590387 12012.097198 12019.759529 12036.417652 12044.738865 12047.357239 12048.174901 0.000000 0.000000
0.000000 0.000000 14213.456494 14212.633730 14209.820282 14183.715936 14177.870824 14158.631911 14167.125473 14150.568267 14157.143519 14153.784861 14146.699822 14157.105311 14169.596046 14172.261844 14187.454018 14194.272609 14206.984058 0.000000 0.000000
0.000000 0.000000 16582.686074 16571.461066 16561.482569 16558.593377 16543.263116 16523.907552 16517.410887 16520.819769 16527.445437 16515.445042 16522.115085 16520.332294 16545.727587 16557.887839 16560.293178 16565.780324 16590.603957 0.000000 0.000000
0.000000 0.000000 19079.219175 19071.956774 19074.633314 19053.555624 19046.354613 18986.175033 18984.032078 18983.822321 18957.382418 18974.766024 18977.396645 18983.889360 19027.808164 19035.062889 19064.348218 19062.437445 19070.969937 0.000000 0.000000
0.000000 0.000000 21994.731153 21997.554928 21979.552016 21972.827621 21895.008431 21926.545672 21908.504060 21909.390571 21920.999087 21911.268693 21910.554634 21900.863213 21871.281798 21956.810762 21961.178438 21987.271889 21998.921125 0.000000 0.000000
0.000000 0.000000 25283.729194 25271.977567 25258.617159 25168.307998 25196.744392 25151.270563 25128.305750 25124.922818 25106.854156 25095.774243 25104.813705 25104.815650 25155.224927 25127.974277 25255.969728 25226.845284 25222.352853 0.000000 0.000000
0.000000 0.000000 28629.090912 28623.951271 28498.047956 28551.599092 28544.756437 28541.945327 28602.294135 28583.472174 28614.591315 28606.066206 28584.245952 28616.186551 28610.198581 28616.418289 28486.669049 28680.033585 28671.231367 0.000000 0.000000
0.000000 0.000000 32436.795896 32263.877792 32332.296130 32262.357473 32173.040984 32152.453525 32093.748116 32110.614656 32051.468178 32059.480005 32092.681232 32060.328328 32105.929578 32164.397369 32329.642429 32192.233096 32376.628947 0.000000 0.000000
0.000000 0.000000 33405.850144 33581.466666 33716.517388 33723.445924 33739.009489 33616.974475 33644.659959 33602.387648 33673.336892 33660.959693 33651.860291 33669.917781 33768.423066 33758.292193 33743.168047 33642.636931 33467.604565 0.000000 0.000000
0.000000 0.000000 0.000000 0.000000 0.000000 0.000000 0.000000 0.000000 0.000000 0.000000 0.000000 0.000000 0.000000 0.000000 0.000000 0.000000 0.000000 0.000000 0.000000 0.000000 0.000000
0.000000 0.000000 0.000000 0.000000 0.000000 0.000000 0.000000 0.000000 0.000000 0.000000 0.000000 0.000000 0.000000 0.000000 0.000000 0.000000 0.000000 0.000000 0.000000 0.000000 0.000000