geotop/1.0zi/1.0Montebello/Templates/testdem/maps/_Erotot0632.asc
ncols         21
nrows         20
xllcorner     100.000000
yllcorner     100.000000
cellsize      50.000000
NODATA_value  -9999.0
0.000000 0.000000 0.000000 0.000000 0.000000 0.000000 0.000000 0.000000 0.000000 0.000000 0.000000 0.000000 0.000000 0.000000 0.000000 0.000000 0.000000 0.000000 0.000000 0.000000 0.000000
0.000000 0.000000 48.858151 48.858832 48.891465 48.858999 48.858255 48.858641 48.858452 48.858366 48.858339 48.858366 48.858452 48.858641 48.858255 48.858999 48.891465 48.858832 48.858151 0.000000 0.000000
0.000000 0.000000 7.917101 7.700652 5.883449 7.695694 7.943521 7.927666 7.942171 7.949017 7.950082 7.949017 7.942171 7.927666 7.943521 7.695694 5.883449 7.700652 7.917101 0.000000 0.000000
0.000000 0.000000 576.156286 576.407131 576.532293 576.318577 576.222994 576.334132 576.331755 576.267656 576.197315 576.267656 576.331755 576.334132 576.222994 576.318577 576.532293 576.407131 576.156286 0.000000 0.000000
0.000000 0.000000 911.637423 911.590034 910.833212 911.568815 911.637994 911.659734 911.654401 911.658484 911.653814 911.658484 911.654401 911.659734 911.637994 911.568815 910.833212 911.590034 911.637423 0.000000 0.000000
0.000000 0.000000 1236.877471 1236.883929 1236.179493 1236.842994 1236.910298 1236.955227 1236.959918 1236.939060 1236.918312 1236.939060 1236.959918 1236.955227 1236.910298 1236.842994 1236.179493 1236.883929 1236.877471 0.000000 0.000000
0.000000 0.000000 1620.131501 1620.140333 1619.512534 1620.101194 1620.163445 1620.209765 1620.215552 1620.192647 1620.174267 1620.192647 1620.215552 1620.209765 1620.163445 1620.101194 1619.512534 1620.140333 1620.131501 0.000000 0.000000
0.000000 0.000000 1988.483296 1988.491202 1987.909811 1988.454900 1988.513990 1988.559575 1988.565384 1988.542415 1988.525589 1988.542415 1988.565384 1988.559575 1988.513990 1988.454900 1987.909811 1988.491202 1988.483296 0.000000 0.000000
0.000000 0.000000 2340.334081 2340.341844 2339.787722 2340.306674 2340.363815 2340.408654 2340.414475 2340.391688 2340.375505 2340.391688 2340.414475 2340.408654 2340.363815 2340.306674 2339.787722 2340.341844 2340.334081 0.000000 0.000000
0.000000 0.000000 2680.714915 2680.722056 2680.184085 2680.688009 2680.744115 2680.788337 2680.794130 2680.771485 2680.755478 2680.771485 2680.794130 2680.788337 2680.744115 2680.688009 2680.184085 2680.722056 2680.714915 0.000000 0.000000
0.000000 0.000000 3011.475034 3011.481542 3010.952992 3011.448311 3011.503914 3011.547689 3011.553456 3011.530895 3011.514839 3011.530895 3011.553456 3011.547689 3011.503914 3011.448311 3010.952992 3011.481542 3011.475034 0.000000 0.000000
0.000000 0.000000 3333.898588 3333.902191 3333.383919 3333.870647 3333.925667 3333.968219 3333.974434 3333.952033 3333.937004 3333.952033 3333.974434 3333.968219 3333.925667 3333.870647 3333.383919 3333.902191 3333.898588 0.000000 0.000000
0.000000 0.000000 3649.177567 3649.179666 3648.666646 3649.150390 3649.204170 3649.246116 3649.252442 3649.229988 3649.215062 3649.229988 3649.252442 3649.246116 3649.204170 3649.150390 3648.666646 3649.179666 3649.177567 0.000000 0.000000
0.000000 0.000000 3960.935977 3960.936239 3960.427537 3960.907336 3960.962255 3961.004100 3961.010565 3960.988103 3960.973054 3960.988103 3961.010565 3961.004100 3960.962255 3960.907336 3960.427537 3960.936239 3960.935977 0.000000 0.000000
0.000000 0.000000 4268.340079 4268.340726 4267.830075 4268.311607 4268.366554 4268.407968 4268.414515 4268.392013 4268.376201 4268.392013 4268.414515 4268.407968 4268.366554 4268.311607 4267.830075 4268.340726 4268.340079 0.000000 0.000000
0.000000 0.000000 4573.202709 4573.204610 4572.703509 4573.175540 4573.229946 4573.271287 4573.277842 4573.255276 4573.238894 4573.255276 4573.277842 4573.271287 4573.229946 4573.175540 4572.703509 4573.204610 4573.202706 0.000000 0.000000
0.000000 0.000000 4873.432757 4873.432930 4872.928807 4873.405013 4873.459910 4873.500592 4873.507248 4873.484628 4873.467945 4873.484628 4873.507248 4873.500592 4873.459910 4873.405013 4872.928807 4873.432917 4873.432361 0.000000 0.000000
0.000000 0.000000 5180.945280 5181.068780 5180.565483 5181.038354 5181.093458 5181.134098 5181.141063 5181.118374 5181.101448 5181.118374 5181.141063 5181.134098 5181.093458 5181.038354 5180.565469 5181.066856 5181.065993 0.000000 0.000000
0.000000 0.000000 0.000000 0.000000 0.000000 0.000000 0.000000 0.000000 0.000000 0.000000 0.000000 0.000000 0.000000 0.000000 0.000000 0.000000 0.000000 0.000000 0.000000 0.000000 0.000000
0.000000 0.000000 0.000000 0.000000 0.000000 0.000000 0.000000 0.000000 0.000000 0.000000 0.000000 0.000000 0.000000 0.000000 0.000000 0.000000 0.000000 0.000000 0.000000 0.000000 0.000000