geotop/1.0zi/1.0Montebello/Templates/testdem/maps/_Erotot8952.asc
ncols         21
nrows         20
xllcorner     100.000000
yllcorner     100.000000
cellsize      50.000000
NODATA_value  -9999.0
0.000000 0.000000 0.000000 0.000000 0.000000 0.000000 0.000000 0.000000 0.000000 0.000000 0.000000 0.000000 0.000000 0.000000 0.000000 0.000000 0.000000 0.000000 0.000000 0.000000 0.000000
0.000000 0.000000 718.783575 719.422121 718.853887 718.940808 717.923442 718.048639 718.131271 718.205447 718.586715 717.952659 717.842252 717.880407 718.285932 718.413261 719.235941 719.824041 719.982928 0.000000 0.000000
0.000000 0.000000 55.975828 54.992799 55.290704 55.223706 56.047983 55.722160 55.351049 55.217888 55.422073 55.751018 55.808832 55.926342 55.699339 55.094902 53.823202 52.976556 53.586193 0.000000 0.000000
0.000000 0.000000 429.777785 431.507934 418.446574 412.208948 411.636662 405.769295 410.762536 412.437247 408.484425 406.884993 410.300548 409.804712 418.297708 426.771620 430.581772 424.978994 432.256594 0.000000 0.000000
0.000000 0.000000 3928.794278 3923.026021 3922.013307 3888.655154 3864.710601 3852.020025 3846.459803 3839.091482 3848.027586 3854.920096 3853.388484 3848.483762 3868.016866 3872.438773 3888.120031 3899.376405 3899.429713 0.000000 0.000000
0.000000 0.000000 5986.577488 5981.307869 5975.988760 5977.788899 5955.761963 5943.346365 5946.931062 5946.779329 5942.501685 5936.425934 5934.700607 5938.857498 5938.923343 5963.806308 5965.076468 5971.176208 5973.498188 0.000000 0.000000
0.000000 0.000000 7411.078004 7405.661531 7402.425101 7391.566035 7382.822136 7350.090723 7350.464612 7347.856345 7347.586511 7351.912229 7352.461285 7353.426882 7386.168059 7391.966592 7400.305210 7402.717770 7407.713984 0.000000 0.000000
0.000000 0.000000 8801.813510 8799.340137 8795.395219 8783.325117 8777.509550 8773.878482 8774.748843 8772.755712 8773.068104 8768.908862 8767.713401 8775.124107 8773.368171 8781.940461 8796.114501 8792.164485 8798.258431 0.000000 0.000000
0.000000 0.000000 10597.177930 10592.380034 10585.436267 10582.916778 10567.840654 10549.051363 10552.005065 10547.847557 10544.900518 10544.487970 10547.276603 10541.087471 10565.024379 10578.919482 10580.333733 10582.379530 10585.858463 0.000000 0.000000
0.000000 0.000000 12677.362501 12670.116432 12669.269545 12662.829566 12639.494222 12628.606546 12628.185028 12626.842689 12623.056653 12627.467307 12630.469255 12630.145341 12637.326901 12655.967059 12663.505059 12665.806193 12664.950088 0.000000 0.000000
0.000000 0.000000 14979.736239 14977.570529 14974.773756 14946.893311 14940.737906 14920.220142 14928.614908 14911.427626 14917.531904 14913.794381 14906.216838 14917.080056 14931.329095 14934.740302 14949.742411 14953.263414 14968.108728 0.000000 0.000000
0.000000 0.000000 17524.488384 17515.041908 17500.731609 17498.000756 17481.887148 17459.058946 17457.461747 17460.411904 17466.681485 17453.902483 17460.952038 17458.951674 17485.046873 17497.450147 17497.804196 17501.584329 17526.635305 0.000000 0.000000
0.000000 0.000000 20216.339823 20206.564826 20210.302531 20187.098116 20177.952814 20111.745025 20109.473781 20108.334628 20079.371854 20098.211636 20100.569620 20107.758145 20156.586659 20165.170880 20194.990037 20192.098687 20198.941983 0.000000 0.000000
0.000000 0.000000 23393.417526 23395.125691 23374.204954 23367.039349 23279.591485 23318.874815 23299.216126 23300.589921 23314.090436 23302.481001 23301.305801 23290.454291 23252.985704 23351.012103 23353.370663 23377.611770 23390.570667 0.000000 0.000000
0.000000 0.000000 26947.436151 26932.882310 26917.523106 26816.276095 26857.211253 26801.755649 26779.873480 26775.247731 26753.655086 26741.989576 26752.230845 26752.977065 26809.968000 26770.565095 26914.391969 26876.256526 26869.555323 0.000000 0.000000
0.000000 0.000000 30467.921489 30461.714630 30323.546094 30391.294665 30378.933559 30380.262864 30450.086633 30428.659700 30462.925910 30454.625150 30429.482074 30464.599260 30452.850972 30466.841464 30307.921467 30520.718127 30511.033570 0.000000 0.000000
0.000000 0.000000 34267.721386 34094.543804 34173.605400 34099.440652 34011.019011 33990.151468 33926.992385 33945.471347 33883.734751 33892.237502 33927.028600 33892.398213 33938.831522 33994.278039 34169.144276 34015.444333 34197.531855 0.000000 0.000000
0.000000 0.000000 35135.869954 35301.809240 35427.964943 35433.616437 35448.538556 35335.221288 35362.829459 35322.905235 35389.234714 35377.475703 35369.045159 35385.706420 35474.570040 35466.373473 35449.907519 35352.989224 35188.133268 0.000000 0.000000
0.000000 0.000000 0.000000 0.000000 0.000000 0.000000 0.000000 0.000000 0.000000 0.000000 0.000000 0.000000 0.000000 0.000000 0.000000 0.000000 0.000000 0.000000 0.000000 0.000000 0.000000
0.000000 0.000000 0.000000 0.000000 0.000000 0.000000 0.000000 0.000000 0.000000 0.000000 0.000000 0.000000 0.000000 0.000000 0.000000 0.000000 0.000000 0.000000 0.000000 0.000000 0.000000