geotop/1.0zi/1.0Montebello/Templates/testdem/maps/_Erotot0135.asc
ncols         21
nrows         20
xllcorner     100.000000
yllcorner     100.000000
cellsize      50.000000
NODATA_value  -9999.0
0.000000 0.000000 0.000000 0.000000 0.000000 0.000000 0.000000 0.000000 0.000000 0.000000 0.000000 0.000000 0.000000 0.000000 0.000000 0.000000 0.000000 0.000000 0.000000 0.000000 0.000000
0.000000 0.000000 1.718994 1.718993 1.718994 1.718994 1.718994 1.718994 1.718994 1.718994 1.718994 1.718994 1.718994 1.718994 1.718994 1.718994 1.718994 1.718993 1.718994 0.000000 0.000000
0.000000 0.000000 2.946859 2.946779 2.946819 2.946799 2.946790 2.946788 2.946788 2.946788 2.946788 2.946788 2.946788 2.946788 2.946790 2.946799 2.946819 2.946779 2.946859 0.000000 0.000000
0.000000 0.000000 117.469509 117.468976 117.469182 117.469308 117.469340 117.469346 117.469347 117.469347 117.469347 117.469347 117.469347 117.469346 117.469340 117.469308 117.469182 117.468976 117.469509 0.000000 0.000000
0.000000 0.000000 151.951385 151.951177 151.951251 151.951296 151.951306 151.951308 151.951308 151.951308 151.951308 151.951308 151.951308 151.951308 151.951306 151.951296 151.951251 151.951177 151.951385 0.000000 0.000000
0.000000 0.000000 222.397700 222.397378 222.397527 222.397590 222.397604 222.397607 222.397607 222.397607 222.397607 222.397607 222.397607 222.397607 222.397604 222.397590 222.397527 222.397378 222.397700 0.000000 0.000000
0.000000 0.000000 293.137904 293.137596 293.137731 293.137791 293.137805 293.137808 293.137808 293.137808 293.137808 293.137808 293.137808 293.137808 293.137805 293.137791 293.137731 293.137596 293.137904 0.000000 0.000000
0.000000 0.000000 359.874614 359.874315 359.874442 359.874500 359.874514 359.874516 359.874516 359.874517 359.874517 359.874517 359.874516 359.874516 359.874514 359.874500 359.874442 359.874315 359.874614 0.000000 0.000000
0.000000 0.000000 423.634448 423.634155 423.634275 423.634331 423.634344 423.634347 423.634347 423.634347 423.634347 423.634347 423.634347 423.634347 423.634344 423.634331 423.634275 423.634155 423.634448 0.000000 0.000000
0.000000 0.000000 485.333250 485.332958 485.333073 485.333128 485.333141 485.333144 485.333144 485.333144 485.333144 485.333144 485.333144 485.333144 485.333141 485.333128 485.333073 485.332958 485.333250 0.000000 0.000000
0.000000 0.000000 545.724802 545.724509 545.724622 545.724675 545.724689 545.724691 545.724692 545.724692 545.724692 545.724692 545.724692 545.724691 545.724689 545.724675 545.724622 545.724509 545.724802 0.000000 0.000000
0.000000 0.000000 605.347859 605.347563 605.347673 605.347727 605.347741 605.347743 605.347744 605.347744 605.347744 605.347744 605.347744 605.347743 605.347741 605.347727 605.347673 605.347563 605.347859 0.000000 0.000000
0.000000 0.000000 664.278467 664.278170 664.278278 664.278331 664.278345 664.278347 664.278348 664.278348 664.278348 664.278348 664.278348 664.278347 664.278345 664.278331 664.278278 664.278170 664.278467 0.000000 0.000000
0.000000 0.000000 721.839726 721.839425 721.839532 721.839585 721.839598 721.839601 721.839601 721.839601 721.839601 721.839601 721.839601 721.839601 721.839598 721.839585 721.839532 721.839425 721.839726 0.000000 0.000000
0.000000 0.000000 778.694430 778.694135 778.694237 778.694288 778.694301 778.694303 778.694304 778.694304 778.694304 778.694304 778.694304 778.694303 778.694301 778.694288 778.694237 778.694135 778.694430 0.000000 0.000000
0.000000 0.000000 834.832699 834.832399 834.832501 834.832552 834.832565 834.832568 834.832568 834.832568 834.832568 834.832568 834.832568 834.832568 834.832565 834.832552 834.832501 834.832399 834.832698 0.000000 0.000000
0.000000 0.000000 890.518615 890.518169 890.518264 890.518314 890.518327 890.518330 890.518330 890.518330 890.518330 890.518330 890.518330 890.518330 890.518327 890.518314 890.518263 890.518164 890.518465 0.000000 0.000000
0.000000 0.000000 947.662540 947.675544 947.675117 947.675157 947.675171 947.675173 947.675174 947.675174 947.675174 947.675174 947.675174 947.675173 947.675171 947.675157 947.675109 947.675045 947.675428 0.000000 0.000000
0.000000 0.000000 0.000000 0.000000 0.000000 0.000000 0.000000 0.000000 0.000000 0.000000 0.000000 0.000000 0.000000 0.000000 0.000000 0.000000 0.000000 0.000000 0.000000 0.000000 0.000000
0.000000 0.000000 0.000000 0.000000 0.000000 0.000000 0.000000 0.000000 0.000000 0.000000 0.000000 0.000000 0.000000 0.000000 0.000000 0.000000 0.000000 0.000000 0.000000 0.000000 0.000000