geotop/1.0zi/1.0Montebello/Templates/testdem/maps/_Erotot2996.asc
ncols         21
nrows         20
xllcorner     100.000000
yllcorner     100.000000
cellsize      50.000000
NODATA_value  -9999.0
0.000000 0.000000 0.000000 0.000000 0.000000 0.000000 0.000000 0.000000 0.000000 0.000000 0.000000 0.000000 0.000000 0.000000 0.000000 0.000000 0.000000 0.000000 0.000000 0.000000 0.000000
0.000000 0.000000 291.702733 291.705548 291.709069 291.827795 291.697026 291.701232 291.675846 291.715775 291.732294 291.715775 291.675846 291.701232 291.697026 291.827795 291.709069 291.705548 291.702733 0.000000 0.000000
0.000000 0.000000 13.006329 12.784351 11.034278 12.750799 13.041602 13.027896 13.059055 13.007360 12.957771 13.007360 13.059055 13.027896 13.041602 12.750799 11.034278 12.784351 13.006329 0.000000 0.000000
0.000000 0.000000 2331.192531 2330.871731 2331.196294 2329.404271 2331.345520 2330.790090 2330.776654 2331.684204 2331.941477 2331.684204 2330.776654 2330.790090 2331.345520 2329.404271 2331.196294 2330.871731 2331.192531 0.000000 0.000000
0.000000 0.000000 4481.988419 4481.821169 4481.163628 4481.745199 4482.293550 4482.155476 4482.118220 4482.260409 4482.246318 4482.260409 4482.118220 4482.155476 4482.293550 4481.745199 4481.163628 4481.821169 4481.988419 0.000000 0.000000
0.000000 0.000000 5835.736615 5835.534862 5834.976136 5835.135685 5835.929386 5835.641664 5835.656536 5836.010166 5836.152715 5836.010166 5835.656536 5835.641664 5835.929386 5835.135685 5834.976136 5835.534862 5835.736615 0.000000 0.000000
0.000000 0.000000 7551.489730 7551.322178 7550.814881 7550.960169 7551.636814 7551.388515 7551.408790 7551.722272 7551.867769 7551.722272 7551.408790 7551.388515 7551.636814 7550.960169 7550.814881 7551.322178 7551.489730 0.000000 0.000000
0.000000 0.000000 9143.033447 9142.893314 9142.424416 9142.570506 9143.148815 9142.936399 9142.954682 9143.233910 9143.368201 9143.233910 9142.954682 9142.936399 9143.148815 9142.570506 9142.424416 9142.893314 9143.033447 0.000000 0.000000
0.000000 0.000000 10612.454747 10612.327760 10611.885570 10612.030495 10612.557623 10612.363190 10612.380406 10612.641271 10612.766841 10612.641271 10612.380406 10612.363190 10612.557623 10612.030495 10611.885570 10612.327760 10612.454747 0.000000 0.000000
0.000000 0.000000 11982.791279 11982.692788 11982.264289 11982.445783 11982.881249 11982.708708 11982.730535 11982.967001 11983.083431 11982.967001 11982.730535 11982.708708 11982.881249 11982.445782 11982.264289 11982.692788 11982.791279 0.000000 0.000000
0.000000 0.000000 13260.866229 13260.761692 13260.355507 13260.511772 13260.954809 13260.784040 13260.801869 13261.033413 13261.141893 13261.033413 13260.801869 13260.784040 13260.954809 13260.511772 13260.355507 13260.761692 13260.866229 0.000000 0.000000
0.000000 0.000000 14471.906057 14471.802066 14471.413972 14471.563679 14471.989400 14471.826960 14471.843652 14472.065895 14472.170187 14472.065895 14471.843652 14471.826960 14471.989400 14471.563679 14471.413972 14471.802066 14471.906057 0.000000 0.000000
0.000000 0.000000 15623.658987 15623.560909 15623.181348 15623.331830 15623.735650 15623.578498 15623.595362 15623.810362 15623.909167 15623.810362 15623.595362 15623.578498 15623.735650 15623.331830 15623.181348 15623.560909 15623.658987 0.000000 0.000000
0.000000 0.000000 16727.129090 16727.039176 16726.671178 16726.838118 16727.203427 16727.053655 16727.072023 16727.277449 16727.371892 16727.277449 16727.072023 16727.053655 16727.203427 16726.838118 16726.671178 16727.039176 16727.129090 0.000000 0.000000
0.000000 0.000000 17783.958341 17783.866801 17783.505476 17783.659819 17784.028784 17783.881161 17783.898115 17784.099866 17784.190681 17784.099866 17783.898115 17783.881161 17784.028784 17783.659819 17783.505476 17783.866801 17783.958341 0.000000 0.000000
0.000000 0.000000 18798.240292 18798.151206 18797.802180 18797.948705 18798.304502 18798.162192 18798.178991 18798.373987 18798.461907 18798.373987 18798.178991 18798.162192 18798.304502 18797.948705 18797.802180 18798.151206 18798.240288 0.000000 0.000000
0.000000 0.000000 19775.933051 19775.846204 19775.501641 19775.651179 19775.995199 19775.855901 19775.872204 19776.061504 19776.145152 19776.061504 19775.872204 19775.855901 19775.995199 19775.651179 19775.501641 19775.846184 19775.932926 0.000000 0.000000
0.000000 0.000000 20768.222226 20768.646360 20768.310048 20768.455091 20768.791705 20768.656690 20768.671052 20768.855484 20768.935615 20768.855484 20768.671052 20768.656690 20768.791705 20768.455090 20768.310030 20768.642984 20768.726322 0.000000 0.000000
0.000000 0.000000 0.000000 0.000000 0.000000 0.000000 0.000000 0.000000 0.000000 0.000000 0.000000 0.000000 0.000000 0.000000 0.000000 0.000000 0.000000 0.000000 0.000000 0.000000 0.000000
0.000000 0.000000 0.000000 0.000000 0.000000 0.000000 0.000000 0.000000 0.000000 0.000000 0.000000 0.000000 0.000000 0.000000 0.000000 0.000000 0.000000 0.000000 0.000000 0.000000 0.000000