geotop/1.0zi/1.0Montebello/Templates/testdem/maps/_Erotot0308.asc
ncols         21
nrows         20
xllcorner     100.000000
yllcorner     100.000000
cellsize      50.000000
NODATA_value  -9999.0
0.000000 0.000000 0.000000 0.000000 0.000000 0.000000 0.000000 0.000000 0.000000 0.000000 0.000000 0.000000 0.000000 0.000000 0.000000 0.000000 0.000000 0.000000 0.000000 0.000000 0.000000
0.000000 0.000000 30.737106 30.737815 30.770417 30.737977 30.737224 30.737599 30.737393 30.737328 30.737304 30.737328 30.737393 30.737599 30.737224 30.737977 30.770417 30.737815 30.737106 0.000000 0.000000
0.000000 0.000000 8.650659 8.410812 6.617310 8.406138 8.654792 8.639476 8.656210 8.660846 8.662517 8.660846 8.656210 8.639476 8.654792 8.406138 6.617310 8.410812 8.650659 0.000000 0.000000
0.000000 0.000000 431.571176 431.728150 431.922065 431.648039 431.530863 431.614291 431.571317 431.557665 431.552709 431.557665 431.571317 431.614291 431.530863 431.648039 431.922065 431.728150 431.571176 0.000000 0.000000
0.000000 0.000000 548.929730 548.884326 548.118220 548.847439 548.915960 548.933913 548.932952 548.933615 548.932989 548.933615 548.932952 548.933913 548.915960 548.847439 548.118220 548.884326 548.929730 0.000000 0.000000
0.000000 0.000000 760.764568 760.732411 760.051389 760.690551 760.747939 760.777611 760.768054 760.764870 760.763268 760.764870 760.768054 760.777611 760.747939 760.690551 760.051389 760.732411 760.764568 0.000000 0.000000
0.000000 0.000000 969.309955 969.281037 968.674530 969.242280 969.294177 969.323573 969.313365 969.309826 969.308138 969.309826 969.313365 969.323573 969.294177 969.242280 968.674530 969.281037 969.309955 0.000000 0.000000
0.000000 0.000000 1165.625089 1165.596482 1165.034194 1165.561096 1165.610207 1165.638618 1165.628385 1165.624714 1165.623038 1165.624714 1165.628385 1165.638618 1165.610207 1165.561096 1165.034194 1165.596482 1165.625089 0.000000 0.000000
0.000000 0.000000 1352.160138 1352.132065 1351.595294 1352.098055 1352.145635 1352.173379 1352.163294 1352.159577 1352.157930 1352.159577 1352.163294 1352.173379 1352.145635 1352.098055 1351.595294 1352.132065 1352.160138 0.000000 0.000000
0.000000 0.000000 1532.448136 1532.419843 1531.897619 1532.387022 1532.433916 1532.461226 1532.451222 1532.447452 1532.445825 1532.447452 1532.451222 1532.461226 1532.433916 1532.387022 1531.897619 1532.419843 1532.448136 0.000000 0.000000
0.000000 0.000000 1706.794567 1706.765844 1706.251483 1706.733832 1706.780520 1706.807594 1706.797623 1706.793798 1706.792182 1706.793798 1706.797623 1706.807594 1706.780520 1706.733832 1706.251483 1706.765844 1706.794567 0.000000 0.000000
0.000000 0.000000 1876.824880 1876.795899 1876.288204 1876.765011 1876.811321 1876.837667 1876.827963 1876.824147 1876.822559 1876.824147 1876.827963 1876.837667 1876.811321 1876.765011 1876.288204 1876.795899 1876.824880 0.000000 0.000000
0.000000 0.000000 2042.350079 2042.321557 2041.815962 2042.291970 2042.336995 2042.363080 2042.353201 2042.349274 2042.347672 2042.349274 2042.353201 2042.363080 2042.336995 2042.291970 2041.815962 2042.321557 2042.350079 0.000000 0.000000
0.000000 0.000000 2205.243999 2205.213947 2204.711055 2205.184405 2205.230700 2205.256900 2205.247082 2205.243136 2205.241542 2205.243136 2205.247082 2205.256900 2205.230700 2205.184405 2204.711055 2205.213947 2205.243999 0.000000 0.000000
0.000000 0.000000 2366.711465 2366.681381 2366.175457 2366.651415 2366.698111 2366.724335 2366.714597 2366.710638 2366.709048 2366.710638 2366.714597 2366.724335 2366.698111 2366.651415 2366.175457 2366.681381 2366.711465 0.000000 0.000000
0.000000 0.000000 2526.492891 2526.463241 2525.966939 2526.433311 2526.479544 2526.505745 2526.496041 2526.492056 2526.490468 2526.492056 2526.496041 2526.505745 2526.479544 2526.433311 2525.966939 2526.463241 2526.492889 0.000000 0.000000
0.000000 0.000000 2683.734894 2683.703468 2683.202345 2683.674649 2683.721744 2683.747560 2683.737976 2683.733961 2683.732378 2683.733961 2683.737976 2683.747560 2683.721744 2683.674649 2683.202345 2683.703459 2683.734781 0.000000 0.000000
0.000000 0.000000 2851.948457 2852.023392 2851.522379 2851.992464 2852.039813 2852.065673 2852.056261 2852.052260 2852.050684 2852.052260 2852.056261 2852.065673 2852.039813 2851.992464 2851.522368 2852.022220 2852.053241 0.000000 0.000000
0.000000 0.000000 0.000000 0.000000 0.000000 0.000000 0.000000 0.000000 0.000000 0.000000 0.000000 0.000000 0.000000 0.000000 0.000000 0.000000 0.000000 0.000000 0.000000 0.000000 0.000000
0.000000 0.000000 0.000000 0.000000 0.000000 0.000000 0.000000 0.000000 0.000000 0.000000 0.000000 0.000000 0.000000 0.000000 0.000000 0.000000 0.000000 0.000000 0.000000 0.000000 0.000000