geotop/1.0zi/1.0Montebello/Templates/testdem/maps/_Erotot4486.asc
ncols         21
nrows         20
xllcorner     100.000000
yllcorner     100.000000
cellsize      50.000000
NODATA_value  -9999.0
0.000000 0.000000 0.000000 0.000000 0.000000 0.000000 0.000000 0.000000 0.000000 0.000000 0.000000 0.000000 0.000000 0.000000 0.000000 0.000000 0.000000 0.000000 0.000000 0.000000 0.000000
0.000000 0.000000 345.047929 344.586722 344.371862 344.203734 344.210023 344.247285 344.284802 344.283327 344.269873 344.272975 344.274865 344.319112 344.207243 344.246742 344.441140 344.374121 344.488705 0.000000 0.000000
0.000000 0.000000 27.158183 27.785311 28.174830 29.244048 28.853315 28.933506 28.531630 28.467199 28.502248 28.811984 28.527786 28.284136 28.768019 28.513653 27.613927 27.018209 26.818538 0.000000 0.000000
0.000000 0.000000 137.619423 138.839183 131.751568 129.419285 130.502223 125.534111 124.800025 124.444654 123.575324 123.029328 124.064671 122.675921 125.407055 130.356412 130.921019 133.183540 135.819037 0.000000 0.000000
0.000000 0.000000 1340.833807 1346.980471 1353.424503 1336.639576 1325.568905 1317.577993 1320.004821 1314.122380 1318.435581 1322.740606 1323.061533 1323.514220 1332.683950 1331.081297 1336.716327 1342.387059 1344.095434 0.000000 0.000000
0.000000 0.000000 2607.346893 2601.158255 2597.315996 2595.042591 2589.992811 2587.006916 2584.452988 2586.326335 2585.840388 2583.115135 2579.073604 2580.243031 2579.618261 2592.443511 2596.410517 2596.340796 2599.124954 0.000000 0.000000
0.000000 0.000000 3281.184683 3277.249651 3273.545683 3270.748768 3262.996109 3248.784071 3250.657437 3247.394343 3250.053561 3249.079431 3251.159068 3252.207969 3266.039525 3272.524052 3279.056252 3282.893779 3285.629942 0.000000 0.000000
0.000000 0.000000 3745.678079 3745.902803 3746.918558 3742.453632 3740.714437 3735.962777 3736.597495 3736.820493 3734.588503 3735.600281 3734.371980 3733.470971 3736.385551 3740.495289 3742.317485 3741.613126 3742.996650 0.000000 0.000000
0.000000 0.000000 4395.429598 4395.456225 4393.301064 4391.453606 4387.477965 4378.953343 4379.376604 4377.479050 4378.020149 4378.641159 4377.624083 4378.222947 4383.502631 4391.009763 4391.059985 4392.551842 4396.077011 0.000000 0.000000
0.000000 0.000000 5138.711565 5137.483972 5138.038119 5134.794045 5126.751129 5121.967267 5123.651236 5122.677381 5122.752515 5122.798956 5121.729216 5119.991310 5127.116080 5133.282335 5135.759877 5136.769823 5138.030644 0.000000 0.000000
0.000000 0.000000 5922.911454 5921.694781 5920.515990 5918.673440 5916.825310 5906.677528 5907.088758 5904.516082 5904.676535 5905.681285 5904.456171 5904.080578 5908.709859 5911.244920 5915.747361 5917.942565 5920.880023 0.000000 0.000000
0.000000 0.000000 6740.419612 6739.693396 6738.298363 6731.912213 6727.479565 6719.661930 6718.801916 6718.314218 6718.437567 6717.624738 6717.139141 6716.978121 6725.988302 6731.804714 6735.180724 6736.393466 6753.184158 0.000000 0.000000
0.000000 0.000000 7560.423363 7558.913243 7557.292627 7554.935380 7548.232522 7529.750947 7530.160749 7528.336452 7528.257951 7528.844855 7527.167131 7527.489125 7542.927935 7550.743140 7553.917278 7555.482553 7557.733795 0.000000 0.000000
0.000000 0.000000 8434.910017 8432.404009 8430.831885 8427.392491 8409.046746 8417.369471 8411.827611 8410.887230 8411.278352 8411.443870 8410.143663 8409.750188 8403.559929 8421.483459 8425.329169 8430.607332 8430.380789 0.000000 0.000000
0.000000 0.000000 9367.275233 9362.907675 9358.992005 9347.286095 9345.376641 9329.520762 9321.950602 9320.182662 9315.967276 9315.339764 9316.319035 9313.920691 9324.581071 9332.185371 9353.158107 9348.924733 9350.168888 0.000000 0.000000
0.000000 0.000000 10296.465794 10296.589824 10277.020622 10280.582409 10280.497528 10279.720905 10282.431787 10282.332564 10285.105630 10285.054381 10281.715228 10286.512601 10283.991838 10282.821812 10271.789319 10295.225112 10299.636316 0.000000 0.000000
0.000000 0.000000 11349.730987 11326.842603 11319.356278 11312.132601 11298.275730 11292.266375 11290.742696 11289.911638 11286.225526 11286.491838 11286.495650 11283.689641 11288.053827 11304.249264 11317.490365 11318.214994 11341.867963 0.000000 0.000000
0.000000 0.000000 12132.818309 12136.623477 12158.520335 12149.496591 12143.693970 12120.888710 12119.512408 12116.653425 12118.320886 12117.983272 12116.244399 12117.353530 12138.811040 12147.386911 12159.037844 12133.770466 12135.762571 0.000000 0.000000
0.000000 0.000000 0.000000 0.000000 0.000000 0.000000 0.000000 0.000000 0.000000 0.000000 0.000000 0.000000 0.000000 0.000000 0.000000 0.000000 0.000000 0.000000 0.000000 0.000000 0.000000
0.000000 0.000000 0.000000 0.000000 0.000000 0.000000 0.000000 0.000000 0.000000 0.000000 0.000000 0.000000 0.000000 0.000000 0.000000 0.000000 0.000000 0.000000 0.000000 0.000000 0.000000