geotop/1.0zi/1.0Montebello/Templates/testdem/maps/_Erotot7839.asc
ncols         21
nrows         20
xllcorner     100.000000
yllcorner     100.000000
cellsize      50.000000
NODATA_value  -9999.0
0.000000 0.000000 0.000000 0.000000 0.000000 0.000000 0.000000 0.000000 0.000000 0.000000 0.000000 0.000000 0.000000 0.000000 0.000000 0.000000 0.000000 0.000000 0.000000 0.000000 0.000000
0.000000 0.000000 655.035566 655.851335 655.320607 655.444880 654.453149 654.629789 654.616908 654.680439 655.112622 654.437932 654.316324 654.368554 654.725310 654.861389 655.677716 656.205911 656.402936 0.000000 0.000000
0.000000 0.000000 51.034536 50.052739 49.985352 50.386757 51.022347 50.704131 50.408300 50.279460 50.513430 50.856738 50.880931 51.034026 50.790903 50.274213 48.988556 48.114792 48.638025 0.000000 0.000000
0.000000 0.000000 353.932859 355.112083 343.039199 337.390041 337.933141 326.614617 326.746046 327.543468 323.880327 322.133572 324.271110 324.414566 334.664583 341.726264 346.350728 349.289794 354.162078 0.000000 0.000000
0.000000 0.000000 3123.143303 3124.664416 3127.437248 3104.681810 3085.364117 3074.956548 3074.315850 3069.556188 3076.390497 3081.669358 3077.101545 3075.771323 3090.614865 3093.814314 3104.086056 3113.055570 3112.654692 0.000000 0.000000
0.000000 0.000000 5000.703233 4995.478343 4992.001541 4985.987837 4971.200657 4961.332488 4962.224999 4961.146541 4957.837382 4952.141406 4951.165673 4954.358286 4953.689385 4973.467064 4981.270484 4988.093036 4991.201634 0.000000 0.000000
0.000000 0.000000 6289.030051 6285.893243 6281.402458 6274.491555 6260.764644 6239.147698 6238.126740 6234.308967 6235.729589 6239.498410 6240.990068 6241.490810 6269.015305 6278.934081 6284.458213 6287.266283 6292.474696 0.000000 0.000000
0.000000 0.000000 7379.304732 7379.444296 7376.459760 7366.534391 7364.119990 7354.886227 7355.104727 7354.906468 7353.940125 7350.030740 7349.331259 7355.564813 7357.287775 7362.067970 7374.460293 7373.075320 7377.993742 0.000000 0.000000
0.000000 0.000000 8814.754950 8810.103742 8803.804154 8803.349126 8792.334796 8777.055853 8778.347045 8773.764591 8771.716804 8771.481928 8773.932297 8768.179599 8786.787841 8800.598812 8802.426706 8806.168851 8807.506675 0.000000 0.000000
0.000000 0.000000 10458.972174 10455.376345 10455.567227 10451.167982 10430.891120 10421.259766 10420.883734 10420.605273 10417.178394 10420.668474 10423.766244 10423.078175 10429.874356 10444.182627 10451.774600 10453.815100 10454.861988 0.000000 0.000000
0.000000 0.000000 12257.780725 12256.797139 12253.846266 12233.490494 12227.668321 12211.948788 12217.706695 12204.378613 12208.485505 12206.731547 12199.807483 12209.754096 12219.155934 12221.999563 12234.521073 12241.622418 12252.227068 0.000000 0.000000
0.000000 0.000000 14205.046094 14196.907010 14188.756710 14185.142064 14174.854983 14154.961526 14151.345000 14151.936071 14159.225621 14148.248103 14152.376394 14152.274729 14174.686437 14183.229797 14186.120192 14190.228349 14213.335036 0.000000 0.000000
0.000000 0.000000 16227.259994 16222.243063 16222.516561 16208.476946 16201.477937 16153.241173 16151.582542 16150.578292 16129.350711 16141.668731 16145.912284 16150.685066 16184.297504 16191.445788 16214.605719 16214.362837 16221.945895 0.000000 0.000000
0.000000 0.000000 18541.515072 18543.761044 18530.102512 18525.191335 18467.676708 18487.428023 18471.813153 18472.961004 18479.365977 18474.624031 18472.465005 18467.704390 18446.905676 18509.072173 18515.620473 18535.763657 18545.297877 0.000000 0.000000
0.000000 0.000000 21134.177980 21125.563463 21116.422577 21053.079645 21066.445313 21034.632906 21015.400768 21012.149217 21000.469980 20990.019704 20996.174227 20994.935215 21030.752418 21020.426976 21111.647402 21093.548021 21091.045282 0.000000 0.000000
0.000000 0.000000 23842.120258 23838.701143 23747.259640 23774.079552 23774.983380 23765.309244 23806.932131 23792.079120 23811.294021 23803.045397 23788.700651 23812.485220 23813.951285 23815.140606 23738.380094 23872.153918 23863.685264 0.000000 0.000000
0.000000 0.000000 27078.163197 26944.880259 26977.645526 26933.431277 26863.186921 26848.433741 26811.529195 26822.331957 26780.490755 26784.620311 26806.181950 26788.233696 26820.459811 26864.415874 26974.613380 26899.646294 27041.165805 0.000000 0.000000
0.000000 0.000000 28379.739650 28505.554897 28629.524221 28629.987135 28631.793976 28523.962473 28540.309782 28504.755756 28557.544526 28547.754591 28544.948901 28555.483464 28645.128171 28645.005369 28652.159519 28548.815368 28424.131543 0.000000 0.000000
0.000000 0.000000 0.000000 0.000000 0.000000 0.000000 0.000000 0.000000 0.000000 0.000000 0.000000 0.000000 0.000000 0.000000 0.000000 0.000000 0.000000 0.000000 0.000000 0.000000 0.000000
0.000000 0.000000 0.000000 0.000000 0.000000 0.000000 0.000000 0.000000 0.000000 0.000000 0.000000 0.000000 0.000000 0.000000 0.000000 0.000000 0.000000 0.000000 0.000000 0.000000 0.000000