geotop/1.0zi/1.0Montebello/Templates/testdem/maps/_Erotot4504.asc
ncols         21
nrows         20
xllcorner     100.000000
yllcorner     100.000000
cellsize      50.000000
NODATA_value  -9999.0
0.000000 0.000000 0.000000 0.000000 0.000000 0.000000 0.000000 0.000000 0.000000 0.000000 0.000000 0.000000 0.000000 0.000000 0.000000 0.000000 0.000000 0.000000 0.000000 0.000000 0.000000
0.000000 0.000000 345.757908 345.296648 345.081795 344.913636 344.919975 344.957172 344.994689 344.993213 344.979760 344.982861 344.984752 345.029000 344.917194 344.956640 345.151069 345.084043 345.198682 0.000000 0.000000
0.000000 0.000000 27.209986 27.837157 28.226671 29.295890 28.905078 28.985286 28.583410 28.518987 28.554029 28.863763 28.579560 28.335902 28.819776 28.565496 27.665772 27.070067 26.870357 0.000000 0.000000
0.000000 0.000000 137.669856 138.889000 131.799099 129.456426 130.540919 125.573762 124.840292 124.485041 123.615315 123.068627 124.102700 122.711592 125.445267 130.397533 130.963990 133.228949 135.866160 0.000000 0.000000
0.000000 0.000000 1343.997959 1348.125276 1353.485579 1336.344535 1325.165364 1317.208809 1319.677095 1313.851696 1318.100752 1322.335415 1322.649355 1323.140979 1332.431819 1331.407341 1336.835868 1342.586208 1344.445947 0.000000 0.000000
0.000000 0.000000 2627.145758 2622.467086 2618.939950 2616.322635 2611.087273 2607.969607 2605.297302 2607.018488 2606.613402 2604.027583 2600.194986 2601.374621 2600.875963 2613.751423 2617.888257 2617.962268 2620.797036 0.000000 0.000000
0.000000 0.000000 3297.725127 3293.729852 3289.869299 3286.882480 3279.007685 3264.723534 3266.567659 3263.260702 3265.922015 3264.974826 3267.155887 3268.226957 3282.161268 3288.774979 3295.320137 3299.236080 3302.020940 0.000000 0.000000
0.000000 0.000000 3764.405443 3764.561772 3765.417632 3760.772550 3758.967064 3754.178600 3754.791608 3755.006109 3752.778453 3753.791076 3752.611191 3751.717350 3754.698244 3758.960137 3760.783470 3760.135290 3761.569226 0.000000 0.000000
0.000000 0.000000 4417.248023 4417.204597 4414.888883 4412.852336 4408.792231 4400.213612 4400.614766 4398.693822 4399.241334 4399.877794 4398.924312 4399.543357 4404.893821 4412.548676 4412.609638 4414.161409 4417.734687 0.000000 0.000000
0.000000 0.000000 5163.942712 5162.647145 5163.046824 5159.616358 5151.483639 5146.642653 5148.304316 5147.307655 5147.390444 5147.453021 5146.447534 5144.732093 5151.929668 5158.239233 5160.731892 5161.797550 5163.104357 0.000000 0.000000
0.000000 0.000000 5951.748072 5950.465600 5949.134833 5947.105829 5945.169800 5934.960859 5935.347557 5932.750367 5932.919907 5933.941356 5932.781603 5932.431442 5937.131294 5939.804883 5944.328096 5946.577934 5949.563065 0.000000 0.000000
0.000000 0.000000 6773.094603 6772.303437 6770.754663 6764.170152 6759.643570 6751.765830 6750.875921 6750.366814 6750.500699 6749.702712 6749.285378 6749.150224 6758.239117 6764.201760 6767.598941 6768.866855 6785.721166 0.000000 0.000000
0.000000 0.000000 7597.051556 7595.475707 7593.700191 7591.145011 7584.340595 7565.735323 7566.114931 7564.265813 7564.198501 7564.804950 7563.194758 7563.547125 7579.116452 7587.081907 7590.281999 7591.905652 7594.198441 0.000000 0.000000
0.000000 0.000000 8475.916047 8473.339279 8471.610809 8467.958624 8449.427432 8457.715141 8452.126943 8451.163344 8451.568626 8451.754013 8450.526900 8450.163118 8444.030022 8462.182046 8466.059230 8471.406572 8471.222778 0.000000 0.000000
0.000000 0.000000 9413.247455 9408.814437 9404.717133 9392.690735 9390.555506 9374.602771 9366.978850 9365.181946 9360.968227 9360.363560 9361.431258 9359.056502 9369.815186 9377.707529 9398.829393 9394.641241 9395.934903 0.000000 0.000000
0.000000 0.000000 10347.461083 10347.514296 10327.643256 10331.010766 10330.862085 10330.039538 10332.727217 10332.606790 10335.410824 10335.386205 10332.115860 10336.976319 10334.511005 10333.426662 10322.359074 10346.026380 10350.503839 0.000000 0.000000
0.000000 0.000000 11406.648658 11383.489208 11375.803216 11368.306826 11354.280964 11348.193053 11346.615188 11345.754326 11342.063883 11342.363851 11342.471554 11339.679852 11344.138470 11360.551565 11373.885273 11374.661727 11398.555999 0.000000 0.000000
0.000000 0.000000 12193.290265 12197.114420 12219.034062 12209.736368 12203.811453 12180.803305 12179.371373 12176.473288 12178.181218 12177.873919 12176.217834 12177.394024 12199.061372 12207.790003 12219.524151 12194.120199 12196.113686 0.000000 0.000000
0.000000 0.000000 0.000000 0.000000 0.000000 0.000000 0.000000 0.000000 0.000000 0.000000 0.000000 0.000000 0.000000 0.000000 0.000000 0.000000 0.000000 0.000000 0.000000 0.000000 0.000000
0.000000 0.000000 0.000000 0.000000 0.000000 0.000000 0.000000 0.000000 0.000000 0.000000 0.000000 0.000000 0.000000 0.000000 0.000000 0.000000 0.000000 0.000000 0.000000 0.000000 0.000000