geotop/1.0zi/1.0Montebello/Templates/testdem/maps/_Erotot9399.asc
ncols         21
nrows         20
xllcorner     100.000000
yllcorner     100.000000
cellsize      50.000000
NODATA_value  -9999.0
0.000000 0.000000 0.000000 0.000000 0.000000 0.000000 0.000000 0.000000 0.000000 0.000000 0.000000 0.000000 0.000000 0.000000 0.000000 0.000000 0.000000 0.000000 0.000000 0.000000 0.000000
0.000000 0.000000 740.815441 741.319643 740.745196 740.827250 739.826813 739.933302 740.021201 740.094783 740.483404 739.849406 739.741207 739.789455 740.192942 740.313674 741.129277 741.739185 741.963834 0.000000 0.000000
0.000000 0.000000 55.970469 54.929193 55.240947 55.178365 56.053309 55.742054 55.354554 55.212561 55.408481 55.724270 55.778299 55.885259 55.651940 54.998774 53.736655 52.842555 53.391837 0.000000 0.000000
0.000000 0.000000 449.235494 451.049709 437.969349 431.407799 430.866126 424.918819 430.120934 431.959608 428.418941 428.683376 433.416131 432.876316 441.417636 449.957141 453.803179 451.867038 458.661303 0.000000 0.000000
0.000000 0.000000 4183.878070 4178.410943 4172.297388 4137.357992 4109.917593 4095.719754 4088.811034 4082.617056 4090.085118 4096.525419 4094.762282 4089.872553 4109.717555 4116.208602 4133.781869 4145.484619 4146.289795 0.000000 0.000000
0.000000 0.000000 6397.882833 6392.468221 6387.762440 6390.024090 6365.300123 6353.289223 6356.817453 6356.067970 6351.533072 6345.222629 6343.677496 6348.181784 6348.197651 6374.477777 6375.426077 6383.060304 6385.315764 0.000000 0.000000
0.000000 0.000000 7856.813676 7851.549369 7847.732811 7836.037760 7828.029254 7790.162991 7793.014970 7790.359301 7789.723801 7794.233310 7795.001007 7796.716413 7830.018342 7835.390483 7844.975661 7847.685869 7853.010115 0.000000 0.000000
0.000000 0.000000 9375.088942 9372.368670 9367.177045 9354.398404 9346.839611 9343.835471 9343.735572 9341.759539 9341.715998 9337.727837 9336.839125 9344.193856 9342.673540 9352.793940 9368.026749 9365.476723 9371.846089 0.000000 0.000000
0.000000 0.000000 11322.743488 11317.573315 11310.358725 11306.716156 11289.779894 11268.152520 11271.431059 11267.215876 11263.731100 11263.477594 11266.660763 11260.623723 11286.099482 11300.769446 11303.370504 11306.946342 11309.765536 0.000000 0.000000
0.000000 0.000000 13587.787116 13580.301472 13577.046543 13569.122864 13544.988410 13531.293968 13531.057462 13529.289056 13524.975561 13529.689784 13533.195969 13533.097779 13540.656178 13561.292350 13570.101824 13574.051592 13573.820867 0.000000 0.000000
0.000000 0.000000 16111.480706 16108.873101 16106.749739 16074.797778 16067.916656 16043.825660 16052.401833 16035.009069 16040.724765 16036.937309 16029.406981 16041.166817 16056.409442 16061.217757 16077.269060 16082.570703 16099.038237 0.000000 0.000000
0.000000 0.000000 18927.710779 18915.841567 18898.125210 18896.208470 18877.405192 18850.096336 18849.652226 18851.388357 18858.530837 18843.793831 18852.322624 18850.168966 18878.544627 18893.150632 18895.382855 18900.892944 18927.151318 0.000000 0.000000
0.000000 0.000000 21924.945797 21917.322900 21919.842740 21891.416785 21879.731094 21804.043968 21801.186199 21800.133088 21766.681032 21788.742828 21791.516035 21799.926823 21854.928686 21865.424328 21898.084962 21898.468259 21904.782083 0.000000 0.000000
0.000000 0.000000 25491.338478 25492.492663 25467.312313 25458.365093 25356.629812 25405.849825 25382.098155 25383.624405 25400.243472 25385.858922 25384.787720 25372.800007 25324.761412 25439.896192 25442.211264 25471.699563 25486.081926 0.000000 0.000000
0.000000 0.000000 29406.321869 29391.328674 29373.225005 29254.982387 29310.437884 29237.615065 29215.053053 29209.184078 29182.409948 29170.708231 29183.677770 29185.672601 29256.488329 29200.969290 29368.544489 29326.310186 29317.682973 0.000000 0.000000
0.000000 0.000000 33035.789470 33029.649939 32881.312968 32964.984732 32944.958620 32951.868455 33028.250840 33006.078381 33044.051933 33036.630409 33009.019605 33046.634821 33026.278323 33046.509313 32861.610503 33095.553336 33086.245357 0.000000 0.000000
0.000000 0.000000 36538.879534 36387.213260 36464.525989 36395.038925 36316.315028 36295.584980 36236.053123 36253.263656 36196.144896 36204.385681 36236.654965 36204.955496 36248.058266 36297.030211 36459.229063 36312.484615 36473.626559 0.000000 0.000000
0.000000 0.000000 37394.507727 37513.034454 37614.608617 37612.828328 37616.837199 37525.900539 37543.488113 37512.500026 37560.427631 37551.844330 37548.620432 37558.207642 37629.785296 37629.777956 37629.211393 37544.834790 37427.487285 0.000000 0.000000
0.000000 0.000000 0.000000 0.000000 0.000000 0.000000 0.000000 0.000000 0.000000 0.000000 0.000000 0.000000 0.000000 0.000000 0.000000 0.000000 0.000000 0.000000 0.000000 0.000000 0.000000
0.000000 0.000000 0.000000 0.000000 0.000000 0.000000 0.000000 0.000000 0.000000 0.000000 0.000000 0.000000 0.000000 0.000000 0.000000 0.000000 0.000000 0.000000 0.000000 0.000000 0.000000