geotop/1.0zi/1.0Montebello/Templates/testdem/maps/_Erotot2260.asc
ncols         21
nrows         20
xllcorner     100.000000
yllcorner     100.000000
cellsize      50.000000
NODATA_value  -9999.0
0.000000 0.000000 0.000000 0.000000 0.000000 0.000000 0.000000 0.000000 0.000000 0.000000 0.000000 0.000000 0.000000 0.000000 0.000000 0.000000 0.000000 0.000000 0.000000 0.000000 0.000000
0.000000 0.000000 211.090183 211.093384 211.132567 211.166693 211.065611 211.095385 211.099086 211.074102 211.091449 211.074102 211.099086 211.095385 211.065611 211.166693 211.132567 211.093384 211.090183 0.000000 0.000000
0.000000 0.000000 12.917491 12.695349 10.911953 12.710914 12.975860 12.938830 12.945333 12.970940 12.952945 12.970940 12.945333 12.938830 12.975860 12.710914 10.911953 12.695349 12.917491 0.000000 0.000000
0.000000 0.000000 1531.775214 1531.454600 1531.790492 1529.915827 1531.924037 1531.366744 1531.361486 1532.129337 1532.253493 1532.129337 1531.361486 1531.366744 1531.924037 1529.915827 1531.790492 1531.454600 1531.775214 0.000000 0.000000
0.000000 0.000000 3186.401646 3186.228074 3185.568658 3186.150846 3186.700963 3186.561503 3186.525451 3186.673950 3186.632289 3186.673950 3186.525451 3186.561503 3186.700963 3186.150846 3185.568658 3186.228074 3186.401646 0.000000 0.000000
0.000000 0.000000 4132.851531 4132.644134 4132.079843 4132.227932 4133.047154 4132.752368 4132.771602 4133.096091 4133.171634 4133.096091 4132.771602 4132.752368 4133.047154 4132.227932 4132.079843 4132.644134 4132.851531 0.000000 0.000000
0.000000 0.000000 5405.145153 5404.972455 5404.454263 5404.593499 5405.294316 5405.039125 5405.063966 5405.349782 5405.435265 5405.349782 5405.063966 5405.039125 5405.294316 5404.593499 5404.454263 5404.972455 5405.145153 0.000000 0.000000
0.000000 0.000000 6609.340759 6609.195513 6608.711577 6608.854382 6609.458553 6609.238656 6609.260819 6609.516070 6609.598695 6609.516070 6609.260819 6609.238656 6609.458553 6608.854382 6608.711577 6609.195513 6609.340759 0.000000 0.000000
0.000000 0.000000 7738.811215 7738.677828 7738.216764 7738.359968 7738.917282 7738.713865 7738.734633 7738.975170 7739.054784 7738.975170 7738.734633 7738.713865 7738.917282 7738.359968 7738.216764 7738.677828 7738.811215 0.000000 0.000000
0.000000 0.000000 8807.515462 8807.410747 8806.959370 8807.142143 8807.608917 8807.426576 8807.452106 8807.670771 8807.746841 8807.670771 8807.452106 8807.426576 8807.608917 8807.142143 8806.959370 8807.410747 8807.515462 0.000000 0.000000
0.000000 0.000000 9821.179119 9821.067397 9820.634843 9820.794053 9821.272154 9821.089922 9821.111287 9821.328007 9821.399642 9821.328007 9821.111287 9821.089922 9821.272154 9820.794053 9820.634843 9821.067397 9821.179119 0.000000 0.000000
0.000000 0.000000 10791.078829 10790.966447 10790.548977 10790.702563 10791.167173 10790.991965 10791.012111 10791.222355 10791.292761 10791.222355 10791.012111 10790.991965 10791.167173 10790.702563 10790.548977 10790.966447 10791.078829 0.000000 0.000000
0.000000 0.000000 11726.132100 11726.024227 11725.612428 11725.767901 11726.213813 11726.042738 11726.063035 11726.268413 11726.336102 11726.268413 11726.063035 11726.042738 11726.213813 11725.767901 11725.612428 11726.024227 11726.132100 0.000000 0.000000
0.000000 0.000000 12631.098074 12630.997855 12630.594232 12630.768989 12631.177590 12631.012900 12631.034886 12631.232867 12631.298768 12631.232867 12631.034886 12631.012900 12631.177590 12630.768989 12630.594232 12630.997855 12631.098074 0.000000 0.000000
0.000000 0.000000 13508.771191 13508.669046 13508.267890 13508.431983 13508.846622 13508.682900 13508.703585 13508.900828 13508.964868 13508.900828 13508.703585 13508.682900 13508.846622 13508.431983 13508.267890 13508.669046 13508.771191 0.000000 0.000000
0.000000 0.000000 14359.798479 14359.698359 14359.307815 14359.465376 14359.868429 14359.709173 14359.729713 14359.922296 14359.985022 14359.922296 14359.729713 14359.709173 14359.868429 14359.465376 14359.307815 14359.698359 14359.798474 0.000000 0.000000
0.000000 0.000000 15187.071363 15186.972574 15186.582970 15186.744003 15187.139337 15186.981438 15187.001424 15187.190286 15187.250971 15187.190286 15187.001424 15186.981438 15187.139337 15186.744003 15186.582970 15186.972552 15187.070897 0.000000 0.000000
0.000000 0.000000 16025.989903 16026.260117 16025.876513 16026.033429 16026.425585 16026.270378 16026.288436 16026.474657 16026.532502 16026.474657 16026.288436 16026.270378 16026.425585 16026.033428 16025.876494 16026.256625 16026.352374 0.000000 0.000000
0.000000 0.000000 0.000000 0.000000 0.000000 0.000000 0.000000 0.000000 0.000000 0.000000 0.000000 0.000000 0.000000 0.000000 0.000000 0.000000 0.000000 0.000000 0.000000 0.000000 0.000000
0.000000 0.000000 0.000000 0.000000 0.000000 0.000000 0.000000 0.000000 0.000000 0.000000 0.000000 0.000000 0.000000 0.000000 0.000000 0.000000 0.000000 0.000000 0.000000 0.000000 0.000000