geotop/1.0zi/1.0Montebello/Templates/testdem/maps/_Erotot0972.asc
ncols         21
nrows         20
xllcorner     100.000000
yllcorner     100.000000
cellsize      50.000000
NODATA_value  -9999.0
0.000000 0.000000 0.000000 0.000000 0.000000 0.000000 0.000000 0.000000 0.000000 0.000000 0.000000 0.000000 0.000000 0.000000 0.000000 0.000000 0.000000 0.000000 0.000000 0.000000 0.000000
0.000000 0.000000 90.341488 90.342739 90.377192 90.351375 90.336254 90.342773 90.344119 90.339720 90.340243 90.339720 90.344119 90.342773 90.336254 90.351375 90.377192 90.342739 90.341488 0.000000 0.000000
0.000000 0.000000 7.624655 7.406882 5.633293 7.492751 7.657992 7.651340 7.663290 7.669076 7.667820 7.669076 7.663290 7.651340 7.657992 7.492751 5.633293 7.406882 7.624655 0.000000 0.000000
0.000000 0.000000 824.750194 824.319185 824.596541 822.293891 824.707974 824.545508 824.412914 824.727833 824.751113 824.727833 824.412914 824.545508 824.707974 822.293891 824.596541 824.319185 824.750194 0.000000 0.000000
0.000000 0.000000 1445.304370 1445.034970 1444.319736 1444.968549 1445.415829 1445.279211 1445.234927 1445.342821 1445.306302 1445.342821 1445.234927 1445.279211 1445.415829 1444.968549 1444.319736 1445.034970 1445.304370 0.000000 0.000000
0.000000 0.000000 1928.838724 1928.566076 1927.918045 1927.978198 1928.872289 1928.777566 1928.731749 1928.856425 1928.859545 1928.856425 1928.731749 1928.777566 1928.872289 1927.978198 1927.918045 1928.566076 1928.838724 0.000000 0.000000
0.000000 0.000000 2520.731206 2520.509223 2519.915024 2519.992304 2520.747505 2520.681718 2520.649913 2520.751536 2520.752724 2520.751536 2520.649913 2520.681718 2520.747505 2519.992304 2519.915024 2520.509223 2520.731206 0.000000 0.000000
0.000000 0.000000 3081.306610 3081.111103 3080.555643 3080.641922 3081.310275 3081.263022 3081.237156 3081.324005 3081.324740 3081.324005 3081.237156 3081.263022 3081.310275 3080.641922 3080.555643 3081.111103 3081.306610 0.000000 0.000000
0.000000 0.000000 3613.674829 3613.492867 3612.962713 3613.048500 3613.673217 3613.633910 3613.611141 3613.690276 3613.690278 3613.690276 3613.611141 3613.633910 3613.673217 3613.048500 3612.962713 3613.492867 3613.674829 0.000000 0.000000
0.000000 0.000000 4124.777138 4124.624380 4124.103068 4124.228832 4124.768235 4124.743779 4124.727893 4124.791176 4124.790623 4124.791176 4124.727893 4124.743779 4124.768235 4124.228832 4124.103068 4124.624380 4124.777138 0.000000 0.000000
0.000000 0.000000 4616.389642 4616.227022 4615.722374 4615.822433 4616.382531 4616.353679 4616.334721 4616.400802 4616.399136 4616.400802 4616.334721 4616.353679 4616.382531 4615.822433 4615.722374 4616.227022 4616.389642 0.000000 0.000000
0.000000 0.000000 5093.079545 5092.914096 5092.421483 5092.512322 5093.068474 5093.041589 5093.023140 5093.088575 5093.087945 5093.088575 5093.023140 5093.041589 5093.068474 5092.512322 5092.421483 5092.914096 5093.079545 0.000000 0.000000
0.000000 0.000000 5559.755018 5559.591543 5559.104715 5559.197052 5559.742388 5559.716402 5559.698344 5559.762035 5559.761044 5559.762035 5559.698344 5559.716402 5559.742388 5559.197052 5559.104715 5559.591543 5559.755018 0.000000 0.000000
0.000000 0.000000 6017.503645 6017.346048 6016.863937 6016.976837 6017.488762 6017.467158 6017.451404 6017.509982 6017.508612 6017.509982 6017.451404 6017.467158 6017.488762 6016.976837 6016.863937 6017.346048 6017.503645 0.000000 0.000000
0.000000 0.000000 6468.333505 6468.172122 6467.690826 6467.792302 6468.318138 6468.295659 6468.278640 6468.338695 6468.336875 6468.338695 6468.278640 6468.295659 6468.318138 6467.792302 6467.690826 6468.172122 6468.333505 0.000000 0.000000
0.000000 0.000000 6913.499391 6913.340482 6912.869801 6912.965823 6913.484141 6913.462996 6913.446399 6913.505046 6913.502836 6913.505046 6913.446399 6913.462996 6913.484141 6912.965823 6912.869801 6913.340481 6913.499388 0.000000 0.000000
0.000000 0.000000 7351.417313 7351.256307 7350.784085 7350.881402 7351.402218 7351.379259 7351.362081 7351.421425 7351.418814 7351.421425 7351.362081 7351.379259 7351.402218 7350.881402 7350.784084 7351.256291 7351.417045 0.000000 0.000000
0.000000 0.000000 7806.609407 7806.670136 7806.200524 7806.287424 7806.815699 7806.791586 7806.774206 7806.834944 7806.832424 7806.834944 7806.774206 7806.791586 7806.815699 7806.287424 7806.200509 7806.667599 7806.831005 0.000000 0.000000
0.000000 0.000000 0.000000 0.000000 0.000000 0.000000 0.000000 0.000000 0.000000 0.000000 0.000000 0.000000 0.000000 0.000000 0.000000 0.000000 0.000000 0.000000 0.000000 0.000000 0.000000
0.000000 0.000000 0.000000 0.000000 0.000000 0.000000 0.000000 0.000000 0.000000 0.000000 0.000000 0.000000 0.000000 0.000000 0.000000 0.000000 0.000000 0.000000 0.000000 0.000000 0.000000