geotop/1.0zi/1.0Montebello/Templates/testdem/maps/_Erotot8613.asc
ncols         21
nrows         20
xllcorner     100.000000
yllcorner     100.000000
cellsize      50.000000
NODATA_value  -9999.0
0.000000 0.000000 0.000000 0.000000 0.000000 0.000000 0.000000 0.000000 0.000000 0.000000 0.000000 0.000000 0.000000 0.000000 0.000000 0.000000 0.000000 0.000000 0.000000 0.000000 0.000000
0.000000 0.000000 689.897564 690.714815 690.148590 690.240076 689.216817 689.371411 689.357289 689.433676 689.809287 689.185002 689.066879 689.114879 689.491896 689.650133 690.491360 691.045115 691.264689 0.000000 0.000000
0.000000 0.000000 53.736516 52.738004 52.999953 53.083254 53.729737 53.359955 53.063660 52.917706 53.137969 53.453006 53.519350 53.620858 53.461150 52.942468 51.666006 50.813595 51.330574 0.000000 0.000000
0.000000 0.000000 354.682475 355.776257 343.058312 337.837835 338.337635 327.006554 327.093154 327.919222 324.264829 322.465959 324.543184 324.813090 335.240929 342.511537 347.149455 350.173587 355.354848 0.000000 0.000000
0.000000 0.000000 3566.538840 3563.271439 3564.349303 3536.517140 3513.123548 3503.588056 3502.831742 3496.951842 3506.042355 3513.108286 3512.302914 3507.495853 3523.681610 3526.256340 3540.088135 3548.741175 3549.830805 0.000000 0.000000
0.000000 0.000000 5645.717271 5641.850747 5636.931952 5632.261771 5616.479702 5605.819305 5607.446505 5606.123037 5602.261515 5596.370956 5594.818128 5598.699842 5598.247618 5620.076679 5626.261840 5632.331417 5635.011058 0.000000 0.000000
0.000000 0.000000 6989.783551 6985.015233 6982.539431 6974.781448 6960.340914 6934.906943 6934.167737 6931.645267 6931.676164 6936.246820 6936.918670 6937.828017 6967.311148 6977.282806 6983.083515 6986.498045 6991.632364 0.000000 0.000000
0.000000 0.000000 8268.894157 8268.836304 8265.251716 8253.869811 8251.112642 8241.956312 8242.198199 8239.937250 8240.274936 8236.202255 8234.985256 8241.983715 8244.120577 8249.435598 8263.249435 8261.209621 8266.943467 0.000000 0.000000
0.000000 0.000000 9939.658897 9934.044616 9927.532533 9926.506799 9912.513133 9896.000830 9898.021877 9894.264922 9891.681135 9891.468746 9894.220129 9888.049025 9908.443001 9923.218176 9925.367528 9929.666677 9931.601230 0.000000 0.000000
0.000000 0.000000 11855.741256 11851.038599 11850.669498 11846.044721 11823.389175 11812.768588 11811.791470 11811.528908 11807.722818 11812.243819 11815.187071 11814.711037 11822.264135 11838.669020 11846.823467 11849.486531 11850.165112 0.000000 0.000000
0.000000 0.000000 13971.918819 13971.215272 13968.786919 13943.600578 13937.876037 13918.140249 13926.583306 13910.041195 13916.481568 13913.257547 13906.169619 13916.462367 13928.808842 13931.325759 13946.285506 13953.096056 13965.533672 0.000000 0.000000
0.000000 0.000000 16289.780685 16278.844929 16269.383470 16267.212246 16252.201341 16232.280186 16225.960643 16229.052636 16235.538045 16223.814375 16230.248082 16228.573374 16253.575753 16265.390196 16267.696328 16273.241252 16297.573837 0.000000 0.000000
0.000000 0.000000 18728.965083 18721.925827 18724.911759 18705.004528 18697.979830 18638.461959 18636.348932 18635.987576 18610.058230 18627.104368 18629.622721 18635.973931 18678.753724 18685.725068 18714.359085 18712.585995 18721.075761 0.000000 0.000000
0.000000 0.000000 21571.406961 21574.295712 21557.187353 21551.372414 21476.265057 21505.078998 21487.564696 21488.155581 21499.020059 21489.896965 21489.164259 21479.814286 21451.564671 21534.149371 21538.625481 21564.148921 21575.346750 0.000000 0.000000
0.000000 0.000000 24780.327731 24769.016949 24756.361387 24670.602018 24696.606023 24652.234574 24629.591657 24626.148025 24608.792636 24598.036694 24606.508493 24606.404466 24654.614306 24629.706628 24752.942648 24725.342165 24720.997535 0.000000 0.000000
0.000000 0.000000 28065.537319 28060.555901 27939.270225 27989.699775 27984.125705 27979.054106 28037.158922 28018.425428 28048.005940 28039.559939 28018.651496 28049.527966 28044.924863 28050.061401 27927.418045 28113.653893 28104.710843 0.000000 0.000000
0.000000 0.000000 31850.187323 31679.587205 31744.605218 31677.970298 31589.726104 31568.429999 31511.910255 31527.954302 31470.220264 31478.073445 31510.090439 31479.081523 31523.756083 31581.192620 31741.157529 31610.268762 31791.866138 0.000000 0.000000
0.000000 0.000000 32867.914305 33042.957075 33179.845462 33187.103742 33202.159980 33078.461297 33105.707361 33063.187226 33133.779509 33121.517008 33112.633029 33130.421693 33229.905939 33220.032611 33206.205864 33103.763504 32929.335097 0.000000 0.000000
0.000000 0.000000 0.000000 0.000000 0.000000 0.000000 0.000000 0.000000 0.000000 0.000000 0.000000 0.000000 0.000000 0.000000 0.000000 0.000000 0.000000 0.000000 0.000000 0.000000 0.000000
0.000000 0.000000 0.000000 0.000000 0.000000 0.000000 0.000000 0.000000 0.000000 0.000000 0.000000 0.000000 0.000000 0.000000 0.000000 0.000000 0.000000 0.000000 0.000000 0.000000 0.000000