geotop/1.0zi/1.0Montebello/Templates/testdem/maps/_Erotot8704.asc
ncols         21
nrows         20
xllcorner     100.000000
yllcorner     100.000000
cellsize      50.000000
NODATA_value  -9999.0
0.000000 0.000000 0.000000 0.000000 0.000000 0.000000 0.000000 0.000000 0.000000 0.000000 0.000000 0.000000 0.000000 0.000000 0.000000 0.000000 0.000000 0.000000 0.000000 0.000000 0.000000
0.000000 0.000000 699.693366 700.509019 699.940842 700.031713 699.007330 699.156506 699.143160 699.219024 699.594135 698.970687 698.852419 698.899751 699.280340 699.439918 700.282391 700.839621 701.060306 0.000000 0.000000
0.000000 0.000000 54.658101 53.598051 53.903206 53.874321 54.516512 54.171164 53.858312 53.685116 53.894009 54.209976 54.273915 54.387385 54.230425 53.719215 52.452942 51.635122 52.164292 0.000000 0.000000
0.000000 0.000000 407.668301 408.379522 394.487410 386.553439 385.203779 379.150922 379.147955 381.091057 377.640401 375.874758 379.264398 377.764360 388.566227 396.676502 401.750306 402.342514 409.438141 0.000000 0.000000
0.000000 0.000000 3715.302310 3712.221071 3713.460726 3686.878731 3664.078488 3652.015563 3651.341009 3645.149220 3654.218093 3661.270970 3660.054631 3655.795143 3671.954435 3674.398379 3688.401445 3697.869252 3698.381138 0.000000 0.000000
0.000000 0.000000 5788.939078 5785.040197 5779.896479 5774.852332 5758.990348 5748.440395 5750.033915 5748.741960 5744.920172 5738.964164 5737.370192 5741.376746 5740.978568 5763.008034 5769.254260 5775.472565 5778.127592 0.000000 0.000000
0.000000 0.000000 7164.999620 7160.164921 7157.425353 7149.217785 7134.584684 7109.351756 7108.583191 7106.180788 7106.262077 7110.791191 7111.546516 7112.380549 7142.156633 7152.333197 7158.273320 7161.596320 7166.898493 0.000000 0.000000
0.000000 0.000000 8488.478209 8488.337500 8484.446638 8472.461238 8469.485724 8460.741855 8460.958758 8458.825784 8459.224625 8455.081700 8453.964839 8460.907421 8463.243262 8468.775630 8482.798253 8480.629256 8486.581108 0.000000 0.000000
0.000000 0.000000 10209.650091 10203.893030 10196.991144 10195.369072 10181.046945 10165.018979 10167.036241 10163.404915 10160.869573 10160.597891 10163.504865 10157.173131 10177.833051 10192.941007 10195.257665 10199.427668 10201.595456 0.000000 0.000000
0.000000 0.000000 12184.293306 12179.436485 12178.725442 12173.376938 12150.219646 12140.195551 12139.174663 12139.112810 12135.334581 12139.843023 12142.987798 12142.361264 12150.117418 12166.927380 12175.335782 12177.817966 12178.746866 0.000000 0.000000
0.000000 0.000000 14369.792675 14368.978782 14366.114681 14339.798315 14333.803598 14314.584909 14323.157637 14306.520323 14313.171094 14309.803397 14302.743748 14313.096870 14325.715020 14328.443219 14343.769223 14350.473884 14363.404491 0.000000 0.000000
0.000000 0.000000 16770.140224 16758.810086 16748.709281 16745.829903 16730.184727 16710.863482 16704.275494 16707.857500 16714.554560 16702.454397 16709.336952 16707.305307 16733.020853 16745.389766 16747.822401 16753.122107 16778.325822 0.000000 0.000000
0.000000 0.000000 19301.000763 19293.702132 19296.440379 19275.097575 19267.685446 19206.685654 19204.569671 19204.395899 19177.544146 19195.297757 19198.043777 19204.461306 19249.154170 19256.556502 19286.272729 19284.103452 19292.673184 0.000000 0.000000
0.000000 0.000000 22260.960318 22263.879907 22245.544438 22238.825935 22159.052944 22192.165323 22173.800110 22174.821899 22186.945447 22176.898579 22176.244356 22166.089015 22135.526212 22223.013817 22227.240719 22253.557155 22265.556329 0.000000 0.000000
0.000000 0.000000 25598.527812 25586.617724 25573.118280 25480.445482 25510.597474 25463.879014 25440.768460 25437.345540 25418.723363 25407.573359 25417.068440 25416.914114 25468.886385 25439.799370 25570.960427 25540.532468 25535.963227 0.000000 0.000000
0.000000 0.000000 28976.147645 28971.063018 28842.564871 28899.106194 28891.349600 28889.733105 28951.651822 28932.703350 28964.837624 28956.415590 28934.029220 28966.439384 28959.411266 28966.249306 28831.437776 29029.243714 29020.575559 0.000000 0.000000
0.000000 0.000000 32786.373487 32612.666012 32683.641043 32612.438046 32522.692764 32502.264273 32442.267398 32459.565433 32399.563016 32407.792758 32441.741528 32408.378529 32454.384165 32513.174773 32681.420828 32539.684026 32725.329840 0.000000 0.000000
0.000000 0.000000 33724.450468 33899.819072 34033.692272 34040.930194 34056.701505 33935.833774 33963.657831 33921.637066 33992.469866 33980.175903 33971.060740 33988.997268 34086.537912 34076.190388 34060.372217 33960.926250 33786.277863 0.000000 0.000000
0.000000 0.000000 0.000000 0.000000 0.000000 0.000000 0.000000 0.000000 0.000000 0.000000 0.000000 0.000000 0.000000 0.000000 0.000000 0.000000 0.000000 0.000000 0.000000 0.000000 0.000000
0.000000 0.000000 0.000000 0.000000 0.000000 0.000000 0.000000 0.000000 0.000000 0.000000 0.000000 0.000000 0.000000 0.000000 0.000000 0.000000 0.000000 0.000000 0.000000 0.000000 0.000000