geotop/1.0zi/1.0Montebello/Templates/testdem/maps/_Erotot4687.asc
ncols         21
nrows         20
xllcorner     100.000000
yllcorner     100.000000
cellsize      50.000000
NODATA_value  -9999.0
0.000000 0.000000 0.000000 0.000000 0.000000 0.000000 0.000000 0.000000 0.000000 0.000000 0.000000 0.000000 0.000000 0.000000 0.000000 0.000000 0.000000 0.000000 0.000000 0.000000 0.000000
0.000000 0.000000 353.203329 352.742479 352.528242 352.358774 352.363418 352.403099 352.440933 352.440117 352.425582 352.428407 352.429448 352.472412 352.360397 352.400075 352.595446 352.528569 352.643768 0.000000 0.000000
0.000000 0.000000 27.869615 28.426323 28.816973 29.923557 29.414056 29.509939 29.103561 29.016036 29.059179 29.385095 29.132696 28.932296 29.454780 29.160016 28.259593 27.666637 27.499381 0.000000 0.000000
0.000000 0.000000 136.128468 137.397517 130.314856 127.935485 129.108715 124.127785 123.385255 123.048423 122.177031 121.611121 122.624911 121.219665 123.913973 128.905207 129.474252 131.738174 134.342077 0.000000 0.000000
0.000000 0.000000 1344.507877 1348.672513 1354.023482 1336.891234 1325.778797 1317.813786 1320.301732 1314.490585 1318.731411 1322.964333 1323.243548 1323.695925 1332.987537 1331.956726 1337.379690 1343.128033 1344.984703 0.000000 0.000000
0.000000 0.000000 2627.191057 2622.445371 2618.977317 2616.295134 2611.025660 2607.928520 2605.249362 2606.984042 2606.578142 2603.993805 2600.149439 2601.319952 2600.840563 2613.762703 2617.901722 2617.970537 2620.837816 0.000000 0.000000
0.000000 0.000000 3356.127503 3351.179139 3346.607381 3342.841260 3331.903350 3316.737767 3318.096369 3314.529822 3317.670909 3317.010235 3319.616534 3322.041870 3336.559941 3345.698892 3351.934843 3355.683657 3359.204529 0.000000 0.000000
0.000000 0.000000 3880.359664 3880.630961 3881.442712 3877.036260 3875.297071 3870.556017 3871.231934 3871.375462 3868.970113 3869.996291 3868.862325 3867.984327 3871.261435 3874.722829 3876.837962 3876.267213 3877.518517 0.000000 0.000000
0.000000 0.000000 4530.172780 4530.081240 4527.707610 4525.564745 4521.116349 4512.568139 4512.813664 4510.836127 4511.426996 4512.124186 4511.311750 4512.117838 4517.406817 4525.330498 4525.383037 4526.883684 4530.622207 0.000000 0.000000
0.000000 0.000000 5299.428044 5297.751065 5298.230702 5294.446664 5285.758494 5280.769189 5282.377483 5281.332333 5281.485833 5281.601740 5280.618529 5279.133437 5286.570131 5293.405583 5295.682280 5296.720075 5298.113420 0.000000 0.000000
0.000000 0.000000 6113.915428 6112.184626 6111.052665 6109.038047 6106.374007 6095.864109 6096.160834 6093.506476 6093.725878 6094.807424 6093.718684 6093.708187 6098.844772 6101.775527 6106.563172 6108.655386 6111.744805 0.000000 0.000000
0.000000 0.000000 6961.402609 6960.780347 6958.628987 6951.996496 6947.284184 6939.229618 6938.249623 6937.712571 6937.904843 6937.148580 6936.769324 6936.786321 6945.939625 6952.104258 6955.523270 6956.713797 6973.777719 0.000000 0.000000
0.000000 0.000000 7814.068965 7812.236041 7810.332978 7807.629382 7800.204096 7780.924966 7781.187113 7779.280554 7779.273764 7779.963944 7778.401264 7779.009216 7795.322073 7803.672633 7806.932579 7808.473361 7810.900971 0.000000 0.000000
0.000000 0.000000 8724.558877 8721.734066 8719.910545 8716.099380 8696.390212 8704.661508 8698.744471 8697.709014 8698.208701 8698.615564 8697.359380 8697.243292 8691.318049 8710.426299 8714.364224 8719.672841 8719.630990 0.000000 0.000000
0.000000 0.000000 9697.006978 9692.361044 9688.047018 9675.206511 9672.443625 9656.114907 9648.065426 9646.194329 9641.990441 9641.675855 9642.767578 9640.546597 9651.820640 9660.187196 9682.139421 9677.788500 9679.245645 0.000000 0.000000
0.000000 0.000000 10667.027105 10666.802960 10645.939948 10649.279512 10648.518116 10647.542112 10650.330844 10650.204238 10653.146613 10653.056842 10649.846430 10655.103166 10652.798889 10651.993014 10640.654019 10665.288931 10670.033265 0.000000 0.000000
0.000000 0.000000 11768.198510 11743.420224 11735.346239 11727.444602 11712.458625 11706.036319 11704.253448 11703.323037 11699.593854 11700.000075 11700.229271 11697.526827 11702.487168 11719.730378 11733.461183 11734.177745 11759.551276 0.000000 0.000000
0.000000 0.000000 12581.781253 12585.647973 12608.490737 12598.758120 12592.040091 12567.942350 12566.240812 12563.221097 12565.143034 12564.974457 12563.304733 12564.862429 12587.733521 12597.052799 12609.174893 12582.567463 12584.605581 0.000000 0.000000
0.000000 0.000000 0.000000 0.000000 0.000000 0.000000 0.000000 0.000000 0.000000 0.000000 0.000000 0.000000 0.000000 0.000000 0.000000 0.000000 0.000000 0.000000 0.000000 0.000000 0.000000
0.000000 0.000000 0.000000 0.000000 0.000000 0.000000 0.000000 0.000000 0.000000 0.000000 0.000000 0.000000 0.000000 0.000000 0.000000 0.000000 0.000000 0.000000 0.000000 0.000000 0.000000