geotop/1.0zi/1.0Montebello/Templates/testdem/maps/_Erotot3254.asc
ncols         21
nrows         20
xllcorner     100.000000
yllcorner     100.000000
cellsize      50.000000
NODATA_value  -9999.0
0.000000 0.000000 0.000000 0.000000 0.000000 0.000000 0.000000 0.000000 0.000000 0.000000 0.000000 0.000000 0.000000 0.000000 0.000000 0.000000 0.000000 0.000000 0.000000 0.000000 0.000000
0.000000 0.000000 351.492714 351.495567 351.499123 351.617901 351.487193 351.491521 351.465362 351.505960 351.521126 351.505960 351.465362 351.491521 351.487193 351.617901 351.499123 351.495567 351.492714 0.000000 0.000000
0.000000 0.000000 11.494322 11.255666 9.498598 11.180305 11.492790 11.423282 11.537743 11.436699 11.803935 11.436699 11.537743 11.423282 11.492790 11.180305 9.498598 11.255666 11.494322 0.000000 0.000000
0.000000 0.000000 2588.869717 2588.499923 2588.657176 2586.822617 2588.669210 2588.201157 2588.168116 2588.972773 2589.114817 2588.972773 2588.168116 2588.201157 2588.669210 2586.822617 2588.657176 2588.499923 2588.869717 0.000000 0.000000
0.000000 0.000000 4858.030040 4857.851354 4857.179818 4857.757563 4858.289223 4858.154731 4858.137314 4858.239511 4858.262099 4858.239511 4858.137314 4858.154731 4858.289223 4857.757563 4857.179818 4857.851354 4858.030040 0.000000 0.000000
0.000000 0.000000 6295.157812 6294.933416 6294.320551 6294.455406 6295.226223 6294.951021 6294.987957 6295.272091 6295.495807 6295.272091 6294.987957 6294.951021 6295.226223 6294.455406 6294.320551 6294.933416 6295.157812 0.000000 0.000000
0.000000 0.000000 8110.232491 8110.042687 8109.483148 8109.602435 8110.260065 8110.025209 8110.065004 8110.310782 8110.533158 8110.310782 8110.065004 8110.025209 8110.260065 8109.602435 8109.483148 8110.042687 8110.232491 0.000000 0.000000
0.000000 0.000000 9790.441463 9790.280844 9789.766790 9789.889465 9790.446974 9790.247656 9790.286179 9790.502707 9790.703551 9790.502707 9790.286179 9790.247656 9790.446974 9789.889465 9789.766790 9790.280844 9790.441463 0.000000 0.000000
0.000000 0.000000 11339.409872 11339.264274 11338.780566 11338.901918 11339.410940 11339.230284 11339.264623 11339.465008 11339.654495 11339.465008 11339.264623 11339.230284 11339.410940 11338.901918 11338.780566 11339.264274 11339.409872 0.000000 0.000000
0.000000 0.000000 12780.716195 12780.600916 12780.135807 12780.294174 12780.714397 12780.554825 12780.591222 12780.770608 12780.943560 12780.770608 12780.591222 12780.554825 12780.714397 12780.294174 12780.135807 12780.600916 12780.716195 0.000000 0.000000
0.000000 0.000000 14123.191832 14123.071866 14122.632895 14122.766628 14123.193532 14123.036110 14123.068030 14123.245484 14123.408644 14123.245484 14123.068030 14123.036110 14123.193532 14122.766628 14122.632895 14123.071866 14123.191832 0.000000 0.000000
0.000000 0.000000 15391.573443 15391.458620 15391.047850 15391.176939 15391.590205 15391.440532 15391.467622 15391.643931 15391.796810 15391.643931 15391.467622 15391.440532 15391.590205 15391.176939 15391.047850 15391.458620 15391.573443 0.000000 0.000000
0.000000 0.000000 16593.321725 16593.214439 16592.815347 16592.945542 16593.337294 16593.192675 16593.218647 16593.390267 16593.534039 16593.390267 16593.218647 16593.192675 16593.337294 16592.945542 16592.815347 16593.214439 16593.321725 0.000000 0.000000
0.000000 0.000000 17742.645771 17742.547706 17742.162787 17742.309411 17742.663296 17742.525821 17742.552350 17742.716154 17742.852709 17742.716154 17742.552350 17742.525821 17742.663296 17742.309411 17742.162787 17742.547706 17742.645771 0.000000 0.000000
0.000000 0.000000 18840.881637 18840.783400 18840.409285 18840.543924 18840.902751 18840.767076 18840.790954 18840.953482 18841.083432 18840.953482 18840.790954 18840.767076 18840.902751 18840.543924 18840.409285 18840.783400 18840.881637 0.000000 0.000000
0.000000 0.000000 19892.219167 19892.123365 19891.761711 19891.888595 19892.233210 19892.102910 19892.126726 19892.282307 19892.408097 19892.282307 19892.126726 19892.102910 19892.233210 19891.888595 19891.761711 19892.123365 19892.219163 0.000000 0.000000
0.000000 0.000000 20902.653043 20902.560067 20902.204998 20902.335509 20902.666951 20902.539568 20902.563112 20902.714542 20902.833154 20902.714542 20902.563112 20902.539568 20902.666951 20902.335509 20902.204998 20902.560046 20902.652975 0.000000 0.000000
0.000000 0.000000 21925.888823 21926.333868 21925.987809 21926.113951 21926.436674 21926.313896 21926.335704 21926.482549 21926.597470 21926.482549 21926.335704 21926.313896 21926.436674 21926.113951 21925.987791 21926.330513 21926.419806 0.000000 0.000000
0.000000 0.000000 0.000000 0.000000 0.000000 0.000000 0.000000 0.000000 0.000000 0.000000 0.000000 0.000000 0.000000 0.000000 0.000000 0.000000 0.000000 0.000000 0.000000 0.000000 0.000000
0.000000 0.000000 0.000000 0.000000 0.000000 0.000000 0.000000 0.000000 0.000000 0.000000 0.000000 0.000000 0.000000 0.000000 0.000000 0.000000 0.000000 0.000000 0.000000 0.000000 0.000000