geotop/1.0zi/1.0Montebello/Templates/testdem/maps/_Erotot099o.asc
ncols         21
nrows         20
xllcorner     100.000000
yllcorner     100.000000
cellsize      50.000000
NODATA_value  -9999.0
0.000000 0.000000 0.000000 0.000000 0.000000 0.000000 0.000000 0.000000 0.000000 0.000000 0.000000 0.000000 0.000000 0.000000 0.000000 0.000000 0.000000 0.000000 0.000000 0.000000 0.000000
0.000000 0.000000 954.642434 954.218013 952.919086 951.071158 949.677816 948.857718 949.369581 950.054216 949.898002 949.108266 949.044338 949.127093 950.709269 951.233136 954.041098 954.681758 955.210250 0.000000 0.000000
0.000000 0.000000 67.450686 68.251503 66.722833 69.699340 69.052095 68.401541 68.580472 67.326336 68.398634 70.598876 68.366826 68.403161 67.911750 67.416291 65.197217 64.508708 67.669110 0.000000 0.000000
0.000000 0.000000 872.045157 880.214419 857.532434 845.420172 846.569426 833.649633 841.331782 846.607094 838.597942 839.154811 844.190138 848.774128 852.390679 865.136858 870.961119 870.986852 876.893279 0.000000 0.000000
0.000000 0.000000 5768.284473 5754.879153 5759.167227 5718.773159 5686.707230 5670.046002 5664.750426 5658.145292 5663.330117 5669.627873 5670.246614 5658.651878 5684.046304 5691.196792 5710.388262 5724.700425 5725.364933 0.000000 0.000000
0.000000 0.000000 8040.808201 8037.599776 8027.529301 8027.175194 7997.135845 7984.059342 7988.188710 7987.111689 7978.986815 7972.719120 7971.170361 7974.952638 7976.981853 8007.926438 8007.850931 8017.249045 8018.051221 0.000000 0.000000
0.000000 0.000000 9917.407134 9911.902202 9905.135075 9890.434087 9881.753013 9836.578251 9836.077014 9832.569872 9831.087085 9834.689940 9833.975998 9835.464349 9874.466185 9879.689947 9890.961791 9896.833814 9901.261443 0.000000 0.000000
0.000000 0.000000 12056.886344 12053.008270 12043.750960 12019.421618 12005.982737 11998.033411 11998.021834 11996.500604 11993.114100 11990.432630 11988.608174 11995.826969 11994.757977 12008.943314 12027.339330 12025.419902 12031.919030 0.000000 0.000000
0.000000 0.000000 14748.645799 14741.586471 14728.323274 14720.783328 14698.932365 14669.483133 14673.748080 14669.364957 14663.956450 14662.398605 14665.241922 14657.925680 14688.908761 14708.062950 14712.931079 14719.171237 14721.597177 0.000000 0.000000
0.000000 0.000000 17962.980521 17949.808902 17939.997108 17927.712156 17905.499504 17879.510931 17877.681482 17876.770062 17867.763852 17872.423541 17879.089485 17877.008877 17887.786886 17914.226681 17925.823571 17932.448540 17931.195309 0.000000 0.000000
0.000000 0.000000 21666.647367 21657.655450 21652.242785 21603.813851 21601.394135 21560.812050 21575.531313 21551.908742 21557.627151 21552.368770 21539.794708 21554.749066 21573.992688 21582.606841 21603.600721 21609.830644 21632.437771 0.000000 0.000000
0.000000 0.000000 25940.051547 25917.837296 25886.187278 25880.873764 25862.798422 25813.692398 25806.280598 25813.714744 25816.289891 25801.380085 25808.913900 25801.806514 25842.263034 25866.096167 25868.993577 25878.565894 25910.965985 0.000000 0.000000
0.000000 0.000000 30385.309513 30366.447211 30365.834263 30331.417552 30304.262638 30187.314552 30181.188258 30177.237556 30119.228056 30157.895901 30158.402550 30170.357596 30254.516228 30267.876873 30319.553754 30325.649566 30317.895371 0.000000 0.000000
0.000000 0.000000 35076.366934 35082.292685 35039.287460 35024.680759 34886.335553 34991.354572 34957.582302 34957.435024 34987.942769 34955.329504 34951.802076 34929.826578 34838.727673 35000.995547 34991.020376 35028.758066 35046.982544 0.000000 0.000000
0.000000 0.000000 38444.536457 38432.114900 38419.304229 38325.006963 38398.124073 38325.192642 38313.732123 38309.883733 38284.380898 38278.936620 38290.442952 38292.898521 38356.052427 38271.971223 38410.397356 38371.439018 38358.592133 0.000000 0.000000
0.000000 0.000000 40472.985188 40468.029248 40403.684698 40436.207761 40436.414778 40432.296776 40465.321005 40452.637827 40467.095318 40461.235446 40449.386300 40466.195825 40460.151310 40466.645558 40386.806019 40484.856467 40476.250261 0.000000 0.000000
0.000000 0.000000 42071.261404 42020.373466 42055.078176 42026.452432 42002.013063 41999.377961 41980.417646 41987.068077 41966.392604 41969.586826 41978.748117 41971.348090 41979.582316 41986.794632 42042.884596 41990.577094 42040.217812 0.000000 0.000000
0.000000 0.000000 42702.386827 42773.298948 42799.173193 42811.109923 42819.872480 42783.258201 42799.381732 42784.610332 42809.155056 42805.047394 42800.916627 42806.956697 42835.960534 42826.994354 42800.905191 42786.824880 42719.772465 0.000000 0.000000
0.000000 0.000000 0.000000 0.000000 0.000000 0.000000 0.000000 0.000000 0.000000 0.000000 0.000000 0.000000 0.000000 0.000000 0.000000 0.000000 0.000000 0.000000 0.000000 0.000000 0.000000
0.000000 0.000000 0.000000 0.000000 0.000000 0.000000 0.000000 0.000000 0.000000 0.000000 0.000000 0.000000 0.000000 0.000000 0.000000 0.000000 0.000000 0.000000 0.000000 0.000000 0.000000