geotop/1.0zi/1.0Montebello/Templates/testdem/maps/_Erotot8402.asc
ncols         21
nrows         20
xllcorner     100.000000
yllcorner     100.000000
cellsize      50.000000
NODATA_value  -9999.0
0.000000 0.000000 0.000000 0.000000 0.000000 0.000000 0.000000 0.000000 0.000000 0.000000 0.000000 0.000000 0.000000 0.000000 0.000000 0.000000 0.000000 0.000000 0.000000 0.000000 0.000000
0.000000 0.000000 681.146841 681.961177 681.402192 681.490792 680.483233 680.645019 680.622667 680.696889 681.124708 680.449839 680.331469 680.383891 680.748818 680.904384 681.743652 682.297228 682.511265 0.000000 0.000000
0.000000 0.000000 52.733031 51.732585 51.985046 52.062274 52.689337 52.368354 52.081156 51.939700 52.115438 52.474671 52.542077 52.642683 52.450967 51.939391 50.664218 49.806227 50.330537 0.000000 0.000000
0.000000 0.000000 354.835338 355.981591 343.625536 338.364723 338.925175 327.604705 327.688151 328.517981 324.881969 323.076919 325.252402 325.438920 335.650129 342.734328 347.332522 350.230625 355.460494 0.000000 0.000000
0.000000 0.000000 3393.178436 3393.674665 3398.603420 3374.280696 3354.479882 3342.597784 3340.495739 3336.312103 3343.166308 3348.555541 3344.007857 3342.549634 3358.713507 3362.211841 3374.525740 3385.109408 3384.804405 0.000000 0.000000
0.000000 0.000000 5446.397932 5441.992295 5436.657045 5431.464599 5415.240068 5405.409039 5407.341053 5405.565048 5402.214700 5396.561439 5395.578190 5398.732389 5398.377876 5419.625614 5426.017305 5431.595439 5434.561398 0.000000 0.000000
0.000000 0.000000 6764.070959 6759.385846 6756.885803 6749.175137 6734.893684 6709.885392 6709.159057 6706.551689 6706.662476 6711.301878 6712.177680 6712.789803 6741.898347 6751.590386 6757.280913 6760.505384 6765.655143 0.000000 0.000000
0.000000 0.000000 7986.719797 7986.920352 7983.598006 7972.599254 7970.412859 7961.328207 7961.467256 7959.300719 7959.481580 7955.362396 7954.105761 7960.960919 7962.910329 7967.937085 7981.465127 7979.389513 7985.012412 0.000000 0.000000
0.000000 0.000000 9586.339718 9581.250104 9575.293711 9574.740042 9561.565166 9545.146572 9546.981347 9543.403809 9540.601305 9540.227837 9542.709023 9536.656534 9556.716760 9571.160173 9573.002053 9577.304168 9579.093389 0.000000 0.000000
0.000000 0.000000 11419.135802 11415.056672 11415.274452 11411.272463 11389.678338 11379.135035 11377.998209 11377.867603 11373.844584 11378.088050 11380.665145 11380.332923 11387.592758 11403.601075 11411.340183 11414.051391 11414.582703 0.000000 0.000000
0.000000 0.000000 13437.603028 13437.518626 13435.780868 13411.663102 13406.771705 13387.347706 13395.390777 13379.372166 13385.350710 13381.998795 13374.722406 13384.916389 13396.856013 13399.220302 13413.601269 13420.347824 13432.389246 0.000000 0.000000
0.000000 0.000000 15640.554400 15630.658652 15622.169632 15620.559356 15606.883624 15587.294102 15581.029488 15584.002860 15590.027359 15578.374382 15584.112893 15582.833615 15606.885845 15618.173273 15620.157426 15625.757229 15649.276812 0.000000 0.000000
0.000000 0.000000 17950.459165 17944.383833 17947.894817 17929.394841 17923.435463 17866.951919 17864.551530 17864.451424 17839.359001 17855.178325 17857.239613 17863.519729 17903.783691 17910.393222 17937.568310 17936.023173 17944.602880 0.000000 0.000000
0.000000 0.000000 20628.139250 20631.768800 20616.388207 20611.338321 20542.560927 20567.688655 20550.860764 20551.519831 20560.674461 20552.143403 20551.083990 20542.689262 20517.000187 20593.843333 20598.334171 20622.611482 20633.138598 0.000000 0.000000
0.000000 0.000000 23648.146280 23638.364305 23627.163013 23549.647963 23571.537156 23531.342488 23509.012503 23506.179798 23489.986904 23479.248825 23486.239098 23486.231128 23529.888417 23510.087046 23623.197139 23598.643914 23594.861901 0.000000 0.000000
0.000000 0.000000 26770.762229 26766.930494 26655.959940 26698.333765 26696.184097 26688.736383 26741.388682 26723.713565 26749.672887 26740.713793 26721.451670 26750.218953 26748.108309 26751.618894 26644.166591 26814.435984 26805.568020 0.000000 0.000000
0.000000 0.000000 30440.932326 30279.273586 30335.656530 30276.156213 30192.716054 30172.471041 30121.125420 30135.901056 30081.867317 30088.451554 30117.027996 30089.850816 30131.519711 30185.910498 30331.584753 30217.154914 30389.718752 0.000000 0.000000
0.000000 0.000000 31556.505342 31724.123055 31862.326008 31868.461444 31881.810608 31759.502666 31784.125099 31742.721114 31809.913392 31797.668248 31789.689535 31806.193857 31905.058296 31896.970590 31888.090225 31782.356478 31616.299703 0.000000 0.000000
0.000000 0.000000 0.000000 0.000000 0.000000 0.000000 0.000000 0.000000 0.000000 0.000000 0.000000 0.000000 0.000000 0.000000 0.000000 0.000000 0.000000 0.000000 0.000000 0.000000 0.000000
0.000000 0.000000 0.000000 0.000000 0.000000 0.000000 0.000000 0.000000 0.000000 0.000000 0.000000 0.000000 0.000000 0.000000 0.000000 0.000000 0.000000 0.000000 0.000000 0.000000 0.000000