geotop/1.0zi/1.0Montebello/Templates/testdem/maps/_Erotot1530.asc
ncols         21
nrows         20
xllcorner     100.000000
yllcorner     100.000000
cellsize      50.000000
NODATA_value  -9999.0
0.000000 0.000000 0.000000 0.000000 0.000000 0.000000 0.000000 0.000000 0.000000 0.000000 0.000000 0.000000 0.000000 0.000000 0.000000 0.000000 0.000000 0.000000 0.000000 0.000000 0.000000
0.000000 0.000000 170.937134 170.938764 170.974307 170.953915 170.928952 170.938913 170.940685 170.934527 170.935345 170.934527 170.940685 170.938913 170.928952 170.953915 170.974307 170.938764 170.937134 0.000000 0.000000
0.000000 0.000000 10.015929 9.795928 8.018727 9.872314 10.059619 10.041698 10.050825 10.059481 10.057197 10.059481 10.050825 10.041698 10.059619 9.872314 8.018727 9.795928 10.015929 0.000000 0.000000
0.000000 0.000000 1221.419507 1221.205382 1221.380497 1219.404683 1221.728095 1221.310079 1221.259346 1221.857130 1221.812769 1221.857130 1221.259346 1221.310079 1221.728095 1219.404683 1221.380497 1221.205382 1221.419507 0.000000 0.000000
0.000000 0.000000 2268.060716 2267.847442 2267.253493 2267.949609 2268.400720 2268.203661 2268.159428 2268.313795 2268.267378 2268.313795 2268.159428 2268.203661 2268.400720 2267.949609 2267.253493 2267.847442 2268.060716 0.000000 0.000000
0.000000 0.000000 2974.848705 2974.678654 2974.066865 2974.266853 2975.170737 2974.921268 2974.895127 2975.136276 2975.112621 2975.136276 2974.895127 2974.921268 2975.170737 2974.266853 2974.066865 2974.678654 2974.848705 0.000000 0.000000
0.000000 0.000000 3877.756480 3877.619516 3877.051662 3877.246489 3878.023514 3877.810335 3877.794973 3877.995243 3877.975352 3877.995243 3877.794973 3877.810335 3878.023514 3877.246489 3877.051662 3877.619516 3877.756480 0.000000 0.000000
0.000000 0.000000 4734.069995 4733.956650 4733.422786 4733.614567 4734.295338 4734.112699 4734.099192 4734.274504 4734.255537 4734.274504 4734.099192 4734.112699 4734.295338 4733.614567 4733.422786 4733.956650 4734.069995 0.000000 0.000000
0.000000 0.000000 5543.192379 5543.087203 5542.574987 5542.760478 5543.398867 5543.228925 5543.217005 5543.383036 5543.365496 5543.383036 5543.217005 5543.228925 5543.398867 5542.760478 5542.574987 5543.087203 5543.192379 0.000000 0.000000
0.000000 0.000000 6315.061599 6314.983273 6314.478674 6314.700006 6315.250227 6315.099016 6315.093995 6315.241763 6315.224140 6315.241763 6315.093995 6315.099016 6315.250227 6314.700006 6314.478674 6314.983273 6315.061599 0.000000 0.000000
0.000000 0.000000 7053.986377 7053.898531 7053.409872 7053.603900 7054.170774 7054.017729 7054.009690 7054.158945 7054.140382 7054.158945 7054.009690 7054.017729 7054.170774 7053.603900 7053.409872 7053.898531 7053.986377 0.000000 0.000000
0.000000 0.000000 7767.055492 7766.965070 7766.489476 7766.673399 7767.231313 7767.082641 7767.075340 7767.222230 7767.204865 7767.222230 7767.075340 7767.082641 7767.231313 7766.673399 7766.489476 7766.965070 7767.055492 0.000000 0.000000
0.000000 0.000000 8462.052326 8461.964291 8461.492250 8461.676706 8462.219856 8462.073896 8462.067188 8462.211285 8462.193407 8462.211285 8462.067188 8462.073896 8462.219856 8461.676706 8461.492250 8461.964291 8462.052326 0.000000 0.000000
0.000000 0.000000 9137.973572 9137.892072 9137.425381 9137.628975 9138.136885 9137.995729 9137.991534 9138.130468 9138.112123 9138.130468 9137.991534 9137.995729 9138.136885 9137.628975 9137.425381 9137.892072 9137.973572 0.000000 0.000000
0.000000 0.000000 9798.708872 9798.624509 9798.156455 9798.348958 9798.866569 9798.725094 9798.719871 9798.860212 9798.841404 9798.860212 9798.719871 9798.725094 9798.866569 9798.348958 9798.156455 9798.624509 9798.708872 0.000000 0.000000
0.000000 0.000000 10445.440069 10445.356578 10444.898049 10445.082803 10445.591571 10445.453541 10445.448433 10445.585460 10445.566895 10445.585460 10445.448433 10445.453541 10445.591571 10445.082803 10444.898049 10445.356578 10445.440066 0.000000 0.000000
0.000000 0.000000 11077.546207 11077.463331 11077.001992 11077.189784 11077.695128 11077.555869 11077.550634 11077.686530 11077.667051 11077.686530 11077.550634 11077.555869 11077.695128 11077.189784 11077.001992 11077.463311 11077.545907 0.000000 0.000000
0.000000 0.000000 11729.472443 11729.706151 11729.251094 11729.430407 11729.937359 11729.797140 11729.792029 11729.929918 11729.910311 11729.929918 11729.792029 11729.797140 11729.937359 11729.430407 11729.251076 11729.702998 11729.785928 0.000000 0.000000
0.000000 0.000000 0.000000 0.000000 0.000000 0.000000 0.000000 0.000000 0.000000 0.000000 0.000000 0.000000 0.000000 0.000000 0.000000 0.000000 0.000000 0.000000 0.000000 0.000000 0.000000
0.000000 0.000000 0.000000 0.000000 0.000000 0.000000 0.000000 0.000000 0.000000 0.000000 0.000000 0.000000 0.000000 0.000000 0.000000 0.000000 0.000000 0.000000 0.000000 0.000000 0.000000