geotop/1.0zi/1.0Montebello/Templates/testdem/maps/_Erotot3197.asc
ncols         21
nrows         20
xllcorner     100.000000
yllcorner     100.000000
cellsize      50.000000
NODATA_value  -9999.0
0.000000 0.000000 0.000000 0.000000 0.000000 0.000000 0.000000 0.000000 0.000000 0.000000 0.000000 0.000000 0.000000 0.000000 0.000000 0.000000 0.000000 0.000000 0.000000 0.000000 0.000000
0.000000 0.000000 351.253013 351.255867 351.259422 351.378201 351.247493 351.251820 351.225660 351.266258 351.281424 351.266258 351.225660 351.251820 351.247493 351.378201 351.259422 351.255867 351.253013 0.000000 0.000000
0.000000 0.000000 11.495414 11.256756 9.499684 11.181385 11.493859 11.424407 11.539147 11.438175 11.805412 11.438175 11.539147 11.424407 11.493859 11.181385 9.499684 11.256756 11.495414 0.000000 0.000000
0.000000 0.000000 2588.653644 2588.283902 2588.441280 2586.606746 2588.453201 2587.984587 2587.949378 2588.753566 2588.895554 2588.753566 2587.949378 2587.984587 2588.453201 2586.606746 2588.441280 2588.283902 2588.653644 0.000000 0.000000
0.000000 0.000000 4831.051401 4830.873122 4830.202821 4830.780010 4831.302655 4831.173913 4831.149568 4831.255890 4831.276592 4831.255890 4831.149568 4831.173913 4831.302655 4830.780010 4830.202821 4830.873122 4831.051401 0.000000 0.000000
0.000000 0.000000 6268.954123 6268.729935 6268.117990 6268.252565 6269.020180 6268.745823 6268.777426 6269.063809 6269.287145 6269.063809 6268.777426 6268.745823 6269.020180 6268.252565 6268.117990 6268.729935 6268.954123 0.000000 0.000000
0.000000 0.000000 8072.194523 8072.004933 8071.446453 8071.565453 8072.220488 8071.984492 8072.017871 8072.266334 8072.488655 8072.266334 8072.017871 8071.984492 8072.220488 8071.565453 8071.446453 8072.004933 8072.194523 0.000000 0.000000
0.000000 0.000000 9739.602866 9739.442410 9738.929219 9739.051705 9739.607504 9739.405758 9739.438040 9739.657147 9739.858183 9739.657147 9739.438040 9739.405758 9739.607504 9739.051705 9738.929219 9739.442410 9739.602866 0.000000 0.000000
0.000000 0.000000 11276.337067 11276.191567 11275.708475 11275.829750 11276.337722 11276.153965 11276.182433 11276.385161 11276.574977 11276.385161 11276.182433 11276.153965 11276.337722 11275.829750 11275.708475 11276.191567 11276.337067 0.000000 0.000000
0.000000 0.000000 12706.181001 12706.065783 12705.601051 12705.759478 12706.179050 12706.016056 12706.046945 12706.228399 12706.401745 12706.228399 12706.046945 12706.016056 12706.179050 12705.759478 12705.601051 12706.065783 12706.181001 0.000000 0.000000
0.000000 0.000000 14037.945428 14037.825476 14037.386675 14037.520575 14037.947128 14037.786135 14037.812859 14037.992127 14038.155715 14037.992127 14037.812859 14037.786135 14037.947128 14037.520575 14037.386675 14037.825476 14037.945428 0.000000 0.000000
0.000000 0.000000 15296.320381 15296.205532 15295.794766 15295.924114 15296.337268 15296.183974 15296.206125 15296.384039 15296.537361 15296.384039 15296.206125 15296.183974 15296.337268 15295.924114 15295.794766 15296.205532 15296.320381 0.000000 0.000000
0.000000 0.000000 16488.719111 16488.611759 16488.212526 16488.343065 16488.734895 16488.586660 16488.607910 16488.780962 16488.925197 16488.780962 16488.607910 16488.586660 16488.734895 16488.343065 16488.212526 16488.611759 16488.719111 0.000000 0.000000
0.000000 0.000000 17629.352652 17629.254486 17628.869268 17629.016337 17629.370422 17629.229368 17629.251378 17629.416449 17629.553473 17629.416449 17629.251378 17629.229368 17629.370422 17629.016337 17628.869268 17629.254486 17629.352652 0.000000 0.000000
0.000000 0.000000 18719.482915 18719.384549 18719.009976 18719.145140 18719.504299 18719.365099 18719.384636 18719.548311 18719.678745 18719.548311 18719.384636 18719.365099 18719.504299 18719.145140 18719.009976 18719.384549 18719.482915 0.000000 0.000000
0.000000 0.000000 19763.268853 19763.172883 19762.810612 19762.938070 19763.283112 19763.149361 19763.169013 19763.325604 19763.451923 19763.325604 19763.169013 19763.149361 19763.283112 19762.938070 19762.810612 19763.172882 19763.268849 0.000000 0.000000
0.000000 0.000000 20766.716212 20766.623082 20766.267279 20766.398425 20766.730426 20766.599655 20766.619174 20766.771559 20766.890695 20766.771559 20766.619174 20766.599655 20766.730426 20766.398425 20766.267278 20766.623062 20766.716176 0.000000 0.000000
0.000000 0.000000 21784.806861 21785.258593 21784.911679 21785.038487 21785.361863 21785.235793 21785.253749 21785.401485 21785.516980 21785.401485 21785.253749 21785.235793 21785.361863 21785.038487 21784.911661 21785.255258 21785.344779 0.000000 0.000000
0.000000 0.000000 0.000000 0.000000 0.000000 0.000000 0.000000 0.000000 0.000000 0.000000 0.000000 0.000000 0.000000 0.000000 0.000000 0.000000 0.000000 0.000000 0.000000 0.000000 0.000000
0.000000 0.000000 0.000000 0.000000 0.000000 0.000000 0.000000 0.000000 0.000000 0.000000 0.000000 0.000000 0.000000 0.000000 0.000000 0.000000 0.000000 0.000000 0.000000 0.000000 0.000000