geotop/1.0zi/1.0Montebello/Templates/testdem/maps/_Erotot0745.asc
ncols         21
nrows         20
xllcorner     100.000000
yllcorner     100.000000
cellsize      50.000000
NODATA_value  -9999.0
0.000000 0.000000 0.000000 0.000000 0.000000 0.000000 0.000000 0.000000 0.000000 0.000000 0.000000 0.000000 0.000000 0.000000 0.000000 0.000000 0.000000 0.000000 0.000000 0.000000 0.000000
0.000000 0.000000 58.851425 58.852375 58.885911 58.856981 58.850584 58.852343 58.853111 58.850721 58.850926 58.850721 58.853111 58.852343 58.850584 58.856981 58.885911 58.852375 58.851425 0.000000 0.000000
0.000000 0.000000 6.413380 6.196383 4.424036 6.289635 6.455737 6.440649 6.456807 6.461022 6.460562 6.461022 6.456807 6.440649 6.455737 6.289635 4.424036 6.196383 6.413380 0.000000 0.000000
0.000000 0.000000 664.510050 664.071554 664.349703 662.049944 664.521036 664.365509 664.195671 664.481007 664.418613 664.481007 664.195671 664.365509 664.521036 662.049944 664.349703 664.071554 664.510050 0.000000 0.000000
0.000000 0.000000 1088.354189 1088.090107 1087.396394 1088.032609 1088.411470 1088.333112 1088.268953 1088.390518 1088.382613 1088.390518 1088.268953 1088.333112 1088.411470 1088.032609 1087.396394 1088.090107 1088.354189 0.000000 0.000000
0.000000 0.000000 1472.113334 1471.842115 1471.208224 1471.257159 1472.146021 1472.074122 1472.009647 1472.137546 1472.118605 1472.137546 1472.009647 1472.074122 1472.146021 1471.257159 1471.208224 1471.842115 1472.113334 0.000000 0.000000
0.000000 0.000000 1928.715858 1928.496803 1927.922535 1927.987008 1928.735428 1928.686298 1928.635371 1928.736011 1928.719910 1928.736011 1928.635371 1928.686298 1928.735428 1927.987008 1927.922535 1928.496803 1928.715858 0.000000 0.000000
0.000000 0.000000 2364.648239 2364.455704 2363.920207 2363.995480 2364.660845 2364.623874 2364.580047 2364.665716 2364.651380 2364.665716 2364.580047 2364.623874 2364.660845 2363.995480 2363.920207 2364.455704 2364.648239 0.000000 0.000000
0.000000 0.000000 2780.165053 2779.985895 2779.475028 2779.550658 2780.173912 2780.142859 2780.102533 2780.180400 2780.166728 2780.180400 2780.102533 2780.142859 2780.173912 2779.550658 2779.475028 2779.985895 2780.165053 0.000000 0.000000
0.000000 0.000000 3179.542493 3179.392661 3178.889737 3179.006692 3179.545333 3179.527586 3179.494870 3179.557083 3179.543747 3179.557083 3179.494870 3179.527586 3179.545333 3179.006692 3178.889737 3179.392661 3179.542493 0.000000 0.000000
0.000000 0.000000 3565.568091 3565.408119 3564.921133 3565.013263 3565.573268 3565.550445 3565.515184 3565.580416 3565.566442 3565.580416 3565.515184 3565.550445 3565.573268 3565.013263 3564.921133 3565.408119 3565.568091 0.000000 0.000000
0.000000 0.000000 3941.515840 3941.352629 3940.876987 3940.960371 3941.518441 3941.496223 3941.461605 3941.526319 3941.513579 3941.526319 3941.461605 3941.496223 3941.518441 3940.960371 3940.876987 3941.352629 3941.515840 0.000000 0.000000
0.000000 0.000000 4309.367197 4309.205549 4308.735053 4308.820503 4309.368800 4309.346617 4309.312661 4309.375726 4309.362929 4309.375726 4309.312661 4309.346617 4309.368800 4308.820503 4308.735053 4309.205549 4309.367197 0.000000 0.000000
0.000000 0.000000 4671.665768 4671.509947 4671.043489 4671.150717 4671.666040 4671.647643 4671.616114 4671.674130 4671.661198 4671.674130 4671.616114 4671.647643 4671.666040 4671.150717 4671.043489 4671.509947 4671.665768 0.000000 0.000000
0.000000 0.000000 5029.063599 5028.903885 5028.437244 5028.533469 5029.063852 5029.044143 5029.011664 5029.071529 5029.057988 5029.071529 5029.011664 5029.044143 5029.063852 5028.533469 5028.437244 5028.903885 5029.063599 0.000000 0.000000
0.000000 0.000000 5382.506696 5382.349427 5381.893176 5381.984295 5382.507682 5382.488977 5382.456907 5382.515287 5382.501136 5382.515287 5382.456907 5382.488977 5382.507682 5381.984295 5381.893176 5382.349427 5382.506693 0.000000 0.000000
0.000000 0.000000 5730.486070 5730.325976 5729.867115 5729.959509 5730.487149 5730.466132 5730.433569 5730.493169 5730.478625 5730.493169 5730.433569 5730.466132 5730.487149 5729.959509 5729.867115 5730.325962 5730.485700 0.000000 0.000000
0.000000 0.000000 6089.742839 6089.738424 6089.281755 6089.363300 6089.900500 6089.878352 6089.845225 6089.906386 6089.891677 6089.906386 6089.845225 6089.878352 6089.900500 6089.363299 6089.281741 6089.736271 6089.899226 0.000000 0.000000
0.000000 0.000000 0.000000 0.000000 0.000000 0.000000 0.000000 0.000000 0.000000 0.000000 0.000000 0.000000 0.000000 0.000000 0.000000 0.000000 0.000000 0.000000 0.000000 0.000000 0.000000
0.000000 0.000000 0.000000 0.000000 0.000000 0.000000 0.000000 0.000000 0.000000 0.000000 0.000000 0.000000 0.000000 0.000000 0.000000 0.000000 0.000000 0.000000 0.000000 0.000000 0.000000