geotop/1.0zi/1.0Montebello/Templates/testdem/maps/_Erotot7433.asc
ncols         21
nrows         20
xllcorner     100.000000
yllcorner     100.000000
cellsize      50.000000
NODATA_value  -9999.0
0.000000 0.000000 0.000000 0.000000 0.000000 0.000000 0.000000 0.000000 0.000000 0.000000 0.000000 0.000000 0.000000 0.000000 0.000000 0.000000 0.000000 0.000000 0.000000 0.000000 0.000000
0.000000 0.000000 638.615772 639.562988 638.962455 639.125392 638.254843 638.457229 638.403901 638.508629 638.931961 638.263916 638.147814 638.189107 638.532864 638.573669 639.371692 639.954412 640.022717 0.000000 0.000000
0.000000 0.000000 49.675100 48.451662 48.597278 48.974058 49.389552 49.066770 48.801697 48.639590 48.881275 49.216980 49.238320 49.402616 49.151157 48.824123 47.413909 46.476482 47.231320 0.000000 0.000000
0.000000 0.000000 351.415051 352.728792 340.620459 335.009270 335.755197 324.472532 324.544161 325.419039 321.759346 319.926726 322.127491 322.275680 332.586134 339.404473 343.998423 346.802866 351.645179 0.000000 0.000000
0.000000 0.000000 2929.114291 2932.257098 2936.088005 2914.685834 2896.221592 2886.897150 2886.423099 2882.821405 2888.941725 2894.684836 2889.590923 2887.921924 2901.921667 2904.950061 2914.008886 2922.208174 2921.843931 0.000000 0.000000
0.000000 0.000000 4665.517911 4659.842926 4656.291515 4650.385250 4636.237304 4626.786011 4627.477186 4626.320092 4623.072705 4617.349312 4616.488847 4619.769575 4618.766170 4637.754209 4645.816974 4652.756313 4655.760424 0.000000 0.000000
0.000000 0.000000 5937.181850 5934.231191 5929.959730 5923.441633 5910.032029 5889.390484 5888.380668 5884.754033 5886.083663 5889.908395 5891.311733 5891.868050 5918.479650 5928.167866 5933.486421 5936.095310 5941.286465 0.000000 0.000000
0.000000 0.000000 6936.861134 6937.351024 6934.640273 6925.346590 6923.379573 6914.741609 6915.015377 6915.067311 6913.950894 6910.187700 6909.433806 6915.496432 6916.754683 6921.168513 6933.138001 6931.560401 6936.390715 0.000000 0.000000
0.000000 0.000000 8260.895734 8256.745812 8250.848965 8250.922918 8240.546421 8226.165202 8227.378346 8223.202082 8220.953456 8220.842402 8223.147484 8217.448332 8235.262690 8248.597078 8250.079512 8253.494935 8254.817706 0.000000 0.000000
0.000000 0.000000 9777.346433 9774.186437 9774.763782 9771.109001 9751.767511 9742.889495 9742.677752 9742.534959 9739.133344 9742.523319 9745.550329 9744.802775 9750.954524 9764.567624 9771.729094 9773.444855 9774.490121 0.000000 0.000000
0.000000 0.000000 11430.238507 11429.610442 11427.182665 11408.191334 11402.808247 11388.359300 11393.856647 11381.348560 11385.038193 11383.476489 11376.775873 11386.301256 11394.866812 11397.413283 11409.225606 11415.868331 11426.122176 0.000000 0.000000
0.000000 0.000000 13208.225064 13200.957577 13193.675500 13190.615760 13181.459143 13162.789928 13159.642548 13160.210312 13167.110384 13156.707533 13160.450451 13160.449930 13181.376524 13189.124972 13191.670323 13195.376773 13217.607507 0.000000 0.000000
0.000000 0.000000 15042.216077 15037.936282 15038.431774 15025.971912 15019.620683 14976.316088 14974.711270 14974.083595 14954.103334 14965.452293 14969.588444 14973.908711 15003.898979 15010.383674 15031.865192 15031.391031 15039.179759 0.000000 0.000000
0.000000 0.000000 17122.394130 17124.864112 17112.762777 17108.728394 17058.273089 17074.969261 17060.724445 17062.018582 17066.970682 17063.160804 17061.228669 17056.966192 17038.699129 17093.668500 17100.029738 17118.207863 17127.213767 0.000000 0.000000
0.000000 0.000000 19437.572489 19430.109052 19422.269098 19369.120378 19377.791950 19351.195050 19333.177981 19330.787543 19320.492563 19310.965476 19315.997067 19314.648673 19345.394137 19339.504219 19418.391686 19402.871084 19401.093741 0.000000 0.000000
0.000000 0.000000 21856.273977 21853.704643 21776.660107 21794.906972 21797.336080 21787.053616 21822.141959 21808.945308 21824.302995 21816.366934 21804.843166 21824.924758 21828.104501 21828.670330 21769.180061 21880.748047 21872.874161 0.000000 0.000000
0.000000 0.000000 24739.372972 24628.880001 24649.264359 24615.819584 24556.599980 24544.653989 24516.649637 24525.372677 24491.117212 24493.931981 24510.539261 24498.240347 24524.926521 24560.701611 24647.237385 24595.452023 24713.491815 0.000000 0.000000
0.000000 0.000000 26106.711837 26199.615343 26307.922074 26304.349583 26299.389800 26207.885342 26218.347721 26188.785367 26229.282097 26221.409600 26221.959866 26227.700616 26305.377353 26310.108117 26327.724941 26232.343623 26141.109481 0.000000 0.000000
0.000000 0.000000 0.000000 0.000000 0.000000 0.000000 0.000000 0.000000 0.000000 0.000000 0.000000 0.000000 0.000000 0.000000 0.000000 0.000000 0.000000 0.000000 0.000000 0.000000 0.000000
0.000000 0.000000 0.000000 0.000000 0.000000 0.000000 0.000000 0.000000 0.000000 0.000000 0.000000 0.000000 0.000000 0.000000 0.000000 0.000000 0.000000 0.000000 0.000000 0.000000 0.000000