geotop/1.0zi/1.0Montebello/Templates/testdem/maps/_Erotot8920.asc
ncols         21
nrows         20
xllcorner     100.000000
yllcorner     100.000000
cellsize      50.000000
NODATA_value  -9999.0
0.000000 0.000000 0.000000 0.000000 0.000000 0.000000 0.000000 0.000000 0.000000 0.000000 0.000000 0.000000 0.000000 0.000000 0.000000 0.000000 0.000000 0.000000 0.000000 0.000000 0.000000
0.000000 0.000000 702.996563 703.638646 703.074638 703.165537 702.152884 702.282985 702.365583 702.439686 702.820871 702.186849 702.076432 702.114394 702.515270 702.638017 703.456764 704.043004 704.197566 0.000000 0.000000
0.000000 0.000000 54.658893 53.698115 53.995688 53.924539 54.579563 54.214396 53.840238 53.703572 53.904169 54.233153 54.290373 54.406333 54.213704 53.771489 52.497649 51.645397 52.255586 0.000000 0.000000
0.000000 0.000000 429.612968 430.928508 418.033010 411.614873 411.035138 405.334235 410.312886 412.168698 408.356571 406.683905 410.135439 409.843122 418.162736 426.434233 430.273769 424.904885 431.876210 0.000000 0.000000
0.000000 0.000000 3875.280997 3870.850532 3870.699596 3837.883184 3814.405476 3801.958194 3796.412395 3789.046070 3798.006955 3804.899404 3803.395602 3798.564208 3817.997375 3822.345704 3837.976120 3849.335334 3849.232363 0.000000 0.000000
0.000000 0.000000 5935.143555 5929.972165 5924.724599 5926.552040 5904.628413 5892.279417 5895.865856 5895.698892 5891.418919 5885.340895 5883.615047 5887.747859 5887.786753 5912.573211 5913.835486 5919.907053 5922.251944 0.000000 0.000000
0.000000 0.000000 7351.451639 7346.198728 7343.150984 7332.375463 7323.696716 7291.131367 7291.506251 7288.923329 7288.676161 7292.988848 7293.548619 7294.545719 7327.145137 7332.915429 7341.234061 7343.680364 7348.616171 0.000000 0.000000
0.000000 0.000000 8727.984293 8725.650277 8721.894198 8709.920873 8704.201763 8700.644033 8701.513602 8699.554228 8699.891512 8695.722279 8694.539572 8701.979029 8700.180068 8708.695243 8722.834287 8718.934859 8724.949607 0.000000 0.000000
0.000000 0.000000 10507.085376 10502.544138 10495.911772 10493.504487 10478.574583 10459.949546 10462.896302 10458.788320 10455.881222 10455.451008 10458.248277 10452.124078 10475.930641 10489.733668 10491.128014 10493.230308 10496.606733 0.000000 0.000000
0.000000 0.000000 12566.993310 12560.045460 12559.521417 12553.226536 12530.094117 12519.373204 12518.957614 12517.654104 12513.919429 12518.293646 12521.297634 12521.034052 12528.108771 12546.624301 12554.118918 12556.483613 12555.530504 0.000000 0.000000
0.000000 0.000000 14845.166810 14843.303994 14840.884278 14813.275282 14807.246777 14786.972552 14795.317891 14778.275670 14784.380396 14780.645964 14773.139686 14783.991517 14798.093476 14801.450352 14816.374970 14819.945675 14834.597940 0.000000 0.000000
0.000000 0.000000 17360.737481 17351.695405 17337.886123 17335.254593 17319.394847 17296.853393 17295.308024 17298.218284 17304.493434 17291.792284 17298.776585 17296.910746 17322.707044 17334.946765 17335.318916 17339.182790 17363.930752 0.000000 0.000000
0.000000 0.000000 20020.480108 20011.106442 20015.167772 19992.307945 19983.333125 19918.159743 19915.887035 19914.830636 19886.280178 19904.805404 19907.191162 19914.353105 19962.467385 19970.935052 20000.433341 19997.666123 20004.496447 0.000000 0.000000
0.000000 0.000000 23157.008223 23159.037254 23138.845535 23131.785788 23045.989362 23084.135318 23064.771365 23066.139531 23079.252115 23067.932165 23066.845855 23056.285216 23019.772637 23116.114047 23118.659618 23142.625772 23155.295873 0.000000 0.000000
0.000000 0.000000 26669.941698 26655.941813 26641.125430 26541.947289 26581.125584 26527.111362 26505.320685 26500.860285 26479.830694 26468.193922 26478.211625 26478.943366 26534.638937 26497.079880 26638.328843 26601.180570 26594.595319 0.000000 0.000000
0.000000 0.000000 30170.941407 30165.030299 30028.959638 30094.326567 30082.688390 30083.223062 30151.979760 30130.721150 30164.310451 30155.898498 30131.290674 30166.040277 30155.238497 30168.697532 30013.819886 30223.449631 30213.657879 0.000000 0.000000
0.000000 0.000000 33989.533508 33815.580406 33893.690863 33819.741174 33730.698122 33709.714832 33646.958646 33665.348082 33603.728097 33612.154021 33646.835466 33612.491432 33659.060595 33715.000359 33889.395665 33737.387215 33920.247551 0.000000 0.000000
0.000000 0.000000 34872.434952 35041.906027 35170.271662 35176.299353 35191.753526 35076.336307 35104.582916 35063.984491 35131.636324 35119.613276 35110.904299 35128.097099 35218.681471 35210.185640 35192.919117 35094.939866 34926.725327 0.000000 0.000000
0.000000 0.000000 0.000000 0.000000 0.000000 0.000000 0.000000 0.000000 0.000000 0.000000 0.000000 0.000000 0.000000 0.000000 0.000000 0.000000 0.000000 0.000000 0.000000 0.000000 0.000000
0.000000 0.000000 0.000000 0.000000 0.000000 0.000000 0.000000 0.000000 0.000000 0.000000 0.000000 0.000000 0.000000 0.000000 0.000000 0.000000 0.000000 0.000000 0.000000 0.000000 0.000000