geotop/1.0zi/1.0Montebello/Templates/testdem/maps/_Erotot6007.asc
ncols         21
nrows         20
xllcorner     100.000000
yllcorner     100.000000
cellsize      50.000000
NODATA_value  -9999.0
0.000000 0.000000 0.000000 0.000000 0.000000 0.000000 0.000000 0.000000 0.000000 0.000000 0.000000 0.000000 0.000000 0.000000 0.000000 0.000000 0.000000 0.000000 0.000000 0.000000 0.000000
0.000000 0.000000 464.170195 463.366137 463.176952 462.961780 462.922180 462.995153 462.939038 463.117181 463.020111 462.817999 462.756400 462.836105 462.977344 462.885669 463.087504 463.285332 463.711777 0.000000 0.000000
0.000000 0.000000 34.792317 35.467787 35.766702 36.945223 36.683020 36.466919 36.294252 36.072553 36.286602 36.646655 36.457481 36.200708 36.617493 36.391218 35.544612 34.709361 34.091453 0.000000 0.000000
0.000000 0.000000 191.965874 193.160347 185.578744 182.731855 184.106741 179.026171 178.622525 178.259132 177.527428 175.095438 177.535660 175.739275 179.063881 184.725366 184.639823 187.454521 191.616467 0.000000 0.000000
0.000000 0.000000 1889.873786 1894.213759 1897.764308 1878.850980 1863.287731 1852.407663 1855.003634 1851.997632 1855.516166 1859.675706 1856.465457 1854.835042 1865.655042 1866.372900 1874.286630 1882.216947 1884.106021 0.000000 0.000000
0.000000 0.000000 3369.553043 3363.989392 3361.456612 3356.592937 3348.226304 3340.571388 3338.804825 3338.935547 3337.791296 3335.638370 3333.038410 3335.221082 3335.519439 3351.165222 3356.263943 3359.532143 3361.539658 0.000000 0.000000
0.000000 0.000000 4447.607016 4444.918912 4441.641784 4437.132348 4424.029041 4407.062410 4407.123203 4403.572550 4405.307890 4408.065884 4409.962839 4411.212557 4431.514744 4441.249960 4446.270198 4447.892598 4453.348566 0.000000 0.000000
0.000000 0.000000 5122.442080 5123.747026 5122.356735 5115.815531 5115.072286 5107.878361 5108.421433 5108.797026 5107.518438 5105.092537 5104.855134 5108.484901 5108.762427 5111.532133 5120.039217 5118.395133 5121.685010 0.000000 0.000000
0.000000 0.000000 6041.738849 6038.992992 6034.413898 6035.159326 6028.308118 6017.672368 6018.122340 6015.470808 6012.974112 6014.158521 6015.402568 6010.299361 6023.708629 6032.040605 6034.389087 6035.351224 6037.018794 0.000000 0.000000
0.000000 0.000000 7105.479389 7103.027920 7104.710064 7103.838811 7088.852411 7081.654952 7083.065534 7082.151635 7080.063886 7083.171201 7086.178984 7084.635034 7088.085942 7098.675269 7102.774129 7103.077214 7104.042939 0.000000 0.000000
0.000000 0.000000 8253.070685 8253.202392 8252.851791 8238.317570 8235.470917 8224.505727 8228.067030 8218.933037 8221.346221 8220.370845 8215.675778 8223.105938 8227.744849 8229.458448 8236.351423 8242.388384 8249.933499 0.000000 0.000000
0.000000 0.000000 9454.929077 9450.257770 9444.813550 9442.838717 9438.662501 9423.601218 9422.586266 9421.705896 9428.389754 9421.248648 9423.350170 9422.924793 9438.779816 9442.369627 9444.054429 9444.670519 9464.432140 0.000000 0.000000
0.000000 0.000000 10673.072342 10671.091889 10671.733338 10664.028853 10659.736077 10632.222032 10630.980656 10630.652657 10616.056927 10625.150428 10629.162692 10631.215835 10648.112541 10652.295659 10666.628255 10666.091420 10673.149973 0.000000 0.000000
0.000000 0.000000 12010.188988 12011.515227 12004.091795 12002.771443 11974.141495 11982.670525 11972.015584 11973.488679 11974.749696 11974.233868 11972.730814 11969.351848 11959.224770 11990.110169 11995.797697 12006.702985 12014.032363 0.000000 0.000000
0.000000 0.000000 13457.025210 13451.920401 13448.270108 13422.813054 13422.695691 13406.751449 13393.670578 13392.049576 13386.941254 13380.582610 13383.933263 13382.141681 13397.476890 13401.260509 13444.058445 13435.033197 13435.358836 0.000000 0.000000
0.000000 0.000000 14946.336031 14945.589561 14907.572785 14907.479679 14912.492533 14904.966282 14922.741072 14915.008174 14921.237021 14916.618137 14911.100866 14920.145969 14923.799083 14923.260669 14901.550279 14955.299666 14948.483572 0.000000 0.000000
0.000000 0.000000 16643.202480 16596.700433 16594.734803 16584.414702 16557.811590 16550.689370 16541.897903 16545.221884 16530.671788 16531.115959 16536.642532 16536.035609 16548.370571 16560.485895 16593.594195 16586.125710 16638.345244 0.000000 0.000000
0.000000 0.000000 17805.372302 17820.746484 17869.365556 17862.465126 17848.258526 17808.854036 17810.163782 17795.568362 17808.327512 17806.227885 17811.937794 17807.573024 17841.955583 17853.927108 17877.804312 17827.962902 17812.822044 0.000000 0.000000
0.000000 0.000000 0.000000 0.000000 0.000000 0.000000 0.000000 0.000000 0.000000 0.000000 0.000000 0.000000 0.000000 0.000000 0.000000 0.000000 0.000000 0.000000 0.000000 0.000000 0.000000
0.000000 0.000000 0.000000 0.000000 0.000000 0.000000 0.000000 0.000000 0.000000 0.000000 0.000000 0.000000 0.000000 0.000000 0.000000 0.000000 0.000000 0.000000 0.000000 0.000000 0.000000