geotop/1.0zi/1.0Montebello/Templates/testdem/maps/_Erotot9662.asc
ncols         21
nrows         20
xllcorner     100.000000
yllcorner     100.000000
cellsize      50.000000
NODATA_value  -9999.0
0.000000 0.000000 0.000000 0.000000 0.000000 0.000000 0.000000 0.000000 0.000000 0.000000 0.000000 0.000000 0.000000 0.000000 0.000000 0.000000 0.000000 0.000000 0.000000 0.000000 0.000000
0.000000 0.000000 811.887568 812.038551 810.858908 810.396542 808.824519 808.387297 808.483557 808.542301 808.896019 808.335355 808.194385 808.228365 809.193188 809.775405 811.135588 812.369813 813.019617 0.000000 0.000000
0.000000 0.000000 61.258356 59.909524 60.203590 59.981961 60.716239 60.223889 59.860976 59.706811 59.943401 60.099210 60.270006 60.343419 60.229448 59.743705 58.719690 57.822789 58.610520 0.000000 0.000000
0.000000 0.000000 536.586492 540.434654 525.977059 518.550857 517.980796 509.980716 517.049121 518.994143 515.097053 516.011520 520.311991 519.723913 528.551726 539.092987 541.998648 540.513457 545.924626 0.000000 0.000000
0.000000 0.000000 4509.344457 4503.651450 4500.043355 4461.572249 4435.307780 4419.927607 4412.378127 4406.474073 4412.302341 4417.930649 4417.948883 4412.218118 4432.053036 4438.262460 4457.014298 4468.380067 4469.329975 0.000000 0.000000
0.000000 0.000000 6710.814833 6704.281431 6699.486976 6701.617118 6673.662678 6660.927649 6664.664637 6663.391194 6657.978338 6651.404191 6649.214131 6653.458978 6655.329968 6682.614279 6682.804856 6690.216796 6692.146041 0.000000 0.000000
0.000000 0.000000 8249.087521 8243.022854 8239.200365 8226.180484 8219.303382 8182.717567 8182.045306 8178.763499 8177.162861 8181.186070 8181.721359 8182.897090 8218.367879 8222.694395 8232.296679 8235.264407 8240.339308 0.000000 0.000000
0.000000 0.000000 9884.145945 9880.132764 9873.462254 9857.785404 9847.277109 9843.146229 9843.726615 9841.274818 9840.172859 9836.153910 9835.498363 9842.674499 9841.181437 9852.679592 9868.413790 9866.031535 9872.259728 0.000000 0.000000
0.000000 0.000000 11957.825573 11951.557542 11942.712997 11936.894968 11919.281904 11896.252266 11899.440232 11895.131671 11890.920137 11890.476118 11893.782606 11887.257415 11914.372161 11930.008254 11932.846682 11936.660206 11939.129280 0.000000 0.000000
0.000000 0.000000 14383.431725 14373.216974 14368.883947 14359.668170 14343.740074 14323.824481 14322.694541 14320.319047 14314.699435 14319.098993 14322.545593 14321.830523 14330.543105 14352.329693 14360.770350 14364.959286 14364.126790 0.000000 0.000000
0.000000 0.000000 17100.543891 17095.479353 17091.764528 17056.231469 17055.673087 17026.483152 17034.907720 17016.151028 17021.082500 17016.715306 17008.685125 17020.483296 17037.118997 17042.653502 17058.912453 17062.317505 17081.062206 0.000000 0.000000
0.000000 0.000000 20154.310948 20138.631113 20118.034533 20115.029142 20102.289038 20068.292101 20066.645567 20068.351111 20074.407661 20058.204654 20066.707263 20063.342210 20094.432757 20110.730055 20112.933673 20119.264185 20145.749931 0.000000 0.000000
0.000000 0.000000 23414.344828 23403.140002 23404.739530 23381.738434 23361.466613 23281.165720 23275.404712 23272.569557 23232.433554 23259.185806 23260.638069 23269.066269 23330.004726 23339.768386 23376.710761 23376.193484 23380.823937 0.000000 0.000000
0.000000 0.000000 27307.042735 27305.766534 27275.348780 27259.436810 27149.014385 27211.396401 27182.789556 27183.674134 27203.205678 27184.050697 27182.238417 27167.334181 27106.349473 27236.378789 27236.049955 27268.596596 27284.215685 0.000000 0.000000
0.000000 0.000000 31443.441291 31431.172880 31411.177555 31281.249667 31356.176581 31268.506120 31247.990223 31239.732469 31208.242410 31196.815122 31210.963854 31213.319667 31291.885284 31212.862329 31395.803708 31347.502728 31335.726559 0.000000 0.000000
0.000000 0.000000 34957.849932 34949.999688 34806.462085 34898.678334 34874.834835 34886.515064 34960.468080 34939.235469 34976.819681 34970.140190 34942.010226 34977.833698 34951.889165 34980.655270 34785.098070 35016.535300 35007.429371 0.000000 0.000000
0.000000 0.000000 37996.267275 37873.950663 37940.401919 37885.003172 37820.980856 37805.070690 37757.181805 37771.645603 37725.267821 37732.230704 37757.997385 37733.023312 37768.058522 37805.173603 37934.164951 37812.894254 37943.152031 0.000000 0.000000
0.000000 0.000000 38899.516799 38979.290390 39062.041611 39055.731140 39053.008886 38985.675430 38994.809968 38972.026872 39003.625027 38997.957578 38998.631667 39001.737008 39055.859985 39060.861070 39071.095711 38994.633915 38916.528953 0.000000 0.000000
0.000000 0.000000 0.000000 0.000000 0.000000 0.000000 0.000000 0.000000 0.000000 0.000000 0.000000 0.000000 0.000000 0.000000 0.000000 0.000000 0.000000 0.000000 0.000000 0.000000 0.000000
0.000000 0.000000 0.000000 0.000000 0.000000 0.000000 0.000000 0.000000 0.000000 0.000000 0.000000 0.000000 0.000000 0.000000 0.000000 0.000000 0.000000 0.000000 0.000000 0.000000 0.000000