geotop/1.0zi/1.0Montebello/Templates/testdem/maps/_Erotot7767.asc
ncols         21
nrows         20
xllcorner     100.000000
yllcorner     100.000000
cellsize      50.000000
NODATA_value  -9999.0
0.000000 0.000000 0.000000 0.000000 0.000000 0.000000 0.000000 0.000000 0.000000 0.000000 0.000000 0.000000 0.000000 0.000000 0.000000 0.000000 0.000000 0.000000 0.000000 0.000000 0.000000
0.000000 0.000000 653.778731 654.594756 654.064331 654.188948 653.197508 653.374461 653.361582 653.425112 653.857301 653.182606 653.060999 653.113231 653.469636 653.605464 654.421417 654.949346 655.146150 0.000000 0.000000
0.000000 0.000000 51.015502 50.033925 49.966561 50.367672 51.002518 50.683607 50.387328 50.258403 50.492228 50.835494 50.859605 51.012674 50.769622 50.251902 48.966136 48.092659 48.614141 0.000000 0.000000
0.000000 0.000000 353.828779 355.003868 342.925299 337.269812 337.814057 326.495903 326.625518 327.423190 323.760392 322.012228 324.150627 324.293049 334.542769 341.606373 346.233892 349.173515 354.049630 0.000000 0.000000
0.000000 0.000000 3068.634839 3070.271348 3073.657207 3050.951502 3031.948406 3021.755571 3021.161187 3016.409937 3023.338891 3028.637794 3024.133331 3022.743777 3037.409157 3040.471264 3050.378723 3059.117511 3058.904838 0.000000 0.000000
0.000000 0.000000 4946.137392 4940.881918 4937.270533 4931.314588 4916.549439 4906.750919 4907.644580 4906.573463 4903.208657 4897.512872 4896.491879 4899.728819 4899.015656 4918.632132 4926.535380 4933.427410 4936.465239 0.000000 0.000000
0.000000 0.000000 6224.853066 6221.741502 6217.383998 6210.525026 6196.857598 6175.475536 6174.460766 6170.649808 6172.076487 6175.850788 6177.348468 6177.842128 6205.161615 6215.023644 6220.482370 6223.245621 6228.464419 0.000000 0.000000
0.000000 0.000000 7298.832705 7298.998965 7296.116440 7286.222229 7283.907594 7274.732760 7274.960261 7274.766216 7273.809205 7269.907716 7269.226831 7275.435019 7277.115577 7281.821426 7294.125063 7292.708613 7297.640350 0.000000 0.000000
0.000000 0.000000 8716.897027 8712.289691 8706.149709 8705.737240 8694.842626 8679.708738 8681.005285 8676.441899 8674.405254 8674.175912 8676.620494 8670.879438 8689.360835 8703.068905 8704.799172 8708.492835 8709.845455 0.000000 0.000000
0.000000 0.000000 10340.520142 10336.973557 10337.320647 10332.978967 10312.874319 10303.396718 10303.034150 10302.760863 10299.354292 10302.840223 10305.932260 10305.240331 10311.915153 10326.092092 10333.567607 10335.561815 10336.627186 0.000000 0.000000
0.000000 0.000000 12115.832597 12114.883644 12112.126482 12091.911075 12086.206679 12070.688221 12076.424748 12063.177353 12067.268382 12065.532548 12058.662578 12068.535673 12077.807437 12080.570958 12092.939784 12099.952852 12110.529791 0.000000 0.000000
0.000000 0.000000 14035.580224 14027.537758 14019.647160 14016.082656 14005.986875 13986.352698 13982.792858 13983.349160 13990.602125 13979.716552 13983.808094 13983.726442 14005.862803 14014.252767 14017.027661 14021.075355 14044.044299 0.000000 0.000000
0.000000 0.000000 16026.794667 16021.850863 16022.321868 16008.434738 16001.614266 15954.238409 15952.595825 15951.618728 15930.657015 15942.805934 15947.036983 15951.738473 15984.712572 15991.704910 16014.524413 16014.230981 16021.898026 0.000000 0.000000
0.000000 0.000000 18302.621625 18304.879373 18291.628944 18286.780873 18230.559915 18249.630135 18234.257473 18235.373531 18241.568650 18236.981640 18234.905140 18230.235567 18210.029555 18270.890050 18277.348942 18297.144499 18306.611824 0.000000 0.000000
0.000000 0.000000 20849.737545 20841.267875 20832.521239 20770.898358 20783.322003 20752.483773 20733.449431 20730.296016 20718.931245 20708.636131 20714.614345 20713.357152 20748.239003 20738.835161 20827.789158 20810.156536 20807.830961 0.000000 0.000000
0.000000 0.000000 23510.992013 23507.658272 23418.946209 23443.948223 23445.286398 23435.569783 23476.034976 23461.407751 23479.987159 23471.776058 23457.969614 23481.105163 23482.820661 23483.750869 23410.184451 23539.998804 23531.673151 0.000000 0.000000
0.000000 0.000000 26692.001415 26562.501207 26593.183275 26550.915347 26482.754435 26468.748295 26433.446292 26443.818325 26403.368150 26407.265841 26427.977868 26411.037703 26442.061078 26484.423791 26590.181949 26519.437617 26657.025853 0.000000 0.000000
0.000000 0.000000 28010.948146 28131.165086 28253.195252 28253.097415 28253.930653 28148.980322 28164.270603 28129.654982 28180.421668 28170.951365 28168.779040 28178.471009 28266.005461 28266.519942 28275.275832 28172.685564 28053.694242 0.000000 0.000000
0.000000 0.000000 0.000000 0.000000 0.000000 0.000000 0.000000 0.000000 0.000000 0.000000 0.000000 0.000000 0.000000 0.000000 0.000000 0.000000 0.000000 0.000000 0.000000 0.000000 0.000000
0.000000 0.000000 0.000000 0.000000 0.000000 0.000000 0.000000 0.000000 0.000000 0.000000 0.000000 0.000000 0.000000 0.000000 0.000000 0.000000 0.000000 0.000000 0.000000 0.000000 0.000000