geotop/1.0zi/1.0Montebello/Templates/testdem/maps/_Erotot5447.asc
ncols         21
nrows         20
xllcorner     100.000000
yllcorner     100.000000
cellsize      50.000000
NODATA_value  -9999.0
0.000000 0.000000 0.000000 0.000000 0.000000 0.000000 0.000000 0.000000 0.000000 0.000000 0.000000 0.000000 0.000000 0.000000 0.000000 0.000000 0.000000 0.000000 0.000000 0.000000 0.000000
0.000000 0.000000 401.929773 401.136026 400.978553 400.773490 400.747315 400.825076 400.781010 400.953424 400.866666 400.669529 400.612975 400.672116 400.788141 400.677104 400.880454 401.061728 401.466843 0.000000 0.000000
0.000000 0.000000 31.429690 32.151520 32.377054 33.561574 33.300544 33.158600 32.972408 32.753640 32.886439 33.230316 33.043662 32.892517 33.282594 33.070244 32.229804 31.354730 30.714236 0.000000 0.000000
0.000000 0.000000 152.522256 153.975656 147.076999 144.300154 146.126977 140.954585 140.325117 140.720604 139.360711 138.017646 139.593824 137.636667 140.385183 145.154843 144.635783 147.998674 150.705860 0.000000 0.000000
0.000000 0.000000 1571.457809 1576.814907 1583.288107 1566.031789 1551.493537 1540.913478 1543.636119 1540.884866 1544.478763 1548.756397 1545.599457 1543.400765 1553.520967 1552.135846 1559.285691 1566.030913 1566.906402 0.000000 0.000000
0.000000 0.000000 2963.697897 2957.575890 2954.858326 2950.484647 2943.254238 2936.378643 2934.500311 2934.613497 2933.907340 2931.617689 2928.904791 2931.005052 2929.923212 2944.807866 2949.572685 2952.666983 2955.135281 0.000000 0.000000
0.000000 0.000000 3938.578645 3936.170476 3933.364303 3929.159833 3916.667145 3900.926184 3901.087955 3897.827631 3899.478093 3902.355340 3904.174759 3905.184370 3923.971473 3932.855337 3937.519405 3938.966258 3943.918537 0.000000 0.000000
0.000000 0.000000 4529.420745 4530.949782 4530.416224 4524.511531 4524.286323 4517.770578 4518.313494 4518.850729 4517.597509 4515.360034 4514.999675 4518.280890 4517.653615 4519.555317 4527.434350 4525.634019 4528.216085 0.000000 0.000000
0.000000 0.000000 5323.114002 5320.722791 5317.102281 5318.386506 5312.327176 5302.483896 5302.859868 5300.487851 5298.027632 5299.399628 5300.377465 5295.184512 5307.373860 5314.647967 5316.454042 5316.992276 5318.123352 0.000000 0.000000
0.000000 0.000000 6246.119737 6243.942434 6246.498391 6246.261336 6232.377196 6225.766851 6227.289148 6226.464072 6224.579866 6227.671375 6230.500694 6228.692067 6231.221892 6240.464663 6244.038848 6243.969801 6244.421263 0.000000 0.000000
0.000000 0.000000 7241.093133 7241.436866 7242.001102 7228.669136 7226.429722 7216.570162 7219.901636 7211.374904 7213.611277 7212.943995 7208.290691 7215.180145 7218.526097 7219.338993 7225.389034 7231.069419 7237.633064 0.000000 0.000000
0.000000 0.000000 8275.482021 8271.356110 8267.306681 8265.816162 8262.791421 8248.635837 8247.974659 8247.062054 8253.600163 8247.043628 8248.643681 8247.967494 8262.393464 8264.465022 8265.754291 8265.852112 8284.426206 0.000000 0.000000
0.000000 0.000000 9316.498279 9314.846869 9316.196124 9309.563706 9306.051725 9282.335878 9281.191936 9281.053693 9267.381692 9275.986408 9279.822845 9281.473300 9294.653599 9297.931651 9310.861671 9310.161775 9316.317418 0.000000 0.000000
0.000000 0.000000 10452.108852 10453.632313 10447.670998 10447.070577 10423.477976 10430.999510 10421.089838 10422.627277 10423.644050 10423.577990 10421.928892 10418.563100 10408.885614 10434.129178 10439.161922 10448.836013 10455.368152 0.000000 0.000000
0.000000 0.000000 11669.144906 11664.976253 11662.528766 11642.996259 11642.694921 11628.621551 11616.519477 11615.330339 11610.898462 11605.334781 11607.944657 11606.045207 11619.039483 11622.330998 11658.212025 11650.025555 11649.846114 0.000000 0.000000
0.000000 0.000000 12910.844433 12910.221828 12881.168101 12879.471359 12884.104905 12876.937141 12891.924644 12885.027943 12889.944274 12885.888006 12881.549862 12888.595754 12891.621548 12891.191279 12874.300395 12917.044292 12910.035758 0.000000 0.000000
0.000000 0.000000 14307.627908 14273.331917 14270.980360 14263.520760 14242.327283 14236.763870 14230.038496 14233.048604 14221.300183 14221.637605 14225.207135 14225.770079 14235.032726 14242.764461 14268.924440 14265.673453 14304.874115 0.000000 0.000000
0.000000 0.000000 15317.937000 15325.164694 15361.730912 15356.084247 15343.164879 15312.988778 15313.807043 15301.689839 15311.049625 15309.733153 15315.100468 15309.806603 15335.577279 15345.988627 15367.027762 15329.059498 15321.370900 0.000000 0.000000
0.000000 0.000000 0.000000 0.000000 0.000000 0.000000 0.000000 0.000000 0.000000 0.000000 0.000000 0.000000 0.000000 0.000000 0.000000 0.000000 0.000000 0.000000 0.000000 0.000000 0.000000
0.000000 0.000000 0.000000 0.000000 0.000000 0.000000 0.000000 0.000000 0.000000 0.000000 0.000000 0.000000 0.000000 0.000000 0.000000 0.000000 0.000000 0.000000 0.000000 0.000000 0.000000