geotop/1.0zi/1.0Montebello/Templates/testdem/maps/_Erotot0554.asc
ncols         21
nrows         20
xllcorner     100.000000
yllcorner     100.000000
cellsize      50.000000
NODATA_value  -9999.0
0.000000 0.000000 0.000000 0.000000 0.000000 0.000000 0.000000 0.000000 0.000000 0.000000 0.000000 0.000000 0.000000 0.000000 0.000000 0.000000 0.000000 0.000000 0.000000 0.000000 0.000000
0.000000 0.000000 44.916806 44.917487 44.950120 44.917654 44.916911 44.917297 44.917108 44.917021 44.916994 44.917021 44.917108 44.917297 44.916911 44.917654 44.950120 44.917487 44.916806 0.000000 0.000000
0.000000 0.000000 7.661373 7.444924 5.627727 7.439974 7.687807 7.671959 7.686469 7.693312 7.694375 7.693312 7.686469 7.671959 7.687807 7.439974 5.627727 7.444924 7.661373 0.000000 0.000000
0.000000 0.000000 563.900362 564.151242 564.276269 564.062425 563.966589 564.077457 564.074921 564.010921 563.940612 564.010921 564.074921 564.077457 563.966589 564.062425 564.276269 564.151242 563.900362 0.000000 0.000000
0.000000 0.000000 828.713971 828.666537 827.909370 828.645296 828.714505 828.736266 828.730935 828.735012 828.730329 828.735012 828.730935 828.736266 828.714505 828.645296 827.909370 828.666537 828.713971 0.000000 0.000000
0.000000 0.000000 1136.008681 1136.015147 1135.309851 1135.974013 1136.041257 1136.086096 1136.090709 1136.069876 1136.049121 1136.069876 1136.090709 1136.086096 1136.041257 1135.974013 1135.309851 1136.015147 1136.008681 0.000000 0.000000
0.000000 0.000000 1477.090656 1477.099486 1476.470488 1477.060111 1477.122330 1477.168585 1477.174294 1477.151398 1477.133003 1477.151398 1477.174294 1477.168585 1477.122330 1477.060111 1476.470488 1477.099486 1477.090656 0.000000 0.000000
0.000000 0.000000 1803.234744 1803.242642 1802.659740 1803.206083 1803.265179 1803.310729 1803.316466 1803.293489 1803.276640 1803.293489 1803.316466 1803.310729 1803.265179 1803.206083 1802.659740 1803.242642 1803.234744 0.000000 0.000000
0.000000 0.000000 2114.713887 2114.721637 2114.165681 2114.686190 2114.743374 2114.788206 2114.793959 2114.771148 2114.754932 2114.771148 2114.793959 2114.788206 2114.743374 2114.686190 2114.165681 2114.721637 2114.713887 0.000000 0.000000
0.000000 0.000000 2416.274554 2416.281680 2415.741535 2416.247333 2416.303519 2416.347765 2416.353494 2416.330810 2416.314757 2416.330810 2416.353494 2416.347765 2416.303519 2416.247333 2415.741535 2416.281680 2416.274554 0.000000 0.000000
0.000000 0.000000 2709.383373 2709.389859 2708.858780 2709.356309 2709.412032 2709.455859 2709.461567 2709.438950 2709.422835 2709.438950 2709.461567 2709.455859 2709.412032 2709.356309 2708.858780 2709.389859 2709.383373 0.000000 0.000000
0.000000 0.000000 2995.010542 2995.014107 2994.492965 2994.982221 2995.037401 2995.080031 2995.086193 2995.063721 2995.048627 2995.063721 2995.086193 2995.080031 2995.037401 2994.982221 2994.492965 2995.014107 2995.010542 0.000000 0.000000
0.000000 0.000000 3274.096207 3274.098209 3273.581995 3274.068598 3274.122578 3274.164618 3274.170902 3274.148360 3274.133374 3274.148360 3274.170902 3274.164618 3274.122578 3274.068598 3273.581995 3274.098209 3274.096207 0.000000 0.000000
0.000000 0.000000 3550.099727 3550.099896 3549.587661 3550.070639 3550.125793 3550.167763 3550.174188 3550.151622 3550.136493 3550.151622 3550.174188 3550.167763 3550.125793 3550.070639 3549.587661 3550.099896 3550.099727 0.000000 0.000000
0.000000 0.000000 3822.520784 3822.521394 3822.006780 3822.491872 3822.547094 3822.588665 3822.595174 3822.572550 3822.556622 3822.572550 3822.595174 3822.588665 3822.547094 3822.491872 3822.006780 3822.521394 3822.520784 0.000000 0.000000
0.000000 0.000000 4092.704397 4092.706292 4092.201025 4092.676787 4092.731494 4092.773020 4092.779541 4092.756835 4092.740312 4092.756835 4092.779541 4092.773020 4092.731494 4092.676787 4092.201025 4092.706292 4092.704394 0.000000 0.000000
0.000000 0.000000 4358.802432 4358.802622 4358.293887 4358.774270 4358.829523 4358.870409 4358.877040 4358.854264 4358.837437 4358.854264 4358.877040 4358.870409 4358.829523 4358.774270 4358.293887 4358.802610 4358.802112 0.000000 0.000000
0.000000 0.000000 4633.749051 4633.872496 4633.364378 4633.841764 4633.897279 4633.938159 4633.945111 4633.922247 4633.905164 4633.922247 4633.945111 4633.938159 4633.897279 4633.841764 4633.364366 4633.870735 4633.869905 0.000000 0.000000
0.000000 0.000000 0.000000 0.000000 0.000000 0.000000 0.000000 0.000000 0.000000 0.000000 0.000000 0.000000 0.000000 0.000000 0.000000 0.000000 0.000000 0.000000 0.000000 0.000000 0.000000
0.000000 0.000000 0.000000 0.000000 0.000000 0.000000 0.000000 0.000000 0.000000 0.000000 0.000000 0.000000 0.000000 0.000000 0.000000 0.000000 0.000000 0.000000 0.000000 0.000000 0.000000