geotop/1.0zi/1.0Montebello/Templates/testdem/maps/_Erotot3394.asc
ncols         21
nrows         20
xllcorner     100.000000
yllcorner     100.000000
cellsize      50.000000
NODATA_value  -9999.0
0.000000 0.000000 0.000000 0.000000 0.000000 0.000000 0.000000 0.000000 0.000000 0.000000 0.000000 0.000000 0.000000 0.000000 0.000000 0.000000 0.000000 0.000000 0.000000 0.000000 0.000000
0.000000 0.000000 368.977602 368.980459 368.984004 369.102985 368.970542 368.976291 368.949948 368.989929 369.004639 368.989929 368.949948 368.976291 368.970542 369.102985 368.984004 368.980459 368.977602 0.000000 0.000000
0.000000 0.000000 11.449882 11.211307 9.455206 11.136781 11.452875 11.378542 11.497653 11.393664 11.761009 11.393664 11.497653 11.378542 11.452875 11.136781 9.455206 11.211307 11.449882 0.000000 0.000000
0.000000 0.000000 2695.332037 2695.067530 2695.213802 2693.399761 2695.377840 2694.806740 2694.696849 2695.508787 2695.647648 2695.508787 2694.696849 2694.806740 2695.377840 2693.399761 2695.213802 2695.067530 2695.332037 0.000000 0.000000
0.000000 0.000000 5086.984131 5086.807609 5086.107437 5086.685945 5087.224075 5087.078670 5087.068830 5087.168983 5087.195897 5087.168983 5087.068830 5087.078670 5087.224075 5086.685945 5086.107437 5086.807609 5086.984131 0.000000 0.000000
0.000000 0.000000 6584.675262 6584.495309 6583.887489 6584.029800 6584.864550 6584.529285 6584.545723 6584.831645 6585.060107 6584.831645 6584.545723 6584.529285 6584.864550 6584.029800 6583.887489 6584.495309 6584.675262 0.000000 0.000000
0.000000 0.000000 8477.012104 8476.870258 8476.320785 8476.447789 8477.170715 8476.874999 8476.891360 8477.139660 8477.366160 8477.139660 8476.891360 8476.874999 8477.170715 8476.447789 8476.320785 8476.870258 8477.012104 0.000000 0.000000
0.000000 0.000000 10224.860404 10224.746839 10224.247546 10224.377149 10224.996169 10224.739062 10224.753842 10224.972807 10225.176959 10224.972807 10224.753842 10224.739062 10224.996169 10224.377149 10224.247546 10224.746839 10224.860404 0.000000 0.000000
0.000000 0.000000 11830.644105 11830.544416 11830.079960 11830.207435 11830.774045 11830.538655 11830.549491 11830.751853 11830.943917 11830.751853 11830.549491 11830.538655 11830.774045 11830.207435 11830.079960 11830.544416 11830.644105 0.000000 0.000000
0.000000 0.000000 13321.570466 13321.499306 13321.053465 13321.217350 13321.692218 13321.480585 13321.493926 13321.674892 13321.849868 13321.674892 13321.493926 13321.480585 13321.692218 13321.217350 13321.053465 13321.499306 13321.570466 0.000000 0.000000
0.000000 0.000000 14707.201384 14707.124279 14706.707010 14706.845704 14707.324239 14707.117377 14707.126895 14707.305455 14707.470220 14707.305455 14707.126895 14707.117377 14707.324239 14706.845704 14706.707010 14707.124279 14707.201384 0.000000 0.000000
0.000000 0.000000 16012.914629 16012.841124 16012.451554 16012.585265 16013.046669 16012.850456 16012.855757 16013.032481 16013.186471 16013.032481 16012.855757 16012.850456 16013.046669 16012.585265 16012.451554 16012.841124 16012.914629 0.000000 0.000000
0.000000 0.000000 17247.191547 17247.124351 17246.747186 17246.881654 17247.317310 17247.129949 17247.134378 17247.305930 17247.450003 17247.305930 17247.134378 17247.129949 17247.317310 17246.881654 17246.747186 17247.124351 17247.191547 0.000000 0.000000
0.000000 0.000000 18424.025141 18423.965716 18423.603101 18423.753308 18424.149545 18423.970884 18423.977004 18424.140242 18424.277154 18424.140242 18423.977004 18423.970884 18424.149545 18423.753308 18423.603101 18423.965716 18424.025141 0.000000 0.000000
0.000000 0.000000 19547.602477 19547.538329 19547.183791 19547.321345 19547.715730 19547.545438 19547.551806 19547.712747 19547.842656 19547.712747 19547.551806 19547.545438 19547.715730 19547.321345 19547.183791 19547.538329 19547.602477 0.000000 0.000000
0.000000 0.000000 20620.913948 20620.852366 20620.511269 20620.641045 20621.021182 20620.856293 20620.862397 20621.016477 20621.141960 20621.016477 20620.862397 20620.856293 20621.021182 20620.641045 20620.511269 20620.852366 20620.913945 0.000000 0.000000
0.000000 0.000000 21650.628187 21650.567701 21650.232695 21650.365744 21650.728720 21650.570385 21650.576723 21650.726092 21650.844099 21650.726092 21650.576723 21650.570385 21650.728720 21650.365744 21650.232695 21650.567681 21650.628131 0.000000 0.000000
0.000000 0.000000 22691.937852 22692.426822 22692.101463 22692.229923 22692.583379 22692.430294 22692.435485 22692.580039 22692.694087 22692.580039 22692.435485 22692.430294 22692.583379 22692.229923 22692.101445 22692.423504 22692.480880 0.000000 0.000000
0.000000 0.000000 0.000000 0.000000 0.000000 0.000000 0.000000 0.000000 0.000000 0.000000 0.000000 0.000000 0.000000 0.000000 0.000000 0.000000 0.000000 0.000000 0.000000 0.000000 0.000000
0.000000 0.000000 0.000000 0.000000 0.000000 0.000000 0.000000 0.000000 0.000000 0.000000 0.000000 0.000000 0.000000 0.000000 0.000000 0.000000 0.000000 0.000000 0.000000 0.000000 0.000000