geotop/1.0zi/1.0Montebello/Templates/testdem/maps/_Erotot9104.asc
ncols         21
nrows         20
xllcorner     100.000000
yllcorner     100.000000
cellsize      50.000000
NODATA_value  -9999.0
0.000000 0.000000 0.000000 0.000000 0.000000 0.000000 0.000000 0.000000 0.000000 0.000000 0.000000 0.000000 0.000000 0.000000 0.000000 0.000000 0.000000 0.000000 0.000000 0.000000 0.000000
0.000000 0.000000 722.838662 723.491726 722.920057 723.003197 721.981530 722.102142 722.186127 722.260987 722.645270 722.011387 721.901105 721.941458 722.350376 722.481575 723.306387 723.918145 724.074954 0.000000 0.000000
0.000000 0.000000 56.401702 55.328827 55.627010 55.558331 56.382239 56.055345 55.682806 55.549121 55.749566 56.078053 56.135659 56.251057 56.025706 55.422446 54.153539 53.286386 53.901053 0.000000 0.000000
0.000000 0.000000 428.234860 430.027919 416.974515 410.746847 410.178200 404.316922 409.313457 410.991418 407.046720 405.450743 408.868473 408.375211 416.864950 425.337645 429.146845 423.546584 430.819430 0.000000 0.000000
0.000000 0.000000 3999.402365 3992.693193 3986.768356 3953.498766 3927.589572 3915.027095 3907.532151 3900.940307 3908.456073 3914.863721 3913.189208 3908.171831 3927.837692 3932.317700 3948.128392 3959.307197 3959.469188 0.000000 0.000000
0.000000 0.000000 6123.171975 6117.802193 6113.532010 6115.308257 6093.326504 6080.899736 6085.598729 6085.212934 6081.002339 6074.851544 6073.052427 6077.221097 6076.706168 6101.834871 6103.161368 6109.276756 6111.593822 0.000000 0.000000
0.000000 0.000000 7556.643813 7550.866454 7546.881725 7536.017355 7526.885309 7493.417449 7493.778373 7491.257079 7490.793591 7495.042179 7495.558750 7496.523732 7529.922284 7535.809963 7544.195156 7546.632573 7551.639122 0.000000 0.000000
0.000000 0.000000 8989.545103 8986.772190 8981.846105 8969.607147 8963.273006 8959.461260 8960.147711 8958.268954 8958.233629 8953.932615 8952.685161 8960.089885 8958.402685 8967.100209 8981.378864 8977.412559 8983.552537 0.000000 0.000000
0.000000 0.000000 10836.142253 10830.771092 10822.613073 10819.894545 10804.175298 10785.130957 10787.872091 10783.810606 10780.425850 10779.853902 10782.595974 10776.340809 10800.443965 10814.550664 10816.051405 10818.087203 10821.624994 0.000000 0.000000
0.000000 0.000000 12975.732159 12967.846250 12965.865263 12959.102323 12935.014628 12923.895805 12923.193530 12921.969654 12917.703552 12921.981865 12924.953279 12924.575901 12931.851357 12950.788731 12958.474107 12960.756959 12959.932582 0.000000 0.000000
0.000000 0.000000 15349.058150 15346.206076 15342.069607 15313.510524 15306.781902 15285.890567 15294.099526 15276.759967 15282.490681 15278.518724 15270.739063 15281.732789 15296.167051 15299.696849 15314.941353 15318.483996 15333.587199 0.000000 0.000000
0.000000 0.000000 17978.127395 17967.695315 17951.555016 17948.611662 17931.495415 17908.168912 17906.080458 17909.404210 17915.197729 17901.938405 17909.124934 17906.887438 17933.539107 17946.353773 17946.713387 17950.439533 17976.030570 0.000000 0.000000
0.000000 0.000000 20765.951404 20755.120384 20757.408822 20733.280664 20723.325430 20654.536164 20651.865673 20650.776950 20620.204667 20639.596240 20641.839834 20649.218772 20699.808363 20708.688615 20739.428796 20736.373341 20742.986120 0.000000 0.000000
0.000000 0.000000 24063.657242 24064.495004 24040.907603 24033.452863 23940.973676 23983.325566 23962.395673 23964.082232 23978.076413 23965.339629 23963.879112 23952.347811 23912.378112 24015.103101 24017.009743 24042.168933 24055.640839 0.000000 0.000000
0.000000 0.000000 27738.804043 27722.669143 27705.102853 27598.124427 27642.962949 27580.708621 27558.099105 27553.331339 27529.570149 27517.520184 27528.309486 27529.229291 27592.667715 27548.684126 27699.623748 27658.986574 27651.674229 0.000000 0.000000
0.000000 0.000000 31311.925586 31304.775219 31160.612508 31233.787073 31218.609720 31222.989380 31294.865781 31273.347704 31308.685136 31300.385798 31273.866361 31309.889639 31294.802062 31310.687107 31142.236092 31362.926561 31353.322502 0.000000 0.000000
0.000000 0.000000 35049.954216 34880.450853 34959.410945 34885.133647 34798.566860 34777.823275 34714.055553 34732.721046 34670.979920 34679.328958 34713.883402 34679.099737 34725.158909 34779.087868 34953.325874 34798.360154 34976.328512 0.000000 0.000000
0.000000 0.000000 35895.782897 36047.827457 36165.939976 36169.304190 36181.185767 36074.219256 36098.967138 36061.559640 36122.697677 36111.670673 36104.348442 36119.067232 36203.138220 36196.913180 36184.599301 36091.211935 35939.371897 0.000000 0.000000
0.000000 0.000000 0.000000 0.000000 0.000000 0.000000 0.000000 0.000000 0.000000 0.000000 0.000000 0.000000 0.000000 0.000000 0.000000 0.000000 0.000000 0.000000 0.000000 0.000000 0.000000
0.000000 0.000000 0.000000 0.000000 0.000000 0.000000 0.000000 0.000000 0.000000 0.000000 0.000000 0.000000 0.000000 0.000000 0.000000 0.000000 0.000000 0.000000 0.000000 0.000000 0.000000