geotop/1.0zi/1.0Montebello/Templates/testdem/maps/_Erotot8525.asc
ncols         21
nrows         20
xllcorner     100.000000
yllcorner     100.000000
cellsize      50.000000
NODATA_value  -9999.0
0.000000 0.000000 0.000000 0.000000 0.000000 0.000000 0.000000 0.000000 0.000000 0.000000 0.000000 0.000000 0.000000 0.000000 0.000000 0.000000 0.000000 0.000000 0.000000 0.000000 0.000000
0.000000 0.000000 686.599269 687.417628 686.853011 686.945724 685.923805 686.080217 686.066048 686.142472 686.518109 685.893749 685.775619 685.823727 686.199095 686.355928 687.195874 687.747932 687.966359 0.000000 0.000000
0.000000 0.000000 53.430671 52.428460 52.688069 52.762222 53.402092 53.048126 52.754057 52.609346 52.830311 53.143162 53.210855 53.312966 53.150128 52.635766 51.360090 50.504402 51.027148 0.000000 0.000000
0.000000 0.000000 354.156125 355.321489 342.977760 337.735517 338.297788 326.994029 327.092310 327.924333 324.270564 322.465925 324.626660 324.813159 334.988201 342.087186 346.692992 349.601283 354.822605 0.000000 0.000000
0.000000 0.000000 3493.304418 3490.431613 3491.447011 3464.215731 3441.482921 3431.509590 3430.702893 3424.784345 3433.766562 3440.983965 3440.215287 3435.229567 3451.482028 3453.668979 3467.060742 3475.668381 3476.550226 0.000000 0.000000
0.000000 0.000000 5589.363700 5585.486956 5580.565259 5575.904090 5560.283036 5549.698267 5551.336834 5550.016517 5546.204284 5540.264477 5538.710219 5542.569178 5542.067332 5563.720313 5569.903400 5575.968735 5578.651014 0.000000 0.000000
0.000000 0.000000 6922.738415 6918.072091 6915.659198 6908.008156 6893.683870 6868.368140 6867.634844 6865.104798 6865.119182 6869.715020 6870.396036 6871.260387 6900.518388 6910.406410 6916.101048 6919.477470 6924.568307 0.000000 0.000000
0.000000 0.000000 8183.829011 8183.916068 8180.414666 8169.189322 8166.679773 8157.454109 8157.694901 8155.429761 8155.745010 8151.708407 8150.517900 8157.436008 8159.499129 8164.622439 8178.277690 8176.176078 8181.858979 0.000000 0.000000
0.000000 0.000000 9832.842848 9827.398435 9821.002475 9820.134750 9806.427235 9789.923024 9791.937271 9788.180328 9785.582739 9785.401845 9788.177448 9781.936407 9802.164543 9816.700400 9818.679093 9822.901213 9824.784270 0.000000 0.000000
0.000000 0.000000 11723.328709 11718.822844 11718.552224 11714.111977 11691.808711 11681.207813 11680.236468 11679.957431 11676.144401 11680.683131 11683.642044 11683.084513 11690.467366 11706.595215 11714.545483 11717.120416 11717.751628 0.000000 0.000000
0.000000 0.000000 13809.161136 13808.653757 13806.356745 13781.474411 13776.053158 13756.400893 13764.794835 13748.337126 13754.714184 13751.549695 13744.540724 13754.669198 13766.804107 13769.089490 13783.788918 13790.469671 13802.784914 0.000000 0.000000
0.000000 0.000000 16090.756017 16080.123510 16070.864007 16068.850539 16054.278893 16034.465543 16028.227719 16031.222693 16037.642307 16026.056982 16032.448088 16030.723614 16055.346172 16066.800959 16068.906108 16074.339786 16098.428848 0.000000 0.000000
0.000000 0.000000 18488.886716 18482.124044 18485.179907 18465.660624 18459.010400 18400.501816 18398.384208 18398.030025 18372.420978 18389.240839 18391.797829 18397.946209 18439.770736 18446.402235 18474.493015 18472.641289 18481.153183 0.000000 0.000000
0.000000 0.000000 21278.814286 21281.905525 21265.201170 21259.577452 21186.529390 21214.191632 21196.970336 21197.496375 21207.951669 21199.146312 21198.524904 21189.238494 21161.709678 21242.209658 21246.559594 21271.554811 21282.546923 0.000000 0.000000
0.000000 0.000000 24428.176150 24417.306769 24404.948485 24321.730718 24346.488145 24303.410372 24280.955542 24277.601925 24260.703241 24250.110167 24258.373456 24258.058124 24304.765445 24281.159041 24401.106794 24374.215446 24370.036088 0.000000 0.000000
0.000000 0.000000 27662.569419 27657.878100 27539.626800 27587.657902 27583.194261 27577.533362 27634.179660 27615.653267 27644.296466 27635.864121 27615.678845 27645.701589 27641.627418 27645.883448 27527.517373 27708.761685 27699.830402 0.000000 0.000000
0.000000 0.000000 31415.474136 31247.184750 31309.801634 31245.106945 31158.226038 31137.447435 31082.419615 31098.034729 31041.358086 31049.036289 31080.364112 31050.146029 31093.721049 31149.988856 31305.891737 31179.188039 31358.416289 0.000000 0.000000
0.000000 0.000000 32459.103748 32633.095193 32770.930761 32778.158875 32793.238195 32669.855428 32696.628294 32654.187988 32724.265563 32712.077599 32703.546189 32720.909814 32820.144436 32810.105825 32797.011858 32693.062139 32519.929878 0.000000 0.000000
0.000000 0.000000 0.000000 0.000000 0.000000 0.000000 0.000000 0.000000 0.000000 0.000000 0.000000 0.000000 0.000000 0.000000 0.000000 0.000000 0.000000 0.000000 0.000000 0.000000 0.000000
0.000000 0.000000 0.000000 0.000000 0.000000 0.000000 0.000000 0.000000 0.000000 0.000000 0.000000 0.000000 0.000000 0.000000 0.000000 0.000000 0.000000 0.000000 0.000000 0.000000 0.000000