geotop/1.0zi/1.0Montebello/Templates/testdem/maps/_Erotot8799.asc
ncols         21
nrows         20
xllcorner     100.000000
yllcorner     100.000000
cellsize      50.000000
NODATA_value  -9999.0
0.000000 0.000000 0.000000 0.000000 0.000000 0.000000 0.000000 0.000000 0.000000 0.000000 0.000000 0.000000 0.000000 0.000000 0.000000 0.000000 0.000000 0.000000 0.000000 0.000000 0.000000
0.000000 0.000000 701.402005 702.056030 701.503180 701.598342 700.589811 700.725025 700.806924 700.881049 701.262363 700.628189 700.516018 700.555871 700.951852 701.070425 701.885413 702.465499 702.617119 0.000000 0.000000
0.000000 0.000000 54.609088 53.639586 53.932990 53.863124 54.521356 54.158205 53.782854 53.650718 53.854807 54.181180 54.240079 54.360373 54.166221 53.723193 52.443862 51.595927 52.193379 0.000000 0.000000
0.000000 0.000000 422.736844 423.499773 410.266280 403.143269 402.167066 396.367574 401.200685 403.016199 399.202786 397.530521 400.926369 400.032882 408.882846 417.358986 422.073732 417.360539 424.349594 0.000000 0.000000
0.000000 0.000000 3801.935595 3799.011725 3800.751197 3769.047494 3746.340526 3734.398183 3728.829641 3721.675687 3730.794671 3737.650369 3736.323627 3731.689904 3750.794533 3754.894938 3769.864828 3781.205386 3780.938671 0.000000 0.000000
0.000000 0.000000 5869.368015 5863.891165 5857.870547 5859.351654 5837.564962 5825.366780 5828.874704 5828.698626 5824.546997 5818.572935 5816.868953 5820.811679 5820.879995 5845.578156 5846.952617 5853.101330 5855.512525 0.000000 0.000000
0.000000 0.000000 7272.358398 7267.109171 7264.256767 7253.504069 7244.774479 7212.589299 7212.944567 7210.417572 7210.276963 7214.626995 7215.226632 7215.936163 7248.561459 7254.334921 7262.737394 7265.395049 7270.316334 0.000000 0.000000
0.000000 0.000000 8623.324081 8621.176230 8617.665668 8605.740418 8600.290759 8596.842249 8597.619489 8595.794344 8596.215061 8592.098046 8590.968500 8598.077672 8596.484039 8604.921057 8619.162609 8615.551274 8621.536902 0.000000 0.000000
0.000000 0.000000 10371.125197 10366.798341 10360.491676 10358.102049 10343.458842 10325.237528 10328.001548 10323.996695 10321.253968 10320.880514 10323.731075 10317.260255 10341.160846 10354.916626 10356.434876 10358.833525 10362.173442 0.000000 0.000000
0.000000 0.000000 12393.259341 12386.552704 12386.303033 12380.195524 12357.355582 12346.988698 12346.473146 12345.386172 12341.814228 12346.240863 12349.301247 12348.649213 12355.889441 12374.245179 12381.882614 12384.589519 12383.741998 0.000000 0.000000
0.000000 0.000000 14626.252148 14624.856703 14622.745824 14595.380024 14589.582947 14569.823218 14578.102606 14561.202258 14567.500777 14563.881110 14556.528006 14566.843478 14581.091814 14584.420361 14599.452470 14603.488523 14617.901223 0.000000 0.000000
0.000000 0.000000 17087.050891 17078.392328 17065.201911 17062.541045 17047.132856 17025.275980 17023.576414 17026.602754 17033.041182 17020.625408 17027.553559 17025.294069 17051.037414 17063.119541 17063.777479 17068.090779 17092.675322 0.000000 0.000000
0.000000 0.000000 19683.388718 19674.406452 19678.730591 19656.439674 19647.960283 19584.623719 19582.349782 19581.466564 19553.815882 19571.994381 19574.527245 19581.030074 19628.454432 19636.823683 19666.172166 19663.912590 19670.815168 0.000000 0.000000
0.000000 0.000000 22740.048277 22742.426196 22723.058396 22716.140509 22632.961116 22669.633109 22650.562531 22651.993603 22664.754276 22653.990048 22653.095674 22642.337926 22607.732337 22701.409223 22704.547715 22728.567990 22740.954146 0.000000 0.000000
0.000000 0.000000 26166.083212 26152.772971 26138.844367 26042.886197 26079.520611 26028.138809 26006.387246 26002.298397 25982.371221 25970.965889 25980.712554 25980.555328 26034.804387 26000.051468 26137.399554 26102.236711 26096.097800 0.000000 0.000000
0.000000 0.000000 29607.451846 29602.132031 29469.653764 29531.166109 29520.701231 29520.266644 29587.115049 29566.279507 29598.992830 29590.594309 29566.955918 29600.268223 29591.556075 29604.332455 29456.271074 29660.995139 29651.321119 0.000000 0.000000
0.000000 0.000000 33423.575807 33249.166876 33325.515374 33252.127597 33162.666157 33141.749646 33079.739448 33098.039227 33037.102374 33045.464170 33079.941193 33045.545718 33092.756195 33149.146531 33322.390870 33174.090964 33357.598180 0.000000 0.000000
0.000000 0.000000 34322.852591 34497.383404 34629.063979 34635.611673 34651.577591 34533.348588 34562.498325 34521.030764 34590.560148 34578.427025 34569.304851 34586.688637 34680.156748 34671.520675 34653.658457 34554.274088 34381.512784 0.000000 0.000000
0.000000 0.000000 0.000000 0.000000 0.000000 0.000000 0.000000 0.000000 0.000000 0.000000 0.000000 0.000000 0.000000 0.000000 0.000000 0.000000 0.000000 0.000000 0.000000 0.000000 0.000000
0.000000 0.000000 0.000000 0.000000 0.000000 0.000000 0.000000 0.000000 0.000000 0.000000 0.000000 0.000000 0.000000 0.000000 0.000000 0.000000 0.000000 0.000000 0.000000 0.000000 0.000000