geotop/1.0zi/1.0Montebello/Templates/testdem/maps/_Erotot2010.asc
ncols         21
nrows         20
xllcorner     100.000000
yllcorner     100.000000
cellsize      50.000000
NODATA_value  -9999.0
0.000000 0.000000 0.000000 0.000000 0.000000 0.000000 0.000000 0.000000 0.000000 0.000000 0.000000 0.000000 0.000000 0.000000 0.000000 0.000000 0.000000 0.000000 0.000000 0.000000 0.000000
0.000000 0.000000 201.485357 201.487530 201.524524 201.511723 201.473481 201.488157 201.490491 201.480990 201.482578 201.480990 201.490491 201.488157 201.473481 201.511723 201.524524 201.487530 201.485357 0.000000 0.000000
0.000000 0.000000 10.706394 10.485450 8.704896 10.549297 10.753446 10.730143 10.737995 10.748760 10.745217 10.748760 10.737995 10.730143 10.753446 10.549297 8.704896 10.485450 10.706394 0.000000 0.000000
0.000000 0.000000 1401.255463 1401.046573 1401.238692 1399.172951 1401.416631 1400.959336 1400.988151 1401.724779 1401.743564 1401.724779 1400.988151 1400.959336 1401.416631 1399.172951 1401.238692 1401.046573 1401.255463 0.000000 0.000000
0.000000 0.000000 2830.407848 2830.195603 2829.594324 2830.278832 2830.725496 2830.529390 2830.485962 2830.650859 2830.620929 2830.650859 2830.485962 2830.529390 2830.725496 2830.278832 2829.594324 2830.195603 2830.407848 0.000000 0.000000
0.000000 0.000000 3677.960416 3677.793386 3677.181496 3677.298020 3678.174583 3677.902631 3677.929383 3678.249021 3678.290714 3678.249021 3677.929383 3677.902631 3678.174583 3677.298020 3677.181496 3677.793386 3677.960416 0.000000 0.000000
0.000000 0.000000 4811.227891 4811.094001 4810.528839 4810.646458 4811.394443 4811.161660 4811.194159 4811.477350 4811.531966 4811.477350 4811.194159 4811.161660 4811.394443 4810.646458 4810.528839 4811.094001 4811.227891 0.000000 0.000000
0.000000 0.000000 5887.683600 5887.573338 5887.044725 5887.166609 5887.817091 5887.617448 5887.646669 5887.900133 5887.955476 5887.900133 5887.646669 5887.617448 5887.817091 5887.166609 5887.044725 5887.573338 5887.683600 0.000000 0.000000
0.000000 0.000000 6901.262006 6901.160413 6900.655692 6900.775977 6901.382513 6901.197663 6901.225088 6901.464368 6901.519339 6901.464368 6901.225088 6901.197663 6901.382513 6900.775977 6900.655692 6901.160413 6901.262006 0.000000 0.000000
0.000000 0.000000 7863.767543 7863.692613 7863.197771 7863.355881 7863.874332 7863.709475 7863.741461 7863.958947 7864.012243 7863.958947 7863.741461 7863.709475 7863.874332 7863.355881 7863.197771 7863.692613 7863.767543 0.000000 0.000000
0.000000 0.000000 8780.664549 8780.580478 8780.103593 8780.235955 8780.769568 8780.604198 8780.631696 8780.847572 8780.898632 8780.847572 8780.631696 8780.604198 8780.769568 8780.235955 8780.103593 8780.580478 8780.664549 0.000000 0.000000
0.000000 0.000000 9660.590055 9660.503941 9660.042184 9660.167403 9660.690198 9660.530823 9660.557004 9660.766724 9660.817732 9660.766724 9660.557004 9660.530823 9660.690198 9660.167403 9660.042184 9660.503941 9660.590055 0.000000 0.000000
0.000000 0.000000 10512.544412 10512.461396 10512.004936 10512.130847 10512.637369 10512.481413 10512.507640 10512.712775 10512.762292 10512.712775 10512.507640 10512.481413 10512.637369 10512.130847 10512.004936 10512.461396 10512.544412 0.000000 0.000000
0.000000 0.000000 11339.589960 11339.513601 11339.064779 11339.209593 11339.680218 11339.529945 11339.557801 11339.755753 11339.804067 11339.755753 11339.557801 11339.529945 11339.680218 11339.209593 11339.064779 11339.513601 11339.589960 0.000000 0.000000
0.000000 0.000000 12145.347144 12145.267944 12144.820410 12144.953915 12145.432565 12145.282738 12145.309230 12145.506899 12145.554134 12145.506899 12145.309230 12145.282738 12145.432565 12144.953915 12144.820410 12145.267944 12145.347144 0.000000 0.000000
0.000000 0.000000 12931.691387 12931.613370 12931.176229 12931.302633 12931.771181 12931.625423 12931.651668 12931.844855 12931.891653 12931.844855 12931.651668 12931.625423 12931.771181 12931.302633 12931.176229 12931.613370 12931.691382 0.000000 0.000000
0.000000 0.000000 13697.416070 13697.338757 13696.901768 13697.031482 13697.493909 13697.348488 13697.374136 13697.564196 13697.609621 13697.564196 13697.374136 13697.348488 13697.493909 13697.031482 13696.901768 13697.338736 13697.415610 0.000000 0.000000
0.000000 0.000000 14476.643096 14476.901316 14476.471836 14476.596593 14477.057472 14476.912960 14476.936409 14477.124557 14477.168894 14477.124557 14476.936409 14476.912960 14477.057472 14476.596593 14476.471817 14476.897879 14476.974448 0.000000 0.000000
0.000000 0.000000 0.000000 0.000000 0.000000 0.000000 0.000000 0.000000 0.000000 0.000000 0.000000 0.000000 0.000000 0.000000 0.000000 0.000000 0.000000 0.000000 0.000000 0.000000 0.000000
0.000000 0.000000 0.000000 0.000000 0.000000 0.000000 0.000000 0.000000 0.000000 0.000000 0.000000 0.000000 0.000000 0.000000 0.000000 0.000000 0.000000 0.000000 0.000000 0.000000 0.000000