geotop/1.0zi/1.0Montebello/Templates/testdem/maps/_Erotot4678.asc
ncols         21
nrows         20
xllcorner     100.000000
yllcorner     100.000000
cellsize      50.000000
NODATA_value  -9999.0
0.000000 0.000000 0.000000 0.000000 0.000000 0.000000 0.000000 0.000000 0.000000 0.000000 0.000000 0.000000 0.000000 0.000000 0.000000 0.000000 0.000000 0.000000 0.000000 0.000000 0.000000
0.000000 0.000000 353.203329 352.742479 352.528242 352.358774 352.363418 352.403099 352.440933 352.440117 352.425582 352.428407 352.429448 352.472412 352.360397 352.400075 352.595446 352.528569 352.643768 0.000000 0.000000
0.000000 0.000000 27.869615 28.426323 28.816973 29.923557 29.414056 29.509939 29.103561 29.016036 29.059179 29.385095 29.132696 28.932296 29.454780 29.160016 28.259593 27.666637 27.499381 0.000000 0.000000
0.000000 0.000000 136.128468 137.397517 130.314856 127.935485 129.108715 124.127785 123.385255 123.048423 122.177031 121.611121 122.624911 121.219665 123.913973 128.905207 129.474252 131.738174 134.342077 0.000000 0.000000
0.000000 0.000000 1344.507877 1348.672513 1354.023482 1336.891234 1325.778797 1317.813786 1320.301732 1314.490585 1318.731411 1322.964333 1323.243548 1323.695925 1332.987537 1331.956726 1337.379690 1343.128033 1344.984703 0.000000 0.000000
0.000000 0.000000 2627.191057 2622.445371 2618.977317 2616.295134 2611.025660 2607.928520 2605.249362 2606.984042 2606.578142 2603.993805 2600.149439 2601.319952 2600.840563 2613.762703 2617.901722 2617.970537 2620.837816 0.000000 0.000000
0.000000 0.000000 3355.767910 3350.825844 3346.257180 3342.492727 3331.559207 3316.396974 3317.756552 3314.190867 3317.331574 3316.670383 3319.274743 3321.697833 3336.212604 3345.349429 3351.585090 3355.333825 3358.854397 0.000000 0.000000
0.000000 0.000000 3878.285859 3878.554064 3879.365788 3874.959548 3873.221068 3868.482844 3869.159294 3869.303381 3866.897787 3867.923664 3866.788684 3865.909180 3869.184714 3872.645923 3874.761030 3874.190300 3875.441583 0.000000 0.000000
0.000000 0.000000 4528.657536 4528.566343 4526.193833 4524.051818 4519.606418 4511.058811 4511.305208 4509.328654 4509.919080 4510.615713 4509.801584 4510.606365 4515.894277 4523.816968 4523.869470 4525.370044 4529.108430 0.000000 0.000000
0.000000 0.000000 5297.073946 5295.398821 5295.880867 5292.098628 5283.416308 5278.429966 5280.039932 5278.996561 5279.149274 5279.264109 5278.277669 5276.788984 5284.223145 5291.056503 5293.332881 5294.370538 5295.763541 0.000000 0.000000
0.000000 0.000000 6110.299859 6108.571920 6107.443412 6105.431561 6102.775715 6092.270135 6092.569202 6089.917537 6090.135804 6091.215820 6090.122476 6090.106759 6095.239977 6098.167744 6102.954630 6105.046644 6108.135364 0.000000 0.000000
0.000000 0.000000 6956.205974 6955.587385 6953.440985 6946.812539 6942.110926 6934.061965 6933.085223 6932.551443 6932.742214 6931.984191 6931.599018 6931.609381 6940.757861 6946.918124 6950.336289 6951.526533 6968.588113 0.000000 0.000000
0.000000 0.000000 7807.046148 7805.218130 7803.321032 7800.621775 7793.210381 7773.953666 7774.219482 7772.317258 7772.308643 7772.996365 7771.427044 7772.026548 7788.319029 7796.663646 7799.922356 7801.462611 7803.889276 0.000000 0.000000
0.000000 0.000000 8715.398957 8712.580651 8710.763989 8706.958677 8687.287624 8695.557698 8689.646896 8688.616181 8689.113539 8689.517672 8688.253607 8688.127844 8682.204173 8701.284122 8705.220141 8710.526986 8710.484271 0.000000 0.000000
0.000000 0.000000 9685.420093 9680.780950 9676.478105 9663.672943 9660.921449 9644.601713 9636.560291 9634.695448 9630.491281 9630.173613 9631.254443 9629.023929 9640.292694 9648.655510 9670.573773 9666.225142 9667.680850 0.000000 0.000000
0.000000 0.000000 10652.750042 10652.534505 10631.721719 10635.057744 10634.310535 10633.333043 10636.124073 10636.002817 10638.939506 10638.846536 10635.628570 10640.867425 10638.567761 10637.763116 10626.438850 10651.025933 10655.765601 0.000000 0.000000
0.000000 0.000000 11750.836275 11726.129014 11718.069535 11710.176454 11695.217453 11688.799197 11687.024665 11686.101653 11682.374210 11682.776031 11682.990725 11680.279596 11685.237945 11702.465018 11716.186801 11716.907460 11742.219632 0.000000 0.000000
0.000000 0.000000 12561.990953 12565.847657 12588.648051 12578.923046 12572.222154 12548.157554 12546.464839 12543.455282 12545.368618 12545.196582 12543.517034 12545.053542 12567.895779 12577.212154 12589.327892 12562.775724 12564.823822 0.000000 0.000000
0.000000 0.000000 0.000000 0.000000 0.000000 0.000000 0.000000 0.000000 0.000000 0.000000 0.000000 0.000000 0.000000 0.000000 0.000000 0.000000 0.000000 0.000000 0.000000 0.000000 0.000000
0.000000 0.000000 0.000000 0.000000 0.000000 0.000000 0.000000 0.000000 0.000000 0.000000 0.000000 0.000000 0.000000 0.000000 0.000000 0.000000 0.000000 0.000000 0.000000 0.000000 0.000000