geotop/1.0zi/1.0Montebello/Templates/testdem/maps/_Erotot5330.asc
ncols         21
nrows         20
xllcorner     100.000000
yllcorner     100.000000
cellsize      50.000000
NODATA_value  -9999.0
0.000000 0.000000 0.000000 0.000000 0.000000 0.000000 0.000000 0.000000 0.000000 0.000000 0.000000 0.000000 0.000000 0.000000 0.000000 0.000000 0.000000 0.000000 0.000000 0.000000 0.000000
0.000000 0.000000 393.875538 393.083470 392.930272 392.728437 392.701375 392.778785 392.735042 392.905691 392.822227 392.603584 392.579899 392.624400 392.738048 392.624843 392.827440 393.010141 393.409088 0.000000 0.000000
0.000000 0.000000 30.735253 31.457266 31.678714 32.860175 32.600319 32.459176 32.272842 32.055925 32.185751 32.562314 32.328775 32.194843 32.587116 32.376429 31.536391 30.659718 30.022834 0.000000 0.000000
0.000000 0.000000 152.995302 154.463803 147.498176 144.733033 146.526016 141.304759 140.714321 141.101867 139.755767 138.413815 139.954383 138.016856 140.744316 145.526064 145.038787 148.450777 151.202472 0.000000 0.000000
0.000000 0.000000 1571.022125 1576.365883 1582.848226 1565.548009 1551.010835 1540.435243 1543.154502 1540.417312 1543.995820 1548.237003 1545.091790 1542.862498 1553.035390 1551.571058 1558.690182 1565.382720 1566.213676 0.000000 0.000000
0.000000 0.000000 2912.239518 2906.231375 2903.640025 2899.584757 2893.525521 2889.245358 2886.810767 2887.190680 2886.771132 2884.418984 2882.433577 2885.002531 2883.642509 2898.027659 2903.192622 2906.438877 2908.954080 0.000000 0.000000
0.000000 0.000000 3797.102074 3794.484080 3791.500248 3787.063846 3774.643111 3758.376180 3758.932744 3755.376654 3757.116178 3760.131287 3761.824267 3762.857151 3781.219427 3790.081147 3794.665872 3796.014434 3800.944643 0.000000 0.000000
0.000000 0.000000 4387.584320 4389.122639 4388.616822 4382.754562 4382.639699 4376.370790 4376.875790 4377.420149 4376.195307 4373.957694 4373.662490 4376.967006 4376.241262 4378.054164 4385.942918 4384.144581 4386.724019 0.000000 0.000000
0.000000 0.000000 5152.769517 5150.415334 5146.792013 5148.087811 5142.265001 5132.834824 5133.169506 5130.805631 5128.424044 5129.794504 5130.889524 5125.797324 5137.796654 5144.911275 5146.780147 5147.313215 5148.455262 0.000000 0.000000
0.000000 0.000000 6041.485544 6039.296639 6041.811902 6041.590144 6028.030703 6021.900540 6023.380833 6022.549712 6020.755845 6023.845903 6026.791270 6025.096088 6027.435205 6036.499390 6040.120777 6040.066334 6040.522104 0.000000 0.000000
0.000000 0.000000 6998.412258 6998.721927 6999.236500 6986.007727 6984.039690 6974.730270 6978.012302 6969.530160 6971.839346 6971.193641 6966.703616 6973.659312 6976.803530 6977.468568 6983.558287 6989.214180 6995.749836 0.000000 0.000000
0.000000 0.000000 7992.001365 7987.875019 7983.834654 7982.353749 7979.636088 7966.081379 7965.424912 7964.489290 7971.064841 7964.587897 7966.301607 7965.765715 7979.857531 7981.759080 7983.123742 7983.239379 8001.669497 0.000000 0.000000
0.000000 0.000000 8990.271492 8988.593000 8989.868868 8983.289416 8980.121511 8957.599692 8956.448463 8956.295661 8942.904711 8951.401088 8955.354222 8957.109955 8969.565897 8972.649127 8985.514570 8984.834238 8991.004017 0.000000 0.000000
0.000000 0.000000 10076.988658 10078.462153 10072.511213 10071.901294 10049.540852 10057.312175 10047.540644 10049.029812 10050.105039 10050.086582 10048.641619 10045.480073 10035.862997 10060.010905 10065.095149 10074.618176 10081.111234 0.000000 0.000000
0.000000 0.000000 11239.704271 11235.495850 11233.112049 11214.710419 11214.504330 11201.345786 11189.426638 11188.264402 11184.056297 11178.624041 11181.330330 11179.641202 11192.124534 11195.343352 11229.905364 11221.977081 11221.877096 0.000000 0.000000
0.000000 0.000000 12423.080990 12422.460754 12394.870223 12392.813768 12397.687243 12391.097727 12405.531965 12398.730081 12403.534741 12399.585131 12395.665498 12402.548279 12405.436926 12405.007823 12389.223358 12429.830909 12422.970469 0.000000 0.000000
0.000000 0.000000 13750.934062 13719.015260 13716.452254 13709.336322 13689.408957 13684.664672 13678.226113 13681.122778 13670.007183 13670.299302 13673.798921 13674.805402 13683.476514 13690.434657 13715.577865 13712.975189 13749.756671 0.000000 0.000000
0.000000 0.000000 14721.457070 14727.264106 14761.188292 14755.628319 14747.368605 14719.674996 14720.434238 14708.719013 14717.624254 14716.371504 14721.929614 14716.746906 14740.667024 14746.727547 14767.275642 14731.822365 14725.379727 0.000000 0.000000
0.000000 0.000000 0.000000 0.000000 0.000000 0.000000 0.000000 0.000000 0.000000 0.000000 0.000000 0.000000 0.000000 0.000000 0.000000 0.000000 0.000000 0.000000 0.000000 0.000000 0.000000
0.000000 0.000000 0.000000 0.000000 0.000000 0.000000 0.000000 0.000000 0.000000 0.000000 0.000000 0.000000 0.000000 0.000000 0.000000 0.000000 0.000000 0.000000 0.000000 0.000000 0.000000