geotop/1.0zi/1.0Montebello/Templates/testdem/maps/_Erotot7400.asc
ncols         21
nrows         20
xllcorner     100.000000
yllcorner     100.000000
cellsize      50.000000
NODATA_value  -9999.0
0.000000 0.000000 0.000000 0.000000 0.000000 0.000000 0.000000 0.000000 0.000000 0.000000 0.000000 0.000000 0.000000 0.000000 0.000000 0.000000 0.000000 0.000000 0.000000 0.000000 0.000000
0.000000 0.000000 638.470358 639.417635 638.817338 638.980617 638.110456 638.313306 638.259979 638.364709 638.788049 638.119971 638.003909 638.045189 638.388509 638.428894 639.226574 639.809097 639.877306 0.000000 0.000000
0.000000 0.000000 49.680263 48.456935 48.602481 48.979138 49.394515 49.071505 48.806405 48.644296 48.885979 49.221736 49.243023 49.407348 49.156064 48.829189 47.419085 46.481546 47.235999 0.000000 0.000000
0.000000 0.000000 347.653669 348.990895 336.989806 331.447496 332.214951 320.987459 321.079943 321.958485 318.295083 316.446149 318.647058 318.789157 329.048505 335.848725 340.416974 343.163259 347.975745 0.000000 0.000000
0.000000 0.000000 2901.570470 2904.715183 2908.513506 2887.188489 2868.786803 2859.504868 2859.027066 2855.427259 2861.545921 2867.292498 2862.197848 2860.529299 2874.488220 2877.456332 2886.429617 2894.614122 2894.258258 0.000000 0.000000
0.000000 0.000000 4643.198724 4637.517324 4633.981036 4628.065728 4613.985417 4604.586428 4605.276121 4604.120176 4600.871238 4595.150724 4594.283200 4597.568185 4596.514995 4615.432920 4623.513115 4630.446955 4633.445965 0.000000 0.000000
0.000000 0.000000 5909.458603 5906.512214 5902.267160 5895.779498 5882.385691 5861.857280 5860.853032 5857.228020 5858.555692 5862.377868 5863.779672 5864.334612 5890.835529 5900.508518 5905.803589 5908.396547 5913.584484 0.000000 0.000000
0.000000 0.000000 6900.847182 6901.343443 6898.662248 6889.410501 6887.491653 6878.894306 6879.174079 6879.228957 6878.110638 6874.345502 6873.590501 6879.648067 6880.870442 6885.237430 6897.169857 6895.576303 6900.398560 0.000000 0.000000
0.000000 0.000000 8215.563273 8211.424637 8205.566324 8205.678065 8195.358910 8181.058378 8182.275888 8178.107601 8175.858129 8175.743503 8178.045161 8172.348200 8190.082858 8203.356600 8204.803489 8208.198916 8209.515764 0.000000 0.000000
0.000000 0.000000 9721.404476 9718.256558 9718.865861 9715.256702 9695.994469 9687.201787 9686.999951 9686.858254 9683.459148 9686.840168 9689.857824 9689.110273 9695.184476 9708.725980 9715.842568 9717.540572 9718.580623 0.000000 0.000000
0.000000 0.000000 11362.175730 11361.554825 11359.169551 11340.257856 11334.932270 11320.589849 11326.081843 11313.607329 11317.283983 11315.722077 11309.037473 11318.533598 11327.013101 11329.506543 11341.261971 11347.871250 11358.099250 0.000000 0.000000
0.000000 0.000000 13126.181417 13118.944231 13111.724422 13108.707038 13099.632947 13081.097110 13077.974235 13078.528020 13085.404026 13075.032105 13078.754798 13078.763670 13099.539875 13107.208309 13109.713167 13113.401115 13135.556869 0.000000 0.000000
0.000000 0.000000 14944.700520 14940.442907 14940.968688 14928.591413 14922.318105 14879.414015 14877.819623 14877.201019 14857.321208 14868.593240 14872.714511 14877.008177 14906.680655 14913.081244 14934.432334 14933.944585 14941.747245 0.000000 0.000000
0.000000 0.000000 17005.652652 17008.116721 16996.124957 16992.139146 16942.239848 16958.677517 16944.540452 16945.819852 16950.685090 16946.923094 16945.012564 16940.789232 16922.738176 16977.126051 16983.456269 17001.501294 17010.463242 0.000000 0.000000
0.000000 0.000000 19298.121699 19290.697865 19282.964414 19230.558139 19238.845213 19212.582453 19194.664285 19192.310035 19182.127271 19172.660378 19177.609766 19176.261679 19206.675411 19201.133642 19279.085923 19263.761895 19262.033890 0.000000 0.000000
0.000000 0.000000 21692.526875 21689.983159 21614.045409 21631.571050 21634.026575 21623.648192 21658.261483 21645.162988 21660.255516 21652.335070 21641.020879 21660.830245 21664.177182 21664.763211 21606.586685 21716.502052 21708.673772 0.000000 0.000000
0.000000 0.000000 24544.991488 24436.261952 24455.682900 24422.894407 24364.455902 24352.658852 24325.305339 24333.847523 24300.173803 24302.878739 24319.118695 24307.241817 24333.556096 24368.758191 24453.643947 24403.628518 24519.809805 0.000000 0.000000
0.000000 0.000000 25913.614815 26003.846966 26110.671209 26106.773880 26101.253528 26011.057190 26021.107779 25991.993891 26031.559116 26023.824639 26024.610745 26030.007375 26106.700299 26111.840283 26130.146245 26035.720491 25947.155986 0.000000 0.000000
0.000000 0.000000 0.000000 0.000000 0.000000 0.000000 0.000000 0.000000 0.000000 0.000000 0.000000 0.000000 0.000000 0.000000 0.000000 0.000000 0.000000 0.000000 0.000000 0.000000 0.000000
0.000000 0.000000 0.000000 0.000000 0.000000 0.000000 0.000000 0.000000 0.000000 0.000000 0.000000 0.000000 0.000000 0.000000 0.000000 0.000000 0.000000 0.000000 0.000000 0.000000 0.000000