geotop/1.0zi/1.0Montebello/Templates/testdem/maps/_Erotot0860.asc
ncols         21
nrows         20
xllcorner     100.000000
yllcorner     100.000000
cellsize      50.000000
NODATA_value  -9999.0
0.000000 0.000000 0.000000 0.000000 0.000000 0.000000 0.000000 0.000000 0.000000 0.000000 0.000000 0.000000 0.000000 0.000000 0.000000 0.000000 0.000000 0.000000 0.000000 0.000000 0.000000
0.000000 0.000000 70.523916 70.525098 70.559318 70.532581 70.520099 70.525118 70.526338 70.522351 70.522775 70.522351 70.526338 70.525118 70.520099 70.532581 70.559318 70.525098 70.523916 0.000000 0.000000
0.000000 0.000000 7.296497 7.079331 5.306056 7.165164 7.325147 7.321473 7.336029 7.344349 7.343968 7.344349 7.336029 7.321473 7.325147 7.165164 5.306056 7.079331 7.296497 0.000000 0.000000
0.000000 0.000000 682.490979 682.049118 682.296851 679.994599 682.501914 682.313010 682.141211 682.411352 682.346321 682.411352 682.141211 682.313010 682.501914 679.994599 682.296851 682.049118 682.490979 0.000000 0.000000
0.000000 0.000000 1221.563899 1221.295646 1220.594618 1221.247001 1221.679138 1221.540891 1221.494307 1221.605053 1221.593029 1221.605053 1221.494307 1221.540891 1221.679138 1221.247001 1220.594618 1221.295646 1221.563899 0.000000 0.000000
0.000000 0.000000 1636.162095 1635.885633 1635.227307 1635.287222 1636.206735 1636.108727 1636.050918 1636.163142 1636.145434 1636.163142 1636.050918 1636.108727 1636.206735 1635.287222 1635.227307 1635.885633 1636.162095 0.000000 0.000000
0.000000 0.000000 2154.202925 2153.977513 2153.372386 2153.449267 2154.225823 2154.160012 2154.117934 2154.208534 2154.191264 2154.208534 2154.117934 2154.160012 2154.225823 2153.449267 2153.372386 2153.977513 2154.202925 0.000000 0.000000
0.000000 0.000000 2648.904274 2648.705483 2648.139198 2648.224809 2648.912166 2648.866603 2648.831329 2648.908355 2648.893084 2648.908355 2648.831329 2648.866603 2648.912166 2648.224809 2648.139198 2648.705483 2648.904274 0.000000 0.000000
0.000000 0.000000 3118.476634 3118.291345 3117.750479 3117.835650 3118.477909 3118.441301 3118.409508 3118.479336 3118.464860 3118.479336 3118.409508 3118.441301 3118.477909 3117.835650 3117.750479 3118.291345 3118.476634 0.000000 0.000000
0.000000 0.000000 3569.158721 3569.002809 3568.470696 3568.596104 3569.151368 3569.130516 3569.106253 3569.160955 3569.146918 3569.160955 3569.106253 3569.130516 3569.151368 3568.596104 3568.470696 3569.002809 3569.158721 0.000000 0.000000
0.000000 0.000000 4004.396794 4004.230916 4003.715380 4003.815094 4004.390274 4004.365567 4004.338735 4004.396842 4004.382262 4004.396842 4004.338735 4004.365567 4004.390274 4003.815094 4003.715380 4004.230916 4004.396794 0.000000 0.000000
0.000000 0.000000 4426.856898 4426.687977 4426.184319 4426.274733 4426.846044 4426.823464 4426.797296 4426.855119 4426.841831 4426.855119 4426.797296 4426.823464 4426.846044 4426.274733 4426.184319 4426.687977 4426.856898 0.000000 0.000000
0.000000 0.000000 4839.534115 4839.366943 4838.868874 4838.960856 4839.521283 4839.499728 4839.474203 4839.530676 4839.517387 4839.530676 4839.474203 4839.499728 4839.521283 4838.960856 4838.868874 4839.366943 4839.534115 0.000000 0.000000
0.000000 0.000000 5245.395941 5245.234622 5244.741006 5244.854016 5245.380707 5245.363609 5245.340573 5245.392138 5245.378762 5245.392138 5245.340573 5245.363609 5245.380707 5244.854016 5244.741006 5245.234622 5245.395941 0.000000 0.000000
0.000000 0.000000 5645.585777 5645.420618 5644.927331 5645.028838 5645.569520 5645.551788 5645.527863 5645.581401 5645.567490 5645.581401 5645.527863 5645.551788 5645.569520 5645.028838 5644.927331 5645.420618 5645.585777 0.000000 0.000000
0.000000 0.000000 6041.201285 6041.038569 6040.555846 6040.651933 6041.185273 6041.168756 6041.145322 6041.197507 6041.183052 6041.197507 6041.145322 6041.168756 6041.185273 6040.651933 6040.555846 6041.038569 6041.201282 0.000000 0.000000
0.000000 0.000000 6430.432401 6430.267112 6429.782300 6429.879455 6430.416044 6430.397613 6430.373814 6430.427187 6430.412373 6430.427187 6430.373814 6430.397613 6430.416044 6429.879455 6429.782299 6430.267097 6430.432024 0.000000 0.000000
0.000000 0.000000 6832.454390 6832.463106 6831.980642 6832.067168 6832.612644 6832.592811 6832.568647 6832.623455 6832.608479 6832.623455 6832.568647 6832.592811 6832.612644 6832.067167 6831.980627 6832.460765 6832.628729 0.000000 0.000000
0.000000 0.000000 0.000000 0.000000 0.000000 0.000000 0.000000 0.000000 0.000000 0.000000 0.000000 0.000000 0.000000 0.000000 0.000000 0.000000 0.000000 0.000000 0.000000 0.000000 0.000000
0.000000 0.000000 0.000000 0.000000 0.000000 0.000000 0.000000 0.000000 0.000000 0.000000 0.000000 0.000000 0.000000 0.000000 0.000000 0.000000 0.000000 0.000000 0.000000 0.000000 0.000000