geotop/1.0zi/1.0Montebello/Templates/testdem/maps/_Erotot8381.asc
ncols         21
nrows         20
xllcorner     100.000000
yllcorner     100.000000
cellsize      50.000000
NODATA_value  -9999.0
0.000000 0.000000 0.000000 0.000000 0.000000 0.000000 0.000000 0.000000 0.000000 0.000000 0.000000 0.000000 0.000000 0.000000 0.000000 0.000000 0.000000 0.000000 0.000000 0.000000 0.000000
0.000000 0.000000 680.846570 681.643341 681.091707 681.195206 680.182482 680.339022 680.325849 680.388982 680.822014 680.147339 680.025688 680.077778 680.455339 680.611500 681.448929 681.998155 682.214821 0.000000 0.000000
0.000000 0.000000 52.639591 51.658461 51.901759 51.966811 52.601768 52.280919 51.987452 51.849938 52.078870 52.438135 52.458136 52.607209 52.360491 51.848249 50.574370 49.718347 50.240620 0.000000 0.000000
0.000000 0.000000 354.846295 355.979555 343.610323 338.354361 338.916293 327.602168 327.695550 328.542105 324.885897 323.102945 325.255360 325.400395 335.662486 342.731294 347.337925 350.239447 355.458457 0.000000 0.000000
0.000000 0.000000 3390.601439 3393.107902 3396.920638 3373.954637 3354.361764 3342.456766 3340.282529 3335.954554 3342.816577 3348.180793 3343.644275 3342.309552 3357.402272 3361.796009 3374.099259 3384.722639 3384.571046 0.000000 0.000000
0.000000 0.000000 5421.595345 5416.140025 5411.881149 5405.603748 5389.500373 5379.653051 5381.245903 5380.030189 5376.787409 5370.849379 5369.876741 5373.075626 5372.905444 5393.373233 5400.801759 5406.920119 5409.949692 0.000000 0.000000
0.000000 0.000000 6739.975722 6736.804426 6732.283402 6725.378929 6711.918087 6688.544876 6687.374262 6683.626628 6685.049635 6688.794853 6690.304134 6690.798408 6719.356700 6729.732489 6735.557891 6738.491122 6743.783648 0.000000 0.000000
0.000000 0.000000 7955.114060 7955.532631 7952.612253 7942.265136 7938.651335 7929.114117 7929.268445 7928.832718 7927.998778 7923.997873 7923.468339 7929.471943 7931.912217 7937.580641 7950.559183 7949.297453 7954.434478 0.000000 0.000000
0.000000 0.000000 9544.855547 9540.774713 9534.345893 9533.387927 9521.745552 9505.516603 9506.736408 9502.379615 9500.222283 9499.876124 9502.279648 9496.570337 9515.956143 9530.546859 9533.001069 9537.153613 9538.645212 0.000000 0.000000
0.000000 0.000000 11366.617546 11362.979705 11363.312128 11358.717568 11337.271058 11326.636345 11325.833431 11325.597289 11322.116088 11325.666558 11328.899224 11328.132462 11335.706882 11351.181782 11359.573529 11361.991880 11363.164384 0.000000 0.000000
0.000000 0.000000 13371.912544 13370.808347 13368.548985 13347.021048 13340.339925 13323.308323 13329.074138 13315.165110 13319.558280 13317.572793 13310.345220 13320.744425 13331.064057 13334.681198 13348.286555 13356.089387 13367.270290 0.000000 0.000000
0.000000 0.000000 15559.548196 15551.579410 15542.745101 15538.322688 15527.620549 15505.827761 15501.479754 15502.525375 15510.190497 15498.403056 15503.008195 15502.619834 15526.993408 15536.934911 15540.519414 15545.140724 15569.693124 0.000000 0.000000
0.000000 0.000000 17850.939382 17847.002911 17847.026982 17832.868497 17823.584252 17769.391784 17767.235312 17766.109728 17742.781819 17756.482095 17760.865176 17766.173421 17804.872431 17813.347732 17839.163418 17839.308828 17846.572686 0.000000 0.000000
0.000000 0.000000 20504.342754 20507.335307 20492.970050 20487.366932 20420.085702 20444.163266 20426.447479 20428.099230 20436.582995 20430.798589 20427.375490 20421.445104 20396.509438 20470.515069 20477.623429 20500.004116 20510.877485 0.000000 0.000000
0.000000 0.000000 23499.136498 23490.188334 23479.799698 23402.273300 23423.206461 23384.141009 23362.513687 23358.864053 23344.156430 23332.247101 23340.295398 23339.381177 23382.195495 23364.515660 23475.279856 23452.842093 23449.131491 0.000000 0.000000
0.000000 0.000000 26597.434822 26594.623547 26483.067633 26525.509517 26523.717618 26516.338678 26567.686570 26551.078615 26576.291628 26567.913823 26548.881964 26577.917347 26575.453800 26578.689375 26474.176039 26641.884597 26632.876229 0.000000 0.000000
0.000000 0.000000 30246.228037 30086.664890 30141.013813 30083.431351 30000.437168 29980.477678 29929.623759 29944.256036 29891.384334 29897.422751 29925.968656 29899.453530 29940.551846 29994.624727 30138.767749 30026.994868 30198.121534 0.000000 0.000000
0.000000 0.000000 31374.247955 31540.377855 31677.556990 31683.949181 31696.615268 31574.723412 31598.977317 31557.399354 31624.550414 31612.589858 31604.777368 31621.535582 31719.653974 31712.044219 31704.261936 31598.912903 31434.621524 0.000000 0.000000
0.000000 0.000000 0.000000 0.000000 0.000000 0.000000 0.000000 0.000000 0.000000 0.000000 0.000000 0.000000 0.000000 0.000000 0.000000 0.000000 0.000000 0.000000 0.000000 0.000000 0.000000
0.000000 0.000000 0.000000 0.000000 0.000000 0.000000 0.000000 0.000000 0.000000 0.000000 0.000000 0.000000 0.000000 0.000000 0.000000 0.000000 0.000000 0.000000 0.000000 0.000000 0.000000