geotop/1.0zi/1.0Montebello/Templates/testdem/maps/_Erotot6505.asc
ncols         21
nrows         20
xllcorner     100.000000
yllcorner     100.000000
cellsize      50.000000
NODATA_value  -9999.0
0.000000 0.000000 0.000000 0.000000 0.000000 0.000000 0.000000 0.000000 0.000000 0.000000 0.000000 0.000000 0.000000 0.000000 0.000000 0.000000 0.000000 0.000000 0.000000 0.000000 0.000000
0.000000 0.000000 493.226647 494.086745 493.809069 494.106214 493.549079 493.608426 493.566623 493.732926 494.133936 493.438264 493.366064 493.457674 493.610272 493.518670 494.247857 494.447985 494.437111 0.000000 0.000000
0.000000 0.000000 37.195929 36.052989 36.133527 36.277465 36.532604 36.343576 36.156673 35.941039 36.188055 36.517770 36.334782 36.546745 36.421453 36.172304 34.858230 34.098206 34.789640 0.000000 0.000000
0.000000 0.000000 222.465291 225.289794 215.150251 212.741696 212.971672 207.782557 207.320134 206.834744 205.225631 203.188764 205.810480 203.684101 208.503468 214.524451 216.450354 217.863254 222.921299 0.000000 0.000000
0.000000 0.000000 2084.629706 2088.066881 2092.973882 2071.620896 2056.736959 2044.710776 2047.337470 2044.330912 2048.338501 2053.111945 2049.732566 2048.318266 2058.807354 2059.971727 2068.446974 2076.917443 2078.229541 0.000000 0.000000
0.000000 0.000000 3697.280332 3692.046312 3688.736162 3683.249967 3671.642654 3664.155109 3662.766947 3662.328653 3659.822152 3655.403863 3654.213973 3656.794227 3656.725857 3673.901273 3682.107576 3687.272954 3689.290594 0.000000 0.000000
0.000000 0.000000 4861.124283 4858.718759 4854.984493 4850.156076 4837.015119 4819.296321 4818.861183 4815.399406 4817.280112 4820.257592 4822.179087 4823.246341 4844.730606 4854.555359 4859.145450 4860.778080 4866.240363 0.000000 0.000000
0.000000 0.000000 5597.878504 5599.345328 5597.371185 5589.948080 5588.759124 5580.956570 5581.522978 5581.930980 5580.427478 5577.447399 5577.576779 5581.590354 5582.138882 5585.375256 5595.352354 5593.841813 5597.677616 0.000000 0.000000
0.000000 0.000000 6627.339608 6624.500216 6619.242446 6619.488750 6611.597715 6600.130486 6600.786394 6597.617335 6595.010746 6595.444737 6597.013667 6592.215724 6606.299565 6615.394954 6619.198298 6620.659863 6622.627768 0.000000 0.000000
0.000000 0.000000 7815.441620 7813.102318 7814.360720 7812.483038 7796.012815 7788.261699 7789.270416 7788.536854 7786.054326 7788.576907 7792.605375 7790.711638 7794.744869 7806.630745 7812.170622 7812.925783 7814.085224 0.000000 0.000000
0.000000 0.000000 9099.200903 9099.603287 9098.342494 9082.619379 9079.205680 9067.247679 9071.252616 9061.289176 9063.621948 9062.115399 9057.558975 9065.599628 9070.530246 9072.653906 9081.506184 9087.865154 9096.181380 0.000000 0.000000
0.000000 0.000000 10453.070155 10448.778559 10442.419691 10439.503778 10433.708318 10417.753415 10416.340506 10415.753323 10422.104025 10413.901064 10416.646063 10416.497757 10433.406575 10437.952830 10440.954398 10442.334076 10462.977301 0.000000 0.000000
0.000000 0.000000 11833.723010 11830.948263 11831.352628 11822.249158 11817.191367 11785.876706 11784.273930 11783.773583 11767.851692 11776.994372 11781.596461 11784.297964 11803.848648 11808.774218 11825.971558 11825.478193 11833.097531 0.000000 0.000000
0.000000 0.000000 13358.516115 13360.090611 13351.479654 13348.963405 13315.402828 13324.700874 13313.436685 13314.871751 13315.979127 13314.847820 13313.410399 13309.823346 13298.666677 13335.164300 13342.476036 13354.769970 13362.749130 0.000000 0.000000
0.000000 0.000000 15022.208760 15017.628599 15012.698361 14980.743523 14980.820854 14962.808409 14948.705352 14946.649007 14940.602950 14932.477954 14937.531482 14935.778216 14952.994922 14956.247788 15007.855244 14997.950259 14998.491540 0.000000 0.000000
0.000000 0.000000 16747.157490 16746.441909 16699.593869 16701.105955 16705.522048 16697.531869 16718.180620 16709.240930 16716.950428 16710.728090 16704.601724 16716.220443 16719.633479 16719.208236 16693.411634 16758.611149 16751.572526 0.000000 0.000000
0.000000 0.000000 18737.647727 18678.516480 18678.226881 18663.568169 18629.929997 18621.598321 18610.034654 18614.243009 18595.534907 18596.017976 18604.258437 18601.644072 18616.053662 18633.246012 18676.424241 18663.855845 18730.123554 0.000000 0.000000
0.000000 0.000000 20017.536005 20044.314204 20105.693898 20097.222148 20082.818350 20032.255496 20034.191797 20016.703090 20033.534203 20029.785250 20035.949007 20033.028801 20076.991332 20088.987241 20116.381983 20055.328646 20029.602658 0.000000 0.000000
0.000000 0.000000 0.000000 0.000000 0.000000 0.000000 0.000000 0.000000 0.000000 0.000000 0.000000 0.000000 0.000000 0.000000 0.000000 0.000000 0.000000 0.000000 0.000000 0.000000 0.000000
0.000000 0.000000 0.000000 0.000000 0.000000 0.000000 0.000000 0.000000 0.000000 0.000000 0.000000 0.000000 0.000000 0.000000 0.000000 0.000000 0.000000 0.000000 0.000000 0.000000 0.000000