geotop/1.0zi/1.0Montebello/Templates/testdem/maps/_Erotot9040.asc
ncols         21
nrows         20
xllcorner     100.000000
yllcorner     100.000000
cellsize      50.000000
NODATA_value  -9999.0
0.000000 0.000000 0.000000 0.000000 0.000000 0.000000 0.000000 0.000000 0.000000 0.000000 0.000000 0.000000 0.000000 0.000000 0.000000 0.000000 0.000000 0.000000 0.000000 0.000000 0.000000
0.000000 0.000000 719.131352 719.769102 719.199929 719.285895 718.267558 718.391791 718.474443 718.548628 718.929925 718.295870 718.185465 718.223646 718.630114 718.758412 719.582021 720.171175 720.330956 0.000000 0.000000
0.000000 0.000000 56.004930 55.021688 55.319237 55.252038 56.076171 55.750227 55.379100 55.245930 55.450088 55.779036 55.836850 55.954329 55.727466 55.123153 53.851625 53.005082 53.614837 0.000000 0.000000
0.000000 0.000000 429.752008 431.487884 418.436041 412.204446 411.633578 405.768704 410.763209 412.439487 408.489912 406.891486 410.308170 409.814687 418.305190 426.778574 430.588900 424.990178 432.262970 0.000000 0.000000
0.000000 0.000000 3937.278809 3930.816544 3928.467908 3894.261724 3869.944034 3858.100812 3850.565028 3843.310285 3851.952750 3858.762470 3857.152250 3852.123730 3871.813933 3876.306191 3892.005636 3903.111084 3903.286445 0.000000 0.000000
0.000000 0.000000 6027.710285 6022.318816 6017.171290 6019.298592 5997.253248 5984.040650 5988.776902 5988.489729 5984.152438 5978.022658 5976.277185 5980.449253 5980.605183 6005.619353 6006.944300 6013.065027 6015.371443 0.000000 0.000000
0.000000 0.000000 7448.666118 7442.989448 7439.600619 7428.657126 7419.863558 7387.022059 7387.362990 7384.752384 7384.473130 7388.798877 7389.337812 7390.298845 7423.172863 7428.997374 7437.343631 7439.753984 7444.761156 0.000000 0.000000
0.000000 0.000000 8850.654953 8848.015454 8843.771187 8831.525807 8825.601129 8821.934281 8822.622741 8820.620238 8820.846840 8816.659700 8815.440119 8822.826493 8821.143912 8829.768917 8843.973172 8839.987812 8846.116396 0.000000 0.000000
0.000000 0.000000 10660.586548 10655.386631 10648.007636 10645.257325 10630.014989 10611.128403 10613.860696 10609.678383 10606.600882 10606.150567 10608.907685 10602.675897 10626.762169 10640.757443 10642.207870 10644.208501 10647.737166 0.000000 0.000000
0.000000 0.000000 12759.161704 12751.489361 12750.173681 12743.462571 12719.914893 12708.916008 12708.231325 12706.864015 12702.931443 12707.301259 12710.271437 12709.901179 12717.232581 12736.004721 12743.594571 12745.842662 12745.037184 0.000000 0.000000
0.000000 0.000000 15083.743034 15081.083194 15077.728156 15049.465498 15043.115438 15022.438590 15030.562887 15013.285984 15019.246625 15015.438880 15007.784347 15018.636632 15033.084125 15036.592415 15051.673007 15055.142732 15070.101075 0.000000 0.000000
0.000000 0.000000 17655.710218 17645.638525 17630.626131 17627.576724 17611.169028 17588.135990 17586.161536 17589.133160 17595.235665 17582.328089 17589.375289 17587.270194 17613.678782 17626.263611 17626.645396 17630.347640 17655.593048 0.000000 0.000000
0.000000 0.000000 20378.914327 20368.432737 20371.507274 20347.779933 20338.365815 20271.318945 20268.657534 20267.456122 20238.030867 20256.990655 20259.282356 20266.463038 20316.029089 20324.781658 20354.860105 20351.851783 20358.715717 0.000000 0.000000
0.000000 0.000000 23595.641486 23596.617291 23574.673356 23567.095184 23478.163502 23518.069308 23497.751181 23499.118868 23512.665200 23500.755349 23499.461763 23488.375149 23450.541548 23549.996321 23552.280263 23576.668776 23589.847867 0.000000 0.000000
0.000000 0.000000 27191.748266 27176.207988 27159.873226 27056.579456 27098.355216 27041.655272 27019.203444 27014.445024 26992.200968 26980.406639 26990.743038 26991.455319 27049.723982 27009.344553 27155.254300 27116.360134 27109.600040 0.000000 0.000000
0.000000 0.000000 30739.002568 30731.953073 30591.498471 30660.250197 30646.921053 30648.542398 30718.590580 30697.031243 30731.516005 30723.187994 30697.604459 30732.910971 30720.916673 30735.653840 30574.252310 30789.379116 30779.812053 0.000000 0.000000
0.000000 0.000000 34532.905126 34359.908042 34438.496448 34363.784218 34275.564095 34254.482475 34190.767144 34209.243454 34147.353534 34155.797490 34190.513074 34155.727248 34202.427872 34257.745513 34432.791937 34278.627374 34460.006120 0.000000 0.000000
0.000000 0.000000 35396.776177 35558.281638 35681.646888 35686.264610 35700.077442 35588.224883 35614.813553 35575.511498 35640.362167 35628.776004 35620.587757 35636.677607 35724.568630 35717.185275 35701.992752 35606.223184 35445.152049 0.000000 0.000000
0.000000 0.000000 0.000000 0.000000 0.000000 0.000000 0.000000 0.000000 0.000000 0.000000 0.000000 0.000000 0.000000 0.000000 0.000000 0.000000 0.000000 0.000000 0.000000 0.000000 0.000000
0.000000 0.000000 0.000000 0.000000 0.000000 0.000000 0.000000 0.000000 0.000000 0.000000 0.000000 0.000000 0.000000 0.000000 0.000000 0.000000 0.000000 0.000000 0.000000 0.000000 0.000000