geotop/1.0zi/1.0Montebello/Templates/testdem/maps/_Erotot0725.asc
ncols         21
nrows         20
xllcorner     100.000000
yllcorner     100.000000
cellsize      50.000000
NODATA_value  -9999.0
0.000000 0.000000 0.000000 0.000000 0.000000 0.000000 0.000000 0.000000 0.000000 0.000000 0.000000 0.000000 0.000000 0.000000 0.000000 0.000000 0.000000 0.000000 0.000000 0.000000 0.000000
0.000000 0.000000 58.811933 58.812883 58.846420 58.817489 58.811092 58.812851 58.813619 58.811229 58.811434 58.811229 58.813619 58.812851 58.811092 58.817489 58.846420 58.812883 58.811933 0.000000 0.000000
0.000000 0.000000 6.437089 6.220033 4.447633 6.313228 6.479354 6.464297 6.480478 6.484745 6.484302 6.484745 6.480478 6.464297 6.479354 6.313228 4.447633 6.220033 6.437089 0.000000 0.000000
0.000000 0.000000 660.221309 659.788342 660.071810 657.772319 660.241092 660.082455 659.910192 660.190391 660.126099 660.190391 659.910192 660.082455 660.241092 657.772319 660.071810 659.788342 660.221309 0.000000 0.000000
0.000000 0.000000 1080.117301 1079.853740 1079.159880 1079.796156 1080.175387 1080.096773 1080.032413 1080.153981 1080.145952 1080.153981 1080.032413 1080.096773 1080.175387 1079.796156 1079.159880 1079.853740 1080.117301 0.000000 0.000000
0.000000 0.000000 1459.005304 1458.737997 1458.107521 1458.156755 1459.044143 1458.970130 1458.904059 1459.028547 1459.008430 1459.028547 1458.904059 1458.970130 1459.044143 1458.156755 1458.107521 1458.737997 1459.005304 0.000000 0.000000
0.000000 0.000000 1908.505372 1908.290390 1907.719661 1907.784510 1908.531348 1908.480018 1908.427464 1908.524514 1908.507197 1908.524514 1908.427464 1908.480018 1908.531348 1907.784510 1907.719661 1908.290390 1908.505372 0.000000 0.000000
0.000000 0.000000 2337.138651 2336.950089 2336.417999 2336.493683 2337.157501 2337.118398 2337.073007 2337.155142 2337.139625 2337.155142 2337.073007 2337.118398 2337.157501 2336.493683 2336.417999 2336.950089 2337.138651 0.000000 0.000000
0.000000 0.000000 2745.375753 2745.200444 2744.692826 2744.768889 2745.390662 2745.357558 2745.315729 2745.390145 2745.375328 2745.390145 2745.315729 2745.357558 2745.390662 2744.768889 2744.692826 2745.200444 2745.375753 0.000000 0.000000
0.000000 0.000000 3137.521017 3137.374938 3136.875112 3136.992538 3137.529741 3137.510017 3137.475852 3137.534678 3137.520227 3137.534678 3137.475852 3137.510017 3137.529741 3136.992538 3136.875112 3137.374938 3137.521017 0.000000 0.000000
0.000000 0.000000 3516.348274 3516.191967 3515.707953 3515.800575 3516.359212 3516.334463 3516.297792 3516.359689 3516.344623 3516.359689 3516.297792 3516.334463 3516.359212 3515.800575 3515.707953 3516.191967 3516.348274 0.000000 0.000000
0.000000 0.000000 3885.119020 3884.959399 3884.486621 3884.570507 3885.127288 3885.103182 3885.067183 3885.128602 3885.114787 3885.128602 3885.067183 3885.103182 3885.127288 3884.570507 3884.486621 3884.959399 3885.119020 0.000000 0.000000
0.000000 0.000000 4245.797042 4245.638921 4245.171198 4245.257173 4245.804244 4245.780198 4245.744884 4245.804679 4245.790821 4245.804679 4245.744884 4245.780198 4245.804244 4245.257173 4245.171198 4245.638921 4245.797042 0.000000 0.000000
0.000000 0.000000 4600.916118 4600.763788 4600.300020 4600.407821 4600.921943 4600.901707 4600.868839 4600.923597 4600.909611 4600.923597 4600.868839 4600.901707 4600.921943 4600.407821 4600.300020 4600.763788 4600.916118 0.000000 0.000000
0.000000 0.000000 4951.127965 4950.971708 4950.507666 4950.604482 4951.133739 4951.112206 4951.078402 4951.135021 4951.120430 4951.135021 4951.078402 4951.112206 4951.133739 4950.604482 4950.507666 4950.971708 4951.127965 0.000000 0.000000
0.000000 0.000000 5297.375848 5297.222011 5296.768308 5296.860032 5297.382334 5297.361817 5297.328433 5297.383572 5297.368372 5297.383572 5297.328433 5297.361817 5297.382334 5296.860032 5296.768308 5297.222011 5297.375845 0.000000 0.000000
0.000000 0.000000 5638.141736 5637.985040 5637.528636 5637.621634 5638.148314 5638.125472 5638.091598 5638.147982 5638.132392 5638.147982 5638.091598 5638.125472 5638.148314 5637.621634 5637.528636 5637.985027 5638.141386 0.000000 0.000000
0.000000 0.000000 5990.748429 5990.750580 5990.296335 5990.378472 5990.914818 5990.890856 5990.856425 5990.914377 5990.898626 5990.914377 5990.856425 5990.890856 5990.914818 5990.378472 5990.296321 5990.748459 5990.908078 0.000000 0.000000
0.000000 0.000000 0.000000 0.000000 0.000000 0.000000 0.000000 0.000000 0.000000 0.000000 0.000000 0.000000 0.000000 0.000000 0.000000 0.000000 0.000000 0.000000 0.000000 0.000000 0.000000
0.000000 0.000000 0.000000 0.000000 0.000000 0.000000 0.000000 0.000000 0.000000 0.000000 0.000000 0.000000 0.000000 0.000000 0.000000 0.000000 0.000000 0.000000 0.000000 0.000000 0.000000