geotop/1.0zi/1.0Montebello/Templates/testdem/maps/_Erotot6913.asc
ncols         21
nrows         20
xllcorner     100.000000
yllcorner     100.000000
cellsize      50.000000
NODATA_value  -9999.0
0.000000 0.000000 0.000000 0.000000 0.000000 0.000000 0.000000 0.000000 0.000000 0.000000 0.000000 0.000000 0.000000 0.000000 0.000000 0.000000 0.000000 0.000000 0.000000 0.000000 0.000000
0.000000 0.000000 561.190831 561.982209 561.634760 561.875496 561.262690 561.249974 561.250227 561.374171 561.784981 561.126050 561.015738 561.108720 561.380366 561.342276 562.078119 562.343950 562.406807 0.000000 0.000000
0.000000 0.000000 44.007247 42.872199 42.963472 43.106616 43.353477 43.184921 42.951341 42.781974 43.026573 43.297289 43.226507 43.450614 43.211168 43.005537 41.728641 40.941728 41.618561 0.000000 0.000000
0.000000 0.000000 224.905146 227.079763 216.083211 213.387986 213.255122 207.878741 207.229082 207.037118 206.146234 205.310288 207.379760 206.060928 212.603683 218.566383 219.462430 220.550468 225.772371 0.000000 0.000000
0.000000 0.000000 2355.393062 2358.494096 2361.768553 2341.535918 2326.964167 2313.546800 2316.663811 2312.427496 2317.979775 2323.508320 2318.903762 2317.310224 2329.560744 2332.145499 2340.300450 2348.233508 2350.281442 0.000000 0.000000
0.000000 0.000000 4127.568038 4121.926773 4118.895200 4112.047681 4099.190863 4091.649012 4090.165245 4090.184986 4086.720781 4081.179271 4080.060374 4083.194793 4082.815163 4100.568941 4109.153964 4115.506031 4117.365053 0.000000 0.000000
0.000000 0.000000 5297.251084 5294.403247 5290.435909 5285.193084 5271.934865 5253.742626 5253.326631 5249.365783 5251.218797 5255.129597 5256.691484 5257.169946 5280.706871 5290.331024 5294.506827 5296.343698 5301.857904 0.000000 0.000000
0.000000 0.000000 6135.383680 6136.339231 6133.866067 6125.749540 6124.637943 6116.497670 6117.038051 6117.162418 6116.211677 6113.132789 6112.446635 6117.568759 6118.279357 6121.867094 6132.408324 6130.407029 6135.137595 0.000000 0.000000
0.000000 0.000000 7280.480405 7276.912150 7271.227160 7271.836293 7263.040901 7250.581432 7251.487097 7247.780578 7245.655470 7246.139753 7248.114804 7242.475645 7258.199258 7270.643228 7271.172631 7273.485346 7275.173580 0.000000 0.000000
0.000000 0.000000 8597.651666 8594.848182 8595.750317 8593.246899 8575.981522 8568.016366 8568.519886 8567.840839 8565.395414 8568.678071 8571.845359 8570.498688 8575.297338 8587.398562 8593.507053 8594.326718 8595.657592 0.000000 0.000000
0.000000 0.000000 10025.610575 10025.010512 10023.196067 10006.399410 10003.144560 9989.795651 9994.522888 9983.271985 9986.657061 9985.825018 9979.776735 9988.229534 9994.703197 9996.901280 10006.861532 10012.618775 10022.319467 0.000000 0.000000
0.000000 0.000000 11540.130223 11534.009027 11527.706659 11524.960210 11517.938777 11501.327509 11499.273105 11498.963253 11506.071339 11497.281207 11500.164431 11499.958501 11518.306331 11524.336789 11526.177208 11528.520551 11549.911585 0.000000 0.000000
0.000000 0.000000 13094.537858 13091.202040 13091.195754 13081.433407 13076.201840 13040.670049 13039.156222 13038.465271 13021.372952 13031.430875 13035.876507 13038.959686 13062.585438 13068.397593 13086.317318 13085.376071 13093.408683 0.000000 0.000000
0.000000 0.000000 14829.010456 14831.128405 14821.025229 14817.787347 14778.806797 14790.284367 14778.046964 14779.203357 14782.750081 14780.804384 14779.084022 14775.174961 14760.678591 14804.632131 14810.233600 14824.978775 14833.627747 0.000000 0.000000
0.000000 0.000000 16734.120198 16727.687212 16721.717131 16682.538014 16685.500756 16665.861958 16649.822841 16647.979103 16640.433658 16632.746464 16636.623064 16634.722448 16657.453973 16657.624418 16717.981727 16705.694741 16705.216330 0.000000 0.000000
0.000000 0.000000 18720.867366 18719.130552 18661.544791 18668.195262 18673.210476 18663.847920 18690.045975 18678.784945 18689.951880 18683.294115 18675.551628 18689.861025 18692.506903 18692.589297 18655.478971 18735.846867 18729.328023 0.000000 0.000000
0.000000 0.000000 21046.713230 20969.609501 20974.792685 20954.937329 20912.946228 20903.920548 20887.123153 20892.613336 20869.602608 20871.312073 20881.508843 20875.828047 20894.637891 20918.491599 20973.529704 20949.382589 21033.159753 0.000000 0.000000
0.000000 0.000000 22409.597277 22455.577444 22534.664079 22526.928896 22515.415393 22450.432373 22454.375662 22433.071249 22457.639898 22453.110972 22457.372323 22456.669669 22512.851701 22523.890491 22548.795484 22472.809085 22428.687015 0.000000 0.000000
0.000000 0.000000 0.000000 0.000000 0.000000 0.000000 0.000000 0.000000 0.000000 0.000000 0.000000 0.000000 0.000000 0.000000 0.000000 0.000000 0.000000 0.000000 0.000000 0.000000 0.000000
0.000000 0.000000 0.000000 0.000000 0.000000 0.000000 0.000000 0.000000 0.000000 0.000000 0.000000 0.000000 0.000000 0.000000 0.000000 0.000000 0.000000 0.000000 0.000000 0.000000 0.000000