geotop/1.0zi/1.0Montebello/Templates/testdem/maps/_Erotot7699.asc
ncols         21
nrows         20
xllcorner     100.000000
yllcorner     100.000000
cellsize      50.000000
NODATA_value  -9999.0
0.000000 0.000000 0.000000 0.000000 0.000000 0.000000 0.000000 0.000000 0.000000 0.000000 0.000000 0.000000 0.000000 0.000000 0.000000 0.000000 0.000000 0.000000 0.000000 0.000000 0.000000
0.000000 0.000000 645.699391 646.521758 645.997926 646.128662 645.142820 645.325552 645.313344 645.376772 645.809195 645.134093 645.012283 645.065075 645.415659 645.545938 646.355588 646.877788 647.068730 0.000000 0.000000
0.000000 0.000000 50.234613 49.253629 49.187343 49.587595 50.220350 49.900747 49.605584 49.475625 49.708955 50.052489 50.076548 50.229245 49.986190 49.463898 48.178792 47.306302 47.827301 0.000000 0.000000
0.000000 0.000000 353.457490 354.629397 342.536822 336.876051 337.418175 326.097398 326.226886 327.031547 323.361742 321.614520 323.752518 323.894477 334.146712 341.155562 345.755553 348.691667 353.582482 0.000000 0.000000
0.000000 0.000000 3023.956148 3026.154401 3029.708430 3007.302437 2988.824212 2978.986799 2978.300493 2973.650306 2980.655888 2985.969483 2981.502468 2980.090137 2994.609504 2997.536147 3007.274842 3015.872369 3015.576014 0.000000 0.000000
0.000000 0.000000 4869.414689 4864.220245 4860.616191 4854.749963 4840.092227 4830.323913 4831.210733 4830.141003 4826.770315 4821.076099 4820.056828 4823.294008 4822.559008 4842.091134 4849.977018 4856.868852 4859.899455 0.000000 0.000000
0.000000 0.000000 6141.253900 6138.317363 6133.970335 6127.254856 6113.717945 6092.478832 6091.452065 6087.653342 6089.089581 6092.866887 6094.377171 6094.862716 6122.070065 6131.846604 6137.289894 6140.025736 6145.218520 0.000000 0.000000
0.000000 0.000000 7196.046590 7196.419415 7193.581365 7183.886734 7181.746123 7172.732457 7172.945161 7172.766425 7171.826103 7167.932851 7167.266704 7173.457216 7175.022629 7179.627255 7191.874396 7190.430019 7195.330154 0.000000 0.000000
0.000000 0.000000 8589.507738 8585.142198 8579.077154 8578.873303 8568.181205 8553.218776 8554.487164 8549.959276 8547.938488 8547.713464 8550.162941 8544.433538 8562.778781 8576.346513 8578.035238 8581.694183 8583.011782 0.000000 0.000000
0.000000 0.000000 10185.485321 10182.189474 10182.589049 10178.497282 10158.656730 10149.344292 10148.968517 10148.705595 10145.328968 10148.801729 10151.891410 10151.199495 10157.760226 10171.771323 10179.185138 10181.147574 10182.182425 0.000000 0.000000
0.000000 0.000000 11929.867249 11929.164026 11926.492182 11906.663470 11901.136039 11885.853062 11891.521288 11878.390582 11882.456364 11880.741487 11873.947810 11883.729439 11892.870621 11895.533770 11907.811142 11914.746326 11925.222721 0.000000 0.000000
0.000000 0.000000 13814.297429 13806.595275 13798.855957 13795.559967 13785.736016 13766.382030 13762.862380 13763.372951 13770.582728 13759.814708 13763.859754 13763.814253 13785.643051 13793.842796 13796.599762 13800.617315 13823.335868 0.000000 0.000000
0.000000 0.000000 15766.847839 15762.230496 15762.735851 15749.301518 15742.710390 15696.339508 15694.678015 15693.736288 15673.121690 15685.036738 15689.256681 15693.874377 15726.147991 15732.949562 15755.465465 15755.165369 15762.866581 0.000000 0.000000
0.000000 0.000000 17993.715791 17996.241519 17983.289632 17978.796544 17924.186138 17942.522399 17927.426341 17928.503022 17934.419870 17930.029829 17928.064983 17923.529752 17903.944718 17963.196624 17969.703244 17989.102088 17998.400850 0.000000 0.000000
0.000000 0.000000 20483.143112 20475.153834 20466.655989 20407.474827 20418.923043 20389.264247 20370.488599 20367.463891 20356.504598 20346.410693 20352.164074 20350.900684 20384.609970 20376.169735 20462.464327 20445.517319 20443.328672 0.000000 0.000000
0.000000 0.000000 23085.135339 23082.233968 22996.668568 23019.804789 23021.608230 23011.683566 23050.531974 23036.204821 23053.948341 23045.784212 23032.689592 23054.982900 23057.215161 23057.926899 22988.583729 23113.429314 23105.198932 0.000000 0.000000
0.000000 0.000000 26194.124130 26069.884882 26097.528747 26057.987272 25992.367070 25978.979106 25945.724401 25955.523260 25916.915415 25920.495707 25940.090937 25924.500172 25954.295932 25994.793140 26095.153533 26030.010431 26162.389514 0.000000 0.000000
0.000000 0.000000 27535.700993 27648.597748 27767.180710 27766.321383 27765.454825 27663.939549 27677.795127 27644.451262 27692.482844 27683.436779 27682.101607 27690.696434 27775.828113 27777.597686 27789.005893 27688.088100 27576.719565 0.000000 0.000000
0.000000 0.000000 0.000000 0.000000 0.000000 0.000000 0.000000 0.000000 0.000000 0.000000 0.000000 0.000000 0.000000 0.000000 0.000000 0.000000 0.000000 0.000000 0.000000 0.000000 0.000000
0.000000 0.000000 0.000000 0.000000 0.000000 0.000000 0.000000 0.000000 0.000000 0.000000 0.000000 0.000000 0.000000 0.000000 0.000000 0.000000 0.000000 0.000000 0.000000 0.000000 0.000000