geotop/1.0zi/1.0Montebello/Templates/testdem/maps/_Erotot2320.asc
ncols         21
nrows         20
xllcorner     100.000000
yllcorner     100.000000
cellsize      50.000000
NODATA_value  -9999.0
0.000000 0.000000 0.000000 0.000000 0.000000 0.000000 0.000000 0.000000 0.000000 0.000000 0.000000 0.000000 0.000000 0.000000 0.000000 0.000000 0.000000 0.000000 0.000000 0.000000 0.000000
0.000000 0.000000 216.126589 216.128110 216.136505 216.247759 216.117855 216.123321 216.103285 216.135875 216.537471 216.135875 216.103285 216.123321 216.117855 216.247759 216.136505 216.128110 216.126589 0.000000 0.000000
0.000000 0.000000 13.559061 13.338478 11.583369 13.311721 13.602992 13.588209 13.616457 13.589225 13.228025 13.589225 13.616457 13.588209 13.602992 13.311721 11.583369 13.338478 13.559061 0.000000 0.000000
0.000000 0.000000 1578.429211 1578.108382 1578.442893 1576.572936 1578.579911 1578.020733 1578.018404 1578.834957 1578.964781 1578.834957 1578.018404 1578.020733 1578.579911 1576.572936 1578.442893 1578.108382 1578.429211 0.000000 0.000000
0.000000 0.000000 3268.791788 3268.618371 3267.959079 3268.542948 3269.091519 3268.951709 3268.913934 3269.063613 3269.024294 3269.063613 3268.913934 3268.951709 3269.091519 3268.542948 3267.959079 3268.618371 3268.791788 0.000000 0.000000
0.000000 0.000000 4238.731194 4238.524002 4237.959739 4238.110239 4238.927539 4238.632227 4238.651797 4238.993136 4239.075685 4238.993136 4238.651797 4238.632227 4238.927539 4238.110239 4237.959739 4238.524002 4238.731194 0.000000 0.000000
0.000000 0.000000 5540.884606 5540.712101 5540.194295 5540.335496 5541.034490 5540.778838 5540.804055 5541.107342 5541.199883 5541.107342 5540.804055 5540.778838 5541.034490 5540.335496 5540.194295 5540.712101 5540.884606 0.000000 0.000000
0.000000 0.000000 6773.323013 6773.177981 6772.694753 6772.839137 6773.441432 6773.221223 6773.243820 6773.515891 6773.605346 6773.515891 6773.243820 6773.221223 6773.441432 6772.839137 6772.694753 6773.177981 6773.323013 0.000000 0.000000
0.000000 0.000000 7927.776613 7927.643543 7927.183500 7927.327957 7927.883168 7927.679638 7927.700863 7927.957288 7928.043494 7927.957288 7927.700863 7927.679638 7927.883168 7927.327957 7927.183500 7927.643543 7927.776613 0.000000 0.000000
0.000000 0.000000 9020.383629 9020.279226 9019.829137 9020.012930 9020.477535 9020.295155 9020.321083 9020.554889 9020.637358 9020.554889 9020.321083 9020.295155 9020.477535 9020.012930 9019.829137 9020.279226 9020.383629 0.000000 0.000000
0.000000 0.000000 10055.508249 10055.396924 10054.965987 10055.125805 10055.601567 10055.419538 10055.441344 10055.672201 10055.749923 10055.672201 10055.441344 10055.419538 10055.601567 10055.125805 10054.965987 10055.396924 10055.508249 0.000000 0.000000
0.000000 0.000000 11045.251579 11045.139686 11044.724065 11044.878140 11045.340139 11045.165253 11045.185818 11045.409441 11045.485841 11045.409441 11045.185818 11045.165253 11045.340139 11044.878140 11044.724065 11045.139686 11045.251579 0.000000 0.000000
0.000000 0.000000 11999.131145 11999.023866 11998.614116 11998.770017 11999.213068 11999.042390 11999.063059 11999.281195 11999.354780 11999.281195 11999.063059 11999.042390 11999.213068 11998.770017 11998.614116 11999.023866 11999.131145 0.000000 0.000000
0.000000 0.000000 12922.486855 12922.387271 12921.985958 12922.160928 12922.566571 12922.402363 12922.424671 12922.634814 12922.706524 12922.634814 12922.424671 12922.402363 12922.566571 12922.160928 12921.985958 12922.387271 12922.486855 0.000000 0.000000
0.000000 0.000000 13817.726418 13817.624931 13817.226417 13817.390588 13817.802040 13817.638913 13817.659881 13817.868682 13817.938463 13817.868682 13817.659881 13817.638913 13817.802040 13817.390588 13817.226417 13817.624931 13817.726418 0.000000 0.000000
0.000000 0.000000 14685.604005 14685.504594 14685.116829 14685.274390 14685.674064 14685.515483 14685.536286 14685.739945 14685.808353 14685.739945 14685.536286 14685.515483 14685.674064 14685.274390 14685.116829 14685.504594 14685.604001 0.000000 0.000000
0.000000 0.000000 15529.097207 15528.999182 15528.612691 15528.773617 15529.165256 15529.008193 15529.028429 15529.227796 15529.294168 15529.227796 15529.028429 15529.008193 15529.165256 15528.773617 15528.612691 15528.999160 15529.096741 0.000000 0.000000
0.000000 0.000000 16384.052144 16384.327377 16383.947051 16384.103827 16384.491925 16384.337683 16384.355973 16384.552340 16384.616048 16384.552340 16384.355973 16384.337683 16384.491925 16384.103827 16383.947032 16384.323873 16384.418783 0.000000 0.000000
0.000000 0.000000 0.000000 0.000000 0.000000 0.000000 0.000000 0.000000 0.000000 0.000000 0.000000 0.000000 0.000000 0.000000 0.000000 0.000000 0.000000 0.000000 0.000000 0.000000 0.000000
0.000000 0.000000 0.000000 0.000000 0.000000 0.000000 0.000000 0.000000 0.000000 0.000000 0.000000 0.000000 0.000000 0.000000 0.000000 0.000000 0.000000 0.000000 0.000000 0.000000 0.000000