geotop/1.0zi/1.0Montebello/Templates/testdem/maps/_Erotot0998.asc
ncols         21
nrows         20
xllcorner     100.000000
yllcorner     100.000000
cellsize      50.000000
NODATA_value  -9999.0
0.000000 0.000000 0.000000 0.000000 0.000000 0.000000 0.000000 0.000000 0.000000 0.000000 0.000000 0.000000 0.000000 0.000000 0.000000 0.000000 0.000000 0.000000 0.000000 0.000000 0.000000
0.000000 0.000000 120.904196 120.905513 120.940153 120.914896 120.898178 120.905541 120.906998 120.902247 120.902836 120.902247 120.906998 120.905541 120.898178 120.914896 120.940153 120.905513 120.904196 0.000000 0.000000
0.000000 0.000000 8.574289 8.355594 6.580286 8.438739 8.609135 8.601227 8.612233 8.617751 8.615831 8.617751 8.612233 8.601227 8.609135 8.438739 6.580286 8.355594 8.574289 0.000000 0.000000
0.000000 0.000000 885.561175 885.140205 885.436492 883.140065 885.508141 885.352619 885.230023 885.551168 885.581455 885.551168 885.230023 885.352619 885.508141 883.140065 885.436492 885.140205 885.561175 0.000000 0.000000
0.000000 0.000000 1534.776590 1534.507572 1533.793246 1534.442265 1534.888199 1534.751514 1534.707311 1534.815425 1534.779125 1534.815425 1534.707311 1534.751514 1534.888199 1534.442265 1533.793246 1534.507572 1534.776590 0.000000 0.000000
0.000000 0.000000 2035.938528 2035.668152 2035.025051 2035.086387 2035.969994 2035.876578 2035.832864 2035.959132 2035.963878 2035.959132 2035.832864 2035.876578 2035.969994 2035.086387 2035.025051 2035.668152 2035.938528 0.000000 0.000000
0.000000 0.000000 2646.217801 2645.997791 2645.407922 2645.486014 2646.232227 2646.167667 2646.137621 2646.240312 2646.242773 2646.240312 2646.137621 2646.167667 2646.232227 2645.486014 2645.407922 2645.997791 2646.217801 0.000000 0.000000
0.000000 0.000000 3226.136102 3225.943040 3225.393147 3225.480411 3226.137720 3226.091687 3226.068059 3226.156774 3226.159325 3226.156774 3226.068059 3226.091687 3226.137720 3225.480411 3225.393147 3225.943040 3226.136102 0.000000 0.000000
0.000000 0.000000 3777.043639 3776.864193 3776.339849 3776.426614 3777.040066 3777.001909 3776.981401 3777.062516 3777.064406 3777.062516 3776.981401 3777.001909 3777.040066 3776.426614 3776.339849 3776.864193 3777.043639 0.000000 0.000000
0.000000 0.000000 4305.672677 4305.522430 4305.007157 4305.133761 4305.661889 4305.638510 4305.624876 4305.690239 4305.691615 4305.690239 4305.624876 4305.638510 4305.661889 4305.133761 4305.007157 4305.522430 4305.672677 0.000000 0.000000
0.000000 0.000000 4813.740050 4813.579916 4813.081342 4813.182145 4813.731210 4813.703331 4813.686540 4813.754721 4813.754968 4813.754721 4813.686540 4813.703331 4813.731210 4813.182145 4813.081342 4813.579916 4813.740050 0.000000 0.000000
0.000000 0.000000 5305.590666 5305.427857 5304.941611 5305.033266 5305.577843 5305.551965 5305.535754 5305.603326 5305.604665 5305.603326 5305.535754 5305.551965 5305.577843 5305.033266 5304.941611 5305.427857 5305.590666 0.000000 0.000000
0.000000 0.000000 5787.498777 5787.338039 5786.857760 5786.950875 5787.484448 5787.459452 5787.443639 5787.509508 5787.510507 5787.509508 5787.443639 5787.459452 5787.484448 5786.950875 5786.857760 5787.338039 5787.498777 0.000000 0.000000
0.000000 0.000000 6260.012352 6259.857495 6259.382084 6259.495604 6259.995829 6259.975155 6259.961625 6260.022425 6260.023066 6260.022425 6259.961625 6259.975155 6259.995829 6259.495604 6259.382084 6259.857495 6260.012352 0.000000 0.000000
0.000000 0.000000 6725.160162 6725.001561 6724.527211 6724.629299 6725.143165 6725.121601 6725.106826 6725.169119 6725.169339 6725.169119 6725.106826 6725.121601 6725.143165 6724.629299 6724.527211 6725.001561 6725.160162 0.000000 0.000000
0.000000 0.000000 7183.879626 7183.723431 7183.259636 7183.356209 7183.862850 7183.842536 7183.828104 7183.888997 7183.888808 7183.888997 7183.828104 7183.842536 7183.862850 7183.356209 7183.259636 7183.723431 7183.879623 0.000000 0.000000
0.000000 0.000000 7634.308313 7634.150155 7633.685026 7633.782949 7634.291727 7634.269673 7634.254679 7634.316197 7634.315607 7634.316197 7634.254679 7634.269673 7634.291727 7633.782949 7633.685026 7634.150139 7634.308069 0.000000 0.000000
0.000000 0.000000 8104.294431 8104.377647 8103.915375 8104.002963 8104.518684 8104.495452 8104.480297 8104.543287 8104.542846 8104.543287 8104.480297 8104.495452 8104.518684 8104.002963 8103.915359 8104.375065 8104.535494 0.000000 0.000000
0.000000 0.000000 0.000000 0.000000 0.000000 0.000000 0.000000 0.000000 0.000000 0.000000 0.000000 0.000000 0.000000 0.000000 0.000000 0.000000 0.000000 0.000000 0.000000 0.000000 0.000000
0.000000 0.000000 0.000000 0.000000 0.000000 0.000000 0.000000 0.000000 0.000000 0.000000 0.000000 0.000000 0.000000 0.000000 0.000000 0.000000 0.000000 0.000000 0.000000 0.000000 0.000000