geotop/1.0zi/1.0Montebello/Templates/testdem/maps/_Erotot9514.asc
ncols         21
nrows         20
xllcorner     100.000000
yllcorner     100.000000
cellsize      50.000000
NODATA_value  -9999.0
0.000000 0.000000 0.000000 0.000000 0.000000 0.000000 0.000000 0.000000 0.000000 0.000000 0.000000 0.000000 0.000000 0.000000 0.000000 0.000000 0.000000 0.000000 0.000000 0.000000 0.000000
0.000000 0.000000 792.118537 792.214604 790.983565 790.520165 788.985717 788.493147 788.631604 788.656991 789.070885 788.451304 788.299944 788.337595 789.318496 789.966628 791.319056 792.558401 793.202029 0.000000 0.000000
0.000000 0.000000 59.382738 58.003121 58.354302 58.112964 58.828598 58.385062 57.989732 57.879459 58.048063 58.354421 58.437026 58.520782 58.414018 57.927867 56.839660 55.919492 56.791240 0.000000 0.000000
0.000000 0.000000 514.991067 518.742878 504.692054 499.089033 498.368623 490.702250 497.452059 499.543648 495.989733 496.237681 501.154364 500.506257 509.065059 517.656707 520.436070 518.749676 524.586862 0.000000 0.000000
0.000000 0.000000 4331.692186 4325.597943 4320.593479 4285.196154 4257.877346 4244.532958 4237.005370 4230.691926 4238.167461 4244.645520 4242.832317 4237.938106 4257.645791 4264.029358 4282.079957 4292.943503 4293.974817 0.000000 0.000000
0.000000 0.000000 6539.642719 6534.263898 6529.260218 6531.932736 6506.992781 6494.769046 6498.374432 6497.632497 6493.102364 6486.786961 6485.322380 6489.783316 6489.891131 6516.404246 6516.894120 6524.758618 6527.045681 0.000000 0.000000
0.000000 0.000000 8037.045978 8031.893024 8027.860666 8015.953981 8008.035238 7969.541700 7972.604989 7969.966078 7969.327801 7973.850669 7974.693088 7976.348358 8010.021133 8015.268783 8025.044612 8027.879342 8033.212264 0.000000 0.000000
0.000000 0.000000 9606.305897 9603.694501 9598.322551 9585.413642 9577.473508 9574.242661 9574.312100 9572.336679 9572.295052 9568.313341 9567.507215 9574.821312 9573.309973 9583.787443 9599.129788 9596.649677 9603.040994 0.000000 0.000000
0.000000 0.000000 11613.562926 11608.503362 11601.016701 11597.318810 11580.002536 11557.678442 11561.209369 11556.966132 11553.460298 11553.220193 11556.530717 11550.356926 11576.303216 11591.322618 11593.961109 11597.650211 11600.477574 0.000000 0.000000
0.000000 0.000000 13951.296927 13943.910006 13940.421577 13932.358379 13907.681393 13893.340063 13893.333772 13891.591245 13887.227830 13892.021146 13895.696743 13895.493479 13903.337585 13924.442542 13933.376252 13937.450907 13937.185604 0.000000 0.000000
0.000000 0.000000 16563.215662 16560.797299 16558.421316 16525.846822 16518.737334 16493.729732 16502.737842 16484.991783 16490.860053 16486.996035 16479.390471 16491.327944 16507.006323 16512.012923 16528.326194 16533.836613 16550.599261 0.000000 0.000000
0.000000 0.000000 19486.882880 19474.931132 19456.515249 19454.821358 19435.272486 19406.850745 19406.524411 19408.612772 19415.924112 19400.786300 19409.824209 19407.280120 19436.652012 19451.910024 19454.043142 19459.672059 19486.558588 0.000000 0.000000
0.000000 0.000000 22604.421970 22596.993328 22599.625868 22570.289394 22558.214800 22478.523893 22475.981614 22474.820174 22439.895904 22463.178493 22466.048422 22474.742513 22532.338187 22543.272719 22577.095716 22577.564008 22583.300748 0.000000 0.000000
0.000000 0.000000 26317.931020 26319.632109 26293.083523 26284.541400 26176.924252 26230.601346 26206.056675 26207.847759 26226.373629 26210.623518 26209.497877 26196.498183 26144.512823 26266.082356 26267.454144 26298.447788 26313.366784 0.000000 0.000000
0.000000 0.000000 30343.880067 30328.806723 30310.612732 30187.045262 30249.013352 30170.740587 30148.676266 30142.501373 30113.943984 30102.399693 30116.292525 30118.609070 30194.177896 30131.847969 30306.763310 30261.762652 30252.093728 0.000000 0.000000
0.000000 0.000000 33943.010454 33937.575608 33789.737723 33877.660700 33854.741637 33863.821881 33940.986444 33919.201221 33958.068598 33951.104586 33923.183141 33960.470721 33937.900697 33960.835889 33770.452709 34005.518273 33996.330571 0.000000 0.000000
0.000000 0.000000 37246.121904 37107.875009 37179.800349 37116.585352 37044.660623 37025.783990 36970.968297 36987.117696 36934.538615 36942.252672 36971.950308 36942.923306 36982.533153 37026.604882 37175.264564 37039.818282 37187.346394 0.000000 0.000000
0.000000 0.000000 38122.672376 38220.538899 38317.486273 38313.257759 38313.612019 38233.824840 38247.216861 38220.346009 38260.295772 38253.186683 38252.130745 38258.415706 38321.675457 38324.216641 38329.964443 38244.902079 38148.362536 0.000000 0.000000
0.000000 0.000000 0.000000 0.000000 0.000000 0.000000 0.000000 0.000000 0.000000 0.000000 0.000000 0.000000 0.000000 0.000000 0.000000 0.000000 0.000000 0.000000 0.000000 0.000000 0.000000
0.000000 0.000000 0.000000 0.000000 0.000000 0.000000 0.000000 0.000000 0.000000 0.000000 0.000000 0.000000 0.000000 0.000000 0.000000 0.000000 0.000000 0.000000 0.000000 0.000000 0.000000