geotop/1.0zi/1.0Montebello/Templates/testdem/maps/_Erotot4760.asc
ncols         21
nrows         20
xllcorner     100.000000
yllcorner     100.000000
cellsize      50.000000
NODATA_value  -9999.0
0.000000 0.000000 0.000000 0.000000 0.000000 0.000000 0.000000 0.000000 0.000000 0.000000 0.000000 0.000000 0.000000 0.000000 0.000000 0.000000 0.000000 0.000000 0.000000 0.000000 0.000000
0.000000 0.000000 353.717295 353.257339 353.039050 352.872349 352.872571 352.912930 352.949924 352.951247 352.940693 352.934484 352.940007 352.983740 352.872025 352.912331 353.109180 353.041984 353.159297 0.000000 0.000000
0.000000 0.000000 27.886030 28.440013 28.832071 29.931997 29.424450 29.518640 29.112323 29.024206 29.064965 29.398564 29.141367 28.941775 29.463969 29.170571 28.268837 27.678821 27.466607 0.000000 0.000000
0.000000 0.000000 136.144770 137.452618 130.364012 127.981916 129.143918 124.160888 123.422629 123.078188 122.208819 121.645663 122.658408 121.261120 123.957304 128.954083 129.530201 131.794660 134.390123 0.000000 0.000000
0.000000 0.000000 1352.170083 1356.265863 1361.466781 1344.293247 1333.203195 1325.171241 1327.668482 1321.877074 1326.079841 1330.161224 1330.525379 1331.002922 1340.356259 1339.312398 1344.758576 1350.503029 1352.377532 0.000000 0.000000
0.000000 0.000000 2645.068109 2639.432188 2635.551108 2632.438436 2626.210305 2622.988415 2620.313869 2622.023107 2621.606439 2619.007695 2615.379639 2617.266633 2617.147975 2630.107803 2634.286336 2634.360787 2637.231314 0.000000 0.000000
0.000000 0.000000 3393.885954 3389.250465 3384.469663 3380.587180 3369.678612 3354.294227 3355.610194 3352.002161 3355.140863 3354.465300 3357.345394 3359.644790 3374.204978 3383.431046 3389.721484 3393.463103 3397.012249 0.000000 0.000000
0.000000 0.000000 3917.355057 3917.453398 3918.065006 3913.516659 3911.617644 3906.792115 3907.461106 3907.594593 3905.187866 3906.164731 3905.171051 3904.404243 3907.797383 3911.304623 3913.446392 3912.882427 3914.126229 0.000000 0.000000
0.000000 0.000000 4579.573621 4579.231886 4576.535453 4574.163029 4569.378262 4560.681032 4560.919117 4558.927248 4559.497092 4560.156147 4559.539650 4560.582235 4566.045790 4574.026339 4574.125378 4575.629816 4579.372439 0.000000 0.000000
0.000000 0.000000 5362.774527 5360.811321 5360.923596 5356.881173 5347.732774 5342.587177 5344.172908 5343.101976 5343.261486 5343.313890 5342.589189 5341.398987 5349.053998 5355.951231 5358.281144 5359.325115 5360.725275 0.000000 0.000000
0.000000 0.000000 6192.558534 6190.520647 6188.990729 6186.662117 6183.532685 6172.819955 6173.108723 6170.433681 6170.612701 6171.676766 6170.865158 6171.192335 6176.557435 6179.553309 6184.405092 6186.502451 6189.602452 0.000000 0.000000
0.000000 0.000000 7056.561348 7055.607764 7053.023471 7046.055390 7040.836864 7032.566549 7031.568023 7031.011593 7031.193498 7030.385205 7030.304091 7030.665329 7040.090266 7046.335087 7049.815631 7051.013370 7068.123765 0.000000 0.000000
0.000000 0.000000 7926.683359 7924.560043 7922.203455 7919.161146 7911.177265 7891.490046 7891.733795 7889.788609 7889.770991 7890.421849 7889.163533 7890.145762 7906.891178 7915.362213 7918.695281 7920.239592 7922.672779 0.000000 0.000000
0.000000 0.000000 8856.512356 8853.193737 8850.897729 8846.748962 8826.142476 8834.195864 8828.276147 8827.176083 8827.661704 8828.030566 8827.098731 8827.377147 8821.775319 8841.202024 8845.217352 8850.561872 8850.520934 0.000000 0.000000
0.000000 0.000000 9850.289541 9845.279587 9840.403519 9826.800583 9823.438186 9806.850037 9798.598798 9796.721227 9792.473496 9792.177358 9793.642075 9791.819477 9803.402241 9811.944725 9834.360488 9829.969344 9831.435804 0.000000 0.000000
0.000000 0.000000 10843.220150 10842.565907 10820.706403 10823.665970 10822.145515 10820.903813 10823.784199 10823.647885 10826.623619 10826.417342 10823.523011 10829.304925 10827.341672 10826.683928 10815.274444 10840.475067 10845.278740 0.000000 0.000000
0.000000 0.000000 11970.544294 11944.586367 11935.725846 11927.234178 11911.430284 11904.713602 11902.901309 11901.861277 11898.094590 11898.451795 11899.120802 11896.794285 11902.139635 11919.607703 11933.722609 11934.526104 11960.580885 0.000000 0.000000
0.000000 0.000000 12802.144500 12805.629402 12828.458673 12818.127157 12810.737865 12785.832638 12784.055951 12781.017842 12782.962183 12782.737846 12781.416127 12783.542421 12807.293201 12816.734719 12829.101875 12801.907733 12803.978844 0.000000 0.000000
0.000000 0.000000 0.000000 0.000000 0.000000 0.000000 0.000000 0.000000 0.000000 0.000000 0.000000 0.000000 0.000000 0.000000 0.000000 0.000000 0.000000 0.000000 0.000000 0.000000 0.000000
0.000000 0.000000 0.000000 0.000000 0.000000 0.000000 0.000000 0.000000 0.000000 0.000000 0.000000 0.000000 0.000000 0.000000 0.000000 0.000000 0.000000 0.000000 0.000000 0.000000 0.000000