geotop/1.0zi/1.0Montebello/Templates/testdem/maps/_Erotot040+.asc
ncols         21
nrows         20
xllcorner     100.000000
yllcorner     100.000000
cellsize      50.000000
NODATA_value  -9999.0
0.000000 0.000000 0.000000 0.000000 0.000000 0.000000 0.000000 0.000000 0.000000 0.000000 0.000000 0.000000 0.000000 0.000000 0.000000 0.000000 0.000000 0.000000 0.000000 0.000000 0.000000
0.000000 0.000000 864.267059 864.395082 863.183487 862.757900 861.126328 860.613436 860.793591 860.783702 861.182731 860.624189 860.433131 860.473760 861.509830 862.107999 863.479703 864.670233 865.391324 0.000000 0.000000
0.000000 0.000000 61.904004 60.628019 61.006307 60.746297 61.589744 61.143665 60.707082 60.617383 60.806974 60.982925 61.174278 61.233140 61.080746 60.578472 59.568753 58.677193 59.396271 0.000000 0.000000
0.000000 0.000000 722.668214 729.198909 712.102136 702.520459 700.829194 692.075941 699.871432 701.407087 697.865724 699.667146 703.597461 702.670578 711.317207 722.911311 727.324509 725.378643 731.391102 0.000000 0.000000
0.000000 0.000000 5103.584794 5096.986547 5093.775866 5051.599730 5024.685602 5008.221933 5000.791963 4996.678069 5000.929232 5006.012051 5006.400530 5000.299544 5020.670146 5027.643922 5048.436634 5062.164495 5062.581056 0.000000 0.000000
0.000000 0.000000 7406.908063 7400.246295 7393.586354 7395.026476 7365.051072 7350.812720 7354.952983 7354.436018 7347.906838 7341.665933 7338.879392 7343.042278 7345.886487 7374.498215 7374.875440 7382.559995 7384.239405 0.000000 0.000000
0.000000 0.000000 9116.404111 9110.236868 9105.782466 9090.411323 9083.029439 9041.476423 9041.474623 9038.470065 9036.454850 9039.870232 9040.674196 9041.675393 9078.789984 9083.644737 9094.250071 9098.146712 9103.145161 0.000000 0.000000
0.000000 0.000000 11003.684187 10999.595653 10991.670998 10970.799559 10959.026613 10955.004450 10955.598083 10953.867363 10951.880578 10948.204576 10947.234444 10954.290854 10953.270088 10966.213992 10983.799490 10982.039772 10988.304933 0.000000 0.000000
0.000000 0.000000 13397.090137 13390.447798 13377.697337 13370.274035 13350.307849 13324.318024 13328.087577 13324.559825 13319.191075 13318.718339 13322.047656 13314.882903 13343.754887 13361.306791 13365.594341 13370.447803 13372.764047 0.000000 0.000000
0.000000 0.000000 16215.860397 16204.890396 16197.755103 16184.520050 16166.423693 16142.960060 16142.271375 16140.886717 16133.773529 16138.463957 16141.785338 16140.685373 16150.552267 16174.922811 16185.512317 16190.845626 16189.784827 0.000000 0.000000
0.000000 0.000000 19422.665302 19417.126754 19412.121333 19369.395122 19367.793831 19333.345691 19343.321643 19323.445271 19327.816238 19322.887581 19313.653426 19326.420417 19345.029721 19352.042572 19371.299685 19376.047328 19396.635265 0.000000 0.000000
0.000000 0.000000 23084.748499 23067.162080 23041.764748 23036.131102 23019.128548 22979.119835 22977.086552 22982.001932 22987.362633 22968.119348 22978.812781 22972.494031 23008.823422 23028.899007 23032.613378 23040.420129 23069.833961 0.000000 0.000000
0.000000 0.000000 26995.346856 26983.307581 26984.362435 26954.219739 26929.353131 26828.164383 26822.831511 26819.958992 26769.634904 26803.948866 26804.089739 26814.449129 26888.308996 26899.987800 26945.940839 26946.416941 26947.102880 0.000000 0.000000
0.000000 0.000000 31527.853841 31528.464710 31489.958212 31471.404248 31336.831976 31424.401709 31391.898798 31395.913522 31424.497374 31396.757722 31394.379282 31373.838157 31290.698196 31447.975420 31443.229146 31482.663689 31500.591845 0.000000 0.000000
0.000000 0.000000 35658.348897 35646.900761 35630.363162 35499.020864 35591.559276 35493.671223 35478.134765 35470.920548 35435.030611 35427.370609 35440.956845 35445.617327 35531.099119 35432.448468 35617.035122 35565.776964 35550.878328 0.000000 0.000000
0.000000 0.000000 38400.688660 38394.911098 38293.446796 38358.152658 38341.809993 38348.594409 38403.297393 38387.896044 38413.675327 38408.861749 38389.354353 38413.925734 38396.069447 38417.817691 38275.542749 38439.829757 38431.538891 0.000000 0.000000
0.000000 0.000000 40483.611936 40416.270064 40445.334337 40421.681160 40383.529222 40385.592528 40364.389264 40372.731971 40349.575813 40353.384914 40364.462564 40355.198881 40363.246127 40382.322370 40439.494098 40387.564220 40458.813313 0.000000 0.000000
0.000000 0.000000 41317.054191 41371.637367 41416.048711 41424.223542 41422.814123 41381.139307 41392.332269 41377.353353 41399.042547 41395.586704 41394.670018 41396.979226 41433.689573 41431.582330 41420.136049 41384.288307 41330.480570 0.000000 0.000000
0.000000 0.000000 0.000000 0.000000 0.000000 0.000000 0.000000 0.000000 0.000000 0.000000 0.000000 0.000000 0.000000 0.000000 0.000000 0.000000 0.000000 0.000000 0.000000 0.000000 0.000000
0.000000 0.000000 0.000000 0.000000 0.000000 0.000000 0.000000 0.000000 0.000000 0.000000 0.000000 0.000000 0.000000 0.000000 0.000000 0.000000 0.000000 0.000000 0.000000 0.000000 0.000000