geotop/1.0zi/1.0Montebello/Templates/testdem/maps/_Erotot5642.asc
ncols         21
nrows         20
xllcorner     100.000000
yllcorner     100.000000
cellsize      50.000000
NODATA_value  -9999.0
0.000000 0.000000 0.000000 0.000000 0.000000 0.000000 0.000000 0.000000 0.000000 0.000000 0.000000 0.000000 0.000000 0.000000 0.000000 0.000000 0.000000 0.000000 0.000000 0.000000 0.000000
0.000000 0.000000 423.978685 423.177976 422.995990 422.783831 422.742432 422.842137 422.792354 422.965927 422.874509 422.673454 422.613116 422.688142 422.797983 422.705619 422.902565 423.102525 423.520076 0.000000 0.000000
0.000000 0.000000 31.699288 32.359253 32.645505 33.810112 33.554576 33.314172 33.136446 32.913787 33.122927 33.474510 33.290093 33.049918 33.507247 33.275681 32.449877 31.616266 31.023807 0.000000 0.000000
0.000000 0.000000 183.507587 184.753356 177.120381 174.501399 176.020374 170.877378 170.397979 169.933869 169.252755 166.834680 169.561106 168.054877 171.163197 176.362899 176.313684 179.521096 182.953912 0.000000 0.000000
0.000000 0.000000 1764.362103 1769.198575 1775.377310 1757.210445 1742.149875 1731.333912 1734.105124 1731.483164 1734.935444 1739.486337 1735.624862 1733.166511 1743.525057 1742.909000 1750.093287 1757.150759 1758.148848 0.000000 0.000000
0.000000 0.000000 3140.341311 3134.325621 3131.584265 3127.335069 3119.770436 3112.646479 3110.975636 3110.922354 3110.196985 3107.877751 3105.402817 3107.682353 3106.736062 3121.765083 3126.624413 3129.889076 3132.519678 0.000000 0.000000
0.000000 0.000000 4146.634457 4144.132052 4141.137701 4136.749893 4123.938559 4107.920362 4108.054595 4104.667937 4106.398243 4109.168443 4111.058552 4112.065760 4131.415491 4140.591007 4145.343466 4146.999434 4152.175240 0.000000 0.000000
0.000000 0.000000 4782.790952 4784.204991 4783.458248 4777.274485 4776.854856 4769.980794 4770.595379 4771.008573 4769.833351 4767.470079 4767.126324 4770.565413 4770.247937 4772.424827 4780.617784 4778.867460 4781.883419 0.000000 0.000000
0.000000 0.000000 5625.473833 5622.872025 5619.019672 5620.160589 5613.752380 5603.549383 5604.090607 5601.521692 5599.149371 5600.386785 5601.512853 5596.233842 5608.887130 5616.449622 5618.452985 5619.260547 5620.679148 0.000000 0.000000
0.000000 0.000000 6601.577364 6599.276074 6601.629951 6601.171778 6586.700101 6579.923376 6581.416573 6580.565729 6578.611217 6581.746303 6584.608208 6582.880886 6585.637669 6595.445424 6599.152687 6599.329686 6600.016713 0.000000 0.000000
0.000000 0.000000 7653.713435 7653.967226 7654.312521 7640.433051 7638.035262 7627.660156 7631.261143 7622.346991 7624.820724 7623.950479 7619.231151 7626.304931 7630.170974 7631.099364 7637.568330 7643.344643 7650.513274 0.000000 0.000000
0.000000 0.000000 8750.730064 8746.301590 8741.733526 8740.211415 8736.542933 8722.182209 8721.350269 8720.486848 8727.137702 8720.253520 8722.159404 8721.552280 8736.280641 8739.012832 8740.337300 8740.827900 8759.861441 0.000000 0.000000
0.000000 0.000000 9858.869880 9857.035676 9858.231241 9851.091903 9847.289408 9822.092683 9820.993711 9820.720026 9806.762936 9815.574270 9819.359897 9821.125263 9835.840123 9839.225385 9852.780443 9852.133733 9858.946479 0.000000 0.000000
0.000000 0.000000 11071.473131 11072.918251 11066.479322 11065.613746 11040.049827 11047.955085 11037.886195 11039.322538 11040.517262 11040.215071 11038.683261 11035.238623 11025.269800 11052.642402 11057.865056 11068.137850 11074.992543 0.000000 0.000000
0.000000 0.000000 12375.745304 12370.876556 12368.341763 12346.658900 12346.060878 12331.429259 12319.037225 12317.627834 12312.985089 12307.060749 12309.980903 12308.077896 12321.837249 12325.362450 12363.618854 12355.213139 12355.377785 0.000000 0.000000
0.000000 0.000000 13710.294385 13709.758901 13677.295894 13676.227453 13681.177178 13673.735030 13689.933631 13682.633666 13688.201365 13683.896206 13678.973521 13686.726874 13690.038496 13689.346421 13670.716728 13717.674378 13710.851539 0.000000 0.000000
0.000000 0.000000 15220.129712 15181.340468 15179.165959 15170.708658 15147.398522 15141.282606 15133.899622 15136.959972 15124.238770 15124.544365 15128.933000 15129.009972 15139.347128 15148.612332 15177.252145 15172.605800 15216.744809 0.000000 0.000000
0.000000 0.000000 16290.576544 16300.486822 16341.693669 16335.394357 16321.546234 16287.830968 16288.925581 16275.841855 16286.507272 16284.756660 16290.395902 16285.338096 16314.376241 16325.620942 16347.947232 16305.714920 16295.504606 0.000000 0.000000
0.000000 0.000000 0.000000 0.000000 0.000000 0.000000 0.000000 0.000000 0.000000 0.000000 0.000000 0.000000 0.000000 0.000000 0.000000 0.000000 0.000000 0.000000 0.000000 0.000000 0.000000
0.000000 0.000000 0.000000 0.000000 0.000000 0.000000 0.000000 0.000000 0.000000 0.000000 0.000000 0.000000 0.000000 0.000000 0.000000 0.000000 0.000000 0.000000 0.000000 0.000000 0.000000