geotop/1.0zi/1.0Montebello/Templates/testdem/maps/_Erotot3258.asc
ncols         21
nrows         20
xllcorner     100.000000
yllcorner     100.000000
cellsize      50.000000
NODATA_value  -9999.0
0.000000 0.000000 0.000000 0.000000 0.000000 0.000000 0.000000 0.000000 0.000000 0.000000 0.000000 0.000000 0.000000 0.000000 0.000000 0.000000 0.000000 0.000000 0.000000 0.000000 0.000000
0.000000 0.000000 351.492714 351.495567 351.499123 351.617901 351.487193 351.491521 351.465362 351.505960 351.521126 351.505960 351.465362 351.491521 351.487193 351.617901 351.499123 351.495567 351.492714 0.000000 0.000000
0.000000 0.000000 11.494322 11.255666 9.498598 11.180305 11.492790 11.423282 11.537743 11.436699 11.803935 11.436699 11.537743 11.423282 11.492790 11.180305 9.498598 11.255666 11.494322 0.000000 0.000000
0.000000 0.000000 2588.869717 2588.499923 2588.657176 2586.822617 2588.669210 2588.201157 2588.168116 2588.972773 2589.114817 2588.972773 2588.168116 2588.201157 2588.669210 2586.822617 2588.657176 2588.499923 2588.869717 0.000000 0.000000
0.000000 0.000000 4859.652062 4859.473330 4858.801612 4859.379374 4859.915938 4859.776955 4859.761271 4859.863499 4859.887530 4859.863499 4859.761271 4859.776955 4859.915938 4859.379374 4858.801612 4859.473330 4859.652062 0.000000 0.000000
0.000000 0.000000 6298.213252 6297.988718 6297.375631 6297.510489 6298.286063 6298.006584 6298.045351 6298.329399 6298.554766 6298.329399 6298.045351 6298.006584 6298.286063 6297.510489 6297.375631 6297.988718 6298.213252 0.000000 0.000000
0.000000 0.000000 8116.184442 8115.994539 8115.434855 8115.554171 8116.215595 8115.977221 8116.018596 8116.263999 8116.487624 8116.263999 8116.018596 8115.977221 8116.215595 8115.554171 8115.434855 8115.994539 8116.184442 0.000000 0.000000
0.000000 0.000000 9799.141536 9798.980866 9798.466765 9798.589491 9799.149546 9798.947737 9798.987463 9799.203374 9799.404943 9799.203374 9798.987463 9798.947737 9799.149546 9798.589491 9798.466765 9798.980866 9799.141536 0.000000 0.000000
0.000000 0.000000 11350.512723 11350.367103 11349.883422 11350.004847 11350.515635 11350.333126 11350.368457 11350.568042 11350.757927 11350.568042 11350.368457 11350.333126 11350.515635 11350.004847 11349.883422 11350.367103 11350.512723 0.000000 0.000000
0.000000 0.000000 12793.896858 12793.781572 12793.316542 12793.474994 12793.896520 12793.735486 12793.772772 12793.951224 12794.124390 12793.951224 12793.772772 12793.735486 12793.896520 12793.474994 12793.316542 12793.781572 12793.896858 0.000000 0.000000
0.000000 0.000000 14138.175086 14138.055122 14137.616268 14137.750096 14138.178000 14138.019384 14138.052141 14138.228557 14138.391827 14138.228557 14138.052141 14138.019384 14138.178000 14137.750096 14137.616268 14138.055122 14138.175086 0.000000 0.000000
0.000000 0.000000 15408.125013 15408.010199 15407.599572 15407.728761 15408.142811 15407.992146 15408.020044 15408.195233 15408.348160 15408.195233 15408.020044 15407.992146 15408.142811 15407.728761 15407.599572 15408.010199 15408.125013 0.000000 0.000000
0.000000 0.000000 16611.239140 16611.131869 16610.732940 16610.863236 16611.255605 16611.110164 16611.136919 16611.307356 16611.451132 16611.307356 16611.136919 16611.110164 16611.255605 16610.863236 16610.732940 16611.131869 16611.239140 0.000000 0.000000
0.000000 0.000000 17761.743070 17761.645027 17761.260294 17761.407008 17761.761382 17761.623234 17761.650518 17761.813102 17761.949628 17761.813102 17761.650518 17761.623234 17761.761382 17761.407008 17761.260294 17761.645027 17761.743070 0.000000 0.000000
0.000000 0.000000 18861.000541 18860.902330 18860.528423 18860.663143 18861.022346 18860.886136 18860.910734 18861.072018 18861.201912 18861.072018 18860.910734 18860.886136 18861.022346 18860.663143 18860.528423 18860.902330 18861.000541 0.000000 0.000000
0.000000 0.000000 19913.218327 19913.122559 19912.761135 19912.888092 19913.232989 19913.102279 19913.126776 19913.281112 19913.406820 19913.281112 19913.126776 19913.102279 19913.232989 19912.888092 19912.761135 19913.122559 19913.218323 0.000000 0.000000
0.000000 0.000000 20924.399278 20924.306337 20923.951512 20924.082083 20924.413717 20924.286044 20924.310229 20924.460417 20924.578933 20924.460417 20924.310229 20924.286044 20924.413717 20924.082083 20923.951511 20924.306316 20924.399207 0.000000 0.000000
0.000000 0.000000 21948.142504 21948.586623 21948.240826 21948.367019 21948.689866 21948.566901 21948.589306 21948.734928 21948.849734 21948.734928 21948.589306 21948.566901 21948.689866 21948.367019 21948.240808 21948.583269 21948.672517 0.000000 0.000000
0.000000 0.000000 0.000000 0.000000 0.000000 0.000000 0.000000 0.000000 0.000000 0.000000 0.000000 0.000000 0.000000 0.000000 0.000000 0.000000 0.000000 0.000000 0.000000 0.000000 0.000000
0.000000 0.000000 0.000000 0.000000 0.000000 0.000000 0.000000 0.000000 0.000000 0.000000 0.000000 0.000000 0.000000 0.000000 0.000000 0.000000 0.000000 0.000000 0.000000 0.000000 0.000000