geotop/1.0zi/1.0Montebello/Templates/testdem/maps/_Erotot6673.asc
ncols         21
nrows         20
xllcorner     100.000000
yllcorner     100.000000
cellsize      50.000000
NODATA_value  -9999.0
0.000000 0.000000 0.000000 0.000000 0.000000 0.000000 0.000000 0.000000 0.000000 0.000000 0.000000 0.000000 0.000000 0.000000 0.000000 0.000000 0.000000 0.000000 0.000000 0.000000 0.000000
0.000000 0.000000 506.841907 507.652164 507.325600 507.584896 506.991717 507.001111 506.960563 507.123888 507.531694 506.872653 506.763480 506.856553 507.111455 507.054924 507.769109 508.014240 508.058131 0.000000 0.000000
0.000000 0.000000 38.653564 37.527084 37.622678 37.771125 38.013745 37.852512 37.668060 37.450756 37.684253 37.939936 37.827592 38.037488 37.799470 37.587889 36.334888 35.565109 36.240375 0.000000 0.000000
0.000000 0.000000 221.771530 224.598825 214.459943 212.052472 212.294469 207.126209 206.642063 206.175997 204.587225 202.627776 205.201637 203.082837 208.198684 214.058790 215.822276 217.208020 222.264083 0.000000 0.000000
0.000000 0.000000 2143.350583 2146.646211 2151.342168 2130.764174 2116.279550 2103.485373 2106.283767 2103.189853 2107.887336 2113.784705 2109.120262 2108.226151 2119.922934 2121.667201 2129.663829 2137.324094 2138.861463 0.000000 0.000000
0.000000 0.000000 3870.130182 3864.556770 3861.034519 3854.455406 3842.016945 3834.557030 3833.262974 3832.933118 3829.820716 3824.134171 3823.014182 3825.898454 3825.254559 3842.973485 3851.544930 3858.002397 3859.999078 0.000000 0.000000
0.000000 0.000000 5023.493522 5020.834594 5017.158811 5012.020353 4998.963229 4981.579132 4980.935918 4977.024418 4978.971173 4982.497634 4984.157013 4984.488907 5007.129634 5016.540484 5020.836073 5022.669511 5028.073876 0.000000 0.000000
0.000000 0.000000 5801.724421 5802.937593 5800.847044 5792.852309 5792.025795 5784.182159 5784.778345 5785.018448 5783.806922 5780.573384 5779.985480 5784.982592 5785.046089 5788.303923 5798.901381 5796.962716 5801.537519 0.000000 0.000000
0.000000 0.000000 6877.913889 6874.565870 6869.339019 6869.955083 6861.483800 6849.562454 6850.415898 6846.866609 6844.539324 6844.764054 6846.817120 6841.117188 6856.046366 6868.306131 6868.966938 6871.304561 6872.847617 0.000000 0.000000
0.000000 0.000000 8118.581450 8116.053552 8117.361470 8114.947010 8098.163466 8090.867174 8091.330380 8090.737062 8088.030376 8090.951164 8094.166478 8092.746725 8096.764380 8108.486188 8114.642283 8115.529494 8116.704665 0.000000 0.000000
0.000000 0.000000 9461.943444 9461.571551 9460.266759 9443.800893 9440.812266 9428.181714 9432.746954 9421.848923 9424.916803 9423.799190 9418.001157 9426.134642 9431.799376 9433.760282 9443.758007 9449.434462 9458.824176 0.000000 0.000000
0.000000 0.000000 10882.680051 10876.951805 10871.294588 10868.614992 10862.027041 10846.286512 10844.280794 10844.001080 10850.657914 10841.830945 10844.706878 10844.460011 10861.530060 10867.170493 10869.194579 10871.589089 10892.269710 0.000000 0.000000
0.000000 0.000000 12334.608551 12331.645856 12332.069317 12322.572311 12317.764572 12284.849135 12283.302397 12282.764164 12266.081316 12275.329129 12279.784178 12282.577859 12303.821282 12309.239897 12326.739813 12325.920181 12333.864974 0.000000 0.000000
0.000000 0.000000 13946.143182 13948.464626 13939.247191 13936.120504 13900.546860 13910.838694 13899.215031 13900.345623 13903.133166 13901.120466 13899.719315 13895.899710 13882.005557 13922.414335 13928.221234 13942.304484 13950.523206 0.000000 0.000000
0.000000 0.000000 15707.675390 15701.712699 15696.724724 15661.850432 15663.121398 15645.534081 15630.138881 15628.615312 15621.307450 15613.720850 15617.265052 15615.338537 15635.532028 15637.189595 15692.266681 15681.294630 15680.901279 0.000000 0.000000
0.000000 0.000000 17538.378093 17537.092417 17486.503391 17489.963325 17495.058971 17485.807728 17509.181660 17498.685936 17507.989205 17501.190443 17494.790375 17507.306766 17509.792292 17510.034112 17479.735271 17550.751264 17544.384811 0.000000 0.000000
0.000000 0.000000 19663.708574 19597.736463 19599.762548 19582.851462 19545.996627 19538.376882 19524.488903 19529.249521 19508.906474 19509.623928 19518.129209 19514.341899 19530.077878 19550.160249 19597.565161 19581.044700 19653.369489 0.000000 0.000000
0.000000 0.000000 20987.051193 21020.542131 21088.851592 21080.417177 21067.149276 21011.334547 21013.795166 20995.144400 21014.554110 21010.306940 21015.513754 21013.244622 21061.368051 21073.620183 21099.868873 21033.392351 21001.554090 0.000000 0.000000
0.000000 0.000000 0.000000 0.000000 0.000000 0.000000 0.000000 0.000000 0.000000 0.000000 0.000000 0.000000 0.000000 0.000000 0.000000 0.000000 0.000000 0.000000 0.000000 0.000000 0.000000
0.000000 0.000000 0.000000 0.000000 0.000000 0.000000 0.000000 0.000000 0.000000 0.000000 0.000000 0.000000 0.000000 0.000000 0.000000 0.000000 0.000000 0.000000 0.000000 0.000000 0.000000