geotop/1.0zi/1.0Montebello/Templates/testdem/maps/_Erotot6452.asc
ncols         21
nrows         20
xllcorner     100.000000
yllcorner     100.000000
cellsize      50.000000
NODATA_value  -9999.0
0.000000 0.000000 0.000000 0.000000 0.000000 0.000000 0.000000 0.000000 0.000000 0.000000 0.000000 0.000000 0.000000 0.000000 0.000000 0.000000 0.000000 0.000000 0.000000 0.000000 0.000000
0.000000 0.000000 492.819171 493.678808 493.402073 493.700000 493.143736 493.203850 493.162047 493.328350 493.729363 493.033683 492.961491 493.053100 493.204996 493.112495 493.840777 494.040050 494.029577 0.000000 0.000000
0.000000 0.000000 37.163189 36.021517 36.101967 36.244781 36.499775 36.310967 36.124062 35.908429 36.155440 36.485199 36.302170 36.514137 36.388617 36.139571 34.826745 34.066729 34.756945 0.000000 0.000000
0.000000 0.000000 222.443844 225.267477 215.128082 212.721265 212.951959 207.762518 207.300011 206.814196 205.204894 203.167112 205.788794 203.661961 208.480304 214.501164 216.427610 217.841079 222.900688 0.000000 0.000000
0.000000 0.000000 2084.828570 2088.263860 2093.161153 2071.732900 2056.750493 2044.796037 2047.438118 2044.460072 2048.323111 2053.059429 2049.748779 2048.324062 2058.757111 2059.920972 2068.458645 2076.992506 2078.264653 0.000000 0.000000
0.000000 0.000000 3661.811063 3656.590481 3653.324911 3648.222463 3637.319205 3629.413292 3627.951688 3627.453180 3625.626608 3622.481746 3620.032713 3622.799169 3624.603609 3641.664406 3647.701482 3652.364894 3654.621694 0.000000 0.000000
0.000000 0.000000 4830.953929 4828.552474 4824.817520 4819.993003 4806.835537 4789.263959 4788.825039 4785.353815 4787.213161 4790.011374 4792.152516 4793.222349 4814.246459 4824.061389 4828.983447 4830.616120 4836.077005 0.000000 0.000000
0.000000 0.000000 5559.415732 5560.889132 5558.922537 5551.601478 5550.597621 5542.733695 5543.285221 5543.676591 5542.331671 5539.678012 5539.508372 5543.570343 5544.528029 5547.721745 5557.162405 5555.517110 5559.407435 0.000000 0.000000
0.000000 0.000000 6576.498925 6573.670383 6568.426868 6568.794113 6561.126774 6549.602439 6550.238737 6547.055117 6544.629583 6545.464137 6546.661613 6541.924566 6556.496246 6565.534975 6568.683831 6569.987883 6572.026834 0.000000 0.000000
0.000000 0.000000 7750.577503 7748.250627 7749.516295 7747.764731 7731.538968 7723.729347 7724.719263 7723.966835 7721.675494 7724.626542 7728.248019 7726.418514 7730.979403 7742.793145 7747.640603 7748.230979 7749.458547 0.000000 0.000000
0.000000 0.000000 9018.793997 9019.205257 9017.955687 9002.395623 8999.231995 8987.217141 8991.198649 8981.240830 8983.763407 8982.719496 8977.743257 8985.825555 8991.325205 8993.386583 9001.488415 9007.660074 9016.042736 0.000000 0.000000
0.000000 0.000000 10355.268485 10350.996268 10344.669307 10341.899279 10336.381258 10320.383507 10318.961943 10318.355005 10324.884215 10317.202193 10319.472435 10319.393690 10336.861056 10341.328337 10343.545148 10344.744996 10365.415934 0.000000 0.000000
0.000000 0.000000 11717.148478 11714.395358 11714.802975 11705.869913 11701.106395 11670.021282 11668.406547 11667.896876 11652.258855 11661.874376 11665.964122 11668.711768 11688.659712 11693.501531 11709.799413 11709.119434 11716.838572 0.000000 0.000000
0.000000 0.000000 13219.867547 13221.445003 13212.888426 13210.533840 13177.732100 13186.769091 13175.564970 13176.971763 13178.263953 13177.720475 13175.765550 13172.271117 13161.959446 13197.907061 13204.306488 13216.323723 13224.374843 0.000000 0.000000
0.000000 0.000000 14858.036177 14853.470850 14848.607438 14817.443840 14817.637668 14799.675296 14785.641876 14783.599978 14777.850607 14770.405190 14774.806115 14773.141502 14790.989124 14794.316434 14844.194546 14834.208722 14834.887622 0.000000 0.000000
0.000000 0.000000 16554.882094 16554.191012 16508.275084 16509.687845 16514.406129 16506.261854 16526.577470 16517.694633 16525.494033 16519.974112 16513.353778 16524.849975 16529.165940 16528.727390 16502.532612 16566.238711 16559.382786 0.000000 0.000000
0.000000 0.000000 18510.547753 18452.921453 18452.388887 18438.253573 18405.562695 18397.177618 18385.897459 18390.003843 18371.922561 18373.069992 18380.398506 18378.086756 18393.218337 18409.911540 18451.052081 18438.904843 18503.763429 0.000000 0.000000
0.000000 0.000000 19776.257403 19801.750264 19861.638388 19853.327195 19839.132328 19789.453215 19791.243380 19774.053079 19790.613061 19787.662126 19793.190400 19790.207097 19834.242540 19846.276233 19872.498805 19812.520583 19788.193187 0.000000 0.000000
0.000000 0.000000 0.000000 0.000000 0.000000 0.000000 0.000000 0.000000 0.000000 0.000000 0.000000 0.000000 0.000000 0.000000 0.000000 0.000000 0.000000 0.000000 0.000000 0.000000 0.000000
0.000000 0.000000 0.000000 0.000000 0.000000 0.000000 0.000000 0.000000 0.000000 0.000000 0.000000 0.000000 0.000000 0.000000 0.000000 0.000000 0.000000 0.000000 0.000000 0.000000 0.000000