geotop/1.0zi/1.0Montebello/Templates/testdem/maps/_Erotot2728.asc
ncols         21
nrows         20
xllcorner     100.000000
yllcorner     100.000000
cellsize      50.000000
NODATA_value  -9999.0
0.000000 0.000000 0.000000 0.000000 0.000000 0.000000 0.000000 0.000000 0.000000 0.000000 0.000000 0.000000 0.000000 0.000000 0.000000 0.000000 0.000000 0.000000 0.000000 0.000000 0.000000
0.000000 0.000000 250.327495 250.330378 250.333793 250.455158 250.322169 250.326105 250.300565 250.343111 250.361280 250.343111 250.300565 250.326105 250.322169 250.455158 250.333793 250.330378 250.327495 0.000000 0.000000
0.000000 0.000000 13.265990 13.044608 11.293455 13.012826 13.307378 13.293957 13.327210 13.290482 13.271226 13.290482 13.327210 13.293957 13.307378 13.012826 11.293455 13.044608 13.265990 0.000000 0.000000
0.000000 0.000000 1907.840222 1907.518786 1907.855585 1905.981643 1907.985453 1907.427441 1907.420658 1908.255649 1908.460206 1908.255649 1907.420658 1907.427441 1907.985453 1905.981643 1907.855585 1907.518786 1907.840222 0.000000 0.000000
0.000000 0.000000 3886.790503 3886.620932 3885.963184 3886.554567 3887.096171 3886.954218 3886.920032 3887.072011 3887.024532 3887.072011 3886.920032 3886.954218 3887.096172 3886.554567 3885.963184 3886.620932 3886.790503 0.000000 0.000000
0.000000 0.000000 5052.711833 5052.507469 5051.949407 5052.098150 5052.905119 5052.612395 5052.631124 5052.977943 5053.087468 5052.977943 5052.631124 5052.612395 5052.905119 5052.098150 5051.949407 5052.507469 5052.711833 0.000000 0.000000
0.000000 0.000000 6590.629017 6590.459155 6589.949999 6590.087493 6590.776185 6590.523256 6590.547323 6590.855000 6590.970849 6590.855000 6590.547323 6590.523256 6590.776185 6590.087493 6589.949999 6590.459155 6590.629017 0.000000 0.000000
0.000000 0.000000 8034.508506 8034.366104 8033.893360 8034.033108 8034.624174 8034.407118 8034.428732 8034.703665 8034.812915 8034.703665 8034.428732 8034.407118 8034.624174 8034.033108 8033.893360 8034.366104 8034.508506 0.000000 0.000000
0.000000 0.000000 9374.095711 9373.965891 9373.518100 9373.657284 9374.199128 9373.999569 9374.019794 9374.277275 9374.380500 9374.277275 9374.019794 9373.999569 9374.199128 9373.657284 9373.518100 9373.965891 9374.095711 0.000000 0.000000
0.000000 0.000000 10632.495637 10632.394395 10631.958464 10632.135415 10632.586232 10632.408337 10632.433058 10632.666559 10632.763208 10632.666559 10632.433058 10632.408337 10632.586232 10632.135415 10631.958464 10632.394395 10632.495637 0.000000 0.000000
0.000000 0.000000 11815.675083 11815.567402 11815.152264 11815.304584 11815.764677 11815.588011 11815.608590 11815.838071 11815.928900 11815.838071 11815.608590 11815.588011 11815.764677 11815.304584 11815.152264 11815.567402 11815.675083 0.000000 0.000000
0.000000 0.000000 12942.182820 12942.075207 12941.676882 12941.823170 12942.267487 12942.098694 12942.118035 12942.339186 12942.427489 12942.339186 12942.118035 12942.098694 12942.267487 12941.823170 12941.676882 12942.075207 12942.182820 0.000000 0.000000
0.000000 0.000000 14021.195339 14021.093096 14020.702087 14020.849689 14021.273411 14021.109510 14021.128937 14021.343587 14021.427813 14021.343587 14021.128937 14021.109510 14021.273411 14020.849689 14020.702087 14021.093096 14021.195339 0.000000 0.000000
0.000000 0.000000 15058.845916 15058.751640 15058.370837 15058.536004 15058.921702 15058.764850 15058.785764 15058.991427 15059.072605 15058.991427 15058.785764 15058.764850 15058.921702 15058.536004 15058.370837 15058.751640 15058.845916 0.000000 0.000000
0.000000 0.000000 16058.293385 16058.197347 16057.821479 16057.975142 16058.365146 16058.210082 16058.229523 16058.432684 16058.511101 16058.432684 16058.229523 16058.210082 16058.365146 16057.975142 16057.821479 16058.197347 16058.293385 0.000000 0.000000
0.000000 0.000000 17022.689190 17022.595500 17022.231228 17022.378012 17022.755042 17022.605001 17022.624265 17022.821575 17022.897630 17022.821575 17022.624265 17022.605001 17022.755042 17022.378012 17022.231228 17022.595500 17022.689185 0.000000 0.000000
0.000000 0.000000 17954.551721 17954.459814 17954.098759 17954.248444 17954.615461 17954.467890 17954.486617 17954.678633 17954.751637 17954.678633 17954.486617 17954.467890 17954.615461 17954.248444 17954.098759 17954.459792 17954.551318 0.000000 0.000000
0.000000 0.000000 18895.780635 18896.113375 18895.759605 18895.905000 18896.266177 18896.122298 18896.139077 18896.327109 18896.397247 18896.327109 18896.139077 18896.122298 18896.266177 18895.905000 18895.759586 18896.109878 18896.198264 0.000000 0.000000
0.000000 0.000000 0.000000 0.000000 0.000000 0.000000 0.000000 0.000000 0.000000 0.000000 0.000000 0.000000 0.000000 0.000000 0.000000 0.000000 0.000000 0.000000 0.000000 0.000000 0.000000
0.000000 0.000000 0.000000 0.000000 0.000000 0.000000 0.000000 0.000000 0.000000 0.000000 0.000000 0.000000 0.000000 0.000000 0.000000 0.000000 0.000000 0.000000 0.000000 0.000000 0.000000