geotop/1.0zi/1.0Montebello/Templates/testdem/maps/_Erotot8596.asc
ncols         21
nrows         20
xllcorner     100.000000
yllcorner     100.000000
cellsize      50.000000
NODATA_value  -9999.0
0.000000 0.000000 0.000000 0.000000 0.000000 0.000000 0.000000 0.000000 0.000000 0.000000 0.000000 0.000000 0.000000 0.000000 0.000000 0.000000 0.000000 0.000000 0.000000 0.000000 0.000000
0.000000 0.000000 689.203368 690.021525 689.456352 689.548681 688.526260 688.682147 688.667979 688.744403 689.120041 688.495680 688.377555 688.425663 688.801552 688.958886 689.799221 690.351829 690.570451 0.000000 0.000000
0.000000 0.000000 53.714369 52.713198 52.974146 53.048441 53.688636 53.334982 53.040734 52.895725 53.116691 53.429715 53.496971 53.599336 53.436184 52.921231 51.644540 50.788461 51.311330 0.000000 0.000000
0.000000 0.000000 354.594640 355.655935 342.928865 337.684172 338.174397 326.872590 326.969612 327.800818 324.150103 322.343004 324.426038 324.699776 335.113102 342.402419 347.054384 350.056722 355.278836 0.000000 0.000000
0.000000 0.000000 3539.331470 3536.236932 3537.382021 3509.953000 3486.857852 3476.791875 3475.982104 3470.055881 3479.106654 3486.262567 3485.390655 3480.542077 3496.848664 3499.213978 3512.920975 3521.670225 3522.560833 0.000000 0.000000
0.000000 0.000000 5625.210877 5621.382485 5616.476599 5611.805496 5596.094880 5585.447963 5587.083894 5585.754517 5581.890389 5576.006533 5574.439539 5578.321821 5577.849474 5599.613551 5605.773836 5611.843561 5614.515409 0.000000 0.000000
0.000000 0.000000 6964.602438 6959.905205 6957.453428 6949.766782 6935.398452 6909.937989 6909.195162 6906.659630 6906.680137 6911.272199 6911.917470 6912.822709 6942.262188 6952.187859 6957.927664 6961.353591 6966.452520 0.000000 0.000000
0.000000 0.000000 8236.529762 8236.553115 8232.997204 8221.708523 8219.055338 8209.794345 8210.030502 8207.755852 8208.080770 8204.035665 8202.787492 8209.777834 8211.934630 8217.176538 8230.913992 8228.888370 8234.578475 0.000000 0.000000
0.000000 0.000000 9899.164412 9893.643673 9887.170241 9886.236351 9872.363254 9855.764632 9857.777498 9854.007969 9851.413647 9851.228869 9853.942871 9847.772069 9868.157591 9882.843210 9884.915150 9889.223435 9891.114095 0.000000 0.000000
0.000000 0.000000 11805.925038 11801.323572 11800.986629 11796.465758 11773.956164 11763.245558 11762.265134 11761.982419 11758.168357 11762.712284 11765.612659 11765.133023 11772.683000 11788.986055 11797.046522 11799.720613 11800.355391 0.000000 0.000000
0.000000 0.000000 13911.240677 13910.640780 13908.254779 13883.219468 13877.617747 13857.812227 13866.229676 13849.706434 13856.115840 13852.932551 13845.822805 13856.082290 13868.415968 13870.852062 13885.696429 13892.503980 13904.868927 0.000000 0.000000
0.000000 0.000000 16216.267564 16205.480906 16196.087493 16194.008628 16179.172543 16159.185190 16152.891052 16155.928747 16162.381856 16150.731423 16157.089664 16155.430908 16180.360627 16192.046450 16194.259397 16199.813585 16224.025227 0.000000 0.000000
0.000000 0.000000 18641.109369 18634.212200 18637.212772 18617.485409 18610.608655 18551.343565 18549.221997 18548.845833 18523.034541 18540.012620 18542.482661 18548.792833 18591.308727 18598.163443 18626.569719 18624.822241 18633.295762 0.000000 0.000000
0.000000 0.000000 21465.290775 21468.296621 21451.330079 21445.618473 21371.274300 21399.528318 21382.119007 21382.665194 21393.362391 21384.386066 21383.625551 21374.343713 21346.454270 21428.284607 21432.694002 21458.076151 21469.167731 0.000000 0.000000
0.000000 0.000000 24653.866366 24642.769623 24630.209484 24545.407752 24570.952921 24526.959055 24504.377217 24500.946203 24483.757405 24473.087481 24481.402831 24481.264939 24528.984537 24504.580091 24626.579640 24599.318794 24595.009808 0.000000 0.000000
0.000000 0.000000 27922.711601 27917.886753 27797.672539 27847.206487 27842.003934 27836.505308 27894.054521 27875.373968 27904.592184 27896.175992 27875.459663 27906.066113 27901.839137 27906.714986 27785.673263 27970.150821 27961.185186 0.000000 0.000000
0.000000 0.000000 31699.067765 31529.281437 31593.310240 31527.309075 31439.457105 31418.165601 31362.190454 31378.056437 31320.702014 31328.512043 31360.205725 31329.533739 31373.981257 31431.112349 31589.645750 31460.445163 31641.234639 0.000000 0.000000
0.000000 0.000000 32728.087193 32902.751752 33039.906544 33047.038886 33061.957144 32938.107136 32965.185310 32922.669675 32993.086636 32980.866121 32972.048847 32989.727314 33089.380097 33079.614303 33066.137577 32963.269321 32789.334995 0.000000 0.000000
0.000000 0.000000 0.000000 0.000000 0.000000 0.000000 0.000000 0.000000 0.000000 0.000000 0.000000 0.000000 0.000000 0.000000 0.000000 0.000000 0.000000 0.000000 0.000000 0.000000 0.000000
0.000000 0.000000 0.000000 0.000000 0.000000 0.000000 0.000000 0.000000 0.000000 0.000000 0.000000 0.000000 0.000000 0.000000 0.000000 0.000000 0.000000 0.000000 0.000000 0.000000 0.000000