geotop/1.0zi/1.0Montebello/Templates/testdem/maps/_Erotot8742.asc
ncols         21
nrows         20
xllcorner     100.000000
yllcorner     100.000000
cellsize      50.000000
NODATA_value  -9999.0
0.000000 0.000000 0.000000 0.000000 0.000000 0.000000 0.000000 0.000000 0.000000 0.000000 0.000000 0.000000 0.000000 0.000000 0.000000 0.000000 0.000000 0.000000 0.000000 0.000000 0.000000
0.000000 0.000000 700.119767 700.935163 700.366217 700.449784 699.433003 699.575042 699.568647 699.636923 700.019628 699.396210 699.277903 699.325230 699.698669 699.864520 700.708225 701.265932 701.486828 0.000000 0.000000
0.000000 0.000000 54.634150 53.573799 53.879622 53.857010 54.491214 54.153116 53.833558 53.667956 53.869179 54.184649 54.248693 54.362632 54.212805 53.695673 52.428420 51.610137 52.127123 0.000000 0.000000
0.000000 0.000000 422.407761 423.128389 409.221366 401.293487 399.993566 393.879602 393.880882 395.823856 392.376409 390.654794 394.043695 392.500737 403.347807 411.459841 416.531963 417.138140 424.257173 0.000000 0.000000
0.000000 0.000000 3750.457643 3747.424561 3748.569533 3721.874687 3699.238544 3687.172647 3686.486956 3680.321344 3689.400542 3696.428016 3695.230319 3691.102364 3706.925243 3709.404934 3723.444007 3733.006770 3733.554068 0.000000 0.000000
0.000000 0.000000 5825.809584 5821.904880 5816.940319 5812.010286 5795.836673 5785.254623 5786.873420 5785.560832 5781.744217 5775.805849 5774.198527 5778.212187 5778.167807 5800.192505 5806.313553 5812.359122 5815.024857 0.000000 0.000000
0.000000 0.000000 7211.504151 7206.672438 7203.913981 7195.638929 7181.061086 7155.757949 7154.992200 7152.597866 7152.675950 7157.215393 7157.967452 7158.831193 7188.644151 7198.766600 7204.737346 7208.134000 7213.450820 0.000000 0.000000
0.000000 0.000000 8547.483335 8547.351823 8543.512061 8531.518490 8528.549334 8519.583748 8519.858279 8517.705670 8518.126486 8513.976437 8512.853997 8519.845860 8522.310233 8527.850563 8541.860087 8539.648296 8545.635377 0.000000 0.000000
0.000000 0.000000 10283.175164 10277.405613 10270.529054 10268.908313 10254.507147 10238.504775 10240.535463 10236.891662 10234.358346 10234.091920 10237.006348 10230.681941 10251.386544 10266.494307 10268.792365 10272.968284 10275.154511 0.000000 0.000000
0.000000 0.000000 12274.807770 12269.946448 12269.271331 12263.901031 12240.683497 12230.508481 12229.509119 12229.448719 12225.666640 12230.197487 12233.349228 12232.746918 12240.628265 12257.458806 12265.874397 12268.357436 12269.306288 0.000000 0.000000
0.000000 0.000000 14480.169175 14479.359324 14476.515239 14450.085463 14444.102937 14424.736652 14433.379146 14416.652885 14423.351689 14419.968585 14412.866106 14423.304948 14436.010329 14438.700518 14454.064333 14460.803800 14473.813377 0.000000 0.000000
0.000000 0.000000 16904.427193 16893.036251 16882.903991 16880.048524 16864.321669 16844.838902 16838.207141 16841.858708 16848.601671 16836.425588 16843.375898 16841.321473 16867.245616 16879.671246 16882.073360 16887.378554 16912.757875 0.000000 0.000000
0.000000 0.000000 19462.184086 19454.867054 19457.698497 19436.199269 19428.786187 19366.998574 19364.914443 19364.717101 19337.589684 19355.576875 19358.321021 19364.843287 19410.085650 19417.501293 19447.450177 19445.253966 19453.768683 0.000000 0.000000
0.000000 0.000000 22456.436513 22459.425904 22440.922746 22434.233948 22353.249985 22387.132703 22368.559223 22369.619096 22382.088467 22371.812525 22371.105789 22360.818523 22329.650872 22418.413341 22422.482894 22449.122415 22461.263091 0.000000 0.000000
0.000000 0.000000 25831.100269 25819.086443 25805.562145 25711.259310 25742.707402 25694.843538 25671.645819 25668.135535 25649.128493 25637.922610 25647.621804 25647.564670 25700.624233 25670.237677 25803.529532 25772.409846 25767.675486 0.000000 0.000000
0.000000 0.000000 29234.040931 29228.998231 29098.796619 29157.308265 29149.035618 29147.969334 29210.933577 29191.848200 29224.656260 29216.296405 29193.426735 29226.340151 29218.617618 29225.828862 29087.644121 29288.633896 29279.953824 0.000000 0.000000
0.000000 0.000000 33047.180979 32873.190781 32945.700523 32873.808525 32783.996553 32763.441600 32702.689690 32720.200416 32659.720557 32668.112396 32702.373227 32668.564081 32714.831067 32773.671459 32943.608760 32799.533939 32985.630778 0.000000 0.000000
0.000000 0.000000 33967.518064 34141.944855 34274.776867 34282.001145 34297.857972 34177.912539 34205.691442 34163.915507 34234.421143 34222.202242 34213.094956 34230.979439 34327.653273 34317.228137 34301.274351 34202.779436 34029.100769 0.000000 0.000000
0.000000 0.000000 0.000000 0.000000 0.000000 0.000000 0.000000 0.000000 0.000000 0.000000 0.000000 0.000000 0.000000 0.000000 0.000000 0.000000 0.000000 0.000000 0.000000 0.000000 0.000000
0.000000 0.000000 0.000000 0.000000 0.000000 0.000000 0.000000 0.000000 0.000000 0.000000 0.000000 0.000000 0.000000 0.000000 0.000000 0.000000 0.000000 0.000000 0.000000 0.000000 0.000000