geotop/1.0zi/1.0Montebello/Templates/testdem/maps/_Erotot2464.asc
ncols         21
nrows         20
xllcorner     100.000000
yllcorner     100.000000
cellsize      50.000000
NODATA_value  -9999.0
0.000000 0.000000 0.000000 0.000000 0.000000 0.000000 0.000000 0.000000 0.000000 0.000000 0.000000 0.000000 0.000000 0.000000 0.000000 0.000000 0.000000 0.000000 0.000000 0.000000 0.000000
0.000000 0.000000 236.455495 236.457790 236.463325 236.580221 236.448663 236.453284 236.430092 236.468201 236.467329 236.468201 236.430092 236.453284 236.448663 236.580221 236.463325 236.457790 236.455495 0.000000 0.000000
0.000000 0.000000 13.773622 13.552344 11.799809 13.523259 13.816033 13.801959 13.833147 13.801520 13.801204 13.801520 13.833147 13.801959 13.816033 13.523259 11.799809 13.552344 13.773622 0.000000 0.000000
0.000000 0.000000 1719.744159 1719.423257 1719.759349 1717.889609 1719.895895 1719.336227 1719.333654 1720.156446 1720.299607 1720.156446 1719.333654 1719.336227 1719.895895 1717.889609 1719.759349 1719.423257 1719.744159 0.000000 0.000000
0.000000 0.000000 3526.610448 3526.438921 3525.776797 3526.367616 3526.912976 3526.774036 3526.736125 3526.886377 3526.850156 3526.886377 3526.736125 3526.774036 3526.912976 3526.367616 3525.776797 3526.438921 3526.610448 0.000000 0.000000
0.000000 0.000000 4571.228664 4571.022597 4570.460144 4570.612018 4571.425279 4571.131069 4571.150513 4571.493943 4571.580763 4571.493943 4571.150513 4571.131069 4571.425279 4570.612018 4570.460144 4571.022597 4571.228664 0.000000 0.000000
0.000000 0.000000 5960.030980 5959.859522 5959.344444 5959.486098 5960.181261 5959.926685 5959.951638 5960.256751 5960.352703 5960.256751 5959.951638 5959.926685 5960.181261 5959.486098 5959.344444 5959.859522 5960.030980 0.000000 0.000000
0.000000 0.000000 7270.206282 7270.062302 7269.582512 7269.726848 7270.325002 7270.106016 7270.128412 7270.401794 7270.493856 7270.401794 7270.128412 7270.106016 7270.325002 7269.726848 7269.582512 7270.062302 7270.206282 0.000000 0.000000
0.000000 0.000000 8492.431229 8492.299470 8491.843553 8491.987627 8492.537876 8492.335873 8492.356879 8492.614006 8492.702205 8492.614006 8492.356879 8492.335873 8492.537876 8491.987627 8491.843553 8492.299470 8492.431229 0.000000 0.000000
0.000000 0.000000 9645.230679 9645.127541 9644.682329 9644.865016 9645.324547 9645.143879 9645.169501 9645.403512 9645.487212 9645.403512 9645.169501 9645.143879 9645.324547 9644.865016 9644.682329 9645.127541 9645.230679 0.000000 0.000000
0.000000 0.000000 10733.413344 10733.303474 10732.878035 10733.036452 10733.506429 10733.326444 10733.347947 10733.578717 10733.657584 10733.578717 10733.347947 10733.326444 10733.506429 10733.036452 10732.878035 10733.303474 10733.413344 0.000000 0.000000
0.000000 0.000000 11772.385623 11772.275430 11771.865881 11772.018375 11772.473812 11772.301234 11772.321496 11772.544689 11772.622042 11772.544689 11772.321496 11772.301234 11772.473812 11772.018375 11771.865881 11772.275430 11772.385623 0.000000 0.000000
0.000000 0.000000 12771.063852 12770.958559 12770.555433 12770.709470 12771.145347 12770.977227 12770.997588 12771.214948 12771.289148 12771.214948 12770.997588 12770.977227 12771.145347 12770.709470 12770.555433 12770.958559 12771.063852 0.000000 0.000000
0.000000 0.000000 13734.602777 13734.505270 13734.111242 13734.283773 13734.682063 13734.520617 13734.542568 13734.751695 13734.823880 13734.751695 13734.542568 13734.520617 13734.682063 13734.283773 13734.111242 13734.505270 13734.602777 0.000000 0.000000
0.000000 0.000000 14667.266048 14667.166677 14666.776266 14666.937712 14667.341250 14667.181145 14667.201705 14667.409121 14667.479266 14667.409121 14667.201705 14667.181145 14667.341250 14666.937712 14666.776266 14667.166677 14667.266048 0.000000 0.000000
0.000000 0.000000 15570.111072 15570.013877 15569.634502 15569.789199 15570.180511 15570.025115 15570.045503 15570.247548 15570.316074 15570.247548 15570.045503 15570.025115 15570.180511 15569.789199 15569.634502 15570.013877 15570.111067 0.000000 0.000000
0.000000 0.000000 16445.993529 16445.897935 16445.520605 16445.678463 16446.060970 16445.907467 16445.927311 16446.124751 16446.191166 16446.124751 16445.927311 16445.907467 16446.060970 16445.678463 16445.520604 16445.897913 16445.993154 0.000000 0.000000
0.000000 0.000000 17334.777726 17335.091569 17334.720817 17334.874468 17335.252528 17335.102177 17335.120074 17335.314214 17335.378032 17335.314214 17335.120074 17335.102177 17335.252528 17334.874468 17334.720798 17335.088070 17335.180453 0.000000 0.000000
0.000000 0.000000 0.000000 0.000000 0.000000 0.000000 0.000000 0.000000 0.000000 0.000000 0.000000 0.000000 0.000000 0.000000 0.000000 0.000000 0.000000 0.000000 0.000000 0.000000 0.000000
0.000000 0.000000 0.000000 0.000000 0.000000 0.000000 0.000000 0.000000 0.000000 0.000000 0.000000 0.000000 0.000000 0.000000 0.000000 0.000000 0.000000 0.000000 0.000000 0.000000 0.000000