geotop/1.0zi/1.0Montebello/Templates/testdem/maps/_Erotot1750.asc
ncols         21
nrows         20
xllcorner     100.000000
yllcorner     100.000000
cellsize      50.000000
NODATA_value  -9999.0
0.000000 0.000000 0.000000 0.000000 0.000000 0.000000 0.000000 0.000000 0.000000 0.000000 0.000000 0.000000 0.000000 0.000000 0.000000 0.000000 0.000000 0.000000 0.000000 0.000000 0.000000
0.000000 0.000000 187.817329 187.819301 187.855756 187.839961 187.807213 187.819636 187.821662 187.814067 187.815127 187.814067 187.821662 187.819636 187.807213 187.839961 187.855756 187.819301 187.817329 0.000000 0.000000
0.000000 0.000000 10.116342 9.896014 8.117885 9.967007 10.162074 10.141736 10.150807 10.160880 10.158389 10.160880 10.150807 10.141736 10.162074 9.967007 8.117885 9.896014 10.116342 0.000000 0.000000
0.000000 0.000000 1322.521953 1322.310566 1322.505614 1320.552423 1322.826403 1322.411410 1322.359485 1322.951668 1322.906705 1322.951668 1322.359485 1322.411410 1322.826403 1320.552423 1322.505614 1322.310566 1322.521953 0.000000 0.000000
0.000000 0.000000 2546.766987 2546.554608 2545.956521 2546.648246 2547.104596 2546.909320 2546.864434 2547.016641 2546.970254 2547.016641 2546.864434 2546.909320 2547.104596 2546.648246 2545.956521 2546.554608 2546.766987 0.000000 0.000000
0.000000 0.000000 3330.844590 3330.676552 3330.070381 3330.274375 3331.162565 3330.915981 3330.889003 3331.126236 3331.102337 3331.126236 3330.889003 3330.915981 3331.162565 3330.274375 3330.070381 3330.676552 3330.844590 0.000000 0.000000
0.000000 0.000000 4348.658361 4348.523441 4347.962359 4348.160267 4348.921525 4348.711277 4348.695140 4348.891436 4348.871346 4348.891436 4348.695140 4348.711277 4348.921525 4348.160267 4347.962359 4348.523441 4348.658361 0.000000 0.000000
0.000000 0.000000 5314.325823 5314.214467 5313.688104 5313.882274 5314.547413 5314.367720 5314.353666 5314.525043 5314.505978 5314.525043 5314.353666 5314.367720 5314.547413 5313.882274 5313.688104 5314.214467 5314.325823 0.000000 0.000000
0.000000 0.000000 6225.088346 6224.985389 6224.481452 6224.668805 6225.290947 6225.124164 6225.111819 6225.273674 6225.256060 6225.273674 6225.111819 6225.124164 6225.290947 6224.668805 6224.481452 6224.985389 6225.088346 0.000000 0.000000
0.000000 0.000000 7091.964232 7091.888006 7091.392578 7091.614832 7092.148922 7092.000951 7091.995526 7092.139115 7092.121503 7092.139115 7091.995526 7092.000951 7092.148922 7091.614832 7091.392578 7091.888006 7091.964232 0.000000 0.000000
0.000000 0.000000 7919.125930 7919.040356 7918.561697 7918.756098 7919.306120 7919.156605 7919.148241 7919.293125 7919.274651 7919.293125 7919.148241 7919.156605 7919.306120 7918.756098 7918.561697 7919.040356 7919.125930 0.000000 0.000000
0.000000 0.000000 8715.323332 8715.235423 8714.770597 8714.954543 8715.494768 8715.349872 8715.342308 8715.484592 8715.467355 8715.484592 8715.342308 8715.349872 8715.494768 8714.954543 8714.770597 8715.235423 8715.323332 0.000000 0.000000
0.000000 0.000000 9488.666326 9488.581154 9488.120665 9488.304671 9488.829424 9488.687451 9488.680520 9488.819840 9488.802100 9488.819840 9488.680520 9488.687451 9488.829424 9488.304671 9488.120665 9488.581154 9488.666326 0.000000 0.000000
0.000000 0.000000 10240.056183 10239.977593 10239.523519 10239.725810 10240.214956 10240.078005 10240.073575 10240.207513 10240.189393 10240.207513 10240.073575 10240.078005 10240.214956 10239.725810 10239.523519 10239.977593 10240.056183 0.000000 0.000000
0.000000 0.000000 10973.614079 10973.532626 10973.078475 10973.269160 10973.767101 10973.630090 10973.624679 10973.759705 10973.741210 10973.759705 10973.624679 10973.630090 10973.767101 10973.269160 10973.078475 10973.532626 10973.614079 0.000000 0.000000
0.000000 0.000000 11690.718639 11690.638225 11690.193946 11690.376728 11690.865081 11690.731655 11690.726425 11690.858109 11690.839890 11690.858109 11690.726425 11690.731655 11690.865081 11690.376728 11690.193946 11690.638225 11690.718635 0.000000 0.000000
0.000000 0.000000 12391.037027 12390.957267 12390.511660 12390.697104 12391.180620 12391.046618 12391.041312 12391.171381 12391.152383 12391.171381 12391.041312 12391.046618 12391.180620 12390.697104 12390.511660 12390.957247 12391.036645 0.000000 0.000000
0.000000 0.000000 13108.153178 13108.401452 13107.962430 13108.139305 13108.622958 13108.488361 13108.483160 13108.614755 13108.595641 13108.614755 13108.483160 13108.488361 13108.622958 13108.139305 13107.962411 13108.398147 13108.477565 0.000000 0.000000
0.000000 0.000000 0.000000 0.000000 0.000000 0.000000 0.000000 0.000000 0.000000 0.000000 0.000000 0.000000 0.000000 0.000000 0.000000 0.000000 0.000000 0.000000 0.000000 0.000000 0.000000
0.000000 0.000000 0.000000 0.000000 0.000000 0.000000 0.000000 0.000000 0.000000 0.000000 0.000000 0.000000 0.000000 0.000000 0.000000 0.000000 0.000000 0.000000 0.000000 0.000000 0.000000