geotop/1.0zi/1.0Montebello/Templates/testdem/maps/_Erotot1657.asc
ncols         21
nrows         20
xllcorner     100.000000
yllcorner     100.000000
cellsize      50.000000
NODATA_value  -9999.0
0.000000 0.000000 0.000000 0.000000 0.000000 0.000000 0.000000 0.000000 0.000000 0.000000 0.000000 0.000000 0.000000 0.000000 0.000000 0.000000 0.000000 0.000000 0.000000 0.000000 0.000000
0.000000 0.000000 183.991331 183.993259 184.029600 184.013293 183.981507 183.993562 183.995552 183.988156 183.989179 183.988156 183.995552 183.993562 183.981507 184.013293 184.029600 183.993259 183.991331 0.000000 0.000000
0.000000 0.000000 9.684292 9.463942 7.685814 9.535497 9.729552 9.709726 9.718657 9.728578 9.726134 9.728578 9.718657 9.709726 9.729552 9.535497 7.685814 9.463942 9.684292 0.000000 0.000000
0.000000 0.000000 1313.132609 1312.921025 1313.111318 1311.157736 1313.439047 1313.022841 1312.972151 1313.565701 1313.520867 1313.565701 1312.972151 1313.022841 1313.439047 1311.157736 1313.111318 1312.921025 1313.132609 0.000000 0.000000
0.000000 0.000000 2447.837598 2447.625299 2447.029046 2447.721856 2448.176465 2447.980353 2447.936161 2448.088926 2448.042510 2448.088926 2447.936161 2447.980353 2448.176465 2447.721856 2447.029046 2447.625299 2447.837598 0.000000 0.000000
0.000000 0.000000 3213.156542 3212.988180 3212.380664 3212.583717 3213.476525 3213.228656 3213.202638 3213.441138 3213.417299 3213.441138 3213.202638 3213.228656 3213.476525 3212.583717 3212.380664 3212.988180 3213.156542 0.000000 0.000000
0.000000 0.000000 4190.913518 4190.778219 4190.215359 4190.412643 4191.178531 4190.966994 4190.951675 4191.149245 4191.129198 4191.149245 4190.951675 4190.966994 4191.178531 4190.412643 4190.215359 4190.778219 4190.913518 0.000000 0.000000
0.000000 0.000000 5117.661674 5117.549928 5117.021489 5117.215293 5117.884966 5117.704005 5117.690587 5117.863206 5117.844147 5117.863206 5117.690587 5117.704005 5117.884966 5117.215293 5117.021489 5117.549928 5117.661674 0.000000 0.000000
0.000000 0.000000 5992.140348 5992.036907 5991.530596 5991.717778 5992.344618 5992.176517 5992.164691 5992.327852 5992.310232 5992.327852 5992.164691 5992.176517 5992.344618 5991.717778 5991.530596 5992.036907 5992.140348 0.000000 0.000000
0.000000 0.000000 6825.060158 6824.983472 6824.485336 6824.707740 6825.246486 6825.097183 6825.092215 6825.237106 6825.219458 6825.237106 6825.092215 6825.097183 6825.246486 6824.707740 6824.485336 6824.983472 6825.060158 0.000000 0.000000
0.000000 0.000000 7620.688535 7620.602431 7620.120751 7620.315492 7620.870418 7620.719483 7620.711509 7620.857759 7620.839220 7620.857759 7620.711509 7620.719483 7620.870418 7620.315492 7620.120751 7620.602431 7620.688535 0.000000 0.000000
0.000000 0.000000 8387.744774 8387.656248 8387.188123 8387.372541 8387.917938 8387.771548 8387.764323 8387.908047 8387.890729 8387.908047 8387.764323 8387.771548 8387.917938 8387.372541 8387.188123 8387.656248 8387.744774 0.000000 0.000000
0.000000 0.000000 9133.098468 9133.012542 9132.548438 9132.733042 9133.263302 9133.119761 9133.113131 9133.253969 9133.236146 9133.253969 9133.113131 9133.119761 9133.263302 9132.733042 9132.548438 9133.012542 9133.098468 0.000000 0.000000
0.000000 0.000000 9857.064212 9856.984841 9856.526769 9856.729965 9857.224738 9857.086150 9857.082005 9857.217534 9857.199301 9857.217534 9857.082005 9857.086150 9857.224738 9856.729965 9856.526769 9856.984841 9857.064212 0.000000 0.000000
0.000000 0.000000 10564.182792 10564.100545 10563.641928 10563.833695 10564.337600 10564.198866 10564.193708 10564.330440 10564.311802 10564.330440 10564.193708 10564.198866 10564.337600 10563.833695 10563.641928 10564.100545 10564.182792 0.000000 0.000000
0.000000 0.000000 11255.494697 11255.413425 11254.964520 11255.148444 11255.643047 11255.507848 11255.502835 11255.636245 11255.617870 11255.636245 11255.502835 11255.507848 11255.643047 11255.148444 11254.964520 11255.413424 11255.494693 0.000000 0.000000
0.000000 0.000000 11930.641404 11930.560765 11930.110010 11930.296732 11930.786995 11930.651003 11930.645884 11930.777845 11930.758645 11930.777845 11930.645884 11930.651003 11930.786995 11930.296732 11930.110010 11930.560745 11930.641052 0.000000 0.000000
0.000000 0.000000 12623.897356 12624.142715 12623.698403 12623.876593 12624.367530 12624.230811 12624.225794 12624.359450 12624.340129 12624.359450 12624.225794 12624.230811 12624.367530 12623.876593 12623.698385 12624.139467 12624.219910 0.000000 0.000000
0.000000 0.000000 0.000000 0.000000 0.000000 0.000000 0.000000 0.000000 0.000000 0.000000 0.000000 0.000000 0.000000 0.000000 0.000000 0.000000 0.000000 0.000000 0.000000 0.000000 0.000000
0.000000 0.000000 0.000000 0.000000 0.000000 0.000000 0.000000 0.000000 0.000000 0.000000 0.000000 0.000000 0.000000 0.000000 0.000000 0.000000 0.000000 0.000000 0.000000 0.000000 0.000000