geotop/1.0zi/1.0Montebello/Templates/testdem/maps/_Erotot6251.asc
ncols         21
nrows         20
xllcorner     100.000000
yllcorner     100.000000
cellsize      50.000000
NODATA_value  -9999.0
0.000000 0.000000 0.000000 0.000000 0.000000 0.000000 0.000000 0.000000 0.000000 0.000000 0.000000 0.000000 0.000000 0.000000 0.000000 0.000000 0.000000 0.000000 0.000000 0.000000 0.000000
0.000000 0.000000 489.854623 490.715134 490.437054 490.735273 490.189123 490.249752 490.207433 490.373725 490.774696 490.079287 490.006785 490.098386 490.250096 490.147882 490.875632 491.076470 491.065317 0.000000 0.000000
0.000000 0.000000 37.041154 35.897866 35.978084 36.126131 36.373410 36.184265 35.997851 35.782208 36.029252 36.358634 36.176105 36.388254 36.263412 36.016084 34.704664 33.943293 34.634842 0.000000 0.000000
0.000000 0.000000 206.281326 208.521298 199.160537 197.208408 197.578863 192.616258 192.180637 191.697396 190.087849 188.051891 190.597349 188.301078 193.050628 198.874939 200.384049 201.754406 206.706491 0.000000 0.000000
0.000000 0.000000 1981.599150 1985.329120 1990.008236 1968.943956 1954.049511 1942.349070 1944.972532 1941.995574 1945.828102 1950.518892 1947.188356 1945.805346 1955.984396 1956.815875 1965.183213 1973.673249 1974.879830 0.000000 0.000000
0.000000 0.000000 3516.413861 3511.120540 3507.987089 3503.218125 3493.085725 3485.271258 3483.803682 3483.329445 3481.561491 3478.951921 3475.985283 3478.644429 3480.823907 3497.206436 3502.505633 3507.052855 3509.481967 0.000000 0.000000
0.000000 0.000000 4681.221598 4678.743398 4675.154961 4670.483103 4657.484600 4640.389860 4639.954113 4636.493568 4638.352421 4641.204696 4643.275249 4644.298500 4664.898532 4674.574348 4679.319560 4680.897066 4686.360029 0.000000 0.000000
0.000000 0.000000 5377.368303 5378.721762 5376.944553 5369.919634 5369.150550 5361.502506 5362.059388 5362.473201 5361.146958 5358.557155 5358.282426 5362.284175 5363.113777 5366.027648 5375.183628 5373.503133 5377.351796 0.000000 0.000000
0.000000 0.000000 6355.616639 6352.693645 6347.675520 6348.317605 6340.948004 6329.759971 6330.377786 6327.224403 6324.816286 6325.740817 6326.809530 6322.034220 6336.377302 6345.044852 6347.880085 6349.133501 6351.171919 0.000000 0.000000
0.000000 0.000000 7486.171986 7483.734547 7485.207558 7483.727597 7467.905495 7460.454030 7461.438966 7460.683769 7458.425235 7461.441003 7464.914397 7463.050366 7467.377204 7478.765628 7483.289423 7483.828102 7485.051173 0.000000 0.000000
0.000000 0.000000 8707.064887 8707.349628 8706.322385 8691.203412 8688.339300 8676.730323 8680.683889 8670.832181 8673.344995 8672.369527 8667.349757 8675.288880 8680.542484 8682.230168 8689.990807 8696.044904 8704.343420 0.000000 0.000000
0.000000 0.000000 9990.866369 9986.497908 9980.492853 9978.077328 9972.929844 9957.425239 9956.038983 9955.412968 9961.859000 9954.350330 9956.480055 9956.382348 9973.356130 9977.377897 9979.302344 9980.446884 10000.868105 0.000000 0.000000
0.000000 0.000000 11296.555529 11293.689178 11294.334149 11285.788350 11281.387556 11251.739647 11250.168564 11249.675092 11234.359685 11243.810104 11247.723805 11250.352088 11269.180538 11273.564109 11289.311689 11288.594186 11296.312098 0.000000 0.000000
0.000000 0.000000 12732.332336 12733.730287 12725.577027 12723.597646 12692.729657 12701.316332 12690.388403 12691.741015 12692.915044 12692.486303 12690.544941 12687.097905 12677.181259 12711.044072 12717.117741 12728.752284 12736.694428 0.000000 0.000000
0.000000 0.000000 14293.829578 14289.117341 14284.732985 14256.024590 14255.764763 14238.743903 14225.028120 14223.085238 14217.584437 14210.408106 14214.491963 14212.842565 14229.850976 14233.345322 14280.326705 14270.756465 14271.504589 0.000000 0.000000
0.000000 0.000000 15907.861045 15907.011518 15864.417644 15864.988676 15869.830705 15861.909602 15881.110748 15872.475009 15879.730000 15874.360781 15868.156750 15878.913006 15883.149030 15882.579862 15858.611281 15917.994662 15911.348654 0.000000 0.000000
0.000000 0.000000 17759.003526 17706.011929 17704.636687 17692.077374 17661.888095 17654.466497 17644.198153 17647.998999 17631.160371 17632.127616 17638.628398 17637.018191 17650.850985 17665.462069 17703.184053 17693.510968 17753.296193 0.000000 0.000000
0.000000 0.000000 18986.910975 19007.676114 19062.990844 19055.280927 19041.264017 18995.891897 18997.290141 18981.118609 18995.959255 18993.288353 18998.894233 18995.422547 19035.760872 19047.385390 19072.783615 19017.039200 18997.080075 0.000000 0.000000
0.000000 0.000000 0.000000 0.000000 0.000000 0.000000 0.000000 0.000000 0.000000 0.000000 0.000000 0.000000 0.000000 0.000000 0.000000 0.000000 0.000000 0.000000 0.000000 0.000000 0.000000
0.000000 0.000000 0.000000 0.000000 0.000000 0.000000 0.000000 0.000000 0.000000 0.000000 0.000000 0.000000 0.000000 0.000000 0.000000 0.000000 0.000000 0.000000 0.000000 0.000000 0.000000