geotop/1.0zi/1.0Montebello/Templates/testdem/maps/_Erotot1260.asc
ncols         21
nrows         20
xllcorner     100.000000
yllcorner     100.000000
cellsize      50.000000
NODATA_value  -9999.0
0.000000 0.000000 0.000000 0.000000 0.000000 0.000000 0.000000 0.000000 0.000000 0.000000 0.000000 0.000000 0.000000 0.000000 0.000000 0.000000 0.000000 0.000000 0.000000 0.000000 0.000000
0.000000 0.000000 149.006045 149.007444 149.042302 149.017660 148.999011 149.007460 149.009045 149.003858 149.004528 149.003858 149.009045 149.007460 148.999011 149.017660 149.042302 149.007444 149.006045 0.000000 0.000000
0.000000 0.000000 9.074364 8.855280 7.079053 8.936292 9.118226 9.102104 9.112267 9.119325 9.117586 9.119325 9.112267 9.102104 9.118226 8.936292 7.079053 8.855280 9.074364 0.000000 0.000000
0.000000 0.000000 1066.998544 1066.795138 1066.821006 1064.803061 1067.050202 1066.709606 1066.674390 1067.199040 1067.141755 1067.199040 1066.674390 1066.709606 1067.050202 1064.803061 1066.821006 1066.795138 1066.998544 0.000000 0.000000
0.000000 0.000000 1896.297103 1896.073552 1895.322420 1896.012560 1896.436931 1896.272094 1896.230642 1896.377479 1896.331841 1896.377479 1896.230642 1896.272094 1896.436931 1896.012560 1895.322420 1896.073552 1896.297103 0.000000 0.000000
0.000000 0.000000 2493.406674 2493.234140 2492.483761 2492.659555 2493.491720 2493.318097 2493.305480 2493.520492 2493.492774 2493.520492 2493.305480 2493.318097 2493.491720 2492.659555 2492.483761 2493.234140 2493.406674 0.000000 0.000000
0.000000 0.000000 3245.671690 3245.534390 3244.857039 3245.030780 3245.730037 3245.598691 3245.595197 3245.772084 3245.748032 3245.772084 3245.595197 3245.598691 3245.730037 3245.030780 3244.857039 3245.534390 3245.671690 0.000000 0.000000
0.000000 0.000000 3960.547292 3960.428937 3959.802403 3959.975419 3960.587440 3960.482101 3960.482618 3960.637891 3960.617066 3960.637891 3960.482618 3960.482101 3960.587440 3959.975419 3959.802403 3960.428937 3960.547292 0.000000 0.000000
0.000000 0.000000 4637.994111 4637.885920 4637.290273 4637.458393 4638.026429 4637.932485 4637.935176 4638.079377 4638.059215 4638.079377 4637.935176 4637.932485 4638.026429 4637.458393 4637.290273 4637.885920 4637.994110 0.000000 0.000000
0.000000 0.000000 5286.498598 5286.417510 5285.834043 5286.039558 5286.521828 5286.444348 5286.453783 5286.580634 5286.560390 5286.580634 5286.453783 5286.444348 5286.521828 5286.039558 5285.834043 5286.417510 5286.498598 0.000000 0.000000
0.000000 0.000000 5910.113285 5910.022522 5909.457270 5909.636323 5910.138106 5910.056720 5910.062982 5910.192261 5910.171018 5910.192261 5910.062982 5910.056720 5910.138106 5909.636323 5909.457270 5910.022522 5910.113285 0.000000 0.000000
0.000000 0.000000 6514.337031 6514.243401 6513.692229 6513.861552 6514.357339 6514.278605 6514.285506 6514.413392 6514.393333 6514.413392 6514.285506 6514.278605 6514.357339 6513.861552 6513.692229 6514.243401 6514.337031 0.000000 0.000000
0.000000 0.000000 7104.738867 7104.647389 7104.103377 7104.273818 7104.757216 7104.679654 7104.687226 7104.813044 7104.792513 7104.813044 7104.687226 7104.679654 7104.757216 7104.273818 7104.103377 7104.647389 7104.738867 0.000000 0.000000
0.000000 0.000000 7681.909257 7681.824340 7681.285533 7681.476310 7681.925676 7681.851794 7681.861960 7681.983290 7681.962169 7681.983290 7681.861960 7681.851794 7681.925676 7681.476310 7681.285533 7681.824340 7681.909257 0.000000 0.000000
0.000000 0.000000 8248.356569 8248.269145 8247.731782 8247.911906 8248.373189 8248.297637 8248.306836 8248.430370 8248.408598 8248.430370 8248.306836 8248.297637 8248.373189 8247.911906 8247.731782 8248.269145 8248.356569 0.000000 0.000000
0.000000 0.000000 8805.745307 8805.658635 8805.134524 8805.307045 8805.761018 8805.688142 8805.697275 8805.817748 8805.796217 8805.817748 8805.697275 8805.688142 8805.761018 8805.307045 8805.134524 8805.658635 8805.745304 0.000000 0.000000
0.000000 0.000000 9352.252763 9352.166568 9351.640556 9351.816554 9352.269664 9352.194011 9352.203288 9352.325606 9352.303085 9352.325606 9352.203288 9352.194011 9352.269664 9351.816554 9351.640556 9352.166550 9352.252520 0.000000 0.000000
0.000000 0.000000 9919.687516 9919.882548 9919.359116 9919.526246 9919.983618 9919.906022 9919.915437 9920.039846 9920.017058 9920.039846 9919.915437 9919.906022 9919.983618 9919.526246 9919.359099 9919.879636 9919.966366 0.000000 0.000000
0.000000 0.000000 0.000000 0.000000 0.000000 0.000000 0.000000 0.000000 0.000000 0.000000 0.000000 0.000000 0.000000 0.000000 0.000000 0.000000 0.000000 0.000000 0.000000 0.000000 0.000000
0.000000 0.000000 0.000000 0.000000 0.000000 0.000000 0.000000 0.000000 0.000000 0.000000 0.000000 0.000000 0.000000 0.000000 0.000000 0.000000 0.000000 0.000000 0.000000 0.000000 0.000000