geotop/1.0zi/1.0Montebello/Templates/testdem/maps/_Erotot7788.asc
ncols         21
nrows         20
xllcorner     100.000000
yllcorner     100.000000
cellsize      50.000000
NODATA_value  -9999.0
0.000000 0.000000 0.000000 0.000000 0.000000 0.000000 0.000000 0.000000 0.000000 0.000000 0.000000 0.000000 0.000000 0.000000 0.000000 0.000000 0.000000 0.000000 0.000000 0.000000 0.000000
0.000000 0.000000 654.308894 655.124460 654.593524 654.717624 653.725694 653.902192 653.889310 653.952842 654.385027 653.710334 653.588727 653.640958 653.997855 654.134131 654.950636 655.479041 655.676265 0.000000 0.000000
0.000000 0.000000 50.984920 50.003128 49.935749 50.337143 50.972762 50.654502 50.358651 50.229818 50.463778 50.807087 50.831270 50.984367 50.741268 50.224535 48.938861 48.065047 48.588273 0.000000 0.000000
0.000000 0.000000 353.895441 355.071956 342.998549 337.345730 337.890545 326.570281 326.699709 327.497354 323.834355 322.086146 324.224473 324.367064 334.617113 341.680421 346.307420 349.245366 354.119182 0.000000 0.000000
0.000000 0.000000 3097.291241 3098.918493 3102.239223 3079.469283 3060.407977 3050.172528 3049.579213 3044.821826 3051.747281 3057.043003 3052.533910 3051.147429 3065.848093 3068.949872 3078.920800 3087.684506 3087.480758 0.000000 0.000000
0.000000 0.000000 4974.435304 4969.178833 4965.550558 4959.577435 4944.749367 4934.903133 4935.797571 4934.722569 4931.358116 4925.661009 4924.639547 4927.877208 4927.206905 4946.884776 4954.801241 4961.702225 4964.741408 0.000000 0.000000
0.000000 0.000000 6260.996488 6257.880653 6253.506766 6246.621020 6232.923618 6211.454825 6210.440236 6206.625446 6208.050861 6211.823372 6213.318448 6213.815044 6241.217958 6251.102867 6256.585223 6259.361113 6264.584401 0.000000 0.000000
0.000000 0.000000 7343.955224 7344.117356 7341.217522 7331.287561 7328.931462 7319.719604 7319.947221 7319.749919 7318.789592 7314.884815 7314.201232 7320.416043 7322.126356 7326.866781 7339.203560 7337.798825 7342.739153 0.000000 0.000000
0.000000 0.000000 8772.387752 8767.769649 8761.600316 8761.163666 8750.219282 8735.026999 8736.327267 8731.752346 8729.712244 8729.481404 8731.928003 8726.181145 8744.719444 8758.476084 8760.234036 8763.940480 8765.299446 0.000000 0.000000
0.000000 0.000000 10407.625647 10404.065024 10404.397635 10400.018703 10379.836871 10370.302567 10369.939373 10369.663581 10366.248449 10369.739452 10372.838565 10372.145058 10378.867570 10393.101487 10400.617857 10402.625948 10403.696226 0.000000 0.000000
0.000000 0.000000 12195.688776 12194.740127 12191.957003 12171.657748 12165.917841 12150.322096 12156.079869 12142.784207 12146.889190 12145.145013 12138.246951 12148.159479 12157.478550 12160.265108 12172.686743 12179.734742 12190.346084 0.000000 0.000000
0.000000 0.000000 14130.357851 14122.279980 14114.336234 14110.744813 14100.574096 14080.831998 14077.247484 14077.825379 14085.104984 14074.167363 14078.286592 14078.186903 14100.454592 14108.908822 14111.709653 14115.770583 14138.840488 0.000000 0.000000
0.000000 0.000000 16138.495447 16133.533007 16134.000911 16120.025916 16113.143853 16065.351861 16063.710615 16062.718157 16041.604498 16053.857127 16058.101703 16062.838557 16096.111657 16103.165602 16126.139489 16125.851659 16133.488338 0.000000 0.000000
0.000000 0.000000 18434.837603 18437.116034 18423.753919 18418.874091 18361.992845 18381.510864 18366.007938 18367.143430 18373.468847 18368.794057 18366.675548 18361.944373 18341.360727 18402.903543 18409.360678 18429.332470 18438.860625 0.000000 0.000000
0.000000 0.000000 21006.375427 20997.852290 20989.020253 20926.461250 20939.494966 20908.172933 20889.037313 20885.827175 20874.285906 20863.903832 20869.992934 20868.737352 20904.101443 20894.115046 20984.269858 20966.331627 20963.926545 0.000000 0.000000
0.000000 0.000000 23692.475706 23689.126403 23599.063405 23625.147061 23626.349266 23616.832453 23657.988112 23643.230076 23662.187519 23653.959446 23639.848543 23663.352178 23664.768882 23665.750418 23590.241718 23722.245681 23713.862572 0.000000 0.000000
0.000000 0.000000 26902.847695 26771.278424 26803.437678 26760.162821 26690.964988 26676.713201 26640.495533 26651.119111 26609.867512 26613.905587 26635.122149 26617.583748 26649.142778 26692.276945 26800.427449 26727.097951 26866.909383 0.000000 0.000000
0.000000 0.000000 28210.545887 28334.145619 28457.573718 28457.923510 28459.520629 28353.080072 28369.000110 28333.836645 28385.791687 28376.139385 28373.608417 28383.779630 28472.376088 28472.341494 28479.990234 28376.810738 28254.440528 0.000000 0.000000
0.000000 0.000000 0.000000 0.000000 0.000000 0.000000 0.000000 0.000000 0.000000 0.000000 0.000000 0.000000 0.000000 0.000000 0.000000 0.000000 0.000000 0.000000 0.000000 0.000000 0.000000
0.000000 0.000000 0.000000 0.000000 0.000000 0.000000 0.000000 0.000000 0.000000 0.000000 0.000000 0.000000 0.000000 0.000000 0.000000 0.000000 0.000000 0.000000 0.000000 0.000000 0.000000