geotop/1.0zi/1.0Montebello/Templates/testdem/maps/_Erotot5366.asc
ncols         21
nrows         20
xllcorner     100.000000
yllcorner     100.000000
cellsize      50.000000
NODATA_value  -9999.0
0.000000 0.000000 0.000000 0.000000 0.000000 0.000000 0.000000 0.000000 0.000000 0.000000 0.000000 0.000000 0.000000 0.000000 0.000000 0.000000 0.000000 0.000000 0.000000 0.000000 0.000000
0.000000 0.000000 397.307854 396.515714 396.360696 396.157417 396.131458 396.208357 396.164912 396.336175 396.251597 396.032359 396.008521 396.054944 396.169252 396.056544 396.259734 396.441801 396.842405 0.000000 0.000000
0.000000 0.000000 31.046224 31.768024 31.991002 33.173536 32.912488 32.771520 32.584951 32.367482 32.498318 32.875412 32.642030 32.506334 32.898222 32.687327 31.846983 30.970960 30.332836 0.000000 0.000000
0.000000 0.000000 153.246918 154.715848 147.750150 144.985064 146.777908 141.556589 140.966117 141.353613 140.007535 138.665572 140.206006 138.268381 140.996005 145.777786 145.290502 148.702652 151.454042 0.000000 0.000000
0.000000 0.000000 1571.074882 1576.416705 1582.897993 1565.601379 1551.063305 1540.486832 1543.205795 1540.469547 1544.047877 1548.289374 1545.145076 1542.912758 1553.089316 1551.625958 1558.744479 1565.436713 1566.268487 0.000000 0.000000
0.000000 0.000000 2910.937499 2904.884506 2902.264106 2898.221601 2892.158284 2887.905054 2885.531622 2885.865352 2885.496380 2883.164618 2881.206916 2883.856826 2882.455312 2896.781900 2901.981657 2905.237938 2907.728554 0.000000 0.000000
0.000000 0.000000 3841.833080 3839.362113 3836.451722 3832.201596 3819.547435 3803.066359 3803.458239 3800.044389 3801.616119 3804.587541 3806.195173 3807.064949 3825.652958 3834.651709 3839.166447 3840.508744 3845.489916 0.000000 0.000000
0.000000 0.000000 4423.594818 4425.130131 4424.618740 4418.761439 4418.648521 4412.349485 4412.864902 4413.411403 4412.182516 4409.947312 4409.646526 4412.960780 4412.249542 4414.070991 4421.959201 4420.165834 4422.745927 0.000000 0.000000
0.000000 0.000000 5192.111988 5189.731323 5186.116327 5187.451531 5181.590967 5172.144627 5172.483234 5170.125262 5167.726750 5169.101405 5170.181627 5165.081180 5177.109172 5184.245397 5186.104984 5186.645825 5187.787455 0.000000 0.000000
0.000000 0.000000 6087.274564 6085.096012 6087.621504 6087.443220 6073.827518 6067.650849 6069.121244 6068.303893 6066.489290 6069.579792 6072.511910 6070.801155 6073.180333 6082.267650 6085.887816 6085.832439 6086.294398 0.000000 0.000000
0.000000 0.000000 7051.576251 7051.908488 7052.436865 7039.230549 7037.223155 7027.849179 7031.120800 7022.644250 7024.934777 7024.284565 7019.770806 7026.720722 7029.906454 7030.590001 7036.680955 7042.344966 7048.890779 0.000000 0.000000
0.000000 0.000000 8053.542350 8049.430075 8045.391386 8043.962618 8041.190816 8027.559807 8026.878550 8025.964115 8032.525642 8026.032748 8027.731428 8027.173512 8041.337608 8043.263865 8044.621616 8044.737584 8063.200321 0.000000 0.000000
0.000000 0.000000 9061.064567 9059.406355 9060.699991 9054.169111 9050.939729 9028.198730 9027.023558 9026.890768 9013.436192 9021.955445 9025.891722 9027.633655 9040.267850 9043.381678 9056.270202 9055.590295 9061.760565 0.000000 0.000000
0.000000 0.000000 10158.426863 10159.925734 10153.975688 10153.427391 10130.794683 10138.552474 10128.727517 10130.243758 10131.301131 10131.273137 10129.792803 10126.599339 10116.991513 10141.386665 10146.471754 10156.030035 10162.532889 0.000000 0.000000
0.000000 0.000000 11332.599906 11328.415459 11326.021684 11307.420518 11307.177832 11293.869700 11281.885721 11280.736504 11276.477092 11271.017978 11273.710148 11271.988941 11284.602643 11287.853785 11322.733242 11314.758415 11314.642923 0.000000 0.000000
0.000000 0.000000 12528.861008 12528.257489 12500.328682 12498.383163 12503.164955 12496.486847 12511.003034 12504.201821 12509.021801 12505.050598 12501.050501 12507.978103 12510.929841 12510.542261 12494.583922 12535.675900 12528.786036 0.000000 0.000000
0.000000 0.000000 13872.133721 13839.697723 13837.150718 13830.024433 13809.817902 13804.910215 13798.385477 13801.325182 13790.073412 13790.376274 13793.891232 13794.820167 13803.670922 13810.805078 13836.188911 13833.494119 13870.820659 0.000000 0.000000
0.000000 0.000000 14852.018714 14858.081809 14892.477687 14886.904208 14878.461468 14850.243730 14850.983761 14839.207476 14848.194952 14846.931176 14852.453267 14847.258413 14871.640621 14877.816599 14898.565999 14862.674438 14856.027155 0.000000 0.000000
0.000000 0.000000 0.000000 0.000000 0.000000 0.000000 0.000000 0.000000 0.000000 0.000000 0.000000 0.000000 0.000000 0.000000 0.000000 0.000000 0.000000 0.000000 0.000000 0.000000 0.000000
0.000000 0.000000 0.000000 0.000000 0.000000 0.000000 0.000000 0.000000 0.000000 0.000000 0.000000 0.000000 0.000000 0.000000 0.000000 0.000000 0.000000 0.000000 0.000000 0.000000 0.000000