geotop/1.0zi/1.0Montebello/Templates/testdem/maps/_Erotot8446.asc
ncols         21
nrows         20
xllcorner     100.000000
yllcorner     100.000000
cellsize      50.000000
NODATA_value  -9999.0
0.000000 0.000000 0.000000 0.000000 0.000000 0.000000 0.000000 0.000000 0.000000 0.000000 0.000000 0.000000 0.000000 0.000000 0.000000 0.000000 0.000000 0.000000 0.000000 0.000000 0.000000
0.000000 0.000000 681.211710 682.028622 681.471551 681.559948 680.551980 680.712936 680.686328 680.765171 681.187967 680.518127 680.399691 680.452111 680.817102 680.972629 681.811948 682.360346 682.575863 0.000000 0.000000
0.000000 0.000000 52.737632 51.734511 51.985095 52.062383 52.689678 52.369309 52.086373 51.940456 52.120869 52.475845 52.543288 52.643719 52.452076 51.940513 50.665633 49.812450 50.335913 0.000000 0.000000
0.000000 0.000000 354.838198 355.985111 343.628717 338.367913 338.928665 327.608058 327.691607 328.521872 324.885243 323.080135 325.255510 325.441756 335.653418 342.737594 347.335404 350.233699 355.463064 0.000000 0.000000
0.000000 0.000000 3393.173500 3393.668674 3398.598921 3374.277477 3354.473607 3342.592423 3340.490760 3336.305647 3343.163012 3348.551998 3344.004826 3342.544051 3358.710579 3362.208738 3374.522807 3385.106153 3384.801417 0.000000 0.000000
0.000000 0.000000 5464.405019 5459.896867 5454.472489 5449.129662 5432.694909 5422.872103 5424.876502 5423.019614 5419.839018 5414.263222 5413.293911 5416.503999 5416.072049 5437.315763 5443.724344 5449.279877 5452.261788 0.000000 0.000000
0.000000 0.000000 6783.401120 6778.684658 6776.173247 6768.405891 6754.068778 6729.032698 6728.328519 6725.710924 6725.848103 6730.517008 6731.391245 6732.011460 6761.131809 6770.828116 6776.527958 6779.750409 6784.898451 0.000000 0.000000
0.000000 0.000000 8011.121395 8011.266742 8007.916609 7996.825312 7994.553359 7985.443247 7985.607699 7983.406700 7983.665645 7979.565499 7978.318316 7985.198787 7987.146753 7992.175842 8005.724114 8003.634788 8009.266847 0.000000 0.000000
0.000000 0.000000 9619.622461 9614.448487 9608.457269 9607.804473 9594.489664 9578.049373 9579.922989 9576.314101 9573.590836 9573.248384 9575.745318 9569.702340 9589.783329 9604.228427 9606.087614 9610.385579 9612.176068 0.000000 0.000000
0.000000 0.000000 11463.017818 11458.846848 11459.017184 11454.887798 11433.129337 11422.558625 11421.449581 11421.314321 11417.356282 11421.655672 11424.238781 11423.931062 11431.207803 11447.232954 11454.988727 11457.691911 11458.217626 0.000000 0.000000
0.000000 0.000000 13494.049035 13493.864551 13492.084825 13467.763458 13462.732354 13443.233597 13451.355008 13435.275946 13441.374421 13438.040906 13430.758162 13441.000020 13452.979351 13455.320149 13469.745321 13476.490151 13488.543920 0.000000 0.000000
0.000000 0.000000 15712.000938 15701.931591 15693.382340 15691.622039 15677.716154 15658.071251 15651.817780 15654.826472 15660.936959 15649.310762 15655.086588 15653.808265 15677.954951 15689.263380 15691.253850 15696.850287 15720.411601 0.000000 0.000000
0.000000 0.000000 18039.154928 18032.898346 18036.413817 18017.625113 18011.478631 17954.632690 17952.299898 17952.193935 17927.074349 17943.053957 17945.109337 17951.445741 17991.989398 17998.585730 18025.883758 18024.308882 18032.852949 0.000000 0.000000
0.000000 0.000000 20738.417581 20741.862437 20726.357808 20721.077812 20651.557198 20676.951653 20660.089008 20660.758083 20670.158309 20661.581873 20660.518652 20652.066432 20626.205029 20703.590132 20708.050315 20732.469257 20743.017824 0.000000 0.000000
0.000000 0.000000 23783.685786 23773.664662 23762.350279 23683.781249 23705.922695 23665.272300 23642.938524 23640.076499 23623.838841 23613.135217 23620.217756 23620.270438 23664.391516 23644.047157 23758.207180 23733.324126 23729.430862 0.000000 0.000000
0.000000 0.000000 26930.373401 26926.253484 26814.226553 26857.312007 26854.605284 26847.388179 26900.680539 26882.929936 26909.358643 26900.479290 26880.978493 26910.043445 26907.690992 26911.274613 26802.166198 26974.209763 26965.263311 0.000000 0.000000
0.000000 0.000000 30621.695084 30458.687998 30516.125903 30455.531461 30371.464686 30351.108020 30299.229480 30314.173607 30259.758617 30266.554563 30295.443602 30267.909427 30309.902409 30364.542557 30511.842822 30395.503861 30569.208321 0.000000 0.000000
0.000000 0.000000 31729.693342 31898.339172 32036.734027 32042.918276 32056.514023 31933.958602 31958.962952 31917.453364 31985.216675 31972.957859 31964.804555 31981.530775 32080.572783 32072.051304 32062.370241 31956.878953 31789.436173 0.000000 0.000000
0.000000 0.000000 0.000000 0.000000 0.000000 0.000000 0.000000 0.000000 0.000000 0.000000 0.000000 0.000000 0.000000 0.000000 0.000000 0.000000 0.000000 0.000000 0.000000 0.000000 0.000000
0.000000 0.000000 0.000000 0.000000 0.000000 0.000000 0.000000 0.000000 0.000000 0.000000 0.000000 0.000000 0.000000 0.000000 0.000000 0.000000 0.000000 0.000000 0.000000 0.000000 0.000000