geotop/1.0zi/1.0Montebello/Templates/testdem/maps/_Erotot122[.asc
ncols         21
nrows         20
xllcorner     100.000000
yllcorner     100.000000
cellsize      50.000000
NODATA_value  -9999.0
0.000000 0.000000 0.000000 0.000000 0.000000 0.000000 0.000000 0.000000 0.000000 0.000000 0.000000 0.000000 0.000000 0.000000 0.000000 0.000000 0.000000 0.000000 0.000000 0.000000 0.000000
0.000000 0.000000 959.219618 958.652517 957.296849 955.387594 954.032643 953.247242 953.715860 954.397251 954.310530 953.495785 953.455900 953.531757 955.107281 955.619153 958.424671 959.067188 959.649448 0.000000 0.000000
0.000000 0.000000 67.418489 68.353335 66.840082 69.771297 69.086795 68.392595 68.733377 67.556884 68.498946 70.723199 68.467666 68.512422 68.035198 67.555069 65.360613 64.675394 67.794532 0.000000 0.000000
0.000000 0.000000 915.936943 923.413067 902.597076 893.158768 896.690193 886.079246 885.644359 888.546881 880.373091 880.960063 886.037830 890.186530 893.734793 906.956183 912.340979 912.945513 917.633372 0.000000 0.000000
0.000000 0.000000 5892.350555 5878.204719 5882.938215 5840.449266 5808.414532 5790.785749 5785.796110 5779.871703 5784.893495 5791.456561 5792.176753 5780.581138 5806.091318 5813.260248 5833.095737 5847.331759 5848.280620 0.000000 0.000000
0.000000 0.000000 8228.936079 8225.837816 8215.861287 8215.793693 8186.408600 8172.101028 8175.122083 8173.727992 8165.750392 8159.366005 8157.793915 8161.582032 8163.786468 8195.142665 8194.993248 8204.500822 8205.224842 0.000000 0.000000
0.000000 0.000000 10123.374744 10117.655123 10111.318542 10096.456873 10088.945923 10043.398489 10040.239804 10036.447200 10034.927622 10038.527639 10037.803302 10039.268705 10078.630388 10083.948040 10095.245973 10101.243952 10105.588176 0.000000 0.000000
0.000000 0.000000 12323.342651 12319.135485 12310.424833 12285.949531 12274.032695 12265.632689 12262.342755 12260.403284 12256.954012 12254.275989 12252.459605 12259.638274 12258.753491 12273.234041 12291.831670 12290.043165 12296.433345 0.000000 0.000000
0.000000 0.000000 15097.513276 15090.121035 15077.295689 15069.639072 15049.489260 15019.379376 15019.863572 15015.004023 15009.496220 15007.964000 15010.869828 15003.394559 15034.829763 15054.400524 15059.437324 15065.900127 15068.190313 0.000000 0.000000
0.000000 0.000000 18418.071278 18404.402523 18395.175149 18382.715184 18362.174095 18335.534001 18329.596402 18328.189321 18318.986230 18323.772319 18330.590958 18328.373998 18339.452466 18366.532519 18378.447386 18385.346634 18383.846409 0.000000 0.000000
0.000000 0.000000 22259.635623 22250.173051 22245.467651 22196.028981 22195.888633 22154.222012 22164.882879 22140.045430 22145.895933 22140.506841 22127.602536 22142.872201 22162.673001 22171.550652 22193.079605 22199.663531 22222.594173 0.000000 0.000000
0.000000 0.000000 26696.692075 26673.499773 26641.864373 26637.303475 26620.763007 26570.506279 26558.024830 26565.622537 26568.146686 26552.789192 26560.935178 26553.128119 26594.868959 26619.688367 26622.486951 26632.362935 26665.265807 0.000000 0.000000
0.000000 0.000000 31261.095562 31242.079204 31243.161885 31208.289360 31182.762105 31063.223343 31052.916452 31047.955051 30988.272893 31028.639054 31028.869607 31041.216800 31127.300930 31140.628062 31193.605736 31199.848364 31190.559306 0.000000 0.000000
0.000000 0.000000 35904.761546 35910.890431 35869.697690 35856.507130 35723.251604 35828.992939 35793.450897 35793.018763 35824.029065 35791.330536 35788.001839 35766.118476 35674.916737 35833.321739 35822.438413 35859.119841 35876.766333 0.000000 0.000000
0.000000 0.000000 39045.259651 39033.692661 39021.921875 38937.386551 39002.597902 38937.758478 38926.200998 38922.981965 38900.758678 38895.319695 38905.558111 38907.506368 38963.798102 38888.427942 39013.665206 38978.830360 38967.101969 0.000000 0.000000
0.000000 0.000000 40946.717978 40942.285394 40883.853108 40912.065768 40913.143423 40908.694011 40938.889112 40926.207619 40939.355526 40933.358535 40922.789862 40937.884008 40933.336033 40939.012950 40868.009224 40956.465848 40948.167581 0.000000 0.000000
0.000000 0.000000 42464.883606 42415.503007 42452.181857 42420.479977 42398.093165 42394.091815 42374.128006 42381.113429 42359.608437 42362.850991 42372.620784 42364.773857 42374.689193 42380.043436 42441.641708 42384.515210 42432.771721 0.000000 0.000000
0.000000 0.000000 43046.829979 43119.914903 43145.894321 43156.326054 43166.884201 43129.640977 43145.838677 43130.798655 43155.279739 43150.973196 43146.801652 43152.868445 43182.135502 43171.544461 43146.966484 43132.374153 43063.611573 0.000000 0.000000
0.000000 0.000000 0.000000 0.000000 0.000000 0.000000 0.000000 0.000000 0.000000 0.000000 0.000000 0.000000 0.000000 0.000000 0.000000 0.000000 0.000000 0.000000 0.000000 0.000000 0.000000
0.000000 0.000000 0.000000 0.000000 0.000000 0.000000 0.000000 0.000000 0.000000 0.000000 0.000000 0.000000 0.000000 0.000000 0.000000 0.000000 0.000000 0.000000 0.000000 0.000000 0.000000