geotop/1.0zi/1.0Montebello/Templates/testdem/maps/_Erotot1507.asc
ncols         21
nrows         20
xllcorner     100.000000
yllcorner     100.000000
cellsize      50.000000
NODATA_value  -9999.0
0.000000 0.000000 0.000000 0.000000 0.000000 0.000000 0.000000 0.000000 0.000000 0.000000 0.000000 0.000000 0.000000 0.000000 0.000000 0.000000 0.000000 0.000000 0.000000 0.000000 0.000000
0.000000 0.000000 169.925187 169.926652 169.961682 169.937547 169.917695 169.926707 169.928344 169.922855 169.923578 169.922855 169.928344 169.926707 169.917695 169.937547 169.961682 169.926652 169.925187 0.000000 0.000000
0.000000 0.000000 10.140030 9.920244 8.143640 10.000684 10.183305 10.166277 10.175557 10.183596 10.181405 10.183596 10.175557 10.166277 10.183305 10.000684 8.143640 9.920244 10.140030 0.000000 0.000000
0.000000 0.000000 1191.294967 1191.079991 1191.253063 1189.274077 1191.602998 1191.183226 1191.132117 1191.730778 1191.686430 1191.730778 1191.132117 1191.183226 1191.602998 1189.274077 1191.253063 1191.079991 1191.294967 0.000000 0.000000
0.000000 0.000000 2223.349492 2223.135517 2222.540061 2223.235555 2223.686326 2223.489987 2223.445465 2223.601025 2223.554397 2223.601025 2223.445465 2223.489987 2223.686326 2223.235555 2222.540061 2223.135517 2223.349492 0.000000 0.000000
0.000000 0.000000 2911.758722 2911.587847 2910.973999 2911.172480 2912.078877 2911.828697 2911.802192 2912.043742 2912.019975 2912.043742 2911.802192 2911.828697 2912.078877 2911.172480 2910.973999 2911.587847 2911.758722 0.000000 0.000000
0.000000 0.000000 3796.176267 3796.038501 3795.468423 3795.662023 3796.441322 3796.227462 3796.211765 3796.412410 3796.392398 3796.412410 3796.211765 3796.227462 3796.441322 3795.662023 3795.468423 3796.038501 3796.176267 0.000000 0.000000
0.000000 0.000000 4635.824071 4635.709954 4635.173767 4635.364529 4636.047435 4635.864140 4635.850299 4636.025970 4636.006869 4636.025970 4635.850299 4635.864140 4636.047435 4635.364529 4635.173767 4635.709954 4635.824071 0.000000 0.000000
0.000000 0.000000 5429.828939 5429.722970 5429.208320 5429.392954 5430.033500 5429.862888 5429.850647 5430.017075 5429.999404 5430.017075 5429.850647 5429.862888 5430.033500 5429.392954 5429.208320 5429.722970 5429.828939 0.000000 0.000000
0.000000 0.000000 6187.798752 6187.719671 6187.212493 6187.433178 6187.985474 6187.833599 6187.828278 6187.976441 6187.958679 6187.976441 6187.828278 6187.833599 6187.985474 6187.433178 6187.212493 6187.719671 6187.798752 0.000000 0.000000
0.000000 0.000000 6913.744296 6913.655673 6913.164289 6913.357789 6913.926826 6913.773082 6913.764747 6913.914429 6913.895719 6913.914429 6913.764747 6913.773082 6913.926826 6913.357789 6913.164289 6913.655673 6913.744296 0.000000 0.000000
0.000000 0.000000 7614.946085 7614.854885 7614.376493 7614.560004 7615.120185 7614.970803 7614.963227 7615.110587 7615.093078 7615.110587 7614.963227 7614.970803 7615.120185 7614.560004 7614.376493 7614.854885 7614.946085 0.000000 0.000000
0.000000 0.000000 8298.913010 8298.824149 8298.349165 8298.533301 8299.078812 8298.932118 8298.925141 8299.069735 8299.051718 8299.069735 8298.925141 8298.932118 8299.078812 8298.533301 8298.349165 8298.824149 8298.913010 0.000000 0.000000
0.000000 0.000000 8964.529211 8964.446903 8963.977103 8964.180556 8964.690824 8964.548919 8964.544472 8964.683933 8964.665437 8964.683933 8964.544472 8964.548919 8964.690824 8964.180556 8963.977103 8964.446903 8964.529211 0.000000 0.000000
0.000000 0.000000 9615.794995 9615.709839 9615.238455 9615.430910 9615.950994 9615.808743 9615.803273 9615.944189 9615.925220 9615.944189 9615.803273 9615.808743 9615.950994 9615.430910 9615.238455 9615.709839 9615.794995 0.000000 0.000000
0.000000 0.000000 10253.716815 10253.632493 10253.170533 10253.355299 10253.866538 10253.727726 10253.722358 10253.859940 10253.841210 10253.859940 10253.722358 10253.727726 10253.866538 10253.355299 10253.170533 10253.632493 10253.716811 0.000000 0.000000
0.000000 0.000000 10877.121176 10877.037436 10876.572170 10876.759989 10877.268060 10877.127910 10877.122403 10877.258940 10877.239270 10877.258940 10877.122403 10877.127910 10877.268060 10876.759989 10876.572170 10877.037417 10877.120878 0.000000 0.000000
0.000000 0.000000 11519.666828 11519.894162 11519.435060 11519.614394 11520.124302 11519.983135 11519.977754 11520.116355 11520.096558 11520.116355 11519.977754 11519.983135 11520.124302 11519.614394 11519.435042 11519.891028 11519.974892 0.000000 0.000000
0.000000 0.000000 0.000000 0.000000 0.000000 0.000000 0.000000 0.000000 0.000000 0.000000 0.000000 0.000000 0.000000 0.000000 0.000000 0.000000 0.000000 0.000000 0.000000 0.000000 0.000000
0.000000 0.000000 0.000000 0.000000 0.000000 0.000000 0.000000 0.000000 0.000000 0.000000 0.000000 0.000000 0.000000 0.000000 0.000000 0.000000 0.000000 0.000000 0.000000 0.000000 0.000000