geotop/1.0zi/1.0Montebello/Templates/testdem/maps/_Erotot0033.asc
ncols         21
nrows         20
xllcorner     100.000000
yllcorner     100.000000
cellsize      50.000000
NODATA_value  -9999.0
0.000000 0.000000 0.000000 0.000000 0.000000 0.000000 0.000000 0.000000 0.000000 0.000000 0.000000 0.000000 0.000000 0.000000 0.000000 0.000000 0.000000 0.000000 0.000000 0.000000 0.000000
0.000000 0.000000 0.232196 0.232196 0.232196 0.232196 0.232196 0.232196 0.232196 0.232196 0.232196 0.232196 0.232196 0.232196 0.232196 0.232196 0.232196 0.232196 0.232196 0.000000 0.000000
0.000000 0.000000 1.917352 1.917359 1.917363 1.917363 1.917363 1.917363 1.917363 1.917363 1.917363 1.917363 1.917363 1.917363 1.917363 1.917363 1.917363 1.917359 1.917352 0.000000 0.000000
0.000000 0.000000 6.703123 6.703103 6.703113 6.703113 6.703113 6.703113 6.703113 6.703113 6.703113 6.703113 6.703113 6.703113 6.703113 6.703113 6.703113 6.703103 6.703123 0.000000 0.000000
0.000000 0.000000 9.529771 9.529786 9.529763 9.529761 9.529761 9.529761 9.529761 9.529761 9.529761 9.529761 9.529761 9.529761 9.529761 9.529761 9.529763 9.529786 9.529771 0.000000 0.000000
0.000000 0.000000 13.036543 13.036528 13.036538 13.036539 13.036539 13.036539 13.036539 13.036539 13.036539 13.036539 13.036539 13.036539 13.036539 13.036539 13.036538 13.036528 13.036543 0.000000 0.000000
0.000000 0.000000 16.741154 16.741140 16.741135 16.741133 16.741133 16.741133 16.741133 16.741133 16.741133 16.741133 16.741133 16.741133 16.741133 16.741133 16.741135 16.741140 16.741154 0.000000 0.000000
0.000000 0.000000 19.916182 19.916162 19.916149 19.916147 19.916147 19.916147 19.916147 19.916147 19.916147 19.916147 19.916147 19.916147 19.916147 19.916147 19.916149 19.916162 19.916182 0.000000 0.000000
0.000000 0.000000 22.657227 22.657199 22.657178 22.657176 22.657176 22.657176 22.657176 22.657176 22.657176 22.657176 22.657176 22.657176 22.657176 22.657176 22.657178 22.657199 22.657227 0.000000 0.000000
0.000000 0.000000 24.986963 24.986929 24.986901 24.986898 24.986898 24.986898 24.986898 24.986898 24.986898 24.986898 24.986898 24.986898 24.986898 24.986898 24.986901 24.986929 24.986963 0.000000 0.000000
0.000000 0.000000 26.999526 26.999484 26.999450 26.999447 26.999447 26.999447 26.999447 26.999447 26.999447 26.999447 26.999447 26.999447 26.999447 26.999447 26.999450 26.999484 26.999526 0.000000 0.000000
0.000000 0.000000 28.787291 28.787243 28.787203 28.787199 28.787199 28.787199 28.787199 28.787199 28.787199 28.787199 28.787199 28.787199 28.787199 28.787199 28.787203 28.787243 28.787291 0.000000 0.000000
0.000000 0.000000 30.284199 30.284145 30.284100 30.284095 30.284095 30.284095 30.284095 30.284095 30.284095 30.284095 30.284095 30.284095 30.284095 30.284095 30.284100 30.284145 30.284199 0.000000 0.000000
0.000000 0.000000 31.724073 31.724013 31.723963 31.723957 31.723957 31.723957 31.723957 31.723957 31.723957 31.723957 31.723957 31.723957 31.723957 31.723957 31.723963 31.724013 31.724073 0.000000 0.000000
0.000000 0.000000 32.948015 32.947950 32.947894 32.947888 32.947888 32.947887 32.947887 32.947887 32.947887 32.947887 32.947887 32.947887 32.947888 32.947888 32.947894 32.947950 32.948015 0.000000 0.000000
0.000000 0.000000 34.017749 34.017678 34.017618 34.017612 34.017611 34.017611 34.017611 34.017611 34.017611 34.017611 34.017611 34.017611 34.017611 34.017612 34.017618 34.017678 34.017749 0.000000 0.000000
0.000000 0.000000 35.000021 34.999909 34.999840 34.999833 34.999833 34.999833 34.999833 34.999833 34.999833 34.999833 34.999833 34.999833 34.999833 34.999833 34.999840 34.999906 34.999983 0.000000 0.000000
0.000000 0.000000 36.415297 36.413082 36.412864 36.412847 36.412847 36.412847 36.412847 36.412847 36.412847 36.412847 36.412847 36.412847 36.412847 36.412847 36.412857 36.412963 36.413102 0.000000 0.000000
0.000000 0.000000 0.000000 0.000000 0.000000 0.000000 0.000000 0.000000 0.000000 0.000000 0.000000 0.000000 0.000000 0.000000 0.000000 0.000000 0.000000 0.000000 0.000000 0.000000 0.000000
0.000000 0.000000 0.000000 0.000000 0.000000 0.000000 0.000000 0.000000 0.000000 0.000000 0.000000 0.000000 0.000000 0.000000 0.000000 0.000000 0.000000 0.000000 0.000000 0.000000 0.000000