geotop/1.0zi/1.0Montebello/Templates/testdem/maps/_Erotot2337.asc
ncols         21
nrows         20
xllcorner     100.000000
yllcorner     100.000000
cellsize      50.000000
NODATA_value  -9999.0
0.000000 0.000000 0.000000 0.000000 0.000000 0.000000 0.000000 0.000000 0.000000 0.000000 0.000000 0.000000 0.000000 0.000000 0.000000 0.000000 0.000000 0.000000 0.000000 0.000000 0.000000
0.000000 0.000000 220.309019 220.310532 220.318955 220.430154 220.300267 220.305741 220.285735 220.318272 220.719470 220.318272 220.285735 220.305741 220.300267 220.430154 220.318955 220.310532 220.309019 0.000000 0.000000
0.000000 0.000000 13.962855 13.742278 11.987144 13.715547 14.006803 13.992013 14.020234 13.993057 13.632224 13.993057 14.020234 13.992013 14.006803 13.715547 11.987144 13.742278 13.962855 0.000000 0.000000
0.000000 0.000000 1583.330316 1583.009556 1583.343891 1581.474558 1583.481466 1582.922257 1582.920174 1583.739113 1583.873509 1583.739113 1582.920174 1582.922257 1583.481466 1581.474558 1583.343891 1583.009556 1583.330316 0.000000 0.000000
0.000000 0.000000 3288.267817 3288.094434 3287.435236 3288.019093 3288.567510 3288.427759 3288.390017 3288.539811 3288.500654 3288.539811 3288.390017 3288.427759 3288.567510 3288.019093 3287.435236 3288.094434 3288.267817 0.000000 0.000000
0.000000 0.000000 4263.040792 4262.833695 4262.269520 4262.420254 4263.237265 4262.942043 4262.961757 4263.304232 4263.388821 4263.304232 4262.961757 4262.942043 4263.237265 4262.420254 4262.269520 4262.833695 4263.040792 0.000000 0.000000
0.000000 0.000000 5574.272539 5574.100138 5573.582511 5573.723896 5574.422564 5574.167017 5574.192388 5574.496928 5574.591611 5574.496928 5574.192388 5574.167017 5574.422564 5573.723896 5573.582511 5574.100138 5574.272539 0.000000 0.000000
0.000000 0.000000 6815.373032 6815.228110 6814.745141 6814.889659 6815.491581 6815.271494 6815.294251 6815.567577 6815.659081 6815.567577 6815.294251 6815.271494 6815.491581 6814.889659 6814.745141 6815.228110 6815.373032 0.000000 0.000000
0.000000 0.000000 7977.764176 7977.631237 7977.171532 7977.316082 7977.870840 7977.667458 7977.688844 7977.946509 7978.034664 7977.946509 7977.688844 7977.667458 7977.870840 7977.316082 7977.171532 7977.631237 7977.764176 0.000000 0.000000
0.000000 0.000000 9077.632583 9077.528311 9077.078642 9077.262464 9077.726589 9077.544374 9077.570460 9077.805518 9077.889860 9077.805518 9077.570460 9077.544374 9077.726589 9077.262464 9077.078642 9077.528311 9077.632583 0.000000 0.000000
0.000000 0.000000 10119.452234 10119.341058 10118.910615 10119.070426 10119.545632 10119.363799 10119.385765 10119.617887 10119.697431 10119.617887 10119.385765 10119.363799 10119.545632 10119.070426 10118.910615 10119.341058 10119.452234 0.000000 0.000000
0.000000 0.000000 11115.411663 11115.299941 11114.884884 11115.038928 11115.500290 11115.325624 11115.346354 11115.571259 11115.649441 11115.571259 11115.346354 11115.325624 11115.500290 11115.038928 11114.884884 11115.299941 11115.411663 0.000000 0.000000
0.000000 0.000000 12075.083673 12074.976595 12074.567475 12074.723315 12075.165659 12074.995226 12075.016063 12075.235504 12075.310837 12075.235504 12075.016063 12074.995226 12075.165659 12074.723315 12074.567475 12074.976595 12075.083673 0.000000 0.000000
0.000000 0.000000 13003.866534 13003.767162 13003.366557 13003.541407 13003.946310 13003.782370 13003.804845 13004.016318 13004.089750 13004.016318 13003.804845 13003.782370 13003.946310 13003.541407 13003.366557 13003.767162 13003.866534 0.000000 0.000000
0.000000 0.000000 13904.194082 13904.092813 13903.695099 13903.859117 13904.269764 13904.106932 13904.128064 13904.338200 13904.409666 13904.338200 13904.128064 13904.106932 13904.269764 13903.859117 13903.695099 13904.092813 13904.194082 0.000000 0.000000
0.000000 0.000000 14776.298996 14776.199814 14775.812894 14775.970270 14776.369085 14776.210817 14776.231778 14776.436721 14776.506667 14776.436721 14776.231778 14776.210817 14776.369085 14775.970270 14775.812894 14776.199814 14776.298992 0.000000 0.000000
0.000000 0.000000 15624.020885 15623.923095 15623.537536 15623.698262 15624.088956 15623.932245 15623.952650 15624.153365 15624.221335 15624.153365 15623.952650 15623.932245 15624.088956 15623.698262 15623.537535 15623.923074 15624.020410 0.000000 0.000000
0.000000 0.000000 16482.802552 16483.077617 16482.698263 16482.854830 16483.241889 16483.088032 16483.106495 16483.304228 16483.369526 16483.304228 16483.106495 16483.088032 16483.241889 16482.854829 16482.698244 16483.074107 16483.168752 0.000000 0.000000
0.000000 0.000000 0.000000 0.000000 0.000000 0.000000 0.000000 0.000000 0.000000 0.000000 0.000000 0.000000 0.000000 0.000000 0.000000 0.000000 0.000000 0.000000 0.000000 0.000000 0.000000
0.000000 0.000000 0.000000 0.000000 0.000000 0.000000 0.000000 0.000000 0.000000 0.000000 0.000000 0.000000 0.000000 0.000000 0.000000 0.000000 0.000000 0.000000 0.000000 0.000000 0.000000