geotop/1.0zi/1.0Montebello/Templates/testdem/maps/_Erotot9669.asc
ncols         21
nrows         20
xllcorner     100.000000
yllcorner     100.000000
cellsize      50.000000
NODATA_value  -9999.0
0.000000 0.000000 0.000000 0.000000 0.000000 0.000000 0.000000 0.000000 0.000000 0.000000 0.000000 0.000000 0.000000 0.000000 0.000000 0.000000 0.000000 0.000000 0.000000 0.000000 0.000000
0.000000 0.000000 811.887568 812.038551 810.858908 810.396542 808.824519 808.387297 808.483557 808.542301 808.896019 808.335355 808.194385 808.228365 809.193188 809.775405 811.135588 812.369813 813.019617 0.000000 0.000000
0.000000 0.000000 61.258356 59.909524 60.203590 59.981961 60.716239 60.223889 59.860976 59.706811 59.943401 60.099210 60.270006 60.343419 60.229448 59.743705 58.719690 57.822789 58.610520 0.000000 0.000000
0.000000 0.000000 536.586859 540.434961 525.977353 518.551121 517.981021 509.980894 517.049303 518.994321 515.097233 516.011701 520.312172 519.724105 528.551981 539.093960 541.999229 540.513789 545.924949 0.000000 0.000000
0.000000 0.000000 4510.980480 4505.289091 4501.675939 4463.193083 4436.918435 4421.529403 4413.979890 4408.076053 4413.904450 4419.532750 4419.551004 4413.820404 4433.665025 4439.888171 4458.650740 4470.014196 4470.964447 0.000000 0.000000
0.000000 0.000000 6712.213281 6705.678834 6700.880053 6703.015805 6675.050713 6662.311133 6666.047907 6664.774507 6659.361685 6652.787528 6650.597261 6654.842321 6656.717637 6684.010444 6684.199520 6691.615437 6693.544806 0.000000 0.000000
0.000000 0.000000 8250.307855 8244.242698 8240.426805 8227.406952 8220.538821 8183.943084 8183.270853 8179.989073 8178.388480 8182.411737 8182.947092 8184.122871 8219.603257 8223.920480 8233.519022 8236.484411 8241.559456 0.000000 0.000000
0.000000 0.000000 9885.702380 9881.688571 9875.017297 9859.338988 9848.828401 9844.702580 9845.283248 9842.831551 9841.729734 9837.710772 9837.055246 9844.231571 9842.733089 9854.233564 9869.969492 9867.587068 9873.815625 0.000000 0.000000
0.000000 0.000000 11959.904882 11953.635701 11944.789929 11938.970161 11921.354489 11898.320721 11901.508944 11897.200444 11892.988963 11892.544925 11895.851545 11889.326388 11916.444912 11932.083874 11934.924020 11938.737889 11941.207430 0.000000 0.000000
0.000000 0.000000 14386.253331 14376.036745 14371.702277 14362.484105 14346.552611 14326.632400 14325.502558 14323.127330 14317.507562 14321.907451 14325.354279 14324.639406 14333.355511 14355.145946 14363.588962 14367.778838 14366.946693 0.000000 0.000000
0.000000 0.000000 17104.359320 17099.293036 17095.575868 17060.037320 17059.476375 17030.279839 17038.705555 17019.947344 17024.879683 17020.512058 17012.480718 17024.280546 17040.920667 17046.458436 17062.721308 17066.128054 17084.875044 0.000000 0.000000
0.000000 0.000000 20159.434788 20143.750957 20123.148787 20120.142137 20107.396083 20073.390216 20071.742805 20073.450377 20079.508248 20063.302563 20071.807126 20068.440844 20099.539658 20115.843712 20118.050195 20124.382541 20150.873039 0.000000 0.000000
0.000000 0.000000 23421.057855 23409.850532 23411.448870 23388.439390 23368.160446 23287.822748 23282.061534 23279.225867 23239.079958 23265.840592 23267.292563 23275.723922 23336.691322 23346.460719 23383.415257 23382.899710 23387.527679 0.000000 0.000000
0.000000 0.000000 27315.751983 27314.475905 27284.046237 27268.130620 27157.653581 27220.074203 27191.459777 27192.347334 27211.892520 27192.727626 27190.914006 27176.004181 27114.985044 27245.073713 27244.742511 27277.301740 27292.925549 0.000000 0.000000
0.000000 0.000000 31453.832059 31441.561492 31421.565427 31291.594314 31366.569421 31278.873472 31258.361582 31250.103613 31218.603720 31207.179111 31221.331768 31223.691601 31302.278104 31223.203714 31406.200842 31357.887082 31346.104893 0.000000 0.000000
0.000000 0.000000 34968.574991 34960.727837 34817.216573 34909.432599 34885.575447 34897.255114 34971.189941 34949.966302 34987.544391 34980.868801 34952.745833 34988.557444 34962.617997 34991.398393 34795.864855 35027.257506 35018.154050 0.000000 0.000000
0.000000 0.000000 38005.851894 37883.653406 37950.011021 37894.686585 37830.731756 37814.847465 37767.019327 37781.469747 37735.147933 37742.103942 37767.836829 37742.899375 37777.887766 37814.956061 37943.781496 37822.680419 37952.812113 0.000000 0.000000
0.000000 0.000000 38909.561926 38989.179228 39071.817165 39065.510002 39062.776521 38995.551890 39004.662659 38981.913896 39013.454816 39007.798818 39008.483854 39011.569209 39065.603473 39070.611379 39080.856296 39004.479421 38926.530194 0.000000 0.000000
0.000000 0.000000 0.000000 0.000000 0.000000 0.000000 0.000000 0.000000 0.000000 0.000000 0.000000 0.000000 0.000000 0.000000 0.000000 0.000000 0.000000 0.000000 0.000000 0.000000 0.000000
0.000000 0.000000 0.000000 0.000000 0.000000 0.000000 0.000000 0.000000 0.000000 0.000000 0.000000 0.000000 0.000000 0.000000 0.000000 0.000000 0.000000 0.000000 0.000000 0.000000 0.000000