geotop/1.0zi/1.0Montebello/Templates/testdem/maps/_Erotot3488.asc
ncols         21
nrows         20
xllcorner     100.000000
yllcorner     100.000000
cellsize      50.000000
NODATA_value  -9999.0
0.000000 0.000000 0.000000 0.000000 0.000000 0.000000 0.000000 0.000000 0.000000 0.000000 0.000000 0.000000 0.000000 0.000000 0.000000 0.000000 0.000000 0.000000 0.000000 0.000000 0.000000
0.000000 0.000000 372.918181 372.921037 372.924583 373.043564 372.911110 372.916872 372.890527 372.930502 372.945206 372.930502 372.890527 372.916872 372.911110 373.043564 372.924583 372.921037 372.918181 0.000000 0.000000
0.000000 0.000000 11.521202 11.282635 9.526559 11.208227 11.524364 11.449845 11.569016 11.465260 11.832771 11.465260 11.569016 11.449845 11.524364 11.208227 9.526559 11.282635 11.521202 0.000000 0.000000
0.000000 0.000000 2737.300553 2737.035651 2737.180377 2735.351148 2737.235047 2736.525262 2736.344658 2737.141224 2737.276393 2737.141224 2736.344658 2736.525262 2737.235047 2735.351148 2737.180377 2737.035651 2737.300553 0.000000 0.000000
0.000000 0.000000 5188.218478 5188.042067 5187.342201 5187.920186 5188.454360 5188.285182 5188.265381 5188.362464 5188.388582 5188.362464 5188.265381 5188.285182 5188.454360 5187.920186 5187.342201 5188.042067 5188.218478 0.000000 0.000000
0.000000 0.000000 6718.155191 6717.975412 6717.367883 6717.503827 6718.298363 6717.891834 6717.874784 6718.153000 6718.379146 6718.153000 6717.874784 6717.891834 6718.298363 6717.503827 6717.367883 6717.975412 6718.155191 0.000000 0.000000
0.000000 0.000000 8655.147426 8655.005799 8654.457186 8654.578693 8655.267014 8654.909968 8654.899255 8655.141087 8655.365284 8655.141087 8654.899255 8654.909968 8655.267014 8654.578693 8654.457186 8655.005799 8655.147426 0.000000 0.000000
0.000000 0.000000 10442.688684 10442.575359 10442.077389 10442.202212 10442.791657 10442.484015 10442.477055 10442.690462 10442.892391 10442.690462 10442.477055 10442.484015 10442.791657 10442.202212 10442.077389 10442.575359 10442.688684 0.000000 0.000000
0.000000 0.000000 12082.971226 12082.871868 12082.409133 12082.532293 12083.072628 12082.794579 12082.787315 12082.984615 12083.174476 12082.984615 12082.787315 12082.794579 12083.072628 12082.532293 12082.409133 12082.871868 12082.971226 0.000000 0.000000
0.000000 0.000000 13604.073994 13604.003157 13603.559451 13603.719182 13604.170298 13603.921715 13603.919522 13604.095791 13604.268576 13604.095791 13603.919522 13603.921715 13604.170298 13603.719182 13603.559451 13604.003157 13604.073994 0.000000 0.000000
0.000000 0.000000 15016.410275 15016.333557 15015.918758 15016.053472 15016.509949 15016.270528 15016.266436 15016.440506 15016.603068 15016.440506 15016.266436 15016.270528 15016.509949 15016.053472 15015.918758 15016.333557 15016.410275 0.000000 0.000000
0.000000 0.000000 16345.927462 16345.854403 16345.467594 16345.597452 16346.038026 16345.812765 16345.805999 16345.978310 16346.130092 16345.978310 16345.805999 16345.812765 16346.038026 16345.597452 16345.467594 16345.854403 16345.927462 0.000000 0.000000
0.000000 0.000000 17601.369249 17601.302568 17600.928414 17601.059228 17601.475877 17601.264045 17601.258473 17601.425736 17601.567572 17601.425736 17601.258473 17601.264045 17601.475877 17601.059228 17600.928414 17601.302568 17601.369249 0.000000 0.000000
0.000000 0.000000 18796.792293 18796.733439 18796.374152 18796.520639 18796.898683 18796.697841 18796.694863 18796.853875 18796.988533 18796.853875 18796.694863 18796.697841 18796.898683 18796.520639 18796.374152 18796.733439 18796.792293 0.000000 0.000000
0.000000 0.000000 19936.643472 19936.579983 19936.229173 19936.363281 19936.742066 19936.555424 19936.555222 19936.712247 19936.839918 19936.712247 19936.555222 19936.555424 19936.742066 19936.363281 19936.229173 19936.579983 19936.643472 0.000000 0.000000
0.000000 0.000000 21023.749370 21023.688518 21023.351465 21023.477724 21023.842047 21023.661110 21023.660547 21023.810709 21023.933797 21023.810709 21023.660547 21023.661110 21023.842047 21023.477724 21023.351465 21023.688518 21023.749366 0.000000 0.000000
0.000000 0.000000 22066.093500 22066.033719 22065.703029 22065.832503 22066.179688 22066.005836 22066.005690 22066.151064 22066.266723 22066.151064 22066.005690 22066.005836 22066.179688 22065.832503 22065.703028 22066.033698 22066.093403 0.000000 0.000000
0.000000 0.000000 23117.065208 23117.549531 23117.228780 23117.353738 23117.691888 23117.524898 23117.524186 23117.664793 23117.776370 23117.664793 23117.524186 23117.524898 23117.691887 23117.353738 23117.228763 23117.546217 23117.602782 0.000000 0.000000
0.000000 0.000000 0.000000 0.000000 0.000000 0.000000 0.000000 0.000000 0.000000 0.000000 0.000000 0.000000 0.000000 0.000000 0.000000 0.000000 0.000000 0.000000 0.000000 0.000000 0.000000
0.000000 0.000000 0.000000 0.000000 0.000000 0.000000 0.000000 0.000000 0.000000 0.000000 0.000000 0.000000 0.000000 0.000000 0.000000 0.000000 0.000000 0.000000 0.000000 0.000000 0.000000