geotop/1.0zi/1.0Montebello/Templates/testdem/maps/_Erotot1388.asc
ncols         21
nrows         20
xllcorner     100.000000
yllcorner     100.000000
cellsize      50.000000
NODATA_value  -9999.0
0.000000 0.000000 0.000000 0.000000 0.000000 0.000000 0.000000 0.000000 0.000000 0.000000 0.000000 0.000000 0.000000 0.000000 0.000000 0.000000 0.000000 0.000000 0.000000 0.000000 0.000000
0.000000 0.000000 157.168322 157.169736 157.204634 157.180114 157.161178 157.169763 157.171359 157.166100 157.166782 157.166100 157.171359 157.169763 157.161178 157.180114 157.204634 157.169736 157.168322 0.000000 0.000000
0.000000 0.000000 9.690358 9.470535 7.694477 9.552456 9.733690 9.717559 9.727465 9.735187 9.733187 9.735187 9.727465 9.717559 9.733690 9.552456 7.694477 9.470535 9.690358 0.000000 0.000000
0.000000 0.000000 1116.554781 1116.334180 1116.302054 1114.310864 1116.648861 1116.223730 1116.168498 1116.769176 1116.721378 1116.769176 1116.168498 1116.223730 1116.648861 1114.310864 1116.302054 1116.334180 1116.554781 0.000000 0.000000
0.000000 0.000000 2041.710413 2041.484409 2040.729225 2041.427646 2041.875981 2041.686538 2041.640512 2041.795247 2041.751490 2041.795247 2041.640512 2041.686538 2041.875981 2041.427646 2040.729225 2041.484409 2041.710413 0.000000 0.000000
0.000000 0.000000 2679.216268 2679.036899 2678.269407 2678.465921 2679.375199 2679.126996 2679.097404 2679.339146 2679.315676 2679.339146 2679.097404 2679.126996 2679.375199 2678.465921 2678.269407 2679.036899 2679.216268 0.000000 0.000000
0.000000 0.000000 3495.856812 3495.713243 3495.020858 3495.214850 3495.994836 3495.785084 3495.763924 3495.965521 3495.945386 3495.965521 3495.763924 3495.785084 3495.994836 3495.214850 3495.020858 3495.713243 3495.856812 0.000000 0.000000
0.000000 0.000000 4273.545862 4273.421776 4272.781796 4272.973983 4273.664247 4273.482364 4273.465652 4273.644006 4273.626831 4273.644006 4273.465652 4273.482364 4273.664247 4272.973983 4272.781796 4273.421776 4273.545862 0.000000 0.000000
0.000000 0.000000 5010.390633 5010.277151 5009.669372 5009.855819 5010.499083 5010.330925 5010.316805 5010.482832 5010.466147 5010.482832 5010.316805 5010.330925 5010.499083 5009.855819 5009.669372 5010.277151 5010.390633 0.000000 0.000000
0.000000 0.000000 5715.262351 5715.176225 5714.581879 5714.804862 5715.359992 5715.210272 5715.203156 5715.350841 5715.333954 5715.350841 5715.203156 5715.210272 5715.359992 5714.804862 5714.581879 5715.176225 5715.262351 0.000000 0.000000
0.000000 0.000000 6392.844844 6392.749387 6392.174383 6392.370396 6392.942749 6392.790787 6392.780672 6392.929889 6392.911921 6392.929889 6392.780672 6392.790787 6392.942749 6392.370396 6392.174383 6392.749387 6392.844844 0.000000 0.000000
0.000000 0.000000 7049.030957 7048.932987 7048.373094 7048.559093 7049.123426 7048.975431 7048.966048 7049.113067 7049.096201 7049.113067 7048.966048 7048.975431 7049.123426 7048.559093 7048.373094 7048.932987 7049.030957 0.000000 0.000000
0.000000 0.000000 7689.261438 7689.166013 7688.614192 7688.800967 7689.351288 7689.205517 7689.196839 7689.341110 7689.323676 7689.341110 7689.196839 7689.205517 7689.351288 7688.800967 7688.614192 7689.166013 7689.261438 0.000000 0.000000
0.000000 0.000000 8313.954731 8313.866007 8313.320273 8313.526773 8314.042040 8313.900803 8313.894729 8314.033989 8314.015966 8314.033989 8313.894729 8313.900803 8314.042040 8313.526773 8313.320273 8313.866007 8313.954731 0.000000 0.000000
0.000000 0.000000 8926.376286 8926.285191 8925.741901 8925.937429 8926.463328 8926.321136 8926.314059 8926.454925 8926.436222 8926.454925 8926.314059 8926.321136 8926.463328 8925.937429 8925.741901 8926.285191 8926.376286 0.000000 0.000000
0.000000 0.000000 9527.832940 9527.742850 9527.213320 9527.401183 9527.918760 9527.779752 9527.772583 9527.910044 9527.891536 9527.910044 9527.772583 9527.779752 9527.918760 9527.401183 9527.213320 9527.742850 9527.832937 0.000000 0.000000
0.000000 0.000000 10116.076907 10115.987762 10115.458954 10115.650098 10116.165436 10116.024461 10116.017335 10116.154056 10116.134425 10116.154056 10116.017335 10116.024461 10116.165436 10115.650098 10115.458954 10115.987744 10116.076588 0.000000 0.000000
0.000000 0.000000 10722.782091 10722.978105 10722.451916 10722.634219 10723.152458 10723.010052 10723.003026 10723.142101 10723.122221 10723.142101 10723.003026 10723.010052 10723.152458 10722.634218 10722.451899 10722.975062 10723.064526 0.000000 0.000000
0.000000 0.000000 0.000000 0.000000 0.000000 0.000000 0.000000 0.000000 0.000000 0.000000 0.000000 0.000000 0.000000 0.000000 0.000000 0.000000 0.000000 0.000000 0.000000 0.000000 0.000000
0.000000 0.000000 0.000000 0.000000 0.000000 0.000000 0.000000 0.000000 0.000000 0.000000 0.000000 0.000000 0.000000 0.000000 0.000000 0.000000 0.000000 0.000000 0.000000 0.000000 0.000000