geotop/1.0zi/1.0Montebello/Templates/testdem/maps/_Erotot1838.asc
ncols         21
nrows         20
xllcorner     100.000000
yllcorner     100.000000
cellsize      50.000000
NODATA_value  -9999.0
0.000000 0.000000 0.000000 0.000000 0.000000 0.000000 0.000000 0.000000 0.000000 0.000000 0.000000 0.000000 0.000000 0.000000 0.000000 0.000000 0.000000 0.000000 0.000000 0.000000 0.000000
0.000000 0.000000 198.807342 198.809357 198.845926 198.830695 198.796904 198.809735 198.811803 198.804003 198.805110 198.804003 198.811803 198.809735 198.796904 198.830695 198.845926 198.809357 198.807342 0.000000 0.000000
0.000000 0.000000 10.779727 10.558931 8.778791 10.625501 10.825411 10.803869 10.811970 10.821100 10.818030 10.821100 10.811970 10.803869 10.825411 10.625501 8.778791 10.558931 10.779727 0.000000 0.000000
0.000000 0.000000 1365.821491 1365.612958 1365.819257 1363.895711 1366.123638 1365.710759 1365.662195 1366.300552 1366.312442 1366.300552 1365.662195 1365.710759 1366.123638 1363.895711 1365.819257 1365.612958 1365.821491 0.000000 0.000000
0.000000 0.000000 2653.942750 2653.729939 2653.129431 2653.812189 2654.273341 2654.076091 2654.025197 2654.188992 2654.160247 2654.188992 2654.025197 2654.076091 2654.273341 2653.812189 2653.129431 2653.729939 2653.942750 0.000000 0.000000
0.000000 0.000000 3462.080360 3461.913000 3461.309466 3461.514118 3462.394381 3462.147704 3462.119984 3462.377227 3462.416685 3462.377227 3462.119984 3462.147704 3462.394381 3461.514118 3461.309466 3461.913000 3462.080360 0.000000 0.000000
0.000000 0.000000 4514.592957 4514.458641 4513.900290 4514.098427 4514.853146 4514.642812 4514.625458 4514.850398 4514.904546 4514.850398 4514.625458 4514.642812 4514.853146 4514.098427 4513.900290 4514.458641 4514.592957 0.000000 0.000000
0.000000 0.000000 5514.343440 5514.232717 5513.709425 5513.903822 5514.562310 5514.382529 5514.366921 5514.567385 5514.623206 5514.567385 5514.366921 5514.382529 5514.562310 5513.903822 5513.709425 5514.232717 5514.343440 0.000000 0.000000
0.000000 0.000000 6457.468830 6457.366594 6456.865988 6457.053484 6457.668898 6457.502147 6457.488233 6457.678355 6457.734376 6457.678355 6457.488233 6457.502147 6457.668898 6457.053484 6456.865988 6457.366594 6457.468830 0.000000 0.000000
0.000000 0.000000 7354.681531 7354.605987 7354.114189 7354.336333 7354.863821 7354.715958 7354.709029 7354.879887 7354.934583 7354.879887 7354.709029 7354.715958 7354.863821 7354.336333 7354.114189 7354.605987 7354.681531 0.000000 0.000000
0.000000 0.000000 8210.564444 8210.479620 8210.004876 8210.199037 8210.742238 8210.592973 8210.583226 8210.754336 8210.807065 8210.754336 8210.583226 8210.592973 8210.742238 8210.199037 8210.004876 8210.479620 8210.564444 0.000000 0.000000
0.000000 0.000000 9034.007350 9033.920276 9033.459625 9033.643255 9034.176432 9034.031918 9034.023136 9034.190705 9034.243769 9034.190705 9034.023136 9034.031918 9034.176432 9033.643255 9033.459625 9033.920276 9034.007350 0.000000 0.000000
0.000000 0.000000 9832.768669 9832.684457 9832.228426 9832.412009 9832.929425 9832.787938 9832.779904 9832.943655 9832.995441 9832.943655 9832.779904 9832.787938 9832.929425 9832.412009 9832.228426 9832.684457 9832.768669 0.000000 0.000000
0.000000 0.000000 10608.661819 10608.584201 10608.134928 10608.336516 10608.818277 10608.681920 10608.676512 10608.834162 10608.884960 10608.834162 10608.676512 10608.681920 10608.818277 10608.336516 10608.134928 10608.584201 10608.661819 0.000000 0.000000
0.000000 0.000000 11365.131205 11365.050720 11364.601772 11364.791574 11365.281955 11365.145657 11365.139445 11365.297518 11365.347407 11365.297518 11365.139445 11365.145657 11365.281955 11364.791574 11364.601772 11365.050720 11365.131205 0.000000 0.000000
0.000000 0.000000 12104.018439 12103.939025 12103.500013 12103.681815 12104.162632 12104.030006 12104.024219 12104.178494 12104.228167 12104.178494 12104.024219 12104.030006 12104.162632 12103.681815 12103.500013 12103.939025 12104.018435 0.000000 0.000000
0.000000 0.000000 12824.365277 12824.286554 12823.846659 12824.031010 12824.506589 12824.373611 12824.367880 12824.519928 12824.568392 12824.519928 12824.367880 12824.373611 12824.506589 12824.031010 12823.846659 12824.286533 12824.364897 0.000000 0.000000
0.000000 0.000000 13561.908562 13562.168068 13561.734916 13561.910709 13562.385793 13562.252350 13562.246743 13562.399644 13562.447377 13562.399644 13562.246743 13562.252350 13562.385793 13561.910709 13561.734897 13562.164719 13562.242988 0.000000 0.000000
0.000000 0.000000 0.000000 0.000000 0.000000 0.000000 0.000000 0.000000 0.000000 0.000000 0.000000 0.000000 0.000000 0.000000 0.000000 0.000000 0.000000 0.000000 0.000000 0.000000 0.000000
0.000000 0.000000 0.000000 0.000000 0.000000 0.000000 0.000000 0.000000 0.000000 0.000000 0.000000 0.000000 0.000000 0.000000 0.000000 0.000000 0.000000 0.000000 0.000000 0.000000 0.000000