geotop/1.0zi/1.0Montebello/Templates/testdem/maps/_Erotot0801.asc
ncols         21
nrows         20
xllcorner     100.000000
yllcorner     100.000000
cellsize      50.000000
NODATA_value  -9999.0
0.000000 0.000000 0.000000 0.000000 0.000000 0.000000 0.000000 0.000000 0.000000 0.000000 0.000000 0.000000 0.000000 0.000000 0.000000 0.000000 0.000000 0.000000 0.000000 0.000000 0.000000
0.000000 0.000000 59.159377 59.160328 59.193867 59.164948 59.158531 59.160296 59.161068 59.158670 59.158876 59.158670 59.161068 59.160296 59.158531 59.164948 59.193867 59.160328 59.159377 0.000000 0.000000
0.000000 0.000000 6.421412 6.204437 4.432182 6.297775 6.463897 6.448701 6.464820 6.469030 6.468562 6.469030 6.464820 6.448701 6.463897 6.297775 4.432182 6.204437 6.421412 0.000000 0.000000
0.000000 0.000000 665.312140 664.869425 665.118703 662.826693 665.289912 665.163439 664.998111 665.283906 665.221680 665.283906 664.998111 665.163439 665.289912 662.826693 665.118703 664.869425 665.312140 0.000000 0.000000
0.000000 0.000000 1119.134020 1118.869016 1118.166381 1118.798128 1119.181302 1119.112070 1119.049122 1119.170963 1119.163179 1119.170963 1119.049122 1119.112070 1119.181302 1118.798128 1118.166381 1118.869016 1119.134020 0.000000 0.000000
0.000000 0.000000 1503.790718 1503.515670 1502.856489 1502.909937 1503.793915 1503.747656 1503.687359 1503.815795 1503.797071 1503.815795 1503.687359 1503.747656 1503.793915 1502.909937 1502.856489 1503.515670 1503.790718 0.000000 0.000000
0.000000 0.000000 1976.633717 1976.409852 1975.803390 1975.872161 1976.615716 1976.599313 1976.553654 1976.655082 1976.639304 1976.655082 1976.553654 1976.599313 1976.615716 1975.872161 1975.803390 1976.409852 1976.633717 0.000000 0.000000
0.000000 0.000000 2430.500366 2430.302823 2429.734915 2429.814181 2430.474845 2430.470921 2430.432564 2430.519151 2430.505198 2430.519151 2430.432564 2430.470921 2430.474845 2429.814181 2429.734915 2430.302823 2430.500366 0.000000 0.000000
0.000000 0.000000 2863.776217 2863.591978 2863.049193 2863.128618 2863.747226 2863.748822 2863.714036 2863.792924 2863.779684 2863.792924 2863.714036 2863.748822 2863.747226 2863.128618 2863.049193 2863.591978 2863.776217 0.000000 0.000000
0.000000 0.000000 3280.627241 3280.472248 3279.937901 3280.058514 3280.592514 3280.607023 3280.579892 3280.643227 3280.630369 3280.643227 3280.579892 3280.607023 3280.592514 3280.058514 3279.937901 3280.472248 3280.627241 0.000000 0.000000
0.000000 0.000000 3683.909297 3683.744114 3683.226071 3683.321820 3683.877055 3683.886234 3683.856616 3683.923051 3683.909601 3683.923051 3683.856616 3683.886234 3683.877055 3683.321820 3683.226071 3683.744114 3683.909297 0.000000 0.000000
0.000000 0.000000 4076.961520 4076.793060 4076.286627 4076.373640 4076.926756 4076.936388 4076.907474 4076.973462 4076.961284 4076.973462 4076.907474 4076.936388 4076.926756 4076.373640 4076.286627 4076.793060 4076.961520 0.000000 0.000000
0.000000 0.000000 4461.830438 4461.663504 4461.162409 4461.251474 4461.794657 4461.804247 4461.776059 4461.840468 4461.828267 4461.840468 4461.776059 4461.804247 4461.794657 4461.251474 4461.162409 4461.663504 4461.830438 0.000000 0.000000
0.000000 0.000000 4841.097726 4840.936549 4840.439650 4840.550420 4841.060546 4841.073873 4841.048174 4841.107613 4841.095317 4841.107613 4841.048174 4841.073873 4841.060546 4840.550420 4840.439650 4840.936549 4841.097726 0.000000 0.000000
0.000000 0.000000 5215.425485 5215.260354 5214.763442 5214.863199 5215.388189 5215.400190 5215.373609 5215.434955 5215.422094 5215.434955 5215.373609 5215.400190 5215.388189 5214.863199 5214.763442 5215.260354 5215.425485 0.000000 0.000000
0.000000 0.000000 5585.771193 5585.608436 5585.121986 5585.216635 5585.734515 5585.747518 5585.721411 5585.781342 5585.767912 5585.781342 5585.721411 5585.747518 5585.734515 5585.216635 5585.121986 5585.608436 5585.771189 0.000000 0.000000
0.000000 0.000000 5950.648559 5950.482931 5949.994032 5950.089986 5950.611810 5950.622566 5950.596045 5950.657216 5950.643425 5950.657216 5950.596045 5950.622566 5950.611810 5950.089986 5949.994031 5950.482917 5950.648138 0.000000 0.000000
0.000000 0.000000 6325.328534 6325.311710 6324.824987 6324.910165 6325.441266 6325.450938 6325.423922 6325.486698 6325.472771 6325.486698 6325.423922 6325.450938 6325.441266 6324.910164 6324.824973 6325.309477 6325.477925 0.000000 0.000000
0.000000 0.000000 0.000000 0.000000 0.000000 0.000000 0.000000 0.000000 0.000000 0.000000 0.000000 0.000000 0.000000 0.000000 0.000000 0.000000 0.000000 0.000000 0.000000 0.000000 0.000000
0.000000 0.000000 0.000000 0.000000 0.000000 0.000000 0.000000 0.000000 0.000000 0.000000 0.000000 0.000000 0.000000 0.000000 0.000000 0.000000 0.000000 0.000000 0.000000 0.000000 0.000000