geotop/1.0zi/1.0Montebello/Templates/testdem/maps/_Erotot5896.asc
ncols         21
nrows         20
xllcorner     100.000000
yllcorner     100.000000
cellsize      50.000000
NODATA_value  -9999.0
0.000000 0.000000 0.000000 0.000000 0.000000 0.000000 0.000000 0.000000 0.000000 0.000000 0.000000 0.000000 0.000000 0.000000 0.000000 0.000000 0.000000 0.000000 0.000000 0.000000 0.000000
0.000000 0.000000 453.758078 452.955539 452.768625 452.554794 452.516621 452.616479 452.560610 452.738674 452.641939 452.440306 452.378090 452.457122 452.570996 452.478157 452.677357 452.875402 453.299666 0.000000 0.000000
0.000000 0.000000 33.848997 34.522298 34.819629 35.992445 35.729805 35.489404 35.316291 35.093317 35.308158 35.666694 35.478793 35.223444 35.666009 35.439649 34.602989 33.766585 33.151326 0.000000 0.000000
0.000000 0.000000 188.336524 189.563118 181.836368 178.848012 180.207628 175.123002 174.739655 174.442658 173.479348 171.107816 173.704887 171.943913 175.481117 180.986910 180.879781 184.149383 187.412301 0.000000 0.000000
0.000000 0.000000 1825.101686 1829.202913 1833.092761 1814.208612 1798.899014 1788.055141 1790.663842 1787.706100 1791.444969 1795.591956 1792.367528 1790.468688 1801.240973 1801.881398 1809.558366 1816.967536 1819.087736 0.000000 0.000000
0.000000 0.000000 3300.721364 3295.226944 3292.647181 3287.942188 3279.790335 3272.445985 3270.681838 3270.766792 3269.598957 3267.451348 3264.800148 3267.062003 3267.066576 3282.397565 3287.457025 3290.833964 3292.843376 0.000000 0.000000
0.000000 0.000000 4370.311485 4367.609916 4364.371685 4359.873917 4346.831673 4330.123329 4330.192881 4326.647500 4328.389244 4331.156532 4333.062448 4334.273665 4354.362028 4364.027388 4368.979500 4370.597878 4375.918275 0.000000 0.000000
0.000000 0.000000 5028.227953 5029.516119 5028.164009 5021.663033 5021.001047 5013.919948 5014.470607 5014.849503 5013.584622 5011.172836 5010.944444 5014.522774 5014.741133 5017.419269 5025.827180 5024.189444 5027.306756 0.000000 0.000000
0.000000 0.000000 5928.378765 5925.628346 5921.110695 5921.886678 5915.169471 5904.657410 5905.109697 5902.465701 5899.996570 5901.188562 5902.423043 5897.284725 5910.610489 5918.804746 5921.048646 5921.977389 5923.512860 0.000000 0.000000
0.000000 0.000000 6970.807818 6968.355097 6970.080484 6969.250561 6954.398579 6947.351330 6948.765360 6947.850221 6945.793941 6948.902688 6951.887763 6950.305964 6953.671079 6964.131190 6968.109550 6968.395060 6969.211067 0.000000 0.000000
0.000000 0.000000 8095.122227 8095.244432 8094.943496 8080.519946 8077.807637 8067.034288 8070.582731 8061.495635 8063.918973 8062.965597 8058.289028 8065.625389 8070.169536 8071.734127 8078.488109 8084.470066 8091.831023 0.000000 0.000000
0.000000 0.000000 9271.519843 9266.873000 9261.524420 9259.601030 9255.563841 9240.715927 9239.728984 9238.828782 9245.502366 9238.427677 9240.495938 9240.024483 9255.695088 9259.134534 9260.700312 9261.291132 9280.774859 0.000000 0.000000
0.000000 0.000000 10463.079662 10461.108874 10461.785532 10454.180909 10450.020751 10423.125464 10421.895884 10421.567934 10407.152315 10416.160600 10420.126210 10422.104034 10438.548739 10442.580870 10456.669591 10456.113687 10463.026789 0.000000 0.000000
0.000000 0.000000 11770.059347 11771.379337 11764.079707 11762.810571 11734.994056 11743.280832 11732.763931 11734.203815 11735.444979 11734.983557 11733.491934 11730.103430 11720.239935 11750.269245 11755.801402 11766.544231 11773.654046 0.000000 0.000000
0.000000 0.000000 13182.301438 13177.221374 13173.716702 13149.176364 13148.810978 13133.204113 13120.279547 13118.696104 13113.714812 13107.468729 13110.720857 13108.903178 13123.999233 13127.909506 13169.474093 13160.634473 13160.818875 0.000000 0.000000
0.000000 0.000000 14632.350314 14631.617665 14594.922785 14594.343401 14599.274495 14591.713773 14609.026820 14601.385440 14607.432933 14602.890819 14597.556801 14606.256571 14610.043187 14609.628923 14588.862002 14640.795560 14633.868304 0.000000 0.000000
0.000000 0.000000 16282.652777 16238.168692 16235.795620 16225.801286 16199.997355 16193.083128 16184.668551 16187.888784 16173.846914 16174.249790 16179.473455 16179.068739 16191.124665 16202.639461 16234.563076 16228.076186 16278.006978 0.000000 0.000000
0.000000 0.000000 17424.430604 17438.034480 17484.397926 17477.483779 17463.236197 17425.262791 17426.470509 17412.259299 17424.431442 17422.426576 17428.147062 17423.583777 17456.820489 17468.826218 17492.363186 17444.651879 17430.977478 0.000000 0.000000
0.000000 0.000000 0.000000 0.000000 0.000000 0.000000 0.000000 0.000000 0.000000 0.000000 0.000000 0.000000 0.000000 0.000000 0.000000 0.000000 0.000000 0.000000 0.000000 0.000000 0.000000
0.000000 0.000000 0.000000 0.000000 0.000000 0.000000 0.000000 0.000000 0.000000 0.000000 0.000000 0.000000 0.000000 0.000000 0.000000 0.000000 0.000000 0.000000 0.000000 0.000000 0.000000