geotop/1.0zi/1.0Montebello/Templates/testdem/maps/_Erotot1446.asc
ncols         21
nrows         20
xllcorner     100.000000
yllcorner     100.000000
cellsize      50.000000
NODATA_value  -9999.0
0.000000 0.000000 0.000000 0.000000 0.000000 0.000000 0.000000 0.000000 0.000000 0.000000 0.000000 0.000000 0.000000 0.000000 0.000000 0.000000 0.000000 0.000000 0.000000 0.000000 0.000000
0.000000 0.000000 162.972331 162.973755 163.008682 162.984248 162.965109 162.973789 162.975394 162.970085 162.970776 162.970085 162.975394 162.973789 162.965109 162.984248 163.008682 162.973755 162.972331 0.000000 0.000000
0.000000 0.000000 9.904777 9.684917 7.908767 9.766601 9.948255 9.931957 9.941830 9.949658 9.947652 9.949658 9.941830 9.931957 9.948255 9.766601 7.908767 9.684917 9.904777 0.000000 0.000000
0.000000 0.000000 1167.179233 1166.958781 1166.927831 1164.938400 1167.270685 1166.848030 1166.794129 1167.394280 1167.346893 1167.394280 1166.794129 1166.848030 1167.270685 1164.938400 1166.927831 1166.958781 1167.179233 0.000000 0.000000
0.000000 0.000000 2131.938129 2131.712448 2130.958377 2131.657170 2132.103080 2131.914432 2131.868641 2132.022786 2131.979148 2132.022786 2131.868641 2131.914432 2132.103080 2131.657170 2130.958377 2131.712448 2131.938129 0.000000 0.000000
0.000000 0.000000 2798.931506 2798.752324 2797.986217 2798.183307 2799.088800 2798.842167 2798.813400 2799.054860 2799.031693 2799.054860 2798.813400 2798.842167 2799.088800 2798.183307 2797.986217 2798.752324 2798.931506 0.000000 0.000000
0.000000 0.000000 3648.146476 3648.000495 3647.309490 3647.503742 3648.281522 3648.072044 3648.055144 3648.255418 3648.236597 3648.255418 3648.055144 3648.072044 3648.281522 3647.503742 3647.309490 3648.000495 3648.146476 0.000000 0.000000
0.000000 0.000000 4455.391047 4455.269099 4454.631008 4454.823301 4455.504667 4455.325852 4455.311041 4455.486228 4455.468577 4455.486228 4455.311041 4455.325852 4455.504667 4454.823301 4454.631008 4455.269099 4455.391047 0.000000 0.000000
0.000000 0.000000 5219.532366 5219.418891 5218.813010 5218.999457 5219.638883 5219.472502 5219.459455 5219.625480 5219.609318 5219.625480 5219.459455 5219.472502 5219.638883 5218.999457 5218.813010 5219.418891 5219.532366 0.000000 0.000000
0.000000 0.000000 5949.746497 5949.660272 5949.068027 5949.290733 5949.842135 5949.694230 5949.688240 5949.836041 5949.819747 5949.836041 5949.688240 5949.694230 5949.842135 5949.290733 5949.068027 5949.660272 5949.746497 0.000000 0.000000
0.000000 0.000000 6649.466888 6649.371306 6648.798550 6648.994107 6649.562706 6649.412627 6649.403702 6649.553129 6649.535827 6649.553129 6649.403702 6649.412627 6649.562706 6648.994107 6648.798550 6649.371306 6649.466888 0.000000 0.000000
0.000000 0.000000 7325.656938 7325.558878 7325.001446 7325.186971 7325.747190 7325.601216 7325.593110 7325.740339 7325.724190 7325.740339 7325.593110 7325.601216 7325.747190 7325.186971 7325.001446 7325.558878 7325.656938 0.000000 0.000000
0.000000 0.000000 7985.891308 7985.795846 7985.246651 7985.432857 7985.978856 7985.835208 7985.827877 7985.972403 7985.955729 7985.972403 7985.827877 7985.835208 7985.978856 7985.432857 7985.246651 7985.795846 7985.891308 0.000000 0.000000
0.000000 0.000000 8629.438690 8629.349907 8628.807040 8629.012701 8629.523667 8629.384585 8629.379842 8629.519338 8629.502107 8629.519338 8629.379842 8629.384585 8629.523667 8629.012701 8628.807040 8629.349907 8629.438690 0.000000 0.000000
0.000000 0.000000 9259.943954 9259.852726 9259.312579 9259.507166 9260.028475 9259.888586 9259.882941 9260.024053 9260.006223 9260.024053 9259.882941 9259.888586 9260.028475 9259.507166 9259.312579 9259.852726 9259.943954 0.000000 0.000000
0.000000 0.000000 9879.143638 9879.053437 9878.527117 9878.714048 9879.226820 9879.090183 9879.084518 9879.222297 9879.204697 9879.222297 9879.084518 9879.090183 9879.226820 9878.714048 9878.527117 9879.053437 9879.143634 0.000000 0.000000
0.000000 0.000000 10484.967831 10484.878593 10484.353320 10484.543429 10485.053570 10484.915198 10484.909626 10485.046576 10485.027924 10485.046576 10484.909626 10484.915198 10485.053570 10484.543429 10484.353320 10484.878574 10484.967543 0.000000 0.000000
0.000000 0.000000 11110.698865 11110.910831 11110.388423 11110.569724 11111.082253 11110.942599 11110.937170 11111.076377 11111.057502 11111.076377 11110.937170 11110.942599 11111.082253 11110.569723 11110.388405 11110.907746 11110.997249 0.000000 0.000000
0.000000 0.000000 0.000000 0.000000 0.000000 0.000000 0.000000 0.000000 0.000000 0.000000 0.000000 0.000000 0.000000 0.000000 0.000000 0.000000 0.000000 0.000000 0.000000 0.000000 0.000000
0.000000 0.000000 0.000000 0.000000 0.000000 0.000000 0.000000 0.000000 0.000000 0.000000 0.000000 0.000000 0.000000 0.000000 0.000000 0.000000 0.000000 0.000000 0.000000 0.000000 0.000000