geotop/1.0zi/1.0Montebello/Templates/testdem/maps/_Erotot6347.asc
ncols         21
nrows         20
xllcorner     100.000000
yllcorner     100.000000
cellsize      50.000000
NODATA_value  -9999.0
0.000000 0.000000 0.000000 0.000000 0.000000 0.000000 0.000000 0.000000 0.000000 0.000000 0.000000 0.000000 0.000000 0.000000 0.000000 0.000000 0.000000 0.000000 0.000000 0.000000 0.000000
0.000000 0.000000 491.393563 492.253052 491.975989 492.273597 491.720001 491.779596 491.737742 491.904026 492.305010 491.609486 491.537113 491.628723 491.781094 491.686112 492.414657 492.614413 492.604126 0.000000 0.000000
0.000000 0.000000 37.057338 35.915391 35.995753 36.138457 36.393371 36.204741 36.017886 35.802268 36.049309 36.378936 36.196061 36.408028 36.282377 36.033250 34.720563 33.960489 34.650956 0.000000 0.000000
0.000000 0.000000 222.479862 225.303619 215.164675 212.756287 212.984333 207.795318 207.332450 206.847647 205.238057 203.199318 205.820968 203.693764 208.511678 214.535228 216.464531 217.877535 222.935554 0.000000 0.000000
0.000000 0.000000 2056.631694 2060.013268 2065.024551 2043.794226 2028.807869 2017.011891 2019.639701 2016.659080 2020.497680 2025.184701 2021.855834 2020.456658 2030.735286 2031.660340 2040.180718 2048.710434 2049.899371 0.000000 0.000000
0.000000 0.000000 3581.377098 3576.138043 3572.917690 3568.059402 3557.763976 3549.851492 3548.379232 3547.902725 3546.139174 3543.528129 3540.569192 3543.248519 3545.495503 3562.079912 3567.439477 3572.009424 3574.448692 0.000000 0.000000
0.000000 0.000000 4761.840923 4759.448849 4755.727176 4750.919464 4737.832968 4720.510167 4720.065994 4716.601377 4718.462949 4721.313645 4723.397016 4724.447863 4745.254302 4755.040911 4759.906459 4761.507934 4766.992431 0.000000 0.000000
0.000000 0.000000 5477.893760 5479.348838 5477.419097 5470.218736 5469.355877 5461.604305 5462.155760 5462.557561 5461.232468 5458.644322 5458.386446 5462.423003 5463.332292 5466.360065 5475.664795 5474.010501 5477.899207 0.000000 0.000000
0.000000 0.000000 6477.758421 6474.917784 6469.730143 6470.215297 6462.735613 6451.377958 6452.002043 6448.832871 6446.422748 6447.342420 6448.436809 6443.681850 6458.160047 6466.975453 6469.971506 6471.253779 6473.310923 0.000000 0.000000
0.000000 0.000000 7632.843724 7630.491784 7631.812921 7630.165368 7614.173941 7606.553144 7607.535924 7606.780971 7604.511916 7607.535150 7611.051292 7609.206502 7613.655354 7625.227395 7629.913153 7630.480623 7631.730322 0.000000 0.000000
0.000000 0.000000 8880.335937 8880.728168 8879.524627 8864.148757 8861.172130 8849.369715 8853.335296 8843.420588 8845.948198 8844.966362 8839.935487 8847.960859 8853.331964 8855.163231 8863.115713 8869.238144 8877.604078 0.000000 0.000000
0.000000 0.000000 10193.698291 10189.418449 10183.181250 10180.558139 10175.259733 10159.511635 10158.100154 10157.486266 10163.989397 10156.408956 10158.586552 10158.500886 10175.734191 10179.935406 10182.029087 10183.204657 10203.797558 0.000000 0.000000
0.000000 0.000000 11530.789839 11528.027721 11528.478136 11519.725066 11515.188744 11484.830420 11483.223194 11482.718500 11467.223449 11476.795195 11480.789700 11483.491708 11502.844244 11507.412707 11523.479868 11522.774639 11530.520966 0.000000 0.000000
0.000000 0.000000 13003.806324 13005.343069 12996.917764 12994.721043 12962.902533 12971.831543 12960.748349 12962.131917 12963.382158 12962.909399 12960.923644 12957.452990 12947.238413 12982.112322 12988.369153 13000.230926 13008.247168 0.000000 0.000000
0.000000 0.000000 14607.999108 14603.405262 14598.692381 14568.705571 14568.809652 14551.318452 14537.416414 14535.414667 14529.780471 14522.468447 14526.705319 14525.055061 14542.481113 14545.753308 14594.277356 14584.469933 14585.195994 0.000000 0.000000
0.000000 0.000000 16268.123745 16267.419179 16223.004259 16224.088162 16228.981038 16221.040629 16240.874023 16232.094254 16239.669194 16234.230337 16227.768414 16238.950002 16243.126055 16242.482199 16217.231031 16278.942846 16272.184905 0.000000 0.000000
0.000000 0.000000 18177.603166 18122.182271 18121.308641 18107.982748 18076.569397 18068.789827 18057.948722 18061.920006 18044.386596 18045.472536 18052.418035 18050.419820 18064.801679 18080.366752 18119.913814 18108.755241 18171.299275 0.000000 0.000000
0.000000 0.000000 19427.237693 19450.833449 19508.817824 19500.890902 19486.976752 19439.331791 19440.941003 19424.190155 19440.007263 19437.190320 19442.739044 19439.547372 19481.813500 19493.427351 19519.213624 19460.914254 19438.402425 0.000000 0.000000
0.000000 0.000000 0.000000 0.000000 0.000000 0.000000 0.000000 0.000000 0.000000 0.000000 0.000000 0.000000 0.000000 0.000000 0.000000 0.000000 0.000000 0.000000 0.000000 0.000000 0.000000
0.000000 0.000000 0.000000 0.000000 0.000000 0.000000 0.000000 0.000000 0.000000 0.000000 0.000000 0.000000 0.000000 0.000000 0.000000 0.000000 0.000000 0.000000 0.000000 0.000000 0.000000