geotop/1.0zi/1.0Montebello/Templates/testdem/maps/_Erotot3414.asc
ncols         21
nrows         20
xllcorner     100.000000
yllcorner     100.000000
cellsize      50.000000
NODATA_value  -9999.0
0.000000 0.000000 0.000000 0.000000 0.000000 0.000000 0.000000 0.000000 0.000000 0.000000 0.000000 0.000000 0.000000 0.000000 0.000000 0.000000 0.000000 0.000000 0.000000 0.000000 0.000000
0.000000 0.000000 369.122476 369.125333 369.128878 369.247859 369.115413 369.121165 369.094821 369.134801 369.149510 369.134801 369.094821 369.121165 369.115413 369.247859 369.128878 369.125333 369.122476 0.000000 0.000000
0.000000 0.000000 11.403204 11.164630 9.408531 11.090110 11.406240 11.331887 11.451001 11.347026 11.714379 11.347026 11.451001 11.331887 11.406240 11.090110 9.408531 11.164630 11.403204 0.000000 0.000000
0.000000 0.000000 2706.772761 2706.508167 2706.654181 2704.839439 2706.814018 2706.244373 2706.134172 2706.944867 2707.082968 2706.944867 2706.134172 2706.244373 2706.814018 2704.839439 2706.654181 2706.508167 2706.772761 0.000000 0.000000
0.000000 0.000000 5104.841142 5104.664648 5103.964577 5104.543050 5105.080896 5104.935591 5104.925739 5105.025782 5105.052646 5105.025782 5104.925739 5104.935591 5105.080896 5104.543050 5103.964577 5104.664648 5104.841142 0.000000 0.000000
0.000000 0.000000 6611.711636 6611.531702 6610.923942 6611.065803 6611.898186 6611.563773 6611.580032 6611.865148 6612.093083 6611.865148 6611.580032 6611.563773 6611.898186 6611.065803 6610.923942 6611.531702 6611.711636 0.000000 0.000000
0.000000 0.000000 8514.512196 8514.370372 8513.821063 8513.947535 8514.668007 8514.373132 8514.389305 8514.636774 8514.862705 8514.636774 8514.389305 8514.373132 8514.668007 8513.947535 8513.821063 8514.370372 8514.512196 0.000000 0.000000
0.000000 0.000000 10271.686664 10271.573123 10271.074085 10271.203117 10271.819695 10271.563387 10271.577990 10271.796130 10271.999710 10271.796130 10271.577990 10271.563387 10271.819695 10271.203117 10271.074085 10271.573123 10271.686664 0.000000 0.000000
0.000000 0.000000 11885.652735 11885.553089 11885.088970 11885.215848 11885.779983 11885.545376 11885.556042 11885.757566 11885.949048 11885.757566 11885.556042 11885.545376 11885.779983 11885.215848 11885.088970 11885.553089 11885.652735 0.000000 0.000000
0.000000 0.000000 13383.796633 13383.725513 13383.280099 13383.443333 13383.915724 13383.704866 13383.718037 13383.898160 13384.072545 13383.898160 13383.718037 13383.704866 13383.915724 13383.443333 13383.280099 13383.725513 13383.796633 0.000000 0.000000
0.000000 0.000000 14775.863530 14775.786480 14775.369712 14775.507725 14775.983730 14775.777656 14775.787006 14775.964704 14776.128866 14775.964704 14775.787006 14775.777656 14775.983730 14775.507725 14775.369712 14775.786480 14775.863530 0.000000 0.000000
0.000000 0.000000 16087.356268 16087.282831 16086.893828 16087.026832 16087.485634 16087.290224 16087.295366 16087.471193 16087.624570 16087.471193 16087.295366 16087.290224 16087.485634 16087.026832 16086.893828 16087.282831 16087.356268 0.000000 0.000000
0.000000 0.000000 17326.841651 17326.774538 17326.397995 17326.531731 17326.964723 17326.778178 17326.782459 17326.953075 17327.096520 17326.953075 17326.782459 17326.778178 17326.964723 17326.531731 17326.397995 17326.774538 17326.841651 0.000000 0.000000
0.000000 0.000000 18508.349105 18508.289777 18507.927858 18508.077288 18508.470833 18508.293006 18508.298978 18508.461264 18508.597540 18508.461264 18508.298978 18508.293006 18508.470834 18508.077288 18507.927858 18508.289777 18508.349105 0.000000 0.000000
0.000000 0.000000 19636.140036 19636.076003 19635.722251 19635.858999 19636.250660 19636.081209 19636.087420 19636.247385 19636.376646 19636.247385 19636.087420 19636.081209 19636.250660 19635.858999 19635.722251 19636.076003 19636.140036 0.000000 0.000000
0.000000 0.000000 20713.256027 20713.194579 20712.854346 20712.983308 20713.360703 20713.196665 20713.202600 20713.355713 20713.480517 20713.355713 20713.202600 20713.196665 20713.360703 20712.983308 20712.854346 20713.194579 20713.256023 0.000000 0.000000
0.000000 0.000000 21746.357415 21746.297055 21745.962981 21746.095195 21746.455391 21746.297928 21746.304107 21746.452483 21746.569817 21746.452483 21746.304107 21746.297928 21746.455391 21746.095195 21745.962981 21746.297034 21746.357346 0.000000 0.000000
0.000000 0.000000 22790.243520 22790.729996 22790.405641 22790.533263 22790.883905 22790.731716 22790.736741 22790.880295 22790.993641 22790.880295 22790.736741 22790.731716 22790.883905 22790.533262 22790.405623 22790.726678 22790.783901 0.000000 0.000000
0.000000 0.000000 0.000000 0.000000 0.000000 0.000000 0.000000 0.000000 0.000000 0.000000 0.000000 0.000000 0.000000 0.000000 0.000000 0.000000 0.000000 0.000000 0.000000 0.000000 0.000000
0.000000 0.000000 0.000000 0.000000 0.000000 0.000000 0.000000 0.000000 0.000000 0.000000 0.000000 0.000000 0.000000 0.000000 0.000000 0.000000 0.000000 0.000000 0.000000 0.000000 0.000000