geotop/1.0zi/1.0Montebello/Templates/testdem/maps/_Erotot0686.asc
ncols         21
nrows         20
xllcorner     100.000000
yllcorner     100.000000
cellsize      50.000000
NODATA_value  -9999.0
0.000000 0.000000 0.000000 0.000000 0.000000 0.000000 0.000000 0.000000 0.000000 0.000000 0.000000 0.000000 0.000000 0.000000 0.000000 0.000000 0.000000 0.000000 0.000000 0.000000 0.000000
0.000000 0.000000 50.679110 50.679788 50.712426 50.679959 50.679236 50.679628 50.679445 50.679350 50.679323 50.679350 50.679445 50.679628 50.679236 50.679959 50.712426 50.679788 50.679110 0.000000 0.000000
0.000000 0.000000 7.130295 6.913849 5.096649 6.909328 7.173737 7.158299 7.172804 7.179666 7.180733 7.179666 7.172804 7.158299 7.173737 6.909328 5.096649 6.913849 7.130295 0.000000 0.000000
0.000000 0.000000 594.681735 594.932456 595.056647 594.831270 594.626101 594.726231 594.722755 594.658436 594.588057 594.658436 594.722755 594.726231 594.626101 594.831270 595.056647 594.932456 594.681735 0.000000 0.000000
0.000000 0.000000 957.504531 957.457175 956.701189 957.441641 957.530539 957.558269 957.553538 957.557681 957.553026 957.557681 957.553538 957.558269 957.530539 957.441641 956.701189 957.457175 957.504531 0.000000 0.000000
0.000000 0.000000 1295.527629 1295.534040 1294.829803 1295.490163 1295.534459 1295.576525 1295.580893 1295.559968 1295.539218 1295.559968 1295.580893 1295.576525 1295.534459 1295.490163 1294.829803 1295.534040 1295.527629 0.000000 0.000000
0.000000 0.000000 1701.241243 1701.250027 1700.622527 1701.207355 1701.245274 1701.288134 1701.293514 1701.270544 1701.252165 1701.270544 1701.293514 1701.288134 1701.245274 1701.207355 1700.622527 1701.250027 1701.241243 0.000000 0.000000
0.000000 0.000000 2091.955285 2091.963141 2091.382168 2091.922941 2091.956882 2091.998674 2092.004027 2091.980995 2091.964174 2091.980995 2092.004027 2091.998674 2091.956882 2091.922941 2091.382168 2091.963141 2091.955285 0.000000 0.000000
0.000000 0.000000 2465.591227 2465.598941 2465.045389 2465.559651 2465.590972 2465.631808 2465.637151 2465.614308 2465.598136 2465.614308 2465.637151 2465.631808 2465.590972 2465.559651 2465.045389 2465.598941 2465.591227 0.000000 0.000000
0.000000 0.000000 2827.244636 2827.251727 2826.714498 2827.213412 2827.243099 2827.283168 2827.288467 2827.265774 2827.249785 2827.265774 2827.288467 2827.283168 2827.243099 2827.213412 2826.714498 2827.251727 2827.244636 0.000000 0.000000
0.000000 0.000000 3178.929107 3178.935569 3178.407950 3178.897962 3178.926622 3178.966125 3178.971390 3178.948789 3178.932758 3178.948789 3178.971390 3178.966125 3178.926622 3178.897962 3178.407950 3178.935569 3178.929107 0.000000 0.000000
0.000000 0.000000 3521.210549 3521.214116 3520.696955 3521.178115 3521.205867 3521.244053 3521.249753 3521.227324 3521.212324 3521.227324 3521.249753 3521.244053 3521.205867 3521.178115 3520.696955 3521.214116 3521.210549 0.000000 0.000000
0.000000 0.000000 3856.433636 3856.435731 3855.924001 3856.401922 3856.427905 3856.465411 3856.471214 3856.448737 3856.433838 3856.448737 3856.471214 3856.465411 3856.427905 3856.401922 3855.924001 3856.435731 3856.433636 0.000000 0.000000
0.000000 0.000000 4188.129983 4188.130239 4187.623014 4188.096755 4188.123494 4188.160829 4188.166764 4188.144290 4188.129280 4188.144290 4188.166764 4188.160829 4188.123494 4188.096755 4187.623014 4188.130239 4188.129983 0.000000 0.000000
0.000000 0.000000 4515.390049 4515.390661 4514.881725 4515.356937 4515.383364 4515.420206 4515.426219 4515.403715 4515.387961 4515.403715 4515.426219 4515.420206 4515.383364 4515.356937 4514.881725 4515.390661 4515.390049 0.000000 0.000000
0.000000 0.000000 4840.031714 4840.033560 4839.534293 4839.999862 4840.025507 4840.062222 4840.068240 4840.045682 4840.029372 4840.045682 4840.068240 4840.062222 4840.025507 4839.999862 4839.534293 4840.033560 4840.031711 0.000000 0.000000
0.000000 0.000000 5159.626788 5159.626898 5159.124858 5159.594317 5159.620207 5159.656219 5159.662331 5159.639729 5159.623119 5159.639729 5159.662331 5159.656219 5159.620207 5159.594317 5159.124857 5159.626885 5159.626356 0.000000 0.000000
0.000000 0.000000 5486.105657 5486.229775 5485.728681 5486.194578 5486.220305 5486.256225 5486.262638 5486.239977 5486.223132 5486.239977 5486.262638 5486.256225 5486.220305 5486.194578 5485.728667 5486.227758 5486.226933 0.000000 0.000000
0.000000 0.000000 0.000000 0.000000 0.000000 0.000000 0.000000 0.000000 0.000000 0.000000 0.000000 0.000000 0.000000 0.000000 0.000000 0.000000 0.000000 0.000000 0.000000 0.000000 0.000000
0.000000 0.000000 0.000000 0.000000 0.000000 0.000000 0.000000 0.000000 0.000000 0.000000 0.000000 0.000000 0.000000 0.000000 0.000000 0.000000 0.000000 0.000000 0.000000 0.000000 0.000000