geotop/1.0zi/1.0Montebello/Templates/testdem/maps/_Erotot8612.asc
ncols         21
nrows         20
xllcorner     100.000000
yllcorner     100.000000
cellsize      50.000000
NODATA_value  -9999.0
0.000000 0.000000 0.000000 0.000000 0.000000 0.000000 0.000000 0.000000 0.000000 0.000000 0.000000 0.000000 0.000000 0.000000 0.000000 0.000000 0.000000 0.000000 0.000000 0.000000 0.000000
0.000000 0.000000 689.897564 690.714815 690.148590 690.240076 689.216817 689.371411 689.357289 689.433676 689.809287 689.185002 689.066879 689.114879 689.491896 689.650133 690.491360 691.045115 691.264689 0.000000 0.000000
0.000000 0.000000 53.736516 52.738004 52.999953 53.083254 53.729737 53.359955 53.063660 52.917706 53.137969 53.453006 53.519350 53.620858 53.461150 52.942468 51.666006 50.813595 51.330574 0.000000 0.000000
0.000000 0.000000 354.682475 355.776257 343.058312 337.837835 338.337635 327.006554 327.093154 327.919222 324.264829 322.465959 324.543184 324.813090 335.240929 342.511537 347.149455 350.173587 355.354848 0.000000 0.000000
0.000000 0.000000 3565.000943 3561.735810 3562.817831 3535.006090 3511.626303 3502.068253 3501.307741 3495.426182 3504.515593 3511.584221 3510.777124 3505.968779 3522.157471 3524.723291 3538.552394 3547.204191 3548.290901 0.000000 0.000000
0.000000 0.000000 5642.961667 5639.100219 5634.185518 5629.535874 5613.774902 5603.092205 5604.717547 5603.392440 5599.529552 5593.642151 5592.087074 5595.967288 5595.514921 5617.328894 5623.509520 5629.581069 5632.253548 0.000000 0.000000
0.000000 0.000000 6985.966908 6981.205222 6978.732270 6970.990992 6956.568135 6931.120914 6930.380343 6927.856366 6927.886057 6932.459707 6933.129710 6934.037431 6963.513562 6973.474574 6979.269836 6982.687951 6987.813856 0.000000 0.000000
0.000000 0.000000 8264.042054 8263.990830 8260.408856 8249.044560 8246.303162 8237.127232 8237.367256 8235.105097 8235.441382 8231.372316 8230.153369 8237.149456 8239.286211 8244.592790 8258.399871 8256.364563 8262.089198 0.000000 0.000000
0.000000 0.000000 9933.704664 9928.098392 9921.590406 9920.582254 9906.606436 9890.070227 9892.088501 9888.330734 9885.745813 9885.537119 9888.285517 9882.113741 9902.509590 9917.273955 9919.417892 9923.720682 9925.646182 0.000000 0.000000
0.000000 0.000000 11848.547599 11843.853387 11843.486740 11838.883599 11816.250949 11805.602265 11804.623059 11804.358033 11800.551248 11805.075222 11808.014524 11807.536733 11815.094780 11831.486295 11839.633278 11842.300696 11842.969860 0.000000 0.000000
0.000000 0.000000 13963.273149 13962.577429 13960.153292 13934.999388 13929.293528 13909.530445 13917.967002 13901.429744 13907.864937 13904.647522 13897.559933 13907.845029 13920.195589 13922.702574 13937.652071 13944.464912 13956.886978 0.000000 0.000000
0.000000 0.000000 16279.416078 16268.495441 16259.042432 16256.894477 16241.912467 16221.961451 16215.644635 16218.727847 16225.207969 16213.496883 16219.921047 16218.247731 16243.244223 16255.039173 16257.340467 16262.890860 16287.198617 0.000000 0.000000
0.000000 0.000000 18716.709542 18709.683017 18712.667538 18692.800675 18685.800610 18626.298649 18624.182109 18623.819180 18597.910751 18614.944764 18617.458739 18623.800881 18666.549424 18673.502896 18702.109855 18700.345814 18708.828716 0.000000 0.000000
0.000000 0.000000 21556.713442 21559.609210 21542.520683 21536.734541 21461.748352 21490.441578 21472.942769 21473.527082 21484.362831 21475.265203 21474.531846 21465.191423 21437.012324 21519.478389 21523.957346 21549.462655 21560.636830 0.000000 0.000000
0.000000 0.000000 24762.972160 24751.683497 24739.038575 24653.441269 24679.368208 24635.025902 24612.390228 24608.949684 24591.621923 24580.880608 24589.330529 24589.218401 24637.362283 24612.540130 24735.596393 24708.059368 24703.713587 0.000000 0.000000
0.000000 0.000000 28046.308575 28041.339546 27920.210945 27970.505852 27964.992224 27959.823046 28017.835593 27999.111239 28028.632551 28020.192076 27999.318606 28030.148967 28025.616300 28030.710361 27908.346125 28094.316387 28085.360697 0.000000 0.000000
0.000000 0.000000 31830.177447 31659.685171 31724.539665 31658.022897 31569.837957 31548.499946 31492.066167 31508.081767 31450.407969 31458.256429 31490.223763 31459.266391 31503.923670 31561.315273 31721.066200 31590.458405 31771.927401 0.000000 0.000000
0.000000 0.000000 32850.297719 33025.264573 33162.176640 33169.410090 33184.426111 33060.679293 33087.898194 33045.380943 33115.944568 33103.688573 33094.818647 33112.588644 33212.118159 33202.276547 33188.528424 33086.036925 32911.685661 0.000000 0.000000
0.000000 0.000000 0.000000 0.000000 0.000000 0.000000 0.000000 0.000000 0.000000 0.000000 0.000000 0.000000 0.000000 0.000000 0.000000 0.000000 0.000000 0.000000 0.000000 0.000000 0.000000
0.000000 0.000000 0.000000 0.000000 0.000000 0.000000 0.000000 0.000000 0.000000 0.000000 0.000000 0.000000 0.000000 0.000000 0.000000 0.000000 0.000000 0.000000 0.000000 0.000000 0.000000