geotop/1.0zi/1.0Montebello/Templates/testdem/maps/_Erotot3762.asc
ncols         21
nrows         20
xllcorner     100.000000
yllcorner     100.000000
cellsize      50.000000
NODATA_value  -9999.0
0.000000 0.000000 0.000000 0.000000 0.000000 0.000000 0.000000 0.000000 0.000000 0.000000 0.000000 0.000000 0.000000 0.000000 0.000000 0.000000 0.000000 0.000000 0.000000 0.000000 0.000000
0.000000 0.000000 278.687753 278.203418 277.958674 277.807764 277.833997 277.889038 277.923420 277.922079 277.907635 277.913501 277.913104 277.955512 277.828081 277.849579 278.028477 277.991760 278.129931 0.000000 0.000000
0.000000 0.000000 22.204352 22.764386 23.049933 23.788069 23.380131 23.385163 22.969520 22.895514 22.959007 23.317752 23.066768 22.891839 23.326308 23.146942 22.307478 21.748102 21.614379 0.000000 0.000000
0.000000 0.000000 136.414976 137.427143 130.568196 128.153555 129.125810 123.977164 123.149224 122.769107 122.070966 121.643534 122.832970 121.357822 123.730301 128.908382 129.752003 132.090540 135.010421 0.000000 0.000000
0.000000 0.000000 1246.128118 1253.904451 1259.613834 1251.457548 1241.887435 1235.748291 1238.994150 1233.030292 1238.407693 1240.876083 1242.312608 1243.123165 1250.758114 1245.662161 1246.042768 1246.450687 1245.001748 0.000000 0.000000
0.000000 0.000000 2307.961841 2302.668715 2297.644302 2295.365764 2286.569757 2281.630235 2279.027964 2281.076297 2279.433991 2278.417273 2278.593438 2281.129456 2281.893450 2294.266171 2298.732022 2298.400936 2301.514552 0.000000 0.000000
0.000000 0.000000 2778.827183 2774.655868 2769.493971 2760.736914 2750.725082 2737.227572 2738.385535 2735.340579 2738.339226 2737.721649 2739.857465 2744.810730 2759.616237 2765.255981 2771.936044 2775.452079 2778.532360 0.000000 0.000000
0.000000 0.000000 3201.779588 3202.925720 3202.598652 3197.313343 3195.309710 3191.522598 3192.045551 3192.513400 3190.203491 3190.530095 3190.478025 3190.320808 3193.996552 3197.648766 3198.586128 3197.429992 3198.120687 0.000000 0.000000
0.000000 0.000000 3756.673534 3756.866124 3753.048156 3751.001647 3745.254248 3735.715635 3735.760046 3733.851649 3734.680932 3735.373466 3735.642510 3737.916290 3744.235017 3751.217887 3750.624014 3751.260605 3754.519758 0.000000 0.000000
0.000000 0.000000 4379.151920 4378.418362 4377.312847 4372.745329 4362.956693 4357.910238 4359.161643 4358.336259 4358.418861 4358.514433 4359.268850 4359.471955 4367.555862 4373.151114 4374.818748 4375.002144 4375.934277 0.000000 0.000000
0.000000 0.000000 5032.033883 5031.181708 5028.466449 5025.413705 5021.790413 5011.478764 5011.573945 5009.105791 5009.488467 5010.333986 5010.963074 5012.489186 5018.043316 5019.925071 5023.587313 5024.895320 5027.433459 0.000000 0.000000
0.000000 0.000000 5706.911423 5706.463155 5703.454558 5696.022716 5689.691993 5681.722057 5680.586777 5680.109322 5680.305382 5679.645063 5681.079612 5682.977131 5692.671285 5697.660722 5700.157671 5700.500035 5716.442145 0.000000 0.000000
0.000000 0.000000 6378.958242 6377.948325 6374.717909 6370.955648 6362.571873 6345.935172 6345.933583 6344.303961 6344.311899 6344.951864 6345.628378 6348.026732 6361.859321 6368.902661 6371.056799 6371.869770 6373.727105 0.000000 0.000000
0.000000 0.000000 7093.431268 7091.619279 7088.184293 7083.588007 7066.542293 7072.929840 7067.609998 7066.580733 7067.117289 7067.359840 7068.065898 7069.697090 7065.578227 7080.057061 7082.886779 7087.063031 7086.570331 0.000000 0.000000
0.000000 0.000000 7851.357049 7847.127799 7842.187166 7832.077360 7827.542379 7812.471074 7805.008686 7803.484344 7799.715528 7799.236160 7801.971528 7801.657379 7812.475944 7819.673560 7836.309981 7831.755433 7832.574634 0.000000 0.000000
0.000000 0.000000 8596.249314 8596.785812 8579.711721 8581.124176 8579.013116 8577.388320 8579.204175 8579.059216 8581.534496 8581.608922 8580.919804 8587.117443 8586.108751 8584.699256 8574.460563 8591.760288 8595.304236 0.000000 0.000000
0.000000 0.000000 9439.380164 9423.350672 9415.164267 9407.333677 9392.896275 9386.930429 9385.174796 9384.555957 9381.526818 9381.887353 9383.753198 9383.887661 9388.773064 9402.337932 9413.050299 9412.933537 9430.105757 0.000000 0.000000
0.000000 0.000000 10075.810180 10078.241136 10093.279624 10083.672598 10076.419832 10059.002155 10057.471049 10055.053824 10056.224081 10056.140958 10056.938973 10059.687148 10076.397636 10083.598709 10092.768294 10072.077767 10074.403569 0.000000 0.000000
0.000000 0.000000 0.000000 0.000000 0.000000 0.000000 0.000000 0.000000 0.000000 0.000000 0.000000 0.000000 0.000000 0.000000 0.000000 0.000000 0.000000 0.000000 0.000000 0.000000 0.000000
0.000000 0.000000 0.000000 0.000000 0.000000 0.000000 0.000000 0.000000 0.000000 0.000000 0.000000 0.000000 0.000000 0.000000 0.000000 0.000000 0.000000 0.000000 0.000000 0.000000 0.000000