geotop/1.0zi/1.0Montebello/Templates/testdem/maps/_Erotot1239.asc
ncols         21
nrows         20
xllcorner     100.000000
yllcorner     100.000000
cellsize      50.000000
NODATA_value  -9999.0
0.000000 0.000000 0.000000 0.000000 0.000000 0.000000 0.000000 0.000000 0.000000 0.000000 0.000000 0.000000 0.000000 0.000000 0.000000 0.000000 0.000000 0.000000 0.000000 0.000000 0.000000
0.000000 0.000000 148.716700 148.718098 148.752953 148.728306 148.709677 148.718114 148.719698 148.714516 148.715184 148.714516 148.719698 148.718114 148.709677 148.728306 148.752953 148.718098 148.716700 0.000000 0.000000
0.000000 0.000000 9.146075 8.927284 7.151456 9.008891 9.182568 9.173320 9.183944 9.190018 9.188139 9.190018 9.183944 9.173320 9.182568 9.008891 7.151456 8.927284 9.146075 0.000000 0.000000
0.000000 0.000000 1049.230607 1049.026447 1049.050842 1047.031317 1049.279721 1048.941986 1048.906427 1049.432752 1049.375610 1049.432752 1048.906427 1048.941986 1049.279721 1047.031317 1049.050842 1049.026447 1049.230607 0.000000 0.000000
0.000000 0.000000 1868.696493 1868.472588 1867.720653 1868.410466 1868.837436 1868.671861 1868.630000 1868.777460 1868.731846 1868.777460 1868.630000 1868.671861 1868.837436 1868.410466 1867.720653 1868.472588 1868.696493 0.000000 0.000000
0.000000 0.000000 2452.752764 2452.579787 2451.828298 2452.003488 2452.835742 2452.664425 2452.651510 2452.867247 2452.839557 2452.867247 2452.651510 2452.664425 2452.835742 2452.003488 2451.828298 2452.579787 2452.752764 0.000000 0.000000
0.000000 0.000000 3190.564343 3190.426600 3189.748021 3189.921314 3190.621792 3190.491629 3190.487798 3190.665453 3190.641430 3190.665453 3190.487798 3190.491629 3190.621792 3189.921314 3189.748021 3190.426600 3190.564343 0.000000 0.000000
0.000000 0.000000 3891.843814 3891.725010 3891.097159 3891.269824 3891.884083 3891.778919 3891.779078 3891.935141 3891.914345 3891.935141 3891.779078 3891.778919 3891.884083 3891.269824 3891.097159 3891.725010 3891.843814 0.000000 0.000000
0.000000 0.000000 4556.553350 4556.444698 4555.847636 4556.015471 4556.586455 4556.492008 4556.494335 4556.639353 4556.619215 4556.639353 4556.494335 4556.492008 4556.586455 4556.015471 4555.847636 4556.444698 4556.553350 0.000000 0.000000
0.000000 0.000000 5193.036611 5192.955074 5192.370074 5192.575414 5193.061026 5192.982631 5192.991713 5193.119389 5193.099163 5193.119389 5192.991713 5192.982631 5193.061026 5192.575414 5192.370074 5192.955074 5193.036611 0.000000 0.000000
0.000000 0.000000 5805.186747 5805.095514 5804.528616 5804.707550 5805.212984 5805.130428 5805.136343 5805.266469 5805.245236 5805.266469 5805.136343 5805.130428 5805.212984 5804.707550 5804.528616 5805.095514 5805.186747 0.000000 0.000000
0.000000 0.000000 6398.407345 6398.313214 6397.760283 6397.929513 6398.429169 6398.349132 6398.355693 6398.484457 6398.464402 6398.484457 6398.355693 6398.349132 6398.429169 6397.929513 6397.760283 6398.313214 6398.407345 0.000000 0.000000
0.000000 0.000000 6978.192674 6978.100653 6977.554779 6977.725171 6978.212563 6978.133636 6978.140880 6978.267590 6978.247063 6978.267590 6978.140880 6978.133636 6978.212563 6977.725171 6977.554779 6978.100653 6978.192674 0.000000 0.000000
0.000000 0.000000 7545.049251 7544.963793 7544.423000 7544.613836 7545.067211 7544.991945 7545.001799 7545.124040 7545.102910 7545.124040 7545.001799 7544.991945 7545.067211 7544.613836 7544.423000 7544.963793 7545.049251 0.000000 0.000000
0.000000 0.000000 8101.474130 8101.386171 8100.846667 8101.026899 8101.492280 8101.415338 8101.424234 8101.548714 8101.526920 8101.548714 8101.424234 8101.415338 8101.492280 8101.026899 8100.846667 8101.386171 8101.474130 0.000000 0.000000
0.000000 0.000000 8649.230572 8649.143347 8648.617058 8648.789703 8649.247746 8649.173535 8649.182376 8649.303770 8649.282212 8649.303770 8649.182376 8649.173535 8649.247746 8648.789703 8648.617058 8649.143346 8649.230569 0.000000 0.000000
0.000000 0.000000 9186.524984 9186.438246 9185.909873 9186.086041 9186.543360 9186.466321 9186.475314 9186.598634 9186.576066 9186.598634 9186.475314 9186.466321 9186.543360 9186.086041 9185.909873 9186.438229 9186.524763 0.000000 0.000000
0.000000 0.000000 9745.205401 9745.400887 9744.874999 9745.042285 9745.504017 9745.425042 9745.434184 9745.559639 9745.536803 9745.559639 9745.434184 9745.425042 9745.504017 9745.042284 9744.874982 9745.398003 9745.485342 0.000000 0.000000
0.000000 0.000000 0.000000 0.000000 0.000000 0.000000 0.000000 0.000000 0.000000 0.000000 0.000000 0.000000 0.000000 0.000000 0.000000 0.000000 0.000000 0.000000 0.000000 0.000000 0.000000
0.000000 0.000000 0.000000 0.000000 0.000000 0.000000 0.000000 0.000000 0.000000 0.000000 0.000000 0.000000 0.000000 0.000000 0.000000 0.000000 0.000000 0.000000 0.000000 0.000000 0.000000