geotop/1.0zi/1.0Montebello/Templates/testdem/maps/_Erotot8252.asc
ncols         21
nrows         20
xllcorner     100.000000
yllcorner     100.000000
cellsize      50.000000
NODATA_value  -9999.0
0.000000 0.000000 0.000000 0.000000 0.000000 0.000000 0.000000 0.000000 0.000000 0.000000 0.000000 0.000000 0.000000 0.000000 0.000000 0.000000 0.000000 0.000000 0.000000 0.000000 0.000000
0.000000 0.000000 680.235265 681.032860 680.482212 680.586938 679.575557 679.733968 679.720799 679.783934 680.216965 679.542293 679.420647 679.472736 679.848407 680.003227 680.839425 681.387706 681.603519 0.000000 0.000000
0.000000 0.000000 52.597955 51.614711 51.856466 51.920156 52.554198 52.231789 51.938435 51.800795 52.029879 52.389139 52.408671 52.558155 52.312889 51.801696 50.529087 49.674560 50.198968 0.000000 0.000000
0.000000 0.000000 354.827554 355.962209 343.594152 338.339253 338.901422 327.588384 327.680796 328.527302 324.870964 323.086951 325.239673 325.384437 335.646142 342.715529 347.321688 350.222401 355.440518 0.000000 0.000000
0.000000 0.000000 3387.858653 3390.290967 3393.333159 3370.365072 3350.858912 3338.961298 3337.549972 3333.296539 3340.454250 3345.709603 3341.184162 3339.850110 3354.910738 3359.035918 3370.493867 3380.555101 3380.912710 0.000000 0.000000
0.000000 0.000000 5352.290659 5346.893617 5343.180096 5336.939833 5321.076315 5311.333269 5312.427909 5311.185228 5307.784863 5302.049549 5301.097155 5304.297688 5303.913649 5324.232798 5332.137421 5338.312656 5341.248683 0.000000 0.000000
0.000000 0.000000 6683.113407 6680.131321 6675.602075 6668.582633 6654.505691 6631.797563 6630.657858 6626.897679 6628.359253 6632.092020 6633.598751 6634.115268 6662.558960 6672.890664 6678.701816 6681.578571 6686.923504 0.000000 0.000000
0.000000 0.000000 7881.181771 7881.501539 7878.520555 7868.325542 7865.419961 7855.470819 7855.534477 7855.418126 7854.479172 7850.535428 7849.837286 7856.130755 7858.321761 7863.637823 7876.529045 7875.210359 7880.407370 0.000000 0.000000
0.000000 0.000000 9446.564782 9442.049970 9435.644583 9435.056721 9423.405102 9407.315509 9408.465664 9403.900307 9401.893654 9401.639281 9404.150628 9398.340572 9417.585218 9432.084890 9434.362535 9438.285665 9439.901117 0.000000 0.000000
0.000000 0.000000 11238.269601 11234.838945 11235.070140 11230.389540 11209.177002 11198.670882 11198.087198 11197.935663 11194.496454 11198.043646 11201.261504 11200.553269 11207.928826 11223.088533 11231.302789 11233.501438 11234.852087 0.000000 0.000000
0.000000 0.000000 13208.416123 13207.691126 13204.660114 13183.497252 13177.095832 13160.162742 13165.953358 13152.228796 13156.580681 13154.742238 13147.543495 13157.933171 13167.996793 13171.381072 13184.727144 13192.250611 13203.559015 0.000000 0.000000
0.000000 0.000000 15353.726212 15345.493744 15336.976406 15333.228431 15321.931656 15300.457222 15296.314035 15297.342683 15305.039602 15293.466352 15297.976867 15297.651257 15321.691431 15331.257465 15334.659161 15338.954550 15363.577414 0.000000 0.000000
0.000000 0.000000 17597.494349 17592.618754 17593.141556 17578.216555 17570.355113 17516.315481 17514.433664 17513.418648 17490.450793 17504.058137 17508.506345 17513.714555 17551.445414 17559.611652 17584.876992 17584.746199 17592.299547 0.000000 0.000000
0.000000 0.000000 20189.923695 20192.818375 20178.062218 20173.014276 20106.611615 20130.968363 20113.447393 20115.055501 20123.298474 20117.408750 20114.779950 20109.230289 20084.484884 20155.977961 20162.703352 20185.105585 20195.848848 0.000000 0.000000
0.000000 0.000000 23112.647932 23103.780583 23093.981534 23018.528884 23038.470720 23000.345516 22979.634318 22975.899580 22962.005917 22950.566524 22958.216394 22957.052278 22998.791674 22982.296822 23089.617905 23067.560002 23064.515951 0.000000 0.000000
0.000000 0.000000 26141.849524 26138.787714 26030.301949 26070.153886 26069.039403 26061.201533 26111.144682 26095.014676 26119.260246 26110.941195 26092.783698 26121.086969 26119.165359 26121.618852 26021.317262 26183.432281 26174.831001 0.000000 0.000000
0.000000 0.000000 29723.950936 29567.741024 29618.931760 29563.451364 29482.212695 29464.564350 29415.967549 29430.111568 29378.906847 29384.722871 29412.464925 29387.186759 29425.354839 29477.758516 29616.589386 29509.959678 29677.422034 0.000000 0.000000
0.000000 0.000000 30874.141195 31035.537801 31172.033528 31179.231472 31190.759820 31069.989696 31093.464805 31052.527398 31118.154054 31106.469122 31099.476423 31115.458350 31213.086655 31205.967876 31198.339485 31092.259410 30932.651287 0.000000 0.000000
0.000000 0.000000 0.000000 0.000000 0.000000 0.000000 0.000000 0.000000 0.000000 0.000000 0.000000 0.000000 0.000000 0.000000 0.000000 0.000000 0.000000 0.000000 0.000000 0.000000 0.000000
0.000000 0.000000 0.000000 0.000000 0.000000 0.000000 0.000000 0.000000 0.000000 0.000000 0.000000 0.000000 0.000000 0.000000 0.000000 0.000000 0.000000 0.000000 0.000000 0.000000 0.000000