geotop/1.0zi/1.0Montebello/Templates/testdem/maps/_Erotot2820.asc
ncols         21
nrows         20
xllcorner     100.000000
yllcorner     100.000000
cellsize      50.000000
NODATA_value  -9999.0
0.000000 0.000000 0.000000 0.000000 0.000000 0.000000 0.000000 0.000000 0.000000 0.000000 0.000000 0.000000 0.000000 0.000000 0.000000 0.000000 0.000000 0.000000 0.000000 0.000000 0.000000
0.000000 0.000000 278.000149 278.002998 278.006379 278.124404 277.994519 277.998697 277.973163 278.012399 278.030359 278.012399 277.973163 277.998697 277.994519 278.124404 278.006379 278.002998 278.000149 0.000000 0.000000
0.000000 0.000000 14.752338 14.530255 12.779761 14.495541 14.787280 14.773772 14.804634 14.752402 14.704006 14.752402 14.804634 14.773772 14.787280 14.495541 12.779761 14.530255 14.752338 0.000000 0.000000
0.000000 0.000000 2089.699934 2089.380077 2089.716221 2087.851525 2089.855642 2089.297748 2089.293913 2090.152569 2090.401454 2090.152569 2089.293913 2089.297748 2089.855642 2087.851525 2089.716221 2089.380077 2089.699934 0.000000 0.000000
0.000000 0.000000 4133.398335 4133.230174 4132.573726 4133.167002 4133.705535 4133.564939 4133.530851 4133.684398 4133.646692 4133.684398 4133.530851 4133.564939 4133.705535 4133.167002 4132.573726 4133.230174 4133.398335 0.000000 0.000000
0.000000 0.000000 5366.833126 5366.630388 5366.073831 5366.224608 5367.028587 5366.737371 5366.756425 5367.106054 5367.226958 5367.106054 5366.756425 5366.737371 5367.028587 5366.224608 5366.073831 5366.630388 5366.833126 0.000000 0.000000
0.000000 0.000000 6968.143634 6967.975222 6967.468286 6967.606830 6968.293049 6968.041463 6968.065635 6968.375725 6968.501836 6968.375725 6968.065635 6968.041463 6968.293049 6967.606830 6967.468286 6967.975222 6968.143634 0.000000 0.000000
0.000000 0.000000 8463.484929 8463.343913 8462.873885 8463.014095 8463.602480 8463.386794 8463.408426 8463.684716 8463.802300 8463.684716 8463.408426 8463.386794 8463.602480 8463.014095 8462.873885 8463.343913 8463.484929 0.000000 0.000000
0.000000 0.000000 9848.491935 9848.363709 9847.919111 9848.058565 9848.597092 9848.399127 9848.419378 9848.677903 9848.788995 9848.677903 9848.419378 9848.399127 9848.597092 9848.058565 9847.919111 9848.363709 9848.491935 0.000000 0.000000
0.000000 0.000000 11146.506678 11146.406971 11145.974764 11146.151445 11146.598905 11146.422712 11146.447378 11146.681650 11146.785661 11146.681650 11146.447378 11146.422712 11146.598905 11146.151445 11145.974764 11146.406971 11146.506678 0.000000 0.000000
0.000000 0.000000 12362.215251 12362.109230 12361.698251 12361.850022 12362.306205 12362.131472 12362.151942 12362.381681 12362.479241 12362.381681 12362.151942 12362.131472 12362.306205 12361.850022 12361.698251 12362.109230 12362.215251 0.000000 0.000000
0.000000 0.000000 13517.793435 13517.687647 13517.293873 13517.439426 13517.879262 13517.712583 13517.731791 13517.952739 13518.047173 13517.952739 13517.731791 13517.712583 13517.879262 13517.439426 13517.293873 13517.687647 13517.793435 0.000000 0.000000
0.000000 0.000000 14620.852463 14620.752227 14620.366151 14620.512818 14620.931595 14620.769966 14620.789254 14621.003448 14621.093514 14621.003448 14620.789254 14620.769966 14620.931595 14620.512818 14620.366151 14620.752227 14620.852463 0.000000 0.000000
0.000000 0.000000 15680.854578 15680.762352 15680.386929 15680.550705 15680.931336 15680.776884 15680.797608 15681.002509 15681.089124 15681.002509 15680.797608 15680.776884 15680.931336 15680.550705 15680.386929 15680.762352 15680.854578 0.000000 0.000000
0.000000 0.000000 16700.490252 16700.396270 16700.026341 16700.178372 16700.562925 16700.410424 16700.429626 16700.631651 16700.715196 16700.631651 16700.429626 16700.410424 16700.562925 16700.178372 16700.026341 16700.396270 16700.490252 0.000000 0.000000
0.000000 0.000000 17683.039371 17682.947765 17682.589653 17682.734691 17683.105972 17682.958597 17682.977614 17683.173599 17683.254508 17683.173599 17682.977614 17682.958597 17683.105972 17682.734691 17682.589653 17682.947765 17683.039367 0.000000 0.000000
0.000000 0.000000 18630.998818 18630.909229 18630.554784 18630.702553 18631.063338 18630.918649 18630.937110 18631.127409 18631.204876 18631.127409 18630.937110 18630.918649 18631.063338 18630.702553 18630.554783 18630.909208 18630.998592 0.000000 0.000000
0.000000 0.000000 19592.063332 19592.446348 19592.099556 19592.242946 19592.597257 19592.456487 19592.472988 19592.658897 19592.733140 19592.658897 19592.472988 19592.456487 19592.597257 19592.242946 19592.099538 19592.442908 19592.529062 0.000000 0.000000
0.000000 0.000000 0.000000 0.000000 0.000000 0.000000 0.000000 0.000000 0.000000 0.000000 0.000000 0.000000 0.000000 0.000000 0.000000 0.000000 0.000000 0.000000 0.000000 0.000000 0.000000
0.000000 0.000000 0.000000 0.000000 0.000000 0.000000 0.000000 0.000000 0.000000 0.000000 0.000000 0.000000 0.000000 0.000000 0.000000 0.000000 0.000000 0.000000 0.000000 0.000000 0.000000