geotop/1.0zi/1.0Montebello/Templates/testdem/maps/_Erotot4170.asc
ncols         21
nrows         20
xllcorner     100.000000
yllcorner     100.000000
cellsize      50.000000
NODATA_value  -9999.0
0.000000 0.000000 0.000000 0.000000 0.000000 0.000000 0.000000 0.000000 0.000000 0.000000 0.000000 0.000000 0.000000 0.000000 0.000000 0.000000 0.000000 0.000000 0.000000 0.000000 0.000000
0.000000 0.000000 306.651108 306.211369 306.020882 305.873952 305.900620 305.954929 305.992630 305.991080 305.977487 305.980871 305.982391 306.026243 305.897765 305.916895 306.091015 306.000567 306.093837 0.000000 0.000000
0.000000 0.000000 24.220593 24.771883 25.044723 25.751502 25.388361 25.407036 24.980251 24.910818 24.965423 25.339594 25.105290 24.934426 25.422199 25.183833 24.303325 23.740850 23.614788 0.000000 0.000000
0.000000 0.000000 137.860447 139.243589 132.171471 129.545547 130.311812 125.160803 124.330116 123.916553 123.155345 122.683100 123.806336 122.623330 125.504787 130.520058 131.258777 133.638247 136.328780 0.000000 0.000000
0.000000 0.000000 1311.751369 1316.135149 1321.993829 1316.681855 1310.286471 1306.288272 1309.904948 1304.386473 1307.826954 1311.311823 1309.773160 1305.698683 1309.977053 1306.818161 1307.384988 1308.918935 1309.648341 0.000000 0.000000
0.000000 0.000000 2454.523760 2447.685798 2442.519435 2440.453227 2436.300694 2432.290357 2430.489538 2432.246564 2432.069201 2429.010809 2424.777002 2424.946271 2424.903184 2436.904115 2443.000445 2442.735089 2445.926662 0.000000 0.000000
0.000000 0.000000 3045.629916 3040.387855 3035.400306 3028.802639 3019.998569 3005.619440 3006.713357 3003.416167 3006.335407 3005.952389 3008.524815 3010.475199 3024.124150 3031.228399 3038.402768 3042.835120 3045.648773 0.000000 0.000000
0.000000 0.000000 3489.645421 3489.437685 3489.791503 3485.666942 3485.270019 3482.046957 3482.962759 3483.483039 3480.956520 3481.932514 3479.910046 3477.629000 3479.994379 3483.680260 3485.152403 3484.193707 3485.652141 0.000000 0.000000
0.000000 0.000000 4096.786979 4095.733242 4092.096364 4091.373054 4087.757661 4078.911648 4079.372191 4077.501287 4078.095641 4078.336135 4077.286355 4076.978227 4081.800404 4089.242566 4089.110903 4090.271060 4093.961295 0.000000 0.000000
0.000000 0.000000 4783.415269 4781.262941 4780.387043 4777.262848 4769.836215 4765.618391 4767.279608 4766.471084 4766.437442 4766.458957 4765.152157 4762.561244 4769.051634 4775.108898 4777.419220 4778.142613 4779.555811 0.000000 0.000000
0.000000 0.000000 5507.185938 5504.901072 5502.357587 5500.852404 5499.706802 5490.155971 5490.635768 5488.204763 5488.381588 5489.147648 5487.648686 5486.287840 5490.261489 5492.632734 5496.959608 5498.802476 5501.885932 0.000000 0.000000
0.000000 0.000000 6258.631004 6256.760415 6253.911647 6247.913894 6244.113891 6236.971233 6236.159973 6235.768885 6235.776832 6234.943399 6234.188997 6233.099063 6241.316654 6246.864430 6250.093489 6250.949779 6267.684834 0.000000 0.000000
0.000000 0.000000 7008.929626 7006.434160 7003.347175 7001.147664 6995.286547 6978.416627 6978.828468 6977.242444 6977.031041 6977.502928 6975.577327 6974.971544 6988.630016 6996.230951 6999.155374 7000.461849 7002.856275 0.000000 0.000000
0.000000 0.000000 7808.179278 7804.846528 7801.521270 7798.184295 7782.061016 7789.800256 7784.663574 7783.683610 7784.015353 7784.033539 7782.511549 7781.301101 7775.536596 7791.992161 7795.575750 7800.402104 7800.439198 0.000000 0.000000
0.000000 0.000000 8658.182128 8652.503557 8647.357562 8637.407599 8635.536819 8620.937683 8613.541516 8612.089729 8607.899448 8607.203648 8607.796440 8604.456616 8614.003890 8621.761312 8640.792446 8636.565759 8637.979987 0.000000 0.000000
0.000000 0.000000 9499.839313 9498.768465 9479.635814 9482.851395 9483.720324 9483.347882 9485.811124 9485.853886 9488.290195 9488.108614 9484.695016 9488.083506 9485.073774 9483.829317 9473.727544 9494.166816 9498.548382 0.000000 0.000000
0.000000 0.000000 10452.126536 10431.172948 10422.418295 10415.948390 10403.709766 10398.604010 10397.201315 10396.634099 10393.056059 10393.203186 10392.705440 10389.179406 10392.525371 10407.566167 10419.728728 10420.341077 10441.248900 0.000000 0.000000
0.000000 0.000000 11164.246120 11165.649282 11183.234838 11174.888236 11170.254780 11152.002200 11150.752928 11148.288280 11149.469606 11149.073213 11147.164174 11146.847421 11163.736836 11171.755815 11182.544826 11159.712605 11162.506804 0.000000 0.000000
0.000000 0.000000 0.000000 0.000000 0.000000 0.000000 0.000000 0.000000 0.000000 0.000000 0.000000 0.000000 0.000000 0.000000 0.000000 0.000000 0.000000 0.000000 0.000000 0.000000 0.000000
0.000000 0.000000 0.000000 0.000000 0.000000 0.000000 0.000000 0.000000 0.000000 0.000000 0.000000 0.000000 0.000000 0.000000 0.000000 0.000000 0.000000 0.000000 0.000000 0.000000 0.000000