geotop/1.0zi/1.0Montebello/Templates/testdem/maps/_Erotot077,.asc
ncols         21
nrows         20
xllcorner     100.000000
yllcorner     100.000000
cellsize      50.000000
NODATA_value  -9999.0
0.000000 0.000000 0.000000 0.000000 0.000000 0.000000 0.000000 0.000000 0.000000 0.000000 0.000000 0.000000 0.000000 0.000000 0.000000 0.000000 0.000000 0.000000 0.000000 0.000000 0.000000
0.000000 0.000000 900.047832 900.018287 898.731831 896.995656 895.313324 894.505846 894.766047 894.714003 895.168306 894.553887 894.316649 894.403655 895.716638 896.336555 898.961162 900.236968 901.031560 0.000000 0.000000
0.000000 0.000000 64.383895 63.205052 63.482980 64.377412 65.253987 64.969620 64.542617 64.463763 64.619906 64.835374 65.055216 65.089058 64.703431 64.221588 62.153240 61.327442 62.009272 0.000000 0.000000
0.000000 0.000000 781.808044 785.789406 768.562859 757.222120 756.062683 747.084899 754.365641 755.550442 751.598519 753.160689 757.406951 756.424969 766.358456 778.457246 783.261946 781.676493 787.899570 0.000000 0.000000
0.000000 0.000000 5482.802549 5472.670985 5472.523313 5429.738862 5401.930489 5384.841963 5377.785047 5373.967675 5378.762370 5383.842046 5383.625845 5377.818842 5397.877929 5404.667761 5425.938586 5439.535465 5440.031887 0.000000 0.000000
0.000000 0.000000 7760.284186 7755.359905 7746.350774 7747.491021 7716.929270 7702.817549 7706.931411 7706.398285 7699.800798 7693.522882 7690.714567 7694.877367 7698.133285 7727.570168 7728.119443 7735.988704 7737.719758 0.000000 0.000000
0.000000 0.000000 9563.190632 9556.143712 9551.448020 9535.186717 9527.474998 9485.151160 9485.140914 9482.093402 9480.078942 9483.371686 9484.149911 9485.198879 9523.160100 9528.507376 9539.517792 9543.617742 9548.724621 0.000000 0.000000
0.000000 0.000000 11593.598002 11587.720703 11578.345829 11553.942700 11541.855286 11535.101782 11535.121660 11533.325878 11531.328377 11527.555776 11526.469055 11533.677630 11533.436765 11546.997645 11565.189696 11563.613798 11570.077734 0.000000 0.000000
0.000000 0.000000 14147.147912 14139.243491 14126.643237 14119.053838 14098.184898 14072.279171 14076.444512 14072.777668 14067.318054 14066.737691 14070.027130 14062.792436 14092.931877 14111.352004 14116.189398 14121.344886 14123.832575 0.000000 0.000000
0.000000 0.000000 17186.793738 17173.921263 17165.660194 17151.378771 17132.262512 17107.451889 17106.091691 17105.377091 17098.095042 17102.825516 17106.123985 17105.062005 17115.911967 17141.572079 17153.028316 17158.768396 17157.751877 0.000000 0.000000
0.000000 0.000000 20669.282325 20661.830186 20656.469347 20609.878125 20608.273649 20571.668923 20582.336063 20561.015239 20565.812771 20560.411933 20550.265652 20564.095325 20584.293752 20591.765036 20612.359524 20617.603142 20639.491889 0.000000 0.000000
0.000000 0.000000 24677.828640 24656.156498 24626.521827 24619.965472 24601.293926 24558.062909 24549.119939 24554.486989 24560.271028 24547.552058 24554.502737 24544.967787 24584.628555 24606.696595 24610.614884 24618.847364 24650.159204 0.000000 0.000000
0.000000 0.000000 28906.608165 28887.833465 28885.963447 28850.909466 28825.734223 28716.003446 28712.647938 28709.222326 28654.214261 28689.360717 28690.621585 28703.598980 28784.109359 28796.227165 28846.279766 28846.797492 28845.190601 0.000000 0.000000
0.000000 0.000000 33610.706947 33610.541336 33571.459887 33553.896616 33414.208506 33512.858605 33478.386979 33477.826802 33507.478851 33476.664329 33473.612261 33451.640806 33361.087149 33524.106844 33516.198364 33556.879539 33575.512602 0.000000 0.000000
0.000000 0.000000 37375.688313 37361.179976 37348.102973 37233.179558 37317.793349 37229.535476 37216.667736 37212.311273 37181.960128 37176.075022 37187.597701 37192.432874 37270.019370 37178.732422 37341.727701 37295.476484 37281.360248 0.000000 0.000000
0.000000 0.000000 39681.754277 39677.736957 39597.374790 39641.447329 39635.487195 39634.780771 39677.157489 39664.135610 39682.015011 39677.833116 39663.934985 39682.852517 39672.431729 39681.770282 39580.469622 39703.324450 39695.154303 0.000000 0.000000
0.000000 0.000000 41454.916147 41398.180746 41427.576505 41404.083332 41374.267824 41374.679213 41355.769260 41362.566435 41342.518793 41345.111606 41353.948523 41347.204498 41355.257488 41368.065232 41420.280962 41373.081650 41429.548514 0.000000 0.000000
0.000000 0.000000 42171.070698 42234.609388 42264.708513 42276.884732 42280.506646 42243.280180 42259.100494 42244.268795 42268.363288 42264.633481 42261.463340 42266.405969 42296.151802 42291.907744 42267.164751 42248.947109 42187.812812 0.000000 0.000000
0.000000 0.000000 0.000000 0.000000 0.000000 0.000000 0.000000 0.000000 0.000000 0.000000 0.000000 0.000000 0.000000 0.000000 0.000000 0.000000 0.000000 0.000000 0.000000 0.000000 0.000000
0.000000 0.000000 0.000000 0.000000 0.000000 0.000000 0.000000 0.000000 0.000000 0.000000 0.000000 0.000000 0.000000 0.000000 0.000000 0.000000 0.000000 0.000000 0.000000 0.000000 0.000000