geotop/1.0zi/1.0Montebello/Templates/testdem/maps/_Erotot4237.asc
ncols         21
nrows         20
xllcorner     100.000000
yllcorner     100.000000
cellsize      50.000000
NODATA_value  -9999.0
0.000000 0.000000 0.000000 0.000000 0.000000 0.000000 0.000000 0.000000 0.000000 0.000000 0.000000 0.000000 0.000000 0.000000 0.000000 0.000000 0.000000 0.000000 0.000000 0.000000 0.000000
0.000000 0.000000 321.621184 321.184621 320.993997 320.850220 320.879826 320.940094 320.977839 320.976325 320.962704 320.966082 320.967574 321.011317 320.876794 320.893065 321.064221 320.973743 321.063962 0.000000 0.000000
0.000000 0.000000 25.781596 26.334050 26.610828 27.317086 26.947279 26.968308 26.533555 26.464506 26.519429 26.902699 26.666594 26.499921 26.989822 26.750446 25.869035 25.302667 25.175291 0.000000 0.000000
0.000000 0.000000 138.985087 140.362981 133.291464 130.669289 131.436606 126.273148 125.452362 125.037554 124.278133 123.796591 124.918402 123.740096 126.624457 131.640063 132.377182 134.758504 137.460321 0.000000 0.000000
0.000000 0.000000 1312.668493 1315.629067 1321.457659 1316.236733 1309.897394 1305.952697 1309.554738 1304.043068 1307.474389 1310.988193 1309.454033 1305.334130 1309.556878 1306.382146 1306.933617 1308.451641 1309.166035 0.000000 0.000000
0.000000 0.000000 2514.995964 2507.956915 2499.255980 2491.438423 2484.171076 2480.236130 2477.507879 2479.420219 2479.038925 2476.222913 2472.274452 2474.580655 2475.057174 2488.030421 2494.215662 2495.008044 2498.858763 0.000000 0.000000
0.000000 0.000000 3118.126512 3113.368985 3109.372867 3104.317459 3095.925203 3081.346988 3082.685832 3079.243662 3082.320988 3081.860451 3084.405819 3086.267213 3099.959357 3106.864596 3114.062113 3118.228029 3120.745626 0.000000 0.000000
0.000000 0.000000 3564.168220 3563.946598 3564.037531 3559.031164 3558.323807 3554.982356 3555.833927 3556.289064 3553.829353 3555.009146 3553.076382 3551.253957 3553.565702 3557.197274 3558.730236 3557.829500 3559.306847 0.000000 0.000000
0.000000 0.000000 4182.626402 4181.505300 4177.455567 4175.709420 4171.588762 4162.645396 4163.029423 4161.083148 4161.751062 4162.193321 4161.230930 4161.457491 4166.223258 4173.694078 4173.637672 4174.905372 4178.653941 0.000000 0.000000
0.000000 0.000000 4884.087105 4881.768331 4880.356209 4876.069183 4868.039143 4863.693364 4865.296485 4864.398742 4864.452942 4864.615689 4863.387608 4861.341244 4867.878840 4874.014433 4876.427952 4877.287946 4878.796488 0.000000 0.000000
0.000000 0.000000 5624.614749 5622.155402 5619.037027 5616.376633 5614.617035 5604.878817 5605.315694 5602.774978 5603.055046 5603.952685 5602.530445 5601.726164 5605.755427 5608.225987 5612.655109 5614.646501 5617.838164 0.000000 0.000000
0.000000 0.000000 6394.268693 6392.204801 6388.744257 6381.520881 6377.063163 6369.704716 6368.854861 6368.350378 6368.473519 6367.758848 6367.085383 6366.559220 6374.876575 6380.569749 6383.903641 6384.913705 6401.827484 0.000000 0.000000
0.000000 0.000000 7163.428005 7160.713905 7156.989465 7153.604293 7147.048485 7129.644659 7130.038641 7128.320669 7128.234955 7128.830914 7126.974780 7126.951216 7140.977259 7148.749927 7151.790004 7153.259639 7155.768592 0.000000 0.000000
0.000000 0.000000 7983.425956 7979.836996 7975.846764 7971.306930 7954.089440 7961.702862 7956.438986 7955.400410 7955.796969 7956.010957 7954.563322 7953.938324 7948.176478 7965.171634 7968.802494 7973.828803 7973.985801 0.000000 0.000000
0.000000 0.000000 8856.374055 8850.442866 8844.533347 8832.792475 8830.161462 8815.119919 8807.673918 8806.049100 8801.972992 8801.385520 8802.084846 8799.320362 8809.105677 8817.120398 8836.802073 8832.696148 8834.254948 0.000000 0.000000
0.000000 0.000000 9721.914792 9720.563966 9700.103039 9701.993509 9701.996459 9701.260427 9703.800615 9703.695335 9706.350988 9706.282909 9702.892796 9707.000850 9704.163343 9703.133980 9693.008033 9714.330595 9718.920316 0.000000 0.000000
0.000000 0.000000 10701.759349 10679.647305 10669.845304 10661.654070 10648.192989 10642.463844 10641.056488 10640.305801 10636.826860 10637.104092 10636.739185 10633.765327 10637.555345 10653.247999 10665.929559 10666.863711 10688.743293 0.000000 0.000000
0.000000 0.000000 11433.535241 11434.677129 11451.941443 11441.787930 11435.982540 11416.592336 11415.336836 11412.652778 11414.088580 11413.798586 11411.935994 11412.348338 11430.160677 11438.735551 11450.109874 11426.972620 11430.002507 0.000000 0.000000
0.000000 0.000000 0.000000 0.000000 0.000000 0.000000 0.000000 0.000000 0.000000 0.000000 0.000000 0.000000 0.000000 0.000000 0.000000 0.000000 0.000000 0.000000 0.000000 0.000000 0.000000
0.000000 0.000000 0.000000 0.000000 0.000000 0.000000 0.000000 0.000000 0.000000 0.000000 0.000000 0.000000 0.000000 0.000000 0.000000 0.000000 0.000000 0.000000 0.000000 0.000000 0.000000