geotop/1.0zi/1.0Montebello/Templates/testdem/maps/_Erotot5728.asc
ncols         21
nrows         20
xllcorner     100.000000
yllcorner     100.000000
cellsize      50.000000
NODATA_value  -9999.0
0.000000 0.000000 0.000000 0.000000 0.000000 0.000000 0.000000 0.000000 0.000000 0.000000 0.000000 0.000000 0.000000 0.000000 0.000000 0.000000 0.000000 0.000000 0.000000 0.000000 0.000000
0.000000 0.000000 436.890173 436.093764 435.916483 435.708629 435.673611 435.779272 435.729146 435.903331 435.810250 435.607614 435.547303 435.626637 435.732004 435.633142 435.826091 436.019111 436.433803 0.000000 0.000000
0.000000 0.000000 32.982817 33.646055 33.935237 35.103604 34.849574 34.610057 34.432330 34.209045 34.419828 34.772609 34.588750 34.346090 34.799977 34.565946 33.737778 32.903111 32.306330 0.000000 0.000000
0.000000 0.000000 184.692351 186.031225 178.411134 175.635675 177.019765 171.965407 171.581074 171.131633 170.412764 168.035109 170.606709 168.745666 172.110899 177.700565 177.369687 180.606551 183.893362 0.000000 0.000000
0.000000 0.000000 1780.652819 1785.531817 1791.502434 1773.289266 1758.278172 1747.514504 1750.129756 1747.574767 1751.272614 1755.517357 1751.921615 1749.854201 1759.834151 1759.079595 1766.301130 1773.367190 1774.610697 0.000000 0.000000
0.000000 0.000000 3185.526481 3179.470155 3176.794978 3172.476231 3164.646245 3157.320366 3155.822885 3155.695100 3154.767932 3152.715688 3150.001108 3152.038430 3151.475307 3166.834674 3171.766902 3175.018850 3177.468672 0.000000 0.000000
0.000000 0.000000 4185.270636 4182.759835 4179.782465 4175.448626 4162.593648 4146.389548 4146.516038 4143.129699 4144.859694 4147.631206 4149.537668 4150.556269 4170.078652 4179.274373 4184.035975 4185.698233 4190.887608 0.000000 0.000000
0.000000 0.000000 4825.806478 4827.224639 4826.459072 4820.258510 4819.814892 4812.885025 4813.502883 4813.918001 4812.742834 4810.376556 4810.027248 4813.454851 4813.207402 4815.430653 4823.612528 4821.866904 4824.875637 0.000000 0.000000
0.000000 0.000000 5675.757597 5673.160707 5669.281668 5670.372437 5663.928216 5653.694098 5654.248160 5651.679473 5649.303489 5650.542405 5651.655183 5646.354221 5659.054266 5666.691502 5668.675592 5669.487744 5670.901894 0.000000 0.000000
0.000000 0.000000 6660.163153 6657.873195 6660.207048 6659.710957 6645.192846 6638.378172 6639.881236 6639.033856 6637.075695 6640.214755 6643.066402 6641.317125 6644.128984 6654.008138 6657.703640 6657.882389 6658.563797 0.000000 0.000000
0.000000 0.000000 7721.445779 7721.715197 7722.036639 7708.088562 7705.622009 7695.172497 7698.789001 7689.861748 7692.340263 7691.465447 7686.722350 7693.789336 7697.736786 7698.773195 7705.227093 7711.023223 7718.191483 0.000000 0.000000
0.000000 0.000000 8829.083386 8824.657966 8820.045977 8818.472957 8814.730108 8800.290931 8799.459186 8798.605941 8805.270404 8798.367845 8800.268016 8799.632168 8814.472954 8817.318000 8818.621075 8819.113520 8838.183723 0.000000 0.000000
0.000000 0.000000 9948.481226 9946.661766 9947.839670 9940.640304 9936.759861 9911.204461 9910.110275 9909.840416 9895.827377 9904.676719 9908.457157 9910.210061 9925.259371 9928.766014 9942.348556 9941.702300 9948.506317 0.000000 0.000000
0.000000 0.000000 11174.242909 11175.711100 11169.218808 11168.299617 11142.304415 11150.263175 11140.161890 11141.611730 11142.827066 11142.509399 11140.950143 11137.463135 11127.472431 11155.327407 11160.531266 11170.855768 11177.716574 0.000000 0.000000
0.000000 0.000000 12493.153391 12488.296351 12485.698647 12463.513257 12462.900326 12448.104521 12435.668343 12434.250881 12429.574457 12423.613327 12426.545864 12424.602096 12438.543363 12442.162526 12480.917778 12472.438204 12472.573782 0.000000 0.000000
0.000000 0.000000 13842.927179 13842.406060 13809.339989 13808.292279 13813.159372 13805.615419 13821.990968 13814.663370 13820.306755 13815.977407 13810.965389 13818.794720 13822.217265 13821.631640 13802.708959 13850.426708 13843.560001 0.000000 0.000000
0.000000 0.000000 15371.590455 15331.965483 15329.734928 15320.989456 15297.200294 15290.829789 15283.348097 15286.447410 15273.566061 15273.898558 15278.351672 15278.307037 15288.982891 15298.691591 15327.777013 15322.981225 15367.982718 0.000000 0.000000
0.000000 0.000000 16452.130963 16462.430504 16504.288327 16497.779717 16483.651778 16449.151195 16450.288134 16437.078814 16447.945732 16446.172214 16451.787255 16446.725656 16476.513203 16488.080028 16510.633310 16467.758128 16457.200156 0.000000 0.000000
0.000000 0.000000 0.000000 0.000000 0.000000 0.000000 0.000000 0.000000 0.000000 0.000000 0.000000 0.000000 0.000000 0.000000 0.000000 0.000000 0.000000 0.000000 0.000000 0.000000 0.000000
0.000000 0.000000 0.000000 0.000000 0.000000 0.000000 0.000000 0.000000 0.000000 0.000000 0.000000 0.000000 0.000000 0.000000 0.000000 0.000000 0.000000 0.000000 0.000000 0.000000 0.000000