geotop/1.0zi/1.0Montebello/Templates/testdem/maps/_Erotot4091.asc
ncols         21
nrows         20
xllcorner     100.000000
yllcorner     100.000000
cellsize      50.000000
NODATA_value  -9999.0
0.000000 0.000000 0.000000 0.000000 0.000000 0.000000 0.000000 0.000000 0.000000 0.000000 0.000000 0.000000 0.000000 0.000000 0.000000 0.000000 0.000000 0.000000 0.000000 0.000000 0.000000
0.000000 0.000000 301.711944 301.271446 301.080573 300.933324 300.959948 301.013954 301.051692 301.050254 301.036602 301.040001 301.041430 301.085200 300.956938 300.976227 301.150755 301.060541 301.154254 0.000000 0.000000
0.000000 0.000000 23.733370 24.284974 24.557374 25.264030 24.900470 24.919069 24.492244 24.422719 24.477367 24.851539 24.617320 24.446548 24.934497 24.696437 23.815974 23.253619 23.127708 0.000000 0.000000
0.000000 0.000000 137.440310 138.913946 131.890833 129.258604 130.020526 124.856391 124.028559 123.616067 122.856426 122.382172 123.501980 122.317217 125.206156 130.224519 130.969917 133.345613 136.034674 0.000000 0.000000
0.000000 0.000000 1301.310902 1306.146074 1312.718360 1307.867661 1301.765069 1298.356999 1301.888309 1296.298342 1299.723252 1303.292124 1301.856574 1297.870535 1301.807116 1298.501852 1298.720872 1300.415475 1300.195194 0.000000 0.000000
0.000000 0.000000 2424.074128 2418.595193 2414.104084 2412.518864 2408.587469 2405.086537 2403.311946 2405.694279 2404.907535 2402.037324 2397.613191 2397.733892 2397.146782 2408.935542 2415.043288 2414.554212 2417.822840 0.000000 0.000000
0.000000 0.000000 3011.922783 3006.642537 3001.892438 2995.098992 2986.560581 2972.240965 2973.399701 2969.931125 2973.008605 2972.578156 2975.226756 2977.141633 2990.711388 2997.687786 3004.749844 3009.186874 3011.931583 0.000000 0.000000
0.000000 0.000000 3453.110627 3453.434933 3453.554005 3449.390246 3449.172233 3446.138913 3446.898923 3447.480196 3444.882676 3445.850593 3443.854481 3441.605155 3443.964011 3447.463664 3449.065142 3448.174124 3449.406515 0.000000 0.000000
0.000000 0.000000 4053.423547 4052.732715 4049.370488 4048.755824 4045.306300 4036.737293 4037.088910 4035.290295 4035.799453 4036.065621 4035.028044 4034.738433 4039.430842 4046.749623 4046.558479 4047.737377 4051.194041 0.000000 0.000000
0.000000 0.000000 4733.199440 4731.506442 4730.840028 4727.773397 4720.565457 4716.581737 4718.173743 4717.419658 4717.312858 4717.359812 4716.074224 4713.505684 4719.851167 4725.751029 4728.039299 4728.778413 4729.950232 0.000000 0.000000
0.000000 0.000000 5449.171538 5447.361680 5445.064858 5443.640069 5442.701801 5433.393958 5433.823986 5431.446102 5431.561521 5432.358555 5430.867079 5429.525648 5433.348966 5435.578178 5439.857054 5441.718915 5444.544849 0.000000 0.000000
0.000000 0.000000 6192.130460 6190.698921 6188.104932 6182.215682 6178.621970 6171.712202 6170.876985 6170.519966 6170.479963 6169.684193 6168.937921 6167.866419 6175.909833 6181.321891 6184.484114 6185.372186 6201.806337 0.000000 0.000000
0.000000 0.000000 6934.033046 6931.976000 6929.155132 6927.060327 6921.396464 6904.920844 6905.306689 6903.743098 6903.495370 6903.998269 6902.091123 6901.501521 6914.847608 6922.305079 6925.166599 6926.501094 6928.625102 0.000000 0.000000
0.000000 0.000000 7723.702631 7720.842992 7717.794407 7714.591933 7698.884912 7706.821952 7701.702102 7700.733752 7701.031936 7701.093061 7699.586978 7698.399920 7692.470556 7708.577925 7712.085511 7716.931947 7716.675496 0.000000 0.000000
0.000000 0.000000 8562.810347 8557.614275 8552.774827 8543.230043 8541.588425 8527.281729 8519.920929 8518.483433 8514.288967 8513.644311 8514.236256 8510.933437 8520.244769 8527.806931 8546.453894 8542.289411 8543.396074 0.000000 0.000000
0.000000 0.000000 9393.657016 9393.091952 9374.557501 9377.912207 9379.013266 9378.892306 9381.313617 9381.347016 9383.740127 9383.598838 9380.233025 9383.606467 9380.413482 9379.034856 9368.899695 9389.022472 9393.051141 0.000000 0.000000
0.000000 0.000000 10333.700773 10313.708420 10305.386320 10299.176957 10287.328964 10282.572594 10281.196614 10280.630341 10277.070592 10277.260894 10276.757507 10273.304502 10276.336547 10291.036834 10302.946486 10303.533977 10323.685048 0.000000 0.000000
0.000000 0.000000 11037.747117 11039.710810 11057.410092 11049.400176 11045.145414 11027.485952 11026.278374 11023.823641 11024.961264 11024.618679 11022.743368 11022.423407 11038.764131 11046.469366 11056.941624 11034.371381 11036.744236 0.000000 0.000000
0.000000 0.000000 0.000000 0.000000 0.000000 0.000000 0.000000 0.000000 0.000000 0.000000 0.000000 0.000000 0.000000 0.000000 0.000000 0.000000 0.000000 0.000000 0.000000 0.000000 0.000000
0.000000 0.000000 0.000000 0.000000 0.000000 0.000000 0.000000 0.000000 0.000000 0.000000 0.000000 0.000000 0.000000 0.000000 0.000000 0.000000 0.000000 0.000000 0.000000 0.000000 0.000000