geotop/1.0zi/1.0Montebello/Templates/testdem/maps/_Erotot5486.asc
ncols         21
nrows         20
xllcorner     100.000000
yllcorner     100.000000
cellsize      50.000000
NODATA_value  -9999.0
0.000000 0.000000 0.000000 0.000000 0.000000 0.000000 0.000000 0.000000 0.000000 0.000000 0.000000 0.000000 0.000000 0.000000 0.000000 0.000000 0.000000 0.000000 0.000000 0.000000 0.000000
0.000000 0.000000 411.267352 410.470841 410.294367 410.090446 410.049997 410.144480 410.097278 410.270821 410.182888 409.984993 409.926285 409.989917 410.093857 409.997668 410.193234 410.395778 410.803985 0.000000 0.000000
0.000000 0.000000 30.762964 31.415935 31.675498 32.856935 32.603176 32.372297 32.190731 31.968504 32.156235 32.503881 32.318583 32.110467 32.574331 32.349551 31.522684 30.682496 30.098518 0.000000 0.000000
0.000000 0.000000 154.476171 156.041984 149.071019 146.280747 148.100101 142.999342 142.387502 142.752885 141.331455 139.944571 141.575757 139.666575 142.389193 147.106558 146.652305 150.144693 153.359463 0.000000 0.000000
0.000000 0.000000 1622.021981 1626.628347 1632.773857 1614.945375 1600.072770 1589.343471 1592.025098 1589.297190 1592.931848 1597.199110 1593.630698 1591.480465 1601.710414 1600.737239 1608.015334 1615.058656 1616.261963 0.000000 0.000000
0.000000 0.000000 3009.014614 3003.044858 3000.375569 2996.088597 2988.824001 2981.908112 2980.159065 2980.222170 2979.457666 2977.205875 2974.617651 2976.765424 2975.701994 2990.522731 2995.273566 2998.520162 3001.036839 0.000000 0.000000
0.000000 0.000000 3993.713951 3991.231006 3988.382000 3984.061400 3971.433233 3955.671129 3955.815642 3952.535687 3954.185667 3957.058739 3958.844796 3959.849955 3978.773830 3987.744790 3992.427298 3994.084121 3999.229179 0.000000 0.000000
0.000000 0.000000 4598.476838 4599.900013 4599.298075 4593.252188 4592.978342 4586.328846 4586.893765 4587.411406 4586.154524 4583.907761 4583.475557 4586.836673 4586.297225 4588.263776 4596.257592 4594.565912 4597.478123 0.000000 0.000000
0.000000 0.000000 5407.469254 5404.924037 5401.242156 5402.448322 5396.278096 5386.304410 5386.749988 5384.309019 5381.881944 5383.205222 5384.198123 5378.964821 5391.296204 5398.624310 5400.492459 5401.257220 5402.623577 0.000000 0.000000
0.000000 0.000000 6346.873928 6344.571790 6347.066679 6346.733025 6332.630068 6326.006923 6327.487554 6326.697980 6324.741566 6327.909228 6330.656106 6328.889804 6331.433017 6340.873318 6344.450444 6344.602159 6345.282770 0.000000 0.000000
0.000000 0.000000 7358.851682 7359.089955 7359.596103 7346.025858 7343.772307 7333.739069 7337.176651 7328.524859 7330.847106 7330.125985 7325.355221 7332.314594 7335.831127 7336.584792 7342.817633 7348.596573 7355.558467 0.000000 0.000000
0.000000 0.000000 8412.039275 8407.721458 8403.506106 8401.986521 8398.708796 8384.542339 8383.829282 8382.935534 8389.465953 8382.869190 8384.486899 8383.887937 8398.268821 8400.556583 8401.888972 8402.223638 8421.125272 0.000000 0.000000
0.000000 0.000000 9473.164130 9471.409197 9472.663502 9465.841566 9462.232566 9438.134509 9436.980968 9436.838337 9423.105438 9431.777457 9435.459560 9437.122114 9450.734597 9454.010408 9467.076500 9466.529481 9473.140985 0.000000 0.000000
0.000000 0.000000 10630.892205 10632.296066 10626.198301 10625.431727 10601.313758 10608.976503 10599.020140 10600.556472 10601.556908 10601.500518 10599.815614 10596.421521 10586.635855 10612.457604 10617.530625 10627.472337 10634.221428 0.000000 0.000000
0.000000 0.000000 11873.330277 11868.534615 11866.367787 11846.250223 11845.503984 11831.232755 11819.067829 11817.851477 11813.276847 11807.657863 11810.283937 11808.396488 11821.542968 11825.185475 11861.447433 11853.371453 11853.539596 0.000000 0.000000
0.000000 0.000000 13141.273490 13140.790589 13110.573015 13108.908037 13113.880197 13106.660979 13121.998959 13114.994445 13120.128815 13116.071665 13111.363035 13118.625006 13121.650386 13120.955508 13103.831906 13147.857088 13141.113606 0.000000 0.000000
0.000000 0.000000 14570.862786 14535.282183 14532.867727 14525.124106 14503.390534 14497.788882 14490.837047 14493.889043 14481.803078 14482.150710 14485.923956 14486.333805 14495.782371 14503.868481 14530.701438 14527.190953 14567.967879 0.000000 0.000000
0.000000 0.000000 15599.378925 15607.073771 15644.974421 15639.168560 15625.937991 15594.850439 15595.823442 15583.396982 15593.100174 15591.732128 15597.113639 15591.813998 15618.372013 15628.962692 15650.345430 15611.328049 15603.249244 0.000000 0.000000
0.000000 0.000000 0.000000 0.000000 0.000000 0.000000 0.000000 0.000000 0.000000 0.000000 0.000000 0.000000 0.000000 0.000000 0.000000 0.000000 0.000000 0.000000 0.000000 0.000000 0.000000
0.000000 0.000000 0.000000 0.000000 0.000000 0.000000 0.000000 0.000000 0.000000 0.000000 0.000000 0.000000 0.000000 0.000000 0.000000 0.000000 0.000000 0.000000 0.000000 0.000000 0.000000