geotop/1.0zi/1.0Montebello/Templates/testdem/maps/_Erotot4618.asc
ncols         21
nrows         20
xllcorner     100.000000
yllcorner     100.000000
cellsize      50.000000
NODATA_value  -9999.0
0.000000 0.000000 0.000000 0.000000 0.000000 0.000000 0.000000 0.000000 0.000000 0.000000 0.000000 0.000000 0.000000 0.000000 0.000000 0.000000 0.000000 0.000000 0.000000 0.000000 0.000000
0.000000 0.000000 347.126763 346.666553 346.451720 346.283737 346.287870 346.328492 346.365996 346.364434 346.351091 346.354262 346.356231 346.400586 346.285221 346.326882 346.521167 346.454105 346.567698 0.000000 0.000000
0.000000 0.000000 27.335452 27.962423 28.349912 29.419081 29.035079 29.111959 28.710169 28.645910 28.680727 28.990492 28.706123 28.462233 28.949636 28.688620 27.788826 27.195236 26.996075 0.000000 0.000000
0.000000 0.000000 137.752522 138.971123 131.884170 129.542094 130.622903 125.656432 124.922976 124.567718 123.698051 123.151085 124.184903 122.793582 125.526826 130.482922 131.049012 133.311407 135.948931 0.000000 0.000000
0.000000 0.000000 1344.082161 1348.209227 1353.569372 1336.428539 1325.250431 1317.292913 1319.761275 1313.934268 1318.185454 1322.420578 1322.734696 1323.227074 1332.516891 1331.491196 1336.919834 1342.670258 1344.530006 0.000000 0.000000
0.000000 0.000000 2626.954915 2622.203472 2618.710343 2616.045364 2610.772188 2607.672988 2604.990677 2606.722442 2606.318165 2603.735121 2599.889979 2601.067641 2600.589708 2613.497634 2617.635596 2617.705195 2620.573886 0.000000 0.000000
0.000000 0.000000 3323.453779 3318.565533 3314.656505 3311.332420 3302.614434 3287.780979 3289.535702 3286.328867 3289.351797 3288.497051 3290.337729 3291.674599 3306.194862 3313.673860 3319.984071 3323.782162 3327.294534 0.000000 0.000000
0.000000 0.000000 3800.335723 3800.831278 3801.660881 3797.127855 3795.474513 3790.685088 3791.309125 3791.475805 3789.105206 3790.072713 3789.077992 3788.126646 3791.137358 3795.108620 3797.079218 3796.457744 3797.682847 0.000000 0.000000
0.000000 0.000000 4450.193861 4450.060225 4447.817914 4445.705729 4441.616585 4433.157358 4433.449392 4431.531842 4432.107990 4432.759197 4431.856472 4432.380902 4437.733427 4445.468285 4445.502864 4447.004605 4450.715295 0.000000 0.000000
0.000000 0.000000 5202.715307 5201.163846 5201.768755 5198.047592 5189.807872 5184.900587 5186.564585 5185.575011 5185.690841 5185.765252 5184.711906 5183.020319 5190.362790 5196.978055 5199.233441 5200.262943 5201.606695 0.000000 0.000000
0.000000 0.000000 5996.975560 5995.347393 5994.323624 5992.364475 5990.112643 5979.691983 5980.044240 5977.454473 5977.647171 5978.686554 5977.514726 5977.306001 5982.357035 5985.095137 5989.852840 5991.935911 5994.980356 0.000000 0.000000
0.000000 0.000000 6825.227179 6824.732592 6822.675774 6816.120605 6811.745889 6803.772040 6802.842706 6802.343829 6802.495550 6801.715345 6801.290670 6801.174385 6810.198116 6816.187447 6819.589159 6820.770877 6837.723328 0.000000 0.000000
0.000000 0.000000 7656.626309 7654.945340 7653.161054 7650.527796 7643.573988 7624.661281 7624.978337 7623.134051 7623.079972 7623.724796 7622.111225 7622.511554 7638.458301 7646.555557 7649.793067 7651.319098 7653.690206 0.000000 0.000000
0.000000 0.000000 8543.608735 8540.967494 8539.260450 8535.544785 8516.683051 8524.935764 8519.125991 8518.146506 8518.586316 8518.952026 8517.641793 8517.314684 8511.354026 8529.853515 8533.762121 8539.024496 8538.919614 0.000000 0.000000
0.000000 0.000000 9490.571584 9486.105321 9481.959715 9469.644389 9467.314360 9451.184349 9443.256638 9441.450961 9437.237596 9436.887226 9437.902828 9435.530543 9446.619077 9454.707530 9476.109562 9471.815146 9473.197360 0.000000 0.000000
0.000000 0.000000 10434.213604 10434.162715 10414.015288 10417.309872 10416.983791 10415.975370 10418.746366 10418.655333 10421.464534 10421.336806 10418.144615 10423.075339 10420.792188 10419.840216 10408.773576 10432.659483 10437.247432 0.000000 0.000000
0.000000 0.000000 11504.727249 11481.088221 11473.233695 11465.540530 11451.265683 11444.970597 11443.283984 11442.419600 11438.711449 11439.064732 11439.192926 11436.401444 11441.186547 11457.891429 11471.372647 11472.146297 11496.558554 0.000000 0.000000
0.000000 0.000000 12297.966282 12301.719476 12323.818403 12314.307646 12308.142358 12284.728430 12283.125433 12280.210855 12281.953834 12281.754821 12280.092811 12281.327345 12303.505397 12312.505885 12324.409360 12298.685312 12300.806752 0.000000 0.000000
0.000000 0.000000 0.000000 0.000000 0.000000 0.000000 0.000000 0.000000 0.000000 0.000000 0.000000 0.000000 0.000000 0.000000 0.000000 0.000000 0.000000 0.000000 0.000000 0.000000 0.000000
0.000000 0.000000 0.000000 0.000000 0.000000 0.000000 0.000000 0.000000 0.000000 0.000000 0.000000 0.000000 0.000000 0.000000 0.000000 0.000000 0.000000 0.000000 0.000000 0.000000 0.000000