geotop/1.0zi/1.0Montebello/Templates/testdem/maps/_Erotot9454.asc
ncols         21
nrows         20
xllcorner     100.000000
yllcorner     100.000000
cellsize      50.000000
NODATA_value  -9999.0
0.000000 0.000000 0.000000 0.000000 0.000000 0.000000 0.000000 0.000000 0.000000 0.000000 0.000000 0.000000 0.000000 0.000000 0.000000 0.000000 0.000000 0.000000 0.000000 0.000000 0.000000
0.000000 0.000000 791.787024 791.888600 790.661712 790.199675 788.670677 788.184392 788.319192 788.347897 788.758819 788.139631 787.991097 788.026939 789.001439 789.648015 790.996335 792.229829 792.869170 0.000000 0.000000
0.000000 0.000000 59.409457 58.027346 58.383367 58.147172 58.863263 58.421790 58.026880 57.915589 58.088735 58.392277 58.466102 58.555681 58.448108 57.958887 56.867917 55.943824 56.817657 0.000000 0.000000
0.000000 0.000000 507.534742 511.231105 497.206109 491.614344 490.950158 483.307260 490.127369 492.237684 488.668644 488.891889 493.654353 493.116649 501.665846 510.191013 512.962065 511.234894 517.127744 0.000000 0.000000
0.000000 0.000000 4290.585633 4284.482675 4279.288558 4243.969581 4216.717102 4203.367279 4195.775036 4189.488098 4196.960239 4203.426131 4201.635754 4196.750623 4216.457995 4222.787345 4240.799317 4251.870880 4252.911580 0.000000 0.000000
0.000000 0.000000 6501.232442 6495.828182 6490.862417 6493.394320 6468.526637 6456.346242 6459.957530 6459.217449 6454.680788 6448.360144 6446.831101 6451.338368 6451.408750 6477.845755 6478.494566 6486.321746 6488.632428 0.000000 0.000000
0.000000 0.000000 7984.758037 7979.582608 7975.553816 7963.698749 7955.729523 7917.380647 7920.437960 7917.814360 7917.167674 7921.673232 7922.433537 7924.157478 7957.723005 7963.026388 7972.755261 7975.580933 7980.939750 0.000000 0.000000
0.000000 0.000000 9535.648508 9533.000734 9527.628618 9514.767836 9506.944095 9503.698531 9503.781833 9501.827634 9501.775765 9497.774908 9496.878744 9504.263206 9502.782646 9513.142508 9528.446008 9525.966585 9532.389796 0.000000 0.000000
0.000000 0.000000 11521.036933 11515.949241 11508.474088 11504.812891 11487.618138 11465.417469 11468.953227 11464.744036 11461.234047 11460.974588 11464.174466 11458.101718 11483.928848 11498.828392 11501.438827 11505.124845 11507.987722 0.000000 0.000000
0.000000 0.000000 13832.154400 13824.746292 13821.250639 13813.248558 13788.751690 13774.518273 13774.532413 13772.813013 13768.452083 13773.203895 13776.748464 13776.645258 13784.416944 13805.355080 13814.235813 13818.305200 13818.092922 0.000000 0.000000
0.000000 0.000000 16411.734138 16409.264978 16406.882364 16374.513828 16367.499344 16342.690327 16351.657098 16334.049739 16339.860845 16335.997702 16328.324156 16340.284938 16355.839127 16360.752192 16376.972986 16382.455270 16399.175967 0.000000 0.000000
0.000000 0.000000 19295.564500 19283.650638 19265.353332 19263.610703 19244.317269 19216.146043 19215.894444 19217.913251 19225.152896 19210.120659 19218.899533 19216.561358 19245.633943 19260.651173 19262.798116 19268.432314 19295.174126 0.000000 0.000000
0.000000 0.000000 22368.319856 22360.842589 22363.328480 22334.300780 22322.377530 22243.888714 22241.364187 22240.280317 22205.796536 22228.677097 22231.405231 22240.101131 22296.848392 22307.603606 22341.065965 22341.533928 22347.514430 0.000000 0.000000
0.000000 0.000000 26027.325362 26028.867334 26002.633779 25993.934427 25888.269493 25940.484716 25916.340632 25918.092506 25935.974592 25920.646160 25919.411971 25906.844748 25856.119962 25975.503220 25977.157358 26007.730981 26022.541774 0.000000 0.000000
0.000000 0.000000 30011.345805 29996.308450 29977.996630 29856.177145 29916.131733 29839.424649 29817.326797 29811.295130 29783.282646 29771.650605 29785.127652 29787.445571 29861.518581 29801.295743 29973.873027 29929.795346 29920.529711 0.000000 0.000000
0.000000 0.000000 33617.529359 33611.873699 33463.493884 33550.391862 33529.048987 33537.371000 33614.584686 33592.676039 33631.325549 33624.191411 33596.190199 33633.760442 33611.827017 33633.234113 33444.049257 33679.291835 33670.111770 0.000000 0.000000
0.000000 0.000000 36986.241119 36843.288620 36917.391408 36851.841957 36777.331719 36757.741432 36701.192554 36717.779576 36663.503549 36671.404301 36702.011435 36672.012499 36712.889778 36758.872857 36912.615904 36772.710584 36925.093785 0.000000 0.000000
0.000000 0.000000 37852.867016 37957.711961 38052.478079 38049.077580 38050.599894 37966.903665 37981.728214 37953.478859 37996.099803 37988.482089 37986.661040 37994.088479 38060.254570 38061.975110 38065.673866 37984.495470 37880.973727 0.000000 0.000000
0.000000 0.000000 0.000000 0.000000 0.000000 0.000000 0.000000 0.000000 0.000000 0.000000 0.000000 0.000000 0.000000 0.000000 0.000000 0.000000 0.000000 0.000000 0.000000 0.000000 0.000000
0.000000 0.000000 0.000000 0.000000 0.000000 0.000000 0.000000 0.000000 0.000000 0.000000 0.000000 0.000000 0.000000 0.000000 0.000000 0.000000 0.000000 0.000000 0.000000 0.000000 0.000000