geotop/1.0zi/1.0Montebello/Templates/testdem/maps/_Erotot1218.asc
ncols         21
nrows         20
xllcorner     100.000000
yllcorner     100.000000
cellsize      50.000000
NODATA_value  -9999.0
0.000000 0.000000 0.000000 0.000000 0.000000 0.000000 0.000000 0.000000 0.000000 0.000000 0.000000 0.000000 0.000000 0.000000 0.000000 0.000000 0.000000 0.000000 0.000000 0.000000 0.000000
0.000000 0.000000 148.687247 148.688645 148.723500 148.698853 148.680224 148.688661 148.690245 148.685063 148.685731 148.685063 148.690245 148.688661 148.680224 148.698853 148.723500 148.688645 148.687247 0.000000 0.000000
0.000000 0.000000 9.155192 8.936403 7.160577 9.018016 9.191678 9.182436 9.193062 9.199132 9.197253 9.199132 9.193062 9.182436 9.191678 9.018016 7.160577 8.936403 9.155192 0.000000 0.000000
0.000000 0.000000 1039.385501 1039.181059 1039.204870 1037.184739 1039.435977 1039.097128 1039.061240 1039.588208 1039.531082 1039.588208 1039.061240 1039.097128 1039.435977 1037.184739 1039.204870 1039.181059 1039.385501 0.000000 0.000000
0.000000 0.000000 1853.226403 1853.002372 1852.250136 1852.939741 1853.367831 1853.201837 1853.159861 1853.307584 1853.261967 1853.307584 1853.159861 1853.201837 1853.367831 1852.939741 1852.250136 1853.002372 1853.226403 0.000000 0.000000
0.000000 0.000000 2428.928826 2428.755624 2428.003572 2428.178411 2429.012668 2428.840612 2428.827491 2429.043684 2429.015997 2429.043684 2428.827491 2428.840612 2429.012668 2428.178411 2428.003572 2428.755624 2428.928826 0.000000 0.000000
0.000000 0.000000 3156.196544 3156.058582 3155.379368 3155.552398 3156.254789 3156.123937 3156.119921 3156.298017 3156.273992 3156.298017 3156.119921 3156.123937 3156.254789 3155.552398 3155.379368 3156.058582 3156.196544 0.000000 0.000000
0.000000 0.000000 3847.186410 3847.067389 3846.438844 3846.611315 3847.227395 3847.121597 3847.121591 3847.278076 3847.257274 3847.278076 3847.121591 3847.121597 3847.227395 3846.611315 3846.438844 3847.067389 3847.186410 0.000000 0.000000
0.000000 0.000000 4502.029380 4501.920507 4501.322681 4501.490377 4502.063140 4501.968097 4501.970276 4502.115710 4502.095561 4502.115710 4501.970276 4501.968097 4502.063140 4501.490377 4501.322681 4501.920507 4502.029380 0.000000 0.000000
0.000000 0.000000 5129.024372 5128.942624 5128.356773 5128.562055 5129.049392 5128.970435 5128.979385 5129.107471 5129.087229 5129.107471 5128.979385 5128.970435 5129.049392 5128.562055 5128.356773 5128.942624 5129.024372 0.000000 0.000000
0.000000 0.000000 5731.983039 5731.891581 5731.323746 5731.502672 5732.009850 5731.926743 5731.932536 5732.063080 5732.041825 5732.063080 5731.932536 5731.926743 5732.009850 5731.502672 5731.323746 5731.891581 5731.983039 0.000000 0.000000
0.000000 0.000000 6316.258730 6316.164352 6315.610396 6315.779647 6316.281095 6316.200515 6316.206964 6316.336160 6316.316080 6316.336160 6316.206964 6316.200515 6316.281095 6315.779647 6315.610396 6316.164352 6316.258730 0.000000 0.000000
0.000000 0.000000 6887.305048 6887.212750 6886.665768 6886.836223 6887.325444 6887.245983 6887.253122 6887.380274 6887.359721 6887.380274 6887.253122 6887.245983 6887.325444 6886.836223 6886.665768 6887.212750 6887.305048 0.000000 0.000000
0.000000 0.000000 7445.578531 7445.492796 7444.950795 7445.141779 7445.596979 7445.521185 7445.530947 7445.653642 7445.632476 7445.653642 7445.530947 7445.521185 7445.596979 7445.141779 7444.950795 7445.492796 7445.578531 0.000000 0.000000
0.000000 0.000000 7993.572605 7993.484369 7992.943538 7993.123964 7993.591232 7993.513762 7993.522571 7993.647530 7993.625692 7993.647530 7993.522571 7993.513762 7993.591232 7993.123964 7992.943538 7993.484369 7993.572605 0.000000 0.000000
0.000000 0.000000 8533.040713 8532.953192 8532.425524 8532.598376 8533.058349 8532.983622 8532.992380 8533.114247 8533.092642 8533.114247 8532.992380 8532.983622 8533.058349 8532.598376 8532.425524 8532.953192 8533.040711 0.000000 0.000000
0.000000 0.000000 9062.166795 9062.079775 9061.549876 9061.726295 9062.185659 9062.108058 9062.116972 9062.240823 9062.218194 9062.240823 9062.116972 9062.108058 9062.185659 9061.726295 9061.549876 9062.079757 9062.166598 0.000000 0.000000
0.000000 0.000000 9613.400023 9613.598655 9613.071170 9613.238709 9613.702607 9613.623061 9613.632133 9613.758151 9613.735253 9613.758151 9613.632133 9613.623061 9613.702607 9613.238708 9613.071154 9613.595799 9613.683479 0.000000 0.000000
0.000000 0.000000 0.000000 0.000000 0.000000 0.000000 0.000000 0.000000 0.000000 0.000000 0.000000 0.000000 0.000000 0.000000 0.000000 0.000000 0.000000 0.000000 0.000000 0.000000 0.000000
0.000000 0.000000 0.000000 0.000000 0.000000 0.000000 0.000000 0.000000 0.000000 0.000000 0.000000 0.000000 0.000000 0.000000 0.000000 0.000000 0.000000 0.000000 0.000000 0.000000 0.000000