geotop/1.0zi/1.0Montebello/Templates/testdem/maps/_Erotot1866.asc
ncols         21
nrows         20
xllcorner     100.000000
yllcorner     100.000000
cellsize      50.000000
NODATA_value  -9999.0
0.000000 0.000000 0.000000 0.000000 0.000000 0.000000 0.000000 0.000000 0.000000 0.000000 0.000000 0.000000 0.000000 0.000000 0.000000 0.000000 0.000000 0.000000 0.000000 0.000000 0.000000
0.000000 0.000000 199.051536 199.053556 199.090138 199.074976 199.041058 199.053942 199.056017 199.048168 199.049288 199.048168 199.056017 199.053942 199.041058 199.074976 199.090138 199.053556 199.051536 0.000000 0.000000
0.000000 0.000000 10.782371 10.561575 8.781415 10.628053 10.828012 10.806435 10.814564 10.823757 10.820670 10.823757 10.814564 10.806435 10.828012 10.628053 8.781415 10.561575 10.782371 0.000000 0.000000
0.000000 0.000000 1370.915896 1370.706806 1370.899108 1368.839242 1371.084916 1370.629412 1370.654039 1371.387008 1371.405273 1371.387008 1370.654039 1370.629412 1371.084916 1368.839242 1370.899108 1370.706806 1370.915896 0.000000 0.000000
0.000000 0.000000 2685.550142 2685.337633 2684.736677 2685.429102 2685.876861 2685.683069 2685.634634 2685.794527 2685.763963 2685.794527 2685.634634 2685.683069 2685.876861 2685.429102 2684.736677 2685.337633 2685.550142 0.000000 0.000000
0.000000 0.000000 3502.292285 3502.124854 3501.513005 3501.640914 3502.519291 3502.250546 3502.270262 3502.582908 3502.623877 3502.582908 3502.270262 3502.250546 3502.519291 3501.640914 3501.513005 3502.124854 3502.292285 0.000000 0.000000
0.000000 0.000000 4573.187323 4573.053007 4572.487466 4572.618270 4573.368003 4573.138847 4573.163608 4573.438990 4573.492902 4573.438990 4573.163608 4573.138847 4573.368003 4572.618270 4572.487466 4573.053007 4573.187323 0.000000 0.000000
0.000000 0.000000 5589.950371 5589.839679 5589.310336 5589.446900 5590.099232 5589.903605 5589.924358 5590.169277 5590.223875 5590.169277 5589.924358 5589.903605 5590.099232 5589.446900 5589.310336 5589.839679 5589.950371 0.000000 0.000000
0.000000 0.000000 6548.477635 6548.375478 6547.869682 6548.006149 6548.614947 6548.434441 6548.452640 6548.682697 6548.736911 6548.682697 6548.452640 6548.434441 6548.614947 6548.006149 6547.869682 6548.375478 6548.477635 0.000000 0.000000
0.000000 0.000000 7459.813721 7459.738263 7459.241958 7459.417976 7459.938731 7459.778616 7459.800637 7460.008088 7460.060583 7460.008088 7459.800637 7459.778616 7459.938731 7459.417976 7459.241958 7459.738263 7459.813721 0.000000 0.000000
0.000000 0.000000 8328.852370 8328.767669 8328.288972 8328.440768 8328.977093 8328.816754 8328.833526 8329.038651 8329.088869 8329.038651 8328.833526 8328.816754 8328.977093 8328.440768 8328.288972 8328.767669 8328.852370 0.000000 0.000000
0.000000 0.000000 9164.674946 9164.588044 9164.123912 9164.268221 9164.794366 9164.639735 9164.655507 9164.855012 9164.905291 9164.855012 9164.655507 9164.639735 9164.794366 9164.268221 9164.123912 9164.588044 9164.674946 0.000000 0.000000
0.000000 0.000000 9975.162387 9975.078406 9974.619315 9974.766130 9975.276367 9975.125582 9975.140439 9975.334392 9975.383139 9975.334392 9975.140439 9975.125582 9975.276367 9974.766130 9974.619315 9975.078406 9975.162387 0.000000 0.000000
0.000000 0.000000 10762.252257 10762.174892 10761.722973 10761.889943 10762.364436 10762.219501 10762.235538 10762.421896 10762.469425 10762.421896 10762.235538 10762.219501 10762.364436 10761.889943 10761.722973 10762.174892 10762.252257 0.000000 0.000000
0.000000 0.000000 11529.420733 11529.340515 11528.889348 11529.046502 11529.529438 11529.385229 11529.399168 11529.584601 11529.631000 11529.584601 11529.399168 11529.385229 11529.529438 11529.046502 11528.889348 11529.340515 11529.420733 0.000000 0.000000
0.000000 0.000000 12278.549426 12278.470311 12278.029374 12278.180379 12278.653590 12278.513657 12278.526835 12278.707276 12278.753240 12278.707276 12278.526835 12278.513657 12278.653590 12278.180379 12278.029374 12278.470311 12278.549422 0.000000 0.000000
0.000000 0.000000 13008.735956 13008.657537 13008.216122 13008.371360 13008.839097 13008.699439 13008.711582 13008.888650 13008.933206 13008.888650 13008.711582 13008.699439 13008.839097 13008.371360 13008.216121 13008.657517 13008.735554 0.000000 0.000000
0.000000 0.000000 13755.214857 13755.472911 13755.038502 13755.186796 13755.654064 13755.514358 13755.525495 13755.702339 13755.745983 13755.702339 13755.525495 13755.514358 13755.654064 13755.186796 13755.038483 13755.469545 13755.547444 0.000000 0.000000
0.000000 0.000000 0.000000 0.000000 0.000000 0.000000 0.000000 0.000000 0.000000 0.000000 0.000000 0.000000 0.000000 0.000000 0.000000 0.000000 0.000000 0.000000 0.000000 0.000000 0.000000
0.000000 0.000000 0.000000 0.000000 0.000000 0.000000 0.000000 0.000000 0.000000 0.000000 0.000000 0.000000 0.000000 0.000000 0.000000 0.000000 0.000000 0.000000 0.000000 0.000000 0.000000