geotop/1.0zi/1.0Montebello/Templates/testdem/maps/_Erotot179Q.asc
ncols         21
nrows         20
xllcorner     100.000000
yllcorner     100.000000
cellsize      50.000000
NODATA_value  -9999.0
0.000000 0.000000 0.000000 0.000000 0.000000 0.000000 0.000000 0.000000 0.000000 0.000000 0.000000 0.000000 0.000000 0.000000 0.000000 0.000000 0.000000 0.000000 0.000000 0.000000 0.000000
0.000000 0.000000 988.176336 987.662897 986.354723 984.433043 983.050532 982.183242 982.705365 983.404889 983.281271 982.459456 982.408451 982.503858 984.138865 984.652887 987.469610 988.173014 988.760222 0.000000 0.000000
0.000000 0.000000 69.032810 70.167382 68.762983 71.617820 71.009372 70.393345 70.640881 69.474991 70.473303 72.639313 70.421443 70.509684 70.000756 69.539447 67.261809 66.480749 69.517346 0.000000 0.000000
0.000000 0.000000 948.635733 950.788432 927.743622 915.391411 919.165372 908.106493 907.325015 908.716337 902.101370 903.475910 908.403575 911.865613 915.411005 927.474579 935.875903 937.376554 940.263054 0.000000 0.000000
0.000000 0.000000 6319.826402 6303.489991 6306.867053 6261.291837 6226.093493 6208.889169 6203.140909 6196.214898 6203.109493 6209.785673 6211.670740 6200.231811 6223.596809 6233.479438 6251.912173 6264.998976 6267.044630 0.000000 0.000000
0.000000 0.000000 8745.237448 8742.273827 8730.558678 8731.981574 8705.937832 8687.653693 8690.013389 8688.069407 8680.229342 8673.975691 8671.636156 8674.830014 8678.075713 8710.507948 8709.592350 8720.322789 8720.081504 0.000000 0.000000
0.000000 0.000000 10735.144234 10727.555928 10720.096563 10703.420846 10693.023243 10644.685725 10640.441649 10635.138382 10639.285546 10640.943220 10640.010779 10641.096492 10682.398381 10688.239523 10700.823775 10706.983256 10710.984517 0.000000 0.000000
0.000000 0.000000 13147.358417 13140.748711 13130.562656 13103.244876 13090.524931 13083.069553 13079.227407 13076.408421 13072.307346 13071.065104 13069.198357 13076.176981 13073.269125 13088.894084 13108.718516 13106.644524 13113.004731 0.000000 0.000000
0.000000 0.000000 16203.116043 16192.331623 16177.193935 16167.770519 16145.574850 16111.300348 16110.819296 16101.718960 16101.894615 16096.903137 16100.005395 16091.700612 16124.652796 16146.489066 16151.899828 16161.541165 16163.487596 0.000000 0.000000
0.000000 0.000000 19898.725353 19880.690393 19865.140806 19853.619642 19829.908263 19801.138210 19792.760291 19790.258065 19783.773177 19788.416561 19795.763150 19792.727008 19803.872217 19833.531253 19846.462930 19853.900353 19851.847857 0.000000 0.000000
0.000000 0.000000 24209.245047 24194.923487 24190.697895 24131.318112 24130.588455 24084.178326 24098.399238 24066.921479 24079.725071 24071.854218 24054.033518 24070.241508 24093.321346 24100.947733 24124.563473 24132.149339 24156.474939 0.000000 0.000000
0.000000 0.000000 29184.980459 29155.103928 29116.797973 29112.951607 29092.938539 29038.149047 29022.595686 29029.314663 29037.560760 29018.531132 29028.012426 29017.478392 29062.203572 29089.919704 29092.329775 29103.957561 29138.198787 0.000000 0.000000
0.000000 0.000000 34002.197414 33980.496341 33984.293482 33947.338911 33917.367587 33797.945986 33783.187143 33774.522367 33717.053588 33759.138991 33760.144109 33770.262184 33857.771783 33872.222325 33927.221024 33935.173295 33917.902113 0.000000 0.000000
0.000000 0.000000 38203.635769 38208.900083 38172.434228 38160.527041 38050.280411 38148.038169 38117.263136 38114.333271 38145.673848 38114.815194 38110.882536 38091.628226 38006.996251 38138.553946 38129.052438 38159.807409 38174.180884 0.000000 0.000000
0.000000 0.000000 40667.899768 40657.891667 40645.900805 40588.555647 40631.442730 40590.880907 40580.888577 40581.955899 40566.551948 40563.601140 40571.028378 40572.075091 40602.697831 40553.862508 40639.988098 40615.644172 40608.163823 0.000000 0.000000
0.000000 0.000000 42247.768544 42244.473272 42196.007872 42226.393988 42220.906423 42222.429068 42246.175798 42234.738243 42248.478725 42241.529609 42232.687198 42243.613195 42236.482783 42249.174943 42183.191765 42253.850865 42249.467703 0.000000 0.000000
0.000000 0.000000 43561.742686 43515.325984 43562.528802 43522.699279 43501.283933 43497.125923 43472.074535 43479.786235 43456.487759 43459.666185 43471.087025 43461.106357 43472.954308 43477.981715 43551.733380 43479.912195 43525.587902 0.000000 0.000000
0.000000 0.000000 44022.198105 44098.773766 44126.682214 44131.605363 44145.823085 44107.711027 44121.161201 44106.450591 44129.613334 44125.281352 44122.159402 44127.328573 44158.034913 44144.279206 44129.155166 44108.470016 44036.266164 0.000000 0.000000
0.000000 0.000000 0.000000 0.000000 0.000000 0.000000 0.000000 0.000000 0.000000 0.000000 0.000000 0.000000 0.000000 0.000000 0.000000 0.000000 0.000000 0.000000 0.000000 0.000000 0.000000
0.000000 0.000000 0.000000 0.000000 0.000000 0.000000 0.000000 0.000000 0.000000 0.000000 0.000000 0.000000 0.000000 0.000000 0.000000 0.000000 0.000000 0.000000 0.000000 0.000000 0.000000