geotop/1.0zi/1.0Montebello/Templates/testdem/maps/_Erotot4627.asc
ncols         21
nrows         20
xllcorner     100.000000
yllcorner     100.000000
cellsize      50.000000
NODATA_value  -9999.0
0.000000 0.000000 0.000000 0.000000 0.000000 0.000000 0.000000 0.000000 0.000000 0.000000 0.000000 0.000000 0.000000 0.000000 0.000000 0.000000 0.000000 0.000000 0.000000 0.000000 0.000000
0.000000 0.000000 347.126763 346.666553 346.451720 346.283737 346.287870 346.328492 346.365996 346.364434 346.351091 346.354262 346.356231 346.400586 346.285221 346.326882 346.521167 346.454105 346.567698 0.000000 0.000000
0.000000 0.000000 27.335452 27.962423 28.349912 29.419081 29.035079 29.111959 28.710169 28.645910 28.680727 28.990492 28.706123 28.462233 28.949636 28.688620 27.788826 27.195236 26.996075 0.000000 0.000000
0.000000 0.000000 137.752522 138.971123 131.884170 129.542094 130.622903 125.656432 124.922976 124.567718 123.698051 123.151085 124.184903 122.793582 125.526826 130.482922 131.049012 133.311407 135.948931 0.000000 0.000000
0.000000 0.000000 1344.082161 1348.209227 1353.569372 1336.428539 1325.250431 1317.292913 1319.761275 1313.934268 1318.185454 1322.420578 1322.734696 1323.227074 1332.516891 1331.491196 1336.919834 1342.670258 1344.530006 0.000000 0.000000
0.000000 0.000000 2626.954915 2622.203472 2618.710343 2616.045364 2610.772188 2607.672988 2604.990677 2606.722442 2606.318165 2603.735121 2599.889979 2601.067641 2600.589708 2613.497634 2617.635596 2617.705195 2620.573886 0.000000 0.000000
0.000000 0.000000 3323.458184 3318.569778 3314.660718 3311.336516 3302.618380 3287.784879 3289.539590 3286.332772 3289.355744 3288.500997 3290.341626 3291.678538 3306.198900 3313.678064 3319.988279 3323.786390 3327.298854 0.000000 0.000000
0.000000 0.000000 3800.387622 3800.881095 3801.710539 3797.176366 3795.521498 3790.731628 3791.355606 3791.522479 3789.152620 3790.120128 3789.124615 3788.173690 3791.185220 3795.158330 3797.128720 3796.507357 3797.733737 0.000000 0.000000
0.000000 0.000000 4450.419042 4450.275296 4448.032540 4445.915351 4441.818991 4433.357878 4433.649715 4431.733141 4432.313432 4432.964663 4432.057559 4432.584063 4437.939709 4445.683526 4445.716568 4447.218687 4450.935810 0.000000 0.000000
0.000000 0.000000 5203.358568 5201.786821 5202.391310 5198.660904 5190.407112 5185.496496 5187.160252 5186.172594 5186.297100 5186.371589 5185.309155 5183.621282 5190.969193 5197.602185 5199.853933 5200.884023 5202.240827 0.000000 0.000000
0.000000 0.000000 5998.272829 5996.614343 5995.590405 5993.618616 5991.346319 5980.921100 5981.273145 5978.686060 5978.891917 5979.931445 5978.745950 5978.542286 5983.600514 5986.364495 5991.116287 5993.200135 5996.264274 0.000000 0.000000
0.000000 0.000000 6827.293514 6826.759687 6824.702842 6818.132265 6813.731606 6805.752303 6804.822707 6804.327226 6804.496066 6803.715970 6803.273663 6803.163385 6812.195877 6818.218237 6821.611692 6822.794365 6839.773093 0.000000 0.000000
0.000000 0.000000 7659.637175 7657.908468 7656.124460 7653.473826 7646.488754 7627.563065 7627.880006 7626.039493 7626.006077 7626.651183 7625.016208 7625.423567 7641.386640 7649.523485 7652.750618 7654.277903 7656.680031 0.000000 0.000000
0.000000 0.000000 8547.737594 8545.040363 8543.333946 8539.598654 8520.690861 8528.933105 8523.122356 8522.147270 8522.611136 8522.977096 8521.642148 8521.322780 8515.377317 8533.932173 8537.828470 8543.092913 8543.024044 0.000000 0.000000
0.000000 0.000000 9496.021579 9491.491972 9487.345655 9474.994574 9472.617682 9456.475427 9448.546149 9446.744937 9442.557620 9442.207487 9443.196127 9440.831617 9451.936206 9460.083538 9481.487071 9477.193017 9478.616343 0.000000 0.000000
0.000000 0.000000 10441.193062 10441.069365 10420.901248 10424.164040 10423.789865 10422.770289 10425.542782 10425.457415 10428.298703 10428.171048 10424.946113 10429.889402 10427.622139 10426.728731 10415.650370 10439.562767 10444.199866 0.000000 0.000000
0.000000 0.000000 11513.478442 11489.727869 11481.855266 11474.129336 11459.794607 11453.482007 11451.794302 11450.935396 11447.256869 11447.610586 11447.707479 11444.922775 11449.731385 11466.509408 11479.984578 11480.775288 11505.270205 0.000000 0.000000
0.000000 0.000000 12308.185117 12311.844628 12333.956194 12324.405371 12318.177665 12294.725130 12293.120922 12290.210722 12291.990287 12291.791068 12290.093179 12291.341214 12313.563298 12322.639286 12334.540507 12308.806001 12310.996197 0.000000 0.000000
0.000000 0.000000 0.000000 0.000000 0.000000 0.000000 0.000000 0.000000 0.000000 0.000000 0.000000 0.000000 0.000000 0.000000 0.000000 0.000000 0.000000 0.000000 0.000000 0.000000 0.000000
0.000000 0.000000 0.000000 0.000000 0.000000 0.000000 0.000000 0.000000 0.000000 0.000000 0.000000 0.000000 0.000000 0.000000 0.000000 0.000000 0.000000 0.000000 0.000000 0.000000 0.000000