geotop/1.0zi/1.0Montebello/Templates/testdem/maps/_Erotot085W.asc
ncols         21
nrows         20
xllcorner     100.000000
yllcorner     100.000000
cellsize      50.000000
NODATA_value  -9999.0
0.000000 0.000000 0.000000 0.000000 0.000000 0.000000 0.000000 0.000000 0.000000 0.000000 0.000000 0.000000 0.000000 0.000000 0.000000 0.000000 0.000000 0.000000 0.000000 0.000000 0.000000
0.000000 0.000000 903.888665 903.852048 902.560292 900.819186 899.134659 898.323069 898.582401 898.529732 898.985583 898.371395 898.133347 898.220072 899.538149 900.159706 902.788191 904.067499 904.866823 0.000000 0.000000
0.000000 0.000000 64.769374 63.595454 63.871866 64.766161 65.642055 65.359000 64.931657 64.854410 65.011269 65.227667 65.446992 65.481475 65.091776 64.611103 62.546523 61.719112 62.401384 0.000000 0.000000
0.000000 0.000000 781.539285 785.521966 768.303267 756.970861 755.805093 746.834670 754.112358 755.295233 751.335329 752.896702 757.146818 756.163437 766.102766 778.200526 782.990420 781.414801 787.628334 0.000000 0.000000
0.000000 0.000000 5539.650367 5529.379307 5529.673916 5487.082379 5458.967404 5441.588936 5434.807427 5430.738957 5435.193225 5440.031082 5440.005904 5434.165062 5454.863416 5461.850487 5482.789368 5496.494367 5496.471921 0.000000 0.000000
0.000000 0.000000 7810.668708 7805.750322 7796.720108 7797.839002 7767.149876 7752.992545 7757.108530 7756.585197 7750.054347 7743.803710 7740.963564 7745.140641 7748.359526 7777.914576 7778.497828 7786.372231 7788.172376 0.000000 0.000000
0.000000 0.000000 9624.873390 9617.805631 9613.173650 9596.922466 9589.067753 9546.533012 9546.586604 9543.485102 9541.413911 9544.650608 9545.467657 9546.520379 9584.745420 9590.193498 9601.173103 9605.304623 9610.309454 0.000000 0.000000
0.000000 0.000000 11676.232656 11670.323416 11661.035554 11636.635287 11624.359945 11617.412731 11617.515579 11615.644143 11613.571021 11609.726564 11608.685326 11615.900717 11615.925721 11629.619903 11647.779567 11646.233638 11652.574754 0.000000 0.000000
0.000000 0.000000 14257.303644 14249.352845 14236.839844 14229.282128 14208.167650 14182.020838 14186.301597 14182.524678 14176.969889 14176.304482 14179.659569 14172.405960 14202.892777 14221.491394 14226.264636 14231.472476 14233.805005 0.000000 0.000000
0.000000 0.000000 17332.129205 17319.173621 17311.035888 17296.758572 17277.338877 17252.233878 17250.984481 17250.168412 17242.753326 17247.407224 17250.797458 17249.725766 17260.924422 17286.839211 17298.253193 17304.054484 17302.836685 0.000000 0.000000
0.000000 0.000000 20859.772033 20852.260610 20847.047285 20800.242217 20798.441061 20761.382759 20772.276692 20750.661530 20755.387192 20749.822235 20739.668406 20753.611758 20774.281009 20781.915597 20802.504927 20807.831287 20829.656519 0.000000 0.000000
0.000000 0.000000 24924.041434 24902.143203 24872.465721 24866.172811 24847.030691 24803.278560 24794.363767 24799.777612 24805.465888 24792.464498 24799.667659 24789.950072 24830.369235 24852.832666 24856.547599 24864.854149 24896.145121 0.000000 0.000000
0.000000 0.000000 29204.327941 29185.533485 29184.125255 29148.897705 29123.367688 29012.133157 29008.967829 29005.269926 28949.478472 28985.047804 28986.324820 28999.503343 29081.333556 29093.589856 29143.960289 29144.491902 29142.240170 0.000000 0.000000
0.000000 0.000000 33926.697490 33926.693440 33887.900985 33870.848362 33730.855759 33830.316561 33796.043342 33795.411100 33825.451885 33794.156937 33791.207031 33769.114120 33678.240116 33841.558543 33833.015517 33873.694773 33892.066664 0.000000 0.000000
0.000000 0.000000 37630.346092 37616.181014 37603.646100 37491.860143 37574.313761 37488.087738 37475.659986 37471.439951 37441.892159 37436.080425 37447.313775 37452.060098 37528.048860 37438.837687 37597.716546 37552.605311 37538.594177 0.000000 0.000000
0.000000 0.000000 39882.309556 39878.388543 39801.132178 39842.132426 39837.138851 39835.355917 39876.158832 39863.392054 39880.190024 39876.056584 39862.927382 39881.099480 39872.080653 39880.500162 39784.644593 39902.261700 39894.042559 0.000000 0.000000
0.000000 0.000000 41618.972447 41563.321446 41592.767443 41568.454532 41539.671507 41539.442609 41520.558803 41527.268991 41507.288687 41509.855874 41518.674590 41512.007887 41520.604158 41532.620012 41585.696398 41538.170693 41593.416652 0.000000 0.000000
0.000000 0.000000 42315.354399 42379.480710 42408.415309 42420.639812 42424.922295 42387.691330 42403.926259 42389.039192 42413.362086 42409.569937 42406.190014 42411.383246 42440.923336 42436.308266 42410.908407 42394.273904 42332.322306 0.000000 0.000000
0.000000 0.000000 0.000000 0.000000 0.000000 0.000000 0.000000 0.000000 0.000000 0.000000 0.000000 0.000000 0.000000 0.000000 0.000000 0.000000 0.000000 0.000000 0.000000 0.000000 0.000000
0.000000 0.000000 0.000000 0.000000 0.000000 0.000000 0.000000 0.000000 0.000000 0.000000 0.000000 0.000000 0.000000 0.000000 0.000000 0.000000 0.000000 0.000000 0.000000 0.000000 0.000000