geotop/1.0zi/1.0Montebello/Templates/testdem/maps/_Erotot9576.asc
ncols         21
nrows         20
xllcorner     100.000000
yllcorner     100.000000
cellsize      50.000000
NODATA_value  -9999.0
0.000000 0.000000 0.000000 0.000000 0.000000 0.000000 0.000000 0.000000 0.000000 0.000000 0.000000 0.000000 0.000000 0.000000 0.000000 0.000000 0.000000 0.000000 0.000000 0.000000 0.000000
0.000000 0.000000 792.373172 792.462381 791.229661 790.764807 789.227825 788.734552 788.873837 788.897653 789.312944 788.690961 788.541744 788.577170 789.559347 790.209323 791.562544 792.804249 793.451912 0.000000 0.000000
0.000000 0.000000 59.397818 58.022012 58.373954 58.135161 58.851839 58.408391 58.010814 57.903120 58.071321 58.378038 58.460818 58.544416 58.437223 57.950050 56.861795 55.940154 56.809199 0.000000 0.000000
0.000000 0.000000 514.975329 518.726590 504.673849 499.072119 498.348946 490.681597 497.432918 499.523252 495.970856 496.216742 501.132506 500.484931 509.046352 517.635989 520.416435 518.731697 524.557354 0.000000 0.000000
0.000000 0.000000 4364.649086 4358.710332 4353.764323 4318.098257 4290.752730 4277.341187 4269.875596 4263.510066 4270.974915 4277.387051 4275.372371 4270.500640 4290.268290 4296.780061 4314.942700 4325.936162 4326.903637 0.000000 0.000000
0.000000 0.000000 6571.390604 6565.969702 6560.910121 6563.641155 6538.575227 6526.345245 6529.971230 6529.194306 6524.718679 6518.397415 6517.061588 6521.460203 6521.572786 6548.146515 6548.592130 6556.445079 6558.753121 0.000000 0.000000
0.000000 0.000000 8075.038447 8069.917729 8065.885397 8053.917642 8046.004451 8007.411460 8010.472301 8007.795094 8007.184431 8011.669575 8012.393014 8014.074750 8047.867233 8053.130330 8062.949213 8065.871127 8071.187973 0.000000 0.000000
0.000000 0.000000 9656.901524 9654.338782 9648.966641 9635.951053 9627.940871 9624.641377 9624.748929 9622.773486 9622.713652 9618.732069 9617.931206 9625.243452 9623.731230 9634.286321 9649.651517 9647.216537 9653.595463 0.000000 0.000000
0.000000 0.000000 11679.657011 11674.653772 11667.158072 11663.346023 11645.936431 11623.521191 11627.072926 11622.780046 11619.288293 11619.011868 11622.259797 11616.070585 11642.136219 11657.277517 11659.973598 11663.714909 11666.523362 0.000000 0.000000
0.000000 0.000000 14036.567579 14029.236046 14025.748221 14017.540933 13992.729816 13978.286154 13978.312520 13976.525055 13972.174170 13976.936557 13980.550395 13980.336143 13988.261562 14009.516015 14018.515365 14022.678409 14022.383712 0.000000 0.000000
0.000000 0.000000 16671.868723 16669.532059 16667.150780 16634.311243 16627.117217 16601.939491 16611.022834 16593.144721 16599.065521 16595.130964 16587.398374 16599.382782 16615.176556 16620.288110 16636.697934 16642.293735 16659.124805 0.000000 0.000000
0.000000 0.000000 19624.626051 19612.709865 19594.206340 19592.408391 19572.662098 19544.030708 19543.707954 19545.805224 19553.182773 19537.892997 19546.912555 19544.298526 19573.914000 19589.388756 19591.551828 19597.294159 19624.280379 0.000000 0.000000
0.000000 0.000000 22775.314002 22767.980293 22770.705292 22740.881098 22728.744807 22648.208328 22645.700597 22644.438796 22609.128130 22632.695488 22635.433879 22644.207896 22702.443565 22713.480525 22747.692984 22748.253377 22753.840310 0.000000 0.000000
0.000000 0.000000 26528.942252 26530.836394 26504.062638 26495.425906 26386.384037 26441.217562 26416.438890 26418.203176 26437.217387 26421.054943 26419.754237 26406.539018 26353.610860 26476.797842 26477.968609 26509.396552 26524.430368 0.000000 0.000000
0.000000 0.000000 30585.145942 30570.129980 30552.023050 30427.116477 30490.552872 30411.162177 30389.192334 30382.867634 30353.936278 30342.378638 30356.294093 30358.703618 30435.296245 30371.475610 30548.031673 30502.546568 30492.601907 0.000000 0.000000
0.000000 0.000000 34178.445023 34173.234701 34025.966868 34114.389732 34091.150632 34100.758263 34177.835536 34156.112239 34195.065997 34188.158016 34160.119068 34197.226150 34174.198762 34197.473020 34006.497595 34241.233622 34232.061156 0.000000 0.000000
0.000000 0.000000 37434.971604 37300.227362 37370.493561 37309.050667 37238.843991 37220.624764 37167.194326 37182.972711 37131.694439 37139.209602 37168.059451 37139.839953 37178.379794 37221.226935 37365.915564 37233.953730 37377.917846 0.000000 0.000000
0.000000 0.000000 38318.701116 38411.915570 38506.145513 38501.456187 38501.076466 38424.137041 38436.586416 38410.656766 38448.749056 38441.956141 38441.294106 38446.832119 38507.953819 38511.013140 38517.940735 38434.512209 38342.673092 0.000000 0.000000
0.000000 0.000000 0.000000 0.000000 0.000000 0.000000 0.000000 0.000000 0.000000 0.000000 0.000000 0.000000 0.000000 0.000000 0.000000 0.000000 0.000000 0.000000 0.000000 0.000000 0.000000
0.000000 0.000000 0.000000 0.000000 0.000000 0.000000 0.000000 0.000000 0.000000 0.000000 0.000000 0.000000 0.000000 0.000000 0.000000 0.000000 0.000000 0.000000 0.000000 0.000000 0.000000