geotop/1.0zi/1.0Montebello/Templates/testdem/maps/_Erotot9018.asc
ncols         21
nrows         20
xllcorner     100.000000
yllcorner     100.000000
cellsize      50.000000
NODATA_value  -9999.0
0.000000 0.000000 0.000000 0.000000 0.000000 0.000000 0.000000 0.000000 0.000000 0.000000 0.000000 0.000000 0.000000 0.000000 0.000000 0.000000 0.000000 0.000000 0.000000 0.000000 0.000000
0.000000 0.000000 719.026669 719.664411 719.095213 719.181169 718.162851 718.287097 718.369747 718.443932 718.825227 718.191172 718.080767 718.118947 718.525405 718.653688 719.477309 720.066501 720.226316 0.000000 0.000000
0.000000 0.000000 55.997193 55.013977 55.311572 55.244412 56.068563 55.742646 55.371519 55.238350 55.442509 55.771458 55.829271 55.946752 55.719859 55.115526 53.843957 52.997355 53.607062 0.000000 0.000000
0.000000 0.000000 429.745060 431.480935 418.429876 412.197716 411.627392 405.762335 410.756833 412.433154 408.483595 406.885173 410.301856 409.808373 418.298888 426.772283 430.582628 424.983926 432.256747 0.000000 0.000000
0.000000 0.000000 3937.096458 3930.751604 3928.526655 3894.242686 3869.938268 3858.097410 3850.562333 3843.288994 3851.952750 3858.762470 3857.152250 3852.123730 3871.813933 3876.306191 3892.005636 3903.111084 3903.286445 0.000000 0.000000
0.000000 0.000000 6009.563667 6004.222206 5999.194542 6001.427659 5979.453986 5966.286351 5971.038906 5970.799145 5966.484113 5960.374498 5958.633577 5962.809475 5962.949082 5987.935710 5989.239617 5995.361013 5997.669013 0.000000 0.000000
0.000000 0.000000 7431.666665 7426.055118 7422.755800 7411.867247 7403.115791 7370.333596 7370.683541 7368.083660 7367.821740 7372.155581 7372.696056 7373.657689 7406.488052 7412.295000 7420.632064 7423.040855 7428.048489 0.000000 0.000000
0.000000 0.000000 8827.999088 8825.451871 8821.326584 8809.153589 8803.282086 8799.665715 8800.366209 8798.379843 8798.631338 8794.457743 8793.241154 8800.626740 8798.914611 8807.518550 8821.706571 8817.720813 8823.848120 0.000000 0.000000
0.000000 0.000000 10630.613939 10625.521951 10618.277156 10615.610216 10600.436253 10581.609639 10584.356097 10580.196520 10577.150835 10576.709742 10579.468584 10573.241087 10597.291337 10611.255595 10612.690020 10614.688229 10618.215429 0.000000 0.000000
0.000000 0.000000 12720.561933 12713.020432 12711.850515 12705.239438 12681.782067 12670.854298 12670.190178 12668.846358 12664.952377 12669.335246 12672.305201 12671.937399 12679.229451 12697.958307 12705.524134 12707.769466 12706.966569 0.000000 0.000000
0.000000 0.000000 15034.890645 15032.372097 15029.184587 15001.069801 14994.795087 14974.217246 14982.349026 14965.130429 14971.119060 14967.339298 14959.705287 14970.536827 14984.930652 14988.413192 15003.456950 15006.917165 15021.852614 0.000000 0.000000
0.000000 0.000000 17594.493412 17584.605852 17569.810170 17566.867793 17550.581716 17527.668796 17525.737112 17528.713696 17534.849452 17521.998798 17529.025061 17526.941817 17553.244752 17565.767479 17566.139544 17569.839569 17595.028026 0.000000 0.000000
0.000000 0.000000 20303.609181 20293.328832 20296.578845 20273.053664 20263.743825 20197.105870 20194.475131 20193.321750 20164.072302 20182.963091 20185.264185 20192.412565 20241.698679 20250.400113 20280.353111 20277.354644 20284.257769 0.000000 0.000000
0.000000 0.000000 23502.686236 23503.848938 23482.234613 23474.792802 23386.527109 23426.146876 23405.969105 23407.359142 23420.816303 23409.049203 23407.787495 23396.776357 23359.189507 23458.007388 23460.335323 23484.592772 23497.720662 0.000000 0.000000
0.000000 0.000000 27080.412369 27065.158519 27049.104125 26946.694145 26987.994148 26931.894102 26909.516503 26904.844094 26882.852164 26871.113739 26881.373770 26882.052805 26939.801461 26899.972477 27044.908975 27006.325449 26999.661602 0.000000 0.000000
0.000000 0.000000 30617.213436 30610.367419 30470.762544 30538.901094 30525.945915 30527.377824 30597.111775 30575.636035 30609.944091 30601.623577 30576.225929 30611.388394 30599.661013 30614.137441 30454.004267 30667.986803 30658.431201 0.000000 0.000000
0.000000 0.000000 34416.517252 34243.179326 34321.745175 34247.162466 34158.733236 34137.687646 34074.068755 34092.561922 34030.687722 34039.157226 34073.884654 34039.128333 34085.850594 34141.343762 34316.376040 34162.449286 34344.301350 0.000000 0.000000
0.000000 0.000000 35283.432816 35446.801375 35571.244521 35576.196909 35590.396602 35477.726328 35504.661638 35465.074005 35530.585846 35518.916450 35510.591476 35526.916236 35615.457135 35607.830350 35592.133327 35495.859980 35333.115436 0.000000 0.000000
0.000000 0.000000 0.000000 0.000000 0.000000 0.000000 0.000000 0.000000 0.000000 0.000000 0.000000 0.000000 0.000000 0.000000 0.000000 0.000000 0.000000 0.000000 0.000000 0.000000 0.000000
0.000000 0.000000 0.000000 0.000000 0.000000 0.000000 0.000000 0.000000 0.000000 0.000000 0.000000 0.000000 0.000000 0.000000 0.000000 0.000000 0.000000 0.000000 0.000000 0.000000 0.000000