geotop/1.0zi/1.0Montebello/Templates/testdem/maps/_Erotot0403.asc
ncols         21
nrows         20
xllcorner     100.000000
yllcorner     100.000000
cellsize      50.000000
NODATA_value  -9999.0
0.000000 0.000000 0.000000 0.000000 0.000000 0.000000 0.000000 0.000000 0.000000 0.000000 0.000000 0.000000 0.000000 0.000000 0.000000 0.000000 0.000000 0.000000 0.000000 0.000000 0.000000
0.000000 0.000000 34.384346 34.385031 34.417658 34.385195 34.384446 34.384825 34.384630 34.384553 34.384527 34.384553 34.384630 34.384825 34.384446 34.385195 34.417658 34.385031 34.384346 0.000000 0.000000
0.000000 0.000000 8.093859 7.877425 6.060381 7.872847 8.121024 8.105483 8.120164 8.126963 8.128005 8.126963 8.120164 8.105483 8.121024 7.872847 6.060381 7.877425 8.093859 0.000000 0.000000
0.000000 0.000000 473.743250 473.993801 474.115183 473.896168 473.791037 473.894319 473.887717 473.824662 473.754853 473.824662 473.887717 473.894319 473.791037 473.896168 474.115183 473.993801 473.743250 0.000000 0.000000
0.000000 0.000000 641.175515 641.128006 640.368944 641.105068 641.171696 641.191529 641.185269 641.189481 641.184859 641.189481 641.185269 641.191529 641.171696 641.105068 640.368944 641.128006 641.175515 0.000000 0.000000
0.000000 0.000000 877.273901 877.280164 876.570834 877.233935 877.294843 877.334408 877.336585 877.316184 877.295696 877.316184 877.336585 877.334408 877.294843 877.233935 876.570834 877.280164 877.273901 0.000000 0.000000
0.000000 0.000000 1125.629337 1125.637951 1125.004283 1125.593452 1125.649289 1125.689462 1125.692604 1125.670112 1125.652035 1125.670112 1125.692604 1125.689462 1125.649289 1125.593452 1125.004283 1125.637951 1125.629337 0.000000 0.000000
0.000000 0.000000 1362.114758 1362.122437 1361.534293 1362.080885 1362.133897 1362.172842 1362.175969 1362.153362 1362.136886 1362.153362 1362.175969 1362.172842 1362.133897 1362.080885 1361.534293 1362.122437 1362.114758 0.000000 0.000000
0.000000 0.000000 1588.084511 1588.092040 1587.530223 1588.051717 1588.103113 1588.140964 1588.144080 1588.121608 1588.105817 1588.121608 1588.144080 1588.140964 1588.103113 1588.051717 1587.530223 1588.092040 1588.084511 0.000000 0.000000
0.000000 0.000000 1807.284989 1807.291898 1806.745220 1807.252748 1807.303393 1807.340385 1807.343454 1807.321079 1807.305498 1807.321079 1807.343454 1807.340385 1807.303393 1807.252748 1806.745220 1807.291898 1807.284989 0.000000 0.000000
0.000000 0.000000 2020.222793 2020.229049 2019.690718 2020.190758 2020.241153 2020.277533 2020.280563 2020.258225 2020.242624 2020.258225 2020.280563 2020.277533 2020.241153 2020.190758 2019.690718 2020.229049 2020.222793 0.000000 0.000000
0.000000 0.000000 2228.508107 2228.511410 2227.982360 2228.474901 2228.525017 2228.560134 2228.563654 2228.541423 2228.526891 2228.541423 2228.563654 2228.560134 2228.525017 2228.474901 2227.982360 2228.511410 2228.508107 0.000000 0.000000
0.000000 0.000000 2431.083220 2431.084821 2430.560027 2431.050618 2431.099635 2431.133991 2431.137615 2431.115293 2431.100949 2431.115293 2431.137615 2431.133991 2431.099635 2431.050618 2430.560027 2431.084821 2431.083220 0.000000 0.000000
0.000000 0.000000 2631.149143 2631.148931 2630.627412 2631.115061 2631.165373 2631.199597 2631.203354 2631.180977 2631.166501 2631.180977 2631.203354 2631.199597 2631.165373 2631.115061 2630.627412 2631.148931 2631.149143 0.000000 0.000000
0.000000 0.000000 2829.584123 2829.584486 2829.059702 2829.550340 2829.601093 2829.635163 2829.639064 2829.616587 2829.601266 2829.616587 2829.639064 2829.635163 2829.601093 2829.550340 2829.059702 2829.584486 2829.584123 0.000000 0.000000
0.000000 0.000000 3026.679080 3026.680802 3026.165016 3026.646657 3026.696918 3026.730902 3026.734817 3026.712225 3026.696306 3026.712225 3026.734817 3026.730902 3026.696918 3026.646657 3026.165016 3026.680802 3026.679078 0.000000 0.000000
0.000000 0.000000 3221.342873 3221.342892 3220.822717 3221.310049 3221.361165 3221.394664 3221.398770 3221.376066 3221.359877 3221.376066 3221.398770 3221.394664 3221.361165 3221.310049 3220.822717 3221.342882 3221.342681 0.000000 0.000000
0.000000 0.000000 3426.096969 3426.204990 3425.684991 3426.169951 3426.221333 3426.254801 3426.259218 3426.236400 3426.219964 3426.236400 3426.259218 3426.254801 3426.221333 3426.169951 3425.684979 3426.203607 3426.203019 0.000000 0.000000
0.000000 0.000000 0.000000 0.000000 0.000000 0.000000 0.000000 0.000000 0.000000 0.000000 0.000000 0.000000 0.000000 0.000000 0.000000 0.000000 0.000000 0.000000 0.000000 0.000000 0.000000
0.000000 0.000000 0.000000 0.000000 0.000000 0.000000 0.000000 0.000000 0.000000 0.000000 0.000000 0.000000 0.000000 0.000000 0.000000 0.000000 0.000000 0.000000 0.000000 0.000000 0.000000