geotop/1.0zi/1.0Montebello/Templates/testdem/maps/_Erotot049.asc
ncols         21
nrows         20
xllcorner     100.000000
yllcorner     100.000000
cellsize      50.000000
NODATA_value  -9999.0
0.000000 0.000000 0.000000 0.000000 0.000000 0.000000 0.000000 0.000000 0.000000 0.000000 0.000000 0.000000 0.000000 0.000000 0.000000 0.000000 0.000000 0.000000 0.000000 0.000000 0.000000
0.000000 0.000000 865.450753 865.564133 864.351703 863.922486 862.292961 861.780209 861.957920 861.944646 862.344053 861.789056 861.592989 861.632432 862.678883 863.275212 864.639614 865.827670 866.552040 0.000000 0.000000
0.000000 0.000000 61.882265 60.632057 61.017232 60.764922 61.607967 61.162820 60.730935 60.646113 60.835587 61.008260 61.204857 61.264083 61.097438 60.597669 59.597599 58.707459 59.421188 0.000000 0.000000
0.000000 0.000000 738.181934 743.679272 726.545676 716.754396 714.919083 706.130764 713.790449 715.185759 711.616511 713.418951 717.333085 716.505139 725.376275 736.866994 741.276204 739.577950 745.659958 0.000000 0.000000
0.000000 0.000000 5166.248058 5159.697316 5156.396204 5114.153101 5087.198116 5070.689741 5063.257607 5059.241557 5063.494680 5068.584478 5068.924476 5062.851390 5083.198919 5090.265473 5111.154938 5124.869279 5125.288128 0.000000 0.000000
0.000000 0.000000 7473.516335 7466.656740 7459.949706 7461.305173 7431.177143 7416.868197 7420.994878 7420.458763 7413.923158 7407.681432 7404.888591 7409.072208 7411.997800 7440.720556 7441.138699 7448.881070 7450.574896 0.000000 0.000000
0.000000 0.000000 9199.820210 9193.405399 9188.878791 9173.397415 9165.910637 9124.174814 9124.138156 9121.121827 9119.094734 9122.510838 9123.296800 9124.332172 9161.649867 9166.558854 9177.221773 9181.192152 9186.211386 0.000000 0.000000
0.000000 0.000000 11110.961699 11106.599702 11098.603494 11077.595528 11065.706674 11061.592059 11062.146843 11060.408155 11058.408321 11054.728495 11053.729643 11060.842945 11059.930607 11072.934690 11090.607731 11088.916057 11095.219140 0.000000 0.000000
0.000000 0.000000 13532.061498 13525.081705 13512.220953 13504.678652 13484.528324 13458.350900 13462.095671 13458.539275 13453.145295 13452.673931 13455.992453 13448.841867 13477.943303 13495.613624 13499.969538 13504.914666 13507.264014 0.000000 0.000000
0.000000 0.000000 16386.806022 16375.432844 16368.199793 16354.779044 16336.460818 16312.786880 16312.038543 16310.654714 16303.494153 16308.217638 16311.533636 16310.478726 16320.513638 16345.069710 16355.779944 16361.223955 16360.174013 0.000000 0.000000
0.000000 0.000000 19639.457516 19633.503679 19628.383421 19585.172418 19583.512275 19548.696306 19558.720730 19538.634322 19543.063027 19538.072766 19528.690014 19541.663877 19560.549421 19567.596414 19587.054442 19591.943837 19612.758693 0.000000 0.000000
0.000000 0.000000 23358.789837 23340.555769 23314.780299 23309.197720 23291.829247 23251.392163 23249.167934 23254.315182 23259.720296 23240.240613 23251.111787 23244.660882 23281.572817 23301.944999 23305.660599 23313.598286 23343.353369 0.000000 0.000000
0.000000 0.000000 27326.005058 27313.496933 27314.729831 27284.068536 27258.933516 27156.002897 27150.591102 27147.590004 27096.397291 27131.476124 27131.453636 27142.145783 27217.296298 27229.012660 27275.695251 27276.237330 27276.535531 0.000000 0.000000
0.000000 0.000000 31897.083008 31897.446656 31858.581202 31840.249339 31704.232620 31793.973412 31761.134778 31765.273776 31794.811157 31766.375228 31763.909921 31743.094200 31658.398432 31817.276588 31811.913384 31851.765571 31869.883004 0.000000 0.000000
0.000000 0.000000 35978.362426 35966.891372 35950.922509 35821.853133 35913.997068 35816.940730 35801.864332 35794.759332 35759.254280 35751.926159 35765.262100 35770.073803 35855.003835 35756.496973 35938.246117 35887.547435 35872.668024 0.000000 0.000000
0.000000 0.000000 38636.827953 38631.063126 38534.069847 38594.628347 38579.784036 38585.221916 38637.608052 38622.682459 38647.010700 38642.321140 38623.864301 38647.364595 38631.231358 38651.550620 38516.844731 38673.439403 38665.186613 0.000000 0.000000
0.000000 0.000000 40657.046318 40592.494766 40619.904529 40597.171365 40560.583743 40562.512896 40542.448731 40550.476133 40528.363200 40532.010071 40542.446784 40533.921309 40541.681043 40559.594460 40614.190811 40565.145812 40633.329818 0.000000 0.000000
0.000000 0.000000 41470.637591 41525.894776 41567.231603 41576.282932 41575.585657 41535.007504 41547.097866 41532.162144 41554.236642 41550.760522 41549.337207 41552.142114 41587.331891 41585.166684 41571.153978 41539.523372 41484.906974 0.000000 0.000000
0.000000 0.000000 0.000000 0.000000 0.000000 0.000000 0.000000 0.000000 0.000000 0.000000 0.000000 0.000000 0.000000 0.000000 0.000000 0.000000 0.000000 0.000000 0.000000 0.000000 0.000000
0.000000 0.000000 0.000000 0.000000 0.000000 0.000000 0.000000 0.000000 0.000000 0.000000 0.000000 0.000000 0.000000 0.000000 0.000000 0.000000 0.000000 0.000000 0.000000 0.000000 0.000000