geotop/1.0zi/1.0Montebello/Templates/testdem/maps/_Erotot8664.asc
ncols         21
nrows         20
xllcorner     100.000000
yllcorner     100.000000
cellsize      50.000000
NODATA_value  -9999.0
0.000000 0.000000 0.000000 0.000000 0.000000 0.000000 0.000000 0.000000 0.000000 0.000000 0.000000 0.000000 0.000000 0.000000 0.000000 0.000000 0.000000 0.000000 0.000000 0.000000 0.000000
0.000000 0.000000 690.827496 691.644007 691.076832 691.167643 690.143667 690.296910 690.282848 690.359199 690.734782 690.110584 689.992461 690.040342 690.418496 690.577539 691.419500 691.974317 692.194681 0.000000 0.000000
0.000000 0.000000 54.250428 53.207125 53.494751 53.462714 54.123934 53.779490 53.454493 53.289217 53.506923 53.822881 53.888039 53.992371 53.840067 53.332027 52.068334 51.248263 51.784194 0.000000 0.000000
0.000000 0.000000 370.026601 370.806448 357.014653 349.291674 349.837398 341.531181 341.410839 342.729055 339.248930 337.190556 339.513711 339.710238 350.074685 357.507277 362.273547 364.962398 370.597981 0.000000 0.000000
0.000000 0.000000 3619.827569 3616.640008 3617.983012 3591.442519 3567.913469 3556.790399 3556.174838 3550.160271 3559.184298 3566.348352 3565.442627 3560.660181 3576.902260 3579.506124 3593.482598 3602.241954 3603.210492 0.000000 0.000000
0.000000 0.000000 5698.332214 5694.407438 5689.308513 5684.305334 5668.420996 5658.090820 5659.696117 5658.451590 5654.612978 5648.682591 5647.168767 5651.045023 5650.617156 5672.582635 5678.810795 5684.848692 5687.599480 0.000000 0.000000
0.000000 0.000000 7056.044228 7051.207189 7048.511685 7040.368833 7025.867853 7000.739129 6999.964895 6997.539300 6997.604015 7002.125230 7002.837984 7003.737869 7033.343958 7043.399442 7049.274111 7052.650114 7057.878935 0.000000 0.000000
0.000000 0.000000 8354.329025 8354.178883 8350.339965 8338.456298 8335.611554 8326.929491 8327.136274 8324.982649 8325.361838 8321.220450 8320.055959 8327.056676 8329.244408 8334.675565 8348.589366 8346.497884 8352.351950 0.000000 0.000000
0.000000 0.000000 10047.430324 10041.693411 10034.882200 10033.322503 10019.208425 10003.210150 10005.200701 10001.553370 9999.008473 9998.724033 10001.546286 9995.350966 10015.830387 10030.764356 10032.999563 10037.254760 10039.316127 0.000000 0.000000
0.000000 0.000000 11989.441119 11984.601416 11983.934740 11978.692952 11955.854497 11945.822548 11944.797265 11944.675774 11940.903673 11945.362492 11948.394117 11947.905301 11955.517771 11972.114277 11980.387614 11982.992923 11983.806939 0.000000 0.000000
0.000000 0.000000 14136.351537 14135.515878 14132.737028 14106.738025 14100.915309 14081.780873 14090.237941 14073.731162 14080.277223 14076.933661 14069.871317 14080.238616 14092.664729 14095.307119 14110.430846 14117.216014 14129.884855 0.000000 0.000000
0.000000 0.000000 16491.056535 16479.868735 16469.954821 16467.078251 16451.832084 16432.588607 16426.127550 16429.484051 16436.082183 16424.138162 16430.758550 16429.009787 16454.258802 16466.336861 16468.719755 16474.191959 16498.909579 0.000000 0.000000
0.000000 0.000000 18971.924851 18964.670052 18967.333833 18946.390243 18939.223535 18879.569293 18877.411777 18877.208854 18850.952196 18868.190192 18870.815428 18877.261359 18920.807132 18928.004202 18957.089827 18955.185364 18963.764103 0.000000 0.000000
0.000000 0.000000 21867.068293 21869.841269 21851.998765 21845.293429 21768.294084 21799.326517 21781.424581 21782.278870 21793.670174 21784.093171 21783.407505 21773.823967 21744.640096 21829.290811 21833.704629 21859.574866 21871.146752 0.000000 0.000000
0.000000 0.000000 25133.997224 25122.305709 25109.026379 25019.821437 25047.458966 25002.732755 24979.834264 24976.499907 24958.680337 24947.653370 24956.553387 24956.519235 25006.211930 24979.744003 25106.289311 25077.597018 25073.224213 0.000000 0.000000
0.000000 0.000000 28464.844343 28459.675796 28335.006657 28387.284193 28380.793738 28377.659626 28437.295532 28418.565077 28449.236623 28440.686894 28419.183427 28450.801346 28445.233455 28451.170929 28323.634784 28514.813505 28506.038736 0.000000 0.000000
0.000000 0.000000 32270.679555 32098.261433 32165.535496 32096.252518 32007.154368 31986.696444 31928.600934 31945.289761 31886.568425 31894.491553 31927.387891 31895.423851 31940.764841 31999.026650 32162.789614 32027.259829 32211.009910 0.000000 0.000000
0.000000 0.000000 33257.012822 33432.573192 33568.116720 33574.918600 33590.312596 33467.957802 33495.530643 33453.202342 33524.132152 33511.741835 33502.717446 33520.722960 33619.591824 33609.578613 33594.813544 33493.685518 33318.711639 0.000000 0.000000
0.000000 0.000000 0.000000 0.000000 0.000000 0.000000 0.000000 0.000000 0.000000 0.000000 0.000000 0.000000 0.000000 0.000000 0.000000 0.000000 0.000000 0.000000 0.000000 0.000000 0.000000
0.000000 0.000000 0.000000 0.000000 0.000000 0.000000 0.000000 0.000000 0.000000 0.000000 0.000000 0.000000 0.000000 0.000000 0.000000 0.000000 0.000000 0.000000 0.000000 0.000000 0.000000