geotop/1.0zi/1.0Montebello/Templates/testdem/maps/_Erotot1329.asc
ncols         21
nrows         20
xllcorner     100.000000
yllcorner     100.000000
cellsize      50.000000
NODATA_value  -9999.0
0.000000 0.000000 0.000000 0.000000 0.000000 0.000000 0.000000 0.000000 0.000000 0.000000 0.000000 0.000000 0.000000 0.000000 0.000000 0.000000 0.000000 0.000000 0.000000 0.000000 0.000000
0.000000 0.000000 150.194761 150.196166 150.231039 150.206443 150.187687 150.196186 150.197775 150.192561 150.193235 150.192561 150.197775 150.196186 150.187687 150.206443 150.231039 150.196166 150.194761 0.000000 0.000000
0.000000 0.000000 9.082737 8.862884 7.086831 8.944936 9.125910 9.109941 9.119915 9.127646 9.125699 9.127646 9.119915 9.109941 9.125910 8.944936 7.086831 8.862884 9.082737 0.000000 0.000000
0.000000 0.000000 1093.612952 1093.396023 1093.366762 1091.373817 1093.713915 1093.284167 1093.223725 1093.818348 1093.767226 1093.818348 1093.223725 1093.284167 1093.713915 1091.373817 1093.366762 1093.396023 1093.612952 0.000000 0.000000
0.000000 0.000000 1967.807670 1967.582546 1966.827373 1967.524973 1967.974927 1967.784004 1967.736683 1967.890072 1967.845339 1967.890072 1967.736683 1967.784004 1967.974927 1967.524973 1966.827373 1967.582546 1967.807670 0.000000 0.000000
0.000000 0.000000 2585.028720 2584.850938 2584.083656 2584.279052 2585.190736 2584.940086 2584.908189 2585.147373 2585.122306 2585.147373 2584.908189 2584.940086 2585.190736 2584.279052 2584.083656 2584.850938 2585.028720 0.000000 0.000000
0.000000 0.000000 3371.227187 3371.084913 3370.392118 3370.585226 3371.367583 3371.155792 3371.132868 3371.332449 3371.310986 3371.332449 3371.132868 3371.155792 3371.367583 3370.585226 3370.392118 3371.084913 3371.227187 0.000000 0.000000
0.000000 0.000000 4119.165671 4119.042644 4118.401768 4118.593194 4119.285983 4119.102291 4119.084156 4119.260892 4119.242571 4119.260892 4119.084156 4119.102291 4119.285983 4118.593194 4118.401768 4119.042644 4119.165671 0.000000 0.000000
0.000000 0.000000 4827.877166 4827.764559 4827.155456 4827.341238 4827.987265 4827.817417 4827.802096 4827.966813 4827.949096 4827.966813 4827.802096 4827.817417 4827.987265 4827.341238 4827.155456 4827.764559 4827.877166 0.000000 0.000000
0.000000 0.000000 5506.071539 5505.986199 5505.390111 5505.612640 5506.170645 5506.019316 5506.011169 5506.157760 5506.139919 5506.157760 5506.011169 5506.019316 5506.170645 5505.612640 5505.390111 5505.986199 5506.071539 0.000000 0.000000
0.000000 0.000000 6158.145380 6158.050571 6157.473448 6157.669123 6158.244654 6158.091085 6158.080055 6158.228386 6158.209519 6158.228386 6158.080055 6158.091085 6158.244654 6157.669123 6157.473448 6158.050571 6158.145380 0.000000 0.000000
0.000000 0.000000 6789.812541 6789.715070 6789.152706 6789.338426 6789.906280 6789.756679 6789.746474 6789.892806 6789.875092 6789.892806 6789.746474 6789.756679 6789.906280 6789.338426 6789.152706 6789.715070 6789.812541 0.000000 0.000000
0.000000 0.000000 7406.808196 7406.713089 7406.158483 7406.345117 7406.899229 7406.751852 7406.742436 7406.886205 7406.867990 7406.886205 7406.742436 7406.751852 7406.899229 7406.345117 7406.158483 7406.713089 7406.808196 0.000000 0.000000
0.000000 0.000000 8009.908386 8009.819933 8009.271125 8009.477789 8009.996904 8009.854045 8009.847275 8009.986134 8009.967334 8009.986134 8009.847275 8009.854045 8009.996904 8009.477789 8009.271125 8009.819933 8009.908386 0.000000 0.000000
0.000000 0.000000 8601.644952 8601.554063 8601.007314 8601.203171 8601.733174 8601.589367 8601.581677 8601.722336 8601.702893 8601.722336 8601.581677 8601.589367 8601.733174 8601.203171 8601.007314 8601.554063 8601.644952 0.000000 0.000000
0.000000 0.000000 9183.494480 9183.404471 9182.871338 9183.059603 9183.581480 9183.440879 9183.433131 9183.570466 9183.551258 9183.570466 9183.433131 9183.440879 9183.581480 9183.059603 9182.871338 9183.404471 9183.494477 0.000000 0.000000
0.000000 0.000000 9753.407389 9753.318265 9752.785427 9752.977082 9753.497155 9753.354440 9753.346806 9753.483644 9753.463320 9753.483644 9753.346806 9753.354440 9753.497155 9752.977082 9752.785426 9753.318247 9753.407087 0.000000 0.000000
0.000000 0.000000 10342.138516 10342.327054 10341.796539 10341.979302 10342.502761 10342.358557 10342.351102 10342.490494 10342.469958 10342.490494 10342.351102 10342.358557 10342.502761 10341.979301 10341.796522 10342.324064 10342.413662 0.000000 0.000000
0.000000 0.000000 0.000000 0.000000 0.000000 0.000000 0.000000 0.000000 0.000000 0.000000 0.000000 0.000000 0.000000 0.000000 0.000000 0.000000 0.000000 0.000000 0.000000 0.000000 0.000000
0.000000 0.000000 0.000000 0.000000 0.000000 0.000000 0.000000 0.000000 0.000000 0.000000 0.000000 0.000000 0.000000 0.000000 0.000000 0.000000 0.000000 0.000000 0.000000 0.000000 0.000000