geotop/1.0zi/1.0Montebello/Templates/testdem/maps/_Erotot0842.asc
ncols         21
nrows         20
xllcorner     100.000000
yllcorner     100.000000
cellsize      50.000000
NODATA_value  -9999.0
0.000000 0.000000 0.000000 0.000000 0.000000 0.000000 0.000000 0.000000 0.000000 0.000000 0.000000 0.000000 0.000000 0.000000 0.000000 0.000000 0.000000 0.000000 0.000000 0.000000 0.000000
0.000000 0.000000 70.144419 70.145601 70.179819 70.153078 70.140609 70.145620 70.146841 70.142856 70.143280 70.142856 70.146841 70.145620 70.140609 70.153078 70.179819 70.145601 70.144419 0.000000 0.000000
0.000000 0.000000 7.294203 7.077030 5.303761 7.162943 7.322943 7.319225 7.333730 7.342020 7.341640 7.342020 7.333730 7.319225 7.322943 7.162943 5.303761 7.077030 7.294203 0.000000 0.000000
0.000000 0.000000 674.229016 673.787541 674.035067 671.721097 674.198601 674.041232 673.880170 674.152310 674.087319 674.152310 673.880170 674.041232 674.198601 671.721097 674.035067 673.787541 674.229016 0.000000 0.000000
0.000000 0.000000 1205.676245 1205.408042 1204.707036 1205.365707 1205.794414 1205.660655 1205.607651 1205.719225 1205.707264 1205.719225 1205.607651 1205.660655 1205.794414 1205.365707 1204.707036 1205.408042 1205.676245 0.000000 0.000000
0.000000 0.000000 1614.571850 1614.295580 1613.637331 1613.694881 1614.601835 1614.519005 1614.463404 1614.577849 1614.560314 1614.577849 1614.463404 1614.519005 1614.601835 1613.694881 1613.637331 1614.295580 1614.571850 0.000000 0.000000
0.000000 0.000000 2124.022589 2123.797354 2123.192360 2123.267529 2124.033428 2123.981725 2123.941680 2124.035112 2124.018127 2124.035112 2123.941680 2123.981725 2124.033428 2123.267529 2123.192360 2123.797354 2124.022589 0.000000 0.000000
0.000000 0.000000 2610.374800 2610.176138 2609.610002 2609.694741 2610.373435 2610.340649 2610.307049 2610.387343 2610.372463 2610.387343 2610.307049 2610.340649 2610.373435 2609.694741 2609.610002 2610.176138 2610.374800 0.000000 0.000000
0.000000 0.000000 3072.003106 3071.817888 3071.277163 3071.362228 3071.997068 3071.972563 3071.942119 3072.015573 3072.001581 3072.015573 3071.942119 3071.972563 3071.997068 3071.362228 3071.277163 3071.817888 3072.003106 0.000000 0.000000
0.000000 0.000000 3515.060449 3514.904567 3514.372567 3514.498553 3515.047052 3515.038115 3515.014934 3515.073560 3515.060086 3515.073560 3515.014934 3515.038115 3515.047052 3514.498553 3514.372567 3514.904567 3515.060449 0.000000 0.000000
0.000000 0.000000 3942.892765 3942.726864 3942.211408 3942.312260 3942.881013 3942.868319 3942.842351 3942.904642 3942.890692 3942.904642 3942.842351 3942.868319 3942.881013 3942.312260 3942.211408 3942.726864 3942.892765 0.000000 0.000000
0.000000 0.000000 4358.089630 4357.920630 4357.417015 4357.509024 4358.074037 4358.063743 4358.038257 4358.100492 4358.087893 4358.100492 4358.038257 4358.063743 4358.074037 4357.509024 4357.417015 4357.920630 4358.089630 0.000000 0.000000
0.000000 0.000000 4763.587220 4763.419912 4762.921846 4763.015830 4763.569933 4763.561025 4763.536032 4763.597109 4763.584560 4763.597109 4763.536032 4763.561025 4763.569933 4763.015830 4762.921846 4763.419912 4763.587220 0.000000 0.000000
0.000000 0.000000 5162.315560 5162.154070 5161.660407 5161.775800 5162.296021 5162.291981 5162.269351 5162.325675 5162.313081 5162.325675 5162.269351 5162.291981 5162.296021 5161.775800 5161.660407 5162.154070 5162.315560 0.000000 0.000000
0.000000 0.000000 5555.398678 5555.233314 5554.739908 5554.844098 5555.378186 5555.373922 5555.350287 5555.408723 5555.395627 5555.408723 5555.350287 5555.373922 5555.378186 5554.844098 5554.739908 5555.233314 5555.398678 0.000000 0.000000
0.000000 0.000000 5943.922780 5943.759829 5943.276955 5943.375986 5943.902561 5943.899900 5943.876652 5943.933844 5943.920232 5943.933844 5943.876652 5943.899900 5943.902561 5943.375986 5943.276955 5943.759829 5943.922777 0.000000 0.000000
0.000000 0.000000 6326.051404 6325.885835 6325.400786 6325.501099 6326.030846 6326.026611 6326.002895 6326.061389 6326.047446 6326.061389 6326.002895 6326.026611 6326.030846 6325.501099 6325.400786 6325.885820 6326.051045 0.000000 0.000000
0.000000 0.000000 6721.338224 6721.348052 6720.865320 6720.955183 6721.493715 6721.488440 6721.464274 6721.524298 6721.510219 6721.524298 6721.464274 6721.488440 6721.493715 6720.955183 6720.865305 6721.345741 6721.514062 0.000000 0.000000
0.000000 0.000000 0.000000 0.000000 0.000000 0.000000 0.000000 0.000000 0.000000 0.000000 0.000000 0.000000 0.000000 0.000000 0.000000 0.000000 0.000000 0.000000 0.000000 0.000000 0.000000
0.000000 0.000000 0.000000 0.000000 0.000000 0.000000 0.000000 0.000000 0.000000 0.000000 0.000000 0.000000 0.000000 0.000000 0.000000 0.000000 0.000000 0.000000 0.000000 0.000000 0.000000