geotop/1.0zi/1.0Montebello/Templates/testdem/maps/_Erotot5172.asc
ncols         21
nrows         20
xllcorner     100.000000
yllcorner     100.000000
cellsize      50.000000
NODATA_value  -9999.0
0.000000 0.000000 0.000000 0.000000 0.000000 0.000000 0.000000 0.000000 0.000000 0.000000 0.000000 0.000000 0.000000 0.000000 0.000000 0.000000 0.000000 0.000000 0.000000 0.000000 0.000000
0.000000 0.000000 377.634861 376.714286 376.427946 376.212728 376.173787 376.256805 376.215087 376.385039 376.329296 376.201998 376.270669 376.311359 376.244642 376.302547 376.498736 376.483310 377.036895 0.000000 0.000000
0.000000 0.000000 28.792177 29.748441 30.137481 31.218648 30.773151 30.755120 30.573657 30.363589 30.441577 30.783444 30.467102 30.300670 30.837288 30.467029 29.629290 28.925440 28.284944 0.000000 0.000000
0.000000 0.000000 152.303232 153.706269 146.546195 144.541186 145.713990 141.021748 140.210168 140.287019 138.916186 137.816578 138.931241 137.416275 140.029261 144.807833 144.322861 147.769307 150.478239 0.000000 0.000000
0.000000 0.000000 1537.979126 1541.505249 1547.407703 1529.122714 1517.974415 1509.399880 1511.853778 1506.250126 1510.231470 1514.563061 1514.727738 1514.681392 1524.311364 1523.420780 1530.054614 1535.941217 1537.832901 0.000000 0.000000
0.000000 0.000000 2841.525822 2836.729314 2833.299507 2829.691741 2822.423467 2818.606259 2815.946605 2817.611212 2817.607644 2814.845608 2811.302002 2812.820674 2811.528662 2825.220536 2831.058786 2833.862783 2836.701407 0.000000 0.000000
0.000000 0.000000 3724.599616 3721.905710 3718.920294 3714.960736 3702.489012 3686.190803 3686.998751 3683.621533 3685.329281 3688.195883 3689.965138 3691.144171 3709.176359 3718.036688 3722.636699 3723.678789 3728.573723 0.000000 0.000000
0.000000 0.000000 4311.334106 4312.686243 4312.190182 4306.549443 4306.342081 4300.617973 4300.612557 4301.362604 4299.902038 4297.926306 4297.904712 4301.020818 4300.349823 4302.207801 4309.868208 4307.974661 4310.552410 0.000000 0.000000
0.000000 0.000000 5062.776965 5061.036722 5056.712695 5057.982894 5052.015814 5043.595156 5044.497615 5041.275094 5039.145836 5040.554086 5041.585400 5037.163332 5048.657540 5055.965299 5057.682975 5057.739798 5059.444752 0.000000 0.000000
0.000000 0.000000 5937.999326 5935.118219 5937.359623 5937.355335 5923.604858 5919.113202 5919.311148 5918.911829 5917.466773 5919.799713 5923.168050 5921.625387 5924.083457 5932.762078 5936.602037 5936.185671 5937.104496 0.000000 0.000000
0.000000 0.000000 6876.315194 6876.234827 6876.095999 6864.571294 6862.672774 6853.067293 6857.573415 6848.176864 6850.342965 6849.651922 6845.975599 6852.539727 6855.256799 6856.845120 6861.915540 6868.221148 6874.524364 0.000000 0.000000
0.000000 0.000000 7851.866609 7848.275395 7844.183956 7842.829214 7838.917080 7826.640803 7826.034291 7825.147598 7831.730187 7825.632610 7826.615661 7826.462179 7840.712854 7842.245382 7843.625287 7843.518514 7862.740414 0.000000 0.000000
0.000000 0.000000 8831.164355 8828.968016 8830.297730 8822.527747 8819.852006 8798.910945 8797.686324 8797.370864 8784.849957 8792.150722 8796.859234 8798.743641 8809.963836 8814.117744 8825.383793 8825.955883 8831.980355 0.000000 0.000000
0.000000 0.000000 9895.107856 9895.952838 9889.788749 9889.758305 9864.942831 9875.508201 9865.940485 9867.446176 9868.212916 9868.003459 9866.987464 9862.764852 9854.280654 9877.859806 9882.296804 9892.219447 9899.030580 0.000000 0.000000
0.000000 0.000000 11030.476487 11025.702435 11023.300110 11005.150679 11006.797424 10992.725047 10981.050722 10980.187952 10976.355997 10970.985326 10973.130137 10971.875277 10984.264806 10988.930595 11020.305416 11014.144551 11013.281155 0.000000 0.000000
0.000000 0.000000 12185.713487 12185.391608 12158.790830 12155.671286 12159.802213 12154.888875 12168.391595 12162.800078 12167.536268 12163.424608 12158.855437 12165.478550 12168.417049 12169.192217 12152.371576 12193.215639 12187.080579 0.000000 0.000000
0.000000 0.000000 13479.053654 13448.245374 13445.782201 13438.252442 13418.556799 13414.105535 13407.685967 13411.269700 13400.766283 13400.826104 13403.439495 13404.147696 13413.595859 13421.830277 13444.248036 13443.870141 13479.171561 0.000000 0.000000
0.000000 0.000000 14429.448745 14434.670325 14467.641463 14461.223639 14452.140479 14426.110572 14426.714906 14415.900838 14425.152077 14423.823063 14428.352659 14422.652870 14446.720440 14454.630202 14472.470446 14440.107441 14433.495763 0.000000 0.000000
0.000000 0.000000 0.000000 0.000000 0.000000 0.000000 0.000000 0.000000 0.000000 0.000000 0.000000 0.000000 0.000000 0.000000 0.000000 0.000000 0.000000 0.000000 0.000000 0.000000 0.000000
0.000000 0.000000 0.000000 0.000000 0.000000 0.000000 0.000000 0.000000 0.000000 0.000000 0.000000 0.000000 0.000000 0.000000 0.000000 0.000000 0.000000 0.000000 0.000000 0.000000 0.000000