geotop/1.0zi/1.0Montebello/Templates/testdem/maps/_Erotot8454.asc
ncols         21
nrows         20
xllcorner     100.000000
yllcorner     100.000000
cellsize      50.000000
NODATA_value  -9999.0
0.000000 0.000000 0.000000 0.000000 0.000000 0.000000 0.000000 0.000000 0.000000 0.000000 0.000000 0.000000 0.000000 0.000000 0.000000 0.000000 0.000000 0.000000 0.000000 0.000000 0.000000
0.000000 0.000000 681.260223 682.077161 681.520114 681.608559 680.600594 680.761595 680.734998 680.813830 681.236637 680.566786 680.448351 680.500769 680.865720 681.021244 681.860517 682.408889 682.624375 0.000000 0.000000
0.000000 0.000000 52.740159 51.737050 51.987669 52.064942 52.692270 52.371883 52.088964 51.943028 52.123443 52.478438 52.545879 52.646294 52.454661 51.943067 50.668186 49.814975 50.338440 0.000000 0.000000
0.000000 0.000000 354.835954 355.983045 343.627072 338.366461 338.927573 327.606820 327.690195 328.520703 324.883845 323.078500 325.253628 325.439899 335.651811 342.736073 347.333850 350.232220 355.461542 0.000000 0.000000
0.000000 0.000000 3393.157535 3393.662717 3398.601507 3374.282944 3354.485625 3342.602026 3340.498613 3336.317508 3343.169066 3348.555027 3344.002305 3342.540365 3358.714298 3362.213935 3374.526871 3385.112330 3384.806258 0.000000 0.000000
0.000000 0.000000 5475.309140 5470.739231 5465.217120 5459.840381 5443.272947 5433.504307 5435.540850 5433.603018 5430.522993 5424.982311 5424.063733 5427.284498 5426.789262 5448.028317 5454.455666 5459.984537 5462.985034 0.000000 0.000000
0.000000 0.000000 6791.531461 6786.809715 6784.288991 6776.517805 6762.169914 6737.121163 6736.418594 6733.797972 6733.940774 6738.610724 6739.489959 6740.111586 6769.238976 6778.939582 6784.643259 6787.862707 6793.013608 0.000000 0.000000
0.000000 0.000000 8021.483556 8021.612174 8018.235736 8007.134650 8004.822140 7995.718187 7995.891300 7993.667926 7993.956086 7989.863353 7988.628782 7995.513597 7997.452789 8002.484569 8016.039261 8013.943716 8019.580570 0.000000 0.000000
0.000000 0.000000 9632.744000 9627.549986 9621.524716 9620.860983 9607.495089 9591.063966 9592.947823 9589.310966 9586.621766 9586.288969 9588.803009 9582.763088 9602.832592 9617.283565 9619.150344 9623.440463 9625.238140 0.000000 0.000000
0.000000 0.000000 11479.360623 11475.168599 11475.305692 11471.163353 11449.346940 11438.785221 11437.685441 11437.521947 11433.599164 11437.910153 11440.511345 11440.207775 11447.471727 11463.505083 11471.271497 11473.965627 11474.498727 0.000000 0.000000
0.000000 0.000000 13514.090626 13513.885717 13512.070422 13487.725411 13482.641661 13463.146205 13471.282702 13455.164091 13461.304663 13457.978823 13450.708981 13460.962296 13472.930991 13475.273518 13489.713222 13496.452242 13508.520622 0.000000 0.000000
0.000000 0.000000 15736.371813 15726.272384 15717.680863 15715.912688 15701.941181 15682.297878 15676.046188 15679.032598 15685.187189 15673.560850 15679.362269 15678.083269 15702.234481 15713.555486 15715.552492 15721.139930 15744.728778 0.000000 0.000000
0.000000 0.000000 18068.417337 18062.134872 18065.622640 18046.802994 18040.598580 17983.670484 17981.348776 17981.208772 17956.093711 17972.112089 17974.185613 17980.536191 18021.132357 18027.737186 18055.076021 18053.486582 18062.031098 0.000000 0.000000
0.000000 0.000000 20773.802078 20777.230447 20761.663430 20756.374291 20686.629117 20712.154709 20695.271546 20695.911518 20705.395402 20696.801799 20695.750281 20687.281553 20661.309299 20738.873187 20743.328590 20767.778747 20778.351188 0.000000 0.000000
0.000000 0.000000 23826.167078 23816.106199 23804.738240 23725.919319 23748.172356 23707.414411 23685.069437 23682.159234 23665.916806 23655.211191 23662.341470 23662.406696 23706.629692 23686.117848 23800.599521 23775.612186 23771.703602 0.000000 0.000000
0.000000 0.000000 26979.379023 26975.233603 26862.853374 26906.231069 26903.411843 26896.306997 26949.781441 26931.966348 26958.547953 26949.681560 26930.124946 26959.278275 26956.790454 26960.402508 26850.779693 27023.351490 27014.403384 0.000000 0.000000
0.000000 0.000000 30676.139177 30512.804513 30570.556444 30509.754931 30425.511384 30405.165870 30353.101770 30368.063834 30313.542397 30320.381778 30349.390689 30321.736770 30363.771347 30418.500033 30566.281584 30449.343150 30623.397284 0.000000 0.000000
0.000000 0.000000 31781.303072 31950.320682 32088.741422 32095.029734 32108.738491 31986.155443 32011.267054 31969.681516 32037.616667 32025.352078 32017.153548 32033.951415 32132.966929 32124.321814 32114.401141 32008.967300 31841.137247 0.000000 0.000000
0.000000 0.000000 0.000000 0.000000 0.000000 0.000000 0.000000 0.000000 0.000000 0.000000 0.000000 0.000000 0.000000 0.000000 0.000000 0.000000 0.000000 0.000000 0.000000 0.000000 0.000000
0.000000 0.000000 0.000000 0.000000 0.000000 0.000000 0.000000 0.000000 0.000000 0.000000 0.000000 0.000000 0.000000 0.000000 0.000000 0.000000 0.000000 0.000000 0.000000 0.000000 0.000000