geotop/1.0zi/1.0Montebello/Templates/testdem/maps/_Erotot8666.asc
ncols         21
nrows         20
xllcorner     100.000000
yllcorner     100.000000
cellsize      50.000000
NODATA_value  -9999.0
0.000000 0.000000 0.000000 0.000000 0.000000 0.000000 0.000000 0.000000 0.000000 0.000000 0.000000 0.000000 0.000000 0.000000 0.000000 0.000000 0.000000 0.000000 0.000000 0.000000 0.000000
0.000000 0.000000 690.827496 691.644007 691.076832 691.167643 690.143667 690.296910 690.282848 690.359199 690.734782 690.110584 689.992461 690.040342 690.418496 690.577539 691.419500 691.974317 692.194681 0.000000 0.000000
0.000000 0.000000 54.250428 53.207125 53.494751 53.462714 54.123934 53.779490 53.454493 53.289217 53.506923 53.822881 53.888039 53.992371 53.840067 53.332027 52.068334 51.248263 51.784194 0.000000 0.000000
0.000000 0.000000 370.026601 370.806448 357.014653 349.291674 349.837398 341.531181 341.410839 342.729055 339.248930 337.190556 339.513711 339.710238 350.074685 357.507277 362.273547 364.962398 370.597981 0.000000 0.000000
0.000000 0.000000 3619.827569 3616.640008 3617.983012 3591.442519 3567.913469 3556.790399 3556.174838 3550.160271 3559.184298 3566.348352 3565.442627 3560.660181 3576.902260 3579.506124 3593.482598 3602.241954 3603.210492 0.000000 0.000000
0.000000 0.000000 5698.332214 5694.407438 5689.308513 5684.305334 5668.420996 5658.090820 5659.696117 5658.451590 5654.612978 5648.682591 5647.168767 5651.045023 5650.617156 5672.582635 5678.810795 5684.848692 5687.599480 0.000000 0.000000
0.000000 0.000000 7056.044523 7051.207483 7048.511974 7040.369114 7025.868124 7000.739389 6999.965159 6997.539564 6997.604279 7002.125495 7002.838248 7003.738134 7033.344230 7043.399725 7049.274402 7052.650408 7057.879230 0.000000 0.000000
0.000000 0.000000 8354.335312 8354.185162 8350.346200 8338.462432 8335.617599 8326.935397 8327.142210 8324.988589 8325.367782 8321.226394 8320.061900 8327.062622 8329.250472 8334.681733 8348.595615 8346.504169 8352.358241 0.000000 0.000000
0.000000 0.000000 10047.459298 10041.722360 10034.911028 10033.351045 10019.236713 10003.238097 10005.228720 10001.581404 9999.036513 9998.752072 10001.574322 9995.379011 10015.858734 10030.792995 10033.028429 10037.283720 10039.345107 0.000000 0.000000
0.000000 0.000000 11989.514699 11984.674950 11984.008074 11978.765795 11955.926871 11945.894331 11944.869156 11944.747693 11940.975599 11945.434421 11948.466042 11947.977244 11955.590252 11972.187279 11980.461012 11983.066472 11983.880528 0.000000 0.000000
0.000000 0.000000 14136.493811 14135.658082 14132.878937 14106.879200 14101.055816 14081.920486 14090.377727 14073.870933 14080.417033 14077.073450 14070.011083 14080.378441 14092.805382 14095.448497 14110.572787 14117.358185 14130.027132 0.000000 0.000000
0.000000 0.000000 16491.294824 16480.106861 16470.192502 16467.315107 16452.067962 16432.823268 16426.362326 16429.718940 16436.317129 16424.373018 16430.993456 16429.244690 16454.494972 16466.574069 16468.957609 16474.430100 16499.147972 0.000000 0.000000
0.000000 0.000000 18972.286016 18965.031055 18967.694414 18946.749599 18939.581753 18879.923770 18877.766468 18877.563592 18851.306620 18868.544862 18871.170095 18877.616148 18921.165429 18928.363766 18957.450488 18955.546315 18964.125143 0.000000 0.000000
0.000000 0.000000 21867.590461 21870.363331 21852.519911 21845.813377 21768.808777 21799.838840 21781.936769 21782.791215 21794.182984 21784.605660 21783.919910 21774.336200 21745.155000 21829.811171 21834.225795 21860.096926 21871.669189 0.000000 0.000000
0.000000 0.000000 25134.722280 25123.030357 25109.750041 25020.537849 25048.173307 25003.442409 24980.543864 24977.209482 24959.389276 24948.362128 24957.262503 24957.228508 25006.925991 24980.460262 25107.013470 25078.320496 25073.947607 0.000000 0.000000
0.000000 0.000000 28465.783822 28460.615065 28335.937414 28388.213691 28381.719276 28378.582795 28438.221126 28419.490468 28450.163420 28441.613726 28420.109265 28451.728275 28446.162731 28452.104051 28324.565891 28515.755691 28506.981095 0.000000 0.000000
0.000000 0.000000 32271.802757 32099.378674 32166.650696 32097.362727 32008.260687 31987.798606 31929.701603 31946.391100 31887.668676 31895.592057 31928.489220 31896.524149 31941.870036 32000.135796 32163.905611 32028.375398 32212.131913 0.000000 0.000000
0.000000 0.000000 33258.183454 33433.736392 33569.274462 33576.073362 33591.463882 33469.107297 33496.680233 33454.352836 33525.281808 33512.891751 33503.867283 33521.872687 33620.743960 33610.734298 33595.971378 33494.848137 33319.881610 0.000000 0.000000
0.000000 0.000000 0.000000 0.000000 0.000000 0.000000 0.000000 0.000000 0.000000 0.000000 0.000000 0.000000 0.000000 0.000000 0.000000 0.000000 0.000000 0.000000 0.000000 0.000000 0.000000
0.000000 0.000000 0.000000 0.000000 0.000000 0.000000 0.000000 0.000000 0.000000 0.000000 0.000000 0.000000 0.000000 0.000000 0.000000 0.000000 0.000000 0.000000 0.000000 0.000000 0.000000