geotop/1.0zi/1.0Montebello/Templates/testdem/maps/_Erotot1238.asc
ncols         21
nrows         20
xllcorner     100.000000
yllcorner     100.000000
cellsize      50.000000
NODATA_value  -9999.0
0.000000 0.000000 0.000000 0.000000 0.000000 0.000000 0.000000 0.000000 0.000000 0.000000 0.000000 0.000000 0.000000 0.000000 0.000000 0.000000 0.000000 0.000000 0.000000 0.000000 0.000000
0.000000 0.000000 148.716700 148.718098 148.752953 148.728306 148.709677 148.718114 148.719698 148.714516 148.715184 148.714516 148.719698 148.718114 148.709677 148.728306 148.752953 148.718098 148.716700 0.000000 0.000000
0.000000 0.000000 9.146075 8.927284 7.151456 9.008891 9.182568 9.173320 9.183944 9.190018 9.188139 9.190018 9.183944 9.173320 9.182568 9.008891 7.151456 8.927284 9.146075 0.000000 0.000000
0.000000 0.000000 1048.284329 1048.080141 1048.104477 1046.084899 1048.333572 1047.995736 1047.960144 1048.486530 1048.429391 1048.486530 1047.960144 1047.995736 1048.333572 1046.084899 1048.104477 1048.080141 1048.284329 0.000000 0.000000
0.000000 0.000000 1867.338383 1867.114455 1866.362468 1867.052242 1867.479423 1867.313769 1867.271884 1867.419392 1867.373779 1867.419392 1867.271884 1867.313769 1867.479423 1867.052242 1866.362468 1867.114455 1867.338383 0.000000 0.000000
0.000000 0.000000 2450.517444 2450.344443 2449.592895 2449.768049 2450.600516 2450.429122 2450.416184 2450.631969 2450.604281 2450.631969 2450.416184 2450.429122 2450.600516 2449.768049 2449.592895 2450.344443 2450.517444 0.000000 0.000000
0.000000 0.000000 3187.575836 3187.438076 3186.759444 3186.932718 3187.633348 3187.503132 3187.499286 3187.676975 3187.652953 3187.676975 3187.499286 3187.503132 3187.633348 3186.932718 3186.759444 3187.438076 3187.575836 0.000000 0.000000
0.000000 0.000000 3888.240868 3888.122048 3887.494145 3887.666799 3888.281185 3888.175978 3888.176126 3888.332218 3888.311422 3888.332218 3888.176126 3888.175978 3888.281185 3887.666799 3887.494145 3888.122048 3888.240868 0.000000 0.000000
0.000000 0.000000 4552.409411 4552.300743 4551.703626 4551.871453 4552.442561 4552.348073 4552.350390 4552.495436 4552.475298 4552.495436 4552.350390 4552.348073 4552.442561 4551.871453 4551.703626 4552.300743 4552.409411 0.000000 0.000000
0.000000 0.000000 5188.386928 5188.305376 5187.720315 5187.925650 5188.411389 5188.332952 5188.342024 5188.469730 5188.449503 5188.469730 5188.342024 5188.332952 5188.411389 5187.925650 5187.720315 5188.305376 5188.386928 0.000000 0.000000
0.000000 0.000000 5800.048118 5799.956868 5799.389903 5799.568833 5800.074403 5799.991803 5799.997707 5800.127866 5800.106632 5800.127866 5799.997707 5799.991803 5800.074403 5799.568833 5799.389903 5799.956868 5800.048118 0.000000 0.000000
0.000000 0.000000 6392.790408 6392.696257 6392.143253 6392.312478 6392.812281 6392.732197 6392.738748 6392.867546 6392.847490 6392.867546 6392.738748 6392.732197 6392.812281 6392.312478 6392.143253 6392.696257 6392.790408 0.000000 0.000000
0.000000 0.000000 6972.106092 6972.014049 6971.468096 6971.638485 6972.126031 6972.047055 6972.054288 6972.181035 6972.160507 6972.181035 6972.054288 6972.047055 6972.126031 6971.638485 6971.468096 6972.014049 6972.106092 0.000000 0.000000
0.000000 0.000000 7538.499960 7538.414481 7537.873602 7538.064438 7538.517972 7538.442656 7538.452499 7538.574779 7538.553646 7538.574779 7538.452499 7538.442656 7538.517972 7538.064438 7537.873602 7538.414481 7538.499960 0.000000 0.000000
0.000000 0.000000 8094.470497 8094.382516 8093.842919 8094.023153 8094.488699 8094.411706 8094.420591 8094.545112 8094.523315 8094.545112 8094.420591 8094.411706 8094.488699 8094.023153 8093.842919 8094.382516 8094.470497 0.000000 0.000000
0.000000 0.000000 8641.781538 8641.694289 8641.167904 8641.340552 8641.798765 8641.724502 8641.733332 8641.854767 8641.833207 8641.854767 8641.733332 8641.724502 8641.798765 8641.340552 8641.167904 8641.694289 8641.781535 0.000000 0.000000
0.000000 0.000000 9178.638824 9178.552063 9178.023584 9178.199756 9178.657255 9178.580161 9178.589142 9178.712507 9178.689936 9178.712507 9178.589142 9178.580161 9178.657255 9178.199756 9178.023584 9178.552045 9178.638604 0.000000 0.000000
0.000000 0.000000 9736.909767 9737.105310 9736.579312 9736.746601 9737.208523 9737.129491 9737.138622 9737.264125 9737.241285 9737.264125 9737.138622 9737.129491 9737.208523 9736.746601 9736.579295 9737.102428 9737.189793 0.000000 0.000000
0.000000 0.000000 0.000000 0.000000 0.000000 0.000000 0.000000 0.000000 0.000000 0.000000 0.000000 0.000000 0.000000 0.000000 0.000000 0.000000 0.000000 0.000000 0.000000 0.000000 0.000000
0.000000 0.000000 0.000000 0.000000 0.000000 0.000000 0.000000 0.000000 0.000000 0.000000 0.000000 0.000000 0.000000 0.000000 0.000000 0.000000 0.000000 0.000000 0.000000 0.000000 0.000000