geotop/1.0zi/1.0Montebello/Templates/testdem/maps/_Erotot5967.asc
ncols         21
nrows         20
xllcorner     100.000000
yllcorner     100.000000
cellsize      50.000000
NODATA_value  -9999.0
0.000000 0.000000 0.000000 0.000000 0.000000 0.000000 0.000000 0.000000 0.000000 0.000000 0.000000 0.000000 0.000000 0.000000 0.000000 0.000000 0.000000 0.000000 0.000000 0.000000 0.000000
0.000000 0.000000 461.842381 461.038436 460.850733 460.635588 460.596188 460.694970 460.638873 460.816988 460.720000 460.517959 460.456248 460.535726 460.651183 460.559212 460.760214 460.958786 461.384836 0.000000 0.000000
0.000000 0.000000 34.590694 35.266207 35.564315 36.736644 36.474824 36.235505 36.062828 35.841169 36.055168 36.415150 36.225947 35.969436 36.409469 36.182894 35.343224 34.506744 33.889054 0.000000 0.000000
0.000000 0.000000 192.034065 193.248393 185.647899 182.806321 184.195644 179.098381 178.696143 178.310141 177.559212 175.128683 177.591560 175.792332 179.138907 184.815205 184.725591 187.542414 191.685769 0.000000 0.000000
0.000000 0.000000 1864.069728 1868.277898 1871.968956 1853.002417 1837.512310 1826.898662 1829.502289 1826.644790 1830.177710 1834.366516 1831.235455 1829.443279 1840.028184 1840.627057 1848.413019 1856.236446 1858.112073 0.000000 0.000000
0.000000 0.000000 3335.257293 3329.687247 3327.151059 3322.307450 3314.173782 3306.580392 3304.824755 3304.900891 3303.755960 3301.594411 3298.951470 3301.196052 3301.502834 3316.940401 3321.993755 3325.235988 3327.219015 0.000000 0.000000
0.000000 0.000000 4410.054529 4407.338824 4404.083607 4399.538924 4386.468282 4369.663679 4369.732647 4366.189699 4367.925826 4370.684713 4372.589274 4373.825606 4393.995592 4403.715995 4408.720655 4410.307991 4415.738467 0.000000 0.000000
0.000000 0.000000 5076.949481 5078.224383 5076.859958 5070.309307 5069.615828 5062.532975 5063.082800 5063.467293 5062.189060 5059.765294 5059.538194 5063.150915 5063.354653 5066.088937 5074.549534 5072.868295 5076.130608 0.000000 0.000000
0.000000 0.000000 5986.738076 5983.967459 5979.419279 5980.147599 5973.389641 5962.875672 5963.330089 5960.689126 5958.197720 5959.380493 5960.630414 5955.519826 5968.843913 5977.092037 5979.399315 5980.323248 5981.961691 0.000000 0.000000
0.000000 0.000000 7040.463724 7037.988464 7039.691730 7038.809432 7023.925115 7016.858686 7018.273633 7017.366550 7015.284387 7018.386447 7021.394656 7019.843957 7023.207836 7033.712874 7037.763875 7038.031340 7038.968381 0.000000 0.000000
0.000000 0.000000 8177.318571 8177.421478 8177.093871 8162.579740 8159.806604 8148.989521 8152.547574 8143.443762 8145.851347 8144.878921 8140.199904 8147.604277 8152.153328 8153.802028 8160.643126 8166.628594 8174.128272 0.000000 0.000000
0.000000 0.000000 9367.576209 9362.890505 9357.490736 9355.505033 9351.411298 9336.510841 9335.511302 9334.632376 9341.296388 9334.179285 9336.273564 9335.849599 9351.573056 9355.087149 9356.730380 9357.314340 9376.982015 0.000000 0.000000
0.000000 0.000000 10573.730370 10571.728767 10572.380210 10564.689081 10560.469313 10533.305358 10532.073864 10531.752285 10517.227909 10526.272672 10530.274587 10532.311879 10548.950028 10553.065965 10567.303661 10566.737543 10573.769007 0.000000 0.000000
0.000000 0.000000 11897.385031 11898.679177 11891.310120 11889.973971 11861.748863 11870.232476 11859.646745 11861.112305 11862.348154 11861.848805 11860.363246 11857.004414 11846.947824 11877.424488 11883.060423 11893.865690 11901.133920 0.000000 0.000000
0.000000 0.000000 13328.541864 13323.416594 13319.831209 13294.777503 13294.580406 13278.877623 13265.875178 13264.279539 13259.216357 13252.900481 13256.217873 13254.437324 13269.593081 13273.415619 13315.644591 13306.683614 13306.986709 0.000000 0.000000
0.000000 0.000000 14801.046632 14800.271844 14762.879677 14762.521201 14767.541164 14760.102199 14777.660797 14769.980681 14776.104440 14771.510286 14766.095374 14775.004594 14778.636691 14778.127253 14756.883127 14809.742073 14802.921419 0.000000 0.000000
0.000000 0.000000 16477.016401 16431.435301 16429.297516 16419.118285 16392.949754 16386.020581 16377.413705 16380.698095 16366.368225 16366.780768 16372.180296 16371.699893 16383.821423 16395.622474 16428.162476 16421.105273 16472.288613 0.000000 0.000000
0.000000 0.000000 17631.198322 17645.721468 17693.309050 17686.377415 17672.195758 17633.574926 17634.839792 17620.435566 17632.894913 17630.827309 17636.561745 17632.133488 17665.888493 17677.841804 17701.576044 17652.671400 17638.253031 0.000000 0.000000
0.000000 0.000000 0.000000 0.000000 0.000000 0.000000 0.000000 0.000000 0.000000 0.000000 0.000000 0.000000 0.000000 0.000000 0.000000 0.000000 0.000000 0.000000 0.000000 0.000000 0.000000
0.000000 0.000000 0.000000 0.000000 0.000000 0.000000 0.000000 0.000000 0.000000 0.000000 0.000000 0.000000 0.000000 0.000000 0.000000 0.000000 0.000000 0.000000 0.000000 0.000000 0.000000