geotop/1.0zi/1.0Montebello/Templates/testdem/maps/_Erotot3040.asc
ncols         21
nrows         20
xllcorner     100.000000
yllcorner     100.000000
cellsize      50.000000
NODATA_value  -9999.0
0.000000 0.000000 0.000000 0.000000 0.000000 0.000000 0.000000 0.000000 0.000000 0.000000 0.000000 0.000000 0.000000 0.000000 0.000000 0.000000 0.000000 0.000000 0.000000 0.000000 0.000000
0.000000 0.000000 333.244515 333.247328 333.250852 333.369656 333.238914 333.243265 333.217630 333.257646 333.273323 333.257646 333.217630 333.243265 333.238914 333.369656 333.250852 333.247328 333.244515 0.000000 0.000000
0.000000 0.000000 12.151039 11.922961 10.167739 11.849725 12.163742 12.093018 12.192176 12.106014 12.458782 12.106014 12.192176 12.093018 12.163742 11.849725 10.167739 11.922961 12.151039 0.000000 0.000000
0.000000 0.000000 2443.023796 2442.683239 2442.965535 2441.154721 2443.071091 2442.593938 2442.542022 2443.446776 2443.586280 2443.446776 2442.542022 2442.593938 2443.071091 2441.154721 2442.965535 2442.683239 2443.023796 0.000000 0.000000
0.000000 0.000000 4609.256790 4609.088594 4608.424774 4609.004988 4609.548601 4609.419666 4609.378228 4609.515362 4609.515154 4609.515362 4609.378228 4609.419666 4609.548602 4609.004988 4608.424774 4609.088594 4609.256790 0.000000 0.000000
0.000000 0.000000 5987.190575 5986.984456 5986.413047 5986.555296 5987.353556 5987.075583 5987.091865 5987.429997 5987.639187 5987.429997 5987.091865 5987.075583 5987.353556 5986.555296 5986.413047 5986.984456 5987.190575 0.000000 0.000000
0.000000 0.000000 7727.627897 7727.456523 7726.937715 7727.064725 7727.749081 7727.509218 7727.529806 7727.827378 7728.036129 7727.827378 7727.529806 7727.509218 7727.749081 7727.064725 7726.937715 7727.456523 7727.627897 0.000000 0.000000
0.000000 0.000000 9340.015905 9339.872676 9339.395589 9339.525901 9340.109525 9339.903867 9339.923844 9340.189915 9340.377544 9340.189915 9339.923844 9339.903867 9340.109525 9339.525901 9339.395589 9339.872676 9340.015905 0.000000 0.000000
0.000000 0.000000 10826.603292 10826.473605 10826.022820 10826.151650 10826.686185 10826.498408 10826.515506 10826.762323 10826.939527 10826.762323 10826.515506 10826.498408 10826.686185 10826.151650 10826.022820 10826.473605 10826.603292 0.000000 0.000000
0.000000 0.000000 12211.712928 12211.612342 12211.176416 12211.342429 12211.787058 12211.620028 12211.640418 12211.863272 12212.024803 12211.863272 12211.640418 12211.620028 12211.787058 12211.342429 12211.176416 12211.612342 12211.712928 0.000000 0.000000
0.000000 0.000000 13503.084565 13502.978008 13502.564990 13502.706321 13503.157071 13502.991919 13503.008875 13503.227344 13503.379884 13503.227344 13503.008875 13502.991919 13503.157071 13502.706321 13502.564990 13502.978008 13503.084565 0.000000 0.000000
0.000000 0.000000 14725.830647 14725.725056 14725.330820 14725.466181 14725.899501 14725.742355 14725.757880 14725.967294 14726.112440 14725.967294 14725.757880 14725.742355 14725.899501 14725.466181 14725.330820 14725.725056 14725.830647 0.000000 0.000000
0.000000 0.000000 15887.480297 15887.380844 15886.995681 15887.132221 15887.543550 15887.391402 15887.406908 15887.609397 15887.746722 15887.609397 15887.406908 15887.391402 15887.543550 15887.132221 15886.995681 15887.380844 15887.480297 0.000000 0.000000
0.000000 0.000000 16999.591590 16999.500500 16999.127446 16999.280733 16999.653733 16999.508664 16999.525370 16999.718545 16999.849248 16999.718545 16999.525370 16999.508664 16999.653733 16999.280733 16999.127446 16999.500500 16999.591590 0.000000 0.000000
0.000000 0.000000 18064.017527 18063.925031 18063.559208 18063.700225 18064.077136 18063.933905 18063.948796 18064.138457 18064.263067 18064.138457 18063.948796 18063.933905 18064.077136 18063.700225 18063.559208 18063.925031 18064.017527 0.000000 0.000000
0.000000 0.000000 19084.746108 19084.656204 19084.302978 19084.436517 19084.799901 19084.661945 19084.676655 19084.859740 19084.980209 19084.859740 19084.676655 19084.661945 19084.799901 19084.436517 19084.302978 19084.656204 19084.746104 0.000000 0.000000
0.000000 0.000000 20067.324428 20067.236980 20066.889216 20067.026584 20067.376965 20067.241793 20067.256491 20067.434755 20067.548259 20067.434755 20067.256491 20067.241793 20067.376965 20067.026584 20066.889216 20067.236959 20067.324380 0.000000 0.000000
0.000000 0.000000 21066.615562 21067.062206 21066.722874 21066.855961 21067.198039 21067.067352 21067.080415 21067.253967 21067.364060 21067.253967 21067.080415 21067.067351 21067.198039 21066.855961 21066.722856 21067.058859 21067.142903 0.000000 0.000000
0.000000 0.000000 0.000000 0.000000 0.000000 0.000000 0.000000 0.000000 0.000000 0.000000 0.000000 0.000000 0.000000 0.000000 0.000000 0.000000 0.000000 0.000000 0.000000 0.000000 0.000000
0.000000 0.000000 0.000000 0.000000 0.000000 0.000000 0.000000 0.000000 0.000000 0.000000 0.000000 0.000000 0.000000 0.000000 0.000000 0.000000 0.000000 0.000000 0.000000 0.000000 0.000000