geotop/1.0zi/1.0Montebello/Templates/testdem/maps/_Erotot1498.asc
ncols         21
nrows         20
xllcorner     100.000000
yllcorner     100.000000
cellsize      50.000000
NODATA_value  -9999.0
0.000000 0.000000 0.000000 0.000000 0.000000 0.000000 0.000000 0.000000 0.000000 0.000000 0.000000 0.000000 0.000000 0.000000 0.000000 0.000000 0.000000 0.000000 0.000000 0.000000 0.000000
0.000000 0.000000 168.951571 168.953016 168.987999 168.963730 168.944198 168.953061 168.954684 168.949276 168.949984 168.949276 168.954684 168.953061 168.944198 168.963730 168.987999 168.953016 168.951571 0.000000 0.000000
0.000000 0.000000 10.389538 10.169802 8.393312 10.250523 10.432819 10.415948 10.425258 10.433220 10.431050 10.433220 10.425258 10.415948 10.432819 10.250523 8.393312 10.169802 10.389538 0.000000 0.000000
0.000000 0.000000 1180.614174 1180.398060 1180.568440 1178.588012 1180.917686 1180.497367 1180.445682 1181.044344 1180.999792 1181.044344 1180.445682 1180.497367 1180.917686 1178.588012 1180.568440 1180.398060 1180.614174 0.000000 0.000000
0.000000 0.000000 2207.919862 2207.705754 2207.109530 2207.804918 2208.255893 2208.059485 2208.014906 2208.170517 2208.123856 2208.170517 2208.014906 2208.059485 2208.255893 2207.804918 2207.109530 2207.705754 2207.919862 0.000000 0.000000
0.000000 0.000000 2893.993072 2893.821923 2893.206196 2893.404427 2894.311094 2894.060805 2894.034167 2894.275744 2894.251922 2894.275744 2894.034167 2894.060805 2894.311094 2893.404427 2893.206196 2893.821923 2893.993072 0.000000 0.000000
0.000000 0.000000 3774.760939 3774.622858 3774.049891 3774.243243 3775.022786 3774.808828 3774.792994 3774.993665 3774.973589 3774.993665 3774.792994 3774.808828 3775.022786 3774.243243 3774.049891 3774.622858 3774.760939 0.000000 0.000000
0.000000 0.000000 4610.655924 4610.541439 4610.001298 4610.191777 4610.874950 4610.691555 4610.677560 4610.853264 4610.834090 4610.853264 4610.677560 4610.691555 4610.874950 4610.191777 4610.001298 4610.541439 4610.655924 0.000000 0.000000
0.000000 0.000000 5400.897077 5400.790663 5400.270927 5400.455230 5401.096102 5400.925375 5400.912966 5401.079445 5401.061696 5401.079445 5400.912966 5400.925375 5401.096102 5400.455230 5400.270927 5400.790663 5400.897077 0.000000 0.000000
0.000000 0.000000 6155.105379 6155.025792 6154.512340 6154.732665 6155.285310 6155.133310 6155.127813 6155.276033 6155.258185 6155.276033 6155.127813 6155.133310 6155.285310 6154.732665 6154.512340 6155.025792 6155.105379 0.000000 0.000000
0.000000 0.000000 6877.293022 6877.203820 6876.704927 6876.898027 6877.467468 6877.313582 6877.305060 6877.454814 6877.436011 6877.454814 6877.305060 6877.313582 6877.467468 6876.898027 6876.704927 6877.203820 6877.293022 0.000000 0.000000
0.000000 0.000000 7574.755657 7574.663803 7574.176626 7574.359690 7574.920333 7574.770796 7574.763025 7574.910474 7574.892869 7574.910474 7574.763025 7574.770796 7574.920333 7574.359690 7574.176626 7574.663803 7574.755657 0.000000 0.000000
0.000000 0.000000 8255.017997 8254.928405 8254.443324 8254.626976 8255.172997 8255.026137 8255.018960 8255.163655 8255.145539 8255.163655 8255.018960 8255.026137 8255.172997 8254.626976 8254.443324 8254.928405 8255.017997 0.000000 0.000000
0.000000 0.000000 8916.959300 8916.876197 8916.394944 8916.597897 8917.108699 8916.966619 8916.961968 8917.101543 8917.082943 8917.101543 8916.961968 8916.966619 8917.108699 8916.597897 8916.394944 8916.876197 8916.959300 0.000000 0.000000
0.000000 0.000000 9564.597030 9564.511016 9564.026789 9564.218714 9564.739382 9564.596946 9564.591266 9564.732315 9564.713236 9564.732315 9564.591266 9564.596946 9564.739382 9564.218714 9564.026789 9564.511016 9564.597030 0.000000 0.000000
0.000000 0.000000 10198.978294 10198.893059 10198.416988 10198.601195 10199.113054 10198.974055 10198.968478 10199.106198 10199.087359 10199.106198 10198.968478 10198.974055 10199.113054 10198.601195 10198.416988 10198.893059 10198.978291 0.000000 0.000000
0.000000 0.000000 10819.457496 10819.372843 10818.892465 10819.079765 10819.588497 10819.448151 10819.442462 10819.579164 10819.559390 10819.579164 10819.442462 10819.448151 10819.588497 10819.079765 10818.892465 10819.372824 10819.457200 0.000000 0.000000
0.000000 0.000000 11459.526531 11459.751405 11459.275678 11459.454415 11459.965054 11459.823674 11459.818098 11459.956885 11459.936978 11459.956885 11459.818098 11459.823674 11459.965054 11459.454415 11459.275660 11459.748278 11459.833155 0.000000 0.000000
0.000000 0.000000 0.000000 0.000000 0.000000 0.000000 0.000000 0.000000 0.000000 0.000000 0.000000 0.000000 0.000000 0.000000 0.000000 0.000000 0.000000 0.000000 0.000000 0.000000 0.000000
0.000000 0.000000 0.000000 0.000000 0.000000 0.000000 0.000000 0.000000 0.000000 0.000000 0.000000 0.000000 0.000000 0.000000 0.000000 0.000000 0.000000 0.000000 0.000000 0.000000 0.000000