geotop/1.0zi/1.0Montebello/Templates/testdem/maps/_Erotot2585.asc
ncols         21
nrows         20
xllcorner     100.000000
yllcorner     100.000000
cellsize      50.000000
NODATA_value  -9999.0
0.000000 0.000000 0.000000 0.000000 0.000000 0.000000 0.000000 0.000000 0.000000 0.000000 0.000000 0.000000 0.000000 0.000000 0.000000 0.000000 0.000000 0.000000 0.000000 0.000000 0.000000
0.000000 0.000000 247.353288 247.355981 247.360049 247.479872 247.347450 247.351627 247.326816 247.367815 247.379675 247.367815 247.326816 247.351627 247.347450 247.479872 247.360049 247.355981 247.353288 0.000000 0.000000
0.000000 0.000000 13.851463 13.629814 11.878631 13.599335 13.892899 13.879246 13.911900 13.877425 13.865145 13.877425 13.911900 13.879246 13.892899 13.599335 11.878631 13.629814 13.851463 0.000000 0.000000
0.000000 0.000000 1794.604779 1794.283619 1794.617050 1792.749784 1794.755277 1794.197718 1794.191700 1795.021104 1795.176540 1795.021104 1794.191700 1794.197718 1794.755277 1792.749783 1794.617050 1794.283619 1794.604779 0.000000 0.000000
0.000000 0.000000 3676.679014 3676.508348 3675.848937 3676.442395 3676.986579 3676.844109 3676.810416 3676.961254 3676.926294 3676.961254 3676.810416 3676.844109 3676.986579 3676.442395 3675.848937 3676.508348 3676.679014 0.000000 0.000000
0.000000 0.000000 4765.583425 4765.378004 4764.816497 4764.969363 4765.780273 4765.486581 4765.505840 4765.850870 4765.942433 4765.850870 4765.505840 4765.486581 4765.780273 4764.969363 4764.816497 4765.378004 4765.583425 0.000000 0.000000
0.000000 0.000000 6215.165031 6214.994238 6214.480722 6214.622853 6215.315573 6215.061588 6215.086260 6215.392701 6215.493092 6215.392701 6215.086260 6215.061588 6215.315573 6214.622853 6214.480722 6214.994238 6215.165031 0.000000 0.000000
0.000000 0.000000 7581.183214 7581.039920 7580.562207 7580.706646 7581.302099 7581.083832 7581.105969 7581.380223 7581.476158 7581.380223 7581.105969 7581.083832 7581.302099 7580.706646 7580.562207 7581.039920 7581.183214 0.000000 0.000000
0.000000 0.000000 8852.176610 8852.045698 8851.592356 8851.736239 8852.283247 8852.082184 8852.102920 8852.360368 8852.451865 8852.360368 8852.102920 8852.082184 8852.283247 8851.736239 8851.592356 8852.045698 8852.176610 0.000000 0.000000
0.000000 0.000000 10050.200388 10050.098094 10049.655972 10049.838039 10050.294185 10050.114595 10050.139899 10050.373978 10050.460749 10050.373978 10050.139899 10050.114595 10050.294185 10049.838039 10049.655972 10050.098094 10050.200388 0.000000 0.000000
0.000000 0.000000 11180.110628 11180.001729 11179.579843 11179.737395 11180.203494 11180.024817 11180.045984 11180.276481 11180.358169 11180.276481 11180.045984 11180.024817 11180.203494 11179.737395 11179.579843 11180.001729 11180.110628 0.000000 0.000000
0.000000 0.000000 12257.793301 12257.684243 12257.278685 12257.430146 12257.881162 12257.710091 12257.730007 12257.952599 12258.032543 12257.952599 12257.730007 12257.710091 12257.881162 12257.430146 12257.278685 12257.684243 12257.793301 0.000000 0.000000
0.000000 0.000000 13292.547776 13292.443818 13292.045107 13292.197908 13292.628901 13292.462474 13292.482474 13292.698946 13292.775527 13292.698946 13292.482474 13292.462474 13292.628901 13292.197908 13292.045107 13292.443818 13292.547776 0.000000 0.000000
0.000000 0.000000 14289.637093 14289.541005 14289.151885 14289.322765 14289.715976 14289.556389 14289.577938 14289.785883 14289.860215 14289.785883 14289.577938 14289.556389 14289.715976 14289.322765 14289.151885 14289.541005 14289.637093 0.000000 0.000000
0.000000 0.000000 15252.595063 15252.497156 15252.112248 15252.271797 15252.669840 15252.511793 15252.531916 15252.737785 15252.809859 15252.737785 15252.531916 15252.511793 15252.669840 15252.271797 15252.112248 15252.497156 15252.595063 0.000000 0.000000
0.000000 0.000000 16183.156654 16183.060999 16182.687402 16182.840060 16183.225536 16183.072338 16183.092284 16183.292560 16183.362789 16183.292560 16183.092284 16183.072338 16183.225536 16182.840060 16182.687402 16183.060999 16183.156649 0.000000 0.000000
0.000000 0.000000 17085.201089 17085.107099 17084.736080 17084.891764 17085.267895 17085.116840 17085.136241 17085.331686 17085.399812 17085.331686 17085.136241 17085.116840 17085.267895 17084.891764 17084.736080 17085.107077 17085.200680 0.000000 0.000000
0.000000 0.000000 17998.564467 17998.881928 17998.517793 17998.669198 17999.040268 17998.892598 17998.910046 17999.101892 17999.167324 17999.101892 17998.910046 17998.892598 17999.040268 17998.669198 17998.517774 17998.878414 17998.969028 0.000000 0.000000
0.000000 0.000000 0.000000 0.000000 0.000000 0.000000 0.000000 0.000000 0.000000 0.000000 0.000000 0.000000 0.000000 0.000000 0.000000 0.000000 0.000000 0.000000 0.000000 0.000000 0.000000
0.000000 0.000000 0.000000 0.000000 0.000000 0.000000 0.000000 0.000000 0.000000 0.000000 0.000000 0.000000 0.000000 0.000000 0.000000 0.000000 0.000000 0.000000 0.000000 0.000000 0.000000