geotop/1.0zi/1.0Montebello/Templates/testdem/maps/_Erotot190n.asc
ncols         21
nrows         20
xllcorner     100.000000
yllcorner     100.000000
cellsize      50.000000
NODATA_value  -9999.0
0.000000 0.000000 0.000000 0.000000 0.000000 0.000000 0.000000 0.000000 0.000000 0.000000 0.000000 0.000000 0.000000 0.000000 0.000000 0.000000 0.000000 0.000000 0.000000 0.000000 0.000000
0.000000 0.000000 989.060145 988.550599 987.240319 985.314716 983.926839 983.051069 983.578544 984.278345 984.149651 983.327719 983.276558 983.372461 985.015840 985.534317 988.354750 989.068640 989.659548 0.000000 0.000000
0.000000 0.000000 69.111019 70.237042 68.829761 71.683496 71.075399 70.462651 70.705290 69.539155 70.542246 72.708367 70.490636 70.578382 70.066420 69.605856 67.329706 66.543852 69.582357 0.000000 0.000000
0.000000 0.000000 950.292649 952.501944 929.277037 916.743696 920.378348 909.223757 908.431525 909.821125 903.203602 904.605876 909.543910 913.012873 916.592249 928.698002 937.183043 938.837152 941.644784 0.000000 0.000000
0.000000 0.000000 6379.694920 6363.270112 6366.733188 6320.866377 6285.622260 6268.261061 6262.479930 6255.591391 6262.578496 6269.250069 6271.131650 6259.713366 6283.254049 6293.199285 6311.892544 6324.939221 6326.874953 0.000000 0.000000
0.000000 0.000000 8805.188437 8802.263931 8790.510960 8791.973802 8765.828738 8747.528060 8749.897001 8747.943870 8740.066810 8733.822293 8731.488173 8734.675072 8737.935274 8770.463422 8769.480811 8780.256717 8780.013020 0.000000 0.000000
0.000000 0.000000 10806.263770 10798.670059 10791.167574 10774.306403 10763.865507 10715.309994 10711.053879 10705.754922 10709.902981 10711.592298 10710.665086 10711.752443 10753.218917 10759.088402 10771.733133 10778.015697 10781.906620 0.000000 0.000000
0.000000 0.000000 13245.187384 13238.561981 13228.307138 13200.671807 13187.831972 13180.223544 13176.360260 13173.544772 13169.443797 13168.242278 13166.381705 13173.377883 13170.548195 13186.265319 13206.230538 13204.306053 13210.527143 0.000000 0.000000
0.000000 0.000000 16336.837507 16326.012309 16310.753452 16300.953514 16278.580564 16244.014550 16243.516418 16234.392877 16234.580368 16229.627345 16232.754325 16224.433876 16257.596067 16279.577476 16285.137587 16295.006060 16296.759880 0.000000 0.000000
0.000000 0.000000 20080.488956 20062.360582 20046.668688 20034.661786 20010.693384 19981.572191 19973.122520 19970.635911 19964.131972 19968.867025 19976.275222 19973.240634 19984.554601 20014.445997 20027.613183 20035.329151 20033.005861 0.000000 0.000000
0.000000 0.000000 24453.676440 24439.295810 24434.972323 24374.627583 24373.838956 24326.864250 24341.207118 24309.466208 24322.423607 24314.540458 24296.565823 24312.959013 24336.330051 24344.007093 24367.966957 24375.901813 24400.135793 0.000000 0.000000
0.000000 0.000000 29497.773386 29467.723757 29429.056630 29424.983970 29404.628255 29349.387313 29333.592141 29340.648521 29348.926774 29329.823885 29339.557585 29328.809192 29373.982994 29401.998058 29404.476779 29416.456081 29450.506334 0.000000 0.000000
0.000000 0.000000 34335.662805 34314.296567 34318.353640 34281.057836 34251.205842 34131.953459 34117.294932 34108.637942 34051.126096 34093.476078 34094.418524 34104.633559 34192.013101 34206.227594 34261.287272 34269.441984 34251.514337 0.000000 0.000000
0.000000 0.000000 38466.254769 38471.622034 38436.160115 38424.315944 38317.316968 38412.599461 38382.714556 38379.836631 38410.270385 38380.298366 38376.499867 38357.810734 38275.158285 38403.022674 38393.805859 38423.781349 38437.491771 0.000000 0.000000
0.000000 0.000000 40868.177189 40858.410438 40846.612703 40791.493222 40831.859591 40793.481717 40783.557053 40784.702581 40770.398724 40767.279275 40774.324813 40775.172752 40804.023856 40757.830293 40840.650751 40817.567849 40810.260237 0.000000 0.000000
0.000000 0.000000 42418.004239 42414.853874 42367.074501 42397.849870 42391.042959 42393.719813 42417.063688 42405.808794 42419.853920 42412.899651 42404.069907 42414.654259 42406.606953 42420.671305 42354.138981 42424.525997 42420.148253 0.000000 0.000000
0.000000 0.000000 43714.511164 43668.156038 43715.931546 43675.934737 43654.053310 43650.182943 43624.730838 43632.552290 43609.314110 43612.489634 43624.019923 43613.787098 43625.417146 43630.982823 43705.230412 43632.592396 43678.312498 0.000000 0.000000
0.000000 0.000000 44161.575160 44238.199231 44266.565136 44270.982931 44285.013645 44246.862433 44259.939162 44245.288576 44268.391655 44264.052890 44261.049677 44266.034095 44296.836388 44283.365642 44269.085484 44247.567603 44175.348944 0.000000 0.000000
0.000000 0.000000 0.000000 0.000000 0.000000 0.000000 0.000000 0.000000 0.000000 0.000000 0.000000 0.000000 0.000000 0.000000 0.000000 0.000000 0.000000 0.000000 0.000000 0.000000 0.000000
0.000000 0.000000 0.000000 0.000000 0.000000 0.000000 0.000000 0.000000 0.000000 0.000000 0.000000 0.000000 0.000000 0.000000 0.000000 0.000000 0.000000 0.000000 0.000000 0.000000 0.000000