geotop/1.0zi/1.0Montebello/Templates/testdem/maps/_Erotot0139.asc
ncols         21
nrows         20
xllcorner     100.000000
yllcorner     100.000000
cellsize      50.000000
NODATA_value  -9999.0
0.000000 0.000000 0.000000 0.000000 0.000000 0.000000 0.000000 0.000000 0.000000 0.000000 0.000000 0.000000 0.000000 0.000000 0.000000 0.000000 0.000000 0.000000 0.000000 0.000000 0.000000
0.000000 0.000000 3.867720 3.867719 3.867719 3.867719 3.867719 3.867719 3.867719 3.867719 3.867719 3.867719 3.867719 3.867719 3.867719 3.867719 3.867719 3.867719 3.867720 0.000000 0.000000
0.000000 0.000000 3.683196 3.683136 3.683163 3.683138 3.683130 3.683129 3.683129 3.683128 3.683128 3.683128 3.683129 3.683129 3.683130 3.683138 3.683163 3.683136 3.683196 0.000000 0.000000
0.000000 0.000000 129.870364 129.869802 129.870028 129.870161 129.870191 129.870197 129.870198 129.870198 129.870198 129.870198 129.870198 129.870197 129.870191 129.870161 129.870028 129.869802 129.870364 0.000000 0.000000
0.000000 0.000000 167.953594 167.953382 167.953460 167.953506 167.953516 167.953518 167.953518 167.953518 167.953518 167.953518 167.953518 167.953518 167.953516 167.953506 167.953460 167.953382 167.953594 0.000000 0.000000
0.000000 0.000000 244.323088 244.322761 244.322915 244.322980 244.322994 244.322996 244.322997 244.322997 244.322997 244.322997 244.322997 244.322996 244.322994 244.322980 244.322915 244.322761 244.323088 0.000000 0.000000
0.000000 0.000000 320.383316 320.383005 320.383145 320.383206 320.383220 320.383223 320.383223 320.383223 320.383223 320.383223 320.383223 320.383223 320.383220 320.383206 320.383145 320.383005 320.383316 0.000000 0.000000
0.000000 0.000000 391.820425 391.820124 391.820256 391.820315 391.820329 391.820331 391.820331 391.820332 391.820332 391.820332 391.820331 391.820331 391.820329 391.820315 391.820256 391.820124 391.820425 0.000000 0.000000
0.000000 0.000000 459.841756 459.841460 459.841585 459.841642 459.841655 459.841658 459.841658 459.841658 459.841658 459.841658 459.841658 459.841658 459.841655 459.841642 459.841585 459.841460 459.841756 0.000000 0.000000
0.000000 0.000000 525.497432 525.497139 525.497259 525.497315 525.497328 525.497331 525.497331 525.497331 525.497331 525.497331 525.497331 525.497331 525.497328 525.497315 525.497259 525.497139 525.497432 0.000000 0.000000
0.000000 0.000000 589.629832 589.629538 589.629655 589.629710 589.629723 589.629726 589.629726 589.629726 589.629726 589.629726 589.629726 589.629726 589.629723 589.629710 589.629655 589.629538 589.629832 0.000000 0.000000
0.000000 0.000000 652.835987 652.835690 652.835806 652.835860 652.835874 652.835876 652.835877 652.835877 652.835877 652.835877 652.835877 652.835876 652.835874 652.835860 652.835806 652.835690 652.835987 0.000000 0.000000
0.000000 0.000000 714.716319 714.716022 714.716135 714.716188 714.716201 714.716204 714.716204 714.716204 714.716204 714.716204 714.716204 714.716204 714.716201 714.716188 714.716135 714.716022 714.716319 0.000000 0.000000
0.000000 0.000000 774.979052 774.978751 774.978862 774.978916 774.978929 774.978932 774.978932 774.978932 774.978932 774.978932 774.978932 774.978932 774.978929 774.978916 774.978862 774.978751 774.979052 0.000000 0.000000
0.000000 0.000000 834.671632 834.671337 834.671443 834.671495 834.671508 834.671510 834.671511 834.671511 834.671511 834.671511 834.671511 834.671510 834.671508 834.671495 834.671443 834.671337 834.671632 0.000000 0.000000
0.000000 0.000000 893.539202 893.538902 893.539008 893.539060 893.539073 893.539075 893.539076 893.539076 893.539076 893.539076 893.539076 893.539075 893.539073 893.539060 893.539008 893.538902 893.539201 0.000000 0.000000
0.000000 0.000000 951.718898 951.718456 951.718554 951.718604 951.718618 951.718620 951.718621 951.718621 951.718621 951.718621 951.718621 951.718620 951.718618 951.718604 951.718553 951.718450 951.718751 0.000000 0.000000
0.000000 0.000000 1011.912697 1011.930855 1011.930409 1011.930450 1011.930463 1011.930466 1011.930466 1011.930466 1011.930466 1011.930466 1011.930466 1011.930466 1011.930463 1011.930450 1011.930401 1011.930333 1011.930717 0.000000 0.000000
0.000000 0.000000 0.000000 0.000000 0.000000 0.000000 0.000000 0.000000 0.000000 0.000000 0.000000 0.000000 0.000000 0.000000 0.000000 0.000000 0.000000 0.000000 0.000000 0.000000 0.000000
0.000000 0.000000 0.000000 0.000000 0.000000 0.000000 0.000000 0.000000 0.000000 0.000000 0.000000 0.000000 0.000000 0.000000 0.000000 0.000000 0.000000 0.000000 0.000000 0.000000 0.000000