geotop/1.0zi/1.0Montebello/Templates/testdem/maps/_Erotot5745.asc
ncols         21
nrows         20
xllcorner     100.000000
yllcorner     100.000000
cellsize      50.000000
NODATA_value  -9999.0
0.000000 0.000000 0.000000 0.000000 0.000000 0.000000 0.000000 0.000000 0.000000 0.000000 0.000000 0.000000 0.000000 0.000000 0.000000 0.000000 0.000000 0.000000 0.000000 0.000000 0.000000
0.000000 0.000000 436.951922 436.155337 435.977937 435.770024 435.734893 435.840441 435.790314 435.964500 435.871418 435.668783 435.608472 435.687805 435.793286 435.694536 435.887544 436.080684 436.495551 0.000000 0.000000
0.000000 0.000000 32.989341 33.652599 33.941751 35.110036 34.855976 34.616433 34.438706 34.215421 34.426204 34.778984 34.595126 34.352467 34.806379 34.572377 33.744292 32.909655 32.312855 0.000000 0.000000
0.000000 0.000000 184.697788 186.036788 178.416613 175.641122 177.025252 171.970872 171.586539 171.137097 170.418228 168.040574 170.612173 168.751130 172.116387 177.706012 177.375166 180.612116 183.898800 0.000000 0.000000
0.000000 0.000000 1780.643395 1785.522402 1791.493205 1773.280046 1758.268877 1747.505195 1750.120413 1747.565478 1751.263286 1755.508004 1751.912262 1749.844863 1759.824866 1759.070370 1766.291901 1773.357767 1774.601270 0.000000 0.000000
0.000000 0.000000 3185.550985 3179.496409 3176.815706 3172.493981 3164.661170 3157.328897 3155.822102 3155.696550 3154.764240 3152.707438 3149.992802 3152.037070 3151.489731 3166.852636 3171.787811 3175.040268 3177.489096 0.000000 0.000000
0.000000 0.000000 4190.910741 4188.401977 4185.422702 4181.088638 4168.215422 4151.962586 4152.076075 4148.690618 4150.419666 4153.188564 4155.097876 4156.129603 4175.701313 4184.914362 4189.677076 4191.339449 4196.528836 0.000000 0.000000
0.000000 0.000000 4829.705979 4831.123794 4830.357870 4824.158392 4823.707019 4816.766975 4817.379589 4817.794482 4816.619268 4814.252273 4813.903764 4817.333528 4817.099302 4819.330816 4827.513607 4825.768107 4828.776536 0.000000 0.000000
0.000000 0.000000 5681.104469 5678.508259 5674.627849 5675.728601 5669.263058 5658.976633 5659.524447 5656.955940 5654.577378 5655.814872 5656.930891 5651.638702 5664.389043 5672.048121 5674.033572 5674.845797 5676.260162 0.000000 0.000000
0.000000 0.000000 6666.441229 6664.152108 6666.484437 6665.991948 6651.468686 6644.649394 6646.150939 6645.304114 6643.345392 6646.482944 6649.334900 6647.586441 6650.404805 6660.289194 6663.986743 6664.165344 6664.847403 0.000000 0.000000
0.000000 0.000000 7729.014076 7729.284346 7729.604302 7715.657037 7713.178926 7702.701304 7706.310114 7697.382445 7699.859665 7698.982703 7694.240744 7701.315387 7705.292627 7706.341258 7712.796850 7718.594484 7725.763182 0.000000 0.000000
0.000000 0.000000 8838.176358 8833.750505 8829.135973 8827.569454 8823.808899 8809.332838 8808.491737 8807.639584 8814.303211 8807.397807 8809.300420 8808.671134 8823.552454 8826.419449 8827.724559 8828.217205 8847.291118 0.000000 0.000000
0.000000 0.000000 9959.176477 9957.357445 9958.534683 9951.341017 9947.441861 9921.808659 9920.705148 9920.435569 9906.416304 9915.267460 9919.050478 9920.811602 9935.936928 9939.459676 9953.048513 9952.402274 9959.207286 0.000000 0.000000
0.000000 0.000000 11186.696557 11188.165881 11181.669927 11180.759073 11154.691265 11162.620669 11152.506373 11153.957185 11155.172993 11154.852473 11153.294036 11149.812993 11139.854404 11167.781338 11172.988798 11183.318226 11190.181260 0.000000 0.000000
0.000000 0.000000 12507.569195 12502.711856 12500.109319 12477.866869 12477.234430 12462.391649 12449.940532 12448.521909 12443.840902 12437.874806 12440.812244 12438.874632 12452.864742 12456.504383 12495.337229 12486.850804 12486.985174 0.000000 0.000000
0.000000 0.000000 13859.440007 13858.918544 13825.764321 13824.734072 13829.579939 13821.995110 13838.377477 13831.046480 13836.696298 13832.363118 13827.345795 13835.192915 13838.657546 13838.088531 13819.142350 13866.966387 13860.097232 0.000000 0.000000
0.000000 0.000000 15390.534248 15350.786078 15348.543313 15339.785832 15315.941800 15309.527182 15302.024292 15305.126807 15292.227773 15292.562319 15297.025627 15296.979471 15307.707429 15317.459589 15346.597854 15341.795031 15386.923159 0.000000 0.000000
0.000000 0.000000 16472.084091 16482.416219 16524.344684 16517.807189 16503.641817 16469.040423 16470.171572 16456.947733 16467.835405 16466.058358 16471.675114 16466.623426 16496.507196 16508.108403 16530.717592 16487.774944 16477.187735 0.000000 0.000000
0.000000 0.000000 0.000000 0.000000 0.000000 0.000000 0.000000 0.000000 0.000000 0.000000 0.000000 0.000000 0.000000 0.000000 0.000000 0.000000 0.000000 0.000000 0.000000 0.000000 0.000000
0.000000 0.000000 0.000000 0.000000 0.000000 0.000000 0.000000 0.000000 0.000000 0.000000 0.000000 0.000000 0.000000 0.000000 0.000000 0.000000 0.000000 0.000000 0.000000 0.000000 0.000000