geotop/1.0zi/1.0Montebello/Templates/testdem/maps/_Erotot4999.asc
ncols         21
nrows         20
xllcorner     100.000000
yllcorner     100.000000
cellsize      50.000000
NODATA_value  -9999.0
0.000000 0.000000 0.000000 0.000000 0.000000 0.000000 0.000000 0.000000 0.000000 0.000000 0.000000 0.000000 0.000000 0.000000 0.000000 0.000000 0.000000 0.000000 0.000000 0.000000 0.000000
0.000000 0.000000 367.428117 366.504482 366.220478 366.028420 365.999318 366.008916 366.049369 366.209986 366.163859 366.036168 366.116090 366.190485 366.070439 366.116905 366.303801 366.270950 366.840213 0.000000 0.000000
0.000000 0.000000 28.888980 29.836306 30.281688 31.322234 30.838025 30.955429 30.634162 30.428921 30.501556 30.843818 30.507232 30.303868 30.910833 30.531295 29.713224 29.106661 28.436455 0.000000 0.000000
0.000000 0.000000 151.077342 152.458043 145.194016 143.207635 144.413113 139.686752 138.923330 139.019475 137.624115 136.486730 137.598030 136.150830 138.748401 143.544420 143.048737 146.430413 149.144150 0.000000 0.000000
0.000000 0.000000 1517.433343 1521.437584 1526.867614 1509.130315 1497.953054 1489.665441 1492.231311 1486.763049 1490.599719 1494.744280 1495.096906 1495.404866 1504.682870 1503.854734 1510.508436 1515.930823 1517.732822 0.000000 0.000000
0.000000 0.000000 2802.643543 2797.059930 2793.137483 2790.043397 2783.585715 2780.263595 2777.641134 2779.489185 2778.903317 2776.180867 2772.586595 2774.480574 2774.509639 2787.663676 2791.534435 2791.830278 2794.735727 0.000000 0.000000
0.000000 0.000000 3578.697924 3574.079394 3569.237816 3565.339944 3554.228686 3538.493356 3539.857881 3536.510612 3539.359808 3538.485529 3541.401387 3543.675496 3558.587401 3567.935224 3574.126083 3578.120212 3581.707782 0.000000 0.000000
0.000000 0.000000 4146.341634 4146.424882 4147.038581 4142.415863 4140.392290 4135.404339 4136.107325 4136.459548 4133.787486 4134.545329 4133.584767 4132.771125 4136.352337 4139.911021 4142.040718 4141.779700 4143.045302 0.000000 0.000000
0.000000 0.000000 4856.319757 4855.951585 4853.203208 4850.750353 4845.868734 4837.014791 4837.321605 4835.571970 4835.831708 4836.297698 4835.696499 4836.702665 4842.290144 4850.387081 4850.402214 4852.201414 4855.980384 0.000000 0.000000
0.000000 0.000000 5688.379651 5686.390266 5686.485207 5682.347227 5672.991690 5667.675178 5669.341964 5668.519684 5668.384011 5668.203050 5667.503367 5666.252311 5674.108568 5681.111829 5683.422076 5684.758920 5686.189369 0.000000 0.000000
0.000000 0.000000 6570.363970 6568.307331 6566.739140 6564.342628 6561.061284 6550.118016 6550.451081 6548.011647 6547.867481 6548.739875 6547.945667 6548.244269 6553.770252 6556.841774 6561.686203 6564.103248 6567.254197 0.000000 0.000000
0.000000 0.000000 7490.470907 7489.490255 7486.827268 7479.685279 7474.271817 7465.732661 7464.756532 7464.497596 7464.358296 7463.290559 7463.248242 7463.553897 7473.290993 7479.677823 7483.146719 7484.663138 7502.053092 0.000000 0.000000
0.000000 0.000000 8419.798543 8417.627220 8415.213955 8412.069250 8403.795285 8382.957134 8383.272976 8381.559373 8381.203389 8381.641400 8380.374560 8381.339079 8399.151694 8407.833816 8411.196509 8413.078677 8415.487180 0.000000 0.000000
0.000000 0.000000 9416.025320 9412.609032 9410.283523 9405.963314 9383.878935 9392.287701 9386.244154 9385.441330 9385.604624 9385.701260 9384.792301 9385.014184 9379.169041 9399.943566 9404.002961 9409.834172 9409.767313 0.000000 0.000000
0.000000 0.000000 10482.046024 10477.066110 10471.899495 10456.763508 10453.716770 10436.662493 10428.234501 10426.599090 10421.794649 10421.258275 10422.853862 10420.852756 10432.708630 10441.123406 10465.248105 10460.914252 10462.378509 0.000000 0.000000
0.000000 0.000000 11550.708241 11549.955392 11526.135701 11529.695039 11528.359425 11527.162064 11530.383671 11530.641392 11533.492316 11533.044873 11529.886209 11536.064914 11533.990757 11532.766363 11520.128963 11548.132120 11553.225956 0.000000 0.000000
0.000000 0.000000 12767.156897 12738.193996 12729.124970 12719.910771 12702.571161 12695.202883 12693.368646 12692.610441 12688.088035 12688.179501 12689.121759 12686.253690 12692.281638 12711.391735 12726.586053 12727.139393 12756.152399 0.000000 0.000000
0.000000 0.000000 13654.431805 13659.297077 13685.119971 13674.016248 13666.164373 13638.644537 13636.830155 13633.949115 13635.876057 13635.333178 13633.858211 13636.312873 13662.547604 13672.353977 13685.646043 13655.821859 13656.872411 0.000000 0.000000
0.000000 0.000000 0.000000 0.000000 0.000000 0.000000 0.000000 0.000000 0.000000 0.000000 0.000000 0.000000 0.000000 0.000000 0.000000 0.000000 0.000000 0.000000 0.000000 0.000000 0.000000
0.000000 0.000000 0.000000 0.000000 0.000000 0.000000 0.000000 0.000000 0.000000 0.000000 0.000000 0.000000 0.000000 0.000000 0.000000 0.000000 0.000000 0.000000 0.000000 0.000000 0.000000