geotop/1.0zi/1.0Montebello/Templates/testdem/maps/_Erotot9493.asc
ncols         21
nrows         20
xllcorner     100.000000
yllcorner     100.000000
cellsize      50.000000
NODATA_value  -9999.0
0.000000 0.000000 0.000000 0.000000 0.000000 0.000000 0.000000 0.000000 0.000000 0.000000 0.000000 0.000000 0.000000 0.000000 0.000000 0.000000 0.000000 0.000000 0.000000 0.000000 0.000000
0.000000 0.000000 792.095965 792.192078 790.961067 790.497703 788.963314 788.470783 788.609239 788.634626 789.048520 788.428939 788.277579 788.315230 789.296093 789.944176 791.296558 792.535874 793.179454 0.000000 0.000000
0.000000 0.000000 59.383744 58.004144 58.355327 58.113953 58.829568 58.385994 57.990684 57.880395 58.048996 58.355364 58.437989 58.521721 58.414994 57.928878 56.840702 55.920519 56.792260 0.000000 0.000000
0.000000 0.000000 514.571474 518.321775 504.247783 498.656448 497.950080 490.287894 497.057413 499.150883 495.595488 495.823202 500.696834 500.091370 508.668064 517.239347 520.016305 518.329917 524.167034 0.000000 0.000000
0.000000 0.000000 4320.216679 4314.110826 4309.105665 4273.726088 4246.425753 4233.093883 4225.577924 4219.270060 4226.740371 4233.204927 4231.371045 4226.497109 4246.204636 4252.565001 4270.605617 4281.461914 4282.504761 0.000000 0.000000
0.000000 0.000000 6529.503310 6524.111923 6519.108324 6521.785834 6496.873833 6484.660474 6488.267981 6487.530008 6482.996750 6476.677026 6475.185416 6479.672297 6479.774788 6506.260614 6506.741224 6514.605791 6516.906526 0.000000 0.000000
0.000000 0.000000 8023.094020 8017.922759 8013.882426 8001.991578 7994.112865 7955.655087 7958.729397 7956.098355 7955.454518 7959.962063 7960.757696 7962.458400 7996.110676 8001.314846 8011.079818 8013.910967 8019.263739 0.000000 0.000000
0.000000 0.000000 9586.825412 9584.191062 9578.810982 9565.922946 9558.028872 9554.834197 9554.915899 9552.951334 9552.902758 9548.904142 9548.041236 9555.409104 9553.877751 9564.305518 9579.631510 9577.149097 9583.563754 0.000000 0.000000
0.000000 0.000000 11587.399753 11582.314678 11574.823044 11571.143533 11553.885408 11531.603861 11535.145332 11530.917742 11527.405272 11527.145605 11530.386361 11524.282398 11550.201847 11565.159447 11567.783677 11571.468123 11574.324659 0.000000 0.000000
0.000000 0.000000 13917.088878 13909.674134 13906.175090 13898.138053 13873.539880 13859.242861 13859.251964 13857.523691 13853.154858 13857.921100 13861.512219 13861.387825 13869.212563 13890.237978 13899.149397 13903.218140 13902.991835 0.000000 0.000000
0.000000 0.000000 16519.150883 16516.691700 16514.304594 16481.797974 16474.749882 16449.812972 16458.820861 16441.123216 16446.967551 16443.086576 16435.404246 16447.409155 16463.055040 16467.996040 16484.274865 16489.774309 16506.552877 0.000000 0.000000
0.000000 0.000000 19430.662076 19418.689162 19400.296218 19398.597709 19379.162443 19350.829824 19350.538021 19352.617768 19359.897733 19344.772221 19353.667863 19351.254730 19380.543663 19395.684889 19397.812914 19403.443697 19430.318639 0.000000 0.000000
0.000000 0.000000 22534.331554 22526.851458 22529.429196 22500.201832 22488.216359 22408.886371 22406.363572 22405.237296 22370.435088 22393.574714 22396.324340 22405.102764 22462.452610 22473.286591 22506.983932 22507.459872 22513.301678 0.000000 0.000000
0.000000 0.000000 26231.106535 26232.716991 26206.244968 26197.690902 26090.700024 26143.966194 26119.547875 26121.342412 26139.674004 26124.017556 26122.767332 26109.991480 26058.351357 26179.238084 26180.684194 26211.549148 26226.482672 0.000000 0.000000
0.000000 0.000000 30243.930609 30228.818933 30210.572269 30087.501322 30148.957951 30071.165203 30049.102643 30042.984353 30014.572299 30002.975676 30016.649510 30019.071237 30094.225819 30032.423254 30206.658782 30161.924425 30152.421661 0.000000 0.000000
0.000000 0.000000 33844.557535 33839.013917 33690.967047 33778.626750 33759.021248 33767.895614 33845.101413 33823.290130 33862.097454 33855.062878 33827.021761 33864.494731 33842.119917 33861.740030 33671.642638 33906.829210 33897.687298 0.000000 0.000000
0.000000 0.000000 37169.496259 37029.803393 37102.402575 37038.489651 36964.580346 36945.480217 36890.137451 36906.430844 36853.321253 36861.083086 36890.998191 36861.736507 36901.753069 36947.597042 37097.803201 36960.974864 37109.998599 0.000000 0.000000
0.000000 0.000000 38041.470023 38141.348047 38234.776768 38230.695073 38231.261884 38150.302093 38164.113759 38136.843972 38177.569937 38170.302249 38168.967011 38175.646225 38239.794635 38242.216773 38247.471454 38166.418584 38067.867682 0.000000 0.000000
0.000000 0.000000 0.000000 0.000000 0.000000 0.000000 0.000000 0.000000 0.000000 0.000000 0.000000 0.000000 0.000000 0.000000 0.000000 0.000000 0.000000 0.000000 0.000000 0.000000 0.000000
0.000000 0.000000 0.000000 0.000000 0.000000 0.000000 0.000000 0.000000 0.000000 0.000000 0.000000 0.000000 0.000000 0.000000 0.000000 0.000000 0.000000 0.000000 0.000000 0.000000 0.000000