geotop/1.0zi/1.0Montebello/Templates/testdem/maps/_Erotot9889.asc
ncols         21
nrows         20
xllcorner     100.000000
yllcorner     100.000000
cellsize      50.000000
NODATA_value  -9999.0
0.000000 0.000000 0.000000 0.000000 0.000000 0.000000 0.000000 0.000000 0.000000 0.000000 0.000000 0.000000 0.000000 0.000000 0.000000 0.000000 0.000000 0.000000 0.000000 0.000000 0.000000
0.000000 0.000000 822.476781 822.621036 821.429931 821.025913 819.385670 818.917576 819.101125 819.092166 819.490952 818.929235 818.740710 818.784275 819.766217 820.375237 821.731656 822.907488 823.579966 0.000000 0.000000
0.000000 0.000000 62.238802 60.903220 61.210082 60.953700 61.783511 61.319147 60.880428 60.799778 60.985422 61.145943 61.362871 61.421799 61.288964 60.772082 59.725051 58.851309 59.615404 0.000000 0.000000
0.000000 0.000000 537.304366 541.124031 526.693192 519.227888 518.624851 510.599855 517.668362 519.616523 515.714923 516.632263 520.928798 520.345116 529.174936 539.729900 542.644248 541.186628 546.630330 0.000000 0.000000
0.000000 0.000000 4537.260574 4530.849099 4527.042416 4488.120444 4462.035421 4446.507432 4438.963556 4432.601603 4438.594654 4444.181173 4444.138361 4437.801812 4458.788363 4465.351210 4484.397849 4495.640343 4496.825935 0.000000 0.000000
0.000000 0.000000 6842.933387 6836.395169 6831.039827 6832.926958 6803.822789 6790.413593 6794.518450 6793.608717 6787.489993 6780.697882 6778.294961 6782.524133 6785.187707 6812.819672 6812.967019 6820.285062 6821.971165 0.000000 0.000000
0.000000 0.000000 8402.753661 8396.473863 8392.695937 8379.586980 8373.274408 8335.375832 8334.874150 8331.485398 8329.923944 8333.896864 8334.325682 8335.405897 8371.488993 8375.649807 8385.365282 8388.325449 8393.448402 0.000000 0.000000
0.000000 0.000000 10072.275863 10068.062595 10061.047215 10045.058095 10034.238601 10030.666099 10031.133196 10028.681950 10027.411770 10023.360282 10022.652170 10029.670925 10028.376368 10040.196506 10056.109732 10053.654287 10059.898022 0.000000 0.000000
0.000000 0.000000 12202.097007 12195.460831 12186.118674 12180.052308 12162.093435 12138.519345 12141.813141 12137.421893 12133.018630 12132.402463 12135.672328 12128.883272 12156.900381 12172.896395 12175.793517 12179.596221 12182.064141 0.000000 0.000000
0.000000 0.000000 14699.938950 14689.228635 14684.668632 14674.959677 14658.707740 14638.076835 14636.951069 14634.522498 14628.637360 14633.011506 14636.332273 14635.310617 14644.991221 14667.280563 14675.960207 14680.062270 14679.269782 0.000000 0.000000
0.000000 0.000000 17506.317783 17500.684841 17496.530101 17460.068863 17459.378959 17429.132927 17437.810351 17418.635943 17423.469919 17418.887360 17410.540305 17422.290707 17440.067314 17445.910943 17462.497783 17465.818218 17484.894926 0.000000 0.000000
0.000000 0.000000 20670.918855 20654.424932 20632.929933 20629.863625 20616.500379 20581.219460 20579.520809 20581.356098 20587.288963 20570.562979 20579.165761 20575.195780 20608.090340 20625.099579 20627.411037 20633.697908 20660.676422 0.000000 0.000000
0.000000 0.000000 24055.752307 24043.839535 24045.310896 24021.260145 24000.333689 23916.427628 23910.691486 23907.508312 23865.777976 23893.498777 23894.718885 23903.075305 23967.410095 23977.522405 24015.832058 24015.115487 24019.290808 0.000000 0.000000
0.000000 0.000000 28092.689446 28091.290959 28059.340003 28043.185862 27927.770213 27994.597495 27964.958143 27965.946197 27986.965968 27966.273307 27964.182804 27948.012881 27883.954281 28019.816591 28018.682335 28052.134600 28068.360961 0.000000 0.000000
0.000000 0.000000 32309.164705 32296.116702 32276.377532 32143.307881 32223.512509 32131.962560 32112.007128 32103.440530 32070.550858 32059.352647 32073.737645 32076.117710 32158.930847 32074.423425 32261.662427 32211.480224 32198.952420 0.000000 0.000000
0.000000 0.000000 35747.201599 35739.417466 35600.649567 35691.878511 35667.480726 35679.559802 35751.635800 35731.111109 35767.763927 35761.376408 35733.947269 35768.084257 35742.918763 35772.419482 35580.279412 35804.549088 35795.727475 0.000000 0.000000
0.000000 0.000000 38598.047304 38487.927197 38546.359231 38498.182764 38439.613274 38437.443112 38395.438574 38408.409268 38367.233947 38373.469118 38395.961822 38374.264655 38394.089774 38427.722453 38540.602652 38434.515584 38551.682283 0.000000 0.000000
0.000000 0.000000 39515.160811 39582.713411 39666.300044 39659.939231 39655.824602 39589.990218 39597.392501 39577.369703 39604.165324 39599.312067 39600.750305 39602.115971 39656.846870 39662.968715 39673.936376 39594.465873 39528.434069 0.000000 0.000000
0.000000 0.000000 0.000000 0.000000 0.000000 0.000000 0.000000 0.000000 0.000000 0.000000 0.000000 0.000000 0.000000 0.000000 0.000000 0.000000 0.000000 0.000000 0.000000 0.000000 0.000000
0.000000 0.000000 0.000000 0.000000 0.000000 0.000000 0.000000 0.000000 0.000000 0.000000 0.000000 0.000000 0.000000 0.000000 0.000000 0.000000 0.000000 0.000000 0.000000 0.000000 0.000000