geotop/1.0zi/1.0Montebello/Templates/testdem/maps/_Erotot1734.asc
ncols         21
nrows         20
xllcorner     100.000000
yllcorner     100.000000
cellsize      50.000000
NODATA_value  -9999.0
0.000000 0.000000 0.000000 0.000000 0.000000 0.000000 0.000000 0.000000 0.000000 0.000000 0.000000 0.000000 0.000000 0.000000 0.000000 0.000000 0.000000 0.000000 0.000000 0.000000 0.000000
0.000000 0.000000 187.671418 187.673383 187.709822 187.693946 187.661349 187.673712 187.675732 187.668168 187.669221 187.668168 187.675732 187.673712 187.661349 187.693946 187.709822 187.673383 187.671418 0.000000 0.000000
0.000000 0.000000 10.127599 9.907281 8.129191 9.978494 10.173169 10.152974 10.161951 10.171958 10.169469 10.171958 10.161951 10.152974 10.173169 9.978494 8.129191 9.907281 10.127599 0.000000 0.000000
0.000000 0.000000 1316.706175 1316.494691 1316.689319 1314.735384 1317.011754 1316.596441 1316.545501 1317.138299 1317.093447 1317.138299 1316.545501 1316.596441 1317.011754 1314.735384 1316.689319 1316.494691 1316.706175 0.000000 0.000000
0.000000 0.000000 2531.280211 2531.067817 2530.469447 2531.160617 2531.618757 2531.422953 2531.378723 2531.531420 2531.485073 2531.531420 2531.378723 2531.422953 2531.618757 2531.160617 2530.469447 2531.067817 2531.280211 0.000000 0.000000
0.000000 0.000000 3305.868929 3305.700897 3305.094226 3305.297416 3306.188506 3305.940983 3305.915009 3306.153084 3306.129242 3306.153084 3305.915009 3305.940983 3306.188506 3305.297416 3305.094226 3305.700897 3305.868929 0.000000 0.000000
0.000000 0.000000 4309.678175 4309.543291 4308.981673 4309.178974 4309.942846 4309.731609 4309.716333 4309.913415 4309.893355 4309.913415 4309.716333 4309.731609 4309.942846 4309.178974 4308.981673 4309.543291 4309.678175 0.000000 0.000000
0.000000 0.000000 5261.847850 5261.736539 5261.209606 5261.403366 5262.070767 5261.890140 5261.876777 5262.048845 5262.029784 5262.048845 5261.876777 5261.890140 5262.070767 5261.403366 5261.209606 5261.736539 5261.847850 0.000000 0.000000
0.000000 0.000000 6160.069440 6159.966504 6159.461939 6159.649031 6160.273237 6160.105565 6160.093788 6160.256281 6160.238658 6160.256281 6160.093788 6160.105565 6160.273237 6159.649031 6159.461939 6159.966504 6160.069440 0.000000 0.000000
0.000000 0.000000 7015.299773 7015.223570 7014.727429 7014.949579 7015.485557 7015.336744 7015.331803 7015.475979 7015.458345 7015.475979 7015.331803 7015.336744 7015.485557 7014.949579 7014.727429 7015.223570 7015.299773 0.000000 0.000000
0.000000 0.000000 7831.558534 7831.472957 7830.993494 7831.187894 7831.739763 7831.589421 7831.581474 7831.726929 7831.708421 7831.726929 7831.581474 7831.589421 7831.739763 7831.187894 7830.993494 7831.472957 7831.558534 0.000000 0.000000
0.000000 0.000000 8617.450089 8617.362138 8616.896412 8617.080425 8617.622520 8617.476805 8617.469607 8617.612464 8617.595188 8617.612464 8617.469607 8617.476805 8617.622520 8617.080425 8616.896412 8617.362138 8617.450089 0.000000 0.000000
0.000000 0.000000 9380.897727 9380.812466 9380.350976 9380.535115 9381.061782 9380.918993 9380.912387 9381.052285 9381.034503 9381.052285 9380.912387 9380.918993 9381.061782 9380.535115 9380.350976 9380.812466 9380.897727 0.000000 0.000000
0.000000 0.000000 10122.458458 10122.379759 10121.924550 10122.127082 10122.618163 10122.480390 10122.476259 10122.610790 10122.592619 10122.610790 10122.476259 10122.480390 10122.618163 10122.127082 10121.924550 10122.379759 10122.458458 0.000000 0.000000
0.000000 0.000000 10845.373666 10845.292082 10844.836617 10845.027607 10845.527610 10845.389757 10845.384618 10845.520278 10845.501723 10845.520278 10845.384618 10845.389757 10845.527610 10845.027607 10844.836617 10845.292082 10845.373666 0.000000 0.000000
0.000000 0.000000 11552.310401 11552.229825 11551.784149 11551.967270 11552.457783 11552.323512 11552.318526 11552.450850 11552.432566 11552.450850 11552.318526 11552.323512 11552.457783 11551.967270 11551.784149 11552.229825 11552.310397 0.000000 0.000000
0.000000 0.000000 12243.830634 12243.750709 12243.303531 12243.489366 12243.975188 12243.840284 12243.835200 12243.965956 12243.946879 12243.965956 12243.835200 12243.840284 12243.975188 12243.489366 12243.303530 12243.750689 12243.830270 0.000000 0.000000
0.000000 0.000000 12953.153977 12953.403644 12952.962993 12953.140278 12953.626395 12953.490860 12953.485871 12953.618204 12953.599008 12953.618204 12953.485871 12953.490860 12953.626395 12953.140277 12952.962974 12953.400350 12953.479989 0.000000 0.000000
0.000000 0.000000 0.000000 0.000000 0.000000 0.000000 0.000000 0.000000 0.000000 0.000000 0.000000 0.000000 0.000000 0.000000 0.000000 0.000000 0.000000 0.000000 0.000000 0.000000 0.000000
0.000000 0.000000 0.000000 0.000000 0.000000 0.000000 0.000000 0.000000 0.000000 0.000000 0.000000 0.000000 0.000000 0.000000 0.000000 0.000000 0.000000 0.000000 0.000000 0.000000 0.000000