geotop/1.0zi/1.0Montebello/Templates/testdem/maps/_Erotot5353.asc
ncols         21
nrows         20
xllcorner     100.000000
yllcorner     100.000000
cellsize      50.000000
NODATA_value  -9999.0
0.000000 0.000000 0.000000 0.000000 0.000000 0.000000 0.000000 0.000000 0.000000 0.000000 0.000000 0.000000 0.000000 0.000000 0.000000 0.000000 0.000000 0.000000 0.000000 0.000000 0.000000
0.000000 0.000000 394.765806 393.973577 393.819763 393.617517 393.590494 393.667628 393.623963 393.794771 393.711019 393.492220 393.468495 393.513495 393.627455 393.514631 393.717415 393.900096 394.299611 0.000000 0.000000
0.000000 0.000000 30.798365 31.520238 31.742009 32.923585 32.663434 32.522314 32.335907 32.118841 32.248936 32.625643 32.392141 32.257746 32.649968 32.439180 31.599235 30.722839 30.085720 0.000000 0.000000
0.000000 0.000000 153.052757 154.521558 147.555866 144.790673 146.583596 141.362251 140.771814 141.159350 139.813255 138.471297 140.011843 138.074292 140.801847 145.583657 145.096432 148.508485 151.259901 0.000000 0.000000
0.000000 0.000000 1571.066226 1576.408808 1582.890363 1565.593275 1551.055160 1540.478697 1543.197943 1540.461177 1544.039798 1548.281760 1545.137073 1542.908153 1553.081085 1551.616977 1558.735904 1565.428344 1566.259629 0.000000 0.000000
0.000000 0.000000 2911.844688 2905.848970 2903.249434 2899.235640 2893.117782 2888.857351 2886.416848 2886.814379 2886.380985 2884.025114 2882.050048 2884.639383 2883.278311 2897.647702 2902.829310 2906.073572 2908.574079 0.000000 0.000000
0.000000 0.000000 3829.078386 3826.475604 3823.509594 3819.197818 3806.694094 3790.290748 3790.819716 3787.270319 3788.986919 3792.014370 3793.651292 3794.653141 3813.071941 3821.996474 3826.539966 3827.895556 3832.859400 0.000000 0.000000
0.000000 0.000000 4414.500177 4416.040822 4415.538437 4409.682202 4409.555627 4403.257863 4403.771757 4404.318843 4403.088145 4400.851815 4400.550144 4403.854500 4403.151414 4404.974752 4412.862263 4411.066593 4413.647622 0.000000 0.000000
0.000000 0.000000 5182.690371 5180.342666 5176.728269 5178.058102 5172.205536 5162.729524 5163.072211 5160.708845 5158.317083 5159.694941 5160.776766 5155.679088 5167.698700 5174.830421 5176.692545 5177.232237 5178.372627 0.000000 0.000000
0.000000 0.000000 6075.899595 6073.714705 6076.235292 6076.051179 6062.452258 6056.284851 6057.764598 6056.936513 6055.134286 6058.229139 6061.163577 6059.462899 6061.823130 6070.902504 6074.523786 6074.469328 6074.928466 0.000000 0.000000
0.000000 0.000000 7037.789078 7038.106319 7038.629455 7025.420525 7023.428134 7014.072772 7017.356121 7008.868328 7011.172545 7010.528872 7006.019144 7012.978033 7016.142186 7016.818360 7022.909769 7028.573193 7035.114585 0.000000 0.000000
0.000000 0.000000 8036.979621 8032.856539 8028.816401 8027.379494 8024.625208 8011.011541 8010.346519 8009.415980 8015.992002 8009.508446 8011.208515 8010.663909 8024.798433 8026.716218 8028.076321 8028.193048 8046.646250 0.000000 0.000000
0.000000 0.000000 9041.478206 9039.808377 9041.097673 9034.560091 9031.349773 9008.673112 9007.514647 9007.365135 8993.937346 9002.457247 9006.395088 9008.148596 9020.712758 9023.816370 9036.700139 9036.021070 9042.187832 0.000000 0.000000
0.000000 0.000000 10135.314806 10136.801129 10130.850787 10130.292911 10107.747745 10115.491735 10105.691028 10107.187941 10108.262537 10108.243147 10106.768488 10103.590804 10093.981957 10118.296572 10123.382104 10132.932968 10139.429613 0.000000 0.000000
0.000000 0.000000 11305.555854 11301.359684 11298.969465 11280.444089 11280.202664 11266.916007 11254.960572 11253.794240 11249.561284 11244.115406 11246.807205 11245.102012 11257.681031 11260.932547 11295.714343 11287.751641 11287.635694 0.000000 0.000000
0.000000 0.000000 12497.541978 12496.928908 12469.110309 12467.134669 12471.953556 12465.294251 12479.803214 12472.986922 12477.817676 12473.858899 12469.873835 12476.797864 12479.717830 12479.305783 12463.401809 12504.349550 12497.461822 0.000000 0.000000
0.000000 0.000000 13835.857345 13803.576011 13801.026844 13793.912088 13773.766222 13768.877217 13762.388392 13765.301241 13754.100338 13754.407246 13757.911627 13758.868182 13767.675252 13774.774901 13800.097558 13797.428375 13834.582228 0.000000 0.000000
0.000000 0.000000 14812.674888 14818.668183 14852.933751 14847.352067 14838.927966 14810.808360 14811.566491 14799.790915 14808.771962 14807.517806 14813.041578 14807.857028 14832.136504 14838.310520 14859.028912 14823.263355 14816.663636 0.000000 0.000000
0.000000 0.000000 0.000000 0.000000 0.000000 0.000000 0.000000 0.000000 0.000000 0.000000 0.000000 0.000000 0.000000 0.000000 0.000000 0.000000 0.000000 0.000000 0.000000 0.000000 0.000000
0.000000 0.000000 0.000000 0.000000 0.000000 0.000000 0.000000 0.000000 0.000000 0.000000 0.000000 0.000000 0.000000 0.000000 0.000000 0.000000 0.000000 0.000000 0.000000 0.000000 0.000000