geotop/1.0zi/1.0Montebello/Templates/testdem/maps/_Erotot9973.asc
ncols         21
nrows         20
xllcorner     100.000000
yllcorner     100.000000
cellsize      50.000000
NODATA_value  -9999.0
0.000000 0.000000 0.000000 0.000000 0.000000 0.000000 0.000000 0.000000 0.000000 0.000000 0.000000 0.000000 0.000000 0.000000 0.000000 0.000000 0.000000 0.000000 0.000000 0.000000 0.000000
0.000000 0.000000 828.730207 828.881639 827.689521 827.284798 825.670207 825.176563 825.358745 825.349545 825.748367 825.188155 824.999685 825.042048 826.051517 826.633845 827.991180 829.167819 829.867964 0.000000 0.000000
0.000000 0.000000 62.054380 60.731552 61.087920 60.817176 61.664474 61.208413 60.777747 60.694413 60.878052 61.058476 61.250675 61.305891 61.158560 60.643934 59.623345 58.741952 59.472146 0.000000 0.000000
0.000000 0.000000 543.204258 546.853517 531.906791 523.436716 522.688359 514.744498 521.952483 523.867890 519.562689 520.865364 525.224280 524.619497 533.363106 544.062182 546.782008 545.117726 550.521149 0.000000 0.000000
0.000000 0.000000 4615.838925 4609.446556 4605.378583 4564.070233 4537.853456 4522.071495 4514.204787 4509.327211 4513.991154 4519.536880 4519.349853 4513.070468 4534.421738 4540.731231 4560.214893 4572.166570 4572.950710 0.000000 0.000000
0.000000 0.000000 6922.197795 6915.613955 6909.976012 6911.252023 6881.926657 6868.429353 6872.480689 6871.681745 6865.339456 6858.655775 6856.219020 6860.466398 6863.238302 6890.912116 6891.197640 6898.712620 6900.227742 0.000000 0.000000
0.000000 0.000000 8503.627994 8497.268596 8493.170366 8478.760841 8472.263940 8434.150028 8433.580774 8430.728471 8428.509587 8432.604916 8432.984598 8434.075246 8470.415357 8474.580347 8484.438939 8487.635153 8492.558125 0.000000 0.000000
0.000000 0.000000 10207.025290 10202.723620 10195.325711 10177.896515 10166.865676 10163.067410 10163.455697 10161.564088 10159.594375 10155.665526 10154.904982 10161.955956 10160.927605 10172.746224 10188.871609 10186.667945 10192.699569 0.000000 0.000000
0.000000 0.000000 12377.335359 12370.580737 12360.809702 12353.243051 12335.015630 12311.191593 12314.417202 12310.601482 12305.427041 12304.948764 12308.192974 12301.381644 12329.725311 12345.789264 12348.878418 12352.954864 12355.204036 0.000000 0.000000
0.000000 0.000000 14922.610090 14911.758046 14906.825116 14895.381922 14878.810515 14857.963873 14856.758796 14854.970710 14848.127584 14852.698876 14856.093373 14854.968100 14864.917091 14887.458875 14896.376694 14900.669993 14899.716266 0.000000 0.000000
0.000000 0.000000 17789.077909 17783.290113 17778.677389 17739.984465 17739.113452 17708.475373 17717.173761 17698.488635 17702.426570 17697.937224 17689.480005 17701.359695 17719.535334 17725.401552 17742.350081 17745.991499 17765.030168 0.000000 0.000000
0.000000 0.000000 21028.006287 21011.157326 20988.811982 20983.875288 20970.010700 20934.161041 20932.236194 20935.106681 20940.043287 20923.248377 20932.031690 20927.868597 20961.534529 20978.813868 20981.298420 20987.952037 21014.991810 0.000000 0.000000
0.000000 0.000000 24494.499211 24482.381730 24483.565821 24457.406936 24435.526481 24349.407375 24343.501891 24341.002197 24297.139314 24325.955306 24326.999651 24335.645388 24401.732115 24411.894575 24451.284008 24450.908224 24454.307899 0.000000 0.000000
0.000000 0.000000 28620.284384 28619.018762 28585.460275 28567.162697 28448.307711 28518.331475 28487.931272 28490.059320 28511.519660 28489.643257 28487.865857 28470.679519 28404.625105 28543.529327 28541.906983 28576.550501 28592.748504 0.000000 0.000000
0.000000 0.000000 32866.886691 32853.687997 32834.360371 32697.762070 32781.545138 32687.841568 32668.234748 32660.460070 32625.065592 32615.074621 32628.969472 32632.331387 32716.635836 32628.911678 32818.154739 32767.275904 32753.895204 0.000000 0.000000
0.000000 0.000000 36223.648798 36216.116770 36081.731228 36169.954678 36145.641258 36158.194389 36228.227025 36208.884509 36243.895622 36237.962419 36211.284904 36244.291368 36219.219777 36248.534630 36060.747879 36278.404340 36269.508044 0.000000 0.000000
0.000000 0.000000 38939.719681 38837.910930 38890.671589 38847.099793 38792.303802 38791.218490 38753.193421 38765.419799 38727.474344 38733.326808 38753.608706 38734.301128 38751.856554 38782.777905 38884.584456 38789.096420 38897.293506 0.000000 0.000000
0.000000 0.000000 39858.463096 39920.046625 39996.241411 39990.438510 39985.901743 39925.763269 39932.588332 39914.174909 39938.431140 39934.137875 39935.767656 39936.529505 39986.503451 39992.874748 40002.580995 39929.890790 39869.659658 0.000000 0.000000
0.000000 0.000000 0.000000 0.000000 0.000000 0.000000 0.000000 0.000000 0.000000 0.000000 0.000000 0.000000 0.000000 0.000000 0.000000 0.000000 0.000000 0.000000 0.000000 0.000000 0.000000
0.000000 0.000000 0.000000 0.000000 0.000000 0.000000 0.000000 0.000000 0.000000 0.000000 0.000000 0.000000 0.000000 0.000000 0.000000 0.000000 0.000000 0.000000 0.000000 0.000000 0.000000