geotop/1.0zi/1.0Montebello/Templates/testdem/maps/_Erotot2383.asc
ncols         21
nrows         20
xllcorner     100.000000
yllcorner     100.000000
cellsize      50.000000
NODATA_value  -9999.0
0.000000 0.000000 0.000000 0.000000 0.000000 0.000000 0.000000 0.000000 0.000000 0.000000 0.000000 0.000000 0.000000 0.000000 0.000000 0.000000 0.000000 0.000000 0.000000 0.000000 0.000000
0.000000 0.000000 222.865717 222.867426 222.875150 222.987796 222.857453 222.862707 222.841926 222.875875 222.853004 222.875875 222.841926 222.862707 222.857453 222.987796 222.875150 222.867426 222.865717 0.000000 0.000000
0.000000 0.000000 13.721395 13.500635 11.746152 13.473194 13.764872 13.750289 13.779217 13.750653 13.767995 13.750653 13.779217 13.750289 13.764872 13.473194 11.746152 13.500635 13.721395 0.000000 0.000000
0.000000 0.000000 1620.119966 1619.798962 1620.135144 1618.264448 1620.271166 1619.711825 1619.709811 1620.530720 1620.667691 1620.530720 1619.709811 1619.711825 1620.271166 1618.264448 1620.135144 1619.798962 1620.119966 0.000000 0.000000
0.000000 0.000000 3357.468180 3357.296126 3356.632984 3357.223406 3357.770946 3357.631425 3357.593723 3357.744184 3357.706053 3357.744184 3357.593723 3357.631425 3357.770946 3357.223406 3356.632984 3357.296126 3357.468180 0.000000 0.000000
0.000000 0.000000 4350.259847 4350.053061 4349.489311 4349.640579 4350.456544 4350.161608 4350.181325 4350.524372 4350.608317 4350.524372 4350.181325 4350.161608 4350.456544 4349.640579 4349.489311 4350.053061 4350.259847 0.000000 0.000000
0.000000 0.000000 5684.740816 5684.568704 5684.051751 5684.193404 5684.891070 5684.635803 5684.661122 5684.966056 5685.059474 5684.966056 5684.661122 5684.635803 5684.891070 5684.193404 5684.051751 5684.568704 5684.740816 0.000000 0.000000
0.000000 0.000000 6947.278137 6947.133507 6946.651404 6946.796067 6947.396892 6947.177124 6947.199838 6947.473408 6947.563419 6947.473408 6947.199838 6947.177124 6947.396892 6946.796067 6946.651404 6947.133507 6947.278137 0.000000 0.000000
0.000000 0.000000 8128.514966 8128.382388 8127.923744 8128.068314 8128.621751 8128.418777 8128.440103 8128.697721 8128.784025 8128.697721 8128.440103 8128.418777 8128.621751 8128.068314 8127.923744 8128.382388 8128.514966 0.000000 0.000000
0.000000 0.000000 9243.497278 9243.393349 9242.944952 9243.128555 9243.591334 9243.409580 9243.435567 9243.670287 9243.752329 9243.670287 9243.435567 9243.409580 9243.591334 9243.128555 9242.944952 9243.393349 9243.497278 0.000000 0.000000
0.000000 0.000000 10298.841995 10298.731213 10298.302192 10298.461742 10298.935416 10298.754125 10298.775997 10299.007797 10299.085283 10299.007797 10298.775997 10298.754125 10298.935416 10298.461742 10298.302192 10298.731213 10298.841995 0.000000 0.000000
0.000000 0.000000 11308.197449 11308.086187 11307.672703 11307.826441 11308.286061 11308.112009 11308.132644 11308.357133 11308.433270 11308.357133 11308.132644 11308.112009 11308.286061 11307.826441 11307.672703 11308.086187 11308.197449 0.000000 0.000000
0.000000 0.000000 12280.296103 12280.189563 12279.782164 12279.937626 12280.378062 12280.208310 12280.229047 12280.447978 12280.521250 12280.447978 12280.229047 12280.208310 12280.378062 12279.937626 12279.782164 12280.189563 12280.296103 0.000000 0.000000
0.000000 0.000000 13221.046293 13220.947486 13220.548783 13220.723103 13221.126043 13220.962841 13220.985203 13221.196104 13221.267525 13221.196104 13220.985203 13220.962841 13221.126043 13220.723103 13220.548783 13220.947486 13221.046293 0.000000 0.000000
0.000000 0.000000 14132.747367 14132.646676 14132.251096 14132.414504 14132.823025 14132.661005 14132.682011 14132.891470 14132.960961 14132.891470 14132.682011 14132.661005 14132.823025 14132.414504 14132.251096 14132.646676 14132.747367 0.000000 0.000000
0.000000 0.000000 15015.728646 15015.630074 15015.245373 15015.402102 15015.798658 15015.641251 15015.662086 15015.866306 15015.934308 15015.866306 15015.662086 15015.641251 15015.798658 15015.402102 15015.245373 15015.630073 15015.728642 0.000000 0.000000
0.000000 0.000000 15873.384980 15873.287864 15872.904748 15873.064753 15873.452968 15873.297227 15873.317506 15873.517346 15873.583306 15873.517346 15873.317506 15873.297227 15873.452968 15873.064753 15872.904748 15873.287842 15873.384534 0.000000 0.000000
0.000000 0.000000 16742.312384 16742.596503 16742.219703 16742.375538 16742.759864 16742.607069 16742.625409 16742.822205 16742.885622 16742.822205 16742.625409 16742.607069 16742.759864 16742.375537 16742.219684 16742.592988 16742.686932 0.000000 0.000000
0.000000 0.000000 0.000000 0.000000 0.000000 0.000000 0.000000 0.000000 0.000000 0.000000 0.000000 0.000000 0.000000 0.000000 0.000000 0.000000 0.000000 0.000000 0.000000 0.000000 0.000000
0.000000 0.000000 0.000000 0.000000 0.000000 0.000000 0.000000 0.000000 0.000000 0.000000 0.000000 0.000000 0.000000 0.000000 0.000000 0.000000 0.000000 0.000000 0.000000 0.000000 0.000000