geotop/1.0zi/1.0Montebello/Templates/testdem/maps/_Erotot173k.asc
ncols         21
nrows         20
xllcorner     100.000000
yllcorner     100.000000
cellsize      50.000000
NODATA_value  -9999.0
0.000000 0.000000 0.000000 0.000000 0.000000 0.000000 0.000000 0.000000 0.000000 0.000000 0.000000 0.000000 0.000000 0.000000 0.000000 0.000000 0.000000 0.000000 0.000000 0.000000 0.000000
0.000000 0.000000 985.628420 984.979067 983.613930 981.697589 980.328478 979.509102 979.990339 980.672111 980.580093 979.765546 979.715237 979.797578 981.404453 981.926023 984.741432 985.414766 986.004311 0.000000 0.000000
0.000000 0.000000 68.734679 69.738711 68.253201 71.228669 70.518678 69.827623 70.173141 69.001478 69.923358 72.155810 69.902778 69.966093 69.483510 69.009655 66.772514 66.054658 69.090688 0.000000 0.000000
0.000000 0.000000 932.582595 939.747028 919.120298 908.633688 912.805716 901.939936 901.163097 902.583077 896.126237 897.080243 902.097634 905.574493 909.152101 921.266112 928.596155 929.146992 933.584992 0.000000 0.000000
0.000000 0.000000 6240.148617 6222.538878 6223.221979 6179.176990 6144.616867 6127.933813 6121.779111 6114.863077 6121.737627 6128.539135 6130.428818 6119.010625 6142.264184 6152.068936 6170.581901 6184.041869 6185.823148 0.000000 0.000000
0.000000 0.000000 8666.035772 8664.045513 8654.059564 8655.557645 8627.156422 8610.667809 8613.419634 8611.763707 8604.169700 8598.073582 8595.914840 8599.240731 8602.200259 8634.386253 8633.426965 8643.967711 8643.916385 0.000000 0.000000
0.000000 0.000000 10632.192421 10625.609211 10618.065145 10602.394781 10593.539900 10546.235631 10542.549240 10537.792890 10537.786525 10541.483391 10540.765001 10542.005193 10582.988424 10588.827706 10601.033411 10607.139538 10611.400175 0.000000 0.000000
0.000000 0.000000 13012.232667 13007.022768 12997.067162 12971.038068 12958.327883 12951.089604 12947.018908 12944.139708 12941.835078 12939.812404 12938.006239 12944.985848 12942.029691 12957.538185 12976.978547 12974.982054 12981.629578 0.000000 0.000000
0.000000 0.000000 16026.871813 16017.847873 16003.198478 15995.225436 15973.132510 15940.140505 15939.826607 15931.070451 15930.643171 15926.136088 15929.423517 15921.292040 15953.882483 15975.513328 15980.508945 15990.165262 15992.447975 0.000000 0.000000
0.000000 0.000000 19670.230573 19654.339690 19639.478755 19629.629219 19606.121019 19578.834405 19570.781098 19568.657400 19561.413123 19566.610078 19574.150783 19571.295541 19582.168005 19611.620323 19623.997547 19631.387843 19629.760215 0.000000 0.000000
0.000000 0.000000 23916.288097 23904.474617 23901.042668 23844.154755 23843.363163 23798.894987 23813.256665 23782.592285 23794.292666 23787.258209 23770.120273 23786.293184 23808.922119 23816.494942 23839.381349 23846.964401 23871.446118 0.000000 0.000000
0.000000 0.000000 28824.767098 28797.908491 28760.932818 28758.682284 28739.063372 28686.180159 28671.320603 28678.117370 28685.353818 28667.351792 28677.008065 28667.030142 28711.094847 28738.455857 28740.482818 28752.176492 28786.708006 0.000000 0.000000
0.000000 0.000000 33635.731682 33616.054600 33620.347023 33585.035590 33554.984710 33436.583736 33422.080960 33413.940699 33355.853644 33398.462422 33399.936672 33410.152934 33497.822494 33512.604261 33567.152347 33575.344164 33558.991206 0.000000 0.000000
0.000000 0.000000 37942.532190 37948.713468 37911.653059 37899.975783 37785.814857 37886.280224 37855.676583 37853.200803 37885.343457 37854.145134 37850.584051 37830.970759 37744.730914 37880.501240 37870.672134 37902.669491 37917.737450 0.000000 0.000000
0.000000 0.000000 40500.602246 40490.759948 40479.107228 40418.718278 40464.430524 40420.851578 40410.592916 40411.485260 40394.571862 40391.858877 40399.720365 40401.040832 40434.226025 40382.501060 40473.071750 40447.429645 40439.670425 0.000000 0.000000
0.000000 0.000000 42122.069241 42118.625229 42069.260451 42098.681211 42094.852720 42094.826746 42119.135351 42107.433288 42121.040685 42114.064934 42105.171480 42116.534829 42111.202988 42122.718544 42056.145737 42128.521701 42123.115706 0.000000 0.000000
0.000000 0.000000 43460.163097 43413.253968 43459.874188 43420.167254 43399.045752 43394.277517 43370.014267 43377.673265 43354.619276 43357.838013 43369.154242 43359.509582 43371.540028 43376.308222 43449.888105 43379.155793 43425.008307 0.000000 0.000000
0.000000 0.000000 43933.236270 44009.425712 44036.831637 44042.109097 44056.286847 44017.942309 44031.770723 44016.966848 44040.367340 44035.992781 44032.742231 44038.079026 44068.727434 44054.957503 44038.888875 44019.406935 43947.607610 0.000000 0.000000
0.000000 0.000000 0.000000 0.000000 0.000000 0.000000 0.000000 0.000000 0.000000 0.000000 0.000000 0.000000 0.000000 0.000000 0.000000 0.000000 0.000000 0.000000 0.000000 0.000000 0.000000
0.000000 0.000000 0.000000 0.000000 0.000000 0.000000 0.000000 0.000000 0.000000 0.000000 0.000000 0.000000 0.000000 0.000000 0.000000 0.000000 0.000000 0.000000 0.000000 0.000000 0.000000