geotop/1.0zi/1.0Montebello/Templates/testdem/maps/_Erotot3231.asc
ncols         21
nrows         20
xllcorner     100.000000
yllcorner     100.000000
cellsize      50.000000
NODATA_value  -9999.0
0.000000 0.000000 0.000000 0.000000 0.000000 0.000000 0.000000 0.000000 0.000000 0.000000 0.000000 0.000000 0.000000 0.000000 0.000000 0.000000 0.000000 0.000000 0.000000 0.000000 0.000000
0.000000 0.000000 351.379034 351.381887 351.385443 351.504221 351.373513 351.377841 351.351682 351.392280 351.407446 351.392280 351.351682 351.377841 351.373513 351.504221 351.385443 351.381887 351.379034 0.000000 0.000000
0.000000 0.000000 11.486196 11.247541 9.490474 11.172176 11.484647 11.415153 11.529594 11.428598 11.795834 11.428598 11.529594 11.415153 11.484647 11.172176 9.490474 11.247541 11.486196 0.000000 0.000000
0.000000 0.000000 2588.931153 2588.561356 2588.718608 2586.884065 2588.730673 2588.262584 2588.229604 2589.034154 2589.176191 2589.034154 2588.229604 2588.262584 2588.730673 2586.884065 2588.718608 2588.561356 2588.931153 0.000000 0.000000
0.000000 0.000000 4843.952250 4843.773803 4843.102583 4843.679757 4844.203367 4844.075686 4844.053196 4844.159659 4844.180370 4844.159659 4844.053196 4844.075686 4844.203367 4843.679757 4843.102583 4843.773803 4843.952250 0.000000 0.000000
0.000000 0.000000 6281.158581 6280.934243 6280.321393 6280.455922 6281.224328 6280.950648 6280.985540 6281.272071 6281.495380 6281.272071 6280.985540 6280.950648 6281.224328 6280.455922 6280.321393 6280.934243 6281.158581 0.000000 0.000000
0.000000 0.000000 8091.757551 8091.567782 8091.008171 8091.127084 8091.783136 8091.548257 8091.585993 8091.834668 8092.056932 8091.834668 8091.585993 8091.548257 8091.783136 8091.127084 8091.008171 8091.567782 8091.757551 0.000000 0.000000
0.000000 0.000000 9767.480273 9767.319662 9766.805465 9766.927822 9767.484506 9767.283867 9767.320668 9767.539963 9767.740906 9767.539963 9767.320668 9767.283867 9767.484506 9766.927822 9766.805465 9767.319662 9767.480273 0.000000 0.000000
0.000000 0.000000 11312.400906 11312.255288 11311.771385 11311.892494 11312.401140 11312.218417 11312.251357 11312.454225 11312.643913 11312.454225 11312.251357 11312.218417 11312.401140 11311.892494 11311.771385 11312.255288 11312.400906 0.000000 0.000000
0.000000 0.000000 12750.048265 12749.932953 12749.467604 12749.625814 12750.045882 12749.883849 12749.919106 12750.100652 12750.273839 12750.100652 12749.919106 12749.883849 12750.045882 12749.625814 12749.467604 12749.932953 12750.048265 0.000000 0.000000
0.000000 0.000000 14089.178350 14089.058334 14088.619087 14088.752730 14089.179603 14089.019521 14089.050497 14089.229804 14089.393202 14089.229804 14089.050497 14089.019521 14089.179603 14088.752730 14088.619087 14089.058334 14089.178350 0.000000 0.000000
0.000000 0.000000 15354.473215 15354.358328 15353.947257 15354.076312 15354.489620 15354.337203 15354.363496 15354.541383 15354.694489 15354.541383 15354.363496 15354.337203 15354.489620 15354.076312 15353.947257 15354.358328 15354.473215 0.000000 0.000000
0.000000 0.000000 16553.354528 16553.247165 16552.847751 16552.977961 16553.369794 16553.222416 16553.247701 16553.420659 16553.564646 16553.420659 16553.247701 16553.222416 16553.369794 16552.977961 16552.847751 16553.247165 16553.354528 0.000000 0.000000
0.000000 0.000000 17700.020580 17699.922427 17699.537155 17699.683844 17700.037822 17699.897613 17699.923547 17700.088471 17700.225223 17700.088471 17699.923547 17699.897613 17700.037822 17699.683844 17699.537155 17699.922427 17700.020580 0.000000 0.000000
0.000000 0.000000 18795.772381 18795.674048 18795.299547 18795.434289 18795.793225 18795.654868 18795.678220 18795.841686 18795.971822 18795.841686 18795.678220 18795.654868 18795.793225 18795.434289 18795.299547 18795.674048 18795.772381 0.000000 0.000000
0.000000 0.000000 19844.785865 19844.689955 19844.327880 19844.454891 19844.799618 19844.666707 19844.690057 19844.846409 19844.972387 19844.846409 19844.690057 19844.666707 19844.799618 19844.454891 19844.327880 19844.689955 19844.785862 0.000000 0.000000
0.000000 0.000000 20853.059632 20852.966556 20852.611044 20852.741709 20853.073283 20852.943362 20852.966478 20853.118559 20853.237345 20853.118559 20852.966478 20852.943362 20853.073283 20852.741709 20852.611043 20852.966535 20853.059575 0.000000 0.000000
0.000000 0.000000 21874.710356 21875.157049 21874.810524 21874.936834 21875.259697 21875.134481 21875.155897 21875.303291 21875.418394 21875.303291 21875.155897 21875.134481 21875.259697 21874.936834 21874.810506 21875.153702 21875.243120 0.000000 0.000000
0.000000 0.000000 0.000000 0.000000 0.000000 0.000000 0.000000 0.000000 0.000000 0.000000 0.000000 0.000000 0.000000 0.000000 0.000000 0.000000 0.000000 0.000000 0.000000 0.000000 0.000000
0.000000 0.000000 0.000000 0.000000 0.000000 0.000000 0.000000 0.000000 0.000000 0.000000 0.000000 0.000000 0.000000 0.000000 0.000000 0.000000 0.000000 0.000000 0.000000 0.000000 0.000000