geotop/1.0zi/1.0Montebello/Templates/testdem/maps/_Erotot5230.asc
ncols         21
nrows         20
xllcorner     100.000000
yllcorner     100.000000
cellsize      50.000000
NODATA_value  -9999.0
0.000000 0.000000 0.000000 0.000000 0.000000 0.000000 0.000000 0.000000 0.000000 0.000000 0.000000 0.000000 0.000000 0.000000 0.000000 0.000000 0.000000 0.000000 0.000000 0.000000 0.000000
0.000000 0.000000 393.521419 392.729254 392.576151 392.374309 392.347060 392.424925 392.381139 392.551727 392.468376 392.249801 392.226133 392.270440 392.383644 392.270449 392.473140 392.656001 393.054899 0.000000 0.000000
0.000000 0.000000 30.709628 31.431485 31.652704 32.834116 32.574362 32.432703 32.246419 32.029557 32.159280 32.535780 32.302222 32.168463 32.561229 32.350609 31.510541 30.633845 29.997254 0.000000 0.000000
0.000000 0.000000 152.992166 154.461979 147.497613 144.734836 146.528515 141.304872 140.714531 141.101548 139.755978 138.413044 139.952765 138.012532 140.739985 145.520622 145.033705 148.445429 151.197832 0.000000 0.000000
0.000000 0.000000 1570.933801 1576.276368 1582.749643 1565.436518 1550.894739 1540.336214 1543.056993 1540.323372 1543.897883 1548.139618 1544.995106 1542.791463 1552.967203 1551.520679 1558.629211 1565.324302 1566.210160 0.000000 0.000000
0.000000 0.000000 2894.645820 2888.407307 2885.496930 2881.391306 2875.552135 2871.599213 2869.342451 2869.772027 2869.332716 2866.928168 2864.830494 2867.665846 2866.252605 2880.616188 2885.784067 2889.030323 2892.011269 0.000000 0.000000
0.000000 0.000000 3773.173377 3770.567392 3767.740859 3763.135432 3750.790115 3734.568079 3735.089147 3731.520726 3733.252448 3736.292370 3738.198628 3739.185594 3757.465864 3766.249619 3770.826875 3772.187909 3776.967940 0.000000 0.000000
0.000000 0.000000 4364.457483 4365.974434 4365.461480 4359.676100 4359.484116 4353.246468 4353.760791 4354.313583 4353.080114 4350.841664 4350.548035 4353.907150 4353.149695 4354.991375 4362.869659 4361.072380 4363.714445 0.000000 0.000000
0.000000 0.000000 5124.818244 5122.393798 5118.723357 5119.968834 5114.197774 5104.881247 5105.237091 5102.893069 5100.496790 5101.868701 5103.017820 5098.022146 5109.990660 5117.064672 5118.929772 5119.464830 5120.735209 0.000000 0.000000
0.000000 0.000000 6008.994314 6006.721097 6009.175735 6008.915836 5995.415667 5989.405398 5990.934819 5990.126158 5988.315090 5991.390108 5994.335064 5992.754889 5995.047813 6004.117777 6007.725320 6007.684124 6008.242575 0.000000 0.000000
0.000000 0.000000 6959.419379 6959.646769 6960.095589 6946.831768 6944.915688 6935.739699 6939.044829 6930.590481 6932.874852 6932.232082 6927.801645 6934.863410 6937.981257 6938.644771 6944.716778 6950.375315 6957.023302 0.000000 0.000000
0.000000 0.000000 7945.948850 7941.742284 7937.647117 7936.115819 7933.452429 7920.046185 7919.441187 7918.526839 7925.073735 7918.599268 7920.330276 7919.934602 7933.963914 7935.861851 7937.211014 7937.336597 7955.878734 0.000000 0.000000
0.000000 0.000000 8936.305483 8934.541165 8935.747569 8929.120846 8926.012760 8903.798600 8902.691868 8902.569097 8889.172348 8897.648795 8901.638321 8903.540000 8915.798866 8918.869598 8931.703429 8931.034050 8937.342161 0.000000 0.000000
0.000000 0.000000 10013.905043 10015.271511 10009.246783 10008.596160 9986.507835 9994.433656 9984.725848 9986.248450 9987.283226 9987.262093 9985.864743 9982.873658 9973.208608 9997.127021 10002.187021 10011.704115 10018.346937 0.000000 0.000000
0.000000 0.000000 11166.051292 11161.731902 11159.276943 11141.091658 11140.962116 11127.999086 11116.155648 11115.037818 11110.805974 11105.381442 11108.121703 11106.619633 11119.029198 11122.219216 11156.453118 11148.566136 11148.643865 0.000000 0.000000
0.000000 0.000000 12337.965299 12337.236482 12309.899737 12307.803483 12312.732451 12306.324403 12320.753978 12314.006621 12318.744367 12314.796910 12310.949426 12317.979333 12320.823067 12320.412013 12304.658845 12344.859755 12338.188719 0.000000 0.000000
0.000000 0.000000 13652.281870 13620.734774 13618.141293 13611.039153 13591.322617 13586.805031 13580.468733 13583.398203 13572.309302 13572.576449 13576.086369 13577.343866 13585.911937 13592.776439 13617.720005 13615.121693 13651.590926 0.000000 0.000000
0.000000 0.000000 14614.796932 14620.442893 14653.968285 14648.388714 14640.262045 14613.049974 14613.869938 14602.256987 14611.049232 14609.785347 14615.381328 14610.422229 14634.037986 14640.065403 14660.449113 14625.314073 14619.092910 0.000000 0.000000
0.000000 0.000000 0.000000 0.000000 0.000000 0.000000 0.000000 0.000000 0.000000 0.000000 0.000000 0.000000 0.000000 0.000000 0.000000 0.000000 0.000000 0.000000 0.000000 0.000000 0.000000
0.000000 0.000000 0.000000 0.000000 0.000000 0.000000 0.000000 0.000000 0.000000 0.000000 0.000000 0.000000 0.000000 0.000000 0.000000 0.000000 0.000000 0.000000 0.000000 0.000000 0.000000