geotop/1.0zi/1.0Montebello/Templates/testdem/maps/_Erotot1004.asc
ncols         21
nrows         20
xllcorner     100.000000
yllcorner     100.000000
cellsize      50.000000
NODATA_value  -9999.0
0.000000 0.000000 0.000000 0.000000 0.000000 0.000000 0.000000 0.000000 0.000000 0.000000 0.000000 0.000000 0.000000 0.000000 0.000000 0.000000 0.000000 0.000000 0.000000 0.000000 0.000000
0.000000 0.000000 120.904196 120.905513 120.940153 120.914896 120.898178 120.905541 120.906998 120.902247 120.902836 120.902247 120.906998 120.905541 120.898178 120.914896 120.940153 120.905513 120.904196 0.000000 0.000000
0.000000 0.000000 8.574289 8.355594 6.580286 8.438739 8.609135 8.601227 8.612233 8.617751 8.615831 8.617751 8.612233 8.601227 8.609135 8.438739 6.580286 8.355594 8.574289 0.000000 0.000000
0.000000 0.000000 885.869004 885.448262 885.744952 883.448858 885.815320 885.660341 885.537986 885.858916 885.889260 885.858916 885.537986 885.660341 885.815320 883.448858 885.744952 885.448262 885.869004 0.000000 0.000000
0.000000 0.000000 1536.138949 1535.869764 1535.155140 1535.803910 1536.251045 1536.113952 1536.069571 1536.177848 1536.141507 1536.177848 1536.069571 1536.113952 1536.251045 1535.803910 1535.155140 1535.869764 1536.138949 0.000000 0.000000
0.000000 0.000000 2037.876893 2037.606586 2036.963611 2037.025025 2037.908201 2037.814913 2037.771267 2037.897488 2037.902252 2037.897488 2037.771267 2037.814913 2037.908201 2037.025025 2036.963611 2037.606586 2037.876893 0.000000 0.000000
0.000000 0.000000 2650.166981 2649.947074 2649.357395 2649.435586 2650.181194 2650.116808 2650.086856 2650.189487 2650.191974 2650.189487 2650.086856 2650.116808 2650.181194 2649.435586 2649.357395 2649.947074 2650.166981 0.000000 0.000000
0.000000 0.000000 3232.530174 3232.337234 3231.787572 3231.874940 3232.531561 3232.485716 3232.462195 3232.550846 3232.553429 3232.550846 3232.462195 3232.485716 3232.531561 3231.874940 3231.787572 3232.337234 3232.530174 0.000000 0.000000
0.000000 0.000000 3786.062252 3785.882946 3785.358871 3785.445741 3786.058437 3786.020477 3786.000086 3786.081137 3786.083062 3786.081137 3786.000086 3786.020477 3786.058437 3785.445741 3785.358871 3785.882946 3786.062252 0.000000 0.000000
0.000000 0.000000 4317.397080 4317.246987 4316.732021 4316.858725 4317.386042 4317.362865 4317.349358 4317.414655 4317.416071 4317.414655 4317.349358 4317.362865 4317.386042 4316.858725 4316.732021 4317.246987 4317.397080 0.000000 0.000000
0.000000 0.000000 4828.210419 4828.050456 4827.552227 4827.653129 4828.201321 4828.173652 4828.156996 4828.225110 4828.225400 4828.225110 4828.156996 4828.173652 4828.201321 4827.653129 4827.552227 4828.050456 4828.210419 0.000000 0.000000
0.000000 0.000000 5322.826235 5322.663616 5322.177750 5322.269506 5322.813149 5322.787487 5322.771418 5322.838922 5322.840307 5322.838922 5322.771418 5322.787487 5322.813149 5322.269506 5322.177750 5322.663616 5322.826235 0.000000 0.000000
0.000000 0.000000 5807.507925 5807.347395 5806.867533 5806.960747 5807.493328 5807.468554 5807.452891 5807.518690 5807.519737 5807.518690 5807.452891 5807.468554 5807.493328 5806.960747 5806.867533 5807.347395 5807.507925 0.000000 0.000000
0.000000 0.000000 6282.801445 6282.646811 6282.171853 6282.285463 6282.784649 6282.764201 6282.750827 6282.811557 6282.812250 6282.811557 6282.750827 6282.764201 6282.784649 6282.285463 6282.171853 6282.646811 6282.801445 0.000000 0.000000
0.000000 0.000000 6750.729557 6750.571193 6750.097340 6750.199516 6750.712283 6750.690949 6750.676338 6750.738558 6750.738834 6750.738558 6750.676338 6750.690949 6750.712283 6750.199516 6750.097340 6750.571193 6750.729557 0.000000 0.000000
0.000000 0.000000 7212.227269 7212.071325 7211.608058 7211.704719 7212.210207 7212.190130 7212.175868 7212.236689 7212.236559 7212.236689 7212.175868 7212.190130 7212.210207 7211.704719 7211.608058 7212.071324 7212.227266 0.000000 0.000000
0.000000 0.000000 7665.436171 7665.278279 7664.813722 7664.911737 7665.419287 7665.397480 7665.382665 7665.444105 7665.443578 7665.444105 7665.382665 7665.397480 7665.419287 7664.911737 7664.813721 7665.278263 7665.435920 0.000000 0.000000
0.000000 0.000000 8137.964219 8138.046204 8137.584531 8137.672220 8138.186641 8138.163663 8138.148692 8138.211600 8138.211224 8138.211600 8138.148692 8138.163663 8138.186641 8137.672219 8137.584515 8138.043613 8138.203748 0.000000 0.000000
0.000000 0.000000 0.000000 0.000000 0.000000 0.000000 0.000000 0.000000 0.000000 0.000000 0.000000 0.000000 0.000000 0.000000 0.000000 0.000000 0.000000 0.000000 0.000000 0.000000 0.000000
0.000000 0.000000 0.000000 0.000000 0.000000 0.000000 0.000000 0.000000 0.000000 0.000000 0.000000 0.000000 0.000000 0.000000 0.000000 0.000000 0.000000 0.000000 0.000000 0.000000 0.000000