geotop/1.0zi/1.0Montebello/Templates/testdem/maps/_Erotot2052.asc
ncols         21
nrows         20
xllcorner     100.000000
yllcorner     100.000000
cellsize      50.000000
NODATA_value  -9999.0
0.000000 0.000000 0.000000 0.000000 0.000000 0.000000 0.000000 0.000000 0.000000 0.000000 0.000000 0.000000 0.000000 0.000000 0.000000 0.000000 0.000000 0.000000 0.000000 0.000000 0.000000
0.000000 0.000000 206.341860 206.344189 206.381682 206.371620 206.328953 206.345080 206.347763 206.336851 206.339035 206.336851 206.347763 206.345080 206.328953 206.371620 206.381682 206.344189 206.341860 0.000000 0.000000
0.000000 0.000000 11.115168 10.894073 9.113046 10.954910 11.163167 11.138531 11.146063 11.158140 11.154050 11.158140 11.146063 11.138531 11.163167 10.954910 9.113046 10.894073 11.115168 0.000000 0.000000
0.000000 0.000000 1424.704762 1424.495965 1424.688466 1422.623139 1424.865766 1424.408627 1424.437426 1425.173573 1425.192332 1425.173573 1424.437426 1424.408627 1424.865766 1422.623139 1424.688466 1424.495965 1424.704762 0.000000 0.000000
0.000000 0.000000 2885.319528 2885.107463 2884.506606 2885.191292 2885.637007 2885.441132 2885.397683 2885.562188 2885.532256 2885.562188 2885.397683 2885.441132 2885.637007 2885.191292 2884.506606 2885.107463 2885.319528 0.000000 0.000000
0.000000 0.000000 3750.958578 3750.791764 3750.180613 3750.297375 3751.172451 3750.900857 3750.927580 3751.246628 3751.288245 3751.246628 3750.927580 3750.900857 3751.172451 3750.297375 3750.180613 3750.791764 3750.958578 0.000000 0.000000
0.000000 0.000000 4908.324574 4908.190908 4907.626706 4907.744382 4908.490859 4908.258460 4908.290898 4908.573458 4908.627964 4908.573458 4908.290898 4908.258460 4908.490859 4907.744382 4907.626706 4908.190908 4908.324574 0.000000 0.000000
0.000000 0.000000 6007.640165 6007.530129 6007.002660 6007.124505 6007.773389 6007.574158 6007.603324 6007.856116 6007.911341 6007.856116 6007.603324 6007.574158 6007.773389 6007.124505 6007.002660 6007.530129 6007.640165 0.000000 0.000000
0.000000 0.000000 7042.292933 7042.191622 7041.688236 7041.808420 7042.413137 7042.228765 7042.256124 7042.494638 7042.549465 7042.494638 7042.256124 7042.228765 7042.413137 7041.808420 7041.688236 7042.191622 7042.292933 0.000000 0.000000
0.000000 0.000000 8024.321375 8024.246714 8023.753419 8023.911285 8024.427849 8024.263509 8024.295403 8024.512075 8024.565212 8024.512075 8024.295403 8024.263509 8024.427849 8023.911285 8023.753419 8024.246714 8024.321375 0.000000 0.000000
0.000000 0.000000 8959.483779 8959.400021 8958.924881 8959.056934 8959.588436 8959.423661 8959.451057 8959.666034 8959.716919 8959.666034 8959.451057 8959.423661 8959.588436 8959.056934 8958.924881 8959.400021 8959.483779 0.000000 0.000000
0.000000 0.000000 9856.606421 9856.520679 9856.060856 9856.185732 9856.706167 9856.547454 9856.573525 9856.782255 9856.833063 9856.782255 9856.573525 9856.547454 9856.706167 9856.185732 9856.060856 9856.520679 9856.606421 0.000000 0.000000
0.000000 0.000000 10724.824777 10724.742209 10724.287867 10724.413382 10724.917330 10724.762098 10724.788205 10724.992273 10725.041558 10724.992273 10724.788205 10724.762098 10724.917330 10724.413382 10724.287867 10724.742209 10724.824777 0.000000 0.000000
0.000000 0.000000 11567.076406 11567.000511 11566.554028 11566.698294 11567.166258 11567.016764 11567.044479 11567.241292 11567.289360 11567.241292 11567.044479 11567.016764 11567.166258 11566.698294 11566.554028 11567.000511 11567.076406 0.000000 0.000000
0.000000 0.000000 12386.286882 12386.208147 12385.763207 12385.896082 12386.371910 12386.222924 12386.249256 12386.445699 12386.492674 12386.445699 12386.249256 12386.222924 12386.371910 12385.896082 12385.763207 12386.208147 12386.286882 0.000000 0.000000
0.000000 0.000000 13184.859190 13184.781673 13184.347232 13184.472999 13184.938529 13184.793654 13184.819736 13185.011645 13185.058160 13185.011645 13184.819736 13184.793654 13184.938529 13184.472999 13184.347232 13184.781673 13184.859185 0.000000 0.000000
0.000000 0.000000 13962.515120 13962.438320 13962.004291 13962.133316 13962.592472 13962.448054 13962.473536 13962.662215 13962.707351 13962.662215 13962.473536 13962.448054 13962.592472 13962.133316 13962.004291 13962.438299 13962.514651 0.000000 0.000000
0.000000 0.000000 14752.835646 14753.098458 14752.672036 14752.796099 14753.253422 14753.109999 14753.133274 14753.319931 14753.363962 14753.319931 14753.133274 14753.109999 14753.253422 14752.796099 14752.672017 14753.095007 14753.171001 0.000000 0.000000
0.000000 0.000000 0.000000 0.000000 0.000000 0.000000 0.000000 0.000000 0.000000 0.000000 0.000000 0.000000 0.000000 0.000000 0.000000 0.000000 0.000000 0.000000 0.000000 0.000000 0.000000
0.000000 0.000000 0.000000 0.000000 0.000000 0.000000 0.000000 0.000000 0.000000 0.000000 0.000000 0.000000 0.000000 0.000000 0.000000 0.000000 0.000000 0.000000 0.000000 0.000000 0.000000