geotop/1.0zi/1.0Montebello/Templates/testdem/maps/_Erotot1069.asc
ncols         21
nrows         20
xllcorner     100.000000
yllcorner     100.000000
cellsize      50.000000
NODATA_value  -9999.0
0.000000 0.000000 0.000000 0.000000 0.000000 0.000000 0.000000 0.000000 0.000000 0.000000 0.000000 0.000000 0.000000 0.000000 0.000000 0.000000 0.000000 0.000000 0.000000 0.000000 0.000000
0.000000 0.000000 122.545140 122.546514 122.581301 122.556472 122.538415 122.546536 122.548080 122.543025 122.543670 122.543025 122.548080 122.546536 122.538415 122.556472 122.581301 122.546514 122.545140 0.000000 0.000000
0.000000 0.000000 8.651981 8.433327 6.657774 8.515556 8.687737 8.679121 8.689896 8.695641 8.693772 8.695641 8.689896 8.679121 8.687737 8.515556 6.657774 8.433327 8.651981 0.000000 0.000000
0.000000 0.000000 891.722832 891.517541 891.538790 889.515729 891.778862 891.434508 891.397190 891.926818 891.869568 891.926818 891.397190 891.434508 891.778862 889.515729 891.538790 891.517541 891.722832 0.000000 0.000000
0.000000 0.000000 1588.279136 1588.051211 1587.299266 1587.984914 1588.418807 1588.253882 1588.211524 1588.357691 1588.311690 1588.357691 1588.211524 1588.253882 1588.418807 1587.984914 1587.299266 1588.051211 1588.279136 0.000000 0.000000
0.000000 0.000000 2102.881037 2102.702882 2101.951052 2102.120949 2102.963058 2102.792353 2102.778561 2102.992297 2102.964331 2102.992297 2102.778561 2102.792353 2102.963058 2102.120949 2101.951052 2102.702882 2102.881037 0.000000 0.000000
0.000000 0.000000 2741.518542 2741.374795 2740.695788 2740.863850 2741.573963 2741.445498 2741.440897 2741.615745 2741.591373 2741.615745 2741.440897 2741.445498 2741.573963 2740.863850 2740.695788 2741.374795 2741.518542 0.000000 0.000000
0.000000 0.000000 3349.703119 3349.577545 3348.949191 3349.116327 3349.740402 3349.637773 3349.637218 3349.789802 3349.768603 3349.789802 3349.637218 3349.637773 3349.740402 3349.116327 3348.949191 3349.577545 3349.703119 0.000000 0.000000
0.000000 0.000000 3927.754495 3927.638415 3927.040595 3927.202642 3927.783814 3927.692524 3927.694196 3927.835307 3927.814698 3927.835307 3927.694196 3927.692524 3927.783814 3927.202642 3927.040595 3927.638415 3927.754495 0.000000 0.000000
0.000000 0.000000 4482.038351 4481.949027 4481.362711 4481.562510 4482.058439 4481.983670 4481.992169 4482.115586 4482.094829 4482.115586 4481.992169 4481.983670 4482.058439 4481.562510 4481.362711 4481.949027 4482.038351 0.000000 0.000000
0.000000 0.000000 5014.582768 5014.483206 5013.914427 5014.087781 5014.604338 5014.525617 5014.530959 5014.656676 5014.634846 5014.656676 5014.530959 5014.525617 5014.604338 5014.087781 5013.914427 5014.483206 5014.582768 0.000000 0.000000
0.000000 0.000000 5530.739612 5530.636598 5530.081195 5530.244655 5530.756376 5530.680379 5530.686380 5530.810694 5530.790023 5530.810694 5530.686380 5530.680379 5530.756376 5530.244655 5530.081195 5530.636598 5530.739612 0.000000 0.000000
0.000000 0.000000 6035.760273 6035.658777 6035.109879 6035.274537 6035.774733 6035.700022 6035.706722 6035.828892 6035.807757 6035.828892 6035.706722 6035.700022 6035.774733 6035.274537 6035.109879 6035.658777 6035.760273 0.000000 0.000000
0.000000 0.000000 6530.404635 6530.309517 6529.764969 6529.950678 6530.416912 6530.346068 6530.355459 6530.473096 6530.451273 6530.473096 6530.355459 6530.346068 6530.416912 6529.950678 6529.764969 6530.309517 6530.404635 0.000000 0.000000
0.000000 0.000000 7017.799743 7017.701977 7017.157753 7017.332989 7017.812119 7017.739662 7017.748087 7017.868076 7017.845519 7017.868076 7017.748087 7017.739662 7017.812119 7017.332989 7017.157753 7017.701977 7017.799743 0.000000 0.000000
0.000000 0.000000 7498.543424 7498.446021 7497.914868 7498.082307 7498.554631 7498.485143 7498.493481 7498.610136 7498.587816 7498.610136 7498.493481 7498.485143 7498.554631 7498.082307 7497.914868 7498.446021 7498.543421 0.000000 0.000000
0.000000 0.000000 7970.719012 7970.621799 7970.087266 7970.258405 7970.731463 7970.658676 7970.667149 7970.786263 7970.762809 7970.786263 7970.667149 7970.658676 7970.731463 7970.258405 7970.087265 7970.621783 7970.718739 0.000000 0.000000
0.000000 0.000000 8462.109085 8462.254447 8461.721845 8461.883786 8462.362864 8462.288172 8462.296814 8462.418236 8462.394556 8462.418236 8462.296814 8462.288172 8462.362864 8461.883786 8461.721828 8462.251778 8462.350137 0.000000 0.000000
0.000000 0.000000 0.000000 0.000000 0.000000 0.000000 0.000000 0.000000 0.000000 0.000000 0.000000 0.000000 0.000000 0.000000 0.000000 0.000000 0.000000 0.000000 0.000000 0.000000 0.000000
0.000000 0.000000 0.000000 0.000000 0.000000 0.000000 0.000000 0.000000 0.000000 0.000000 0.000000 0.000000 0.000000 0.000000 0.000000 0.000000 0.000000 0.000000 0.000000 0.000000 0.000000