geotop/1.0zi/1.0Montebello/Templates/testdem/maps/_Erotot5955.asc
ncols         21
nrows         20
xllcorner     100.000000
yllcorner     100.000000
cellsize      50.000000
NODATA_value  -9999.0
0.000000 0.000000 0.000000 0.000000 0.000000 0.000000 0.000000 0.000000 0.000000 0.000000 0.000000 0.000000 0.000000 0.000000 0.000000 0.000000 0.000000 0.000000 0.000000 0.000000 0.000000
0.000000 0.000000 461.826403 461.022403 460.834534 460.619324 460.579861 460.678584 460.622487 460.800602 460.703614 460.501574 460.439862 460.519340 460.634854 460.542946 460.744013 460.942664 461.368766 0.000000 0.000000
0.000000 0.000000 34.590582 35.266007 35.564174 36.736474 36.474615 36.235281 36.062602 35.840944 36.054942 36.414924 36.225722 35.969212 36.409261 36.182724 35.343086 34.506628 33.889028 0.000000 0.000000
0.000000 0.000000 192.043250 193.257728 185.657242 182.815718 184.205030 179.107755 178.705517 178.319508 177.568571 175.138044 177.600914 175.801702 179.148284 184.824592 184.734939 187.551751 191.694966 0.000000 0.000000
0.000000 0.000000 1863.214161 1867.356051 1871.085341 1851.956998 1836.578118 1826.061500 1828.689180 1825.835495 1829.376566 1833.558163 1830.436368 1828.633107 1839.197868 1839.795785 1847.558737 1855.281195 1857.026655 0.000000 0.000000
0.000000 0.000000 3331.263306 3325.739713 3323.187313 3318.493486 3310.278168 3302.634938 3300.868059 3300.942289 3299.787160 3297.634676 3294.982370 3297.238540 3297.533294 3312.935358 3317.999605 3321.323497 3323.394618 0.000000 0.000000
0.000000 0.000000 4407.222568 4404.510459 4401.253105 4396.723485 4383.662640 4366.895616 4366.963153 4363.421013 4365.156264 4367.915229 4369.821348 4371.057056 4391.195509 4400.890619 4405.889706 4407.482474 4412.908950 0.000000 0.000000
0.000000 0.000000 5074.099753 5075.377253 5074.010670 5067.462738 5066.764291 5059.668142 5060.217982 5060.602451 5059.323925 5056.900449 5056.676329 5060.289069 5060.490677 5063.238034 5071.700102 5070.022435 5073.285695 0.000000 0.000000
0.000000 0.000000 5984.309128 5981.539789 5976.990613 5977.721827 5970.964457 5960.448220 5960.902544 5958.261952 5955.770090 5956.953025 5958.198399 5953.091164 5966.418780 5974.664774 5976.971291 5977.897408 5979.533622 0.000000 0.000000
0.000000 0.000000 7037.993428 7035.518897 7037.221281 7036.339088 7021.424088 7014.359152 7015.774259 7014.867484 7012.784693 7015.886991 7018.888693 7017.344701 7020.707852 7031.242563 7035.294376 7035.563778 7036.496812 0.000000 0.000000
0.000000 0.000000 8174.714243 8174.817574 8174.489314 8159.976504 8157.224869 8146.412805 8149.971118 8140.867923 8143.274628 8142.302653 8137.626898 8145.028380 8149.576172 8151.201467 8158.040069 8164.028556 8171.521499 0.000000 0.000000
0.000000 0.000000 9364.781833 9360.096729 9354.696382 9352.711184 9348.623981 9333.723783 9332.724897 9331.845806 9338.509157 9331.392614 9333.488829 9333.063131 9348.786288 9352.294068 9353.937095 9354.522949 9374.185142 0.000000 0.000000
0.000000 0.000000 10570.853269 10568.851967 10569.502338 10561.812450 10557.599259 10530.452129 10529.221477 10528.900166 10514.375616 10523.420276 10527.423961 10529.460243 10546.083708 10550.191632 10564.427386 10563.863720 10570.888704 0.000000 0.000000
0.000000 0.000000 11894.300164 11895.594464 11888.224850 11886.890145 11858.684688 11867.161935 11856.577695 11858.043364 11859.277406 11858.779105 11857.295244 11853.936288 11843.887323 11874.342402 11879.976857 11890.784135 11898.044761 0.000000 0.000000
0.000000 0.000000 13325.203401 13320.078578 13316.492623 13291.456750 13291.253350 13275.549471 13262.548677 13260.953366 13255.889362 13249.574915 13252.893078 13251.112256 13266.270701 13270.097945 13312.307356 13303.350941 13303.646253 0.000000 0.000000
0.000000 0.000000 14797.408622 14796.634352 14759.262098 14758.894286 14763.908067 14756.462713 14774.019339 14766.339811 14772.460712 14767.867811 14762.455435 14771.362809 14775.003082 14774.499525 14753.267029 14806.105175 14799.275795 0.000000 0.000000
0.000000 0.000000 16473.000792 16427.447783 16425.296157 16415.110244 16388.938966 16382.009873 16373.405977 16376.689489 16362.360935 16362.773865 16368.173439 16367.694280 16379.816958 16391.620792 16424.162314 16417.124885 16468.269674 0.000000 0.000000
0.000000 0.000000 17627.110643 17641.615307 17689.184575 17682.251980 17668.073395 17629.466751 17630.731752 17616.329132 17628.783628 17626.717482 17632.453617 17628.024139 17661.768681 17673.717676 17697.450433 17648.566084 17634.154831 0.000000 0.000000
0.000000 0.000000 0.000000 0.000000 0.000000 0.000000 0.000000 0.000000 0.000000 0.000000 0.000000 0.000000 0.000000 0.000000 0.000000 0.000000 0.000000 0.000000 0.000000 0.000000 0.000000
0.000000 0.000000 0.000000 0.000000 0.000000 0.000000 0.000000 0.000000 0.000000 0.000000 0.000000 0.000000 0.000000 0.000000 0.000000 0.000000 0.000000 0.000000 0.000000 0.000000 0.000000