geotop/1.0zi/1.0Montebello/Templates/testdem/maps/_Erotot7757.asc
ncols         21
nrows         20
xllcorner     100.000000
yllcorner     100.000000
cellsize      50.000000
NODATA_value  -9999.0
0.000000 0.000000 0.000000 0.000000 0.000000 0.000000 0.000000 0.000000 0.000000 0.000000 0.000000 0.000000 0.000000 0.000000 0.000000 0.000000 0.000000 0.000000 0.000000 0.000000 0.000000
0.000000 0.000000 653.647154 654.463318 653.933059 654.057576 653.066308 653.243429 653.230555 653.294083 653.726274 653.051576 652.929971 652.982203 653.338436 653.474108 654.290153 654.817911 655.014558 0.000000 0.000000
0.000000 0.000000 51.032489 50.051098 49.983595 50.384722 51.019261 50.700205 50.403808 50.274798 50.508540 50.851773 50.875836 51.028922 50.785823 50.267980 48.982092 48.108844 48.630382 0.000000 0.000000
0.000000 0.000000 353.821700 354.996088 342.917040 337.262073 337.807984 326.490941 326.620434 327.418623 323.756087 322.008065 324.146698 324.288977 334.538167 341.601044 346.227696 349.166372 354.042422 0.000000 0.000000
0.000000 0.000000 3062.293816 3063.935875 3067.340801 3044.673159 3025.709165 3015.539955 3014.941781 3010.199776 3017.131992 3022.432704 3017.930990 3016.538918 3031.186062 3034.228394 3044.103409 3052.825983 3052.608979 0.000000 0.000000
0.000000 0.000000 4939.289541 4934.033405 4930.417697 4924.459827 4909.693206 4899.890841 4900.784128 4899.709538 4896.344698 4890.648766 4889.627213 4892.864565 4892.158953 4911.773441 4919.680680 4926.575398 4929.612733 0.000000 0.000000
0.000000 0.000000 6215.131913 6212.026376 6207.680069 6200.839173 6187.196174 6165.835155 6164.817271 6161.011219 6162.440915 6166.216127 6167.715240 6168.207308 6195.509707 6205.357229 6210.804150 6213.561533 6218.776734 0.000000 0.000000
0.000000 0.000000 7284.590874 7284.766880 7281.900464 7272.033954 7269.749914 7260.603615 7260.826599 7260.639236 7259.687613 7255.787654 7255.108677 7261.313735 7262.972856 7267.662256 7279.946860 7278.523210 7283.448565 0.000000 0.000000
0.000000 0.000000 8697.303866 8692.712151 8686.595740 8686.214538 8675.359526 8660.257206 8661.546468 8656.994512 8654.964596 8654.736414 8657.181523 8651.441063 8669.897680 8683.582181 8685.291608 8688.975823 8690.321115 0.000000 0.000000
0.000000 0.000000 10314.837975 10311.310374 10311.681233 10307.379224 10287.329712 10277.887213 10277.517711 10277.254404 10273.857707 10277.342745 10280.433639 10279.740828 10286.391209 10300.538796 10307.986276 10309.970620 10311.027904 0.000000 0.000000
0.000000 0.000000 12083.151802 12082.223203 12079.497016 12059.345450 12053.688721 12038.219401 12043.939446 12030.720728 12034.814729 12033.082856 12026.224894 12036.081523 12045.324607 12048.067348 12060.399761 12067.393910 12077.950512 0.000000 0.000000
0.000000 0.000000 13994.718853 13986.713774 13978.868819 13975.352901 13965.325048 13945.756102 13942.195601 13942.756256 13950.007903 13939.144017 13943.226742 13943.149723 13965.222413 13973.574499 13976.320618 13980.356818 14003.276525 0.000000 0.000000
0.000000 0.000000 15976.551828 15971.643992 15972.147718 15958.340826 15951.593707 15904.422598 15902.768716 15901.812036 15880.923716 15893.032041 15897.259222 15901.943775 15934.772725 15941.723436 15964.457536 15964.155116 15971.821895 0.000000 0.000000
0.000000 0.000000 18240.333844 18242.619702 18229.457117 18224.681899 18168.812493 18187.784973 18172.454238 18173.579789 18179.735419 18175.186503 18173.129832 18168.483100 18148.361735 18208.900657 18215.329493 18235.041223 18244.467692 0.000000 0.000000
0.000000 0.000000 20772.402275 20763.996733 20755.333711 20694.198253 20706.481625 20675.926982 20656.925178 20653.816031 20642.544854 20632.291034 20638.222665 20636.962263 20671.579934 20662.344080 20750.724970 20733.217157 20730.910005 0.000000 0.000000
0.000000 0.000000 23418.679048 23415.391155 23327.353576 23351.975476 23353.471807 23343.747023 23383.882595 23369.334650 23387.756996 23379.557605 23365.892359 23388.855235 23390.637432 23391.488878 23318.724374 23447.516535 23439.203597 0.000000 0.000000
0.000000 0.000000 26582.395212 26453.935461 26484.037927 26442.341913 26374.762039 26360.939056 26326.050306 26336.322997 26296.265994 26300.100114 26320.577450 26303.913846 26334.632285 26376.582262 26481.149264 26411.536648 26548.039745 0.000000 0.000000
0.000000 0.000000 27904.495295 28023.159096 28144.529792 28144.279349 28144.821690 28040.651011 28055.627688 28021.295950 28071.499710 28062.120219 28060.120598 28069.579059 28156.554109 28157.292120 28166.535520 28064.246570 27946.828052 0.000000 0.000000
0.000000 0.000000 0.000000 0.000000 0.000000 0.000000 0.000000 0.000000 0.000000 0.000000 0.000000 0.000000 0.000000 0.000000 0.000000 0.000000 0.000000 0.000000 0.000000 0.000000 0.000000
0.000000 0.000000 0.000000 0.000000 0.000000 0.000000 0.000000 0.000000 0.000000 0.000000 0.000000 0.000000 0.000000 0.000000 0.000000 0.000000 0.000000 0.000000 0.000000 0.000000 0.000000