geotop/1.0zi/1.0Montebello/Templates/testdem/maps/_Erotot5759.asc
ncols         21
nrows         20
xllcorner     100.000000
yllcorner     100.000000
cellsize      50.000000
NODATA_value  -9999.0
0.000000 0.000000 0.000000 0.000000 0.000000 0.000000 0.000000 0.000000 0.000000 0.000000 0.000000 0.000000 0.000000 0.000000 0.000000 0.000000 0.000000 0.000000 0.000000 0.000000 0.000000
0.000000 0.000000 437.113084 436.316095 436.138036 435.929757 435.894045 435.999011 435.948883 436.123070 436.029984 435.827343 435.767034 435.846379 435.952443 435.854276 436.047641 436.241446 436.656716 0.000000 0.000000
0.000000 0.000000 33.001155 33.664112 33.953359 35.121314 34.867029 34.627214 34.449488 34.226201 34.436990 34.789775 34.605923 34.363245 34.817424 34.583642 33.755903 32.921166 32.324669 0.000000 0.000000
0.000000 0.000000 184.708310 186.047947 178.428044 175.652736 177.036974 171.982682 171.598346 171.148904 170.430035 168.052380 170.623971 168.762937 172.128111 177.717632 177.386596 180.623275 183.909319 0.000000 0.000000
0.000000 0.000000 1780.639797 1785.518521 1791.490266 1773.277567 1758.266987 1747.504291 1750.120126 1747.565336 1751.263571 1755.508671 1751.912748 1749.844775 1759.823199 1759.067842 1766.288950 1773.354407 1774.597985 0.000000 0.000000
0.000000 0.000000 3185.786612 3179.737217 3177.034166 3172.699957 3164.857056 3157.494471 3155.957417 3155.765164 3154.868344 3152.821469 3150.109875 3152.160853 3151.662290 3167.059792 3172.003754 3175.257966 3177.706244 0.000000 0.000000
0.000000 0.000000 4205.802502 4203.295710 4200.312763 4195.970335 4183.069262 4166.719221 4166.790524 4163.446764 4165.122210 4167.868246 4169.764598 4170.831469 4190.554543 4199.796939 4204.569066 4206.232082 4211.420778 0.000000 0.000000
0.000000 0.000000 4840.761559 4842.179898 4841.413557 4835.218507 4834.770835 4827.865368 4828.484179 4828.893741 4827.720052 4825.364811 4825.023863 4828.438044 4828.163945 4830.391162 4838.569058 4836.823597 4839.832134 0.000000 0.000000
0.000000 0.000000 5694.959028 5692.364442 5688.476674 5689.573149 5683.096797 5672.786120 5673.315358 5670.741002 5668.353119 5669.590448 5670.705658 5665.421097 5678.216612 5685.892593 5687.882079 5688.695001 5690.110051 0.000000 0.000000
0.000000 0.000000 6684.040710 6681.753238 6684.079037 6683.581652 6669.043136 6662.199935 6663.681442 6662.829992 6660.860120 6663.996282 6666.847719 6665.109638 6667.973908 6677.877795 6681.580781 6681.759623 6682.442673 0.000000 0.000000
0.000000 0.000000 7750.715561 7750.988143 7751.301468 7737.343242 7734.852744 7724.343071 7727.932261 7718.996882 7721.464117 7720.585223 7715.839921 7722.927602 7726.957331 7728.023461 7734.485047 7740.287065 7747.458278 0.000000 0.000000
0.000000 0.000000 8864.372282 8859.945350 8855.319619 8853.747198 8849.972260 8835.457845 8834.592359 8833.738641 8840.394468 8833.480762 8835.384336 8834.765661 8849.712746 8852.598878 8853.908861 8854.401783 8873.488979 0.000000 0.000000
0.000000 0.000000 9990.088988 9988.271351 9989.443521 9982.239523 9978.324682 9952.580795 9951.452878 9951.181004 9937.133736 9945.991325 9949.776126 9951.553479 9966.801224 9970.344469 9983.951732 9983.305489 9990.112101 0.000000 0.000000
0.000000 0.000000 11223.017082 11224.489874 11217.978779 11217.063097 11190.874847 11198.813048 11188.659744 11190.112145 11191.320576 11190.990775 11189.427923 11185.956136 11176.017481 11204.071954 11209.288200 11219.633714 11226.503218 0.000000 0.000000
0.000000 0.000000 12549.961054 12545.103741 12542.482163 12520.099755 12519.493434 12504.608863 12492.112411 12490.688616 12485.983043 12479.999178 12482.944947 12481.018655 12495.074559 12498.704705 12537.705191 12529.195144 12529.325212 0.000000 0.000000
0.000000 0.000000 13908.400728 13907.880349 13874.528072 13873.552635 13878.413434 13870.832364 13887.241927 13879.899007 13885.560100 13881.211602 13876.168935 13884.067459 13887.551805 13886.966182 13867.900776 13915.976925 13909.097070 0.000000 0.000000
0.000000 0.000000 15447.317794 15407.281714 15405.075450 15396.297539 15372.377813 15365.937856 15358.365565 15361.479160 15348.509781 15348.844222 15353.337298 15353.279687 15364.081278 15373.883436 15403.130405 15398.222587 15443.647612 0.000000 0.000000
0.000000 0.000000 16533.188935 16543.720664 16585.953375 16579.442264 16565.301346 16530.526046 16531.636999 16518.365807 16529.311671 16527.517297 16533.132504 16528.112573 16558.174412 16569.751030 16592.376098 16549.135154 16538.362685 0.000000 0.000000
0.000000 0.000000 0.000000 0.000000 0.000000 0.000000 0.000000 0.000000 0.000000 0.000000 0.000000 0.000000 0.000000 0.000000 0.000000 0.000000 0.000000 0.000000 0.000000 0.000000 0.000000
0.000000 0.000000 0.000000 0.000000 0.000000 0.000000 0.000000 0.000000 0.000000 0.000000 0.000000 0.000000 0.000000 0.000000 0.000000 0.000000 0.000000 0.000000 0.000000 0.000000 0.000000