geotop/1.0zi/1.0Montebello/Templates/testdem/maps/_Erotot6962.asc
ncols         21
nrows         20
xllcorner     100.000000
yllcorner     100.000000
cellsize      50.000000
NODATA_value  -9999.0
0.000000 0.000000 0.000000 0.000000 0.000000 0.000000 0.000000 0.000000 0.000000 0.000000 0.000000 0.000000 0.000000 0.000000 0.000000 0.000000 0.000000 0.000000 0.000000 0.000000 0.000000
0.000000 0.000000 565.693527 566.498614 566.145951 566.376551 565.759566 565.731945 565.747217 565.851248 566.276605 565.604320 565.488654 565.574061 565.858137 565.822645 566.575833 566.851807 566.920676 0.000000 0.000000
0.000000 0.000000 44.454513 43.249085 43.215836 43.364009 43.597418 43.452658 43.192668 43.036176 43.274790 43.562377 43.495868 43.692626 43.470214 43.270925 41.987353 41.260338 42.004571 0.000000 0.000000
0.000000 0.000000 228.355024 230.438263 219.125813 216.495227 215.726427 209.173761 209.673461 208.649330 207.716000 205.648060 207.770611 207.064838 215.063395 221.072696 222.124299 223.606455 229.145368 0.000000 0.000000
0.000000 0.000000 2427.164397 2430.423339 2433.687807 2412.669378 2397.848510 2384.867914 2386.926105 2383.783740 2389.245879 2395.652265 2390.313570 2388.602850 2400.177691 2402.860358 2411.386082 2419.013679 2420.956034 0.000000 0.000000
0.000000 0.000000 4193.819846 4188.217637 4185.035029 4178.823215 4164.989110 4157.135814 4156.337740 4155.563055 4152.202485 4146.590481 4145.709523 4148.805134 4148.519152 4166.477734 4174.705887 4181.313038 4183.142097 0.000000 0.000000
0.000000 0.000000 5378.609222 5375.858931 5371.830225 5366.096592 5353.108291 5334.703498 5334.030157 5330.355609 5331.971402 5336.071386 5337.443889 5337.663549 5361.576424 5371.033283 5375.367663 5377.313374 5382.798468 0.000000 0.000000
0.000000 0.000000 6238.231097 6238.946036 6236.507519 6228.034526 6227.083985 6218.960990 6219.419673 6219.468503 6218.694566 6215.252179 6214.460499 6219.984021 6220.499572 6224.092669 6234.925350 6232.735691 6237.708229 0.000000 0.000000
0.000000 0.000000 7406.811372 7403.009002 7397.522547 7398.127271 7388.871492 7375.810222 7377.085704 7373.054586 7371.109693 7371.369714 7373.483255 7367.549008 7383.694540 7396.123825 7396.685790 7399.234921 7400.815374 0.000000 0.000000
0.000000 0.000000 8750.118157 8747.293593 8748.085725 8745.245332 8727.345794 8719.642743 8719.680198 8719.420247 8716.497546 8720.119549 8722.977488 8721.818953 8726.526155 8739.020667 8745.054667 8745.997107 8747.251923 0.000000 0.000000
0.000000 0.000000 10207.105545 10206.734976 10204.610723 10187.141911 10184.119667 10169.851202 10175.151276 10163.306796 10167.094455 10165.998825 10159.593734 10168.261981 10175.131573 10177.075778 10187.434146 10193.020538 10203.039997 0.000000 0.000000
0.000000 0.000000 11754.326766 11747.749723 11741.239772 11738.807361 11730.830608 11714.357710 11711.806215 11711.932518 11718.902709 11709.600970 11712.822842 11712.507038 11730.879911 11737.426325 11738.950853 11741.715967 11762.949297 0.000000 0.000000
0.000000 0.000000 13344.228682 13340.502874 13341.067576 13330.163144 13325.263970 13288.296806 13286.760306 13286.167886 13268.488311 13279.083855 13282.939300 13286.281258 13310.793875 13316.331924 13334.889794 13333.646914 13341.966202 0.000000 0.000000
0.000000 0.000000 15121.174383 15123.647335 15112.915843 15109.697786 15069.003687 15081.048621 15068.779542 15069.782607 15073.699634 15071.242851 15069.582875 15065.496774 15050.414158 15095.757360 15101.184794 15116.466102 15125.120523 0.000000 0.000000
0.000000 0.000000 17074.322588 17067.637354 17061.594232 17020.747899 17024.495597 17003.835676 16987.514336 16985.588868 16977.739779 16969.880950 16973.673934 16971.829661 16995.535002 16994.736878 17057.148206 17044.370113 17043.740291 0.000000 0.000000
0.000000 0.000000 19112.924823 19111.101679 19051.302367 19059.680659 19064.212484 19053.207562 19080.515925 19068.998157 19080.644218 19073.795300 19065.434534 19080.369994 19084.391779 19084.495486 19044.214231 19127.915935 19121.325700 0.000000 0.000000
0.000000 0.000000 21505.105999 21424.224145 21431.044441 21408.942344 21364.743376 21356.080346 21338.187907 21343.985066 21319.771546 21321.560689 21332.242531 21325.842861 21344.585287 21369.832956 21428.704382 21401.538506 21489.179770 0.000000 0.000000
0.000000 0.000000 22875.209617 22926.952288 23008.745824 23001.747310 22990.180379 22921.710319 22926.290680 22904.047551 22930.325954 22925.411448 22929.145758 22929.046302 22987.970358 22998.011839 23022.647162 22944.804363 22894.957336 0.000000 0.000000
0.000000 0.000000 0.000000 0.000000 0.000000 0.000000 0.000000 0.000000 0.000000 0.000000 0.000000 0.000000 0.000000 0.000000 0.000000 0.000000 0.000000 0.000000 0.000000 0.000000 0.000000
0.000000 0.000000 0.000000 0.000000 0.000000 0.000000 0.000000 0.000000 0.000000 0.000000 0.000000 0.000000 0.000000 0.000000 0.000000 0.000000 0.000000 0.000000 0.000000 0.000000 0.000000