geotop/1.0zi/1.0Montebello/Templates/testdem/maps/_Erotot4892.asc
ncols         21
nrows         20
xllcorner     100.000000
yllcorner     100.000000
cellsize      50.000000
NODATA_value  -9999.0
0.000000 0.000000 0.000000 0.000000 0.000000 0.000000 0.000000 0.000000 0.000000 0.000000 0.000000 0.000000 0.000000 0.000000 0.000000 0.000000 0.000000 0.000000 0.000000 0.000000 0.000000
0.000000 0.000000 361.523262 360.599596 360.315780 360.124647 360.095174 360.105032 360.145023 360.305032 360.259515 360.131565 360.212906 360.288230 360.166221 360.213629 360.400081 360.367392 360.936195 0.000000 0.000000
0.000000 0.000000 28.290433 29.238887 29.684706 30.725267 30.241392 30.359119 30.038315 29.833599 29.905683 30.248196 29.910289 29.706075 30.314439 29.933970 29.115361 28.507861 27.837129 0.000000 0.000000
0.000000 0.000000 151.030314 152.368834 145.149537 143.158856 144.362358 139.640791 138.866548 138.973286 137.574671 136.433650 137.548684 136.099259 138.647318 143.463896 142.998886 146.385604 149.098957 0.000000 0.000000
0.000000 0.000000 1470.122631 1474.353383 1479.567721 1461.977049 1450.863026 1442.587885 1445.222460 1439.684720 1443.552655 1447.717197 1448.052593 1448.390107 1457.856987 1456.928167 1463.234061 1468.575194 1470.377508 0.000000 0.000000
0.000000 0.000000 2753.195312 2747.570635 2743.694069 2740.585646 2734.235451 2730.965643 2728.341970 2730.196736 2729.607951 2726.883396 2723.289955 2725.182138 2725.146444 2738.196768 2742.094993 2742.365314 2745.263317 0.000000 0.000000
0.000000 0.000000 3525.925614 3521.311373 3516.477252 3512.600681 3501.553081 3485.935139 3487.304101 3483.954941 3486.803075 3485.929886 3488.844075 3491.116208 3505.917102 3515.198716 3521.370639 3525.366136 3528.950943 0.000000 0.000000
0.000000 0.000000 4083.540851 4083.666175 4084.239219 4079.658968 4077.703672 4072.787464 4073.504350 4073.850474 4071.185722 4071.945183 4070.986073 4070.180179 4073.693733 4077.209343 4079.251889 4078.958490 4080.221869 0.000000 0.000000
0.000000 0.000000 4781.460432 4781.118940 4778.366366 4775.954114 4771.094823 4762.278041 4762.587181 4760.835671 4761.097616 4761.563465 4760.961729 4761.967344 4767.552714 4775.591357 4775.569048 4777.359374 4781.130784 0.000000 0.000000
0.000000 0.000000 5602.518268 5600.560774 5600.639483 5596.546594 5587.251230 5581.988513 5583.658554 5582.827942 5582.692961 5582.516517 5581.816696 5580.571348 5588.392226 5595.337160 5597.584138 5598.903038 5600.328593 0.000000 0.000000
0.000000 0.000000 6471.643424 6469.622530 6468.035596 6465.678605 6462.446531 6451.575641 6451.916257 6449.476735 6449.335699 6450.208537 6449.413656 6449.714279 6455.213412 6458.233788 6463.000795 6465.396792 6468.537422 0.000000 0.000000
0.000000 0.000000 7377.489744 7376.547193 7373.875846 7366.801442 7361.454402 7353.008453 7352.051900 7351.781413 7351.644838 7350.586943 7350.538935 7350.849072 7360.503168 7366.816762 7370.208158 7371.701841 7389.021940 0.000000 0.000000
0.000000 0.000000 8291.669648 8289.542629 8287.118101 8284.034984 8275.870794 8255.427990 8255.754220 8254.041279 8253.689675 8254.124925 8252.864532 8253.822079 8271.294044 8279.862687 8283.123691 8284.975301 8287.396030 0.000000 0.000000
0.000000 0.000000 9270.674420 9267.318656 9264.983969 9260.734604 9239.165889 9247.590017 9241.613395 9240.803601 9240.965724 9241.070462 9240.160412 9240.376661 9234.518941 9254.785387 9258.740872 9264.500368 9264.443871 0.000000 0.000000
0.000000 0.000000 10317.701276 10312.698976 10307.569945 10292.909804 10289.840034 10272.947400 10264.579159 10262.944487 10258.194356 10257.663760 10259.228368 10257.278260 10269.061260 10277.422132 10300.963260 10296.680299 10298.199603 0.000000 0.000000
0.000000 0.000000 11366.632311 11365.973642 11342.695395 11346.231350 11345.028056 11343.924763 11347.073804 11347.298524 11350.088108 11349.650136 11346.559404 11352.633455 11350.509115 11349.230966 11336.716897 11363.987878 11368.977717 0.000000 0.000000
0.000000 0.000000 12559.298146 12531.269342 12522.371534 12513.527420 12496.708994 12489.718819 12487.932624 12487.171062 12482.746688 12482.833108 12483.717150 12480.980352 12486.658187 12505.190056 12519.840750 12520.354024 12548.531393 0.000000 0.000000
0.000000 0.000000 13431.321876 13435.964138 13461.083510 13450.397644 13442.912188 13416.345250 13414.569996 13411.722760 13413.551836 13413.026548 13411.597243 13413.953863 13439.303222 13448.748128 13461.511956 13432.347360 13433.531058 0.000000 0.000000
0.000000 0.000000 0.000000 0.000000 0.000000 0.000000 0.000000 0.000000 0.000000 0.000000 0.000000 0.000000 0.000000 0.000000 0.000000 0.000000 0.000000 0.000000 0.000000 0.000000 0.000000
0.000000 0.000000 0.000000 0.000000 0.000000 0.000000 0.000000 0.000000 0.000000 0.000000 0.000000 0.000000 0.000000 0.000000 0.000000 0.000000 0.000000 0.000000 0.000000 0.000000 0.000000