geotop/1.0zi/1.0Montebello/Templates/testdem/maps/_Erotot6156.asc
ncols         21
nrows         20
xllcorner     100.000000
yllcorner     100.000000
cellsize      50.000000
NODATA_value  -9999.0
0.000000 0.000000 0.000000 0.000000 0.000000 0.000000 0.000000 0.000000 0.000000 0.000000 0.000000 0.000000 0.000000 0.000000 0.000000 0.000000 0.000000 0.000000 0.000000 0.000000 0.000000
0.000000 0.000000 469.295179 468.488127 468.295631 468.572021 468.035682 468.105396 468.049275 468.227433 468.615888 467.928205 467.866652 467.946317 468.090877 468.002330 468.702759 468.907096 468.836715 0.000000 0.000000
0.000000 0.000000 35.215370 35.891262 36.190449 36.903190 37.104948 36.888777 36.716891 36.495161 36.768670 37.068640 36.878518 37.117732 37.039201 36.813567 35.501502 34.662224 35.038862 0.000000 0.000000
0.000000 0.000000 192.852096 193.549708 185.968411 183.617762 184.988267 179.906309 179.011985 179.138731 177.431276 175.486342 177.927518 175.662964 179.946513 185.622084 185.523923 187.841471 192.044669 0.000000 0.000000
0.000000 0.000000 1890.271323 1894.541162 1898.615240 1878.718081 1863.703542 1852.285297 1855.337501 1851.873292 1855.850403 1860.518049 1857.305364 1855.673818 1865.528585 1866.240534 1874.689312 1882.542479 1883.938642 0.000000 0.000000
0.000000 0.000000 3393.281200 3388.045479 3385.022321 3380.111977 3371.102844 3363.801569 3361.819567 3361.945525 3360.330904 3357.526978 3354.676882 3357.115855 3358.983062 3375.111841 3380.486388 3384.714501 3387.109783 0.000000 0.000000
0.000000 0.000000 4544.109271 4541.458478 4538.131187 4533.850896 4520.789561 4503.518994 4503.620356 4500.029746 4502.014208 4504.810248 4506.904451 4508.076959 4528.238710 4537.906197 4542.434789 4543.832793 4549.259059 0.000000 0.000000
0.000000 0.000000 5211.939671 5213.207094 5211.774572 5205.156518 5204.381436 5196.985362 5197.484945 5197.843617 5196.503537 5194.024190 5193.763887 5197.476012 5198.078724 5200.983656 5209.589000 5207.996869 5211.410692 0.000000 0.000000
0.000000 0.000000 6156.761768 6153.950224 6149.332200 6149.976852 6143.075848 6132.223287 6132.616830 6129.937863 6127.357671 6128.470417 6129.594100 6124.673101 6138.469082 6147.026170 6149.464353 6150.491613 6152.353211 0.000000 0.000000
0.000000 0.000000 7250.750515 7248.227200 7249.880050 7248.893099 7233.818401 7226.167985 7227.516855 7226.575300 7224.400468 7227.472547 7230.762424 7229.009744 7232.831894 7243.817099 7248.087354 7248.464147 7249.548250 0.000000 0.000000
0.000000 0.000000 8432.076228 8432.140450 8431.755813 8417.050111 8414.222233 8403.098581 8406.607638 8397.401456 8399.738760 8398.673069 8393.802231 8401.500645 8406.575139 8408.308946 8415.340263 8421.484377 8429.231769 0.000000 0.000000
0.000000 0.000000 9671.247507 9666.475972 9660.951672 9658.846273 9654.565652 9639.191477 9638.064103 9637.171381 9643.802431 9636.536035 9638.610435 9638.322046 9654.706910 9658.528257 9660.375378 9661.068109 9681.130841 0.000000 0.000000
0.000000 0.000000 10928.912132 10926.846215 10927.468575 10919.581352 10915.210908 10886.839804 10885.330967 10884.929521 10870.060029 10879.173012 10883.173276 10885.616191 10903.471521 10907.738296 10922.487299 10922.042029 10929.288441 0.000000 0.000000
0.000000 0.000000 12312.137186 12313.388236 12305.854767 12304.403895 12274.861990 12283.452007 12272.673128 12274.148534 12275.201891 12274.555140 12273.142529 12269.735157 12259.808621 12291.890710 12297.667044 12308.809603 12316.395447 0.000000 0.000000
0.000000 0.000000 13811.822429 13806.602993 13802.821091 13776.092638 13776.193037 13759.667874 13746.266107 13744.550606 13739.301444 13732.741414 13736.052646 13734.429870 13750.541288 13754.353533 13798.755080 13789.589268 13790.083201 0.000000 0.000000
0.000000 0.000000 15358.340384 15357.482498 15317.724122 15317.951401 15323.110920 15315.390399 15333.561948 15325.669948 15332.002205 15327.215846 15321.438298 15331.029759 15335.053762 15334.582640 15311.970749 15368.036902 15361.372160 0.000000 0.000000
0.000000 0.000000 17125.234670 17075.935421 17074.317174 17063.312008 17035.869981 17028.193923 17018.730817 17022.123826 17006.792558 17007.202658 17013.091588 17012.406957 17025.790665 17038.537698 17073.372745 17065.020117 17120.228290 0.000000 0.000000
0.000000 0.000000 18321.525441 18338.853092 18390.191733 18383.013681 18368.628437 18326.976079 18328.209992 18313.040648 18326.406593 18324.102400 18329.786467 18325.891134 18362.515263 18374.806953 18399.372837 18347.103929 18330.250200 0.000000 0.000000
0.000000 0.000000 0.000000 0.000000 0.000000 0.000000 0.000000 0.000000 0.000000 0.000000 0.000000 0.000000 0.000000 0.000000 0.000000 0.000000 0.000000 0.000000 0.000000 0.000000 0.000000
0.000000 0.000000 0.000000 0.000000 0.000000 0.000000 0.000000 0.000000 0.000000 0.000000 0.000000 0.000000 0.000000 0.000000 0.000000 0.000000 0.000000 0.000000 0.000000 0.000000 0.000000