geotop/1.0zi/1.0Montebello/Templates/testdem/maps/_Erotot7695.asc
ncols         21
nrows         20
xllcorner     100.000000
yllcorner     100.000000
cellsize      50.000000
NODATA_value  -9999.0
0.000000 0.000000 0.000000 0.000000 0.000000 0.000000 0.000000 0.000000 0.000000 0.000000 0.000000 0.000000 0.000000 0.000000 0.000000 0.000000 0.000000 0.000000 0.000000 0.000000 0.000000
0.000000 0.000000 645.585017 646.419195 645.901234 646.035907 645.070537 645.260541 645.218484 645.312039 645.742360 645.066726 644.951326 644.993462 645.344348 645.474992 646.284999 646.786313 646.969286 0.000000 0.000000
0.000000 0.000000 50.216014 49.229126 49.161018 49.557698 50.173196 49.847845 49.575640 49.423537 49.659131 50.001114 50.021875 50.184592 49.938017 49.415759 48.128430 47.275397 47.800350 0.000000 0.000000
0.000000 0.000000 353.457713 354.624223 342.530900 336.870132 337.411185 326.092210 326.223587 327.021710 323.353920 321.605611 323.743198 323.887663 334.139462 341.150579 345.752499 348.685301 353.581862 0.000000 0.000000
0.000000 0.000000 3022.741854 3025.697488 3029.245808 3007.172674 2988.716276 2978.889395 2978.210519 2973.549455 2980.553081 2985.869692 2981.409155 2979.992326 2994.500683 2997.379132 3007.139270 3015.748604 3015.430867 0.000000 0.000000
0.000000 0.000000 4861.919682 4856.154970 4852.560353 4846.498828 4831.858628 4822.095587 4822.968133 4821.911405 4818.541544 4812.849099 4811.829856 4815.066440 4814.327624 4833.873212 4841.758959 4848.644494 4851.682396 0.000000 0.000000
0.000000 0.000000 6134.278479 6131.326887 6126.996794 6120.301929 6106.761560 6085.529045 6084.510812 6080.703755 6082.143417 6085.914001 6087.432599 6087.920336 6115.123462 6124.889392 6130.336885 6133.069072 6138.260843 0.000000 0.000000
0.000000 0.000000 7187.204049 7187.578440 7184.748646 7175.091512 7172.946314 7163.946754 7164.173961 7163.984072 7163.042776 7159.154052 7158.494647 7164.676399 7166.229538 7170.815957 7183.068867 7181.628866 7186.517475 0.000000 0.000000
0.000000 0.000000 8578.613618 8574.256765 8568.201053 8568.029904 8557.349462 8542.408174 8543.672987 8539.146387 8537.118159 8536.901018 8539.348115 8533.626215 8551.950802 8565.498128 8567.199810 8570.853727 8572.165663 0.000000 0.000000
0.000000 0.000000 10172.460596 10169.165389 10169.579059 10165.535996 10145.713088 10136.400918 10136.048827 10135.762635 10132.399357 10135.861440 10138.959256 10138.263991 10144.819469 10158.794229 10166.228014 10168.184754 10169.215978 0.000000 0.000000
0.000000 0.000000 11914.536326 11913.829146 11911.183226 11891.419544 11885.877346 11870.630181 11876.289348 11863.169334 11867.219879 11865.517607 11858.735735 11868.510340 11877.628798 11880.276020 11892.557860 11899.495731 11909.952044 0.000000 0.000000
0.000000 0.000000 13796.378506 13788.700396 13780.977274 13777.717803 13767.918837 13748.571913 13745.081171 13745.562941 13752.779287 13742.020689 13746.058598 13746.020310 13767.825317 13775.986549 13778.768560 13782.779038 13805.478519 0.000000 0.000000
0.000000 0.000000 15746.121547 15741.521990 15742.019416 15728.671749 15722.065948 15675.787758 15674.134095 15673.174423 15652.592704 15664.482745 15668.717545 15673.323800 15705.536425 15712.315648 15734.822228 15734.530705 15742.220493 0.000000 0.000000
0.000000 0.000000 17969.583515 17972.046981 17959.135332 17954.695091 17900.193659 17918.466567 17903.403195 17904.464081 17910.356632 17905.989844 17904.028924 17899.504681 17879.966418 17939.076352 17945.615635 17964.991786 17974.284735 0.000000 0.000000
0.000000 0.000000 20454.852006 20446.929394 20438.452471 20379.478876 20390.822366 20361.235226 20342.493906 20339.462489 20328.532014 20318.450922 20324.193786 20322.927920 20356.560463 20348.187705 20434.306442 20417.406551 20415.209242 0.000000 0.000000
0.000000 0.000000 23052.790901 23049.897818 22964.558853 22987.573213 22989.397388 22979.453907 23018.200276 23003.878489 23021.562388 23013.402134 23000.361790 23022.593690 23024.859648 23025.530861 22956.534336 23081.026677 23072.794052 0.000000 0.000000
0.000000 0.000000 26156.769445 26032.881906 26060.266885 26020.976838 25955.504493 25941.968578 25908.869349 25918.611709 25880.133669 25883.691568 25903.211615 25887.714930 25917.609441 25957.968978 26057.944304 25993.244039 26125.241180 0.000000 0.000000
0.000000 0.000000 27500.139682 27612.472155 27730.832657 27729.923970 27728.917531 27627.812939 27641.576238 27608.311206 27656.146579 27647.130754 27645.856921 27654.372880 27739.160642 27741.009492 27752.639292 27651.820540 27541.005737 0.000000 0.000000
0.000000 0.000000 0.000000 0.000000 0.000000 0.000000 0.000000 0.000000 0.000000 0.000000 0.000000 0.000000 0.000000 0.000000 0.000000 0.000000 0.000000 0.000000 0.000000 0.000000 0.000000
0.000000 0.000000 0.000000 0.000000 0.000000 0.000000 0.000000 0.000000 0.000000 0.000000 0.000000 0.000000 0.000000 0.000000 0.000000 0.000000 0.000000 0.000000 0.000000 0.000000 0.000000