geotop/1.0zi/1.0Montebello/Templates/testdem/maps/_Erotot0687.asc
ncols         21
nrows         20
xllcorner     100.000000
yllcorner     100.000000
cellsize      50.000000
NODATA_value  -9999.0
0.000000 0.000000 0.000000 0.000000 0.000000 0.000000 0.000000 0.000000 0.000000 0.000000 0.000000 0.000000 0.000000 0.000000 0.000000 0.000000 0.000000 0.000000 0.000000 0.000000 0.000000
0.000000 0.000000 50.679110 50.679788 50.712426 50.679959 50.679236 50.679628 50.679445 50.679350 50.679323 50.679350 50.679445 50.679628 50.679236 50.679959 50.712426 50.679788 50.679110 0.000000 0.000000
0.000000 0.000000 7.130295 6.913849 5.096649 6.909328 7.173737 7.158299 7.172804 7.179666 7.180733 7.179666 7.172804 7.158299 7.173737 6.909328 5.096649 6.913849 7.130295 0.000000 0.000000
0.000000 0.000000 594.681735 594.932456 595.056647 594.831270 594.626101 594.726231 594.722755 594.658436 594.588057 594.658436 594.722755 594.726231 594.626101 594.831270 595.056647 594.932456 594.681735 0.000000 0.000000
0.000000 0.000000 957.896535 957.849086 957.092781 957.832358 957.920729 957.947704 957.942660 957.946693 957.942014 957.946693 957.942660 957.947704 957.920729 957.832358 957.092781 957.849086 957.896535 0.000000 0.000000
0.000000 0.000000 1296.390929 1296.397418 1295.693450 1296.354540 1296.399171 1296.441858 1296.446488 1296.425654 1296.404926 1296.425654 1296.446488 1296.441858 1296.399171 1296.354540 1295.693450 1296.397418 1296.390929 0.000000 0.000000
0.000000 0.000000 1701.692883 1701.701669 1701.074178 1701.659027 1701.696935 1701.739813 1701.745200 1701.722233 1701.703855 1701.722233 1701.745200 1701.739813 1701.696935 1701.659027 1701.074178 1701.701669 1701.692883 0.000000 0.000000
0.000000 0.000000 2092.424144 2092.432001 2091.851031 2092.391809 2092.425736 2092.467533 2092.472889 2092.449858 2092.433037 2092.449858 2092.472889 2092.467533 2092.425736 2092.391809 2091.851031 2092.432001 2092.424144 0.000000 0.000000
0.000000 0.000000 2466.099110 2466.106824 2465.553273 2466.067535 2466.098837 2466.139674 2466.145017 2466.122174 2466.106003 2466.122174 2466.145017 2466.139674 2466.098837 2466.067535 2465.553273 2466.106824 2466.099110 0.000000 0.000000
0.000000 0.000000 2827.804836 2827.811928 2827.274699 2827.773609 2827.803274 2827.843340 2827.848638 2827.825945 2827.809956 2827.825945 2827.848638 2827.843340 2827.803274 2827.773609 2827.274699 2827.811928 2827.804836 0.000000 0.000000
0.000000 0.000000 3179.553629 3179.560091 3179.032472 3179.522478 3179.551112 3179.590610 3179.595873 3179.573272 3179.557241 3179.573272 3179.595873 3179.590610 3179.551112 3179.522478 3179.032472 3179.560091 3179.553629 0.000000 0.000000
0.000000 0.000000 3521.910371 3521.913937 3521.396778 3521.877930 3521.905653 3521.943833 3521.949531 3521.927101 3521.912101 3521.927101 3521.949531 3521.943833 3521.905653 3521.877930 3521.396778 3521.913937 3521.910371 0.000000 0.000000
0.000000 0.000000 3857.218775 3857.220870 3856.709141 3857.187053 3857.213005 3857.250504 3857.256305 3857.233828 3857.218929 3857.233828 3857.256305 3857.250504 3857.213005 3857.187053 3856.709141 3857.220870 3857.218775 0.000000 0.000000
0.000000 0.000000 4189.009607 4189.009862 4188.502639 4188.976369 4189.003078 4189.040405 4189.046337 4189.023863 4189.008852 4189.023863 4189.046337 4189.040405 4189.003078 4188.976369 4188.502639 4189.009862 4189.009607 0.000000 0.000000
0.000000 0.000000 4516.372587 4516.373199 4515.864266 4516.339466 4516.365862 4516.402695 4516.408706 4516.386201 4516.370447 4516.386201 4516.408706 4516.402695 4516.365862 4516.339466 4515.864266 4516.373199 4516.372587 0.000000 0.000000
0.000000 0.000000 4841.124964 4841.126810 4840.627546 4841.093102 4841.118719 4841.155423 4841.161438 4841.138880 4841.122570 4841.138880 4841.161438 4841.155423 4841.118719 4841.093102 4840.627546 4841.126810 4841.124961 0.000000 0.000000
0.000000 0.000000 5160.838020 5160.838130 5160.336093 5160.805539 5160.831400 5160.867402 5160.873510 5160.850907 5160.834297 5160.850907 5160.873510 5160.867402 5160.831400 5160.805539 5160.336093 5160.838117 5160.837588 0.000000 0.000000
0.000000 0.000000 5487.428698 5487.552850 5487.051760 5487.517642 5487.543341 5487.579250 5487.585659 5487.562998 5487.546153 5487.562998 5487.585659 5487.579250 5487.543341 5487.517641 5487.051746 5487.550832 5487.550007 0.000000 0.000000
0.000000 0.000000 0.000000 0.000000 0.000000 0.000000 0.000000 0.000000 0.000000 0.000000 0.000000 0.000000 0.000000 0.000000 0.000000 0.000000 0.000000 0.000000 0.000000 0.000000 0.000000
0.000000 0.000000 0.000000 0.000000 0.000000 0.000000 0.000000 0.000000 0.000000 0.000000 0.000000 0.000000 0.000000 0.000000 0.000000 0.000000 0.000000 0.000000 0.000000 0.000000 0.000000