geotop/1.0zi/1.0Montebello/Templates/testdem/maps/_Erotot4339.asc
ncols         21
nrows         20
xllcorner     100.000000
yllcorner     100.000000
cellsize      50.000000
NODATA_value  -9999.0
0.000000 0.000000 0.000000 0.000000 0.000000 0.000000 0.000000 0.000000 0.000000 0.000000 0.000000 0.000000 0.000000 0.000000 0.000000 0.000000 0.000000 0.000000 0.000000 0.000000 0.000000
0.000000 0.000000 328.962894 328.521850 328.326791 328.178447 328.203805 328.259978 328.297600 328.295922 328.282453 328.285770 328.287368 328.331492 328.200806 328.221450 328.396734 328.310399 328.405016 0.000000 0.000000
0.000000 0.000000 26.419082 26.998235 27.272093 27.939825 27.479954 27.486732 27.062597 26.995264 27.048183 27.402707 27.138405 27.030391 27.579548 27.360788 26.487746 25.950053 25.828219 0.000000 0.000000
0.000000 0.000000 139.428765 140.665954 133.573860 131.137372 132.098244 126.957974 126.129580 125.716692 124.952147 124.498061 125.639844 124.345954 127.121253 132.094430 132.807720 135.084407 137.741203 0.000000 0.000000
0.000000 0.000000 1313.018750 1315.878155 1321.651616 1316.524623 1310.239849 1306.311534 1309.908775 1304.398122 1307.831557 1311.351565 1309.817022 1305.660433 1309.847133 1306.649621 1307.154662 1308.617726 1309.300732 0.000000 0.000000
0.000000 0.000000 2514.624879 2508.568163 2500.320022 2492.225552 2485.122302 2481.295117 2478.560861 2480.457427 2480.094729 2477.267129 2473.241464 2475.489864 2475.921180 2488.809816 2494.879494 2495.790023 2499.751135 0.000000 0.000000
0.000000 0.000000 3174.158111 3169.725576 3166.232061 3162.505511 3154.949184 3141.075326 3142.956360 3139.681710 3142.246378 3141.379763 3143.365426 3144.583826 3158.159917 3165.001794 3171.863545 3175.855376 3178.044978 0.000000 0.000000
0.000000 0.000000 3622.936434 3622.741944 3622.909306 3618.069965 3617.480249 3613.912595 3614.803397 3615.156634 3612.608715 3613.725067 3611.847843 3609.909207 3612.502065 3616.223395 3617.715101 3616.762497 3618.208994 0.000000 0.000000
0.000000 0.000000 4251.166010 4250.427790 4246.726792 4245.299814 4241.598775 4233.245472 4233.802180 4231.970636 4232.446726 4232.736005 4231.491681 4231.478698 4235.879714 4243.280018 4243.151851 4244.365792 4247.999212 0.000000 0.000000
0.000000 0.000000 4967.627001 4965.637350 4964.526413 4960.574300 4952.914249 4948.884025 4950.677866 4949.833894 4949.681857 4949.688166 4948.225143 4945.905249 4952.376914 4958.497246 4960.806406 4961.589425 4963.004218 0.000000 0.000000
0.000000 0.000000 5723.892179 5721.686815 5718.797415 5716.431323 5714.912944 5705.381668 5705.967790 5703.460518 5703.566082 5704.343227 5702.756683 5701.776893 5705.790179 5708.241589 5712.581213 5714.495432 5717.604417 0.000000 0.000000
0.000000 0.000000 6510.082247 6508.331423 6505.143790 6498.231529 6494.092839 6486.988747 6486.309666 6485.849197 6485.772650 6484.907969 6484.035307 6483.265047 6491.572581 6497.263207 6500.488010 6501.412917 6518.280349 0.000000 0.000000
0.000000 0.000000 7295.991997 7293.544331 7290.067420 7286.981481 7280.688378 7263.251857 7263.807689 7262.123506 7261.842651 7262.307509 7260.257542 7260.030364 7274.297356 7282.085456 7285.030704 7286.415960 7288.829281 0.000000 0.000000
0.000000 0.000000 8134.367933 8131.048175 8127.319250 8123.072985 8105.802198 8113.749628 8108.617308 8107.617726 8107.816765 8107.888219 8106.242084 8105.400354 8099.561268 8116.892400 8120.429932 8125.393302 8125.449312 0.000000 0.000000
0.000000 0.000000 9027.405384 9021.770728 9016.066416 9004.215596 9001.905845 8987.078391 8979.746315 8978.146678 8973.822914 8973.091340 8973.614983 8970.603319 8980.393920 8988.425917 9008.464739 9004.229418 9005.691610 0.000000 0.000000
0.000000 0.000000 9914.169678 9913.094393 9892.337093 9894.569392 9894.891639 9894.522582 9897.279539 9897.224017 9899.720427 9899.518256 9895.883796 9899.876770 9896.904591 9895.765675 9885.376498 9907.262054 9911.799740 0.000000 0.000000
0.000000 0.000000 10917.997325 10895.374381 10885.691770 10877.729338 10864.401348 10858.960052 10857.695155 10856.967898 10853.204826 10853.354594 10852.840990 10849.573849 10853.336855 10869.206327 10881.937035 10882.791441 10905.324293 0.000000 0.000000
0.000000 0.000000 11666.237112 11667.810741 11685.981162 11676.096813 11670.585657 11651.171249 11650.048654 11647.359378 11648.646667 11648.212406 11646.117969 11646.395829 11664.471149 11673.028691 11684.371449 11660.466395 11663.359941 0.000000 0.000000
0.000000 0.000000 0.000000 0.000000 0.000000 0.000000 0.000000 0.000000 0.000000 0.000000 0.000000 0.000000 0.000000 0.000000 0.000000 0.000000 0.000000 0.000000 0.000000 0.000000 0.000000
0.000000 0.000000 0.000000 0.000000 0.000000 0.000000 0.000000 0.000000 0.000000 0.000000 0.000000 0.000000 0.000000 0.000000 0.000000 0.000000 0.000000 0.000000 0.000000 0.000000 0.000000