geotop/1.0zi/1.0Montebello/Templates/testdem/maps/_Erotot4755.asc
ncols         21
nrows         20
xllcorner     100.000000
yllcorner     100.000000
cellsize      50.000000
NODATA_value  -9999.0
0.000000 0.000000 0.000000 0.000000 0.000000 0.000000 0.000000 0.000000 0.000000 0.000000 0.000000 0.000000 0.000000 0.000000 0.000000 0.000000 0.000000 0.000000 0.000000 0.000000 0.000000
0.000000 0.000000 353.660009 353.200172 352.981965 352.815238 352.815503 352.855698 352.892907 352.894157 352.883492 352.877298 352.882924 352.926663 352.814983 352.855182 353.051902 352.984617 353.102086 0.000000 0.000000
0.000000 0.000000 27.883305 28.435698 28.827576 29.927552 29.420145 29.514509 29.107773 29.019946 29.060645 29.394323 29.136937 28.937496 29.459633 29.166306 28.264579 27.674718 27.508941 0.000000 0.000000
0.000000 0.000000 136.188296 137.448406 130.359962 127.977753 129.139423 124.156409 123.418317 123.073699 122.204500 121.641282 122.654097 121.256685 123.952919 128.949602 129.526039 131.790449 134.392243 0.000000 0.000000
0.000000 0.000000 1350.863967 1354.998594 1360.201319 1343.032556 1331.940059 1323.912338 1326.405635 1320.610573 1324.822714 1328.908105 1329.273972 1329.755435 1339.107460 1338.064334 1343.503722 1349.249269 1351.082900 0.000000 0.000000
0.000000 0.000000 2641.936594 2636.305782 2632.414444 2629.344792 2623.163025 2619.976723 2617.293877 2619.012996 2618.602478 2616.015504 2612.397205 2614.286885 2614.134847 2627.084167 2631.270423 2631.341620 2634.211624 0.000000 0.000000
0.000000 0.000000 3390.689476 3386.053044 3381.285167 3377.388350 3366.471815 3351.112949 3352.426664 3348.816076 3351.963124 3351.290769 3354.164893 3356.472343 3371.035286 3380.281593 3386.545431 3390.301795 3393.840627 0.000000 0.000000
0.000000 0.000000 3915.429928 3915.529943 3916.140115 3911.594714 3909.697287 3904.856648 3905.524144 3905.657280 3903.246554 3904.221842 3903.230924 3902.461858 3905.855589 3909.351120 3911.493142 3910.923273 3912.170466 0.000000 0.000000
0.000000 0.000000 4575.723976 4575.378679 4572.683448 4570.317295 4565.540688 4556.854250 4557.087443 4555.093457 4555.673178 4556.331432 4555.717011 4556.761665 4562.219312 4570.200372 4570.289263 4571.794742 4575.536316 0.000000 0.000000
0.000000 0.000000 5357.921284 5355.957560 5356.072901 5352.022886 5342.897169 5337.744963 5339.339623 5338.269024 5338.418113 5338.489250 5337.764822 5336.577013 5344.225829 5351.122750 5353.445928 5354.488455 5355.888009 0.000000 0.000000
0.000000 0.000000 6186.693473 6184.655680 6183.127262 6180.819241 6177.682944 6166.986987 6167.262985 6164.584714 6164.789280 6165.836707 6165.024726 6165.349164 6170.714980 6173.710290 6178.550178 6180.650910 6183.749039 0.000000 0.000000
0.000000 0.000000 7049.590454 7048.638123 7046.057570 7039.096741 7033.883993 7025.626875 7024.620684 7024.061360 7024.245174 7023.446514 7023.364017 7023.730550 7033.144073 7039.388051 7042.860272 7044.058691 7061.166270 0.000000 0.000000
0.000000 0.000000 7918.575160 7916.384365 7914.031256 7910.998384 7903.019745 7883.352934 7883.594252 7881.649810 7881.634213 7882.290507 7881.031037 7882.015888 7898.772495 7907.210134 7910.532659 7912.079990 7914.512671 0.000000 0.000000
0.000000 0.000000 8847.019444 8843.801654 8841.507539 8837.325989 8816.786731 8824.872682 8818.899464 8817.817387 8818.321974 8818.697697 8817.763642 8818.043386 8812.395773 8831.833260 8835.840260 8841.182073 8841.139299 0.000000 0.000000
0.000000 0.000000 9839.460378 9834.417164 9829.551789 9816.014151 9812.633876 9796.053166 9787.849957 9785.952376 9781.696447 9781.406962 9782.868483 9781.045935 9792.615892 9801.138168 9823.518716 9819.129932 9820.599809 0.000000 0.000000
0.000000 0.000000 10830.836959 10830.176939 10808.352155 10811.308399 10809.876832 10808.641991 10811.525456 10811.376887 10814.352493 10814.156921 10811.260498 10817.039028 10815.062946 10814.327461 10802.942056 10828.107034 10832.904669 0.000000 0.000000
0.000000 0.000000 11956.454704 11930.559653 11921.741307 11913.296102 11897.476418 11890.749004 11888.911098 11887.934687 11884.132439 11884.504447 11885.152269 11882.846777 11888.204510 11905.740175 11919.740102 11920.516460 11946.524369 0.000000 0.000000
0.000000 0.000000 12786.904908 12790.427599 12813.231229 12802.935226 12795.541407 12770.742899 12768.983299 12765.894263 12767.874908 12767.657358 12766.343665 12768.452595 12792.096095 12801.506033 12813.878418 12786.723145 12788.744304 0.000000 0.000000
0.000000 0.000000 0.000000 0.000000 0.000000 0.000000 0.000000 0.000000 0.000000 0.000000 0.000000 0.000000 0.000000 0.000000 0.000000 0.000000 0.000000 0.000000 0.000000 0.000000 0.000000
0.000000 0.000000 0.000000 0.000000 0.000000 0.000000 0.000000 0.000000 0.000000 0.000000 0.000000 0.000000 0.000000 0.000000 0.000000 0.000000 0.000000 0.000000 0.000000 0.000000 0.000000