geotop/1.0zi/1.0Montebello/Templates/testdem/maps/_Erotot2557.asc
ncols         21
nrows         20
xllcorner     100.000000
yllcorner     100.000000
cellsize      50.000000
NODATA_value  -9999.0
0.000000 0.000000 0.000000 0.000000 0.000000 0.000000 0.000000 0.000000 0.000000 0.000000 0.000000 0.000000 0.000000 0.000000 0.000000 0.000000 0.000000 0.000000 0.000000 0.000000 0.000000
0.000000 0.000000 246.605539 246.608190 246.612405 246.731883 246.599585 246.603818 246.579172 246.619828 246.630378 246.619828 246.579172 246.603818 246.599585 246.731883 246.612405 246.608190 246.605539 0.000000 0.000000
0.000000 0.000000 13.946299 13.724692 11.973372 13.694405 13.987855 13.974147 14.006651 13.972526 13.961506 13.972526 14.006651 13.974147 13.987855 13.694405 11.973372 13.724692 13.946299 0.000000 0.000000
0.000000 0.000000 1764.532033 1764.210780 1764.544390 1762.676219 1764.681886 1764.124521 1764.118567 1764.945950 1765.097432 1764.945950 1764.118567 1764.124521 1764.681886 1762.676219 1764.544390 1764.210780 1764.532033 0.000000 0.000000
0.000000 0.000000 3628.544744 3628.373915 3627.714253 3628.307382 3628.852217 3628.709613 3628.675959 3628.826313 3628.789865 3628.826313 3628.675959 3628.709613 3628.852217 3628.307382 3627.714253 3628.373915 3628.544744 0.000000 0.000000
0.000000 0.000000 4695.429068 4695.223391 4694.661507 4694.813939 4695.625768 4695.331858 4695.351150 4695.695460 4695.785078 4695.695460 4695.351150 4695.331858 4695.625768 4694.813939 4694.661507 4695.223391 4695.429068 0.000000 0.000000
0.000000 0.000000 6123.739295 6123.568259 6123.054146 6123.196080 6123.889696 6123.635474 6123.660211 6123.966093 6124.064803 6123.966093 6123.660211 6123.635474 6123.889696 6123.196080 6123.054146 6123.568259 6123.739295 0.000000 0.000000
0.000000 0.000000 7471.345500 7471.201962 7470.723483 7470.867862 7471.464278 7471.245736 7471.267926 7471.541787 7471.636261 7471.541787 7471.267926 7471.245736 7471.464278 7470.867862 7470.723483 7471.201962 7471.345500 0.000000 0.000000
0.000000 0.000000 8726.108398 8725.977187 8725.522917 8725.666830 8726.214983 8726.013572 8726.034364 8726.291586 8726.381782 8726.291586 8726.034364 8726.013572 8726.214983 8725.666830 8725.522917 8725.977187 8726.108398 0.000000 0.000000
0.000000 0.000000 9909.170611 9909.068022 9908.624800 9908.807041 9909.264372 9909.084389 9909.109766 9909.343685 9909.429200 9909.343685 9909.109766 9909.084389 9909.264372 9908.807041 9908.624800 9909.068022 9909.170611 0.000000 0.000000
0.000000 0.000000 11024.681534 11024.572296 11024.149146 11024.306963 11024.774424 11024.595271 11024.616518 11024.846992 11024.927542 11024.846992 11024.616518 11024.595271 11024.774424 11024.306963 11024.149146 11024.572296 11024.681534 0.000000 0.000000
0.000000 0.000000 12090.116232 12090.006780 12089.599809 12089.751615 12090.204172 12090.032555 12090.052555 12090.275297 12090.354297 12090.275297 12090.052555 12090.032555 12090.204172 12089.751615 12089.599809 12090.006780 12090.116232 0.000000 0.000000
0.000000 0.000000 13114.031196 13113.926777 13113.526518 13113.679738 13114.112418 13113.945385 13113.965474 13114.182211 13114.257958 13114.182211 13113.965474 13113.945385 13114.112418 13113.679738 13113.526518 13113.926777 13114.031196 0.000000 0.000000
0.000000 0.000000 14101.418959 14101.322385 14100.931560 14101.103010 14101.497957 14101.337711 14101.359363 14101.567694 14101.641324 14101.567694 14101.359363 14101.337711 14101.497957 14101.103010 14100.931560 14101.322385 14101.418959 0.000000 0.000000
0.000000 0.000000 15056.563869 15056.465468 15056.078663 15056.238876 15056.638776 15056.480006 15056.500242 15056.706653 15056.778167 15056.706653 15056.500242 15056.480006 15056.638776 15056.238876 15056.078663 15056.465468 15056.563868 0.000000 0.000000
0.000000 0.000000 15980.236130 15980.139963 15979.764400 15979.917767 15980.305192 15980.151231 15980.171292 15980.372194 15980.441972 15980.372194 15980.171292 15980.151231 15980.305192 15979.917767 15979.764400 15980.139963 15980.236126 0.000000 0.000000
0.000000 0.000000 16875.611617 16875.517082 16875.143941 16875.300359 16875.678603 16875.526711 16875.546226 16875.742338 16875.809967 16875.742338 16875.546226 16875.526711 16875.678603 16875.300359 16875.143940 16875.517060 16875.611204 0.000000 0.000000
0.000000 0.000000 17781.956517 17782.269020 17781.902660 17782.054814 17782.428195 17782.279615 17782.297178 17782.489778 17782.554728 17782.489778 17782.297178 17782.279615 17782.428195 17782.054813 17781.902641 17782.265499 17782.356693 0.000000 0.000000
0.000000 0.000000 0.000000 0.000000 0.000000 0.000000 0.000000 0.000000 0.000000 0.000000 0.000000 0.000000 0.000000 0.000000 0.000000 0.000000 0.000000 0.000000 0.000000 0.000000 0.000000
0.000000 0.000000 0.000000 0.000000 0.000000 0.000000 0.000000 0.000000 0.000000 0.000000 0.000000 0.000000 0.000000 0.000000 0.000000 0.000000 0.000000 0.000000 0.000000 0.000000 0.000000