geotop/1.0zi/1.0Montebello/Templates/testdem/maps/_Erotot173i.asc
ncols         21
nrows         20
xllcorner     100.000000
yllcorner     100.000000
cellsize      50.000000
NODATA_value  -9999.0
0.000000 0.000000 0.000000 0.000000 0.000000 0.000000 0.000000 0.000000 0.000000 0.000000 0.000000 0.000000 0.000000 0.000000 0.000000 0.000000 0.000000 0.000000 0.000000 0.000000 0.000000
0.000000 0.000000 985.628420 984.979067 983.613930 981.697589 980.328478 979.509102 979.990339 980.672111 980.580093 979.765546 979.715237 979.797578 981.404453 981.926023 984.741432 985.414766 986.004311 0.000000 0.000000
0.000000 0.000000 68.734679 69.738711 68.253201 71.228669 70.518678 69.827623 70.173141 69.001478 69.923358 72.155810 69.902778 69.966093 69.483510 69.009655 66.772514 66.054658 69.090688 0.000000 0.000000
0.000000 0.000000 932.582595 939.747028 919.120298 908.633688 912.805716 901.939936 901.163097 902.583077 896.126237 897.080243 902.097634 905.574493 909.152101 921.266112 928.596155 929.146992 933.584992 0.000000 0.000000
0.000000 0.000000 6240.148584 6222.538846 6223.221948 6179.176959 6144.616843 6127.933791 6121.779089 6114.863055 6121.737605 6128.539113 6130.428796 6119.010602 6142.264159 6152.068909 6170.581870 6184.041837 6185.823116 0.000000 0.000000
0.000000 0.000000 8666.020986 8664.030700 8654.044851 8655.543109 8627.142729 8610.654494 8613.406317 8611.750386 8604.156389 8598.060268 8595.901525 8599.227395 8602.186455 8634.371907 8633.412262 8643.952915 8643.901561 0.000000 0.000000
0.000000 0.000000 10632.097885 10625.514549 10617.969547 10602.299768 10593.447803 10546.145084 10542.458680 10537.702287 10537.695991 10541.392818 10540.674462 10541.914604 10582.894865 10588.732913 10600.937884 10607.044885 10611.304268 0.000000 0.000000
0.000000 0.000000 13011.993673 13006.783527 12996.825987 12970.797751 12958.091639 12950.855497 12946.784790 12943.903499 12941.601023 12939.576265 12937.772197 12944.751716 12941.790813 12957.298075 12976.737554 12974.742879 12981.387994 0.000000 0.000000
0.000000 0.000000 16026.422233 16017.397967 16002.747350 15994.775226 15972.686331 15939.696318 15939.382371 15930.622516 15930.199141 15925.688271 15928.979464 15920.847976 15953.434152 15975.063451 15980.058192 15989.715567 15991.996341 0.000000 0.000000
0.000000 0.000000 19669.484813 19653.593614 19638.732841 19628.884193 19605.379842 19578.095088 19570.041996 19567.914913 19560.674279 19565.867726 19573.411622 19570.556340 19581.425958 19610.875986 19623.252062 19630.641891 19629.013550 0.000000 0.000000
0.000000 0.000000 23915.135189 23903.321089 23899.890214 23843.000699 23842.216019 23797.746596 23812.111671 23781.446730 23793.148443 23786.112639 23768.977013 23785.149464 23807.775820 23815.346425 23838.231093 23845.808498 23870.289339 0.000000 0.000000
0.000000 0.000000 28823.114195 28796.255518 28759.282654 28757.018309 28737.416503 28684.522832 28669.677314 28676.472538 28683.709250 28665.707834 28675.358816 28665.386671 28709.448323 28736.805305 28738.831627 28750.514229 28785.045344 0.000000 0.000000
0.000000 0.000000 33633.743827 33614.064500 33618.357013 33583.027104 33552.996427 33434.578543 33420.093810 33411.954323 33353.867046 33396.475873 33397.939816 33408.165806 33495.833756 33510.613890 33565.161123 33573.341970 33556.991417 0.000000 0.000000
0.000000 0.000000 37940.718275 37946.898326 37909.833424 37898.142021 37783.977204 37884.441507 37853.846077 37851.367384 37883.513769 37852.316333 37848.740636 37829.136932 37742.888086 37878.676488 37868.845814 37900.843047 37915.914263 0.000000 0.000000
0.000000 0.000000 40499.058443 40489.213705 40477.560540 40417.153369 40462.878606 40419.272458 40409.020444 40409.902450 40392.980340 40390.280669 40398.132451 40399.462412 40432.667651 40380.931381 40471.524049 40445.873826 40438.112773 0.000000 0.000000
0.000000 0.000000 42120.649420 42117.203498 42067.834453 42097.254302 42093.416928 42093.375423 42117.691718 42105.974860 42119.580259 42112.618790 42103.717399 42115.083690 42109.767287 42121.288834 42054.718723 42127.100725 42121.693330 0.000000 0.000000
0.000000 0.000000 43458.828899 43411.919046 43458.533511 43418.826093 43397.684855 43392.910243 43368.652473 43376.300035 43353.245581 43356.475518 43367.788686 43358.141250 43370.180873 43374.963406 43448.545381 43377.825430 43423.675100 0.000000 0.000000
0.000000 0.000000 43932.009882 44008.194552 44035.591472 44040.870910 44055.033687 44016.687591 44030.518628 44015.709067 44039.110043 44034.740748 44031.490831 44036.823328 44067.476447 44053.716010 44037.647165 44018.180703 43946.383895 0.000000 0.000000
0.000000 0.000000 0.000000 0.000000 0.000000 0.000000 0.000000 0.000000 0.000000 0.000000 0.000000 0.000000 0.000000 0.000000 0.000000 0.000000 0.000000 0.000000 0.000000 0.000000 0.000000
0.000000 0.000000 0.000000 0.000000 0.000000 0.000000 0.000000 0.000000 0.000000 0.000000 0.000000 0.000000 0.000000 0.000000 0.000000 0.000000 0.000000 0.000000 0.000000 0.000000 0.000000