geotop/1.0zi/1.0Montebello/Templates/testdem/maps/_Erotot4863.asc
ncols         21
nrows         20
xllcorner     100.000000
yllcorner     100.000000
cellsize      50.000000
NODATA_value  -9999.0
0.000000 0.000000 0.000000 0.000000 0.000000 0.000000 0.000000 0.000000 0.000000 0.000000 0.000000 0.000000 0.000000 0.000000 0.000000 0.000000 0.000000 0.000000 0.000000 0.000000 0.000000
0.000000 0.000000 361.265345 360.340617 360.055907 359.864026 359.833821 359.843123 359.883091 360.043065 359.997582 359.869619 359.951039 360.026421 359.904866 359.953065 360.140269 360.108473 360.678286 0.000000 0.000000
0.000000 0.000000 28.278583 29.226769 29.672364 30.712499 30.228237 30.345463 30.024690 29.820012 29.892062 30.234587 29.896598 29.692300 30.301304 29.921173 29.102930 28.495744 27.825338 0.000000 0.000000
0.000000 0.000000 151.067003 152.407053 145.187646 143.196945 144.400437 139.678743 138.904615 139.011179 137.612645 136.471689 137.586701 136.137284 138.685794 143.503236 143.036965 146.423554 149.136021 0.000000 0.000000
0.000000 0.000000 1462.244376 1466.533492 1471.769514 1454.306887 1443.269687 1435.031703 1437.679650 1432.127746 1435.999943 1440.171229 1440.503198 1440.848593 1450.323162 1449.354245 1455.437349 1460.699768 1462.509039 0.000000 0.000000
0.000000 0.000000 2742.136704 2736.484838 2732.593631 2729.439035 2723.079922 2719.814761 2717.182080 2719.053433 2718.460491 2715.724954 2712.135081 2714.019310 2713.957819 2726.998400 2730.995157 2731.307978 2734.201054 0.000000 0.000000
0.000000 0.000000 3517.066113 3512.454633 3507.621928 3503.743315 3492.772032 3477.180173 3478.549772 3475.198667 3478.046769 3477.175282 3480.089245 3482.361487 3497.137134 3506.345186 3512.516039 3516.508507 3520.093123 0.000000 0.000000
0.000000 0.000000 4072.944395 4073.078876 4073.656467 4069.095392 4067.148315 4062.262836 4062.981685 4063.327301 4060.663425 4061.422519 4060.463409 4059.657738 4063.144516 4066.658508 4068.669558 4068.368894 4069.632312 0.000000 0.000000
0.000000 0.000000 4768.899376 4768.567011 4765.819632 4763.425112 4758.604149 4749.798977 4750.108587 4748.357420 4748.620067 4749.084929 4748.483125 4749.488851 4755.067739 4763.071326 4763.023215 4764.805609 4768.576200 0.000000 0.000000
0.000000 0.000000 5587.635745 5585.690873 5585.774283 5581.703253 5572.451723 5567.207967 5568.878694 5568.047698 5567.913155 5567.736317 5567.036744 5565.792740 5573.597982 5580.508122 5582.720047 5584.030700 5585.456446 0.000000 0.000000
0.000000 0.000000 6454.459046 6452.448004 6450.866828 6448.521837 6445.328661 6434.481323 6434.823801 6432.385004 6432.243716 6433.116616 6432.321764 6432.622395 6438.103899 6441.092522 6445.833631 6448.221861 6451.360378 0.000000 0.000000
0.000000 0.000000 7357.903270 7356.973807 7354.311111 7347.259417 7341.952701 7333.531370 7332.577598 7332.306424 7332.170085 7331.112790 7331.064446 7331.374660 7341.005110 7347.287722 7350.645117 7352.129691 7369.440181 0.000000 0.000000
0.000000 0.000000 8269.538098 8267.424518 8265.008427 8261.946402 8253.824420 8233.475093 8233.802812 8232.091264 8231.739460 8232.173687 8230.914828 8231.871292 8249.257259 8257.792325 8261.017242 8262.858638 8265.280115 0.000000 0.000000
0.000000 0.000000 9245.671198 9242.330096 9240.003717 9235.778530 9214.332236 9222.764618 9216.795293 9215.985338 9216.146884 9216.252259 9215.343166 9215.559746 9209.694719 9229.849241 9233.765659 9239.510336 9239.454173 0.000000 0.000000
0.000000 0.000000 10289.552123 10284.564587 10279.456154 10264.919298 10261.890804 10245.047363 10236.689299 10235.056155 10230.313660 10229.782998 10231.343532 10229.398247 10241.143233 10249.464395 10272.855912 10268.570368 10270.087367 0.000000 0.000000
0.000000 0.000000 11335.134653 11334.491153 11311.346018 11314.902293 11313.749517 11312.681141 11315.821139 11316.042497 11318.823548 11318.385664 11315.305591 11321.363488 11319.210552 11317.901589 11305.371565 11332.489339 11337.468440 0.000000 0.000000
0.000000 0.000000 12523.996664 12496.156951 12487.287829 12478.518499 12461.811221 12454.903322 12453.124335 12452.364570 12447.953586 12448.038297 12448.914558 12446.194194 12451.792459 12470.217079 12484.758057 12485.268701 12513.277368 0.000000 0.000000
0.000000 0.000000 13393.891018 13398.505784 13423.557499 13412.966080 13405.584110 13379.206449 13377.437251 13374.596307 13376.411446 13375.887615 13374.465286 13376.807264 13401.975362 13411.325134 13423.971942 13394.877876 13396.091054 0.000000 0.000000
0.000000 0.000000 0.000000 0.000000 0.000000 0.000000 0.000000 0.000000 0.000000 0.000000 0.000000 0.000000 0.000000 0.000000 0.000000 0.000000 0.000000 0.000000 0.000000 0.000000 0.000000
0.000000 0.000000 0.000000 0.000000 0.000000 0.000000 0.000000 0.000000 0.000000 0.000000 0.000000 0.000000 0.000000 0.000000 0.000000 0.000000 0.000000 0.000000 0.000000 0.000000 0.000000