geotop/1.0zi/1.0Montebello/Templates/testdem/maps/_Erotot5847.asc
ncols         21
nrows         20
xllcorner     100.000000
yllcorner     100.000000
cellsize      50.000000
NODATA_value  -9999.0
0.000000 0.000000 0.000000 0.000000 0.000000 0.000000 0.000000 0.000000 0.000000 0.000000 0.000000 0.000000 0.000000 0.000000 0.000000 0.000000 0.000000 0.000000 0.000000 0.000000 0.000000
0.000000 0.000000 449.437430 448.636135 448.452059 448.240984 448.206211 448.309817 448.253886 448.431945 448.335079 448.133194 448.071279 448.150715 448.261246 448.164586 448.361829 448.556705 448.980991 0.000000 0.000000
0.000000 0.000000 33.999994 34.671685 34.967625 36.140948 35.883025 35.637752 35.464749 35.241417 35.458377 35.814380 35.629549 35.374921 35.820373 35.591895 34.756613 33.921167 33.309543 0.000000 0.000000
0.000000 0.000000 184.380248 185.691053 178.025729 175.050920 176.414572 171.364476 170.979081 170.672620 169.766876 167.366595 169.958987 168.154628 171.748982 177.199286 176.920741 180.180469 183.486516 0.000000 0.000000
0.000000 0.000000 1782.194353 1787.024087 1792.900830 1774.626397 1759.586604 1748.823150 1751.440758 1748.881265 1752.605370 1756.869329 1753.410261 1751.159371 1761.159319 1760.511488 1767.745265 1774.819937 1776.108463 0.000000 0.000000
0.000000 0.000000 3246.220851 3240.385901 3237.147166 3232.486259 3224.450559 3217.167659 3215.403138 3215.452645 3214.304189 3212.177617 3209.514138 3211.770041 3211.685360 3227.272366 3232.364161 3235.868713 3238.322874 0.000000 0.000000
0.000000 0.000000 4308.521297 4305.955357 4303.166667 4298.883417 4285.947388 4269.379970 4269.455531 4266.013965 4267.768719 4270.563501 4272.403251 4273.497829 4293.236894 4302.573869 4307.340819 4308.895422 4314.122441 0.000000 0.000000
0.000000 0.000000 4948.813864 4950.245883 4949.375234 4943.108913 4942.580953 4935.575292 4936.130531 4936.617325 4935.367219 4932.990931 4932.689074 4936.140150 4936.070727 4938.374840 4946.576999 4944.873741 4947.887514 0.000000 0.000000
0.000000 0.000000 5828.993547 5826.395424 5822.368943 5823.366868 5816.789871 5806.374451 5806.828225 5804.294929 5801.845317 5803.069694 5804.227776 5798.976969 5811.990471 5819.800261 5821.842344 5822.702910 5824.134359 0.000000 0.000000
0.000000 0.000000 6849.705133 6847.407052 6849.606535 6849.002349 6834.322166 6827.368575 6828.784446 6827.971733 6825.936621 6829.073216 6831.973967 6830.276200 6833.344132 6843.408062 6847.176607 6847.397981 6848.111556 0.000000 0.000000
0.000000 0.000000 7950.320062 7950.590927 7950.774586 7936.638549 7934.055259 7923.401211 7926.937688 7917.997027 7920.422443 7919.514718 7914.782769 7921.960915 7926.202650 7927.397780 7933.932598 7939.816852 7947.045846 0.000000 0.000000
0.000000 0.000000 9100.716355 9096.251762 9091.443301 9089.757606 9085.870586 9071.170892 9070.208000 9069.404092 9076.052333 9069.066113 9071.033260 9070.449285 9085.721769 9088.761188 9090.122817 9090.652566 9109.911209 0.000000 0.000000
0.000000 0.000000 10264.898406 10263.070730 10264.137778 10256.778294 10252.756155 10226.335773 10225.119671 10224.882312 10210.616485 10219.578301 10223.436650 10225.283712 10241.174572 10244.867271 10258.662104 10258.052522 10264.884011 0.000000 0.000000
0.000000 0.000000 11541.023516 11542.501020 11535.775357 11534.753528 11507.651167 11515.682859 11505.294644 11506.819128 11508.029531 11507.645708 11506.091461 11502.617375 11492.737445 11521.772666 11527.070989 11537.618770 11544.573888 0.000000 0.000000
0.000000 0.000000 12917.197064 12912.312777 12909.438535 12885.908526 12885.387400 12870.054636 12857.282645 12855.853616 12850.978611 12844.867912 12847.951024 12846.024121 12860.615917 12864.317624 12904.697259 12895.983618 12896.090241 0.000000 0.000000
0.000000 0.000000 14328.122531 14327.585789 14292.563097 14291.810217 14296.694139 14289.060848 14305.941550 14298.519189 14304.380262 14299.944091 14294.699550 14302.989466 14306.603090 14306.001824 14285.974709 14336.240939 14329.277918 0.000000 0.000000
0.000000 0.000000 15929.870496 15887.389807 15885.225515 15875.799333 15850.831668 15844.052173 15835.983034 15839.255169 15825.664985 15826.063182 15830.916924 15830.616709 15842.068104 15852.675085 15883.376660 15877.714249 15925.665441 0.000000 0.000000
0.000000 0.000000 17045.991268 17058.178479 17102.940046 17096.260809 17082.031426 17045.394572 17046.521630 17032.803553 17044.426307 17042.540653 17048.174442 17043.331322 17075.142758 17086.826066 17109.924103 17064.212157 17051.928815 0.000000 0.000000
0.000000 0.000000 0.000000 0.000000 0.000000 0.000000 0.000000 0.000000 0.000000 0.000000 0.000000 0.000000 0.000000 0.000000 0.000000 0.000000 0.000000 0.000000 0.000000 0.000000 0.000000
0.000000 0.000000 0.000000 0.000000 0.000000 0.000000 0.000000 0.000000 0.000000 0.000000 0.000000 0.000000 0.000000 0.000000 0.000000 0.000000 0.000000 0.000000 0.000000 0.000000 0.000000