geotop/1.0zi/1.0Montebello/Templates/testdem/maps/_Erotot4139.asc
ncols         21
nrows         20
xllcorner     100.000000
yllcorner     100.000000
cellsize      50.000000
NODATA_value  -9999.0
0.000000 0.000000 0.000000 0.000000 0.000000 0.000000 0.000000 0.000000 0.000000 0.000000 0.000000 0.000000 0.000000 0.000000 0.000000 0.000000 0.000000 0.000000 0.000000 0.000000 0.000000
0.000000 0.000000 306.036056 305.596353 305.405834 305.258867 305.285484 305.339777 305.377470 305.375913 305.362326 305.365710 305.367235 305.411100 305.282654 305.301826 305.475960 305.385572 305.478806 0.000000 0.000000
0.000000 0.000000 24.164453 24.715625 24.988343 25.695100 25.331926 25.350627 24.923840 24.854419 24.909014 25.283199 25.048884 24.878016 25.365753 25.127424 24.246968 23.684482 23.558587 0.000000 0.000000
0.000000 0.000000 137.803433 139.188706 132.128517 129.502519 130.268786 125.117633 124.286961 123.873391 123.112197 122.639927 123.763175 122.580154 125.461700 130.477018 131.215745 133.595211 136.279220 0.000000 0.000000
0.000000 0.000000 1311.826933 1316.194145 1322.019145 1316.687160 1310.289126 1306.279994 1309.900810 1304.380379 1307.823456 1311.303358 1309.764180 1305.690075 1309.976988 1306.822163 1307.391062 1308.928891 1309.669588 0.000000 0.000000
0.000000 0.000000 2447.246264 2440.717026 2436.088885 2434.251783 2430.268322 2427.036558 2424.513261 2426.868525 2426.078450 2423.042448 2418.814696 2418.978011 2418.867833 2430.731853 2436.787299 2436.366192 2439.504502 0.000000 0.000000
0.000000 0.000000 3033.281886 3028.117224 3023.219236 3016.579354 3007.940286 2993.423132 2994.744120 2991.285397 2994.366092 2993.994743 2996.570323 2998.502414 3012.061345 3019.118751 3026.177942 3030.614764 3033.433097 0.000000 0.000000
0.000000 0.000000 3476.742024 3476.886521 3476.955961 3472.688310 3472.428272 3469.225622 3470.101403 3470.690997 3468.094724 3469.077397 3467.042702 3464.756339 3467.157104 3470.649290 3472.354361 3471.399237 3472.849053 0.000000 0.000000
0.000000 0.000000 4080.610227 4079.694690 4076.172758 4075.471996 4071.940488 4063.204121 4063.621694 4061.832979 4062.343906 4062.602167 4061.540340 4061.226252 4065.991128 4073.356377 4073.239606 4074.376268 4078.051160 0.000000 0.000000
0.000000 0.000000 4764.379930 4762.474144 4761.646850 4758.500166 4751.210222 4747.066962 4748.710788 4747.972451 4747.867773 4747.908479 4746.587577 4743.988881 4750.421389 4756.365039 4758.734526 4759.432561 4760.830457 0.000000 0.000000
0.000000 0.000000 5484.626532 5482.576703 5480.099745 5478.583190 5477.559738 5468.077307 5468.566298 5466.194707 5466.312841 5467.101598 5465.586285 5464.213311 5468.117863 5470.390905 5474.763797 5476.584135 5479.648266 0.000000 0.000000
0.000000 0.000000 6232.346468 6230.695681 6227.927714 6221.933765 6218.250040 6211.170376 6210.383972 6210.040511 6210.001534 6209.194793 6208.421674 6207.317485 6215.451321 6220.906121 6224.170558 6225.007232 6241.711497 0.000000 0.000000
0.000000 0.000000 6979.140037 6976.851960 6973.842200 6971.637380 6965.887170 6949.142534 6949.573105 6948.025496 6947.777660 6948.270166 6946.330921 6945.710175 6959.235939 6966.748213 6969.702550 6970.992168 6973.368919 0.000000 0.000000
0.000000 0.000000 7774.633170 7771.516574 7768.265036 7764.932756 7749.008694 7756.810069 7751.720137 7750.771830 7751.072886 7751.117659 7749.577741 7748.354346 7742.488703 7758.771478 7762.382865 7767.189307 7767.204885 0.000000 0.000000
0.000000 0.000000 8620.367114 8614.901575 8609.832998 8600.007554 8598.284567 8583.775070 8576.436224 8575.014369 8570.808898 8570.146305 8570.709408 8567.361380 8576.787320 8584.410023 8603.327521 8599.098653 8600.488989 0.000000 0.000000
0.000000 0.000000 9458.108568 9457.260257 9438.325263 9441.571547 9442.592162 9442.307071 9444.779746 9444.840975 9447.249144 9447.090383 9443.671033 9447.030914 9443.922970 9442.561531 9432.474775 9452.756769 9457.100578 0.000000 0.000000
0.000000 0.000000 10406.088340 10385.539091 10376.941223 10370.545160 10358.533762 10353.561666 10352.214338 10351.668018 10348.089312 10348.262544 10347.734536 10344.213774 10347.382092 10362.209399 10374.306870 10374.847353 10395.554063 0.000000 0.000000
0.000000 0.000000 11115.644488 11117.314953 11134.923653 11126.700311 11122.300530 11104.292832 11103.109572 11100.666579 11101.825401 11101.460044 11099.535831 11099.193404 11115.791455 11123.594397 11134.273394 11111.485623 11114.183668 0.000000 0.000000
0.000000 0.000000 0.000000 0.000000 0.000000 0.000000 0.000000 0.000000 0.000000 0.000000 0.000000 0.000000 0.000000 0.000000 0.000000 0.000000 0.000000 0.000000 0.000000 0.000000 0.000000
0.000000 0.000000 0.000000 0.000000 0.000000 0.000000 0.000000 0.000000 0.000000 0.000000 0.000000 0.000000 0.000000 0.000000 0.000000 0.000000 0.000000 0.000000 0.000000 0.000000 0.000000