geotop/1.0zi/1.0Montebello/Templates/testdem/maps/_Erotot091A.asc
ncols         21
nrows         20
xllcorner     100.000000
yllcorner     100.000000
cellsize      50.000000
NODATA_value  -9999.0
0.000000 0.000000 0.000000 0.000000 0.000000 0.000000 0.000000 0.000000 0.000000 0.000000 0.000000 0.000000 0.000000 0.000000 0.000000 0.000000 0.000000 0.000000 0.000000 0.000000 0.000000
0.000000 0.000000 916.382316 916.309933 914.989458 913.223891 911.547417 910.754468 910.998296 910.920123 911.419154 910.799216 910.565191 910.647644 911.963635 912.579663 915.213096 916.491586 917.329499 0.000000 0.000000
0.000000 0.000000 65.995795 64.853427 65.152387 66.065742 66.929181 66.631116 66.217820 66.157357 66.278357 66.496449 66.718225 66.756331 66.369050 65.901081 63.831432 63.008403 63.660816 0.000000 0.000000
0.000000 0.000000 781.729922 785.648922 768.481569 757.109067 755.938889 747.071277 754.371848 755.579418 751.536368 753.228972 757.252233 756.392733 766.448408 778.540407 783.316059 781.764181 787.914190 0.000000 0.000000
0.000000 0.000000 5615.919281 5605.792234 5605.960862 5563.300139 5535.120931 5516.998277 5510.215194 5506.533811 5510.544190 5515.395665 5515.203852 5509.511007 5530.539851 5537.487046 5558.656433 5572.311138 5572.008974 0.000000 0.000000
0.000000 0.000000 7885.378836 7880.465773 7871.420030 7872.497527 7841.678907 7827.462657 7831.581302 7831.059989 7824.510087 7818.266011 7815.430911 7819.596039 7822.863169 7852.534172 7853.170244 7861.047129 7862.846268 0.000000 0.000000
0.000000 0.000000 9719.849581 9712.789850 9708.133000 9691.821964 9683.825056 9640.982083 9641.038201 9638.018298 9635.812946 9639.077943 9639.811302 9640.920712 9679.419046 9684.964789 9696.032213 9700.167627 9705.097298 0.000000 0.000000
0.000000 0.000000 11801.115456 11795.211019 11785.883345 11761.375637 11748.960445 11741.666957 11741.774608 11740.006531 11737.751789 11733.937169 11732.782905 11740.091287 11740.414645 11754.191509 11772.488055 11770.934301 11777.189027 0.000000 0.000000
0.000000 0.000000 14419.352530 14411.393083 14398.797685 14391.165808 14369.865884 14343.313525 14347.622401 14343.945124 14338.163418 14337.538214 14340.778193 14333.585767 14364.454820 14383.172553 14388.064058 14393.286200 14395.496892 0.000000 0.000000
0.000000 0.000000 17542.632404 17529.628631 17521.433559 17507.010198 17487.344112 17461.754797 17460.495711 17459.834593 17452.127624 17456.864503 17460.140149 17459.169625 17470.716795 17496.846462 17508.454527 17514.271912 17512.877462 0.000000 0.000000
0.000000 0.000000 21132.360141 21124.862669 21119.589742 21072.260606 21070.431477 21032.655114 21043.697025 21021.971959 21026.503395 21020.907788 21010.440706 21024.701655 21045.876267 21053.533625 21074.417096 21079.778202 21101.674795 0.000000 0.000000
0.000000 0.000000 25271.465272 25249.339856 25219.263208 25213.202457 25193.644120 25149.104800 25139.980917 25145.888640 25151.326755 25138.149850 25145.425245 25135.559316 25176.870387 25199.689076 25203.417651 25211.723751 25243.164115 0.000000 0.000000
0.000000 0.000000 29615.899857 29597.227758 29596.193405 29560.523706 29534.810058 29421.577047 29418.451421 29414.749509 29357.681797 29394.164783 29395.123052 29408.763216 29492.043930 29504.222505 29555.402597 29555.832054 29552.774799 0.000000 0.000000
0.000000 0.000000 34345.374381 34345.731367 34307.139507 34290.703280 34151.095510 34251.834719 34217.695529 34217.295501 34247.790243 34216.065034 34212.997128 34190.888840 34099.213341 34262.173602 34252.984432 34293.478234 34311.607097 0.000000 0.000000
0.000000 0.000000 37942.363870 37928.753523 37916.815081 37809.861762 37889.299157 37806.513512 37794.567075 37790.712898 37762.400333 37756.772840 37767.434199 37772.074435 37845.180292 37758.929174 37911.510489 37868.098644 37854.391380 0.000000 0.000000
0.000000 0.000000 40112.974815 40109.200346 40036.286916 40073.453236 40070.006589 40067.131288 40105.773743 40093.386135 40108.749782 40104.703770 40092.575231 40109.760281 40102.262268 40109.220016 40020.373308 40130.733339 40122.499891 0.000000 0.000000
0.000000 0.000000 41798.134551 41744.042717 41774.105346 41748.642210 41721.672436 41720.893777 41701.859218 41708.475427 41688.452794 41690.993012 41699.876708 41693.242859 41702.296269 41712.812938 41767.327370 41718.566695 41772.098549 0.000000 0.000000
0.000000 0.000000 42469.989194 42535.297400 42563.178335 42575.610398 42581.222434 42544.295517 42560.994121 42546.008294 42570.595185 42566.726283 42563.120738 42568.613917 42597.604539 42592.025838 42565.731309 42550.541648 42487.149884 0.000000 0.000000
0.000000 0.000000 0.000000 0.000000 0.000000 0.000000 0.000000 0.000000 0.000000 0.000000 0.000000 0.000000 0.000000 0.000000 0.000000 0.000000 0.000000 0.000000 0.000000 0.000000 0.000000
0.000000 0.000000 0.000000 0.000000 0.000000 0.000000 0.000000 0.000000 0.000000 0.000000 0.000000 0.000000 0.000000 0.000000 0.000000 0.000000 0.000000 0.000000 0.000000 0.000000 0.000000