geotop/1.0zi/1.0Montebello/Templates/testdem/maps/_Erotot5657.asc
ncols         21
nrows         20
xllcorner     100.000000
yllcorner     100.000000
cellsize      50.000000
NODATA_value  -9999.0
0.000000 0.000000 0.000000 0.000000 0.000000 0.000000 0.000000 0.000000 0.000000 0.000000 0.000000 0.000000 0.000000 0.000000 0.000000 0.000000 0.000000 0.000000 0.000000 0.000000 0.000000
0.000000 0.000000 432.203434 431.404680 431.225241 431.015287 430.978275 431.081928 431.031782 431.206001 431.112831 430.910117 430.849811 430.929387 431.036861 430.939940 431.135047 431.330085 431.747262 0.000000 0.000000
0.000000 0.000000 32.519278 33.181903 33.470400 34.638087 34.383376 34.143265 33.965562 33.742264 33.953096 34.305970 34.122066 33.879184 34.333598 34.100416 33.272717 32.438841 31.842565 0.000000 0.000000
0.000000 0.000000 184.373833 185.706749 178.086519 175.317206 176.702917 171.646495 171.259616 170.809547 170.092682 167.711910 170.288072 168.429898 171.794891 177.366363 177.055361 180.290065 183.576556 0.000000 0.000000
0.000000 0.000000 1781.975132 1786.827700 1792.982167 1774.719962 1759.626279 1748.781050 1751.557732 1748.940441 1752.387094 1756.940961 1753.064967 1750.641200 1760.995122 1760.451809 1767.674747 1774.744812 1775.743889 0.000000 0.000000
0.000000 0.000000 3160.600085 3154.555083 3151.813599 3147.596943 3140.018764 3132.849463 3131.150110 3131.090301 3130.376930 3128.046987 3125.612972 3128.019624 3126.991370 3141.966521 3146.905894 3150.163658 3152.831304 0.000000 0.000000
0.000000 0.000000 4167.615636 4165.113991 4162.117685 4157.740621 4144.924967 4128.860838 4128.995463 4125.608724 4127.339008 4130.109741 4132.004058 4133.010304 4152.405882 4161.580613 4166.333151 4167.991728 4173.169420 0.000000 0.000000
0.000000 0.000000 4806.428331 4807.849926 4807.101499 4800.894708 4800.461366 4793.584238 4794.204750 4794.618607 4793.440469 4791.079141 4790.723541 4794.143189 4793.850069 4796.058193 4804.241746 4802.495684 4805.502159 0.000000 0.000000
0.000000 0.000000 5652.829631 5650.235111 5646.376923 5647.491470 5641.059143 5630.848233 5631.398072 5628.828366 5626.450878 5627.692817 5628.805751 5623.498950 5636.185448 5643.799170 5645.786856 5646.599667 5648.007035 0.000000 0.000000
0.000000 0.000000 6633.069430 6630.776516 6633.130085 6632.647024 6618.139273 6611.354319 6612.856573 6612.007333 6610.047112 6613.188821 6616.038326 6614.281461 6617.071530 6626.932883 6630.631131 6630.812419 6631.486616 0.000000 0.000000
0.000000 0.000000 7689.771444 7690.036908 7690.380775 7676.455455 7674.032866 7663.641745 7667.255746 7658.331847 7660.805142 7659.936770 7655.195716 7662.250090 7666.151944 7667.130972 7673.588204 7679.378937 7686.539904 0.000000 0.000000
0.000000 0.000000 8791.774585 8787.350244 8782.770263 8781.218076 8777.519625 8763.135535 8762.307203 8761.448815 8768.105364 8761.213522 8763.108925 8762.468736 8777.256263 8780.044577 8781.352340 8781.846603 8800.894437 0.000000 0.000000
0.000000 0.000000 9905.109360 9903.285277 9904.483733 9897.304168 9893.468793 9868.156025 9867.064048 9866.792181 9852.797721 9861.636374 9865.411717 9867.152281 9881.986351 9885.431235 9898.996450 9898.353706 9905.149926 0.000000 0.000000
0.000000 0.000000 11123.688661 11125.147956 11118.693061 11117.798964 11092.056151 11100.013172 11089.926586 11091.371110 11092.572780 11092.267532 11090.711972 11087.224684 11077.242261 11104.824956 11110.034371 11120.341932 11127.189691 0.000000 0.000000
0.000000 0.000000 12434.655425 12429.795247 12427.240061 12405.340554 12404.754879 12390.045015 12377.631122 12376.216077 12371.549950 12365.610077 12368.528657 12366.583845 12380.449011 12384.010713 12422.480269 12414.036186 12414.173800 0.000000 0.000000
0.000000 0.000000 13775.930685 13775.405051 13742.686145 13741.649371 13746.566988 13739.088337 13755.392322 13748.075311 13753.682456 13749.369432 13744.387906 13752.167207 13755.537875 13754.893114 13736.072291 13783.394355 13776.535303 0.000000 0.000000
0.000000 0.000000 15294.235866 15255.063240 15252.909421 15244.298520 15220.734088 15214.501976 15207.067525 15210.148872 15197.333411 15197.658385 15202.076375 15202.063959 15212.585842 15222.087841 15250.962493 15246.203222 15290.729095 0.000000 0.000000
0.000000 0.000000 16369.124665 16379.286471 16420.867141 16414.436192 16400.441176 16366.312744 16367.434426 16354.280239 16365.053112 16363.296599 16368.912383 16363.832586 16393.284542 16404.701623 16427.161559 16384.582419 16374.139002 0.000000 0.000000
0.000000 0.000000 0.000000 0.000000 0.000000 0.000000 0.000000 0.000000 0.000000 0.000000 0.000000 0.000000 0.000000 0.000000 0.000000 0.000000 0.000000 0.000000 0.000000 0.000000 0.000000
0.000000 0.000000 0.000000 0.000000 0.000000 0.000000 0.000000 0.000000 0.000000 0.000000 0.000000 0.000000 0.000000 0.000000 0.000000 0.000000 0.000000 0.000000 0.000000 0.000000 0.000000