geotop/1.0zi/1.0Montebello/Templates/testdem/maps/_Erotot9182.asc
ncols         21
nrows         20
xllcorner     100.000000
yllcorner     100.000000
cellsize      50.000000
NODATA_value  -9999.0
0.000000 0.000000 0.000000 0.000000 0.000000 0.000000 0.000000 0.000000 0.000000 0.000000 0.000000 0.000000 0.000000 0.000000 0.000000 0.000000 0.000000 0.000000 0.000000 0.000000 0.000000
0.000000 0.000000 723.136695 723.709012 723.131395 723.213533 722.180997 722.291842 722.377325 722.449959 722.837315 722.202054 722.094243 722.140600 722.540417 722.693546 723.513439 724.119280 724.277809 0.000000 0.000000
0.000000 0.000000 56.388271 55.312388 55.627188 55.559331 56.376539 56.071375 55.695019 55.564145 55.763988 56.090554 56.147989 56.260118 56.023613 55.418607 54.152563 53.283186 53.889089 0.000000 0.000000
0.000000 0.000000 428.240575 430.052658 416.970389 410.740830 410.175455 404.315231 409.314113 410.990939 407.042866 405.447477 408.865793 408.373273 416.863752 425.333785 429.147603 423.562104 430.840067 0.000000 0.000000
0.000000 0.000000 3999.346709 3992.822446 3986.840471 3953.476452 3927.571422 3914.955943 3907.478750 3900.884014 3908.400596 3914.785409 3913.132509 3908.117794 3927.809263 3932.262024 3948.236051 3959.324390 3959.441869 0.000000 0.000000
0.000000 0.000000 6164.195834 6158.892712 6154.194223 6156.369368 6132.022369 6120.061539 6123.607152 6122.878009 6118.466402 6112.092688 6110.404652 6114.675049 6114.481156 6140.655869 6141.559163 6148.779172 6150.940223 0.000000 0.000000
0.000000 0.000000 7595.844895 7590.457541 7586.677083 7575.409990 7567.772814 7530.828076 7533.564564 7530.827895 7530.186694 7534.357013 7534.892785 7536.567261 7569.378081 7574.161905 7583.349858 7585.184576 7590.391241 0.000000 0.000000
0.000000 0.000000 9041.468732 9038.563631 9033.432137 9021.252852 9014.330452 9012.043574 9011.785853 9009.708259 9009.674158 9005.297652 9004.163763 9011.383615 9009.575472 9018.927108 9033.525497 9029.960769 9036.123818 0.000000 0.000000
0.000000 0.000000 10900.496116 10895.147185 10888.063034 10885.000940 10868.832133 10848.122353 10851.169109 10846.881535 10843.419665 10842.757717 10845.614628 10839.517313 10864.492031 10878.272878 10880.265958 10882.755645 10885.348222 0.000000 0.000000
0.000000 0.000000 13059.904165 13052.267959 13049.071401 13041.878521 13018.762006 13006.005146 13005.574009 13003.668482 12999.409436 13003.570150 13006.649797 13006.437017 13013.619858 13033.172337 13041.220333 13043.896004 13043.471199 0.000000 0.000000
0.000000 0.000000 15458.041020 15455.187420 15453.143114 15422.543732 15416.311729 15393.547370 15401.685295 15384.635978 15390.164948 15385.974398 15378.298960 15389.560654 15404.234265 15408.251993 15423.334166 15427.117728 15442.958049 0.000000 0.000000
0.000000 0.000000 18119.255558 18107.472767 18090.363843 18088.880454 18071.436394 18045.719135 18045.240022 18046.430504 18053.347377 18038.551629 18046.179061 18044.185906 18071.251341 18084.440694 18086.042961 18089.967237 18115.110515 0.000000 0.000000
0.000000 0.000000 20940.807605 20932.945788 20935.041971 20908.514986 20897.784734 20827.621791 20824.497127 20823.427470 20791.868494 20811.734809 20814.071057 20821.769875 20873.149003 20882.461860 20912.796323 20911.546944 20918.248525 0.000000 0.000000
0.000000 0.000000 24289.439893 24289.880791 24266.146359 24257.697281 24164.589467 24208.468753 24185.953601 24186.984873 24201.204322 24187.799129 24186.478889 24175.394418 24132.097340 24237.721710 24240.275259 24265.924370 24279.247946 0.000000 0.000000
0.000000 0.000000 28009.889081 27995.093708 27976.996625 27868.199194 27915.507293 27850.742033 27827.954038 27822.388548 27798.120036 27785.642647 27796.890062 27798.079976 27861.911584 27814.695760 27969.605497 27929.577585 27922.043036 0.000000 0.000000
0.000000 0.000000 31607.849549 31600.810873 31455.582672 31531.504422 31515.606362 31519.635031 31593.052093 31570.637232 31606.295915 31597.630245 31570.979057 31607.642046 31590.652690 31607.003244 31434.126917 31658.305121 31648.660841 0.000000 0.000000
0.000000 0.000000 35327.548714 35160.497343 35241.245896 35167.028507 35081.538461 35059.841338 34996.450614 35014.360833 34952.903693 34961.152884 34995.455768 34961.337842 35007.032459 35060.392497 35233.724051 35077.204189 35253.296901 0.000000 0.000000
0.000000 0.000000 36176.050241 36324.878522 36440.946300 36444.425042 36455.378794 36350.412966 36374.128975 36337.285267 36396.524198 36385.492330 36378.930012 36393.049742 36474.816411 36469.582837 36457.779730 36365.711610 36217.569186 0.000000 0.000000
0.000000 0.000000 0.000000 0.000000 0.000000 0.000000 0.000000 0.000000 0.000000 0.000000 0.000000 0.000000 0.000000 0.000000 0.000000 0.000000 0.000000 0.000000 0.000000 0.000000 0.000000
0.000000 0.000000 0.000000 0.000000 0.000000 0.000000 0.000000 0.000000 0.000000 0.000000 0.000000 0.000000 0.000000 0.000000 0.000000 0.000000 0.000000 0.000000 0.000000 0.000000 0.000000