geotop/1.0zi/1.0Montebello/Templates/testdem/maps/_Erotot8217.asc
ncols         21
nrows         20
xllcorner     100.000000
yllcorner     100.000000
cellsize      50.000000
NODATA_value  -9999.0
0.000000 0.000000 0.000000 0.000000 0.000000 0.000000 0.000000 0.000000 0.000000 0.000000 0.000000 0.000000 0.000000 0.000000 0.000000 0.000000 0.000000 0.000000 0.000000 0.000000 0.000000
0.000000 0.000000 680.063576 680.861318 680.310974 680.415891 679.404748 679.563343 679.550050 679.613276 680.046303 679.371627 679.249974 679.302097 679.677522 679.832182 680.668160 681.216265 681.431876 0.000000 0.000000
0.000000 0.000000 52.583936 51.600735 51.842493 51.906058 52.540141 52.217624 51.924411 51.786664 52.015751 52.375012 52.394553 52.544004 52.298906 51.787590 50.515011 49.660522 50.184900 0.000000 0.000000
0.000000 0.000000 354.928410 356.062706 343.695837 338.441057 339.003282 327.689936 327.782290 328.628583 324.972475 323.188742 325.341399 325.486275 335.747911 342.817367 347.423914 350.324919 355.543027 0.000000 0.000000
0.000000 0.000000 3368.860273 3371.356429 3374.213111 3351.314235 3331.839972 3320.014413 3318.581247 3314.402754 3321.560968 3326.773598 3322.264148 3320.915063 3335.955716 3340.062927 3351.366542 3361.362815 3361.801144 0.000000 0.000000
0.000000 0.000000 5327.741518 5322.328492 5318.628689 5312.371148 5296.549371 5286.832349 5287.940336 5286.679012 5283.268769 5277.537533 5276.580829 5279.782512 5279.374881 5299.639049 5307.570088 5313.744331 5316.665401 0.000000 0.000000
0.000000 0.000000 6652.419134 6649.448470 6644.857682 6637.852558 6623.775984 6601.163061 6600.029576 6596.280290 6597.732362 6601.451091 6602.962253 6603.471582 6631.842562 6642.167332 6647.938926 6650.791497 6656.150473 0.000000 0.000000
0.000000 0.000000 7839.284428 7839.618632 7836.558060 7826.386061 7823.502244 7813.593712 7813.665733 7813.562943 7812.613396 7808.653508 7807.961439 7814.242315 7816.423678 7821.710204 7834.543292 7833.196205 7838.408423 0.000000 0.000000
0.000000 0.000000 9391.158238 9386.665861 9380.176956 9379.605557 9367.985133 9351.973990 9353.132162 9348.587529 9346.569312 9346.295120 9348.810004 9342.995199 9362.192039 9376.645584 9378.862744 9382.749026 9384.384127 0.000000 0.000000
0.000000 0.000000 11167.223778 11163.817761 11163.941788 11159.287208 11138.134087 11127.714166 11127.145424 11127.006043 11123.558106 11127.075777 11130.291959 11129.575220 11136.906633 11152.007244 11160.142809 11162.303339 11163.677234 0.000000 0.000000
0.000000 0.000000 13119.105040 13118.398524 13115.259186 13094.173085 13087.794326 13070.982040 13076.767850 13063.104293 13067.421403 13065.564830 13058.401613 13068.738185 13078.749464 13082.102227 13095.348398 13102.807366 13114.109070 0.000000 0.000000
0.000000 0.000000 15242.751031 15234.574049 15225.961421 15222.223723 15210.989932 15189.678603 15185.587379 15186.597189 15194.240150 15182.695263 15187.179123 15186.862226 15210.755178 15220.242076 15223.570119 15227.820741 15252.362961 0.000000 0.000000
0.000000 0.000000 17461.669324 17456.829593 17457.174444 17442.334536 17434.516302 17381.078559 17379.224298 17378.232581 17355.419465 17368.863444 17373.304461 17378.452145 17415.777254 17423.863814 17448.892187 17448.719466 17456.350646 0.000000 0.000000
0.000000 0.000000 20022.561425 20025.446173 20010.635705 20005.593755 19940.063232 19963.934225 19946.618074 19948.199327 19956.225363 19950.421599 19947.855568 19942.370255 19918.066835 19988.619820 19995.305685 20017.443643 20028.142736 0.000000 0.000000
0.000000 0.000000 22909.447390 22900.672690 22890.756292 22816.562565 22835.639327 22798.261798 22777.700946 22774.043949 22760.369046 22748.987891 22756.494824 22755.300205 22796.363278 22780.661973 22886.280245 22864.611667 22861.724586 0.000000 0.000000
0.000000 0.000000 25905.270092 25902.231608 25795.308628 25833.610712 25832.736622 25824.660659 25873.745675 25857.767973 25881.460023 25873.097998 25855.356876 25883.179987 25881.682959 25883.959546 25786.272393 25945.420334 25936.924319 0.000000 0.000000
0.000000 0.000000 29455.345612 29301.268232 29350.337342 29296.104317 29215.839955 29198.525870 29151.108482 29164.947622 29114.630700 29120.241001 29147.389030 29122.822595 29160.387651 29212.011402 29347.849499 29244.449394 29409.644488 0.000000 0.000000
0.000000 0.000000 30622.367106 30780.750539 30916.364440 30922.982877 30933.675760 30814.024208 30836.844668 30796.362884 30860.873304 30849.310718 30842.723849 30858.197538 30955.164266 30948.609118 30942.334986 30836.053927 30679.552505 0.000000 0.000000
0.000000 0.000000 0.000000 0.000000 0.000000 0.000000 0.000000 0.000000 0.000000 0.000000 0.000000 0.000000 0.000000 0.000000 0.000000 0.000000 0.000000 0.000000 0.000000 0.000000 0.000000
0.000000 0.000000 0.000000 0.000000 0.000000 0.000000 0.000000 0.000000 0.000000 0.000000 0.000000 0.000000 0.000000 0.000000 0.000000 0.000000 0.000000 0.000000 0.000000 0.000000 0.000000