geotop/1.0zi/1.0Montebello/Templates/testdem/maps/_Erotot6520.asc
ncols         21
nrows         20
xllcorner     100.000000
yllcorner     100.000000
cellsize      50.000000
NODATA_value  -9999.0
0.000000 0.000000 0.000000 0.000000 0.000000 0.000000 0.000000 0.000000 0.000000 0.000000 0.000000 0.000000 0.000000 0.000000 0.000000 0.000000 0.000000 0.000000 0.000000 0.000000 0.000000
0.000000 0.000000 493.301408 494.160926 493.882468 494.179516 493.621960 493.680766 493.638964 493.805266 494.206276 493.510609 493.438403 493.530013 493.683155 493.591977 494.321252 494.522166 494.511877 0.000000 0.000000
0.000000 0.000000 37.203240 36.060263 36.140952 36.284735 36.539545 36.350808 36.163906 35.948273 36.195290 36.525011 36.342016 36.553979 36.428448 36.179602 34.865664 34.105482 34.796954 0.000000 0.000000
0.000000 0.000000 222.464532 225.289613 215.150160 212.741700 212.971871 207.782849 207.320425 206.835081 205.226108 203.189289 205.811220 203.684941 208.504087 214.524845 216.450653 217.863306 222.920660 0.000000 0.000000
0.000000 0.000000 2084.577226 2088.014585 2092.923225 2071.580494 2056.706752 2044.677314 2047.298889 2044.288262 2048.317789 2053.109049 2049.729911 2048.320701 2058.821283 2059.983810 2068.438365 2076.888061 2078.197517 0.000000 0.000000
0.000000 0.000000 3704.270352 3699.030469 3695.696012 3690.128098 3678.428213 3670.954378 3669.600005 3669.189605 3666.532270 3661.980887 3660.791370 3663.314737 3663.155831 3680.379237 3688.775572 3694.092554 3696.123340 0.000000 0.000000
0.000000 0.000000 4866.064126 4863.659156 4859.930230 4855.120563 4842.002160 4824.264335 4823.821864 4820.354830 4822.275252 4825.295570 4827.215837 4828.302367 4849.831968 4859.644492 4864.172314 4865.757949 4871.218213 0.000000 0.000000
0.000000 0.000000 5604.181614 5605.647214 5603.669019 5596.228257 5595.016677 5587.209691 5587.782108 5588.196595 5586.663776 5583.661688 5583.792332 5587.796092 5588.336195 5591.582932 5601.595148 5600.109984 5603.947984 0.000000 0.000000
0.000000 0.000000 6636.169593 6633.327881 6628.064014 6628.287150 6620.367891 6608.895007 6609.559871 6606.400002 6603.752054 6604.155147 6605.726811 6600.914563 6614.985487 6624.095764 6627.948255 6629.444904 6631.415266 0.000000 0.000000
0.000000 0.000000 7827.386465 7825.044440 7826.297434 7824.393176 7807.887738 7800.130300 7801.148971 7800.427959 7797.896049 7800.383143 7804.416580 7802.506051 7806.523265 7818.427686 7824.025027 7824.820652 7825.982269 0.000000 0.000000
0.000000 0.000000 9114.751270 9115.151338 9113.884325 9098.126520 9094.676366 9082.710975 9086.728076 9076.774807 9079.052960 9077.506355 9072.953107 9080.979139 9085.890544 9088.031682 9096.949285 9103.355926 9111.676885 0.000000 0.000000
0.000000 0.000000 10472.736469 10468.440579 10462.071409 10459.121735 10453.283257 10437.317743 10435.915641 10435.345319 10441.637704 10433.385213 10436.138862 10435.969540 10452.865605 10457.432554 10460.504320 10461.934391 10482.590603 0.000000 0.000000
0.000000 0.000000 11857.929680 11855.150067 11855.549138 11846.405718 11841.300144 11809.916030 11808.325740 11807.842769 11791.836539 11800.940031 11805.553698 11808.236942 11827.816664 11832.764069 11850.051822 11849.613969 11857.234398 0.000000 0.000000
0.000000 0.000000 13388.048692 13389.621719 13380.995119 13378.438832 13344.730948 13354.044568 13342.779826 13344.238652 13345.274078 13344.084066 13342.652812 13339.036531 13327.837159 13364.456290 13371.858212 13384.229619 13392.216900 0.000000 0.000000
0.000000 0.000000 15057.964473 15053.380356 15048.431229 15016.299107 15016.343160 14998.293241 14984.188552 14982.150278 14976.002673 14967.803072 14972.882698 14971.098409 14988.312913 14991.576204 15043.443495 15033.581569 15034.119555 0.000000 0.000000
0.000000 0.000000 16789.850351 16789.128583 16742.071830 16743.576039 16747.940784 16739.958418 16760.690966 16751.763288 16759.406828 16753.107976 16746.966463 16758.595802 16761.954724 16761.537433 16735.733615 16801.283628 16794.234039 0.000000 0.000000
0.000000 0.000000 18788.899190 18729.436030 18729.174900 18714.387717 18680.558121 18672.203677 18660.595788 18664.853033 18645.957110 18646.375129 18654.679743 18651.983917 18666.394812 18683.701186 18727.199682 18714.594216 18781.201945 0.000000 0.000000
0.000000 0.000000 20072.818146 20099.853613 20161.548280 20153.031974 20138.588234 20087.800571 20089.785828 20072.260412 20089.093213 20085.246825 20091.417819 20088.492889 20132.594552 20144.593428 20172.122252 20110.877426 20084.897243 0.000000 0.000000
0.000000 0.000000 0.000000 0.000000 0.000000 0.000000 0.000000 0.000000 0.000000 0.000000 0.000000 0.000000 0.000000 0.000000 0.000000 0.000000 0.000000 0.000000 0.000000 0.000000 0.000000
0.000000 0.000000 0.000000 0.000000 0.000000 0.000000 0.000000 0.000000 0.000000 0.000000 0.000000 0.000000 0.000000 0.000000 0.000000 0.000000 0.000000 0.000000 0.000000 0.000000 0.000000