geotop/1.0zi/1.0Montebello/Templates/testdem/maps/_Erotot8002.asc
ncols         21
nrows         20
xllcorner     100.000000
yllcorner     100.000000
cellsize      50.000000
NODATA_value  -9999.0
0.000000 0.000000 0.000000 0.000000 0.000000 0.000000 0.000000 0.000000 0.000000 0.000000 0.000000 0.000000 0.000000 0.000000 0.000000 0.000000 0.000000 0.000000 0.000000 0.000000 0.000000
0.000000 0.000000 666.123333 666.935632 666.401458 666.521748 665.526072 665.698963 665.686186 665.749581 666.181758 665.507170 665.385547 665.437828 665.798420 665.938142 666.758585 667.290357 667.491064 0.000000 0.000000
0.000000 0.000000 51.503347 50.526222 50.449773 50.839213 51.474521 51.156957 50.861145 50.724154 50.955651 51.316102 51.335226 51.485634 51.236044 50.724322 49.446990 48.591642 49.109861 0.000000 0.000000
0.000000 0.000000 354.566844 355.685592 343.623241 338.065560 338.611241 327.296639 327.419603 328.233974 324.574228 322.804618 324.951487 325.092907 335.356166 342.411281 347.033743 349.952379 354.827670 0.000000 0.000000
0.000000 0.000000 3228.332515 3230.177209 3232.490814 3209.301941 3189.122574 3178.204264 3177.430692 3172.771240 3179.610978 3184.649335 3180.142809 3178.643261 3193.761269 3197.471150 3208.719796 3217.091510 3216.744414 0.000000 0.000000
0.000000 0.000000 5156.524409 5151.231284 5147.752450 5141.615098 5126.495055 5116.430298 5117.313468 5116.234574 5112.926973 5107.237520 5106.267288 5109.484344 5108.975407 5129.121547 5136.992228 5143.835631 5147.033664 0.000000 0.000000
0.000000 0.000000 6461.953817 6458.871073 6454.287423 6447.262073 6433.254934 6411.102809 6410.034316 6406.248634 6407.667899 6411.364948 6412.868854 6413.347754 6441.367303 6451.522578 6457.259086 6459.979219 6465.202036 0.000000 0.000000
0.000000 0.000000 7599.219376 7599.419724 7596.323405 7586.173902 7583.387213 7573.761920 7573.943200 7573.764919 7572.789009 7568.803346 7568.116916 7574.339078 7576.363614 7581.433027 7594.174378 7592.639441 7597.649051 0.000000 0.000000
0.000000 0.000000 9089.557196 9084.944662 9078.462225 9077.856007 9066.409967 9050.761753 9052.024664 9047.432522 9045.374857 9045.077387 9047.561838 9041.742967 9060.677876 9074.829716 9076.961971 9080.591241 9081.978545 0.000000 0.000000
0.000000 0.000000 10795.254128 10791.713478 10791.775381 10787.161590 10766.290443 10756.224948 10755.792638 10755.552056 10752.091658 10755.541962 10758.700327 10757.960299 10765.086088 10779.828835 10787.827977 10789.711735 10790.823938 0.000000 0.000000
0.000000 0.000000 12665.190857 12664.299656 12661.152196 12640.332500 12634.074128 12617.777852 12623.584088 12610.072183 12614.252981 12612.396311 12605.366696 12615.455410 12625.217291 12628.364902 12641.384928 12648.415152 12659.236196 0.000000 0.000000
0.000000 0.000000 14692.790398 14684.593602 14676.111875 14672.309695 14661.388018 14640.766537 14636.965875 14637.720960 14645.150139 14633.848031 14638.145898 14637.904208 14661.084296 14670.136556 14673.402860 14677.316114 14700.975766 0.000000 0.000000
0.000000 0.000000 16803.962347 16798.979377 16799.161640 16784.618885 16777.028420 16726.274806 16724.555393 16723.534507 16701.554204 16714.321071 16718.665023 16723.562763 16759.017473 16766.680232 16790.891101 16790.387687 16797.870675 0.000000 0.000000
0.000000 0.000000 19230.588896 19233.080266 19218.752584 19213.629833 19152.151739 19173.708392 19157.348356 19158.668087 19165.769542 19160.478308 19158.142623 19153.002098 19130.680486 19196.837422 19203.673044 19224.400243 19234.315768 0.000000 0.000000
0.000000 0.000000 21955.528544 21946.776886 21937.115649 21868.554835 21884.494269 21849.774357 21829.953172 21826.486082 21813.883386 21802.908574 21809.685561 21808.399148 21847.005321 21834.155367 21932.221888 21912.164145 21909.311550 0.000000 0.000000
0.000000 0.000000 24794.595531 24791.270989 24692.412822 24724.555230 24724.106932 24715.136612 24760.235249 24744.813703 24766.029708 24757.614963 24741.728483 24767.324812 24767.471992 24769.480962 24683.187304 24828.290821 24819.622539 0.000000 0.000000
0.000000 0.000000 28181.477139 28037.815110 28077.829341 28028.194598 27952.598945 27936.484593 27894.724871 27906.917247 27861.022161 27865.755668 27889.953646 27868.844649 27903.782908 27951.713943 28074.748677 27986.267351 28139.220535 0.000000 0.000000
0.000000 0.000000 29420.844584 29563.096178 29693.301770 29696.387259 29702.081728 29587.675263 29607.164540 29569.071004 29627.676757 29616.911284 29612.304577 29625.188341 29719.207517 29716.224490 29717.446671 29611.557587 29470.610095 0.000000 0.000000
0.000000 0.000000 0.000000 0.000000 0.000000 0.000000 0.000000 0.000000 0.000000 0.000000 0.000000 0.000000 0.000000 0.000000 0.000000 0.000000 0.000000 0.000000 0.000000 0.000000 0.000000
0.000000 0.000000 0.000000 0.000000 0.000000 0.000000 0.000000 0.000000 0.000000 0.000000 0.000000 0.000000 0.000000 0.000000 0.000000 0.000000 0.000000 0.000000 0.000000 0.000000 0.000000