geotop/1.0zi/1.0Montebello/Templates/testdem/maps/_Erotot1588.asc
ncols         21
nrows         20
xllcorner     100.000000
yllcorner     100.000000
cellsize      50.000000
NODATA_value  -9999.0
0.000000 0.000000 0.000000 0.000000 0.000000 0.000000 0.000000 0.000000 0.000000 0.000000 0.000000 0.000000 0.000000 0.000000 0.000000 0.000000 0.000000 0.000000 0.000000 0.000000 0.000000
0.000000 0.000000 175.447267 175.449193 175.485529 175.469209 175.437460 175.449495 175.451485 175.444097 175.445118 175.444097 175.451485 175.449495 175.437460 175.469209 175.485529 175.449193 175.447267 0.000000 0.000000
0.000000 0.000000 9.179548 8.959236 7.181190 9.030985 9.224762 9.204986 9.213921 9.223773 9.221325 9.223773 9.213921 9.204986 9.224762 9.030985 7.181190 8.959236 9.179548 0.000000 0.000000
0.000000 0.000000 1265.047199 1264.834025 1265.020929 1263.063232 1265.354773 1264.937346 1264.886604 1265.482680 1265.438119 1265.482680 1264.886604 1264.937346 1265.354773 1263.063232 1265.020929 1264.834025 1265.047199 0.000000 0.000000
0.000000 0.000000 2347.303053 2347.090392 2346.493265 2347.185728 2347.642357 2347.445838 2347.401623 2347.554971 2347.508526 2347.554971 2347.401623 2347.445838 2347.642357 2347.185728 2346.493265 2347.090392 2347.303053 0.000000 0.000000
0.000000 0.000000 3081.962048 3081.792769 3081.182969 3081.384560 3082.283024 3082.034259 3082.008163 3082.248034 3082.224284 3082.248034 3082.008163 3082.034259 3082.283024 3081.384560 3081.182969 3081.792769 3081.962048 0.000000 0.000000
0.000000 0.000000 4019.037459 4018.901237 4018.335708 4018.531865 4019.303438 4019.090986 4019.075634 4019.274615 4019.254647 4019.274615 4019.075634 4019.090986 4019.303438 4018.531865 4018.335708 4018.901237 4019.037459 0.000000 0.000000
0.000000 0.000000 4907.631209 4907.518566 4906.987205 4907.180114 4907.855481 4907.673588 4907.660116 4907.834152 4907.815139 4907.834152 4907.660116 4907.673588 4907.855481 4907.180114 4906.987205 4907.518566 4907.631209 0.000000 0.000000
0.000000 0.000000 5746.852339 5746.747921 5746.238414 5746.424877 5747.057677 5746.888559 5746.876678 5747.041358 5747.023780 5747.041358 5746.876678 5746.888559 5747.057677 5746.424877 5746.238414 5746.747921 5746.852339 0.000000 0.000000
0.000000 0.000000 6546.896531 6546.818914 6546.317264 6546.539266 6547.083978 6546.933620 6546.928620 6547.075045 6547.057411 6547.075045 6546.928620 6546.933620 6547.083978 6546.539266 6546.317264 6546.818914 6546.896531 0.000000 0.000000
0.000000 0.000000 7312.200340 7312.113253 7311.627786 7311.822329 7312.383456 7312.231362 7312.223350 7312.371199 7312.352647 7312.371199 7312.223350 7312.231362 7312.383456 7311.822329 7311.627786 7312.113253 7312.200340 0.000000 0.000000
0.000000 0.000000 8050.354615 8050.265008 8049.792797 8049.977103 8050.529096 8050.381450 8050.374182 8050.519615 8050.502275 8050.519615 8050.374182 8050.381450 8050.529096 8049.977103 8049.792797 8050.265008 8050.354615 0.000000 0.000000
0.000000 0.000000 8768.480167 8768.393052 8767.924617 8768.109290 8768.646348 8768.501478 8768.494803 8768.637397 8768.619547 8768.637397 8768.494803 8768.501478 8768.646348 8768.109290 8767.924617 8768.393052 8768.480167 0.000000 0.000000
0.000000 0.000000 9466.504154 9466.423586 9465.960826 9466.164408 9466.666065 9466.526075 9466.521900 9466.659254 9466.640963 9466.659254 9466.521900 9466.526075 9466.666065 9466.164408 9465.960826 9466.423586 9466.504154 0.000000 0.000000
0.000000 0.000000 10149.084952 10149.001518 10148.537780 10148.730127 10149.241196 10149.100971 10149.095776 10149.234437 10149.215709 10149.234437 10149.095776 10149.100971 10149.241196 10148.730127 10148.537780 10149.001518 10149.084952 0.000000 0.000000
0.000000 0.000000 10816.887832 10816.805320 10816.351193 10816.535750 10817.037758 10816.901021 10816.895955 10817.031298 10817.012823 10817.031298 10816.895955 10816.901021 10817.037758 10816.535750 10816.351193 10816.805320 10816.887828 0.000000 0.000000
0.000000 0.000000 11469.349183 11469.267290 11468.810800 11468.998277 11469.496446 11469.358684 11469.353500 11469.487566 11469.468219 11469.487566 11469.353500 11469.358684 11469.496446 11468.998277 11468.810800 11469.267271 11469.348857 0.000000 0.000000
0.000000 0.000000 12140.632106 12140.870067 12140.419929 12140.598911 12141.098242 12140.959628 12140.954559 12141.090478 12141.071005 12141.090478 12140.954559 12140.959628 12141.098242 12140.598910 12140.419911 12140.866869 12140.948695 0.000000 0.000000
0.000000 0.000000 0.000000 0.000000 0.000000 0.000000 0.000000 0.000000 0.000000 0.000000 0.000000 0.000000 0.000000 0.000000 0.000000 0.000000 0.000000 0.000000 0.000000 0.000000 0.000000
0.000000 0.000000 0.000000 0.000000 0.000000 0.000000 0.000000 0.000000 0.000000 0.000000 0.000000 0.000000 0.000000 0.000000 0.000000 0.000000 0.000000 0.000000 0.000000 0.000000 0.000000