geotop/1.0zi/1.0Montebello/Templates/testdem/maps/_Erotot6018.asc
ncols         21
nrows         20
xllcorner     100.000000
yllcorner     100.000000
cellsize      50.000000
NODATA_value  -9999.0
0.000000 0.000000 0.000000 0.000000 0.000000 0.000000 0.000000 0.000000 0.000000 0.000000 0.000000 0.000000 0.000000 0.000000 0.000000 0.000000 0.000000 0.000000 0.000000 0.000000 0.000000
0.000000 0.000000 464.170195 463.366137 463.176952 462.961780 462.922180 462.995153 462.939038 463.117181 463.020111 462.817999 462.756400 462.836105 462.977344 462.885669 463.087504 463.285332 463.711777 0.000000 0.000000
0.000000 0.000000 34.792317 35.467787 35.766702 36.945223 36.683020 36.466919 36.294252 36.072553 36.286602 36.646655 36.457481 36.200708 36.617493 36.391218 35.544612 34.709361 34.091453 0.000000 0.000000
0.000000 0.000000 191.965874 193.160347 185.578744 182.731855 184.106741 179.026171 178.622525 178.259132 177.527428 175.095438 177.535660 175.739275 179.063881 184.725366 184.639823 187.454521 191.616467 0.000000 0.000000
0.000000 0.000000 1889.896104 1894.236102 1897.786495 1878.873175 1863.309938 1852.429683 1855.025633 1852.019413 1855.538004 1859.697388 1856.487145 1854.856938 1865.677328 1866.395319 1874.309129 1882.239463 1884.128577 0.000000 0.000000
0.000000 0.000000 3369.800903 3364.237389 3361.704108 3356.840270 3348.473098 3340.817471 3339.050906 3339.181012 3338.036799 3335.883498 3333.283111 3335.466835 3335.766372 3351.413031 3356.512214 3359.780465 3361.787892 0.000000 0.000000
0.000000 0.000000 4447.924095 4445.237133 4441.957682 4437.448192 4424.341891 4407.370776 4407.431504 4403.877812 4405.613402 4408.369543 4410.264522 4411.519296 4431.828356 4441.567981 4446.589238 4448.211871 4453.667489 0.000000 0.000000
0.000000 0.000000 5123.265627 5124.583830 5123.179676 5116.638498 5115.895686 5108.687891 5109.231065 5109.605985 5108.327333 5105.900722 5105.661734 5109.294448 5109.585981 5112.368510 5120.876852 5119.232932 5122.522368 0.000000 0.000000
0.000000 0.000000 6042.926020 6040.181790 6035.599459 6036.344581 6029.490092 6018.861121 6019.311213 6016.655882 6014.159199 6015.341547 6016.582257 6011.486099 6024.891241 6033.228238 6035.579187 6036.541721 6038.208567 0.000000 0.000000
0.000000 0.000000 7107.397112 7104.947670 7106.625834 7105.753738 7090.761524 7083.557341 7084.968072 7084.049568 7081.961766 7085.066623 7088.070237 7086.535172 7089.995902 7100.593021 7104.695488 7104.999080 7105.963860 0.000000 0.000000
0.000000 0.000000 8255.928022 8256.062160 8255.706879 8241.170284 8238.315655 8227.341284 8230.902930 8221.763025 8224.176384 8223.197989 8218.497640 8225.938707 8230.589980 8232.313944 8239.211832 8245.249882 8252.794201 0.000000 0.000000
0.000000 0.000000 9458.945754 9454.276684 9448.826495 9446.848955 9442.661678 9427.588300 9426.573162 9425.686972 9432.371479 9425.226334 9427.322530 9426.908763 9442.780256 9446.383777 9448.074581 9448.691446 9468.453864 0.000000 0.000000
0.000000 0.000000 10678.448422 10676.470703 10677.106670 10669.397513 10665.090621 10637.550151 10636.308635 10635.974240 10621.375771 10630.467565 10634.474244 10636.540625 10653.465858 10657.665987 10672.008240 10671.472367 10678.529844 0.000000 0.000000
0.000000 0.000000 12017.257777 12018.587264 12011.156002 12009.830649 11981.160610 11989.672941 11979.017189 11980.481676 11981.743525 11981.223297 11979.713065 11976.346931 11966.242052 11997.171011 12002.868267 12013.777673 12021.106974 0.000000 0.000000
0.000000 0.000000 13465.994687 13460.892625 13457.233130 13431.741569 13431.604443 13415.633039 13402.547304 13400.920055 13395.809086 13389.444295 13392.789880 13391.012295 13406.377568 13410.186172 13453.029031 13444.000097 13444.323472 0.000000 0.000000
0.000000 0.000000 14957.486525 14956.743187 14918.675213 14918.574647 14923.564652 14916.016067 14933.803055 14926.059779 14932.294229 14927.669557 14922.139314 14931.207614 14934.887300 14934.373575 14912.660482 14966.469484 14959.649464 0.000000 0.000000
0.000000 0.000000 16657.014822 16610.444012 16608.466457 16598.123001 16571.466041 16564.312755 16555.510295 16558.828986 16544.264590 16544.706255 16550.232983 16549.634912 16562.011090 16574.176868 16607.335576 16599.857039 16652.148840 0.000000 0.000000
0.000000 0.000000 17820.932619 17836.345419 17885.028546 17878.114183 17863.878279 17824.396802 17825.709721 17811.093704 17823.872363 17821.766193 17827.467446 17823.123113 17857.581061 17869.584921 17893.489306 17843.582988 17828.407303 0.000000 0.000000
0.000000 0.000000 0.000000 0.000000 0.000000 0.000000 0.000000 0.000000 0.000000 0.000000 0.000000 0.000000 0.000000 0.000000 0.000000 0.000000 0.000000 0.000000 0.000000 0.000000 0.000000
0.000000 0.000000 0.000000 0.000000 0.000000 0.000000 0.000000 0.000000 0.000000 0.000000 0.000000 0.000000 0.000000 0.000000 0.000000 0.000000 0.000000 0.000000 0.000000 0.000000 0.000000