geotop/1.0zi/1.0Montebello/Templates/testdem/maps/_Erotot9353.asc
ncols         21
nrows         20
xllcorner     100.000000
yllcorner     100.000000
cellsize      50.000000
NODATA_value  -9999.0
0.000000 0.000000 0.000000 0.000000 0.000000 0.000000 0.000000 0.000000 0.000000 0.000000 0.000000 0.000000 0.000000 0.000000 0.000000 0.000000 0.000000 0.000000 0.000000 0.000000 0.000000
0.000000 0.000000 740.097138 740.602542 740.029300 740.112551 739.113376 739.221138 739.309039 739.382616 739.771245 739.137244 739.029039 739.077290 739.479503 739.598972 740.413373 741.022085 741.245508 0.000000 0.000000
0.000000 0.000000 55.930409 54.887719 55.197903 55.134207 56.008312 55.696077 55.308541 55.166647 55.362392 55.678194 55.732290 55.839237 55.606807 54.954629 53.693655 52.800987 53.352040 0.000000 0.000000
0.000000 0.000000 449.254127 450.986785 437.992648 431.438588 430.891142 425.035820 430.160833 431.980174 428.455367 428.722343 433.455087 432.915173 441.454545 449.988036 453.827210 451.901254 458.690142 0.000000 0.000000
0.000000 0.000000 4140.195873 4134.761726 4128.669435 4093.923339 4066.594227 4052.472211 4045.559494 4039.365523 4046.820889 4053.263720 4051.505101 4046.603961 4066.381959 4072.773778 4090.163698 4101.818118 4102.593696 0.000000 0.000000
0.000000 0.000000 6363.639256 6358.209988 6353.521112 6355.784586 6331.111476 6319.093338 6322.629259 6321.875256 6317.337687 6311.031431 6309.485362 6313.987151 6314.007636 6340.238599 6341.174367 6348.807390 6351.069431 0.000000 0.000000
0.000000 0.000000 7815.247591 7809.972150 7806.187436 7794.544601 7786.589693 7748.841381 7751.682003 7749.020939 7748.387193 7752.897723 7753.667463 7755.377258 7788.581260 7793.900110 7803.436025 7806.130606 7811.445090 0.000000 0.000000
0.000000 0.000000 9321.021712 9318.293327 9313.137183 9300.443784 9292.960695 9290.042103 9289.933963 9287.955491 9287.911002 9283.925656 9283.039967 9290.382865 9288.791637 9298.840004 9313.989480 9311.426788 9317.777138 0.000000 0.000000
0.000000 0.000000 11253.284452 11248.114032 11240.947760 11237.390767 11220.553381 11199.033633 11202.298912 11198.088669 11194.606454 11194.353819 11197.534077 11191.499910 11216.875868 11231.452214 11233.968258 11237.523943 11240.323982 0.000000 0.000000
0.000000 0.000000 13499.878697 13492.401455 13489.185203 13481.375109 13457.383597 13443.797870 13443.559254 13441.786149 13437.481283 13442.183263 13445.679414 13445.575853 13453.051658 13473.559493 13482.254655 13486.182804 13485.938088 0.000000 0.000000
0.000000 0.000000 16001.130998 15998.515242 15996.437173 15964.710827 15957.918814 15934.000363 15942.532856 15925.214237 15930.895681 15927.128731 15919.642130 15931.333333 15946.455734 15951.183376 15967.080901 15972.341477 15988.722794 0.000000 0.000000
0.000000 0.000000 18789.866967 18778.055058 18760.477449 18758.628975 18740.031165 18712.933769 18712.522435 18714.186772 18721.289725 18706.643785 18715.097315 18712.989178 18741.115334 18755.539417 18757.675533 18763.162828 18789.255321 0.000000 0.000000
0.000000 0.000000 21756.055451 21748.438167 21750.924051 21722.823410 21711.277805 21636.526133 21633.666952 21632.637158 21599.507718 21621.306684 21624.092591 21632.401027 21686.705714 21697.053551 21729.320345 21729.695168 21736.094897 0.000000 0.000000
0.000000 0.000000 25284.240834 25285.328328 25260.438591 25251.569998 25151.331641 25199.629736 25176.137647 25177.607244 25193.810276 25179.726310 25178.710075 25166.899399 25119.569961 25233.098410 25235.464693 25264.611443 25278.835342 0.000000 0.000000
0.000000 0.000000 29166.825512 29151.916722 29133.840124 29017.185013 29071.327593 28999.792664 28977.227034 28971.434587 28945.076044 28933.360977 28946.151437 28948.029922 29017.641883 28963.498945 29128.973446 29087.405347 29078.978912 0.000000 0.000000
0.000000 0.000000 32793.970153 32787.721665 32639.703924 32722.393592 32703.007725 32709.407765 32785.513937 32763.287223 32800.962516 32793.440578 32766.008055 32803.576300 32783.694858 32803.341531 32619.916792 32852.950487 32843.590650 0.000000 0.000000
0.000000 0.000000 36337.992621 36183.460093 36261.874900 36191.235862 36111.139844 36090.095595 36029.666394 36047.084339 35989.009130 35997.357152 36030.173700 35997.915360 36041.626740 36091.533377 36256.368151 36107.314183 36271.337421 0.000000 0.000000
0.000000 0.000000 37189.909191 37313.825949 37417.956761 37417.020641 37422.161451 37328.624264 37347.327685 37315.315394 37365.247018 37356.294068 37352.532327 37362.936035 37436.373962 37435.536852 37433.088199 37347.532714 37224.774456 0.000000 0.000000
0.000000 0.000000 0.000000 0.000000 0.000000 0.000000 0.000000 0.000000 0.000000 0.000000 0.000000 0.000000 0.000000 0.000000 0.000000 0.000000 0.000000 0.000000 0.000000 0.000000 0.000000
0.000000 0.000000 0.000000 0.000000 0.000000 0.000000 0.000000 0.000000 0.000000 0.000000 0.000000 0.000000 0.000000 0.000000 0.000000 0.000000 0.000000 0.000000 0.000000 0.000000 0.000000