geotop/1.0zi/1.0Montebello/Templates/testdem/maps/_Erotot5412.asc
ncols         21
nrows         20
xllcorner     100.000000
yllcorner     100.000000
cellsize      50.000000
NODATA_value  -9999.0
0.000000 0.000000 0.000000 0.000000 0.000000 0.000000 0.000000 0.000000 0.000000 0.000000 0.000000 0.000000 0.000000 0.000000 0.000000 0.000000 0.000000 0.000000 0.000000 0.000000 0.000000
0.000000 0.000000 401.452123 400.659808 400.502828 400.298086 400.272173 400.350107 400.306076 400.478425 400.391788 400.194713 400.138197 400.197127 400.312836 400.201463 400.404586 400.585533 400.989066 0.000000 0.000000
0.000000 0.000000 31.435945 32.158154 32.383236 33.566957 33.305098 33.162498 32.976325 32.757621 32.890379 33.233763 33.047038 32.895957 33.287214 33.075662 32.235944 31.361681 30.721053 0.000000 0.000000
0.000000 0.000000 152.503286 153.943371 147.045056 144.294150 146.122534 140.951376 140.321345 140.717011 139.356542 138.012988 139.589359 137.618735 140.354658 145.123818 144.604416 147.996830 150.737386 0.000000 0.000000
0.000000 0.000000 1571.270857 1576.690465 1583.188393 1565.897051 1551.380389 1540.805068 1543.528170 1540.775931 1544.368992 1548.650432 1545.517119 1543.336439 1553.464875 1552.059450 1559.201092 1565.915658 1566.754525 0.000000 0.000000
0.000000 0.000000 2922.024302 2915.908724 2913.260398 2909.000827 2901.874370 2895.118308 2893.205793 2893.311851 2892.615055 2890.351926 2887.696337 2889.826476 2888.707217 2903.507001 2908.235708 2911.324278 2913.782628 0.000000 0.000000
0.000000 0.000000 3899.861747 3897.458482 3894.662005 3890.480750 3878.049819 3862.461820 3862.608428 3859.354488 3861.017659 3863.892931 3865.752933 3866.784843 3885.502615 3894.333446 3899.011547 3900.462743 3905.411534 0.000000 0.000000
0.000000 0.000000 4478.775204 4480.315468 4479.804813 4473.942070 4473.819028 4467.524274 4468.033157 4468.584019 4467.354757 4465.119287 4464.819752 4468.141712 4467.454054 4469.282730 4477.174836 4475.384371 4477.962742 0.000000 0.000000
0.000000 0.000000 5257.639492 5255.264147 5251.672173 5252.998951 5247.073529 5237.519358 5237.847193 5235.498409 5233.074288 5234.442764 5235.500501 5230.371331 5242.485725 5249.662673 5251.499341 5252.049998 5253.178834 0.000000 0.000000
0.000000 0.000000 6164.643241 6162.481902 6165.055925 6164.867835 6151.154652 6144.875984 6146.342656 6145.541599 6143.700770 6146.783272 6149.700392 6147.963721 6150.421089 6159.551156 6163.157611 6163.109443 6163.558351 0.000000 0.000000
0.000000 0.000000 7142.463772 7142.818285 7143.400332 7130.155427 7128.075848 7118.597188 7121.861273 7113.385080 7115.658580 7114.990481 7110.451447 7117.396079 7120.667076 7121.377410 7127.460654 7133.147497 7139.692764 0.000000 0.000000
0.000000 0.000000 8158.340164 8154.240447 8150.235006 8148.799977 8145.957877 8132.231325 8131.518296 8130.630605 8137.191935 8130.658790 8132.357391 8131.771772 8146.066396 8148.020115 8149.361882 8149.487202 8167.991877 0.000000 0.000000
0.000000 0.000000 9179.803361 9178.168806 9179.528900 9172.975050 9169.662537 9146.611192 9145.406929 9145.299482 9131.756149 9140.302273 9144.239400 9145.966069 9158.879347 9162.028719 9174.951944 9174.281530 9180.435609 0.000000 0.000000
0.000000 0.000000 10293.814642 10295.346728 10289.435412 10288.886751 10265.847028 10273.679504 10263.770332 10265.325815 10266.375643 10266.316812 10264.808225 10261.564121 10251.918127 10276.678140 10281.756775 10291.387523 10297.893200 0.000000 0.000000
0.000000 0.000000 11486.468586 11482.315023 11479.944007 11460.923820 11460.725436 11447.254226 11435.167554 11434.032039 11429.706653 11424.185411 11426.891940 11425.119034 11437.911522 11441.119256 11476.493241 11468.444629 11468.288927 0.000000 0.000000
0.000000 0.000000 12702.146343 12701.559654 12673.146080 12671.357936 12676.152024 12669.462374 12684.135406 12677.326068 12682.201739 12678.176026 12674.080900 12681.092674 12684.078124 12683.606024 12667.232361 12709.117989 12702.163637 0.000000 0.000000
0.000000 0.000000 14066.733550 14033.463378 14031.068774 14023.840341 14003.295630 13998.376170 13991.698637 13994.710051 13983.257340 13983.557304 13987.167753 13987.975930 13996.991494 14004.317416 14030.063516 14027.135899 14065.321629 0.000000 0.000000
0.000000 0.000000 15057.191010 15063.807992 15099.217299 15093.651333 15085.148999 15056.297234 15057.009556 15045.122553 15054.287228 15052.982954 15058.502587 15053.297909 15078.302828 15084.450202 15105.347287 15068.558157 15061.430068 0.000000 0.000000
0.000000 0.000000 0.000000 0.000000 0.000000 0.000000 0.000000 0.000000 0.000000 0.000000 0.000000 0.000000 0.000000 0.000000 0.000000 0.000000 0.000000 0.000000 0.000000 0.000000 0.000000
0.000000 0.000000 0.000000 0.000000 0.000000 0.000000 0.000000 0.000000 0.000000 0.000000 0.000000 0.000000 0.000000 0.000000 0.000000 0.000000 0.000000 0.000000 0.000000 0.000000 0.000000