geotop/1.0zi/1.0Montebello/Templates/testdem/maps/_Erotot6182.asc
ncols         21
nrows         20
xllcorner     100.000000
yllcorner     100.000000
cellsize      50.000000
NODATA_value  -9999.0
0.000000 0.000000 0.000000 0.000000 0.000000 0.000000 0.000000 0.000000 0.000000 0.000000 0.000000 0.000000 0.000000 0.000000 0.000000 0.000000 0.000000 0.000000 0.000000 0.000000 0.000000
0.000000 0.000000 473.760444 472.891701 472.689697 472.960156 472.418828 472.483966 472.427839 472.606008 472.994435 472.306739 472.245222 472.324901 472.474059 472.390513 473.096870 473.310726 473.301991 0.000000 0.000000
0.000000 0.000000 35.290816 36.018910 36.323855 37.038480 37.240201 37.023749 36.852504 36.630873 36.906153 37.206819 37.013750 37.251081 37.171377 36.946653 35.632144 34.786919 35.110494 0.000000 0.000000
0.000000 0.000000 193.172560 193.873518 186.289612 183.937593 185.308110 180.225960 179.329642 179.456401 177.746480 175.799822 178.244468 175.984088 180.269969 185.945437 185.849872 188.170694 192.372518 0.000000 0.000000
0.000000 0.000000 1890.252874 1894.502214 1898.474638 1878.557366 1863.535707 1852.106210 1855.159337 1851.699260 1855.668726 1860.325791 1857.112030 1855.493146 1865.381634 1866.109934 1874.592644 1882.535806 1883.950524 0.000000 0.000000
0.000000 0.000000 3430.640383 3425.384065 3422.319549 3417.342313 3408.253621 3400.910359 3398.932501 3399.025445 3397.389910 3394.563131 3391.732284 3394.223412 3396.188323 3412.398998 3417.824599 3422.090903 3424.494050 0.000000 0.000000
0.000000 0.000000 4579.776302 4577.115339 4573.772088 4569.471560 4556.386927 4539.080655 4539.180638 4535.582022 4537.559764 4540.348915 4542.445909 4543.637452 4563.850423 4573.545659 4578.089715 4579.503452 4584.934997 0.000000 0.000000
0.000000 0.000000 5255.435982 5256.687274 5255.228814 5248.573555 5247.765920 5240.308910 5240.806981 5241.153572 5239.801221 5237.308810 5237.053148 5240.798459 5241.488170 5244.430591 5253.070972 5251.501455 5254.927723 0.000000 0.000000
0.000000 0.000000 6211.227176 6208.393863 6203.741864 6204.351933 6197.412569 6186.510631 6186.903692 6184.208959 6181.612535 6182.713250 6183.843655 6178.952799 6192.829448 6201.432881 6203.908725 6204.961660 6206.837086 0.000000 0.000000
0.000000 0.000000 7317.321157 7314.774358 7316.400891 7315.376720 7300.246218 7292.546126 7293.894182 7292.940047 7290.747038 7293.809818 7297.111661 7295.390893 7299.288358 7310.329275 7314.642265 7315.043855 7316.140774 0.000000 0.000000
0.000000 0.000000 8511.853006 8511.898124 8511.484317 8496.709023 8493.848015 8482.661709 8486.177973 8476.935002 8479.264120 8478.180552 8473.301834 8481.058513 8486.210974 8487.983044 8495.062689 8501.248646 8509.025961 0.000000 0.000000
0.000000 0.000000 9765.533620 9760.726654 9755.148720 9753.004795 9748.679347 9733.223207 9732.083027 9731.182362 9737.821048 9730.512577 9732.604551 9732.348005 9748.861333 9752.736008 9754.621307 9755.336695 9775.480062 0.000000 0.000000
0.000000 0.000000 11038.619924 11036.528355 11037.131138 11029.181334 11024.765246 10996.121840 10994.604942 10994.190215 10979.226715 10988.377435 10992.398887 10994.894548 11012.996652 11017.316195 11032.166562 11031.746267 11039.003645 0.000000 0.000000
0.000000 0.000000 12438.948792 12440.179350 12432.577160 12431.090318 12401.171530 12409.822929 12398.967711 12400.446206 12401.511719 12400.828559 12399.406742 12396.013652 12386.086523 12418.565421 12424.393469 12435.637649 12443.266716 0.000000 0.000000
0.000000 0.000000 13958.583273 13953.326019 13949.462752 13922.241642 13922.419746 13905.668854 13892.180680 13890.430024 13885.108490 13878.480919 13881.842458 13880.245061 13896.604245 13900.407014 13945.427000 13936.169910 13936.657928 0.000000 0.000000
0.000000 0.000000 15526.594804 15525.706432 15485.246244 15485.628825 15490.786357 15483.047745 15501.488169 15493.529985 15499.970713 15495.138141 15489.247739 15499.042596 15503.106958 15502.616874 15479.524476 15536.595529 15529.897720 0.000000 0.000000
0.000000 0.000000 17319.944228 17269.506839 17268.040907 17256.737295 17228.767800 17220.919039 17211.221370 17214.662446 17199.032519 17199.462239 17205.527966 17204.722451 17218.419446 17231.567459 17267.159147 17258.323079 17314.695162 0.000000 0.000000
0.000000 0.000000 18527.157056 18545.422402 18597.983340 18590.759322 18576.389486 18533.910261 18535.222940 18519.804465 18533.542269 18531.172187 18536.835345 18533.064547 18570.425242 18582.720515 18607.447758 18554.070966 18536.326786 0.000000 0.000000
0.000000 0.000000 0.000000 0.000000 0.000000 0.000000 0.000000 0.000000 0.000000 0.000000 0.000000 0.000000 0.000000 0.000000 0.000000 0.000000 0.000000 0.000000 0.000000 0.000000 0.000000
0.000000 0.000000 0.000000 0.000000 0.000000 0.000000 0.000000 0.000000 0.000000 0.000000 0.000000 0.000000 0.000000 0.000000 0.000000 0.000000 0.000000 0.000000 0.000000 0.000000 0.000000