geotop/1.0zi/1.0Montebello/Templates/testdem/maps/_Erotot1692.asc
ncols         21
nrows         20
xllcorner     100.000000
yllcorner     100.000000
cellsize      50.000000
NODATA_value  -9999.0
0.000000 0.000000 0.000000 0.000000 0.000000 0.000000 0.000000 0.000000 0.000000 0.000000 0.000000 0.000000 0.000000 0.000000 0.000000 0.000000 0.000000 0.000000 0.000000 0.000000 0.000000
0.000000 0.000000 184.052780 184.054709 184.091050 184.074744 184.042956 184.055012 184.057002 184.049605 184.050628 184.049605 184.057002 184.055012 184.042956 184.074744 184.091050 184.054709 184.052780 0.000000 0.000000
0.000000 0.000000 9.686727 9.466376 7.688247 9.537927 9.731987 9.712160 9.721092 9.731014 9.728569 9.731014 9.721092 9.712160 9.731987 9.537927 7.688247 9.466376 9.686727 0.000000 0.000000
0.000000 0.000000 1313.613411 1313.401839 1313.592158 1311.638610 1313.919840 1313.503644 1313.452954 1314.046483 1314.001646 1314.046483 1313.452954 1313.503644 1313.919840 1311.638610 1313.592158 1313.401839 1313.613411 0.000000 0.000000
0.000000 0.000000 2459.724145 2459.511882 2458.915680 2459.608546 2460.063004 2459.866914 2459.822723 2459.975449 2459.929031 2459.975449 2459.822723 2459.866914 2460.063004 2459.608546 2458.915680 2459.511882 2459.724145 0.000000 0.000000
0.000000 0.000000 3224.735440 3224.567131 3223.959740 3224.162872 3225.055370 3224.807554 3224.781540 3225.019962 3224.996119 3225.019962 3224.781540 3224.807554 3225.055370 3224.162872 3223.959740 3224.567131 3224.735440 0.000000 0.000000
0.000000 0.000000 4208.801723 4208.666512 4208.103881 4208.301261 4209.066651 4208.855200 4208.839886 4209.037330 4209.017279 4209.037330 4208.839886 4208.855200 4209.066651 4208.301261 4208.103881 4208.666512 4208.801723 0.000000 0.000000
0.000000 0.000000 5144.068455 5143.956815 5143.428702 5143.622590 5144.291634 5144.110785 5144.097374 5144.269836 5144.250774 5144.269836 5144.097374 5144.110785 5144.291634 5143.622589 5143.428702 5143.956815 5144.068455 0.000000 0.000000
0.000000 0.000000 6027.544649 6027.441337 6026.935444 6027.122691 6027.748776 6027.580815 6027.568997 6027.731965 6027.714343 6027.731965 6027.568997 6027.580815 6027.748776 6027.122691 6026.935444 6027.441337 6027.544649 0.000000 0.000000
0.000000 0.000000 6869.543196 6869.466648 6868.969028 6869.191457 6869.729355 6869.580214 6869.575252 6869.719925 6869.702278 6869.719925 6869.575252 6869.580214 6869.729355 6869.191457 6868.969028 6869.466648 6869.543196 0.000000 0.000000
0.000000 0.000000 7674.199518 7674.113572 7673.632506 7673.827241 7674.381199 7674.230456 7674.222490 7674.368489 7674.349956 7674.368489 7674.222490 7674.230456 7674.381199 7673.827241 7673.632506 7674.113572 7674.199518 0.000000 0.000000
0.000000 0.000000 8450.179830 8450.091487 8449.624071 8449.808463 8450.352762 8450.206594 8450.199377 8450.342815 8450.325506 8450.342815 8450.199377 8450.206594 8450.352762 8449.808463 8449.624071 8450.091487 8450.179830 0.000000 0.000000
0.000000 0.000000 9204.330968 9204.245256 9203.781959 9203.966508 9204.495548 9204.352258 9204.345636 9204.486158 9204.468344 9204.486158 9204.345636 9204.352258 9204.495548 9203.966508 9203.781959 9204.245256 9204.330968 0.000000 0.000000
0.000000 0.000000 9936.977198 9936.898056 9936.440902 9936.643984 9937.137446 9936.999137 9936.994999 9937.130179 9937.111962 9937.130179 9936.994999 9936.999137 9937.137446 9936.643984 9936.440902 9936.898056 9936.977198 0.000000 0.000000
0.000000 0.000000 10652.640833 10652.558827 10652.101257 10652.292871 10652.795339 10652.656916 10652.651766 10652.788111 10652.769494 10652.788111 10652.651766 10652.656916 10652.795339 10652.292871 10652.101257 10652.558827 10652.640833 0.000000 0.000000
0.000000 0.000000 11352.356711 11352.275700 11351.827918 11352.011667 11352.504720 11352.369856 11352.364853 11352.497856 11352.479506 11352.497856 11352.364853 11352.369856 11352.504720 11352.011667 11351.827918 11352.275700 11352.356707 0.000000 0.000000
0.000000 0.000000 12035.767422 12035.687036 12035.237545 12035.424058 12035.912618 12035.777017 12035.771911 12035.903417 12035.884252 12035.903417 12035.771911 12035.777017 12035.912618 12035.424058 12035.237545 12035.687016 12035.767043 0.000000 0.000000
0.000000 0.000000 12736.110397 12736.350454 12735.907450 12736.085419 12736.574501 12736.438210 12736.433205 12736.566361 12736.547075 12736.566361 12736.433205 12736.438210 12736.574501 12736.085418 12735.907432 12736.347178 12736.427313 0.000000 0.000000
0.000000 0.000000 0.000000 0.000000 0.000000 0.000000 0.000000 0.000000 0.000000 0.000000 0.000000 0.000000 0.000000 0.000000 0.000000 0.000000 0.000000 0.000000 0.000000 0.000000 0.000000
0.000000 0.000000 0.000000 0.000000 0.000000 0.000000 0.000000 0.000000 0.000000 0.000000 0.000000 0.000000 0.000000 0.000000 0.000000 0.000000 0.000000 0.000000 0.000000 0.000000 0.000000