geotop/1.0zi/1.0Montebello/Templates/testdem/maps/_Erotot0631.asc
ncols         21
nrows         20
xllcorner     100.000000
yllcorner     100.000000
cellsize      50.000000
NODATA_value  -9999.0
0.000000 0.000000 0.000000 0.000000 0.000000 0.000000 0.000000 0.000000 0.000000 0.000000 0.000000 0.000000 0.000000 0.000000 0.000000 0.000000 0.000000 0.000000 0.000000 0.000000 0.000000
0.000000 0.000000 48.858151 48.858832 48.891465 48.858999 48.858255 48.858641 48.858452 48.858366 48.858339 48.858366 48.858452 48.858641 48.858255 48.858999 48.891465 48.858832 48.858151 0.000000 0.000000
0.000000 0.000000 7.917101 7.700652 5.883449 7.695694 7.943521 7.927666 7.942171 7.949017 7.950082 7.949017 7.942171 7.927666 7.943521 7.695694 5.883449 7.700652 7.917101 0.000000 0.000000
0.000000 0.000000 576.151277 576.402123 576.527284 576.313569 576.217985 576.329124 576.326747 576.262647 576.192307 576.262647 576.326747 576.329124 576.217985 576.313569 576.527284 576.402123 576.151277 0.000000 0.000000
0.000000 0.000000 911.404324 911.356931 910.600109 911.335710 911.404887 911.426624 911.421289 911.425373 911.420703 911.425373 911.421289 911.426624 911.404887 911.335710 910.600109 911.356931 911.404324 0.000000 0.000000
0.000000 0.000000 1236.599069 1236.605529 1235.901093 1236.564595 1236.631901 1236.676831 1236.681524 1236.660664 1236.639917 1236.660664 1236.681524 1236.676831 1236.631901 1236.564595 1235.901093 1236.605529 1236.599069 0.000000 0.000000
0.000000 0.000000 1619.893462 1619.902294 1619.274494 1619.863155 1619.925405 1619.971725 1619.977512 1619.954607 1619.936226 1619.954607 1619.977512 1619.971725 1619.925405 1619.863155 1619.274494 1619.902294 1619.893462 0.000000 0.000000
0.000000 0.000000 1988.142384 1988.150290 1987.568898 1988.113987 1988.173077 1988.218661 1988.224470 1988.201501 1988.184675 1988.201501 1988.224470 1988.218661 1988.173077 1988.113987 1987.568898 1988.150290 1988.142384 0.000000 0.000000
0.000000 0.000000 2339.838336 2339.846098 2339.291974 2339.810927 2339.868068 2339.912906 2339.918727 2339.895940 2339.879757 2339.895940 2339.918727 2339.912906 2339.868068 2339.810927 2339.291974 2339.846098 2339.838336 0.000000 0.000000
0.000000 0.000000 2680.027123 2680.034263 2679.496287 2680.000216 2680.056320 2680.100542 2680.106334 2680.083690 2680.067683 2680.083690 2680.106334 2680.100542 2680.056320 2680.000216 2679.496287 2680.034263 2680.027123 0.000000 0.000000
0.000000 0.000000 3010.567209 3010.573716 3010.045159 3010.540484 3010.596086 3010.639860 3010.645627 3010.623066 3010.607010 3010.623066 3010.645627 3010.639860 3010.596086 3010.540484 3010.045159 3010.573716 3010.567209 0.000000 0.000000
0.000000 0.000000 3332.748514 3332.752117 3332.233836 3332.720571 3332.775591 3332.818142 3332.824356 3332.801956 3332.786927 3332.801956 3332.824356 3332.818142 3332.775591 3332.720571 3332.233836 3332.752117 3332.748514 0.000000 0.000000
0.000000 0.000000 3647.766822 3647.768921 3647.255889 3647.739642 3647.793422 3647.835368 3647.841694 3647.819239 3647.804313 3647.819239 3647.841694 3647.835368 3647.793422 3647.739642 3647.255889 3647.768921 3647.766822 0.000000 0.000000
0.000000 0.000000 3959.248858 3959.249119 3958.740403 3959.220215 3959.275133 3959.316978 3959.323442 3959.300980 3959.285931 3959.300980 3959.323442 3959.316978 3959.275133 3959.220215 3958.740403 3959.249119 3959.248858 0.000000 0.000000
0.000000 0.000000 4266.363032 4266.363679 4265.853011 4266.334558 4266.389505 4266.430919 4266.437465 4266.414963 4266.399151 4266.414963 4266.437465 4266.430919 4266.389505 4266.334558 4265.853011 4266.363679 4266.363032 0.000000 0.000000
0.000000 0.000000 4570.923938 4570.925838 4570.424718 4570.896766 4570.951172 4570.992513 4570.999068 4570.976502 4570.960119 4570.976502 4570.999068 4570.992513 4570.951172 4570.896766 4570.424718 4570.925838 4570.923934 0.000000 0.000000
0.000000 0.000000 4870.841702 4870.841875 4870.337730 4870.813955 4870.868854 4870.909535 4870.916191 4870.893571 4870.876887 4870.893571 4870.916191 4870.909535 4870.868854 4870.813955 4870.337730 4870.841863 4870.841306 0.000000 0.000000
0.000000 0.000000 5178.063487 5178.187119 5177.683797 5178.156691 5178.211797 5178.252437 5178.259401 5178.236712 5178.219786 5178.236712 5178.259401 5178.252437 5178.211797 5178.156691 5177.683784 5178.185196 5178.184332 0.000000 0.000000
0.000000 0.000000 0.000000 0.000000 0.000000 0.000000 0.000000 0.000000 0.000000 0.000000 0.000000 0.000000 0.000000 0.000000 0.000000 0.000000 0.000000 0.000000 0.000000 0.000000 0.000000
0.000000 0.000000 0.000000 0.000000 0.000000 0.000000 0.000000 0.000000 0.000000 0.000000 0.000000 0.000000 0.000000 0.000000 0.000000 0.000000 0.000000 0.000000 0.000000 0.000000 0.000000