geotop/1.0zi/1.0Montebello/Templates/testdem/maps/_Erotot6700.asc
ncols         21
nrows         20
xllcorner     100.000000
yllcorner     100.000000
cellsize      50.000000
NODATA_value  -9999.0
0.000000 0.000000 0.000000 0.000000 0.000000 0.000000 0.000000 0.000000 0.000000 0.000000 0.000000 0.000000 0.000000 0.000000 0.000000 0.000000 0.000000 0.000000 0.000000 0.000000 0.000000
0.000000 0.000000 507.182672 507.993031 507.666547 507.925919 507.332806 507.342266 507.301718 507.465044 507.872848 507.213810 507.104635 507.197708 507.452554 507.395955 508.110059 508.355105 508.398897 0.000000 0.000000
0.000000 0.000000 38.656273 37.529140 37.624159 37.772374 38.014604 37.852633 37.668088 37.451015 37.684879 37.941627 37.828930 38.039251 37.803057 37.591634 36.337667 35.567606 36.243331 0.000000 0.000000
0.000000 0.000000 221.771881 224.601757 214.467330 212.062089 212.305872 207.143219 206.659439 206.189445 204.591943 202.627849 205.203315 203.083849 208.200241 214.061768 215.822970 217.209199 222.264419 0.000000 0.000000
0.000000 0.000000 2170.934657 2174.148693 2178.745173 2158.098796 2143.567609 2130.709565 2133.499689 2130.432930 2135.181893 2141.215399 2136.496484 2135.649099 2147.551753 2149.338664 2157.267455 2164.907059 2166.480296 0.000000 0.000000
0.000000 0.000000 3895.592038 3890.008353 3886.476339 3879.882112 3867.387246 3859.894071 3858.597903 3858.270450 3855.164056 3849.487266 3848.364274 3851.254056 3850.662457 3868.438778 3877.005787 3883.461287 3885.463652 0.000000 0.000000
0.000000 0.000000 5054.539111 5051.860325 5048.161814 5042.995815 5029.910108 5012.446044 5011.798821 5007.894182 5009.854871 5013.410343 5015.057340 5015.401584 5038.155752 5047.592225 5051.881036 5053.709868 5059.126488 0.000000 0.000000
0.000000 0.000000 5841.560201 5842.751544 5840.634529 5832.607635 5831.737103 5823.843508 5824.436351 5824.684224 5823.489617 5820.286209 5819.686063 5824.697286 5824.844233 5828.142371 5838.736012 5836.793379 5841.382676 0.000000 0.000000
0.000000 0.000000 6927.486652 6924.112168 6918.851984 6919.440485 6910.920487 6898.931161 6899.783113 6896.239032 6893.931462 6894.185774 6896.227901 6890.535026 6905.567878 6917.880407 6918.530841 6920.868189 6922.424303 0.000000 0.000000
0.000000 0.000000 8178.746071 8176.192164 8177.475074 8175.026052 8158.178193 8150.812935 8151.272934 8150.690516 8147.999882 8150.958197 8154.166872 8152.755033 8156.870860 8168.648765 8174.807827 8175.687901 8176.878275 0.000000 0.000000
0.000000 0.000000 9533.886904 9533.496405 9532.154832 9515.626134 9512.595075 9499.880764 9504.452895 9493.538815 9496.633860 9495.550220 9489.723347 9497.893018 9503.657623 9505.659954 9515.660303 9521.349302 9530.770597 0.000000 0.000000
0.000000 0.000000 10967.752988 10961.984826 10956.278463 10953.562401 10946.914000 10931.071293 10929.047916 10928.791561 10935.492881 10926.670570 10929.545197 10929.304154 10946.529789 10952.227972 10954.238672 10956.630386 10977.389965 0.000000 0.000000
0.000000 0.000000 12433.864816 12430.864311 12431.266665 12421.708547 12416.843192 12383.612748 12382.058449 12381.529498 12364.790100 12374.131169 12378.584269 12381.410397 12402.940863 12408.417668 12425.980080 12425.148298 12433.102376 0.000000 0.000000
0.000000 0.000000 14062.243468 14064.547866 14055.253241 14052.086229 14016.096440 14026.527389 14014.823482 14015.983497 14018.846238 14016.847122 14015.408417 14011.572602 13997.599116 14038.444138 14044.244810 14058.406502 14066.672642 0.000000 0.000000
0.000000 0.000000 15843.320027 15837.311234 15832.239465 15796.817440 15798.387973 15780.576391 15765.090150 15763.561760 15756.211699 15748.612758 15752.195502 15750.264911 15770.738728 15772.125669 15827.845360 15816.722109 15816.315377 0.000000 0.000000
0.000000 0.000000 17695.305877 17693.976815 17642.584690 17646.391579 17651.401327 17642.136403 17665.833124 17655.280707 17664.785540 17658.002187 17651.443477 17664.167578 17666.665061 17666.967072 17635.879265 17708.015166 17701.623036 0.000000 0.000000
0.000000 0.000000 19847.160649 19779.863560 19782.287817 19765.029166 19727.589977 19719.831927 19705.602709 19710.484698 19689.812402 19690.646856 19699.347134 19695.336916 19711.400129 19731.905134 19780.178788 19762.785757 19836.475123 0.000000 0.000000
0.000000 0.000000 21177.491686 21212.445361 21282.134957 21273.733971 21260.618440 21203.710848 21206.319568 21187.392179 21207.385783 21203.107215 21208.212771 21206.110873 21255.193822 21267.347496 21293.496902 21225.820062 21192.546016 0.000000 0.000000
0.000000 0.000000 0.000000 0.000000 0.000000 0.000000 0.000000 0.000000 0.000000 0.000000 0.000000 0.000000 0.000000 0.000000 0.000000 0.000000 0.000000 0.000000 0.000000 0.000000 0.000000
0.000000 0.000000 0.000000 0.000000 0.000000 0.000000 0.000000 0.000000 0.000000 0.000000 0.000000 0.000000 0.000000 0.000000 0.000000 0.000000 0.000000 0.000000 0.000000 0.000000 0.000000