geotop/1.0zi/1.0Montebello/Templates/testdem/maps/_Erotot2020.asc
ncols         21
nrows         20
xllcorner     100.000000
yllcorner     100.000000
cellsize      50.000000
NODATA_value  -9999.0
0.000000 0.000000 0.000000 0.000000 0.000000 0.000000 0.000000 0.000000 0.000000 0.000000 0.000000 0.000000 0.000000 0.000000 0.000000 0.000000 0.000000 0.000000 0.000000 0.000000 0.000000
0.000000 0.000000 201.486340 201.488515 201.525513 201.512736 201.474450 201.489144 201.491481 201.481963 201.483556 201.481963 201.491481 201.489144 201.474450 201.512736 201.525513 201.488515 201.486340 0.000000 0.000000
0.000000 0.000000 10.707904 10.486957 8.706399 10.550776 10.754969 10.731649 10.739498 10.750280 10.746732 10.750280 10.739498 10.731649 10.754969 10.550776 8.706399 10.486957 10.707904 0.000000 0.000000
0.000000 0.000000 1403.609437 1403.400572 1403.592770 1401.527142 1403.770559 1403.313309 1403.342122 1404.078629 1404.097409 1404.078629 1403.342122 1403.313309 1403.770559 1401.527142 1403.592770 1403.400572 1403.609437 0.000000 0.000000
0.000000 0.000000 2838.582333 2838.370107 2837.768878 2838.453419 2838.899962 2838.703881 2838.660451 2838.825295 2838.795364 2838.825295 2838.660451 2838.703881 2838.899962 2838.453419 2837.768878 2838.370107 2838.582333 0.000000 0.000000
0.000000 0.000000 3689.475942 3689.308958 3688.697214 3688.813823 3689.690046 3689.418168 3689.444914 3689.764409 3689.806090 3689.764409 3689.444914 3689.418168 3689.690046 3688.813823 3688.697214 3689.308958 3689.475942 0.000000 0.000000
0.000000 0.000000 4828.611978 4828.478140 4827.913175 4828.030844 4828.778467 4828.545768 4828.578256 4828.861293 4828.915888 4828.861293 4828.578256 4828.545768 4828.778467 4828.030844 4827.913175 4828.478140 4828.611978 0.000000 0.000000
0.000000 0.000000 5910.799646 5910.689438 5910.161064 5910.282968 5910.933074 5910.733523 5910.762732 5911.016036 5911.071355 5911.016036 5910.762732 5910.733523 5910.933074 5910.282968 5910.161064 5910.689438 5910.799646 0.000000 0.000000
0.000000 0.000000 6929.840375 6929.738845 6929.234410 6929.354691 6929.960814 6929.776068 6929.803479 6930.042583 6930.097525 6930.042583 6929.803479 6929.776068 6929.960814 6929.354691 6929.234410 6929.738845 6929.840375 0.000000 0.000000
0.000000 0.000000 7897.535771 7897.460904 7896.966396 7897.124466 7897.642491 7897.477748 7897.509714 7897.727015 7897.780277 7897.727015 7897.509714 7897.477748 7897.642491 7897.124466 7896.966396 7897.460904 7897.535771 0.000000 0.000000
0.000000 0.000000 8819.369817 8819.285819 8818.809317 8818.941617 8819.474758 8819.309519 8819.336995 8819.552670 8819.603692 8819.552670 8819.336995 8819.309519 8819.474758 8818.941617 8818.809317 8819.285819 8819.369817 0.000000 0.000000
0.000000 0.000000 9703.991210 9703.905182 9703.443855 9703.568997 9704.091268 9703.932040 9703.958197 9704.167696 9704.218660 9704.167696 9703.958197 9703.932040 9704.091268 9703.568997 9703.443855 9703.905182 9703.991210 0.000000 0.000000
0.000000 0.000000 10560.410343 10560.327430 10559.871446 10559.997263 10560.503213 10560.347419 10560.373619 10560.578517 10560.627981 10560.578517 10560.373619 10560.347419 10560.503213 10559.997263 10559.871446 10560.327430 10560.410343 0.000000 0.000000
0.000000 0.000000 11391.708121 11391.631870 11391.183581 11391.328264 11391.798291 11391.648195 11391.676019 11391.873716 11391.921973 11391.873716 11391.676019 11391.648195 11391.798291 11391.328264 11391.183581 11391.631870 11391.708121 0.000000 0.000000
0.000000 0.000000 12201.505446 12201.426357 12200.979423 12201.112778 12201.590780 12201.441147 12201.467602 12201.664991 12201.712165 12201.664991 12201.467602 12201.441147 12201.590780 12201.112778 12200.979423 12201.426357 12201.505446 0.000000 0.000000
0.000000 0.000000 12991.688723 12991.610826 12991.174316 12991.300560 12991.768417 12991.622864 12991.649071 12991.841966 12991.888698 12991.841966 12991.649071 12991.622864 12991.768417 12991.300560 12991.174316 12991.610826 12991.688718 0.000000 0.000000
0.000000 0.000000 13761.070844 13760.993650 13760.557361 13760.686900 13761.148570 13761.003384 13761.028992 13761.218734 13761.264089 13761.218734 13761.028992 13761.003384 13761.148570 13760.686900 13760.557361 13760.993629 13761.070377 0.000000 0.000000
0.000000 0.000000 14543.610368 14543.867757 14543.439005 14543.563582 14544.023632 14543.879378 14543.902785 14544.090587 14544.134850 14544.090587 14543.902785 14543.879378 14544.023632 14543.563582 14543.438986 14543.864315 14543.940744 0.000000 0.000000
0.000000 0.000000 0.000000 0.000000 0.000000 0.000000 0.000000 0.000000 0.000000 0.000000 0.000000 0.000000 0.000000 0.000000 0.000000 0.000000 0.000000 0.000000 0.000000 0.000000 0.000000
0.000000 0.000000 0.000000 0.000000 0.000000 0.000000 0.000000 0.000000 0.000000 0.000000 0.000000 0.000000 0.000000 0.000000 0.000000 0.000000 0.000000 0.000000 0.000000 0.000000 0.000000