geotop/1.0zi/1.0Montebello/Templates/testdem/maps/_Erotot4034.asc
ncols         21
nrows         20
xllcorner     100.000000
yllcorner     100.000000
cellsize      50.000000
NODATA_value  -9999.0
0.000000 0.000000 0.000000 0.000000 0.000000 0.000000 0.000000 0.000000 0.000000 0.000000 0.000000 0.000000 0.000000 0.000000 0.000000 0.000000 0.000000 0.000000 0.000000 0.000000 0.000000
0.000000 0.000000 301.008801 300.569848 300.380852 300.232443 300.260288 300.315677 300.352933 300.350240 300.337429 300.341368 300.342856 300.386808 300.256568 300.276479 300.450965 300.358441 300.450838 0.000000 0.000000
0.000000 0.000000 23.676840 24.228134 24.498621 25.206913 24.842676 24.860472 24.434950 24.366174 24.419218 24.794127 24.559873 24.387818 24.877191 24.638167 23.756992 23.196814 23.071218 0.000000 0.000000
0.000000 0.000000 137.500443 138.973092 131.952784 129.319223 130.083575 124.904630 124.082474 123.671229 122.912976 122.436177 123.553079 122.360417 125.262461 130.278296 131.031974 133.400612 136.101766 0.000000 0.000000
0.000000 0.000000 1272.761609 1278.290955 1285.134860 1280.387894 1274.498960 1271.549373 1274.955805 1269.283194 1272.766624 1276.342634 1274.985665 1271.098974 1274.883417 1271.615000 1271.595589 1273.365388 1272.642511 0.000000 0.000000
0.000000 0.000000 2395.731994 2390.158417 2385.631958 2384.059282 2380.198873 2376.678642 2374.907078 2377.305632 2376.506851 2373.636093 2369.215878 2369.322400 2368.747515 2380.463710 2386.586014 2386.067165 2389.374975 0.000000 0.000000
0.000000 0.000000 2978.704738 2973.561851 2968.878303 2962.108390 2953.658261 2939.507067 2940.640233 2937.150107 2940.233547 2939.811010 2942.478516 2944.420951 2957.905234 2964.862654 2971.865911 2976.297572 2978.940344 0.000000 0.000000
0.000000 0.000000 3410.505273 3411.027373 3411.209532 3407.100475 3406.973237 3404.102374 3404.834307 3405.400910 3402.819310 3403.788713 3401.806546 3399.577202 3401.873261 3405.353870 3406.887186 3405.994956 3407.108636 0.000000 0.000000
0.000000 0.000000 4000.192220 3999.712980 3996.419666 3995.843601 3992.490650 3984.102594 3984.415475 3982.600169 3983.128369 3983.385770 3982.376975 3982.112978 3986.741084 3994.027369 3993.779174 3994.950039 3998.283767 0.000000 0.000000
0.000000 0.000000 4668.570498 4667.101396 4666.502972 4663.489606 4656.401593 4652.587511 4654.140181 4653.369296 4653.275635 4653.324478 4652.067141 4649.523280 4655.803020 4661.675764 4663.897160 4664.623671 4665.670263 0.000000 0.000000
0.000000 0.000000 5372.359916 5370.772705 5368.547811 5367.180823 5366.347680 5357.232641 5357.626742 5355.225594 5355.370495 5356.152984 5354.697121 5353.381756 5357.143013 5359.346667 5363.558509 5365.395210 5368.098686 0.000000 0.000000
0.000000 0.000000 6102.260668 6101.059504 6098.539796 6092.725261 6089.250571 6082.545834 6081.679580 6081.287952 6081.273551 6080.471427 6079.761976 6078.717813 6086.686548 6092.046269 6095.153552 6096.006389 6112.281194 0.000000 0.000000
0.000000 0.000000 6830.545141 6828.734492 6825.989787 6823.952366 6818.427242 6802.307880 6802.653525 6801.064572 6800.846649 6801.327299 6799.472951 6798.911091 6812.042574 6819.433591 6822.239549 6823.535896 6825.552905 0.000000 0.000000
0.000000 0.000000 7605.185969 7602.592397 7599.604532 7596.485670 7581.125457 7589.179894 7584.049988 7583.048501 7583.373133 7583.409148 7581.963174 7580.811982 7574.877661 7590.713332 7594.174054 7598.941384 7598.593938 0.000000 0.000000
0.000000 0.000000 8427.836166 8422.897088 8418.176587 8408.949757 8407.401941 8393.317307 8385.959870 8384.501695 8380.371242 8379.689382 8380.334651 8377.089587 8386.341728 8393.823971 8412.148043 8407.952327 8408.964512 0.000000 0.000000
0.000000 0.000000 9241.343162 9241.050309 9222.922713 9226.256216 9227.424565 9227.431573 9229.775957 9229.745997 9232.139799 9231.945116 9228.704320 9232.058866 9228.900714 9227.543302 9217.570650 9237.196529 9241.108656 0.000000 0.000000
0.000000 0.000000 10161.665043 10142.456604 10134.254902 10128.119605 10116.500478 10111.942072 10110.514047 10109.932769 10106.463736 10106.572939 10106.139624 10102.802002 10105.806049 10120.257725 10132.124425 10132.647716 10152.264001 0.000000 0.000000
0.000000 0.000000 10852.041231 10854.104516 10871.344063 10863.412437 10859.269651 10842.075274 10840.837761 10838.373092 10839.503172 10839.076965 10837.348789 10837.030398 10853.091645 10860.696332 10871.120235 10848.983877 10851.422892 0.000000 0.000000
0.000000 0.000000 0.000000 0.000000 0.000000 0.000000 0.000000 0.000000 0.000000 0.000000 0.000000 0.000000 0.000000 0.000000 0.000000 0.000000 0.000000 0.000000 0.000000 0.000000 0.000000
0.000000 0.000000 0.000000 0.000000 0.000000 0.000000 0.000000 0.000000 0.000000 0.000000 0.000000 0.000000 0.000000 0.000000 0.000000 0.000000 0.000000 0.000000 0.000000 0.000000 0.000000