geotop/1.0zi/1.0Montebello/Templates/testdem/maps/_Erotot8734.asc
ncols         21
nrows         20
xllcorner     100.000000
yllcorner     100.000000
cellsize      50.000000
NODATA_value  -9999.0
0.000000 0.000000 0.000000 0.000000 0.000000 0.000000 0.000000 0.000000 0.000000 0.000000 0.000000 0.000000 0.000000 0.000000 0.000000 0.000000 0.000000 0.000000 0.000000 0.000000 0.000000
0.000000 0.000000 700.009461 700.824891 700.256526 700.347577 699.322103 699.471986 699.457638 699.534473 699.908563 699.285047 699.166919 699.214250 699.596009 699.755500 700.598040 701.155804 701.376568 0.000000 0.000000
0.000000 0.000000 54.627201 53.565653 53.870756 53.841354 54.484949 54.138339 53.827397 53.651973 53.862979 54.179004 54.242822 54.356222 54.196690 53.686242 52.420333 51.601758 52.133452 0.000000 0.000000
0.000000 0.000000 422.195605 422.909684 409.008432 401.079911 399.777656 393.668948 393.665633 395.608854 392.160900 390.437991 393.826989 392.285477 403.132890 411.244204 416.318980 416.924326 424.025321 0.000000 0.000000
0.000000 0.000000 3741.977515 3738.933887 3740.092479 3713.414645 3690.758189 3678.696209 3678.008319 3671.840372 3680.917654 3687.948867 3686.748588 3682.602565 3698.471459 3700.945754 3714.977027 3724.526552 3725.070990 0.000000 0.000000
0.000000 0.000000 5817.479831 5813.559506 5808.603467 5803.689621 5787.505508 5776.928512 5778.544945 5777.228272 5773.409509 5767.476681 5765.865451 5769.848300 5769.856013 5791.870028 5797.994207 5804.033044 5806.690184 0.000000 0.000000
0.000000 0.000000 7199.960589 7195.112988 7192.346099 7184.078072 7169.511442 7144.223766 7143.454281 7141.055814 7141.131409 7145.677366 7146.426620 7147.248982 7177.086448 7187.202041 7193.191161 7196.594390 7201.898960 0.000000 0.000000
0.000000 0.000000 8531.940466 8531.794050 8527.926256 8515.932398 8512.991253 8504.044309 8504.311501 8502.157046 8502.574921 8498.432073 8497.308500 8504.252214 8506.709159 8512.258750 8526.297334 8524.107589 8530.079056 0.000000 0.000000
0.000000 0.000000 10263.090420 10257.311973 10250.395034 10248.761546 10234.400817 10218.421367 10220.438034 10216.796434 10214.261041 10213.999992 10216.913042 10210.544750 10231.211297 10246.339729 10248.680039 10252.883354 10255.054485 0.000000 0.000000
0.000000 0.000000 12249.559582 12244.692046 12243.961194 12238.578966 12215.407260 12205.263049 12204.246257 12204.186566 12200.403605 12204.935335 12208.085084 12207.437439 12215.268574 12232.131094 12240.587755 12243.101067 12244.035509 0.000000 0.000000
0.000000 0.000000 14448.863495 14448.044683 14445.145047 14418.729032 14412.759324 14393.446043 14402.051575 14385.352818 14392.035936 14388.663282 14381.574410 14391.950373 14404.598778 14407.348023 14422.745694 14429.504982 14442.483357 0.000000 0.000000
0.000000 0.000000 16865.915602 16854.537392 16844.361537 16841.481096 16825.779934 16806.358397 16799.716395 16803.352670 16810.078753 16797.931904 16804.864286 16802.777131 16828.617293 16841.082273 16843.537832 16848.867934 16874.187616 0.000000 0.000000
0.000000 0.000000 19415.583906 19408.267645 19411.019837 19389.549179 19382.129259 19320.579315 19318.460323 19318.275183 19291.222841 19309.151121 19311.896721 19318.348724 19363.424748 19370.893696 19400.819092 19398.655235 19407.175872 0.000000 0.000000
0.000000 0.000000 22399.659495 22402.623951 22384.115875 22377.401735 22296.752764 22330.414051 22311.873603 22312.928042 22325.291468 22315.092586 22314.401466 22304.109403 22273.126709 22361.581681 22365.742557 22392.312390 22404.401420 0.000000 0.000000
0.000000 0.000000 25763.315746 25751.331730 25737.755214 25643.903927 25674.950616 25627.426372 25604.225656 25600.746497 25581.847031 25570.667590 25580.307082 25580.176277 25632.929862 25602.990125 25735.714829 25704.821604 25700.124638 0.000000 0.000000
0.000000 0.000000 29158.836761 29153.778636 29024.008437 29081.915752 29073.780046 29072.550450 29135.184599 29116.143618 29148.750165 29140.380981 29117.653440 29150.375990 29142.876467 29150.035579 29012.891224 29212.989278 29204.301527 0.000000 0.000000
0.000000 0.000000 32971.664539 32797.719278 32869.735094 32798.018934 32708.194728 32687.667109 32627.107422 32644.561822 32584.210283 32592.572496 32626.740302 32593.017000 32639.232100 32698.118173 32867.630244 32724.255488 32910.242266 0.000000 0.000000
0.000000 0.000000 33897.451052 34072.185498 34205.296747 34212.482595 34228.321275 34108.084220 34135.871262 34094.018894 34164.634742 34152.395011 34143.282970 34161.161792 34258.114421 34247.739850 34231.870974 34133.113171 33959.116808 0.000000 0.000000
0.000000 0.000000 0.000000 0.000000 0.000000 0.000000 0.000000 0.000000 0.000000 0.000000 0.000000 0.000000 0.000000 0.000000 0.000000 0.000000 0.000000 0.000000 0.000000 0.000000 0.000000
0.000000 0.000000 0.000000 0.000000 0.000000 0.000000 0.000000 0.000000 0.000000 0.000000 0.000000 0.000000 0.000000 0.000000 0.000000 0.000000 0.000000 0.000000 0.000000 0.000000 0.000000