geotop/1.0zi/1.0Montebello/Templates/testdem/maps/_Erotot6974.asc
ncols         21
nrows         20
xllcorner     100.000000
yllcorner     100.000000
cellsize      50.000000
NODATA_value  -9999.0
0.000000 0.000000 0.000000 0.000000 0.000000 0.000000 0.000000 0.000000 0.000000 0.000000 0.000000 0.000000 0.000000 0.000000 0.000000 0.000000 0.000000 0.000000 0.000000 0.000000 0.000000
0.000000 0.000000 565.808240 566.612902 566.262008 566.492491 565.875387 565.847653 565.862909 565.966964 566.392300 565.720027 565.604500 565.689768 565.973964 565.938591 566.691898 566.965933 567.034762 0.000000 0.000000
0.000000 0.000000 44.442003 43.237662 43.202313 43.352894 43.586902 43.442364 43.181995 43.024821 43.264060 43.551936 43.485228 43.681315 43.458480 43.260031 41.974400 41.249405 41.993352 0.000000 0.000000
0.000000 0.000000 234.140268 236.159898 224.700193 222.108469 220.828533 213.876180 214.743832 213.514009 212.471765 209.913729 211.981141 211.817418 220.314821 226.296781 227.412485 229.207589 234.848808 0.000000 0.000000
0.000000 0.000000 2435.371972 2438.643410 2441.895803 2420.854264 2406.213310 2393.324276 2395.300844 2392.215875 2397.695016 2404.089118 2398.759037 2397.025624 2408.472112 2411.174553 2419.688481 2427.218563 2429.192727 0.000000 0.000000
0.000000 0.000000 4203.818053 4198.187971 4194.900946 4188.705154 4174.660338 4166.640302 4165.992515 4165.119085 4161.720801 4155.884510 4154.981413 4158.299761 4158.209655 4176.191752 4184.453106 4191.202286 4193.116985 0.000000 0.000000
0.000000 0.000000 5392.644470 5389.862644 5385.704376 5379.993039 5366.746593 5348.117723 5347.626029 5343.832627 5345.403702 5349.223995 5350.569292 5351.062824 5375.235387 5384.722178 5389.094560 5391.215344 5396.806838 0.000000 0.000000
0.000000 0.000000 6257.046918 6257.730073 6255.149436 6246.699917 6245.471940 6237.118542 6237.768501 6237.690061 6236.870365 6233.139661 6232.319084 6238.124025 6238.905505 6242.530428 6253.407597 6251.405980 6256.496543 0.000000 0.000000
0.000000 0.000000 7430.830256 7426.993772 7421.353271 7421.987180 7412.438044 7399.143740 7400.615337 7396.450311 7394.459524 7394.432770 7396.517910 7390.858506 7407.274758 7419.744503 7420.350239 7423.097557 7424.801761 0.000000 0.000000
0.000000 0.000000 8779.796205 8776.937789 8777.572816 8774.760624 8756.546636 8748.606927 8748.842336 8748.447678 8745.495409 8748.816545 8751.648057 8750.762436 8755.741190 8768.281939 8774.367297 8775.512695 8776.897709 0.000000 0.000000
0.000000 0.000000 10243.056769 10242.655392 10240.360351 10222.904512 10219.568477 10205.047836 10210.558417 10198.557394 10202.291250 10200.920766 10194.476492 10203.432898 10210.580715 10212.563602 10222.978919 10228.785083 10238.951921 0.000000 0.000000
0.000000 0.000000 11797.317040 11790.692515 11783.995536 11781.599689 11773.281653 11756.538803 11754.190328 11754.176062 11761.111800 11751.500404 11754.699857 11754.657399 11773.346200 11779.945167 11781.521703 11784.507178 11805.923740 0.000000 0.000000
0.000000 0.000000 13394.885592 13391.185307 13391.502405 13380.623964 13375.366976 13338.016878 13336.696766 13335.947826 13318.176338 13328.506282 13332.336838 13335.970788 13360.869313 13366.462894 13385.113960 13384.102197 13392.572698 0.000000 0.000000
0.000000 0.000000 15181.014820 15183.398951 15172.497055 15169.319074 15128.049747 15139.942044 15127.861317 15128.707690 15132.611754 15129.821594 15128.116377 15124.304933 15109.426957 15155.034404 15160.520021 15176.100628 15184.941194 0.000000 0.000000
0.000000 0.000000 17148.664938 17142.006945 17135.607804 17094.535042 17098.038408 17076.990128 17060.874351 17058.754609 17050.811087 17042.578981 17046.369915 17044.836324 17068.976616 17068.101420 17130.953478 17118.412907 17117.977231 0.000000 0.000000
0.000000 0.000000 19197.703979 19195.756271 19135.369413 19144.068457 19148.208133 19136.934179 19164.713615 19152.959998 19164.664356 19157.441121 19148.959986 19164.340764 19168.642646 19168.739499 19127.994151 19212.614145 19206.175279 0.000000 0.000000
0.000000 0.000000 21605.226301 21523.511779 21530.417900 21508.152207 21463.121178 21454.097839 21436.248866 21441.912280 21417.406420 21418.871593 21429.654014 21423.432985 21442.672733 21468.244135 21527.804160 21500.310617 21588.993413 0.000000 0.000000
0.000000 0.000000 22977.672182 23030.645223 23112.856211 23105.998171 23094.232075 23024.854393 23029.826853 23007.198888 23033.808373 23028.496912 23032.123574 23032.450500 23092.193877 23102.100530 23126.739570 23048.623393 22997.742811 0.000000 0.000000
0.000000 0.000000 0.000000 0.000000 0.000000 0.000000 0.000000 0.000000 0.000000 0.000000 0.000000 0.000000 0.000000 0.000000 0.000000 0.000000 0.000000 0.000000 0.000000 0.000000 0.000000
0.000000 0.000000 0.000000 0.000000 0.000000 0.000000 0.000000 0.000000 0.000000 0.000000 0.000000 0.000000 0.000000 0.000000 0.000000 0.000000 0.000000 0.000000 0.000000 0.000000 0.000000