geotop/1.0zi/1.0Montebello/Templates/testdem/maps/_Erotot8936.asc
ncols         21
nrows         20
xllcorner     100.000000
yllcorner     100.000000
cellsize      50.000000
NODATA_value  -9999.0
0.000000 0.000000 0.000000 0.000000 0.000000 0.000000 0.000000 0.000000 0.000000 0.000000 0.000000 0.000000 0.000000 0.000000 0.000000 0.000000 0.000000 0.000000 0.000000 0.000000 0.000000
0.000000 0.000000 713.889292 714.528176 713.961672 714.051356 713.036631 713.164770 713.247256 713.321357 713.702541 713.068499 712.958093 712.996067 713.398796 713.523392 714.343450 714.927932 715.084640 0.000000 0.000000
0.000000 0.000000 55.535311 54.574293 54.874069 54.801668 55.619869 55.287446 54.913770 54.776392 54.976798 55.306012 55.363344 55.479265 55.253262 54.649080 53.376372 52.528239 53.139719 0.000000 0.000000
0.000000 0.000000 429.779956 431.471683 418.189955 411.808687 411.117408 405.422004 410.400546 412.267361 408.468380 406.787716 410.246896 409.977057 418.318979 426.726795 430.580649 425.244099 432.167409 0.000000 0.000000
0.000000 0.000000 3911.771280 3906.258945 3905.704458 3872.613707 3848.925976 3836.266875 3830.717818 3823.288844 3832.189290 3839.115009 3837.574565 3832.643670 3852.152433 3856.573811 3872.203719 3883.442959 3883.532103 0.000000 0.000000
0.000000 0.000000 5969.232744 5963.997353 5958.708368 5960.515236 5938.530098 5926.139192 5929.726038 5929.556929 5925.274014 5919.197685 5917.470901 5921.598941 5921.671561 5946.512114 5947.773242 5953.842015 5956.196255 0.000000 0.000000
0.000000 0.000000 7392.244357 7386.890759 7383.723746 7372.903234 7364.193892 7331.540764 7331.915307 7329.324984 7329.069919 7333.387064 7333.941174 7334.927539 7367.603070 7373.385378 7381.713565 7384.150626 7389.112217 0.000000 0.000000
0.000000 0.000000 8778.449797 8776.042910 8772.183110 8760.160440 8754.401291 8750.820739 8751.691069 8749.721753 8750.053325 8745.884781 8744.696249 8752.132268 8750.341149 8758.879141 8773.036923 8769.123816 8775.167798 0.000000 0.000000
0.000000 0.000000 10568.388441 10563.660522 10556.816775 10554.343240 10539.334056 10520.622907 10523.574542 10519.444916 10516.521441 10516.097505 10518.891187 10512.736713 10536.610491 10550.462205 10551.864097 10553.947458 10557.370918 0.000000 0.000000
0.000000 0.000000 12642.132321 12634.963543 12634.219193 12627.835386 12604.585414 12593.778443 12593.358489 12592.041876 12588.283307 12592.676657 12595.681669 12595.391736 12602.514839 12621.100511 12628.618453 12630.960180 12630.049530 0.000000 0.000000
0.000000 0.000000 14936.805291 14934.715234 14932.037229 14904.251766 14898.161123 14877.749228 14886.128620 14868.999952 14875.117143 14871.373765 14863.819924 14874.696478 14888.872645 14892.248911 14907.220048 14910.778406 14925.539296 0.000000 0.000000
0.000000 0.000000 17472.247449 17462.905432 17448.752525 17446.065974 17430.057899 17407.351410 17405.769231 17408.723625 17415.008160 17402.245468 17409.277830 17407.335780 17433.309104 17445.642737 17445.993573 17449.822425 17474.754547 0.000000 0.000000
0.000000 0.000000 20153.629060 20143.955908 20147.798108 20124.713850 20115.650889 20049.809686 20047.537205 20046.440709 20017.616603 20036.353465 20038.722457 20045.920998 20094.483959 20103.011113 20132.723184 20129.894046 20136.705324 0.000000 0.000000
0.000000 0.000000 23318.092019 23319.871617 23299.169187 23292.046495 23205.144281 23244.111518 23224.541539 23225.929258 23239.323578 23227.795883 23226.649324 23215.901612 23178.695097 23276.173449 23278.580139 23302.759156 23315.606129 0.000000 0.000000
0.000000 0.000000 26858.779301 26844.373113 26829.185382 26728.605178 26769.039643 26714.058999 26692.203264 26687.646053 26666.238674 26654.573444 26664.748979 26665.508414 26722.073029 26683.205697 26826.217528 26788.406399 26781.713960 0.000000 0.000000
0.000000 0.000000 30372.522512 30366.390204 30228.882667 30295.934043 30283.821684 30284.938085 30354.444355 30333.083554 30367.159218 30358.816972 30333.835703 30368.861246 30357.372597 30371.180612 30213.458997 30425.308926 30415.568795 0.000000 0.000000
0.000000 0.000000 34177.505620 34004.051242 34082.873963 34008.754062 33920.129361 33899.231322 33836.169179 33854.639014 33792.923557 33801.401847 33836.173873 33801.623556 33848.102211 33903.711705 34078.495594 33925.246459 34107.586973 0.000000 0.000000
0.000000 0.000000 35049.578474 35216.690980 35343.554799 35349.336373 35364.445448 35250.449087 35278.273715 35238.133586 35304.908416 35293.059727 35284.532254 35301.374923 35390.788562 35382.486631 35365.736668 35268.496382 35102.505100 0.000000 0.000000
0.000000 0.000000 0.000000 0.000000 0.000000 0.000000 0.000000 0.000000 0.000000 0.000000 0.000000 0.000000 0.000000 0.000000 0.000000 0.000000 0.000000 0.000000 0.000000 0.000000 0.000000
0.000000 0.000000 0.000000 0.000000 0.000000 0.000000 0.000000 0.000000 0.000000 0.000000 0.000000 0.000000 0.000000 0.000000 0.000000 0.000000 0.000000 0.000000 0.000000 0.000000 0.000000