geotop/1.0zi/1.0Montebello/Templates/testdem/maps/_Erotot5244.asc
ncols         21
nrows         20
xllcorner     100.000000
yllcorner     100.000000
cellsize      50.000000
NODATA_value  -9999.0
0.000000 0.000000 0.000000 0.000000 0.000000 0.000000 0.000000 0.000000 0.000000 0.000000 0.000000 0.000000 0.000000 0.000000 0.000000 0.000000 0.000000 0.000000 0.000000 0.000000 0.000000
0.000000 0.000000 393.521419 392.729254 392.576151 392.374309 392.347060 392.424925 392.381139 392.551727 392.468376 392.249801 392.226133 392.270440 392.383644 392.270449 392.473140 392.656001 393.054899 0.000000 0.000000
0.000000 0.000000 30.709628 31.431485 31.652704 32.834116 32.574362 32.432703 32.246419 32.029557 32.159280 32.535780 32.302222 32.168463 32.561229 32.350609 31.510541 30.633845 29.997254 0.000000 0.000000
0.000000 0.000000 152.992166 154.461979 147.497613 144.734836 146.528515 141.304872 140.714531 141.101548 139.755978 138.413044 139.952765 138.012532 140.739985 145.520622 145.033705 148.445429 151.197832 0.000000 0.000000
0.000000 0.000000 1571.101653 1576.455549 1582.937162 1565.638114 1551.098100 1540.523309 1543.243884 1540.505919 1544.085003 1548.326518 1545.171921 1542.944496 1553.105875 1551.642793 1558.759588 1565.452793 1566.311959 0.000000 0.000000
0.000000 0.000000 2896.345249 2890.112606 2887.213731 2883.108557 2877.267823 2873.309841 2871.052861 2871.475751 2871.043335 2868.638847 2866.536873 2869.346811 2867.936197 2882.297139 2887.473772 2890.721876 2893.703752 0.000000 0.000000
0.000000 0.000000 3774.638176 3772.047227 3769.230090 3764.638892 3752.291691 3736.053192 3736.573586 3732.996253 3734.737708 3737.777290 3739.673427 3740.615342 3758.902041 3767.685344 3772.264884 3773.626291 3778.398178 0.000000 0.000000
0.000000 0.000000 4366.379403 4367.901045 4367.400997 4361.618634 4361.426967 4355.173583 4355.687538 4356.236662 4355.007476 4352.768731 4352.473729 4355.820353 4355.060120 4356.892836 4364.780661 4362.983923 4365.612375 0.000000 0.000000
0.000000 0.000000 5127.455583 5125.045548 5121.392539 5122.648753 5116.876329 5107.537430 5107.892801 5105.539558 5103.153108 5104.524842 5105.666481 5100.631624 5112.598405 5119.664360 5121.538523 5122.074369 5123.327084 0.000000 0.000000
0.000000 0.000000 6012.558300 6010.302482 6012.777056 6012.528668 5999.026153 5992.990977 5994.519734 5993.700404 5991.900837 5994.975925 5997.912328 5996.286836 5998.577959 6007.640158 6011.257520 6011.216037 6011.756279 0.000000 0.000000
0.000000 0.000000 6964.060681 6964.308081 6964.779124 6951.525934 6949.608528 6940.404694 6943.708661 6935.241785 6937.539684 6936.896334 6932.456069 6939.468245 6942.584074 6943.239051 6949.321838 6954.979870 6961.609114 0.000000 0.000000
0.000000 0.000000 7951.822803 7947.638061 7943.565812 7942.047821 7939.381867 7925.944767 7925.337134 7924.410066 7930.972239 7924.496436 7926.218104 7925.766901 7939.796416 7941.685419 7943.045374 7943.169263 7961.693488 0.000000 0.000000
0.000000 0.000000 8943.535922 8941.796646 8943.029175 8936.415312 8933.303636 8911.039296 8909.930146 8909.792942 8896.408967 8904.887521 8908.866855 8910.709938 8922.982467 8926.044679 8938.892723 8938.220459 8944.508394 0.000000 0.000000
0.000000 0.000000 10022.685033 10024.079238 10018.081822 10017.444844 9995.326860 10003.212754 9993.500379 9995.007373 9996.060760 9996.038672 9994.628704 9991.573698 9981.912612 10005.848689 10010.921673 10020.437452 10027.060629 0.000000 0.000000
0.000000 0.000000 11176.618630 11172.328884 11169.902383 11151.697895 11151.552126 11138.542215 11126.692440 11125.556277 11121.341641 11115.914422 11118.643653 11117.073353 11129.490572 11132.685804 11166.970999 11159.073881 11159.129345 0.000000 0.000000
0.000000 0.000000 12350.512468 12349.815289 12322.467012 12320.372877 12325.290711 12318.837088 12333.273748 12326.505486 12331.268354 12327.318652 12323.453565 12330.418182 12333.265106 12332.848591 12317.109647 12357.359721 12350.665622 0.000000 0.000000
0.000000 0.000000 13667.154492 13635.575291 13632.993474 13625.886364 13606.131860 13601.555043 13595.209571 13598.120562 13587.043087 13587.311932 13590.813414 13591.988527 13600.574523 13607.453157 13632.447935 13629.854588 13666.371396 0.000000 0.000000
0.000000 0.000000 14631.175725 14636.849497 14670.446829 14664.859920 14656.701617 14629.387218 14630.204800 14618.561894 14627.388374 14626.123809 14631.706767 14626.670682 14650.339106 14656.377159 14676.810895 14641.630616 14635.400832 0.000000 0.000000
0.000000 0.000000 0.000000 0.000000 0.000000 0.000000 0.000000 0.000000 0.000000 0.000000 0.000000 0.000000 0.000000 0.000000 0.000000 0.000000 0.000000 0.000000 0.000000 0.000000 0.000000
0.000000 0.000000 0.000000 0.000000 0.000000 0.000000 0.000000 0.000000 0.000000 0.000000 0.000000 0.000000 0.000000 0.000000 0.000000 0.000000 0.000000 0.000000 0.000000 0.000000 0.000000