geotop/1.0zi/1.0Montebello/Templates/testdem/maps/_Erotot6618.asc
ncols         21
nrows         20
xllcorner     100.000000
yllcorner     100.000000
cellsize      50.000000
NODATA_value  -9999.0
0.000000 0.000000 0.000000 0.000000 0.000000 0.000000 0.000000 0.000000 0.000000 0.000000 0.000000 0.000000 0.000000 0.000000 0.000000 0.000000 0.000000 0.000000 0.000000 0.000000 0.000000
0.000000 0.000000 505.605814 506.415916 506.096560 506.360497 505.769293 505.780359 505.740242 505.905722 506.310980 505.651609 505.542255 505.635144 505.886841 505.826448 506.539231 506.779937 506.821554 0.000000 0.000000
0.000000 0.000000 38.570315 37.443842 37.533077 37.677294 37.920941 37.761223 37.574050 37.358353 37.599623 37.859046 37.746427 37.957702 37.723871 37.512663 36.254525 35.483492 36.158128 0.000000 0.000000
0.000000 0.000000 221.823056 224.688780 214.570798 212.170086 212.414395 207.252292 206.773814 206.295873 204.677603 202.655509 205.275102 203.142981 208.054262 213.911325 215.867284 217.267438 222.277778 0.000000 0.000000
0.000000 0.000000 2122.800863 2125.894445 2130.867663 2110.400830 2095.827574 2083.475941 2086.195124 2083.138031 2087.482520 2092.822510 2088.603248 2087.659317 2099.283507 2100.968520 2108.546273 2116.266714 2118.230945 0.000000 0.000000
0.000000 0.000000 3841.023775 3835.572851 3831.968028 3825.374800 3813.064044 3805.464839 3804.214918 3803.857353 3800.879702 3795.383480 3794.112573 3797.011029 3796.292392 3813.944269 3822.713700 3829.145667 3830.930022 0.000000 0.000000
0.000000 0.000000 4994.701451 4992.061750 4988.424817 4983.311912 4970.266234 4952.987971 4952.346866 4948.431132 4950.358800 4953.812110 4955.528882 4955.847889 4978.318953 4987.708430 4992.034340 4993.879948 4999.278103 0.000000 0.000000
0.000000 0.000000 5766.209867 5767.421410 5765.383064 5757.414832 5756.600672 5748.856753 5749.447078 5749.682388 5748.389558 5745.052378 5744.548916 5749.530966 5749.499578 5752.733688 5763.321565 5761.393693 5766.003265 0.000000 0.000000
0.000000 0.000000 6834.361783 6831.022120 6825.866199 6826.507622 6818.056146 6806.256935 6807.105331 6803.550801 6801.147481 6801.243116 6803.405154 6797.691231 6812.469241 6824.683518 6825.345628 6827.695612 6829.278643 0.000000 0.000000
0.000000 0.000000 8065.384278 8062.858896 8064.240237 8061.862476 8045.107409 8037.943633 8038.401017 8037.797019 8035.018223 8037.790754 8041.121082 8039.684055 8043.543934 8055.214813 8061.356466 8062.262775 8063.481054 0.000000 0.000000
0.000000 0.000000 9397.718237 9397.343390 9396.123184 9379.720986 9376.740026 9364.261730 9368.812155 9357.931422 9360.912451 9359.635909 9353.983140 9362.079104 9367.570002 9369.490545 9379.471203 9385.149709 9394.582786 0.000000 0.000000
0.000000 0.000000 10805.903383 10800.194256 10794.629884 10791.989117 10785.427424 10769.862523 10767.861166 10767.571948 10774.117355 10765.142116 10768.153475 10767.896073 10784.736405 10790.321578 10792.339142 10794.749536 10815.438890 0.000000 0.000000
0.000000 0.000000 12244.113582 12241.169110 12241.660612 12232.234110 12227.438995 12194.908610 12193.355057 12192.824194 12176.109123 12185.120443 12189.724648 12192.483993 12213.356697 12218.722679 12236.143738 12235.350669 12243.368153 0.000000 0.000000
0.000000 0.000000 13839.189028 13841.509515 13832.416556 13829.339703 13794.106422 13804.370286 13792.801733 13793.925856 13796.564380 13794.363522 13793.156912 13789.346507 13775.418585 13815.422624 13821.206339 13835.241240 13843.508834 0.000000 0.000000
0.000000 0.000000 15581.567229 15575.625404 15570.773271 15536.425456 15537.478599 15520.188935 15504.857573 15503.358148 15495.995324 15488.225476 15491.916826 15489.990055 15509.825007 15511.620503 15566.081801 15555.256184 15554.969945 0.000000 0.000000
0.000000 0.000000 17391.204007 17389.933056 17340.153661 17343.321039 17348.302334 17339.133538 17362.210459 17351.785865 17360.816312 17353.791433 17347.729143 17360.058251 17362.449694 17362.766050 17333.137098 17403.159462 17396.923887 0.000000 0.000000
0.000000 0.000000 19489.871481 19425.081542 19426.815238 19410.193157 19373.773395 19366.389471 19352.774819 19357.454009 19337.292941 19337.674813 19346.230382 19342.627902 19357.952482 19377.670380 19424.327199 19408.612075 19479.809372 0.000000 0.000000
0.000000 0.000000 20804.278463 20836.452632 20903.572178 20895.094436 20881.572487 20826.771398 20829.085724 20810.700804 20829.496965 20825.045548 20830.556294 20828.137959 20875.349122 20887.741513 20914.073023 20848.732597 20818.275733 0.000000 0.000000
0.000000 0.000000 0.000000 0.000000 0.000000 0.000000 0.000000 0.000000 0.000000 0.000000 0.000000 0.000000 0.000000 0.000000 0.000000 0.000000 0.000000 0.000000 0.000000 0.000000 0.000000
0.000000 0.000000 0.000000 0.000000 0.000000 0.000000 0.000000 0.000000 0.000000 0.000000 0.000000 0.000000 0.000000 0.000000 0.000000 0.000000 0.000000 0.000000 0.000000 0.000000 0.000000