geotop/1.0zi/1.0Montebello/Templates/testdem/maps/_Erotot3417.asc
ncols         21
nrows         20
xllcorner     100.000000
yllcorner     100.000000
cellsize      50.000000
NODATA_value  -9999.0
0.000000 0.000000 0.000000 0.000000 0.000000 0.000000 0.000000 0.000000 0.000000 0.000000 0.000000 0.000000 0.000000 0.000000 0.000000 0.000000 0.000000 0.000000 0.000000 0.000000 0.000000
0.000000 0.000000 369.126621 369.129478 369.133023 369.252004 369.119558 369.125310 369.098966 369.138946 369.153655 369.138946 369.098966 369.125310 369.119558 369.252004 369.133023 369.129478 369.126621 0.000000 0.000000
0.000000 0.000000 11.399601 11.161027 9.404927 11.086507 11.402640 11.328285 11.447400 11.343425 11.710779 11.343425 11.447400 11.328285 11.402640 11.086507 9.404927 11.161027 11.399601 0.000000 0.000000
0.000000 0.000000 2709.499087 2709.234478 2709.380436 2707.565516 2709.538896 2708.969938 2708.859643 2709.669794 2709.807547 2709.669794 2708.859643 2708.969938 2709.538896 2707.565516 2709.380436 2709.234478 2709.499087 0.000000 0.000000
0.000000 0.000000 5110.819654 5110.643162 5109.943102 5110.521508 5111.058890 5110.913838 5110.903952 5111.003791 5111.030530 5111.003791 5110.903952 5110.913838 5111.058890 5110.521508 5109.943102 5110.643162 5110.819654 0.000000 0.000000
0.000000 0.000000 6619.712471 6619.532550 6618.924819 6619.066584 6619.898242 6619.564220 6619.580428 6619.865239 6620.092969 6619.865239 6619.580428 6619.564220 6619.898242 6619.066584 6618.924819 6619.532550 6619.712471 0.000000 0.000000
0.000000 0.000000 8524.663081 8524.521271 8523.972021 8524.098407 8524.818327 8524.523744 8524.539878 8524.787120 8525.012892 8524.787120 8524.539878 8524.523744 8524.818327 8524.098407 8523.972021 8524.521271 8524.663081 0.000000 0.000000
0.000000 0.000000 10283.437442 10283.323914 10282.824955 10282.953907 10283.570041 10283.313964 10283.328537 10283.546499 10283.749949 10283.546499 10283.328537 10283.313964 10283.570041 10282.953907 10282.824955 10283.323914 10283.437442 0.000000 0.000000
0.000000 0.000000 11898.654036 11898.554407 11898.090381 11898.217184 11898.780926 11898.546518 11898.557159 11898.758527 11898.949895 11898.758527 11898.557159 11898.546518 11898.780926 11898.217184 11898.090381 11898.554407 11898.654036 0.000000 0.000000
0.000000 0.000000 13397.821495 13397.750390 13397.305085 13397.468238 13397.940277 13397.729597 13397.742746 13397.922727 13398.097008 13397.922727 13397.742746 13397.729597 13397.940277 13397.468238 13397.305085 13397.750390 13397.821495 0.000000 0.000000
0.000000 0.000000 14790.757534 14790.680501 14790.263854 14790.401784 14790.877455 14790.671547 14790.680879 14790.858443 14791.022506 14790.858443 14790.680879 14790.671547 14790.877455 14790.401784 14790.263854 14790.680501 14790.757534 0.000000 0.000000
0.000000 0.000000 16103.002770 16102.929353 16102.540480 16102.673400 16103.131876 16102.936625 16102.941751 16103.117446 16103.270730 16103.117446 16102.941751 16102.936625 16103.131876 16102.673400 16102.540480 16102.929353 16103.002770 0.000000 0.000000
0.000000 0.000000 17343.144657 17343.077567 17342.701161 17342.834811 17343.267485 17343.081091 17343.085359 17343.255843 17343.399198 17343.255843 17343.085359 17343.081091 17343.267485 17342.834811 17342.701161 17343.077567 17343.144657 0.000000 0.000000
0.000000 0.000000 18525.220116 18525.160812 18524.799042 18524.948380 18525.341618 18525.163937 18525.169897 18525.332055 18525.468242 18525.332055 18525.169897 18525.163937 18525.341618 18524.948380 18524.799042 18525.160812 18525.220116 0.000000 0.000000
0.000000 0.000000 19653.505432 19653.441427 19653.087836 19653.224490 19653.615850 19653.446539 19653.452737 19653.612575 19653.741749 19653.612575 19653.452737 19653.446539 19653.615850 19653.224490 19653.087836 19653.441427 19653.505432 0.000000 0.000000
0.000000 0.000000 20731.052021 20730.990603 20730.650544 20730.779412 20731.156511 20730.992611 20730.998530 20731.151522 20731.276235 20731.151522 20730.998530 20730.992611 20731.156511 20730.779412 20730.650544 20730.990603 20731.052017 0.000000 0.000000
0.000000 0.000000 21764.518802 21764.458471 21764.124581 21764.256697 21764.616597 21764.459270 21764.465436 21764.613689 21764.730936 21764.613689 21764.465436 21764.459270 21764.616597 21764.256697 21764.124580 21764.458451 21764.518731 0.000000 0.000000
0.000000 0.000000 22808.686407 22809.172898 22808.848735 22808.976260 22809.326603 22809.174553 22809.179564 22809.322995 22809.436251 22809.322995 22809.179564 22809.174553 22809.326603 22808.976260 22808.848718 22809.169580 22809.226768 0.000000 0.000000
0.000000 0.000000 0.000000 0.000000 0.000000 0.000000 0.000000 0.000000 0.000000 0.000000 0.000000 0.000000 0.000000 0.000000 0.000000 0.000000 0.000000 0.000000 0.000000 0.000000 0.000000
0.000000 0.000000 0.000000 0.000000 0.000000 0.000000 0.000000 0.000000 0.000000 0.000000 0.000000 0.000000 0.000000 0.000000 0.000000 0.000000 0.000000 0.000000 0.000000 0.000000 0.000000