geotop/1.0zi/1.0Montebello/Templates/testdem/maps/_Erotot8273.asc
ncols         21
nrows         20
xllcorner     100.000000
yllcorner     100.000000
cellsize      50.000000
NODATA_value  -9999.0
0.000000 0.000000 0.000000 0.000000 0.000000 0.000000 0.000000 0.000000 0.000000 0.000000 0.000000 0.000000 0.000000 0.000000 0.000000 0.000000 0.000000 0.000000 0.000000 0.000000 0.000000
0.000000 0.000000 680.235265 681.032860 680.482212 680.586938 679.575557 679.733968 679.720799 679.783934 680.216965 679.542293 679.420647 679.472736 679.848407 680.003227 680.839425 681.387706 681.603519 0.000000 0.000000
0.000000 0.000000 52.597955 51.614711 51.856466 51.920156 52.554198 52.231789 51.938435 51.800795 52.029879 52.389139 52.408671 52.558155 52.312889 51.801696 50.529087 49.674560 50.198968 0.000000 0.000000
0.000000 0.000000 354.827554 355.962209 343.594152 338.339253 338.901422 327.588384 327.680796 328.527302 324.870964 323.086951 325.239673 325.384437 335.646142 342.715529 347.321688 350.222401 355.440518 0.000000 0.000000
0.000000 0.000000 3388.214949 3390.639827 3393.709337 3370.735169 3351.213881 3339.313986 3337.896818 3333.634051 3340.788868 3346.043714 3341.513616 3340.179665 3355.246214 3359.382804 3370.872661 3381.180790 3381.300941 0.000000 0.000000
0.000000 0.000000 5356.345144 5350.946697 5347.268695 5341.015611 5325.081917 5315.320516 5316.418734 5315.160926 5311.753694 5306.020006 5305.069240 5308.270187 5307.900974 5328.294022 5336.229393 5342.466349 5345.349359 0.000000 0.000000
0.000000 0.000000 6686.015866 6683.037002 6678.470748 6671.459895 6657.436991 6634.718888 6633.579709 6629.833334 6631.298731 6635.031160 6636.538511 6637.054992 6665.507371 6675.795500 6681.563707 6684.374583 6689.777350 0.000000 0.000000
0.000000 0.000000 7884.583102 7884.901419 7881.927145 7871.729132 7868.814355 7858.862320 7858.926063 7858.805795 7857.865063 7853.922156 7853.223506 7859.517423 7861.709538 7867.034354 7879.936630 7878.664199 7883.816716 0.000000 0.000000
0.000000 0.000000 9450.883286 9446.366071 9439.969367 9439.377898 9427.714453 9411.618377 9412.768660 9408.198627 9406.189937 9405.936408 9408.447306 9402.637471 9421.887243 9436.397177 9438.689465 9442.676170 9444.230511 0.000000 0.000000
0.000000 0.000000 11244.028171 11240.594465 11240.836565 11236.150965 11214.922583 11204.403919 11203.820390 11203.662912 11200.220969 11203.769855 11206.987412 11206.279584 11213.665239 11228.838401 11237.070669 11239.337854 11240.622564 0.000000 0.000000
0.000000 0.000000 13216.051932 13215.323629 13212.304605 13191.133045 13184.715589 13167.766282 13173.558411 13159.824234 13164.174195 13162.337286 13155.136312 13165.528787 13175.604241 13179.002334 13192.369689 13199.964385 13211.207111 0.000000 0.000000
0.000000 0.000000 15363.708768 15355.470225 15346.964750 15343.210399 15331.893494 15310.398305 15306.253983 15307.275810 15314.971619 15303.397354 15307.908837 15307.582951 15331.642037 15341.226000 15344.649899 15349.015599 15373.577580 0.000000 0.000000
0.000000 0.000000 17610.243783 17605.362368 17605.902435 17590.965388 17583.082952 17528.967783 17527.086558 17526.060928 17503.077997 17516.696418 17521.144682 17526.356913 17564.150027 17572.335858 17597.636013 17597.573374 17605.058322 0.000000 0.000000
0.000000 0.000000 20206.220848 20209.111782 20194.366298 20189.309778 20122.795759 20147.167899 20129.635683 20131.234812 20139.486137 20133.591925 20130.958358 20125.404564 20100.645438 20172.250187 20179.001018 20201.486212 20212.169496 0.000000 0.000000
0.000000 0.000000 23133.245539 23124.366557 23114.583253 23038.989358 23058.959036 23020.758841 23000.039023 22996.286364 22982.370238 22970.927924 22978.587465 22977.425642 23019.233321 23002.711803 23110.222738 23088.200036 23085.083036 0.000000 0.000000
0.000000 0.000000 26166.993605 26163.924340 26055.275193 26095.186820 26093.994799 26086.126981 26136.138172 26119.982572 26144.262592 26135.948212 26117.758454 26146.098591 26144.191287 26146.713656 26046.289122 26208.740467 26200.073701 0.000000 0.000000
0.000000 0.000000 29753.709063 29597.268304 29648.566899 29592.940507 29511.568132 29493.836971 29445.155287 29459.307410 29408.028783 29413.862629 29441.648156 29416.317349 29454.586118 29507.104318 29646.230194 29539.469057 29707.116920 0.000000 0.000000
0.000000 0.000000 30903.660403 31065.186511 31201.696465 31208.870706 31220.382471 31099.452008 31122.978136 31081.994968 31147.695284 31136.004587 31128.981034 31145.000701 31242.753942 31235.667804 31228.021062 31122.046117 30962.263740 0.000000 0.000000
0.000000 0.000000 0.000000 0.000000 0.000000 0.000000 0.000000 0.000000 0.000000 0.000000 0.000000 0.000000 0.000000 0.000000 0.000000 0.000000 0.000000 0.000000 0.000000 0.000000 0.000000
0.000000 0.000000 0.000000 0.000000 0.000000 0.000000 0.000000 0.000000 0.000000 0.000000 0.000000 0.000000 0.000000 0.000000 0.000000 0.000000 0.000000 0.000000 0.000000 0.000000 0.000000