geotop/1.0zi/1.0Montebello/Templates/testdem/maps/_Erotot7243.asc
ncols         21
nrows         20
xllcorner     100.000000
yllcorner     100.000000
cellsize      50.000000
NODATA_value  -9999.0
0.000000 0.000000 0.000000 0.000000 0.000000 0.000000 0.000000 0.000000 0.000000 0.000000 0.000000 0.000000 0.000000 0.000000 0.000000 0.000000 0.000000 0.000000 0.000000 0.000000 0.000000
0.000000 0.000000 585.861268 586.657380 586.294374 586.500055 585.874207 585.899688 585.847510 585.949446 586.375203 585.704404 585.589184 585.673410 585.973937 585.945050 586.721741 586.996664 587.081150 0.000000 0.000000
0.000000 0.000000 46.274412 45.045282 45.076533 45.228844 45.469380 45.315455 45.059123 44.900753 45.140419 45.426506 45.438619 45.563110 45.337867 45.136103 43.852042 43.084620 43.819586 0.000000 0.000000
0.000000 0.000000 250.514011 252.204859 240.161647 237.426835 235.938083 229.048279 229.686636 228.254768 227.030096 224.819671 227.114224 227.121528 235.292505 241.395076 242.755242 244.565580 250.263089 0.000000 0.000000
0.000000 0.000000 2675.868233 2679.010416 2682.566610 2661.157230 2646.021043 2632.720226 2634.671127 2631.659682 2637.186013 2643.027653 2637.937116 2636.264004 2648.554080 2651.405256 2660.825464 2669.391392 2671.106561 0.000000 0.000000
0.000000 0.000000 4433.271359 4427.589620 4424.218160 4417.919792 4403.282038 4395.002841 4394.319272 4393.435927 4390.029170 4384.271340 4383.360704 4386.659421 4386.718402 4405.321749 4413.604236 4420.310128 4422.247498 0.000000 0.000000
0.000000 0.000000 5653.706010 5650.791915 5646.563348 5640.692650 5627.188525 5607.786064 5607.248843 5603.414789 5604.979821 5608.716127 5610.159114 5610.710746 5635.678333 5645.339070 5649.957667 5652.298309 5657.882878 0.000000 0.000000
0.000000 0.000000 6583.041594 6583.570162 6580.907448 6572.241413 6570.626283 6561.942591 6562.578370 6562.426829 6561.589566 6557.747367 6557.047003 6562.970309 6564.048201 6567.966078 6579.180215 6577.430261 6582.530842 0.000000 0.000000
0.000000 0.000000 7829.116839 7825.072447 7819.288921 7819.750273 7809.734161 7795.944719 7797.399801 7793.142201 7791.126421 7790.953038 7793.182635 7787.581686 7804.537260 7817.396636 7818.309156 7821.354622 7823.045552 0.000000 0.000000
0.000000 0.000000 9259.067579 9255.998619 9256.573010 9253.531439 9234.667907 9226.206167 9226.401576 9225.977939 9222.966763 9226.148600 9229.164434 9228.374480 9233.884420 9246.886971 9253.369836 9254.810301 9256.182890 0.000000 0.000000
0.000000 0.000000 10813.687277 10813.116519 10810.675661 10792.713266 10788.941650 10773.701988 10779.315484 10766.992542 10770.794301 10769.195842 10762.738470 10772.055424 10779.775868 10782.061418 10792.950154 10799.195906 10809.529704 0.000000 0.000000
0.000000 0.000000 12473.470894 12466.471593 12459.509196 12456.905100 12447.914120 12430.314318 12427.815341 12427.871263 12434.957339 12424.820745 12428.316283 12428.357960 12448.100801 12455.202273 12457.108691 12460.450876 12482.424949 0.000000 0.000000
0.000000 0.000000 14186.137618 14182.127990 14182.426719 14171.046393 14165.173218 14124.854069 14123.501356 14122.642897 14104.054330 14114.675559 14118.769104 14122.774444 14150.063827 14156.170818 14175.847746 14175.161193 14183.504120 0.000000 0.000000
0.000000 0.000000 16113.427769 16115.703200 16104.222691 16100.810738 16055.228994 16068.736555 16055.965383 16056.868599 16061.279721 16057.849845 16056.111066 16052.221442 16036.063581 16085.947227 16091.810492 16108.636799 16117.759344 0.000000 0.000000
0.000000 0.000000 18247.981463 18240.879088 18233.914534 18187.441714 18192.838572 18169.340125 18152.510565 18150.066525 18141.305580 18132.219943 18136.761024 18135.394202 18162.138530 18159.396313 18229.235398 18215.650297 18214.845629 0.000000 0.000000
0.000000 0.000000 20476.102106 20473.760268 20405.528437 20418.407028 20422.034147 20410.627812 20441.838906 20429.268140 20442.690845 20434.863646 20425.127969 20442.742265 20446.714909 20446.825091 20398.025591 20494.750060 20487.917488 0.000000 0.000000
0.000000 0.000000 23113.836474 23018.721513 23030.984559 23004.152698 22952.430308 22941.717705 22919.875860 22926.601028 22898.040736 22899.792232 22913.213095 22904.588050 22927.123237 22957.488640 23028.422695 22991.017050 23093.451512 0.000000 0.000000
0.000000 0.000000 24505.056620 24575.091149 24669.338948 24663.544411 24654.032500 24573.785300 24581.170839 24555.291282 24588.066598 24581.340809 24583.898181 24586.599691 24655.137595 24663.315778 24685.746245 24599.209688 24531.259633 0.000000 0.000000
0.000000 0.000000 0.000000 0.000000 0.000000 0.000000 0.000000 0.000000 0.000000 0.000000 0.000000 0.000000 0.000000 0.000000 0.000000 0.000000 0.000000 0.000000 0.000000 0.000000 0.000000
0.000000 0.000000 0.000000 0.000000 0.000000 0.000000 0.000000 0.000000 0.000000 0.000000 0.000000 0.000000 0.000000 0.000000 0.000000 0.000000 0.000000 0.000000 0.000000 0.000000 0.000000