geotop/1.0zi/1.0Montebello/Templates/testdem/maps/_Erotot7431.asc
ncols         21
nrows         20
xllcorner     100.000000
yllcorner     100.000000
cellsize      50.000000
NODATA_value  -9999.0
0.000000 0.000000 0.000000 0.000000 0.000000 0.000000 0.000000 0.000000 0.000000 0.000000 0.000000 0.000000 0.000000 0.000000 0.000000 0.000000 0.000000 0.000000 0.000000 0.000000 0.000000
0.000000 0.000000 638.615772 639.562988 638.962455 639.125392 638.254843 638.457229 638.403901 638.508629 638.931961 638.263916 638.147814 638.189107 638.532864 638.573669 639.371692 639.954412 640.022717 0.000000 0.000000
0.000000 0.000000 49.675100 48.451662 48.597278 48.974058 49.389552 49.066770 48.801697 48.639590 48.881275 49.216980 49.238320 49.402616 49.151157 48.824123 47.413909 46.476482 47.231320 0.000000 0.000000
0.000000 0.000000 351.302858 352.625314 340.521693 334.917380 335.666347 324.386829 324.459069 325.333996 321.674311 319.841577 322.042428 322.190094 332.497524 339.314290 343.905374 346.701093 351.529150 0.000000 0.000000
0.000000 0.000000 2925.910569 2929.048451 2932.881495 2911.499812 2893.045999 2883.733664 2883.259286 2879.657735 2885.777940 2891.521178 2886.427168 2884.758374 2898.748219 2901.763781 2910.808916 2918.999249 2918.640254 0.000000 0.000000
0.000000 0.000000 4663.602809 4657.929073 4654.376555 4648.469200 4634.330990 4624.883814 4625.574914 4624.417834 4621.170386 4615.447040 4614.586496 4617.867292 4616.857850 4635.838461 4643.905137 4650.843160 4653.845360 0.000000 0.000000
0.000000 0.000000 5935.190131 5932.237171 5927.966363 5921.447693 5908.028835 5887.397062 5886.387373 5882.760720 5884.090345 5887.915038 5889.318457 5889.874705 5916.476523 5926.174281 5931.495551 5934.101870 5939.294615 0.000000 0.000000
0.000000 0.000000 6934.495042 6934.985019 6932.275298 6922.985475 6921.018781 6912.369379 6912.643211 6912.695238 6911.578811 6907.815642 6907.061796 6913.124222 6914.394117 6918.807899 6930.775937 6929.195071 6934.024311 0.000000 0.000000
0.000000 0.000000 8258.107203 8253.957663 8248.062312 8248.140644 8237.766099 8223.385010 8224.598110 8220.422156 8218.173576 8218.062503 8220.367523 8214.668497 8232.482761 8245.815309 8247.295876 8250.707511 8252.029120 0.000000 0.000000
0.000000 0.000000 9774.008659 9770.849123 9771.427748 9767.778094 9748.440207 9739.564082 9739.352561 9739.209781 9735.808353 9739.198108 9742.224752 9741.477231 9747.627450 9761.237497 9768.396379 9770.108326 9771.152360 0.000000 0.000000
0.000000 0.000000 11426.246256 11425.618470 11423.192434 11404.207917 11398.828062 11384.382841 11389.879692 11377.373030 11381.062184 11379.500651 11372.800787 11382.324943 11390.887625 11393.431343 11405.240236 11411.878483 11422.130194 0.000000 0.000000
0.000000 0.000000 13203.464078 13196.197944 13188.918450 13185.864059 13176.712180 13158.048564 13154.901922 13155.469069 13162.368141 13151.966871 13155.709013 13155.708926 13176.629092 13184.373229 13186.915568 13190.618287 13212.844649 0.000000 0.000000
0.000000 0.000000 15036.595992 15032.317259 15032.813884 15020.361183 15014.014874 14970.730792 14969.126119 14968.498859 14948.523220 14959.868934 14964.004479 14968.323550 14998.297017 15004.776774 15026.251030 15025.773562 15033.561854 0.000000 0.000000
0.000000 0.000000 17115.687760 17118.157503 17106.060971 17102.032220 17051.606855 17068.285098 17054.045012 17055.338478 17060.286643 17056.479233 17054.548096 17050.287446 17032.036320 17086.974741 17093.333062 17111.502511 17120.505350 0.000000 0.000000
0.000000 0.000000 19429.626860 19422.165340 19414.330090 19361.222647 19369.871540 19343.293663 19325.280992 19322.892289 19312.602707 19303.078763 19308.106508 19306.758115 19337.484730 19331.615825 19410.454552 19394.940995 19393.164990 0.000000 0.000000
0.000000 0.000000 21846.997622 21844.429633 21767.441311 21785.650247 21788.086529 21777.808386 21812.873441 21799.681574 21815.026535 21807.091566 21795.578020 21815.646472 21818.825298 21819.386281 21759.963897 21871.446902 21863.574250 0.000000 0.000000
0.000000 0.000000 24728.457056 24618.054086 24638.385001 24604.980733 24545.811886 24533.888747 24505.915755 24514.630027 24480.402947 24483.212703 24499.802170 24487.523842 24514.176153 24549.910705 24636.358797 24584.663911 24702.608318 0.000000 0.000000
0.000000 0.000000 26095.746294 26188.512603 26296.753072 26293.178505 26288.209572 26196.790117 26207.231897 26177.691662 26218.142625 26210.277213 26210.839163 26216.562934 26294.170468 26298.902901 26316.540387 26221.197799 26130.100135 0.000000 0.000000
0.000000 0.000000 0.000000 0.000000 0.000000 0.000000 0.000000 0.000000 0.000000 0.000000 0.000000 0.000000 0.000000 0.000000 0.000000 0.000000 0.000000 0.000000 0.000000 0.000000 0.000000
0.000000 0.000000 0.000000 0.000000 0.000000 0.000000 0.000000 0.000000 0.000000 0.000000 0.000000 0.000000 0.000000 0.000000 0.000000 0.000000 0.000000 0.000000 0.000000 0.000000 0.000000