geotop/1.0zi/1.0Montebello/Templates/testdem/maps/_Erotot4814.asc
ncols         21
nrows         20
xllcorner     100.000000
yllcorner     100.000000
cellsize      50.000000
NODATA_value  -9999.0
0.000000 0.000000 0.000000 0.000000 0.000000 0.000000 0.000000 0.000000 0.000000 0.000000 0.000000 0.000000 0.000000 0.000000 0.000000 0.000000 0.000000 0.000000 0.000000 0.000000 0.000000
0.000000 0.000000 360.707881 359.789019 359.504089 359.308094 359.283144 359.291536 359.332591 359.490434 359.447186 359.318790 359.399698 359.464376 359.354191 359.392975 359.589386 359.557630 360.121486 0.000000 0.000000
0.000000 0.000000 28.295278 29.243378 29.689482 30.728616 30.245548 30.363160 30.041821 29.838981 29.909051 30.252019 29.914140 29.719823 30.318710 29.940622 29.119478 28.511585 27.841169 0.000000 0.000000
0.000000 0.000000 136.704113 138.041793 130.991654 128.714415 129.900537 124.936599 124.149285 123.818784 122.878966 122.353265 123.394944 121.946544 124.568789 129.623105 130.197184 132.358705 134.995328 0.000000 0.000000
0.000000 0.000000 1420.169363 1424.480456 1429.636709 1412.433672 1401.467853 1393.390518 1396.038668 1390.555351 1394.353836 1398.222676 1398.573077 1398.924547 1408.325312 1407.252604 1412.762974 1418.537960 1420.369702 0.000000 0.000000
0.000000 0.000000 2703.841822 2698.195499 2694.330266 2691.152865 2684.878079 2681.621585 2678.985645 2680.736206 2680.274160 2677.635017 2674.022553 2675.905360 2675.813360 2688.829536 2692.996183 2693.095347 2695.966962 0.000000 0.000000
0.000000 0.000000 3467.780598 3463.176124 3458.379431 3454.489887 3443.550435 3428.026299 3429.391374 3425.889158 3428.899021 3428.146009 3431.037290 3433.308179 3447.981269 3457.237862 3463.580334 3467.317396 3470.876772 0.000000 0.000000
0.000000 0.000000 4009.776439 4009.914549 4010.524716 4005.953175 4004.046250 3999.143324 3999.854781 4000.038172 3997.550671 3998.434461 3997.455976 3996.651594 4000.119723 4003.668373 4005.851188 4005.289742 4006.528297 0.000000 0.000000
0.000000 0.000000 4691.146856 4690.823600 4688.119651 4685.712063 4680.931030 4672.134821 4672.433407 4670.517532 4670.962384 4671.551803 4670.930589 4671.936031 4677.476942 4685.506689 4685.637305 4687.152206 4690.893430 0.000000 0.000000
0.000000 0.000000 5494.283233 5492.346077 5492.466962 5488.386829 5479.191787 5473.956301 5475.614106 5474.609864 5474.662484 5474.615930 5473.898249 5472.660100 5480.412039 5487.349228 5489.734049 5490.775728 5492.175351 0.000000 0.000000
0.000000 0.000000 6344.422178 6342.418950 6340.877845 6338.515638 6335.366164 6324.543406 6324.877612 6322.268022 6322.318680 6323.324549 6322.511354 6322.810832 6328.247805 6331.275017 6336.181291 6338.294243 6341.398777 0.000000 0.000000
0.000000 0.000000 7229.894850 7228.974041 7226.365735 7219.323189 7214.073340 7205.669640 7204.716297 7204.255414 7204.319615 7203.408168 7203.335900 7203.647831 7213.199203 7219.504979 7223.039998 7224.243879 7241.453863 0.000000 0.000000
0.000000 0.000000 8122.713756 8120.610679 8118.241811 8115.163616 8107.117025 8087.028553 8087.343564 8085.449732 8085.307129 8085.877803 8084.608496 8085.556019 8102.666429 8111.208611 8114.611501 8116.158526 8118.568601 0.000000 0.000000
0.000000 0.000000 9077.609820 9074.295875 9072.010507 9067.784985 9046.732910 9054.927553 9048.995824 9047.983016 9048.358076 9048.618264 9047.692808 9047.912232 9042.207432 9062.069337 9066.163412 9071.567641 9071.497332 0.000000 0.000000
0.000000 0.000000 10098.306656 10093.323625 10088.339833 10074.194348 10071.004387 10054.218654 10045.920517 10044.094731 10039.634371 10039.256614 10040.762344 10038.854127 10050.553478 10059.045106 10082.138018 10077.626540 10079.109150 0.000000 0.000000
0.000000 0.000000 11119.313216 11118.685531 11096.142317 11099.372561 11098.172453 11096.962222 11099.998508 11099.974223 11102.922147 11102.651266 11099.628473 11105.561089 11103.520292 11102.434692 11090.570049 11116.660241 11121.539450 0.000000 0.000000
0.000000 0.000000 12279.320879 12252.369258 12243.516221 12234.849506 12218.447157 12211.592960 12209.841081 12208.865915 12204.812947 12205.056063 12205.839745 12203.257506 12208.740090 12226.898303 12241.386341 12241.803633 12268.955741 0.000000 0.000000
0.000000 0.000000 13131.293079 13135.374706 13159.534405 13149.033926 13141.674900 13115.898800 13114.151163 13111.133526 13113.080977 13112.737060 13111.348001 13113.572811 13138.123152 13147.551698 13160.215003 13131.753088 13133.328321 0.000000 0.000000
0.000000 0.000000 0.000000 0.000000 0.000000 0.000000 0.000000 0.000000 0.000000 0.000000 0.000000 0.000000 0.000000 0.000000 0.000000 0.000000 0.000000 0.000000 0.000000 0.000000 0.000000
0.000000 0.000000 0.000000 0.000000 0.000000 0.000000 0.000000 0.000000 0.000000 0.000000 0.000000 0.000000 0.000000 0.000000 0.000000 0.000000 0.000000 0.000000 0.000000 0.000000 0.000000