geotop/1.0zi/1.0Montebello/Templates/testdem/maps/_Erotot5264.asc
ncols         21
nrows         20
xllcorner     100.000000
yllcorner     100.000000
cellsize      50.000000
NODATA_value  -9999.0
0.000000 0.000000 0.000000 0.000000 0.000000 0.000000 0.000000 0.000000 0.000000 0.000000 0.000000 0.000000 0.000000 0.000000 0.000000 0.000000 0.000000 0.000000 0.000000 0.000000 0.000000
0.000000 0.000000 393.750874 392.958802 392.805662 392.603847 392.576754 392.654551 392.610796 392.781426 392.697998 392.479375 392.455695 392.500134 392.613396 392.500167 392.702773 392.885494 393.284400 0.000000 0.000000
0.000000 0.000000 30.725592 31.447594 31.668969 32.850402 32.590565 32.449058 32.262738 32.045838 32.175632 32.552176 32.318633 32.184755 32.577387 32.366733 31.526696 30.650022 30.013191 0.000000 0.000000
0.000000 0.000000 152.987526 154.456051 147.490414 144.725259 146.518252 141.296998 140.706562 141.094106 139.748005 138.406044 139.946613 138.009076 140.736548 145.518285 145.031018 148.443017 151.194702 0.000000 0.000000
0.000000 0.000000 1571.028552 1576.371560 1582.854384 1565.558116 1551.018136 1540.441497 1543.160343 1540.423187 1544.001686 1548.242820 1545.098787 1542.871829 1553.042787 1551.579341 1558.698163 1565.390807 1566.224326 0.000000 0.000000
0.000000 0.000000 2906.578984 2900.512723 2897.652050 2893.555053 2887.678368 2883.603493 2881.270383 2881.686326 2881.255544 2878.858880 2876.790196 2879.419725 2878.002787 2892.387986 2897.550478 2900.785306 2903.445005 0.000000 0.000000
0.000000 0.000000 3781.175170 3778.534085 3775.711290 3771.124229 3758.776407 3742.530783 3743.084327 3739.504105 3741.249628 3744.289740 3746.128883 3747.136919 3765.428894 3774.212411 3778.793739 3780.157414 3785.042713 0.000000 0.000000
0.000000 0.000000 4373.245448 4374.800408 4374.299623 4368.520117 4368.328505 4362.053569 4362.556765 4363.102210 4361.876112 4359.636337 4359.348153 4362.659103 4361.897831 4363.729226 4371.616410 4369.817397 4372.389981 0.000000 0.000000
0.000000 0.000000 5135.310779 5132.924537 5129.279892 5130.544487 5124.763125 5115.403129 5115.746779 5113.388134 5111.004894 5112.377057 5113.520215 5108.445200 5120.411017 5127.479823 5129.351145 5129.885152 5131.079127 0.000000 0.000000
0.000000 0.000000 6021.960630 6019.741896 6022.229261 6021.989922 6008.475686 6002.401456 6003.917695 6003.092350 6001.297090 6004.373103 6007.308233 6005.631725 6007.923237 6016.987637 6020.606264 6020.559899 6021.032234 0.000000 0.000000
0.000000 0.000000 6975.243032 6975.532353 6976.018068 6962.773930 6960.848011 6951.597325 6954.887036 6946.412252 6948.717002 6948.072488 6943.626635 6950.581597 6953.698567 6954.353441 6960.439718 6966.093828 6972.649909 0.000000 0.000000
0.000000 0.000000 7965.016412 7960.871513 7956.811794 7955.305589 7952.628592 7939.144015 7938.518785 7937.585341 7944.155591 7937.677195 7939.399242 7938.883879 7952.920114 7954.806739 7956.170374 7956.289882 7974.737642 0.000000 0.000000
0.000000 0.000000 8958.826035 8957.133907 8958.383703 8951.783839 8948.659501 8926.298782 8925.172813 8925.026426 8911.644576 8920.127451 8924.103233 8925.879380 8938.189997 8941.254895 8954.108805 8953.431968 8959.639626 0.000000 0.000000
0.000000 0.000000 10040.464464 10041.910173 10035.931029 10035.298366 10013.121430 10020.963616 10011.230574 10012.726840 10013.793088 10013.768747 10012.350067 10009.213303 9999.541948 10023.535956 10028.616471 10038.133096 10044.667454 0.000000 0.000000
0.000000 0.000000 11197.173726 11192.937682 11190.529887 11172.274028 11172.123387 11159.054243 11147.180391 11146.029679 11141.823838 11136.391111 11139.115052 11137.453796 11149.870667 11153.055658 11187.430963 11179.521154 11179.476502 0.000000 0.000000
0.000000 0.000000 12374.131724 12373.490742 12346.076204 12344.014022 12348.939319 12342.435287 12356.871564 12350.085564 12354.870077 12350.915792 12347.033940 12353.920424 12356.751361 12356.305256 12340.543008 12380.902676 12374.101995 0.000000 0.000000
0.000000 0.000000 13694.387509 13662.738544 13660.191143 13653.108057 13633.318788 13628.681770 13622.306410 13625.205169 13614.123696 13614.395043 13617.896225 13618.953158 13627.533295 13634.413471 13659.446481 13656.826285 13693.367271 0.000000 0.000000
0.000000 0.000000 14660.540184 14666.322526 14700.062660 14694.514428 14686.364179 14658.929256 14659.729715 14648.054392 14656.917023 14655.650550 14661.223808 14656.074419 14679.780514 14685.782506 14706.236689 14670.943881 14664.563046 0.000000 0.000000
0.000000 0.000000 0.000000 0.000000 0.000000 0.000000 0.000000 0.000000 0.000000 0.000000 0.000000 0.000000 0.000000 0.000000 0.000000 0.000000 0.000000 0.000000 0.000000 0.000000 0.000000
0.000000 0.000000 0.000000 0.000000 0.000000 0.000000 0.000000 0.000000 0.000000 0.000000 0.000000 0.000000 0.000000 0.000000 0.000000 0.000000 0.000000 0.000000 0.000000 0.000000 0.000000