geotop/1.0zi/1.0Montebello/Templates/testdem/maps/_Erotot7157.asc
ncols         21
nrows         20
xllcorner     100.000000
yllcorner     100.000000
cellsize      50.000000
NODATA_value  -9999.0
0.000000 0.000000 0.000000 0.000000 0.000000 0.000000 0.000000 0.000000 0.000000 0.000000 0.000000 0.000000 0.000000 0.000000 0.000000 0.000000 0.000000 0.000000 0.000000 0.000000 0.000000
0.000000 0.000000 570.345139 571.147813 570.801103 571.023793 570.410882 570.447066 570.393688 570.496679 570.922770 570.249398 570.138722 570.220339 570.511243 570.470336 571.231111 571.500856 571.570636 0.000000 0.000000
0.000000 0.000000 44.826129 43.600147 43.582423 43.736287 43.975656 43.821526 43.565572 43.405682 43.644351 43.932782 43.940686 44.068924 43.843664 43.643560 42.358763 41.630771 42.371338 0.000000 0.000000
0.000000 0.000000 250.059308 251.739474 239.738409 237.018578 235.537163 228.635276 229.275662 227.843666 226.619455 224.392393 226.706741 226.711278 234.900511 240.994957 242.387797 244.193002 249.893440 0.000000 0.000000
0.000000 0.000000 2584.596149 2587.775141 2591.210539 2569.903549 2554.828779 2541.818414 2543.729992 2540.803570 2546.329815 2552.401520 2547.122374 2545.357608 2557.219180 2560.122919 2568.945733 2576.941893 2578.814157 0.000000 0.000000
0.000000 0.000000 4333.813940 4328.127511 4324.781352 4318.522672 4304.120619 4295.899730 4295.230854 4294.328885 4290.927883 4285.124853 4284.242693 4287.561000 4287.577392 4305.932724 4314.249434 4321.019741 4322.939268 0.000000 0.000000
0.000000 0.000000 5540.032034 5537.131958 5532.889246 5527.064046 5513.644514 5494.545251 5494.003911 5490.186301 5491.754142 5495.537440 5496.939576 5497.472775 5522.113982 5531.718828 5536.200967 5538.421446 5544.035821 0.000000 0.000000
0.000000 0.000000 6439.545949 6440.088087 6437.404838 6428.811171 6427.315417 6418.818110 6419.447173 6419.318123 6418.487329 6414.709156 6413.957551 6419.846454 6420.725782 6424.551460 6435.577886 6433.689993 6438.812338 0.000000 0.000000
0.000000 0.000000 7652.619823 7648.609665 7642.831010 7643.334904 7633.449387 7619.874871 7621.314245 7617.096668 7615.091173 7614.976131 7617.145599 7611.543037 7628.253475 7640.993346 7641.738553 7644.634987 7646.360764 0.000000 0.000000
0.000000 0.000000 9046.430497 9043.397416 9043.935023 9040.964105 9022.320212 9014.089898 9014.280981 9013.873491 9010.887025 9014.114572 9017.044967 9016.243869 9021.515536 9034.357569 9040.622992 9041.909137 9043.318341 0.000000 0.000000
0.000000 0.000000 10560.139821 10559.581596 10557.134000 10539.367406 10535.704464 10520.787979 10526.330788 10514.159881 10517.927034 10516.403457 10509.953790 10519.150772 10526.613285 10528.815129 10539.451887 10545.485445 10555.767389 0.000000 0.000000
0.000000 0.000000 12172.652002 12165.750973 12158.838874 12156.284852 12147.504788 12130.288544 12127.846673 12127.863678 12134.871619 12124.950314 12128.306375 12128.361529 12147.624356 12154.549608 12156.267952 12159.431010 12181.185217 0.000000 0.000000
0.000000 0.000000 13833.667395 13829.720251 13829.945942 13818.742438 13813.051565 13774.068023 13772.715566 13771.900487 13753.692264 13764.130984 13768.101421 13771.998512 13798.218159 13804.143066 13823.307535 13822.462672 13830.910599 0.000000 0.000000
0.000000 0.000000 15697.897186 15700.135974 15688.830529 15685.472068 15641.741592 15654.532962 15642.077072 15642.944261 15647.094131 15643.919346 15642.199830 15638.427017 15622.819011 15670.800634 15676.472183 15692.703172 15701.743945 0.000000 0.000000
0.000000 0.000000 17758.288402 17751.296690 17744.485414 17700.444127 17704.804403 17682.431451 17665.920384 17663.618275 17655.231825 17646.483567 17650.671212 17649.313764 17674.859371 17673.069636 17739.635736 17726.558627 17725.985729 0.000000 0.000000
0.000000 0.000000 19907.334004 19905.070084 19840.364307 19851.170052 19854.895296 19843.460035 19873.031655 19860.828505 19873.409200 19865.783213 19856.649523 19873.315620 19877.516220 19877.701503 19832.728424 19923.778789 19917.191283 0.000000 0.000000
0.000000 0.000000 22443.424628 22354.412024 22363.941847 22339.187449 22290.334174 22280.272709 22260.363024 22266.553962 22239.907204 22241.427428 22253.585655 22246.249857 22267.377845 22295.656317 22361.132980 22328.552158 22424.647687 0.000000 0.000000
0.000000 0.000000 23833.286218 23894.990059 23983.458775 23976.858330 23965.836249 23890.391113 23896.585321 23872.228286 23902.024065 23895.858118 23898.971109 23900.643946 23965.377260 23974.688072 23998.482015 23915.850691 23856.200763 0.000000 0.000000
0.000000 0.000000 0.000000 0.000000 0.000000 0.000000 0.000000 0.000000 0.000000 0.000000 0.000000 0.000000 0.000000 0.000000 0.000000 0.000000 0.000000 0.000000 0.000000 0.000000 0.000000
0.000000 0.000000 0.000000 0.000000 0.000000 0.000000 0.000000 0.000000 0.000000 0.000000 0.000000 0.000000 0.000000 0.000000 0.000000 0.000000 0.000000 0.000000 0.000000 0.000000 0.000000