geotop/1.0zi/1.0Montebello/Templates/testdem/maps/_Erotot0077.asc
ncols         21
nrows         20
xllcorner     100.000000
yllcorner     100.000000
cellsize      50.000000
NODATA_value  -9999.0
0.000000 0.000000 0.000000 0.000000 0.000000 0.000000 0.000000 0.000000 0.000000 0.000000 0.000000 0.000000 0.000000 0.000000 0.000000 0.000000 0.000000 0.000000 0.000000 0.000000 0.000000
0.000000 0.000000 1.231918 1.231917 1.231917 1.231918 1.231918 1.231918 1.231918 1.231918 1.231918 1.231918 1.231918 1.231918 1.231918 1.231918 1.231917 1.231917 1.231918 0.000000 0.000000
0.000000 0.000000 2.877643 2.877520 2.877578 2.877590 2.877592 2.877592 2.877592 2.877592 2.877592 2.877592 2.877592 2.877592 2.877592 2.877590 2.877578 2.877520 2.877643 0.000000 0.000000
0.000000 0.000000 55.423783 55.423377 55.423529 55.423602 55.423619 55.423621 55.423622 55.423622 55.423622 55.423622 55.423622 55.423621 55.423619 55.423602 55.423529 55.423377 55.423783 0.000000 0.000000
0.000000 0.000000 65.012321 65.012158 65.012206 65.012237 65.012244 65.012245 65.012245 65.012245 65.012245 65.012245 65.012245 65.012245 65.012244 65.012237 65.012206 65.012158 65.012321 0.000000 0.000000
0.000000 0.000000 92.301265 92.301016 92.301127 92.301168 92.301177 92.301179 92.301179 92.301179 92.301179 92.301179 92.301179 92.301179 92.301177 92.301168 92.301127 92.301016 92.301265 0.000000 0.000000
0.000000 0.000000 120.405281 120.405055 120.405146 120.405182 120.405190 120.405192 120.405192 120.405192 120.405192 120.405192 120.405192 120.405192 120.405190 120.405182 120.405146 120.405055 120.405281 0.000000 0.000000
0.000000 0.000000 147.092316 147.092107 147.092185 147.092217 147.092224 147.092225 147.092225 147.092225 147.092225 147.092225 147.092225 147.092225 147.092224 147.092217 147.092185 147.092107 147.092316 0.000000 0.000000
0.000000 0.000000 172.629729 172.629531 172.629598 172.629626 172.629632 172.629633 172.629634 172.629634 172.629634 172.629634 172.629634 172.629633 172.629632 172.629626 172.629598 172.629531 172.629729 0.000000 0.000000
0.000000 0.000000 197.299897 197.299708 197.299766 197.299791 197.299796 197.299797 197.299797 197.299797 197.299797 197.299797 197.299797 197.299797 197.299796 197.299791 197.299766 197.299708 197.299897 0.000000 0.000000
0.000000 0.000000 221.402646 221.402461 221.402511 221.402534 221.402539 221.402539 221.402540 221.402540 221.402540 221.402540 221.402540 221.402539 221.402539 221.402534 221.402511 221.402461 221.402646 0.000000 0.000000
0.000000 0.000000 245.174707 245.174525 245.174568 245.174589 245.174594 245.174595 245.174595 245.174595 245.174595 245.174595 245.174595 245.174595 245.174594 245.174589 245.174568 245.174525 245.174707 0.000000 0.000000
0.000000 0.000000 268.649604 268.649423 268.649461 268.649480 268.649485 268.649485 268.649486 268.649486 268.649486 268.649486 268.649486 268.649485 268.649485 268.649480 268.649461 268.649423 268.649604 0.000000 0.000000
0.000000 0.000000 292.122791 292.122611 292.122643 292.122661 292.122666 292.122666 292.122666 292.122666 292.122666 292.122666 292.122666 292.122666 292.122666 292.122661 292.122643 292.122611 292.122791 0.000000 0.000000
0.000000 0.000000 315.004119 315.003947 315.003970 315.003985 315.003989 315.003990 315.003990 315.003990 315.003990 315.003990 315.003990 315.003990 315.003989 315.003985 315.003970 315.003947 315.004119 0.000000 0.000000
0.000000 0.000000 337.508354 337.508179 337.508199 337.508214 337.508218 337.508218 337.508219 337.508219 337.508219 337.508219 337.508219 337.508218 337.508218 337.508214 337.508199 337.508179 337.508353 0.000000 0.000000
0.000000 0.000000 360.214816 360.214551 360.214562 360.214575 360.214579 360.214580 360.214580 360.214580 360.214580 360.214580 360.214580 360.214580 360.214579 360.214575 360.214562 360.214547 360.214721 0.000000 0.000000
0.000000 0.000000 383.239358 383.239059 383.238769 383.238772 383.238775 383.238776 383.238776 383.238776 383.238776 383.238776 383.238776 383.238776 383.238775 383.238772 383.238761 383.238786 383.239024 0.000000 0.000000
0.000000 0.000000 0.000000 0.000000 0.000000 0.000000 0.000000 0.000000 0.000000 0.000000 0.000000 0.000000 0.000000 0.000000 0.000000 0.000000 0.000000 0.000000 0.000000 0.000000 0.000000
0.000000 0.000000 0.000000 0.000000 0.000000 0.000000 0.000000 0.000000 0.000000 0.000000 0.000000 0.000000 0.000000 0.000000 0.000000 0.000000 0.000000 0.000000 0.000000 0.000000 0.000000