geotop/1.0zi/1.0Montebello/Templates/testdem/maps/_Erotot7458.asc
ncols         21
nrows         20
xllcorner     100.000000
yllcorner     100.000000
cellsize      50.000000
NODATA_value  -9999.0
0.000000 0.000000 0.000000 0.000000 0.000000 0.000000 0.000000 0.000000 0.000000 0.000000 0.000000 0.000000 0.000000 0.000000 0.000000 0.000000 0.000000 0.000000 0.000000 0.000000 0.000000
0.000000 0.000000 638.669734 639.616842 639.016150 639.178949 638.308357 638.510679 638.457350 638.562078 638.985408 638.317374 638.201258 638.242556 638.586366 638.627225 639.425395 640.008199 640.076597 0.000000 0.000000
0.000000 0.000000 49.673067 48.449716 48.595473 48.972363 49.387843 49.065071 48.800011 48.637908 48.879596 49.215282 49.236642 49.400926 49.149476 48.822443 47.412126 46.474619 47.229231 0.000000 0.000000
0.000000 0.000000 353.461420 354.746986 342.586484 336.826852 337.630062 326.247473 326.314972 327.189516 323.529706 321.697910 323.898009 324.049658 334.362738 341.223650 345.860819 348.814949 353.722354 0.000000 0.000000
0.000000 0.000000 2939.165078 2942.309264 2946.156313 2924.803820 2906.288703 2897.013520 2896.541350 2892.939368 2899.060046 2904.802448 2899.709090 2898.038904 2912.056415 2915.063042 2924.109852 2932.262351 2931.884202 0.000000 0.000000
0.000000 0.000000 4675.119800 4669.434156 4665.863547 4659.930142 4645.748043 4636.268705 4636.959319 4635.801948 4632.555068 4626.831322 4625.971384 4629.252557 4628.279907 4647.296006 4655.371178 4662.343614 4665.368175 0.000000 0.000000
0.000000 0.000000 5949.775990 5946.813911 5942.537513 5935.991818 5922.569009 5901.892970 5900.881816 5897.254888 5898.584693 5902.409382 5903.812445 5904.370053 5931.009440 5940.714415 5946.044994 5948.673841 5953.887873 0.000000 0.000000
0.000000 0.000000 6952.884848 6953.362615 6950.636277 6941.303995 6939.315510 6930.657181 6930.929767 6930.980931 6929.864493 6926.100631 6925.346434 6931.411808 6932.688388 6937.121130 6949.109648 6947.566592 6952.424697 0.000000 0.000000
0.000000 0.000000 8281.427900 8277.263109 8271.345927 8271.379711 8260.977902 8246.566740 8247.779670 8243.600321 8241.351119 8241.239973 8243.545860 8237.846027 8255.689970 8269.049068 8270.550554 8274.006386 8275.357636 0.000000 0.000000
0.000000 0.000000 9803.169685 9799.993940 9800.553479 9796.851030 9777.473280 9768.564349 9768.350087 9768.207374 9764.803529 9768.195800 9771.226318 9770.479049 9776.658201 9790.301547 9797.487507 9799.246795 9800.322065 0.000000 0.000000
0.000000 0.000000 11462.231469 11461.589368 11459.138280 11440.078929 11434.668911 11420.179615 11425.681818 11413.158424 11416.853046 11415.289380 11408.580303 11418.119821 11426.716080 11429.284712 11441.128421 11447.826492 11458.122455 0.000000 0.000000
0.000000 0.000000 13247.454376 13240.161057 13232.845616 13229.730930 13220.534352 13201.811890 13198.655320 13199.230346 13206.140701 13195.720763 13199.472446 13199.467765 13220.455710 13228.239961 13230.810227 13234.569771 13256.869150 0.000000 0.000000
0.000000 0.000000 15089.587027 15085.284465 15085.761514 15073.222548 15066.832288 15023.340188 15021.733136 15021.101651 15001.071324 15012.455098 15016.597440 15020.930984 15051.068671 15057.592061 15079.143506 15078.724789 15086.542286 0.000000 0.000000
0.000000 0.000000 17179.861429 17182.321187 17170.162123 17166.059591 17115.323277 17132.128519 17117.834044 17119.136075 17124.129201 17120.293102 17118.349203 17114.067932 17095.712639 17150.971703 17157.356323 17175.654360 17184.721291 0.000000 0.000000
0.000000 0.000000 19507.104913 19499.607360 19491.710412 19438.134727 19446.946090 19420.156091 19402.093537 19399.685876 19389.333348 19379.773524 19384.844569 19383.496489 19414.433813 19408.417795 19487.787303 19472.230244 19470.472003 0.000000 0.000000
0.000000 0.000000 21938.857367 21936.259677 21858.645074 21877.148870 21879.520234 21869.262221 21904.591958 21891.347021 21906.835521 21898.888334 21887.258275 21907.476336 21910.596086 21911.191616 21851.103856 21963.577759 21955.729059 0.000000 0.000000
0.000000 0.000000 24838.389453 24726.976355 24747.788756 24713.921447 24654.275644 24642.237625 24613.909133 24622.724094 24588.173512 24591.039829 24607.830753 24595.319563 24622.210236 24658.301667 24745.711497 24693.160206 24812.203831 0.000000 0.000000
0.000000 0.000000 26205.915744 26300.105717 26409.133799 26405.663778 26400.986306 26308.839353 26319.515958 26289.727434 26330.693922 26322.748083 26323.176794 26329.092945 26407.248028 26411.768441 26429.049879 26333.280355 26240.790843 0.000000 0.000000
0.000000 0.000000 0.000000 0.000000 0.000000 0.000000 0.000000 0.000000 0.000000 0.000000 0.000000 0.000000 0.000000 0.000000 0.000000 0.000000 0.000000 0.000000 0.000000 0.000000 0.000000
0.000000 0.000000 0.000000 0.000000 0.000000 0.000000 0.000000 0.000000 0.000000 0.000000 0.000000 0.000000 0.000000 0.000000 0.000000 0.000000 0.000000 0.000000 0.000000 0.000000 0.000000