geotop/1.0zi/1.0Montebello/Templates/testdem/maps/_Erotot8517.asc
ncols         21
nrows         20
xllcorner     100.000000
yllcorner     100.000000
cellsize      50.000000
NODATA_value  -9999.0
0.000000 0.000000 0.000000 0.000000 0.000000 0.000000 0.000000 0.000000 0.000000 0.000000 0.000000 0.000000 0.000000 0.000000 0.000000 0.000000 0.000000 0.000000 0.000000 0.000000 0.000000
0.000000 0.000000 686.599269 687.417628 686.853011 686.945724 685.923805 686.080217 686.066048 686.142472 686.518109 685.893749 685.775619 685.823727 686.199095 686.355928 687.195874 687.747932 687.966359 0.000000 0.000000
0.000000 0.000000 53.430671 52.428460 52.688069 52.762222 53.402092 53.048126 52.754057 52.609346 52.830311 53.143162 53.210855 53.312966 53.150128 52.635766 51.360090 50.504402 51.027148 0.000000 0.000000
0.000000 0.000000 354.156089 355.321489 342.977760 337.735517 338.297788 326.994029 327.092310 327.924333 324.270564 322.465925 324.626660 324.813159 334.988201 342.087186 346.692992 349.597469 354.822557 0.000000 0.000000
0.000000 0.000000 3491.659895 3488.794351 3489.843020 3462.631846 3439.908576 3429.939652 3429.134403 3423.214655 3432.197984 3439.414114 3438.635411 3433.653162 3449.895536 3452.050205 3465.431174 3474.021449 3474.905658 0.000000 0.000000
0.000000 0.000000 5587.122662 5583.246497 5578.315251 5573.644979 5558.029594 5547.450305 5549.085979 5547.763723 5543.953653 5538.012210 5536.458139 5540.315498 5539.815648 5561.472294 5567.656558 5573.730051 5576.410711 0.000000 0.000000
0.000000 0.000000 6919.307491 6914.645257 6912.244110 6904.598344 6890.282733 6864.978706 6864.242973 6861.710345 6861.727156 6866.321097 6866.995703 6867.861964 6897.110468 6906.984729 6912.673940 6916.048387 6921.137983 0.000000 0.000000
0.000000 0.000000 8178.515263 8178.607090 8175.118919 8163.900921 8161.403448 8152.187197 8152.424887 8150.157254 8150.475062 8146.436675 8145.238733 8152.158458 8154.214645 8159.320400 8172.968621 8170.864746 8176.545871 0.000000 0.000000
0.000000 0.000000 9825.217938 9819.779700 9813.399509 9812.538169 9798.845605 9782.354547 9784.364757 9780.605412 9778.011564 9777.828026 9780.594712 9774.357090 9794.574319 9809.089236 9811.061596 9815.280221 9817.161669 0.000000 0.000000
0.000000 0.000000 11712.926271 11708.427176 11708.171655 11703.739699 11681.456429 11670.869665 11669.894771 11669.611926 11665.803702 11670.337990 11673.286647 11672.732076 11680.104618 11696.208623 11704.150044 11706.721717 11707.351452 0.000000 0.000000
0.000000 0.000000 13795.411738 13794.910532 13792.631300 13767.766963 13762.360994 13742.729132 13751.114197 13734.661082 13741.038718 13737.872635 13730.857324 13740.982779 13753.104780 13755.370469 13770.057432 13776.731610 13789.039329 0.000000 0.000000
0.000000 0.000000 16072.951834 16062.333867 16053.098810 16051.090391 16036.545133 16016.755616 16010.519703 16013.503295 16019.923575 16008.343097 16014.716001 16012.999356 16037.594543 16049.018848 16051.117868 16056.547036 16080.617366 0.000000 0.000000
0.000000 0.000000 18466.378920 18459.627509 18462.696011 18443.202397 18436.571870 18378.168234 18376.044200 18375.687551 18350.115493 18366.906007 18369.450489 18375.593997 18417.341516 18423.944633 18451.998975 18450.146679 18458.663460 0.000000 0.000000
0.000000 0.000000 21250.367528 21253.461269 21236.801335 21231.184288 21158.310418 21185.900261 21168.700275 21169.216701 21179.641789 21170.856494 21170.227625 21160.963064 21133.491773 21213.802443 21218.156284 21243.109048 21254.085072 0.000000 0.000000
0.000000 0.000000 24392.817722 24381.971972 24369.649316 24286.662332 24311.303208 24268.387175 24245.944282 24242.595859 24225.750843 24215.163480 24223.386114 24223.068172 24269.621536 24246.123111 24365.772228 24338.959907 24334.800473 0.000000 0.000000
0.000000 0.000000 27620.875562 27616.192834 27498.249350 27546.047615 27541.691794 27536.008626 27592.496675 27573.988860 27602.546142 27594.103836 27573.971383 27603.924714 27599.896857 27604.055137 27486.121014 27666.874824 27657.949434 0.000000 0.000000
0.000000 0.000000 31368.976993 31200.918809 31263.305598 31198.837925 31112.123252 31091.444825 31036.568996 31052.134305 30995.582418 31003.230677 31034.463051 31004.348176 31047.784870 31103.899301 31259.354783 31133.089628 31312.062625 0.000000 0.000000
0.000000 0.000000 32414.394833 32588.243402 32726.191049 32733.426773 32748.526394 32625.265082 32651.970822 32609.544609 32679.556703 32667.370251 32658.864736 32676.190176 32775.335959 32765.251329 32752.242995 32648.122382 32475.144860 0.000000 0.000000
0.000000 0.000000 0.000000 0.000000 0.000000 0.000000 0.000000 0.000000 0.000000 0.000000 0.000000 0.000000 0.000000 0.000000 0.000000 0.000000 0.000000 0.000000 0.000000 0.000000 0.000000
0.000000 0.000000 0.000000 0.000000 0.000000 0.000000 0.000000 0.000000 0.000000 0.000000 0.000000 0.000000 0.000000 0.000000 0.000000 0.000000 0.000000 0.000000 0.000000 0.000000 0.000000