geotop/1.0zi/1.0Montebello/Templates/testdem/maps/_Erotot4432.asc
ncols         21
nrows         20
xllcorner     100.000000
yllcorner     100.000000
cellsize      50.000000
NODATA_value  -9999.0
0.000000 0.000000 0.000000 0.000000 0.000000 0.000000 0.000000 0.000000 0.000000 0.000000 0.000000 0.000000 0.000000 0.000000 0.000000 0.000000 0.000000 0.000000 0.000000 0.000000 0.000000
0.000000 0.000000 344.932373 344.471341 344.256663 344.088711 344.095186 344.132641 344.170158 344.168683 344.155228 344.158327 344.160219 344.204466 344.092404 344.131720 344.325939 344.258739 344.373148 0.000000 0.000000
0.000000 0.000000 27.150912 27.778027 28.167519 29.236775 28.845994 28.926158 28.524255 28.459811 28.494882 28.804642 28.520482 28.276908 28.760784 28.506419 27.606660 27.010920 26.811229 0.000000 0.000000
0.000000 0.000000 137.640215 138.859236 131.769492 129.430319 130.519726 125.552442 124.818465 124.463087 123.593762 123.047506 124.081506 122.685070 125.414989 130.362557 130.930661 133.197366 135.835650 0.000000 0.000000
0.000000 0.000000 1336.602479 1342.440629 1349.184225 1333.471746 1322.913079 1315.038025 1317.679935 1311.797378 1315.973769 1320.100562 1320.332157 1320.273602 1329.331733 1327.595747 1332.965166 1338.368666 1339.882685 0.000000 0.000000
0.000000 0.000000 2596.309889 2590.314435 2586.406372 2583.589765 2578.374984 2575.387994 2572.761685 2574.657046 2574.206887 2571.534060 2567.518488 2568.964475 2568.344682 2581.116344 2585.186614 2585.290578 2588.195097 0.000000 0.000000
0.000000 0.000000 3271.446622 3267.493982 3263.831033 3260.967820 3253.142343 3238.968448 3240.837419 3237.583329 3240.219746 3239.259695 3241.372407 3242.474271 3256.280451 3262.793834 3269.331511 3273.192850 3275.930465 0.000000 0.000000
0.000000 0.000000 3733.177672 3733.359738 3734.418585 3730.033501 3728.405745 3723.745878 3724.450102 3724.666585 3722.376625 3723.367145 3722.132864 3721.148506 3723.983090 3728.052643 3729.845862 3729.129489 3730.502457 0.000000 0.000000
0.000000 0.000000 4381.396856 4381.391135 4379.288013 4377.560231 4373.646461 4365.103754 4365.523607 4363.629713 4364.183532 4364.780380 4363.756943 4364.365025 4369.607304 4377.082123 4377.094308 4378.559464 4382.070975 0.000000 0.000000
0.000000 0.000000 5121.866195 5120.605063 5121.221513 5118.066333 5110.094582 5105.360972 5107.083567 5106.114751 5106.155411 5106.166252 5105.094894 5103.314320 5110.401489 5116.538311 5118.981853 5119.972032 5121.224108 0.000000 0.000000
0.000000 0.000000 5902.976166 5901.724084 5900.623018 5898.901246 5897.131950 5887.045330 5887.502032 5884.936307 5885.057955 5886.025857 5884.790781 5884.366759 5888.952349 5891.444364 5895.902184 5898.073888 5900.993297 0.000000 0.000000
0.000000 0.000000 6716.843105 6716.079856 6714.771006 6708.519457 6704.176731 6696.422150 6695.614887 6695.133269 6695.213707 6694.361639 6693.867515 6693.650945 6702.609737 6708.377325 6711.707424 6712.892292 6729.656948 0.000000 0.000000
0.000000 0.000000 7532.962158 7531.414535 7529.885200 7527.659815 7521.053808 7502.708225 7503.166822 7501.351543 7501.229757 7501.776034 7500.087658 7500.349902 7515.673857 7523.441930 7526.566536 7528.103967 7530.338637 0.000000 0.000000
0.000000 0.000000 8402.880468 8400.337876 8398.862886 8395.579079 8377.423040 8385.779199 8380.299958 8379.367349 8379.709628 8379.831887 8378.518681 8378.060114 8371.848625 8389.637156 8393.425136 8398.667240 8398.423076 0.000000 0.000000
0.000000 0.000000 9330.292489 9325.882267 9322.082598 9310.627932 9308.638389 9292.843070 9285.340206 9283.585378 9279.326856 9278.653078 9279.611731 9277.154435 9287.782428 9295.505904 9316.317067 9312.063910 9313.288540 0.000000 0.000000
0.000000 0.000000 10253.740734 10253.824773 10234.503336 10238.180804 10238.288748 10237.547229 10240.312384 10240.219696 10242.927799 10242.825761 10239.478771 10244.184973 10241.656743 10240.369182 10229.342461 10252.587429 10256.967320 0.000000 0.000000
0.000000 0.000000 11300.331736 11277.588693 11270.212718 11263.136823 11249.380447 11243.395172 11241.946753 11241.126054 11237.394233 11237.606281 11237.587637 11234.716531 11239.081395 11255.228879 11268.420361 11269.141191 11292.589765 0.000000 0.000000
0.000000 0.000000 12079.010071 12082.684095 12104.516028 12095.636874 12089.905662 12067.199309 12065.899429 12063.059127 12064.650464 12064.260158 12062.509458 12063.523588 12084.914186 12093.474436 12105.089556 12079.978387 12082.009079 0.000000 0.000000
0.000000 0.000000 0.000000 0.000000 0.000000 0.000000 0.000000 0.000000 0.000000 0.000000 0.000000 0.000000 0.000000 0.000000 0.000000 0.000000 0.000000 0.000000 0.000000 0.000000 0.000000
0.000000 0.000000 0.000000 0.000000 0.000000 0.000000 0.000000 0.000000 0.000000 0.000000 0.000000 0.000000 0.000000 0.000000 0.000000 0.000000 0.000000 0.000000 0.000000 0.000000 0.000000