geotop/1.0zi/1.0Montebello/Templates/testdem/maps/_Erotot7760.asc
ncols         21
nrows         20
xllcorner     100.000000
yllcorner     100.000000
cellsize      50.000000
NODATA_value  -9999.0
0.000000 0.000000 0.000000 0.000000 0.000000 0.000000 0.000000 0.000000 0.000000 0.000000 0.000000 0.000000 0.000000 0.000000 0.000000 0.000000 0.000000 0.000000 0.000000 0.000000 0.000000
0.000000 0.000000 653.647154 654.463318 653.933059 654.057576 653.066308 653.243429 653.230555 653.294083 653.726274 653.051576 652.929971 652.982203 653.338436 653.474108 654.290153 654.817911 655.014558 0.000000 0.000000
0.000000 0.000000 51.032489 50.051098 49.983595 50.384722 51.019261 50.700205 50.403808 50.274798 50.508540 50.851773 50.875836 51.028922 50.785823 50.267980 48.982092 48.108844 48.630382 0.000000 0.000000
0.000000 0.000000 353.821700 354.996088 342.917040 337.262073 337.807984 326.490941 326.620434 327.418623 323.756087 322.008065 324.146698 324.288977 334.538167 341.601044 346.227696 349.166372 354.042422 0.000000 0.000000
0.000000 0.000000 3062.323249 3063.965124 3067.369705 3044.701609 3025.737139 3015.567670 3014.969595 3010.227449 3017.159575 3022.460265 3017.958510 3016.566474 3031.213769 3034.256239 3044.131526 3052.854265 3052.637351 0.000000 0.000000
0.000000 0.000000 4940.038610 4934.780301 4931.161056 4925.197851 4910.425640 4900.620149 4901.514550 4900.438371 4897.072552 4891.376408 4890.354519 4893.592184 4892.888374 4912.505291 4920.415837 4927.312118 4930.350467 0.000000 0.000000
0.000000 0.000000 6217.580071 6214.469337 6210.115720 6203.263714 6189.607948 6168.238032 6167.222482 6163.413129 6164.840579 6168.615361 6170.113705 6170.606526 6197.915085 6207.768835 6213.222485 6215.983011 6221.200523 0.000000 0.000000
0.000000 0.000000 7289.292290 7289.460180 7286.583046 7276.699442 7274.397538 7265.236979 7265.463408 7265.271305 7264.316044 7260.415310 7259.735236 7265.941779 7267.610657 7272.308439 7284.603749 7283.184121 7288.113416 0.000000 0.000000
0.000000 0.000000 8704.612112 8700.008745 8693.877206 8693.475258 8682.596540 8667.476810 8668.770976 8664.211925 8662.177286 8661.948362 8664.392762 8658.652527 8677.121537 8690.818397 8692.540569 8696.230112 8697.580233 0.000000 0.000000
0.000000 0.000000 10325.048532 10321.506709 10321.861344 10317.533397 10297.451642 10287.988890 10287.624550 10287.354263 10283.951160 10287.436353 10290.527284 10289.835232 10296.498866 10310.662306 10318.126479 10320.116505 10321.179288 0.000000 0.000000
0.000000 0.000000 12096.624865 12095.680796 12092.934373 12072.745069 12067.057657 12051.560904 12057.290417 12044.056288 12048.146672 12046.412814 12039.549169 12049.413421 12058.672452 12061.428144 12073.781613 12080.785434 12091.353243 0.000000 0.000000
0.000000 0.000000 14011.956477 14003.927773 13996.055026 13992.506932 13982.437706 13962.832777 13959.274774 13959.830580 13967.080425 13956.206545 13960.292805 13960.214180 13982.319508 13990.692980 13993.457386 13997.500044 14020.444304 0.000000 0.000000
0.000000 0.000000 15998.150853 15993.218450 15993.699292 15979.843502 15973.050404 15925.781027 15924.135017 15923.165938 15902.241818 15914.368182 15918.596767 15923.289437 15956.186350 15963.161598 15985.940583 15985.643564 15993.313266 0.000000 0.000000
0.000000 0.000000 18267.732895 18269.995578 18256.781549 18251.956756 18195.911975 18214.917988 18199.571222 18200.688508 18206.858809 18202.292041 18200.225798 18195.569174 18175.416421 18236.107356 18242.558272 18262.310116 18271.758947 0.000000 0.000000
0.000000 0.000000 20807.357273 20798.912277 20790.199589 20728.827076 20741.159091 20710.461151 20691.446924 20688.313623 20676.995802 20666.722197 20672.675152 20671.416659 20706.166171 20696.859007 20785.509232 20767.944491 20765.632297 0.000000 0.000000
0.000000 0.000000 23460.692282 23457.377331 23369.022644 23393.816126 23395.234603 23385.508609 23425.800906 23411.213957 23429.708673 23421.503409 23407.771733 23430.816236 23432.569629 23433.458146 23360.319077 23489.585822 23481.268627 0.000000 0.000000
0.000000 0.000000 26632.174687 26503.225462 26533.607463 26491.647859 26423.792350 26409.887435 26374.803301 26385.122861 26344.878795 26348.743050 26369.331905 26352.537217 26383.395019 26425.538724 26530.660251 26460.502371 26597.513809 0.000000 0.000000
0.000000 0.000000 27952.141389 28071.561277 28193.260132 28193.094621 28193.786479 28089.253769 28104.379328 28069.913055 28120.386424 28110.963952 28108.882431 28118.451766 28205.684678 28206.307137 28215.306008 28112.858559 27994.675739 0.000000 0.000000
0.000000 0.000000 0.000000 0.000000 0.000000 0.000000 0.000000 0.000000 0.000000 0.000000 0.000000 0.000000 0.000000 0.000000 0.000000 0.000000 0.000000 0.000000 0.000000 0.000000 0.000000
0.000000 0.000000 0.000000 0.000000 0.000000 0.000000 0.000000 0.000000 0.000000 0.000000 0.000000 0.000000 0.000000 0.000000 0.000000 0.000000 0.000000 0.000000 0.000000 0.000000 0.000000