geotop/1.0zi/1.0Montebello/Templates/testdem/maps/_Erotot5585.asc
ncols         21
nrows         20
xllcorner     100.000000
yllcorner     100.000000
cellsize      50.000000
NODATA_value  -9999.0
0.000000 0.000000 0.000000 0.000000 0.000000 0.000000 0.000000 0.000000 0.000000 0.000000 0.000000 0.000000 0.000000 0.000000 0.000000 0.000000 0.000000 0.000000 0.000000 0.000000 0.000000
0.000000 0.000000 422.957875 422.157000 421.974962 421.762819 421.720654 421.819524 421.769859 421.943136 421.852442 421.651839 421.591676 421.665137 421.775132 421.683098 421.880492 422.081514 422.498490 0.000000 0.000000
0.000000 0.000000 31.626941 32.286427 32.572200 33.736233 33.480861 33.240670 33.062834 32.840441 33.048973 33.400047 33.215475 32.976779 33.434532 33.203342 32.377567 31.543554 30.952181 0.000000 0.000000
0.000000 0.000000 183.504397 184.749708 177.117771 174.499133 176.018841 170.875504 170.395887 169.930637 169.250024 166.830732 169.557854 168.054264 171.163432 176.361244 176.311884 179.517963 182.953723 0.000000 0.000000
0.000000 0.000000 1725.418363 1730.098103 1736.413883 1718.469383 1703.574800 1692.784931 1695.431143 1692.806619 1696.306203 1700.790693 1696.975142 1694.764143 1704.987390 1703.956397 1711.256432 1718.252193 1719.482092 0.000000 0.000000
0.000000 0.000000 3105.179202 3099.198024 3096.433061 3092.148257 3084.656266 3077.585367 3075.967942 3075.896948 3075.164929 3072.848979 3070.376476 3072.574644 3071.627336 3086.655141 3091.449622 3094.723518 3097.277745 0.000000 0.000000
0.000000 0.000000 4108.328020 4105.804877 4102.835462 4098.466522 4085.705926 4069.802060 4069.923973 4066.534450 4068.272089 4071.029932 4072.927163 4073.963485 4093.185461 4102.289031 4107.055845 4108.692655 4113.904845 0.000000 0.000000
0.000000 0.000000 4736.734192 4738.116426 4737.404823 4731.269134 4730.920939 4724.103257 4724.697530 4725.108590 4723.944667 4721.566484 4721.229302 4724.705270 4724.321686 4726.387605 4734.584229 4732.821381 4735.878259 0.000000 0.000000
0.000000 0.000000 5570.159077 5567.528019 5563.716906 5564.902698 5558.554638 5548.414882 5548.931611 5546.363904 5544.006346 5545.224776 5546.357373 5541.118516 5553.701068 5561.158158 5563.168041 5563.963101 5565.419077 0.000000 0.000000
0.000000 0.000000 6535.885552 6533.553708 6535.941871 6535.534377 6521.160669 6514.453068 6515.921690 6515.068732 6513.130271 6516.242252 6519.108198 6517.419848 6520.103661 6529.776225 6533.484166 6533.652063 6534.374524 0.000000 0.000000
0.000000 0.000000 7576.487462 7576.707135 7577.088681 7563.291206 7560.974482 7550.684373 7554.256567 7545.358340 7547.839146 7546.955037 7542.252980 7549.348527 7553.134182 7553.935782 7560.404297 7566.151005 7573.349785 0.000000 0.000000
0.000000 0.000000 8660.719153 8656.271326 8651.759125 8650.296901 8646.716643 8632.460430 8631.617222 8630.743925 8637.393846 8630.509639 8632.412986 8631.851832 8646.450551 8649.047308 8650.374983 8650.855891 8669.877408 0.000000 0.000000
0.000000 0.000000 9755.338052 9753.471980 9754.699536 9747.638953 9743.928524 9719.067599 9717.951281 9717.675669 9703.794590 9712.542575 9716.324732 9718.118627 9732.538701 9735.780277 9749.285092 9748.629650 9755.479015 0.000000 0.000000
0.000000 0.000000 10952.479335 10953.885362 10947.514981 10946.706396 10921.573202 10929.446306 10919.403626 10920.828026 10922.014137 10921.708772 10920.196285 10916.812394 10906.853395 10933.734254 10938.949834 10949.156086 10956.029510 0.000000 0.000000
0.000000 0.000000 12239.461935 12234.564727 12232.112317 12210.925930 12210.346759 12195.947824 12183.594717 12182.197294 12177.607777 12171.702237 12174.596882 12172.754683 12186.275681 12189.688555 12227.422710 12219.089781 12219.315783 0.000000 0.000000
0.000000 0.000000 13555.223510 13554.654441 13522.839592 13521.732989 13526.818232 13519.536131 13535.522980 13528.257702 13533.756651 13529.454920 13524.622130 13532.309009 13535.461446 13534.601134 13516.297310 13562.432489 13555.691041 0.000000 0.000000
0.000000 0.000000 15042.454768 15004.536650 15002.399119 14994.296728 14971.558134 14965.779104 14958.493307 14961.513086 14948.990374 14949.238291 14953.541570 14953.768647 14963.693755 14972.426035 15000.504194 14996.053472 15039.304564 0.000000 0.000000
0.000000 0.000000 16101.205154 16110.620795 16151.169286 16145.188554 16131.732559 16098.987592 16100.024888 16087.086796 16097.543500 16095.792784 16101.441272 16096.400959 16124.529881 16135.335119 16157.283460 16115.705890 16105.957089 0.000000 0.000000
0.000000 0.000000 0.000000 0.000000 0.000000 0.000000 0.000000 0.000000 0.000000 0.000000 0.000000 0.000000 0.000000 0.000000 0.000000 0.000000 0.000000 0.000000 0.000000 0.000000 0.000000
0.000000 0.000000 0.000000 0.000000 0.000000 0.000000 0.000000 0.000000 0.000000 0.000000 0.000000 0.000000 0.000000 0.000000 0.000000 0.000000 0.000000 0.000000 0.000000 0.000000 0.000000