geotop/1.0zi/1.0Montebello/Templates/testdem/maps/_Erotot7368.asc
ncols         21
nrows         20
xllcorner     100.000000
yllcorner     100.000000
cellsize      50.000000
NODATA_value  -9999.0
0.000000 0.000000 0.000000 0.000000 0.000000 0.000000 0.000000 0.000000 0.000000 0.000000 0.000000 0.000000 0.000000 0.000000 0.000000 0.000000 0.000000 0.000000 0.000000 0.000000 0.000000
0.000000 0.000000 630.200270 631.157962 630.570153 630.745177 629.882950 630.095073 630.041765 630.146518 630.569984 629.901329 629.785971 629.827173 630.161816 630.193246 630.979338 631.552145 631.610657 0.000000 0.000000
0.000000 0.000000 49.260598 48.036705 48.176966 48.553080 48.968142 48.643799 48.378213 48.216668 48.458609 48.795041 48.815567 48.980201 48.728530 48.402918 46.994068 46.055799 46.807063 0.000000 0.000000
0.000000 0.000000 329.308547 330.662135 318.790865 313.248991 314.078095 302.860441 302.958400 303.824412 300.160068 298.346558 300.555721 300.693771 310.924306 317.659450 322.215237 324.926263 329.781902 0.000000 0.000000
0.000000 0.000000 2865.694360 2868.832158 2872.602310 2851.311139 2832.914221 2823.646755 2823.166621 2819.570952 2825.689111 2831.430206 2826.332440 2824.664127 2838.612619 2841.579031 2850.517078 2858.706669 2858.342627 0.000000 0.000000
0.000000 0.000000 4608.533658 4602.855579 4599.339362 4593.422522 4579.403609 4570.030794 4570.719325 4569.563827 4566.313003 4560.600618 4559.732011 4563.016962 4561.941863 4580.795349 4588.876773 4595.802546 4598.804513 0.000000 0.000000
0.000000 0.000000 5866.544156 5863.604896 5859.381517 5852.907411 5839.533244 5819.075197 5818.072869 5814.446310 5815.774001 5819.604663 5821.008814 5821.561484 5847.989193 5857.643431 5862.921838 5865.502125 5870.691537 0.000000 0.000000
0.000000 0.000000 6847.380010 6847.882788 6845.219041 6835.990822 6834.107203 6825.525250 6825.805736 6825.860156 6824.742838 6820.988479 6820.235787 6826.285983 6827.495785 6831.828802 6843.730202 6842.126914 6846.946229 0.000000 0.000000
0.000000 0.000000 8150.192878 8146.069981 8140.235237 8140.357235 8130.085139 8115.833465 8117.049132 8112.888471 8110.641850 8110.535175 8112.834776 8107.144409 8124.826434 8138.046024 8139.470910 8142.846922 8144.164314 0.000000 0.000000
0.000000 0.000000 9642.889177 9639.756963 9640.359906 9636.773022 9617.584072 9608.838536 9608.642314 9608.496515 9605.105880 9608.483358 9611.490161 9610.745321 9616.782286 9630.263374 9637.344018 9639.028124 9640.067476 0.000000 0.000000
0.000000 0.000000 11269.471612 11268.858988 11266.479759 11247.642775 11242.353149 11228.086785 11233.560104 11221.132260 11224.792659 11223.244185 11216.589636 11226.041904 11234.475956 11236.938643 11248.640990 11255.209307 11265.404936 0.000000 0.000000
0.000000 0.000000 13016.019127 13008.825162 13001.630886 12998.625873 12989.623265 12971.196754 12968.102228 12968.626468 12975.470875 12965.160348 12968.855201 12968.882333 12989.522861 12997.120489 12999.601172 13003.271322 13025.321573 0.000000 0.000000
0.000000 0.000000 14815.115740 14810.887623 14811.377961 14799.071973 14792.859003 14750.400608 14748.811060 14748.198065 14728.474634 14739.644948 14743.748669 14748.006486 14777.357432 14783.685028 14804.878515 14804.379292 14812.213621 0.000000 0.000000
0.000000 0.000000 16852.010318 16854.462646 16842.535570 16838.567314 16789.359019 16805.391520 16791.398751 16792.648464 16797.391604 16793.714413 16791.842686 16787.680598 16769.973874 16823.630834 16829.954353 16847.812289 16856.719282 0.000000 0.000000
0.000000 0.000000 19116.177543 19108.808251 19101.116899 19049.646594 19057.398400 19031.592848 19013.802431 19011.491736 19001.475397 18992.111160 18996.948690 18995.605696 19025.565716 19020.504952 19097.230773 19082.195406 19080.547183 0.000000 0.000000
0.000000 0.000000 21480.532655 21478.022837 21403.440183 21419.968128 21422.493344 21411.963390 21445.888962 21432.920565 21447.644651 21439.762103 21428.749844 21448.177049 21451.784584 21452.360424 21396.005872 21503.675780 21495.918871 0.000000 0.000000
0.000000 0.000000 24294.623095 24188.266704 24206.243326 24174.364148 24117.020377 24105.407658 24078.949161 24087.228392 24054.378687 24056.944605 24072.676300 24061.393831 24087.218205 24121.616878 24204.184303 24156.598843 24270.277738 0.000000 0.000000
0.000000 0.000000 25667.467888 25753.972114 25858.592617 25854.207906 25847.896420 25759.438653 25768.910480 25740.414681 25778.688013 25771.158943 25772.276119 25777.200429 25852.617183 25858.332714 25877.606408 25784.518004 25699.670915 0.000000 0.000000
0.000000 0.000000 0.000000 0.000000 0.000000 0.000000 0.000000 0.000000 0.000000 0.000000 0.000000 0.000000 0.000000 0.000000 0.000000 0.000000 0.000000 0.000000 0.000000 0.000000 0.000000
0.000000 0.000000 0.000000 0.000000 0.000000 0.000000 0.000000 0.000000 0.000000 0.000000 0.000000 0.000000 0.000000 0.000000 0.000000 0.000000 0.000000 0.000000 0.000000 0.000000 0.000000