geotop/1.0zi/1.0Montebello/Templates/testdem/maps/_Erotot7397.asc
ncols         21
nrows         20
xllcorner     100.000000
yllcorner     100.000000
cellsize      50.000000
NODATA_value  -9999.0
0.000000 0.000000 0.000000 0.000000 0.000000 0.000000 0.000000 0.000000 0.000000 0.000000 0.000000 0.000000 0.000000 0.000000 0.000000 0.000000 0.000000 0.000000 0.000000 0.000000 0.000000
0.000000 0.000000 638.470358 639.417635 638.817338 638.980617 638.110456 638.313306 638.259979 638.364709 638.788049 638.119971 638.003909 638.045189 638.388509 638.428894 639.226574 639.809097 639.877306 0.000000 0.000000
0.000000 0.000000 49.680263 48.456935 48.602481 48.979138 49.394515 49.071505 48.806405 48.644296 48.885979 49.221736 49.243023 49.407348 49.156064 48.829189 47.419085 46.481546 47.235999 0.000000 0.000000
0.000000 0.000000 347.591584 348.929234 336.929587 331.388299 332.157086 320.932448 321.025408 321.903925 318.240501 316.391504 318.592468 318.734138 328.990715 335.789566 340.356851 343.102175 347.914571 0.000000 0.000000
0.000000 0.000000 2900.037234 2903.181913 2906.980924 2885.668404 2867.277202 2858.005148 2857.527021 2853.927277 2860.045835 2865.792575 2860.697838 2859.029510 2872.978605 2875.936300 2884.896834 2893.080637 2892.724891 0.000000 0.000000
0.000000 0.000000 4642.360499 4636.679125 4633.142491 4627.217917 4613.146577 4603.753957 4604.443583 4603.287566 4600.038618 4594.318141 4593.450592 4596.735653 4595.676240 4614.585132 4622.674639 4629.609016 4632.608042 0.000000 0.000000
0.000000 0.000000 5908.620186 5905.673846 5901.428874 5894.940163 5881.534715 5861.014592 5860.010420 5856.385336 5857.713015 5861.535186 5862.937047 5863.491967 5889.984579 5899.669181 5904.965300 5907.558339 5912.746309 0.000000 0.000000
0.000000 0.000000 6900.004769 6900.501109 6897.820134 6888.568143 6886.646067 6878.031400 6878.311184 6878.366065 6877.247729 6873.482610 6872.727630 6878.785168 6880.024875 6884.395098 6896.327752 6894.734140 6899.556453 0.000000 0.000000
0.000000 0.000000 8214.608020 8210.469520 8204.611680 8204.723502 8194.404582 8180.102916 8181.320427 8177.152148 8174.902676 8174.788084 8177.089761 8171.392803 8189.128600 8202.402080 8203.848855 8207.244077 8208.561015 0.000000 0.000000
0.000000 0.000000 9720.209938 9717.062227 9717.672276 9714.063422 9694.801918 9686.009400 9685.807687 9685.665929 9682.266837 9685.647900 9688.665481 9687.917910 9693.992085 9707.532804 9714.649069 9716.346772 9717.386924 0.000000 0.000000
0.000000 0.000000 11360.645811 11360.025155 11357.640980 11338.729977 11333.405365 11319.063763 11324.555718 11312.081373 11315.757934 11314.196157 11307.511723 11317.007598 11325.486463 11327.978953 11339.733744 11346.342451 11356.570466 0.000000 0.000000
0.000000 0.000000 13124.200816 13116.964232 13109.745987 13106.729204 13097.656597 13079.122247 13075.999518 13076.553092 13083.428836 13073.057432 13076.780107 13076.788990 13097.563507 13105.230540 13107.734643 13111.421978 13133.577182 0.000000 0.000000
0.000000 0.000000 14942.148000 14937.891096 14938.418438 14926.042339 14919.770825 14876.874680 14875.280410 14874.661783 14854.783204 14866.054602 14870.175776 14874.469022 14904.134629 14910.533356 14931.882476 14931.394029 14939.196982 0.000000 0.000000
0.000000 0.000000 17002.279592 17004.743976 16992.755382 16988.770472 16938.883766 16955.288458 16941.153163 16942.432165 16947.296265 16943.535280 16941.625021 16937.402179 16919.383585 16973.758376 16980.087656 16998.130066 17007.091684 0.000000 0.000000
0.000000 0.000000 19293.785778 19286.363033 19278.633445 19226.244299 19234.493440 19208.226329 19190.310151 19187.956268 19177.775518 19168.310232 19173.258322 19171.910145 19202.328522 19196.823725 19274.755008 19259.433567 19257.706799 0.000000 0.000000
0.000000 0.000000 21687.043159 21684.500555 21608.592549 21626.068597 21628.515047 21618.125730 21652.729427 21639.632690 21654.720047 21646.800762 21635.491090 21655.294828 21658.654134 21659.250094 21601.134333 21711.010508 21703.183746 0.000000 0.000000
0.000000 0.000000 24538.064266 24429.381719 24448.745655 24415.959372 24357.529892 24345.727773 24318.388364 24326.926173 24293.265480 24295.968900 24312.201033 24300.333417 24326.647288 24361.845079 24446.706448 24396.766990 24512.900760 0.000000 0.000000
0.000000 0.000000 25905.982479 25996.108483 26102.883021 26098.967081 26093.454646 26003.324235 26013.365091 25984.261957 26023.804640 26016.074588 26016.866402 26022.254795 26098.889288 26104.018006 26122.349665 26027.962907 25939.505979 0.000000 0.000000
0.000000 0.000000 0.000000 0.000000 0.000000 0.000000 0.000000 0.000000 0.000000 0.000000 0.000000 0.000000 0.000000 0.000000 0.000000 0.000000 0.000000 0.000000 0.000000 0.000000 0.000000
0.000000 0.000000 0.000000 0.000000 0.000000 0.000000 0.000000 0.000000 0.000000 0.000000 0.000000 0.000000 0.000000 0.000000 0.000000 0.000000 0.000000 0.000000 0.000000 0.000000 0.000000