geotop/1.0zi/1.0Montebello/Templates/testdem/maps/_Erotot5457.asc
ncols         21
nrows         20
xllcorner     100.000000
yllcorner     100.000000
cellsize      50.000000
NODATA_value  -9999.0
0.000000 0.000000 0.000000 0.000000 0.000000 0.000000 0.000000 0.000000 0.000000 0.000000 0.000000 0.000000 0.000000 0.000000 0.000000 0.000000 0.000000 0.000000 0.000000 0.000000 0.000000
0.000000 0.000000 403.751653 402.954600 402.797136 402.590324 402.562730 402.637677 402.595427 402.768355 402.680649 402.483037 402.426195 402.486974 402.604853 402.495559 402.700555 402.880031 403.289663 0.000000 0.000000
0.000000 0.000000 31.230836 31.924140 32.149122 33.334727 33.072951 32.902635 32.715146 32.495630 32.659575 33.004530 32.817907 32.634900 33.052838 32.839713 31.999256 31.161975 30.520111 0.000000 0.000000
0.000000 0.000000 152.867748 154.342542 147.444638 144.669301 146.498904 141.359989 140.747246 141.124126 139.732458 138.388208 139.965249 138.037421 140.753732 145.520825 144.998081 148.327242 151.021658 0.000000 0.000000
0.000000 0.000000 1588.126447 1592.794319 1598.949776 1581.221296 1566.403858 1555.707461 1558.381335 1555.642255 1559.287561 1563.525885 1560.011434 1557.783335 1567.961243 1566.928489 1574.172799 1581.040370 1582.297662 0.000000 0.000000
0.000000 0.000000 2980.567389 2974.590424 2971.952553 2967.689542 2960.521989 2953.676801 2951.813070 2951.929925 2951.202623 2948.926114 2946.332970 2948.439936 2947.345305 2962.128038 2966.875908 2969.939948 2972.278896 0.000000 0.000000
0.000000 0.000000 3957.962787 3955.496969 3952.679002 3948.430557 3935.885880 3920.113354 3920.273201 3917.015272 3918.671475 3921.538639 3923.343940 3924.345585 3943.160969 3952.089121 3956.766293 3958.219063 3963.176026 0.000000 0.000000
0.000000 0.000000 4553.127445 4554.579858 4554.011087 4548.045828 4547.789008 4541.221931 4541.759808 4542.298955 4541.041119 4538.806058 4538.402180 4541.675736 4541.075852 4543.030525 4550.930398 4549.127441 4551.731595 0.000000 0.000000
0.000000 0.000000 5351.754665 5349.283520 5345.621743 5346.849812 5340.754241 5330.868447 5331.244349 5328.870350 5326.411917 5327.776645 5328.717832 5323.514066 5335.724710 5343.054760 5344.878036 5345.421783 5346.574064 0.000000 0.000000
0.000000 0.000000 6280.106499 6277.857162 6280.369820 6280.096535 6266.139087 6259.494711 6261.017215 6260.191241 6258.308774 6261.395812 6264.182430 6262.364705 6264.916196 6274.210943 6277.833811 6277.745664 6278.239705 0.000000 0.000000
0.000000 0.000000 7280.959060 7281.213743 7281.750342 7268.342481 7266.060284 7256.164964 7259.498376 7250.961069 7253.203495 7252.528109 7247.820799 7254.712324 7258.079779 7258.928275 7265.005976 7270.707108 7277.292767 0.000000 0.000000
0.000000 0.000000 8321.756478 8317.547900 8313.440026 8311.888860 8308.764861 8294.616932 8293.948531 8292.988731 8299.540612 8293.015164 8294.527638 8293.884199 8308.303528 8310.425841 8311.781349 8311.885720 8330.515060 0.000000 0.000000
0.000000 0.000000 9369.521982 9367.799151 9369.094134 9362.348306 9358.839492 9334.994091 9333.843704 9333.720270 9320.017468 9328.625934 9332.436265 9334.070401 9347.344985 9350.677852 9363.597714 9362.946721 9369.124092 0.000000 0.000000
0.000000 0.000000 10512.025961 10513.451183 10507.449051 10506.806815 10482.990125 10490.540006 10480.620669 10482.157823 10483.186874 10483.118248 10481.415103 10478.033429 10468.328617 10493.755679 10498.827874 10508.525639 10515.087373 0.000000 0.000000
0.000000 0.000000 11736.862547 11732.644525 11730.086297 11710.376679 11710.022836 11695.878601 11683.801974 11682.613308 11678.101357 11672.502291 11675.157678 11673.230508 11686.266505 11689.545544 11725.668173 11717.452635 11717.286134 0.000000 0.000000
0.000000 0.000000 12987.261205 12986.520780 12957.200560 12955.481889 12960.124331 12952.988314 12968.047590 12961.145718 12966.123466 12962.048685 12957.606097 12964.690935 12967.623676 12967.304070 12950.193915 12993.290149 12986.283096 0.000000 0.000000
0.000000 0.000000 14394.459527 14359.762099 14357.305144 14349.766030 14328.447647 14322.795398 14316.036980 14319.063922 14307.232186 14307.563340 14311.159718 14311.649458 14321.030020 14328.834114 14355.174377 14351.780806 14391.388529 0.000000 0.000000
0.000000 0.000000 15410.773911 15418.125368 15455.144439 15449.478665 15436.371210 15405.982819 15406.809669 15394.633235 15404.091823 15402.759765 15408.092438 15402.794576 15428.821699 15439.286514 15460.438716 15422.004530 15414.117006 0.000000 0.000000
0.000000 0.000000 0.000000 0.000000 0.000000 0.000000 0.000000 0.000000 0.000000 0.000000 0.000000 0.000000 0.000000 0.000000 0.000000 0.000000 0.000000 0.000000 0.000000 0.000000 0.000000
0.000000 0.000000 0.000000 0.000000 0.000000 0.000000 0.000000 0.000000 0.000000 0.000000 0.000000 0.000000 0.000000 0.000000 0.000000 0.000000 0.000000 0.000000 0.000000 0.000000 0.000000