geotop/1.0zi/1.0Montebello/Templates/testdem/maps/_Erotot8805.asc
ncols         21
nrows         20
xllcorner     100.000000
yllcorner     100.000000
cellsize      50.000000
NODATA_value  -9999.0
0.000000 0.000000 0.000000 0.000000 0.000000 0.000000 0.000000 0.000000 0.000000 0.000000 0.000000 0.000000 0.000000 0.000000 0.000000 0.000000 0.000000 0.000000 0.000000 0.000000 0.000000
0.000000 0.000000 701.826318 702.478921 701.924819 702.018733 701.008901 701.142592 701.224651 701.298729 701.680016 701.045887 700.933703 700.973512 701.370946 701.490800 702.306963 702.888657 703.041283 0.000000 0.000000
0.000000 0.000000 54.589859 53.619985 53.912833 53.842544 54.500775 54.138562 53.763025 53.630923 53.835020 54.161322 54.220221 54.340480 54.145460 53.702380 52.423360 51.575293 52.173068 0.000000 0.000000
0.000000 0.000000 426.943630 428.196341 415.212336 408.731582 408.117259 402.418498 407.388309 409.236226 405.421968 403.751337 407.190216 406.860990 415.202239 423.484268 427.371912 422.055707 429.045196 0.000000 0.000000
0.000000 0.000000 3813.852558 3810.728759 3812.369969 3780.291220 3757.337672 3745.323017 3739.688140 3732.527273 3741.645094 3748.500275 3747.152688 3742.268549 3761.595283 3765.814130 3781.313513 3792.924926 3792.650263 0.000000 0.000000
0.000000 0.000000 5879.090191 5873.603694 5867.578590 5869.079534 5847.291626 5835.091342 5838.617904 5838.441786 5834.288200 5828.314538 5826.612685 5830.631079 5830.625794 5855.335902 5856.676786 5862.812158 5865.217748 0.000000 0.000000
0.000000 0.000000 7283.363442 7278.129777 7275.287493 7264.581428 7255.865610 7223.673648 7224.055897 7221.530087 7221.387109 7225.737339 7226.341223 7227.171313 7259.689913 7265.463816 7273.802674 7276.414801 7281.329967 0.000000 0.000000
0.000000 0.000000 8636.366885 8634.250183 8630.758008 8618.893159 8613.462996 8610.015459 8610.825308 8609.000966 8609.419473 8605.301814 8604.178326 8611.437780 8609.705227 8618.138709 8632.301452 8628.624112 8634.604108 0.000000 0.000000
0.000000 0.000000 10386.720311 10382.435605 10376.150686 10373.835694 10359.214575 10340.994409 10343.795824 10339.790898 10337.044554 10336.671230 10339.530711 10333.226212 10356.972146 10370.723425 10372.147346 10374.467760 10377.800592 0.000000 0.000000
0.000000 0.000000 12411.996759 12405.339864 12405.121264 12399.093592 12376.272587 12365.911387 12365.434068 12364.349599 12360.772582 12365.202150 12368.273785 12367.806031 12374.869248 12393.222015 12400.759430 12403.376814 12402.518533 0.000000 0.000000
0.000000 0.000000 14648.876219 14647.542694 14645.464841 14618.168637 14612.408077 14592.645525 14600.975652 14584.061315 14590.363453 14586.739700 14579.387947 14589.914443 14603.976535 14607.287660 14622.216685 14626.156921 14640.570337 0.000000 0.000000
0.000000 0.000000 17114.477377 17105.877945 17092.711847 17090.157009 17074.770277 17052.908103 17051.245855 17054.288887 17060.730188 17048.298627 17055.250797 17053.194348 17078.760130 17090.839833 17091.370774 17095.574373 17120.173251 0.000000 0.000000
0.000000 0.000000 19716.347505 19707.433102 19711.816178 19689.600648 19681.159088 19617.702925 19615.477497 19614.592229 19586.881188 19605.104953 19607.648453 19614.390589 19661.691556 19670.049824 19699.317577 19696.933978 19703.802864 0.000000 0.000000
0.000000 0.000000 22780.123828 22782.596315 22763.238133 22756.441897 22673.073350 22709.952631 22690.888374 22692.331700 22705.154890 22694.343033 22693.450781 22682.901836 22647.906546 22741.817256 22744.788030 22768.735567 22781.125900 0.000000 0.000000
0.000000 0.000000 26213.863964 26200.618527 26186.731889 26090.581289 26127.542952 26075.979275 26054.260520 26050.156911 26030.145676 26018.729426 26028.527510 26028.599367 26082.826415 26047.772666 26185.401091 26149.965933 26143.764921 0.000000 0.000000
0.000000 0.000000 29659.928586 29654.687985 29521.951441 29583.954173 29573.428207 29573.151914 29640.235722 29619.378174 29652.211484 29643.825371 29620.107686 29653.714794 29644.634361 29657.473551 29508.633143 29713.826093 29704.122702 0.000000 0.000000
0.000000 0.000000 33475.757703 33301.460277 33378.108260 33304.707629 33215.332324 33194.449468 33132.356832 33150.692199 33089.692904 33098.070786 33132.603801 33098.281063 33145.352788 33201.686629 33375.068473 33226.302910 33409.767890 0.000000 0.000000
0.000000 0.000000 34372.449133 34546.668696 34678.120339 34684.705836 34700.669130 34582.730845 34611.841493 34570.454592 34639.847067 34627.740515 34618.644683 34636.040154 34729.208449 34720.569067 34702.693250 34603.445499 34431.009989 0.000000 0.000000
0.000000 0.000000 0.000000 0.000000 0.000000 0.000000 0.000000 0.000000 0.000000 0.000000 0.000000 0.000000 0.000000 0.000000 0.000000 0.000000 0.000000 0.000000 0.000000 0.000000 0.000000
0.000000 0.000000 0.000000 0.000000 0.000000 0.000000 0.000000 0.000000 0.000000 0.000000 0.000000 0.000000 0.000000 0.000000 0.000000 0.000000 0.000000 0.000000 0.000000 0.000000 0.000000