geotop/1.0zi/1.0Montebello/Templates/testdem/maps/_Erotot2498.asc
ncols         21
nrows         20
xllcorner     100.000000
yllcorner     100.000000
cellsize      50.000000
NODATA_value  -9999.0
0.000000 0.000000 0.000000 0.000000 0.000000 0.000000 0.000000 0.000000 0.000000 0.000000 0.000000 0.000000 0.000000 0.000000 0.000000 0.000000 0.000000 0.000000 0.000000 0.000000 0.000000
0.000000 0.000000 239.934621 239.937014 239.942183 240.059796 239.928031 239.932545 239.908949 239.947761 239.950120 239.947761 239.908949 239.932545 239.928031 240.059796 239.942183 239.937014 239.934621 0.000000 0.000000
0.000000 0.000000 13.727923 13.506555 11.754356 13.477148 13.770112 13.756137 13.787698 13.755421 13.752129 13.755421 13.787698 13.756137 13.770112 13.477148 11.754356 13.506555 13.727923 0.000000 0.000000
0.000000 0.000000 1738.555412 1738.234589 1738.570393 1736.701409 1738.707503 1738.147589 1738.144675 1738.968936 1739.116704 1738.968936 1738.144675 1738.147589 1738.707503 1736.701409 1738.570393 1738.234589 1738.555412 0.000000 0.000000
0.000000 0.000000 3563.337462 3563.166031 3562.504069 3563.094894 3563.639888 3563.501052 3563.463059 3563.613090 3563.576113 3563.613090 3563.463059 3563.501052 3563.639888 3563.094894 3562.504069 3563.166031 3563.337462 0.000000 0.000000
0.000000 0.000000 4619.488743 4619.282851 4618.720567 4618.872767 4619.685398 4619.391267 4619.410534 4619.754416 4619.842894 4619.754416 4619.410534 4619.391267 4619.685398 4618.872767 4618.720567 4619.282851 4619.488743 0.000000 0.000000
0.000000 0.000000 6024.512658 6024.341383 6023.826632 6023.968491 6024.662986 6024.408509 6024.433259 6024.738767 6024.836349 6024.738767 6024.433259 6024.408509 6024.662986 6023.968491 6023.826632 6024.341383 6024.512658 0.000000 0.000000
0.000000 0.000000 7349.857345 7349.713555 7349.234233 7349.378679 7349.976092 7349.757244 7349.779450 7350.053116 7350.146661 7350.053116 7349.779450 7349.757244 7349.976092 7349.378679 7349.234233 7349.713555 7349.857345 0.000000 0.000000
0.000000 0.000000 8585.931784 8585.800257 8585.344945 8585.489054 8586.038419 8585.836616 8585.857435 8586.114715 8586.204255 8586.114715 8585.857435 8585.836616 8586.038419 8585.489054 8585.344945 8585.800257 8585.931784 0.000000 0.000000
0.000000 0.000000 9751.431831 9751.328927 9750.884464 9751.067063 9751.525666 9751.345240 9751.370669 9751.604744 9751.689676 9751.604744 9751.370669 9751.345240 9751.525666 9751.067063 9750.884464 9751.328927 9751.431831 0.000000 0.000000
0.000000 0.000000 10851.382945 10851.273343 10850.848784 10851.007042 10851.475958 10851.296279 10851.317588 10851.548325 10851.628336 10851.548325 10851.317588 10851.296279 10851.475958 10851.007042 10850.848784 10851.273343 10851.382945 0.000000 0.000000
0.000000 0.000000 11901.334735 11901.224854 11900.816309 11900.968592 11901.422822 11901.250607 11901.270675 11901.493741 11901.572159 11901.493741 11901.270675 11901.250607 11901.422822 11900.968592 11900.816309 11901.224854 11901.334735 0.000000 0.000000
0.000000 0.000000 12910.300188 12910.195261 12909.793259 12909.947026 12910.381568 12910.213864 12910.234029 12910.451179 12910.526374 12910.451179 12910.234029 12910.213864 12910.381568 12909.947026 12909.793259 12910.195261 12910.300188 0.000000 0.000000
0.000000 0.000000 13883.506368 13883.409251 13883.016485 13883.188635 13883.585532 13883.424550 13883.446296 13883.655134 13883.728251 13883.655134 13883.446296 13883.424550 13883.585532 13883.188635 13883.016485 13883.409251 13883.506368 0.000000 0.000000
0.000000 0.000000 14825.265493 14825.166527 14824.777543 14824.938542 14825.340569 14825.180984 14825.201331 14825.408366 14825.479395 14825.408366 14825.201331 14825.180984 14825.340569 14824.938542 14824.777543 14825.166527 14825.265493 0.000000 0.000000
0.000000 0.000000 15736.302185 15736.205417 15735.827554 15735.981760 15736.371462 15736.216628 15736.236806 15736.438406 15736.507739 15736.438406 15736.236806 15736.216628 15736.371462 15735.981760 15735.827554 15736.205417 15736.302181 0.000000 0.000000
0.000000 0.000000 16619.760846 16619.665688 16619.290023 16619.447344 16619.828090 16619.675221 16619.694854 16619.891770 16619.958970 16619.891770 16619.694854 16619.675221 16619.828090 16619.447344 16619.290023 16619.665666 16619.760452 0.000000 0.000000
0.000000 0.000000 17515.387190 17515.699327 17515.330322 17515.483412 17515.859543 17515.709892 17515.727578 17515.921104 17515.985664 17515.921104 17515.727578 17515.709892 17515.859543 17515.483412 17515.330303 17515.695821 17515.787713 0.000000 0.000000
0.000000 0.000000 0.000000 0.000000 0.000000 0.000000 0.000000 0.000000 0.000000 0.000000 0.000000 0.000000 0.000000 0.000000 0.000000 0.000000 0.000000 0.000000 0.000000 0.000000 0.000000
0.000000 0.000000 0.000000 0.000000 0.000000 0.000000 0.000000 0.000000 0.000000 0.000000 0.000000 0.000000 0.000000 0.000000 0.000000 0.000000 0.000000 0.000000 0.000000 0.000000 0.000000