geotop/1.0zi/1.0Montebello/Templates/testdem/maps/_Erotot3740.asc
ncols         21
nrows         20
xllcorner     100.000000
yllcorner     100.000000
cellsize      50.000000
NODATA_value  -9999.0
0.000000 0.000000 0.000000 0.000000 0.000000 0.000000 0.000000 0.000000 0.000000 0.000000 0.000000 0.000000 0.000000 0.000000 0.000000 0.000000 0.000000 0.000000 0.000000 0.000000 0.000000
0.000000 0.000000 278.683619 278.195000 277.949698 277.799968 277.826248 277.881360 277.915740 277.914400 277.899956 277.905821 277.905425 277.947841 277.820365 277.841805 278.019492 277.983300 278.125795 0.000000 0.000000
0.000000 0.000000 22.199394 22.764684 23.050820 23.794801 23.384992 23.383716 22.968067 22.894061 22.957548 23.316290 23.065298 22.890355 23.331054 23.153332 22.308387 21.748452 21.609427 0.000000 0.000000
0.000000 0.000000 136.409921 137.420702 130.561428 128.139921 129.114088 123.971670 123.143665 122.763534 122.065216 121.637804 122.827051 121.352027 123.718841 128.895766 129.745726 132.084582 135.005774 0.000000 0.000000
0.000000 0.000000 1240.295611 1248.129976 1253.925123 1245.864515 1236.310817 1230.192192 1233.599040 1227.643328 1233.077585 1235.525963 1236.801148 1237.577088 1245.113824 1239.872326 1240.191666 1240.584244 1239.126100 0.000000 0.000000
0.000000 0.000000 2299.533961 2294.248601 2289.234273 2287.000294 2278.249794 2273.337959 2270.704623 2272.750469 2271.096670 2270.079641 2270.285816 2272.803529 2273.529708 2285.847710 2290.297889 2289.954171 2293.068061 0.000000 0.000000
0.000000 0.000000 2769.212174 2765.085766 2759.938410 2751.210892 2741.246901 2727.815275 2728.953962 2725.910477 2728.912836 2728.289217 2730.433501 2735.335748 2750.064071 2755.684403 2762.315150 2765.831005 2768.914578 0.000000 0.000000
0.000000 0.000000 3191.302029 3192.438542 3192.146696 3186.907978 3184.926525 3181.145655 3181.676469 3182.145693 3179.846777 3180.164731 3180.096551 3179.936866 3183.562095 3187.160200 3188.100694 3186.939774 3187.632690 0.000000 0.000000
0.000000 0.000000 3744.290039 3744.508008 3740.736343 3738.750551 3733.043915 3723.542193 3723.603600 3721.696664 3722.538599 3723.220727 3723.463978 3725.697090 3731.942521 3738.854898 3738.230638 3738.862704 3742.125396 0.000000 0.000000
0.000000 0.000000 4364.704147 4363.999327 4362.949632 4358.454761 4348.716277 4343.711402 4344.980627 4344.157387 4344.255187 4344.337818 4345.063095 4345.216390 4353.213777 4358.725553 4360.358963 4360.538293 4361.476547 0.000000 0.000000
0.000000 0.000000 5015.253306 5014.434970 5011.785440 5008.815297 5005.247502 4994.985817 4995.101301 4992.636867 4993.036974 4993.866607 4994.462203 4995.928047 5001.385089 5003.173036 5006.794650 5008.099198 5010.645118 0.000000 0.000000
0.000000 0.000000 5687.556769 5687.147178 5684.213538 5676.878441 5670.613349 5662.697671 5661.586223 5661.112455 5661.327824 5660.649885 5662.045459 5663.873547 5673.454268 5678.336274 5680.788965 5681.130220 5697.075156 0.000000 0.000000
0.000000 0.000000 6356.888345 6355.921730 6352.773908 6349.116086 6340.807897 6324.271698 6324.294890 6322.671725 6322.701347 6323.319583 6323.953638 6326.271326 6339.942437 6346.866785 6348.972911 6349.786733 6351.660914 0.000000 0.000000
0.000000 0.000000 7068.263228 7066.500313 7063.154460 7058.674930 7041.765756 7048.183635 7042.897333 7041.875186 7042.433987 7042.653360 7043.311638 7044.852480 7040.628963 7054.928902 7057.705974 7061.882279 7061.411472 0.000000 0.000000
0.000000 0.000000 7822.783662 7818.603140 7813.768346 7803.849150 7799.388288 7784.384638 7776.962009 7775.448230 7771.709373 7771.203577 7773.882007 7773.470438 7784.149389 7791.221841 7807.730793 7803.190512 7804.034404 0.000000 0.000000
0.000000 0.000000 8564.049116 8564.640135 8547.753410 8549.274262 8547.232110 8545.644499 8547.486803 8547.351186 8549.846083 8549.889621 8549.148081 8555.221563 8554.094811 8552.581603 8542.330416 8559.545163 8563.111488 0.000000 0.000000
0.000000 0.000000 9403.046144 9387.191129 9379.116703 9371.423148 9357.094777 9351.168592 9349.451740 9348.848526 9345.855564 9346.180804 9347.974983 9347.995891 9352.750447 9366.161707 9376.817187 9376.734407 9393.830176 0.000000 0.000000
0.000000 0.000000 10036.690149 10039.141097 10054.172045 10044.711564 10037.568563 10020.280433 10018.792551 10016.396988 10017.586766 10017.468503 10018.200550 10020.806814 10037.295128 10044.351750 10053.458999 10032.920935 10035.313637 0.000000 0.000000
0.000000 0.000000 0.000000 0.000000 0.000000 0.000000 0.000000 0.000000 0.000000 0.000000 0.000000 0.000000 0.000000 0.000000 0.000000 0.000000 0.000000 0.000000 0.000000 0.000000 0.000000
0.000000 0.000000 0.000000 0.000000 0.000000 0.000000 0.000000 0.000000 0.000000 0.000000 0.000000 0.000000 0.000000 0.000000 0.000000 0.000000 0.000000 0.000000 0.000000 0.000000 0.000000