geotop/1.0zi/1.0Montebello/Templates/testdem/maps/_Erotot9262.asc
ncols         21
nrows         20
xllcorner     100.000000
yllcorner     100.000000
cellsize      50.000000
NODATA_value  -9999.0
0.000000 0.000000 0.000000 0.000000 0.000000 0.000000 0.000000 0.000000 0.000000 0.000000 0.000000 0.000000 0.000000 0.000000 0.000000 0.000000 0.000000 0.000000 0.000000 0.000000 0.000000
0.000000 0.000000 726.971098 727.545170 726.966455 727.045695 726.011089 726.121161 726.208802 726.282210 726.670770 726.036651 725.928382 725.976322 726.376368 726.531174 727.350100 727.963922 728.118297 0.000000 0.000000
0.000000 0.000000 56.765494 55.679364 55.993807 55.928660 56.750620 56.440895 56.060860 55.928949 56.127546 56.452473 56.510558 56.620540 56.385551 55.780447 54.517375 53.638968 54.252133 0.000000 0.000000
0.000000 0.000000 428.189351 429.994816 416.912430 410.687598 410.117043 404.251433 409.241129 410.908927 406.956911 405.354419 408.774418 408.283560 416.779008 425.251856 429.075497 423.479588 430.770295 0.000000 0.000000
0.000000 0.000000 4022.935678 4016.921398 4010.898650 3976.713047 3949.917359 3935.757222 3928.369072 3921.881601 3929.149720 3935.687737 3934.319277 3929.295871 3948.981847 3955.181028 3972.330157 3984.556067 3985.223121 0.000000 0.000000
0.000000 0.000000 6252.765619 6247.377720 6242.699202 6245.017389 6220.535037 6208.655763 6212.241374 6211.444016 6206.827874 6200.311689 6198.668411 6203.152759 6203.050376 6229.043907 6229.950918 6237.188206 6239.483597 0.000000 0.000000
0.000000 0.000000 7681.598398 7676.300423 7672.523671 7661.057135 7653.189599 7615.731888 7618.512574 7615.779390 7615.057419 7619.233181 7619.857676 7621.541497 7654.448211 7659.693214 7669.163791 7671.289296 7676.663852 0.000000 0.000000
0.000000 0.000000 9153.213473 9150.406054 9145.264918 9132.842163 9125.554396 9122.720154 9122.498354 9120.412554 9120.235020 9115.841142 9114.822118 9122.111881 9120.402929 9130.298703 9145.327750 9142.109843 9148.519759 0.000000 0.000000
0.000000 0.000000 11044.763660 11039.507159 11032.394361 11029.095847 11012.516374 10991.185372 10994.289509 10989.976121 10986.345969 10985.660735 10988.652877 10982.611951 11007.742817 11022.118278 11024.540481 11027.424798 11030.295078 0.000000 0.000000
0.000000 0.000000 13243.010739 13235.459380 13232.257437 13224.784498 13201.166309 13187.755740 13187.369348 13185.451116 13180.994818 13185.150558 13188.389583 13188.254185 13195.562026 13215.790323 13224.325444 13227.429264 13227.293046 0.000000 0.000000
0.000000 0.000000 15686.397445 15683.671344 15681.618097 15650.529130 15643.891947 15620.320381 15628.588519 15611.374100 15616.766361 15612.504582 15604.899017 15616.366177 15631.224354 15635.847970 15651.500713 15655.784768 15672.072953 0.000000 0.000000
0.000000 0.000000 18403.986301 18392.223179 18374.932198 18373.251631 18355.147288 18328.483538 18327.999107 18329.293473 18336.061271 18321.047073 18328.988527 18326.997976 18354.493218 18368.532059 18370.634260 18375.081674 18400.875767 0.000000 0.000000
0.000000 0.000000 21289.576464 21281.832299 21284.085657 21256.896839 21245.634196 21173.241592 21170.180496 21169.036784 21136.605158 21156.925975 21159.426510 21167.415782 21219.960107 21230.048623 21261.441635 21260.704255 21267.578270 0.000000 0.000000
0.000000 0.000000 24716.990442 24717.719619 24693.518849 24684.853256 24588.624870 24633.771346 24610.803845 24611.907176 24626.637240 24612.601176 24611.378678 24600.056243 24555.193330 24664.424524 24667.242518 24694.156323 24708.172982 0.000000 0.000000
0.000000 0.000000 28511.489733 28496.661480 28478.554100 28366.422440 28416.283466 28348.228298 28325.447515 28319.671777 28294.243045 28281.670377 28293.528961 28295.051383 28361.319763 28311.701644 28471.378593 28430.496067 28422.920969 0.000000 0.000000
0.000000 0.000000 32131.541629 32124.847265 31978.149951 32057.089298 32039.480374 32044.124261 32118.806605 32096.331355 32132.670858 32124.137171 32097.060984 32134.255489 32116.040861 32134.133129 31956.687562 32184.967124 32175.708575 0.000000 0.000000
0.000000 0.000000 35787.353287 35625.251714 35705.458980 35632.408483 35548.895825 35527.168457 35464.706279 35482.420964 35421.986863 35430.095821 35463.916720 35430.447300 35475.473849 35527.695925 35698.378708 35544.164766 35715.765715 0.000000 0.000000
0.000000 0.000000 36635.528490 36773.984500 36885.061970 36886.704816 36895.151134 36794.769707 36816.404045 36781.503209 36836.758397 36826.401088 36820.973365 36833.601953 36911.885461 36908.600389 36900.795678 36811.425757 36674.003454 0.000000 0.000000
0.000000 0.000000 0.000000 0.000000 0.000000 0.000000 0.000000 0.000000 0.000000 0.000000 0.000000 0.000000 0.000000 0.000000 0.000000 0.000000 0.000000 0.000000 0.000000 0.000000 0.000000
0.000000 0.000000 0.000000 0.000000 0.000000 0.000000 0.000000 0.000000 0.000000 0.000000 0.000000 0.000000 0.000000 0.000000 0.000000 0.000000 0.000000 0.000000 0.000000 0.000000 0.000000