geotop/1.0zi/1.0Montebello/Templates/testdem/maps/_Erotot1796.asc
ncols         21
nrows         20
xllcorner     100.000000
yllcorner     100.000000
cellsize      50.000000
NODATA_value  -9999.0
0.000000 0.000000 0.000000 0.000000 0.000000 0.000000 0.000000 0.000000 0.000000 0.000000 0.000000 0.000000 0.000000 0.000000 0.000000 0.000000 0.000000 0.000000 0.000000 0.000000 0.000000
0.000000 0.000000 193.696258 193.698268 193.734823 193.719542 193.685843 193.698638 193.700697 193.692913 193.694013 193.692913 193.700697 193.698638 193.685843 193.719542 193.734823 193.698268 193.696258 0.000000 0.000000
0.000000 0.000000 10.212456 9.992018 8.213613 10.062146 10.258800 10.238258 10.247621 10.258152 10.255698 10.258152 10.247621 10.238258 10.258800 10.062146 8.213613 9.992018 10.212456 0.000000 0.000000
0.000000 0.000000 1368.544548 1368.334060 1368.531555 1366.580103 1368.844634 1368.428375 1368.372495 1368.961226 1368.915435 1368.961226 1368.372495 1368.428375 1368.844634 1366.580103 1368.531555 1368.334060 1368.544548 0.000000 0.000000
0.000000 0.000000 2613.989236 2613.777418 2613.180787 2613.873355 2614.324630 2614.129253 2614.082629 2614.233060 2614.186388 2614.233060 2614.082629 2614.129253 2614.324630 2613.873355 2613.180787 2613.777418 2613.989236 0.000000 0.000000
0.000000 0.000000 3420.347989 3420.180500 3419.575963 3419.780685 3420.663651 3420.416959 3420.388274 3420.623827 3420.599596 3420.623827 3420.388274 3420.416959 3420.663651 3419.780685 3419.575963 3420.180500 3420.347989 0.000000 0.000000
0.000000 0.000000 4457.253983 4457.119480 4456.559925 4456.758081 4457.515486 4457.305238 4457.287899 4457.482947 4457.462641 4457.482947 4457.287899 4457.305238 4457.515486 4456.758081 4456.559925 4457.119480 4457.253983 0.000000 0.000000
0.000000 0.000000 5440.810759 5440.699837 5440.175222 5440.369652 5441.030546 5440.850869 5440.835509 5441.005521 5440.986239 5441.005521 5440.835509 5440.850869 5441.030546 5440.369652 5440.175222 5440.699837 5440.810759 0.000000 0.000000
0.000000 0.000000 6368.729632 6368.627161 6368.125112 6368.312668 6368.930416 6368.763734 6368.750130 6368.910576 6368.892754 6368.910576 6368.750130 6368.763734 6368.930416 6368.312668 6368.125112 6368.627161 6368.729632 0.000000 0.000000
0.000000 0.000000 7251.698176 7251.622404 7251.129027 7251.351319 7251.881066 7251.733239 7251.726587 7251.868785 7251.850989 7251.868785 7251.726587 7251.733239 7251.881066 7251.351319 7251.129027 7251.622404 7251.698176 0.000000 0.000000
0.000000 0.000000 8094.135627 8094.050547 8093.574094 8093.768456 8094.313972 8094.164682 8094.155123 8094.298580 8094.279941 8094.298580 8094.155123 8094.164682 8094.313972 8093.768456 8093.574094 8094.050547 8094.135627 0.000000 0.000000
0.000000 0.000000 8904.810831 8904.723465 8904.260976 8904.444839 8904.980429 8904.835833 8904.827131 8904.967966 8904.950579 8904.967966 8904.827131 8904.835833 8904.980429 8904.444839 8904.260976 8904.723465 8904.810831 0.000000 0.000000
0.000000 0.000000 9691.393490 9691.308937 9690.850941 9691.034807 9691.554727 9691.413104 9691.405036 9691.542860 9691.524968 9691.542860 9691.405036 9691.413104 9691.554727 9691.034807 9690.850941 9691.308937 9691.393490 0.000000 0.000000
0.000000 0.000000 10455.895864 10455.817900 10455.366514 10455.568498 10456.052768 10455.916213 10455.910651 10456.043058 10456.024806 10456.043058 10455.910651 10455.916213 10456.052768 10455.568498 10455.366514 10455.817900 10455.895864 0.000000 0.000000
0.000000 0.000000 11201.603883 11201.523041 11201.071790 11201.262054 11201.755080 11201.618537 11201.612071 11201.745556 11201.726958 11201.745556 11201.612071 11201.618537 11201.755080 11201.262054 11201.071790 11201.523041 11201.603883 0.000000 0.000000
0.000000 0.000000 11929.915110 11929.835314 11929.393923 11929.576212 11930.059785 11929.926876 11929.920726 11930.050959 11930.032665 11930.050959 11929.920726 11929.926876 11930.059785 11929.576212 11929.393923 11929.835314 11929.915106 0.000000 0.000000
0.000000 0.000000 12640.053161 12639.974062 12639.531587 12639.716477 12640.195002 12640.061643 12640.055445 12640.183993 12640.164950 12640.183993 12640.055445 12640.061643 12640.195002 12639.716477 12639.531587 12639.974042 12640.052807 0.000000 0.000000
0.000000 0.000000 13368.422134 13368.683725 13368.247936 13368.424282 13368.902519 13368.768630 13368.762474 13368.892410 13368.873241 13368.892410 13368.762474 13368.768630 13368.902519 13368.424281 13368.247918 13368.680403 13368.759117 0.000000 0.000000
0.000000 0.000000 0.000000 0.000000 0.000000 0.000000 0.000000 0.000000 0.000000 0.000000 0.000000 0.000000 0.000000 0.000000 0.000000 0.000000 0.000000 0.000000 0.000000 0.000000 0.000000
0.000000 0.000000 0.000000 0.000000 0.000000 0.000000 0.000000 0.000000 0.000000 0.000000 0.000000 0.000000 0.000000 0.000000 0.000000 0.000000 0.000000 0.000000 0.000000 0.000000 0.000000