geotop/1.0zi/1.0Montebello/Templates/testdem/maps/_Erotot7657.asc
ncols         21
nrows         20
xllcorner     100.000000
yllcorner     100.000000
cellsize      50.000000
NODATA_value  -9999.0
0.000000 0.000000 0.000000 0.000000 0.000000 0.000000 0.000000 0.000000 0.000000 0.000000 0.000000 0.000000 0.000000 0.000000 0.000000 0.000000 0.000000 0.000000 0.000000 0.000000 0.000000
0.000000 0.000000 645.263216 646.101506 645.586345 645.737365 644.777930 644.975430 644.922162 645.026921 645.450195 644.782359 644.665974 644.707280 645.055495 645.185490 645.995454 646.491147 646.669225 0.000000 0.000000
0.000000 0.000000 50.192810 49.196787 49.127808 49.510319 50.121177 49.792476 49.527327 49.365227 49.606964 49.942444 49.964072 50.128358 49.883226 49.360551 48.072844 47.223926 47.749979 0.000000 0.000000
0.000000 0.000000 353.447575 354.617652 342.530297 336.859535 337.397630 326.078080 326.210455 327.008770 323.341920 321.592075 323.731071 323.874721 334.127253 341.139169 345.739385 348.684012 353.571411 0.000000 0.000000
0.000000 0.000000 3022.706546 3025.670244 3029.224170 3007.226011 2988.755174 2978.935355 2978.264901 2973.588424 2980.593614 2985.909895 2981.455892 2980.038621 2994.541155 2997.422648 3007.178491 3015.785497 3015.455806 0.000000 0.000000
0.000000 0.000000 4840.130159 4834.466747 4830.965434 4825.106844 4810.618422 4800.949530 4801.746903 4800.716399 4797.362159 4791.678957 4790.748741 4793.934059 4793.130647 4812.595661 4820.537466 4827.399431 4830.434706 0.000000 0.000000
0.000000 0.000000 6116.271147 6113.276532 6108.946269 6102.286208 6088.740728 6067.586497 6066.580110 6062.770749 6064.238347 6067.975875 6069.505988 6070.076623 6097.175694 6106.966465 6112.408678 6115.134704 6120.334609 0.000000 0.000000
0.000000 0.000000 7164.552538 7164.981585 7162.165397 7152.624364 7150.434867 7141.451052 7141.706784 7141.523499 7140.583391 7136.737032 7136.093136 7142.224011 7143.800693 7148.370725 7160.607957 7159.192627 7164.049777 0.000000 0.000000
0.000000 0.000000 8548.884597 8544.641664 8538.588691 8538.464449 8527.830257 8513.016587 8514.207362 8509.749975 8507.684201 8507.508960 8509.937360 8504.272879 8522.505492 8536.068724 8537.783591 8541.402107 8542.740874 0.000000 0.000000
0.000000 0.000000 10134.404694 10131.146665 10131.617156 10127.694219 10107.962032 10098.625773 10098.363773 10098.003290 10094.742682 10098.135168 10101.285905 10100.583617 10107.141241 10121.033094 10128.513871 10130.437168 10131.494191 0.000000 0.000000
0.000000 0.000000 11866.710556 11866.012104 11863.409836 11843.912628 11838.285063 11823.258242 11828.794507 11815.814484 11819.781353 11818.139585 11811.433851 11821.204130 11830.206224 11832.903041 11845.128584 11852.104940 11862.507872 0.000000 0.000000
0.000000 0.000000 13737.112146 13729.624906 13722.058355 13718.732598 13709.179240 13689.764847 13686.452637 13686.837531 13694.105009 13683.411985 13687.401574 13687.399398 13709.168751 13717.229601 13720.085246 13724.031520 13746.737907 0.000000 0.000000
0.000000 0.000000 15674.004021 15669.561884 15669.995920 15656.986747 15650.278864 15604.439255 15602.767010 15601.781341 15581.347826 15593.127435 15597.473750 15602.040951 15633.998494 15640.803799 15663.214765 15662.968225 15670.637551 0.000000 0.000000
0.000000 0.000000 17881.431051 17883.933440 17871.226659 17866.879307 17812.813214 17830.901440 17815.934999 17817.003726 17822.809586 17818.565185 17816.596430 17812.141579 17792.768836 17851.433766 17858.063570 17877.293190 17886.588922 0.000000 0.000000
0.000000 0.000000 20347.677737 20339.905722 20331.561653 20273.276366 20284.271660 20255.101143 20236.428433 20233.425244 20222.617780 20212.580542 20218.315735 20217.056344 20250.354005 20242.261664 20327.664991 20310.967574 20308.825393 0.000000 0.000000
0.000000 0.000000 22925.298776 22922.546075 22838.104350 22860.767792 22862.589052 22852.630137 22890.999052 22876.755141 22894.251691 22886.122169 22873.290127 22895.327783 22897.680265 22898.418002 22830.452733 22953.646592 22945.455448 0.000000 0.000000
0.000000 0.000000 26004.635570 25882.222584 25908.970129 25870.399933 25805.629279 25792.250054 25759.679079 25769.280144 25731.290655 25734.783894 25754.057393 25738.917341 25768.527872 25808.344783 25907.011051 25843.660988 25974.277403 0.000000 0.000000
0.000000 0.000000 27349.026963 27459.463757 27576.856314 27575.252436 27574.008761 27473.738245 27487.151149 27454.221764 27501.352305 27492.460908 27491.430924 27499.681239 27583.872609 27585.878893 27598.776732 27498.495231 27389.700962 0.000000 0.000000
0.000000 0.000000 0.000000 0.000000 0.000000 0.000000 0.000000 0.000000 0.000000 0.000000 0.000000 0.000000 0.000000 0.000000 0.000000 0.000000 0.000000 0.000000 0.000000 0.000000 0.000000
0.000000 0.000000 0.000000 0.000000 0.000000 0.000000 0.000000 0.000000 0.000000 0.000000 0.000000 0.000000 0.000000 0.000000 0.000000 0.000000 0.000000 0.000000 0.000000 0.000000 0.000000