geotop/1.0zi/1.0Montebello/Templates/testdem/maps/_Erotot7777.asc
ncols         21
nrows         20
xllcorner     100.000000
yllcorner     100.000000
cellsize      50.000000
NODATA_value  -9999.0
0.000000 0.000000 0.000000 0.000000 0.000000 0.000000 0.000000 0.000000 0.000000 0.000000 0.000000 0.000000 0.000000 0.000000 0.000000 0.000000 0.000000 0.000000 0.000000 0.000000 0.000000
0.000000 0.000000 654.308894 655.124460 654.593524 654.717624 653.725694 653.902192 653.889310 653.952842 654.385027 653.710334 653.588727 653.640958 653.997855 654.134131 654.950636 655.479041 655.676265 0.000000 0.000000
0.000000 0.000000 50.984920 50.003128 49.935749 50.337143 50.972762 50.654502 50.358651 50.229818 50.463778 50.807087 50.831270 50.984367 50.741268 50.224535 48.938861 48.065047 48.588273 0.000000 0.000000
0.000000 0.000000 353.895441 355.071956 342.998549 337.345730 337.890545 326.570281 326.699709 327.497354 323.834355 322.086146 324.224473 324.367064 334.617113 341.680421 346.307420 349.245366 354.119182 0.000000 0.000000
0.000000 0.000000 3093.462560 3095.093910 3098.448199 3075.683065 3056.635423 3046.407756 3045.814733 3041.057891 3047.984874 3053.281620 3048.773914 3047.386464 3062.081144 3065.178224 3075.136052 3083.893843 3083.685724 0.000000 0.000000
0.000000 0.000000 4968.310828 4963.054914 4959.437435 4953.468983 4938.653164 4928.815563 4929.710016 4928.635978 4925.271873 4919.575360 4918.554393 4921.791593 4921.114160 4940.781238 4948.693018 4955.590134 4958.629458 0.000000 0.000000
0.000000 0.000000 6250.421698 6247.307402 6242.944046 6236.066401 6222.379399 6200.930232 6199.915833 6196.101991 6197.527967 6201.301106 6202.797111 6203.292732 6230.676786 6240.554325 6246.028051 6248.799587 6254.021278 0.000000 0.000000
0.000000 0.000000 7329.276247 7329.439819 7326.550175 7316.633296 7314.291600 7305.092429 7305.320241 7305.123738 7304.164502 7300.260841 7299.578206 7305.790741 7307.490214 7312.218973 7324.543253 7323.133696 7328.070934 0.000000 0.000000
0.000000 0.000000 8752.752393 8748.138175 8741.984187 8741.554863 8730.629586 8715.458243 8716.757417 8712.186304 8710.147416 8709.917109 8712.363049 8706.618210 8725.135338 8738.873377 8740.619993 8744.323479 8745.680034 0.000000 0.000000
0.000000 0.000000 10382.456887 10378.903873 10379.244327 10374.879576 10354.728761 10345.217244 10344.854613 10344.579279 10341.167398 10344.656333 10347.752704 10347.059838 10353.762092 10367.972593 10375.472196 10377.475166 10378.543570 0.000000 0.000000
0.000000 0.000000 12164.114070 12163.163298 12160.394499 12140.129549 12134.407233 12118.846896 12124.596491 12111.319795 12115.419141 12113.678189 12106.791412 12116.688069 12125.982918 12128.756811 12141.155192 12148.189277 12158.786736 0.000000 0.000000
0.000000 0.000000 14091.161699 14083.098712 14075.180921 14071.601188 14061.464590 14041.772447 14038.198488 14038.767210 14046.035501 14035.119454 14039.227365 14039.134860 14061.342132 14069.766419 14072.554479 14076.610056 14099.637716 0.000000 0.000000
0.000000 0.000000 16090.247720 16085.293691 16085.767730 16071.832160 16064.981614 16017.377032 16015.735722 16014.749525 15993.700528 16005.909103 16010.147878 16014.869358 16048.004600 16055.026705 16077.931142 16077.640597 16085.289080 0.000000 0.000000
0.000000 0.000000 18375.574841 18377.844548 18364.536012 18359.670468 18303.083633 18322.424839 18306.980174 18308.106551 18314.375104 18309.738522 18307.638393 18302.934048 18282.496276 18343.734085 18350.189095 18370.083243 18379.583784 0.000000 0.000000
0.000000 0.000000 20934.588119 20926.089228 20917.300481 20855.163809 20867.944425 20836.874603 20817.786635 20814.601202 20803.139441 20792.796775 20798.835741 20797.579634 20832.691252 20822.944094 20912.553813 20894.753629 20892.383847 0.000000 0.000000
0.000000 0.000000 23607.836685 23604.494648 23515.059540 23540.673481 23541.970496 23532.400548 23573.239489 23558.540938 23577.323971 23569.104189 23555.133375 23578.467223 23579.981492 23580.905117 23506.259522 23637.254113 23628.897706 0.000000 0.000000
0.000000 0.000000 26803.394116 26672.793075 26704.301605 26661.538979 26592.862807 26578.773563 26542.984413 26553.489469 26512.611942 26516.584589 26537.565409 26520.306118 26551.565849 26594.300627 26701.288307 26629.131886 26767.903309 0.000000 0.000000
0.000000 0.000000 28115.184831 28237.218780 28360.034706 28360.222727 28361.520194 28255.833400 28271.456788 28236.551650 28287.944664 28278.378423 28276.016760 28285.961422 28374.005494 28374.167429 28382.286491 28279.340348 28158.535939 0.000000 0.000000
0.000000 0.000000 0.000000 0.000000 0.000000 0.000000 0.000000 0.000000 0.000000 0.000000 0.000000 0.000000 0.000000 0.000000 0.000000 0.000000 0.000000 0.000000 0.000000 0.000000 0.000000
0.000000 0.000000 0.000000 0.000000 0.000000 0.000000 0.000000 0.000000 0.000000 0.000000 0.000000 0.000000 0.000000 0.000000 0.000000 0.000000 0.000000 0.000000 0.000000 0.000000 0.000000