geotop/1.0zi/1.0Montebello/Templates/testdem/maps/_Erotot2647.asc
ncols         21
nrows         20
xllcorner     100.000000
yllcorner     100.000000
cellsize      50.000000
NODATA_value  -9999.0
0.000000 0.000000 0.000000 0.000000 0.000000 0.000000 0.000000 0.000000 0.000000 0.000000 0.000000 0.000000 0.000000 0.000000 0.000000 0.000000 0.000000 0.000000 0.000000 0.000000 0.000000
0.000000 0.000000 247.810992 247.813690 247.817741 247.937603 247.805168 247.809339 247.784509 247.825547 247.837563 247.825547 247.784509 247.809339 247.805168 247.937603 247.817741 247.813690 247.810992 0.000000 0.000000
0.000000 0.000000 13.869597 13.647943 11.896777 13.617433 13.911012 13.897368 13.930040 13.895502 13.883032 13.895502 13.930040 13.897368 13.911012 13.617433 11.896777 13.647943 13.869597 0.000000 0.000000
0.000000 0.000000 1817.072737 1816.751627 1817.084985 1815.218451 1817.223769 1816.666040 1816.660024 1817.491115 1817.649601 1817.491115 1816.660024 1816.666040 1817.223769 1815.218451 1817.084985 1816.751627 1817.072737 0.000000 0.000000
0.000000 0.000000 3737.214301 3737.043855 3736.384697 3736.978418 3737.521989 3737.379644 3737.345929 3737.497115 3737.463259 3737.497115 3737.345929 3737.379644 3737.521989 3736.978418 3736.384697 3737.043855 3737.214301 0.000000 0.000000
0.000000 0.000000 4843.639339 4843.434205 4842.873137 4843.026416 4843.836349 4843.542876 4843.562125 4843.907831 4844.001114 4843.907831 4843.562125 4843.542876 4843.836349 4843.026416 4842.873137 4843.434205 4843.639339 0.000000 0.000000
0.000000 0.000000 6320.868032 6320.697552 6320.184746 6320.327116 6321.018775 6320.765044 6320.789671 6321.096757 6321.198909 6321.096757 6320.789671 6320.765044 6321.018775 6320.327116 6320.184746 6320.697552 6320.868032 0.000000 0.000000
0.000000 0.000000 7712.474561 7712.331594 7711.854817 7711.999369 7712.593627 7712.375669 7712.397766 7712.672553 7712.770181 7712.672553 7712.397766 7712.375669 7712.593627 7711.999369 7711.854817 7712.331594 7712.474561 0.000000 0.000000
0.000000 0.000000 9006.662385 9006.531871 9006.079686 9006.223577 9006.769143 9006.568483 9006.589170 9006.846976 9006.940058 9006.846976 9006.589170 9006.568483 9006.769143 9006.223577 9006.079686 9006.531871 9006.662385 0.000000 0.000000
0.000000 0.000000 10225.809470 10225.707573 10225.266843 10225.448727 10225.903353 10225.724231 10225.749462 10225.983776 10226.072030 10225.983776 10225.749462 10225.724231 10225.903353 10225.448727 10225.266843 10225.707573 10225.809470 0.000000 0.000000
0.000000 0.000000 11374.615831 11374.507385 11374.087107 11374.244347 11374.708704 11374.530603 11374.551687 11374.782229 11374.865236 11374.782229 11374.551687 11374.530603 11374.708704 11374.244347 11374.087107 11374.507385 11374.615831 0.000000 0.000000
0.000000 0.000000 12469.865417 12469.756885 12469.353132 12469.504211 12469.953240 12469.782833 12469.802658 12470.025168 12470.106374 12470.025168 12469.802658 12469.782833 12469.953240 12469.504211 12469.353132 12469.756885 12469.865417 0.000000 0.000000
0.000000 0.000000 13521.030048 13520.926703 13520.529992 13520.682316 13521.111112 13520.945434 13520.965334 13521.181593 13521.259345 13521.181593 13520.965334 13520.945434 13521.111112 13520.682316 13520.529992 13520.926703 13521.030048 0.000000 0.000000
0.000000 0.000000 14533.079177 14532.983739 14532.596843 14532.767051 14533.157973 14532.999213 14533.020644 14533.228217 14533.303579 14533.228217 14533.020644 14532.999213 14533.157973 14532.767051 14532.596843 14532.983739 14533.079177 0.000000 0.000000
0.000000 0.000000 15509.996343 15509.899111 15509.516688 15509.675472 15510.071035 15509.913902 15509.933887 15510.139264 15510.212351 15510.139264 15509.933887 15509.913902 15510.071035 15509.675472 15509.516688 15509.899111 15509.996343 0.000000 0.000000
0.000000 0.000000 16454.168180 16454.073237 16453.702260 16453.854097 16454.236927 16454.084707 16454.104508 16454.304214 16454.375423 16454.304214 16454.104508 16454.084707 16454.236927 16453.854097 16453.702260 16454.073237 16454.168175 0.000000 0.000000
0.000000 0.000000 17368.283263 17368.190010 17367.821857 17367.976620 17368.349870 17368.199912 17368.219169 17368.413862 17368.482819 17368.413862 17368.219169 17368.199912 17368.349870 17367.976620 17367.821857 17368.189989 17368.282839 0.000000 0.000000
0.000000 0.000000 18291.945663 18292.263251 18291.902117 18292.052560 18292.420485 18292.274017 18292.291317 18292.482262 18292.548450 18292.482262 18292.291317 18292.274017 18292.420485 18292.052560 18291.902098 18292.259728 18292.349537 0.000000 0.000000
0.000000 0.000000 0.000000 0.000000 0.000000 0.000000 0.000000 0.000000 0.000000 0.000000 0.000000 0.000000 0.000000 0.000000 0.000000 0.000000 0.000000 0.000000 0.000000 0.000000 0.000000
0.000000 0.000000 0.000000 0.000000 0.000000 0.000000 0.000000 0.000000 0.000000 0.000000 0.000000 0.000000 0.000000 0.000000 0.000000 0.000000 0.000000 0.000000 0.000000 0.000000 0.000000