geotop/1.0zi/1.0Montebello/Templates/testdem/maps/_Erotot0617.asc
ncols         21
nrows         20
xllcorner     100.000000
yllcorner     100.000000
cellsize      50.000000
NODATA_value  -9999.0
0.000000 0.000000 0.000000 0.000000 0.000000 0.000000 0.000000 0.000000 0.000000 0.000000 0.000000 0.000000 0.000000 0.000000 0.000000 0.000000 0.000000 0.000000 0.000000 0.000000 0.000000
0.000000 0.000000 48.249717 48.250398 48.283031 48.250565 48.249821 48.250206 48.250016 48.249930 48.249903 48.249930 48.250016 48.250206 48.249821 48.250565 48.283031 48.250398 48.249717 0.000000 0.000000
0.000000 0.000000 7.957361 7.740911 5.923712 7.735957 7.983788 7.967936 7.982444 7.989287 7.990351 7.989287 7.982444 7.967936 7.983788 7.735957 5.923712 7.740911 7.957361 0.000000 0.000000
0.000000 0.000000 564.576738 564.827610 564.952730 564.739003 564.643371 564.754457 564.752048 564.687974 564.617641 564.687974 564.752048 564.754457 564.643371 564.739003 564.952730 564.827610 564.576738 0.000000 0.000000
0.000000 0.000000 889.941689 889.894290 889.137301 889.873036 889.942202 889.963922 889.958572 889.962664 889.957991 889.962664 889.958572 889.963922 889.942202 889.873036 889.137301 889.894290 889.941689 0.000000 0.000000
0.000000 0.000000 1204.969399 1204.975869 1204.271146 1204.934878 1205.002174 1205.047085 1205.051756 1205.030905 1205.010155 1205.030905 1205.051756 1205.047085 1205.002174 1204.934878 1204.271146 1204.975869 1204.969399 0.000000 0.000000
0.000000 0.000000 1576.981090 1576.989932 1576.361770 1576.950733 1577.012984 1577.059295 1577.065064 1577.042162 1577.023776 1577.042162 1577.065064 1577.059295 1577.012984 1576.950733 1576.361770 1576.989932 1576.981090 0.000000 0.000000
0.000000 0.000000 1934.599455 1934.607370 1934.025541 1934.571004 1934.630106 1934.675691 1934.681485 1934.658513 1934.641679 1934.658513 1934.681485 1934.675691 1934.630106 1934.571004 1934.025541 1934.607370 1934.599455 0.000000 0.000000
0.000000 0.000000 2276.246738 2276.254508 2275.699867 2276.219270 2276.276434 2276.321282 2276.327090 2276.304295 2276.288102 2276.304295 2276.327090 2276.321282 2276.276434 2276.219270 2275.699867 2276.254508 2276.246738 0.000000 0.000000
0.000000 0.000000 2606.807538 2606.814684 2606.276106 2606.780564 2606.836703 2606.880944 2606.886725 2606.864068 2606.848047 2606.864068 2606.886725 2606.880944 2606.836703 2606.780564 2606.276106 2606.814684 2606.807538 0.000000 0.000000
0.000000 0.000000 2928.015323 2928.021833 2927.492585 2927.988526 2928.044173 2928.087974 2928.093731 2928.071153 2928.055080 2928.071153 2928.093731 2928.087974 2928.044173 2927.988526 2927.492585 2928.021833 2928.015323 0.000000 0.000000
0.000000 0.000000 3241.081609 3241.085208 3240.566150 3241.053582 3241.108658 3241.151243 3241.157450 3241.135028 3241.119980 3241.135028 3241.157450 3241.151243 3241.108658 3241.053582 3240.566150 3241.085208 3241.081609 0.000000 0.000000
0.000000 0.000000 3547.143258 3547.145337 3546.631448 3547.115981 3547.169828 3547.211811 3547.218133 3547.195653 3547.180710 3547.195653 3547.218133 3547.211811 3547.169828 3547.115981 3546.631448 3547.145337 3547.143258 0.000000 0.000000
0.000000 0.000000 3849.790574 3849.790817 3849.281159 3849.761830 3849.816824 3849.858716 3849.865177 3849.842684 3849.827613 3849.842684 3849.865177 3849.858716 3849.816824 3849.761830 3849.281159 3849.790817 3849.790574 0.000000 0.000000
0.000000 0.000000 4148.173881 4148.174524 4147.662804 4148.145307 4148.200340 4148.241809 4148.248352 4148.225815 4148.209970 4148.225815 4148.248352 4148.241809 4148.200340 4148.145307 4147.662804 4148.174524 4148.173881 0.000000 0.000000
0.000000 0.000000 4444.103118 4444.105023 4443.602803 4444.075847 4444.130346 4444.171750 4444.178303 4444.155697 4444.139276 4444.155697 4444.178303 4444.171750 4444.130346 4444.075847 4443.602803 4444.105023 4444.103115 0.000000 0.000000
0.000000 0.000000 4735.762897 4735.763074 4735.257716 4735.735052 4735.790057 4735.830805 4735.837462 4735.814798 4735.798075 4735.814798 4735.837462 4735.830805 4735.790057 4735.735052 4735.257716 4735.763062 4735.762516 0.000000 0.000000
0.000000 0.000000 5034.838880 5034.960679 5034.456087 5034.930178 5034.985406 5035.026124 5035.033094 5035.010355 5034.993386 5035.010355 5035.033094 5035.026124 5034.985406 5034.930178 5034.456074 5034.958793 5034.957933 0.000000 0.000000
0.000000 0.000000 0.000000 0.000000 0.000000 0.000000 0.000000 0.000000 0.000000 0.000000 0.000000 0.000000 0.000000 0.000000 0.000000 0.000000 0.000000 0.000000 0.000000 0.000000 0.000000
0.000000 0.000000 0.000000 0.000000 0.000000 0.000000 0.000000 0.000000 0.000000 0.000000 0.000000 0.000000 0.000000 0.000000 0.000000 0.000000 0.000000 0.000000 0.000000 0.000000 0.000000