geotop/1.0zi/1.0Montebello/Templates/testdem/maps/_Erotot2614.asc
ncols         21
nrows         20
xllcorner     100.000000
yllcorner     100.000000
cellsize      50.000000
NODATA_value  -9999.0
0.000000 0.000000 0.000000 0.000000 0.000000 0.000000 0.000000 0.000000 0.000000 0.000000 0.000000 0.000000 0.000000 0.000000 0.000000 0.000000 0.000000 0.000000 0.000000 0.000000 0.000000
0.000000 0.000000 247.733649 247.736345 247.740404 247.860247 247.727819 247.731993 247.707171 247.748191 247.760131 247.748191 247.707171 247.731993 247.727819 247.860247 247.740404 247.736345 247.733649 0.000000 0.000000
0.000000 0.000000 13.877079 13.655428 11.904254 13.624932 13.918504 13.904856 13.937520 13.903009 13.890626 13.903009 13.937520 13.904856 13.918504 13.624932 11.904254 13.655428 13.877079 0.000000 0.000000
0.000000 0.000000 1816.165584 1815.844487 1816.177851 1814.311214 1816.316543 1815.758836 1815.752808 1816.583653 1816.741741 1816.583653 1815.752808 1815.758836 1816.316543 1814.311214 1816.177851 1815.844487 1816.165584 0.000000 0.000000
0.000000 0.000000 3714.298329 3714.127803 3713.468609 3714.062348 3714.605979 3714.463612 3714.429896 3714.581136 3714.547334 3714.581136 3714.429896 3714.463612 3714.605979 3714.062348 3713.468609 3714.127803 3714.298329 0.000000 0.000000
0.000000 0.000000 4817.775262 4817.570035 4817.008821 4817.162045 4817.972251 4817.678701 4817.697948 4818.043598 4818.136640 4818.043598 4817.697948 4817.678701 4817.972251 4817.162045 4817.008821 4817.570035 4817.775262 0.000000 0.000000
0.000000 0.000000 6283.127481 6282.956875 6282.443811 6282.586154 6283.278184 6283.024345 6283.048977 6283.355988 6283.457810 6283.355988 6283.048977 6283.024345 6283.278184 6282.586154 6282.443811 6282.956875 6283.127481 0.000000 0.000000
0.000000 0.000000 7663.696246 7663.553144 7663.076014 7663.220575 7663.815271 7663.597182 7663.619286 7663.894006 7663.991266 7663.894006 7663.619286 7663.597182 7663.815271 7663.220575 7663.076014 7663.553144 7663.696246 0.000000 0.000000
0.000000 0.000000 8947.934847 8947.804173 8947.351544 8947.495477 8948.041579 8947.840755 8947.861452 8948.119230 8948.211932 8948.119230 8947.861452 8947.840755 8948.041579 8947.495477 8947.351544 8947.804173 8947.934847 0.000000 0.000000
0.000000 0.000000 10158.057158 10157.955099 10157.513831 10157.695820 10158.151025 10157.971713 10157.996963 10158.231279 10158.319156 10158.231279 10157.996963 10157.971713 10158.151025 10157.695820 10157.513831 10157.955099 10158.057158 0.000000 0.000000
0.000000 0.000000 11298.559601 11298.450972 11298.030068 11298.187453 11298.652480 11298.474150 11298.495258 11298.725847 11298.808486 11298.725847 11298.495258 11298.474150 11298.652480 11298.187453 11298.030068 11298.450972 11298.559601 0.000000 0.000000
0.000000 0.000000 12386.097344 12385.988602 12385.584140 12385.735395 12386.185192 12386.014520 12386.034373 12386.256979 12386.337836 12386.256979 12386.034373 12386.014520 12386.185192 12385.735395 12385.584140 12385.988602 12386.097344 0.000000 0.000000
0.000000 0.000000 13430.062035 13429.958446 13429.560943 13429.713481 13430.143133 13429.977155 13429.997087 13430.213491 13430.290917 13430.213491 13429.997087 13429.977155 13430.143133 13429.713481 13429.560943 13429.958446 13430.062035 0.000000 0.000000
0.000000 0.000000 14435.365589 14435.269890 14434.882110 14435.052601 14435.444426 14435.285335 14435.306805 14435.514570 14435.589630 14435.514570 14435.306805 14435.285335 14435.444426 14435.052601 14434.882110 14435.269890 14435.365589 0.000000 0.000000
0.000000 0.000000 15405.949890 15405.852385 15405.468969 15405.628079 15406.024626 15405.867124 15405.887157 15406.092783 15406.165586 15406.092783 15405.887157 15405.867124 15406.024626 15405.628079 15405.468969 15405.852385 15405.949890 0.000000 0.000000
0.000000 0.000000 16344.169925 16344.074695 16343.702663 16343.854854 16344.238739 16344.086121 16344.105973 16344.305967 16344.376917 16344.305967 16344.105973 16344.086121 16344.238739 16343.854854 16343.702663 16344.074694 16344.169921 0.000000 0.000000
0.000000 0.000000 17252.691416 17252.597874 17252.228565 17252.383715 17252.758119 17252.607718 17252.627025 17252.822058 17252.890771 17252.822058 17252.627025 17252.607718 17252.758119 17252.383715 17252.228564 17252.597852 17252.691010 0.000000 0.000000
0.000000 0.000000 18171.738730 18172.059332 18171.696988 18171.847836 18172.217025 18172.070070 18172.087423 18172.278765 18172.344731 18172.278765 18172.087423 18172.070070 18172.217025 18171.847836 18171.696969 18172.055819 18172.145959 0.000000 0.000000
0.000000 0.000000 0.000000 0.000000 0.000000 0.000000 0.000000 0.000000 0.000000 0.000000 0.000000 0.000000 0.000000 0.000000 0.000000 0.000000 0.000000 0.000000 0.000000 0.000000 0.000000
0.000000 0.000000 0.000000 0.000000 0.000000 0.000000 0.000000 0.000000 0.000000 0.000000 0.000000 0.000000 0.000000 0.000000 0.000000 0.000000 0.000000 0.000000 0.000000 0.000000 0.000000