geotop/1.0zi/1.0Montebello/Templates/testdem/maps/_Erotot6588.asc
ncols         21
nrows         20
xllcorner     100.000000
yllcorner     100.000000
cellsize      50.000000
NODATA_value  -9999.0
0.000000 0.000000 0.000000 0.000000 0.000000 0.000000 0.000000 0.000000 0.000000 0.000000 0.000000 0.000000 0.000000 0.000000 0.000000 0.000000 0.000000 0.000000 0.000000 0.000000 0.000000
0.000000 0.000000 500.001926 500.856946 500.573330 500.863094 500.303776 500.357631 500.316757 500.481978 500.884036 500.187426 500.115331 500.207494 500.365787 500.276402 501.011398 501.219742 501.211793 0.000000 0.000000
0.000000 0.000000 37.763748 36.617101 36.689291 36.840095 37.075608 36.889860 36.703563 36.488311 36.733672 37.035799 36.880534 37.092613 36.940050 36.705268 35.416699 34.658274 35.358505 0.000000 0.000000
0.000000 0.000000 222.847893 225.674848 215.552390 213.135954 213.382260 208.208803 207.731799 207.254511 205.641053 203.637753 206.238288 204.109790 208.946303 214.953952 216.861104 218.255078 223.302442 0.000000 0.000000
0.000000 0.000000 2082.612824 2086.163503 2091.316568 2071.007707 2056.490543 2044.323529 2046.884201 2043.937942 2048.221161 2053.324003 2049.878303 2048.602569 2059.303663 2060.346009 2068.728525 2076.594587 2078.018860 0.000000 0.000000
0.000000 0.000000 3777.253672 3771.781049 3768.163981 3761.563482 3749.317808 3741.775875 3740.520216 3740.163439 3737.185936 3731.696473 3730.408723 3733.329687 3732.581123 3750.202881 3758.937830 3765.354669 3767.159076 0.000000 0.000000
0.000000 0.000000 4925.279211 4922.715513 4919.114230 4914.041516 4901.010625 4883.874064 4883.195093 4879.300084 4881.217425 4884.625429 4886.491335 4886.744423 4908.936738 4918.235590 4922.686602 4924.551426 4929.849926 0.000000 0.000000
0.000000 0.000000 5678.914694 5680.226912 5678.223421 5670.308979 5669.543711 5661.871685 5662.416862 5662.680264 5661.375659 5658.013152 5657.673291 5662.576277 5662.300383 5665.390315 5676.117735 5674.217001 5678.694028 0.000000 0.000000
0.000000 0.000000 6728.190732 6724.929004 6719.809576 6720.487725 6712.077246 6700.389950 6701.188206 6697.666546 6695.250951 6695.334014 6697.614399 6691.860165 6706.406614 6718.493855 6719.263223 6721.618877 6723.104168 0.000000 0.000000
0.000000 0.000000 7940.958998 7938.541196 7939.927716 7937.597783 7920.928749 7913.882565 7914.284346 7913.720194 7910.926308 7913.665384 7917.141165 7915.654676 7919.253419 7930.769619 7937.011844 7937.947106 7939.052604 0.000000 0.000000
0.000000 0.000000 9252.560478 9252.285167 9251.093633 9234.798393 9231.853043 9219.525330 9223.993230 9213.216747 9216.155779 9214.861608 9209.417905 9217.377506 9222.611186 9224.389781 9234.493954 9240.161499 9249.420766 0.000000 0.000000
0.000000 0.000000 10637.504064 10631.923483 10626.430712 10623.854280 10617.342931 10601.963972 10599.932228 10599.642436 10606.131431 10597.208389 10600.373384 10600.042357 10616.505982 10621.913082 10624.092477 10626.525809 10646.934395 0.000000 0.000000
0.000000 0.000000 12050.849438 12048.028403 12048.530634 12039.192975 12034.458754 12002.488496 12000.879637 12000.379976 11983.826059 11992.710716 11997.478774 12000.099529 12020.389444 12025.572046 12043.005768 12042.252438 12050.134905 0.000000 0.000000
0.000000 0.000000 13617.214464 13619.599644 13610.620923 13607.581764 13573.057009 13582.967322 13571.495976 13572.604649 13575.136109 13572.987464 13572.003213 13568.165114 13554.408051 13593.552475 13599.474146 13613.354745 13621.419857 0.000000 0.000000
0.000000 0.000000 15327.818769 15322.016878 15317.287965 15283.901143 15284.498303 15267.609981 15252.387294 15250.948575 15243.717326 15236.068650 15239.845507 15237.836733 15257.099621 15259.169303 15312.582437 15302.067252 15301.689770 0.000000 0.000000
0.000000 0.000000 17102.591353 17101.458388 17053.102764 17055.503764 17060.358521 17051.203340 17073.555920 17063.299919 17071.982478 17065.032153 17059.458776 17071.280581 17073.595350 17073.958261 17046.055067 17113.999340 17107.691808 0.000000 0.000000
0.000000 0.000000 19156.508049 19094.227621 19095.128511 19079.146427 19043.823095 19036.692042 19023.643042 19028.147603 19008.678460 19008.950008 19017.318763 19014.038078 19028.673132 19047.468018 19092.584022 19078.561582 19147.082241 0.000000 0.000000
0.000000 0.000000 20460.881763 20490.307722 20554.649869 20546.038340 20532.099966 20479.271172 20481.238075 20463.439931 20481.186417 20476.907575 20482.791194 20479.946044 20525.369802 20537.942045 20564.594825 20501.659411 20473.793350 0.000000 0.000000
0.000000 0.000000 0.000000 0.000000 0.000000 0.000000 0.000000 0.000000 0.000000 0.000000 0.000000 0.000000 0.000000 0.000000 0.000000 0.000000 0.000000 0.000000 0.000000 0.000000 0.000000
0.000000 0.000000 0.000000 0.000000 0.000000 0.000000 0.000000 0.000000 0.000000 0.000000 0.000000 0.000000 0.000000 0.000000 0.000000 0.000000 0.000000 0.000000 0.000000 0.000000 0.000000