geotop/1.0zi/1.0Montebello/Templates/testdem/maps/_Erotot7291.asc
ncols         21
nrows         20
xllcorner     100.000000
yllcorner     100.000000
cellsize      50.000000
NODATA_value  -9999.0
0.000000 0.000000 0.000000 0.000000 0.000000 0.000000 0.000000 0.000000 0.000000 0.000000 0.000000 0.000000 0.000000 0.000000 0.000000 0.000000 0.000000 0.000000 0.000000 0.000000 0.000000
0.000000 0.000000 587.487931 588.280156 587.912166 588.109437 587.479921 587.505570 587.453156 587.555121 587.980646 587.310644 587.194676 587.279114 587.579618 587.554355 588.339185 588.612890 588.704043 0.000000 0.000000
0.000000 0.000000 46.124613 44.896622 44.932923 45.092457 45.336078 45.180607 44.924970 44.766751 45.006658 45.291875 45.304728 45.428777 45.204246 44.999392 43.707343 42.940975 43.670279 0.000000 0.000000
0.000000 0.000000 254.757104 256.460456 244.464061 241.596043 239.962226 233.190451 233.668387 232.111673 230.920146 228.746458 231.073944 231.111428 239.453155 245.755288 247.696681 250.269488 255.474937 0.000000 0.000000
0.000000 0.000000 2732.459906 2735.599846 2739.145495 2717.725069 2702.592832 2689.255900 2691.226782 2688.199532 2693.705672 2699.553161 2694.439526 2692.820405 2705.104082 2707.942979 2717.268631 2725.593158 2727.640300 0.000000 0.000000
0.000000 0.000000 4483.114562 4477.438826 4474.074824 4467.713602 4452.992321 4444.685451 4443.976359 4443.059402 4439.655903 4433.905164 4432.999733 4436.318033 4436.444591 4455.149132 4463.557161 4470.378789 4472.284215 0.000000 0.000000
0.000000 0.000000 5719.785879 5716.873928 5712.656566 5706.722134 5693.104452 5672.900474 5672.322154 5668.443431 5670.009636 5673.753800 5675.200990 5675.786136 5701.624287 5711.416202 5716.207422 5718.719280 5724.275453 0.000000 0.000000
0.000000 0.000000 6669.038114 6669.570683 6666.921448 6658.176993 6656.464444 6647.978145 6648.570803 6648.370486 6647.532452 6643.694927 6642.998838 6648.965493 6649.915703 6653.949433 6665.365620 6663.797366 6668.876881 0.000000 0.000000
0.000000 0.000000 7937.628567 7933.576421 7927.790821 7928.188505 7918.062608 7904.224813 7905.640602 7901.320565 7899.301235 7899.135168 7901.375821 7895.800730 7912.886955 7925.887571 7926.998108 7930.241206 7931.906436 0.000000 0.000000
0.000000 0.000000 9391.744106 9388.666633 9389.264416 9386.143558 9367.121522 9358.626736 9358.774628 9358.302836 9355.279265 9358.480404 9361.519473 9360.761146 9366.376754 9379.537870 9386.248366 9387.888483 9389.233200 0.000000 0.000000
0.000000 0.000000 10974.642675 10974.078346 10971.641958 10953.519134 10949.658600 10934.390297 10939.990735 10927.537832 10931.364623 10929.763459 10923.269302 10932.693145 10940.474118 10942.869610 10954.014512 10960.507351 10970.863602 0.000000 0.000000
0.000000 0.000000 12666.303602 12659.257418 12652.262109 12649.588666 12640.443901 12622.799385 12620.212056 12620.248663 12627.387879 12617.171069 12620.721503 12620.777229 12640.701437 12647.976086 12650.100790 12653.664219 12675.780600 0.000000 0.000000
0.000000 0.000000 14413.849723 14409.817530 14410.164706 14398.628469 14392.621156 14351.705318 14350.296275 14349.365060 14330.533125 14341.330085 14345.465913 14349.569942 14377.360014 14383.646490 14403.758441 14403.289875 14411.562228 0.000000 0.000000
0.000000 0.000000 16382.853933 16385.171754 16373.574789 16370.087241 16323.325688 16337.410338 16324.370273 16325.251652 16329.843695 16326.304577 16324.511996 16320.573880 16304.032413 16355.178448 16361.267154 16378.604502 16387.782575 0.000000 0.000000
0.000000 0.000000 18567.019988 18559.862513 18552.799406 18504.731618 18510.692265 18486.494056 18469.391541 18466.803380 18457.793549 18448.554144 18453.287078 18451.949335 18479.525033 18476.327880 18548.390692 18534.594420 18533.634524 0.000000 0.000000
0.000000 0.000000 20848.439227 20846.069771 20775.565002 20789.680749 20793.137266 20781.883647 20814.123237 20801.257152 20815.253311 20807.369555 20797.179352 20815.461439 20819.238545 20819.462172 20768.315287 20868.910284 20861.918906 0.000000 0.000000
0.000000 0.000000 23554.454157 23455.399396 23469.471027 23441.111207 23387.455763 23376.306461 23353.053101 23360.090455 23330.237273 23332.224400 23346.453342 23336.979516 23360.564123 23392.404497 23467.255352 23426.739860 23533.310982 0.000000 0.000000
0.000000 0.000000 24944.952070 25020.514529 25118.498898 25113.274329 25104.784308 25021.604621 25029.776218 25002.820493 25037.636572 25030.598581 25032.703460 25036.161227 25107.026937 25114.520675 25135.976431 25047.152785 24973.697201 0.000000 0.000000
0.000000 0.000000 0.000000 0.000000 0.000000 0.000000 0.000000 0.000000 0.000000 0.000000 0.000000 0.000000 0.000000 0.000000 0.000000 0.000000 0.000000 0.000000 0.000000 0.000000 0.000000
0.000000 0.000000 0.000000 0.000000 0.000000 0.000000 0.000000 0.000000 0.000000 0.000000 0.000000 0.000000 0.000000 0.000000 0.000000 0.000000 0.000000 0.000000 0.000000 0.000000 0.000000