geotop/1.0zi/1.0Montebello/Templates/testdem/maps/_Erotot4802.asc
ncols         21
nrows         20
xllcorner     100.000000
yllcorner     100.000000
cellsize      50.000000
NODATA_value  -9999.0
0.000000 0.000000 0.000000 0.000000 0.000000 0.000000 0.000000 0.000000 0.000000 0.000000 0.000000 0.000000 0.000000 0.000000 0.000000 0.000000 0.000000 0.000000 0.000000 0.000000 0.000000
0.000000 0.000000 360.582329 359.663440 359.378021 359.182016 359.157056 359.165357 359.206715 359.364212 359.321182 359.192999 359.273444 359.337952 359.228173 359.266228 359.463285 359.431405 359.995978 0.000000 0.000000
0.000000 0.000000 28.292626 29.240629 29.686859 30.725876 30.242593 30.360179 30.038572 29.836108 29.905920 30.248861 29.911398 29.717275 30.315814 29.938640 29.116581 28.509415 27.838419 0.000000 0.000000
0.000000 0.000000 136.790387 138.132791 131.086115 128.804139 129.994839 125.018075 124.232185 123.847437 122.963259 122.446934 123.487230 122.034140 124.656235 129.712198 130.220896 132.444680 135.081757 0.000000 0.000000
0.000000 0.000000 1401.049400 1405.339268 1410.497352 1393.289936 1382.316443 1374.235753 1376.863948 1371.324710 1375.188241 1379.105760 1379.458052 1379.822006 1389.217390 1388.155787 1393.668509 1399.416391 1401.256072 0.000000 0.000000
0.000000 0.000000 2686.453166 2680.797213 2676.934065 2673.763197 2667.501456 2664.249494 2661.601027 2663.309137 2662.896445 2660.282146 2656.670225 2658.558324 2658.457540 2671.461059 2675.617645 2675.709540 2678.582991 0.000000 0.000000
0.000000 0.000000 3444.807256 3440.192701 3435.398699 3431.516984 3420.592119 3405.093858 3406.443797 3402.899955 3405.959420 3405.233822 3408.126072 3410.403184 3425.044751 3434.288184 3440.617551 3444.347355 3447.908203 0.000000 0.000000
0.000000 0.000000 3980.670532 3980.797629 3981.408030 3976.845609 3974.947667 3970.066406 3970.760229 3970.904165 3968.466451 3969.378383 3968.402058 3967.605619 3971.046930 3974.583675 3976.751885 3976.184989 3977.425236 0.000000 0.000000
0.000000 0.000000 4655.911776 4655.579821 4652.880504 4650.480918 4645.708492 4636.934123 4637.212933 4635.260692 4635.753880 4636.370542 4635.751128 4636.764382 4642.282939 4650.296258 4650.413851 4651.921930 4655.663098 0.000000 0.000000
0.000000 0.000000 5452.838739 5450.892481 5451.014539 5446.945386 5437.766676 5432.552881 5434.189568 5433.148460 5433.248313 5433.230586 5432.515281 5431.288123 5439.010960 5445.930925 5448.298621 5449.334755 5450.736305 0.000000 0.000000
0.000000 0.000000 6296.581934 6294.569719 6293.030690 6290.676189 6287.536780 6276.745472 6277.060206 6274.418280 6274.515383 6275.549560 6274.738698 6275.046357 6280.457795 6283.472098 6288.355545 6290.462491 6293.565699 0.000000 0.000000
0.000000 0.000000 7175.364726 7174.434768 7171.834550 7164.812561 7159.579481 7151.205107 7150.236391 7149.737411 7149.848375 7148.969935 7148.897479 7149.219540 7158.728477 7165.011962 7168.526789 7169.726352 7186.904196 0.000000 0.000000
0.000000 0.000000 8061.354559 8059.243510 8056.878636 8053.809090 8045.788237 8025.820344 8026.113321 8024.188068 8024.093286 8024.690695 8023.427577 8024.380416 8041.379617 8049.890983 8053.270948 8054.811216 8057.232193 0.000000 0.000000
0.000000 0.000000 9008.898810 9005.585158 9003.299986 8999.090876 8978.182253 8986.337969 8980.408005 8979.359482 8979.778312 8980.070019 8979.148209 8979.378472 8973.693646 8993.414675 8997.482163 9002.864374 9002.804301 0.000000 0.000000
0.000000 0.000000 10021.980343 10016.986472 10012.039131 9998.054133 9994.833898 9978.129041 9969.842787 9967.989528 9963.598870 9963.249935 9964.741940 9962.859285 9974.500476 9982.982932 10005.869122 10001.387106 10002.870764 0.000000 0.000000
0.000000 0.000000 11035.096413 11034.462068 11012.126467 11015.279457 11014.073393 11012.847271 11015.821707 11015.749707 11018.714395 11018.476344 11015.489235 11021.377838 11019.357666 11018.310747 11006.577842 11032.391043 11037.244178 0.000000 0.000000
0.000000 0.000000 12185.563671 12158.936184 12150.102348 12141.498486 12125.215936 12118.414221 12116.656283 12115.650185 12111.692076 12111.961605 12112.717187 12110.204355 12115.626132 12133.634824 12147.986220 12148.470211 12175.315286 0.000000 0.000000
0.000000 0.000000 13032.184203 13036.053227 13059.815998 13049.366970 13042.016839 13016.522784 13014.767455 13011.732712 13013.682789 13013.375884 13012.011595 13014.198206 13038.476739 13047.894883 13060.459766 13032.399752 13034.116931 0.000000 0.000000
0.000000 0.000000 0.000000 0.000000 0.000000 0.000000 0.000000 0.000000 0.000000 0.000000 0.000000 0.000000 0.000000 0.000000 0.000000 0.000000 0.000000 0.000000 0.000000 0.000000 0.000000
0.000000 0.000000 0.000000 0.000000 0.000000 0.000000 0.000000 0.000000 0.000000 0.000000 0.000000 0.000000 0.000000 0.000000 0.000000 0.000000 0.000000 0.000000 0.000000 0.000000 0.000000