geotop/1.0zi/1.0Montebello/Templates/testdem/maps/_Erotot6833.asc
ncols         21
nrows         20
xllcorner     100.000000
yllcorner     100.000000
cellsize      50.000000
NODATA_value  -9999.0
0.000000 0.000000 0.000000 0.000000 0.000000 0.000000 0.000000 0.000000 0.000000 0.000000 0.000000 0.000000 0.000000 0.000000 0.000000 0.000000 0.000000 0.000000 0.000000 0.000000 0.000000
0.000000 0.000000 548.842797 549.638568 549.295539 549.539769 548.931467 548.926141 548.885592 549.048949 549.456574 548.797474 548.688288 548.781332 549.050941 549.009445 549.738862 550.000513 550.058938 0.000000 0.000000
0.000000 0.000000 42.893615 41.752142 41.838376 41.981444 42.222806 42.052536 41.867063 41.652345 41.895136 42.165356 42.058659 42.283611 42.085849 41.879104 40.603446 39.819236 40.500898 0.000000 0.000000
0.000000 0.000000 226.031135 228.199805 217.197790 214.497465 214.358223 208.975553 208.322546 208.131694 207.243514 206.408612 208.514933 207.198622 213.704780 219.671129 220.571976 221.663649 226.893862 0.000000 0.000000
0.000000 0.000000 2300.115292 2303.265005 2306.726629 2286.570125 2272.088166 2258.822077 2261.944891 2257.706151 2263.268402 2268.696341 2264.104708 2262.493948 2274.654623 2277.212698 2285.284591 2293.151246 2295.054237 0.000000 0.000000
0.000000 0.000000 4036.119571 4030.482427 4027.448322 4020.661793 4007.916502 4000.395315 3998.910546 3998.934706 3995.469877 3989.950514 3988.821913 3991.958242 3991.552676 4009.190969 4017.725388 4024.058059 4025.929486 0.000000 0.000000
0.000000 0.000000 5202.167879 5199.332194 5195.391608 5190.199478 5177.027926 5158.978143 5158.564888 5154.606270 5156.460293 5160.371056 5161.935851 5162.407784 5185.797599 5195.351706 5199.483064 5201.290437 5206.787813 0.000000 0.000000
0.000000 0.000000 6019.218025 6020.183545 6017.748404 6009.682188 6008.644518 6000.629289 6001.170222 6001.297192 6000.350610 5997.267616 5996.585200 6001.695013 6002.287659 6005.816589 6016.299817 6014.283447 6018.979655 0.000000 0.000000
0.000000 0.000000 7139.345728 7135.803378 7130.181813 7130.829793 7122.132626 7109.790788 7110.691184 7106.999465 7104.880060 7105.358059 7107.330204 7101.700660 7117.304648 7129.651879 7130.133198 7132.411815 7134.068505 0.000000 0.000000
0.000000 0.000000 8429.445080 8426.668752 8427.606635 8425.162811 8408.051512 8400.206696 8400.710549 8400.029284 8397.600207 8400.859998 8404.009120 8402.669300 8407.361494 8419.352532 8425.378330 8426.172181 8427.470688 0.000000 0.000000
0.000000 0.000000 9828.283410 9827.691125 9825.936672 9809.288373 9806.112480 9792.927787 9797.620274 9786.453555 9789.818371 9788.985094 9782.988333 9791.361558 9797.729702 9799.871943 9809.733529 9815.414493 9825.028375 0.000000 0.000000
0.000000 0.000000 11310.277968 11304.220784 11298.028267 11295.338442 11288.459765 11272.069211 11270.056042 11269.709579 11276.757963 11268.051282 11270.891665 11270.708786 11288.786114 11294.701864 11296.489647 11298.801498 11319.961045 0.000000 0.000000
0.000000 0.000000 12828.831532 12825.542123 12825.558825 12815.924920 12810.823432 12776.112960 12774.608477 12773.928004 12757.094816 12766.970072 12771.374971 12774.399172 12797.401481 12803.094138 12820.739429 12819.784270 12827.816979 0.000000 0.000000
0.000000 0.000000 14520.525233 14522.625488 14512.712655 14509.539660 14471.763329 14482.835132 14470.826857 14471.935422 14475.325516 14473.463869 14471.812592 14467.994952 14453.827805 14496.541328 14502.076079 14516.522415 14525.042660 0.000000 0.000000
0.000000 0.000000 16374.941376 16368.579043 16362.808357 16325.212799 16327.683329 16308.740615 16292.946356 16291.169828 16283.856763 16276.328585 16280.030033 16278.168738 16300.172691 16300.777481 16359.098636 16347.232798 16346.820350 0.000000 0.000000
0.000000 0.000000 18306.896378 18305.213794 18249.990397 18255.606802 18260.673137 18251.260805 18276.425400 18265.387602 18276.026247 18269.437303 18262.133688 18275.843310 18278.688772 18278.835604 18243.966864 18320.842137 18314.411025 0.000000 0.000000
0.000000 0.000000 20561.603655 20488.431345 20492.338461 20473.681746 20433.620275 20425.035233 20409.358720 20414.509847 20392.672972 20394.154543 20403.651640 20398.752170 20416.679458 20439.136332 20491.063919 20469.617987 20549.250234 0.000000 0.000000
0.000000 0.000000 21913.066838 21954.337954 22029.384006 22021.446576 22009.262284 21947.431987 21950.800535 21930.427858 21953.224914 21948.946317 21953.520372 21952.278916 22005.916215 22017.439902 22042.732182 21969.985080 21930.413885 0.000000 0.000000
0.000000 0.000000 0.000000 0.000000 0.000000 0.000000 0.000000 0.000000 0.000000 0.000000 0.000000 0.000000 0.000000 0.000000 0.000000 0.000000 0.000000 0.000000 0.000000 0.000000 0.000000
0.000000 0.000000 0.000000 0.000000 0.000000 0.000000 0.000000 0.000000 0.000000 0.000000 0.000000 0.000000 0.000000 0.000000 0.000000 0.000000 0.000000 0.000000 0.000000 0.000000 0.000000