geotop/1.0zi/1.0Montebello/Templates/testdem/maps/_Erotot1188.asc
ncols         21
nrows         20
xllcorner     100.000000
yllcorner     100.000000
cellsize      50.000000
NODATA_value  -9999.0
0.000000 0.000000 0.000000 0.000000 0.000000 0.000000 0.000000 0.000000 0.000000 0.000000 0.000000 0.000000 0.000000 0.000000 0.000000 0.000000 0.000000 0.000000 0.000000 0.000000 0.000000
0.000000 0.000000 124.868665 124.870045 124.904851 124.880068 124.861855 124.870066 124.871620 124.866530 124.867182 124.866530 124.871620 124.870066 124.861855 124.880068 124.904851 124.870045 124.868665 0.000000 0.000000
0.000000 0.000000 8.592114 8.373426 6.597813 8.455516 8.628033 8.619273 8.630016 8.635829 8.633955 8.635829 8.630016 8.619273 8.628033 8.455516 6.597813 8.373426 8.592114 0.000000 0.000000
0.000000 0.000000 929.366158 929.160649 929.181885 927.160297 929.421130 929.078933 929.041962 929.571052 929.514036 929.571052 929.041962 929.078933 929.421130 927.160297 929.181885 929.160649 929.366158 0.000000 0.000000
0.000000 0.000000 1714.587760 1714.363046 1713.608982 1714.298180 1714.730127 1714.563022 1714.520840 1714.669671 1714.623929 1714.669671 1714.520840 1714.563022 1714.730127 1714.298180 1713.608982 1714.363046 1714.587760 0.000000 0.000000
0.000000 0.000000 2263.279214 2263.105384 2262.351282 2262.525922 2263.364453 2263.191233 2263.177763 2263.394863 2263.367215 2263.394863 2263.177763 2263.191233 2263.364453 2262.525922 2262.351282 2263.105384 2263.279214 0.000000 0.000000
0.000000 0.000000 2963.213042 2963.074549 2962.393116 2962.566357 2963.272529 2963.140643 2963.136354 2963.315339 2963.291319 2963.315339 2963.136354 2963.140643 2963.272529 2962.566357 2962.393116 2963.074549 2963.213042 0.000000 0.000000
0.000000 0.000000 3631.508521 3631.388958 3630.758052 3630.930807 3631.550627 3631.443848 3631.443595 3631.600958 3631.580146 3631.600958 3631.443595 3631.443848 3631.550627 3630.930807 3630.758052 3631.388958 3631.508521 0.000000 0.000000
0.000000 0.000000 4266.384236 4266.274792 4265.674436 4265.842464 4266.418992 4266.323006 4266.324969 4266.471307 4266.451125 4266.471307 4266.324969 4266.323006 4266.418992 4265.842464 4265.674436 4266.274792 4266.384236 0.000000 0.000000
0.000000 0.000000 4874.791201 4874.708919 4874.120253 4874.326080 4874.817213 4874.737302 4874.746058 4874.875080 4874.854787 4874.875080 4874.746058 4874.737302 4874.817213 4874.326080 4874.120253 4874.708919 4874.791201 0.000000 0.000000
0.000000 0.000000 5459.379084 5459.287020 5458.716130 5458.895657 5459.406911 5459.322782 5459.328381 5459.459931 5459.438604 5459.459931 5459.328381 5459.322782 5459.406911 5458.895657 5458.716130 5459.287020 5459.379084 0.000000 0.000000
0.000000 0.000000 6025.902231 6025.807154 6025.249924 6025.419759 6025.925575 6025.843943 6025.850203 6025.980486 6025.960331 6025.980486 6025.850203 6025.843943 6025.925575 6025.419759 6025.249924 6025.807154 6025.902231 0.000000 0.000000
0.000000 0.000000 6579.736041 6579.642929 6579.092489 6579.263589 6579.757366 6579.676832 6579.683793 6579.812068 6579.791445 6579.812068 6579.683793 6579.676832 6579.757366 6579.263589 6579.092489 6579.642929 6579.736041 0.000000 0.000000
0.000000 0.000000 7121.213868 7121.127346 7120.581643 7120.773530 7121.233237 7121.156363 7121.165978 7121.289835 7121.268568 7121.289835 7121.165978 7121.156363 7121.233237 7120.773530 7120.581643 7121.127346 7121.213868 0.000000 0.000000
0.000000 0.000000 7654.055354 7653.966366 7653.421530 7653.602939 7654.074916 7653.996343 7654.005012 7654.131212 7654.109246 7654.131212 7654.005012 7653.996343 7654.074916 7653.602939 7653.421530 7653.966366 7654.055354 0.000000 0.000000
0.000000 0.000000 8179.119718 8179.031391 8178.499726 8178.673514 8179.138242 8179.062466 8179.071085 8179.194130 8179.172395 8179.194130 8179.071085 8179.062466 8179.138242 8178.673514 8178.499726 8179.031391 8179.119714 0.000000 0.000000
0.000000 0.000000 8694.582846 8694.494835 8693.960530 8694.137962 8694.602510 8694.523647 8694.532422 8694.657670 8694.634866 8694.657670 8694.532422 8694.523647 8694.602510 8694.137962 8693.960530 8694.494818 8694.582483 0.000000 0.000000
0.000000 0.000000 9226.576668 9226.730301 9226.198164 9226.366645 9226.836239 9226.755365 9226.764312 9226.891844 9226.868777 9226.891844 9226.764312 9226.755365 9226.836239 9226.366645 9226.198147 9226.727476 9226.816114 0.000000 0.000000
0.000000 0.000000 0.000000 0.000000 0.000000 0.000000 0.000000 0.000000 0.000000 0.000000 0.000000 0.000000 0.000000 0.000000 0.000000 0.000000 0.000000 0.000000 0.000000 0.000000 0.000000
0.000000 0.000000 0.000000 0.000000 0.000000 0.000000 0.000000 0.000000 0.000000 0.000000 0.000000 0.000000 0.000000 0.000000 0.000000 0.000000 0.000000 0.000000 0.000000 0.000000 0.000000