geotop/1.0zi/1.0Montebello/Templates/testdem/maps/_Erotot9680.asc
ncols         21
nrows         20
xllcorner     100.000000
yllcorner     100.000000
cellsize      50.000000
NODATA_value  -9999.0
0.000000 0.000000 0.000000 0.000000 0.000000 0.000000 0.000000 0.000000 0.000000 0.000000 0.000000 0.000000 0.000000 0.000000 0.000000 0.000000 0.000000 0.000000 0.000000 0.000000 0.000000
0.000000 0.000000 811.930143 812.080788 810.900813 810.438124 808.865778 808.428246 808.524506 808.583250 808.936968 808.376304 808.235334 808.269315 809.234447 809.816987 811.177493 812.412050 813.062192 0.000000 0.000000
0.000000 0.000000 61.261950 59.913355 60.207400 59.985690 60.719949 60.227586 59.864671 59.710514 59.947099 60.102907 60.273702 60.347109 60.233157 59.747449 58.723481 57.826623 58.614186 0.000000 0.000000
0.000000 0.000000 536.546360 540.394175 525.977353 518.513225 517.943607 509.941903 517.010019 518.954980 515.058071 515.972651 520.273575 519.686449 528.513629 539.054657 541.959129 540.472997 545.924949 0.000000 0.000000
0.000000 0.000000 4516.463063 4510.767621 4507.142172 4468.603853 4442.296816 4426.882113 4419.335305 4413.428334 4419.258190 4424.884518 4424.902096 4419.170195 4439.047847 4445.307381 4464.117572 4475.490779 4476.452895 0.000000 0.000000
0.000000 0.000000 6716.909569 6710.376885 6705.586285 6707.747713 6679.774833 6667.033723 6670.768974 6669.497351 6664.083783 6657.510128 6655.319508 6659.565429 6661.440443 6688.739461 6688.904123 6696.313593 6698.237102 0.000000 0.000000
0.000000 0.000000 8255.061979 8248.996853 8245.179764 8232.154682 8225.289963 8188.667846 8187.994866 8184.713673 8183.112848 8187.136433 8187.671767 8188.848150 8224.354456 8228.668299 8238.271270 8241.237177 8246.312187 0.000000 0.000000
0.000000 0.000000 9891.358115 9887.343986 9880.670222 9864.983816 9854.463664 9850.334623 9850.915334 9848.463788 9847.361973 9843.342978 9842.687346 9849.864584 9848.369050 9859.879771 9875.622603 9873.240460 9879.469594 0.000000 0.000000
0.000000 0.000000 11966.731301 11960.460851 11951.611255 11945.783526 11928.155538 11905.103237 11908.291630 11903.982690 11899.770876 11899.326816 11902.633781 11896.108511 11923.246137 11938.898899 11941.745637 11945.560230 11948.030244 0.000000 0.000000
0.000000 0.000000 14394.608908 14384.389784 14380.052149 14370.824405 14354.878101 14334.937372 14333.806892 14331.431778 14325.810990 14330.211936 14333.659453 14332.945143 14341.680201 14363.487979 14371.939325 14376.129904 14375.297565 0.000000 0.000000
0.000000 0.000000 17114.630478 17109.562948 17105.841421 17070.284396 17069.712120 17040.489136 17048.917643 17030.153240 17035.087973 17030.718681 17022.683468 17034.488722 17051.151598 17056.704116 17072.978719 17076.386574 17095.139701 0.000000 0.000000
0.000000 0.000000 20172.108645 20156.417571 20135.803244 20132.792847 20120.025523 20085.988425 20084.337259 20086.050149 20092.110917 20075.897474 20084.407864 20081.037578 20112.170318 20128.499058 20130.712328 20137.044371 20163.546787 0.000000 0.000000
0.000000 0.000000 23436.454723 23425.245684 23426.846571 23403.814423 23383.512829 23303.080581 23297.317918 23294.479480 23254.305847 23281.089492 23282.539843 23290.979803 23352.025424 23361.814723 23398.800956 23398.283071 23402.901410 0.000000 0.000000
0.000000 0.000000 27334.482490 27333.210555 27302.756823 27286.834241 27176.227083 27238.752062 27210.117622 27211.009855 27230.590239 27211.399023 27209.581551 27194.657382 27133.551629 27263.784316 27263.443375 27296.025969 27311.661146 0.000000 0.000000
0.000000 0.000000 31474.748778 31462.476284 31442.485410 31312.423481 31387.520307 31299.755788 31279.253247 31270.991831 31239.467041 31228.049068 31242.210920 31244.580969 31323.230877 31244.027851 31427.144503 31378.790428 31366.993044 0.000000 0.000000
0.000000 0.000000 34988.619736 34980.781339 34837.338141 34929.558971 34905.689961 34917.392370 34991.289910 34970.082922 35007.649431 35000.982352 34972.872741 35008.659884 34982.712416 35011.506297 34816.013229 35047.301629 35038.203996 0.000000 0.000000
0.000000 0.000000 38022.392402 37900.440546 37966.645597 37911.498899 37847.682713 37831.851131 37784.146706 37798.567502 37752.358979 37759.300820 37784.964655 37760.102059 37794.999536 37831.970580 37960.430773 37839.636629 37969.506444 0.000000 0.000000
0.000000 0.000000 38926.528890 39005.862703 39088.278427 39081.957017 39079.179272 39012.152660 39021.213899 38998.530293 39029.956288 39024.322741 39025.030781 39028.075606 39081.955860 39086.997304 39097.287288 39021.073280 38943.408225 0.000000 0.000000
0.000000 0.000000 0.000000 0.000000 0.000000 0.000000 0.000000 0.000000 0.000000 0.000000 0.000000 0.000000 0.000000 0.000000 0.000000 0.000000 0.000000 0.000000 0.000000 0.000000 0.000000
0.000000 0.000000 0.000000 0.000000 0.000000 0.000000 0.000000 0.000000 0.000000 0.000000 0.000000 0.000000 0.000000 0.000000 0.000000 0.000000 0.000000 0.000000 0.000000 0.000000 0.000000