geotop/1.0zi/1.0Montebello/Templates/testdem/maps/_Erotot9890.asc
ncols         21
nrows         20
xllcorner     100.000000
yllcorner     100.000000
cellsize      50.000000
NODATA_value  -9999.0
0.000000 0.000000 0.000000 0.000000 0.000000 0.000000 0.000000 0.000000 0.000000 0.000000 0.000000 0.000000 0.000000 0.000000 0.000000 0.000000 0.000000 0.000000 0.000000 0.000000 0.000000
0.000000 0.000000 822.513247 822.664266 821.472968 821.068937 819.428353 818.960762 819.144407 819.135066 819.534096 818.972337 818.783711 818.827561 819.809597 820.418130 821.774689 822.950636 823.623005 0.000000 0.000000
0.000000 0.000000 62.242420 60.900679 61.208122 60.951350 61.781901 61.317233 60.878834 60.798353 60.983454 61.143964 61.360886 61.419669 61.287012 60.770397 59.722752 58.848601 59.612778 0.000000 0.000000
0.000000 0.000000 537.312462 541.117368 526.681920 519.223859 518.613131 510.580377 517.649349 519.597268 515.696707 516.613743 520.908578 520.330532 529.157063 539.716537 542.632943 541.173970 546.625600 0.000000 0.000000
0.000000 0.000000 4537.222022 4530.824270 4527.018406 4488.120444 4462.035421 4446.507432 4438.963556 4432.585454 4438.594654 4444.181173 4444.122588 4437.801812 4458.788363 4465.351210 4484.397849 4495.640343 4496.825935 0.000000 0.000000
0.000000 0.000000 6848.466479 6841.923798 6836.545184 6838.412612 6809.297232 6795.877633 6799.992179 6799.113217 6792.957748 6786.155998 6783.750114 6787.981850 6790.658284 6818.300975 6818.448044 6825.765933 6827.452600 0.000000 0.000000
0.000000 0.000000 8408.776396 8402.492067 8398.696521 8385.580204 8379.251116 8341.333892 8340.842663 8337.473693 8335.887023 8339.850515 8340.278138 8341.360268 8377.460697 8381.631948 8391.349303 8394.310278 8399.434377 0.000000 0.000000
0.000000 0.000000 10079.464299 10075.246514 10068.212680 10052.213770 10041.380791 10037.789423 10038.266425 10035.836900 10034.539060 10030.476475 10029.767513 10036.789130 10035.511677 10047.341055 10063.257603 10060.802472 10067.048506 0.000000 0.000000
0.000000 0.000000 12210.517469 12203.875795 12194.511254 12188.435723 12170.464753 12146.872160 12150.175228 12145.807938 12141.373226 12140.745809 12144.016123 12137.227194 12165.263719 12181.270532 12184.169470 12187.973094 12190.442884 0.000000 0.000000
0.000000 0.000000 14709.826394 14699.108616 14694.524626 14684.803006 14668.539591 14647.891896 14646.772215 14644.372420 14638.451135 14642.815895 14646.137614 14645.117096 14654.813197 14677.116599 14685.800591 14689.903275 14689.110881 0.000000 0.000000
0.000000 0.000000 17518.026308 17512.388054 17508.205040 17471.715007 17471.024721 17440.757073 17449.444549 17430.292226 17435.091641 17430.495256 17422.141145 17433.900236 17451.697303 17457.547250 17474.142012 17477.463269 17496.550876 0.000000 0.000000
0.000000 0.000000 20684.864258 20668.354087 20646.817338 20643.745808 20630.368739 20595.065337 20593.363634 20595.246969 20601.140017 20584.391144 20593.003607 20589.024438 20621.954962 20638.985015 20641.293685 20647.578755 20674.575748 0.000000 0.000000
0.000000 0.000000 24072.018263 24060.094505 24061.550787 24037.464095 24016.526088 23932.533833 23926.797617 23923.649749 23881.829795 23909.575825 23910.793019 23919.159602 23983.565870 23993.689785 24032.034144 24031.311840 24035.471325 0.000000 0.000000
0.000000 0.000000 28111.410996 28110.010136 28078.005643 28061.842409 27946.297975 28013.272549 27983.606336 27984.643691 28005.671334 27984.924396 27982.830179 27966.635069 27902.471149 28038.484214 28037.318465 28070.800279 28087.043857 0.000000 0.000000
0.000000 0.000000 32327.953351 32314.892768 32295.155035 32162.023267 32242.369182 32150.740890 32130.803172 32122.268732 32089.309829 32078.111592 32092.510013 32094.901793 32177.798765 32093.141659 32280.458489 32230.223732 32217.677275 0.000000 0.000000
0.000000 0.000000 35761.646108 35753.866367 35615.269849 35706.459775 35682.073428 35694.188916 35766.197331 35745.702006 35782.325200 35775.944820 35748.544638 35782.640340 35757.462872 35786.956198 35594.930457 35818.967166 35810.153232 0.000000 0.000000
0.000000 0.000000 38606.293282 38496.480553 38554.727912 38506.750328 38448.331127 38446.215586 38404.352896 38417.274606 38376.247475 38382.468566 38404.883763 38383.272755 38403.000057 38436.526434 38548.989568 38443.287032 38560.124197 0.000000 0.000000
0.000000 0.000000 39522.787202 39590.101696 39673.468286 39667.137684 39663.006710 39597.390872 39604.755902 39584.761442 39611.494859 39606.669553 39608.123902 39609.459415 39664.006068 39670.136979 39681.089883 39601.830030 39536.040502 0.000000 0.000000
0.000000 0.000000 0.000000 0.000000 0.000000 0.000000 0.000000 0.000000 0.000000 0.000000 0.000000 0.000000 0.000000 0.000000 0.000000 0.000000 0.000000 0.000000 0.000000 0.000000 0.000000
0.000000 0.000000 0.000000 0.000000 0.000000 0.000000 0.000000 0.000000 0.000000 0.000000 0.000000 0.000000 0.000000 0.000000 0.000000 0.000000 0.000000 0.000000 0.000000 0.000000 0.000000