geotop/1.0zi/1.0Montebello/Templates/testdem/maps/_Erotot0875.asc
ncols         21
nrows         20
xllcorner     100.000000
yllcorner     100.000000
cellsize      50.000000
NODATA_value  -9999.0
0.000000 0.000000 0.000000 0.000000 0.000000 0.000000 0.000000 0.000000 0.000000 0.000000 0.000000 0.000000 0.000000 0.000000 0.000000 0.000000 0.000000 0.000000 0.000000 0.000000 0.000000
0.000000 0.000000 70.971572 70.972757 71.006984 70.980273 70.967722 70.972777 70.974002 70.969996 70.970423 70.969996 70.974002 70.972777 70.967722 70.980273 71.006984 70.972757 70.971572 0.000000 0.000000
0.000000 0.000000 7.290965 7.073757 5.300490 7.159694 7.319841 7.316052 7.330456 7.338552 7.338130 7.338552 7.330456 7.316052 7.319841 7.159694 5.300490 7.073757 7.290965 0.000000 0.000000
0.000000 0.000000 693.835448 693.394240 693.642254 691.339563 693.845422 693.656509 693.486418 693.759180 693.694719 693.759180 693.486418 693.656509 693.845422 691.339563 693.642254 693.394240 693.835448 0.000000 0.000000
0.000000 0.000000 1242.474168 1242.205790 1241.505056 1242.158795 1242.594780 1242.452358 1242.404439 1242.514002 1242.501799 1242.514002 1242.404439 1242.452358 1242.594780 1242.158795 1241.505056 1242.205790 1242.474168 0.000000 0.000000
0.000000 0.000000 1661.425016 1661.148483 1660.490710 1660.552690 1661.478884 1661.373344 1661.313776 1661.424751 1661.406888 1661.424751 1661.313776 1661.373344 1661.478884 1660.552690 1660.490710 1661.148483 1661.425016 0.000000 0.000000
0.000000 0.000000 2186.933587 2186.708092 2186.103606 2186.182780 2186.968044 2186.892597 2186.848520 2186.937803 2186.920382 2186.937803 2186.848520 2186.892597 2186.968044 2186.182780 2186.103606 2186.708092 2186.933587 0.000000 0.000000
0.000000 0.000000 2689.093354 2688.894508 2688.328919 2688.416900 2689.114110 2689.057669 2689.020349 2689.096128 2689.080728 2689.096128 2689.020349 2689.057669 2689.114110 2688.416900 2688.328919 2688.894508 2689.093354 0.000000 0.000000
0.000000 0.000000 3165.968695 3165.783386 3165.243266 3165.330832 3165.983586 3165.935360 3165.901527 3165.970189 3165.955608 3165.970189 3165.901527 3165.935360 3165.983586 3165.330832 3165.243266 3165.783386 3165.968695 0.000000 0.000000
0.000000 0.000000 3623.832478 3623.676563 3623.145253 3623.273035 3623.839166 3623.806265 3623.779970 3623.833576 3623.819453 3623.833576 3623.779970 3623.806265 3623.839166 3623.273035 3623.145253 3623.676563 3623.832478 0.000000 0.000000
0.000000 0.000000 4066.159821 4065.993971 4065.479289 4065.581381 4066.167549 4066.130585 4066.101727 4066.158774 4066.144124 4066.158774 4066.101727 4066.130585 4066.167549 4065.581381 4065.479289 4065.993971 4066.159821 0.000000 0.000000
0.000000 0.000000 4495.630243 4495.461383 4494.958628 4495.051441 4495.633713 4495.598805 4495.570609 4495.627388 4495.614040 4495.627388 4495.570609 4495.598805 4495.633713 4495.051441 4494.958628 4495.461383 4495.630243 0.000000 0.000000
0.000000 0.000000 4915.250053 4915.082974 4914.585853 4914.680242 4915.251534 4915.217671 4915.190108 4915.245544 4915.232201 4915.245544 4915.190108 4915.217671 4915.251534 4914.680242 4914.585853 4915.082974 4915.250053 0.000000 0.000000
0.000000 0.000000 5327.667440 5327.506220 5327.013579 5327.128905 5327.666301 5327.637057 5327.612012 5327.662579 5327.649164 5327.662579 5327.612012 5327.637057 5327.666301 5327.128905 5327.013579 5327.506220 5327.667440 0.000000 0.000000
0.000000 0.000000 5733.811099 5733.646050 5733.153792 5733.257612 5733.808771 5733.779040 5733.753108 5733.805651 5733.791714 5733.805651 5733.753108 5733.779040 5733.808771 5733.257612 5733.153792 5733.646050 5733.811099 0.000000 0.000000
0.000000 0.000000 6135.718604 6135.556005 6135.074347 6135.172820 6135.716477 6135.688037 6135.662544 6135.713707 6135.699234 6135.713707 6135.662544 6135.688037 6135.716477 6135.172820 6135.074347 6135.556005 6135.718600 0.000000 0.000000
0.000000 0.000000 6531.466227 6531.301086 6530.817413 6530.917009 6531.463642 6531.433427 6531.407549 6531.459862 6531.445035 6531.459862 6531.407549 6531.433427 6531.463642 6530.917009 6530.817413 6531.301071 6531.465838 0.000000 0.000000
0.000000 0.000000 6939.959736 6939.969769 6939.488471 6939.577506 6940.132815 6940.101263 6940.074986 6940.128712 6940.113728 6940.128712 6940.074986 6940.101263 6940.132815 6939.577505 6939.488456 6939.967402 6940.135173 0.000000 0.000000
0.000000 0.000000 0.000000 0.000000 0.000000 0.000000 0.000000 0.000000 0.000000 0.000000 0.000000 0.000000 0.000000 0.000000 0.000000 0.000000 0.000000 0.000000 0.000000 0.000000 0.000000
0.000000 0.000000 0.000000 0.000000 0.000000 0.000000 0.000000 0.000000 0.000000 0.000000 0.000000 0.000000 0.000000 0.000000 0.000000 0.000000 0.000000 0.000000 0.000000 0.000000 0.000000