geotop/1.0zi/1.0Montebello/Templates/testdem/maps/_Erotot0160.asc
ncols         21
nrows         20
xllcorner     100.000000
yllcorner     100.000000
cellsize      50.000000
NODATA_value  -9999.0
0.000000 0.000000 0.000000 0.000000 0.000000 0.000000 0.000000 0.000000 0.000000 0.000000 0.000000 0.000000 0.000000 0.000000 0.000000 0.000000 0.000000 0.000000 0.000000 0.000000 0.000000
0.000000 0.000000 3.872810 3.872809 3.872810 3.872810 3.872810 3.872810 3.872810 3.872810 3.872810 3.872810 3.872810 3.872810 3.872810 3.872810 3.872810 3.872809 3.872810 0.000000 0.000000
0.000000 0.000000 3.683011 3.682951 3.682977 3.682953 3.682945 3.682943 3.682943 3.682943 3.682943 3.682943 3.682943 3.682943 3.682945 3.682953 3.682977 3.682951 3.683011 0.000000 0.000000
0.000000 0.000000 147.533888 147.533275 147.533536 147.533685 147.533714 147.533718 147.533718 147.533718 147.533718 147.533718 147.533718 147.533718 147.533714 147.533685 147.533536 147.533275 147.533888 0.000000 0.000000
0.000000 0.000000 195.430369 195.430138 195.430230 195.430282 195.430292 195.430293 195.430293 195.430293 195.430293 195.430293 195.430293 195.430293 195.430292 195.430282 195.430230 195.430138 195.430369 0.000000 0.000000
0.000000 0.000000 285.941888 285.941533 285.941710 285.941784 285.941797 285.941799 285.941799 285.941799 285.941799 285.941799 285.941799 285.941799 285.941797 285.941784 285.941710 285.941533 285.941888 0.000000 0.000000
0.000000 0.000000 376.123321 376.122986 376.123147 376.123217 376.123230 376.123232 376.123232 376.123232 376.123232 376.123232 376.123232 376.123232 376.123230 376.123217 376.123147 376.122986 376.123321 0.000000 0.000000
0.000000 0.000000 460.848067 460.847745 460.847898 460.847964 460.847977 460.847979 460.847979 460.847979 460.847979 460.847979 460.847979 460.847979 460.847977 460.847964 460.847898 460.847745 460.848067 0.000000 0.000000
0.000000 0.000000 541.525684 541.525371 541.525516 541.525580 541.525592 541.525594 541.525595 541.525595 541.525595 541.525595 541.525595 541.525594 541.525592 541.525580 541.525516 541.525371 541.525684 0.000000 0.000000
0.000000 0.000000 619.416901 619.416592 619.416732 619.416794 619.416807 619.416809 619.416809 619.416809 619.416809 619.416809 619.416809 619.416809 619.416807 619.416794 619.416732 619.416592 619.416901 0.000000 0.000000
0.000000 0.000000 695.512571 695.512263 695.512400 695.512461 695.512474 695.512476 695.512476 695.512476 695.512476 695.512476 695.512476 695.512476 695.512474 695.512461 695.512400 695.512263 695.512571 0.000000 0.000000
0.000000 0.000000 770.510477 770.510168 770.510304 770.510364 770.510377 770.510379 770.510379 770.510379 770.510379 770.510379 770.510379 770.510379 770.510377 770.510364 770.510304 770.510168 770.510477 0.000000 0.000000
0.000000 0.000000 844.082185 844.081877 844.082009 844.082068 844.082081 844.082083 844.082083 844.082083 844.082083 844.082083 844.082083 844.082083 844.082081 844.082068 844.082009 844.081877 844.082185 0.000000 0.000000
0.000000 0.000000 915.989244 915.988934 915.989065 915.989124 915.989136 915.989139 915.989139 915.989139 915.989139 915.989139 915.989139 915.989139 915.989136 915.989124 915.989065 915.988934 915.989244 0.000000 0.000000
0.000000 0.000000 986.978227 986.977925 986.978051 986.978107 986.978119 986.978122 986.978122 986.978122 986.978122 986.978122 986.978122 986.978122 986.978119 986.978107 986.978051 986.977925 986.978227 0.000000 0.000000
0.000000 0.000000 1057.100992 1057.100686 1057.100811 1057.100867 1057.100880 1057.100882 1057.100882 1057.100882 1057.100882 1057.100882 1057.100882 1057.100882 1057.100880 1057.100867 1057.100811 1057.100686 1057.100990 0.000000 0.000000
0.000000 0.000000 1126.144499 1126.144031 1126.144148 1126.144203 1126.144216 1126.144218 1126.144219 1126.144219 1126.144219 1126.144219 1126.144219 1126.144218 1126.144216 1126.144203 1126.144148 1126.144026 1126.144330 0.000000 0.000000
0.000000 0.000000 1197.260779 1197.282030 1197.281532 1197.281576 1197.281588 1197.281591 1197.281591 1197.281591 1197.281591 1197.281591 1197.281591 1197.281591 1197.281588 1197.281576 1197.281523 1197.281435 1197.281824 0.000000 0.000000
0.000000 0.000000 0.000000 0.000000 0.000000 0.000000 0.000000 0.000000 0.000000 0.000000 0.000000 0.000000 0.000000 0.000000 0.000000 0.000000 0.000000 0.000000 0.000000 0.000000 0.000000
0.000000 0.000000 0.000000 0.000000 0.000000 0.000000 0.000000 0.000000 0.000000 0.000000 0.000000 0.000000 0.000000 0.000000 0.000000 0.000000 0.000000 0.000000 0.000000 0.000000 0.000000