geotop/1.0zi/1.0Montebello/Templates/testdem/maps/_Erotot6484.asc
ncols         21
nrows         20
xllcorner     100.000000
yllcorner     100.000000
cellsize      50.000000
NODATA_value  -9999.0
0.000000 0.000000 0.000000 0.000000 0.000000 0.000000 0.000000 0.000000 0.000000 0.000000 0.000000 0.000000 0.000000 0.000000 0.000000 0.000000 0.000000 0.000000 0.000000 0.000000 0.000000
0.000000 0.000000 493.080479 493.939751 493.662656 493.960218 493.403596 493.463368 493.421566 493.587869 493.988881 493.293202 493.221009 493.312619 493.464857 493.372715 494.101359 494.300992 494.290887 0.000000 0.000000
0.000000 0.000000 37.186288 36.044520 36.124890 36.267634 36.522567 36.333682 36.146779 35.931145 36.178159 36.507928 36.324886 36.536852 36.411410 36.162433 34.849673 34.089736 34.780052 0.000000 0.000000
0.000000 0.000000 222.458769 225.282846 215.143437 212.736202 212.966504 207.777182 207.314705 206.829107 205.219928 203.182838 205.804302 203.677640 208.496883 214.517857 216.443024 217.856166 222.914889 0.000000 0.000000
0.000000 0.000000 2084.732004 2088.167443 2093.069369 2071.675648 2056.744761 2044.745291 2047.387075 2044.406506 2048.333223 2053.087735 2049.717773 2048.299540 2058.786641 2059.950485 2068.433551 2076.941478 2078.246759 0.000000 0.000000
0.000000 0.000000 3680.234712 3675.008919 3671.716154 3666.407740 3655.045859 3647.449928 3646.005272 3645.495931 3643.325967 3639.203564 3637.860321 3640.546616 3640.770128 3657.902642 3665.648865 3670.527526 3672.586047 0.000000 0.000000
0.000000 0.000000 4847.124937 4844.719943 4840.988297 4836.172806 4823.065486 4805.381252 4804.940133 4801.466086 4803.390420 4806.427953 4808.307328 4809.395075 4830.924850 4840.732688 4845.202709 4846.803562 4852.266345 0.000000 0.000000
0.000000 0.000000 5579.754158 5581.222843 5579.253545 5571.882340 5570.777506 5562.962824 5563.514091 5563.905368 5562.501635 5559.649246 5559.700904 5563.757451 5564.434663 5567.649653 5577.404468 5575.797551 5579.644715 0.000000 0.000000
0.000000 0.000000 6603.621659 6600.786163 6595.535850 6595.836756 6588.040264 6576.563827 6577.202101 6574.016864 6571.520544 6572.101630 6573.578734 6568.831420 6583.059889 6592.129357 6595.677317 6597.030555 6599.012145 0.000000 0.000000
0.000000 0.000000 7785.601283 7783.266391 7784.528742 7782.707587 7766.343278 7758.583050 7759.575064 7758.823392 7756.454545 7759.133397 7763.059026 7761.219200 7765.410461 7777.265157 7782.530741 7783.173427 7784.348280 0.000000 0.000000
0.000000 0.000000 9062.681060 9063.086107 9061.830820 9046.178686 9042.866157 9030.902206 9034.887648 9024.918568 9027.362081 9026.022155 9021.363289 9029.449289 9034.550706 9036.649275 9045.208715 9051.445423 9059.771109 0.000000 0.000000
0.000000 0.000000 10409.177287 10404.893051 10398.548727 10395.694734 10390.010650 10374.057394 10372.632349 10372.028046 10378.483546 10370.469054 10373.092324 10373.003976 10390.073618 10394.588593 10397.285010 10398.544879 10419.178521 0.000000 0.000000
0.000000 0.000000 11781.953442 11779.186986 11779.592693 11770.560647 11765.619139 11734.425841 11732.809502 11732.297444 11716.526023 11725.830997 11730.300306 11733.053151 11752.691214 11757.584727 11774.428931 11773.812066 11781.452837 0.000000 0.000000
0.000000 0.000000 13297.563068 13299.137390 13290.550307 13288.099916 13254.854538 13264.071398 13252.825437 13254.240807 13255.453411 13254.530406 13252.965530 13249.452871 13238.561793 13274.826466 13281.783990 13293.913046 13301.898964 0.000000 0.000000
0.000000 0.000000 14950.636412 14946.061321 14941.159969 14909.541603 14909.635379 14891.678210 14877.596966 14875.540235 14869.648397 14861.766715 14866.640952 14864.962729 14882.346915 14885.656095 14936.558988 14926.573881 14927.148440 0.000000 0.000000
0.000000 0.000000 16663.955294 16663.248880 16616.801556 16618.277909 16622.827548 16614.816909 16635.310765 16626.389374 16634.162006 16628.186934 16621.959668 16633.564272 16637.244679 16636.800197 16610.866558 16675.371875 16668.383321 0.000000 0.000000
0.000000 0.000000 18640.079874 18581.593802 18581.212531 18566.776758 18533.525746 18525.193790 18513.745267 18517.902758 18499.492229 18500.200637 18508.166330 18505.726906 18520.344000 18537.330709 18579.671901 18567.221841 18632.851466 0.000000 0.000000
0.000000 0.000000 19914.596103 19940.832280 20001.568781 19993.156364 19978.812704 19928.661277 19930.525028 19913.160632 19929.895272 19926.429996 19932.437988 19929.532466 19973.419389 19985.447658 20012.387770 19951.746371 19926.577898 0.000000 0.000000
0.000000 0.000000 0.000000 0.000000 0.000000 0.000000 0.000000 0.000000 0.000000 0.000000 0.000000 0.000000 0.000000 0.000000 0.000000 0.000000 0.000000 0.000000 0.000000 0.000000 0.000000
0.000000 0.000000 0.000000 0.000000 0.000000 0.000000 0.000000 0.000000 0.000000 0.000000 0.000000 0.000000 0.000000 0.000000 0.000000 0.000000 0.000000 0.000000 0.000000 0.000000 0.000000