geotop/1.0zi/1.0Montebello/Templates/testdem/maps/_Erotot1613.asc
ncols         21
nrows         20
xllcorner     100.000000
yllcorner     100.000000
cellsize      50.000000
NODATA_value  -9999.0
0.000000 0.000000 0.000000 0.000000 0.000000 0.000000 0.000000 0.000000 0.000000 0.000000 0.000000 0.000000 0.000000 0.000000 0.000000 0.000000 0.000000 0.000000 0.000000 0.000000 0.000000
0.000000 0.000000 182.831438 182.833359 182.869682 182.853304 182.821654 182.833659 182.835645 182.828276 182.829294 182.828276 182.835645 182.833659 182.821654 182.853304 182.869682 182.833359 182.831438 0.000000 0.000000
0.000000 0.000000 9.712863 9.492533 7.714450 9.564231 9.758077 9.738307 9.747244 9.757117 9.754675 9.757117 9.747244 9.738307 9.758077 9.564231 7.714450 9.492533 9.712863 0.000000 0.000000
0.000000 0.000000 1287.604696 1287.392495 1287.581452 1285.626239 1287.911573 1287.494899 1287.444194 1288.038737 1287.994011 1288.038737 1287.444194 1287.494899 1287.911573 1285.626239 1287.581452 1287.392495 1287.604696 0.000000 0.000000
0.000000 0.000000 2395.094629 2394.882029 2394.285121 2394.977466 2395.433763 2395.237371 2395.193164 2395.346381 2395.299972 2395.346381 2395.193164 2395.237371 2395.433763 2394.977466 2394.285121 2394.882029 2395.094629 0.000000 0.000000
0.000000 0.000000 3141.213279 3141.044343 3140.435441 3140.637524 3141.533835 3141.285430 3141.259369 3141.498724 3141.474942 3141.498724 3141.259369 3141.285430 3141.533835 3140.637524 3140.435441 3141.044343 3141.213279 0.000000 0.000000
0.000000 0.000000 4092.924646 4092.788756 4092.224252 4092.420740 4093.190246 4092.978141 4092.962800 4093.161267 4093.141273 4093.161267 4092.962800 4092.978141 4093.190246 4092.420740 4092.224252 4092.788756 4092.924646 0.000000 0.000000
0.000000 0.000000 4995.035348 4994.923018 4994.392759 4994.585906 4995.259245 4995.077697 4995.064244 4995.237773 4995.218750 4995.237773 4995.064244 4995.077697 4995.259245 4994.585906 4994.392759 4994.923018 4995.035348 0.000000 0.000000
0.000000 0.000000 5846.690307 5846.586236 5846.077928 5846.264568 5846.895236 5846.726495 5846.714633 5846.878765 5846.861177 5846.878765 5846.714633 5846.726495 5846.895236 5846.264568 5846.077928 5846.586236 5846.690307 0.000000 0.000000
0.000000 0.000000 6658.348207 6658.270917 6657.770586 6657.992647 6658.535227 6658.385259 6658.380267 6658.526140 6658.508506 6658.526140 6658.380267 6658.385259 6658.535227 6657.992647 6657.770586 6658.270917 6658.348207 0.000000 0.000000
0.000000 0.000000 7433.956129 7433.869385 7433.385325 7433.579843 7434.138778 7433.987110 7433.979109 7434.126388 7434.107848 7434.126388 7433.979109 7433.987110 7434.138778 7433.579843 7433.385325 7433.869385 7433.956129 0.000000 0.000000
0.000000 0.000000 8182.025829 8181.936609 8181.465923 8181.650191 8182.199810 8182.052629 8182.045374 8182.190187 8182.172861 8182.190187 8182.045374 8182.052629 8182.199810 8181.650191 8181.465923 8181.936609 8182.025829 0.000000 0.000000
0.000000 0.000000 8909.278926 8909.192233 8908.725393 8908.909946 8909.444605 8909.300220 8909.293559 8909.435529 8909.417695 8909.435529 8909.293559 8909.300220 8909.444605 8908.909946 8908.725393 8909.192233 8909.278926 0.000000 0.000000
0.000000 0.000000 9615.846949 9615.766804 9615.305770 9615.509117 9616.008346 9615.868867 9615.864699 9616.001403 9615.983140 9616.001403 9615.864699 9615.868867 9616.008346 9615.509117 9615.305770 9615.766804 9615.846949 0.000000 0.000000
0.000000 0.000000 10306.254971 10306.171952 10305.710094 10305.902136 10306.410686 10306.271001 10306.265816 10306.403792 10306.385104 10306.403792 10306.265816 10306.271001 10306.410686 10305.902136 10305.710094 10306.171952 10306.254971 0.000000 0.000000
0.000000 0.000000 10981.834512 10981.752441 10981.300230 10981.484486 10981.983853 10981.847676 10981.842625 10981.977276 10981.958843 10981.977276 10981.842625 10981.847676 10981.983853 10981.484486 10981.300230 10981.752441 10981.834508 0.000000 0.000000
0.000000 0.000000 11641.790348 11641.708923 11641.254543 11641.441688 11641.937011 11641.799898 11641.794735 11641.928039 11641.908750 11641.928039 11641.794735 11641.799898 11641.937011 11641.441688 11641.254543 11641.708903 11641.790032 0.000000 0.000000
0.000000 0.000000 12321.398530 12321.644729 12321.196752 12321.375414 12321.871657 12321.733743 12321.728690 12321.863773 12321.844358 12321.863773 12321.728690 12321.733743 12321.871657 12321.375413 12321.196734 12321.641515 12321.722832 0.000000 0.000000
0.000000 0.000000 0.000000 0.000000 0.000000 0.000000 0.000000 0.000000 0.000000 0.000000 0.000000 0.000000 0.000000 0.000000 0.000000 0.000000 0.000000 0.000000 0.000000 0.000000 0.000000
0.000000 0.000000 0.000000 0.000000 0.000000 0.000000 0.000000 0.000000 0.000000 0.000000 0.000000 0.000000 0.000000 0.000000 0.000000 0.000000 0.000000 0.000000 0.000000 0.000000 0.000000