geotop/1.0zi/1.0Montebello/Templates/testdem/maps/_Erotot8477.asc
ncols         21
nrows         20
xllcorner     100.000000
yllcorner     100.000000
cellsize      50.000000
NODATA_value  -9999.0
0.000000 0.000000 0.000000 0.000000 0.000000 0.000000 0.000000 0.000000 0.000000 0.000000 0.000000 0.000000 0.000000 0.000000 0.000000 0.000000 0.000000 0.000000 0.000000 0.000000 0.000000
0.000000 0.000000 686.101793 686.917671 686.354441 686.448526 685.427982 685.585723 685.571555 685.647981 686.023530 685.399258 685.281126 685.329229 685.703270 685.858725 686.697302 687.247976 687.468883 0.000000 0.000000
0.000000 0.000000 53.480079 52.480920 52.739446 52.813175 53.452481 53.097484 52.804466 52.659932 52.881475 53.194217 53.262158 53.363978 53.202352 52.688760 51.413169 50.557672 51.076988 0.000000 0.000000
0.000000 0.000000 354.138065 355.293745 342.945577 337.694809 338.256023 326.955735 327.048044 327.881516 324.233749 322.427564 324.589931 324.783127 334.968346 342.062231 346.666532 349.570807 354.798103 0.000000 0.000000
0.000000 0.000000 3450.796359 3448.033959 3449.262193 3422.148540 3399.562095 3389.711359 3388.823177 3382.885080 3391.901862 3399.043038 3398.187763 3393.194891 3409.321991 3411.369460 3424.665188 3433.227945 3434.091035 0.000000 0.000000
0.000000 0.000000 5552.608314 5548.732003 5543.812542 5539.136679 5523.578493 5513.025202 5514.651339 5513.329624 5509.528318 5503.567489 5502.007050 5505.864613 5505.347171 5526.963317 5533.153218 5539.222334 5541.904655 0.000000 0.000000
0.000000 0.000000 6873.486369 6868.855767 6866.516369 6858.902270 6844.642597 6819.432802 6818.666480 6816.131748 6816.163260 6820.732284 6821.382347 6822.247112 6851.403821 6861.236051 6866.893648 6870.255340 6875.336692 0.000000 0.000000
0.000000 0.000000 8116.590562 8116.719695 8113.307414 8102.139739 8099.728648 8090.603336 8090.799104 8088.533387 8088.868064 8084.794535 8083.565757 8090.476999 8092.447510 8097.494101 8111.093266 8108.977603 8114.644187 0.000000 0.000000
0.000000 0.000000 9744.794318 9739.406799 9733.126237 9732.303406 9718.722637 9702.339356 9704.298036 9700.544820 9697.978245 9697.749572 9700.475292 9694.245584 9714.354014 9728.782595 9730.714080 9734.910275 9736.779243 0.000000 0.000000
0.000000 0.000000 11611.476980 11607.032427 11606.866598 11602.490456 11580.362068 11569.890576 11568.869529 11568.581310 11564.809085 11569.280137 11572.179766 11571.625776 11578.894212 11594.892855 11602.770572 11605.324081 11605.943288 0.000000 0.000000
0.000000 0.000000 13669.535598 13669.080260 13666.913240 13642.192918 13636.887529 13617.426780 13625.715931 13609.339435 13615.711246 13612.508365 13605.487589 13615.554954 13627.547624 13629.757913 13644.350753 13650.978068 13663.219605 0.000000 0.000000
0.000000 0.000000 15918.273628 15907.775259 15898.708158 15896.718825 15882.368624 15862.774482 15856.541035 15859.457105 15865.872967 15854.311320 15860.573968 15858.898957 15883.235998 15894.517575 15896.584100 15901.989456 15925.897191 0.000000 0.000000
0.000000 0.000000 18279.236324 18272.571777 18275.701409 18256.402300 18249.901386 18192.319139 18190.122472 18189.781621 18164.520064 18181.028479 18183.518842 18189.590406 18230.725030 18237.216548 18264.978652 18263.137777 18271.705745 0.000000 0.000000
0.000000 0.000000 21022.488299 21025.591268 21009.258568 21003.669152 20932.135772 20959.019189 20941.976588 20942.453260 20952.610966 20943.965510 20943.329938 20934.218951 20907.290903 20986.232292 20990.646001 21015.261099 21026.109957 0.000000 0.000000
0.000000 0.000000 24118.432311 24107.770488 24095.694001 24014.470400 24037.997450 23996.255952 23973.882425 23970.620203 23954.204100 23943.631071 23951.576374 23951.209820 23996.608587 23974.258369 24091.587458 24065.444665 24061.455055 0.000000 0.000000
0.000000 0.000000 27306.400702 27301.779664 27186.173979 27231.904068 27228.186328 27222.106943 27277.286021 27258.971356 27286.823905 27278.266627 27258.615518 27287.979667 27284.499300 27288.209420 27173.951570 27350.869197 27341.997145 0.000000 0.000000
0.000000 0.000000 31026.250939 30860.048852 30920.287866 30857.316163 30771.587713 30751.311523 30697.681906 30712.870341 30657.355108 30664.729856 30695.210658 30665.938560 30708.605038 30763.951640 30916.067817 30793.662736 30970.579548 0.000000 0.000000
0.000000 0.000000 32095.008569 32266.992503 32405.234243 32412.045465 32426.612100 32303.757794 32329.827921 32287.627434 32356.976875 32344.788145 32336.571270 32353.517881 32452.540572 32442.833379 32431.053845 32326.077950 32155.047222 0.000000 0.000000
0.000000 0.000000 0.000000 0.000000 0.000000 0.000000 0.000000 0.000000 0.000000 0.000000 0.000000 0.000000 0.000000 0.000000 0.000000 0.000000 0.000000 0.000000 0.000000 0.000000 0.000000
0.000000 0.000000 0.000000 0.000000 0.000000 0.000000 0.000000 0.000000 0.000000 0.000000 0.000000 0.000000 0.000000 0.000000 0.000000 0.000000 0.000000 0.000000 0.000000 0.000000 0.000000