geotop/1.0zi/1.0Montebello/Templates/testdem/maps/_Erotot2506.asc
ncols         21
nrows         20
xllcorner     100.000000
yllcorner     100.000000
cellsize      50.000000
NODATA_value  -9999.0
0.000000 0.000000 0.000000 0.000000 0.000000 0.000000 0.000000 0.000000 0.000000 0.000000 0.000000 0.000000 0.000000 0.000000 0.000000 0.000000 0.000000 0.000000 0.000000 0.000000 0.000000
0.000000 0.000000 239.934621 239.937014 239.942183 240.059796 239.928031 239.932545 239.908949 239.947761 239.950120 239.947761 239.908949 239.932545 239.928031 240.059796 239.942183 239.937014 239.934621 0.000000 0.000000
0.000000 0.000000 13.727923 13.506555 11.754356 13.477148 13.770112 13.756137 13.787698 13.755421 13.752129 13.755421 13.787698 13.756137 13.770112 13.477148 11.754356 13.506555 13.727923 0.000000 0.000000
0.000000 0.000000 1739.824165 1739.503347 1739.839127 1737.970228 1739.976312 1739.416373 1739.413452 1740.237920 1740.386074 1740.237920 1739.413452 1739.416373 1739.976312 1737.970228 1739.839127 1739.503347 1739.824165 0.000000 0.000000
0.000000 0.000000 3566.772375 3566.600949 3565.938989 3566.529837 3567.074815 3566.935974 3566.897978 3567.048063 3567.011196 3567.048063 3566.897978 3566.935974 3567.074815 3566.529837 3565.938989 3566.600949 3566.772375 0.000000 0.000000
0.000000 0.000000 4624.609072 4624.403199 4623.840922 4623.993214 4624.805777 4624.511635 4624.530892 4624.874987 4624.963895 4624.874987 4624.530892 4624.511635 4624.805777 4623.993214 4623.840922 4624.403199 4624.609072 0.000000 0.000000
0.000000 0.000000 6032.936259 6032.765010 6032.250295 6032.392236 6033.086634 6032.832157 6032.856893 6033.162608 6033.260627 6033.162608 6032.856893 6032.832157 6033.086634 6032.392236 6032.250295 6032.765010 6032.936259 0.000000 0.000000
0.000000 0.000000 7361.566790 7361.423029 7360.943774 7361.088281 7361.685575 7361.466738 7361.488930 7361.762771 7361.856713 7361.762771 7361.488930 7361.466738 7361.685575 7361.088281 7360.943774 7361.423029 7361.566790 0.000000 0.000000
0.000000 0.000000 8600.736007 8600.604517 8600.149303 8600.293453 8600.842670 8600.640890 8600.661696 8600.919113 8601.009005 8600.919113 8600.661696 8600.640890 8600.842670 8600.293453 8600.149303 8600.604517 8600.736007 0.000000 0.000000
0.000000 0.000000 9769.134113 9769.031248 9768.586915 9768.769527 9769.227969 9769.047577 9769.072989 9769.307171 9769.392414 9769.307171 9769.072989 9769.047577 9769.227969 9768.769527 9768.586915 9769.031248 9769.134113 0.000000 0.000000
0.000000 0.000000 10871.810349 10871.700793 10871.276392 10871.434645 10871.903372 10871.723741 10871.745033 10871.975846 10872.056135 10871.975846 10871.745033 10871.723741 10871.903372 10871.434645 10871.276392 10871.700793 10871.810349 0.000000 0.000000
0.000000 0.000000 11924.334260 11924.224433 11923.816074 11923.968337 11924.422347 11924.250194 11924.270243 11924.493357 11924.572025 11924.493357 11924.270243 11924.250194 11924.422347 11923.968337 11923.816074 11924.224433 11924.334260 0.000000 0.000000
0.000000 0.000000 12935.733425 12935.628563 12935.226775 12935.380506 12935.814801 12935.647171 12935.667316 12935.884490 12935.959909 12935.884490 12935.667316 12935.647171 12935.814801 12935.380506 12935.226775 12935.628563 12935.733425 0.000000 0.000000
0.000000 0.000000 13911.246174 13911.149129 13910.756607 13910.928697 13911.325330 13911.164433 13911.186157 13911.394995 13911.468315 13911.394995 13911.186157 13911.164433 13911.325330 13910.928697 13910.756607 13911.149129 13911.246174 0.000000 0.000000
0.000000 0.000000 14855.192285 14855.093393 14854.704689 14854.865612 14855.267350 14855.107861 14855.128185 14855.335196 14855.406411 14855.335196 14855.128185 14855.107861 14855.267350 14854.865612 14854.704689 14855.093393 14855.192284 0.000000 0.000000
0.000000 0.000000 15768.305010 15768.208323 15767.830761 15767.984879 15768.374268 15768.219542 15768.239695 15768.441253 15768.510757 15768.441253 15768.239695 15768.219542 15768.374268 15767.984879 15767.830761 15768.208323 15768.305005 0.000000 0.000000
0.000000 0.000000 16653.733023 16653.637945 16653.262616 16653.419837 16653.800236 16653.647491 16653.667099 16653.863953 16653.931313 16653.863953 16653.667099 16653.647491 16653.800236 16653.419837 16653.262616 16653.637924 16653.732622 0.000000 0.000000
0.000000 0.000000 17550.996902 17551.307699 17550.939047 17551.092030 17551.467780 17551.318266 17551.335925 17551.529369 17551.594077 17551.529369 17551.335925 17551.318266 17551.467780 17551.092029 17550.939028 17551.304189 17551.395986 0.000000 0.000000
0.000000 0.000000 0.000000 0.000000 0.000000 0.000000 0.000000 0.000000 0.000000 0.000000 0.000000 0.000000 0.000000 0.000000 0.000000 0.000000 0.000000 0.000000 0.000000 0.000000 0.000000
0.000000 0.000000 0.000000 0.000000 0.000000 0.000000 0.000000 0.000000 0.000000 0.000000 0.000000 0.000000 0.000000 0.000000 0.000000 0.000000 0.000000 0.000000 0.000000 0.000000 0.000000