geotop/1.0zi/1.0Montebello/Templates/testdem/maps/_Erotot9981.asc
ncols         21
nrows         20
xllcorner     100.000000
yllcorner     100.000000
cellsize      50.000000
NODATA_value  -9999.0
0.000000 0.000000 0.000000 0.000000 0.000000 0.000000 0.000000 0.000000 0.000000 0.000000 0.000000 0.000000 0.000000 0.000000 0.000000 0.000000 0.000000 0.000000 0.000000 0.000000 0.000000
0.000000 0.000000 829.212345 829.363195 828.170200 827.765361 826.150067 825.655834 825.838189 825.829226 826.228013 825.667832 825.479259 825.521855 826.531513 827.113929 828.471880 829.648871 830.349491 0.000000 0.000000
0.000000 0.000000 62.027478 60.705641 61.064243 60.794305 61.643071 61.188033 60.757224 60.673436 60.856867 61.037210 61.229498 61.284231 61.136764 60.622047 59.600413 58.718352 59.447808 0.000000 0.000000
0.000000 0.000000 549.998434 554.724549 538.435604 529.670264 528.784249 520.792927 527.999582 529.925376 525.918778 527.206326 531.565318 530.989919 539.759791 550.477938 553.256658 551.665439 557.111430 0.000000 0.000000
0.000000 0.000000 4636.928974 4629.993440 4626.610470 4585.435459 4559.310000 4543.548451 4535.682206 4530.798093 4535.265971 4540.816989 4540.630737 4534.337003 4555.687561 4561.998137 4581.474480 4593.395370 4594.156290 0.000000 0.000000
0.000000 0.000000 6940.204585 6933.542305 6927.986637 6929.260602 6899.928170 6886.429044 6890.480843 6889.682315 6883.336086 6876.651796 6874.215589 6878.461477 6881.233829 6908.917340 6909.207813 6916.722480 6918.235804 0.000000 0.000000
0.000000 0.000000 8524.279599 8517.865137 8513.815805 8499.393281 8492.882178 8454.744746 8454.175463 8451.325047 8449.108333 8453.202209 8453.581427 8454.672444 8491.032928 8495.212251 8505.080557 8508.279709 8513.203153 0.000000 0.000000
0.000000 0.000000 10231.442532 10227.093896 10219.731311 10202.281441 10191.236288 10187.416248 10187.804356 10185.914530 10183.949761 10180.017394 10179.256151 10186.310397 10185.299957 10197.132254 10213.273711 10211.071387 10217.106558 0.000000 0.000000
0.000000 0.000000 12406.260277 12399.462938 12389.712192 12382.126459 12363.880540 12340.028151 12343.256305 12339.441554 12334.270403 12333.789384 12337.037228 12330.220141 12358.591647 12374.675853 12377.775403 12381.856639 12384.108846 0.000000 0.000000
0.000000 0.000000 14956.711962 14945.797466 14940.907302 14929.442530 14912.851624 14891.973972 14890.766632 14888.984809 14882.139288 14886.713660 14890.113515 14888.986949 14898.949642 14921.518941 14930.452105 14934.749890 14933.793906 0.000000 0.000000
0.000000 0.000000 17828.974369 17823.163248 17818.549196 17779.779279 17778.916244 17748.219673 17756.935153 17738.222990 17742.184207 17737.681558 17729.204742 17741.111198 17759.316955 17765.184774 17782.164337 17785.816592 17804.888050 0.000000 0.000000
0.000000 0.000000 21076.146798 21059.251137 21036.856059 21031.921977 21018.020738 20982.098782 20980.155162 20983.068884 20988.029370 20971.192259 20980.008696 20975.818487 21009.563701 21026.886657 21029.370915 21036.031389 21063.126094 0.000000 0.000000
0.000000 0.000000 24551.498559 24539.365256 24540.578181 24514.327991 24492.419307 24406.000300 24400.090346 24397.585261 24353.592668 24382.525980 24383.556992 24392.243765 24458.536065 24468.710464 24508.223046 24507.843870 24511.186080 0.000000 0.000000
0.000000 0.000000 28686.292330 28685.047952 28651.387479 28633.092898 28513.841205 28584.284428 28553.798787 28555.962616 28577.616393 28555.601518 28553.810495 28536.548708 28470.159321 28609.515424 28607.801546 28642.551470 28658.796704 0.000000 0.000000
0.000000 0.000000 32933.216662 32920.022527 32900.754228 32764.054853 32848.204948 32754.221961 32734.681066 32726.910296 32691.451102 32681.504122 32695.420855 32698.828068 32783.382377 32695.254139 32884.668515 32833.666889 32820.227395 0.000000 0.000000
0.000000 0.000000 36276.981076 36269.486937 36135.721113 36223.630076 36199.351180 36211.858162 36281.618281 36262.368394 36297.261076 36291.358515 36264.795766 36297.646455 36272.675418 36301.967542 36114.858665 36331.577170 36322.703642 0.000000 0.000000
0.000000 0.000000 38975.442370 38874.597884 38926.627018 38883.635739 38829.241628 38828.214128 38790.673560 38802.789054 38765.270085 38771.068006 38791.084251 38772.065890 38789.410208 38820.067691 38920.566513 38826.413028 38933.574747 0.000000 0.000000
0.000000 0.000000 39893.522067 39954.456601 40029.778976 40024.041629 40019.417457 39959.821945 39966.614427 39948.360533 39972.381232 39968.138766 39969.777733 39970.487998 40020.007191 40026.465448 40036.035550 39964.194952 39904.616745 0.000000 0.000000
0.000000 0.000000 0.000000 0.000000 0.000000 0.000000 0.000000 0.000000 0.000000 0.000000 0.000000 0.000000 0.000000 0.000000 0.000000 0.000000 0.000000 0.000000 0.000000 0.000000 0.000000
0.000000 0.000000 0.000000 0.000000 0.000000 0.000000 0.000000 0.000000 0.000000 0.000000 0.000000 0.000000 0.000000 0.000000 0.000000 0.000000 0.000000 0.000000 0.000000 0.000000 0.000000