geotop/1.0zi/1.0Montebello/Templates/testdem/maps/_Erotot8671.asc
ncols         21
nrows         20
xllcorner     100.000000
yllcorner     100.000000
cellsize      50.000000
NODATA_value  -9999.0
0.000000 0.000000 0.000000 0.000000 0.000000 0.000000 0.000000 0.000000 0.000000 0.000000 0.000000 0.000000 0.000000 0.000000 0.000000 0.000000 0.000000 0.000000 0.000000 0.000000 0.000000
0.000000 0.000000 690.912447 691.728549 691.160933 691.251325 690.226927 690.379759 690.365697 690.442048 690.817630 690.193433 690.075310 690.123191 690.501754 690.661218 691.503599 692.058858 692.279631 0.000000 0.000000
0.000000 0.000000 54.259508 53.216207 53.503808 53.471742 54.132921 53.788120 53.463365 53.298096 53.515796 53.831743 53.896954 54.001281 53.849062 53.341033 52.077408 51.257296 51.793285 0.000000 0.000000
0.000000 0.000000 369.957098 370.758893 356.945936 349.223232 349.766752 341.464774 341.343412 342.659936 339.178483 337.120687 339.442593 339.639849 350.003713 357.436397 362.201954 364.891008 370.525714 0.000000 0.000000
0.000000 0.000000 3629.507568 3626.335240 3627.650903 3601.081504 3577.549187 3566.393424 3565.787312 3559.778620 3568.808156 3575.969952 3575.073177 3570.286500 3586.541563 3589.154939 3603.164453 3611.930641 3612.903774 0.000000 0.000000
0.000000 0.000000 5704.946102 5701.018181 5695.921625 5690.913790 5675.005893 5664.666982 5666.273291 5665.027896 5661.187779 5655.258512 5653.742871 5657.620377 5657.201339 5679.190042 5685.421031 5691.460217 5694.210434 0.000000 0.000000
0.000000 0.000000 7063.377174 7058.538883 7055.840649 7047.695310 7033.181173 7008.033066 7007.261115 7004.835587 7004.900428 7009.421684 7010.134079 7011.034662 7040.657756 7050.726536 7056.602920 7059.982153 7065.211517 0.000000 0.000000
0.000000 0.000000 8362.637384 8362.486228 8358.643757 8346.749979 8343.904405 8335.203103 8335.412761 8333.258915 8333.638498 8329.496623 8328.331931 8335.333963 8337.538450 8342.970717 8356.893291 8354.804908 8360.660245 0.000000 0.000000
0.000000 0.000000 10057.085005 10051.345988 10044.529420 10042.960494 10028.833271 10012.818604 10014.812511 10011.164658 10008.619329 10008.334987 10011.157639 10004.961808 10025.456098 10040.404241 10042.647420 10046.906889 10048.969183 0.000000 0.000000
0.000000 0.000000 12000.591728 11995.749826 11995.079438 11989.826434 11966.971400 11956.922451 11955.899521 11955.778827 11952.005748 11956.465940 11959.498300 11959.009834 11966.636855 11983.249046 11991.532469 11994.141690 11994.956434 0.000000 0.000000
0.000000 0.000000 14149.206563 14148.369812 14145.585516 14119.566708 14113.733801 14094.577304 14103.041019 14086.527399 14093.076782 14089.731449 14082.665267 14093.038432 14105.481728 14108.134525 14123.271042 14130.062933 14142.737790 0.000000 0.000000
0.000000 0.000000 16505.918341 16494.722956 16484.799085 16481.914217 16466.649448 16447.382350 16440.918233 16444.281725 16450.883015 16438.931803 16445.557746 16443.805381 16469.083279 16481.180065 16483.570090 16489.046859 16513.778782 0.000000 0.000000
0.000000 0.000000 18988.989831 18981.731160 18984.395152 18963.426585 18956.247559 18896.500970 18894.347061 18894.143230 18867.862345 18885.119460 18887.744272 18894.197143 18937.816616 18945.029693 18974.145827 18972.243070 18980.816398 0.000000 0.000000
0.000000 0.000000 21886.918136 21889.694262 21871.829220 21865.113144 21787.981096 21819.042556 21801.124124 21801.982688 21813.401481 21803.804996 21803.114519 21793.518199 21764.320575 21849.111976 21853.525183 21879.427075 21891.009751 0.000000 0.000000
0.000000 0.000000 25156.938812 25145.236113 25131.943718 25042.565964 25070.265400 25025.415314 25002.509539 24999.169126 24981.317333 24970.283731 24979.200470 24979.172154 25028.986692 25002.459462 25129.218722 25100.474249 25096.087000 0.000000 0.000000
0.000000 0.000000 28490.035145 28484.866945 28360.011009 28412.403731 28405.834395 28402.706927 28462.435022 28443.692968 28474.421356 28465.874822 28444.329970 28475.990155 28470.405689 28476.414023 28348.639341 28540.126344 28531.349236 0.000000 0.000000
0.000000 0.000000 32296.581126 32124.068665 32191.440121 32122.037347 32032.872921 32012.358635 31954.187826 31970.899335 31912.125006 31920.059303 31952.992965 31920.981207 31966.397464 32024.724587 32188.707591 32052.987469 32236.848767 0.000000 0.000000
0.000000 0.000000 33280.868147 33456.379399 33591.822614 33598.601199 33613.973854 33491.620741 33519.206908 33476.888165 33547.817270 33535.429441 33526.395547 33544.407320 33643.272924 33633.287578 33618.514638 33517.497219 33342.570997 0.000000 0.000000
0.000000 0.000000 0.000000 0.000000 0.000000 0.000000 0.000000 0.000000 0.000000 0.000000 0.000000 0.000000 0.000000 0.000000 0.000000 0.000000 0.000000 0.000000 0.000000 0.000000 0.000000
0.000000 0.000000 0.000000 0.000000 0.000000 0.000000 0.000000 0.000000 0.000000 0.000000 0.000000 0.000000 0.000000 0.000000 0.000000 0.000000 0.000000 0.000000 0.000000 0.000000 0.000000