geotop/1.0zi/1.0Montebello/Templates/testdem/maps/_Erotot4875.asc
ncols         21
nrows         20
xllcorner     100.000000
yllcorner     100.000000
cellsize      50.000000
NODATA_value  -9999.0
0.000000 0.000000 0.000000 0.000000 0.000000 0.000000 0.000000 0.000000 0.000000 0.000000 0.000000 0.000000 0.000000 0.000000 0.000000 0.000000 0.000000 0.000000 0.000000 0.000000 0.000000
0.000000 0.000000 361.265345 360.340617 360.055907 359.864026 359.833821 359.843123 359.883091 360.043065 359.997582 359.869619 359.951039 360.026421 359.904866 359.953065 360.140269 360.108473 360.678286 0.000000 0.000000
0.000000 0.000000 28.278583 29.226769 29.672364 30.712499 30.228237 30.345463 30.024690 29.820012 29.892062 30.234587 29.896598 29.692300 30.301304 29.921173 29.102930 28.495744 27.825338 0.000000 0.000000
0.000000 0.000000 151.067003 152.407053 145.187646 143.196945 144.400437 139.678743 138.904615 139.011179 137.612645 136.471689 137.586701 136.137284 138.685794 143.503236 143.036965 146.423554 149.136021 0.000000 0.000000
0.000000 0.000000 1462.262385 1466.551433 1471.787320 1454.323987 1443.286724 1435.048722 1437.696672 1432.144769 1436.016967 1440.188253 1440.520217 1440.865606 1450.340169 1449.371257 1455.455164 1460.717661 1462.526925 0.000000 0.000000
0.000000 0.000000 2742.203984 2736.551732 2732.660340 2729.505751 2723.145683 2719.880204 2717.247523 2719.118868 2718.525938 2715.790409 2712.200520 2714.084746 2714.023485 2727.063910 2731.061865 2731.374734 2734.267824 0.000000 0.000000
0.000000 0.000000 3517.127861 3512.516221 3507.683452 3503.804975 3492.833620 3477.240834 3478.610408 3475.259314 3478.107420 3477.235935 3480.149900 3482.422153 3497.198748 3506.406656 3512.577540 3516.570082 3520.154725 0.000000 0.000000
0.000000 0.000000 4073.031632 4073.165875 4073.743334 4069.182150 4067.235246 4062.349591 4063.068450 4063.414093 4060.750201 4061.509288 4060.550150 4059.744455 4063.231371 4066.744997 4068.756432 4068.455891 4069.719329 0.000000 0.000000
0.000000 0.000000 4769.033596 4768.700750 4765.953060 4763.558168 4758.736894 4749.932102 4750.241743 4748.490588 4748.753227 4749.218103 4748.616259 4749.621967 4755.200434 4763.203999 4763.156615 4764.939252 4768.709916 0.000000 0.000000
0.000000 0.000000 5588.015763 5586.067371 5586.150793 5582.075807 5572.822260 5567.577837 5569.248624 5568.417730 5568.283163 5568.106354 5567.406613 5566.162471 5573.968175 5580.878398 5583.096523 5584.407690 5585.832877 0.000000 0.000000
0.000000 0.000000 6454.939437 6452.928598 6451.347123 6449.007748 6445.814606 6434.965717 6435.308148 6432.869308 6432.728068 6433.600920 6432.806097 6433.106775 6438.590001 6441.579194 6446.313971 6448.701998 6451.841187 0.000000 0.000000
0.000000 0.000000 7358.463996 7357.533653 7354.870213 7347.817464 7342.509414 7334.086271 7333.132474 7332.861328 7332.724984 7331.667680 7331.619271 7331.929476 7341.561884 7347.845256 7351.204199 7352.689273 7370.000161 0.000000 0.000000
0.000000 0.000000 8270.309138 8268.194749 8265.777747 8262.714451 8254.590811 8234.234463 8234.562170 8232.850578 8232.498816 8232.933059 8231.674081 8232.630534 8250.023501 8258.559822 8261.786515 8263.628503 8266.050311 0.000000 0.000000
0.000000 0.000000 9246.692505 9243.350681 9241.023219 9236.796522 9215.343860 9223.772501 9217.803047 9216.993103 9217.154662 9217.259989 9216.350779 9216.567305 9210.706093 9230.866649 9234.785089 9240.530555 9240.474803 0.000000 0.000000
0.000000 0.000000 10290.889245 10285.900765 10280.790661 10266.246161 10263.212090 10246.364059 10238.005717 10236.372541 10231.629751 10231.099081 10232.659681 10230.714150 10242.463616 10250.790235 10274.190274 10269.905259 10271.422826 0.000000 0.000000
0.000000 0.000000 11336.852268 11336.207788 11313.052655 11316.602117 11315.444732 11314.369844 11317.510132 11317.731647 11320.512952 11320.075074 11316.994461 11323.052938 11320.906506 11319.601597 11307.078140 11334.205882 11339.186028 0.000000 0.000000
0.000000 0.000000 12526.195605 12498.340639 12489.459900 12480.681466 12463.963279 12457.043011 12455.263736 12454.503977 12450.092403 12450.177150 12451.053527 12448.332500 12453.943275 12472.378565 12486.930223 12487.450454 12515.473628 0.000000 0.000000
0.000000 0.000000 13396.576032 13401.176420 13426.223300 13415.618209 13408.219524 13381.811240 13380.041814 13377.200549 13379.016284 13378.492345 13377.069680 13379.412138 13404.610807 13413.976231 13426.638607 13397.547837 13398.776357 0.000000 0.000000
0.000000 0.000000 0.000000 0.000000 0.000000 0.000000 0.000000 0.000000 0.000000 0.000000 0.000000 0.000000 0.000000 0.000000 0.000000 0.000000 0.000000 0.000000 0.000000 0.000000 0.000000
0.000000 0.000000 0.000000 0.000000 0.000000 0.000000 0.000000 0.000000 0.000000 0.000000 0.000000 0.000000 0.000000 0.000000 0.000000 0.000000 0.000000 0.000000 0.000000 0.000000 0.000000