geotop/1.0zi/1.0Montebello/Templates/testdem/maps/_Erotot9044.asc
ncols         21
nrows         20
xllcorner     100.000000
yllcorner     100.000000
cellsize      50.000000
NODATA_value  -9999.0
0.000000 0.000000 0.000000 0.000000 0.000000 0.000000 0.000000 0.000000 0.000000 0.000000 0.000000 0.000000 0.000000 0.000000 0.000000 0.000000 0.000000 0.000000 0.000000 0.000000 0.000000
0.000000 0.000000 719.236361 719.874589 719.305360 719.391226 718.372770 718.496860 718.579382 718.653604 719.035224 718.401176 718.290777 718.329061 718.735638 718.864033 719.687659 720.277087 720.436766 0.000000 0.000000
0.000000 0.000000 56.012128 55.028581 55.326127 55.258952 56.083101 55.756971 55.385976 55.252980 55.456811 55.785750 55.843557 55.960936 55.734079 55.129772 53.858298 53.011561 53.621466 0.000000 0.000000
0.000000 0.000000 429.749292 431.485570 418.434394 412.203572 411.633340 405.768728 410.763371 412.439553 408.490556 406.892259 410.309019 409.815564 418.305923 426.779153 430.589340 424.990531 432.263329 0.000000 0.000000
0.000000 0.000000 3938.975938 3932.256286 3928.860106 3894.536564 3870.130029 3858.271971 3850.722655 3843.512372 3852.013247 3858.804169 3857.190506 3852.158579 3871.850484 3876.346557 3892.051635 3903.157396 3903.330668 0.000000 0.000000
0.000000 0.000000 6036.749541 6031.428238 6026.977485 6029.117287 6007.063427 5993.850219 5998.586685 5998.308464 5993.952028 5987.822924 5986.075360 5990.246806 5990.403877 6015.426923 6016.760120 6022.880789 6025.187284 0.000000 0.000000
0.000000 0.000000 7456.181341 7450.454405 7446.999337 7436.033677 7427.213841 7394.360000 7394.698323 7392.097843 7391.791283 7396.114972 7396.653284 7397.613940 7430.498195 7436.330803 7444.680179 7447.091081 7452.098250 0.000000 0.000000
0.000000 0.000000 8860.076454 8857.386680 8853.075610 8840.809250 8834.861990 8831.181513 8831.868356 8829.875115 8830.073666 8825.883377 8824.662580 8832.049202 8830.377489 8839.008626 8853.218282 8849.232787 8855.362228 0.000000 0.000000
0.000000 0.000000 10672.317052 10667.068389 10659.627628 10656.861075 10641.596435 10622.697554 10625.429463 10621.253833 10618.150848 10617.697778 10620.454418 10614.220688 10638.317701 10652.321266 10653.775964 10655.777180 10659.306775 0.000000 0.000000
0.000000 0.000000 12773.500358 12765.777943 12764.405090 12757.676725 12734.102647 12723.092507 12722.406359 12721.045551 12717.089447 12721.458585 12724.429287 12724.057974 12731.396985 12750.180545 12757.777061 12760.025669 12759.219603 0.000000 0.000000
0.000000 0.000000 15101.134274 15098.425040 15095.009183 15066.715933 15060.349138 15039.653603 15047.782603 15030.499502 15036.444417 15032.631582 15024.970128 15035.830025 15050.288807 15053.800163 15068.891253 15072.363785 15087.331170 0.000000 0.000000
0.000000 0.000000 17676.765735 17666.633231 17651.545963 17648.485497 17632.047646 17608.991917 17607.010482 17609.996379 17616.084087 17603.162427 17610.218431 17608.105190 17634.541648 17647.141198 17647.522574 17651.224647 17676.490824 0.000000 0.000000
0.000000 0.000000 20404.101223 20393.558004 20396.576336 20372.808261 20363.374075 20296.211644 20293.549163 20292.346719 20262.860451 20281.851813 20284.141690 20291.333448 20340.981299 20349.742672 20379.860344 20376.847575 20383.697985 0.000000 0.000000
0.000000 0.000000 23626.038772 23626.962881 23604.913592 23597.322275 23508.188762 23548.215698 23527.861002 23529.237539 23542.817540 23530.867305 23529.564965 23518.452247 23480.523615 23580.179000 23582.442230 23606.874003 23620.071122 0.000000 0.000000
0.000000 0.000000 27227.441045 27211.822153 27195.405408 27091.861304 27133.816510 27076.937748 27054.474464 27049.703501 27027.381594 27015.578961 27025.943391 27026.666916 27085.100944 27044.526707 27190.746513 27151.747438 27144.955979 0.000000 0.000000
0.000000 0.000000 30777.299472 30770.207292 30629.504643 30698.491067 30685.056213 30686.760059 30756.922403 30735.350008 30769.903267 30761.583610 30735.942986 30771.295403 30759.206072 30774.023724 30612.204472 30827.690989 30818.121634 0.000000 0.000000
0.000000 0.000000 34568.771114 34395.927878 34474.543561 34399.818475 34311.683445 34290.606171 34226.873989 34245.352332 34183.476073 34191.921090 34226.634777 34191.840842 34238.528204 34293.785051 34468.830005 34314.594979 34495.806995 0.000000 0.000000
0.000000 0.000000 35431.575097 35592.510005 35715.553777 35720.082349 35733.780961 35622.201285 35648.687476 35609.482286 35674.137211 35662.586666 35654.446632 35670.459719 35758.141027 35750.837501 35735.814340 35640.206481 35479.678821 0.000000 0.000000
0.000000 0.000000 0.000000 0.000000 0.000000 0.000000 0.000000 0.000000 0.000000 0.000000 0.000000 0.000000 0.000000 0.000000 0.000000 0.000000 0.000000 0.000000 0.000000 0.000000 0.000000
0.000000 0.000000 0.000000 0.000000 0.000000 0.000000 0.000000 0.000000 0.000000 0.000000 0.000000 0.000000 0.000000 0.000000 0.000000 0.000000 0.000000 0.000000 0.000000 0.000000 0.000000