geotop/1.0zi/1.0Montebello/Templates/testdem/maps/_Erotot7505.asc
ncols         21
nrows         20
xllcorner     100.000000
yllcorner     100.000000
cellsize      50.000000
NODATA_value  -9999.0
0.000000 0.000000 0.000000 0.000000 0.000000 0.000000 0.000000 0.000000 0.000000 0.000000 0.000000 0.000000 0.000000 0.000000 0.000000 0.000000 0.000000 0.000000 0.000000 0.000000 0.000000
0.000000 0.000000 641.989075 642.935010 642.333479 642.495630 641.624932 641.826691 641.773419 641.878182 642.301462 641.633603 641.517240 641.558542 641.902568 641.943798 642.742610 643.325220 643.394475 0.000000 0.000000
0.000000 0.000000 49.995427 48.772357 48.918119 49.294843 49.709696 49.387021 49.121926 48.959807 49.201547 49.537051 49.558654 49.722908 49.471674 49.144997 47.734843 46.798361 47.552962 0.000000 0.000000
0.000000 0.000000 353.334486 354.619180 342.458151 336.699005 337.502388 326.118022 326.186682 327.061812 323.401449 321.568562 323.770761 323.920287 334.232943 341.095033 345.731718 348.686381 353.592985 0.000000 0.000000
0.000000 0.000000 2969.356460 2972.475561 2976.344526 2954.846407 2936.254333 2926.520868 2926.230275 2922.570201 2928.682613 2934.672802 2929.333339 2927.592274 2942.059323 2945.172388 2954.355633 2962.552888 2962.174126 0.000000 0.000000
0.000000 0.000000 4709.172893 4703.475728 4699.906586 4693.965561 4679.667079 4670.083444 4670.798319 4669.637042 4666.387886 4660.678622 4659.806504 4663.073143 4662.193271 4681.332004 4689.405814 4696.385497 4699.409858 0.000000 0.000000
0.000000 0.000000 5988.141646 5985.168828 5980.893687 5974.315806 5960.855754 5939.961321 5938.987992 5935.349797 5936.677752 5940.548366 5941.910680 5942.447802 5969.300424 5979.049543 5984.405801 5987.047360 5992.261511 0.000000 0.000000
0.000000 0.000000 7000.726086 7001.193823 6998.467878 6989.071106 6987.014039 6978.195970 6978.518349 6978.555508 6977.437189 6973.717409 6972.910066 6978.962697 6980.389906 6984.899176 6996.950690 6995.423464 7000.284783 0.000000 0.000000
0.000000 0.000000 8339.750083 8335.568894 8329.643089 8329.653347 8319.177936 8304.592024 8305.851795 8301.651803 8299.399047 8299.344149 8301.596868 8295.873427 8313.888454 8327.335222 8328.862205 8332.339872 8333.691432 0.000000 0.000000
0.000000 0.000000 9873.832204 9870.639020 9871.200585 9867.446199 9847.964210 9838.869510 9838.696831 9838.542115 9835.130321 9838.588624 9841.570749 9840.801840 9847.154743 9860.901969 9868.143424 9869.924064 9870.998580 0.000000 0.000000
0.000000 0.000000 11547.186991 11546.533675 11544.066426 11524.905192 11519.417083 11504.713890 11510.279684 11497.702140 11501.408620 11499.902386 11493.109607 11502.663858 11511.445047 11514.096846 11526.015866 11532.764999 11543.086941 0.000000 0.000000
0.000000 0.000000 13348.502215 13341.168998 13333.828584 13330.663645 13321.362277 13302.390451 13299.262490 13299.844194 13306.779777 13296.381457 13300.092698 13300.050959 13321.307126 13329.205013 13331.825977 13335.604991 13357.993197 0.000000 0.000000
0.000000 0.000000 15208.287396 15203.956015 15204.451829 15191.808392 15185.319238 15141.226506 15139.670875 15139.015577 15118.851813 15130.398658 15134.488392 15138.829341 15169.459720 15176.102419 15197.820910 15197.418598 15205.210289 0.000000 0.000000
0.000000 0.000000 17320.655074 17323.120208 17310.882818 17306.715698 17255.257240 17272.261202 17257.903289 17259.210655 17264.309567 17260.483135 17258.431909 17254.071809 17235.569525 17291.595893 17298.022623 17316.493143 17325.610232 0.000000 0.000000
0.000000 0.000000 19673.825655 19666.276510 19658.317550 19603.793464 19613.112384 19585.780576 19567.672118 19565.204727 19554.704005 19545.144672 19550.236559 19548.858269 19580.332399 19573.866086 19654.426260 19638.621211 19636.794652 0.000000 0.000000
0.000000 0.000000 22132.621643 22129.990557 22051.058356 22070.457325 22072.734345 22062.430478 22098.437063 22085.055216 22100.869123 22092.990717 22081.006119 22101.527164 22104.601979 22105.249044 22043.521237 22158.078120 22150.169873 0.000000 0.000000
0.000000 0.000000 25066.348710 24952.754114 24974.866231 24940.146078 24879.496630 24867.061693 24838.012910 24847.035266 24811.757184 24814.852399 24831.999109 24818.925688 24846.480332 24883.339242 24972.837879 24918.066265 25039.407451 0.000000 0.000000
0.000000 0.000000 26428.654799 26526.112486 26636.874573 26633.743500 26629.709670 26535.862560 26547.138753 26516.789555 26558.890904 26550.861302 26550.902191 26557.211266 26636.664068 26640.748591 26657.211848 26560.449059 26464.687779 0.000000 0.000000
0.000000 0.000000 0.000000 0.000000 0.000000 0.000000 0.000000 0.000000 0.000000 0.000000 0.000000 0.000000 0.000000 0.000000 0.000000 0.000000 0.000000 0.000000 0.000000 0.000000 0.000000
0.000000 0.000000 0.000000 0.000000 0.000000 0.000000 0.000000 0.000000 0.000000 0.000000 0.000000 0.000000 0.000000 0.000000 0.000000 0.000000 0.000000 0.000000 0.000000 0.000000 0.000000