geotop/1.0zi/1.0Montebello/Templates/testdem/maps/_Erotot5887.asc
ncols         21
nrows         20
xllcorner     100.000000
yllcorner     100.000000
cellsize      50.000000
NODATA_value  -9999.0
0.000000 0.000000 0.000000 0.000000 0.000000 0.000000 0.000000 0.000000 0.000000 0.000000 0.000000 0.000000 0.000000 0.000000 0.000000 0.000000 0.000000 0.000000 0.000000 0.000000 0.000000
0.000000 0.000000 453.639191 452.837146 452.650909 452.437430 452.399746 452.500210 452.444251 452.622316 452.525579 452.323944 452.261810 452.340766 452.454124 452.360792 452.559632 452.757010 453.180782 0.000000 0.000000
0.000000 0.000000 33.857511 34.530699 34.827430 36.000153 35.737792 35.497101 35.324225 35.101053 35.315823 35.674140 35.486310 35.231726 35.674562 35.447837 34.611848 33.775834 33.161128 0.000000 0.000000
0.000000 0.000000 185.502297 186.815008 179.125967 176.174620 177.541705 172.489318 172.106243 171.810371 170.899599 168.551868 171.099346 169.282967 172.809232 178.280982 178.040085 181.238314 184.463868 0.000000 0.000000
0.000000 0.000000 1816.945458 1821.006529 1824.891717 1806.010079 1790.710916 1779.869193 1782.477372 1779.519702 1783.243363 1787.389456 1784.173547 1782.286430 1793.052823 1793.693951 1801.406409 1808.845377 1810.983386 0.000000 0.000000
0.000000 0.000000 3293.171464 3287.690991 3285.124886 3280.425488 3272.301545 3264.976594 3263.212590 3263.298032 3262.140811 3260.002713 3257.336600 3259.584131 3259.576841 3274.876319 3279.908530 3283.272550 3285.279024 0.000000 0.000000
0.000000 0.000000 4360.290856 4357.605875 4354.383969 4349.898477 4336.860123 4320.194037 4320.264189 4316.719264 4318.472379 4321.251375 4323.140133 4324.334680 4344.388491 4354.047502 4358.961181 4360.564640 4365.881959 0.000000 0.000000
0.000000 0.000000 5015.213831 5016.517648 5015.182451 5008.694856 5008.048821 5000.976938 5001.527871 5001.907068 5000.652952 4998.254098 4998.008034 5001.569456 5001.787883 5004.447749 5012.815283 5011.163729 5014.279016 0.000000 0.000000
0.000000 0.000000 5912.174081 5909.439756 5904.940958 5905.728219 5899.028558 5888.540284 5888.992313 5886.349424 5883.890683 5885.095346 5886.311575 5881.159300 5894.469865 5902.643825 5904.848733 5905.764071 5907.298771 0.000000 0.000000
0.000000 0.000000 6951.183968 6948.746831 6950.488264 6949.670292 6934.841516 6927.818302 6929.232098 6928.316726 6926.270241 6929.391513 6932.356713 6930.760681 6934.112563 6944.550277 6948.488779 6948.762309 6949.579186 0.000000 0.000000
0.000000 0.000000 8071.810558 8071.946610 8071.662612 8057.260688 8054.564872 8043.820642 8047.366560 8038.286048 8040.715483 8039.778473 8035.086134 8042.401673 8046.931863 8048.478708 8055.191524 8061.156655 8068.515241 0.000000 0.000000
0.000000 0.000000 9244.204783 9239.576541 9234.252183 9232.341354 9228.324334 9213.511353 9212.527652 9211.625159 9218.300121 9211.249824 9213.293940 9212.809409 9228.451314 9231.869033 9233.395970 9233.976444 9253.444569 0.000000 0.000000
0.000000 0.000000 10431.547311 10429.592384 10430.284290 10422.699065 10418.559954 10391.755735 10390.527773 10390.199186 10375.812816 10384.824641 10388.763637 10390.722698 10407.104387 10411.113646 10425.144584 10424.578184 10431.496201 0.000000 0.000000
0.000000 0.000000 11733.612360 11734.946934 11727.676397 11726.420328 11698.716979 11706.948454 11696.451197 11697.885652 11699.126835 11698.691132 11697.179071 11693.781596 11683.979647 11713.890379 11719.377192 11730.088679 11737.196645 0.000000 0.000000
0.000000 0.000000 13140.329110 13135.268958 13131.797767 13107.392635 13106.962407 13091.393771 13078.492200 13076.913050 13071.953807 13065.744239 13068.957415 13067.127028 13082.202008 13086.160630 13127.525947 13118.706369 13118.903447 0.000000 0.000000
0.000000 0.000000 14584.470471 14583.756974 14547.259718 14546.586435 14551.490586 14543.913856 14561.157295 14553.528672 14559.551849 14555.043462 14549.709826 14558.349518 14562.171312 14561.791111 14541.167839 14592.835097 14585.929251 0.000000 0.000000
0.000000 0.000000 16227.546303 16183.368180 16180.916505 16170.954744 16145.249418 16138.343447 16129.982688 16133.187176 16119.222386 16119.643665 16124.793258 16124.409586 16136.447283 16147.898307 16179.642935 16173.323952 16222.969368 0.000000 0.000000
0.000000 0.000000 17366.054558 17379.379836 17425.391910 17418.451538 17404.171733 17366.381476 17367.574015 17353.418321 17365.506587 17363.541067 17369.232057 17364.630493 17397.732131 17409.769524 17433.259882 17385.887939 17372.507314 0.000000 0.000000
0.000000 0.000000 0.000000 0.000000 0.000000 0.000000 0.000000 0.000000 0.000000 0.000000 0.000000 0.000000 0.000000 0.000000 0.000000 0.000000 0.000000 0.000000 0.000000 0.000000 0.000000
0.000000 0.000000 0.000000 0.000000 0.000000 0.000000 0.000000 0.000000 0.000000 0.000000 0.000000 0.000000 0.000000 0.000000 0.000000 0.000000 0.000000 0.000000 0.000000 0.000000 0.000000