geotop/1.0zi/1.0Montebello/Templates/testdem/maps/_Erotot9413.asc
ncols         21
nrows         20
xllcorner     100.000000
yllcorner     100.000000
cellsize      50.000000
NODATA_value  -9999.0
0.000000 0.000000 0.000000 0.000000 0.000000 0.000000 0.000000 0.000000 0.000000 0.000000 0.000000 0.000000 0.000000 0.000000 0.000000 0.000000 0.000000 0.000000 0.000000 0.000000 0.000000
0.000000 0.000000 757.470915 757.974835 757.399752 757.481099 756.479821 756.585416 756.673319 756.746935 757.135517 756.501526 756.393374 756.441603 756.845967 756.967528 757.783914 758.394379 758.619477 0.000000 0.000000
0.000000 0.000000 57.249710 56.203607 56.520486 56.454400 57.327061 57.026040 56.627141 56.483151 56.680067 56.996374 57.050026 57.156768 56.925651 56.274647 55.015786 54.120809 54.669251 0.000000 0.000000
0.000000 0.000000 472.293998 474.938102 460.871628 455.182424 454.444425 446.802600 453.640899 455.745361 452.188831 452.410635 457.135811 456.597818 465.161511 473.734784 476.597051 474.863019 481.776633 0.000000 0.000000
0.000000 0.000000 4229.443814 4223.636748 4217.887563 4182.468898 4155.085318 4141.555253 4133.977010 4127.682137 4135.149936 4141.605226 4139.844921 4134.954365 4154.813167 4161.315082 4179.414811 4191.064372 4191.826858 0.000000 0.000000
0.000000 0.000000 6442.239944 6436.880847 6432.094725 6434.331572 6409.537271 6397.398002 6401.017721 6400.283034 6395.745173 6389.429556 6387.886715 6392.391900 6392.433790 6418.779384 6419.744072 6427.402073 6429.668314 0.000000 0.000000
0.000000 0.000000 7910.306538 7905.147077 7901.191042 7889.535810 7881.461978 7843.295530 7846.346295 7843.723386 7843.081296 7847.584857 7848.349505 7850.068591 7883.461298 7888.880452 7898.410604 7901.158917 7906.502908 0.000000 0.000000
0.000000 0.000000 9440.134648 9437.501247 9432.186364 9419.459037 9411.840314 9408.600644 9408.682369 9406.733360 9406.685907 9402.689131 9401.797063 9409.163024 9407.689975 9417.849436 9433.018816 9430.494536 9436.891091 0.000000 0.000000
0.000000 0.000000 11401.056633 11395.996331 11388.605133 11385.029711 11368.006938 11346.065110 11349.583327 11345.394516 11341.897897 11341.636738 11344.825798 11338.775275 11364.336009 11379.069499 11381.591150 11385.212779 11388.057172 0.000000 0.000000
0.000000 0.000000 13682.651543 13675.284141 13671.850572 13663.975827 13639.710269 13625.682031 13625.699279 13623.977107 13619.642806 13624.365411 13627.885734 13627.786308 13635.392860 13656.123987 13664.872288 13668.872121 13668.657834 0.000000 0.000000
0.000000 0.000000 16226.406117 16223.939412 16221.634157 16189.602093 16182.682561 16158.193764 16167.073799 16149.625871 16155.375694 16151.553006 16143.967139 16155.804871 16171.132508 16175.956311 16191.984239 16197.356443 16213.929753 0.000000 0.000000
0.000000 0.000000 19066.292416 19054.511883 19036.474571 19034.719430 19015.743422 18987.954580 18987.770449 18989.646733 18996.823137 18981.966383 18990.589246 18988.366440 19016.968563 19031.702456 19033.795274 19039.355219 19065.807847 0.000000 0.000000
0.000000 0.000000 22090.039605 22082.584327 22084.984329 22056.436169 22044.677187 21967.785428 21965.251543 21964.222600 21930.377946 21952.740499 21955.496379 21964.015297 22019.621495 22030.183138 22063.030326 22063.447613 22069.647679 0.000000 0.000000
0.000000 0.000000 25688.684659 25690.112715 25664.416057 25655.677159 25552.494396 25602.615552 25578.942341 25580.593396 25597.681527 25582.934805 25581.800914 25569.596317 25520.539717 25637.224890 25639.163079 25669.061971 25683.617332 0.000000 0.000000
0.000000 0.000000 29627.672790 29612.791195 29594.479186 29474.995602 29532.154579 29457.699127 29435.534364 29429.643746 29402.396665 29390.705801 29403.869110 29405.984484 29477.963230 29420.647833 29589.996211 29547.061300 29538.206207 0.000000 0.000000
0.000000 0.000000 33247.474428 33241.617116 33093.061458 33178.159030 33157.644980 33164.975075 33241.923696 33219.869617 33258.132676 33250.810103 33223.021981 33260.656468 33239.618561 33260.264305 33073.438651 33308.065566 33298.811835 0.000000 0.000000
0.000000 0.000000 36699.874923 36551.418277 36627.628399 36559.579867 36482.412566 36462.006038 36403.597225 36420.619265 36364.486101 36372.606128 36404.302733 36373.182354 36415.474366 36463.324819 36622.527773 36478.071841 36636.069266 0.000000 0.000000
0.000000 0.000000 37558.018152 37671.526131 37770.625118 37768.242077 37771.312614 37682.978201 37699.600310 37669.638180 37715.592829 37707.363654 37704.667657 37713.447657 37783.023547 37783.659924 37784.704473 37701.402956 37589.180865 0.000000 0.000000
0.000000 0.000000 0.000000 0.000000 0.000000 0.000000 0.000000 0.000000 0.000000 0.000000 0.000000 0.000000 0.000000 0.000000 0.000000 0.000000 0.000000 0.000000 0.000000 0.000000 0.000000
0.000000 0.000000 0.000000 0.000000 0.000000 0.000000 0.000000 0.000000 0.000000 0.000000 0.000000 0.000000 0.000000 0.000000 0.000000 0.000000 0.000000 0.000000 0.000000 0.000000 0.000000