geotop/1.0zi/1.0Montebello/Templates/testdem/maps/_Erotot5938.asc
ncols         21
nrows         20
xllcorner     100.000000
yllcorner     100.000000
cellsize      50.000000
NODATA_value  -9999.0
0.000000 0.000000 0.000000 0.000000 0.000000 0.000000 0.000000 0.000000 0.000000 0.000000 0.000000 0.000000 0.000000 0.000000 0.000000 0.000000 0.000000 0.000000 0.000000 0.000000 0.000000
0.000000 0.000000 461.826403 461.022403 460.834534 460.619324 460.579861 460.678584 460.622487 460.800602 460.703614 460.501574 460.439862 460.519340 460.634854 460.542946 460.744013 460.942664 461.368766 0.000000 0.000000
0.000000 0.000000 34.590582 35.266007 35.564174 36.736474 36.474615 36.235281 36.062602 35.840944 36.054942 36.414924 36.225722 35.969212 36.409261 36.182724 35.343086 34.506628 33.889028 0.000000 0.000000
0.000000 0.000000 192.043250 193.257728 185.657242 182.815718 184.205030 179.107755 178.705517 178.319508 177.568571 175.138044 177.600914 175.801702 179.148284 184.824592 184.734939 187.551751 191.694966 0.000000 0.000000
0.000000 0.000000 1863.072519 1867.214234 1870.943788 1851.816161 1836.437345 1825.927092 1828.553366 1825.699917 1829.240888 1833.422474 1830.301303 1828.497793 1839.063409 1839.655059 1847.416996 1855.139032 1856.881211 0.000000 0.000000
0.000000 0.000000 3330.932883 3325.409332 3322.856444 3318.165927 3309.959124 3302.318030 3300.552400 3300.626971 3299.471193 3297.319069 3294.666854 3296.923329 3297.214284 3312.609818 3317.670804 3320.996656 3323.061860 0.000000 0.000000
0.000000 0.000000 4406.330522 4403.618549 4400.360849 4395.830470 4382.769494 4366.006970 4366.074811 4362.532652 4364.267557 4367.026669 4368.933066 4370.168985 4390.300896 4399.997402 4404.997775 4406.591310 4412.018596 0.000000 0.000000
0.000000 0.000000 5073.390973 5074.668619 5073.300662 5066.752520 5066.054949 5058.982260 5059.532686 5059.917531 5058.637199 5056.214477 5055.991357 5059.604419 5059.800021 5062.529620 5070.990637 5069.334452 5072.561513 0.000000 0.000000
0.000000 0.000000 5983.690706 5980.921783 5976.372274 5977.102215 5970.342885 5959.814080 5960.268132 5957.627766 5955.135587 5956.318756 5957.563918 5952.457002 5965.788793 5974.045377 5976.352494 5977.269698 5978.914727 0.000000 0.000000
0.000000 0.000000 7037.292261 7034.817864 7036.518986 7035.635874 7020.721133 7013.655268 7015.070986 7014.164527 7012.080631 7015.182735 7018.185592 7016.642081 7020.007981 7030.540350 7034.592722 7034.867909 7035.792656 0.000000 0.000000
0.000000 0.000000 8173.918528 8174.021723 8173.691165 8159.177600 8156.426074 8145.617123 8149.175550 8140.072972 8142.476507 8141.505839 8136.831813 8144.233645 8148.781631 8150.403944 8157.241873 8163.234665 8170.721237 0.000000 0.000000
0.000000 0.000000 9363.930427 9359.245637 9353.842999 9351.857195 9347.769812 9332.869666 9331.872446 9330.988199 9337.654141 9330.537813 9332.636199 9332.205599 9347.929866 9351.440369 9353.083812 9353.666939 9373.329876 0.000000 0.000000
0.000000 0.000000 10569.895644 10567.894641 10568.546687 10560.856667 10556.642905 10529.501517 10528.267827 10527.949628 10513.424672 10522.469412 10526.470923 10528.510452 10545.129741 10549.237214 10563.472236 10562.912522 10569.928577 0.000000 0.000000
0.000000 0.000000 11893.157281 11894.451191 11887.080131 11885.744389 11857.546004 11866.022390 11855.438491 11856.904471 11858.136790 11857.639247 11856.156407 11852.797470 11842.751608 11873.197634 11878.832298 11889.644064 11896.894968 0.000000 0.000000
0.000000 0.000000 13323.768214 13318.643641 13315.055611 13290.026485 13289.823882 13274.117127 13261.116652 13259.521770 13254.455706 13248.142267 13251.461849 13249.681195 13264.845583 13268.669922 13310.870485 13301.921132 13302.201415 0.000000 0.000000
0.000000 0.000000 14795.559825 14794.785774 14757.422095 14757.052360 14762.061752 14754.610657 14772.167064 14764.488659 14770.606016 14766.014333 14760.604251 14769.512020 14773.161805 14772.659804 14751.427495 14804.262538 14797.413343 0.000000 0.000000
0.000000 0.000000 16470.591301 16425.054624 16422.901643 16412.709436 16386.532393 16379.597134 16370.994265 16374.279013 16359.947133 16360.361141 16365.762962 16365.285452 16377.418875 16389.224372 16421.768184 16414.741260 16465.844339 0.000000 0.000000
0.000000 0.000000 17624.231561 17638.736810 17686.292772 17679.350846 17665.163573 17626.552599 17627.817758 17613.417803 17625.865932 17623.801557 17629.540573 17625.112350 17658.867361 17670.819910 17694.557921 17645.696061 17631.255366 0.000000 0.000000
0.000000 0.000000 0.000000 0.000000 0.000000 0.000000 0.000000 0.000000 0.000000 0.000000 0.000000 0.000000 0.000000 0.000000 0.000000 0.000000 0.000000 0.000000 0.000000 0.000000 0.000000
0.000000 0.000000 0.000000 0.000000 0.000000 0.000000 0.000000 0.000000 0.000000 0.000000 0.000000 0.000000 0.000000 0.000000 0.000000 0.000000 0.000000 0.000000 0.000000 0.000000 0.000000