geotop/1.0zi/1.0Montebello/Templates/testdem/maps/_Erotot8869.asc
ncols         21
nrows         20
xllcorner     100.000000
yllcorner     100.000000
cellsize      50.000000
NODATA_value  -9999.0
0.000000 0.000000 0.000000 0.000000 0.000000 0.000000 0.000000 0.000000 0.000000 0.000000 0.000000 0.000000 0.000000 0.000000 0.000000 0.000000 0.000000 0.000000 0.000000 0.000000 0.000000
0.000000 0.000000 702.461957 703.104909 702.541783 702.634143 701.622877 701.754722 701.837086 701.911196 702.292388 701.658324 701.547924 701.585919 701.985086 702.106400 702.923842 703.507876 703.661366 0.000000 0.000000
0.000000 0.000000 54.616236 53.654107 53.952468 53.881629 54.536969 54.171766 53.797821 53.661144 53.861735 54.190758 54.247959 54.363892 54.171260 53.728751 52.454455 51.602524 52.211983 0.000000 0.000000
0.000000 0.000000 429.596972 430.918691 418.014007 411.593711 411.014628 405.315450 410.294119 412.150959 408.340105 406.666549 410.118931 409.829856 418.147817 426.418086 430.259464 424.896714 431.861502 0.000000 0.000000
0.000000 0.000000 3847.721846 3844.684367 3845.777938 3813.290619 3790.128984 3777.946937 3772.392305 3765.087224 3774.107454 3780.966404 3779.529315 3774.805730 3794.117915 3798.390546 3813.964638 3825.459277 3825.143886 0.000000 0.000000
0.000000 0.000000 5909.815911 5904.332597 5898.679756 5900.406043 5878.472093 5866.108174 5869.699116 5869.503453 5865.207543 5859.139892 5857.393253 5861.487351 5861.506165 5886.219754 5887.493251 5893.526320 5895.939553 0.000000 0.000000
0.000000 0.000000 7321.646715 7316.513281 7313.591604 7302.871779 7294.226285 7261.799781 7262.172429 7259.608931 7259.374622 7263.685303 7264.259499 7265.263540 7297.753752 7303.525598 7311.828343 7314.296460 7319.199718 0.000000 0.000000
0.000000 0.000000 8687.653082 8685.635785 8682.130217 8670.267923 8664.665271 8661.169529 8662.030750 8660.103581 8660.460216 8656.292549 8655.136378 8662.578968 8660.763413 8669.227825 8683.333650 8679.471800 8685.436294 0.000000 0.000000
0.000000 0.000000 10453.718190 10449.505296 10443.180477 10440.866211 10426.087772 10407.604243 10410.535659 10406.473084 10403.599206 10403.173510 10406.001777 10399.882610 10423.601107 10437.333736 10438.692598 10440.835488 10444.157783 0.000000 0.000000
0.000000 0.000000 12497.840590 12491.303455 12491.114667 12484.959496 12462.027127 12451.469322 12451.038451 12449.787672 12446.101581 12450.478443 12453.517749 12453.246096 12460.237064 12478.656657 12486.097258 12488.509331 12487.506222 0.000000 0.000000
0.000000 0.000000 14757.090823 14755.680235 14753.656635 14726.270870 14720.434947 14700.388071 14708.682024 14691.759185 14697.900842 14694.197417 14686.769947 14697.563574 14711.555595 14714.841691 14729.686331 14733.300022 14747.854770 0.000000 0.000000
0.000000 0.000000 17249.698228 17241.208465 17227.903241 17225.428424 17209.859514 17187.602770 17186.050843 17189.000095 17195.328302 17182.711699 17189.715954 17187.853191 17213.446321 17225.548096 17225.879658 17229.807162 17254.396351 0.000000 0.000000
0.000000 0.000000 19883.132616 19874.372832 19878.892846 19856.352647 19847.663200 19783.304804 19780.989096 19780.054094 19751.807619 19770.211036 19772.677319 19779.738078 19827.335519 19835.678041 19864.933761 19862.261707 19869.090786 0.000000 0.000000
0.000000 0.000000 22986.197630 22988.857874 22969.411321 22962.569196 22878.059199 22915.673515 22896.432079 22897.890554 22910.880413 22899.796403 22898.843692 22888.347874 22852.416857 22947.614323 22950.191657 22974.026007 22986.536766 0.000000 0.000000
0.000000 0.000000 26463.185102 26450.029660 26435.919082 26338.298998 26376.660377 26323.744329 26301.959604 26297.712154 26277.151422 26265.624751 26275.601586 26276.212577 26331.084105 26294.578691 26434.058383 26397.545969 26391.046528 0.000000 0.000000
0.000000 0.000000 29939.465787 29934.289039 29800.112228 29864.175957 29853.314549 29853.649596 29921.650037 29900.631294 29933.939304 29925.561905 29901.407277 29935.791764 29925.493991 29938.513979 29786.119915 29993.610170 29983.775858 0.000000 0.000000
0.000000 0.000000 33757.870359 33584.117662 33661.968952 33588.423318 33499.334322 33478.569270 33416.047446 33434.490849 33373.140081 33381.611843 33416.307900 33382.062782 33428.621756 33484.760358 33658.654874 33507.841066 33691.011484 0.000000 0.000000
0.000000 0.000000 34646.472991 34818.672309 34948.874293 34955.290122 34971.329999 34854.795683 34883.378296 34842.456286 34911.108100 34899.009939 34890.228812 34907.659774 34999.322477 34990.591367 34972.810424 34874.089884 34703.744787 0.000000 0.000000
0.000000 0.000000 0.000000 0.000000 0.000000 0.000000 0.000000 0.000000 0.000000 0.000000 0.000000 0.000000 0.000000 0.000000 0.000000 0.000000 0.000000 0.000000 0.000000 0.000000 0.000000
0.000000 0.000000 0.000000 0.000000 0.000000 0.000000 0.000000 0.000000 0.000000 0.000000 0.000000 0.000000 0.000000 0.000000 0.000000 0.000000 0.000000 0.000000 0.000000 0.000000 0.000000