geotop/1.0zi/1.0Montebello/Templates/testdem/maps/_Erotot5793.asc
ncols         21
nrows         20
xllcorner     100.000000
yllcorner     100.000000
cellsize      50.000000
NODATA_value  -9999.0
0.000000 0.000000 0.000000 0.000000 0.000000 0.000000 0.000000 0.000000 0.000000 0.000000 0.000000 0.000000 0.000000 0.000000 0.000000 0.000000 0.000000 0.000000 0.000000 0.000000 0.000000
0.000000 0.000000 437.765380 436.967318 436.788290 436.579042 436.542391 436.646151 436.596022 436.770215 436.677117 436.474463 436.414162 436.493528 436.600799 436.503572 436.697909 436.892674 437.309015 0.000000 0.000000
0.000000 0.000000 33.047888 33.710863 33.999745 35.167728 34.913328 34.673669 34.495951 34.272647 34.483472 34.836279 34.652484 34.409679 34.863649 34.629924 33.802237 32.967909 32.371405 0.000000 0.000000
0.000000 0.000000 184.751852 186.092410 178.472640 175.697120 177.081022 172.026645 171.642301 171.192871 170.473975 168.096306 170.667839 168.806907 172.172224 177.762142 177.431239 180.667740 183.952861 0.000000 0.000000
0.000000 0.000000 1780.676214 1785.554856 1791.527438 1773.315381 1758.305060 1747.542211 1750.158239 1747.603217 1751.301621 1755.547056 1751.951074 1749.882907 1759.860867 1759.105469 1766.326408 1773.390862 1774.634355 0.000000 0.000000
0.000000 0.000000 3185.518256 3179.469445 3176.759970 3172.425198 3164.588244 3157.226654 3155.688899 3155.496623 3154.602163 3152.552047 3149.841131 3151.892355 3151.395887 3166.791354 3171.739568 3174.990011 3177.442538 0.000000 0.000000
0.000000 0.000000 4235.508430 4233.000092 4230.006254 4225.643997 4212.708172 4196.251006 4196.311044 4192.888998 4194.596539 4197.380877 4199.283438 4200.355821 4220.146174 4229.465826 4234.263901 4235.931517 4241.120723 0.000000 0.000000
0.000000 0.000000 4865.155950 4866.572130 4865.801341 4859.623255 4859.171984 4852.240057 4852.861778 4853.280999 4852.093523 4849.738877 4849.398420 4852.816096 4852.566299 4854.795994 4862.957705 4861.212470 4864.223071 0.000000 0.000000
0.000000 0.000000 5726.411205 5723.813658 5719.916918 5721.008773 5714.519490 5704.158545 5704.684061 5702.085257 5699.707889 5700.952132 5702.070994 5696.788697 5709.619828 5717.327198 5719.324258 5720.137573 5721.557298 0.000000 0.000000
0.000000 0.000000 6724.602654 6722.311709 6724.630212 6724.127105 6709.567107 6702.668751 6704.145717 6703.262237 6701.304206 6704.455566 6707.311333 6705.576360 6708.478518 6718.419594 6722.133301 6722.311597 6722.999829 0.000000 0.000000
0.000000 0.000000 7801.062792 7801.333602 7801.638698 7787.659911 7785.156406 7774.582617 7778.169428 7769.198954 7771.683803 7770.806582 7766.059281 7773.160040 7777.230270 7778.329113 7784.803285 7790.614120 7797.795319 0.000000 0.000000
0.000000 0.000000 8925.456119 8921.019436 8916.373713 8914.793218 8911.001583 8896.411212 8895.533072 8894.649055 8901.331008 8894.414394 8896.326723 8895.709735 8910.724090 8913.647956 8914.967177 8915.459462 8934.582497 0.000000 0.000000
0.000000 0.000000 10062.609184 10060.787284 10061.954097 10054.731135 10050.797880 10024.831140 10023.691512 10023.383855 10009.315189 10018.208915 10022.004846 10023.794696 10039.218061 10042.802137 10056.451337 10055.804064 10062.617325 0.000000 0.000000
0.000000 0.000000 11308.558749 11310.031903 11303.490915 11302.570185 11276.139099 11284.069340 11273.869768 11275.291986 11276.531398 11276.203167 11274.636481 11271.157042 11261.218433 11289.545137 11294.779909 11305.163626 11312.052148 0.000000 0.000000
0.000000 0.000000 12650.313733 12645.448466 12642.787365 12620.101328 12619.524046 12604.513121 12591.957511 12590.482378 12585.768407 12579.768567 12582.741609 12580.809695 12594.968728 12598.625387 12638.000946 12629.431896 12629.555015 0.000000 0.000000
0.000000 0.000000 14024.861159 14024.335352 13990.540966 13989.668665 13994.563003 13986.948231 14003.480001 13996.064612 14001.808293 13997.453362 13992.355204 14000.343356 14003.834427 14003.227748 13983.903592 14032.560862 14025.657828 0.000000 0.000000
0.000000 0.000000 15583.172546 15542.460049 15540.282786 15531.388778 15507.235126 15500.692398 15493.005358 15496.098812 15483.012592 15483.380812 15487.956072 15487.828703 15498.765021 15508.756036 15538.341607 15533.241015 15579.359041 0.000000 0.000000
0.000000 0.000000 16680.147017 16691.080851 16733.995078 16727.478430 16713.332814 16678.067379 16679.185760 16665.746821 16676.894626 16675.094294 16680.711525 16675.728651 16706.205447 16717.806460 16740.543324 16696.642336 16685.498435 0.000000 0.000000
0.000000 0.000000 0.000000 0.000000 0.000000 0.000000 0.000000 0.000000 0.000000 0.000000 0.000000 0.000000 0.000000 0.000000 0.000000 0.000000 0.000000 0.000000 0.000000 0.000000 0.000000
0.000000 0.000000 0.000000 0.000000 0.000000 0.000000 0.000000 0.000000 0.000000 0.000000 0.000000 0.000000 0.000000 0.000000 0.000000 0.000000 0.000000 0.000000 0.000000 0.000000 0.000000