geotop/1.0zi/1.0Montebello/Templates/testdem/maps/_Erotot6972.asc
ncols         21
nrows         20
xllcorner     100.000000
yllcorner     100.000000
cellsize      50.000000
NODATA_value  -9999.0
0.000000 0.000000 0.000000 0.000000 0.000000 0.000000 0.000000 0.000000 0.000000 0.000000 0.000000 0.000000 0.000000 0.000000 0.000000 0.000000 0.000000 0.000000 0.000000 0.000000 0.000000
0.000000 0.000000 565.808240 566.612902 566.262008 566.492491 565.875387 565.847653 565.862909 565.966964 566.392300 565.720027 565.604500 565.689768 565.973964 565.938591 566.691898 566.965933 567.034762 0.000000 0.000000
0.000000 0.000000 44.442003 43.237662 43.202313 43.352894 43.586902 43.442364 43.181995 43.024821 43.264060 43.551936 43.485228 43.681315 43.458480 43.260031 41.974400 41.249405 41.993352 0.000000 0.000000
0.000000 0.000000 233.340614 235.363242 223.906118 221.315800 220.045603 213.102249 213.960626 212.730701 211.693663 209.154726 211.223713 211.037004 219.523049 225.509551 226.625380 228.416383 234.054663 0.000000 0.000000
0.000000 0.000000 2434.306364 2437.579810 2440.834716 2419.794147 2405.160152 2392.278758 2394.248046 2391.166104 2396.648348 2403.057116 2397.728729 2395.978923 2407.416361 2410.119607 2418.631413 2426.156984 2428.129155 0.000000 0.000000
0.000000 0.000000 4202.199001 4196.573113 4193.291407 4187.097055 4173.070078 4165.067973 4164.403434 4163.536007 4160.145043 4154.343426 4153.443873 4156.723764 4156.612250 4174.595651 4182.853921 4189.593305 4191.502933 0.000000 0.000000
0.000000 0.000000 5390.231621 5387.454767 5383.304349 5377.594073 5364.371229 5345.768512 5345.255293 5341.470588 5343.050591 5346.916176 5348.266280 5348.710508 5372.851800 5382.339370 5386.708063 5388.815305 5394.399578 0.000000 0.000000
0.000000 0.000000 6253.734516 6254.422943 6251.852724 6243.404125 6242.204503 6233.881810 6234.506109 6234.439097 6233.629474 6229.952164 6229.137159 6234.884875 6235.629556 6239.254988 6250.127345 6248.108839 6253.190021 0.000000 0.000000
0.000000 0.000000 7426.544511 7422.714056 7417.087260 7417.720925 7408.205313 7394.945795 7396.387677 7392.237348 7390.257705 7390.290423 7392.381466 7386.659819 7403.033834 7415.502463 7416.103195 7418.829801 7420.522866 0.000000 0.000000
0.000000 0.000000 8774.454234 8771.602203 8772.252742 8769.440352 8751.266664 8743.365927 8743.567998 8743.190461 8740.250498 8743.636264 8746.473691 8745.520580 8750.452492 8762.990864 8769.069377 8770.190744 8771.562557 0.000000 0.000000
0.000000 0.000000 10236.548874 10236.153700 10233.878011 10216.424465 10213.131489 10198.656470 10204.128077 10192.150668 10195.896827 10194.596988 10188.161409 10197.042286 10204.137434 10206.119049 10216.525930 10222.302405 10232.451839 0.000000 0.000000
0.000000 0.000000 11789.508977 11782.893877 11776.220567 11773.822892 11765.556279 11748.866151 11746.476871 11746.485541 11753.433360 11743.901909 11747.107189 11746.987128 11765.611422 11772.206032 11773.774958 11776.727703 11798.119236 0.000000 0.000000
0.000000 0.000000 13385.671614 13381.980176 13382.321897 13371.443743 13366.244154 13328.972474 13327.605614 13326.885186 13309.137825 13319.544232 13323.381439 13326.929482 13351.745649 13357.333756 13375.968121 13374.919536 13383.369894 0.000000 0.000000
0.000000 0.000000 15170.136387 15172.527894 15161.660609 15158.478932 15117.312143 15129.245847 15117.120325 15117.997649 15121.911651 15119.216258 15117.521894 15113.622842 15098.688201 15144.250554 15149.726103 15165.253958 15174.066666 0.000000 0.000000
0.000000 0.000000 17133.249533 17126.604354 17120.247062 17079.225053 17082.781408 17061.828542 17045.658951 17043.581357 17035.665193 17027.545859 17031.340152 17029.702097 17053.731659 17052.871188 17115.638683 17103.062727 17102.600599 0.000000 0.000000
0.000000 0.000000 19180.520701 19178.585734 19118.327079 19126.971818 19131.194925 19119.996280 19147.666096 19135.965652 19147.668458 19140.562956 19132.109421 19147.354305 19151.570927 19151.665610 19111.003473 19195.431114 19188.962542 0.000000 0.000000
0.000000 0.000000 21584.930778 21503.384707 21510.275404 21488.051524 21443.192215 21434.268975 21416.389912 21422.089828 21397.653430 21399.235505 21410.000606 21403.689285 21422.793817 21448.302527 21507.719488 21480.279314 21568.758766 0.000000 0.000000
0.000000 0.000000 22956.962049 23009.736004 23091.832797 23084.949124 23073.246576 23004.083907 23008.952530 22986.415273 23012.969614 23007.791972 23011.443825 23011.628768 23071.165800 23081.090200 23105.746138 23027.681374 22976.967498 0.000000 0.000000
0.000000 0.000000 0.000000 0.000000 0.000000 0.000000 0.000000 0.000000 0.000000 0.000000 0.000000 0.000000 0.000000 0.000000 0.000000 0.000000 0.000000 0.000000 0.000000 0.000000 0.000000
0.000000 0.000000 0.000000 0.000000 0.000000 0.000000 0.000000 0.000000 0.000000 0.000000 0.000000 0.000000 0.000000 0.000000 0.000000 0.000000 0.000000 0.000000 0.000000 0.000000 0.000000