geotop/1.0zi/1.0Montebello/Templates/testdem/maps/_Erotot8718.asc
ncols         21
nrows         20
xllcorner     100.000000
yllcorner     100.000000
cellsize      50.000000
NODATA_value  -9999.0
0.000000 0.000000 0.000000 0.000000 0.000000 0.000000 0.000000 0.000000 0.000000 0.000000 0.000000 0.000000 0.000000 0.000000 0.000000 0.000000 0.000000 0.000000 0.000000 0.000000 0.000000
0.000000 0.000000 699.991138 700.806617 700.238258 700.328951 699.304387 699.453369 699.440024 699.515887 699.890996 699.267551 699.149283 699.196613 699.577393 699.737153 700.579804 701.137221 701.358079 0.000000 0.000000
0.000000 0.000000 54.625605 53.565390 53.870629 53.841488 54.483286 54.138377 53.825592 53.652378 53.861158 54.176941 54.240915 54.354549 54.197368 53.686177 52.419958 51.601902 52.131048 0.000000 0.000000
0.000000 0.000000 422.081228 422.792999 408.892446 400.963463 399.659221 393.555664 393.550374 395.493801 392.046330 390.322157 393.711184 392.170704 403.016581 411.128137 416.202877 416.807715 423.908561 0.000000 0.000000
0.000000 0.000000 3733.734142 3730.651537 3731.880975 3705.281716 3682.478455 3670.405204 3669.729495 3663.538205 3672.608225 3679.665734 3678.448548 3674.185464 3690.355879 3692.806879 3706.828571 3716.306563 3716.819875 0.000000 0.000000
0.000000 0.000000 5811.090884 5807.191961 5802.037298 5796.975403 5781.100898 5770.526224 5772.119157 5770.826176 5767.006780 5761.060331 5759.466974 5763.464034 5763.085315 5785.140198 5791.402849 5797.631228 5800.289159 0.000000 0.000000
0.000000 0.000000 7192.880019 7188.042990 7185.293847 7177.070823 7162.419465 7137.138756 7136.368238 7133.966117 7134.048956 7138.587188 7139.340681 7140.167196 7169.989374 7180.194338 7186.150641 7189.486042 7194.793052 0.000000 0.000000
0.000000 0.000000 8523.319876 8523.178584 8519.276346 8507.268368 8504.281490 8495.486986 8495.702260 8493.567680 8493.969112 8489.832437 8488.713667 8495.652838 8498.035641 8503.590846 8517.638790 8515.478815 8521.440264 0.000000 0.000000
0.000000 0.000000 10252.431466 10246.666373 10239.742877 10238.110061 10223.767471 10207.691536 10209.710378 10206.073619 10203.538302 10203.275671 10206.185643 10199.836905 10220.547760 10235.691991 10238.024976 10242.211166 10244.385404 0.000000 0.000000
0.000000 0.000000 12236.226291 12231.362494 12230.642011 12225.272243 12202.072394 12192.003043 12190.976727 12190.918972 12187.136586 12191.663583 12194.815163 12194.176270 12201.972558 12218.826897 12227.264553 12229.760318 12230.693613 0.000000 0.000000
0.000000 0.000000 14432.364357 14431.553964 14428.670107 14402.278182 14396.286896 14376.993715 14385.589875 14368.903801 14375.579813 14372.209951 14365.124238 14375.503271 14388.171643 14390.906843 14406.277861 14413.013762 14425.983927 0.000000 0.000000
0.000000 0.000000 16845.439305 16834.069398 16823.920325 16821.051088 16805.356163 16785.952694 16779.321344 16782.948791 16789.669884 16777.532438 16784.455243 16782.381255 16808.221519 16820.650876 16823.086825 16828.401174 16853.700345 0.000000 0.000000
0.000000 0.000000 19390.313974 19383.002276 19385.764396 19364.325803 19356.914097 19295.481965 19293.367911 19293.183931 19266.167831 19284.066696 19286.811216 19293.259180 19338.260445 19345.695922 19375.570837 19373.396982 19381.924247 0.000000 0.000000
0.000000 0.000000 22368.404201 22371.362345 22352.895129 22346.188969 22265.735105 22299.324340 22280.821488 22281.868740 22294.190670 22284.020213 22283.334990 22273.067754 22242.141124 22330.376855 22334.536972 22361.053680 22373.124076 0.000000 0.000000
0.000000 0.000000 25725.367515 25713.396737 25699.844662 25606.250285 25637.172870 25589.821492 25566.644037 25563.174277 25544.328200 25533.154628 25542.766639 25542.631621 25595.220924 25565.392374 25697.785527 25666.973359 25662.297839 0.000000 0.000000
0.000000 0.000000 29115.231535 29110.171511 28980.680863 29038.372119 29030.342689 29029.063472 29091.567395 29072.543416 29105.062494 29096.684329 29074.022764 29106.682641 29099.247924 29106.317721 28969.564439 29169.189700 29160.503520 0.000000 0.000000
0.000000 0.000000 32925.572086 32751.681778 32823.554579 32751.917205 32662.154943 32641.675413 32581.217569 32598.644041 32538.351872 32546.660516 32580.821543 32547.161226 32593.309287 32652.156635 32821.429344 32678.271190 32864.212929 0.000000 0.000000
0.000000 0.000000 33852.316369 34027.283098 34160.589650 34167.903140 34183.758770 34063.393491 34091.203067 34049.305931 34119.989014 34107.745348 34098.615888 34116.512963 34213.576259 34203.172648 34187.193754 34088.283009 33914.038749 0.000000 0.000000
0.000000 0.000000 0.000000 0.000000 0.000000 0.000000 0.000000 0.000000 0.000000 0.000000 0.000000 0.000000 0.000000 0.000000 0.000000 0.000000 0.000000 0.000000 0.000000 0.000000 0.000000
0.000000 0.000000 0.000000 0.000000 0.000000 0.000000 0.000000 0.000000 0.000000 0.000000 0.000000 0.000000 0.000000 0.000000 0.000000 0.000000 0.000000 0.000000 0.000000 0.000000 0.000000