geotop/1.0zi/1.0Montebello/Templates/testdem/maps/_Erotot4007.asc
ncols         21
nrows         20
xllcorner     100.000000
yllcorner     100.000000
cellsize      50.000000
NODATA_value  -9999.0
0.000000 0.000000 0.000000 0.000000 0.000000 0.000000 0.000000 0.000000 0.000000 0.000000 0.000000 0.000000 0.000000 0.000000 0.000000 0.000000 0.000000 0.000000 0.000000 0.000000 0.000000
0.000000 0.000000 300.982032 300.543978 300.355409 300.207271 300.235345 300.291797 300.328872 300.324404 300.311858 300.317289 300.317167 300.361004 300.230750 300.250542 300.424896 300.332018 300.423447 0.000000 0.000000
0.000000 0.000000 23.677666 24.230849 24.500404 25.209936 24.845094 24.861418 24.435820 24.368404 24.421684 24.795804 24.562301 24.391380 24.880043 24.641189 23.759700 23.199216 23.073623 0.000000 0.000000
0.000000 0.000000 137.513090 138.983442 131.963608 129.328765 130.093359 124.915383 124.092926 123.682792 122.923498 122.445343 123.563930 122.369253 125.272234 130.287947 131.041789 133.410634 136.113187 0.000000 0.000000
0.000000 0.000000 1266.669467 1272.167160 1278.958130 1274.283972 1268.417706 1265.480050 1268.880383 1263.174794 1266.694630 1270.244689 1268.924765 1265.053596 1268.914529 1265.671772 1265.635987 1267.387980 1266.649282 0.000000 0.000000
0.000000 0.000000 2390.236830 2384.692303 2380.159016 2378.581439 2374.751309 2371.240731 2369.454216 2371.863515 2371.065651 2368.196736 2363.763445 2363.870144 2363.262285 2374.949929 2381.077382 2380.549732 2383.860495 0.000000 0.000000
0.000000 0.000000 2972.352480 2967.210679 2962.525692 2955.763725 2947.313449 2933.202713 2934.335372 2930.838936 2933.911225 2933.508010 2936.171408 2938.129587 2951.600364 2957.949361 2965.543806 2969.363750 2972.607885 0.000000 0.000000
0.000000 0.000000 3402.209370 3402.725743 3402.898625 3398.817280 3398.700151 3395.842660 3396.570707 3397.134502 3394.561307 3394.723921 3393.553727 3391.324846 3393.627148 3397.290759 3398.624303 3397.925114 3398.834554 0.000000 0.000000
0.000000 0.000000 3989.234534 3988.770401 3985.461691 3984.887859 3981.552094 3973.206610 3973.510579 3971.684906 3972.289866 3972.822008 3971.476365 3971.287291 3975.850516 3982.970947 3982.871477 3983.876416 3987.363138 0.000000 0.000000
0.000000 0.000000 4654.839221 4653.373201 4652.760696 4649.805826 4642.727656 4638.927254 4640.459145 4639.706880 4639.577303 4639.458132 4638.396808 4635.846179 4642.148195 4647.917112 4650.223443 4650.812157 4651.982218 0.000000 0.000000
0.000000 0.000000 5355.528313 5353.950976 5351.720054 5350.330780 5349.533457 5340.458515 5340.844062 5338.429199 5338.600069 5339.211293 5337.920893 5336.621399 5340.380686 5342.445342 5346.779171 5348.500136 5351.301316 0.000000 0.000000
0.000000 0.000000 6082.026491 6080.833697 6078.305983 6072.511173 6069.045146 6062.363380 6061.515763 6061.102000 6061.102166 6060.164498 6059.591117 6058.566308 6066.544197 6071.791720 6074.975118 6075.726832 6092.075611 0.000000 0.000000
0.000000 0.000000 6806.737924 6804.972449 6802.221608 6800.179979 6794.673684 6778.630592 6778.948409 6777.367713 6777.149419 6777.512831 6775.784100 6775.258776 6788.323033 6795.642469 6798.498581 6799.721078 6801.805903 0.000000 0.000000
0.000000 0.000000 7577.430567 7574.827303 7571.806629 7568.728777 7553.460315 7561.485961 7556.379542 7555.409075 7555.741291 7555.673453 7554.348853 7553.218474 7547.273596 7562.954824 7566.493102 7571.145510 7570.850617 0.000000 0.000000
0.000000 0.000000 8395.684474 8390.742282 8386.044619 8376.887566 8375.324411 8361.328217 8354.016132 8352.517256 8348.403134 8347.626862 8348.352179 8345.089926 8354.349246 8361.763894 8380.047911 8375.786841 8376.855500 0.000000 0.000000
0.000000 0.000000 9204.533045 9204.249171 9186.206661 9189.552544 9190.754818 9190.787890 9193.121268 9193.086823 9195.475437 9195.197910 9192.062408 9195.411522 9192.315132 9190.834646 9180.908891 9200.354651 9204.301779 0.000000 0.000000
0.000000 0.000000 10119.547244 10100.517155 10092.348097 10086.272639 10074.678354 10070.149820 10068.732049 10068.144742 10064.691334 10064.720605 10064.354466 10061.054971 10064.066977 10078.413586 10090.260061 10090.685218 10110.200064 0.000000 0.000000
0.000000 0.000000 10806.245257 10808.215694 10825.442598 10817.564139 10813.435408 10796.365220 10795.138481 10792.678050 10793.798402 10793.311615 10791.653857 10791.344045 10807.320279 10814.867497 10825.249351 10803.108512 10805.630214 0.000000 0.000000
0.000000 0.000000 0.000000 0.000000 0.000000 0.000000 0.000000 0.000000 0.000000 0.000000 0.000000 0.000000 0.000000 0.000000 0.000000 0.000000 0.000000 0.000000 0.000000 0.000000 0.000000
0.000000 0.000000 0.000000 0.000000 0.000000 0.000000 0.000000 0.000000 0.000000 0.000000 0.000000 0.000000 0.000000 0.000000 0.000000 0.000000 0.000000 0.000000 0.000000 0.000000 0.000000