geotop/1.0zi/1.0Montebello/Templates/testdem/maps/_Erotot0234.asc
ncols         21
nrows         20
xllcorner     100.000000
yllcorner     100.000000
cellsize      50.000000
NODATA_value  -9999.0
0.000000 0.000000 0.000000 0.000000 0.000000 0.000000 0.000000 0.000000 0.000000 0.000000 0.000000 0.000000 0.000000 0.000000 0.000000 0.000000 0.000000 0.000000 0.000000 0.000000 0.000000
0.000000 0.000000 20.633416 20.633656 20.666382 20.634264 20.633717 20.633712 20.633685 20.633679 20.633677 20.633679 20.633685 20.633712 20.633717 20.634264 20.666382 20.633656 20.633416 0.000000 0.000000
0.000000 0.000000 11.228802 11.008680 9.217676 10.996884 11.224591 11.230892 11.230446 11.230225 11.230218 11.230225 11.230446 11.230892 11.224591 10.996884 9.217676 11.008680 11.228802 0.000000 0.000000
0.000000 0.000000 350.707270 350.804092 351.009517 350.769491 350.696708 350.701685 350.705995 350.707736 350.708094 350.707736 350.705995 350.701685 350.696708 350.769491 351.009517 350.804092 350.707270 0.000000 0.000000
0.000000 0.000000 457.777656 457.728607 456.972529 457.700399 457.768676 457.775335 457.777911 457.778907 457.779129 457.778907 457.777911 457.775335 457.768676 457.700399 456.972529 457.728607 457.777656 0.000000 0.000000
0.000000 0.000000 634.597558 634.551755 633.884121 634.527649 634.589801 634.595741 634.597933 634.598778 634.598967 634.598778 634.597933 634.595741 634.589801 634.527649 633.884121 634.551755 634.597558 0.000000 0.000000
0.000000 0.000000 804.089541 804.048500 803.457682 804.028402 804.083193 804.088220 804.090023 804.090717 804.090872 804.090717 804.090023 804.088220 804.083193 804.028402 803.457682 804.048500 804.089541 0.000000 0.000000
0.000000 0.000000 961.719296 961.680520 961.135432 961.663998 961.714125 961.718445 961.719912 961.720473 961.720598 961.720473 961.719912 961.718445 961.714125 961.663998 961.135432 961.680520 961.719296 0.000000 0.000000
0.000000 0.000000 1110.233751 1110.197140 1109.678718 1110.182123 1110.229179 1110.233099 1110.234420 1110.234923 1110.235035 1110.234923 1110.234420 1110.233099 1110.229179 1110.182123 1109.678718 1110.197140 1110.233751 0.000000 0.000000
0.000000 0.000000 1253.039117 1253.003584 1252.500650 1252.989891 1253.035022 1253.038647 1253.039845 1253.040299 1253.040400 1253.040299 1253.039845 1253.038647 1253.035022 1252.989891 1252.500650 1253.003584 1253.039117 0.000000 0.000000
0.000000 0.000000 1390.234461 1390.199527 1389.705255 1390.186800 1390.230717 1390.234132 1390.235238 1390.235655 1390.235748 1390.235655 1390.235238 1390.234132 1390.230717 1390.186800 1389.705255 1390.199527 1390.234461 0.000000 0.000000
0.000000 0.000000 1523.433275 1523.398550 1522.910850 1523.386697 1523.429796 1523.433055 1523.434092 1523.434481 1523.434566 1523.434481 1523.434092 1523.433055 1523.429796 1523.386697 1522.910850 1523.398550 1523.433275 0.000000 0.000000
0.000000 0.000000 1653.738302 1653.703131 1653.215997 1653.692419 1653.735150 1653.738221 1653.739139 1653.739482 1653.739558 1653.739482 1653.739139 1653.738221 1653.735150 1653.692419 1653.215997 1653.703131 1653.738302 0.000000 0.000000
0.000000 0.000000 1780.643497 1780.608577 1780.126269 1780.598293 1780.640467 1780.643444 1780.644327 1780.644657 1780.644731 1780.644657 1780.644327 1780.643444 1780.640467 1780.598293 1780.126269 1780.608577 1780.643497 0.000000 0.000000
0.000000 0.000000 1906.110626 1906.076170 1905.591267 1906.065534 1906.107608 1906.110587 1906.111496 1906.111837 1906.111912 1906.111837 1906.111496 1906.110587 1906.107608 1906.065534 1905.591267 1906.076170 1906.110626 0.000000 0.000000
0.000000 0.000000 2029.901058 2029.867443 2029.392772 2029.856922 2029.898108 2029.901029 2029.901932 2029.902270 2029.902343 2029.902270 2029.901932 2029.901029 2029.898108 2029.856922 2029.392772 2029.867442 2029.901057 0.000000 0.000000
0.000000 0.000000 2151.162857 2151.128125 2150.648827 2151.118574 2151.160126 2151.162937 2151.163746 2151.164046 2151.164111 2151.164046 2151.163746 2151.162937 2151.160126 2151.118574 2150.648827 2151.128118 2151.162824 0.000000 0.000000
0.000000 0.000000 2284.263079 2284.332182 2283.853806 2284.320646 2284.361940 2284.364840 2284.365745 2284.366082 2284.366155 2284.366082 2284.365745 2284.364840 2284.361940 2284.320646 2283.853796 2284.331221 2284.364952 0.000000 0.000000
0.000000 0.000000 0.000000 0.000000 0.000000 0.000000 0.000000 0.000000 0.000000 0.000000 0.000000 0.000000 0.000000 0.000000 0.000000 0.000000 0.000000 0.000000 0.000000 0.000000 0.000000
0.000000 0.000000 0.000000 0.000000 0.000000 0.000000 0.000000 0.000000 0.000000 0.000000 0.000000 0.000000 0.000000 0.000000 0.000000 0.000000 0.000000 0.000000 0.000000 0.000000 0.000000