geotop/1.0zi/1.0Montebello/Templates/testdem/maps/_Erotot1912.asc
ncols         21
nrows         20
xllcorner     100.000000
yllcorner     100.000000
cellsize      50.000000
NODATA_value  -9999.0
0.000000 0.000000 0.000000 0.000000 0.000000 0.000000 0.000000 0.000000 0.000000 0.000000 0.000000 0.000000 0.000000 0.000000 0.000000 0.000000 0.000000 0.000000 0.000000 0.000000 0.000000
0.000000 0.000000 200.109294 200.111424 200.148304 200.134855 200.097805 200.111986 200.114248 200.105205 200.106663 200.105205 200.114248 200.111986 200.097805 200.134855 200.148304 200.111424 200.109294 0.000000 0.000000
0.000000 0.000000 10.605248 10.384346 8.603904 10.448911 10.651936 10.629098 10.637017 10.647347 10.643924 10.647347 10.637017 10.629098 10.651936 10.448911 8.603904 10.384346 10.605248 0.000000 0.000000
0.000000 0.000000 1391.856059 1391.646886 1391.838377 1389.771939 1392.017395 1391.559917 1391.588795 1392.326281 1392.345152 1392.326281 1391.588795 1391.559917 1392.017395 1389.771939 1391.838377 1391.646886 1391.856059 0.000000 0.000000
0.000000 0.000000 2737.991537 2737.779094 2737.177364 2737.861679 2738.309316 2738.113009 2738.069605 2738.234909 2738.204991 2738.234909 2738.069605 2738.113009 2738.309316 2737.861679 2737.177364 2737.779094 2737.991537 0.000000 0.000000
0.000000 0.000000 3570.226441 3570.059070 3569.446219 3569.562513 3570.440934 3570.168543 3570.195340 3570.515713 3570.557502 3570.515713 3570.195340 3570.168543 3570.440934 3569.562513 3569.446219 3570.059070 3570.226441 0.000000 0.000000
0.000000 0.000000 4662.200635 4662.066376 4661.499859 4661.617506 4662.367519 4662.134219 4662.166809 4662.450834 4662.505613 4662.450834 4662.166809 4662.134219 4662.367519 4661.617506 4661.499859 4662.066376 4662.200635 0.000000 0.000000
0.000000 0.000000 5698.955549 5698.844908 5698.314594 5698.436650 5699.089393 5698.889167 5698.918479 5699.172882 5699.228413 5699.172882 5698.918479 5698.889167 5699.089393 5698.436650 5698.314594 5698.844908 5698.955549 0.000000 0.000000
0.000000 0.000000 6675.824901 6675.722840 6675.216070 6675.336615 6675.945832 6675.760282 6675.787815 6676.028215 6676.083420 6676.028215 6675.787815 6675.760282 6675.945832 6675.336615 6675.216070 6675.722840 6675.824901 0.000000 0.000000
0.000000 0.000000 7604.130805 7604.055420 7603.558151 7603.716731 7604.238052 7604.072420 7604.104554 7604.323271 7604.376830 7604.323271 7604.104554 7604.072420 7604.238052 7603.716731 7603.558151 7604.055420 7604.130805 0.000000 0.000000
0.000000 0.000000 8489.071282 8488.986685 8488.507021 8488.639958 8489.176845 8489.010564 8489.038229 8489.255494 8489.306848 8489.255494 8489.038229 8489.010564 8489.176845 8488.639958 8488.507021 8488.986685 8489.071282 0.000000 0.000000
0.000000 0.000000 9339.052014 9338.965275 9338.500400 9338.626243 9339.152764 9338.992361 9339.018724 9339.230003 9339.281348 9339.230003 9339.018724 9338.992361 9339.152764 9338.626243 9338.500400 9338.965275 9339.052014 0.000000 0.000000
0.000000 0.000000 10162.661075 10162.577310 10162.117408 10162.244027 10162.754661 10162.597567 10162.623995 10162.830832 10162.880735 10162.830832 10162.623995 10162.597567 10162.754661 10162.244027 10162.117408 10162.577310 10162.661075 0.000000 0.000000
0.000000 0.000000 10962.374869 10962.297726 10961.845068 10961.990824 10962.465768 10962.314256 10962.342350 10962.542150 10962.590880 10962.542150 10962.342350 10962.314256 10962.465768 10961.990824 10961.845068 10962.297726 10962.374869 0.000000 0.000000
0.000000 0.000000 11741.711727 11741.631724 11741.179875 11741.314423 11741.797786 11741.646593 11741.673357 11741.873075 11741.920754 11741.873075 11741.673357 11741.646593 11741.797786 11741.314423 11741.179875 11741.631724 11741.711727 0.000000 0.000000
0.000000 0.000000 12502.629922 12502.551044 12502.109384 12502.236863 12502.710464 12502.563264 12502.589787 12502.785114 12502.832399 12502.785114 12502.589787 12502.563264 12502.710464 12502.236863 12502.109384 12502.551044 12502.629918 0.000000 0.000000
0.000000 0.000000 13244.158076 13244.079900 13243.637901 13243.768777 13244.236759 13244.089675 13244.115611 13244.308020 13244.353946 13244.308020 13244.115611 13244.089675 13244.236759 13243.768777 13243.637901 13244.079879 13244.157663 0.000000 0.000000
0.000000 0.000000 14001.312918 14001.573508 14001.138845 14001.264779 14001.731736 14001.585406 14001.609156 14001.799857 14001.844728 14001.799857 14001.609156 14001.585406 14001.731736 14001.264778 14001.138826 14001.570122 14001.647704 0.000000 0.000000
0.000000 0.000000 0.000000 0.000000 0.000000 0.000000 0.000000 0.000000 0.000000 0.000000 0.000000 0.000000 0.000000 0.000000 0.000000 0.000000 0.000000 0.000000 0.000000 0.000000 0.000000
0.000000 0.000000 0.000000 0.000000 0.000000 0.000000 0.000000 0.000000 0.000000 0.000000 0.000000 0.000000 0.000000 0.000000 0.000000 0.000000 0.000000 0.000000 0.000000 0.000000 0.000000