geotop/1.0zi/1.0Montebello/Templates/testdem/maps/_Erotot6848.asc
ncols         21
nrows         20
xllcorner     100.000000
yllcorner     100.000000
cellsize      50.000000
NODATA_value  -9999.0
0.000000 0.000000 0.000000 0.000000 0.000000 0.000000 0.000000 0.000000 0.000000 0.000000 0.000000 0.000000 0.000000 0.000000 0.000000 0.000000 0.000000 0.000000 0.000000 0.000000 0.000000
0.000000 0.000000 548.842817 549.638568 549.295539 549.539769 548.931467 548.926141 548.885592 549.048949 549.456574 548.797474 548.688288 548.781332 549.050941 549.009445 549.738862 550.000513 550.058959 0.000000 0.000000
0.000000 0.000000 42.893648 41.752188 41.838417 41.981479 42.222836 42.052562 41.867090 41.652372 41.895163 42.165382 42.058685 42.283637 42.085879 41.879139 40.603486 39.819281 40.500931 0.000000 0.000000
0.000000 0.000000 226.031135 228.199805 217.197790 214.497465 214.358223 208.975553 208.322546 208.131694 207.243514 206.408612 208.514933 207.198622 213.704780 219.671129 220.571976 221.663649 226.893862 0.000000 0.000000
0.000000 0.000000 2300.115292 2303.265005 2306.726629 2286.570125 2272.088166 2258.822077 2261.944891 2257.706151 2263.268402 2268.696341 2264.104708 2262.493948 2274.654623 2277.212698 2285.284591 2293.151246 2295.054237 0.000000 0.000000
0.000000 0.000000 4038.712832 4033.073878 4030.030491 4023.234444 4010.468760 4002.934395 4001.448626 4001.473288 3998.008689 3992.489507 3991.361945 3994.498298 3994.105056 4011.763012 4020.304420 4026.646078 4028.520406 0.000000 0.000000
0.000000 0.000000 5204.020190 5201.184772 5197.242903 5192.042920 5178.866208 5160.801388 5160.387708 5156.429222 5158.283495 5162.194502 5163.759487 5164.232389 5187.636195 5197.191705 5201.327057 5203.141221 5208.640102 0.000000 0.000000
0.000000 0.000000 6021.695206 6022.660315 6020.221538 6012.157885 6011.123129 6003.099769 6003.640003 6003.767188 6002.821039 5999.738110 5999.056149 6004.166319 6004.766459 6008.294554 6018.777772 6016.758235 6021.456184 0.000000 0.000000
0.000000 0.000000 7142.317717 7138.775099 7133.151205 7133.797860 7125.097850 7112.756501 7113.656725 7109.965078 7107.846129 7108.323910 7110.296423 7104.667110 7120.269751 7132.618414 7133.101934 7135.381837 7137.039948 0.000000 0.000000
0.000000 0.000000 8432.900431 8430.123862 8431.058134 8428.609876 8411.490754 8403.637695 8404.140981 8403.460040 8401.031324 8404.291469 8407.441498 8406.102275 8410.800723 8422.795459 8428.827802 8429.624341 8430.925564 0.000000 0.000000
0.000000 0.000000 9832.596184 9832.004303 9830.244864 9813.590568 9810.405128 9797.210918 9801.902975 9790.735637 9794.101048 9793.268340 9787.271882 9795.646981 9802.021764 9804.167802 9814.037432 9819.722671 9829.340299 0.000000 0.000000
0.000000 0.000000 11315.657380 11309.599657 11303.401267 11300.705422 11293.814294 11277.412623 11275.397910 11275.052376 11282.102441 11273.394909 11276.236616 11276.054937 11294.141433 11300.061774 11301.859096 11304.175189 11325.341367 0.000000 0.000000
0.000000 0.000000 12835.462267 12832.172182 12832.183867 12822.541926 12817.425556 12782.678349 12781.172635 12780.492423 12763.656456 12773.534913 12777.941318 12780.968258 12804.000846 12809.698230 12827.359499 12826.408314 12834.445828 0.000000 0.000000
0.000000 0.000000 14528.754521 14530.855373 14520.933482 14517.752581 14479.921547 14490.985281 14478.971736 14480.081641 14483.475190 14481.613072 14479.961964 14476.144752 14461.982679 14504.739719 14510.290150 14524.745647 14533.273447 0.000000 0.000000
0.000000 0.000000 16385.151585 16378.788386 16373.007170 16335.350742 16337.797247 16318.830356 16303.029576 16301.252705 16293.936672 16286.406563 16290.112501 16288.252014 16310.276519 16310.892234 16369.291853 16357.423785 16357.016660 0.000000 0.000000
0.000000 0.000000 18319.460090 18317.776867 18262.468623 18268.081240 18273.125382 18263.710505 18288.892717 18277.851385 18288.501672 18281.911862 18274.601376 18288.324807 18291.164793 18291.315071 18256.437482 18333.417264 18326.991748 0.000000 0.000000
0.000000 0.000000 20577.193801 20503.900481 20507.802258 20489.110900 20448.987224 20440.401141 20424.700688 20429.859352 20408.000536 20409.487360 20419.000257 20414.088051 20432.019205 20454.507676 20506.520551 20485.049317 20564.815067 0.000000 0.000000
0.000000 0.000000 21930.121132 21971.465849 22046.610235 22038.691056 22026.523343 21964.644365 21968.022544 21947.630478 21970.467613 21966.184084 21970.754189 21969.526150 22023.193214 22034.683019 22059.968844 21987.137817 21947.503796 0.000000 0.000000
0.000000 0.000000 0.000000 0.000000 0.000000 0.000000 0.000000 0.000000 0.000000 0.000000 0.000000 0.000000 0.000000 0.000000 0.000000 0.000000 0.000000 0.000000 0.000000 0.000000 0.000000
0.000000 0.000000 0.000000 0.000000 0.000000 0.000000 0.000000 0.000000 0.000000 0.000000 0.000000 0.000000 0.000000 0.000000 0.000000 0.000000 0.000000 0.000000 0.000000 0.000000 0.000000