geotop/1.0zi/1.0Montebello/Templates/testdem/maps/_Erotot2789.asc
ncols         21
nrows         20
xllcorner     100.000000
yllcorner     100.000000
cellsize      50.000000
NODATA_value  -9999.0
0.000000 0.000000 0.000000 0.000000 0.000000 0.000000 0.000000 0.000000 0.000000 0.000000 0.000000 0.000000 0.000000 0.000000 0.000000 0.000000 0.000000 0.000000 0.000000 0.000000 0.000000
0.000000 0.000000 259.248346 259.251318 259.254434 259.376499 259.243258 259.247082 259.221206 259.264469 259.285146 259.264469 259.221206 259.247082 259.243258 259.376499 259.254434 259.251318 259.248346 0.000000 0.000000
0.000000 0.000000 12.929589 12.708037 10.957217 12.675545 12.970207 12.956855 12.990221 12.951725 12.932081 12.951725 12.990221 12.956855 12.970207 12.675545 10.957217 12.708037 12.929589 0.000000 0.000000
0.000000 0.000000 1977.956717 1977.636207 1977.972392 1976.101944 1978.106974 1977.549231 1977.543599 1978.387214 1978.606869 1978.387214 1977.543599 1977.549231 1978.106974 1976.101944 1977.972392 1977.636207 1977.956717 0.000000 0.000000
0.000000 0.000000 3990.546721 3990.377992 3989.720414 3990.313359 3990.854431 3990.713024 3990.679092 3990.833528 3990.793674 3990.833528 3990.679092 3990.713024 3990.854431 3990.313359 3989.720414 3990.377992 3990.546721 0.000000 0.000000
0.000000 0.000000 5192.118880 5191.915578 5191.357835 5191.508496 5192.314766 5192.022764 5192.041887 5192.392284 5192.512397 5192.392284 5192.041887 5192.022764 5192.314766 5191.508496 5191.357835 5191.915578 5192.118880 0.000000 0.000000
0.000000 0.000000 6766.433047 6766.264200 6765.755744 6765.894656 6766.582686 6766.330458 6766.354776 6766.665537 6766.791209 6766.665537 6766.354776 6766.330458 6766.582686 6765.894656 6765.755744 6766.264200 6766.433047 0.000000 0.000000
0.000000 0.000000 8240.845119 8240.703695 8240.231954 8240.372671 8240.962862 8240.746533 8240.768271 8241.045279 8241.162711 8241.045279 8240.768271 8240.746533 8240.962862 8240.372671 8240.231954 8240.703695 8240.845119 0.000000 0.000000
0.000000 0.000000 9608.076922 9607.948180 9607.501676 9607.641711 9608.182330 9607.983618 9608.003975 9608.263375 9608.374532 9608.263375 9608.003975 9607.983618 9608.182330 9607.641711 9607.501676 9607.948180 9608.076922 0.000000 0.000000
0.000000 0.000000 10891.497323 10891.397133 10890.962800 10891.140278 10891.589781 10891.412800 10891.437595 10891.672717 10891.776760 10891.672717 10891.437595 10891.412800 10891.589781 10891.140278 10890.962800 10891.397133 10891.497323 0.000000 0.000000
0.000000 0.000000 12097.279430 12097.172863 12096.759595 12096.912235 12097.370685 12097.195059 12097.215665 12097.446359 12097.543986 12097.446359 12097.215665 12097.195059 12097.370685 12096.912235 12096.759595 12097.172863 12097.279430 0.000000 0.000000
0.000000 0.000000 13243.746904 13243.640489 13243.244282 13243.390746 13243.833078 13243.665428 13243.684765 13243.906786 13244.001394 13243.906786 13243.684765 13243.665428 13243.833078 13243.390746 13243.244282 13243.640489 13243.746904 0.000000 0.000000
0.000000 0.000000 14340.941379 14340.840423 14340.451796 14340.599417 14341.020849 14340.858190 14340.877609 14341.092937 14341.183183 14341.092937 14340.877609 14340.858190 14341.020849 14340.599417 14340.451796 14340.840423 14340.941379 0.000000 0.000000
0.000000 0.000000 15395.136426 15395.043461 15394.665330 15394.830236 15395.213511 15395.057984 15395.078861 15395.284983 15395.371855 15395.284983 15395.078861 15395.057984 15395.213511 15394.830236 15394.665330 15395.043461 15395.136426 0.000000 0.000000
0.000000 0.000000 16409.268255 16409.173534 16408.800679 16408.953906 16409.341233 16409.187594 16409.206963 16409.410306 16409.494108 16409.410306 16409.206963 16409.187594 16409.341233 16408.953906 16408.800679 16409.173534 16409.268255 0.000000 0.000000
0.000000 0.000000 17386.871932 17386.779576 17386.418486 17386.564742 17386.938889 17386.790343 17386.809531 17387.006893 17387.088124 17387.006893 17386.809531 17386.790343 17386.938889 17386.564742 17386.418486 17386.779576 17386.871927 0.000000 0.000000
0.000000 0.000000 18330.475487 18330.384972 18330.027381 18330.176400 18330.540235 18330.394285 18330.412910 18330.604660 18330.682448 18330.604660 18330.412910 18330.394285 18330.540235 18330.176400 18330.027381 18330.384951 18330.475108 0.000000 0.000000
0.000000 0.000000 19283.135506 19283.481788 19283.131686 19283.276334 19283.633967 19283.491834 19283.508498 19283.695992 19283.770615 19283.695992 19283.508498 19283.491834 19283.633967 19283.276334 19283.131667 19283.478305 19283.565281 0.000000 0.000000
0.000000 0.000000 0.000000 0.000000 0.000000 0.000000 0.000000 0.000000 0.000000 0.000000 0.000000 0.000000 0.000000 0.000000 0.000000 0.000000 0.000000 0.000000 0.000000 0.000000 0.000000
0.000000 0.000000 0.000000 0.000000 0.000000 0.000000 0.000000 0.000000 0.000000 0.000000 0.000000 0.000000 0.000000 0.000000 0.000000 0.000000 0.000000 0.000000 0.000000 0.000000 0.000000