geotop/1.0zi/1.0Montebello/Templates/testdem/maps/_Erotot1874.asc
ncols         21
nrows         20
xllcorner     100.000000
yllcorner     100.000000
cellsize      50.000000
NODATA_value  -9999.0
0.000000 0.000000 0.000000 0.000000 0.000000 0.000000 0.000000 0.000000 0.000000 0.000000 0.000000 0.000000 0.000000 0.000000 0.000000 0.000000 0.000000 0.000000 0.000000 0.000000 0.000000
0.000000 0.000000 199.932984 199.935112 199.971984 199.958494 199.921521 199.935670 199.937927 199.928913 199.930363 199.928913 199.937927 199.935670 199.921521 199.958494 199.971984 199.935112 199.932984 0.000000 0.000000
0.000000 0.000000 10.590302 10.369403 8.588969 10.434015 10.636967 10.614158 10.622082 10.632384 10.628969 10.632384 10.622082 10.614158 10.636967 10.434015 8.588969 10.369403 10.590302 0.000000 0.000000
0.000000 0.000000 1390.138645 1389.929481 1390.120941 1388.054480 1390.300118 1389.842607 1389.871447 1390.608966 1390.627825 1390.608966 1389.871447 1389.842607 1390.300118 1388.054480 1390.120941 1389.929481 1390.138645 0.000000 0.000000
0.000000 0.000000 2712.912008 2712.699513 2712.097704 2712.782038 2713.229934 2713.033581 2712.990128 2713.155474 2713.125544 2713.155474 2712.990128 2713.033581 2713.229934 2712.782038 2712.097704 2712.699513 2712.912008 0.000000 0.000000
0.000000 0.000000 3541.419993 3541.252553 3540.639504 3540.755882 3541.634776 3541.362288 3541.388996 3541.709439 3541.751225 3541.709439 3541.388996 3541.362288 3541.634776 3540.755882 3540.639504 3541.252553 3541.419993 0.000000 0.000000
0.000000 0.000000 4622.360838 4622.226498 4621.659685 4621.777558 4622.528119 4622.294715 4622.327173 4622.611245 4622.666029 4622.611245 4622.327173 4622.294715 4622.528119 4621.777558 4621.659685 4622.226498 4622.360838 0.000000 0.000000
0.000000 0.000000 5647.342048 5647.231321 5646.700623 5646.823032 5647.476398 5647.276069 5647.305194 5647.559617 5647.615151 5647.559617 5647.305194 5647.276069 5647.476398 5646.823032 5646.700623 5647.231321 5647.342048 0.000000 0.000000
0.000000 0.000000 6612.760375 6612.658202 6612.150955 6612.271973 6612.881938 6612.696275 6612.723569 6612.963977 6613.019190 6612.963977 6612.723569 6612.696275 6612.881938 6612.271973 6612.150955 6612.658202 6612.760375 0.000000 0.000000
0.000000 0.000000 7530.024706 7529.949211 7529.451362 7529.610574 7530.132706 7529.966964 7529.998809 7530.217503 7530.271070 7530.217503 7529.998809 7529.966964 7530.132706 7529.610574 7529.451362 7529.949211 7530.024706 0.000000 0.000000
0.000000 0.000000 8404.299037 8404.214308 8403.733967 8403.867670 8404.405495 8404.239092 8404.266411 8404.483632 8404.534994 8404.483632 8404.266411 8404.239092 8404.405495 8403.867670 8403.733967 8404.214308 8404.299037 0.000000 0.000000
0.000000 0.000000 9243.959378 9243.872478 9243.406831 9243.533565 9244.061165 9243.900634 9243.926588 9244.137802 9244.189160 9244.137802 9243.926588 9243.900634 9244.061165 9243.533565 9243.406831 9243.872478 9243.959378 0.000000 0.000000
0.000000 0.000000 10057.569510 10057.485547 10057.024779 10057.152429 10057.664266 10057.507042 10057.532998 10057.739741 10057.789663 10057.739741 10057.532998 10057.507042 10057.664266 10057.152429 10057.024779 10057.485547 10057.569510 0.000000 0.000000
0.000000 0.000000 10847.563695 10847.486341 10847.032703 10847.179680 10847.655900 10847.504258 10847.531819 10847.731493 10847.780241 10847.731493 10847.531819 10847.504258 10847.655900 10847.179680 10847.032703 10847.486341 10847.563695 0.000000 0.000000
0.000000 0.000000 11617.467253 11617.387033 11616.934065 11617.069994 11617.554758 11617.403433 11617.429597 11617.629167 11617.676864 11617.629167 11617.429597 11617.403433 11617.554758 11617.069994 11616.934065 11617.387033 11617.467253 0.000000 0.000000
0.000000 0.000000 12369.224172 12369.145057 12368.702222 12368.831237 12369.306347 12369.159032 12369.184872 12369.379987 12369.427291 12369.379987 12369.184872 12369.159032 12369.306347 12368.831237 12368.702222 12369.145057 12369.224168 0.000000 0.000000
0.000000 0.000000 13101.821100 13101.742695 13101.299381 13101.431994 13101.901640 13101.754424 13101.779578 13101.971726 13102.017662 13101.971726 13101.779578 13101.754424 13101.901640 13101.431994 13101.299380 13101.742674 13101.820712 0.000000 0.000000
0.000000 0.000000 13851.015200 13851.279471 13850.843464 13850.971365 13851.440146 13851.293704 13851.316541 13851.506893 13851.551769 13851.506893 13851.316541 13851.293704 13851.440146 13850.971364 13850.843446 13851.276107 13851.353971 0.000000 0.000000
0.000000 0.000000 0.000000 0.000000 0.000000 0.000000 0.000000 0.000000 0.000000 0.000000 0.000000 0.000000 0.000000 0.000000 0.000000 0.000000 0.000000 0.000000 0.000000 0.000000 0.000000
0.000000 0.000000 0.000000 0.000000 0.000000 0.000000 0.000000 0.000000 0.000000 0.000000 0.000000 0.000000 0.000000 0.000000 0.000000 0.000000 0.000000 0.000000 0.000000 0.000000 0.000000