geotop/1.0zi/1.0Montebello/Templates/testdem/maps/_Erotot4721.asc
ncols         21
nrows         20
xllcorner     100.000000
yllcorner     100.000000
cellsize      50.000000
NODATA_value  -9999.0
0.000000 0.000000 0.000000 0.000000 0.000000 0.000000 0.000000 0.000000 0.000000 0.000000 0.000000 0.000000 0.000000 0.000000 0.000000 0.000000 0.000000 0.000000 0.000000 0.000000 0.000000
0.000000 0.000000 353.485428 353.024329 352.809578 352.639565 352.643654 352.682760 352.720596 352.719785 352.705242 352.708063 352.709096 352.752048 352.640627 352.680848 352.876735 352.810410 352.925864 0.000000 0.000000
0.000000 0.000000 27.863642 28.419692 28.810243 29.916711 29.406787 29.502236 29.095617 29.008017 29.051367 29.377681 29.125871 28.926027 29.448534 29.154020 28.253485 27.660293 27.493259 0.000000 0.000000
0.000000 0.000000 136.172831 137.433337 130.343760 127.960474 129.124861 124.145273 123.403760 123.064435 122.194587 121.628787 122.642145 121.242836 123.939216 128.933761 129.506243 131.771862 134.377238 0.000000 0.000000
0.000000 0.000000 1344.497515 1348.668477 1354.023900 1336.893302 1325.789571 1317.822987 1320.310319 1314.501390 1318.740774 1322.973623 1323.252502 1323.699124 1332.988978 1331.954989 1337.375767 1343.121921 1344.976826 0.000000 0.000000
0.000000 0.000000 2629.655071 2624.094199 2620.292405 2617.309452 2611.296475 2608.160052 2605.479700 2607.206670 2606.800988 2604.220725 2600.490916 2602.288852 2602.075230 2615.007298 2619.172911 2619.243520 2622.119221 0.000000 0.000000
0.000000 0.000000 3378.230203 3373.599602 3368.886693 3365.037511 3354.303608 3339.045212 3340.364843 3336.758626 3339.915457 3339.284835 3342.004737 3344.188943 3358.681227 3367.911477 3374.166775 3377.923556 3381.460172 0.000000 0.000000
0.000000 0.000000 3898.773522 3898.950142 3899.696684 3895.264301 3893.567116 3888.814589 3889.485706 3889.624837 3887.222805 3888.250311 3887.119614 3886.205541 3889.479854 3892.958570 3895.079707 3894.509537 3895.764500 0.000000 0.000000
0.000000 0.000000 4553.784917 4553.551003 4551.040216 4548.817428 4544.272461 4535.684866 4535.920189 4533.930705 4534.526391 4535.231395 4534.466751 4535.333419 4540.664136 4548.624411 4548.689179 4550.193174 4553.939765 0.000000 0.000000
0.000000 0.000000 5330.087943 5328.265072 5328.601355 5324.731071 5315.927518 5310.890863 5312.487686 5311.429232 5311.587855 5311.713385 5310.785082 5309.369454 5316.856820 5323.732851 5326.024061 5327.065720 5328.467704 0.000000 0.000000
0.000000 0.000000 6152.466016 6150.594730 6149.322865 6147.223461 6144.442481 6133.877410 6134.161565 6131.490770 6131.715755 6132.808346 6131.778250 6131.840161 6137.026721 6139.997633 6144.802689 6146.899424 6149.999679 0.000000 0.000000
0.000000 0.000000 7008.506251 7007.751316 7005.460298 6998.738889 6993.904836 6985.791928 6984.795629 6984.243593 6984.442162 6983.695400 6983.378799 6983.467660 6992.678280 6998.889819 7002.324873 7003.519598 7020.611773 0.000000 0.000000
0.000000 0.000000 7870.165085 7868.202413 7866.165444 7863.381253 7855.824933 7836.385198 7836.632993 7834.706828 7834.706310 7835.410339 7833.908705 7834.592304 7851.051024 7859.454193 7862.731808 7864.278649 7866.713005 0.000000 0.000000
0.000000 0.000000 8790.570397 8787.613925 8785.660189 8781.762373 8761.787022 8770.019568 8764.070251 8763.016796 8763.525393 8763.944974 8762.754268 8762.712530 8756.827260 8776.116777 8780.075792 8785.401061 8785.365070 0.000000 0.000000
0.000000 0.000000 9773.967340 9769.198746 9764.727770 9751.634125 9748.735410 9732.302823 9724.212565 9722.316171 9718.102682 9717.801483 9718.976019 9716.819670 9728.169563 9736.613296 9758.778263 9754.408946 9755.877204 0.000000 0.000000
0.000000 0.000000 10755.660740 10755.309328 10734.081206 10737.362703 10736.468844 10735.454956 10738.251996 10738.111393 10741.084849 10741.008047 10737.849745 10743.225437 10740.939072 10740.152902 10728.757577 10753.677323 10758.455148 0.000000 0.000000
0.000000 0.000000 11870.209671 11844.953007 11836.660708 11828.621566 11813.409388 11806.903135 11805.086470 11804.129496 11800.375503 11800.801375 11801.130910 11798.470295 11803.503321 11820.900720 11834.744084 11835.482711 11861.201911 0.000000 0.000000
0.000000 0.000000 12692.969468 12696.799758 12719.815415 12709.949448 12703.082531 12678.710484 12676.974974 12673.914326 12675.882200 12675.724987 12674.117718 12675.797666 12698.917516 12708.293380 12720.511505 12693.589085 12695.611135 0.000000 0.000000
0.000000 0.000000 0.000000 0.000000 0.000000 0.000000 0.000000 0.000000 0.000000 0.000000 0.000000 0.000000 0.000000 0.000000 0.000000 0.000000 0.000000 0.000000 0.000000 0.000000 0.000000
0.000000 0.000000 0.000000 0.000000 0.000000 0.000000 0.000000 0.000000 0.000000 0.000000 0.000000 0.000000 0.000000 0.000000 0.000000 0.000000 0.000000 0.000000 0.000000 0.000000 0.000000