geotop/1.0zi/1.0Montebello/Templates/testdem/maps/_Erotot176[.asc
ncols         21
nrows         20
xllcorner     100.000000
yllcorner     100.000000
cellsize      50.000000
NODATA_value  -9999.0
0.000000 0.000000 0.000000 0.000000 0.000000 0.000000 0.000000 0.000000 0.000000 0.000000 0.000000 0.000000 0.000000 0.000000 0.000000 0.000000 0.000000 0.000000 0.000000 0.000000 0.000000
0.000000 0.000000 987.589772 987.076526 985.766084 983.846623 982.466701 981.604910 982.124901 982.822350 982.702559 981.880890 981.829973 981.924931 983.554295 984.066630 986.881442 987.581142 988.166663 0.000000 0.000000
0.000000 0.000000 68.984995 70.117405 68.715095 71.569018 70.959774 70.340569 70.590119 69.426109 70.420450 72.586380 70.368253 70.456810 69.950834 69.488935 67.211620 66.433187 69.471256 0.000000 0.000000
0.000000 0.000000 940.556526 942.857151 920.008684 908.838013 912.670799 901.906729 901.125144 902.517922 895.915031 897.056318 901.927184 905.338743 908.926408 921.050614 929.193672 929.900039 933.729566 0.000000 0.000000
0.000000 0.000000 6282.521837 6266.329891 6269.864611 6224.250869 6189.122940 6171.890982 6166.144495 6159.220433 6166.119577 6172.848804 6174.762998 6163.342683 6186.658724 6196.476562 6214.827070 6228.003568 6229.933007 0.000000 0.000000
0.000000 0.000000 8708.850288 8705.959533 8694.325893 8695.906371 8669.957762 8651.723929 8654.084533 8652.144833 8644.315154 8638.037249 8635.705722 8638.902233 8642.114645 8674.491233 8673.487843 8684.132396 8684.005192 0.000000 0.000000
0.000000 0.000000 10689.381361 10682.002870 10674.747573 10658.302806 10647.994139 10599.744391 10595.505708 10590.208524 10594.369773 10596.001123 10595.078739 10596.168475 10637.403336 10643.219395 10655.643183 10661.704347 10665.855444 0.000000 0.000000
0.000000 0.000000 13087.615460 13081.323636 13071.454185 13044.446770 13031.843853 13024.433473 13020.601526 13017.792951 13013.720378 13012.446595 13010.608115 13017.586980 13014.639312 13030.225857 13049.811262 13047.644290 13054.179031 0.000000 0.000000
0.000000 0.000000 16125.382812 16115.075390 16100.392836 16091.321751 16069.312494 16035.128436 16034.654049 16025.585026 16025.788735 16020.769270 16023.902010 16015.627965 16048.471800 16070.221366 16075.345230 16084.862250 16087.030893 0.000000 0.000000
0.000000 0.000000 19797.587933 19780.219533 19765.254348 19754.168445 19730.709048 19702.024343 19693.688647 19691.193861 19684.766596 19689.347663 19696.718056 19693.704582 19704.783675 19734.302671 19746.842846 19754.149773 19752.381752 0.000000 0.000000
0.000000 0.000000 24079.351444 24065.858236 24062.327017 24003.691394 24003.106207 23956.872810 23971.016284 23939.719618 23952.485086 23944.618047 23926.974469 23943.099177 23966.038369 23973.640324 23996.745956 24004.187040 24028.701299 0.000000 0.000000
0.000000 0.000000 29025.415938 28996.627804 28959.312064 28955.789803 28936.119298 28881.411086 28866.002339 28872.544356 28880.836418 28861.846121 28871.270687 28860.901159 28905.395926 28932.931777 28934.937808 28946.436503 28980.949929 0.000000 0.000000
0.000000 0.000000 33839.987899 33819.101676 33823.507891 33786.943082 33757.056459 33637.372351 33622.565844 33613.930261 33556.588587 33598.486350 33599.624451 33609.712683 33697.336428 33711.903078 33766.475911 33774.407690 33757.666202 0.000000 0.000000
0.000000 0.000000 38087.229133 38093.133151 38056.668626 38044.773899 37932.875306 38031.673143 38000.439725 37997.490017 38029.297756 37998.017080 37994.079862 37974.567831 37889.011635 38022.515788 38012.676946 38043.938481 38058.694705 0.000000 0.000000
0.000000 0.000000 40590.735028 40581.049382 40569.286496 40510.665808 40554.973851 40513.060595 40503.056017 40504.089542 40488.093327 40485.267232 40492.941973 40494.124466 40525.780920 40475.484810 40563.343877 40538.406845 40530.807116 0.000000 0.000000
0.000000 0.000000 42188.621424 42185.587849 42136.911834 42167.140393 42162.299359 42163.184781 42187.168194 42175.639636 42189.267473 42182.336062 42173.498685 42184.618766 42177.949953 42189.981576 42124.099388 42195.114555 42190.702434 0.000000 0.000000
0.000000 0.000000 43513.315786 43467.063854 43514.142528 43474.404997 43453.124276 43448.754300 43423.918441 43431.586218 43408.292806 43411.495217 43422.872835 43413.023712 43425.005634 43429.863197 43503.209089 43431.960062 43477.627714 0.000000 0.000000
0.000000 0.000000 43980.082668 44056.812632 44084.578428 44089.741826 44103.944200 44065.819381 44079.449588 44064.724003 44087.937877 44083.620670 44080.453294 44085.706006 44116.373588 44102.587747 44087.022272 44066.855903 43994.698543 0.000000 0.000000
0.000000 0.000000 0.000000 0.000000 0.000000 0.000000 0.000000 0.000000 0.000000 0.000000 0.000000 0.000000 0.000000 0.000000 0.000000 0.000000 0.000000 0.000000 0.000000 0.000000 0.000000
0.000000 0.000000 0.000000 0.000000 0.000000 0.000000 0.000000 0.000000 0.000000 0.000000 0.000000 0.000000 0.000000 0.000000 0.000000 0.000000 0.000000 0.000000 0.000000 0.000000 0.000000