geotop/1.0zi/1.0Montebello/Templates/testdem/maps/_Erotot3634.asc
ncols         21
nrows         20
xllcorner     100.000000
yllcorner     100.000000
cellsize      50.000000
NODATA_value  -9999.0
0.000000 0.000000 0.000000 0.000000 0.000000 0.000000 0.000000 0.000000 0.000000 0.000000 0.000000 0.000000 0.000000 0.000000 0.000000 0.000000 0.000000 0.000000 0.000000 0.000000 0.000000
0.000000 0.000000 377.334756 377.337616 377.341162 377.460140 377.327688 377.333451 377.307108 377.347065 377.361769 377.347065 377.307108 377.333451 377.327688 377.460140 377.341162 377.337616 377.334756 0.000000 0.000000
0.000000 0.000000 11.658309 11.416919 9.663620 11.345598 11.663417 11.591766 11.683057 11.572260 11.942055 11.572261 11.683057 11.591766 11.663417 11.345598 9.663620 11.416919 11.658309 0.000000 0.000000
0.000000 0.000000 2771.281813 2770.489518 2770.978153 2769.153724 2770.642766 2770.269206 2769.716530 2770.796231 2770.704033 2770.796231 2769.716530 2770.269206 2770.642766 2769.153724 2770.978153 2770.489518 2771.281813 0.000000 0.000000
0.000000 0.000000 5326.313003 5326.288248 5325.469386 5326.047629 5326.727525 5326.434644 5326.526555 5326.288803 5326.509826 5326.288803 5326.526555 5326.434644 5326.727525 5326.047629 5325.469386 5326.288248 5326.313003 0.000000 0.000000
0.000000 0.000000 6886.949135 6886.550673 6886.084435 6886.224439 6886.865982 6886.587153 6886.407820 6886.644098 6886.862179 6886.644098 6886.407820 6886.587153 6886.865982 6886.224439 6886.084435 6886.550673 6886.949135 0.000000 0.000000
0.000000 0.000000 8878.969325 8878.630831 8878.209137 8878.333381 8878.883410 8878.638318 8878.480821 8878.678586 8878.894253 8878.678586 8878.480821 8878.638318 8878.883410 8878.333381 8878.209137 8878.630831 8878.969325 0.000000 0.000000
0.000000 0.000000 10716.917036 10716.628763 10716.244160 10716.370714 10716.835807 10716.625960 10716.487391 10716.660034 10716.854247 10716.660034 10716.487391 10716.625960 10716.835807 10716.370714 10716.244160 10716.628763 10716.917036 0.000000 0.000000
0.000000 0.000000 12401.447684 12401.191042 12400.830802 12400.954945 12401.381772 12401.190210 12401.063479 12401.222903 12401.405563 12401.222903 12401.063479 12401.190210 12401.381772 12400.954945 12400.830802 12401.191042 12401.447684 0.000000 0.000000
0.000000 0.000000 13961.583951 13961.369715 13961.020013 13961.179957 13961.526250 13961.355124 13961.243027 13961.383915 13961.549857 13961.383915 13961.243027 13961.355124 13961.526250 13961.179957 13961.020013 13961.369715 13961.583951 0.000000 0.000000
0.000000 0.000000 15408.703206 15408.494245 15408.166685 15408.301093 15408.659329 15408.490192 15408.383808 15408.524524 15408.680479 15408.524524 15408.383808 15408.490192 15408.659329 15408.301093 15408.166685 15408.494245 15408.703206 0.000000 0.000000
0.000000 0.000000 16769.400317 16769.204099 16768.899059 16769.028181 16769.375673 16769.214836 16769.111988 16769.252582 16769.397927 16769.252582 16769.111988 16769.214836 16769.375673 16769.028181 16768.899059 16769.204099 16769.400317 0.000000 0.000000
0.000000 0.000000 18052.868478 18052.686220 18052.389293 18052.518991 18052.846788 18052.694455 18052.597962 18052.734867 18052.870347 18052.734867 18052.597962 18052.694455 18052.846788 18052.518991 18052.389293 18052.686220 18052.868478 0.000000 0.000000
0.000000 0.000000 19273.368342 19273.200414 19272.914607 19273.059527 19273.352455 19273.206922 19273.117398 19273.247349 19273.375731 19273.247348 19273.117398 19273.206922 19273.352455 19273.059527 19272.914607 19273.200414 19273.368342 0.000000 0.000000
0.000000 0.000000 20435.405339 20435.238134 20434.957797 20435.090091 20435.386774 20435.251978 20435.168875 20435.298919 20435.419908 20435.298919 20435.168875 20435.251978 20435.386774 20435.090091 20434.957797 20435.238134 20435.405339 0.000000 0.000000
0.000000 0.000000 21541.898488 21541.738987 21541.469664 21541.593885 21541.879025 21541.746806 21541.666693 21541.790603 21541.907102 21541.790603 21541.666693 21541.746806 21541.879025 21541.593885 21541.469664 21541.738986 21541.898483 0.000000 0.000000
0.000000 0.000000 22601.048006 22600.894936 22600.628860 22600.755995 22601.027258 22600.898958 22600.823141 22600.943109 22601.052333 22600.943109 22600.823141 22600.898958 22601.027258 22600.755995 22600.628860 22600.894915 22601.047853 0.000000 0.000000
0.000000 0.000000 23664.021983 23664.411857 23664.153317 23664.275897 23664.540788 23664.416797 23664.343668 23664.460064 23664.565274 23664.460064 23664.343668 23664.416797 23664.540788 23664.275897 23664.153299 23664.408545 23664.553807 0.000000 0.000000
0.000000 0.000000 0.000000 0.000000 0.000000 0.000000 0.000000 0.000000 0.000000 0.000000 0.000000 0.000000 0.000000 0.000000 0.000000 0.000000 0.000000 0.000000 0.000000 0.000000 0.000000
0.000000 0.000000 0.000000 0.000000 0.000000 0.000000 0.000000 0.000000 0.000000 0.000000 0.000000 0.000000 0.000000 0.000000 0.000000 0.000000 0.000000 0.000000 0.000000 0.000000 0.000000