geotop/1.0zi/1.0Montebello/Templates/testdem/maps/_Erotot8110.asc
ncols         21
nrows         20
xllcorner     100.000000
yllcorner     100.000000
cellsize      50.000000
NODATA_value  -9999.0
0.000000 0.000000 0.000000 0.000000 0.000000 0.000000 0.000000 0.000000 0.000000 0.000000 0.000000 0.000000 0.000000 0.000000 0.000000 0.000000 0.000000 0.000000 0.000000 0.000000 0.000000
0.000000 0.000000 675.399579 676.199341 675.651102 675.758186 674.749132 674.909156 674.895742 674.959081 675.392124 674.717426 674.595779 674.647924 675.021876 675.174538 676.008308 676.554338 676.767972 0.000000 0.000000
0.000000 0.000000 52.174675 51.190948 51.434791 51.496689 52.131061 51.809044 51.513268 51.378240 51.607988 51.967301 51.986622 52.136169 51.889808 51.380921 50.107388 49.253821 49.778052 0.000000 0.000000
0.000000 0.000000 354.857777 355.985123 343.625218 338.358342 338.910220 327.593835 327.712398 328.530837 324.872895 323.098325 325.246471 325.387086 335.654857 342.710527 347.335600 350.244756 355.444464 0.000000 0.000000
0.000000 0.000000 3299.064929 3301.364948 3303.544351 3280.516726 3260.777948 3249.262208 3248.568446 3243.743249 3250.618454 3255.779350 3251.282787 3249.819834 3264.886415 3268.619256 3279.922083 3289.741137 3289.871662 0.000000 0.000000
0.000000 0.000000 5240.019001 5234.610460 5231.134922 5224.942173 5209.361326 5199.646609 5200.521256 5199.476730 5196.145026 5190.439449 5189.469125 5192.683790 5192.191014 5212.429387 5220.310777 5226.540323 5229.532032 0.000000 0.000000
0.000000 0.000000 6556.768026 6553.751960 6549.139229 6542.112394 6528.032668 6505.667207 6504.615636 6500.796672 6502.216509 6505.941557 6507.449216 6507.937509 6536.099319 6546.346705 6552.116251 6554.948540 6560.244363 0.000000 0.000000
0.000000 0.000000 7721.158119 7721.435446 7718.306483 7708.141602 7705.289108 7695.474966 7695.674633 7695.459648 7694.480891 7690.520930 7689.836974 7696.081442 7698.216216 7703.361350 7716.161447 7714.790790 7719.908397 0.000000 0.000000
0.000000 0.000000 9245.079441 9240.540349 9233.996860 9233.410114 9221.843608 9206.020384 9207.312111 9202.659902 9200.598496 9200.334363 9202.834190 9197.007744 9216.067527 9230.337133 9232.527001 9236.372974 9237.909292 0.000000 0.000000
0.000000 0.000000 10989.312437 10985.854601 10985.887014 10981.241069 10960.207453 10949.957268 10949.543775 10949.263695 10945.786071 10949.291863 10952.481905 10951.744116 10958.974272 10973.863215 10981.939205 10984.062555 10985.331550 0.000000 0.000000
0.000000 0.000000 12904.717419 12903.939438 12900.730866 12879.779719 12873.426592 12856.865879 12862.754638 12849.068380 12853.295783 12851.460413 12844.365260 12854.572663 12864.454395 12867.666940 12880.813731 12888.172841 12899.284294 0.000000 0.000000
0.000000 0.000000 14985.261798 14977.095146 14968.473858 14964.705929 14953.595035 14932.617353 14928.767394 14929.549993 14937.065993 14925.659258 14930.057471 14929.767566 14953.307125 14962.538465 14965.848487 14970.053968 14994.216923 0.000000 0.000000
0.000000 0.000000 17156.811235 17151.925002 17152.121188 17137.428704 17129.689552 17077.537031 17075.849649 17074.734879 17052.295471 17065.441008 17069.841294 17074.859763 17111.275960 17119.112393 17143.763993 17143.562959 17151.173050 0.000000 0.000000
0.000000 0.000000 19657.479336 19660.201643 19645.542760 19640.466334 19576.836851 19599.477280 19582.730709 19584.063296 19591.617867 19586.090742 19583.640298 19578.308825 19555.057217 19623.460931 19630.237517 19651.848646 19662.225175 0.000000 0.000000
0.000000 0.000000 22473.197594 22464.467367 22454.563543 22383.039636 22400.153814 22364.297627 22344.208836 22340.503831 22327.304879 22316.140879 22323.309559 22322.054720 22361.676995 22347.661809 22449.769020 22429.002920 22426.203057 0.000000 0.000000
0.000000 0.000000 25400.555853 25397.404351 25294.133521 25329.037482 25328.577405 25319.765782 25367.141075 25351.264198 25373.760389 25365.398949 25348.531197 25375.309702 25374.883124 25376.752765 25284.898829 25437.673998 25429.129599 0.000000 0.000000
0.000000 0.000000 28881.549373 28732.127233 28776.752458 28724.978828 28646.683227 28629.821790 28585.143664 28598.076452 28549.725036 28554.970411 28580.782857 28557.781868 28594.222695 28644.199138 28773.865344 28677.648169 28837.428548 0.000000 0.000000
0.000000 0.000000 30086.516711 30237.592881 30370.962742 30375.980666 30384.443280 30266.970661 30288.438463 30248.840525 30310.763421 30299.570764 30293.872957 30308.193834 30403.962350 30398.917342 30396.067170 30289.846626 30140.456428 0.000000 0.000000
0.000000 0.000000 0.000000 0.000000 0.000000 0.000000 0.000000 0.000000 0.000000 0.000000 0.000000 0.000000 0.000000 0.000000 0.000000 0.000000 0.000000 0.000000 0.000000 0.000000 0.000000
0.000000 0.000000 0.000000 0.000000 0.000000 0.000000 0.000000 0.000000 0.000000 0.000000 0.000000 0.000000 0.000000 0.000000 0.000000 0.000000 0.000000 0.000000 0.000000 0.000000 0.000000