geotop/1.0zi/1.0Montebello/Templates/testdem/maps/_Erotot0797.asc
ncols         21
nrows         20
xllcorner     100.000000
yllcorner     100.000000
cellsize      50.000000
NODATA_value  -9999.0
0.000000 0.000000 0.000000 0.000000 0.000000 0.000000 0.000000 0.000000 0.000000 0.000000 0.000000 0.000000 0.000000 0.000000 0.000000 0.000000 0.000000 0.000000 0.000000 0.000000 0.000000
0.000000 0.000000 59.159377 59.160328 59.193867 59.164948 59.158531 59.160296 59.161068 59.158670 59.158876 59.158670 59.161068 59.160296 59.158531 59.164948 59.193867 59.160328 59.159377 0.000000 0.000000
0.000000 0.000000 6.421412 6.204437 4.432182 6.297775 6.463897 6.448701 6.464820 6.469030 6.468562 6.469030 6.464820 6.448701 6.463897 6.297775 4.432182 6.204437 6.421412 0.000000 0.000000
0.000000 0.000000 665.312140 664.869425 665.118703 662.826693 665.289912 665.163439 664.998111 665.283906 665.221680 665.283906 664.998111 665.163439 665.289912 662.826693 665.118703 664.869425 665.312140 0.000000 0.000000
0.000000 0.000000 1118.228277 1117.963306 1117.260617 1117.892378 1118.275542 1118.206348 1118.143338 1118.265171 1118.257383 1118.265171 1118.143338 1118.206348 1118.275542 1117.892378 1117.260617 1117.963306 1118.228277 0.000000 0.000000
0.000000 0.000000 1503.109615 1502.834554 1502.175392 1502.228849 1503.112816 1503.066545 1503.006271 1503.134711 1503.115988 1503.134711 1503.006271 1503.066545 1503.112816 1502.228849 1502.175392 1502.834554 1503.109615 0.000000 0.000000
0.000000 0.000000 1976.034204 1975.810337 1975.203876 1975.272663 1976.016203 1975.999799 1975.954143 1976.055571 1976.039793 1976.055571 1975.954143 1975.999799 1976.016203 1975.272663 1975.203876 1975.810337 1976.034204 0.000000 0.000000
0.000000 0.000000 2429.811254 2429.613713 2429.045802 2429.125097 2429.785734 2429.781811 2429.743450 2429.830038 2429.816084 2429.830038 2429.743450 2429.781811 2429.785734 2429.125097 2429.045802 2429.613713 2429.811254 0.000000 0.000000
0.000000 0.000000 2862.887882 2862.703647 2862.160856 2862.240338 2862.858894 2862.860492 2862.825696 2862.904582 2862.891343 2862.904582 2862.825696 2862.860492 2862.858894 2862.240338 2862.160856 2862.703647 2862.887882 0.000000 0.000000
0.000000 0.000000 3279.423033 3279.268048 3278.733693 3278.854402 3279.388315 3279.402823 3279.375676 3279.439010 3279.426151 3279.439010 3279.375676 3279.402823 3279.388315 3278.854402 3278.733693 3279.268048 3279.423033 0.000000 0.000000
0.000000 0.000000 3682.284574 3682.119402 3681.601353 3681.697245 3682.252352 3682.261522 3682.231882 3682.298316 3682.284864 3682.298316 3682.231882 3682.261522 3682.252352 3681.697245 3681.601353 3682.119402 3682.284574 0.000000 0.000000
0.000000 0.000000 4074.827508 4074.659060 4074.152625 4074.239833 4074.792775 4074.802388 4074.773446 4074.839433 4074.827253 4074.839433 4074.773447 4074.802388 4074.792775 4074.239833 4074.152625 4074.659060 4074.827508 0.000000 0.000000
0.000000 0.000000 4459.112680 4458.945761 4458.444672 4458.533988 4459.076949 4459.086505 4459.058283 4459.122691 4459.110488 4459.122691 4459.058283 4459.086505 4459.076949 4458.533988 4458.444672 4458.945761 4459.112680 0.000000 0.000000
0.000000 0.000000 4837.733888 4837.572728 4837.075846 4837.186925 4837.696779 4837.710055 4837.684314 4837.743752 4837.731453 4837.743752 4837.684314 4837.710055 4837.696779 4837.186925 4837.075846 4837.572728 4837.733888 0.000000 0.000000
0.000000 0.000000 5211.363566 5211.198453 5210.701574 5210.801698 5211.326366 5211.338293 5211.311666 5211.373010 5211.360145 5211.373010 5211.311666 5211.338293 5211.326366 5210.801698 5210.701574 5211.198453 5211.363566 0.000000 0.000000
0.000000 0.000000 5580.967902 5580.805166 5580.318767 5580.413842 5580.931350 5580.944252 5580.918093 5580.978022 5580.964588 5580.978022 5580.918093 5580.944252 5580.931350 5580.413842 5580.318767 5580.805165 5580.967899 0.000000 0.000000
0.000000 0.000000 5945.068068 5944.902464 5944.413636 5944.510072 5945.031481 5945.042105 5945.015525 5945.076695 5945.062900 5945.076695 5945.015525 5945.042105 5945.031481 5944.510072 5944.413636 5944.902449 5945.067649 0.000000 0.000000
0.000000 0.000000 6319.026176 6319.009675 6318.523053 6318.608760 6319.139409 6319.148916 6319.121835 6319.184611 6319.170680 6319.184611 6319.121835 6319.148916 6319.139409 6318.608759 6318.523039 6319.007446 6319.175871 0.000000 0.000000
0.000000 0.000000 0.000000 0.000000 0.000000 0.000000 0.000000 0.000000 0.000000 0.000000 0.000000 0.000000 0.000000 0.000000 0.000000 0.000000 0.000000 0.000000 0.000000 0.000000 0.000000
0.000000 0.000000 0.000000 0.000000 0.000000 0.000000 0.000000 0.000000 0.000000 0.000000 0.000000 0.000000 0.000000 0.000000 0.000000 0.000000 0.000000 0.000000 0.000000 0.000000 0.000000