geotop/1.0zi/1.0Montebello/Templates/testdem/maps/_Erotot1357.asc
ncols         21
nrows         20
xllcorner     100.000000
yllcorner     100.000000
cellsize      50.000000
NODATA_value  -9999.0
0.000000 0.000000 0.000000 0.000000 0.000000 0.000000 0.000000 0.000000 0.000000 0.000000 0.000000 0.000000 0.000000 0.000000 0.000000 0.000000 0.000000 0.000000 0.000000 0.000000 0.000000
0.000000 0.000000 150.852076 150.853486 150.888374 150.863822 150.844961 150.853510 150.855103 150.849862 150.850541 150.849862 150.855103 150.853510 150.844961 150.863822 150.888374 150.853486 150.852076 0.000000 0.000000
0.000000 0.000000 9.023294 8.803426 7.027332 8.885368 9.066483 9.050462 9.060444 9.068223 9.066274 9.068223 9.060444 9.050462 9.066483 8.885368 7.027332 8.803426 9.023294 0.000000 0.000000
0.000000 0.000000 1114.539850 1114.323250 1114.295169 1112.303506 1114.641603 1114.212151 1114.151220 1114.744969 1114.693740 1114.744969 1114.151220 1114.212151 1114.641603 1112.303506 1114.295169 1114.323250 1114.539850 0.000000 0.000000
0.000000 0.000000 2003.241262 2003.016387 2002.262219 2002.960544 2003.409066 2003.218356 2003.170676 2003.323393 2003.278586 2003.323393 2003.170676 2003.218356 2003.409066 2002.960544 2002.262219 2003.016387 2003.241262 0.000000 0.000000
0.000000 0.000000 2635.273981 2635.096488 2634.330629 2634.527016 2635.436712 2635.186336 2635.153946 2635.392333 2635.367155 2635.392333 2635.153946 2635.186336 2635.436712 2634.527016 2634.330629 2635.096488 2635.273981 0.000000 0.000000
0.000000 0.000000 3438.656806 3438.514796 3437.823611 3438.017635 3438.797987 3438.586448 3438.562977 3438.761755 3438.740185 3438.761755 3438.562977 3438.586448 3438.797987 3438.017635 3437.823611 3438.514796 3438.656806 0.000000 0.000000
0.000000 0.000000 4203.109082 4202.986325 4202.347216 4202.539519 4203.230197 4203.046772 4203.028069 4203.203980 4203.185552 4203.203980 4203.028069 4203.046772 4203.230197 4202.539519 4202.347216 4202.986325 4203.109082 0.000000 0.000000
0.000000 0.000000 4927.486939 4927.374622 4926.767448 4926.954067 4927.597842 4927.428288 4927.412389 4927.576240 4927.558418 4927.576240 4927.412389 4927.428288 4927.597842 4926.954067 4926.767448 4927.374622 4927.486939 0.000000 0.000000
0.000000 0.000000 5620.589661 5620.504601 5619.910615 5620.133870 5620.689561 5620.538548 5620.529810 5620.675512 5620.657571 5620.675512 5620.529810 5620.538548 5620.689561 5620.133870 5619.910615 5620.504601 5620.589661 0.000000 0.000000
0.000000 0.000000 6286.964694 6286.870194 6286.295334 6286.491672 6287.064726 6286.911522 6286.899902 6287.047305 6287.028346 6287.047305 6286.899902 6286.911522 6287.064726 6286.491672 6286.295334 6286.870194 6286.964694 0.000000 0.000000
0.000000 0.000000 6932.416649 6932.319529 6931.759582 6931.945930 6932.511125 6932.361929 6932.351137 6932.496499 6932.478696 6932.496499 6932.351137 6932.361929 6932.511125 6931.945930 6931.759582 6932.319529 6932.416649 0.000000 0.000000
0.000000 0.000000 7562.607722 7562.513017 7561.960933 7562.148097 7562.699439 7562.552508 7562.542528 7562.685322 7562.667022 7562.685322 7562.542528 7562.552508 7562.699439 7562.148097 7561.960933 7562.513017 7562.607722 0.000000 0.000000
0.000000 0.000000 8178.080686 8177.992633 8177.446453 8177.653449 8178.169795 8178.027419 8178.020115 8178.158005 8178.139142 8178.158005 8178.020115 8178.027419 8178.169795 8177.653449 8177.446453 8177.992633 8178.080686 0.000000 0.000000
0.000000 0.000000 8781.429856 8781.339352 8780.795379 8780.991455 8781.518579 8781.375295 8781.367099 8781.506773 8781.487287 8781.506773 8781.367099 8781.375295 8781.518579 8780.991455 8780.795379 8781.339352 8781.429856 0.000000 0.000000
0.000000 0.000000 9374.255608 9374.166017 9373.635676 9373.824093 9374.343013 9374.202960 9374.194753 9374.331138 9374.311897 9374.331138 9374.194753 9374.202960 9374.343013 9373.824092 9373.635676 9374.166017 9374.255605 0.000000 0.000000
0.000000 0.000000 9954.508954 9954.420245 9953.890395 9954.082134 9954.599025 9954.456970 9954.448884 9954.584705 9954.564374 9954.584705 9954.448884 9954.456970 9954.599025 9954.082134 9953.890395 9954.420227 9954.508642 0.000000 0.000000
0.000000 0.000000 10553.546294 10553.738469 10553.211096 10553.393984 10553.913987 10553.770490 10553.762557 10553.900857 10553.880309 10553.900857 10553.762557 10553.770490 10553.913987 10553.393983 10553.211079 10553.735451 10553.824571 0.000000 0.000000
0.000000 0.000000 0.000000 0.000000 0.000000 0.000000 0.000000 0.000000 0.000000 0.000000 0.000000 0.000000 0.000000 0.000000 0.000000 0.000000 0.000000 0.000000 0.000000 0.000000 0.000000
0.000000 0.000000 0.000000 0.000000 0.000000 0.000000 0.000000 0.000000 0.000000 0.000000 0.000000 0.000000 0.000000 0.000000 0.000000 0.000000 0.000000 0.000000 0.000000 0.000000 0.000000