geotop/1.0zi/1.0Montebello/Templates/testdem/maps/_Erotot4454.asc
ncols         21
nrows         20
xllcorner     100.000000
yllcorner     100.000000
cellsize      50.000000
NODATA_value  -9999.0
0.000000 0.000000 0.000000 0.000000 0.000000 0.000000 0.000000 0.000000 0.000000 0.000000 0.000000 0.000000 0.000000 0.000000 0.000000 0.000000 0.000000 0.000000 0.000000 0.000000 0.000000
0.000000 0.000000 345.027463 344.566292 344.351470 344.183377 344.189706 344.227013 344.264530 344.263055 344.249600 344.252698 344.254590 344.298838 344.186923 344.226383 344.420747 344.353690 344.468236 0.000000 0.000000
0.000000 0.000000 27.157633 27.784760 28.174265 29.243500 28.852744 28.932919 28.531040 28.466605 28.501660 28.811403 28.527211 28.283584 28.767474 28.513120 27.613384 27.017666 26.817995 0.000000 0.000000
0.000000 0.000000 137.618309 138.837936 131.749927 129.418568 130.509579 125.542897 124.809327 124.454090 123.584428 123.037739 124.071122 122.673013 125.402204 130.348907 130.915332 133.180449 135.817098 0.000000 0.000000
0.000000 0.000000 1338.616565 1344.648858 1351.273077 1335.367443 1324.728226 1316.831918 1319.368167 1313.481360 1317.761158 1321.954713 1322.143361 1322.155122 1331.230574 1329.517785 1334.956120 1340.414741 1341.955850 0.000000 0.000000
0.000000 0.000000 2602.367086 2596.253836 2592.357111 2589.593845 2584.352265 2581.351279 2578.779074 2580.674920 2580.169677 2577.478139 2573.474335 2574.899955 2574.303121 2587.110507 2591.166884 2591.252763 2594.147662 0.000000 0.000000
0.000000 0.000000 3276.968023 3273.012589 3269.314894 3266.434757 3258.611879 3244.408217 3246.271830 3243.008565 3245.657861 3244.692111 3246.814306 3247.911568 3261.741851 3268.262208 3274.811934 3278.670153 3281.410167 0.000000 0.000000
0.000000 0.000000 3739.911853 3740.109723 3741.145827 3736.736342 3735.077799 3730.400193 3731.096396 3731.318545 3729.028641 3730.025817 3728.791028 3727.812490 3730.665643 3734.759003 3736.559605 3735.848492 3737.225539 0.000000 0.000000
0.000000 0.000000 4388.973238 4388.962322 4386.845092 4385.092489 4381.167197 4372.606515 4373.019979 4371.124546 4371.684113 4372.286525 4371.264224 4371.872177 4377.137851 4384.618143 4384.639649 4386.109404 4389.624230 0.000000 0.000000
0.000000 0.000000 5130.523409 5129.253614 5129.836048 5126.658093 5118.664121 5113.907237 5115.624617 5114.654807 5114.699719 5114.715064 5113.645147 5111.869616 5118.980395 5125.132420 5127.585176 5128.579574 5129.834255 0.000000 0.000000
0.000000 0.000000 5912.768200 5911.504647 5910.368374 5908.623138 5906.833541 5896.717405 5897.169379 5894.601775 5894.727251 5895.699476 5894.469416 5894.051431 5898.660844 5901.170409 5905.637915 5907.812070 5910.736285 0.000000 0.000000
0.000000 0.000000 6727.889457 6727.112405 6725.766517 6719.490178 6715.125263 6707.343126 6706.529251 6706.046502 6706.131435 6705.283109 6704.793588 6704.584017 6713.567378 6719.352607 6722.691353 6723.880554 6740.652539 0.000000 0.000000
0.000000 0.000000 7545.288957 7543.725478 7542.157968 7539.908281 7533.278825 7514.873798 7515.328918 7513.511174 7513.391763 7513.942908 7512.262533 7512.533975 7527.908570 7535.694718 7538.829719 7540.369388 7542.607693 0.000000 0.000000
0.000000 0.000000 8416.705897 8414.145120 8412.631356 8409.319639 8391.105612 8399.447887 8393.958742 8393.024314 8393.371784 8393.498873 8392.194054 8391.745715 8385.542188 8403.381344 8407.180770 8412.429508 8412.187298 0.000000 0.000000
0.000000 0.000000 9345.806847 9341.379730 9337.534307 9326.008757 9324.012036 9308.191063 9300.676660 9298.917557 9294.661190 9293.993038 9294.965945 9292.517266 9303.157437 9310.885508 9331.754806 9327.500087 9328.728081 0.000000 0.000000
0.000000 0.000000 10271.089194 10271.153867 10251.736168 10255.403780 10255.508411 10254.757489 10257.518522 10257.424647 10260.144036 10260.048661 10256.709898 10261.438200 10258.905708 10257.606368 10246.561773 10269.876379 10274.264090 0.000000 0.000000
0.000000 0.000000 11319.847947 11297.010204 11289.592883 11282.496611 11268.724287 11262.728245 11261.265891 11260.441920 11256.712253 11256.933035 11256.931943 11254.072155 11258.433839 11274.589149 11287.787175 11288.501360 11312.026382 0.000000 0.000000
0.000000 0.000000 12099.829182 12103.520825 12125.393439 12116.498476 12110.755071 12088.012148 12086.697644 12083.850613 12085.457625 12085.075197 12083.337719 12084.378938 12105.788140 12114.348973 12125.961474 12100.771397 12102.779933 0.000000 0.000000
0.000000 0.000000 0.000000 0.000000 0.000000 0.000000 0.000000 0.000000 0.000000 0.000000 0.000000 0.000000 0.000000 0.000000 0.000000 0.000000 0.000000 0.000000 0.000000 0.000000 0.000000
0.000000 0.000000 0.000000 0.000000 0.000000 0.000000 0.000000 0.000000 0.000000 0.000000 0.000000 0.000000 0.000000 0.000000 0.000000 0.000000 0.000000 0.000000 0.000000 0.000000 0.000000