geotop/1.0zi/1.0Montebello/Templates/testdem/maps/_Erotot1193.asc
ncols         21
nrows         20
xllcorner     100.000000
yllcorner     100.000000
cellsize      50.000000
NODATA_value  -9999.0
0.000000 0.000000 0.000000 0.000000 0.000000 0.000000 0.000000 0.000000 0.000000 0.000000 0.000000 0.000000 0.000000 0.000000 0.000000 0.000000 0.000000 0.000000 0.000000 0.000000 0.000000
0.000000 0.000000 124.883502 124.884882 124.919689 124.894906 124.876690 124.884902 124.886457 124.881367 124.882019 124.881367 124.886457 124.884902 124.876690 124.894906 124.919689 124.884882 124.883502 0.000000 0.000000
0.000000 0.000000 8.590810 8.372122 6.596508 8.454210 8.626731 8.617969 8.628711 8.634525 8.632651 8.634525 8.628711 8.617969 8.626731 8.454210 6.596508 8.372122 8.590810 0.000000 0.000000
0.000000 0.000000 930.930399 930.724970 930.746354 928.724879 930.985059 930.643088 930.606196 931.135139 931.078111 931.135139 930.606196 930.643088 930.985059 928.724879 930.746354 930.724970 930.930399 0.000000 0.000000
0.000000 0.000000 1719.173120 1718.948391 1718.194301 1718.883473 1719.315558 1719.148404 1719.106205 1719.255065 1719.209327 1719.255065 1719.106205 1719.148404 1719.315558 1718.883473 1718.194301 1718.948391 1719.173120 0.000000 0.000000
0.000000 0.000000 2267.815467 2267.641667 2266.887636 2267.062307 2267.900608 2267.727463 2267.714018 2267.931065 2267.903415 2267.931065 2267.714018 2267.727463 2267.900608 2267.062307 2266.887636 2267.641667 2267.815467 0.000000 0.000000
0.000000 0.000000 2969.534048 2969.395595 2968.714269 2968.887544 2969.593405 2969.461619 2969.457363 2969.636276 2969.612253 2969.636276 2969.457363 2969.461619 2969.593405 2968.887544 2968.714269 2969.395595 2969.534048 0.000000 0.000000
0.000000 0.000000 3639.745793 3639.626276 3638.995499 3639.168287 3639.787757 3639.681088 3639.680871 3639.838153 3639.817338 3639.838153 3639.680871 3639.681088 3639.787757 3639.168287 3638.995499 3639.626276 3639.745793 0.000000 0.000000
0.000000 0.000000 4276.522528 4276.413135 4275.812930 4275.980987 4276.557136 4276.461268 4276.463267 4276.609518 4276.589332 4276.609518 4276.463267 4276.461268 4276.557136 4275.980987 4275.812930 4276.413135 4276.522528 0.000000 0.000000
0.000000 0.000000 4886.808469 4886.726240 4886.137748 4886.343594 4886.834330 4886.754541 4886.763334 4886.892263 4886.871968 4886.892263 4886.763334 4886.754541 4886.834330 4886.343594 4886.137748 4886.726240 4886.808469 0.000000 0.000000
0.000000 0.000000 5473.263903 5473.171896 5472.601201 5472.780741 5473.291577 5473.207574 5473.213210 5473.344662 5473.323334 5473.344662 5473.213210 5473.207574 5473.291577 5472.780741 5472.601201 5473.171896 5473.263903 0.000000 0.000000
0.000000 0.000000 6041.648490 6041.553475 6040.996459 6041.166304 6041.671682 6041.590179 6041.596475 6041.726654 6041.706499 6041.726654 6041.596475 6041.590179 6041.671682 6041.166304 6040.996459 6041.553475 6041.648490 0.000000 0.000000
0.000000 0.000000 6597.339687 6597.246643 6596.696435 6596.867538 6597.360864 6597.280460 6597.287456 6597.415624 6597.395001 6597.415624 6597.287456 6597.280460 6597.360864 6596.867538 6596.696435 6597.246643 6597.339687 0.000000 0.000000
0.000000 0.000000 7140.673790 7140.587337 7140.041887 7140.233761 7140.693014 7140.616269 7140.625918 7140.749665 7140.728399 7140.749665 7140.625918 7140.616269 7140.693014 7140.233761 7140.041887 7140.587337 7140.673790 0.000000 0.000000
0.000000 0.000000 7675.363833 7675.274913 7674.730355 7674.911742 7675.383251 7675.304810 7675.313511 7675.439595 7675.417633 7675.439595 7675.313511 7675.304810 7675.383251 7674.911742 7674.730355 7675.274913 7675.363833 0.000000 0.000000
0.000000 0.000000 8202.265497 8202.177244 8201.645868 8201.819630 8202.283883 8202.208236 8202.216885 8202.339816 8202.318086 8202.339816 8202.216885 8202.208236 8202.283883 8201.819630 8201.645868 8202.177244 8202.265494 0.000000 0.000000
0.000000 0.000000 8719.555696 8719.467755 8718.933769 8719.111164 8719.575218 8719.496491 8719.505296 8719.630419 8719.607622 8719.630419 8719.505296 8719.496491 8719.575218 8719.111164 8718.933768 8719.467737 8719.555328 0.000000 0.000000
0.000000 0.000000 9253.233408 9253.386710 9252.854904 9253.023348 9253.492427 9253.411690 9253.420664 9253.548065 9253.525006 9253.548065 9253.420664 9253.411690 9253.492427 9253.023348 9252.854888 9253.383879 9253.472435 0.000000 0.000000
0.000000 0.000000 0.000000 0.000000 0.000000 0.000000 0.000000 0.000000 0.000000 0.000000 0.000000 0.000000 0.000000 0.000000 0.000000 0.000000 0.000000 0.000000 0.000000 0.000000 0.000000
0.000000 0.000000 0.000000 0.000000 0.000000 0.000000 0.000000 0.000000 0.000000 0.000000 0.000000 0.000000 0.000000 0.000000 0.000000 0.000000 0.000000 0.000000 0.000000 0.000000 0.000000