geotop/1.0zi/1.0Montebello/Templates/testdem/maps/_Erotot7351.asc
ncols         21
nrows         20
xllcorner     100.000000
yllcorner     100.000000
cellsize      50.000000
NODATA_value  -9999.0
0.000000 0.000000 0.000000 0.000000 0.000000 0.000000 0.000000 0.000000 0.000000 0.000000 0.000000 0.000000 0.000000 0.000000 0.000000 0.000000 0.000000 0.000000 0.000000 0.000000 0.000000
0.000000 0.000000 628.061329 629.020158 628.431495 628.611728 627.766789 627.958694 627.905385 628.010161 628.433664 627.764860 627.649798 627.730242 628.045770 628.056870 628.840709 629.383866 629.443444 0.000000 0.000000
0.000000 0.000000 49.533163 48.311467 48.440656 48.764458 49.157361 48.895012 48.628209 48.469030 48.710853 48.992327 49.007555 49.134418 48.915027 48.657847 47.210854 46.331298 47.084540 0.000000 0.000000
0.000000 0.000000 319.265362 320.652404 308.368730 302.951959 303.831021 292.677483 292.797637 293.652411 289.999625 288.218574 290.436346 290.569806 300.766622 307.361745 311.904355 314.489600 319.310473 0.000000 0.000000
0.000000 0.000000 2840.076756 2843.208161 2847.108571 2825.838600 2807.465425 2798.203279 2797.717439 2794.126277 2800.239164 2805.984770 2800.885352 2799.216854 2813.142316 2816.096431 2825.007006 2833.204101 2832.847123 0.000000 0.000000
0.000000 0.000000 4584.260374 4578.586564 4575.042676 4569.143596 4555.166323 4545.838260 4546.528307 4545.373792 4542.122892 4536.409338 4535.540232 4538.824416 4537.716856 4556.523057 4564.590701 4571.503382 4574.500193 0.000000 0.000000
0.000000 0.000000 5836.835107 5833.902991 5829.650964 5823.203142 5809.844738 5789.474577 5788.475731 5784.848921 5786.177370 5790.006988 5791.412444 5791.962903 5818.311385 5827.946003 5833.201714 5835.765231 5840.947505 0.000000 0.000000
0.000000 0.000000 6810.916552 6811.425489 6808.738815 6799.544049 6797.693022 6789.136989 6789.420052 6789.475518 6788.359512 6784.606118 6783.854701 6789.899141 6791.093306 6795.390326 6807.259538 6805.641460 6810.450555 0.000000 0.000000
0.000000 0.000000 8106.482627 8102.371628 8096.526350 8096.673097 8086.439187 8072.247696 8073.463568 8069.309516 8067.065321 8066.958047 8069.255937 8063.569167 8081.195759 8094.368478 8095.767390 8099.124421 8100.434382 0.000000 0.000000
0.000000 0.000000 9591.235851 9588.115537 9588.700159 9585.145498 9566.014849 9557.329962 9557.139122 9556.991650 9553.607042 9556.978383 9559.977878 9559.233587 9565.221165 9578.648934 9585.694913 9587.362925 9588.395790 0.000000 0.000000
0.000000 0.000000 11208.871801 11208.265101 11205.878573 11187.107789 11181.848134 11167.661522 11173.123932 11160.728645 11164.378473 11162.833951 11156.199212 11165.621022 11173.999511 11176.432583 11188.090563 11194.626633 11204.793649 0.000000 0.000000
0.000000 0.000000 12945.383623 12938.217427 12931.038631 12928.055076 12919.102665 12900.775391 12897.701421 12898.207528 12905.031350 12894.756563 12898.432359 12898.469923 12918.995724 12926.541380 12929.000905 12932.656269 12954.630962 0.000000 0.000000
0.000000 0.000000 14734.546414 14730.336005 14730.805109 14718.556073 14712.382790 14670.232166 14668.646748 14668.039612 14648.416701 14659.516137 14663.608825 14667.841957 14696.965706 14703.243533 14724.331815 14723.824111 14731.672887 0.000000 0.000000
0.000000 0.000000 16758.294579 16760.740055 16748.861548 16744.917838 16696.144491 16711.921553 16698.021612 16699.254696 16703.920344 16700.291876 16698.444656 16694.319038 16676.828911 16730.023973 16736.338386 16754.075768 16762.942189 0.000000 0.000000
0.000000 0.000000 19007.131369 18999.790921 18992.146004 18941.263922 18948.618888 18923.103620 18905.394261 18903.113142 18893.199177 18883.894216 18888.662092 18887.319676 18916.990922 18912.290957 18988.256976 18973.400893 18971.795845 0.000000 0.000000
0.000000 0.000000 21355.883899 21353.392202 21279.655081 21295.553926 21298.102200 21287.490239 21320.995033 21308.109312 21322.606986 21314.742284 21303.914937 21323.104456 21326.841467 21327.446402 21272.236057 21378.539565 21370.821943 0.000000 0.000000
0.000000 0.000000 24150.089812 24045.159114 24062.268096 24030.912632 23974.161472 23962.648869 23936.733805 23944.856990 23912.504389 23914.980328 23930.404881 23919.477210 23945.026620 23978.994791 24060.197644 24014.109721 24126.273208 0.000000 0.000000
0.000000 0.000000 25527.564627 25611.808092 25715.056789 25710.331934 25703.457661 25616.026212 25625.157323 25597.033763 25634.533348 25627.122727 25628.436941 25633.077485 25707.738354 25713.888531 25733.791578 25641.609126 25559.002958 0.000000 0.000000
0.000000 0.000000 0.000000 0.000000 0.000000 0.000000 0.000000 0.000000 0.000000 0.000000 0.000000 0.000000 0.000000 0.000000 0.000000 0.000000 0.000000 0.000000 0.000000 0.000000 0.000000
0.000000 0.000000 0.000000 0.000000 0.000000 0.000000 0.000000 0.000000 0.000000 0.000000 0.000000 0.000000 0.000000 0.000000 0.000000 0.000000 0.000000 0.000000 0.000000 0.000000 0.000000