geotop/1.0zi/1.0Montebello/Templates/testdem/maps/_Erotot077).asc
ncols         21
nrows         20
xllcorner     100.000000
yllcorner     100.000000
cellsize      50.000000
NODATA_value  -9999.0
0.000000 0.000000 0.000000 0.000000 0.000000 0.000000 0.000000 0.000000 0.000000 0.000000 0.000000 0.000000 0.000000 0.000000 0.000000 0.000000 0.000000 0.000000 0.000000 0.000000 0.000000
0.000000 0.000000 900.047832 900.018287 898.731831 896.995656 895.313324 894.505846 894.766047 894.714003 895.168306 894.553887 894.316649 894.403655 895.716638 896.336555 898.961162 900.236968 901.031560 0.000000 0.000000
0.000000 0.000000 64.383895 63.205052 63.482980 64.377412 65.253987 64.969620 64.542617 64.463763 64.619906 64.835374 65.055216 65.089058 64.703431 64.221588 62.153240 61.327442 62.009272 0.000000 0.000000
0.000000 0.000000 781.808044 785.789406 768.562859 757.222120 756.062683 747.084899 754.365641 755.550442 751.598519 753.160689 757.406951 756.424969 766.358456 778.457246 783.261946 781.676493 787.899570 0.000000 0.000000
0.000000 0.000000 5482.537134 5472.405868 5472.261861 5429.484286 5401.680491 5384.595968 5377.539016 5373.722012 5378.516617 5383.596409 5383.379821 5377.573134 5397.628010 5404.415667 5425.677743 5439.272542 5439.767967 0.000000 0.000000
0.000000 0.000000 7759.347861 7754.423274 7745.411859 7746.547832 7715.990027 7701.879957 7705.993918 7705.460519 7698.863116 7692.585085 7689.777068 7693.939623 7697.194050 7726.625135 7727.180215 7735.050760 7736.782378 0.000000 0.000000
0.000000 0.000000 9562.646104 9555.599170 9550.903655 9534.643344 9526.926719 9484.607311 9484.597112 9481.549596 9479.535095 9482.827866 9483.606084 9484.655028 9522.611834 9527.964045 9538.973538 9543.073399 9548.180247 0.000000 0.000000
0.000000 0.000000 11593.009865 11587.132599 11577.758010 11553.354096 11541.266963 11534.509183 11534.529081 11532.733314 11530.735811 11526.963211 11525.876494 11533.085045 11532.848507 11546.409202 11564.602078 11563.025967 11569.489818 0.000000 0.000000
0.000000 0.000000 14146.423407 14138.518977 14125.919231 14118.330841 14097.462718 14071.557633 14075.722964 14072.056262 14066.596593 14066.016237 14069.305719 14062.070983 14092.209706 14110.629258 14115.465700 14120.620793 14123.108326 0.000000 0.000000
0.000000 0.000000 17185.822429 17172.950165 17164.689940 17150.409964 17131.295060 17106.485795 17105.125651 17104.411021 17097.129110 17101.859527 17105.157874 17104.095959 17114.944732 17140.603654 17152.058501 17157.798027 17156.781337 0.000000 0.000000
0.000000 0.000000 20667.947960 20660.496083 20655.136489 20608.547957 20606.944913 20570.342641 20581.009615 20559.689290 20564.486840 20559.086088 20548.940057 20562.769379 20582.965975 20590.435830 20611.028252 20616.271026 20638.158967 0.000000 0.000000
0.000000 0.000000 24675.989394 24654.318274 24624.686166 24618.131810 24599.463134 24556.235398 24547.292993 24552.659459 24558.443284 24545.724909 24552.675096 24543.140685 24582.797994 24604.863382 24608.779550 24617.010862 24648.321245 0.000000 0.000000
0.000000 0.000000 28904.184064 28885.409670 28883.540443 28848.491277 28823.319129 28713.601008 28710.245526 28706.820525 28651.815406 28686.959361 28688.220578 28701.196995 28781.696275 28793.811953 28843.859489 28844.376019 28842.770206 0.000000 0.000000
0.000000 0.000000 33607.749856 33607.583525 33568.503175 33550.941444 33411.261524 33509.891041 33475.419222 33474.858775 33504.508498 33473.695497 33470.643392 33448.672313 33358.137697 33521.149313 33513.240022 33553.920081 33572.552915 0.000000 0.000000
0.000000 0.000000 37372.717100 37358.206408 37345.128209 37230.192578 37314.803569 37226.522608 37213.652652 37209.294649 37178.937335 37173.051331 37184.576402 37189.412161 37267.019540 37175.735759 37338.750089 37292.489637 37278.371333 0.000000 0.000000
0.000000 0.000000 39678.885321 39674.867047 39594.488582 39638.563102 39632.586207 39631.878356 39674.267387 39661.243123 39679.130100 39674.947396 39661.043835 39679.967047 39669.545340 39678.900307 39577.580386 39700.467483 39692.296840 0.000000 0.000000
0.000000 0.000000 41452.155889 41395.417307 41424.786724 41401.288428 41371.455985 41371.897274 41352.987563 41359.785117 41339.736463 41342.329227 41351.166410 41344.422037 41352.446013 41365.268604 41417.489033 41370.318507 41426.788923 0.000000 0.000000
0.000000 0.000000 42168.433632 42231.947873 42262.080232 42274.285407 42277.932946 42240.719542 42256.536981 42241.705312 42265.797738 42262.068333 42258.899949 42263.840666 42293.575314 42289.302785 42264.535927 42246.281737 42185.173528 0.000000 0.000000
0.000000 0.000000 0.000000 0.000000 0.000000 0.000000 0.000000 0.000000 0.000000 0.000000 0.000000 0.000000 0.000000 0.000000 0.000000 0.000000 0.000000 0.000000 0.000000 0.000000 0.000000
0.000000 0.000000 0.000000 0.000000 0.000000 0.000000 0.000000 0.000000 0.000000 0.000000 0.000000 0.000000 0.000000 0.000000 0.000000 0.000000 0.000000 0.000000 0.000000 0.000000 0.000000