geotop/1.0zi/1.0Montebello/Templates/testdem/maps/_Erotot4642.asc
ncols         21
nrows         20
xllcorner     100.000000
yllcorner     100.000000
cellsize      50.000000
NODATA_value  -9999.0
0.000000 0.000000 0.000000 0.000000 0.000000 0.000000 0.000000 0.000000 0.000000 0.000000 0.000000 0.000000 0.000000 0.000000 0.000000 0.000000 0.000000 0.000000 0.000000 0.000000 0.000000
0.000000 0.000000 347.237596 346.777127 346.562075 346.393881 346.397775 346.438169 346.475674 346.474112 346.460767 346.463938 346.465906 346.510258 346.395123 346.437023 346.631518 346.564676 346.678487 0.000000 0.000000
0.000000 0.000000 27.330176 27.970348 28.357796 29.426941 29.042876 29.119681 28.717807 28.653504 28.688383 28.998162 28.713874 28.470313 28.957534 28.696578 27.796818 27.203226 27.004114 0.000000 0.000000
0.000000 0.000000 137.773115 138.979519 131.892568 129.550473 130.631309 125.664871 124.931492 124.576272 123.706550 123.159572 124.193315 122.801684 125.535140 130.491213 131.057312 133.319744 135.957036 0.000000 0.000000
0.000000 0.000000 1344.090070 1348.217087 1353.577440 1336.436581 1325.258464 1317.300939 1319.769301 1313.942294 1318.193480 1322.428605 1322.742721 1323.235107 1332.524924 1331.499235 1336.927900 1342.678116 1344.537865 0.000000 0.000000
0.000000 0.000000 2626.958302 2622.207070 2618.714071 2616.049589 2610.776628 2607.677431 2604.995156 2606.726914 2606.322643 2603.739603 2599.894471 2601.072060 2600.593925 2613.501682 2617.639284 2617.708806 2620.577441 0.000000 0.000000
0.000000 0.000000 3324.020661 3319.065017 3315.138583 3311.850831 3303.041544 3288.217028 3289.959052 3286.755082 3289.779789 3288.913586 3290.761514 3292.082936 3306.704608 3314.132072 3320.467658 3324.274236 3327.793308 0.000000 0.000000
0.000000 0.000000 3817.286175 3817.618503 3818.438551 3813.870570 3812.182267 3807.397565 3808.023378 3808.189929 3805.820843 3806.789219 3805.778673 3804.694247 3807.861665 3811.877917 3813.859403 3813.241060 3814.458954 0.000000 0.000000
0.000000 0.000000 4465.076303 4464.977874 4462.733753 4460.631461 4456.521239 4448.047353 4448.338046 4446.423142 4447.007216 4447.657232 4446.752990 4447.325894 4452.655961 4460.382979 4460.416152 4461.919341 4465.649126 0.000000 0.000000
0.000000 0.000000 5222.259064 5220.596948 5221.190194 5217.459235 5209.138757 5204.218128 5205.877904 5204.895547 5205.038237 5205.109773 5204.027629 5202.322187 5209.750678 5216.391630 5218.650031 5219.686423 5221.069929 0.000000 0.000000
0.000000 0.000000 6022.133972 6020.433282 6019.402804 6017.433017 6015.133393 6004.701786 6005.051468 6002.464829 6002.672634 6003.709683 6002.521772 6002.297661 6007.404313 6010.165316 6014.927164 6017.014601 6020.087384 0.000000 0.000000
0.000000 0.000000 6855.807512 6855.208347 6853.141002 6846.566114 6842.115929 6834.124943 6833.191095 6832.699804 6832.881318 6832.097883 6831.642171 6831.515338 6840.613668 6846.646535 6850.046409 6851.234028 6868.243516 0.000000 0.000000
0.000000 0.000000 7693.132243 7691.332389 7689.538723 7686.882907 7679.841307 7660.837125 7661.151491 7659.313752 7659.295637 7659.939585 7658.285701 7658.680185 7674.768070 7682.925431 7686.158587 7687.691893 7690.117343 0.000000 0.000000
0.000000 0.000000 8586.604764 8583.828096 8582.112876 8578.364467 8559.313506 8567.562762 8561.740199 8560.770115 8561.252478 8561.616443 8560.260685 8559.927743 8554.031623 8572.695165 8576.598048 8581.874417 8581.832060 0.000000 0.000000
0.000000 0.000000 9540.645866 9536.034765 9531.877393 9519.407773 9516.968888 9500.776561 9492.831501 9491.032579 9486.856033 9486.503876 9487.476258 9485.091763 9496.288501 9504.482195 9526.007104 9521.705813 9523.149895 0.000000 0.000000
0.000000 0.000000 10491.917819 10491.701781 10471.390521 10474.651594 10474.208731 10473.183523 10475.968081 10475.892681 10478.769896 10478.639454 10475.375599 10480.327281 10478.114091 10477.248761 10466.129981 10490.212604 10494.894148 0.000000 0.000000
0.000000 0.000000 11571.114793 11547.061656 11539.148539 11531.358712 11516.893153 11510.543445 11508.845998 11507.992008 11504.322045 11504.676142 11504.754103 11501.934419 11506.835804 11523.730713 11537.271585 11538.071930 11562.795253 0.000000 0.000000
0.000000 0.000000 12370.397748 12374.000808 12396.254441 12386.627133 12380.289675 12356.673019 12355.059144 12352.146874 12353.975446 12353.772142 12352.031632 12353.288114 12375.722211 12384.887615 12396.855422 12370.974140 12373.185044 0.000000 0.000000
0.000000 0.000000 0.000000 0.000000 0.000000 0.000000 0.000000 0.000000 0.000000 0.000000 0.000000 0.000000 0.000000 0.000000 0.000000 0.000000 0.000000 0.000000 0.000000 0.000000 0.000000
0.000000 0.000000 0.000000 0.000000 0.000000 0.000000 0.000000 0.000000 0.000000 0.000000 0.000000 0.000000 0.000000 0.000000 0.000000 0.000000 0.000000 0.000000 0.000000 0.000000 0.000000