geotop/1.0zi/1.0Montebello/Templates/testdem/maps/_Erotot9314.asc
ncols         21
nrows         20
xllcorner     100.000000
yllcorner     100.000000
cellsize      50.000000
NODATA_value  -9999.0
0.000000 0.000000 0.000000 0.000000 0.000000 0.000000 0.000000 0.000000 0.000000 0.000000 0.000000 0.000000 0.000000 0.000000 0.000000 0.000000 0.000000 0.000000 0.000000 0.000000 0.000000
0.000000 0.000000 737.397902 737.904946 737.333305 737.418131 736.420250 736.529350 736.617256 736.690813 737.079463 736.445440 736.337212 736.385473 736.786341 736.904525 737.717315 738.324445 738.546142 0.000000 0.000000
0.000000 0.000000 57.447363 56.404479 56.713831 56.650165 57.524833 57.212131 56.825903 56.685401 56.880369 57.199019 57.254332 57.361309 57.128973 56.475389 55.216480 54.329279 54.884389 0.000000 0.000000
0.000000 0.000000 428.245979 430.154385 417.083537 410.791750 410.094388 404.266944 409.348973 411.129897 407.253628 405.829893 409.373234 408.908301 417.378045 425.923224 429.725682 425.579366 432.548391 0.000000 0.000000
0.000000 0.000000 4099.202708 4093.715393 4087.676421 4052.936162 4025.731812 4011.664486 4004.767414 3998.580210 4006.149460 4012.984707 4011.630599 4006.704777 4026.444129 4032.768965 4050.076067 4061.830704 4062.604036 0.000000 0.000000
0.000000 0.000000 6320.611721 6315.204423 6310.521730 6312.819402 6288.234374 6276.269562 6279.801983 6279.042729 6274.467544 6267.969480 6266.326400 6270.826235 6270.794724 6296.935326 6297.855288 6305.092863 6307.384340 0.000000 0.000000
0.000000 0.000000 7760.467505 7755.228377 7751.445950 7739.880879 7731.933092 7694.332656 7697.165711 7694.497235 7693.808001 7698.031429 7698.659205 7700.374672 7733.431160 7738.721042 7748.213132 7750.451469 7755.794220 0.000000 0.000000
0.000000 0.000000 9250.292175 9247.605984 9242.455959 9229.865459 9222.424060 9219.561058 9219.446300 9217.462375 9217.352725 9213.039325 9211.992556 9219.332223 9217.681395 9227.666184 9242.745880 9239.686736 9246.057107 0.000000 0.000000
0.000000 0.000000 11164.648256 11159.530340 11152.387787 11148.917885 11132.140746 11110.732006 11113.980527 11109.773963 11106.229552 11105.643247 11108.655075 11102.640657 11127.892873 11142.387334 11144.847240 11147.944100 11150.758943 0.000000 0.000000
0.000000 0.000000 13390.356472 13382.947172 13379.736847 13372.048853 13348.162605 13334.685705 13334.442952 13332.657696 13328.286542 13332.567304 13335.846081 13335.752552 13343.132966 13363.521875 13372.129355 13375.453529 13375.245608 0.000000 0.000000
0.000000 0.000000 15865.361135 15862.794564 15860.726779 15829.264826 15822.486464 15798.755355 15807.224963 15789.998878 15795.545316 15791.350352 15783.693537 15795.310738 15810.292718 15814.980378 15830.749159 15835.304354 15851.629717 0.000000 0.000000
0.000000 0.000000 18621.909024 18610.238551 18592.787303 18590.984209 18572.535887 18545.666192 18545.291674 18546.851489 18553.801224 18538.756670 18546.847718 18544.822678 18572.644895 18586.906583 18589.005371 18593.722311 18619.663782 0.000000 0.000000
0.000000 0.000000 21551.877851 21544.339138 21546.719937 21518.991224 21507.490759 21433.830473 21430.960039 21429.948719 21397.124556 21418.005173 21420.515500 21428.715170 21482.207416 21492.451796 21524.304261 21523.840005 21530.431537 0.000000 0.000000
0.000000 0.000000 25034.869133 25035.949686 25011.364923 25002.545978 24904.003232 24950.898405 24927.727716 24929.111713 24944.650091 24930.288671 24929.008341 24917.454321 24871.237210 24982.862508 24985.405147 25013.164461 25027.270605 0.000000 0.000000
0.000000 0.000000 28878.433785 28863.717622 28845.617795 28730.905236 28783.015434 28713.030917 28690.454141 28684.747695 28658.789791 28646.370844 28658.569954 28660.328244 28728.462795 28676.386410 28839.289112 28797.606917 28789.532178 0.000000 0.000000
0.000000 0.000000 32503.598491 32497.278905 32349.733550 32430.794147 32412.071443 32417.695242 32493.309366 32471.023763 32508.129717 32499.884284 32472.433070 32509.902169 32490.758331 32509.769187 32328.827546 32559.612708 32550.265036 0.000000 0.000000
0.000000 0.000000 36098.316047 35940.382568 36019.720118 35947.848098 35866.073800 35844.668462 35783.286003 35800.902639 35741.693456 35749.772212 35782.994572 35750.159733 35794.545791 35845.587306 36013.287739 35861.509319 36029.023211 0.000000 0.000000
0.000000 0.000000 36947.058169 37077.514231 37184.728953 37184.871584 37191.391464 37094.724487 37114.781060 37081.507766 37133.813491 37124.075821 37119.486420 37130.906943 37206.580405 37204.708020 37199.907598 37112.485722 36983.167807 0.000000 0.000000
0.000000 0.000000 0.000000 0.000000 0.000000 0.000000 0.000000 0.000000 0.000000 0.000000 0.000000 0.000000 0.000000 0.000000 0.000000 0.000000 0.000000 0.000000 0.000000 0.000000 0.000000
0.000000 0.000000 0.000000 0.000000 0.000000 0.000000 0.000000 0.000000 0.000000 0.000000 0.000000 0.000000 0.000000 0.000000 0.000000 0.000000 0.000000 0.000000 0.000000 0.000000 0.000000