geotop/1.0zi/1.0Montebello/Templates/testdem/maps/_Erotot6080.asc
ncols         21
nrows         20
xllcorner     100.000000
yllcorner     100.000000
cellsize      50.000000
NODATA_value  -9999.0
0.000000 0.000000 0.000000 0.000000 0.000000 0.000000 0.000000 0.000000 0.000000 0.000000 0.000000 0.000000 0.000000 0.000000 0.000000 0.000000 0.000000 0.000000 0.000000 0.000000 0.000000
0.000000 0.000000 464.586704 463.782706 463.593533 463.378352 463.338745 463.411700 463.355583 463.533729 463.436654 463.234540 463.172946 463.252654 463.393914 463.302243 463.504089 463.701903 464.128291 0.000000 0.000000
0.000000 0.000000 34.821598 35.497049 35.795989 36.974550 36.712392 36.496337 36.323672 36.101971 36.316024 36.676079 36.486902 36.230124 36.646862 36.420545 35.573893 34.738622 34.132057 0.000000 0.000000
0.000000 0.000000 191.992629 193.187081 185.605456 182.758570 184.133443 179.052870 178.649226 178.285833 177.554126 175.122136 177.562346 175.765974 179.090580 184.763474 184.666539 187.481256 191.643178 0.000000 0.000000
0.000000 0.000000 1889.902586 1894.242662 1897.793279 1878.880245 1863.328512 1852.437116 1855.032885 1852.026794 1855.545793 1859.705360 1856.495355 1854.865034 1865.684840 1866.402195 1874.315415 1882.245536 1884.134668 0.000000 0.000000
0.000000 0.000000 3373.736294 3368.065778 3365.520919 3360.452113 3351.925057 3344.199483 3342.592539 3342.689133 3341.225315 3338.892284 3336.134696 3338.346472 3339.124670 3355.155787 3360.864920 3364.584678 3366.638460 0.000000 0.000000
0.000000 0.000000 4471.334975 4468.715091 4465.456007 4461.074661 4448.088022 4431.002286 4430.946361 4427.413637 4429.332620 4432.205168 4434.230375 4435.414734 4455.568656 4465.185538 4469.742167 4471.092173 4476.606025 0.000000 0.000000
0.000000 0.000000 5142.686735 5144.000009 5142.597217 5136.041173 5135.296194 5127.978706 5128.524886 5128.898089 5127.583269 5125.134749 5124.871447 5128.510766 5128.949568 5131.813136 5140.340240 5138.741480 5142.068177 0.000000 0.000000
0.000000 0.000000 6068.057371 6065.302426 6060.719670 6061.446909 6054.588279 6043.858080 6044.319155 6041.659955 6039.115912 6040.263103 6041.388276 6036.386419 6049.930793 6058.418947 6060.775421 6061.785960 6063.541512 0.000000 0.000000
0.000000 0.000000 7138.042021 7135.580926 7137.261789 7136.367535 7121.359744 7113.845268 7115.265143 7114.341217 7112.208974 7115.316456 7118.602983 7116.761221 7120.314865 7131.211796 7135.391433 7135.748480 7136.720793 0.000000 0.000000
0.000000 0.000000 8292.833843 8292.957166 8292.604609 8278.040919 8275.253019 8264.289650 8267.860600 8258.707147 8261.076003 8260.060413 8255.215746 8262.784342 8267.572431 8269.236707 8276.164980 8282.263151 8289.871271 0.000000 0.000000
0.000000 0.000000 9503.377618 9498.691833 9493.236371 9491.234509 9487.008639 9471.825215 9470.790419 9469.912531 9476.552681 9469.376445 9471.442781 9471.056369 9487.073297 9490.804065 9492.555225 9493.227783 9513.068083 0.000000 0.000000
0.000000 0.000000 10730.657840 10728.666861 10729.309811 10721.569152 10717.258079 10689.476613 10688.059147 10687.680522 10672.980325 10682.067302 10686.054653 10688.361706 10705.547603 10709.717156 10724.266325 10723.794947 10730.911358 0.000000 0.000000
0.000000 0.000000 12078.221246 12079.541044 12072.104597 12070.765987 12041.919199 12050.384832 12039.809063 12041.282512 12042.347849 12041.791157 12040.415312 12036.928459 12026.904459 12058.228019 12063.873411 12074.866668 12082.267265 0.000000 0.000000
0.000000 0.000000 13537.155279 13532.035949 13528.376317 13502.632377 13502.530831 13486.382070 13473.211923 13471.555726 13466.455784 13460.044068 13463.300463 13461.578909 13477.136570 13481.005200 13524.221273 13515.212475 13515.591716 0.000000 0.000000
0.000000 0.000000 15039.540718 15038.778781 15000.331964 15000.289063 15005.358886 14997.694091 15015.518082 15007.741408 15013.932277 15009.269861 15003.708217 15012.898288 15016.671820 15016.284262 14994.478312 15048.735060 15041.993123 0.000000 0.000000
0.000000 0.000000 16752.431811 16705.290362 16703.391318 16692.901740 16666.243742 16658.847398 16649.863424 16653.184602 16638.392052 16638.820430 16644.453693 16643.893003 16656.588605 16668.719445 16702.288038 16694.755288 16747.671854 0.000000 0.000000
0.000000 0.000000 17922.268841 17938.037674 17987.193628 17980.182554 17965.773399 17925.738675 17926.953782 17912.212725 17925.005185 17922.855756 17928.611079 17924.430989 17959.406018 17971.653258 17995.832459 17945.560916 17930.102363 0.000000 0.000000
0.000000 0.000000 0.000000 0.000000 0.000000 0.000000 0.000000 0.000000 0.000000 0.000000 0.000000 0.000000 0.000000 0.000000 0.000000 0.000000 0.000000 0.000000 0.000000 0.000000 0.000000
0.000000 0.000000 0.000000 0.000000 0.000000 0.000000 0.000000 0.000000 0.000000 0.000000 0.000000 0.000000 0.000000 0.000000 0.000000 0.000000 0.000000 0.000000 0.000000 0.000000 0.000000