geotop/1.0zi/1.0Montebello/Templates/testdem/maps/_Erotot0977.asc
ncols         21
nrows         20
xllcorner     100.000000
yllcorner     100.000000
cellsize      50.000000
NODATA_value  -9999.0
0.000000 0.000000 0.000000 0.000000 0.000000 0.000000 0.000000 0.000000 0.000000 0.000000 0.000000 0.000000 0.000000 0.000000 0.000000 0.000000 0.000000 0.000000 0.000000 0.000000 0.000000
0.000000 0.000000 109.239684 109.240944 109.275422 109.249670 109.234356 109.240975 109.242336 109.237897 109.238429 109.237897 109.242336 109.240975 109.234356 109.249670 109.275422 109.240944 109.239684 0.000000 0.000000
0.000000 0.000000 9.208008 8.989712 7.215137 9.074294 9.241760 9.234867 9.246300 9.251613 9.249930 9.251613 9.246300 9.234867 9.241760 9.074294 7.215137 8.989712 9.208008 0.000000 0.000000
0.000000 0.000000 851.636106 851.210528 851.499090 849.199015 851.590075 851.429304 851.302215 851.623137 851.651250 851.623137 851.302215 851.429304 851.590075 849.199015 851.499090 851.210528 851.636106 0.000000 0.000000
0.000000 0.000000 1485.025840 1484.756626 1484.041990 1484.690939 1485.137372 1485.000700 1484.956486 1485.064662 1485.028355 1485.064662 1484.956486 1485.000700 1485.137372 1484.690939 1484.041990 1484.756626 1485.025840 0.000000 0.000000
0.000000 0.000000 1972.678095 1972.406427 1971.760977 1971.821529 1972.711085 1972.616534 1972.571711 1972.697830 1972.702009 1972.697830 1972.571711 1972.616534 1972.711085 1971.821529 1971.760977 1972.406427 1972.678095 0.000000 0.000000
0.000000 0.000000 2567.192035 2566.970643 2566.378117 2566.455523 2567.208019 2567.142322 2567.111084 2567.213536 2567.215346 2567.213536 2567.111084 2567.142322 2567.208019 2566.455523 2566.378117 2566.970643 2567.192035 0.000000 0.000000
0.000000 0.000000 3131.838283 3131.643815 3131.091163 3131.177797 3131.841356 3131.794270 3131.769458 3131.857864 3131.859747 3131.857864 3131.769458 3131.794270 3131.841356 3131.177797 3131.091163 3131.643815 3131.838283 0.000000 0.000000
0.000000 0.000000 3668.173875 3667.992982 3667.465759 3667.551926 3668.171668 3668.132524 3668.110835 3668.191597 3668.192797 3668.191597 3668.110835 3668.132524 3668.171668 3667.551926 3667.465759 3667.992982 3668.173875 0.000000 0.000000
0.000000 0.000000 4182.802126 4182.650419 4182.132106 4182.258212 4182.792639 4182.768331 4182.753519 4182.818466 4182.819128 4182.818466 4182.753519 4182.768331 4182.792639 4182.258212 4182.132106 4182.650419 4182.802126 0.000000 0.000000
0.000000 0.000000 4677.593386 4677.431819 4676.930199 4677.030596 4677.585696 4677.556995 4677.539099 4677.606847 4677.606400 4677.606847 4677.539099 4677.556995 4677.585696 4677.030596 4676.930199 4677.431819 4677.593386 0.000000 0.000000
0.000000 0.000000 5157.176170 5157.011779 5156.522208 5156.613399 5157.164536 5157.137799 5157.120398 5157.187490 5157.188074 5157.187490 5157.120398 5157.137799 5157.164536 5156.613399 5156.522208 5157.011779 5157.176170 0.000000 0.000000
0.000000 0.000000 5626.501592 5626.339176 5625.855393 5625.948069 5626.488418 5626.462576 5626.445547 5626.510885 5626.511098 5626.510885 5626.445547 5626.462576 5626.488418 5625.948069 5625.855393 5626.339176 5626.501592 0.000000 0.000000
0.000000 0.000000 6086.699252 6086.542682 6086.063594 6086.176780 6086.683842 6086.662370 6086.647614 6086.707816 6086.707632 6086.707816 6086.647614 6086.662370 6086.683842 6086.176780 6086.063594 6086.542682 6086.699252 0.000000 0.000000
0.000000 0.000000 6539.761651 6539.601257 6539.122951 6539.224699 6539.745777 6539.723422 6539.707363 6539.768991 6539.768323 6539.768991 6539.707363 6539.723422 6539.745777 6539.224699 6539.122951 6539.601257 6539.761651 0.000000 0.000000
0.000000 0.000000 6986.921656 6986.763679 6986.295875 6986.392154 6986.905919 6986.884893 6986.869201 6986.929352 6986.928247 6986.929352 6986.869201 6986.884893 6986.905919 6986.392154 6986.295875 6986.763679 6986.921653 0.000000 0.000000
0.000000 0.000000 7426.565949 7426.405875 7425.936424 7426.033992 7426.550436 7426.527609 7426.511278 7426.572015 7426.570439 7426.572015 7426.511278 7426.527609 7426.550436 7426.033992 7425.936424 7426.405859 7426.565713 0.000000 0.000000
0.000000 0.000000 7884.516045 7884.589421 7884.122427 7884.209569 7884.733720 7884.709728 7884.693109 7884.755118 7884.753549 7884.755118 7884.693109 7884.709728 7884.733720 7884.209568 7884.122411 7884.586876 7884.749430 0.000000 0.000000
0.000000 0.000000 0.000000 0.000000 0.000000 0.000000 0.000000 0.000000 0.000000 0.000000 0.000000 0.000000 0.000000 0.000000 0.000000 0.000000 0.000000 0.000000 0.000000 0.000000 0.000000
0.000000 0.000000 0.000000 0.000000 0.000000 0.000000 0.000000 0.000000 0.000000 0.000000 0.000000 0.000000 0.000000 0.000000 0.000000 0.000000 0.000000 0.000000 0.000000 0.000000 0.000000