geotop/1.0zi/1.0Montebello/Templates/testdem/maps/_Erotot0931.asc
ncols         21
nrows         20
xllcorner     100.000000
yllcorner     100.000000
cellsize      50.000000
NODATA_value  -9999.0
0.000000 0.000000 0.000000 0.000000 0.000000 0.000000 0.000000 0.000000 0.000000 0.000000 0.000000 0.000000 0.000000 0.000000 0.000000 0.000000 0.000000 0.000000 0.000000 0.000000 0.000000
0.000000 0.000000 90.164848 90.166093 90.200525 90.174658 90.159685 90.166127 90.167464 90.163093 90.163609 90.163093 90.167464 90.166127 90.159685 90.174658 90.200525 90.166093 90.164848 0.000000 0.000000
0.000000 0.000000 7.671325 7.453574 5.680166 7.539706 7.704543 7.697990 7.709989 7.715868 7.714702 7.715868 7.709989 7.697990 7.704543 7.539706 5.680166 7.453574 7.671325 0.000000 0.000000
0.000000 0.000000 811.845227 811.407083 811.656102 809.344497 811.813530 811.646509 811.502842 811.799593 811.807480 811.799593 811.502842 811.646509 811.813530 809.344497 811.656102 811.407082 811.845227 0.000000 0.000000
0.000000 0.000000 1414.886316 1414.619969 1413.920719 1414.572270 1414.995876 1414.859538 1414.818835 1414.934782 1414.908428 1414.934782 1414.818835 1414.859538 1414.995876 1414.572270 1413.920719 1414.619969 1414.886316 0.000000 0.000000
0.000000 0.000000 1886.057071 1885.782245 1885.126445 1885.185146 1886.095840 1885.998437 1885.948402 1886.067843 1886.067091 1886.067843 1885.948402 1885.998437 1886.095840 1885.185146 1885.126445 1885.782245 1886.057071 0.000000 0.000000
0.000000 0.000000 2457.666698 2457.442566 2456.840315 2456.916238 2457.688667 2457.619916 2457.583705 2457.680006 2457.677218 2457.680006 2457.583705 2457.619916 2457.688667 2456.916238 2456.840315 2457.442566 2457.666698 0.000000 0.000000
0.000000 0.000000 2997.857973 2997.660466 2997.097393 2997.182490 2997.867294 2997.817039 2997.786916 2997.868832 2997.865864 2997.868832 2997.786916 2997.817039 2997.867294 2997.182490 2997.097393 2997.660466 2997.857973 0.000000 0.000000
0.000000 0.000000 3510.471720 3510.287879 3509.750547 3509.835305 3510.475672 3510.433369 3510.406514 3510.481120 3510.477694 3510.481120 3510.406514 3510.433369 3510.475672 3509.835305 3509.750547 3510.287879 3510.471720 0.000000 0.000000
0.000000 0.000000 4002.433893 4002.279373 4001.751213 4001.876142 4002.430466 4002.403033 4002.383210 4002.442295 4002.438547 4002.442295 4002.383210 4002.403033 4002.430466 4001.876142 4001.751213 4002.279373 4002.433893 0.000000 0.000000
0.000000 0.000000 4475.389292 4475.224958 4474.713710 4474.813057 4475.387613 4475.355769 4475.332976 4475.395145 4475.390473 4475.395145 4475.332976 4475.355769 4475.387613 4474.813057 4474.713710 4475.224958 4475.389292 0.000000 0.000000
0.000000 0.000000 4933.813549 4933.646396 4933.147358 4933.237559 4933.807871 4933.777976 4933.755765 4933.817532 4933.814054 4933.817532 4933.755765 4933.777976 4933.807871 4933.237559 4933.147358 4933.646396 4933.813549 0.000000 0.000000
0.000000 0.000000 5382.540984 5382.375792 5381.882662 5381.974461 5382.533729 5382.504704 5382.482933 5382.543151 5382.539443 5382.543151 5382.482933 5382.504704 5382.533729 5381.974461 5381.882662 5382.375792 5382.540984 0.000000 0.000000
0.000000 0.000000 5822.565373 5822.406075 5821.917729 5822.030251 5822.555877 5822.531215 5822.511781 5822.567033 5822.563042 5822.567033 5822.511781 5822.531215 5822.555877 5822.030251 5821.917729 5822.406075 5822.565373 0.000000 0.000000
0.000000 0.000000 6256.021101 6255.858025 6255.370499 6255.471663 6256.010989 6255.985512 6255.964915 6256.021831 6256.017498 6256.021831 6255.964915 6255.985512 6256.010989 6255.471663 6255.370499 6255.858025 6256.021101 0.000000 0.000000
0.000000 0.000000 6684.483553 6684.322953 6683.846100 6683.941870 6684.473661 6684.449446 6684.429248 6684.484853 6684.480186 6684.484853 6684.429248 6684.449446 6684.473661 6683.941870 6683.846100 6684.322953 6684.483551 0.000000 0.000000
0.000000 0.000000 7105.592979 7105.430244 7104.951783 7105.048865 7105.583363 7105.557219 7105.536392 7105.592825 7105.587811 7105.592825 7105.536392 7105.557219 7105.583363 7105.048865 7104.951783 7105.430228 7105.592755 0.000000 0.000000
0.000000 0.000000 7544.831139 7544.894559 7544.418707 7544.505367 7545.047701 7545.020267 7544.999127 7545.056998 7545.052093 7545.056998 7544.999127 7545.020267 7545.047701 7544.505367 7544.418692 7544.892088 7545.057355 0.000000 0.000000
0.000000 0.000000 0.000000 0.000000 0.000000 0.000000 0.000000 0.000000 0.000000 0.000000 0.000000 0.000000 0.000000 0.000000 0.000000 0.000000 0.000000 0.000000 0.000000 0.000000 0.000000
0.000000 0.000000 0.000000 0.000000 0.000000 0.000000 0.000000 0.000000 0.000000 0.000000 0.000000 0.000000 0.000000 0.000000 0.000000 0.000000 0.000000 0.000000 0.000000 0.000000 0.000000