geotop/1.0zi/1.0Montebello/Templates/testdem/maps/_Erotot3073.asc
ncols         21
nrows         20
xllcorner     100.000000
yllcorner     100.000000
cellsize      50.000000
NODATA_value  -9999.0
0.000000 0.000000 0.000000 0.000000 0.000000 0.000000 0.000000 0.000000 0.000000 0.000000 0.000000 0.000000 0.000000 0.000000 0.000000 0.000000 0.000000 0.000000 0.000000 0.000000 0.000000
0.000000 0.000000 333.699643 333.702474 333.706008 333.824814 333.694080 333.698427 333.672777 333.712820 333.728474 333.712820 333.672777 333.698427 333.694080 333.824814 333.706008 333.702474 333.699643 0.000000 0.000000
0.000000 0.000000 12.141058 11.902664 10.145566 11.827016 12.139490 12.069828 12.171740 12.080692 12.437997 12.080692 12.171740 12.069828 12.139490 11.827016 10.145566 11.902664 12.141058 0.000000 0.000000
0.000000 0.000000 2461.958357 2461.591609 2461.768356 2459.934908 2461.801253 2461.331705 2461.302890 2462.137329 2462.283511 2462.137329 2461.302890 2461.331705 2461.801253 2459.934908 2461.768356 2461.591609 2461.958357 0.000000 0.000000
0.000000 0.000000 4645.254707 4645.078520 4644.417348 4644.996039 4645.529354 4645.399335 4645.371286 4645.497720 4645.515411 4645.497720 4645.371286 4645.399335 4645.529354 4644.996039 4644.417348 4645.078520 4645.254707 0.000000 0.000000
0.000000 0.000000 6029.566446 6029.344822 6028.744850 6028.881676 6029.663156 6029.387491 6029.418363 6029.725701 6029.949766 6029.725701 6029.418363 6029.387491 6029.663156 6028.881676 6028.744850 6029.344822 6029.566446 0.000000 0.000000
0.000000 0.000000 7775.890459 7775.704219 7775.157586 7775.279890 7775.948366 7775.711264 7775.746688 7776.013590 7776.238965 7776.013590 7775.746688 7775.711264 7775.948366 7775.279890 7775.157586 7775.704219 7775.890459 0.000000 0.000000
0.000000 0.000000 9393.864859 9393.708275 9393.207258 9393.333634 9393.903248 9393.700230 9393.734096 9393.972132 9394.176036 9393.972132 9393.734096 9393.700230 9393.903248 9393.333634 9393.207258 9393.708275 9393.864859 0.000000 0.000000
0.000000 0.000000 10885.600894 10885.459465 10884.988495 10885.114033 10885.636305 10885.451024 10885.480783 10885.702499 10885.895107 10885.702499 10885.480783 10885.451024 10885.636305 10885.114033 10884.988495 10885.459465 10885.600894 0.000000 0.000000
0.000000 0.000000 12275.485892 12275.375061 12274.922291 12275.085492 12275.519485 12275.354781 12275.386548 12275.587192 12275.763037 12275.587192 12275.386548 12275.354781 12275.519485 12275.085492 12274.922291 12275.375061 12275.485892 0.000000 0.000000
0.000000 0.000000 13571.342201 13571.226775 13570.799782 13570.938698 13571.380165 13571.217192 13571.244300 13571.443207 13571.608909 13571.443207 13571.244300 13571.217192 13571.380165 13570.938698 13570.799782 13571.226775 13571.342201 0.000000 0.000000
0.000000 0.000000 14797.860490 14797.749605 14797.348445 14797.482407 14797.909972 14797.754582 14797.777072 14797.973690 14798.128814 14797.973690 14797.777072 14797.754582 14797.909972 14797.482407 14797.348445 14797.749605 14797.860490 0.000000 0.000000
0.000000 0.000000 15962.345172 15962.242113 15961.853166 15961.988676 15962.395830 15962.245243 15962.266131 15962.459095 15962.604705 15962.459095 15962.266131 15962.245243 15962.395830 15961.988676 15961.853166 15962.242113 15962.345172 0.000000 0.000000
0.000000 0.000000 17077.065211 17076.971691 17076.597003 17076.749455 17077.119363 17076.975730 17076.996686 17077.182639 17077.320374 17077.182639 17076.996686 17076.975730 17077.119363 17076.749455 17076.597003 17076.971691 17077.065211 0.000000 0.000000
0.000000 0.000000 18143.683631 18143.590863 18143.227787 18143.368644 18143.744655 18143.602590 18143.619805 18143.806396 18143.936147 18143.806396 18143.619805 18143.602590 18143.744655 18143.368644 18143.227787 18143.590863 18143.683631 0.000000 0.000000
0.000000 0.000000 19165.445711 19165.357217 19165.009963 19165.143831 19165.507988 19165.370982 19165.386469 19165.569759 19165.693777 19165.569759 19165.386469 19165.370982 19165.507988 19165.143831 19165.009963 19165.357216 19165.445708 0.000000 0.000000
0.000000 0.000000 20149.416593 20149.329810 20148.985723 20149.122754 20149.472729 20149.338673 20149.354633 20149.531676 20149.648791 20149.531676 20149.354633 20149.338673 20149.472729 20149.122754 20148.985722 20149.329789 20149.416554 0.000000 0.000000
0.000000 0.000000 21150.702419 21151.152428 21150.815959 21150.948428 21151.289666 21151.160155 21151.174523 21151.346526 21151.460003 21151.346526 21151.174523 21151.160155 21151.289666 21150.948428 21150.815941 21151.149078 21151.232645 0.000000 0.000000
0.000000 0.000000 0.000000 0.000000 0.000000 0.000000 0.000000 0.000000 0.000000 0.000000 0.000000 0.000000 0.000000 0.000000 0.000000 0.000000 0.000000 0.000000 0.000000 0.000000 0.000000
0.000000 0.000000 0.000000 0.000000 0.000000 0.000000 0.000000 0.000000 0.000000 0.000000 0.000000 0.000000 0.000000 0.000000 0.000000 0.000000 0.000000 0.000000 0.000000 0.000000 0.000000