geotop/1.0zi/1.0Montebello/Templates/testdem/maps/_Erotot5052.asc
ncols         21
nrows         20
xllcorner     100.000000
yllcorner     100.000000
cellsize      50.000000
NODATA_value  -9999.0
0.000000 0.000000 0.000000 0.000000 0.000000 0.000000 0.000000 0.000000 0.000000 0.000000 0.000000 0.000000 0.000000 0.000000 0.000000 0.000000 0.000000 0.000000 0.000000 0.000000 0.000000
0.000000 0.000000 371.896100 370.992241 370.706941 370.513192 370.482517 370.490276 370.530804 370.691461 370.645285 370.517629 370.597396 370.671712 370.553637 370.601770 370.790182 370.758934 371.308118 0.000000 0.000000
0.000000 0.000000 29.324658 30.251936 30.696788 31.736331 31.251834 31.369197 31.047870 30.842589 30.915268 31.257506 30.921056 30.717765 31.324634 30.945315 30.128411 29.522061 28.872220 0.000000 0.000000
0.000000 0.000000 151.415576 152.776025 145.511758 143.547360 144.752730 140.025346 139.261910 139.358057 137.962700 136.825307 137.936619 136.489426 139.088032 143.884153 143.388404 146.748426 149.481860 0.000000 0.000000
0.000000 0.000000 1517.770925 1521.773562 1527.204227 1509.447849 1498.292409 1489.981299 1492.547634 1487.078893 1490.916096 1495.060108 1495.411265 1495.722280 1505.022285 1504.172516 1510.824661 1516.266862 1518.070865 0.000000 0.000000
0.000000 0.000000 2802.847916 2797.276566 2793.338928 2790.252588 2783.793778 2780.488966 2777.870467 2779.718369 2779.132938 2776.406977 2772.814692 2774.704135 2774.718991 2787.893198 2791.758705 2792.032106 2794.899990 0.000000 0.000000
0.000000 0.000000 3603.599770 3600.635199 3596.117833 3592.996309 3581.160653 3564.177650 3565.245188 3561.936357 3564.785048 3564.141032 3566.985461 3569.795031 3585.208207 3594.092849 3599.839694 3603.469796 3608.724395 0.000000 0.000000
0.000000 0.000000 4184.655099 4183.825394 4184.411919 4179.182579 4178.446987 4172.953546 4173.695569 4173.978026 4171.388580 4171.951366 4171.117323 4170.226399 4173.274435 4177.158673 4179.919929 4180.046742 4180.405007 0.000000 0.000000
0.000000 0.000000 4899.296546 4899.240567 4896.759358 4893.573116 4888.564496 4879.949670 4880.139744 4878.480115 4878.617157 4879.294173 4878.623651 4879.596183 4885.235388 4893.059741 4893.378434 4895.223387 4899.251384 0.000000 0.000000
0.000000 0.000000 5738.999204 5737.840676 5738.193552 5737.127140 5727.963116 5721.250203 5722.964954 5721.949267 5722.005627 5721.623624 5721.082139 5719.866501 5729.388471 5734.841789 5734.072909 5736.247208 5737.151096 0.000000 0.000000
0.000000 0.000000 6637.230979 6635.609041 6634.962297 6626.740052 6623.839691 6613.305676 6613.513302 6611.232853 6610.993339 6611.981401 6611.123428 6611.635806 6616.085863 6620.292683 6628.980802 6630.624826 6634.354270 0.000000 0.000000
0.000000 0.000000 7569.012876 7568.134751 7566.356735 7562.137025 7556.621792 7547.369377 7546.283286 7545.961454 7545.845794 7544.776518 7544.736612 7545.265598 7555.406186 7561.374819 7561.570174 7563.276499 7580.924382 0.000000 0.000000
0.000000 0.000000 8506.917525 8505.115779 8502.301188 8498.855597 8490.625930 8468.998096 8469.438881 8467.704647 8467.366552 8467.827942 8466.580907 8467.432731 8485.777809 8494.073015 8498.472515 8500.148822 8503.033665 0.000000 0.000000
0.000000 0.000000 9522.884931 9519.777224 9517.866495 9513.440601 9492.470227 9500.203596 9493.934731 9493.123970 9493.298709 9493.404653 9492.536459 9492.935275 9486.226372 9506.986952 9510.812479 9516.791851 9517.074708 0.000000 0.000000
0.000000 0.000000 10604.577637 10600.097793 10595.138068 10579.875754 10576.577843 10560.025720 10551.502641 10549.842413 10545.014449 10544.492154 10546.104336 10544.241276 10555.913594 10563.541290 10588.017579 10583.554449 10585.170438 0.000000 0.000000
0.000000 0.000000 11694.586647 11694.251225 11670.476421 11669.001698 11668.468440 11665.754470 11668.947557 11669.224940 11672.095325 11671.644876 11668.498566 11675.151910 11674.029699 11673.138942 11663.740638 11692.308706 11697.717866 0.000000 0.000000
0.000000 0.000000 12924.946506 12896.093221 12886.121373 12880.309707 12862.092847 12853.892095 12851.954642 12851.156559 12846.603358 12846.713897 12847.691370 12844.725826 12851.326126 12870.666808 12883.812718 12884.286702 12914.207893 0.000000 0.000000
0.000000 0.000000 13822.882571 13828.395969 13856.515149 13846.195464 13839.215782 13811.157884 13809.238780 13806.311540 13808.324015 13807.782266 13806.291645 13808.937315 13835.263435 13844.181723 13855.239983 13824.793907 13825.972751 0.000000 0.000000
0.000000 0.000000 0.000000 0.000000 0.000000 0.000000 0.000000 0.000000 0.000000 0.000000 0.000000 0.000000 0.000000 0.000000 0.000000 0.000000 0.000000 0.000000 0.000000 0.000000 0.000000
0.000000 0.000000 0.000000 0.000000 0.000000 0.000000 0.000000 0.000000 0.000000 0.000000 0.000000 0.000000 0.000000 0.000000 0.000000 0.000000 0.000000 0.000000 0.000000 0.000000 0.000000