geotop/1.0zi/1.0Montebello/Templates/testdem/maps/_Erotot8408.asc
ncols         21
nrows         20
xllcorner     100.000000
yllcorner     100.000000
cellsize      50.000000
NODATA_value  -9999.0
0.000000 0.000000 0.000000 0.000000 0.000000 0.000000 0.000000 0.000000 0.000000 0.000000 0.000000 0.000000 0.000000 0.000000 0.000000 0.000000 0.000000 0.000000 0.000000 0.000000 0.000000
0.000000 0.000000 681.146898 681.961234 681.402245 681.490844 680.483287 680.645072 680.622720 680.696942 681.124762 680.449880 680.331523 680.383945 680.748872 680.904439 681.743708 682.297282 682.511310 0.000000 0.000000
0.000000 0.000000 52.733032 51.732586 51.985052 52.062280 52.689341 52.368349 52.081160 51.939700 52.115441 52.474685 52.542073 52.642679 52.450970 51.939396 50.664221 49.806234 50.330550 0.000000 0.000000
0.000000 0.000000 354.835336 355.981590 343.625527 338.364719 338.925167 327.604703 327.688148 328.517981 324.881963 323.076913 325.252402 325.438923 335.650121 342.734325 347.332518 350.230621 355.460487 0.000000 0.000000
0.000000 0.000000 3393.178425 3393.674653 3398.603433 3374.280685 3354.479875 3342.597780 3340.495746 3336.312108 3343.166299 3348.555531 3344.007847 3342.549622 3358.713499 3362.211827 3374.525727 3385.109397 3384.804395 0.000000 0.000000
0.000000 0.000000 5446.542780 5442.132567 5436.797028 5431.593882 5415.356559 5405.522628 5407.459829 5405.691220 5402.341446 5396.689665 5395.707493 5398.860347 5398.513304 5419.760871 5426.150871 5431.730765 5434.691858 0.000000 0.000000
0.000000 0.000000 6764.475091 6759.785382 6757.285457 6749.571896 6735.289647 6710.281939 6709.555347 6706.947239 6707.058347 6711.699001 6712.574005 6713.186489 6742.297379 6751.988880 6757.679568 6760.904085 6766.051760 0.000000 0.000000
0.000000 0.000000 7987.302215 7987.489378 7984.167723 7973.159786 7970.968383 7961.883556 7962.023995 7959.859938 7960.041513 7955.920677 7954.664175 7961.517876 7963.476399 7968.499881 7982.029103 7979.952537 7985.572661 0.000000 0.000000
0.000000 0.000000 9587.475769 9582.363078 9576.408708 9575.840413 9562.649165 9546.229521 9548.068496 9544.497649 9541.695972 9541.323484 9543.804442 9537.749521 9557.825201 9572.262812 9574.106312 9578.406958 9580.192029 0.000000 0.000000
0.000000 0.000000 11421.052252 11416.935762 11417.162257 11413.130422 11391.519617 11380.974748 11379.842500 11379.721210 11375.699385 11379.943926 11382.526253 11382.185963 11389.472165 11405.470911 11413.213509 11415.917333 11416.443909 0.000000 0.000000
0.000000 0.000000 13440.510950 13440.389679 13438.653537 13414.508966 13409.592796 13390.167568 13398.218254 13382.207984 13388.196549 13384.837800 13377.558899 13387.751984 13399.716660 13402.066679 13416.453733 13423.200181 13435.226048 0.000000 0.000000
0.000000 0.000000 15644.718725 15634.769164 15626.288922 15624.641948 15610.933343 15591.342303 15585.082635 15588.075211 15594.093092 15582.446497 15588.184464 15586.898723 15610.990519 15622.263438 15624.251452 15629.845774 15653.355634 0.000000 0.000000
0.000000 0.000000 17956.128740 17949.987750 17953.512346 17934.964280 17928.969735 17872.465701 17870.074009 17869.990720 17844.887981 17860.719798 17862.780681 17869.054008 17909.378803 17915.968370 17943.153216 17941.601672 17950.163491 0.000000 0.000000
0.000000 0.000000 20635.713981 20639.248023 20623.881649 20618.777852 20549.937723 20575.066031 20558.238846 20558.921141 20568.088674 20559.551366 20558.490397 20550.092388 20524.441390 20601.293197 20605.788221 20630.078612 20640.587841 0.000000 0.000000
0.000000 0.000000 23657.989824 23648.148792 23636.939350 23559.303626 23581.169394 23540.942541 23518.620717 23515.810218 23499.610174 23488.869113 23495.864472 23495.836047 23539.599308 23519.740183 23632.925214 23608.332829 23604.520482 0.000000 0.000000
0.000000 0.000000 26783.000986 26779.034314 26668.040004 26710.406249 26708.158780 26700.741735 26753.438651 26735.787504 26761.770811 26752.815511 26733.536834 26762.306984 26760.252192 26763.753099 26656.189270 26826.571480 26817.670050 0.000000 0.000000
0.000000 0.000000 30455.496499 30293.618254 30350.096453 30290.446057 30206.950970 30186.675914 30135.296521 30150.121114 30096.054325 30102.641979 30131.241243 30104.020213 30145.819077 30200.155740 30345.963044 30231.409501 30404.030422 0.000000 0.000000
0.000000 0.000000 31571.255186 31738.851050 31877.104007 31883.180876 31896.485595 31774.178354 31798.835110 31757.449797 31824.674886 31812.431120 31804.427438 31820.938631 31919.873516 31911.752244 31902.815382 31797.104721 31630.912748 0.000000 0.000000
0.000000 0.000000 0.000000 0.000000 0.000000 0.000000 0.000000 0.000000 0.000000 0.000000 0.000000 0.000000 0.000000 0.000000 0.000000 0.000000 0.000000 0.000000 0.000000 0.000000 0.000000
0.000000 0.000000 0.000000 0.000000 0.000000 0.000000 0.000000 0.000000 0.000000 0.000000 0.000000 0.000000 0.000000 0.000000 0.000000 0.000000 0.000000 0.000000 0.000000 0.000000 0.000000