geotop/1.0zi/1.0Montebello/Templates/testdem/maps/_Erotot1005.asc
ncols         21
nrows         20
xllcorner     100.000000
yllcorner     100.000000
cellsize      50.000000
NODATA_value  -9999.0
0.000000 0.000000 0.000000 0.000000 0.000000 0.000000 0.000000 0.000000 0.000000 0.000000 0.000000 0.000000 0.000000 0.000000 0.000000 0.000000 0.000000 0.000000 0.000000 0.000000 0.000000
0.000000 0.000000 120.904196 120.905513 120.940153 120.914896 120.898178 120.905541 120.906998 120.902247 120.902836 120.902247 120.906998 120.905541 120.898178 120.914896 120.940153 120.905513 120.904196 0.000000 0.000000
0.000000 0.000000 8.574289 8.355594 6.580286 8.438739 8.609135 8.601227 8.612233 8.617751 8.615831 8.617751 8.612233 8.601227 8.609135 8.438739 6.580286 8.355594 8.574289 0.000000 0.000000
0.000000 0.000000 886.083188 885.662484 885.959244 883.663209 886.029386 885.874505 885.752193 886.073080 886.103432 886.073080 885.752193 885.874505 886.029386 883.663209 885.959244 885.662484 886.083188 0.000000 0.000000
0.000000 0.000000 1537.520975 1537.251793 1536.537174 1537.185945 1537.633069 1537.495977 1537.451598 1537.559877 1537.523536 1537.559877 1537.451598 1537.495977 1537.633069 1537.185945 1536.537174 1537.251793 1537.520975 0.000000 0.000000
0.000000 0.000000 2038.699701 2038.429398 2037.786428 2037.847845 2038.731005 2038.637721 2038.594077 2038.720298 2038.725062 2038.720298 2038.594077 2038.637721 2038.731005 2037.847845 2037.786428 2038.429398 2038.699701 0.000000 0.000000
0.000000 0.000000 2651.118715 2650.898816 2650.309153 2650.387353 2651.132910 2651.068538 2651.038594 2651.141219 2651.143709 2651.141219 2651.038594 2651.068538 2651.132910 2650.387353 2650.309153 2650.898816 2651.118715 0.000000 0.000000
0.000000 0.000000 3233.695844 3233.502915 3232.953274 3233.040651 3233.697210 3233.651382 3233.627871 3233.716516 3233.719101 3233.716516 3233.627871 3233.651382 3233.697210 3233.040651 3232.953274 3233.502915 3233.695844 0.000000 0.000000
0.000000 0.000000 3787.479927 3787.300633 3786.776581 3786.863461 3787.476089 3787.438147 3787.417767 3787.498811 3787.500738 3787.498811 3787.417767 3787.438147 3787.476089 3786.863461 3786.776581 3787.300633 3787.479927 0.000000 0.000000
0.000000 0.000000 4319.087192 4318.937112 4318.422173 4318.548886 4319.076132 4319.052973 4319.039476 4319.104766 4319.106185 4319.104766 4319.039476 4319.052973 4319.076132 4318.548886 4318.422173 4318.937112 4319.087192 0.000000 0.000000
0.000000 0.000000 4830.186787 4830.026838 4829.528639 4829.629550 4830.177665 4830.150016 4830.133370 4830.201477 4830.201771 4830.201477 4830.133370 4830.150016 4830.177665 4829.629550 4829.528639 4830.026838 4830.186787 0.000000 0.000000
0.000000 0.000000 5325.099866 5324.937263 5324.451432 5324.543197 5325.086755 5325.061114 5325.045057 5325.112553 5325.113941 5325.112553 5325.045057 5325.061114 5325.086755 5324.543197 5324.451432 5324.937263 5325.099866 0.000000 0.000000
0.000000 0.000000 5810.088344 5809.927832 5809.448009 5809.541232 5810.073722 5810.048970 5810.033319 5810.099110 5810.100161 5810.099110 5810.033319 5810.048970 5810.073722 5809.541232 5809.448009 5809.927832 5810.088344 0.000000 0.000000
0.000000 0.000000 6285.697428 6285.542814 6285.067900 6285.181518 6285.680606 6285.660180 6285.646820 6285.707542 6285.708239 6285.707542 6285.646820 6285.660180 6285.680606 6285.181518 6285.067900 6285.542814 6285.697428 0.000000 0.000000
0.000000 0.000000 6753.948579 6753.790238 6753.316431 6753.418616 6753.931278 6753.909967 6753.895370 6753.957582 6753.957862 6753.957582 6753.895370 6753.909967 6753.931278 6753.418616 6753.316431 6753.790238 6753.948579 0.000000 0.000000
0.000000 0.000000 7215.775745 7215.619824 7215.156609 7215.253278 7215.758655 7215.738602 7215.724355 7215.785167 7215.785041 7215.785167 7215.724355 7215.738602 7215.758655 7215.253278 7215.156609 7215.619824 7215.775742 0.000000 0.000000
0.000000 0.000000 7669.319986 7669.162120 7668.697618 7668.795643 7669.303072 7669.281291 7669.266493 7669.327922 7669.327400 7669.327922 7669.266493 7669.281291 7669.303072 7668.795643 7668.697618 7669.162104 7669.319734 0.000000 0.000000
0.000000 0.000000 8142.164015 8142.246031 8141.784416 8141.872115 8142.386407 8142.363456 8142.348502 8142.411399 8142.411028 8142.411399 8142.348502 8142.363456 8142.386407 8141.872115 8141.784400 8142.243438 8142.403544 0.000000 0.000000
0.000000 0.000000 0.000000 0.000000 0.000000 0.000000 0.000000 0.000000 0.000000 0.000000 0.000000 0.000000 0.000000 0.000000 0.000000 0.000000 0.000000 0.000000 0.000000 0.000000 0.000000
0.000000 0.000000 0.000000 0.000000 0.000000 0.000000 0.000000 0.000000 0.000000 0.000000 0.000000 0.000000 0.000000 0.000000 0.000000 0.000000 0.000000 0.000000 0.000000 0.000000 0.000000