geotop/1.0zi/1.0Montebello/Templates/testdem/maps/_Erotot0146.asc
ncols         21
nrows         20
xllcorner     100.000000
yllcorner     100.000000
cellsize      50.000000
NODATA_value  -9999.0
0.000000 0.000000 0.000000 0.000000 0.000000 0.000000 0.000000 0.000000 0.000000 0.000000 0.000000 0.000000 0.000000 0.000000 0.000000 0.000000 0.000000 0.000000 0.000000 0.000000 0.000000
0.000000 0.000000 3.867720 3.867719 3.867719 3.867719 3.867719 3.867719 3.867719 3.867719 3.867719 3.867719 3.867719 3.867719 3.867719 3.867719 3.867719 3.867719 3.867720 0.000000 0.000000
0.000000 0.000000 3.683196 3.683136 3.683163 3.683138 3.683130 3.683129 3.683129 3.683128 3.683128 3.683128 3.683129 3.683129 3.683130 3.683138 3.683163 3.683136 3.683196 0.000000 0.000000
0.000000 0.000000 132.142131 132.141565 132.141794 132.141928 132.141958 132.141963 132.141964 132.141964 132.141964 132.141964 132.141964 132.141963 132.141958 132.141928 132.141794 132.141565 132.142131 0.000000 0.000000
0.000000 0.000000 171.185754 171.185537 171.185618 171.185665 171.185675 171.185677 171.185677 171.185677 171.185677 171.185677 171.185677 171.185677 171.185675 171.185665 171.185618 171.185537 171.185754 0.000000 0.000000
0.000000 0.000000 251.409927 251.409594 251.409753 251.409819 251.409833 251.409835 251.409835 251.409835 251.409835 251.409835 251.409835 251.409835 251.409833 251.409819 251.409753 251.409594 251.409927 0.000000 0.000000
0.000000 0.000000 332.250575 332.250260 332.250404 332.250467 332.250481 332.250483 332.250483 332.250483 332.250483 332.250483 332.250483 332.250483 332.250481 332.250467 332.250404 332.250260 332.250575 0.000000 0.000000
0.000000 0.000000 408.687673 408.687368 408.687505 408.687565 408.687578 408.687581 408.687581 408.687581 408.687581 408.687581 408.687581 408.687581 408.687578 408.687565 408.687505 408.687368 408.687673 0.000000 0.000000
0.000000 0.000000 481.759520 481.759221 481.759352 481.759410 481.759423 481.759426 481.759426 481.759426 481.759426 481.759426 481.759426 481.759426 481.759423 481.759410 481.759352 481.759221 481.759520 0.000000 0.000000
0.000000 0.000000 552.473466 552.473170 552.473296 552.473353 552.473366 552.473369 552.473369 552.473369 552.473369 552.473369 552.473369 552.473369 552.473366 552.473353 552.473296 552.473170 552.473466 0.000000 0.000000
0.000000 0.000000 621.662578 621.662283 621.662406 621.662462 621.662475 621.662478 621.662478 621.662478 621.662478 621.662478 621.662478 621.662478 621.662475 621.662462 621.662406 621.662283 621.662578 0.000000 0.000000
0.000000 0.000000 689.924256 689.923958 689.924080 689.924136 689.924149 689.924151 689.924152 689.924152 689.924152 689.924152 689.924152 689.924151 689.924149 689.924136 689.924080 689.923958 689.924256 0.000000 0.000000
0.000000 0.000000 756.862740 756.862442 756.862561 756.862616 756.862629 756.862631 756.862632 756.862632 756.862632 756.862632 756.862632 756.862631 756.862629 756.862616 756.862561 756.862442 756.862740 0.000000 0.000000
0.000000 0.000000 822.191920 822.191619 822.191737 822.191792 822.191805 822.191807 822.191808 822.191808 822.191808 822.191808 822.191808 822.191807 822.191805 822.191792 822.191737 822.191619 822.191920 0.000000 0.000000
0.000000 0.000000 886.963862 886.963567 886.963681 886.963733 886.963746 886.963749 886.963749 886.963749 886.963749 886.963749 886.963749 886.963749 886.963746 886.963733 886.963681 886.963567 886.963862 0.000000 0.000000
0.000000 0.000000 950.929476 950.929177 950.929290 950.929343 950.929356 950.929358 950.929359 950.929359 950.929359 950.929359 950.929359 950.929358 950.929356 950.929343 950.929290 950.929177 950.929475 0.000000 0.000000
0.000000 0.000000 1014.232693 1014.232239 1014.232345 1014.232397 1014.232410 1014.232413 1014.232413 1014.232413 1014.232413 1014.232413 1014.232413 1014.232413 1014.232410 1014.232397 1014.232345 1014.232234 1014.232534 0.000000 0.000000
0.000000 0.000000 1079.424243 1079.441236 1079.440772 1079.440814 1079.440827 1079.440829 1079.440830 1079.440830 1079.440830 1079.440830 1079.440830 1079.440829 1079.440827 1079.440814 1079.440764 1079.440687 1079.441073 0.000000 0.000000
0.000000 0.000000 0.000000 0.000000 0.000000 0.000000 0.000000 0.000000 0.000000 0.000000 0.000000 0.000000 0.000000 0.000000 0.000000 0.000000 0.000000 0.000000 0.000000 0.000000 0.000000
0.000000 0.000000 0.000000 0.000000 0.000000 0.000000 0.000000 0.000000 0.000000 0.000000 0.000000 0.000000 0.000000 0.000000 0.000000 0.000000 0.000000 0.000000 0.000000 0.000000 0.000000