geotop/1.0zi/1.0Montebello/Templates/testdem/maps/_Erotot5428.asc
ncols         21
nrows         20
xllcorner     100.000000
yllcorner     100.000000
cellsize      50.000000
NODATA_value  -9999.0
0.000000 0.000000 0.000000 0.000000 0.000000 0.000000 0.000000 0.000000 0.000000 0.000000 0.000000 0.000000 0.000000 0.000000 0.000000 0.000000 0.000000 0.000000 0.000000 0.000000 0.000000
0.000000 0.000000 401.461046 400.668401 400.511047 400.306148 400.280007 400.357746 400.313718 400.486063 400.399433 400.202360 400.145846 400.204765 400.320660 400.209503 400.412790 400.594133 400.997973 0.000000 0.000000
0.000000 0.000000 31.434869 32.156725 32.381973 33.565769 33.304115 33.161682 32.975487 32.756785 32.889524 33.233373 33.046644 32.895537 33.286137 33.074386 32.234512 31.359834 30.718900 0.000000 0.000000
0.000000 0.000000 152.503286 153.943371 147.045056 144.294150 146.122534 140.951376 140.321345 140.717011 139.356542 138.012988 139.589359 137.618735 140.354658 145.123818 144.604416 147.996830 150.737386 0.000000 0.000000
0.000000 0.000000 1571.273029 1576.692646 1583.190604 1565.899271 1551.382617 1540.807325 1543.530411 1540.778165 1544.371227 1548.652682 1545.519391 1543.338722 1553.467161 1552.061734 1559.203370 1565.917936 1566.756798 0.000000 0.000000
0.000000 0.000000 2930.486154 2924.365633 2921.704890 2917.429917 2910.262821 2903.444800 2901.544734 2901.648184 2900.944086 2898.678076 2896.002426 2898.116969 2897.013972 2911.847936 2916.577787 2919.661757 2922.120401 0.000000 0.000000
0.000000 0.000000 3908.400848 3905.996343 3903.200516 3899.011182 3886.542928 3870.846254 3871.007868 3867.745701 3869.396000 3872.274605 3874.105500 3875.114160 3893.864599 3902.724047 3907.382562 3908.825936 3913.773840 0.000000 0.000000
0.000000 0.000000 4489.812747 4491.349963 4490.836985 4484.958335 4484.765389 4478.294043 4478.832089 4479.367294 4478.114506 4475.884114 4475.537561 4478.820693 4478.162609 4480.035491 4487.897683 4486.093913 4488.670244 0.000000 0.000000
0.000000 0.000000 5272.860655 5270.480974 5266.886451 5268.192154 5262.168932 5252.372811 5252.741364 5250.370131 5247.912978 5249.289536 5250.279842 5245.094826 5257.249281 5264.489560 5266.281772 5266.814994 5267.940923 0.000000 0.000000
0.000000 0.000000 6184.822496 6182.656574 6185.230791 6185.017285 6171.183706 6164.620369 6166.134686 6165.307699 6163.427660 6166.520795 6169.359624 6167.558119 6170.059004 6179.262999 6182.818691 6182.748523 6183.194669 0.000000 0.000000
0.000000 0.000000 7168.231065 7168.581799 7169.165021 7155.883669 7153.674618 7143.874766 7147.192587 7138.682490 7140.914762 7140.256339 7135.626835 7142.505046 7145.822898 7146.610589 7152.638393 7158.304522 7164.850023 0.000000 0.000000
0.000000 0.000000 8190.346811 8186.239556 8182.229399 8180.763466 8177.777034 8163.696762 8163.036771 8162.118655 8168.639174 8162.110899 8163.717223 8163.053034 8177.410252 8179.448702 8180.726630 8180.825599 8199.342153 0.000000 0.000000
0.000000 0.000000 9218.598606 9216.958803 9218.322615 9211.730724 9208.261547 9184.766981 9183.620235 9183.479193 9169.867568 9178.438895 9182.278861 9183.926908 9196.952349 9200.192941 9213.063599 9212.365009 9218.515918 0.000000 0.000000
0.000000 0.000000 10340.396508 10341.925168 10336.008478 10335.426051 10312.113691 10319.585696 10309.721466 10311.244799 10312.247056 10312.197949 10310.577217 10307.239584 10297.620746 10322.583353 10327.593680 10337.213509 10343.721811 0.000000 0.000000
0.000000 0.000000 11541.995412 11537.836522 11535.453441 11516.256514 11515.904373 11501.984929 11489.940334 11488.761832 11484.367070 11478.846584 11481.447652 11479.575351 11492.450513 11495.751403 11531.218446 11523.110941 11522.944287 0.000000 0.000000
0.000000 0.000000 12767.720580 12767.122640 12738.519095 12736.727124 12741.353142 12734.227776 12749.035549 12742.171750 12747.014152 12742.992406 12738.746065 12745.697243 12748.722098 12748.324442 12731.753376 12773.871595 12766.897355 0.000000 0.000000
0.000000 0.000000 14145.275887 14111.684445 14109.303633 14101.992522 14081.124356 14075.679022 14069.044641 14072.021682 14060.435357 14060.759861 14064.263484 14064.925210 14074.042273 14081.548088 14107.329183 14104.295690 14142.788560 0.000000 0.000000
0.000000 0.000000 15145.405842 15152.186430 15187.955786 15182.344020 15173.630738 15144.064020 15144.859818 15132.872826 15142.045175 15140.750714 15146.135967 15140.829439 15166.087045 15172.328842 15193.199450 15156.033420 15148.748325 0.000000 0.000000
0.000000 0.000000 0.000000 0.000000 0.000000 0.000000 0.000000 0.000000 0.000000 0.000000 0.000000 0.000000 0.000000 0.000000 0.000000 0.000000 0.000000 0.000000 0.000000 0.000000 0.000000
0.000000 0.000000 0.000000 0.000000 0.000000 0.000000 0.000000 0.000000 0.000000 0.000000 0.000000 0.000000 0.000000 0.000000 0.000000 0.000000 0.000000 0.000000 0.000000 0.000000 0.000000