geotop/1.0zi/1.0Montebello/Templates/testdem/maps/_Erotot4377.asc
ncols         21
nrows         20
xllcorner     100.000000
yllcorner     100.000000
cellsize      50.000000
NODATA_value  -9999.0
0.000000 0.000000 0.000000 0.000000 0.000000 0.000000 0.000000 0.000000 0.000000 0.000000 0.000000 0.000000 0.000000 0.000000 0.000000 0.000000 0.000000 0.000000 0.000000 0.000000 0.000000
0.000000 0.000000 328.981311 328.540220 328.345115 328.196711 328.222017 328.278140 328.315760 328.314078 328.300612 328.303928 328.305532 328.349666 328.219024 328.239719 328.415050 328.328755 328.423418 0.000000 0.000000
0.000000 0.000000 26.417931 26.997107 27.270958 27.938674 27.480901 27.487676 27.063541 26.996207 27.049130 27.403650 27.139345 27.029259 27.580495 27.359619 26.486585 25.948921 25.827089 0.000000 0.000000
0.000000 0.000000 139.429840 140.667064 133.574964 131.138514 132.099304 126.959057 126.130706 125.717903 124.953225 124.499145 125.640901 124.347088 127.122375 132.095549 132.808845 135.085528 137.742275 0.000000 0.000000
0.000000 0.000000 1313.019784 1315.879213 1321.652736 1316.525756 1310.240961 1306.312731 1309.909905 1304.399322 1307.832754 1311.352761 1309.818214 1305.661549 1309.848205 1306.650789 1307.155778 1308.618868 1309.301884 0.000000 0.000000
0.000000 0.000000 2514.627095 2508.573344 2500.327619 2492.227830 2485.136382 2481.337328 2478.635046 2480.530676 2480.166615 2477.314390 2473.279327 2475.518710 2475.941199 2488.819532 2494.884839 2495.793335 2499.751752 0.000000 0.000000
0.000000 0.000000 3178.529698 3174.647138 3171.877207 3169.190710 3162.176460 3148.643413 3150.579084 3147.309715 3149.871643 3148.962716 3150.873582 3151.607990 3165.092117 3171.738773 3178.253427 3182.176102 3184.183235 0.000000 0.000000
0.000000 0.000000 3630.847291 3630.546683 3630.521753 3625.409273 3624.552220 3620.756052 3621.622043 3621.971025 3619.425523 3620.552064 3618.706275 3617.059619 3619.717338 3623.539319 3625.150907 3624.195209 3625.661529 0.000000 0.000000
0.000000 0.000000 4258.986482 4258.362790 4254.828122 4253.637162 4250.005131 4241.675455 4242.240653 4240.408397 4240.883660 4241.167036 4239.911201 4239.859234 4244.250356 4251.627139 4251.426676 4252.614746 4256.198790 0.000000 0.000000
0.000000 0.000000 4978.424451 4976.643306 4975.784398 4972.179552 4964.645457 4960.671016 4962.487511 4961.643997 4961.489514 4961.477014 4959.985042 4957.581712 4964.037403 4970.117398 4972.316881 4973.060051 4974.401457 0.000000 0.000000
0.000000 0.000000 5738.696691 5736.741345 5734.124006 5732.144390 5730.760494 5721.279715 5721.893644 5719.386702 5719.489043 5720.242893 5718.630115 5717.568207 5721.562219 5723.968723 5728.178519 5730.048821 5733.078669 0.000000 0.000000
0.000000 0.000000 6529.517578 6528.050920 6525.177405 6518.696574 6514.715030 6507.672389 6507.024268 6506.565453 6506.484517 6505.591836 6504.685865 6503.816047 6512.104679 6517.745276 6520.816647 6521.691781 6538.479146 0.000000 0.000000
0.000000 0.000000 7321.437679 7319.296986 7316.162487 7313.543623 7307.421068 7289.996192 7290.588269 7288.905653 7288.619028 7289.052580 7286.962439 7286.627447 7300.925181 7308.660149 7311.436195 7312.768985 7315.090970 0.000000 0.000000
0.000000 0.000000 8165.358629 8162.360288 8158.992652 8155.233085 8138.068340 8146.075890 8140.977614 8139.980557 8140.173841 8140.209685 8138.519512 8137.561024 8131.714467 8149.063199 8152.419812 8157.334007 8157.295406 0.000000 0.000000
0.000000 0.000000 9065.119145 9059.827199 9054.494040 9043.059438 9040.915161 9026.152211 9018.854326 9017.255112 9012.916205 9012.145112 9012.624618 9009.483099 9019.255040 9027.265598 9047.217682 9042.918449 9044.285425 0.000000 0.000000
0.000000 0.000000 9959.246974 9958.527942 9938.038315 9940.770029 9941.294603 9941.001186 9943.817463 9943.768386 9946.264945 9946.019174 9942.320952 9946.196754 9943.201081 9941.992367 9931.414262 9953.394418 9957.844126 0.000000 0.000000
0.000000 0.000000 10971.493393 10949.055656 10939.691877 10932.247182 10919.095920 10913.724032 10912.508068 10911.782806 10907.994569 10908.098822 10907.535690 10904.107480 10907.861343 10923.715640 10936.290342 10937.161529 10959.780206 0.000000 0.000000
0.000000 0.000000 11726.336017 11728.262203 11746.967360 11737.609079 11732.301134 11710.989560 11709.915791 11707.222771 11708.513208 11708.027094 11705.862992 11706.010443 11726.035271 11734.551278 11745.728218 11721.642868 11724.479094 0.000000 0.000000
0.000000 0.000000 0.000000 0.000000 0.000000 0.000000 0.000000 0.000000 0.000000 0.000000 0.000000 0.000000 0.000000 0.000000 0.000000 0.000000 0.000000 0.000000 0.000000 0.000000 0.000000
0.000000 0.000000 0.000000 0.000000 0.000000 0.000000 0.000000 0.000000 0.000000 0.000000 0.000000 0.000000 0.000000 0.000000 0.000000 0.000000 0.000000 0.000000 0.000000 0.000000 0.000000