geotop/1.0zi/1.0Montebello/Templates/testdem/maps/_Erotot2378.asc
ncols         21
nrows         20
xllcorner     100.000000
yllcorner     100.000000
cellsize      50.000000
NODATA_value  -9999.0
0.000000 0.000000 0.000000 0.000000 0.000000 0.000000 0.000000 0.000000 0.000000 0.000000 0.000000 0.000000 0.000000 0.000000 0.000000 0.000000 0.000000 0.000000 0.000000 0.000000 0.000000
0.000000 0.000000 222.865717 222.867426 222.875150 222.987796 222.857453 222.862707 222.841926 222.875875 222.853004 222.875875 222.841926 222.862707 222.857453 222.987796 222.875150 222.867426 222.865717 0.000000 0.000000
0.000000 0.000000 13.721395 13.500635 11.746152 13.473194 13.764872 13.750289 13.779217 13.750653 13.767995 13.750653 13.779217 13.750289 13.764872 13.473194 11.746152 13.500635 13.721395 0.000000 0.000000
0.000000 0.000000 1619.901804 1619.580802 1619.916985 1618.046285 1620.053003 1619.493664 1619.491652 1620.312559 1620.449524 1620.312559 1619.491652 1619.493664 1620.053003 1618.046285 1619.916985 1619.580802 1619.901804 0.000000 0.000000
0.000000 0.000000 3354.191560 3354.019493 3353.356345 3353.946757 3354.494308 3354.354789 3354.317097 3354.467563 3354.429417 3354.467563 3354.317097 3354.354789 3354.494308 3353.946757 3353.356345 3354.019493 3354.191560 0.000000 0.000000
0.000000 0.000000 4345.662283 4345.455480 4344.891703 4345.042955 4345.858973 4345.564027 4345.583761 4345.926835 4346.010776 4345.926835 4345.583761 4345.564027 4345.858973 4345.042955 4344.891703 4345.455480 4345.662283 0.000000 0.000000
0.000000 0.000000 5677.174957 5677.002821 5676.485813 5676.627459 5677.325204 5677.069918 5677.095259 5677.400241 5677.493677 5677.400241 5677.095259 5677.069918 5677.325204 5676.627459 5676.485813 5677.002821 5677.174957 0.000000 0.000000
0.000000 0.000000 6936.988277 6936.843621 6936.361441 6936.506107 6937.107027 6936.887233 6936.909972 6937.183603 6937.273655 6937.183603 6936.909972 6936.887233 6937.107027 6936.506107 6936.361441 6936.843621 6936.988277 0.000000 0.000000
0.000000 0.000000 8115.820651 8115.688041 8115.229299 8115.373880 8115.927435 8115.724427 8115.745779 8116.003475 8116.089840 8116.003475 8115.745779 8115.724427 8115.927435 8115.373880 8115.229299 8115.688041 8115.820651 0.000000 0.000000
0.000000 0.000000 9228.658018 9228.554057 9228.105539 9228.289168 9228.752075 9228.570281 9228.596296 9228.831104 9228.913229 9228.831104 9228.596296 9228.570281 9228.752075 9228.289168 9228.105539 9228.554057 9228.658018 0.000000 0.000000
0.000000 0.000000 10282.058510 10281.947690 10281.518530 10281.678115 10282.151936 10281.970596 10281.992497 10282.224399 10282.301989 10282.224399 10281.992497 10281.970596 10282.151936 10281.678115 10281.518530 10281.947690 10282.058510 0.000000 0.000000
0.000000 0.000000 11289.632849 11289.521543 11289.107901 11289.261680 11289.721471 11289.547362 11289.568025 11289.792629 11289.868894 11289.792629 11289.568025 11289.547362 11289.721471 11289.261680 11289.107901 11289.521543 11289.632849 0.000000 0.000000
0.000000 0.000000 12260.090184 12259.983592 12259.576016 12259.731527 12260.172153 12260.002336 12260.023102 12260.242160 12260.315587 12260.242160 12260.023102 12260.002336 12260.172153 12259.731527 12259.576016 12259.983592 12260.090184 0.000000 0.000000
0.000000 0.000000 13199.321836 13199.222973 13198.824074 13198.998457 13199.401597 13199.238323 13199.260716 13199.471755 13199.543358 13199.471755 13199.260716 13199.238323 13199.401597 13198.998457 13198.824074 13199.222973 13199.321836 0.000000 0.000000
0.000000 0.000000 14109.616576 14109.515827 14109.120026 14109.283506 14109.692244 14109.530144 14109.551182 14109.760795 14109.830495 14109.760795 14109.551182 14109.530144 14109.692244 14109.283506 14109.120026 14109.515827 14109.616576 0.000000 0.000000
0.000000 0.000000 14991.292012 14991.193378 14990.808445 14990.965250 14991.362038 14991.204546 14991.225413 14991.429796 14991.498036 14991.429796 14991.225413 14991.204546 14991.362038 14990.965250 14990.808445 14991.193377 14991.292007 0.000000 0.000000
0.000000 0.000000 15847.736301 15847.639122 15847.255752 15847.415838 15847.804309 15847.648471 15847.668782 15847.868799 15847.935025 15847.868799 15847.668782 15847.648471 15847.804309 15847.415838 15847.255751 15847.639101 15847.735858 0.000000 0.000000
0.000000 0.000000 16715.666267 16715.951170 16715.574105 16715.730022 16716.114629 16715.961729 16715.980101 16716.177089 16716.240801 16716.177089 16715.980101 16715.961729 16716.114629 16715.730022 16715.574086 16715.947657 16716.041673 0.000000 0.000000
0.000000 0.000000 0.000000 0.000000 0.000000 0.000000 0.000000 0.000000 0.000000 0.000000 0.000000 0.000000 0.000000 0.000000 0.000000 0.000000 0.000000 0.000000 0.000000 0.000000 0.000000
0.000000 0.000000 0.000000 0.000000 0.000000 0.000000 0.000000 0.000000 0.000000 0.000000 0.000000 0.000000 0.000000 0.000000 0.000000 0.000000 0.000000 0.000000 0.000000 0.000000 0.000000