geotop/1.0zi/1.0Montebello/Templates/testdem/maps/_Erotot5112.asc
ncols         21
nrows         20
xllcorner     100.000000
yllcorner     100.000000
cellsize      50.000000
NODATA_value  -9999.0
0.000000 0.000000 0.000000 0.000000 0.000000 0.000000 0.000000 0.000000 0.000000 0.000000 0.000000 0.000000 0.000000 0.000000 0.000000 0.000000 0.000000 0.000000 0.000000 0.000000 0.000000
0.000000 0.000000 376.979569 376.071166 375.774086 375.572454 375.535739 375.620250 375.578349 375.739204 375.692585 375.565425 375.634139 375.674650 375.606608 375.661934 375.856951 375.831337 376.391144 0.000000 0.000000
0.000000 0.000000 28.736170 29.695146 30.097973 31.169007 30.720852 30.705324 30.523210 30.309739 30.390701 30.725995 30.407882 30.237462 30.784174 30.415076 29.577561 28.878944 28.222787 0.000000 0.000000
0.000000 0.000000 152.453950 153.850171 146.683050 144.676318 145.845984 141.155956 140.346582 140.436776 139.053017 137.958139 139.073520 137.570162 140.172118 144.949543 144.468946 147.909525 150.632774 0.000000 0.000000
0.000000 0.000000 1517.560413 1521.420083 1526.737499 1509.014196 1497.904807 1489.553131 1492.142672 1486.679893 1490.511453 1494.570789 1494.920367 1495.336151 1504.700861 1503.886222 1510.470305 1515.893931 1517.687199 0.000000 0.000000
0.000000 0.000000 2808.813523 2804.100784 2801.009172 2797.285621 2789.664576 2786.558702 2783.663747 2785.470016 2784.728601 2782.725860 2779.200961 2780.148863 2779.241430 2792.609184 2797.902770 2799.834016 2802.955944 0.000000 0.000000
0.000000 0.000000 3690.758227 3687.932185 3683.561611 3680.273375 3668.306979 3651.694416 3652.435636 3649.381172 3651.987785 3651.566021 3654.459739 3657.115288 3672.537697 3681.351811 3687.291303 3690.648849 3696.004582 0.000000 0.000000
0.000000 0.000000 4269.480747 4268.847504 4269.593497 4264.221242 4263.232044 4257.824933 4258.424669 4258.772980 4256.089654 4256.844520 4256.037216 4254.939075 4257.904573 4261.815725 4264.852532 4265.173468 4265.595802 0.000000 0.000000
0.000000 0.000000 5005.655921 5005.868275 5003.649665 5000.237435 4994.836580 4986.383461 4986.374390 4984.793846 4984.802563 4985.761961 4985.131497 4985.800177 4991.252833 4999.126145 4999.857387 5002.060822 5006.184697 0.000000 0.000000
0.000000 0.000000 5870.979109 5870.099885 5870.710703 5869.407083 5859.825063 5853.261109 5854.778515 5853.838553 5853.757726 5853.673368 5853.173303 5851.637491 5860.975177 5866.477611 5866.171676 5868.730059 5869.737325 0.000000 0.000000
0.000000 0.000000 6796.336824 6794.998317 6794.658736 6786.164261 6782.855406 6772.447644 6772.451962 6770.241508 6769.881640 6771.158416 6770.342007 6770.538664 6774.772643 6779.057318 6788.189061 6790.236249 6794.077271 0.000000 0.000000
0.000000 0.000000 7756.049270 7755.429409 7753.904294 7749.429506 7743.510398 7734.363937 7733.073487 7732.817069 7732.590876 7731.785224 7731.790026 7732.016944 7741.993274 7748.021385 7748.674859 7750.783756 7768.626811 0.000000 0.000000
0.000000 0.000000 8722.282352 8720.737015 8718.197459 8714.519770 8705.852277 8683.982219 8684.237744 8682.550076 8682.095386 8682.843671 8681.627827 8682.190441 8700.648024 8709.044898 8713.894068 8715.993254 8718.958152 0.000000 0.000000
0.000000 0.000000 9769.473847 9766.611536 9765.002661 9760.304327 9738.432915 9746.418049 9739.881159 9739.132401 9739.197919 9739.588738 9738.759641 9738.842310 9731.815245 9753.109712 9757.422736 9763.901205 9764.270102 0.000000 0.000000
0.000000 0.000000 10885.576806 10881.398100 10876.630888 10860.503400 10856.913713 10840.215782 10831.381243 10829.762379 10824.728638 10824.505806 10826.210113 10823.971670 10835.599815 10843.257758 10868.950224 10864.837240 10866.572052 0.000000 0.000000
0.000000 0.000000 12012.657915 12012.615386 11988.323207 11986.731946 11985.775374 11983.294328 11986.418103 11986.798131 11989.653842 11989.516337 11986.307638 11992.818179 11991.301484 11990.328708 11981.028861 12011.172972 12016.809728 0.000000 0.000000
0.000000 0.000000 13286.754472 13256.849637 13247.046310 13240.778908 13221.573087 13213.421573 13211.180897 13210.426439 13205.566309 13206.031115 13207.175207 13203.625313 13210.076800 13230.073379 13244.196320 13244.999332 13276.341784 0.000000 0.000000
0.000000 0.000000 14213.156073 14219.728640 14249.736599 14238.975712 14231.578510 14202.644743 14200.442426 14197.508361 14199.580541 14199.350107 14197.812090 14200.320383 14227.314259 14236.231496 14248.076140 14216.621826 14217.448194 0.000000 0.000000
0.000000 0.000000 0.000000 0.000000 0.000000 0.000000 0.000000 0.000000 0.000000 0.000000 0.000000 0.000000 0.000000 0.000000 0.000000 0.000000 0.000000 0.000000 0.000000 0.000000 0.000000
0.000000 0.000000 0.000000 0.000000 0.000000 0.000000 0.000000 0.000000 0.000000 0.000000 0.000000 0.000000 0.000000 0.000000 0.000000 0.000000 0.000000 0.000000 0.000000 0.000000 0.000000