geotop/1.0zi/1.0Montebello/Templates/testdem/maps/_Erotot0436.asc
ncols         21
nrows         20
xllcorner     100.000000
yllcorner     100.000000
cellsize      50.000000
NODATA_value  -9999.0
0.000000 0.000000 0.000000 0.000000 0.000000 0.000000 0.000000 0.000000 0.000000 0.000000 0.000000 0.000000 0.000000 0.000000 0.000000 0.000000 0.000000 0.000000 0.000000 0.000000 0.000000
0.000000 0.000000 39.783260 39.783941 39.816573 39.784107 39.783363 39.783748 39.783558 39.783472 39.783445 39.783472 39.783558 39.783748 39.783363 39.784107 39.816573 39.783941 39.783260 0.000000 0.000000
0.000000 0.000000 7.623614 7.407182 5.590102 7.402533 7.650623 7.634990 7.649619 7.656442 7.657493 7.656442 7.649619 7.634990 7.650623 7.402533 5.590102 7.407182 7.623614 0.000000 0.000000
0.000000 0.000000 510.050524 510.301045 510.423250 510.205523 510.104006 510.209942 510.204564 510.141113 510.071058 510.141113 510.204564 510.209942 510.104006 510.205523 510.423250 510.301045 510.050524 0.000000 0.000000
0.000000 0.000000 707.611471 707.563955 706.805552 707.541549 707.609860 707.630760 707.624878 707.629004 707.624316 707.629004 707.624878 707.630760 707.609860 707.541549 706.805552 707.563955 707.611471 0.000000 0.000000
0.000000 0.000000 970.144242 970.150497 969.442265 970.105404 970.169494 970.211541 970.214485 970.193927 970.173276 970.193927 970.214485 970.211541 970.169494 970.105404 969.442265 970.150497 970.144242 0.000000 0.000000
0.000000 0.000000 1248.859257 1248.867874 1248.235485 1248.824489 1248.883579 1248.927082 1248.931125 1248.908487 1248.890187 1248.908487 1248.931125 1248.927082 1248.883579 1248.824489 1248.235485 1248.867874 1248.859257 0.000000 0.000000
0.000000 0.000000 1513.206053 1513.213742 1512.627053 1513.173258 1513.229364 1513.272291 1513.276418 1513.253671 1513.236903 1513.253671 1513.276418 1513.272291 1513.229364 1513.173258 1512.627053 1513.213742 1513.206053 0.000000 0.000000
0.000000 0.000000 1764.894270 1764.901814 1764.341645 1764.862533 1764.916878 1764.959217 1764.963417 1764.940806 1764.924653 1764.940806 1764.963417 1764.959217 1764.916878 1764.862533 1764.341645 1764.901814 1764.894270 0.000000 0.000000
0.000000 0.000000 2008.288301 2008.295227 2007.750403 2008.257111 2008.310596 2008.352462 2008.356686 2008.334172 2008.318160 2008.334172 2008.356686 2008.352462 2008.310596 2008.257111 2007.750403 2008.295227 2008.288301 0.000000 0.000000
0.000000 0.000000 2244.365999 2244.372279 2243.836018 2244.335009 2244.388153 2244.429696 2244.433933 2244.411457 2244.395360 2244.411457 2244.433933 2244.429696 2244.388153 2244.335009 2243.836018 2244.372279 2244.365999 0.000000 0.000000
0.000000 0.000000 2473.874736 2473.878077 2473.351283 2473.842557 2473.895320 2473.935785 2473.940530 2473.918167 2473.903078 2473.918167 2473.940530 2473.935785 2473.895320 2473.842557 2473.351283 2473.878077 2473.874736 0.000000 0.000000
0.000000 0.000000 2697.714850 2697.716536 2697.194195 2697.683333 2697.734975 2697.774891 2697.779784 2697.757325 2697.742351 2697.757325 2697.779784 2697.774891 2697.734975 2697.683333 2697.194195 2697.716536 2697.714850 0.000000 0.000000
0.000000 0.000000 2918.689993 2918.689858 2918.170988 2918.656997 2918.709887 2918.749790 2918.754839 2918.732327 2918.717177 2918.732327 2918.754839 2918.749790 2918.709887 2918.656997 2918.170988 2918.689858 2918.689993 0.000000 0.000000
0.000000 0.000000 3136.602441 3136.602833 3136.080942 3136.569667 3136.622708 3136.662285 3136.667432 3136.644833 3136.628829 3136.644833 3136.667432 3136.662285 3136.622708 3136.569667 3136.080942 3136.602833 3136.602441 0.000000 0.000000
0.000000 0.000000 3352.887283 3352.889014 3352.376200 3352.855886 3352.908514 3352.948133 3352.953318 3352.930606 3352.913964 3352.930606 3352.953318 3352.948133 3352.908514 3352.855886 3352.376200 3352.889014 3352.887281 0.000000 0.000000
0.000000 0.000000 3566.286861 3566.286916 3565.769989 3566.255079 3566.308455 3566.347547 3566.352909 3566.330088 3566.313136 3566.330088 3566.352909 3566.347547 3566.308455 3566.255079 3565.769989 3566.286906 3566.286652 0.000000 0.000000
0.000000 0.000000 3790.627767 3790.748802 3790.232160 3790.714692 3790.768324 3790.807402 3790.813069 3790.790137 3790.772912 3790.790137 3790.813069 3790.807402 3790.768324 3790.714692 3790.232148 3790.747312 3790.746695 0.000000 0.000000
0.000000 0.000000 0.000000 0.000000 0.000000 0.000000 0.000000 0.000000 0.000000 0.000000 0.000000 0.000000 0.000000 0.000000 0.000000 0.000000 0.000000 0.000000 0.000000 0.000000 0.000000
0.000000 0.000000 0.000000 0.000000 0.000000 0.000000 0.000000 0.000000 0.000000 0.000000 0.000000 0.000000 0.000000 0.000000 0.000000 0.000000 0.000000 0.000000 0.000000 0.000000 0.000000