geotop/1.0zi/1.0Montebello/Templates/testdem/maps/_Erotot7078.asc
ncols         21
nrows         20
xllcorner     100.000000
yllcorner     100.000000
cellsize      50.000000
NODATA_value  -9999.0
0.000000 0.000000 0.000000 0.000000 0.000000 0.000000 0.000000 0.000000 0.000000 0.000000 0.000000 0.000000 0.000000 0.000000 0.000000 0.000000 0.000000 0.000000 0.000000 0.000000 0.000000
0.000000 0.000000 567.274141 568.076647 567.729500 567.952317 567.339032 567.375505 567.321757 567.425086 567.851013 567.177764 567.067395 567.148743 567.439481 567.399173 568.159730 568.430197 568.500557 0.000000 0.000000
0.000000 0.000000 44.504836 43.286453 43.266931 43.418591 43.653665 43.505965 43.248010 43.091443 43.330308 43.618964 43.624645 43.747162 43.524417 43.325616 42.038927 41.314353 42.057002 0.000000 0.000000
0.000000 0.000000 252.166052 253.787755 241.856656 239.119161 237.581175 230.697610 231.309165 229.904181 228.687843 226.458359 228.748318 228.716306 236.952029 243.040461 244.434465 246.333683 252.003820 0.000000 0.000000
0.000000 0.000000 2521.229473 2524.583842 2527.935793 2506.733471 2491.991978 2478.957362 2480.986722 2477.976667 2483.504898 2489.764514 2484.389849 2482.663735 2494.278679 2497.080131 2505.723585 2513.293053 2515.263517 0.000000 0.000000
0.000000 0.000000 4278.295527 4272.600402 4269.244674 4263.018653 4248.775128 4240.657933 4239.983978 4239.081883 4235.677332 4229.841443 4228.987353 4232.330147 4232.294153 4250.456851 4258.752129 4265.532714 4267.454239 0.000000 0.000000
0.000000 0.000000 5482.552876 5479.683870 5475.427560 5469.634903 5456.291481 5437.408776 5436.886332 5433.057712 5434.622267 5438.433872 5439.828211 5440.370275 5464.748718 5474.305761 5478.768782 5480.933739 5486.540679 0.000000 0.000000
0.000000 0.000000 6369.896164 6370.467851 6367.775493 6359.225278 6357.838513 6349.367121 6349.991496 6349.877237 6349.044467 6345.280365 6344.514795 6350.397887 6351.244574 6354.990284 6365.978533 6364.021118 6369.138468 0.000000 0.000000
0.000000 0.000000 7569.102586 7565.132058 7559.354915 7559.903037 7550.168140 7536.682199 7538.141246 7533.919544 7531.912890 7531.838565 7533.989023 7528.397997 7544.966309 7557.587320 7558.292903 7561.103021 7562.828102 0.000000 0.000000
0.000000 0.000000 8946.527685 8943.536082 8944.060693 8941.148286 8922.696032 8914.563049 8914.785455 8914.357147 8911.374828 8914.643978 8917.546855 8916.754731 8921.874760 8934.579064 8940.785433 8941.985112 8943.393747 0.000000 0.000000
0.000000 0.000000 10441.200604 10440.675598 10438.229250 10420.574223 10417.070844 10402.286571 10407.836948 10395.697911 10399.445634 10397.977264 10391.536695 10400.695660 10407.998173 10410.084713 10420.648566 10426.563639 10436.814945 0.000000 0.000000
0.000000 0.000000 12031.910763 12025.082297 12018.190691 12015.700028 12007.125153 11990.071173 11987.681525 11987.661695 11994.630640 11984.814935 11988.125161 11988.199929 12007.208810 12013.977465 12015.651470 12018.712013 12040.357020 0.000000 0.000000
0.000000 0.000000 13669.476792 13665.591229 13665.788840 13654.703648 13649.210438 13610.866349 13609.547544 13608.725650 13590.660259 13601.050672 13604.980442 13608.847264 13634.478859 13640.244802 13659.232344 13658.286495 13666.751057 0.000000 0.000000
0.000000 0.000000 15504.582621 15506.844073 15495.613786 15492.330771 15449.601125 15462.027552 15449.735040 15450.562045 15454.602821 15451.552876 15449.848710 15446.136395 15430.769494 15477.771316 15483.387427 15499.337166 15508.324691 0.000000 0.000000
0.000000 0.000000 17530.276046 17523.371702 17516.631203 17473.768737 17477.817564 17455.868089 17439.530554 17437.255992 17429.009295 17420.426403 17424.480605 17423.146144 17448.170542 17446.702613 17511.833540 17498.903300 17498.398663 0.000000 0.000000
0.000000 0.000000 19641.463386 19639.281527 19576.173633 19586.177742 19590.100660 19578.697363 19607.660881 19595.576568 19607.814319 19600.306300 19591.419201 19607.722061 19611.899801 19612.001469 19568.615634 19657.164141 19650.650634 0.000000 0.000000
0.000000 0.000000 22129.507570 22043.243718 22051.687856 22027.884400 21980.508817 21970.884234 21951.777257 21957.726295 21931.831372 21933.296903 21944.963935 21938.152855 21958.468174 21985.637599 22048.927923 22018.188077 22111.477777 0.000000 0.000000
0.000000 0.000000 23513.066064 23571.542367 23657.736334 23651.120826 23639.922240 23566.736739 23572.522722 23548.747466 23577.346894 23571.450246 23574.769517 23576.063905 23638.858139 23648.258468 23672.324468 23591.173810 23534.767232 0.000000 0.000000
0.000000 0.000000 0.000000 0.000000 0.000000 0.000000 0.000000 0.000000 0.000000 0.000000 0.000000 0.000000 0.000000 0.000000 0.000000 0.000000 0.000000 0.000000 0.000000 0.000000 0.000000
0.000000 0.000000 0.000000 0.000000 0.000000 0.000000 0.000000 0.000000 0.000000 0.000000 0.000000 0.000000 0.000000 0.000000 0.000000 0.000000 0.000000 0.000000 0.000000 0.000000 0.000000