geotop/1.0zi/1.0Montebello/Templates/testdem/maps/_Erotot3101.asc
ncols         21
nrows         20
xllcorner     100.000000
yllcorner     100.000000
cellsize      50.000000
NODATA_value  -9999.0
0.000000 0.000000 0.000000 0.000000 0.000000 0.000000 0.000000 0.000000 0.000000 0.000000 0.000000 0.000000 0.000000 0.000000 0.000000 0.000000 0.000000 0.000000 0.000000 0.000000 0.000000
0.000000 0.000000 350.160179 350.163033 350.166587 350.285366 350.154657 350.158985 350.132835 350.173430 350.188599 350.173430 350.132835 350.158985 350.154657 350.285366 350.166587 350.163033 350.160179 0.000000 0.000000
0.000000 0.000000 11.608557 11.369928 9.613107 11.294717 11.607434 11.537828 11.649531 11.548937 11.916086 11.548937 11.649531 11.537828 11.607434 11.294717 9.613107 11.369928 11.608557 0.000000 0.000000
0.000000 0.000000 2544.896611 2544.530042 2544.697262 2542.862415 2544.719860 2544.251807 2544.219474 2545.045285 2545.184197 2545.045285 2544.219474 2544.251807 2544.719860 2542.862415 2544.697262 2544.530042 2544.896611 0.000000 0.000000
0.000000 0.000000 4739.136139 4738.959592 4738.294050 4738.870961 4739.400171 4739.271189 4739.248361 4739.366265 4739.386103 4739.366265 4739.248361 4739.271189 4739.400171 4738.870961 4738.294050 4738.959592 4739.136139 0.000000 0.000000
0.000000 0.000000 6142.594875 6142.372470 6141.765847 6141.900280 6142.676191 6142.401588 6142.434844 6142.735281 6142.958081 6142.735281 6142.434844 6142.401588 6142.676191 6141.900280 6141.765847 6142.372470 6142.594875 0.000000 0.000000
0.000000 0.000000 7905.262372 7905.074805 7904.520866 7904.640148 7905.303057 7905.066844 7905.102317 7905.364616 7905.586775 7905.364616 7905.102317 7905.066844 7905.303057 7904.640148 7904.520866 7905.074805 7905.262372 0.000000 0.000000
0.000000 0.000000 9536.316390 9536.157944 9535.648526 9535.771535 9536.334889 9536.132862 9536.167325 9536.399469 9536.600672 9536.399469 9536.167325 9536.132862 9536.334889 9535.771535 9535.648526 9536.157944 9536.316390 0.000000 0.000000
0.000000 0.000000 11040.279142 11040.135471 11039.655473 11039.777432 11040.292944 11040.108764 11040.139386 11040.354596 11040.544821 11040.354596 11040.139386 11040.108764 11040.292944 11039.777432 11039.655473 11040.135471 11040.279142 0.000000 0.000000
0.000000 0.000000 12441.653442 12441.539960 12441.077596 12441.236971 12441.663804 12441.500288 12441.533166 12441.726575 12441.900376 12441.726575 12441.533166 12441.500288 12441.663804 12441.236971 12441.077596 12441.539960 12441.653442 0.000000 0.000000
0.000000 0.000000 13748.082151 13747.963766 13747.526823 13747.661807 13748.095722 13747.934053 13747.962696 13748.153652 13748.317811 13748.153652 13747.962696 13747.934053 13748.095722 13747.661807 13747.526823 13747.963766 13748.082151 0.000000 0.000000
0.000000 0.000000 14983.765813 14983.652380 14983.243021 14983.373559 14983.794211 14983.640106 14983.664019 14983.853439 14984.007356 14983.853439 14983.664019 14983.640106 14983.794211 14983.373559 14983.243021 14983.652380 14983.765813 0.000000 0.000000
0.000000 0.000000 16155.594951 16155.488850 16155.090756 16155.222599 16155.622193 16155.473015 16155.496008 16155.680554 16155.825555 16155.680554 16155.496008 16155.473015 16155.622193 16155.222599 16155.090756 16155.488850 16155.594951 0.000000 0.000000
0.000000 0.000000 17277.347480 17277.250417 17276.865914 17277.014494 17277.376390 17277.234275 17277.258005 17277.434423 17277.572291 17277.434423 17277.258005 17277.234275 17277.376390 17277.014494 17276.865914 17277.250417 17277.347480 0.000000 0.000000
0.000000 0.000000 18350.153246 18350.055860 18349.681574 18349.818385 18350.185521 18350.045131 18350.066389 18350.241336 18350.372723 18350.241336 18350.066389 18350.045131 18350.185521 18349.818385 18349.681574 18350.055860 18350.153246 0.000000 0.000000
0.000000 0.000000 19378.029949 19377.934788 19377.572363 19377.701509 19378.054583 19377.919560 19377.940979 19378.108610 19378.236082 19378.108610 19377.940979 19377.919560 19378.054583 19377.701509 19377.572363 19377.934788 19378.029946 0.000000 0.000000
0.000000 0.000000 20367.275534 20367.183173 20366.826852 20366.959796 20367.299976 20367.167786 20367.188965 20367.352309 20367.472548 20367.352309 20367.188965 20367.167786 20367.299976 20366.959796 20366.826851 20367.183152 20367.275542 0.000000 0.000000
0.000000 0.000000 21374.596167 21375.056331 21374.708487 21374.837102 21375.168754 21375.041129 21375.060793 21375.219186 21375.336016 21375.219186 21375.060793 21375.041129 21375.168754 21374.837102 21374.708469 21375.053002 21375.142009 0.000000 0.000000
0.000000 0.000000 0.000000 0.000000 0.000000 0.000000 0.000000 0.000000 0.000000 0.000000 0.000000 0.000000 0.000000 0.000000 0.000000 0.000000 0.000000 0.000000 0.000000 0.000000 0.000000
0.000000 0.000000 0.000000 0.000000 0.000000 0.000000 0.000000 0.000000 0.000000 0.000000 0.000000 0.000000 0.000000 0.000000 0.000000 0.000000 0.000000 0.000000 0.000000 0.000000 0.000000