geotop/1.0zi/1.0Montebello/Templates/testdem/maps/_Erotot9682.asc
ncols         21
nrows         20
xllcorner     100.000000
yllcorner     100.000000
cellsize      50.000000
NODATA_value  -9999.0
0.000000 0.000000 0.000000 0.000000 0.000000 0.000000 0.000000 0.000000 0.000000 0.000000 0.000000 0.000000 0.000000 0.000000 0.000000 0.000000 0.000000 0.000000 0.000000 0.000000 0.000000
0.000000 0.000000 811.930143 812.080788 810.900813 810.438124 808.865778 808.428246 808.524506 808.583250 808.936968 808.376304 808.235334 808.269315 809.234447 809.816987 811.177493 812.412050 813.062192 0.000000 0.000000
0.000000 0.000000 61.261950 59.913355 60.207400 59.985690 60.719949 60.227586 59.864671 59.710514 59.947099 60.102907 60.273702 60.347109 60.233157 59.747449 58.723481 57.826623 58.614186 0.000000 0.000000
0.000000 0.000000 536.546360 540.394175 525.977353 518.513225 517.943607 509.941903 517.010019 518.954980 515.058071 515.972651 520.273575 519.686449 528.513629 539.054657 541.959129 540.472997 545.924949 0.000000 0.000000
0.000000 0.000000 4516.467289 4510.771693 4507.146196 4468.607771 4442.300771 4426.885987 4419.339302 4413.432150 4419.262090 4424.888352 4424.905924 4419.173923 4439.051856 4445.311361 4464.121673 4475.494915 4476.457165 0.000000 0.000000
0.000000 0.000000 6717.051810 6710.518170 6705.727166 6707.887357 6679.913945 6667.172013 6670.908011 6669.635376 6664.222250 6657.648143 6655.457464 6659.702965 6661.579876 6688.879524 6689.045347 6696.455135 6698.379671 0.000000 0.000000
0.000000 0.000000 8255.584090 8249.518146 8245.700521 8232.673168 8225.806192 8189.181281 8188.508850 8185.227022 8183.626421 8187.649613 8188.184877 8189.361148 8224.870907 8229.187144 8238.791959 8241.758384 8246.834627 0.000000 0.000000
0.000000 0.000000 9892.422830 9888.408208 9881.733718 9866.043942 9855.520257 9851.386913 9851.967901 9849.516177 9848.414359 9844.395098 9843.739391 9850.916889 9849.425812 9860.940192 9876.685701 9874.304104 9880.534456 0.000000 0.000000
0.000000 0.000000 11968.455857 11962.184865 11953.334081 11947.502402 11929.869360 11906.811700 11910.000228 11905.691168 11901.479134 11901.034963 11904.342010 11897.816747 11924.959939 11940.617990 11943.467771 11947.283184 11949.754225 0.000000 0.000000
0.000000 0.000000 14397.104189 14386.884120 14382.545471 14373.312656 14357.359749 14337.411826 14336.281031 14333.906069 14328.284757 14332.686070 14336.133851 14335.419764 14344.161374 14365.976361 14374.431785 14378.623330 14377.791611 0.000000 0.000000
0.000000 0.000000 17118.035109 17112.967104 17109.244132 17073.677925 17073.100248 17043.866394 17052.295902 17033.529025 17038.464602 17034.094646 17026.057890 17037.865407 17054.537608 17060.096525 17076.376837 17079.785982 17098.542157 0.000000 0.000000
0.000000 0.000000 20176.595964 20160.901864 20140.282758 20137.268814 20124.491998 20090.440810 20088.787913 20090.503162 20096.565010 20080.348313 20088.861186 20085.489246 20116.637302 20132.976528 20135.193637 20141.526558 20168.034411 0.000000 0.000000
0.000000 0.000000 23442.125345 23430.915548 23432.518029 23409.474273 23389.162688 23308.691583 23302.928116 23300.088521 23259.902572 23286.696321 23288.145882 23296.589600 23357.667024 23367.464781 23404.465884 23403.947962 23408.562241 0.000000 0.000000
0.000000 0.000000 27341.489288 27340.219507 27309.755674 27293.828303 27183.168829 27245.721273 27217.077700 27217.972151 27237.568051 27218.365130 27216.545897 27201.615336 27140.490384 27270.781014 27270.436907 27303.030685 27318.670654 0.000000 0.000000
0.000000 0.000000 31482.538823 31470.265730 31450.277739 31320.180331 31395.312210 31307.506043 31287.007361 31278.744328 31247.208294 31235.793258 31249.959212 31252.333805 31331.023291 31251.782035 31434.946268 31386.574646 31374.770206 0.000000 0.000000
0.000000 0.000000 34995.775905 34987.941743 34844.535294 34936.745891 34912.868002 34924.574235 34998.455958 34977.256014 35014.817858 35008.154516 34980.050372 35015.827108 34989.882264 35018.685799 34823.221310 35054.458852 35045.363344 0.000000 0.000000
0.000000 0.000000 38027.774951 37905.936968 37972.063133 37916.984660 37853.222155 37837.405826 37789.754127 37804.162070 37758.001832 37764.937616 37790.571925 37765.741295 37800.607609 37837.542818 37965.854540 37845.205281 37974.954639 0.000000 0.000000
0.000000 0.000000 38931.946742 39011.147841 39093.469712 39087.143008 39084.344654 39017.397695 39026.437612 39003.781430 39035.158405 39029.534364 39030.252260 39033.279766 39087.099375 39092.157037 39102.465675 39026.319948 38948.787756 0.000000 0.000000
0.000000 0.000000 0.000000 0.000000 0.000000 0.000000 0.000000 0.000000 0.000000 0.000000 0.000000 0.000000 0.000000 0.000000 0.000000 0.000000 0.000000 0.000000 0.000000 0.000000 0.000000
0.000000 0.000000 0.000000 0.000000 0.000000 0.000000 0.000000 0.000000 0.000000 0.000000 0.000000 0.000000 0.000000 0.000000 0.000000 0.000000 0.000000 0.000000 0.000000 0.000000 0.000000