geotop/1.0zi/1.0Montebello/Templates/testdem/maps/_Erotot9078.asc
ncols         21
nrows         20
xllcorner     100.000000
yllcorner     100.000000
cellsize      50.000000
NODATA_value  -9999.0
0.000000 0.000000 0.000000 0.000000 0.000000 0.000000 0.000000 0.000000 0.000000 0.000000 0.000000 0.000000 0.000000 0.000000 0.000000 0.000000 0.000000 0.000000 0.000000 0.000000 0.000000
0.000000 0.000000 722.817917 723.471193 722.899726 722.983303 721.962214 722.083067 722.167055 722.241916 722.626204 721.992322 721.882040 721.922396 722.331078 722.461690 723.286062 723.897632 724.054231 0.000000 0.000000
0.000000 0.000000 56.398616 55.325745 55.623935 55.555036 56.378843 56.051930 55.679388 55.545704 55.746143 56.074629 56.132234 56.247629 56.022293 55.419142 54.150455 53.283294 53.897950 0.000000 0.000000
0.000000 0.000000 428.246340 430.039420 416.986359 410.758527 410.189667 404.328149 409.324610 411.002507 407.057657 405.461618 408.879441 408.386226 416.875954 425.348853 429.158137 423.558275 430.830859 0.000000 0.000000
0.000000 0.000000 3997.483682 3990.750142 3984.775867 3951.552352 3925.639709 3913.105836 3905.617707 3899.041973 3906.614025 3913.069847 3911.343896 3906.324870 3925.991301 3930.497089 3946.231540 3957.368601 3957.573709 0.000000 0.000000
0.000000 0.000000 6114.906637 6109.545424 6105.289558 6107.054378 6085.080256 6071.949885 6076.648564 6076.254011 6072.024389 6065.830836 6064.074666 6068.243494 6068.420482 6093.514353 6094.878178 6101.006325 6103.310841 0.000000 0.000000
0.000000 0.000000 7549.630445 7543.846362 7539.852820 7528.997623 7519.874490 7486.837323 7487.198146 7484.680217 7484.218883 7488.470421 7488.982284 7489.947127 7522.922302 7528.805620 7537.183356 7539.610684 7544.627145 0.000000 0.000000
0.000000 0.000000 8979.121263 8976.340577 8971.402293 8959.179493 8952.853961 8948.958167 8949.646453 8947.772779 8947.743869 8943.447145 8942.193488 8949.597349 8948.005104 8956.694991 8970.960950 8966.980434 8973.134128 0.000000 0.000000
0.000000 0.000000 10820.792554 10815.415140 10807.246679 10804.545899 10788.839711 10769.695801 10772.438465 10768.383241 10765.006650 10764.438964 10767.173421 10760.919785 10785.133640 10799.227741 10800.714882 10802.735159 10806.286716 0.000000 0.000000
0.000000 0.000000 12954.145555 12946.255967 12944.261876 12937.521353 12913.455730 12902.223974 12901.524874 12900.306306 12896.050263 12900.330524 12903.292461 12902.916360 12910.319356 12929.237405 12936.904694 12939.171449 12938.362889 0.000000 0.000000
0.000000 0.000000 15317.963968 15315.105372 15310.958314 15282.443569 15275.727826 15254.715835 15262.919073 15245.601880 15251.335348 15247.371694 15239.592459 15250.575390 15265.151742 15268.670655 15283.888749 15287.410834 15302.516684 0.000000 0.000000
0.000000 0.000000 17937.900322 17927.474783 17911.340836 17908.414295 17891.332709 17867.870273 17865.793613 17869.107953 17874.903681 17861.668591 17868.831078 17866.607098 17893.397695 17906.181851 17906.530094 17910.238153 17935.810715 0.000000 0.000000
0.000000 0.000000 20713.913764 20703.088110 20705.344984 20681.284198 20671.348611 20602.585524 20599.917439 20598.842456 20568.357113 20587.694141 20589.929869 20597.289891 20647.924421 20656.781301 20687.437766 20684.371517 20691.023551 0.000000 0.000000
0.000000 0.000000 23996.784200 23997.600707 23974.059221 23966.620879 23874.529482 23916.426261 23895.566147 23897.246303 23911.155209 23898.495337 23897.039163 23885.558532 23846.008474 23948.319978 23950.249416 23975.306203 23988.760987 0.000000 0.000000
0.000000 0.000000 27656.021308 27639.912310 27622.340373 27515.866614 27560.355584 27501.017187 27478.430243 27473.694610 27450.066182 27438.030921 27448.753424 27449.652363 27510.215734 27466.581547 27616.871368 27576.416369 27569.184608 0.000000 0.000000
0.000000 0.000000 31221.913059 31214.732192 31070.892839 31143.639119 31128.619738 31131.578727 31203.259328 31181.762704 31216.964352 31208.646651 31182.217292 31218.168223 31204.531082 31220.278249 31052.557012 31272.563718 31262.979632 0.000000 0.000000
0.000000 0.000000 34960.951088 34790.890700 34869.851032 34795.454129 34708.568100 34687.736221 34623.903984 34642.586382 34580.731309 34589.090819 34623.693735 34588.867670 34635.070574 34689.222602 34863.736090 34708.614270 34887.115765 0.000000 0.000000
0.000000 0.000000 35804.909153 35958.438129 36077.254671 36080.827334 36092.974600 35985.277190 36010.315407 35972.633006 36034.317926 36023.193623 36015.724910 36030.661157 36115.290857 36108.879198 36096.092358 36002.338479 35849.021064 0.000000 0.000000
0.000000 0.000000 0.000000 0.000000 0.000000 0.000000 0.000000 0.000000 0.000000 0.000000 0.000000 0.000000 0.000000 0.000000 0.000000 0.000000 0.000000 0.000000 0.000000 0.000000 0.000000
0.000000 0.000000 0.000000 0.000000 0.000000 0.000000 0.000000 0.000000 0.000000 0.000000 0.000000 0.000000 0.000000 0.000000 0.000000 0.000000 0.000000 0.000000 0.000000 0.000000 0.000000