geotop/1.0zi/1.0Montebello/Templates/testdem/maps/_Erotot133v.asc
ncols         21
nrows         20
xllcorner     100.000000
yllcorner     100.000000
cellsize      50.000000
NODATA_value  -9999.0
0.000000 0.000000 0.000000 0.000000 0.000000 0.000000 0.000000 0.000000 0.000000 0.000000 0.000000 0.000000 0.000000 0.000000 0.000000 0.000000 0.000000 0.000000 0.000000 0.000000 0.000000
0.000000 0.000000 964.712730 964.143540 962.783287 960.868366 959.504100 958.714845 959.183381 959.864489 959.785047 958.963221 958.923470 958.999328 960.578976 961.099890 963.911281 964.556657 965.141970 0.000000 0.000000
0.000000 0.000000 67.912637 68.830885 67.319024 70.268394 69.589604 68.891643 69.232427 68.056173 68.991435 71.229899 68.966801 69.011520 68.537739 68.052135 65.839404 65.154334 68.294744 0.000000 0.000000
0.000000 0.000000 915.867400 923.365358 902.550520 893.092887 896.625226 886.019553 885.585593 888.487672 880.313778 880.892165 885.975604 890.123827 893.667522 906.887935 912.292942 912.896658 917.560237 0.000000 0.000000
0.000000 0.000000 5929.155733 5914.875295 5919.561263 5876.973021 5844.955126 5827.349902 5822.407483 5816.508456 5821.327468 5828.160771 5828.741859 5817.323064 5842.823234 5849.956687 5869.711988 5883.993706 5884.986092 0.000000 0.000000
0.000000 0.000000 8329.495934 8326.427503 8316.465401 8316.411946 8286.935605 8272.575916 8275.580329 8274.181228 8266.278117 8259.794813 8258.237756 8261.996377 8264.252854 8295.705178 8295.584943 8305.075672 8305.790126 0.000000 0.000000
0.000000 0.000000 10223.960347 10218.197087 10211.835084 10196.921925 10189.316072 10143.623125 10140.470192 10136.681734 10135.123294 10138.768116 10138.008316 10139.516084 10179.019176 10184.422410 10195.723772 10201.742527 10206.104578 0.000000 0.000000
0.000000 0.000000 12462.498627 12458.228048 12449.477899 12424.890158 12412.863458 12404.283567 12400.998217 12399.060617 12395.549758 12392.933045 12391.061162 12398.315750 12397.597715 12412.173175 12430.811795 12429.038412 12435.469091 0.000000 0.000000
0.000000 0.000000 15289.901169 15282.409984 15269.494423 15261.742402 15241.423762 15211.085941 15211.593067 15206.713168 15201.120665 15199.660055 15202.518893 15195.085887 15226.755665 15246.480838 15251.533776 15258.046099 15260.372738 0.000000 0.000000
0.000000 0.000000 18679.253600 18665.415758 18656.112643 18643.491179 18622.708213 18595.793787 18589.822695 18588.437020 18579.095131 18584.016527 18590.820291 18588.674433 18599.920447 18627.263500 18639.260752 18646.225364 18644.732645 0.000000 0.000000
0.000000 0.000000 22611.667297 22602.070402 22597.301374 22547.214153 22547.112976 22504.907741 22515.766664 22490.596687 22496.485537 22491.103359 22477.907063 22493.522107 22513.633121 22522.550848 22544.272706 22550.950008 22574.224413 0.000000 0.000000
0.000000 0.000000 27154.039028 27130.445958 27098.347914 27094.123827 27077.201255 27026.405455 27013.648637 27021.706990 27024.156762 27008.637371 27017.002802 27008.995761 27051.432412 27076.677422 27079.274244 27089.205644 27122.538266 0.000000 0.000000
0.000000 0.000000 31794.178537 31775.279235 31776.859221 31741.673668 31716.148753 31595.479719 31585.250678 31580.109952 31519.561510 31560.890816 31560.838465 31573.582471 31660.488800 31673.602792 31727.045251 31733.225884 31723.272543 0.000000 0.000000
0.000000 0.000000 36400.627327 36406.976546 36366.734109 36354.123042 36224.165552 36329.233761 36294.589184 36294.236420 36325.154633 36292.770287 36289.486201 36267.997432 36177.516638 36332.518050 36321.179435 36356.904905 36374.191155 0.000000 0.000000
0.000000 0.000000 39410.589514 39399.575368 39388.191119 39309.594857 39366.865279 39306.780795 39295.528129 39292.760676 39272.562284 39267.059006 39276.498463 39278.130766 39330.497266 39263.185023 39380.434655 39348.085291 39337.076553 0.000000 0.000000
0.000000 0.000000 41240.015098 41235.837275 41180.610616 41207.163784 41209.282194 41205.442563 41234.062367 41221.843353 41234.288659 41228.453800 41218.534362 41232.729187 41228.055013 41232.668447 41165.174054 41248.930403 41240.850581 0.000000 0.000000
0.000000 0.000000 42713.894544 42665.407649 42703.300352 42670.078701 42648.992496 42644.613451 42623.646833 42630.725371 42608.767243 42612.006752 42622.152863 42613.940632 42624.483837 42628.759105 42693.319340 42633.582520 42681.104022 0.000000 0.000000
0.000000 0.000000 43265.562220 43339.298761 43366.293506 43375.807406 43388.809126 43351.293934 43367.076705 43352.030030 43376.362595 43371.993527 43367.971608 43373.952237 43403.509227 43390.825203 43367.706778 43351.431520 43281.734254 0.000000 0.000000
0.000000 0.000000 0.000000 0.000000 0.000000 0.000000 0.000000 0.000000 0.000000 0.000000 0.000000 0.000000 0.000000 0.000000 0.000000 0.000000 0.000000 0.000000 0.000000 0.000000 0.000000
0.000000 0.000000 0.000000 0.000000 0.000000 0.000000 0.000000 0.000000 0.000000 0.000000 0.000000 0.000000 0.000000 0.000000 0.000000 0.000000 0.000000 0.000000 0.000000 0.000000 0.000000