geotop/1.0zi/1.0Montebello/Templates/testdem/maps/_Erotot6171.asc
ncols         21
nrows         20
xllcorner     100.000000
yllcorner     100.000000
cellsize      50.000000
NODATA_value  -9999.0
0.000000 0.000000 0.000000 0.000000 0.000000 0.000000 0.000000 0.000000 0.000000 0.000000 0.000000 0.000000 0.000000 0.000000 0.000000 0.000000 0.000000 0.000000 0.000000 0.000000 0.000000
0.000000 0.000000 473.643372 472.774682 472.572708 472.843195 472.301889 472.367050 472.310925 472.489089 472.877525 472.189834 472.128302 472.207982 472.357110 472.273548 472.979873 473.193703 473.184912 0.000000 0.000000
0.000000 0.000000 35.315139 36.043078 36.347888 37.062435 37.264167 37.047754 36.876478 36.654856 36.929977 37.230597 37.037800 37.275244 37.195620 36.970811 35.656436 34.811329 35.135099 0.000000 0.000000
0.000000 0.000000 193.156056 193.856767 186.272373 183.919898 185.290096 180.207673 179.312547 179.439292 177.729864 175.783950 178.227762 175.965681 180.252409 185.928373 185.833161 188.154383 192.356671 0.000000 0.000000
0.000000 0.000000 1890.237419 1894.495125 1898.555468 1878.639672 1863.617491 1852.184348 1855.232481 1851.761538 1855.725927 1860.378571 1857.166618 1855.570673 1865.463372 1866.188818 1874.658166 1882.515430 1883.925275 0.000000 0.000000
0.000000 0.000000 3417.381177 3412.129796 3409.078614 3404.130891 3395.072309 3387.749116 3385.763044 3385.883748 3384.258214 3381.445910 3378.599576 3381.061747 3382.975359 3399.159134 3404.571298 3408.828342 3411.229980 0.000000 0.000000
0.000000 0.000000 4567.740824 4565.084534 4561.750810 4557.462331 4544.388362 4527.094011 4527.193248 4523.600510 4525.581840 4528.374972 4530.469897 4531.651382 4551.841955 4561.525549 4566.059197 4567.465663 4572.894425 0.000000 0.000000
0.000000 0.000000 5238.667416 5239.925704 5238.480295 5231.843679 5231.052299 5223.617616 5224.114762 5224.469883 5223.123261 5220.637385 5220.377846 5224.107520 5224.760520 5227.685112 5236.308825 5234.728940 5238.150231 0.000000 0.000000
0.000000 0.000000 6188.995370 6186.172000 6181.537749 6182.166909 6175.246824 6164.365613 6164.757615 6162.073379 6159.485132 6160.592746 6161.718131 6156.810775 6170.649046 6179.230102 6181.686960 6182.726777 6184.596354 0.000000 0.000000
0.000000 0.000000 7289.247247 7286.711990 7288.354784 7287.352136 7272.248752 7264.571327 7265.918838 7264.974206 7262.791147 7265.860373 7269.154846 7267.414955 7271.273254 7282.286669 7286.577295 7286.964562 7288.055713 0.000000 0.000000
0.000000 0.000000 8477.494905 8477.550486 8477.155317 8462.416454 8459.573864 8448.416988 8451.929631 8442.706561 8445.042251 8443.969247 8439.091268 8446.816071 8451.926097 8453.676811 8460.730580 8466.893738 8474.657801 0.000000 0.000000
0.000000 0.000000 9724.343830 9719.554949 9714.007108 9711.887797 9707.585998 9692.168757 9691.033662 9690.141010 9696.779942 9689.493012 9691.574864 9691.296216 9707.743526 9711.589682 9713.452558 9714.152102 9734.259979 0.000000 0.000000
0.000000 0.000000 10990.158811 10988.081994 10988.701524 10980.788051 10976.397108 10947.875781 10946.362315 10945.958069 10931.039647 10940.177949 10944.187488 10946.650248 10964.633352 10968.923114 10983.722232 10983.284049 10990.535238 0.000000 0.000000
0.000000 0.000000 12382.206268 12383.449679 12375.886399 12374.424738 12344.674912 12353.301220 12342.479713 12343.961508 12345.026189 12344.363170 12342.942650 12339.532873 12329.595717 12361.895299 12367.693302 12378.885000 12386.493799 0.000000 0.000000
0.000000 0.000000 13892.374855 13887.138692 13883.320947 13856.326850 13856.466083 13839.818289 13826.369149 13824.638918 13819.354626 13812.761535 13816.097790 13814.477917 13830.715254 13834.524540 13879.263500 13870.038791 13870.528299 0.000000 0.000000
0.000000 0.000000 15450.283604 15449.412611 15409.273119 15409.590942 15414.753141 15407.018467 15425.338216 15417.414312 15423.810735 15419.002953 15413.160581 15422.853876 15426.896170 15426.409131 15403.530167 15460.144692 15453.461293 0.000000 0.000000
0.000000 0.000000 17231.510004 17181.588053 17180.048955 17168.884578 17141.151935 17133.383975 17123.793063 17127.216881 17111.727075 17112.152085 17118.134826 17117.373655 17130.917871 17143.884639 17179.131415 17170.519311 17226.367950 0.000000 0.000000
0.000000 0.000000 18433.862654 18451.691635 18503.700939 18496.515140 18482.151297 18440.093497 18441.370817 18426.070175 18439.642884 18437.306407 18442.977184 18439.138441 18476.110399 18488.389195 18513.028949 18460.151410 18442.827020 0.000000 0.000000
0.000000 0.000000 0.000000 0.000000 0.000000 0.000000 0.000000 0.000000 0.000000 0.000000 0.000000 0.000000 0.000000 0.000000 0.000000 0.000000 0.000000 0.000000 0.000000 0.000000 0.000000
0.000000 0.000000 0.000000 0.000000 0.000000 0.000000 0.000000 0.000000 0.000000 0.000000 0.000000 0.000000 0.000000 0.000000 0.000000 0.000000 0.000000 0.000000 0.000000 0.000000 0.000000