geotop/1.0zi/1.0Montebello/Templates/testdem/maps/_Erotot5331.asc
ncols         21
nrows         20
xllcorner     100.000000
yllcorner     100.000000
cellsize      50.000000
NODATA_value  -9999.0
0.000000 0.000000 0.000000 0.000000 0.000000 0.000000 0.000000 0.000000 0.000000 0.000000 0.000000 0.000000 0.000000 0.000000 0.000000 0.000000 0.000000 0.000000 0.000000 0.000000 0.000000
0.000000 0.000000 393.875538 393.083470 392.930272 392.728437 392.701375 392.778785 392.735042 392.905691 392.822227 392.603584 392.579899 392.624400 392.738048 392.624843 392.827440 393.010141 393.409088 0.000000 0.000000
0.000000 0.000000 30.735253 31.457266 31.678714 32.860175 32.600319 32.459176 32.272842 32.055925 32.185751 32.562314 32.328775 32.194843 32.587116 32.376429 31.536391 30.659718 30.022834 0.000000 0.000000
0.000000 0.000000 152.995302 154.463803 147.498176 144.733033 146.526016 141.304759 140.714321 141.101867 139.755767 138.413815 139.954383 138.016856 140.744316 145.526064 145.038787 148.450777 151.202472 0.000000 0.000000
0.000000 0.000000 1571.022125 1576.365883 1582.848226 1565.548009 1551.010835 1540.435243 1543.154502 1540.417312 1543.995820 1548.237003 1545.091790 1542.862498 1553.035390 1551.571058 1558.690182 1565.382720 1566.213676 0.000000 0.000000
0.000000 0.000000 2912.239518 2906.231375 2903.640025 2899.584757 2893.525521 2889.245358 2886.810767 2887.190680 2886.771132 2884.418984 2882.433577 2885.002531 2883.642509 2898.027659 2903.192622 2906.438877 2908.954080 0.000000 0.000000
0.000000 0.000000 3797.249602 3794.632079 3791.649286 3787.220548 3774.793909 3758.522205 3759.077978 3755.522093 3757.260885 3760.276602 3761.968168 3763.000650 3781.364458 3790.227119 3794.811380 3796.160315 3801.090372 0.000000 0.000000
0.000000 0.000000 4388.132953 4389.671307 4389.165352 4383.300548 4383.187945 4376.919721 4377.428686 4377.972961 4376.748121 4374.510493 4374.214964 4377.519459 4376.794084 4378.606857 4386.495740 4384.697384 4387.276600 0.000000 0.000000
0.000000 0.000000 5153.126014 5150.773886 5147.150757 5148.448193 5142.623823 5133.191569 5133.527714 5131.163741 5128.780262 5130.152618 5131.245263 5126.152958 5138.152312 5145.269068 5147.135986 5147.670985 5148.810869 0.000000 0.000000
0.000000 0.000000 6041.849151 6039.658748 6042.174327 6041.955895 6028.393169 6022.264056 6023.741268 6022.910049 6021.117958 6024.206249 6027.152684 6025.457357 6027.796872 6036.859686 6040.482891 6040.426611 6040.883869 0.000000 0.000000
0.000000 0.000000 6998.865518 6999.175661 6999.690694 6986.459571 6984.493933 6975.183219 6978.464199 6969.981947 6972.291072 6971.645396 6967.154304 6974.109815 6977.254734 6977.920483 6984.010179 6989.666117 6996.201205 0.000000 0.000000
0.000000 0.000000 7992.548666 7988.422936 7984.383059 7982.904387 7980.184596 7966.628126 7965.970756 7965.035013 7971.610485 7965.133558 7966.845944 7966.309719 7980.402634 7982.305121 7983.669711 7983.785428 8002.214774 0.000000 0.000000
0.000000 0.000000 8990.938585 8989.260923 8990.537467 8983.960302 8980.790077 8958.263822 8957.111815 8956.958780 8943.567672 8952.064156 8956.015613 8957.770967 8970.230373 8973.314851 8986.180399 8985.500097 8991.668868 0.000000 0.000000
0.000000 0.000000 10077.807347 10079.281857 10073.331755 10072.724355 10050.358260 10058.128813 10048.356469 10049.845321 10050.920655 10050.902083 10049.455004 10046.292955 10036.675640 10060.828151 10065.912458 10075.435602 10081.927430 0.000000 0.000000
0.000000 0.000000 11240.687280 11236.480012 11234.097113 11215.694542 11215.491075 11202.334030 11190.413925 11189.251256 11185.043147 11179.610611 11182.314563 11180.624818 11193.105501 11196.320581 11230.886723 11222.958183 11222.856572 0.000000 0.000000
0.000000 0.000000 12424.250617 12423.631699 12396.037474 12393.991084 12398.864704 12392.274259 12406.708240 12399.905815 12404.710841 12400.760903 12396.838289 12403.720775 12406.608992 12406.178191 12390.386310 12430.999378 12424.137055 0.000000 0.000000
0.000000 0.000000 13752.312444 13720.388426 13717.835074 13710.726925 13690.797762 13686.051777 13679.612027 13682.508331 13671.392194 13671.684183 13675.181102 13676.186433 13684.857942 13691.815740 13716.955909 13714.344270 13751.130622 0.000000 0.000000
0.000000 0.000000 14722.974086 14728.794006 14762.728531 14757.176255 14748.915171 14721.217838 14721.976371 14710.260033 14719.166170 14717.913075 14723.468070 14718.284428 14742.206368 14748.266124 14768.811427 14733.349207 14726.893401 0.000000 0.000000
0.000000 0.000000 0.000000 0.000000 0.000000 0.000000 0.000000 0.000000 0.000000 0.000000 0.000000 0.000000 0.000000 0.000000 0.000000 0.000000 0.000000 0.000000 0.000000 0.000000 0.000000
0.000000 0.000000 0.000000 0.000000 0.000000 0.000000 0.000000 0.000000 0.000000 0.000000 0.000000 0.000000 0.000000 0.000000 0.000000 0.000000 0.000000 0.000000 0.000000 0.000000 0.000000