geotop/1.0zi/1.0Montebello/Templates/testdem/maps/_Erotot5990.asc
ncols         21
nrows         20
xllcorner     100.000000
yllcorner     100.000000
cellsize      50.000000
NODATA_value  -9999.0
0.000000 0.000000 0.000000 0.000000 0.000000 0.000000 0.000000 0.000000 0.000000 0.000000 0.000000 0.000000 0.000000 0.000000 0.000000 0.000000 0.000000 0.000000 0.000000 0.000000 0.000000
0.000000 0.000000 463.858369 463.053839 462.864285 462.649383 462.609543 462.682311 462.626200 462.804335 462.707283 462.505181 462.443559 462.523252 462.664684 462.573265 462.774808 462.973028 463.399927 0.000000 0.000000
0.000000 0.000000 34.767216 35.442923 35.742313 36.913957 36.652018 36.435571 36.262900 36.041218 36.255259 36.615302 36.426015 36.169378 36.586516 36.359956 35.520251 34.684503 34.066376 0.000000 0.000000
0.000000 0.000000 191.939132 193.133274 185.551781 182.711055 184.085543 179.005225 178.601624 178.237869 177.507035 175.074986 177.545524 175.718151 179.042757 184.704802 184.612568 187.427574 191.589911 0.000000 0.000000
0.000000 0.000000 1885.910058 1890.218215 1893.822764 1874.894691 1859.336059 1848.509561 1851.101490 1848.158477 1851.674756 1855.866243 1852.694192 1850.968974 1861.692515 1862.376237 1870.270633 1878.195476 1880.098880 0.000000 0.000000
0.000000 0.000000 3357.034902 3351.480671 3348.939365 3344.153523 3335.965442 3328.340932 3326.576844 3326.690655 3325.548447 3323.388280 3320.768816 3322.980721 3323.261907 3338.737360 3343.766779 3347.030222 3349.034576 0.000000 0.000000
0.000000 0.000000 4435.401131 4432.711522 4429.436526 4424.921476 4411.813024 4394.904669 4394.966359 4391.419950 4393.155087 4395.914711 4397.815803 4399.057138 4419.297844 4429.038031 4434.062255 4435.684610 4441.140990 0.000000 0.000000
0.000000 0.000000 5109.046283 5110.348980 5108.963865 5102.438403 5101.690928 5094.538199 5095.081751 5095.462171 5094.184034 5091.760257 5091.527845 5095.146993 5095.380921 5098.153322 5106.642356 5104.996722 5108.287208 0.000000 0.000000
0.000000 0.000000 6026.308518 6023.562085 6018.988452 6019.743548 6012.924964 6002.316720 6002.766466 6000.118836 5997.623177 5998.808043 6000.054666 5994.946652 6008.326686 6016.624272 6018.960449 6019.920807 6021.588486 0.000000 0.000000
0.000000 0.000000 7088.007066 7085.555336 7087.240080 7086.380868 7071.423844 7064.257905 7065.668371 7064.756959 7062.670398 7065.776948 7068.785621 7067.237474 7070.657094 7081.218225 7085.302274 7085.604154 7086.570450 0.000000 0.000000
0.000000 0.000000 8233.427094 8233.557448 8233.209607 8218.694811 8215.867230 8204.935156 8208.494429 8199.368503 8201.779938 8200.805759 8196.115453 8203.537095 8208.146651 8209.840343 8216.718482 8222.750098 8230.292108 0.000000 0.000000
0.000000 0.000000 9432.973822 9428.305105 9422.868812 9420.905024 9416.748640 9401.716973 9400.704739 9399.824612 9406.503305 9399.368434 9401.468501 9401.042134 9416.863484 9420.432410 9422.105638 9422.721621 9442.468628 0.000000 0.000000
0.000000 0.000000 10648.756195 10646.775665 10647.416820 10639.727942 10635.452991 10608.029003 10606.789013 10606.462593 10591.884535 10600.965842 10604.976010 10607.023976 10623.843660 10628.007907 10642.315589 10641.778063 10648.838712 0.000000 0.000000
0.000000 0.000000 11983.145459 11984.470212 11977.056479 11975.745792 11947.221081 11955.724346 11945.084684 11946.555598 11947.810133 11947.298457 11945.799751 11942.424955 11932.318250 11963.094409 11968.769442 11979.658293 11986.983170 0.000000 0.000000
0.000000 0.000000 13426.856998 13421.754022 13418.115554 13392.780030 13392.645394 13376.743141 13363.678972 13362.063808 13356.966140 13350.617623 13353.960286 13352.170338 13367.466178 13371.254718 13413.905623 13404.904032 13405.235783 0.000000 0.000000
0.000000 0.000000 14912.819105 14912.073124 14874.213221 14874.073459 14879.081459 14871.555564 14889.277439 14881.556675 14887.760616 14883.147214 14877.653877 14886.666443 14890.321794 14889.794248 14868.192391 14921.726739 14914.921766 0.000000 0.000000
0.000000 0.000000 16605.427990 16559.163033 16557.159591 16546.885621 16520.370664 16513.263263 16504.512641 16507.827102 16493.327950 16493.764291 16499.261268 16498.683252 16510.985030 16523.036642 16556.015329 16548.645449 16600.622342 0.000000 0.000000
0.000000 0.000000 17766.483826 17781.684570 17830.065028 17823.162383 17808.938758 17769.676918 17770.973776 17756.421314 17769.112128 17767.019404 17772.734791 17768.355080 17802.617871 17814.604958 17838.460336 17788.839817 17773.865202 0.000000 0.000000
0.000000 0.000000 0.000000 0.000000 0.000000 0.000000 0.000000 0.000000 0.000000 0.000000 0.000000 0.000000 0.000000 0.000000 0.000000 0.000000 0.000000 0.000000 0.000000 0.000000 0.000000
0.000000 0.000000 0.000000 0.000000 0.000000 0.000000 0.000000 0.000000 0.000000 0.000000 0.000000 0.000000 0.000000 0.000000 0.000000 0.000000 0.000000 0.000000 0.000000 0.000000 0.000000