geotop/1.0zi/1.0Montebello/Templates/testdem/maps/_Erotot6015.asc
ncols         21
nrows         20
xllcorner     100.000000
yllcorner     100.000000
cellsize      50.000000
NODATA_value  -9999.0
0.000000 0.000000 0.000000 0.000000 0.000000 0.000000 0.000000 0.000000 0.000000 0.000000 0.000000 0.000000 0.000000 0.000000 0.000000 0.000000 0.000000 0.000000 0.000000 0.000000 0.000000
0.000000 0.000000 464.170195 463.366137 463.176952 462.961780 462.922180 462.995153 462.939038 463.117181 463.020111 462.817999 462.756400 462.836105 462.977344 462.885669 463.087504 463.285332 463.711777 0.000000 0.000000
0.000000 0.000000 34.792317 35.467787 35.766702 36.945223 36.683020 36.466919 36.294252 36.072553 36.286602 36.646655 36.457481 36.200708 36.617493 36.391218 35.544612 34.709361 34.091453 0.000000 0.000000
0.000000 0.000000 191.965874 193.160347 185.578744 182.731855 184.106741 179.026171 178.622525 178.259132 177.527428 175.095438 177.535660 175.739275 179.063881 184.725366 184.639823 187.454521 191.616467 0.000000 0.000000
0.000000 0.000000 1889.896104 1894.236102 1897.786495 1878.873175 1863.309938 1852.429683 1855.025633 1852.019413 1855.538004 1859.697388 1856.487145 1854.856938 1865.677328 1866.395319 1874.309129 1882.239463 1884.128577 0.000000 0.000000
0.000000 0.000000 3369.800823 3364.237326 3361.704046 3356.840209 3348.473048 3340.817421 3339.050857 3339.180968 3338.036755 3335.883454 3333.283068 3335.466791 3335.766322 3351.412969 3356.512134 3359.780385 3361.787812 0.000000 0.000000
0.000000 0.000000 4447.918267 4445.231297 4441.951864 4437.442385 4424.336163 4407.365213 4407.425946 4403.872262 4405.607847 4408.364004 4410.258992 4411.513732 4431.822618 4441.562154 4446.583399 4448.206031 4453.661649 0.000000 0.000000
0.000000 0.000000 5123.257798 5124.575990 5123.171848 5116.630668 5115.887835 5108.680059 5109.223232 5109.598160 5108.319508 5105.892906 5105.653928 5109.286616 5109.578127 5112.360669 5120.869013 5119.225092 5122.514532 0.000000 0.000000
0.000000 0.000000 6042.916657 6040.172420 6035.590099 6036.335220 6029.480729 6018.851738 6019.301829 6016.646512 6014.149830 6015.332185 6016.572905 6011.476723 6024.881876 6033.218868 6035.569814 6036.532347 6038.199194 0.000000 0.000000
0.000000 0.000000 7107.386238 7104.936777 7106.614964 7105.742867 7090.750657 7083.546485 7084.957217 7084.038726 7081.950924 7085.055788 7088.059425 7086.524325 7089.985032 7100.582128 7104.684589 7104.988181 7105.952961 0.000000 0.000000
0.000000 0.000000 8255.916287 8256.050430 8255.695146 8241.158551 8238.303924 8227.329542 8230.891188 8221.751292 8224.164651 8223.186260 8218.485908 8225.926972 8230.578249 8232.302216 8239.200100 8245.238148 8252.782470 0.000000 0.000000
0.000000 0.000000 9458.932223 9454.263153 9448.812969 9446.835430 9442.648158 9427.574784 9426.559647 9425.673467 9432.357974 9425.212834 9427.309034 9426.895254 9442.766734 9446.370248 9448.061045 9448.677910 9468.440328 0.000000 0.000000
0.000000 0.000000 10678.433780 10676.456053 10677.092035 10669.382881 10665.075984 10637.535625 10636.294110 10635.959732 10621.361266 10630.453068 10634.459760 10636.526110 10653.451220 10657.651343 10671.993581 10671.457705 10678.515186 0.000000 0.000000
0.000000 0.000000 12017.168058 12018.497514 12011.066315 12009.740717 11981.073596 11989.586125 11978.928325 11980.395252 11981.657099 11981.136916 11979.626744 11976.260473 11966.155028 11997.081285 12002.778493 12013.687887 12021.017199 0.000000 0.000000
0.000000 0.000000 13465.922464 13460.820369 13457.160941 13431.669272 13431.528928 13415.557423 13402.472395 13400.843336 13395.732366 13389.367625 13392.713277 13390.935534 13406.302025 13410.114215 13452.956741 13443.927800 13444.251196 0.000000 0.000000
0.000000 0.000000 14957.416215 14956.672833 14918.605383 14918.504962 14923.494938 14915.946382 14933.733367 14925.990202 14932.224647 14927.600041 14922.069896 14931.137983 14934.817559 14934.303819 14912.590515 14966.399067 14959.579067 0.000000 0.000000
0.000000 0.000000 16656.917344 16610.347160 16608.369959 16598.026408 16571.369530 16564.216296 16555.413844 16558.732720 16544.168339 16544.610105 16550.136994 16549.538572 16561.914558 16574.080166 16607.238847 16599.760110 16652.051238 0.000000 0.000000
0.000000 0.000000 17820.803223 17836.216208 17884.899289 17877.984826 17863.748952 17824.267603 17825.580517 17810.964780 17823.743417 17821.637406 17827.338887 17822.994039 17857.451681 17869.455388 17893.359698 17843.453619 17828.277699 0.000000 0.000000
0.000000 0.000000 0.000000 0.000000 0.000000 0.000000 0.000000 0.000000 0.000000 0.000000 0.000000 0.000000 0.000000 0.000000 0.000000 0.000000 0.000000 0.000000 0.000000 0.000000 0.000000
0.000000 0.000000 0.000000 0.000000 0.000000 0.000000 0.000000 0.000000 0.000000 0.000000 0.000000 0.000000 0.000000 0.000000 0.000000 0.000000 0.000000 0.000000 0.000000 0.000000 0.000000