geotop/1.0zi/1.0Montebello/Templates/testdem/maps/_Erotot2545.asc
ncols         21
nrows         20
xllcorner     100.000000
yllcorner     100.000000
cellsize      50.000000
NODATA_value  -9999.0
0.000000 0.000000 0.000000 0.000000 0.000000 0.000000 0.000000 0.000000 0.000000 0.000000 0.000000 0.000000 0.000000 0.000000 0.000000 0.000000 0.000000 0.000000 0.000000 0.000000 0.000000
0.000000 0.000000 240.078374 240.080772 240.085926 240.203567 240.071795 240.076304 240.052692 240.091532 240.094016 240.091532 240.052692 240.076304 240.071795 240.203567 240.085926 240.080772 240.078374 0.000000 0.000000
0.000000 0.000000 13.739808 13.518436 11.766251 13.489015 13.781986 13.768016 13.799592 13.767285 13.763871 13.767285 13.799592 13.768016 13.781986 13.489015 11.766251 13.518436 13.739808 0.000000 0.000000
0.000000 0.000000 1739.801929 1739.481113 1739.816889 1737.948033 1739.954119 1739.394174 1739.391272 1740.215877 1740.364222 1740.215877 1739.391272 1739.394174 1739.954119 1737.948033 1739.816889 1739.481113 1739.801929 0.000000 0.000000
0.000000 0.000000 3592.144260 3591.972877 3591.310941 3591.901905 3592.446817 3592.307973 3592.270010 3592.420423 3592.384089 3592.420423 3592.270010 3592.307973 3592.446817 3591.901905 3591.310941 3591.972877 3592.144260 0.000000 0.000000
0.000000 0.000000 4651.066758 4650.860954 4650.298822 4650.451156 4651.263464 4650.969403 4650.988681 4651.332848 4651.421973 4651.332848 4650.988681 4650.969403 4651.263464 4650.451156 4650.298822 4650.860954 4651.066758 0.000000 0.000000
0.000000 0.000000 6069.622454 6069.451305 6068.936831 6069.078802 6069.772865 6069.518489 6069.543238 6069.849097 6069.947502 6069.849097 6069.543238 6069.518489 6069.772865 6069.078802 6068.936831 6069.451305 6069.622454 0.000000 0.000000
0.000000 0.000000 7408.961423 7408.817774 7408.338852 7408.483348 7409.080238 7408.861526 7408.883726 7409.157683 7409.252024 7409.157683 7408.883726 7408.861526 7409.080238 7408.483348 7408.338852 7408.817774 7408.961423 0.000000 0.000000
0.000000 0.000000 8658.349809 8658.218459 8657.763669 8657.907774 8658.456485 8658.254864 8658.275671 8658.533158 8658.623452 8658.533158 8658.275671 8658.254864 8658.456485 8657.907774 8657.763669 8658.218459 8658.349809 0.000000 0.000000
0.000000 0.000000 9836.429614 9836.326895 9835.883084 9836.065588 9836.523474 9836.343268 9836.368671 9836.602890 9836.688544 9836.602890 9836.368671 9836.343268 9836.523474 9836.065588 9835.883084 9836.326895 9836.429614 0.000000 0.000000
0.000000 0.000000 10948.294135 10948.184748 10947.760963 10947.919067 10948.387140 10948.207737 10948.229012 10948.459822 10948.540527 10948.459822 10948.229012 10948.207737 10948.387140 10947.919067 10947.760963 10948.184748 10948.294134 0.000000 0.000000
0.000000 0.000000 12009.548210 12009.438584 12009.030932 12009.183017 12009.636265 12009.464376 12009.484404 12009.707471 12009.786553 12009.707471 12009.484404 12009.464376 12009.636265 12009.183017 12009.030932 12009.438584 12009.548210 0.000000 0.000000
0.000000 0.000000 13029.244827 13029.140204 13028.739212 13028.892728 13029.326163 13029.158834 13029.178953 13029.396037 13029.471865 13029.396037 13029.178953 13029.158834 13029.326163 13028.892728 13028.739212 13029.140204 13029.244827 0.000000 0.000000
0.000000 0.000000 14012.643922 14012.547135 14012.155512 14012.327316 14012.723033 14012.562471 14012.584160 14012.792866 14012.866587 14012.792866 14012.584160 14012.562471 14012.723033 14012.327316 14012.155512 14012.547135 14012.643922 0.000000 0.000000
0.000000 0.000000 14964.079747 14963.981129 14963.593443 14963.754037 14964.154765 14963.995652 14964.015932 14964.222756 14964.294368 14964.222756 14964.015932 14963.995652 14964.154765 14963.754037 14963.593443 14963.981129 14964.079747 0.000000 0.000000
0.000000 0.000000 15884.308516 15884.212121 15883.835647 15883.989406 15884.377705 15884.223385 15884.243490 15884.444825 15884.514712 15884.444825 15884.243490 15884.223385 15884.377705 15883.989406 15883.835647 15884.212121 15884.308511 0.000000 0.000000
0.000000 0.000000 16776.489011 16776.394226 16776.020100 16776.176928 16776.556121 16776.403835 16776.423393 16776.619971 16776.687710 16776.619971 16776.423393 16776.403835 16776.556121 16776.176928 16776.020100 16776.394205 16776.488588 0.000000 0.000000
0.000000 0.000000 17679.329890 17679.636920 17679.269527 17679.422097 17679.796520 17679.647511 17679.665117 17679.858226 17679.923297 17679.858226 17679.665117 17679.647511 17679.796520 17679.422097 17679.269508 17679.633393 17679.724849 0.000000 0.000000
0.000000 0.000000 0.000000 0.000000 0.000000 0.000000 0.000000 0.000000 0.000000 0.000000 0.000000 0.000000 0.000000 0.000000 0.000000 0.000000 0.000000 0.000000 0.000000 0.000000 0.000000
0.000000 0.000000 0.000000 0.000000 0.000000 0.000000 0.000000 0.000000 0.000000 0.000000 0.000000 0.000000 0.000000 0.000000 0.000000 0.000000 0.000000 0.000000 0.000000 0.000000 0.000000