geotop/1.0zi/1.0Montebello/Templates/testdem/maps/_Erotot8442.asc
ncols         21
nrows         20
xllcorner     100.000000
yllcorner     100.000000
cellsize      50.000000
NODATA_value  -9999.0
0.000000 0.000000 0.000000 0.000000 0.000000 0.000000 0.000000 0.000000 0.000000 0.000000 0.000000 0.000000 0.000000 0.000000 0.000000 0.000000 0.000000 0.000000 0.000000 0.000000 0.000000
0.000000 0.000000 681.211710 682.028622 681.471551 681.559948 680.551980 680.712936 680.686328 680.765171 681.187967 680.518127 680.399691 680.452111 680.817102 680.972629 681.811948 682.360346 682.575863 0.000000 0.000000
0.000000 0.000000 52.737632 51.734511 51.985095 52.062383 52.689678 52.369309 52.086373 51.940456 52.120869 52.475845 52.543288 52.643719 52.452076 51.940513 50.665633 49.812450 50.335913 0.000000 0.000000
0.000000 0.000000 354.838198 355.985111 343.628717 338.367913 338.928665 327.608058 327.691607 328.521872 324.885243 323.080135 325.255510 325.441756 335.653418 342.737594 347.335404 350.233699 355.463064 0.000000 0.000000
0.000000 0.000000 3393.173500 3393.668674 3398.598921 3374.277477 3354.473607 3342.592423 3340.490760 3336.305647 3343.163012 3348.551998 3344.004826 3342.544051 3358.710579 3362.208738 3374.522807 3385.106153 3384.801417 0.000000 0.000000
0.000000 0.000000 5464.064764 5459.558171 5454.136352 5448.794200 5432.363494 5422.538771 5424.542344 5422.687993 5419.504319 5413.927820 5412.957184 5416.166897 5415.736887 5436.980459 5443.388413 5448.944810 5451.926109 0.000000 0.000000
0.000000 0.000000 6783.095399 6778.379062 6775.867787 6768.100528 6753.764028 6728.728303 6728.024100 6725.406673 6725.543517 6730.212380 6731.086588 6731.706767 6760.826790 6770.522802 6776.222524 6779.445069 6784.593052 0.000000 0.000000
0.000000 0.000000 8010.536273 8010.683476 8007.336116 7996.245921 7993.979100 7984.867938 7985.031439 7982.833390 7983.088496 7978.987522 7977.738983 7984.618969 7986.568065 7991.596704 8005.144035 8003.055761 8008.687058 0.000000 0.000000
0.000000 0.000000 9618.429285 9613.258444 9607.271853 9606.620868 9593.314660 9576.872286 9578.744320 9575.140240 9572.410834 9572.066811 9574.561560 9568.517921 9588.601181 9603.045347 9604.903085 9609.202656 9610.991874 0.000000 0.000000
0.000000 0.000000 11460.942244 11456.775517 11456.951605 11452.824985 11431.078220 11420.504981 11419.394021 11419.264921 11415.298877 11419.595857 11422.176194 11421.867524 11429.147333 11445.171089 11452.924598 11455.629976 11456.153993 0.000000 0.000000
0.000000 0.000000 13490.827340 13490.648100 13488.875477 13464.559174 13459.541458 13440.040588 13448.158893 13432.088653 13438.176632 13434.840574 13427.555183 13437.794924 13449.777694 13452.117757 13466.539603 13473.286563 13485.337265 0.000000 0.000000
0.000000 0.000000 15707.343530 15697.281935 15688.741972 15686.985520 15673.096970 15653.450303 15647.195390 15650.211361 15656.309354 15644.681400 15650.452352 15649.173342 15673.321457 15684.627423 15686.615272 15692.214517 15715.770019 0.000000 0.000000
0.000000 0.000000 18032.771511 18026.523076 18030.046154 18011.266589 18005.137858 17948.308561 17945.972430 17945.876462 17920.750453 17936.720619 17938.771905 17945.104817 17985.638617 17992.232838 18019.521425 18017.950798 18026.493099 0.000000 0.000000
0.000000 0.000000 20729.861411 20733.313593 20717.824431 20712.550305 20643.086927 20668.455921 20651.596344 20652.274953 20661.652172 20653.075759 20652.009815 20643.558267 20617.722357 20695.066589 20699.525496 20723.939243 20734.481229 0.000000 0.000000
0.000000 0.000000 23772.504697 23762.496953 23751.197681 23672.695023 23694.821016 23654.192961 23631.861049 23629.013401 23612.770680 23602.064614 23609.135769 23609.184108 23653.287099 23632.977317 23747.057022 23722.199175 23718.307908 0.000000 0.000000
0.000000 0.000000 26916.486067 26912.376934 26800.444955 26843.473667 26840.793436 26833.547669 26886.793722 26869.062033 26895.446732 26886.561514 26867.073882 26896.115516 26893.800568 26897.379639 26788.391957 26960.301174 26951.354007 0.000000 0.000000
0.000000 0.000000 30605.245269 30442.334488 30499.698421 30439.162334 30355.145193 30334.783973 30282.953608 30297.893648 30243.499949 30250.283270 30279.138780 30251.636243 30293.621290 30348.240542 30495.417209 30379.229497 30552.835840 0.000000 0.000000
0.000000 0.000000 31713.096367 31881.649857 32020.037110 32026.197165 32039.765703 31917.218281 31942.192641 31900.704996 31968.416679 31956.156135 31948.014092 31964.720181 32063.771936 32055.286865 32045.670707 31940.168999 31772.826819 0.000000 0.000000
0.000000 0.000000 0.000000 0.000000 0.000000 0.000000 0.000000 0.000000 0.000000 0.000000 0.000000 0.000000 0.000000 0.000000 0.000000 0.000000 0.000000 0.000000 0.000000 0.000000 0.000000
0.000000 0.000000 0.000000 0.000000 0.000000 0.000000 0.000000 0.000000 0.000000 0.000000 0.000000 0.000000 0.000000 0.000000 0.000000 0.000000 0.000000 0.000000 0.000000 0.000000 0.000000