geotop/1.0zi/1.0Montebello/Templates/testdem/maps/_Erotot2398.asc
ncols         21
nrows         20
xllcorner     100.000000
yllcorner     100.000000
cellsize      50.000000
NODATA_value  -9999.0
0.000000 0.000000 0.000000 0.000000 0.000000 0.000000 0.000000 0.000000 0.000000 0.000000 0.000000 0.000000 0.000000 0.000000 0.000000 0.000000 0.000000 0.000000 0.000000 0.000000 0.000000
0.000000 0.000000 223.824955 223.826949 223.833600 223.948321 223.817386 223.822333 223.800372 223.836349 223.825964 223.836349 223.800372 223.822333 223.817386 223.948321 223.833600 223.826949 223.824955 0.000000 0.000000
0.000000 0.000000 13.652984 13.431950 11.678494 13.403519 13.695761 13.681493 13.711578 13.681042 13.688264 13.681042 13.711578 13.681493 13.695761 13.403519 11.678494 13.431950 13.652984 0.000000 0.000000
0.000000 0.000000 1632.003616 1631.682625 1632.018771 1630.148331 1632.155008 1631.595551 1631.593366 1632.414567 1632.552409 1632.414567 1631.593366 1631.595551 1632.155008 1630.148331 1632.018771 1631.682625 1632.003616 0.000000 0.000000
0.000000 0.000000 3379.976172 3379.804167 3379.141140 3379.731621 3380.278930 3380.139452 3380.101699 3380.252122 3380.214197 3380.252122 3380.101699 3380.139452 3380.278930 3379.731621 3379.141140 3379.804167 3379.976172 0.000000 0.000000
0.000000 0.000000 4380.868614 4380.661921 4380.098355 4380.249717 4381.065314 4380.770458 4380.790098 4381.133122 4381.217378 4381.133122 4380.790098 4380.770458 4381.065314 4380.249717 4380.098355 4380.661921 4380.868614 0.000000 0.000000
0.000000 0.000000 5725.559100 5725.387086 5724.870418 5725.012079 5725.709363 5725.454189 5725.479421 5725.784289 5725.877959 5725.784289 5725.479421 5725.454189 5725.709363 5725.012079 5724.870418 5725.387086 5725.559100 0.000000 0.000000
0.000000 0.000000 6997.397982 6997.253457 6996.771720 6996.916338 6997.516736 6997.297084 6997.319721 6997.593174 6997.683378 6997.593174 6997.319721 6997.297084 6997.516736 6996.916338 6996.771720 6997.253457 6997.397982 0.000000 0.000000
0.000000 0.000000 8187.017641 8186.885196 8186.426998 8186.571482 8187.124402 8186.921582 8186.942833 8187.200270 8187.286711 8187.200270 8186.942833 8186.921582 8187.124402 8186.571482 8186.426998 8186.885196 8187.017641 0.000000 0.000000
0.000000 0.000000 9309.611857 9309.508061 9309.060194 9309.243639 9309.705878 9309.524302 9309.550209 9309.784706 9309.866844 9309.784706 9309.550209 9309.524302 9309.705878 9309.243639 9309.060194 9309.508061 9309.611857 0.000000 0.000000
0.000000 0.000000 10371.948040 10371.837412 10371.408998 10371.568351 10372.041402 10371.860328 10371.882119 10372.113647 10372.191194 10372.113647 10371.882119 10371.860328 10372.041402 10371.568351 10371.408998 10371.837412 10371.948040 0.000000 0.000000
0.000000 0.000000 11387.771406 11387.660328 11387.247521 11387.401036 11387.859944 11387.686142 11387.706695 11387.930862 11388.007027 11387.930862 11387.706695 11387.686142 11387.859944 11387.401036 11387.247521 11387.660328 11387.771406 0.000000 0.000000
0.000000 0.000000 12365.767065 12365.660739 12365.254087 12365.409290 12365.848938 12365.679468 12365.700126 12365.918690 12365.991950 12365.918690 12365.700126 12365.679468 12365.848938 12365.409290 12365.254087 12365.660739 12365.767065 0.000000 0.000000
0.000000 0.000000 13311.407039 13311.308460 13310.910585 13311.084580 13311.486704 13311.323809 13311.346084 13311.556578 13311.627964 13311.556578 13311.346084 13311.323809 13311.486704 13311.084580 13310.910585 13311.308460 13311.407039 0.000000 0.000000
0.000000 0.000000 14228.001851 14227.901395 14227.506737 14227.669787 14228.077423 14227.915743 14227.936655 14228.145658 14228.215095 14228.145658 14227.936655 14227.915743 14228.077423 14227.669787 14227.506737 14227.901395 14228.001851 0.000000 0.000000
0.000000 0.000000 15115.551655 15115.453330 15115.069591 15115.225944 15115.621559 15115.464514 15115.485254 15115.688991 15115.756912 15115.688991 15115.485254 15115.464514 15115.621559 15115.225944 15115.069591 15115.453330 15115.551650 0.000000 0.000000
0.000000 0.000000 15977.297107 15977.200251 15976.818188 15976.977790 15977.364974 15977.209639 15977.229827 15977.429138 15977.494997 15977.429138 15977.229827 15977.209639 15977.364974 15976.977790 15976.818188 15977.200230 15977.296658 0.000000 0.000000
0.000000 0.000000 16849.935165 16850.221342 16849.845642 16850.001065 16850.384259 16850.231907 16850.250154 16850.446372 16850.509670 16850.446372 16850.250154 16850.231907 16850.384259 16850.001065 16849.845623 16850.217827 16850.311488 0.000000 0.000000
0.000000 0.000000 0.000000 0.000000 0.000000 0.000000 0.000000 0.000000 0.000000 0.000000 0.000000 0.000000 0.000000 0.000000 0.000000 0.000000 0.000000 0.000000 0.000000 0.000000 0.000000
0.000000 0.000000 0.000000 0.000000 0.000000 0.000000 0.000000 0.000000 0.000000 0.000000 0.000000 0.000000 0.000000 0.000000 0.000000 0.000000 0.000000 0.000000 0.000000 0.000000 0.000000