geotop/1.0zi/1.0Montebello/Templates/testdem/maps/_Erotot2116.asc
ncols         21
nrows         20
xllcorner     100.000000
yllcorner     100.000000
cellsize      50.000000
NODATA_value  -9999.0
0.000000 0.000000 0.000000 0.000000 0.000000 0.000000 0.000000 0.000000 0.000000 0.000000 0.000000 0.000000 0.000000 0.000000 0.000000 0.000000 0.000000 0.000000 0.000000 0.000000 0.000000
0.000000 0.000000 208.160971 208.163617 208.202075 208.224261 208.145387 208.165052 208.168322 208.153718 208.156998 208.153718 208.168322 208.165052 208.145387 208.224261 208.202075 208.163617 208.160971 0.000000 0.000000
0.000000 0.000000 12.210507 11.988931 10.206269 12.016170 12.260483 12.232913 12.239825 12.255865 12.250405 12.255865 12.239825 12.232913 12.260483 12.016170 10.206269 11.988931 12.210507 0.000000 0.000000
0.000000 0.000000 1425.637656 1425.336700 1425.647462 1423.782336 1425.793115 1425.250184 1425.248982 1426.016415 1426.104999 1426.016415 1425.248982 1425.250184 1425.793115 1423.782336 1425.647462 1425.336700 1425.637656 0.000000 0.000000
0.000000 0.000000 2956.998631 2956.824447 2956.164332 2956.745203 2957.298475 2957.158258 2957.122324 2957.270681 2957.217362 2957.270681 2957.122324 2957.158258 2957.298475 2956.745203 2956.164332 2956.824447 2956.998631 0.000000 0.000000
0.000000 0.000000 3833.603777 3833.412791 3832.826648 3832.983285 3833.806165 3833.522173 3833.544743 3833.870175 3833.923632 3833.870175 3833.544743 3833.522173 3833.806165 3832.983285 3832.826648 3833.412791 3833.603777 0.000000 0.000000
0.000000 0.000000 5017.987140 5017.833251 5017.290038 5017.439942 5018.143950 5017.900924 5017.929603 5018.216738 5018.280973 5018.216738 5017.929603 5017.900924 5018.143950 5017.439942 5017.290038 5017.833251 5017.987140 0.000000 0.000000
0.000000 0.000000 6142.544108 6142.418718 6141.908247 6142.062748 6142.670065 6142.462751 6142.488838 6142.745680 6142.807984 6142.745680 6142.488838 6142.462751 6142.670065 6142.062748 6141.908247 6142.418718 6142.544108 0.000000 0.000000
0.000000 0.000000 7200.251706 7200.138611 7199.649852 7199.805444 7200.366422 7200.175638 7200.200423 7200.442977 7200.503027 7200.442977 7200.200423 7200.175638 7200.366422 7199.805444 7199.649852 7200.138611 7200.251706 0.000000 0.000000
0.000000 0.000000 8203.515929 8203.432005 8202.951889 8203.147937 8203.618318 8203.448663 8203.478339 8203.699232 8203.756292 8203.699232 8203.478339 8203.448663 8203.618318 8203.147937 8202.951889 8203.432005 8203.515929 0.000000 0.000000
0.000000 0.000000 9157.780139 9157.689324 9157.227189 9157.400201 9157.882488 9157.712741 9157.738330 9157.957825 9158.011846 9157.957825 9157.738330 9157.712741 9157.882488 9157.400201 9157.227189 9157.689324 9157.780139 0.000000 0.000000
0.000000 0.000000 10072.934758 10072.843240 10072.395506 10072.563199 10073.032643 10072.869740 10072.894137 10073.107449 10073.160609 10073.107449 10072.894137 10072.869740 10073.032643 10072.563199 10072.395506 10072.843240 10072.934758 0.000000 0.000000
0.000000 0.000000 10958.397434 10958.310225 10957.867589 10958.037475 10958.488775 10958.329789 10958.354368 10958.563111 10958.614192 10958.563111 10958.354368 10958.329789 10958.488775 10958.037475 10957.867589 10958.310225 10958.397434 0.000000 0.000000
0.000000 0.000000 11817.101336 11817.021643 11816.586671 11816.776405 11817.190496 11817.037585 11817.063873 11817.265410 11817.314850 11817.265410 11817.063873 11817.037585 11817.190496 11816.776405 11816.586671 11817.021643 11817.101336 0.000000 0.000000
0.000000 0.000000 12651.643352 12651.561666 12651.128384 12651.307715 12651.728413 12651.576175 12651.601220 12651.802414 12651.850442 12651.802414 12651.601220 12651.576175 12651.728413 12651.307715 12651.128384 12651.561666 12651.643352 0.000000 0.000000
0.000000 0.000000 13463.849084 13463.769218 13463.346413 13463.519292 13463.928863 13463.780858 13463.805752 13464.002464 13464.049780 13464.002464 13463.805752 13463.780858 13463.928863 13463.519292 13463.346413 13463.769218 13463.849079 0.000000 0.000000
0.000000 0.000000 14254.475046 14254.396224 14253.973697 14254.150189 14254.552851 14254.405688 14254.429997 14254.623366 14254.669052 14254.623366 14254.429997 14254.405688 14254.552851 14254.150189 14253.973696 14254.396203 14254.474568 0.000000 0.000000
0.000000 0.000000 15057.453401 15057.718870 15057.303791 15057.475348 15057.875935 15057.730019 15057.752146 15057.943336 15057.987740 15057.943336 15057.752146 15057.730019 15057.875935 15057.475348 15057.303772 15057.715398 15057.793085 0.000000 0.000000
0.000000 0.000000 0.000000 0.000000 0.000000 0.000000 0.000000 0.000000 0.000000 0.000000 0.000000 0.000000 0.000000 0.000000 0.000000 0.000000 0.000000 0.000000 0.000000 0.000000 0.000000
0.000000 0.000000 0.000000 0.000000 0.000000 0.000000 0.000000 0.000000 0.000000 0.000000 0.000000 0.000000 0.000000 0.000000 0.000000 0.000000 0.000000 0.000000 0.000000 0.000000 0.000000