geotop/1.0zi/1.0Montebello/Templates/testdem/maps/_Erotot7778.asc
ncols         21
nrows         20
xllcorner     100.000000
yllcorner     100.000000
cellsize      50.000000
NODATA_value  -9999.0
0.000000 0.000000 0.000000 0.000000 0.000000 0.000000 0.000000 0.000000 0.000000 0.000000 0.000000 0.000000 0.000000 0.000000 0.000000 0.000000 0.000000 0.000000 0.000000 0.000000 0.000000
0.000000 0.000000 654.308894 655.124460 654.593524 654.717624 653.725694 653.902192 653.889310 653.952842 654.385027 653.710334 653.588727 653.640958 653.997855 654.134131 654.950636 655.479041 655.676265 0.000000 0.000000
0.000000 0.000000 50.984920 50.003128 49.935749 50.337143 50.972762 50.654502 50.358651 50.229818 50.463778 50.807087 50.831270 50.984367 50.741268 50.224535 48.938861 48.065047 48.588273 0.000000 0.000000
0.000000 0.000000 353.895441 355.071956 342.998549 337.345730 337.890545 326.570281 326.699709 327.497354 323.834355 322.086146 324.224473 324.367064 334.617113 341.680421 346.307420 349.245366 354.119182 0.000000 0.000000
0.000000 0.000000 3096.306573 3097.936269 3101.272964 3078.506510 3059.453197 3049.222355 3048.629177 3043.871941 3050.797932 3056.094026 3051.585413 3050.198594 3064.895387 3067.993689 3077.956770 3086.718251 3086.511634 0.000000 0.000000
0.000000 0.000000 4972.495537 4967.239365 4963.619086 4957.645952 4942.825974 4932.985775 4933.880312 4932.805712 4929.441734 4923.745088 4922.724109 4925.961401 4925.285971 4944.956974 4952.872534 4959.770907 4962.810630 0.000000 0.000000
0.000000 0.000000 6256.511932 6253.397264 6249.033900 6242.150930 6228.457162 6207.001123 6205.986714 6202.172409 6203.598459 6207.371539 6208.867358 6209.363267 6236.754220 6246.638472 6252.115922 6254.888690 6260.110869 0.000000 0.000000
0.000000 0.000000 7337.180109 7337.343547 7334.454434 7324.530773 7322.182306 7312.973423 7313.201238 7313.004326 7312.044868 7308.140767 7307.457887 7313.671503 7315.380086 7320.115640 7332.445607 7331.036733 7335.975215 0.000000 0.000000
0.000000 0.000000 8762.415589 8757.799871 8751.644255 8751.210232 8740.276266 8725.094023 8726.393842 8721.820834 8719.781572 8719.551167 8721.997655 8716.251556 8734.780077 8748.527945 8750.278975 8753.984169 8755.341412 0.000000 0.000000
0.000000 0.000000 10393.910162 10390.355657 10390.696730 10386.325681 10366.160842 10356.638226 10356.275301 10356.000012 10352.586740 10356.076950 10359.174870 10358.481541 10365.193882 10379.415696 10386.922057 10388.926318 10389.995110 0.000000 0.000000
0.000000 0.000000 12177.529331 12176.578518 12173.807751 12153.527618 12147.798872 12132.222156 12137.975648 12124.690079 12128.792390 12127.050001 12120.157932 12130.062037 12139.368286 12142.147314 12154.554858 12161.594453 12172.198078 0.000000 0.000000
0.000000 0.000000 14106.925381 14098.856352 14090.931182 14087.347528 14077.197201 14057.482630 14053.903773 14054.477116 14061.750614 14050.824977 14054.938303 14054.842151 14077.076839 14085.514018 14088.305895 14092.362915 14115.408919 0.000000 0.000000
0.000000 0.000000 16108.990279 16104.033263 16104.508753 16090.556844 16083.694112 16036.012578 16034.371506 16033.382717 16012.305775 16024.533814 16028.775087 16033.503013 16066.693520 16073.728857 16096.661825 16096.371913 16104.014023 0.000000 0.000000
0.000000 0.000000 18397.412171 18399.686366 18386.360617 18381.493552 18324.796251 18344.207089 18328.738432 18329.868966 18336.162065 18331.509479 18329.401673 18324.685684 18304.191968 18365.545670 18371.996509 18391.921525 18401.432374 0.000000 0.000000
0.000000 0.000000 20958.347957 20949.840598 20941.042408 20878.756227 20891.646035 20860.495640 20841.390234 20838.195711 20826.702897 20816.345325 20822.404469 20821.148282 20856.341580 20846.491771 20936.299154 20918.440594 20916.054970 0.000000 0.000000
0.000000 0.000000 23632.803708 23629.460401 23539.809623 23565.610417 23566.888560 23557.359147 23598.317551 23583.598011 23602.447208 23594.225860 23580.202707 23603.599137 23605.057039 23605.986461 23531.005780 23662.363529 23653.996101 0.000000 0.000000
0.000000 0.000000 26830.359921 26699.433934 26731.187497 26688.263936 26619.430578 26605.317788 26569.375443 26579.923821 26538.914327 26542.911271 26563.976283 26546.616381 26577.948720 26620.799421 26728.179436 26655.594868 26794.717384 0.000000 0.000000
0.000000 0.000000 28137.935616 28260.510965 28383.553480 28383.831319 28385.272015 28279.380111 28295.104821 28260.114398 28311.697155 28302.102709 28299.683188 28309.704103 28397.885840 28397.941687 28405.862853 28302.821538 28181.477598 0.000000 0.000000
0.000000 0.000000 0.000000 0.000000 0.000000 0.000000 0.000000 0.000000 0.000000 0.000000 0.000000 0.000000 0.000000 0.000000 0.000000 0.000000 0.000000 0.000000 0.000000 0.000000 0.000000
0.000000 0.000000 0.000000 0.000000 0.000000 0.000000 0.000000 0.000000 0.000000 0.000000 0.000000 0.000000 0.000000 0.000000 0.000000 0.000000 0.000000 0.000000 0.000000 0.000000 0.000000