geotop/1.0zi/1.0Montebello/Templates/testdem/maps/_Erotot7377.asc
ncols         21
nrows         20
xllcorner     100.000000
yllcorner     100.000000
cellsize      50.000000
NODATA_value  -9999.0
0.000000 0.000000 0.000000 0.000000 0.000000 0.000000 0.000000 0.000000 0.000000 0.000000 0.000000 0.000000 0.000000 0.000000 0.000000 0.000000 0.000000 0.000000 0.000000 0.000000 0.000000
0.000000 0.000000 630.226783 631.184434 630.596653 630.771529 629.909367 630.121540 630.068230 630.172990 630.596454 629.927814 629.812444 629.853502 630.188212 630.219802 631.005829 631.578787 631.637327 0.000000 0.000000
0.000000 0.000000 49.252779 48.029039 48.169301 48.545509 48.960518 48.636141 48.370576 48.209071 48.451016 48.787366 48.807899 48.972664 48.720936 48.395166 46.986306 46.047963 46.799259 0.000000 0.000000
0.000000 0.000000 329.405824 330.757164 318.884446 313.342809 314.171250 302.956721 303.053942 303.919951 300.256166 298.438988 300.648482 300.786690 311.017346 317.752008 322.309345 325.019884 329.875905 0.000000 0.000000
0.000000 0.000000 2869.174619 2872.312558 2876.082580 2854.788083 2836.388772 2827.115171 2826.635198 2823.039346 2829.157363 2834.901727 2829.803937 2828.135723 2842.086760 2845.055683 2853.997796 2862.190306 2861.826470 0.000000 0.000000
0.000000 0.000000 4610.427491 4604.749091 4601.235972 4595.318841 4581.285956 4571.906674 4572.595061 4571.439668 4568.188966 4562.478448 4561.610089 4564.895001 4563.822931 4582.691104 4590.773089 4597.698470 4600.700808 0.000000 0.000000
0.000000 0.000000 5868.616852 5865.676496 5861.458885 5854.984526 5841.610738 5821.140662 5820.137735 5816.511383 5817.839030 5821.670930 5823.074937 5823.627675 5850.065248 5859.719265 5864.998852 5867.579495 5872.769651 0.000000 0.000000
0.000000 0.000000 6850.041436 6850.542605 6847.888559 6838.657777 6836.772461 6828.187707 6828.467896 6828.522406 6827.404950 6823.651899 6822.899086 6828.949595 6830.158642 6834.493616 6846.398872 6844.796035 6849.616328 0.000000 0.000000
0.000000 0.000000 8153.805216 8149.680018 8143.859269 8143.979553 8133.704528 8119.445329 8120.659790 8116.499030 8114.252013 8114.146933 8116.446496 8110.756096 8128.442290 8141.665642 8143.093638 8146.473225 8147.792309 0.000000 0.000000
0.000000 0.000000 9647.838606 9644.703554 9645.326049 9641.735227 9622.540969 9613.786411 9613.588573 9613.443186 9610.051777 9613.431425 9616.438744 9615.694000 9621.734501 9635.221703 9642.307749 9643.995486 9645.036806 0.000000 0.000000
0.000000 0.000000 11276.110242 11275.494646 11273.140014 11254.295617 11249.000931 11234.722418 11240.195015 11227.765359 11231.425871 11229.879266 11223.223397 11232.677873 11241.116587 11243.585599 11255.295334 11261.869419 11272.068891 0.000000 0.000000
0.000000 0.000000 13024.753155 13017.553806 13010.388847 13007.377721 12998.367319 12979.924525 12976.827301 12977.353159 12984.198629 12973.887579 12977.583252 12977.609960 12998.261236 13005.868134 13008.356532 13012.032551 13034.091549 0.000000 0.000000
0.000000 0.000000 14826.345650 14822.111890 14822.640723 14810.324047 14804.102601 14761.597494 14760.005718 14759.392695 14739.659307 14750.838390 14754.942993 14759.203458 14788.585480 14794.924572 14816.134553 14815.641897 14823.478720 0.000000 0.000000
0.000000 0.000000 16866.397037 16868.846286 16856.957330 16852.980028 16803.710841 16819.760010 16805.754794 16807.006833 16811.756396 16808.077230 16806.203358 16802.037854 16784.308568 16838.032292 16844.364888 16862.242158 16871.157218 0.000000 0.000000
0.000000 0.000000 19134.429533 19127.052268 19119.406787 19067.848295 19075.634005 19049.786707 19031.983185 19029.669918 19019.640285 19010.271988 19015.117463 19013.774668 19043.764399 19038.678610 19115.514502 19100.466806 19098.817772 0.000000 0.000000
0.000000 0.000000 21503.235222 21500.717906 21426.066865 21442.659084 21445.182678 21434.684410 21468.660951 21455.682518 21470.433817 21462.551388 21451.514729 21470.972847 21474.525366 21475.105213 21418.622841 21526.494564 21518.739089 0.000000 0.000000
0.000000 0.000000 24322.930575 24216.348278 24234.550047 24202.633129 24145.230640 24133.623003 24107.087581 24115.389395 24082.468821 24085.050059 24100.823700 24089.492144 24115.327311 24149.762012 24232.483855 24184.668773 24298.583601 0.000000 0.000000
0.000000 0.000000 25697.754896 25784.626817 25889.556038 25885.242151 25879.036404 25790.448886 25799.967305 25771.416023 25809.802907 25802.258622 25803.346881 25808.313040 25883.806957 25889.439719 25908.603799 25815.355034 25730.139747 0.000000 0.000000
0.000000 0.000000 0.000000 0.000000 0.000000 0.000000 0.000000 0.000000 0.000000 0.000000 0.000000 0.000000 0.000000 0.000000 0.000000 0.000000 0.000000 0.000000 0.000000 0.000000 0.000000
0.000000 0.000000 0.000000 0.000000 0.000000 0.000000 0.000000 0.000000 0.000000 0.000000 0.000000 0.000000 0.000000 0.000000 0.000000 0.000000 0.000000 0.000000 0.000000 0.000000 0.000000