geotop/1.0zi/1.0Montebello/Templates/testdem/maps/_Erotot4288.asc
ncols         21
nrows         20
xllcorner     100.000000
yllcorner     100.000000
cellsize      50.000000
NODATA_value  -9999.0
0.000000 0.000000 0.000000 0.000000 0.000000 0.000000 0.000000 0.000000 0.000000 0.000000 0.000000 0.000000 0.000000 0.000000 0.000000 0.000000 0.000000 0.000000 0.000000 0.000000 0.000000
0.000000 0.000000 321.640654 321.204112 321.013497 320.869716 320.899325 320.959602 320.997345 320.995829 320.982210 320.985588 320.987082 321.030837 320.896303 320.912563 321.083711 320.993225 321.083429 0.000000 0.000000
0.000000 0.000000 25.783466 26.335917 26.612703 27.318975 26.949170 26.970199 26.535446 26.466399 26.521321 26.904594 26.668488 26.501810 26.991712 26.752335 25.870923 25.304549 25.177176 0.000000 0.000000
0.000000 0.000000 138.986659 140.364537 133.293003 130.670733 131.438001 126.274518 125.453710 125.038904 124.279492 123.797974 124.919827 123.741612 126.625930 131.641522 132.378656 134.759978 137.461853 0.000000 0.000000
0.000000 0.000000 1312.665179 1315.625523 1321.459547 1316.238896 1309.899633 1305.954485 1309.556955 1304.045316 1307.476628 1310.989838 1309.455095 1305.335592 1309.558556 1306.384106 1306.935692 1308.453732 1309.167719 0.000000 0.000000
0.000000 0.000000 2515.053606 2508.014823 2499.293050 2491.487784 2484.214841 2480.284451 2477.554195 2479.466708 2479.085244 2476.271937 2472.319013 2474.626079 2475.102256 2488.075546 2494.246944 2495.034470 2498.880051 0.000000 0.000000
0.000000 0.000000 3122.855701 3118.097147 3114.053460 3109.044856 3100.657037 3086.049281 3087.380927 3083.936710 3087.009905 3086.543402 3089.082223 3090.926877 3104.682850 3111.566236 3118.725413 3122.871023 3125.376276 0.000000 0.000000
0.000000 0.000000 3569.814036 3569.459072 3569.472855 3564.393910 3563.605252 3559.947810 3560.746540 3561.072813 3558.612603 3559.798364 3558.009951 3556.230858 3558.831594 3562.555125 3564.087819 3563.192757 3564.713255 0.000000 0.000000
0.000000 0.000000 4187.967419 4186.919604 4182.937479 4181.225526 4177.170506 4168.539018 4168.893424 4167.003088 4167.671464 4168.110078 4167.083454 4167.350633 4171.813060 4179.222345 4179.174722 4180.439424 4184.153233 0.000000 0.000000
0.000000 0.000000 4889.484678 4887.163054 4885.738092 4881.450469 4873.425292 4869.103081 4870.680910 4869.773865 4869.827369 4869.992957 4868.764179 4866.740929 4873.261235 4879.393342 4881.801543 4882.662302 4884.170981 0.000000 0.000000
0.000000 0.000000 5630.955034 5628.490132 5625.357276 5622.690956 5620.923919 5611.192230 5611.604926 5609.052272 5609.331385 5610.231862 5608.827245 5608.041720 5612.069519 5614.538108 5618.964049 5620.955450 5624.146378 0.000000 0.000000
0.000000 0.000000 6401.869251 6399.798523 6396.317211 6389.083068 6384.617689 6377.257666 6376.382556 6375.861045 6375.982649 6375.271820 6374.617003 6374.113573 6382.437760 6388.131432 6391.458173 6392.469185 6409.382941 0.000000 0.000000
0.000000 0.000000 7172.426015 7169.703923 7165.954407 7162.555179 7155.989125 7138.526945 7138.891027 7137.154765 7137.067355 7137.669294 7135.832754 7135.836547 7149.925975 7157.700800 7160.733357 7162.204610 7164.711338 0.000000 0.000000
0.000000 0.000000 7994.119711 7990.521457 7986.502161 7981.940538 7964.641804 7972.238070 7966.938854 7965.880254 7966.275246 7966.497430 7965.071650 7964.478122 7958.741478 7975.806434 7979.430354 7984.460570 7984.614100 0.000000 0.000000
0.000000 0.000000 8869.113700 8863.173614 8857.225944 8845.379422 8842.700174 8827.658238 8820.171292 8818.523248 8814.443461 8813.867365 8814.592122 8811.863257 8821.656587 8829.706784 8849.459431 8845.357639 8846.912231 0.000000 0.000000
0.000000 0.000000 9737.103250 9735.742077 9715.135604 9716.926067 9716.898153 9716.179803 9718.677221 9718.547877 9721.203141 9721.153742 9717.789131 9721.944752 9719.097794 9718.076012 9707.993177 9729.446239 9734.031133 0.000000 0.000000
0.000000 0.000000 10719.861853 10697.592759 10687.695351 10679.456023 10665.951089 10660.209900 10658.753746 10657.976042 10654.491657 10654.787573 10654.456813 10651.523894 10655.334038 10671.049878 10683.738151 10684.737248 10706.749143 0.000000 0.000000
0.000000 0.000000 11453.471256 11454.515848 11471.746606 11461.518718 11455.658334 11436.283083 11434.971026 11432.257486 11433.693906 11433.427966 11431.596218 11432.063765 11449.871056 11458.475259 11469.846088 11446.718399 11449.833781 0.000000 0.000000
0.000000 0.000000 0.000000 0.000000 0.000000 0.000000 0.000000 0.000000 0.000000 0.000000 0.000000 0.000000 0.000000 0.000000 0.000000 0.000000 0.000000 0.000000 0.000000 0.000000 0.000000
0.000000 0.000000 0.000000 0.000000 0.000000 0.000000 0.000000 0.000000 0.000000 0.000000 0.000000 0.000000 0.000000 0.000000 0.000000 0.000000 0.000000 0.000000 0.000000 0.000000 0.000000