geotop/1.0zi/1.0Montebello/Templates/testdem/maps/_Erotot0621.asc
ncols         21
nrows         20
xllcorner     100.000000
yllcorner     100.000000
cellsize      50.000000
NODATA_value  -9999.0
0.000000 0.000000 0.000000 0.000000 0.000000 0.000000 0.000000 0.000000 0.000000 0.000000 0.000000 0.000000 0.000000 0.000000 0.000000 0.000000 0.000000 0.000000 0.000000 0.000000 0.000000
0.000000 0.000000 48.793100 48.793781 48.826414 48.793948 48.793204 48.793589 48.793400 48.793314 48.793287 48.793314 48.793400 48.793589 48.793204 48.793948 48.826414 48.793781 48.793100 0.000000 0.000000
0.000000 0.000000 7.931926 7.715476 5.898274 7.710519 7.958347 7.942493 7.956999 7.963844 7.964909 7.963844 7.956999 7.942493 7.958347 7.710519 5.898274 7.715476 7.931926 0.000000 0.000000
0.000000 0.000000 571.988776 572.239625 572.364772 572.151048 572.055440 572.166551 572.164157 572.100071 572.029734 572.100071 572.164157 572.166551 572.055440 572.151048 572.364772 572.239625 571.988776 0.000000 0.000000
0.000000 0.000000 904.353306 904.305921 903.549039 904.284682 904.353848 904.375572 904.370227 904.374318 904.369648 904.374318 904.370227 904.375572 904.353848 904.284682 903.549039 904.305921 904.353306 0.000000 0.000000
0.000000 0.000000 1224.383843 1224.390313 1223.685757 1224.349349 1224.416642 1224.461556 1224.466234 1224.445383 1224.424635 1224.445383 1224.466234 1224.461556 1224.416642 1224.349349 1223.685757 1224.390313 1224.383843 0.000000 0.000000
0.000000 0.000000 1601.251788 1601.260630 1600.632661 1601.221457 1601.283701 1601.330010 1601.335784 1601.312884 1601.294502 1601.312884 1601.335784 1601.330010 1601.283701 1601.221457 1600.632661 1601.260630 1601.251788 0.000000 0.000000
0.000000 0.000000 1962.958725 1962.966640 1962.385029 1962.930301 1962.989391 1963.034971 1963.040768 1963.017801 1963.000972 1963.017801 1963.040768 1963.034971 1962.989391 1962.930301 1962.385029 1962.966640 1962.958725 0.000000 0.000000
0.000000 0.000000 2308.169741 2308.177511 2307.623116 2308.142301 2308.199450 2308.244289 2308.250100 2308.227312 2308.211125 2308.227312 2308.250100 2308.244289 2308.199450 2308.142301 2307.623116 2308.177511 2308.169741 0.000000 0.000000
0.000000 0.000000 2641.955395 2641.962542 2641.424240 2641.928452 2641.984572 2642.028801 2642.034585 2642.011936 2641.995922 2642.011936 2642.034585 2642.028801 2641.984572 2641.928452 2641.424240 2641.962542 2641.955395 0.000000 0.000000
0.000000 0.000000 2966.166458 2966.172970 2965.644028 2966.139693 2966.195318 2966.239104 2966.244864 2966.222295 2966.206230 2966.222295 2966.244864 2966.239104 2966.195318 2966.139693 2965.644028 2966.172970 2966.166458 0.000000 0.000000
0.000000 0.000000 3282.084983 3282.088587 3281.569862 3282.056992 3282.112042 3282.154610 3282.160819 3282.138409 3282.123369 3282.138409 3282.160819 3282.154610 3282.112042 3282.056992 3281.569862 3282.088587 3282.084983 0.000000 0.000000
0.000000 0.000000 3590.897092 3590.899182 3590.385651 3590.869856 3590.923673 3590.965639 3590.971962 3590.949494 3590.934558 3590.949494 3590.971962 3590.965639 3590.923673 3590.869856 3590.385651 3590.899182 3590.897092 0.000000 0.000000
0.000000 0.000000 3896.224634 3896.224886 3895.715613 3896.195931 3896.250893 3896.292765 3896.299226 3896.276748 3896.261686 3896.276748 3896.299226 3896.292765 3896.250893 3896.195931 3895.715613 3896.224886 3896.224634 0.000000 0.000000
0.000000 0.000000 4197.236668 4197.237313 4196.726015 4197.208133 4197.263131 4197.304577 4197.311121 4197.288600 4197.272768 4197.288600 4197.311121 4197.304577 4197.263131 4197.208133 4196.726015 4197.237313 4197.236668 0.000000 0.000000
0.000000 0.000000 4495.748694 4495.750597 4495.248809 4495.721461 4495.775923 4495.817302 4495.823855 4495.801266 4495.784861 4495.801266 4495.823855 4495.817302 4495.775923 4495.721461 4495.248809 4495.750597 4495.748691 0.000000 0.000000
0.000000 0.000000 4789.655205 4789.655385 4789.150497 4789.627401 4789.682364 4789.723086 4789.729743 4789.707097 4789.690389 4789.707097 4789.729743 4789.723086 4789.682364 4789.627401 4789.150496 4789.655372 4789.654823 0.000000 0.000000
0.000000 0.000000 5091.096102 5091.220915 5090.716809 5091.190441 5091.245621 5091.286308 5091.293274 5091.270556 5091.253603 5091.270556 5091.293274 5091.286308 5091.245621 5091.190441 5090.716796 5091.219016 5091.218153 0.000000 0.000000
0.000000 0.000000 0.000000 0.000000 0.000000 0.000000 0.000000 0.000000 0.000000 0.000000 0.000000 0.000000 0.000000 0.000000 0.000000 0.000000 0.000000 0.000000 0.000000 0.000000 0.000000
0.000000 0.000000 0.000000 0.000000 0.000000 0.000000 0.000000 0.000000 0.000000 0.000000 0.000000 0.000000 0.000000 0.000000 0.000000 0.000000 0.000000 0.000000 0.000000 0.000000 0.000000