geotop/1.0zi/1.0Montebello/Templates/testdem/maps/_Erotot7350.asc
ncols         21
nrows         20
xllcorner     100.000000
yllcorner     100.000000
cellsize      50.000000
NODATA_value  -9999.0
0.000000 0.000000 0.000000 0.000000 0.000000 0.000000 0.000000 0.000000 0.000000 0.000000 0.000000 0.000000 0.000000 0.000000 0.000000 0.000000 0.000000 0.000000 0.000000 0.000000 0.000000
0.000000 0.000000 628.061329 629.020158 628.431495 628.611728 627.766789 627.958694 627.905385 628.010161 628.433664 627.764860 627.649798 627.730242 628.045770 628.056870 628.840709 629.383866 629.443444 0.000000 0.000000
0.000000 0.000000 49.533163 48.311467 48.440656 48.764458 49.157361 48.895012 48.628209 48.469030 48.710853 48.992327 49.007555 49.134418 48.915027 48.657847 47.210854 46.331298 47.084540 0.000000 0.000000
0.000000 0.000000 319.265362 320.652404 308.368730 302.951959 303.831021 292.677483 292.797637 293.652411 289.999625 288.218574 290.436346 290.569806 300.766622 307.361745 311.904355 314.489600 319.310473 0.000000 0.000000
0.000000 0.000000 2840.076756 2843.208161 2847.108571 2825.838600 2807.465425 2798.203279 2797.717439 2794.126277 2800.239164 2805.984770 2800.885352 2799.216854 2813.142316 2816.096431 2825.007006 2833.204101 2832.847123 0.000000 0.000000
0.000000 0.000000 4584.258303 4578.584509 4575.040648 4569.141596 4555.164335 4545.836400 4546.526451 4545.371938 4542.121037 4536.407482 4535.538377 4538.822557 4537.714873 4556.521059 4564.588677 4571.501340 4574.498143 0.000000 0.000000
0.000000 0.000000 5836.805906 5833.873869 5829.621994 5823.174310 5809.816001 5789.446468 5788.447655 5784.820849 5786.149294 5789.978906 5791.384372 5791.934802 5818.282674 5827.917186 5833.172764 5835.736185 5840.918411 0.000000 0.000000
0.000000 0.000000 6810.818503 6811.327564 6808.641142 6799.446598 6797.595790 6789.040257 6789.323386 6789.378866 6788.262853 6784.509453 6783.758051 6789.802421 6790.996120 6795.292906 6807.161900 6805.543656 6810.352668 0.000000 0.000000
0.000000 0.000000 8106.280312 8102.169469 8096.324525 8096.471510 8086.237993 8072.047668 8073.263632 8069.109622 8066.865424 8066.758139 8069.056043 8063.369186 8080.994640 8094.166933 8095.565599 8098.922403 8100.232266 0.000000 0.000000
0.000000 0.000000 9590.899220 9587.779075 9588.364040 9584.809644 9565.679646 9556.996383 9556.805720 9556.658261 9553.273670 9556.644972 9559.644435 9558.900014 9564.886050 9578.313161 9585.358868 9587.026636 9588.059390 0.000000 0.000000
0.000000 0.000000 11208.371967 11207.765410 11205.379297 11186.608959 11181.349984 11167.165593 11172.628130 11160.233052 11163.882811 11162.338291 11155.703680 11165.125134 11173.501558 11175.933955 11187.591603 11194.127306 11204.294081 0.000000 0.000000
0.000000 0.000000 12944.685902 12937.520024 12930.341784 12927.358428 12918.406940 12900.082622 12897.009003 12897.515037 12904.338687 12894.064130 12897.739870 12897.777243 12918.299980 12925.844730 12928.304045 12931.959105 12953.933143 0.000000 0.000000
0.000000 0.000000 14733.616834 14729.406709 14729.876165 14717.627559 14711.455245 14669.310808 14667.725741 14667.118686 14647.496574 14658.595427 14662.688054 14666.920662 14696.038911 14702.315704 14723.403151 14722.895168 14730.743861 0.000000 0.000000
0.000000 0.000000 16757.080231 16759.525744 16747.648275 16743.704648 16694.937091 16710.715311 16696.816702 16698.049677 16702.714660 16699.086569 16697.239552 16693.113874 16675.622294 16728.811283 16735.125719 16752.861778 16761.727666 0.000000 0.000000
0.000000 0.000000 19005.563625 18998.223629 18990.579815 18939.705057 18947.058706 18921.550964 18903.843056 18901.562289 18891.649400 18882.345023 18887.112223 18885.769330 18915.433150 18910.734056 18986.690863 18971.836401 18970.231617 0.000000 0.000000
0.000000 0.000000 21353.917421 21351.426087 21277.701128 21293.594284 21296.143446 21285.535711 21319.036259 21306.151594 21320.646720 21312.782241 21301.957137 21321.143318 21324.876827 21325.481288 21270.282406 21376.568253 21368.850930 0.000000 0.000000
0.000000 0.000000 24147.618643 24042.708314 24059.808930 24028.459764 23971.717872 23960.212691 23934.304882 23942.426234 23910.079791 23912.554589 23927.975487 23917.051511 23942.591081 23976.552179 24057.738443 24011.666955 24123.809042 0.000000 0.000000
0.000000 0.000000 25524.934794 25609.151409 25712.381453 25707.651644 25700.764506 25613.352157 25622.479595 25594.361165 25631.850567 25624.441505 25625.758421 25630.394572 25705.039676 25711.201175 25731.112496 25638.942987 25556.363619 0.000000 0.000000
0.000000 0.000000 0.000000 0.000000 0.000000 0.000000 0.000000 0.000000 0.000000 0.000000 0.000000 0.000000 0.000000 0.000000 0.000000 0.000000 0.000000 0.000000 0.000000 0.000000 0.000000
0.000000 0.000000 0.000000 0.000000 0.000000 0.000000 0.000000 0.000000 0.000000 0.000000 0.000000 0.000000 0.000000 0.000000 0.000000 0.000000 0.000000 0.000000 0.000000 0.000000 0.000000