geotop/1.0zi/1.0Montebello/Templates/testdem/maps/_Erotot7722.asc
ncols         21
nrows         20
xllcorner     100.000000
yllcorner     100.000000
cellsize      50.000000
NODATA_value  -9999.0
0.000000 0.000000 0.000000 0.000000 0.000000 0.000000 0.000000 0.000000 0.000000 0.000000 0.000000 0.000000 0.000000 0.000000 0.000000 0.000000 0.000000 0.000000 0.000000 0.000000 0.000000
0.000000 0.000000 645.700311 646.522593 645.998783 646.129494 645.143771 645.326494 645.314596 645.377677 645.810417 645.135217 645.013315 645.066260 645.416801 645.546923 646.356627 646.878793 647.069760 0.000000 0.000000
0.000000 0.000000 50.234131 49.253220 49.187058 49.587524 50.220198 49.900634 49.605268 49.475608 49.708644 50.052270 50.076416 50.228971 49.985918 49.463730 48.178348 47.305767 47.826719 0.000000 0.000000
0.000000 0.000000 353.457549 354.629313 342.536600 336.875701 337.418007 326.097232 326.226690 327.031113 323.361526 321.614329 323.752326 323.894265 334.146516 341.155156 345.755336 348.691729 353.582558 0.000000 0.000000
0.000000 0.000000 3024.051692 3026.221743 3029.761445 3007.325152 2988.840732 2979.000558 2978.314144 2973.665110 2980.670481 2985.983973 2981.515893 2980.103692 2994.625333 2997.557449 3007.294626 3015.891746 3015.596915 0.000000 0.000000
0.000000 0.000000 4874.889228 4869.628977 4866.016190 4860.069396 4845.375839 4835.594634 4836.484142 4835.415323 4832.045176 4826.350754 4825.328251 4828.565684 4827.839288 4847.397880 4855.283155 4862.173814 4865.210532 0.000000 0.000000
0.000000 0.000000 6147.147474 6144.129456 6139.778604 6132.963254 6119.412206 6098.156506 6097.127812 6093.335118 6094.770573 6098.548648 6100.053888 6100.540211 6127.764417 6137.565817 6142.998479 6145.732533 6150.932599 0.000000 0.000000
0.000000 0.000000 7204.837884 7205.108621 7202.258895 7192.436894 7190.269117 7181.230592 7181.440851 7181.267736 7180.327112 7176.432714 7175.760885 7181.953409 7183.542509 7188.177797 7200.417249 7198.970241 7203.880890 0.000000 0.000000
0.000000 0.000000 8602.960465 8598.474117 8592.389965 8592.037263 8581.306191 8566.314945 8567.585289 8563.061041 8561.040949 8560.814747 8563.258914 8557.527597 8575.901020 8589.508520 8591.186724 8594.844521 8596.173852 0.000000 0.000000
0.000000 0.000000 10204.594114 10201.167475 10201.545620 10197.279722 10177.390790 10168.049129 10167.669027 10167.416122 10164.035413 10167.511196 10170.592869 10169.901976 10176.490759 10190.552941 10197.955064 10199.915970 10200.963999 0.000000 0.000000
0.000000 0.000000 11955.690750 11954.846626 11952.146423 11932.110291 11926.543254 11911.213416 11916.886895 11903.752992 11907.825127 11906.106125 11899.296830 11909.088271 11918.265014 11920.976306 11933.245507 11940.182179 11950.682317 0.000000 0.000000
0.000000 0.000000 13848.004568 13840.133289 13832.352387 13828.847903 13818.957402 13799.560327 13796.027926 13796.558380 13803.767175 13792.984828 13797.026194 13796.977704 13818.864055 13827.129705 13829.866587 13833.883490 13856.644572 0.000000 0.000000
0.000000 0.000000 15809.601874 15804.799477 15805.287893 15791.584572 15784.947538 15738.402763 15736.735573 15735.806199 15715.152702 15727.098160 15731.306859 15735.936953 15768.343199 15775.215681 15797.745977 15797.438060 15805.156196 0.000000 0.000000
0.000000 0.000000 18048.296396 18050.635045 18037.616015 18032.850699 17977.973252 17996.377792 17981.232290 17982.331918 17988.287538 17983.869205 17981.879853 17977.326453 17957.691234 18017.236683 18023.708502 18043.155462 18052.496853 0.000000 0.000000
0.000000 0.000000 20550.980973 20542.754614 20534.191919 20474.376813 20485.899918 20456.096691 20437.231191 20434.210374 20423.193796 20413.068843 20418.840666 20417.578558 20451.473690 20442.995622 20529.671751 20512.617143 20510.433384 0.000000 0.000000
0.000000 0.000000 23167.600119 23164.451364 23078.335303 23101.461734 23103.210473 23093.277858 23132.389275 23118.040710 23135.913268 23127.737576 23114.519106 23136.943991 23139.112106 23139.883346 23069.876143 23195.512168 23187.287851 0.000000 0.000000
0.000000 0.000000 26294.315186 26168.973356 26197.054576 26156.789580 26090.747836 26077.252721 26043.656139 26053.575962 26014.672518 26018.300894 26038.058201 26022.253522 26052.262875 26093.118053 26194.280025 26128.253749 26261.549714 0.000000 0.000000
0.000000 0.000000 27637.032366 27750.945379 27870.131973 27869.156258 27868.572907 27766.469097 27780.540604 27747.010436 27795.500949 27786.381832 27784.894152 27793.670864 27879.228533 27880.831674 27891.734157 27790.469795 27677.886114 0.000000 0.000000
0.000000 0.000000 0.000000 0.000000 0.000000 0.000000 0.000000 0.000000 0.000000 0.000000 0.000000 0.000000 0.000000 0.000000 0.000000 0.000000 0.000000 0.000000 0.000000 0.000000 0.000000
0.000000 0.000000 0.000000 0.000000 0.000000 0.000000 0.000000 0.000000 0.000000 0.000000 0.000000 0.000000 0.000000 0.000000 0.000000 0.000000 0.000000 0.000000 0.000000 0.000000 0.000000