geotop/1.0zi/1.0Montebello/Templates/testdem/maps/_Erotot0091.asc
ncols         21
nrows         20
xllcorner     100.000000
yllcorner     100.000000
cellsize      50.000000
NODATA_value  -9999.0
0.000000 0.000000 0.000000 0.000000 0.000000 0.000000 0.000000 0.000000 0.000000 0.000000 0.000000 0.000000 0.000000 0.000000 0.000000 0.000000 0.000000 0.000000 0.000000 0.000000 0.000000
0.000000 0.000000 1.236685 1.236684 1.236685 1.236685 1.236685 1.236685 1.236685 1.236685 1.236685 1.236685 1.236685 1.236685 1.236685 1.236685 1.236685 1.236684 1.236685 0.000000 0.000000
0.000000 0.000000 2.885585 2.885461 2.885520 2.885532 2.885534 2.885534 2.885534 2.885534 2.885534 2.885534 2.885534 2.885534 2.885534 2.885532 2.885520 2.885461 2.885585 0.000000 0.000000
0.000000 0.000000 59.358492 59.358039 59.358204 59.358288 59.358308 59.358311 59.358312 59.358312 59.358312 59.358312 59.358312 59.358311 59.358308 59.358288 59.358204 59.358039 59.358492 0.000000 0.000000
0.000000 0.000000 70.084951 70.084769 70.084823 70.084857 70.084866 70.084867 70.084868 70.084868 70.084868 70.084868 70.084868 70.084867 70.084866 70.084857 70.084823 70.084769 70.084951 0.000000 0.000000
0.000000 0.000000 100.671097 100.670801 100.670926 100.670978 100.670990 100.670992 100.670992 100.670992 100.670992 100.670992 100.670992 100.670992 100.670990 100.670978 100.670926 100.670801 100.671097 0.000000 0.000000
0.000000 0.000000 133.946128 133.945844 133.945953 133.946002 133.946014 133.946016 133.946016 133.946016 133.946016 133.946016 133.946016 133.946016 133.946014 133.946002 133.945953 133.945844 133.946128 0.000000 0.000000
0.000000 0.000000 166.487248 166.486974 166.487074 166.487120 166.487131 166.487133 166.487133 166.487133 166.487133 166.487133 166.487133 166.487133 166.487131 166.487120 166.487074 166.486974 166.487248 0.000000 0.000000
0.000000 0.000000 198.213676 198.213407 198.213499 198.213542 198.213552 198.213554 198.213555 198.213555 198.213555 198.213555 198.213555 198.213554 198.213552 198.213542 198.213499 198.213407 198.213676 0.000000 0.000000
0.000000 0.000000 229.272160 229.271894 229.271979 229.272021 229.272031 229.272032 229.272033 229.272033 229.272033 229.272033 229.272033 229.272032 229.272031 229.272021 229.271979 229.271894 229.272160 0.000000 0.000000
0.000000 0.000000 259.905403 259.905137 259.905217 259.905257 259.905267 259.905269 259.905269 259.905269 259.905269 259.905269 259.905269 259.905269 259.905267 259.905257 259.905217 259.905137 259.905403 0.000000 0.000000
0.000000 0.000000 290.324275 290.324008 290.324084 290.324123 290.324132 290.324134 290.324134 290.324134 290.324134 290.324134 290.324134 290.324134 290.324132 290.324123 290.324084 290.324008 290.324275 0.000000 0.000000
0.000000 0.000000 320.550357 320.550088 320.550160 320.550199 320.550208 320.550210 320.550210 320.550210 320.550210 320.550210 320.550210 320.550210 320.550208 320.550199 320.550160 320.550088 320.550357 0.000000 0.000000
0.000000 0.000000 350.872547 350.872275 350.872344 350.872382 350.872391 350.872393 350.872393 350.872393 350.872393 350.872393 350.872393 350.872393 350.872391 350.872382 350.872344 350.872275 350.872547 0.000000 0.000000
0.000000 0.000000 380.698581 380.698314 380.698376 380.698412 380.698421 380.698423 380.698423 380.698423 380.698423 380.698423 380.698423 380.698423 380.698421 380.698412 380.698376 380.698314 380.698581 0.000000 0.000000
0.000000 0.000000 410.242197 410.241924 410.241986 410.242021 410.242030 410.242032 410.242032 410.242032 410.242032 410.242032 410.242032 410.242032 410.242030 410.242021 410.241986 410.241924 410.242195 0.000000 0.000000
0.000000 0.000000 440.077328 440.076945 440.076998 440.077032 440.077041 440.077043 440.077043 440.077043 440.077043 440.077043 440.077043 440.077043 440.077041 440.077032 440.076997 440.076940 440.077213 0.000000 0.000000
0.000000 0.000000 469.922623 469.920111 469.919827 469.919852 469.919860 469.919862 469.919862 469.919862 469.919862 469.919862 469.919862 469.919862 469.919860 469.919851 469.919819 469.919798 469.920144 0.000000 0.000000
0.000000 0.000000 0.000000 0.000000 0.000000 0.000000 0.000000 0.000000 0.000000 0.000000 0.000000 0.000000 0.000000 0.000000 0.000000 0.000000 0.000000 0.000000 0.000000 0.000000 0.000000
0.000000 0.000000 0.000000 0.000000 0.000000 0.000000 0.000000 0.000000 0.000000 0.000000 0.000000 0.000000 0.000000 0.000000 0.000000 0.000000 0.000000 0.000000 0.000000 0.000000 0.000000