geotop/1.0zi/1.0Montebello/Templates/testdem/maps/_Erotot7203.asc
ncols         21
nrows         20
xllcorner     100.000000
yllcorner     100.000000
cellsize      50.000000
NODATA_value  -9999.0
0.000000 0.000000 0.000000 0.000000 0.000000 0.000000 0.000000 0.000000 0.000000 0.000000 0.000000 0.000000 0.000000 0.000000 0.000000 0.000000 0.000000 0.000000 0.000000 0.000000 0.000000
0.000000 0.000000 572.797071 573.599188 573.242565 573.454608 572.835092 572.866479 572.814311 572.916242 573.342094 572.671021 572.556126 572.640194 572.934830 572.899625 573.670057 573.939304 574.017687 0.000000 0.000000
0.000000 0.000000 45.006830 43.778535 43.810442 43.963117 44.204038 44.050458 43.793596 43.634708 43.873812 44.160012 44.171948 44.297621 44.072673 43.871585 42.588544 41.820673 42.555664 0.000000 0.000000
0.000000 0.000000 249.232652 250.917691 238.872113 236.138757 234.651589 227.763714 228.402691 226.973128 225.749845 223.548200 225.836348 225.838216 234.005715 240.106205 241.469833 243.294526 249.000631 0.000000 0.000000
0.000000 0.000000 2636.719035 2639.860727 2643.416172 2622.060069 2606.953755 2593.736360 2595.689685 2592.696471 2598.230332 2604.121897 2598.992830 2597.288984 2609.489649 2612.292733 2621.542578 2629.935221 2631.627517 0.000000 0.000000
0.000000 0.000000 4392.121098 4386.439702 4383.054910 4376.788265 4362.247371 4353.997662 4353.312535 4352.431018 4349.021917 4343.264205 4342.352959 4345.654300 4345.688621 4364.195859 4372.463495 4379.170117 4381.114291 0.000000 0.000000
0.000000 0.000000 5604.592191 5601.680215 5597.448354 5591.603466 5578.145474 5558.859485 5558.321543 5554.494919 5556.060582 5559.815086 5561.245662 5561.787370 5586.638910 5596.251619 5600.820408 5603.112493 5608.694129 0.000000 0.000000
0.000000 0.000000 6520.581743 6521.111331 6518.442820 6509.816906 6508.259162 6499.683347 6500.317769 6500.175979 6499.341209 6495.525185 6494.808595 6500.713830 6501.687301 6505.545570 6516.682936 6514.874736 6519.966428 0.000000 0.000000
0.000000 0.000000 7752.023929 7747.989624 7742.212190 7742.696441 7732.731611 7719.033689 7720.483135 7716.243338 7714.231145 7714.078167 7716.289954 7710.687288 7727.547532 7740.345452 7741.200211 7744.191692 7745.878710 0.000000 0.000000
0.000000 0.000000 9166.642226 9163.583859 9164.143801 9161.140962 9142.373916 9134.016423 9134.211369 9133.795293 9130.794306 9133.993676 9136.978617 9136.180838 9141.591606 9154.510130 9160.904081 9162.279971 9163.649520 0.000000 0.000000
0.000000 0.000000 10702.757342 10702.186497 10699.743856 10681.877884 10678.151977 10663.063986 10668.641600 10656.393527 10660.178295 10658.606753 10652.160379 10661.424546 10669.029972 10671.267315 10682.048819 10688.207037 10698.492279 0.000000 0.000000
0.000000 0.000000 12341.430068 12334.469032 12327.530078 12324.956006 12316.055689 12298.625177 12296.156146 12296.192402 12303.241616 12293.203675 12296.643415 12296.685300 12316.223915 12323.234093 12325.064505 12328.327644 12350.182655 0.000000 0.000000
0.000000 0.000000 14031.009565 14027.021556 14027.284472 14015.993722 14010.197407 13970.475756 13969.123390 13968.287071 13949.869296 13960.408071 13964.452570 13968.404178 13995.226919 14001.238938 14020.689749 14019.933008 14028.301470 0.000000 0.000000
0.000000 0.000000 15930.114922 15932.366828 15920.963400 15917.585414 15872.827621 15886.081883 15873.454057 15874.343419 15878.632293 15875.319685 15873.597068 15869.756201 15853.786557 15902.803294 15908.588155 15925.147131 15934.207059 0.000000 0.000000
0.000000 0.000000 18031.555535 18024.496576 18017.597904 17972.229343 17977.223957 17954.281677 17937.595484 17935.218850 17926.626799 17917.694121 17922.081849 17920.713683 17946.882418 17944.482629 18012.853917 17999.504260 17998.778353 0.000000 0.000000
0.000000 0.000000 20224.360122 20222.045487 20155.397531 20167.428045 20171.121799 20159.705655 20190.170927 20177.769731 20190.805923 20183.070158 20173.616202 20190.794699 20194.881963 20194.980746 20147.847070 20242.006059 20235.254935 0.000000 0.000000
0.000000 0.000000 22816.387141 22724.013105 22735.069249 22709.203456 22658.778625 22648.369652 22627.413526 22633.898431 22606.207128 22607.855975 22620.707587 22612.666075 22634.568268 22663.964372 22732.406599 22697.160929 22796.706143 0.000000 0.000000
0.000000 0.000000 24207.566423 24273.856270 24365.512691 24359.368040 24349.143754 24271.054409 24277.887291 24252.703720 24284.117093 24277.650516 24280.472567 24282.694261 24349.544141 24358.233841 24381.305153 24296.487276 24232.238120 0.000000 0.000000
0.000000 0.000000 0.000000 0.000000 0.000000 0.000000 0.000000 0.000000 0.000000 0.000000 0.000000 0.000000 0.000000 0.000000 0.000000 0.000000 0.000000 0.000000 0.000000 0.000000 0.000000
0.000000 0.000000 0.000000 0.000000 0.000000 0.000000 0.000000 0.000000 0.000000 0.000000 0.000000 0.000000 0.000000 0.000000 0.000000 0.000000 0.000000 0.000000 0.000000 0.000000 0.000000