geotop/1.0zi/1.0Montebello/Templates/testdem/maps/_Erotot2419.asc
ncols         21
nrows         20
xllcorner     100.000000
yllcorner     100.000000
cellsize      50.000000
NODATA_value  -9999.0
0.000000 0.000000 0.000000 0.000000 0.000000 0.000000 0.000000 0.000000 0.000000 0.000000 0.000000 0.000000 0.000000 0.000000 0.000000 0.000000 0.000000 0.000000 0.000000 0.000000 0.000000
0.000000 0.000000 224.955535 224.957578 224.964044 225.079127 224.948089 224.952981 224.930815 224.967147 224.958379 224.967147 224.930815 224.952981 224.948089 225.079127 224.964044 224.957578 224.955535 0.000000 0.000000
0.000000 0.000000 13.668896 13.447813 11.694534 13.419206 13.711547 13.697335 13.727617 13.696719 13.702365 13.696719 13.727617 13.697335 13.711547 13.419206 11.694534 13.447813 13.668896 0.000000 0.000000
0.000000 0.000000 1660.913269 1660.592297 1660.928389 1659.058480 1661.065036 1660.505397 1660.503074 1661.325421 1661.465588 1661.325421 1660.503074 1660.505397 1661.065036 1659.058480 1660.928389 1660.592297 1660.913269 0.000000 0.000000
0.000000 0.000000 3433.075175 3432.903330 3432.240625 3432.831202 3433.377863 3433.238560 3433.200763 3433.351115 3433.313628 3433.351115 3433.200763 3433.238560 3433.377863 3432.831202 3432.240625 3432.903330 3433.075175 0.000000 0.000000
0.000000 0.000000 4448.004631 4447.798154 4447.234988 4447.386546 4448.201333 4447.906679 4447.926235 4448.269411 4448.354501 4448.269411 4447.926235 4447.906679 4448.201333 4447.386546 4447.234988 4447.798154 4448.004631 0.000000 0.000000
0.000000 0.000000 5806.209918 5806.038094 5805.521969 5805.663660 5806.360228 5806.105230 5806.130344 5806.435328 5806.529783 5806.435328 5806.130344 5806.105230 5806.360228 5805.663660 5805.521969 5806.038094 5806.209918 0.000000 0.000000
0.000000 0.000000 7089.322433 7089.178093 7088.696999 7088.841577 7089.441235 7089.221770 7089.244298 7089.517809 7089.608752 7089.517809 7089.244298 7089.221770 7089.441235 7088.841577 7088.696999 7089.178093 7089.322433 0.000000 0.000000
0.000000 0.000000 8288.651718 8288.519501 8288.062044 8288.206442 8288.758494 8288.555908 8288.577048 8288.834446 8288.921562 8288.834446 8288.577048 8288.555908 8288.758494 8288.206442 8288.062044 8288.519501 8288.651718 0.000000 0.000000
0.000000 0.000000 9419.755151 9419.651571 9419.204555 9419.387800 9419.849172 9419.667857 9419.693640 9419.928036 9420.010777 9419.928036 9419.693640 9419.667857 9419.849172 9419.387800 9419.204555 9419.651571 9419.755151 0.000000 0.000000
0.000000 0.000000 10488.548350 10488.437967 10488.010496 10488.169581 10488.641660 10488.460907 10488.482576 10488.713886 10488.791901 10488.713886 10488.482576 10488.460907 10488.641660 10488.169581 10488.010496 10488.437967 10488.548350 0.000000 0.000000
0.000000 0.000000 11509.364914 11509.254116 11508.842327 11508.995552 11509.453377 11509.279933 11509.300365 11509.524248 11509.600831 11509.524248 11509.300365 11509.279933 11509.453377 11508.995552 11508.842327 11509.254116 11509.364914 0.000000 0.000000
0.000000 0.000000 12491.743465 12491.637462 12491.231889 12491.386768 12491.825259 12491.656179 12491.676715 12491.894940 12491.968560 12491.894940 12491.676715 12491.656179 12491.825259 12491.386768 12491.231889 12491.637462 12491.743465 0.000000 0.000000
0.000000 0.000000 13441.531877 13441.433628 13441.036914 13441.210503 13441.611468 13441.448986 13441.471130 13441.681250 13441.752984 13441.681250 13441.471130 13441.448986 13441.611468 13441.210503 13441.036914 13441.433628 13441.531877 0.000000 0.000000
0.000000 0.000000 14361.953818 14361.853690 14361.460304 14361.622908 14362.029317 14361.868085 14361.888860 14362.097420 14362.167163 14362.097420 14361.888860 14361.868085 14362.029317 14361.622908 14361.460304 14361.853690 14361.953818 0.000000 0.000000
0.000000 0.000000 15252.859375 15252.761389 15252.378939 15252.534838 15252.929178 15252.772597 15252.793201 15252.996474 15253.064675 15252.996474 15252.793201 15252.772597 15252.929178 15252.534838 15252.378939 15252.761389 15252.859371 0.000000 0.000000
0.000000 0.000000 16117.522435 16117.425968 16117.045294 16117.204414 16117.590222 16117.435405 16117.455462 16117.654242 16117.720331 16117.654242 16117.455462 16117.435405 16117.590222 16117.204414 16117.045293 16117.425946 16117.522024 0.000000 0.000000
0.000000 0.000000 16992.590983 16992.889191 16992.514921 16992.669848 16993.051555 16992.899767 16992.917885 16993.113482 16993.176927 16993.113482 16992.917885 16992.899767 16993.051555 16992.669848 16992.514902 16992.885683 16992.978971 0.000000 0.000000
0.000000 0.000000 0.000000 0.000000 0.000000 0.000000 0.000000 0.000000 0.000000 0.000000 0.000000 0.000000 0.000000 0.000000 0.000000 0.000000 0.000000 0.000000 0.000000 0.000000 0.000000
0.000000 0.000000 0.000000 0.000000 0.000000 0.000000 0.000000 0.000000 0.000000 0.000000 0.000000 0.000000 0.000000 0.000000 0.000000 0.000000 0.000000 0.000000 0.000000 0.000000 0.000000