geotop/1.0zi/1.0Montebello/Templates/testdem/maps/_Erotot9948.asc
ncols         21
nrows         20
xllcorner     100.000000
yllcorner     100.000000
cellsize      50.000000
NODATA_value  -9999.0
0.000000 0.000000 0.000000 0.000000 0.000000 0.000000 0.000000 0.000000 0.000000 0.000000 0.000000 0.000000 0.000000 0.000000 0.000000 0.000000 0.000000 0.000000 0.000000 0.000000 0.000000
0.000000 0.000000 828.600249 828.752012 827.560252 827.155852 825.541535 825.048158 825.230340 825.221139 825.619962 825.059756 824.871281 824.913644 825.922845 826.504897 827.861909 829.038193 829.737996 0.000000 0.000000
0.000000 0.000000 62.042113 60.719208 61.075439 60.804729 61.651988 61.195954 60.765286 60.681947 60.865566 61.045977 61.238198 61.293438 61.146051 60.631352 59.610763 58.729403 59.459641 0.000000 0.000000
0.000000 0.000000 543.251886 546.871736 531.932266 523.468617 522.721585 514.781868 521.989912 523.902236 519.590877 520.895066 525.253974 524.648406 533.391092 544.090138 546.808232 545.142454 550.545584 0.000000 0.000000
0.000000 0.000000 4595.742912 4589.373961 4585.355382 4544.146475 4517.953829 4502.217617 4494.351532 4489.454730 4494.095094 4499.629609 4499.452779 4493.168998 4514.503776 4520.784571 4540.217825 4552.140638 4552.942857 0.000000 0.000000
0.000000 0.000000 6907.687010 6901.105503 6895.469407 6896.775815 6867.491392 6854.000010 6858.051232 6857.250624 6850.917281 6844.225346 6841.794009 6846.038569 6848.810456 6876.451001 6876.721855 6884.233137 6885.751738 0.000000 0.000000
0.000000 0.000000 8485.838955 8479.488607 8475.403999 8461.020806 8454.534427 8416.466048 8415.897206 8413.038320 8410.819673 8414.906271 8415.291817 8416.379295 8452.686375 8456.843566 8466.680669 8469.868631 8474.796458 0.000000 0.000000
0.000000 0.000000 10184.066459 10179.774776 10172.395349 10155.016213 10143.996317 10140.246929 10140.636377 10138.739894 10136.769461 10132.830131 10132.077428 10139.122637 10138.058486 10149.871077 10165.962146 10163.750358 10169.787976 0.000000 0.000000
0.000000 0.000000 12347.921937 12341.181885 12331.433736 12323.921434 12305.720913 12281.945534 12285.170331 12281.349785 12276.180251 12275.689012 12278.936665 12272.128297 12300.432729 12316.469034 12319.529372 12323.593780 12325.849172 0.000000 0.000000
0.000000 0.000000 14885.309811 14874.481118 14869.571767 14858.198382 14841.666006 14820.879227 14819.676273 14817.880634 14811.045841 14815.594935 14818.993658 14817.864426 14827.781884 14850.284523 14859.161832 14863.435466 14862.498202 0.000000 0.000000
0.000000 0.000000 17741.970598 17736.201284 17731.619746 17693.053087 17692.199152 17661.650175 17670.332892 17651.674227 17655.602850 17651.101932 17642.676216 17654.524273 17672.651612 17678.500049 17695.389644 17699.004405 17718.030020 0.000000 0.000000
0.000000 0.000000 20968.795978 20951.999356 20929.728689 20924.847700 20911.052258 20875.311973 20873.407180 20876.235999 20881.166024 20864.385700 20873.148715 20869.007869 20902.570133 20919.784178 20922.237511 20928.865135 20955.869990 0.000000 0.000000
0.000000 0.000000 24421.919768 24409.831625 24411.001498 24385.011681 24363.198053 24277.469934 24271.571785 24269.082519 24225.388259 24254.038164 24255.112869 24263.706097 24329.519589 24339.644416 24378.863386 24378.468900 24381.959147 0.000000 0.000000
0.000000 0.000000 28533.236083 28531.961737 28498.536402 28480.315991 28361.988779 28431.590513 28401.291432 28403.386059 28424.662302 28402.894267 28401.149832 28384.041073 28318.326433 28456.663835 28455.100559 28489.595632 28505.777584 0.000000 0.000000
0.000000 0.000000 32775.007011 32761.815884 32742.438461 32606.064770 32689.490403 32596.110200 32576.432380 32568.662845 32533.370044 32523.285591 32537.169467 32540.476374 32624.494213 32537.196646 32726.174437 32675.407821 32662.134697 0.000000 0.000000
0.000000 0.000000 36143.843278 36136.274530 36001.164386 36089.863384 36065.528780 36078.140374 36148.520150 36129.074011 36164.261342 36158.252783 36131.441471 36164.638936 36139.442104 36168.794372 35980.106647 36198.880407 36189.990802 0.000000 0.000000
0.000000 0.000000 38879.586649 38776.563310 38830.283756 38786.005424 38730.700006 38729.516630 38690.872294 38703.249918 38664.771414 38670.666240 38691.296510 38671.614239 38689.462969 38720.736863 38824.217044 38726.987696 38836.520361 0.000000 0.000000
0.000000 0.000000 39798.542484 39861.009253 39938.359652 39932.504931 39928.087536 39867.201489 39874.078028 39855.457852 39880.045593 39875.657376 39877.278957 39878.109831 39928.709910 39934.983817 39944.863220 39871.050318 39809.971115 0.000000 0.000000
0.000000 0.000000 0.000000 0.000000 0.000000 0.000000 0.000000 0.000000 0.000000 0.000000 0.000000 0.000000 0.000000 0.000000 0.000000 0.000000 0.000000 0.000000 0.000000 0.000000 0.000000
0.000000 0.000000 0.000000 0.000000 0.000000 0.000000 0.000000 0.000000 0.000000 0.000000 0.000000 0.000000 0.000000 0.000000 0.000000 0.000000 0.000000 0.000000 0.000000 0.000000 0.000000