geotop/1.0zi/1.0Montebello/Templates/testdem/maps/_Erotot5031.asc
ncols         21
nrows         20
xllcorner     100.000000
yllcorner     100.000000
cellsize      50.000000
NODATA_value  -9999.0
0.000000 0.000000 0.000000 0.000000 0.000000 0.000000 0.000000 0.000000 0.000000 0.000000 0.000000 0.000000 0.000000 0.000000 0.000000 0.000000 0.000000 0.000000 0.000000 0.000000 0.000000
0.000000 0.000000 367.508895 366.585100 366.300935 366.108721 366.079468 366.088912 366.129368 366.289985 366.243858 366.116167 366.196085 366.270478 366.150588 366.197207 366.384257 366.351562 366.920988 0.000000 0.000000
0.000000 0.000000 28.895702 29.843011 30.288365 31.328887 30.844652 30.962034 30.640766 30.435524 30.508160 30.850423 30.513839 30.310477 30.917458 30.537949 29.719904 29.113366 28.443181 0.000000 0.000000
0.000000 0.000000 151.083253 152.464109 145.200055 143.213646 144.419102 139.692719 138.929293 139.025439 137.630080 136.492693 137.603995 136.156796 138.754394 143.550433 143.054774 146.436485 149.150060 0.000000 0.000000
0.000000 0.000000 1517.439026 1521.443254 1526.873449 1509.136138 1497.958898 1489.671256 1492.237135 1486.768880 1490.605575 1494.750111 1495.102745 1495.410729 1504.688775 1503.860627 1510.514311 1515.936454 1517.738399 0.000000 0.000000
0.000000 0.000000 2802.626628 2797.042617 2793.120207 2790.026286 2783.568624 2780.246542 2777.624047 2779.472073 2778.886192 2776.163771 2772.569476 2774.463420 2774.492466 2787.646595 2791.517255 2791.813496 2794.718663 0.000000 0.000000
0.000000 0.000000 3580.091071 3576.833563 3572.106636 3568.185795 3556.276623 3540.480299 3541.827191 3538.497723 3541.341242 3540.472380 3543.389220 3545.657558 3560.597478 3569.944809 3576.131733 3579.534509 3584.525649 0.000000 0.000000
0.000000 0.000000 4155.622426 4154.789813 4155.345880 4150.747565 4149.265534 4144.283616 4144.989648 4145.328826 4142.651946 4143.413190 4142.450402 4141.627370 4145.245914 4148.758581 4150.908051 4151.056574 4151.380794 0.000000 0.000000
0.000000 0.000000 4863.797362 4863.500012 4860.778817 4858.330983 4853.400888 4844.538615 4844.839923 4843.085640 4843.340605 4843.809468 4843.207137 4844.204996 4849.820523 4857.877137 4857.902223 4859.690490 4863.551530 0.000000 0.000000
0.000000 0.000000 5697.170543 5695.285164 5695.444663 5691.328994 5681.902007 5676.603009 5678.225155 5677.383926 5677.250320 5677.060310 5676.357421 5675.074363 5683.049131 5689.923870 5692.263707 5693.616885 5695.173440 0.000000 0.000000
0.000000 0.000000 6581.788730 6579.865439 6578.301737 6575.894716 6572.542531 6561.547174 6561.906244 6559.473038 6559.320164 6560.202638 6559.409849 6559.710991 6565.212608 6568.314421 6573.158367 6575.507720 6578.789998 0.000000 0.000000
0.000000 0.000000 7503.818730 7502.958256 7500.327566 7493.186425 7487.699606 7479.131019 7478.148442 7477.886884 7477.742000 7476.676897 7476.632006 7476.926805 7486.710683 7493.058129 7496.537262 7498.021938 7515.548536 0.000000 0.000000
0.000000 0.000000 8435.510672 8433.452791 8431.079131 8427.941035 8419.589382 8398.670230 8398.978453 8397.257930 8396.895580 8397.337447 8396.067134 8397.018904 8414.938235 8423.569124 8426.948734 8428.808955 8431.342976 0.000000 0.000000
0.000000 0.000000 9434.512955 9431.205832 9428.922714 9424.605607 9402.375944 9410.767528 9404.705643 9403.894454 9404.051672 9404.150748 9403.237984 9403.445728 9397.659447 9418.443924 9422.526386 9428.345386 9428.399825 0.000000 0.000000
0.000000 0.000000 10503.594406 10498.730861 10493.603036 10478.388803 10475.270621 10458.190267 10449.739507 10448.092842 10443.277168 10442.742939 10444.337419 10442.317727 10454.242177 10462.595128 10486.833566 10482.484441 10484.057968 0.000000 0.000000
0.000000 0.000000 11575.541867 11574.898848 11551.025442 11554.602015 11553.211130 11552.017366 11555.227661 11555.476154 11558.326878 11557.880556 11554.710161 11560.882390 11558.857289 11557.538026 11544.902314 11573.015556 11578.221432 0.000000 0.000000
0.000000 0.000000 12795.749297 12766.750304 12757.725747 12748.511225 12731.098139 12723.725892 12721.867544 12721.095947 12716.558087 12716.651129 12717.593240 12714.694063 12720.787268 12739.829141 12755.071423 12755.612707 12784.866669 0.000000 0.000000
0.000000 0.000000 13685.353129 13690.355756 13716.338574 13705.251489 13697.366515 13669.802138 13667.963903 13665.066475 13666.999284 13666.454554 13664.966575 13667.413216 13693.752999 13703.448711 13716.767043 13686.839764 13687.951223 0.000000 0.000000
0.000000 0.000000 0.000000 0.000000 0.000000 0.000000 0.000000 0.000000 0.000000 0.000000 0.000000 0.000000 0.000000 0.000000 0.000000 0.000000 0.000000 0.000000 0.000000 0.000000 0.000000
0.000000 0.000000 0.000000 0.000000 0.000000 0.000000 0.000000 0.000000 0.000000 0.000000 0.000000 0.000000 0.000000 0.000000 0.000000 0.000000 0.000000 0.000000 0.000000 0.000000 0.000000