geotop/1.0zi/1.0Montebello/Templates/testdem/maps/_Erotot6364.asc
ncols         21
nrows         20
xllcorner     100.000000
yllcorner     100.000000
cellsize      50.000000
NODATA_value  -9999.0
0.000000 0.000000 0.000000 0.000000 0.000000 0.000000 0.000000 0.000000 0.000000 0.000000 0.000000 0.000000 0.000000 0.000000 0.000000 0.000000 0.000000 0.000000 0.000000 0.000000 0.000000
0.000000 0.000000 491.902000 492.761480 492.484596 492.782387 492.226022 492.285988 492.244183 492.410483 492.811497 492.115824 492.043619 492.135228 492.287263 492.194882 492.923288 493.122723 493.112420 0.000000 0.000000
0.000000 0.000000 37.095929 35.954116 36.034441 36.177123 36.431835 36.242944 36.056041 35.840411 36.087423 36.417190 36.234156 36.446125 36.320702 36.071932 34.759226 33.999323 34.689680 0.000000 0.000000
0.000000 0.000000 222.416676 225.240350 215.100772 212.693367 212.923368 207.734216 207.272008 206.786299 205.176899 203.138114 205.760871 203.633984 208.451755 214.472804 216.400361 217.813988 222.872974 0.000000 0.000000
0.000000 0.000000 2079.998082 2083.377413 2088.379443 2067.108775 2052.080298 2040.246550 2042.888763 2039.892268 2043.738216 2048.385838 2045.113354 2043.727027 2054.028254 2054.996373 2063.527235 2072.067646 2073.284539 0.000000 0.000000
0.000000 0.000000 3602.746491 3597.511316 3594.290607 3589.413363 3579.073958 3571.136623 3569.667187 3569.187302 3567.428824 3564.822253 3561.859503 3564.538913 3566.804960 3583.437430 3588.807590 3593.380491 3595.821980 0.000000 0.000000
0.000000 0.000000 4785.417407 4783.023450 4779.303037 4774.473352 4761.352012 4743.972739 4743.530946 4740.062067 4741.926454 4744.763567 4746.863501 4747.918714 4768.778041 4778.599155 4783.478783 4785.079991 4790.573313 0.000000 0.000000
0.000000 0.000000 5506.129346 5507.582884 5505.655189 5498.427301 5497.526051 5489.732548 5490.286645 5490.683134 5489.359588 5486.756879 5486.517062 5490.559609 5491.507210 5494.571481 5503.896088 5502.239759 5506.140241 0.000000 0.000000
0.000000 0.000000 6511.358009 6508.511330 6503.320739 6503.783074 6496.262310 6484.851796 6485.480618 6482.304100 6479.894235 6480.799812 6481.913294 6477.159934 6491.687557 6500.545055 6503.563391 6504.843703 6506.910635 0.000000 0.000000
0.000000 0.000000 7672.220849 7669.870298 7671.189643 7669.517910 7653.472030 7645.797303 7646.782901 7646.026647 7643.755764 7646.766810 7650.305661 7648.462202 7652.956817 7664.578820 7669.295718 7669.860218 7671.110935 0.000000 0.000000
0.000000 0.000000 8925.527476 8925.916635 8924.720483 8909.302085 8906.291714 8894.431993 8898.404526 8888.471265 8891.003449 8890.010947 8884.983072 8893.026778 8898.439884 8900.304506 8908.277356 8914.407261 8922.793169 0.000000 0.000000
0.000000 0.000000 10245.329731 10241.043600 10234.796565 10232.147159 10226.801319 10210.984119 10209.568383 10208.956449 10215.475188 10207.865010 10210.065046 10209.977815 10227.287748 10231.535771 10233.645460 10234.817444 10255.455921 0.000000 0.000000
0.000000 0.000000 11589.436382 11586.667151 11587.127630 11578.336907 11573.751404 11543.193555 11541.585299 11541.075930 11525.534407 11535.127789 11539.146993 11541.863061 11561.375536 11565.991712 11582.116159 11581.407359 11589.154769 0.000000 0.000000
0.000000 0.000000 13070.619556 13072.160486 13063.715838 13061.492855 13029.414592 13038.360307 13027.235171 13028.625214 13029.897506 13029.401942 13027.418101 13023.935543 13013.717381 13048.861546 13055.141794 13067.046002 13075.085819 0.000000 0.000000
0.000000 0.000000 14684.150180 14679.553674 14674.816811 14644.518011 14644.654177 14626.996689 14613.050893 14611.031854 14605.365234 14598.006745 14602.294898 14600.638266 14618.218946 14621.485647 14670.388614 14660.506389 14661.225954 0.000000 0.000000
0.000000 0.000000 16354.199935 16353.488372 16308.662049 16309.856468 16314.696037 16306.675607 16326.676013 16317.858157 16325.517127 16320.050156 16313.528528 16324.816005 16329.053668 16328.449079 16302.884060 16365.192327 16358.411748 0.000000 0.000000
0.000000 0.000000 18276.349666 18220.255084 18219.510385 18205.940231 18174.123607 18166.150222 18155.163221 18159.176698 18141.466865 18142.571633 18149.641698 18147.535905 18162.161553 18178.054465 18218.117331 18206.631347 18269.885886 0.000000 0.000000
0.000000 0.000000 19529.256423 19553.458173 19612.094580 19604.059781 19590.091522 19541.793652 19543.463118 19526.564522 19542.633484 19539.768698 19545.307936 19542.183784 19585.012341 19596.702019 19622.625468 19563.764679 19540.677097 0.000000 0.000000
0.000000 0.000000 0.000000 0.000000 0.000000 0.000000 0.000000 0.000000 0.000000 0.000000 0.000000 0.000000 0.000000 0.000000 0.000000 0.000000 0.000000 0.000000 0.000000 0.000000 0.000000
0.000000 0.000000 0.000000 0.000000 0.000000 0.000000 0.000000 0.000000 0.000000 0.000000 0.000000 0.000000 0.000000 0.000000 0.000000 0.000000 0.000000 0.000000 0.000000 0.000000 0.000000