geotop/1.0zi/1.0Montebello/Templates/testdem/maps/_Erotot7048.asc
ncols         21
nrows         20
xllcorner     100.000000
yllcorner     100.000000
cellsize      50.000000
NODATA_value  -9999.0
0.000000 0.000000 0.000000 0.000000 0.000000 0.000000 0.000000 0.000000 0.000000 0.000000 0.000000 0.000000 0.000000 0.000000 0.000000 0.000000 0.000000 0.000000 0.000000 0.000000 0.000000
0.000000 0.000000 566.775705 567.578676 567.232386 567.455162 566.842369 566.879120 566.825423 566.928634 567.354675 566.681305 566.570951 566.652292 566.942826 566.901980 567.662172 567.932266 568.002263 0.000000 0.000000
0.000000 0.000000 44.495847 43.276971 43.256585 43.408316 43.643241 43.495377 43.237188 43.080615 43.319342 43.608234 43.614073 43.736494 43.513834 43.315205 42.028863 41.304533 42.047458 0.000000 0.000000
0.000000 0.000000 237.464965 239.176619 227.464148 224.828989 223.518658 216.538113 217.301655 215.964982 215.018745 212.469830 214.571488 214.480340 222.905592 228.984184 230.129582 231.946599 237.597153 0.000000 0.000000
0.000000 0.000000 2486.126203 2489.495475 2492.856637 2471.723477 2457.009194 2444.027319 2446.047053 2443.038212 2448.457199 2454.821243 2449.464727 2447.746844 2459.298656 2462.050146 2470.645968 2478.197208 2480.167880 0.000000 0.000000
0.000000 0.000000 4242.936118 4237.275662 4233.968331 4227.771840 4213.630154 4205.546793 4204.899003 4204.017479 4200.624534 4194.760511 4193.874267 4197.212888 4197.162901 4215.244535 4223.495322 4230.260039 4232.177569 0.000000 0.000000
0.000000 0.000000 5441.784425 5438.953512 5434.755520 5429.002847 5415.710147 5396.914698 5396.423425 5392.618370 5394.193963 5397.974613 5399.335217 5399.870387 5424.181324 5433.711106 5438.116432 5440.260831 5445.860605 0.000000 0.000000
0.000000 0.000000 6321.135827 6321.748834 6319.117826 6310.611978 6309.297318 6300.860438 6301.517790 6301.429561 6300.606107 6296.813961 6296.012361 6301.884338 6302.721553 6306.416531 6317.340819 6315.366299 6320.472308 0.000000 0.000000
0.000000 0.000000 7512.447584 7508.532553 7502.830892 7503.413008 7493.752053 7480.318998 7481.810606 7477.623345 7475.625358 7475.520684 7477.629278 7472.039928 7488.575519 7501.134950 7501.785039 7504.572501 7506.290754 0.000000 0.000000
0.000000 0.000000 8881.237434 8878.299996 8878.881415 8876.005477 8857.637463 8849.549302 8849.804944 8849.399485 8846.426324 8849.663198 8852.522554 8851.730353 8856.831901 8869.476579 8875.625323 8876.809731 8878.212288 0.000000 0.000000
0.000000 0.000000 10366.984272 10366.513846 10364.145143 10346.569761 10343.112741 10328.392740 10333.961346 10321.888288 10325.625260 10324.134367 10317.678559 10326.798706 10334.087775 10336.142653 10346.636328 10352.514797 10362.734104 0.000000 0.000000
0.000000 0.000000 11946.909006 11940.161973 11933.367678 11930.910452 11922.412740 11905.430967 11903.097526 11903.086183 11910.037099 11900.230917 11903.478061 11903.560675 11922.499343 11929.212474 11930.836869 11933.879952 11955.436044 0.000000 0.000000
0.000000 0.000000 13572.806681 13568.998761 13569.264358 13558.252412 13552.828304 13514.806603 13513.531660 13512.744965 13494.796139 13505.075604 13508.945078 13512.782151 13538.205230 13543.912765 13562.754549 13561.796921 13570.272423 0.000000 0.000000
0.000000 0.000000 15393.197575 15395.515664 15384.437252 15381.196100 15338.987743 15351.139303 15338.986291 15339.829814 15343.804684 15340.761028 15339.032369 15335.353941 15320.254703 15366.735970 15372.294750 15388.110889 15397.055476 0.000000 0.000000
0.000000 0.000000 17401.279940 17394.481080 17387.897262 17345.704294 17349.486561 17327.806238 17311.612748 17309.406889 17301.268634 17292.709368 17296.632310 17295.301877 17320.078783 17318.871296 17383.127407 17370.370365 17369.906014 0.000000 0.000000
0.000000 0.000000 19493.792289 19491.714510 19429.640371 19439.112927 19443.101343 19431.658558 19460.244989 19448.293097 19460.318366 19452.788465 19444.021317 19460.069264 19464.387860 19464.490399 19422.124978 19509.231278 19502.759638 0.000000 0.000000
0.000000 0.000000 21957.186341 21872.595453 21880.452024 21857.259158 21810.749189 21801.306563 21782.756720 21788.605947 21763.217506 21764.538042 21775.835113 21769.353048 21789.343420 21815.878451 21877.716297 21848.265116 21939.893404 0.000000 0.000000
0.000000 0.000000 23340.682699 23397.122322 23481.958633 23475.300682 23463.906756 23392.087390 23397.654497 23374.306121 23402.162276 23396.329729 23399.730940 23400.772396 23462.504232 23472.034499 23496.263968 23416.172295 23361.843248 0.000000 0.000000
0.000000 0.000000 0.000000 0.000000 0.000000 0.000000 0.000000 0.000000 0.000000 0.000000 0.000000 0.000000 0.000000 0.000000 0.000000 0.000000 0.000000 0.000000 0.000000 0.000000 0.000000
0.000000 0.000000 0.000000 0.000000 0.000000 0.000000 0.000000 0.000000 0.000000 0.000000 0.000000 0.000000 0.000000 0.000000 0.000000 0.000000 0.000000 0.000000 0.000000 0.000000 0.000000