geotop/1.0zi/1.0Montebello/Templates/testdem/maps/_Erotot1134.asc
ncols         21
nrows         20
xllcorner     100.000000
yllcorner     100.000000
cellsize      50.000000
NODATA_value  -9999.0
0.000000 0.000000 0.000000 0.000000 0.000000 0.000000 0.000000 0.000000 0.000000 0.000000 0.000000 0.000000 0.000000 0.000000 0.000000 0.000000 0.000000 0.000000 0.000000 0.000000 0.000000
0.000000 0.000000 123.510143 123.511506 123.546264 123.521342 123.503534 123.511530 123.513056 123.508056 123.508692 123.508056 123.513056 123.511530 123.503534 123.521342 123.546264 123.511506 123.510143 0.000000 0.000000
0.000000 0.000000 8.674585 8.455925 6.680381 8.538231 8.710265 8.701743 8.712524 8.718230 8.716369 8.718230 8.712524 8.701743 8.710265 8.538231 6.680381 8.455925 8.674585 0.000000 0.000000
0.000000 0.000000 895.586349 895.381175 895.402530 893.379604 895.642236 895.297967 895.260712 895.790298 895.733055 895.790298 895.260712 895.297967 895.642236 893.379604 895.402530 895.381175 895.586349 0.000000 0.000000
0.000000 0.000000 1638.930853 1638.706202 1637.951832 1638.640677 1639.073284 1638.905510 1638.863299 1639.012369 1638.966494 1639.012369 1638.863299 1638.905510 1639.073284 1638.640677 1637.951832 1638.706202 1638.930853 0.000000 0.000000
0.000000 0.000000 2154.473683 2154.299857 2153.544958 2153.719002 2154.559363 2154.384848 2154.371235 2154.588807 2154.560995 2154.588807 2154.371235 2154.384848 2154.559363 2153.719002 2153.544958 2154.299857 2154.473683 0.000000 0.000000
0.000000 0.000000 2813.213172 2813.074648 2812.392023 2812.564984 2813.273069 2813.139952 2813.135548 2813.315052 2813.290866 2813.315052 2813.135548 2813.139952 2813.273069 2812.564984 2812.392023 2813.074648 2813.213172 0.000000 0.000000
0.000000 0.000000 3443.534910 3443.415273 3442.782859 3442.955510 3443.577350 3443.469396 3443.469048 3443.626954 3443.605969 3443.626954 3443.469048 3443.469396 3443.577350 3442.955510 3442.782859 3443.415273 3443.534910 0.000000 0.000000
0.000000 0.000000 4043.468545 4043.358973 4042.756793 4042.924838 4043.503562 4043.406425 4043.408314 4043.555251 4043.534880 4043.555251 4043.408314 4043.406425 4043.503562 4042.924838 4042.756793 4043.358973 4043.468545 0.000000 0.000000
0.000000 0.000000 4619.223100 4619.140709 4618.549862 4618.755963 4619.249313 4619.168279 4619.176997 4619.306643 4619.286144 4619.306643 4619.176997 4619.168279 4619.249313 4618.755963 4618.549862 4619.140709 4619.223100 0.000000 0.000000
0.000000 0.000000 5172.827834 5172.735588 5172.162179 5172.342109 5172.855850 5172.770558 5172.776131 5172.908377 5172.886821 5172.908377 5172.776131 5172.770558 5172.855850 5172.342109 5172.162179 5172.735588 5172.827834 0.000000 0.000000
0.000000 0.000000 5709.679069 5709.583712 5709.023632 5709.193921 5709.702558 5709.619737 5709.625983 5709.757054 5709.736662 5709.757054 5709.625983 5709.619737 5709.702558 5709.193921 5709.023632 5709.583712 5709.679069 0.000000 0.000000
0.000000 0.000000 6235.082834 6234.989308 6234.435713 6234.607378 6235.104260 6235.022513 6235.029472 6235.158598 6235.137740 6235.158598 6235.029472 6235.022513 6235.104260 6234.607378 6234.435713 6234.989308 6235.082834 0.000000 0.000000
0.000000 0.000000 6749.884468 6749.797535 6749.248332 6749.441100 6749.903893 6749.825832 6749.835487 6749.960243 6749.938708 6749.960243 6749.835487 6749.825832 6749.903893 6749.441100 6749.248332 6749.797535 6749.884468 0.000000 0.000000
0.000000 0.000000 7257.188206 7257.098809 7256.550039 7256.732443 7257.207868 7257.128052 7257.136762 7257.263980 7257.241717 7257.263980 7257.136762 7257.128052 7257.207868 7256.732443 7256.550039 7257.098809 7257.188206 0.000000 0.000000
0.000000 0.000000 7757.616024 7757.527203 7756.991474 7757.166244 7757.634648 7757.557647 7757.566299 7757.690343 7757.668309 7757.690343 7757.566299 7757.557647 7757.634648 7757.166244 7756.991474 7757.527203 7757.616021 0.000000 0.000000
0.000000 0.000000 8249.326247 8249.237732 8248.698827 8248.877372 8249.346132 8249.265826 8249.274638 8249.401139 8249.377985 8249.401139 8249.274638 8249.265826 8249.346132 8248.877371 8248.698827 8249.237715 8249.325917 0.000000 0.000000
0.000000 0.000000 8758.476424 8758.623650 8758.086637 8758.256196 8758.730603 8758.648250 8758.657250 8758.786169 8758.762767 8758.786169 8758.657250 8758.648250 8758.730603 8758.256196 8758.086621 8758.620903 8758.710243 0.000000 0.000000
0.000000 0.000000 0.000000 0.000000 0.000000 0.000000 0.000000 0.000000 0.000000 0.000000 0.000000 0.000000 0.000000 0.000000 0.000000 0.000000 0.000000 0.000000 0.000000 0.000000 0.000000
0.000000 0.000000 0.000000 0.000000 0.000000 0.000000 0.000000 0.000000 0.000000 0.000000 0.000000 0.000000 0.000000 0.000000 0.000000 0.000000 0.000000 0.000000 0.000000 0.000000 0.000000