geotop/1.0zi/1.0Montebello/Templates/testdem/maps/_Erotot8653.asc
ncols         21
nrows         20
xllcorner     100.000000
yllcorner     100.000000
cellsize      50.000000
NODATA_value  -9999.0
0.000000 0.000000 0.000000 0.000000 0.000000 0.000000 0.000000 0.000000 0.000000 0.000000 0.000000 0.000000 0.000000 0.000000 0.000000 0.000000 0.000000 0.000000 0.000000 0.000000 0.000000
0.000000 0.000000 690.827496 691.644007 691.076832 691.167643 690.143667 690.296910 690.282848 690.359199 690.734782 690.110584 689.992461 690.040342 690.418496 690.577539 691.419500 691.974317 692.194681 0.000000 0.000000
0.000000 0.000000 54.250428 53.207125 53.494751 53.462714 54.123934 53.779490 53.454493 53.289217 53.506923 53.822881 53.888039 53.992371 53.840067 53.332027 52.068334 51.248263 51.784194 0.000000 0.000000
0.000000 0.000000 370.026601 370.806448 357.014653 349.291674 349.837398 341.531181 341.410839 342.729055 339.248930 337.190556 339.513711 339.710238 350.074685 357.507277 362.273547 364.962398 370.597981 0.000000 0.000000
0.000000 0.000000 3618.599104 3615.414305 3616.763796 3590.240250 3566.715777 3555.598862 3554.979617 3548.964258 3557.987952 3565.152103 3564.246666 3559.463720 3575.699594 3578.297402 3592.261201 3601.014165 3601.981827 0.000000 0.000000
0.000000 0.000000 5696.940040 5693.012653 5687.910871 5682.901695 5667.020481 5656.689959 5658.297062 5657.052823 5653.214500 5647.283899 5645.769976 5649.646456 5649.218926 5671.183044 5677.414077 5683.456228 5686.207310 0.000000 0.000000
0.000000 0.000000 7054.906081 7050.069222 7047.374565 7039.230544 7024.731189 6999.608868 6998.834121 6996.408372 6996.472933 7000.994229 7001.707008 7002.606870 7032.206650 7042.260436 7048.136481 7051.512000 7056.740563 0.000000 0.000000
0.000000 0.000000 8352.932092 8352.782378 8348.945156 8337.065122 8334.223929 8325.545646 8325.751736 8323.597896 8323.976829 8319.835595 8318.671126 8325.671721 8327.855239 8333.282733 8347.193710 8345.101211 8350.954781 0.000000 0.000000
0.000000 0.000000 10045.522245 10039.786024 10032.977672 10031.422742 10017.314007 10001.321776 10003.311400 9999.663646 9997.118652 9996.834240 9999.656466 9993.461186 10013.933678 10028.862113 10031.093712 10035.347300 10037.407893 0.000000 0.000000
0.000000 0.000000 11986.822577 11981.983824 11981.320816 11976.085278 11953.253867 11943.229330 11942.203180 11942.080955 11938.308748 11942.767405 11945.798992 11945.310163 11952.913778 11969.503314 11977.771789 11980.375185 11981.188073 0.000000 0.000000
0.000000 0.000000 14132.804791 14131.970288 14129.196471 14103.206472 14097.391239 14078.265781 14086.721225 14070.214729 14076.759927 14073.416729 14066.354892 14076.721384 14089.136570 14091.771710 14106.889076 14113.671486 14126.337848 0.000000 0.000000
0.000000 0.000000 16486.324730 16475.139674 16465.233152 16462.365102 16447.129136 16427.895626 16421.434861 16424.788722 16431.385754 16419.443334 16426.062562 16424.314686 16449.548603 16461.616850 16463.993432 16469.462755 16494.175375 0.000000 0.000000
0.000000 0.000000 18965.773157 18958.520706 18961.191009 18940.261645 18933.104637 18873.490550 18871.331929 18871.127583 18844.876407 18862.109799 18864.735017 18871.179655 18914.684486 18921.871245 18950.943759 18949.036989 18957.614236 0.000000 0.000000
0.000000 0.000000 21859.085536 21861.859513 21844.031505 21837.338563 21760.399955 21791.430972 21773.533901 21774.384756 21785.768154 21776.196306 21775.511890 21765.932328 21736.738832 21821.327103 21825.734303 21851.593333 21863.158912 0.000000 0.000000
0.000000 0.000000 25123.810422 25112.124405 25098.859875 25009.741132 25037.372339 24992.686443 24969.791279 24966.456019 24948.645819 24937.621199 24946.515751 24946.480562 24996.124293 24969.662404 25096.111582 25067.433171 25063.061106 0.000000 0.000000
0.000000 0.000000 28452.490398 28447.324026 28322.757220 28375.015715 28368.557699 28365.419599 28425.023837 28406.294392 28436.945441 28428.394867 28406.905567 28438.509515 28432.937820 28438.846137 28311.375949 28502.420129 28493.642071 0.000000 0.000000
0.000000 0.000000 32256.652183 32084.295558 32151.560319 32082.347783 31993.282434 31972.840614 31914.770659 31931.447850 31872.743003 31880.662196 31913.545948 31881.599094 31926.904725 31985.134505 32148.798591 32013.320134 32197.000280 0.000000 0.000000
0.000000 0.000000 33242.856869 33418.465255 33554.068046 33560.887709 33576.290418 33453.916227 33481.487468 33439.147878 33510.083435 33497.690596 33488.668372 33506.675090 33605.548757 33595.526025 33580.757385 33479.581247 33304.558141 0.000000 0.000000
0.000000 0.000000 0.000000 0.000000 0.000000 0.000000 0.000000 0.000000 0.000000 0.000000 0.000000 0.000000 0.000000 0.000000 0.000000 0.000000 0.000000 0.000000 0.000000 0.000000 0.000000
0.000000 0.000000 0.000000 0.000000 0.000000 0.000000 0.000000 0.000000 0.000000 0.000000 0.000000 0.000000 0.000000 0.000000 0.000000 0.000000 0.000000 0.000000 0.000000 0.000000 0.000000