geotop/1.0zi/1.0Montebello/Templates/testdem/maps/_Erotot4720.asc
ncols         21
nrows         20
xllcorner     100.000000
yllcorner     100.000000
cellsize      50.000000
NODATA_value  -9999.0
0.000000 0.000000 0.000000 0.000000 0.000000 0.000000 0.000000 0.000000 0.000000 0.000000 0.000000 0.000000 0.000000 0.000000 0.000000 0.000000 0.000000 0.000000 0.000000 0.000000 0.000000
0.000000 0.000000 353.485428 353.024329 352.809578 352.639565 352.643654 352.682760 352.720596 352.719785 352.705242 352.708063 352.709096 352.752048 352.640627 352.680848 352.876735 352.810410 352.925864 0.000000 0.000000
0.000000 0.000000 27.863642 28.419692 28.810243 29.916711 29.406787 29.502236 29.095617 29.008017 29.051367 29.377681 29.125871 28.926027 29.448534 29.154020 28.253485 27.660293 27.493259 0.000000 0.000000
0.000000 0.000000 136.172831 137.433337 130.343760 127.960474 129.124861 124.145273 123.403760 123.064435 122.194587 121.628787 122.642145 121.242836 123.939216 128.933761 129.506243 131.771862 134.377238 0.000000 0.000000
0.000000 0.000000 1344.497515 1348.668477 1354.023900 1336.893302 1325.789571 1317.822987 1320.310319 1314.501390 1318.740774 1322.973623 1323.252502 1323.699124 1332.988978 1331.954989 1337.375767 1343.121921 1344.976826 0.000000 0.000000
0.000000 0.000000 2628.462338 2622.962037 2619.264729 2616.483554 2611.099499 2607.987219 2605.308567 2607.039324 2606.635101 2604.052295 2600.257119 2601.506945 2601.084491 2614.013496 2618.164037 2618.233977 2621.106000 0.000000 0.000000
0.000000 0.000000 3377.532923 3372.915177 3368.197052 3364.267276 3353.045952 3337.778444 3339.097255 3335.489484 3338.645528 3338.015412 3340.765984 3343.377097 3357.985569 3367.215443 3373.474621 3377.231409 3380.768473 0.000000 0.000000
0.000000 0.000000 3898.020665 3898.214993 3898.971608 3894.538377 3892.822827 3888.069388 3888.740318 3888.879271 3886.477153 3887.504716 3886.381180 3885.479931 3888.756005 3892.234709 3894.355969 3893.785749 3895.040555 0.000000 0.000000
0.000000 0.000000 4552.909863 4552.694622 4550.195543 4547.976900 4543.430060 4534.841960 4535.077181 4533.087635 4533.683275 4534.388279 4533.625263 4534.492715 4539.822140 4547.781898 4547.846222 4549.350118 4553.096414 0.000000 0.000000
0.000000 0.000000 5329.056266 5327.251957 5327.599975 5323.735160 5314.934103 5309.897444 5311.494205 5310.435692 5310.594287 5310.719795 5309.791582 5308.373790 5315.858635 5322.733877 5325.024429 5326.065990 5327.467652 0.000000 0.000000
0.000000 0.000000 6151.249543 6149.396188 6148.135553 6146.041971 6143.265178 6132.700521 6132.984637 6130.313870 6130.538827 6131.631358 6130.600565 6130.659132 6135.842923 6138.812832 6143.617105 6145.713748 6148.813630 0.000000 0.000000
0.000000 0.000000 7007.079258 7006.341419 7004.061019 6997.345510 6992.516443 6984.404287 6983.408031 6982.856027 6983.054564 6982.307742 6981.989982 6982.075071 6991.282785 6997.492972 7000.927271 7002.121908 7019.213377 0.000000 0.000000
0.000000 0.000000 7868.509515 7866.563081 7864.535842 7861.757212 7854.206331 7834.770678 7835.018480 7833.092477 7833.091930 7833.795780 7832.292817 7832.972476 7849.425604 7857.827087 7861.103911 7862.650630 7865.084714 0.000000 0.000000
0.000000 0.000000 8788.657255 8785.716309 8783.771518 8779.879223 8759.913263 8768.147968 8762.199027 8761.145714 8761.654249 8762.073638 8760.881396 8760.835790 8754.946897 8774.230726 8778.188866 8783.513802 8783.477565 0.000000 0.000000
0.000000 0.000000 9771.759592 9767.005703 9762.543667 9749.460130 9746.568719 9730.137661 9722.047939 9720.151862 9715.938712 9715.637292 9716.809838 9714.649959 9725.997758 9734.437139 9756.595965 9752.227057 9753.694975 0.000000 0.000000
0.000000 0.000000 10753.130540 10752.793324 10731.579464 10734.863610 10733.974601 10732.959261 10735.755782 10735.615261 10738.588204 10738.511194 10735.351519 10740.722624 10738.437279 10737.650111 10726.257550 10751.169841 10755.946827 0.000000 0.000000
0.000000 0.000000 11867.303491 11842.069878 11833.789177 11825.753228 11810.546361 11804.038860 11802.222566 11801.265921 11797.512628 11797.938144 11798.265262 11795.601809 11800.635687 11818.030533 11831.874174 11832.610229 11858.320267 0.000000 0.000000
0.000000 0.000000 12689.784299 12693.627719 12716.643350 12706.783841 12699.919588 12675.550623 12673.815482 12670.755505 12672.722530 12672.565129 12670.956240 12672.631837 12695.748811 12705.124858 12717.340068 12690.424972 12692.444776 0.000000 0.000000
0.000000 0.000000 0.000000 0.000000 0.000000 0.000000 0.000000 0.000000 0.000000 0.000000 0.000000 0.000000 0.000000 0.000000 0.000000 0.000000 0.000000 0.000000 0.000000 0.000000 0.000000
0.000000 0.000000 0.000000 0.000000 0.000000 0.000000 0.000000 0.000000 0.000000 0.000000 0.000000 0.000000 0.000000 0.000000 0.000000 0.000000 0.000000 0.000000 0.000000 0.000000 0.000000