geotop/1.0zi/1.0Montebello/Templates/testdem/maps/_Erotot045k.asc
ncols         21
nrows         20
xllcorner     100.000000
yllcorner     100.000000
cellsize      50.000000
NODATA_value  -9999.0
0.000000 0.000000 0.000000 0.000000 0.000000 0.000000 0.000000 0.000000 0.000000 0.000000 0.000000 0.000000 0.000000 0.000000 0.000000 0.000000 0.000000 0.000000 0.000000 0.000000 0.000000
0.000000 0.000000 865.446181 865.559568 864.347133 863.917916 862.288475 861.775815 861.953530 861.940257 862.339663 861.784665 861.588601 861.628045 862.674395 863.270642 864.635052 865.823114 866.547486 0.000000 0.000000
0.000000 0.000000 61.882553 60.632325 61.017487 60.765173 61.608219 61.163075 60.731196 60.646365 60.835840 61.008513 61.205112 61.264332 61.097711 60.597944 59.597870 58.707727 59.421464 0.000000 0.000000
0.000000 0.000000 738.181934 743.679272 726.545676 716.754396 714.919083 706.130764 713.790449 715.185759 711.616511 713.418951 717.333085 716.505139 725.376275 736.866994 741.276204 739.577950 745.659958 0.000000 0.000000
0.000000 0.000000 5158.000996 5151.486240 5148.199392 5105.970284 5079.022473 5062.517975 5055.100312 5051.065274 5055.315122 5060.404506 5060.760489 5054.673677 5075.012583 5082.068241 5102.945478 5116.653627 5117.066793 0.000000 0.000000
0.000000 0.000000 7465.052322 7458.192514 7451.486340 7452.847787 7422.738688 7408.436399 7412.562021 7412.026881 7405.492609 7399.251563 7396.457715 7400.642195 7403.561962 7432.265066 7432.675141 7440.416368 7442.110091 0.000000 0.000000
0.000000 0.000000 9190.363157 9183.961048 9179.439270 9163.964086 9156.488240 9114.779972 9114.748931 9111.726095 9109.699136 9113.115348 9113.905953 9114.937286 9152.227910 9157.123369 9167.780407 9171.747814 9176.764840 0.000000 0.000000
0.000000 0.000000 11097.841060 11093.496006 11085.508971 11064.511018 11052.635313 11048.541273 11049.104610 11047.356083 11045.356364 11041.676573 11040.687177 11047.791150 11046.858995 11059.848944 11077.509559 11075.814330 11082.113242 0.000000 0.000000
0.000000 0.000000 13514.152515 13507.193368 13494.341620 13486.810455 13466.681207 13440.528022 13444.276387 13440.714592 13435.321791 13434.850061 13438.173696 13431.020819 13460.095921 13477.745968 13482.090025 13487.031390 13489.376039 0.000000 0.000000
0.000000 0.000000 16362.485268 16351.141933 16343.922760 16330.520462 16312.229234 16288.585494 16287.846940 16286.450815 16279.294312 16284.013858 16287.337828 16286.274762 16296.286386 16320.810541 16331.502696 16336.937936 16335.885468 0.000000 0.000000
0.000000 0.000000 19606.999850 19601.075217 19595.971512 19552.814427 19551.165018 19516.400159 19526.422982 19506.345552 19510.766695 19505.783057 19496.426061 19509.372496 19528.221858 19535.249627 19554.677764 19559.555370 19580.343016 0.000000 0.000000
0.000000 0.000000 23315.827696 23297.649822 23271.924416 23266.334591 23249.014303 23208.641051 23206.444456 23211.546986 23216.944418 23197.493746 23208.354748 23201.914502 23238.748896 23259.067527 23262.774658 23270.701987 23300.411734 0.000000 0.000000
0.000000 0.000000 27271.769257 27259.296814 27260.510019 27229.913323 27204.815793 27102.165489 27096.769410 27093.765084 27042.682793 27077.662483 27077.673140 27088.316467 27163.251025 27174.942783 27221.522871 27222.063368 27222.407299 0.000000 0.000000
0.000000 0.000000 31833.579518 31833.953592 31795.132098 31776.767226 31640.982128 31730.508457 31697.716949 31701.819632 31731.234906 31702.885573 31700.442890 31679.655282 31595.100743 31753.713972 31748.421223 31788.229493 31806.322237 0.000000 0.000000
0.000000 0.000000 35918.426665 35906.939751 35890.891546 35761.500079 35853.818491 35756.614064 35741.477733 35734.337823 35698.756567 35691.382449 35704.770398 35709.561305 35794.595667 35695.938296 35878.103022 35827.300574 35812.408584 0.000000 0.000000
0.000000 0.000000 38586.528222 38580.762360 38483.130278 38544.396682 38529.334668 38535.007001 38587.761420 38572.752660 38597.308440 38592.599216 38573.983701 38597.647662 38581.221797 38601.743652 38465.787819 38623.529105 38615.268685 0.000000 0.000000
0.000000 0.000000 40614.841666 40549.927338 40577.610399 40554.780629 40517.966963 40519.946380 40499.729812 40507.795569 40485.530939 40489.200850 40499.733014 40491.099570 40498.870033 40516.944737 40571.865050 40522.379720 40590.975278 0.000000 0.000000
0.000000 0.000000 41432.384740 41487.579396 41529.401255 41538.340993 41537.542173 41496.828912 41508.783870 41493.837026 41515.845917 41512.372994 41511.033984 41513.757320 41549.148220 41546.979017 41533.339572 41501.045171 41446.525420 0.000000 0.000000
0.000000 0.000000 0.000000 0.000000 0.000000 0.000000 0.000000 0.000000 0.000000 0.000000 0.000000 0.000000 0.000000 0.000000 0.000000 0.000000 0.000000 0.000000 0.000000 0.000000 0.000000
0.000000 0.000000 0.000000 0.000000 0.000000 0.000000 0.000000 0.000000 0.000000 0.000000 0.000000 0.000000 0.000000 0.000000 0.000000 0.000000 0.000000 0.000000 0.000000 0.000000 0.000000