geotop/1.0zi/1.0Montebello/Templates/testdem/maps/_Erotot1840.asc
ncols         21
nrows         20
xllcorner     100.000000
yllcorner     100.000000
cellsize      50.000000
NODATA_value  -9999.0
0.000000 0.000000 0.000000 0.000000 0.000000 0.000000 0.000000 0.000000 0.000000 0.000000 0.000000 0.000000 0.000000 0.000000 0.000000 0.000000 0.000000 0.000000 0.000000 0.000000 0.000000
0.000000 0.000000 198.807342 198.809357 198.845926 198.830695 198.796904 198.809735 198.811803 198.804003 198.805110 198.804003 198.811803 198.809735 198.796904 198.830695 198.845926 198.809357 198.807342 0.000000 0.000000
0.000000 0.000000 10.779727 10.558931 8.778791 10.625501 10.825411 10.803869 10.811970 10.821100 10.818030 10.821100 10.811970 10.803869 10.825411 10.625501 8.778791 10.558931 10.779727 0.000000 0.000000
0.000000 0.000000 1365.821491 1365.612958 1365.819257 1363.895711 1366.123638 1365.710759 1365.662195 1366.300552 1366.312442 1366.300552 1365.662195 1365.710759 1366.123638 1363.895711 1365.819257 1365.612958 1365.821491 0.000000 0.000000
0.000000 0.000000 2653.949817 2653.737006 2653.136499 2653.819251 2654.280355 2654.083104 2654.032217 2654.196061 2654.167274 2654.196061 2654.032217 2654.083104 2654.280355 2653.819251 2653.136499 2653.737006 2653.949817 0.000000 0.000000
0.000000 0.000000 3462.371459 3462.204107 3461.600577 3461.805170 3462.684871 3462.438196 3462.410535 3462.668366 3462.707318 3462.668366 3462.410535 3462.438196 3462.684871 3461.805170 3461.600577 3462.204107 3462.371459 0.000000 0.000000
0.000000 0.000000 4515.586886 4515.452581 4514.894242 4515.092308 4515.846265 4515.635943 4515.618648 4515.844420 4515.897827 4515.844420 4515.618648 4515.635943 4515.846265 4515.092308 4514.894242 4515.452581 4515.586886 0.000000 0.000000
0.000000 0.000000 5516.128267 5516.017555 5515.494283 5515.688625 5516.346437 5516.166677 5516.151094 5516.352351 5516.407441 5516.352351 5516.151094 5516.166677 5516.346437 5515.688625 5515.494283 5516.017555 5516.128267 0.000000 0.000000
0.000000 0.000000 6460.032285 6459.930059 6459.429482 6459.616935 6460.231783 6460.065057 6460.051135 6460.241990 6460.297318 6460.241990 6460.051135 6460.065057 6460.231783 6459.616935 6459.429482 6459.930059 6460.032285 0.000000 0.000000
0.000000 0.000000 7358.002161 7357.926630 7357.434867 7357.656974 7358.183974 7358.036138 7358.029175 7358.200743 7358.254757 7358.200743 7358.029175 7358.036138 7358.183974 7357.656974 7357.434867 7357.926630 7358.002161 0.000000 0.000000
0.000000 0.000000 8214.624176 8214.539365 8214.064664 8214.258790 8214.801550 8214.652313 8214.642509 8214.814342 8214.866373 8214.814342 8214.642509 8214.652313 8214.801550 8214.258790 8214.064664 8214.539365 8214.624176 0.000000 0.000000
0.000000 0.000000 9038.789719 9038.702660 9038.242060 9038.425655 9038.958419 9038.813934 9038.805075 9038.973403 9039.025734 9038.973403 9038.805075 9038.813934 9038.958419 9038.425655 9038.242060 9038.702660 9038.789719 0.000000 0.000000
0.000000 0.000000 9838.256967 9838.172773 9837.716800 9837.900347 9838.417370 9838.275912 9838.267780 9838.432340 9838.483351 9838.432340 9838.267780 9838.275912 9838.417370 9837.900347 9837.716800 9838.172773 9838.256967 0.000000 0.000000
0.000000 0.000000 10614.839827 10614.762228 10614.313022 10614.514571 10614.995961 10614.859630 10614.854106 10615.012618 10615.062596 10615.012618 10614.854106 10614.859630 10614.995961 10614.514571 10614.313022 10614.762228 10614.839827 0.000000 0.000000
0.000000 0.000000 11371.980680 11371.900214 11371.451345 11371.641103 11372.131134 11371.994861 11371.988513 11372.147504 11372.196529 11372.147504 11371.988513 11371.994861 11372.131134 11371.641103 11371.451345 11371.900214 11371.980680 0.000000 0.000000
0.000000 0.000000 12111.519928 12111.440535 12111.001607 12111.183365 12111.663855 12111.531252 12111.525307 12111.680558 12111.729326 12111.680558 12111.525307 12111.531252 12111.663855 12111.183365 12111.001607 12111.440535 12111.519924 0.000000 0.000000
0.000000 0.000000 12832.499176 12832.420473 12831.980673 12832.164978 12832.640252 12832.507296 12832.501388 12832.654467 12832.701988 12832.654467 12832.501388 12832.507296 12832.640252 12832.164978 12831.980672 12832.420453 12832.498794 0.000000 0.000000
0.000000 0.000000 13570.577593 13570.836585 13570.403531 13570.579278 13571.054080 13570.920658 13570.914854 13571.068837 13571.115597 13571.068837 13570.914854 13570.920658 13571.054080 13570.579277 13570.403513 13570.833235 13570.911479 0.000000 0.000000
0.000000 0.000000 0.000000 0.000000 0.000000 0.000000 0.000000 0.000000 0.000000 0.000000 0.000000 0.000000 0.000000 0.000000 0.000000 0.000000 0.000000 0.000000 0.000000 0.000000 0.000000
0.000000 0.000000 0.000000 0.000000 0.000000 0.000000 0.000000 0.000000 0.000000 0.000000 0.000000 0.000000 0.000000 0.000000 0.000000 0.000000 0.000000 0.000000 0.000000 0.000000 0.000000