geotop/1.0zi/1.0Montebello/Templates/testdem/maps/_Erotot3810.asc
ncols         21
nrows         20
xllcorner     100.000000
yllcorner     100.000000
cellsize      50.000000
NODATA_value  -9999.0
0.000000 0.000000 0.000000 0.000000 0.000000 0.000000 0.000000 0.000000 0.000000 0.000000 0.000000 0.000000 0.000000 0.000000 0.000000 0.000000 0.000000 0.000000 0.000000 0.000000 0.000000
0.000000 0.000000 281.533548 281.094393 280.905824 280.758221 280.787559 280.845370 280.879747 280.878413 280.863959 280.869825 280.869430 280.911837 280.781512 280.799939 280.975649 280.882759 280.975741 0.000000 0.000000
0.000000 0.000000 22.427425 22.979636 23.257321 23.996747 23.641614 23.647906 23.232293 23.158266 23.221891 23.580633 23.329840 23.154854 23.587731 23.355668 22.515007 21.963570 21.837575 0.000000 0.000000
0.000000 0.000000 136.442094 137.507647 130.741415 128.238539 129.279200 124.189370 123.359645 122.979383 122.172020 121.747421 122.885076 121.422928 123.897123 128.953598 129.792677 131.963877 134.848529 0.000000 0.000000
0.000000 0.000000 1254.740966 1260.881819 1266.918523 1258.696976 1249.311911 1243.346892 1246.644783 1240.614756 1246.021853 1248.113493 1248.380602 1249.283809 1257.758515 1255.183932 1254.641668 1255.853501 1254.858520 0.000000 0.000000
0.000000 0.000000 2339.782692 2334.832411 2329.328378 2326.979546 2318.233245 2313.212918 2310.611599 2312.658085 2311.031092 2310.087818 2310.324635 2312.944751 2313.652891 2325.323974 2330.531594 2329.953259 2332.948720 0.000000 0.000000
0.000000 0.000000 2807.905290 2803.399066 2798.358461 2789.546946 2779.537768 2765.960927 2767.130792 2764.063261 2767.061580 2766.368971 2768.225963 2773.251329 2788.385561 2794.462417 2801.014231 2804.620325 2807.746828 0.000000 0.000000
0.000000 0.000000 3237.206310 3238.009592 3237.708053 3232.348242 3230.381892 3226.565861 3227.096110 3227.540449 3225.221747 3225.469866 3225.112516 3225.018986 3229.005040 3233.148004 3234.010684 3232.956604 3233.718028 0.000000 0.000000
0.000000 0.000000 3798.689421 3798.558523 3794.756088 3792.652448 3786.965462 3777.439559 3777.491585 3775.561960 3776.389673 3777.004188 3776.973532 3779.308846 3785.873488 3793.302175 3792.639058 3793.379717 3796.709457 0.000000 0.000000
0.000000 0.000000 4427.577273 4426.531489 4425.420026 4420.781881 4411.058600 4406.011860 4407.270720 4406.424110 4406.500911 4406.523253 4407.002036 4407.265365 4415.588820 4421.622923 4423.241294 4423.522605 4424.521924 0.000000 0.000000
0.000000 0.000000 5087.632828 5086.472517 5083.741926 5080.616224 5077.053068 5066.727037 5066.827168 5064.335634 5064.712558 5065.486966 5065.836949 5067.424618 5073.235650 5075.550518 5079.176799 5080.587523 5083.195780 0.000000 0.000000
0.000000 0.000000 5770.252944 5769.497915 5766.466419 5758.948260 5752.667623 5744.684088 5743.549404 5743.052821 5743.242963 5742.508610 5743.667312 5745.623949 5755.596788 5761.027429 5763.490492 5763.933933 5779.973379 0.000000 0.000000
0.000000 0.000000 6450.163644 6448.844822 6445.586324 6441.745145 6433.408154 6416.634442 6416.637228 6414.983960 6414.983533 6415.554305 6415.950067 6418.413174 6432.631783 6440.122930 6442.248795 6443.164758 6445.084598 0.000000 0.000000
0.000000 0.000000 7173.398500 7171.265977 7167.800785 7163.116451 7145.971707 7152.424712 7147.088637 7146.038708 7146.569971 7146.737313 7147.157570 7148.852484 7144.946956 7160.022066 7162.832913 7167.126754 7166.694133 0.000000 0.000000
0.000000 0.000000 7940.214280 7935.721721 7930.701428 7920.328661 7915.870333 7900.744907 7893.253434 7891.706105 7887.909240 7887.363976 7889.856764 7889.588344 7900.685946 7908.266678 7925.119957 7920.633862 7921.512391 0.000000 0.000000
0.000000 0.000000 8694.837171 8695.048353 8677.697202 8679.061683 8677.071235 8675.454510 8677.296442 8677.137793 8679.625685 8679.626737 8678.625425 8684.928082 8684.149335 8683.128074 8672.788779 8690.478589 8694.114631 0.000000 0.000000
0.000000 0.000000 9549.028708 9532.342211 9524.035436 9516.068250 9501.605106 9495.611811 9493.850287 9493.204980 9490.137082 9490.424152 9492.006096 9492.174357 9497.386476 9511.514409 9522.294009 9522.298858 9539.855419 0.000000 0.000000
0.000000 0.000000 10193.021461 10195.184495 10210.435322 10200.675559 10193.448117 10175.833484 10174.288697 10171.832236 10173.020113 10172.854096 10173.337051 10176.182615 10193.372252 10201.080576 10210.342358 10189.471494 10191.848636 0.000000 0.000000
0.000000 0.000000 0.000000 0.000000 0.000000 0.000000 0.000000 0.000000 0.000000 0.000000 0.000000 0.000000 0.000000 0.000000 0.000000 0.000000 0.000000 0.000000 0.000000 0.000000 0.000000
0.000000 0.000000 0.000000 0.000000 0.000000 0.000000 0.000000 0.000000 0.000000 0.000000 0.000000 0.000000 0.000000 0.000000 0.000000 0.000000 0.000000 0.000000 0.000000 0.000000 0.000000