geotop/1.0zi/1.0Montebello/Templates/testdem/maps/_Erotot5382.asc
ncols         21
nrows         20
xllcorner     100.000000
yllcorner     100.000000
cellsize      50.000000
NODATA_value  -9999.0
0.000000 0.000000 0.000000 0.000000 0.000000 0.000000 0.000000 0.000000 0.000000 0.000000 0.000000 0.000000 0.000000 0.000000 0.000000 0.000000 0.000000 0.000000 0.000000 0.000000 0.000000
0.000000 0.000000 397.748803 396.956623 396.801551 396.598218 396.572212 396.649064 396.605618 396.776886 396.692298 396.473056 396.449214 396.495656 396.610019 396.497365 396.700601 396.882708 397.283364 0.000000 0.000000
0.000000 0.000000 31.069730 31.792249 32.016215 33.199234 32.938140 32.797371 32.610588 32.392814 32.523741 32.900879 32.667319 32.531419 32.923281 32.712129 31.871790 30.995946 30.357581 0.000000 0.000000
0.000000 0.000000 153.284545 154.752851 147.786366 145.020900 146.813801 141.592334 141.002051 141.389819 140.043669 138.701672 140.242272 138.304821 141.032448 145.814434 145.327084 148.738974 151.490541 0.000000 0.000000
0.000000 0.000000 1571.103692 1576.445561 1582.926760 1565.630237 1551.092089 1540.515617 1543.234555 1540.498320 1544.076643 1548.318123 1545.173819 1542.941502 1553.118090 1551.654711 1558.773258 1565.465578 1566.297345 0.000000 0.000000
0.000000 0.000000 2910.960856 2904.906535 2902.282090 2898.240994 2892.181407 2887.929035 2885.555806 2885.889435 2885.520507 2883.188143 2881.229687 2883.877911 2882.478636 2896.805581 2902.004380 2905.261317 2907.750937 0.000000 0.000000
0.000000 0.000000 3859.434651 3857.020825 3854.210762 3849.951918 3837.160746 3820.549974 3820.900508 3817.518180 3819.050166 3821.982758 3823.557188 3824.368395 3843.104934 3852.140687 3856.620306 3857.988025 3862.933151 0.000000 0.000000
0.000000 0.000000 4439.395415 4440.934023 4440.418392 4434.558565 4434.443201 4428.139048 4428.655429 4429.199915 4427.973014 4425.741082 4425.440832 4428.760320 4428.052184 4429.873818 4437.764743 4435.970245 4438.552293 0.000000 0.000000
0.000000 0.000000 5211.324995 5208.948846 5205.342806 5206.676803 5200.803354 5191.332373 5191.657804 5189.304693 5186.897832 5188.267924 5189.341657 5184.231292 5196.297597 5203.444469 5205.298574 5205.845612 5206.980464 0.000000 0.000000
0.000000 0.000000 6109.689532 6107.526359 6110.077099 6109.897087 6096.240868 6090.028692 6091.497954 6090.686899 6088.862658 6091.945929 6094.871204 6093.148921 6095.558165 6104.657854 6108.274478 6108.223719 6108.679447 0.000000 0.000000
0.000000 0.000000 7077.536402 7077.884947 7078.441317 7065.225301 7063.182673 7053.768072 7057.034518 7048.560042 7050.842624 7050.182284 7045.658918 7052.601239 7055.821482 7056.513794 7062.602503 7068.274923 7074.817898 0.000000 0.000000
0.000000 0.000000 8083.236209 8079.138979 8075.124272 8073.694447 8070.882036 8057.204466 8056.511463 8055.606392 8062.162793 8055.653410 8057.346837 8056.772739 8070.987590 8072.924568 8074.276473 8074.396950 8092.867963 0.000000 0.000000
0.000000 0.000000 9094.626833 9092.987693 9094.314968 9087.778841 9084.505111 9061.652497 9060.465480 9060.341882 9046.858220 9055.378715 9059.310093 9061.038494 9073.772023 9076.898488 9089.795456 9089.120054 9095.283281 0.000000 0.000000
0.000000 0.000000 10196.398351 10197.919779 10191.997253 10191.449689 10168.674732 10176.447199 10166.595230 10168.124689 10169.174391 10169.131408 10167.638004 10164.420541 10154.804349 10179.310500 10184.393018 10193.972567 10200.473471 0.000000 0.000000
0.000000 0.000000 11375.466966 11371.305248 11368.935689 11350.212859 11349.973639 11336.618692 11324.602161 11323.459824 11319.176508 11313.693417 11316.383750 11314.637270 11327.299349 11330.525695 11365.547304 11357.554572 11357.425624 0.000000 0.000000
0.000000 0.000000 12576.923055 12576.339292 12548.288066 12546.405107 12551.176240 12544.494249 12559.046830 12552.247172 12557.074674 12553.081042 12549.049419 12555.986773 12558.943909 12558.523579 12542.434268 12583.751714 12576.842394 0.000000 0.000000
0.000000 0.000000 13926.359237 13893.702642 13891.241181 13884.112604 13863.807649 13858.883678 13852.315200 13855.277109 13843.961498 13844.255853 13847.785862 13848.665836 13857.556471 13864.720695 13890.172398 13887.392038 13924.959843 0.000000 0.000000
0.000000 0.000000 14909.412644 14915.666118 14950.376619 14944.820778 14936.348932 14907.949076 14908.676801 14896.875360 14905.900194 14904.617455 14910.131429 14904.918126 14929.471112 14935.625688 14956.399453 14920.244792 14913.439515 0.000000 0.000000
0.000000 0.000000 0.000000 0.000000 0.000000 0.000000 0.000000 0.000000 0.000000 0.000000 0.000000 0.000000 0.000000 0.000000 0.000000 0.000000 0.000000 0.000000 0.000000 0.000000 0.000000
0.000000 0.000000 0.000000 0.000000 0.000000 0.000000 0.000000 0.000000 0.000000 0.000000 0.000000 0.000000 0.000000 0.000000 0.000000 0.000000 0.000000 0.000000 0.000000 0.000000 0.000000