geotop/1.0zi/1.0Montebello/Templates/testdem/maps/_Erotot6883.asc
ncols         21
nrows         20
xllcorner     100.000000
yllcorner     100.000000
cellsize      50.000000
NODATA_value  -9999.0
0.000000 0.000000 0.000000 0.000000 0.000000 0.000000 0.000000 0.000000 0.000000 0.000000 0.000000 0.000000 0.000000 0.000000 0.000000 0.000000 0.000000 0.000000 0.000000 0.000000 0.000000
0.000000 0.000000 561.018139 561.809620 561.462279 561.703139 561.090440 561.077856 561.078110 561.202055 561.612865 560.953933 560.843621 560.936602 561.208116 561.169917 561.905634 562.171362 562.234114 0.000000 0.000000
0.000000 0.000000 44.001570 42.866478 42.957692 43.100711 43.347399 43.178784 42.945259 42.775961 43.020474 43.291085 43.220219 43.444377 43.205104 42.999533 41.722784 40.935936 41.612771 0.000000 0.000000
0.000000 0.000000 224.888118 227.062315 216.065453 213.370051 213.236702 207.860174 207.210711 207.018795 206.127611 205.291513 207.360710 206.042069 212.585677 218.548374 219.444594 220.532859 225.755011 0.000000 0.000000
0.000000 0.000000 2348.085991 2351.197489 2354.497742 2334.284421 2319.738873 2306.328358 2309.441165 2305.203274 2310.761910 2316.295299 2311.703652 2310.106163 2322.330763 2324.910124 2333.033921 2340.943977 2342.987220 0.000000 0.000000
0.000000 0.000000 4117.555360 4111.913621 4108.877258 4102.037944 4089.199893 4081.666942 4080.183623 4080.203728 4076.739423 4071.198275 4070.076412 4073.211265 4072.826217 4090.558096 4099.137197 4105.493385 4107.352696 0.000000 0.000000
0.000000 0.000000 5286.962586 5284.118546 5280.159758 5274.927765 5261.690178 5243.525610 5243.108780 5239.147743 5241.002816 5244.914997 5246.480793 5246.957627 5270.461098 5280.070582 5284.232720 5286.062178 5291.574022 0.000000 0.000000
0.000000 0.000000 6121.734012 6122.693351 6120.227545 6112.123416 6111.033208 6102.915738 6103.454934 6103.579245 6102.630795 6099.554149 6098.871815 6103.991865 6104.674373 6108.247415 6118.772317 6116.764754 6121.492342 0.000000 0.000000
0.000000 0.000000 7262.744206 7259.181668 7253.508068 7254.130725 7245.362986 7232.929044 7233.832664 7230.127078 7228.004562 7228.491920 7230.470436 7224.830874 7240.522040 7252.943971 7253.455899 7255.759182 7257.444384 0.000000 0.000000
0.000000 0.000000 8575.109945 8572.312661 8573.224168 8570.737384 8553.506959 8545.569552 8546.071298 8545.391723 8542.950815 8546.234579 8549.403716 8548.056585 8552.821876 8564.897931 8570.983425 8571.795023 8573.122056 0.000000 0.000000
0.000000 0.000000 9997.559559 9996.963407 9995.162705 9978.393496 9975.168174 9961.853716 9966.575392 9955.333672 9958.720190 9957.890909 9951.852178 9960.294570 9966.732795 9968.909329 9978.844686 9984.586488 9994.277309 0.000000 0.000000
0.000000 0.000000 11505.770730 11499.661120 11493.377866 11490.650275 11483.666707 11467.098214 11465.046816 11464.732573 11471.836682 11463.060803 11465.943622 11465.738065 11484.028667 11490.030382 11491.849956 11494.182318 11515.545280 0.000000 0.000000
0.000000 0.000000 13053.214304 13049.889476 13049.892240 13040.159391 13034.966299 12999.582948 12998.068242 12997.378764 12980.322670 12990.361648 12994.806952 12997.879891 13021.374142 13027.155960 13045.023599 13044.073775 13052.104410 0.000000 0.000000
0.000000 0.000000 14779.350223 14781.470959 14771.400369 14768.184640 14729.418735 14740.879688 14728.671102 14729.821108 14733.351796 14731.421308 14729.714840 14725.815303 14711.316669 14755.056724 14760.630583 14775.328856 14783.959318 0.000000 0.000000
0.000000 0.000000 16674.616625 16668.199034 16662.264417 16623.358441 16626.288999 16606.771599 16590.765588 16588.930757 16581.422791 16573.762245 16577.620032 16575.723264 16598.318052 16598.518629 16658.534237 16646.297040 16645.826551 0.000000 0.000000
0.000000 0.000000 18650.440218 18648.717097 18591.525574 18598.078192 18603.136328 18593.766040 18619.815376 18608.586257 18619.682977 18613.041377 18605.367771 18619.589107 18622.251900 18622.313540 18585.469173 18665.280266 18658.773388 0.000000 0.000000
0.000000 0.000000 20962.483662 20886.024864 20891.059285 20871.417131 20829.763072 20820.853434 20804.218495 20809.659316 20786.827039 20788.510360 20798.610910 20793.041319 20811.657054 20835.258519 20889.797045 20866.007996 20949.116516 0.000000 0.000000
0.000000 0.000000 22321.553898 22366.900135 22445.430720 22437.693108 22426.126692 22361.660573 22365.513358 22344.350061 22368.656642 22364.172986 22368.487894 22367.700797 22423.443749 22434.513656 22459.445458 22383.891340 22340.393277 0.000000 0.000000
0.000000 0.000000 0.000000 0.000000 0.000000 0.000000 0.000000 0.000000 0.000000 0.000000 0.000000 0.000000 0.000000 0.000000 0.000000 0.000000 0.000000 0.000000 0.000000 0.000000 0.000000
0.000000 0.000000 0.000000 0.000000 0.000000 0.000000 0.000000 0.000000 0.000000 0.000000 0.000000 0.000000 0.000000 0.000000 0.000000 0.000000 0.000000 0.000000 0.000000 0.000000 0.000000