geotop/1.0zi/1.0Montebello/Templates/testdem/maps/_Erotot0743.asc
ncols         21
nrows         20
xllcorner     100.000000
yllcorner     100.000000
cellsize      50.000000
NODATA_value  -9999.0
0.000000 0.000000 0.000000 0.000000 0.000000 0.000000 0.000000 0.000000 0.000000 0.000000 0.000000 0.000000 0.000000 0.000000 0.000000 0.000000 0.000000 0.000000 0.000000 0.000000 0.000000
0.000000 0.000000 58.851425 58.852375 58.885911 58.856981 58.850584 58.852343 58.853111 58.850721 58.850926 58.850721 58.853111 58.852343 58.850584 58.856981 58.885911 58.852375 58.851425 0.000000 0.000000
0.000000 0.000000 6.413380 6.196383 4.424036 6.289635 6.455737 6.440649 6.456807 6.461022 6.460562 6.461022 6.456807 6.440649 6.455737 6.289635 4.424036 6.196383 6.413380 0.000000 0.000000
0.000000 0.000000 664.510050 664.071554 664.349703 662.049944 664.521036 664.365509 664.195671 664.481007 664.418613 664.481007 664.195671 664.365509 664.521036 662.049944 664.349703 664.071554 664.510050 0.000000 0.000000
0.000000 0.000000 1088.354189 1088.090107 1087.396394 1088.032609 1088.411470 1088.333112 1088.268953 1088.390518 1088.382613 1088.390518 1088.268953 1088.333112 1088.411470 1088.032609 1087.396394 1088.090107 1088.354189 0.000000 0.000000
0.000000 0.000000 1472.113334 1471.842115 1471.208224 1471.257159 1472.146021 1472.074122 1472.009647 1472.137546 1472.118605 1472.137546 1472.009647 1472.074122 1472.146021 1471.257159 1471.208224 1471.842115 1472.113334 0.000000 0.000000
0.000000 0.000000 1928.714235 1928.495182 1927.920920 1927.985393 1928.733811 1928.684678 1928.633749 1928.734387 1928.718285 1928.734387 1928.633749 1928.684678 1928.733811 1927.985393 1927.920920 1928.495182 1928.714235 0.000000 0.000000
0.000000 0.000000 2364.623945 2364.431428 2363.895960 2363.971234 2364.636594 2364.599599 2364.555761 2364.641414 2364.627071 2364.641414 2364.555761 2364.599599 2364.636594 2363.971234 2363.895960 2364.431428 2364.623945 0.000000 0.000000
0.000000 0.000000 2780.073218 2779.894102 2779.383291 2779.458923 2780.082166 2780.051068 2780.010717 2780.088549 2780.074862 2780.088549 2780.010717 2780.051068 2780.082166 2779.458923 2779.383291 2779.894102 2780.073218 0.000000 0.000000
0.000000 0.000000 3179.336201 3179.186435 3178.683590 3178.800546 3179.339172 3179.321364 3179.288611 3179.350768 3179.337409 3179.350768 3179.288611 3179.321364 3179.339172 3178.800546 3178.683590 3179.186435 3179.336201 0.000000 0.000000
0.000000 0.000000 3565.206028 3565.046145 3564.559253 3564.651387 3565.211370 3565.188476 3565.153167 3565.218324 3565.204320 3565.218324 3565.153167 3565.188476 3565.211370 3564.651387 3564.559253 3565.046145 3565.206028 0.000000 0.000000
0.000000 0.000000 3940.962378 3940.799277 3940.323742 3940.407130 3940.965173 3940.942876 3940.908200 3940.972822 3940.960045 3940.972822 3940.908200 3940.942876 3940.965173 3940.407130 3940.323742 3940.799277 3940.962378 0.000000 0.000000
0.000000 0.000000 4308.591225 4308.429706 4307.959329 4308.044784 4308.593050 4308.570781 4308.536757 4308.599715 4308.586874 4308.599715 4308.536757 4308.570781 4308.593050 4308.044784 4307.959329 4308.429706 4308.591225 0.000000 0.000000
0.000000 0.000000 4670.639704 4670.484030 4670.017702 4670.124938 4670.640224 4670.621734 4670.590129 4670.648023 4670.635041 4670.648023 4670.590129 4670.621734 4670.640224 4670.124938 4670.017702 4670.484030 4670.639704 0.000000 0.000000
0.000000 0.000000 5027.762743 5027.603192 5027.136691 5027.232926 5027.763268 5027.743460 5027.710897 5027.770625 5027.757030 5027.770625 5027.710897 5027.743460 5027.763268 5027.232926 5027.136691 5027.603192 5027.762743 0.000000 0.000000
0.000000 0.000000 5380.908715 5380.751624 5380.295523 5380.386653 5380.909997 5380.891185 5380.859024 5380.917254 5380.903044 5380.917254 5380.859024 5380.891185 5380.909997 5380.386653 5380.295523 5380.751624 5380.908712 0.000000 0.000000
0.000000 0.000000 5728.570656 5728.410755 5727.952053 5728.044459 5728.572054 5728.550922 5728.518262 5728.577700 5728.563092 5728.577700 5728.518262 5728.550922 5728.572054 5728.044459 5727.952053 5728.410741 5728.570286 0.000000 0.000000
0.000000 0.000000 6087.533057 6087.529048 6087.072546 6087.154105 6087.691258 6087.668991 6087.635761 6087.696750 6087.681973 6087.696750 6087.635761 6087.668991 6087.691258 6087.154104 6087.072532 6087.526896 6087.689648 0.000000 0.000000
0.000000 0.000000 0.000000 0.000000 0.000000 0.000000 0.000000 0.000000 0.000000 0.000000 0.000000 0.000000 0.000000 0.000000 0.000000 0.000000 0.000000 0.000000 0.000000 0.000000 0.000000
0.000000 0.000000 0.000000 0.000000 0.000000 0.000000 0.000000 0.000000 0.000000 0.000000 0.000000 0.000000 0.000000 0.000000 0.000000 0.000000 0.000000 0.000000 0.000000 0.000000 0.000000