geotop/1.0zi/1.0Montebello/Templates/testdem/maps/_Erotot114'.asc
ncols         21
nrows         20
xllcorner     100.000000
yllcorner     100.000000
cellsize      50.000000
NODATA_value  -9999.0
0.000000 0.000000 0.000000 0.000000 0.000000 0.000000 0.000000 0.000000 0.000000 0.000000 0.000000 0.000000 0.000000 0.000000 0.000000 0.000000 0.000000 0.000000 0.000000 0.000000 0.000000
0.000000 0.000000 958.007839 957.445479 956.094787 954.188238 952.836853 952.052587 952.521519 953.204785 953.115902 952.302071 952.261873 952.337723 953.910664 954.419353 957.222427 957.861962 958.439954 0.000000 0.000000
0.000000 0.000000 67.313454 68.247103 66.732262 69.664087 68.979258 68.287078 68.627595 67.449277 68.393415 70.616780 68.361502 68.406287 67.928474 67.448262 65.252971 64.567383 67.687392 0.000000 0.000000
0.000000 0.000000 915.908325 923.381328 902.566290 893.127539 896.661073 886.048858 885.614635 888.516957 880.343241 880.931094 886.009910 890.158505 893.706938 906.927924 912.311412 912.913895 917.604098 0.000000 0.000000
0.000000 0.000000 5889.255865 5875.423994 5879.980053 5837.918167 5805.884543 5788.398999 5783.361993 5777.240614 5782.510098 5788.811477 5789.438022 5777.928852 5803.447734 5810.580629 5830.108492 5844.357775 5845.271512 0.000000 0.000000
0.000000 0.000000 8161.794719 8158.606952 8148.756033 8148.470328 8119.283516 8105.035339 8108.147669 8106.850104 8098.726355 8092.460235 8090.927199 8094.670888 8096.784560 8127.959384 8127.894371 8137.381269 8138.124685 0.000000 0.000000
0.000000 0.000000 10069.496057 10063.771513 10057.457029 10042.574392 10035.071380 9989.560437 9986.389360 9982.602070 9981.087793 9984.699104 9983.984187 9985.428467 10024.717946 10030.066842 10041.389750 10047.386795 10051.721909 0.000000 0.000000
0.000000 0.000000 12253.972228 12249.808579 12241.100469 12216.694657 12204.850856 12196.556754 12193.276269 12191.327072 12187.897608 12185.209472 12183.388328 12190.562062 12189.585420 12204.004041 12222.526647 12220.741829 12227.110397 0.000000 0.000000
0.000000 0.000000 15003.990736 14996.675914 14983.883713 14976.299001 14956.267857 14926.306802 14926.805670 14921.938248 14916.464119 14914.902608 14917.785131 14910.333932 14941.636845 14961.106092 14966.056586 14972.497558 14974.768039 0.000000 0.000000
0.000000 0.000000 18291.814179 18278.265746 18269.064565 18256.714649 18236.335788 18209.888398 18203.995768 18202.558960 18193.415319 18198.143717 18204.914637 18202.717242 18213.682394 18240.595616 18252.376146 18259.244588 18257.737876 0.000000 0.000000
0.000000 0.000000 22091.174555 22081.829521 22077.141134 22028.040367 22027.947381 21986.610857 21997.222554 21972.507677 21978.340369 21972.952056 21960.114954 21975.288452 21994.906902 22003.700302 22025.024812 22031.564245 22054.338150 0.000000 0.000000
0.000000 0.000000 26477.317264 26454.376159 26422.941870 26418.289653 26401.998637 26352.104003 26339.794084 26347.158327 26349.710546 26334.430139 26342.404460 26334.758731 26376.121179 26400.668008 26403.414084 26413.261306 26445.956804 0.000000 0.000000
0.000000 0.000000 31002.596141 30983.607140 30984.452785 30949.802891 30924.374827 30805.656912 30795.379085 30790.471284 30731.214518 30771.118188 30771.404880 30783.634098 30869.122467 30882.447916 30935.029330 30941.290349 30932.313303 0.000000 0.000000
0.000000 0.000000 35656.388064 35662.473093 35620.875792 35607.392934 35473.065505 35579.116299 35543.247138 35542.748917 35573.721680 35540.941242 35537.540482 35515.564136 35423.994816 35583.592556 35572.849107 35609.916053 35627.699455 0.000000 0.000000
0.000000 0.000000 38856.077600 38844.289253 38832.281148 38745.146441 38812.906110 38745.831079 38734.134021 38730.685099 38707.526370 38702.088281 38712.678477 38714.786592 38772.999225 38694.916028 38823.754403 38787.753622 38775.695511 0.000000 0.000000
0.000000 0.000000 40791.068595 40786.510186 40726.580668 40755.962574 40757.108228 40752.791229 40783.817648 40770.897437 40784.476872 40778.374814 40767.433053 40782.994411 40778.119687 40783.755197 40710.488335 40801.320582 40792.937492 0.000000 0.000000
0.000000 0.000000 42331.642685 42281.972487 42318.031091 42287.304957 42264.403671 42260.829131 42241.359716 42248.309280 42227.021366 42230.264262 42239.851026 42232.167432 42241.565537 42247.282235 42307.225352 42251.386105 42299.920547 0.000000 0.000000
0.000000 0.000000 42929.798269 43002.792178 43028.718641 43039.740352 43049.841374 43012.890162 43029.226360 43014.196839 43038.731399 43034.428169 43030.207177 43036.288893 43065.303716 43054.977642 43029.621505 43015.328704 42946.864453 0.000000 0.000000
0.000000 0.000000 0.000000 0.000000 0.000000 0.000000 0.000000 0.000000 0.000000 0.000000 0.000000 0.000000 0.000000 0.000000 0.000000 0.000000 0.000000 0.000000 0.000000 0.000000 0.000000
0.000000 0.000000 0.000000 0.000000 0.000000 0.000000 0.000000 0.000000 0.000000 0.000000 0.000000 0.000000 0.000000 0.000000 0.000000 0.000000 0.000000 0.000000 0.000000 0.000000 0.000000