geotop/1.0zi/1.0Montebello/Templates/testdem/maps/_Erotot7976.asc
ncols         21
nrows         20
xllcorner     100.000000
yllcorner     100.000000
cellsize      50.000000
NODATA_value  -9999.0
0.000000 0.000000 0.000000 0.000000 0.000000 0.000000 0.000000 0.000000 0.000000 0.000000 0.000000 0.000000 0.000000 0.000000 0.000000 0.000000 0.000000 0.000000 0.000000 0.000000 0.000000
0.000000 0.000000 665.441702 666.254351 665.720579 665.841230 664.846005 665.019276 665.006499 665.069897 665.502076 664.827483 664.705861 664.758141 665.118332 665.257671 666.077707 666.609079 666.809431 0.000000 0.000000
0.000000 0.000000 51.455811 50.478843 50.402380 50.791730 51.427059 51.109541 50.813726 50.676732 50.908230 51.268686 51.287806 51.438219 51.188601 50.676799 49.399600 48.544250 49.062317 0.000000 0.000000
0.000000 0.000000 354.641420 355.760842 343.698972 338.141768 338.686228 327.371218 327.494310 328.308530 324.648575 322.879007 325.025966 325.167146 335.430711 342.486399 347.109004 350.027894 354.903506 0.000000 0.000000
0.000000 0.000000 3208.430178 3209.688869 3212.219231 3188.719303 3169.170972 3158.466251 3157.670817 3153.010126 3159.855571 3164.895156 3160.402554 3158.986481 3174.043707 3177.530077 3188.262802 3197.063598 3196.922100 0.000000 0.000000
0.000000 0.000000 5118.418722 5113.201884 5109.707323 5103.624036 5088.468190 5078.402049 5079.287044 5078.210034 5074.900638 5069.210935 5068.237448 5071.436559 5070.916285 5091.044479 5098.963590 5105.756043 5108.916396 0.000000 0.000000
0.000000 0.000000 6419.471626 6416.283307 6411.745816 6404.673808 6390.819246 6368.778376 6367.706261 6363.922412 6365.341691 6369.039888 6370.546486 6371.036435 6398.973119 6409.053871 6414.685495 6417.479063 6422.733638 0.000000 0.000000
0.000000 0.000000 7543.254254 7543.325418 7540.287407 7530.085482 7527.473918 7517.948416 7518.125438 7517.947836 7516.974500 7512.992031 7512.309133 7518.540651 7520.503951 7525.491364 7538.095843 7536.656009 7541.699933 0.000000 0.000000
0.000000 0.000000 9018.189309 9013.443815 9007.038370 9006.362438 8995.112624 8979.573982 8980.828681 8976.246059 8974.191427 8973.895695 8976.378929 8970.583428 8989.443591 9003.492836 9005.484131 9009.213595 9010.641036 0.000000 0.000000
0.000000 0.000000 10706.812609 10703.127485 10703.257925 10698.577237 10677.947562 10667.994846 10667.559425 10667.317354 10663.866424 10667.309954 10670.460366 10669.741002 10676.800860 10691.424797 10699.257451 10701.254933 10702.412632 0.000000 0.000000
0.000000 0.000000 12557.310577 12556.254231 12553.194180 12532.361897 12526.309046 12510.161291 12515.936505 12502.481792 12506.643660 12504.797148 12497.804044 12507.862381 12517.551781 12520.615429 12533.441445 12540.567826 12551.399737 0.000000 0.000000
0.000000 0.000000 14562.961360 14554.631793 14546.276492 14542.376337 14531.714566 14511.279551 14507.508511 14508.228571 14515.621025 14504.387157 14508.648089 14508.451731 14531.454061 14540.370290 14543.473815 14547.520978 14571.105749 0.000000 0.000000
0.000000 0.000000 16649.605556 16644.445544 16644.694699 16630.124616 16622.795860 16572.683501 16570.957287 16569.951831 16548.177406 16560.800294 16565.127396 16569.998963 16605.019470 16612.542782 16636.397130 16636.056960 16643.649797 0.000000 0.000000
0.000000 0.000000 19045.550608 19047.787968 19033.691739 19028.444879 18968.122353 18989.196217 18973.014909 18974.299074 18981.207726 18976.044687 18973.769233 18968.742349 18946.849642 19011.956951 19018.638412 19039.309328 19049.210405 0.000000 0.000000
0.000000 0.000000 21735.034813 21726.119019 21716.646701 21649.264406 21664.649334 21630.758702 21611.067791 21607.673186 21595.329048 21584.469337 21591.086935 21589.821414 21627.659217 21615.470601 21711.627857 21692.224936 21689.569866 0.000000 0.000000
0.000000 0.000000 24539.790810 24536.215145 24439.372225 24469.847963 24469.932411 24460.749183 24504.861903 24489.607491 24510.271043 24501.868578 24486.421330 24511.533365 24512.092308 24513.848413 24430.073037 24572.257032 24563.750683 0.000000 0.000000
0.000000 0.000000 27887.347338 27746.114880 27784.215519 27735.837203 27661.805447 27646.052020 27605.590952 27617.418284 27572.623976 27577.162640 27600.656532 27580.422822 27614.667146 27661.541799 27780.959035 27696.305590 27846.412566 0.000000 0.000000
0.000000 0.000000 29144.587614 29282.340567 29411.052369 29413.207142 29417.932513 29305.163465 29323.771133 29286.354696 29343.421540 29332.886698 29328.782260 29341.042611 29434.036239 29431.863634 29434.656318 29329.426711 29192.837624 0.000000 0.000000
0.000000 0.000000 0.000000 0.000000 0.000000 0.000000 0.000000 0.000000 0.000000 0.000000 0.000000 0.000000 0.000000 0.000000 0.000000 0.000000 0.000000 0.000000 0.000000 0.000000 0.000000
0.000000 0.000000 0.000000 0.000000 0.000000 0.000000 0.000000 0.000000 0.000000 0.000000 0.000000 0.000000 0.000000 0.000000 0.000000 0.000000 0.000000 0.000000 0.000000 0.000000 0.000000