geotop/1.0zi/1.0Montebello/Templates/testdem/maps/_Erotot1899.asc
ncols         21
nrows         20
xllcorner     100.000000
yllcorner     100.000000
cellsize      50.000000
NODATA_value  -9999.0
0.000000 0.000000 0.000000 0.000000 0.000000 0.000000 0.000000 0.000000 0.000000 0.000000 0.000000 0.000000 0.000000 0.000000 0.000000 0.000000 0.000000 0.000000 0.000000 0.000000 0.000000
0.000000 0.000000 199.948542 199.950670 199.987542 199.974051 199.937079 199.951228 199.953485 199.944471 199.945921 199.944471 199.953485 199.951228 199.937079 199.974051 199.987542 199.950670 199.948542 0.000000 0.000000
0.000000 0.000000 10.592436 10.371536 8.591102 10.436149 10.639100 10.616291 10.624215 10.634517 10.631102 10.634517 10.624215 10.616291 10.639100 10.436149 8.591102 10.371536 10.592436 0.000000 0.000000
0.000000 0.000000 1391.768295 1391.559131 1391.750586 1389.684106 1391.929679 1391.472182 1391.501056 1392.238589 1392.257460 1392.238589 1391.501056 1391.472182 1391.929679 1389.684106 1391.750586 1391.559131 1391.768295 0.000000 0.000000
0.000000 0.000000 2718.297702 2718.085218 2717.483415 2718.167718 2718.615550 2718.419204 2718.375786 2718.541146 2718.511225 2718.541146 2718.375786 2718.419204 2718.615550 2718.167718 2717.483415 2718.085218 2718.297702 0.000000 0.000000
0.000000 0.000000 3548.178773 3548.011342 3547.398312 3547.514588 3548.393364 3548.120883 3548.147674 3548.468168 3548.509970 3548.468168 3548.147674 3548.120883 3548.393364 3547.514588 3547.398312 3548.011342 3548.178773 0.000000 0.000000
0.000000 0.000000 4632.806714 4632.672392 4632.105628 4632.223312 4632.973687 4632.740286 4632.772882 4633.057039 4633.111844 4633.057039 4632.772882 4632.740286 4632.973687 4632.223312 4632.105628 4632.672392 4632.806714 0.000000 0.000000
0.000000 0.000000 5662.824234 5662.713531 5662.182915 5662.305038 5662.958163 5662.757829 5662.787147 5663.041694 5663.097255 5663.041694 5662.787147 5662.757829 5662.958163 5662.305038 5662.182915 5662.713531 5662.824234 0.000000 0.000000
0.000000 0.000000 6633.723293 6633.621155 6633.114029 6633.234657 6633.844318 6633.658642 6633.686184 6633.926755 6633.981997 6633.926755 6633.686184 6633.658642 6633.844318 6633.234657 6633.114029 6633.621155 6633.723293 0.000000 0.000000
0.000000 0.000000 7556.661350 7556.585892 7556.088208 7556.246910 7556.768693 7556.602925 7556.635075 7556.853977 7556.907578 7556.853977 7556.635075 7556.602925 7556.768693 7556.246910 7556.088208 7556.585892 7556.661350 0.000000 0.000000
0.000000 0.000000 8436.693110 8436.608428 8436.128295 8436.261370 8436.798782 8436.632343 8436.660028 8436.877502 8436.928902 8436.877502 8436.660028 8436.632343 8436.798782 8436.261370 8436.128295 8436.608428 8436.693110 0.000000 0.000000
0.000000 0.000000 9282.135161 9282.048320 9281.582926 9281.708913 9282.236031 9282.075452 9282.101835 9282.313349 9282.364746 9282.313349 9282.101835 9282.075452 9282.236031 9281.708913 9281.582926 9282.048320 9282.135161 0.000000 0.000000
0.000000 0.000000 10101.515838 10101.431951 10100.971481 10101.098257 10101.609546 10101.452259 10101.478711 10101.685803 10101.735767 10101.685803 10101.478711 10101.452259 10101.609546 10101.098257 10100.971481 10101.431951 10101.515838 0.000000 0.000000
0.000000 0.000000 10897.255743 10897.178474 10896.725188 10896.871140 10897.346766 10897.195045 10897.223168 10897.423246 10897.472039 10897.423246 10897.223168 10897.195045 10897.346766 10896.871140 10896.725188 10897.178474 10897.255743 0.000000 0.000000
0.000000 0.000000 11672.858674 11672.778544 11672.325993 11672.460752 11672.944856 11672.793435 11672.820233 11673.020258 11673.068006 11673.020258 11672.820233 11672.793435 11672.944856 11672.460752 11672.325993 11672.778544 11672.858674 0.000000 0.000000
0.000000 0.000000 12430.262516 12430.183502 12429.741116 12429.868809 12430.343199 12430.195761 12430.222318 12430.417963 12430.465322 12430.417963 12430.222318 12430.195761 12430.343199 12429.868809 12429.741116 12430.183502 12430.262512 0.000000 0.000000
0.000000 0.000000 13168.467526 13168.389215 13167.946416 13168.077518 13168.546366 13168.399008 13168.424978 13168.617737 13168.663738 13168.617737 13168.424978 13168.399008 13168.546366 13168.077518 13167.946416 13168.389194 13168.467121 0.000000 0.000000
0.000000 0.000000 13922.612832 13922.873659 13922.438175 13922.564334 13923.032239 13922.885612 13922.909397 13923.100478 13923.145429 13923.100478 13922.909397 13922.885612 13923.032239 13922.564333 13922.438156 13922.870280 13922.948020 0.000000 0.000000
0.000000 0.000000 0.000000 0.000000 0.000000 0.000000 0.000000 0.000000 0.000000 0.000000 0.000000 0.000000 0.000000 0.000000 0.000000 0.000000 0.000000 0.000000 0.000000 0.000000 0.000000
0.000000 0.000000 0.000000 0.000000 0.000000 0.000000 0.000000 0.000000 0.000000 0.000000 0.000000 0.000000 0.000000 0.000000 0.000000 0.000000 0.000000 0.000000 0.000000 0.000000 0.000000