geotop/1.0zi/1.0Montebello/Templates/testdem/maps/_Erotot1099.asc
ncols         21
nrows         20
xllcorner     100.000000
yllcorner     100.000000
cellsize      50.000000
NODATA_value  -9999.0
0.000000 0.000000 0.000000 0.000000 0.000000 0.000000 0.000000 0.000000 0.000000 0.000000 0.000000 0.000000 0.000000 0.000000 0.000000 0.000000 0.000000 0.000000 0.000000 0.000000 0.000000
0.000000 0.000000 123.040991 123.042352 123.077103 123.052164 123.034408 123.042376 123.043899 123.038910 123.039544 123.038910 123.043899 123.042376 123.034408 123.052164 123.077103 123.042352 123.040991 0.000000 0.000000
0.000000 0.000000 8.643539 8.424885 6.649353 8.507222 8.679183 8.670694 8.681482 8.687171 8.685312 8.687171 8.681482 8.670694 8.679183 8.507222 6.649353 8.424885 8.643539 0.000000 0.000000
0.000000 0.000000 895.708052 895.502885 895.524251 893.501310 895.763934 895.419648 895.382393 895.911978 895.854730 895.911978 895.382393 895.419648 895.763934 893.501310 895.524251 895.502885 895.708052 0.000000 0.000000
0.000000 0.000000 1613.135648 1612.910961 1612.156544 1612.845378 1613.278055 1613.110267 1613.068054 1613.217138 1613.171256 1613.217138 1613.068054 1613.110267 1613.278055 1612.845378 1612.156544 1612.910961 1613.135648 0.000000 0.000000
0.000000 0.000000 2130.909165 2130.735232 2129.980082 2130.154122 2130.994959 2130.820373 2130.806724 2131.024396 2130.996587 2131.024396 2130.806724 2130.820373 2130.994959 2130.154122 2129.980082 2130.735232 2130.909165 0.000000 0.000000
0.000000 0.000000 2778.972470 2778.833801 2778.150771 2778.323769 2779.032517 2778.899306 2778.894857 2779.074502 2779.050319 2779.074502 2778.894857 2778.899306 2779.032517 2778.323769 2778.150771 2778.833801 2778.972470 0.000000 0.000000
0.000000 0.000000 3397.065370 3396.945561 3396.312612 3396.485338 3397.107974 3396.999908 3396.999512 3397.157587 3397.136602 3397.157587 3396.999512 3396.999908 3397.107974 3396.485338 3396.312612 3396.945561 3397.065370 0.000000 0.000000
0.000000 0.000000 3984.736329 3984.626560 3984.023719 3984.191871 3984.771513 3984.674249 3984.676089 3984.823225 3984.802850 3984.823225 3984.676089 3984.674249 3984.771513 3984.191871 3984.023719 3984.626560 3984.736329 0.000000 0.000000
0.000000 0.000000 4548.455637 4548.373041 4547.781397 4547.987667 4548.482018 4548.400847 4548.409520 4548.539388 4548.518878 4548.539388 4548.409520 4548.400847 4548.482018 4547.987667 4547.781397 4548.373041 4548.455637 0.000000 0.000000
0.000000 0.000000 5090.272911 5090.180433 5089.606093 5089.786234 5090.301105 5090.215652 5090.221181 5090.353681 5090.332108 5090.353681 5090.221181 5090.215652 5090.301105 5089.786234 5089.606093 5090.180433 5090.272911 0.000000 0.000000
0.000000 0.000000 5615.565170 5615.469545 5614.908402 5615.078923 5615.588837 5615.505836 5615.512036 5615.643399 5615.622986 5615.643399 5615.512036 5615.505836 5615.588837 5615.078923 5614.908402 5615.469545 5615.565170 0.000000 0.000000
0.000000 0.000000 6129.606474 6129.512637 6128.957853 6129.129788 6129.628074 6129.546129 6129.553044 6129.682490 6129.661610 6129.682490 6129.553044 6129.546129 6129.628074 6129.129788 6128.957853 6129.512637 6129.606474 0.000000 0.000000
0.000000 0.000000 6633.193320 6633.106064 6632.555532 6632.748655 6633.212924 6633.134650 6633.144268 6633.269374 6633.247806 6633.269374 6633.144268 6633.134650 6633.212924 6632.748655 6632.555532 6633.106064 6633.193320 0.000000 0.000000
0.000000 0.000000 7129.436565 7129.346839 7128.796576 7128.979380 7129.456421 7129.376369 7129.385042 7129.512654 7129.490348 7129.512654 7129.385042 7129.376369 7129.456421 7128.979380 7128.796576 7129.346839 7129.436565 0.000000 0.000000
0.000000 0.000000 7618.942727 7618.853544 7618.316240 7618.491416 7618.961548 7618.884307 7618.892920 7619.017364 7618.995282 7619.017364 7618.892920 7618.884307 7618.961548 7618.491416 7618.316240 7618.853544 7618.942724 0.000000 0.000000
0.000000 0.000000 8099.829376 8099.740512 8099.199835 8099.378833 8099.849514 8099.768894 8099.777668 8099.904652 8099.881434 8099.904652 8099.777668 8099.768894 8099.849514 8099.378833 8099.199835 8099.740495 8099.829077 0.000000 0.000000
0.000000 0.000000 8599.217084 8599.368223 8598.829354 8598.999361 8599.475873 8599.393186 8599.402154 8599.531599 8599.508133 8599.531599 8599.402154 8599.393186 8599.475873 8598.999361 8598.829338 8599.365519 8599.455287 0.000000 0.000000
0.000000 0.000000 0.000000 0.000000 0.000000 0.000000 0.000000 0.000000 0.000000 0.000000 0.000000 0.000000 0.000000 0.000000 0.000000 0.000000 0.000000 0.000000 0.000000 0.000000 0.000000
0.000000 0.000000 0.000000 0.000000 0.000000 0.000000 0.000000 0.000000 0.000000 0.000000 0.000000 0.000000 0.000000 0.000000 0.000000 0.000000 0.000000 0.000000 0.000000 0.000000 0.000000