geotop/1.0zi/1.0Montebello/Templates/testdem/maps/_Erotot3169.asc
ncols         21
nrows         20
xllcorner     100.000000
yllcorner     100.000000
cellsize      50.000000
NODATA_value  -9999.0
0.000000 0.000000 0.000000 0.000000 0.000000 0.000000 0.000000 0.000000 0.000000 0.000000 0.000000 0.000000 0.000000 0.000000 0.000000 0.000000 0.000000 0.000000 0.000000 0.000000 0.000000
0.000000 0.000000 350.731119 350.733972 350.737528 350.856307 350.725599 350.729926 350.703776 350.744373 350.759540 350.744373 350.703776 350.729926 350.725599 350.856307 350.737528 350.733972 350.731119 0.000000 0.000000
0.000000 0.000000 11.501733 11.263068 9.505979 11.187656 11.500076 11.430497 11.542174 11.441181 11.808411 11.441181 11.542174 11.430497 11.500076 11.187656 9.505979 11.263068 11.501733 0.000000 0.000000
0.000000 0.000000 2577.658148 2577.289000 2577.447168 2575.613255 2577.460545 2576.992719 2576.959614 2577.765647 2577.908123 2577.765647 2576.959614 2576.992719 2577.460545 2575.613255 2577.447168 2577.289000 2577.658148 0.000000 0.000000
0.000000 0.000000 4797.322625 4797.144895 4796.474945 4797.052403 4797.575575 4797.447043 4797.423556 4797.531651 4797.552674 4797.531651 4797.423556 4797.447043 4797.575575 4797.052403 4796.474945 4797.144895 4797.322625 0.000000 0.000000
0.000000 0.000000 6226.186344 6225.962844 6225.351259 6225.486245 6226.254845 6225.980779 6226.013093 6226.302117 6226.526024 6226.302117 6226.013093 6225.980779 6226.254845 6225.486245 6225.351259 6225.962844 6226.186344 0.000000 0.000000
0.000000 0.000000 8014.453630 8014.264940 8013.706744 8013.826266 8014.482382 8014.246671 8014.281104 8014.532333 8014.755307 8014.532333 8014.281104 8014.246671 8014.482382 8013.826266 8013.706744 8014.264940 8014.453630 0.000000 0.000000
0.000000 0.000000 9668.748022 9668.588581 9668.075548 9668.198599 9668.755520 9668.554006 9668.587368 9668.809110 9669.010814 9668.809110 9668.587368 9668.554006 9668.755520 9668.198599 9668.075548 9668.588581 9668.748022 0.000000 0.000000
0.000000 0.000000 11194.330480 11194.186022 11193.702952 11193.824815 11194.333999 11194.150400 11194.179901 11194.385177 11194.575676 11194.385177 11194.179901 11194.150400 11194.333999 11193.824815 11193.702952 11194.186022 11194.330480 0.000000 0.000000
0.000000 0.000000 12614.577918 12614.463758 12613.998904 12614.157983 12614.578785 12614.415892 12614.447760 12614.631696 12614.805737 12614.631696 12614.447760 12614.415892 12614.578785 12614.157983 12613.998904 12614.463758 12614.577918 0.000000 0.000000
0.000000 0.000000 13937.942359 13937.823429 13937.384376 13937.518955 13937.946820 13937.785860 13937.813511 13937.995249 13938.159546 13937.995249 13937.813511 13937.785860 13937.946820 13937.518955 13937.384376 13937.823429 13937.942359 0.000000 0.000000
0.000000 0.000000 15188.881414 15188.767534 15188.356418 15188.486464 15188.901037 15188.747715 15188.770741 15188.951156 15189.105196 15188.951156 15188.770741 15188.747715 15188.901037 15188.486464 15188.356418 15188.767534 15188.881414 0.000000 0.000000
0.000000 0.000000 16374.646785 16374.540333 16374.140661 16374.271921 16374.665263 16374.516945 16374.539024 16374.714631 16374.859605 16374.714631 16374.539024 16374.516945 16374.665263 16374.271921 16374.140661 16374.540333 16374.646785 0.000000 0.000000
0.000000 0.000000 17509.387638 17509.290302 17508.904521 17509.052367 17509.408001 17509.266815 17509.289626 17509.457276 17509.595047 17509.457276 17509.289626 17509.266815 17509.408001 17509.052367 17508.904521 17509.290302 17509.387638 0.000000 0.000000
0.000000 0.000000 18594.225949 18594.128346 18593.753084 18593.889057 18594.249834 18594.110451 18594.130770 18594.297068 18594.428265 18594.297068 18594.130770 18594.110451 18594.249834 18593.889057 18593.753084 18594.128346 18594.225949 0.000000 0.000000
0.000000 0.000000 19633.255578 19633.160289 19632.797201 19632.925469 19633.272162 19633.138192 19633.158625 19633.317832 19633.444959 19633.317832 19633.158625 19633.138192 19633.272162 19632.925469 19632.797201 19633.160289 19633.255574 0.000000 0.000000
0.000000 0.000000 20632.471500 20632.379018 20632.022314 20632.154294 20632.488032 20632.356986 20632.377253 20632.532312 20632.652238 20632.532312 20632.377253 20632.356986 20632.488032 20632.154294 20632.022313 20632.378997 20632.471482 0.000000 0.000000
0.000000 0.000000 21647.589046 21648.043412 21647.695456 21647.823075 21648.148210 21648.021799 21648.040461 21648.190758 21648.307067 21648.190758 21648.040461 21648.021799 21648.148210 21647.823075 21647.695438 21648.040078 21648.129071 0.000000 0.000000
0.000000 0.000000 0.000000 0.000000 0.000000 0.000000 0.000000 0.000000 0.000000 0.000000 0.000000 0.000000 0.000000 0.000000 0.000000 0.000000 0.000000 0.000000 0.000000 0.000000 0.000000
0.000000 0.000000 0.000000 0.000000 0.000000 0.000000 0.000000 0.000000 0.000000 0.000000 0.000000 0.000000 0.000000 0.000000 0.000000 0.000000 0.000000 0.000000 0.000000 0.000000 0.000000