geotop/1.0zi/1.0Montebello/Templates/testdem/maps/_Erotot0183.asc
ncols         21
nrows         20
xllcorner     100.000000
yllcorner     100.000000
cellsize      50.000000
NODATA_value  -9999.0
0.000000 0.000000 0.000000 0.000000 0.000000 0.000000 0.000000 0.000000 0.000000 0.000000 0.000000 0.000000 0.000000 0.000000 0.000000 0.000000 0.000000 0.000000 0.000000 0.000000 0.000000
0.000000 0.000000 4.641430 4.641429 4.641429 4.641429 4.641429 4.641429 4.641429 4.641429 4.641429 4.641429 4.641429 4.641429 4.641429 4.641429 4.641429 4.641429 4.641430 0.000000 0.000000
0.000000 0.000000 3.472903 3.472841 3.472869 3.472844 3.472836 3.472835 3.472834 3.472834 3.472834 3.472834 3.472834 3.472835 3.472836 3.472844 3.472869 3.472841 3.472903 0.000000 0.000000
0.000000 0.000000 173.631530 173.631169 173.631274 173.631346 173.631380 173.631390 173.631392 173.631392 173.631392 173.631392 173.631392 173.631390 173.631380 173.631346 173.631274 173.631169 173.631530 0.000000 0.000000
0.000000 0.000000 229.458620 229.458496 229.458525 229.458545 229.458557 229.458560 229.458561 229.458561 229.458561 229.458561 229.458561 229.458560 229.458557 229.458545 229.458525 229.458496 229.458620 0.000000 0.000000
0.000000 0.000000 334.611792 334.611550 334.611663 334.611705 334.611720 334.611724 334.611725 334.611725 334.611725 334.611725 334.611725 334.611724 334.611720 334.611705 334.611663 334.611550 334.611792 0.000000 0.000000
0.000000 0.000000 441.170196 441.169961 441.170070 441.170112 441.170126 441.170130 441.170131 441.170131 441.170131 441.170131 441.170131 441.170130 441.170126 441.170112 441.170070 441.169961 441.170196 0.000000 0.000000
0.000000 0.000000 542.092444 542.092213 542.092322 542.092364 542.092378 542.092382 542.092383 542.092383 542.092383 542.092383 542.092383 542.092382 542.092378 542.092364 542.092322 542.092213 542.092444 0.000000 0.000000
0.000000 0.000000 638.671160 638.670930 638.671039 638.671080 638.671095 638.671098 638.671099 638.671099 638.671099 638.671099 638.671099 638.671098 638.671095 638.671080 638.671039 638.670930 638.671160 0.000000 0.000000
0.000000 0.000000 732.238915 732.238687 732.238795 732.238837 732.238851 732.238854 732.238855 732.238855 732.238855 732.238855 732.238855 732.238854 732.238851 732.238837 732.238795 732.238687 732.238915 0.000000 0.000000
0.000000 0.000000 823.863586 823.863356 823.863465 823.863507 823.863521 823.863524 823.863525 823.863525 823.863525 823.863525 823.863525 823.863524 823.863521 823.863507 823.863465 823.863356 823.863586 0.000000 0.000000
0.000000 0.000000 914.301709 914.301477 914.301587 914.301629 914.301643 914.301647 914.301647 914.301647 914.301647 914.301647 914.301647 914.301647 914.301643 914.301629 914.301587 914.301477 914.301709 0.000000 0.000000
0.000000 0.000000 1003.269134 1003.268902 1003.269012 1003.269054 1003.269068 1003.269071 1003.269072 1003.269072 1003.269072 1003.269072 1003.269072 1003.269071 1003.269068 1003.269054 1003.269012 1003.268902 1003.269134 0.000000 0.000000
0.000000 0.000000 1090.562965 1090.562729 1090.562842 1090.562884 1090.562898 1090.562901 1090.562902 1090.562902 1090.562902 1090.562902 1090.562902 1090.562901 1090.562898 1090.562884 1090.562842 1090.562729 1090.562965 0.000000 0.000000
0.000000 0.000000 1176.936503 1176.936273 1176.936383 1176.936425 1176.936438 1176.936441 1176.936442 1176.936442 1176.936442 1176.936442 1176.936442 1176.936441 1176.936438 1176.936425 1176.936383 1176.936273 1176.936503 0.000000 0.000000
0.000000 0.000000 1261.596843 1261.596593 1261.596714 1261.596760 1261.596773 1261.596776 1261.596777 1261.596777 1261.596777 1261.596777 1261.596777 1261.596776 1261.596773 1261.596760 1261.596714 1261.596593 1261.596842 0.000000 0.000000
0.000000 0.000000 1345.245936 1345.245499 1345.245611 1345.245656 1345.245669 1345.245672 1345.245673 1345.245673 1345.245673 1345.245673 1345.245673 1345.245672 1345.245669 1345.245656 1345.245611 1345.245493 1345.245738 0.000000 0.000000
0.000000 0.000000 1431.136227 1431.160691 1431.160099 1431.160132 1431.160145 1431.160148 1431.160148 1431.160149 1431.160149 1431.160149 1431.160148 1431.160148 1431.160145 1431.160131 1431.160090 1431.160007 1431.160343 0.000000 0.000000
0.000000 0.000000 0.000000 0.000000 0.000000 0.000000 0.000000 0.000000 0.000000 0.000000 0.000000 0.000000 0.000000 0.000000 0.000000 0.000000 0.000000 0.000000 0.000000 0.000000 0.000000
0.000000 0.000000 0.000000 0.000000 0.000000 0.000000 0.000000 0.000000 0.000000 0.000000 0.000000 0.000000 0.000000 0.000000 0.000000 0.000000 0.000000 0.000000 0.000000 0.000000 0.000000