geotop/1.0zi/1.0Montebello/Templates/testdem/maps/_Erotot4649.asc
ncols         21
nrows         20
xllcorner     100.000000
yllcorner     100.000000
cellsize      50.000000
NODATA_value  -9999.0
0.000000 0.000000 0.000000 0.000000 0.000000 0.000000 0.000000 0.000000 0.000000 0.000000 0.000000 0.000000 0.000000 0.000000 0.000000 0.000000 0.000000 0.000000 0.000000 0.000000 0.000000
0.000000 0.000000 347.237596 346.777127 346.562075 346.393881 346.397775 346.438169 346.475674 346.474112 346.460767 346.463938 346.465906 346.510258 346.395123 346.437023 346.631518 346.564676 346.678487 0.000000 0.000000
0.000000 0.000000 27.330176 27.970348 28.357796 29.426941 29.042876 29.119681 28.717807 28.653504 28.688383 28.998162 28.713874 28.470313 28.957534 28.696578 27.796818 27.203226 27.004114 0.000000 0.000000
0.000000 0.000000 137.773115 138.979519 131.892568 129.550473 130.631309 125.664871 124.931492 124.576272 123.706550 123.159572 124.193315 122.801684 125.535140 130.491213 131.057312 133.319744 135.957036 0.000000 0.000000
0.000000 0.000000 1344.090070 1348.217087 1353.577440 1336.436581 1325.258464 1317.300939 1319.769301 1313.942294 1318.193480 1322.428605 1322.742721 1323.235107 1332.524924 1331.499235 1336.927900 1342.678116 1344.537865 0.000000 0.000000
0.000000 0.000000 2626.958302 2622.207070 2618.714071 2616.049589 2610.776628 2607.677431 2604.995156 2606.726914 2606.322643 2603.739603 2599.894471 2601.072060 2600.593925 2613.501682 2617.639284 2617.708806 2620.577441 0.000000 0.000000
0.000000 0.000000 3324.020746 3319.065451 3315.138583 3311.851386 3303.041544 3288.217028 3289.959052 3286.755082 3289.779789 3288.913586 3290.761514 3292.082936 3306.704608 3314.132072 3320.467658 3324.274236 3327.793308 0.000000 0.000000
0.000000 0.000000 3817.474251 3817.794624 3818.610791 3814.045374 3812.343239 3807.556178 3808.180720 3808.347276 3805.978497 3806.945970 3805.936495 3804.852839 3808.034123 3812.045385 3814.032673 3813.415195 3814.634829 0.000000 0.000000
0.000000 0.000000 4465.485023 4465.395805 4463.154731 4461.050410 4456.949675 4448.477596 4448.769937 4446.855046 4447.438917 4448.089466 4447.184534 4447.756846 4453.077028 4460.806894 4460.836333 4462.339073 4466.067631 0.000000 0.000000
0.000000 0.000000 5222.596110 5220.932130 5221.524840 5217.794613 5209.471942 5204.551145 5206.210616 5205.228299 5205.371003 5205.442327 5204.360363 5202.654904 5210.085754 5216.725699 5218.984706 5220.021394 5221.405121 0.000000 0.000000
0.000000 0.000000 6022.699021 6020.994817 6019.963336 6017.994960 6015.691118 6005.259144 6005.608247 6003.021664 6003.229521 6004.266143 6003.078598 6002.854414 6007.965661 6010.724699 6015.487788 6017.575724 6020.648982 0.000000 0.000000
0.000000 0.000000 6856.737173 6856.133142 6854.064384 6847.491556 6843.035494 6835.043965 6834.109277 6833.618090 6833.799687 6833.015615 6832.560405 6832.433338 6841.538274 6847.568287 6850.969850 6852.158159 6869.168480 0.000000 0.000000
0.000000 0.000000 7694.544056 7692.738139 7690.942801 7688.289727 7681.240700 7662.231408 7662.544774 7660.707104 7660.689116 7661.332303 7659.678930 7660.073041 7676.173535 7684.327324 7687.562589 7689.096761 7691.523040 0.000000 0.000000
0.000000 0.000000 8588.625774 8585.841874 8584.124774 8580.379558 8561.313142 8569.559539 8563.735469 8562.765541 8563.248066 8563.611124 8562.255954 8561.922356 8556.038401 8574.704306 8578.609750 8583.887311 8583.845867 0.000000 0.000000
0.000000 0.000000 9543.417639 9538.798406 9534.638354 9522.162841 9519.710230 9503.517032 9495.570054 9493.771136 9489.594316 9489.241092 9490.214554 9487.828734 9499.036606 9507.229648 9528.767686 9524.466954 9525.912074 0.000000 0.000000
0.000000 0.000000 10495.576415 10495.350985 10475.023244 10478.283960 10477.831008 10476.806937 10479.590696 10479.515647 10482.393610 10482.261841 10478.998218 10483.949670 10481.747093 10480.874405 10469.762298 10493.861587 10498.544964 0.000000 0.000000
0.000000 0.000000 11575.828374 11551.743815 11543.817772 11536.031209 11521.551438 11515.201022 11513.501522 11512.647748 11508.976933 11509.329713 11509.409031 11506.586646 11511.502171 11528.393327 11541.940515 11542.750850 11567.496170 0.000000 0.000000
0.000000 0.000000 12376.001387 12379.585876 12401.846278 12392.221527 12385.869906 12362.243374 12360.627383 12357.714750 12359.544678 12359.339726 12357.599459 12358.855293 12381.312989 12390.473562 12402.448546 12376.558626 12378.780580 0.000000 0.000000
0.000000 0.000000 0.000000 0.000000 0.000000 0.000000 0.000000 0.000000 0.000000 0.000000 0.000000 0.000000 0.000000 0.000000 0.000000 0.000000 0.000000 0.000000 0.000000 0.000000 0.000000
0.000000 0.000000 0.000000 0.000000 0.000000 0.000000 0.000000 0.000000 0.000000 0.000000 0.000000 0.000000 0.000000 0.000000 0.000000 0.000000 0.000000 0.000000 0.000000 0.000000 0.000000