geotop/1.0zi/1.0Montebello/Templates/testdem/maps/_Erotot9058.asc
ncols         21
nrows         20
xllcorner     100.000000
yllcorner     100.000000
cellsize      50.000000
NODATA_value  -9999.0
0.000000 0.000000 0.000000 0.000000 0.000000 0.000000 0.000000 0.000000 0.000000 0.000000 0.000000 0.000000 0.000000 0.000000 0.000000 0.000000 0.000000 0.000000 0.000000 0.000000 0.000000
0.000000 0.000000 719.236361 719.874589 719.305360 719.391226 718.372770 718.496860 718.579382 718.653604 719.035224 718.401176 718.290777 718.329061 718.735638 718.864033 719.687659 720.277087 720.436766 0.000000 0.000000
0.000000 0.000000 56.012128 55.028581 55.326127 55.258952 56.083101 55.756971 55.385976 55.252980 55.456811 55.785750 55.843557 55.960936 55.734079 55.129772 53.858298 53.011561 53.621466 0.000000 0.000000
0.000000 0.000000 429.749292 431.485570 418.434394 412.203572 411.633340 405.768728 410.763371 412.439553 408.490556 406.892259 410.309019 409.815564 418.305923 426.779153 430.589340 424.990531 432.263329 0.000000 0.000000
0.000000 0.000000 3939.122051 3932.384264 3928.944934 3894.593515 3870.168538 3858.305996 3850.752694 3843.551685 3852.022770 3858.809461 3857.195383 3852.163091 3871.855170 3876.351685 3892.057466 3903.163316 3903.336334 0.000000 0.000000
0.000000 0.000000 6039.930046 6034.586877 6030.096307 6032.217462 6010.147500 5996.929605 6001.663058 6001.392936 5997.010429 5990.873524 5989.125630 5993.296664 5993.454608 6018.481054 6019.817643 6025.938458 6028.244766 0.000000 0.000000
0.000000 0.000000 7458.900784 7453.133050 7449.603772 7438.604968 7429.756747 7396.892982 7397.226365 7394.638848 7394.296288 7398.616050 7399.153903 7400.114120 7433.004036 7438.840811 7447.192116 7449.603251 7454.610113 0.000000 0.000000
0.000000 0.000000 8864.715629 8861.957251 8857.520350 8845.194680 8839.199859 8835.502629 8836.181069 8834.210634 8834.343064 8830.143621 8828.921759 8836.307723 8834.644633 8843.281639 8857.496013 8853.510784 8859.639981 0.000000 0.000000
0.000000 0.000000 10679.866867 10674.528634 10666.926042 10664.084878 10648.758263 10629.839506 10632.561161 10628.414190 10625.225709 10624.761091 10627.516526 10621.281071 10645.388230 10659.400786 10660.861595 10662.863413 10666.392963 0.000000 0.000000
0.000000 0.000000 12784.807689 12776.976751 12775.414428 12768.598370 12744.948086 12733.915086 12733.216530 12731.889671 12727.832470 12732.189488 12735.159298 12734.786131 12742.135871 12760.932579 12768.537983 12770.787331 12769.980432 0.000000 0.000000
0.000000 0.000000 15117.138345 15114.304019 15110.668876 15082.266881 15075.818617 15055.091887 15063.211406 15045.958935 15051.792086 15047.962746 15040.295081 15051.158836 15065.632488 15069.153921 15084.258459 15087.733623 15102.706790 0.000000 0.000000
0.000000 0.000000 17698.604336 17688.319952 17672.973269 17669.806218 17653.265602 17630.170685 17628.169827 17631.206974 17637.168290 17624.220436 17631.281276 17629.160243 17655.627769 17668.248113 17668.636773 17672.339785 17697.623025 0.000000 0.000000
0.000000 0.000000 20432.845806 20422.130358 20424.876799 20400.965352 20391.425211 20324.118564 20321.439711 20320.282364 20290.612198 20309.615728 20311.902132 20319.102234 20368.850113 20377.630210 20407.792245 20404.776256 20411.615739 0.000000 0.000000
0.000000 0.000000 23663.440417 23664.180998 23641.778961 23634.056376 23544.602869 23584.712128 23564.303553 23565.742212 23579.207334 23567.200672 23565.887158 23554.747134 23516.746583 23616.633928 23618.888356 23643.364330 23656.579683 0.000000 0.000000
0.000000 0.000000 27274.344402 27258.493710 27241.716185 27137.751642 27179.787466 27122.700548 27100.204507 27095.479820 27072.914802 27061.083624 27071.474992 27072.206964 27130.819057 27090.057299 27236.645421 27197.536748 27190.712097 0.000000 0.000000
0.000000 0.000000 30831.029591 30823.736076 30682.454353 30751.562751 30737.907686 30739.685443 30809.955600 30788.430003 30822.895911 30814.566645 30788.860145 30824.260212 30812.069566 30826.987055 30664.737377 30880.649740 30871.076330 0.000000 0.000000
0.000000 0.000000 34622.699989 34449.913217 34528.282174 34453.474503 34365.381413 34344.303863 34280.556902 34299.087153 34237.104038 34245.533015 34280.231486 34245.437277 34292.097530 34347.268158 34522.260765 34368.010884 34549.013844 0.000000 0.000000
0.000000 0.000000 35486.261671 35646.263211 35768.668110 35773.005307 35786.484758 35675.277508 35701.611716 35662.588533 35726.854817 35715.341520 35707.265678 35723.171260 35810.559249 35803.362358 35788.568495 35693.175286 35533.406012 0.000000 0.000000
0.000000 0.000000 0.000000 0.000000 0.000000 0.000000 0.000000 0.000000 0.000000 0.000000 0.000000 0.000000 0.000000 0.000000 0.000000 0.000000 0.000000 0.000000 0.000000 0.000000 0.000000
0.000000 0.000000 0.000000 0.000000 0.000000 0.000000 0.000000 0.000000 0.000000 0.000000 0.000000 0.000000 0.000000 0.000000 0.000000 0.000000 0.000000 0.000000 0.000000 0.000000 0.000000