geotop/1.0zi/1.0Montebello/Templates/testdem/maps/_Erotot170r.asc
ncols         21
nrows         20
xllcorner     100.000000
yllcorner     100.000000
cellsize      50.000000
NODATA_value  -9999.0
0.000000 0.000000 0.000000 0.000000 0.000000 0.000000 0.000000 0.000000 0.000000 0.000000 0.000000 0.000000 0.000000 0.000000 0.000000 0.000000 0.000000 0.000000 0.000000 0.000000 0.000000
0.000000 0.000000 983.521475 982.871314 981.511260 979.590622 978.224810 977.416709 977.889629 978.576127 978.487539 977.666280 977.622827 977.698636 979.299970 979.819841 982.638877 983.294554 983.882753 0.000000 0.000000
0.000000 0.000000 69.740132 70.735971 69.242349 72.213766 71.505643 70.814060 71.158641 69.983145 70.915229 73.151082 70.892505 70.939137 70.456093 69.990383 67.758877 67.061911 70.119934 0.000000 0.000000
0.000000 0.000000 919.376780 926.529301 906.063974 895.553071 899.871823 889.214083 888.514535 890.520743 883.350104 884.235086 889.291076 893.085457 896.718213 908.372327 915.591390 915.964142 920.377646 0.000000 0.000000
0.000000 0.000000 6215.177063 6197.581385 6198.248618 6154.228902 6119.710181 6103.164001 6097.033727 6090.052963 6096.958803 6103.738171 6105.627028 6094.275301 6117.480761 6127.197913 6145.642658 6159.079265 6160.894651 0.000000 0.000000
0.000000 0.000000 8641.001414 8638.986385 8629.070902 8630.540343 8602.255210 8585.997599 8588.805688 8587.412868 8579.475764 8573.326968 8571.180402 8574.700965 8577.677795 8609.533890 8608.514586 8618.902512 8618.928068 0.000000 0.000000
0.000000 0.000000 10597.578468 10590.962155 10583.497606 10567.782092 10559.089138 10512.164869 10508.560055 10504.176653 10503.684941 10507.306878 10506.609200 10508.130117 10549.060589 10554.479918 10566.582752 10572.486525 10576.837951 0.000000 0.000000
0.000000 0.000000 12964.076181 12958.822481 12948.999428 12922.928438 12910.422485 12903.629118 12899.663373 12897.225300 12894.343048 12892.204099 12890.446318 12897.769932 12894.817562 12909.776193 12929.068512 12926.784730 12933.583809 0.000000 0.000000
0.000000 0.000000 15960.708301 15951.637557 15937.165509 15929.115119 15907.292983 15874.880884 15874.687360 15866.496569 15865.350892 15860.730926 15864.043509 15856.348629 15888.897662 15909.846876 15914.682061 15923.964553 15926.444449 0.000000 0.000000
0.000000 0.000000 19580.379570 19564.448923 19549.797900 19539.856253 19516.698881 19490.106586 19482.226139 19480.754495 19472.667604 19477.706210 19485.258200 19482.914795 19493.788842 19522.394308 19534.551810 19541.485893 19540.120258 0.000000 0.000000
0.000000 0.000000 23795.688370 23783.796343 23780.584211 23723.750555 23723.268326 23679.698788 23694.177029 23664.439229 23675.040011 23667.890571 23650.878989 23667.580621 23690.157619 23696.824995 23719.415943 23726.420427 23751.095467 0.000000 0.000000
0.000000 0.000000 28670.075433 28643.194073 28606.594259 28603.947391 28584.857918 28532.889183 28518.407021 28525.920868 28531.978069 28513.858152 28523.424012 28514.272445 28558.214460 28584.422430 28586.279268 28597.315799 28632.118144 0.000000 0.000000
0.000000 0.000000 33468.267049 33448.323553 33452.659479 33417.066409 33387.329790 33269.599166 33255.261264 33247.965950 33188.894832 33231.177358 33232.723775 33243.538493 33331.323982 33345.305327 33399.623735 33407.271459 33391.471026 0.000000 0.000000
0.000000 0.000000 37809.469136 37815.519953 37778.078289 37766.065879 37650.415195 37752.290559 37721.356322 37719.298431 37751.217448 37719.574158 37715.958222 37696.479763 37609.511496 37746.619753 37736.630626 37768.763776 37784.276527 0.000000 0.000000
0.000000 0.000000 40404.366201 40394.355188 40382.657618 40320.718048 40367.915366 40323.056349 40312.834505 40313.793442 40295.988619 40293.420445 40301.490840 40303.083566 40337.448335 40284.049463 40376.634174 40350.143299 40342.316240 0.000000 0.000000
0.000000 0.000000 42043.568988 42039.993515 41990.094696 42019.330836 42015.994333 42015.338756 42039.934639 42028.067897 42041.613476 42034.651440 42025.703208 42037.241832 42032.442975 42043.476300 41976.956429 42049.787696 42044.343743 0.000000 0.000000
0.000000 0.000000 43392.203678 43345.136508 43391.365401 43351.692404 43330.567626 43325.560916 43301.538554 43309.141891 43286.125417 43289.342854 43300.586696 43291.067988 43303.294757 43308.001614 43381.279837 43311.198204 43357.102799 0.000000 0.000000
0.000000 0.000000 43871.936789 43947.967900 43974.957688 43980.417514 43994.473171 43956.089824 43970.106468 43955.278713 43978.737679 43974.367749 43971.056961 43976.473640 44007.125951 43993.414390 43976.940854 43958.114310 43886.481717 0.000000 0.000000
0.000000 0.000000 0.000000 0.000000 0.000000 0.000000 0.000000 0.000000 0.000000 0.000000 0.000000 0.000000 0.000000 0.000000 0.000000 0.000000 0.000000 0.000000 0.000000 0.000000 0.000000
0.000000 0.000000 0.000000 0.000000 0.000000 0.000000 0.000000 0.000000 0.000000 0.000000 0.000000 0.000000 0.000000 0.000000 0.000000 0.000000 0.000000 0.000000 0.000000 0.000000 0.000000