geotop/1.0zi/1.0Montebello/Templates/testdem/maps/_Erotot3817.asc
ncols         21
nrows         20
xllcorner     100.000000
yllcorner     100.000000
cellsize      50.000000
NODATA_value  -9999.0
0.000000 0.000000 0.000000 0.000000 0.000000 0.000000 0.000000 0.000000 0.000000 0.000000 0.000000 0.000000 0.000000 0.000000 0.000000 0.000000 0.000000 0.000000 0.000000 0.000000 0.000000
0.000000 0.000000 281.533548 281.094393 280.905824 280.758221 280.787559 280.845370 280.879747 280.878413 280.863959 280.869825 280.869430 280.911837 280.781512 280.799939 280.975649 280.882759 280.975741 0.000000 0.000000
0.000000 0.000000 22.427425 22.979636 23.257321 23.996747 23.641614 23.647906 23.232293 23.158266 23.221891 23.580633 23.329840 23.154854 23.587731 23.355668 22.515007 21.963570 21.837575 0.000000 0.000000
0.000000 0.000000 136.442094 137.507647 130.741415 128.238539 129.279200 124.189370 123.359645 122.979383 122.172020 121.747421 122.885076 121.422928 123.897123 128.953598 129.792677 131.963877 134.848529 0.000000 0.000000
0.000000 0.000000 1254.740966 1260.881819 1266.918523 1258.696976 1249.311911 1243.346892 1246.644783 1240.614756 1246.021853 1248.113493 1248.380602 1249.283809 1257.758515 1255.183932 1254.641668 1255.853501 1254.858520 0.000000 0.000000
0.000000 0.000000 2342.464923 2337.514999 2331.996877 2329.648209 2320.906556 2315.884613 2313.286964 2315.329875 2313.704488 2312.757373 2312.979448 2315.523508 2316.299136 2327.995294 2333.214537 2332.644223 2335.641573 0.000000 0.000000
0.000000 0.000000 2810.643750 2806.132771 2801.094653 2792.277169 2782.257124 2768.658197 2769.827454 2766.760962 2769.759586 2769.066014 2770.920341 2775.953685 2791.110738 2797.197764 2803.752189 2807.360788 2810.485817 0.000000 0.000000
0.000000 0.000000 3240.489314 3241.288071 3240.986232 3235.620830 3233.652193 3229.825487 3230.355903 3230.800182 3228.481670 3228.670982 3228.306551 3228.208697 3232.271228 3236.426505 3237.293381 3236.242325 3237.003873 0.000000 0.000000
0.000000 0.000000 3801.961692 3801.827200 3798.024565 3795.918019 3790.228518 3780.695729 3780.747036 3778.817675 3779.646147 3780.261232 3780.222014 3782.550531 3789.131571 3796.571394 3795.911235 3796.655346 3799.985567 0.000000 0.000000
0.000000 0.000000 4431.363188 4430.312810 4429.201608 4424.559927 4414.833564 4409.779685 4411.037885 4410.191424 4410.268920 4410.289027 4410.757493 4411.015606 4419.359324 4425.406028 4427.026972 4427.312069 4428.312134 0.000000 0.000000
0.000000 0.000000 5091.922282 5090.755855 5088.026233 5084.897005 5081.331636 5070.998750 5071.098143 5068.606791 5068.984259 5069.755860 5070.093789 5071.678938 5077.508627 5079.836772 5083.465828 5084.880690 5087.490464 0.000000 0.000000
0.000000 0.000000 5775.045870 5774.283309 5771.253367 5763.731227 5757.448640 5749.459554 5748.323945 5747.827633 5748.018225 5747.280240 5748.425268 5750.381534 5760.372746 5765.817733 5768.283109 5768.730832 5784.770497 0.000000 0.000000
0.000000 0.000000 6455.436594 6454.108719 6450.852386 6447.007732 6438.669121 6421.872204 6421.874398 6420.221061 6420.220725 6420.787378 6421.167633 6423.632511 6437.886652 6445.393684 6447.521335 6448.435312 6450.354432 0.000000 0.000000
0.000000 0.000000 7179.187599 7177.043980 7173.581853 7168.893672 7151.732297 7158.185796 7152.848145 7151.798321 7152.329623 7152.491741 7152.894666 7154.592519 7150.700828 7165.808852 7168.621466 7172.916510 7172.484075 0.000000 0.000000
0.000000 0.000000 7946.545522 7942.043384 7937.022487 7926.622492 7922.166836 7907.041203 7899.547772 7898.000223 7894.201913 7893.650782 7896.124985 7895.859505 7906.971466 7914.567702 7931.449284 7926.964334 7927.844010 0.000000 0.000000
0.000000 0.000000 8701.752508 8701.952399 8684.571197 8685.940201 8683.955415 8682.336210 8684.179498 8684.021109 8686.518164 8686.512896 8685.486937 8691.795397 8691.026483 8690.013538 8679.672749 8697.398379 8701.037821 0.000000 0.000000
0.000000 0.000000 9556.611301 9539.873693 9531.562898 9523.595759 9509.136535 9503.144789 9501.383394 9500.737504 9497.670568 9497.952357 9499.514676 9499.684757 9504.908436 9519.047469 9529.831813 9529.844943 9547.440004 0.000000 0.000000
0.000000 0.000000 10200.875722 10203.020801 10218.289654 10208.531437 10201.314534 10183.696878 10182.152117 10179.694432 10180.886656 10180.714485 10181.172494 10184.023298 10201.229209 10208.946332 10218.210261 10197.328476 10199.711741 0.000000 0.000000
0.000000 0.000000 0.000000 0.000000 0.000000 0.000000 0.000000 0.000000 0.000000 0.000000 0.000000 0.000000 0.000000 0.000000 0.000000 0.000000 0.000000 0.000000 0.000000 0.000000 0.000000
0.000000 0.000000 0.000000 0.000000 0.000000 0.000000 0.000000 0.000000 0.000000 0.000000 0.000000 0.000000 0.000000 0.000000 0.000000 0.000000 0.000000 0.000000 0.000000 0.000000 0.000000