geotop/1.0zi/1.0Montebello/Templates/testdem/maps/_Erotot4456.asc
ncols         21
nrows         20
xllcorner     100.000000
yllcorner     100.000000
cellsize      50.000000
NODATA_value  -9999.0
0.000000 0.000000 0.000000 0.000000 0.000000 0.000000 0.000000 0.000000 0.000000 0.000000 0.000000 0.000000 0.000000 0.000000 0.000000 0.000000 0.000000 0.000000 0.000000 0.000000 0.000000
0.000000 0.000000 345.027463 344.566292 344.351470 344.183377 344.189706 344.227013 344.264530 344.263055 344.249600 344.252698 344.254590 344.298838 344.186923 344.226383 344.420747 344.353690 344.468236 0.000000 0.000000
0.000000 0.000000 27.157633 27.784760 28.174265 29.243500 28.852744 28.932919 28.531040 28.466605 28.501660 28.811403 28.527211 28.283584 28.767474 28.513120 27.613384 27.017666 26.817995 0.000000 0.000000
0.000000 0.000000 137.618309 138.837936 131.749927 129.418568 130.509579 125.542897 124.809327 124.454090 123.584428 123.037739 124.071122 122.673013 125.402204 130.348907 130.915332 133.180449 135.817098 0.000000 0.000000
0.000000 0.000000 1338.986967 1345.120019 1351.670428 1335.584104 1324.915799 1317.013837 1319.542740 1313.654299 1317.941234 1322.141916 1322.333676 1322.373336 1331.456134 1329.765061 1335.258288 1340.769412 1342.339385 0.000000 0.000000
0.000000 0.000000 2603.173992 2596.988107 2593.144224 2590.523541 2585.295816 2582.295883 2579.719682 2581.615453 2581.114337 2578.423964 2574.416184 2575.825928 2575.224445 2588.016485 2592.029451 2592.073942 2594.944848 0.000000 0.000000
0.000000 0.000000 3277.648857 3273.701825 3269.998541 3267.110539 3259.283399 3245.077084 3246.936471 3243.673051 3246.326516 3245.363496 3247.483624 3248.583406 3262.416267 3268.938703 3275.491346 3279.351843 3282.092983 0.000000 0.000000
0.000000 0.000000 3740.869358 3741.079053 3742.106987 3737.684644 3736.019665 3731.338465 3732.028400 3732.250138 3729.966416 3730.967861 3729.730458 3728.756368 3731.612832 3735.708967 3737.514314 3736.806763 3738.185631 0.000000 0.000000
0.000000 0.000000 4390.300326 4390.301927 4388.175081 4386.408631 4382.476127 4373.912108 4374.318884 4372.423034 4372.989147 4373.596220 4372.570935 4373.183653 4378.452330 4385.936079 4385.962673 4387.436253 4390.953088 0.000000 0.000000
0.000000 0.000000 5132.277669 5131.019557 5131.591919 5128.400203 5120.398323 5115.637661 5117.348670 5116.378534 5116.429587 5116.449517 5115.376682 5113.605647 5120.720120 5126.875970 5129.334039 5130.332225 5131.588811 0.000000 0.000000
0.000000 0.000000 5914.995301 5913.741888 5912.595308 5910.836772 5909.039285 5898.918635 5899.364964 5896.796882 5896.927769 5897.904357 5896.671708 5896.257917 5900.871615 5903.385200 5907.858204 5910.035769 5912.962069 0.000000 0.000000
0.000000 0.000000 6730.628953 6729.860052 6728.503398 6722.214044 6717.840799 6710.053474 6709.234424 6708.751324 6708.840999 6707.996559 6707.504722 6707.298886 6716.287720 6722.077966 6725.421908 6726.614262 6743.389184 0.000000 0.000000
0.000000 0.000000 7548.562458 7547.004810 7545.426174 7543.164604 7536.526187 7518.109672 7518.560617 7516.742257 7516.626739 7517.181583 7515.499019 7515.773943 7531.159594 7538.951693 7542.091851 7543.634354 7545.874205 0.000000 0.000000
0.000000 0.000000 8420.551396 8417.993932 8416.468734 8413.145321 8394.914765 8403.250832 8397.757321 8396.822454 8397.173174 8397.303478 8395.996965 8395.551518 8389.354998 8407.207672 8411.012259 8416.264017 8416.023290 0.000000 0.000000
0.000000 0.000000 9350.269930 9345.844554 9341.985543 9330.439769 9328.432393 9312.603365 9305.084924 9303.324879 9299.070046 9298.404797 9299.377389 9296.930361 9307.577977 9315.315537 9336.200258 9331.946021 9333.175815 0.000000 0.000000
0.000000 0.000000 10276.190762 10276.254756 10256.811630 10260.469070 10260.566306 10259.811068 10262.571107 10262.477149 10265.199755 10265.107045 10261.766167 10266.498900 10263.970703 10262.674790 10251.631973 10274.963530 10279.354252 0.000000 0.000000
0.000000 0.000000 11325.656329 11302.797916 11295.361612 11288.254025 11274.470463 11268.468963 11267.003746 11266.179172 11262.449299 11262.672805 11262.672339 11259.812556 11264.180255 11280.345424 11293.551072 11294.268619 11317.813020 0.000000 0.000000
0.000000 0.000000 12106.090923 12109.782776 12131.660430 12122.756142 12117.007124 12094.249437 12092.932608 12090.084074 12091.694190 12091.313642 12089.575385 12090.620412 12112.044183 12120.608621 12132.226288 12107.017303 12109.026362 0.000000 0.000000
0.000000 0.000000 0.000000 0.000000 0.000000 0.000000 0.000000 0.000000 0.000000 0.000000 0.000000 0.000000 0.000000 0.000000 0.000000 0.000000 0.000000 0.000000 0.000000 0.000000 0.000000
0.000000 0.000000 0.000000 0.000000 0.000000 0.000000 0.000000 0.000000 0.000000 0.000000 0.000000 0.000000 0.000000 0.000000 0.000000 0.000000 0.000000 0.000000 0.000000 0.000000 0.000000