geotop/1.0zi/1.0Montebello/Templates/testdem/maps/_Erotot4910.asc
ncols         21
nrows         20
xllcorner     100.000000
yllcorner     100.000000
cellsize      50.000000
NODATA_value  -9999.0
0.000000 0.000000 0.000000 0.000000 0.000000 0.000000 0.000000 0.000000 0.000000 0.000000 0.000000 0.000000 0.000000 0.000000 0.000000 0.000000 0.000000 0.000000 0.000000 0.000000 0.000000
0.000000 0.000000 367.116876 366.192799 365.908539 365.716674 365.687007 365.696478 365.736638 365.896868 365.851129 365.723272 365.804087 365.879048 365.758082 365.805447 365.992476 365.960116 366.529503 0.000000 0.000000
0.000000 0.000000 28.856764 29.804298 30.249756 31.289998 30.805438 30.922752 30.601761 30.396886 30.469160 30.811576 30.474148 30.270248 30.878259 30.498814 29.680709 29.073850 28.403740 0.000000 0.000000
0.000000 0.000000 151.191812 152.579204 145.307657 143.323809 144.530329 139.803259 139.040984 139.136259 137.740884 136.604078 137.714679 136.268803 138.867021 143.665336 143.164024 146.542124 149.255366 0.000000 0.000000
0.000000 0.000000 1484.392681 1488.515063 1493.834640 1476.168957 1465.032840 1456.756784 1459.363849 1453.853663 1457.714456 1461.868654 1462.212945 1462.537789 1471.900841 1471.030611 1477.486406 1482.864600 1484.665475 0.000000 0.000000
0.000000 0.000000 2767.246894 2761.673413 2757.745315 2754.671809 2748.287799 2744.999970 2742.384116 2744.229636 2743.643714 2740.922679 2737.326758 2739.224222 2739.237045 2752.310829 2756.148776 2756.406789 2759.306731 0.000000 0.000000
0.000000 0.000000 3537.727510 3533.114575 3528.275822 3524.394912 3513.338418 3497.679930 3499.049155 3495.698876 3498.547620 3497.674856 3500.589010 3502.862241 3517.708585 3526.996102 3533.168918 3537.164979 3540.750522 0.000000 0.000000
0.000000 0.000000 4096.903422 4097.019994 4097.599383 4093.003874 4091.043080 4086.118624 4086.834827 4087.181788 4084.516438 4085.275487 4084.316191 4083.509812 4087.029356 4090.551895 4092.611701 4092.321540 4093.585102 0.000000 0.000000
0.000000 0.000000 4797.172517 4796.821942 4794.072341 4791.644590 4786.776279 4777.948071 4778.256828 4776.505869 4776.767243 4777.233091 4776.631380 4777.636670 4783.228383 4791.279117 4791.274220 4793.069735 4796.842096 0.000000 0.000000
0.000000 0.000000 5621.138206 5619.173166 5619.253673 5615.145232 5605.835097 5600.558009 5602.227382 5601.397977 5601.262642 5601.085655 5600.385823 5599.139022 5606.970424 5613.930227 5616.196922 5617.521593 5618.947670 0.000000 0.000000
0.000000 0.000000 6493.491213 6491.463017 6489.876687 6487.504609 6484.257179 6473.367412 6473.706104 6471.266720 6471.125818 6471.997894 6471.203150 6471.503349 6477.013277 6480.049110 6484.839310 6487.241870 6490.384134 0.000000 0.000000
0.000000 0.000000 7402.901739 7401.950787 7399.277465 7392.182639 7386.816711 7378.350615 7377.390577 7377.122019 7376.985264 7375.925499 7375.878418 7376.187844 7385.859327 7392.191945 7395.607458 7397.108505 7414.440001 0.000000 0.000000
0.000000 0.000000 8320.850317 8318.714698 8316.289029 8313.187304 8304.999800 8284.469285 8284.793592 8283.080378 8282.728675 8283.164041 8281.902483 8282.860765 8300.409515 8309.002040 8312.290340 8314.151096 8316.570120 0.000000 0.000000
0.000000 0.000000 9304.140547 9300.773300 9298.438403 9294.166021 9272.488747 9280.901160 9274.914615 9274.106460 9274.269209 9274.372047 9273.461670 9273.676805 9267.828004 9288.201283 9292.188380 9297.963405 9297.905332 0.000000 0.000000
0.000000 0.000000 10355.942503 10350.930464 10345.787314 10331.000559 10327.899485 10310.938537 10302.556106 10300.920962 10296.160964 10295.629030 10297.199860 10295.242887 10307.076708 10315.480906 10339.171841 10334.887732 10336.408418 0.000000 0.000000
0.000000 0.000000 11409.977513 11409.306674 11385.890119 11389.395614 11388.132043 11386.976369 11390.136924 11390.367802 11393.168655 11392.728777 11389.625418 11395.719557 11393.635540 11392.403800 11379.905598 11407.350610 11412.352586 0.000000 0.000000
0.000000 0.000000 12608.563695 12580.321835 12571.364544 12562.400186 12545.432765 12538.316143 12536.519440 12535.757199 12531.314523 12531.401579 12532.297874 12529.537377 12535.333590 12554.023563 12568.831589 12569.379930 12597.749818 0.000000 0.000000
0.000000 0.000000 13484.496557 13489.139099 13514.331339 13503.499781 13495.870003 13469.050540 13467.265805 13464.412106 13466.260154 13465.731096 13464.293311 13466.669194 13492.254983 13501.841290 13514.778280 13485.549266 13486.746382 0.000000 0.000000
0.000000 0.000000 0.000000 0.000000 0.000000 0.000000 0.000000 0.000000 0.000000 0.000000 0.000000 0.000000 0.000000 0.000000 0.000000 0.000000 0.000000 0.000000 0.000000 0.000000 0.000000
0.000000 0.000000 0.000000 0.000000 0.000000 0.000000 0.000000 0.000000 0.000000 0.000000 0.000000 0.000000 0.000000 0.000000 0.000000 0.000000 0.000000 0.000000 0.000000 0.000000 0.000000