geotop/1.0zi/1.0Montebello/Templates/testdem/maps/_Erotot3434.asc
ncols         21
nrows         20
xllcorner     100.000000
yllcorner     100.000000
cellsize      50.000000
NODATA_value  -9999.0
0.000000 0.000000 0.000000 0.000000 0.000000 0.000000 0.000000 0.000000 0.000000 0.000000 0.000000 0.000000 0.000000 0.000000 0.000000 0.000000 0.000000 0.000000 0.000000 0.000000 0.000000
0.000000 0.000000 372.105344 372.108200 372.111746 372.230727 372.098277 372.104032 372.077688 372.117667 372.132375 372.117667 372.077688 372.104032 372.098277 372.230727 372.111746 372.108200 372.105344 0.000000 0.000000
0.000000 0.000000 11.523166 11.284595 9.528506 11.210121 11.526467 11.451989 11.571121 11.467251 11.834673 11.467251 11.571121 11.451989 11.526467 11.210121 9.528506 11.284595 11.523166 0.000000 0.000000
0.000000 0.000000 2720.813181 2720.548530 2720.694305 2718.878176 2720.847880 2720.280873 2720.170296 2720.978717 2721.115360 2720.978717 2720.170296 2720.280873 2720.847880 2718.878176 2720.694305 2720.548530 2720.813181 0.000000 0.000000
0.000000 0.000000 5135.622345 5135.445891 5134.746010 5135.325407 5135.862377 5135.717635 5135.707713 5135.807244 5135.833820 5135.807244 5135.707713 5135.717635 5135.862377 5135.325407 5134.746010 5135.445891 5135.622345 0.000000 0.000000
0.000000 0.000000 6652.772589 6652.592735 6651.985190 6652.126655 6652.956239 6652.623312 6652.639385 6652.923256 6653.150337 6652.923256 6652.639385 6652.623312 6652.956239 6652.126655 6651.985190 6652.592735 6652.772589 0.000000 0.000000
0.000000 0.000000 8567.027751 8566.886002 8566.337033 8566.463033 8567.180816 8566.887371 8566.903356 8567.149629 8567.374713 8567.149629 8566.903356 8566.887371 8567.180816 8566.463033 8566.337033 8566.886002 8567.027751 0.000000 0.000000
0.000000 0.000000 10333.874042 10333.760574 10333.261975 10333.390512 10334.004548 10333.749583 10333.764020 10333.981035 10334.183810 10333.981035 10333.764020 10333.749583 10334.004548 10333.390512 10333.261975 10333.760574 10333.874042 0.000000 0.000000
0.000000 0.000000 11956.025695 11955.926144 11955.462551 11955.588928 11956.150588 11955.917270 11955.927783 11956.128218 11956.318922 11956.128218 11955.927783 11955.917270 11956.150588 11955.588928 11955.462551 11955.926144 11956.025695 0.000000 0.000000
0.000000 0.000000 13461.184414 13461.113384 13460.668592 13460.831277 13461.301301 13461.091681 13461.104706 13461.283781 13461.457413 13461.283781 13461.104706 13461.091681 13461.301301 13460.831277 13460.668592 13461.113384 13461.184414 0.000000 0.000000
0.000000 0.000000 14859.353417 14859.276472 14858.860402 14858.997850 14859.471516 14859.266656 14859.275869 14859.452538 14859.615964 14859.452538 14859.275869 14859.266656 14859.471516 14858.997850 14858.860402 14859.276472 14859.353417 0.000000 0.000000
0.000000 0.000000 16176.196395 16176.123078 16175.734837 16175.867264 16176.323720 16176.129506 16176.134526 16176.309321 16176.461978 16176.309321 16176.134526 16176.129506 16176.323720 16175.867264 16175.734837 16176.123078 16176.196395 0.000000 0.000000
0.000000 0.000000 17420.386332 17420.319355 17419.943626 17420.076768 17420.507412 17420.322045 17420.326220 17420.495789 17420.638519 17420.495789 17420.326220 17420.322045 17420.507412 17420.076768 17419.943626 17420.319355 17420.386332 0.000000 0.000000
0.000000 0.000000 18605.998906 18605.939727 18605.578696 18605.727490 18606.118715 18605.942057 18605.947925 18606.109173 18606.244744 18606.109173 18605.947925 18605.942057 18606.118715 18605.727490 18605.578696 18605.939727 18605.998906 0.000000 0.000000
0.000000 0.000000 19737.329577 19737.265717 19736.912948 19737.049057 19737.438522 19737.270158 19737.276263 19737.435244 19737.563835 19737.435244 19737.276263 19737.270158 19737.438522 19737.049057 19736.912948 19737.265717 19737.329577 0.000000 0.000000
0.000000 0.000000 20817.087357 20817.026099 20816.686923 20816.815231 20817.190375 20817.027454 20817.033265 20817.185390 20817.309478 20817.185390 20817.033265 20817.027454 20817.190375 20816.815231 20816.686923 20817.026098 20817.087354 0.000000 0.000000
0.000000 0.000000 21852.661311 21852.601135 21852.268181 21852.399731 21852.757695 21852.601331 21852.607402 21852.754792 21852.871443 21852.754792 21852.607402 21852.601331 21852.757695 21852.399731 21852.268181 21852.601114 21852.661234 0.000000 0.000000
0.000000 0.000000 22898.259306 22898.746007 22898.422842 22898.549797 22898.898183 22898.747112 22898.752020 22898.894589 22899.007224 22898.894589 22898.752020 22898.747112 22898.898183 22898.549797 22898.422824 22898.742694 22898.799708 0.000000 0.000000
0.000000 0.000000 0.000000 0.000000 0.000000 0.000000 0.000000 0.000000 0.000000 0.000000 0.000000 0.000000 0.000000 0.000000 0.000000 0.000000 0.000000 0.000000 0.000000 0.000000 0.000000
0.000000 0.000000 0.000000 0.000000 0.000000 0.000000 0.000000 0.000000 0.000000 0.000000 0.000000 0.000000 0.000000 0.000000 0.000000 0.000000 0.000000 0.000000 0.000000 0.000000 0.000000