geotop/1.0zi/1.0Montebello/Templates/testdem/maps/_Erotot0382.asc
ncols         21
nrows         20
xllcorner     100.000000
yllcorner     100.000000
cellsize      50.000000
NODATA_value  -9999.0
0.000000 0.000000 0.000000 0.000000 0.000000 0.000000 0.000000 0.000000 0.000000 0.000000 0.000000 0.000000 0.000000 0.000000 0.000000 0.000000 0.000000 0.000000 0.000000 0.000000 0.000000
0.000000 0.000000 34.372974 34.373659 34.406286 34.373823 34.373074 34.373453 34.373258 34.373181 34.373155 34.373181 34.373258 34.373453 34.373074 34.373823 34.406286 34.373659 34.372974 0.000000 0.000000
0.000000 0.000000 8.097224 7.880790 6.063747 7.876215 8.124395 8.108859 8.123543 8.130339 8.131379 8.130339 8.123543 8.108859 8.124395 7.876215 6.063747 7.880790 8.097224 0.000000 0.000000
0.000000 0.000000 472.162946 472.413486 472.534745 472.315472 472.209129 472.308572 472.300985 472.238250 472.169072 472.238250 472.300985 472.308572 472.209129 472.315472 472.534745 472.413486 472.162946 0.000000 0.000000
0.000000 0.000000 629.587766 629.540238 628.781074 629.517080 629.583632 629.602023 629.595661 629.600202 629.596437 629.600202 629.595661 629.602023 629.583632 629.517080 628.781074 629.540238 629.587766 0.000000 0.000000
0.000000 0.000000 863.181984 863.188226 862.478616 863.141433 863.201295 863.237870 863.238959 863.219429 863.200053 863.219429 863.238959 863.237870 863.201295 863.141433 862.478616 863.188226 863.181984 0.000000 0.000000
0.000000 0.000000 1103.675184 1103.683772 1103.049712 1103.638546 1103.693048 1103.729668 1103.731278 1103.710086 1103.693421 1103.710086 1103.731278 1103.729668 1103.693048 1103.638546 1103.049712 1103.683772 1103.675184 0.000000 0.000000
0.000000 0.000000 1331.764029 1331.771679 1331.183051 1331.729285 1331.780821 1331.816312 1331.817614 1331.796670 1331.781746 1331.796670 1331.817614 1331.816312 1331.780821 1331.729285 1331.183051 1331.771679 1331.764029 0.000000 0.000000
0.000000 0.000000 1549.344980 1549.352478 1548.790088 1549.311224 1549.361065 1549.395702 1549.396779 1549.376276 1549.362155 1549.376276 1549.396779 1549.395702 1549.361065 1549.311224 1548.790088 1549.352478 1549.344980 0.000000 0.000000
0.000000 0.000000 1760.229414 1760.236290 1759.688950 1760.196136 1760.245174 1760.279190 1760.280047 1760.259903 1760.246098 1760.259903 1760.280047 1760.279190 1760.245174 1760.196136 1759.688950 1760.236290 1760.229414 0.000000 0.000000
0.000000 0.000000 1964.904802 1964.911022 1964.371941 1964.871663 1964.920408 1964.954017 1964.954681 1964.934808 1964.921072 1964.934808 1964.954681 1964.954017 1964.920408 1964.871663 1964.371941 1964.911022 1964.904802 0.000000 0.000000
0.000000 0.000000 2164.957722 2164.960987 2164.431099 2164.923349 2164.971773 2165.004288 2165.005291 2164.985742 2164.973155 2164.985742 2165.005291 2165.004288 2164.971773 2164.923349 2164.431099 2164.960987 2164.957722 0.000000 0.000000
0.000000 0.000000 2359.306975 2359.308524 2358.782810 2359.273143 2359.320420 2359.352308 2359.353266 2359.333831 2359.321503 2359.333831 2359.353266 2359.352308 2359.320420 2359.273143 2358.782810 2359.308524 2359.306975 0.000000 0.000000
0.000000 0.000000 2551.135580 2551.135316 2550.612790 2551.100214 2551.148733 2551.180593 2551.181534 2551.162240 2551.149840 2551.162240 2551.181534 2551.180593 2551.148733 2551.100214 2550.612790 2551.135316 2551.135580 0.000000 0.000000
0.000000 0.000000 2741.317533 2741.317852 2740.791956 2741.282417 2741.331323 2741.363105 2741.364038 2741.344833 2741.331642 2741.344833 2741.364038 2741.363105 2741.331323 2741.282417 2740.791956 2741.317852 2741.317533 0.000000 0.000000
0.000000 0.000000 2930.141972 2930.143655 2929.626697 2930.108169 2930.156521 2930.188272 2930.189063 2930.169928 2930.156192 2930.169928 2930.189063 2930.188272 2930.156521 2930.108169 2929.626697 2930.143655 2930.141970 0.000000 0.000000
0.000000 0.000000 3116.496863 3116.496856 3115.975397 3116.462627 3116.511777 3116.543070 3116.543898 3116.524832 3116.510885 3116.524832 3116.543898 3116.543070 3116.511777 3116.462627 3115.975397 3116.496847 3116.496697 0.000000 0.000000
0.000000 0.000000 3313.557636 3313.668943 3313.147613 3313.632508 3313.681857 3313.713126 3313.714104 3313.695104 3313.680973 3313.695104 3313.714104 3313.713126 3313.681857 3313.632508 3313.147602 3313.667604 3313.667063 0.000000 0.000000
0.000000 0.000000 0.000000 0.000000 0.000000 0.000000 0.000000 0.000000 0.000000 0.000000 0.000000 0.000000 0.000000 0.000000 0.000000 0.000000 0.000000 0.000000 0.000000 0.000000 0.000000
0.000000 0.000000 0.000000 0.000000 0.000000 0.000000 0.000000 0.000000 0.000000 0.000000 0.000000 0.000000 0.000000 0.000000 0.000000 0.000000 0.000000 0.000000 0.000000 0.000000 0.000000