geotop/1.0zi/1.0Montebello/Templates/testdem/maps/_Erotot4186.asc
ncols         21
nrows         20
xllcorner     100.000000
yllcorner     100.000000
cellsize      50.000000
NODATA_value  -9999.0
0.000000 0.000000 0.000000 0.000000 0.000000 0.000000 0.000000 0.000000 0.000000 0.000000 0.000000 0.000000 0.000000 0.000000 0.000000 0.000000 0.000000 0.000000 0.000000 0.000000 0.000000
0.000000 0.000000 306.673964 306.234284 306.043815 305.896974 305.923574 305.977903 306.015601 306.014044 306.000456 306.003838 306.005363 306.049221 305.920729 305.939920 306.113942 306.023490 306.116729 0.000000 0.000000
0.000000 0.000000 24.222132 24.773385 25.046224 25.752932 25.389873 25.408543 24.981762 24.912335 24.966936 25.341107 25.106798 24.935928 25.423700 25.185258 24.304831 23.742342 23.616291 0.000000 0.000000
0.000000 0.000000 137.861490 139.244614 132.172645 129.546746 130.313018 125.162016 124.331327 123.917764 123.156555 122.684312 123.807546 122.624542 125.505995 130.521258 131.259971 133.639395 136.329960 0.000000 0.000000
0.000000 0.000000 1311.747582 1316.135311 1321.974846 1316.661512 1310.266114 1306.267954 1309.884564 1304.366112 1307.806565 1311.291531 1309.752892 1305.678400 1309.956666 1306.797884 1307.364729 1308.898840 1309.628281 0.000000 0.000000
0.000000 0.000000 2463.218104 2456.278808 2450.965518 2448.758908 2444.553701 2440.389029 2438.680717 2440.378776 2440.261293 2437.135051 2432.887210 2433.066462 2433.144428 2445.191927 2451.339923 2451.107991 2454.328266 0.000000 0.000000
0.000000 0.000000 3054.072053 3048.816217 3043.802171 3037.191392 3028.373880 3013.942609 3015.070001 3011.740829 3014.692881 3014.307552 3016.879440 3018.828500 3032.499237 3039.616321 3046.792708 3051.234601 3054.049088 0.000000 0.000000
0.000000 0.000000 3499.751610 3499.514050 3499.829955 3495.669157 3495.252074 3491.939535 3492.924424 3493.391290 3490.919535 3491.883573 3489.857309 3487.578813 3489.974333 3493.676931 3495.162841 3494.213934 3495.680343 0.000000 0.000000
0.000000 0.000000 4109.519796 4108.425195 4104.717957 4103.941688 4100.293626 4091.325934 4091.880006 4089.935052 4090.605701 4090.828967 4089.774325 4089.469779 4094.333250 4101.803845 4101.689133 4102.869559 4106.570474 0.000000 0.000000
0.000000 0.000000 4799.253774 4797.053988 4796.097539 4792.913866 4785.446875 4781.085966 4782.860055 4781.961642 4782.021204 4782.025208 4780.713252 4778.124996 4784.661122 4790.751169 4793.080764 4793.828784 4795.253509 0.000000 0.000000
0.000000 0.000000 5526.419713 5524.082393 5521.448479 5519.879569 5518.689611 5508.973770 5509.583626 5507.047373 5507.332772 5508.081585 5506.577179 5505.219580 5509.239556 5511.646332 5515.995201 5517.867111 5520.963795 0.000000 0.000000
0.000000 0.000000 6281.558991 6279.630248 6276.680994 6270.612363 6266.759669 6259.434818 6258.767680 6258.259314 6258.389607 6257.537974 6256.778541 6255.691858 6263.961020 6269.552497 6272.803630 6273.692435 6290.450330 0.000000 0.000000
0.000000 0.000000 7035.758248 7033.197545 7030.000593 7027.730345 7021.808338 7004.692380 7005.263337 7003.547338 7003.470435 7003.925950 7001.993317 7001.392479 7015.145771 7022.796877 7025.745194 7027.087875 7029.495445 0.000000 0.000000
0.000000 0.000000 7839.339263 7835.931670 7832.488344 7829.073639 7812.821408 7820.356066 7815.386641 7814.265040 7814.745368 7814.745742 7813.216906 7812.009605 7806.293022 7822.862347 7826.472165 7831.342819 7831.393249 0.000000 0.000000
0.000000 0.000000 8694.137755 8688.377752 8683.092863 8672.984669 8671.031881 8656.159290 8648.941862 8647.333527 8643.296405 8642.581088 8643.171541 8639.830782 8649.469481 8657.303673 8676.448781 8672.255972 8673.686997 0.000000 0.000000
0.000000 0.000000 9540.853677 9539.693753 9520.320691 9523.449558 9524.208067 9523.557635 9526.230692 9526.111921 9528.728416 9528.528298 9525.099061 9528.506910 9525.584179 9524.422030 9514.334770 9534.940401 9539.348861 0.000000 0.000000
0.000000 0.000000 10498.890493 10477.687684 10468.725289 10462.098025 10449.673520 10444.228038 10443.034623 10442.290104 10438.882441 10439.012985 10438.516438 10434.978230 10438.463329 10453.677672 10465.954887 10466.652688 10487.721419 0.000000 0.000000
0.000000 0.000000 11215.349771 11216.634383 11234.120524 11225.585996 11220.753358 11202.040805 11201.005983 11198.352471 11199.736147 11199.319790 11197.397201 11197.097739 11214.233758 11222.431992 11233.365110 11210.524206 11213.367734 0.000000 0.000000
0.000000 0.000000 0.000000 0.000000 0.000000 0.000000 0.000000 0.000000 0.000000 0.000000 0.000000 0.000000 0.000000 0.000000 0.000000 0.000000 0.000000 0.000000 0.000000 0.000000 0.000000
0.000000 0.000000 0.000000 0.000000 0.000000 0.000000 0.000000 0.000000 0.000000 0.000000 0.000000 0.000000 0.000000 0.000000 0.000000 0.000000 0.000000 0.000000 0.000000 0.000000 0.000000