geotop/1.0zi/1.0Montebello/Templates/testdem/maps/_Erotot3832.asc
ncols         21
nrows         20
xllcorner     100.000000
yllcorner     100.000000
cellsize      50.000000
NODATA_value  -9999.0
0.000000 0.000000 0.000000 0.000000 0.000000 0.000000 0.000000 0.000000 0.000000 0.000000 0.000000 0.000000 0.000000 0.000000 0.000000 0.000000 0.000000 0.000000 0.000000 0.000000 0.000000
0.000000 0.000000 281.748614 281.309611 281.121185 280.973691 281.003142 281.061084 281.095459 281.094132 281.079672 281.085536 281.085138 281.127577 280.997157 281.015438 281.190998 281.097968 281.190804 0.000000 0.000000
0.000000 0.000000 22.443830 22.996095 23.273821 24.013316 23.658225 23.664546 23.248938 23.174894 23.238534 23.597274 23.346490 23.171490 23.604312 23.372217 22.531515 21.980035 21.853986 0.000000 0.000000
0.000000 0.000000 136.457227 137.522597 130.756431 128.253575 129.294271 124.204479 123.374745 122.994503 122.187124 121.762535 122.900192 121.438044 123.912191 128.968629 129.807694 131.978824 134.863646 0.000000 0.000000
0.000000 0.000000 1254.749246 1260.890188 1266.926616 1258.705104 1249.320264 1243.355215 1246.653180 1240.623021 1246.030098 1248.121825 1248.388875 1249.291751 1257.766620 1255.192073 1254.649730 1255.861738 1254.866864 0.000000 0.000000
0.000000 0.000000 2344.181936 2339.246449 2333.685881 2331.325497 2322.603476 2317.597685 2315.041481 2317.039144 2315.404358 2314.435976 2314.593368 2316.987732 2317.747242 2329.657001 2334.985063 2334.445486 2337.462161 0.000000 0.000000
0.000000 0.000000 2815.036136 2810.529266 2805.512497 2796.700175 2786.678931 2773.049571 2774.203618 2771.152860 2774.166734 2773.483847 2775.364031 2780.483643 2795.692682 2801.645997 2808.133995 2811.736143 2814.838620 0.000000 0.000000
0.000000 0.000000 3243.555282 3244.353344 3244.051041 3238.688233 3236.724057 3232.897975 3233.425916 3233.873789 3231.554470 3231.744085 3231.377577 3231.275266 3235.347549 3239.492516 3240.357877 3239.320947 3240.082331 0.000000 0.000000
0.000000 0.000000 3804.893426 3804.759110 3800.954418 3798.848426 3793.160972 3783.631679 3783.683125 3781.754091 3782.582695 3783.196885 3783.153245 3785.486008 3792.057765 3799.501702 3798.843089 3799.567781 3802.898277 0.000000 0.000000
0.000000 0.000000 4434.467143 4433.416673 4432.302439 4427.661628 4417.935093 4412.880275 4414.139415 4413.291840 4413.370070 4413.388715 4413.853538 4414.099351 4422.453857 4428.507538 4430.130813 4430.418039 4431.418459 0.000000 0.000000
0.000000 0.000000 5095.474873 5094.308040 5091.575097 5088.445708 5084.880562 5074.544303 5074.644618 5072.152449 5072.530480 5073.300685 5073.633915 5075.204170 5081.049457 5083.386043 5087.018072 5088.435694 5091.046101 0.000000 0.000000
0.000000 0.000000 5779.156150 5778.392695 5775.359130 5767.835773 5761.552971 5753.558943 5752.424071 5751.926928 5752.118193 5751.378613 5752.518131 5754.459795 5764.469134 5769.923951 5772.392874 5772.843764 5788.884569 0.000000 0.000000
0.000000 0.000000 6460.187056 6458.857643 6455.597457 6451.751212 6443.411342 6426.588639 6426.591614 6424.937293 6424.937547 6425.502445 6425.876452 6428.322445 6442.620568 6450.139284 6452.271106 6453.175533 6455.094989 0.000000 0.000000
0.000000 0.000000 7184.725253 7182.579227 7179.113235 7174.422694 7157.236196 7163.677154 7158.339536 7157.288903 7157.820957 7157.980756 7158.376351 7160.052850 7156.195790 7171.340261 7174.158255 7178.463758 7178.031614 0.000000 0.000000
0.000000 0.000000 7953.107261 7948.602945 7943.576347 7933.145729 7928.679346 7913.548144 7906.054225 7904.505638 7900.707466 7900.153741 7902.619401 7902.330722 7913.471895 7921.092585 7938.008948 7933.531210 7934.411312 0.000000 0.000000
0.000000 0.000000 8709.370026 8709.566092 8692.145657 8693.501704 8691.519748 8689.894636 8691.739553 8691.580339 8694.079067 8694.071083 8693.033774 8699.319311 8698.582410 8697.580502 8687.253999 8705.022096 8708.663379 0.000000 0.000000
0.000000 0.000000 9565.460909 9548.674374 9540.339385 9532.370337 9517.909454 9511.904885 9510.144145 9509.496783 9506.429750 9506.708246 9508.258970 9508.401902 9513.667492 9527.825758 9538.616694 9538.653299 9556.292310 0.000000 0.000000
0.000000 0.000000 10210.548416 10212.669771 10227.949329 10218.187435 10210.969847 10193.333502 10191.788748 10189.329254 10190.523813 10190.347331 10190.790338 10193.616615 10210.871911 10218.607835 10227.880788 10206.989337 10209.393061 0.000000 0.000000
0.000000 0.000000 0.000000 0.000000 0.000000 0.000000 0.000000 0.000000 0.000000 0.000000 0.000000 0.000000 0.000000 0.000000 0.000000 0.000000 0.000000 0.000000 0.000000 0.000000 0.000000
0.000000 0.000000 0.000000 0.000000 0.000000 0.000000 0.000000 0.000000 0.000000 0.000000 0.000000 0.000000 0.000000 0.000000 0.000000 0.000000 0.000000 0.000000 0.000000 0.000000 0.000000