geotop/1.0zi/1.0Montebello/Templates/testdem/maps/_Erotot0354.asc
ncols         21
nrows         20
xllcorner     100.000000
yllcorner     100.000000
cellsize      50.000000
NODATA_value  -9999.0
0.000000 0.000000 0.000000 0.000000 0.000000 0.000000 0.000000 0.000000 0.000000 0.000000 0.000000 0.000000 0.000000 0.000000 0.000000 0.000000 0.000000 0.000000 0.000000 0.000000 0.000000
0.000000 0.000000 31.372258 31.372943 31.405569 31.373104 31.372350 31.372726 31.372520 31.372455 31.372433 31.372455 31.372520 31.372726 31.372350 31.373104 31.405569 31.372943 31.372258 0.000000 0.000000
0.000000 0.000000 8.606935 8.390493 6.573474 8.386137 8.635017 8.619563 8.636435 8.641023 8.641284 8.641023 8.636435 8.619563 8.635017 8.386137 6.573474 8.390493 8.606935 0.000000 0.000000
0.000000 0.000000 459.918037 460.168352 460.288118 460.064128 459.941588 460.033392 459.980358 459.964780 459.913782 459.964780 459.980358 460.033392 459.941588 460.064128 460.288118 460.168352 459.918037 0.000000 0.000000
0.000000 0.000000 602.118896 602.071357 601.312129 602.048718 602.116762 602.135519 602.133530 602.133609 602.128087 602.133609 602.133530 602.135519 602.116762 602.048718 601.312129 602.071357 602.118896 0.000000 0.000000
0.000000 0.000000 831.098734 831.104848 830.394400 831.055870 831.110276 831.143731 831.129876 831.125984 831.112646 831.125984 831.129876 831.143731 831.110276 831.055870 830.394400 831.104848 831.098734 0.000000 0.000000
0.000000 0.000000 1061.066477 1061.074890 1060.439852 1061.027415 1061.076071 1061.109478 1061.094662 1061.090616 1061.080301 1061.090616 1061.094662 1061.109478 1061.076071 1061.027415 1060.439852 1061.074890 1061.066477 0.000000 0.000000
0.000000 0.000000 1277.874153 1277.881584 1277.291876 1277.837082 1277.882967 1277.915372 1277.900494 1277.896428 1277.887502 1277.896428 1277.900494 1277.915372 1277.882967 1277.837082 1277.291876 1277.881584 1277.874153 0.000000 0.000000
0.000000 0.000000 1483.958183 1483.965418 1483.401842 1483.922203 1483.966635 1483.998305 1483.983631 1483.979557 1483.971038 1483.979557 1483.983631 1483.998305 1483.966635 1483.922203 1483.401842 1483.965418 1483.958183 0.000000 0.000000
0.000000 0.000000 1683.241879 1683.248448 1682.699807 1683.206465 1683.250319 1683.281461 1683.266970 1683.262839 1683.254265 1683.262839 1683.266970 1683.281461 1683.250319 1683.206465 1682.699807 1683.248448 1683.241879 0.000000 0.000000
0.000000 0.000000 1876.228154 1876.234021 1875.693515 1876.192952 1876.236710 1876.267517 1876.253175 1876.248964 1876.240125 1876.248964 1876.253175 1876.267517 1876.236710 1876.192952 1875.693515 1876.234021 1876.228154 0.000000 0.000000
0.000000 0.000000 2064.502799 2064.505661 2063.974226 2064.466420 2064.510029 2064.539800 2064.526081 2064.521908 2064.513912 2064.521908 2064.526081 2064.539800 2064.510029 2064.466420 2063.974226 2064.505661 2064.502799 0.000000 0.000000
0.000000 0.000000 2246.972506 2246.973590 2246.446208 2246.936711 2246.979327 2247.008515 2246.994987 2246.990693 2246.982679 2246.990693 2246.994987 2247.008515 2246.979327 2246.936711 2246.446208 2246.973590 2246.972506 0.000000 0.000000
0.000000 0.000000 2426.810848 2426.810075 2426.285753 2426.773563 2426.817559 2426.846760 2426.833411 2426.829064 2426.820709 2426.829064 2426.833411 2426.846760 2426.817559 2426.773563 2426.285753 2426.810075 2426.810848 0.000000 0.000000
0.000000 0.000000 2604.900605 2604.900384 2604.372536 2604.863615 2604.908126 2604.937288 2604.924099 2604.919673 2604.910267 2604.919673 2604.924099 2604.937288 2604.908126 2604.863615 2604.372536 2604.900384 2604.900605 0.000000 0.000000
0.000000 0.000000 2781.540265 2781.541370 2781.022375 2781.504627 2781.548701 2781.577863 2781.564686 2781.560181 2781.549983 2781.560181 2781.564686 2781.577863 2781.548701 2781.504627 2781.022375 2781.541370 2781.540263 0.000000 0.000000
0.000000 0.000000 2955.593379 2955.592760 2955.069097 2955.557359 2955.602348 2955.631079 2955.618077 2955.613509 2955.602870 2955.613509 2955.618077 2955.631079 2955.602348 2955.557359 2955.069096 2955.592751 2955.593246 0.000000 0.000000
0.000000 0.000000 3140.858168 3140.970814 3140.447203 3140.933330 3140.978612 3141.007338 3140.994563 3140.989993 3140.978960 3140.989993 3140.994563 3141.007338 3140.978612 3140.933330 3140.447192 3140.969539 3140.969684 0.000000 0.000000
0.000000 0.000000 0.000000 0.000000 0.000000 0.000000 0.000000 0.000000 0.000000 0.000000 0.000000 0.000000 0.000000 0.000000 0.000000 0.000000 0.000000 0.000000 0.000000 0.000000 0.000000
0.000000 0.000000 0.000000 0.000000 0.000000 0.000000 0.000000 0.000000 0.000000 0.000000 0.000000 0.000000 0.000000 0.000000 0.000000 0.000000 0.000000 0.000000 0.000000 0.000000 0.000000