geotop/1.0zi/1.0Montebello/Templates/testdem/maps/_Erotot7020.asc
ncols         21
nrows         20
xllcorner     100.000000
yllcorner     100.000000
cellsize      50.000000
NODATA_value  -9999.0
0.000000 0.000000 0.000000 0.000000 0.000000 0.000000 0.000000 0.000000 0.000000 0.000000 0.000000 0.000000 0.000000 0.000000 0.000000 0.000000 0.000000 0.000000 0.000000 0.000000 0.000000
0.000000 0.000000 565.851403 566.655376 566.309632 566.533796 565.921891 565.888403 565.905172 566.007992 566.434428 565.761081 565.650841 565.731696 566.021269 565.980669 566.739492 567.008627 567.077676 0.000000 0.000000
0.000000 0.000000 44.444526 43.224690 43.204981 43.356256 43.590551 43.446261 43.184850 43.028582 43.267009 43.555715 43.489035 43.684344 43.461525 43.262765 41.977156 41.252137 41.996023 0.000000 0.000000
0.000000 0.000000 234.294711 236.327628 224.851883 222.257673 220.972723 214.017315 214.888556 213.660186 212.615300 210.051246 212.119990 211.963483 220.465249 226.444726 227.559831 229.355770 234.997653 0.000000 0.000000
0.000000 0.000000 2453.943455 2457.216541 2460.452938 2439.368019 2424.695106 2411.773230 2413.756313 2410.675047 2416.148230 2422.524196 2417.206604 2415.489209 2426.965508 2429.684519 2438.234673 2445.772683 2447.745577 0.000000 0.000000
0.000000 0.000000 4218.263798 4212.629520 4209.339564 4203.139177 4189.059473 4181.024776 4180.390008 4179.513622 4176.109792 4170.250213 4169.351370 4172.691424 4172.613303 4190.614720 4198.877891 4205.634776 4207.551744 0.000000 0.000000
0.000000 0.000000 5410.406131 5407.619900 5403.450815 5397.721438 5384.437786 5365.746594 5365.272130 5361.476604 5363.036303 5366.819742 5368.167734 5368.702157 5392.935001 5402.437115 5406.825382 5408.957535 5414.553927 0.000000 0.000000
0.000000 0.000000 6281.269793 6281.945868 6279.350909 6270.876920 6269.598524 6261.181604 6261.858051 6261.775207 6260.940772 6257.153331 6256.336370 6262.204214 6263.048985 6266.689629 6277.588932 6275.602420 6280.702238 0.000000 0.000000
0.000000 0.000000 7462.859821 7459.010556 7453.350898 7453.960086 7444.343504 7430.974701 7432.483998 7428.308186 7426.298774 7426.197936 7428.287805 7422.702950 7439.198956 7451.689785 7452.317433 7455.088734 7456.802570 0.000000 0.000000
0.000000 0.000000 8820.846011 8817.975102 8818.588450 8815.746427 8797.443199 8789.421217 8789.697559 8789.296572 8786.315956 8789.551340 8792.386265 8791.597143 8796.663858 8809.232657 8815.348240 8816.519642 8817.918048 0.000000 0.000000
0.000000 0.000000 10294.462896 10294.053967 10291.726657 10274.218687 10270.798788 10256.166115 10261.741128 10249.705485 10253.419623 10251.936523 10245.480552 10254.572729 10261.825093 10263.823106 10274.276073 10280.124177 10290.319271 0.000000 0.000000
0.000000 0.000000 11860.635890 11853.977003 11847.238865 11844.813219 11836.378479 11819.503525 11817.206225 11817.185859 11824.102267 11814.336255 11817.546117 11817.638915 11836.482595 11843.113801 11844.716047 11847.744512 11869.224315 0.000000 0.000000
0.000000 0.000000 13471.467472 13467.740803 13468.032349 13457.094377 13451.717593 13414.037868 13412.792247 13412.018965 13394.146229 13404.367672 13408.200595 13412.015259 13437.204239 13442.826803 13461.566887 13460.596171 13469.088978 0.000000 0.000000
0.000000 0.000000 15273.507349 15275.882064 15264.897458 15261.685716 15219.964123 15231.851678 15219.801466 15220.630147 15224.534819 15221.534899 15219.810433 15216.169228 15201.330961 15247.292064 15252.813047 15268.520923 15277.414121 0.000000 0.000000
0.000000 0.000000 17260.079839 17253.383051 17246.893421 17205.332534 17208.830249 17187.466342 17171.387714 17169.214920 17161.156527 17152.669544 17156.499272 17155.181551 17179.670728 17178.689171 17242.156998 17229.558085 17229.130636 0.000000 0.000000
0.000000 0.000000 19330.002960 19328.016386 19266.886492 19275.834653 19279.827153 19268.390218 19296.582817 19284.724290 19296.521375 19289.029565 19280.414972 19296.224672 19300.633962 19300.741554 19259.404399 19345.118226 19338.689366 0.000000 0.000000
0.000000 0.000000 21764.030832 21681.094818 21688.321721 21665.658070 21619.887559 21610.590210 21592.545230 21598.257452 21573.339949 21574.583485 21585.560687 21579.408055 21599.111373 21625.074245 21685.600014 21657.392271 21747.370406 0.000000 0.000000
0.000000 0.000000 23143.712707 23198.066201 23281.349949 23274.553416 23262.831334 23192.313057 23197.628828 23174.668172 23201.757554 23196.054849 23199.574911 23200.377649 23261.105799 23270.847494 23295.355090 23216.464398 23164.246313 0.000000 0.000000
0.000000 0.000000 0.000000 0.000000 0.000000 0.000000 0.000000 0.000000 0.000000 0.000000 0.000000 0.000000 0.000000 0.000000 0.000000 0.000000 0.000000 0.000000 0.000000 0.000000 0.000000
0.000000 0.000000 0.000000 0.000000 0.000000 0.000000 0.000000 0.000000 0.000000 0.000000 0.000000 0.000000 0.000000 0.000000 0.000000 0.000000 0.000000 0.000000 0.000000 0.000000 0.000000