geotop/1.0zi/1.0Montebello/Templates/testdem/maps/_Erotot0072.asc
ncols         21
nrows         20
xllcorner     100.000000
yllcorner     100.000000
cellsize      50.000000
NODATA_value  -9999.0
0.000000 0.000000 0.000000 0.000000 0.000000 0.000000 0.000000 0.000000 0.000000 0.000000 0.000000 0.000000 0.000000 0.000000 0.000000 0.000000 0.000000 0.000000 0.000000 0.000000 0.000000
0.000000 0.000000 0.913001 0.913000 0.913000 0.913000 0.913000 0.913000 0.913000 0.913000 0.913000 0.913000 0.913000 0.913000 0.913000 0.913000 0.913000 0.913000 0.913001 0.000000 0.000000
0.000000 0.000000 2.846059 2.845948 2.846003 2.846012 2.846013 2.846013 2.846013 2.846013 2.846013 2.846013 2.846013 2.846013 2.846013 2.846012 2.846003 2.845948 2.846059 0.000000 0.000000
0.000000 0.000000 42.401998 42.401779 42.401873 42.401911 42.401919 42.401920 42.401920 42.401920 42.401920 42.401920 42.401920 42.401920 42.401919 42.401911 42.401873 42.401779 42.401998 0.000000 0.000000
0.000000 0.000000 49.644339 49.644291 49.644301 49.644311 49.644313 49.644313 49.644313 49.644313 49.644313 49.644313 49.644313 49.644313 49.644313 49.644311 49.644301 49.644291 49.644339 0.000000 0.000000
0.000000 0.000000 70.847001 70.846870 70.846940 70.846960 70.846964 70.846965 70.846965 70.846965 70.846965 70.846965 70.846965 70.846965 70.846964 70.846960 70.846940 70.846870 70.847001 0.000000 0.000000
0.000000 0.000000 93.681384 93.681264 93.681317 93.681334 93.681338 93.681338 93.681339 93.681339 93.681339 93.681339 93.681339 93.681338 93.681338 93.681334 93.681317 93.681264 93.681384 0.000000 0.000000
0.000000 0.000000 115.778335 115.778221 115.778264 115.778279 115.778282 115.778283 115.778283 115.778283 115.778283 115.778283 115.778283 115.778283 115.778282 115.778279 115.778264 115.778221 115.778335 0.000000 0.000000
0.000000 0.000000 137.149186 137.149076 137.149110 137.149123 137.149125 137.149126 137.149126 137.149126 137.149126 137.149126 137.149126 137.149126 137.149125 137.149123 137.149110 137.149076 137.149186 0.000000 0.000000
0.000000 0.000000 157.907497 157.907390 157.907415 157.907426 157.907428 157.907429 157.907429 157.907429 157.907429 157.907429 157.907429 157.907429 157.907428 157.907426 157.907415 157.907390 157.907497 0.000000 0.000000
0.000000 0.000000 178.250148 178.250043 178.250061 178.250071 178.250073 178.250073 178.250073 178.250073 178.250073 178.250073 178.250073 178.250073 178.250073 178.250071 178.250061 178.250043 178.250148 0.000000 0.000000
0.000000 0.000000 198.352095 198.351990 198.352001 198.352009 198.352011 198.352012 198.352012 198.352012 198.352012 198.352012 198.352012 198.352012 198.352011 198.352009 198.352001 198.351990 198.352095 0.000000 0.000000
0.000000 0.000000 218.209431 218.209328 218.209333 218.209340 218.209342 218.209343 218.209343 218.209343 218.209343 218.209343 218.209343 218.209343 218.209342 218.209340 218.209333 218.209328 218.209431 0.000000 0.000000
0.000000 0.000000 238.096355 238.096252 238.096251 238.096257 238.096259 238.096259 238.096259 238.096259 238.096259 238.096259 238.096259 238.096259 238.096259 238.096257 238.096251 238.096252 238.096355 0.000000 0.000000
0.000000 0.000000 257.556326 257.556223 257.556216 257.556221 257.556222 257.556222 257.556222 257.556222 257.556222 257.556222 257.556222 257.556222 257.556222 257.556221 257.556216 257.556223 257.556326 0.000000 0.000000
0.000000 0.000000 276.984803 276.984701 276.984689 276.984693 276.984694 276.984694 276.984694 276.984694 276.984694 276.984694 276.984694 276.984694 276.984694 276.984693 276.984689 276.984701 276.984802 0.000000 0.000000
0.000000 0.000000 296.507973 296.507784 296.507763 296.507765 296.507767 296.507767 296.507767 296.507767 296.507767 296.507767 296.507767 296.507767 296.507767 296.507765 296.507763 296.507781 296.507883 0.000000 0.000000
0.000000 0.000000 316.042166 316.038840 316.038542 316.038534 316.038535 316.038535 316.038535 316.038535 316.038535 316.038535 316.038535 316.038535 316.038535 316.038534 316.038535 316.038592 316.038757 0.000000 0.000000
0.000000 0.000000 0.000000 0.000000 0.000000 0.000000 0.000000 0.000000 0.000000 0.000000 0.000000 0.000000 0.000000 0.000000 0.000000 0.000000 0.000000 0.000000 0.000000 0.000000 0.000000
0.000000 0.000000 0.000000 0.000000 0.000000 0.000000 0.000000 0.000000 0.000000 0.000000 0.000000 0.000000 0.000000 0.000000 0.000000 0.000000 0.000000 0.000000 0.000000 0.000000 0.000000