geotop/1.0zi/1.0Montebello/Templates/testdem/maps/_Erotot4386.asc
ncols         21
nrows         20
xllcorner     100.000000
yllcorner     100.000000
cellsize      50.000000
NODATA_value  -9999.0
0.000000 0.000000 0.000000 0.000000 0.000000 0.000000 0.000000 0.000000 0.000000 0.000000 0.000000 0.000000 0.000000 0.000000 0.000000 0.000000 0.000000 0.000000 0.000000 0.000000 0.000000
0.000000 0.000000 329.057731 328.616391 328.421396 328.272830 328.298020 328.354162 328.391674 328.390184 328.376721 328.379805 328.381646 328.425734 328.295045 328.315744 328.491081 328.404780 328.499674 0.000000 0.000000
0.000000 0.000000 26.422355 27.001734 27.275120 27.942752 27.484795 27.491231 27.067124 26.999946 27.052868 27.407221 27.142651 27.032780 27.584127 27.363466 26.490549 25.953437 25.831617 0.000000 0.000000
0.000000 0.000000 139.411547 140.647920 133.557853 131.125176 132.088892 126.952471 126.125272 125.711448 124.946868 124.491146 125.632205 124.334645 127.107945 132.080767 132.792579 135.068158 137.723425 0.000000 0.000000
0.000000 0.000000 1313.047037 1315.903078 1321.672379 1316.550486 1310.258348 1306.311988 1309.903636 1304.393255 1307.828839 1311.353335 1309.827841 1305.690398 1309.871109 1306.670645 1307.175546 1308.637584 1309.321213 0.000000 0.000000
0.000000 0.000000 2514.563974 2508.514451 2500.533271 2494.334229 2488.391599 2484.884274 2482.262232 2484.134341 2483.801000 2480.987660 2476.994708 2479.265942 2479.655980 2492.204651 2497.863571 2498.300033 2501.058364 0.000000 0.000000
0.000000 0.000000 3184.980154 3181.196806 3178.640500 3175.203175 3167.589805 3153.932144 3155.835794 3152.620809 3155.174089 3154.213207 3156.103063 3156.811319 3170.369692 3176.932396 3183.697983 3187.838655 3190.681111 0.000000 0.000000
0.000000 0.000000 3636.091512 3635.793915 3635.765144 3631.546678 3630.455981 3626.456274 3627.320284 3627.610080 3625.194483 3626.060383 3624.463869 3622.827257 3625.044382 3628.924895 3630.479283 3629.502476 3630.866009 0.000000 0.000000
0.000000 0.000000 4265.981291 4265.429155 4262.052650 4260.454904 4257.069631 4249.232438 4249.819929 4248.005654 4248.423079 4248.884767 4247.477489 4247.416156 4251.980667 4259.259622 4259.010325 4260.160570 4263.670993 0.000000 0.000000
0.000000 0.000000 4987.034208 4985.225899 4984.513588 4981.389722 4973.893838 4969.815544 4971.687045 4970.788058 4970.696600 4970.588431 4969.153609 4966.738005 4973.162627 4979.144370 4981.338453 4982.026328 4983.302954 0.000000 0.000000
0.000000 0.000000 5749.510399 5747.682373 5745.214036 5743.498757 5742.175055 5732.750962 5733.349732 5730.863196 5730.850737 5731.709176 5730.112862 5729.038623 5732.971003 5735.334370 5739.514218 5741.361167 5744.299528 0.000000 0.000000
0.000000 0.000000 6542.381116 6541.021271 6538.311088 6532.085127 6528.222434 6521.156302 6520.516985 6520.103515 6520.037235 6519.085970 6518.190280 6517.301746 6525.547005 6531.155723 6534.210539 6535.059739 6551.756311 0.000000 0.000000
0.000000 0.000000 7336.622023 7334.470393 7331.502890 7329.233613 7323.138083 7305.767504 7306.375936 7304.649330 7304.378833 7304.813264 7302.726709 7302.280501 7316.671815 7324.273720 7327.106278 7328.329973 7330.647016 0.000000 0.000000
0.000000 0.000000 8183.574714 8180.499565 8177.539830 8173.996266 8156.614353 8165.307429 8160.034221 8159.169956 8159.356208 8159.398442 8157.707975 8156.608479 8150.043817 8167.397775 8170.964067 8175.879377 8175.733194 0.000000 0.000000
0.000000 0.000000 9086.022889 9080.980858 9075.724115 9064.526390 9062.793664 9047.793743 9040.538839 9038.882220 9034.531041 9033.770806 9034.251474 9031.131643 9041.059935 9048.787319 9068.785107 9064.318275 9065.614901 0.000000 0.000000
0.000000 0.000000 9982.725662 9982.152932 9961.812331 9965.028428 9965.488036 9965.300659 9968.124634 9968.086476 9970.534129 9970.340635 9966.627059 9970.419453 9967.377392 9966.229821 9955.408237 9977.513152 9981.883790 0.000000 0.000000
0.000000 0.000000 10998.127561 10975.698657 10966.710790 10959.464510 10946.437455 10941.150577 10939.908378 10939.189975 10935.399598 10935.500736 10934.934896 10931.451587 10935.139421 10950.892403 10963.586046 10964.262375 10986.913601 0.000000 0.000000
0.000000 0.000000 11755.054349 11757.407627 11776.401033 11767.424148 11762.170929 11740.853050 11739.767664 11737.079126 11738.365598 11737.893924 11735.716351 11735.806017 11755.854523 11764.349488 11775.467507 11751.227774 11753.785878 0.000000 0.000000
0.000000 0.000000 0.000000 0.000000 0.000000 0.000000 0.000000 0.000000 0.000000 0.000000 0.000000 0.000000 0.000000 0.000000 0.000000 0.000000 0.000000 0.000000 0.000000 0.000000 0.000000
0.000000 0.000000 0.000000 0.000000 0.000000 0.000000 0.000000 0.000000 0.000000 0.000000 0.000000 0.000000 0.000000 0.000000 0.000000 0.000000 0.000000 0.000000 0.000000 0.000000 0.000000