geotop/1.0zi/1.0Montebello/Templates/testdem/maps/_Erotot0197.asc
ncols         21
nrows         20
xllcorner     100.000000
yllcorner     100.000000
cellsize      50.000000
NODATA_value  -9999.0
0.000000 0.000000 0.000000 0.000000 0.000000 0.000000 0.000000 0.000000 0.000000 0.000000 0.000000 0.000000 0.000000 0.000000 0.000000 0.000000 0.000000 0.000000 0.000000 0.000000 0.000000
0.000000 0.000000 18.080540 18.080542 18.080541 18.080540 18.080540 18.080540 18.080540 18.080540 18.080540 18.080540 18.080540 18.080540 18.080540 18.080540 18.080541 18.080542 18.080540 0.000000 0.000000
0.000000 0.000000 2.163732 2.162492 2.163348 2.163678 2.163681 2.163658 2.163650 2.163648 2.163648 2.163648 2.163650 2.163658 2.163681 2.163678 2.163348 2.162492 2.163732 0.000000 0.000000
0.000000 0.000000 260.168773 260.170293 260.169439 260.168544 260.168536 260.168630 260.168689 260.168708 260.168711 260.168708 260.168689 260.168630 260.168536 260.168544 260.169439 260.170293 260.168773 0.000000 0.000000
0.000000 0.000000 337.587828 337.588602 337.588534 337.587689 337.587649 337.587744 337.587821 337.587848 337.587853 337.587848 337.587821 337.587744 337.587649 337.587689 337.588534 337.588602 337.587828 0.000000 0.000000
0.000000 0.000000 470.155716 470.155635 470.155699 470.155640 470.155651 470.155664 470.155672 470.155674 470.155675 470.155674 470.155672 470.155664 470.155651 470.155640 470.155699 470.155635 470.155716 0.000000 0.000000
0.000000 0.000000 598.831039 598.830701 598.830780 598.830993 598.831020 598.831004 598.830987 598.830981 598.830980 598.830981 598.830987 598.831004 598.831020 598.830993 598.830780 598.830701 598.831039 0.000000 0.000000
0.000000 0.000000 718.985967 718.985616 718.985697 718.985930 718.985958 718.985940 718.985921 718.985914 718.985913 718.985914 718.985921 718.985940 718.985958 718.985930 718.985697 718.985616 718.985967 0.000000 0.000000
0.000000 0.000000 832.569533 832.569230 832.569309 832.569496 832.569521 832.569507 832.569493 832.569488 832.569487 832.569488 832.569493 832.569507 832.569521 832.569496 832.569309 832.569230 832.569533 0.000000 0.000000
0.000000 0.000000 941.401467 941.401206 941.401289 941.401428 941.401449 941.401441 941.401431 941.401427 941.401427 941.401427 941.401431 941.401441 941.401449 941.401428 941.401289 941.401206 941.401467 0.000000 0.000000
0.000000 0.000000 1046.237129 1046.236903 1046.236988 1046.237087 1046.237105 1046.237102 1046.237096 1046.237093 1046.237093 1046.237093 1046.237096 1046.237102 1046.237105 1046.237087 1046.236988 1046.236903 1046.237129 0.000000 0.000000
0.000000 0.000000 1148.725957 1148.725760 1148.725843 1148.725912 1148.725929 1148.725929 1148.725925 1148.725924 1148.725924 1148.725924 1148.725925 1148.725929 1148.725929 1148.725912 1148.725843 1148.725760 1148.725957 0.000000 0.000000
0.000000 0.000000 1249.155048 1249.154870 1249.154952 1249.155001 1249.155017 1249.155018 1249.155016 1249.155016 1249.155015 1249.155016 1249.155016 1249.155018 1249.155017 1249.155001 1249.154952 1249.154870 1249.155048 0.000000 0.000000
0.000000 0.000000 1347.008029 1347.007861 1347.007944 1347.007981 1347.007996 1347.007998 1347.007998 1347.007997 1347.007997 1347.007997 1347.007998 1347.007998 1347.007996 1347.007981 1347.007944 1347.007861 1347.008029 0.000000 0.000000
0.000000 0.000000 1443.729805 1443.729654 1443.729732 1443.729759 1443.729773 1443.729777 1443.729777 1443.729777 1443.729777 1443.729777 1443.729777 1443.729777 1443.729773 1443.729759 1443.729732 1443.729654 1443.729805 0.000000 0.000000
0.000000 0.000000 1538.297398 1538.297227 1538.297317 1538.297345 1538.297358 1538.297362 1538.297363 1538.297363 1538.297363 1538.297363 1538.297363 1538.297362 1538.297358 1538.297345 1538.297317 1538.297227 1538.297397 0.000000 0.000000
0.000000 0.000000 1630.170681 1630.170464 1630.170543 1630.170567 1630.170580 1630.170585 1630.170585 1630.170585 1630.170585 1630.170585 1630.170585 1630.170585 1630.170580 1630.170567 1630.170543 1630.170458 1630.170621 0.000000 0.000000
0.000000 0.000000 1728.699234 1728.770148 1728.769426 1728.769435 1728.769449 1728.769453 1728.769454 1728.769454 1728.769454 1728.769454 1728.769454 1728.769453 1728.769449 1728.769435 1728.769417 1728.769370 1728.769626 0.000000 0.000000
0.000000 0.000000 0.000000 0.000000 0.000000 0.000000 0.000000 0.000000 0.000000 0.000000 0.000000 0.000000 0.000000 0.000000 0.000000 0.000000 0.000000 0.000000 0.000000 0.000000 0.000000
0.000000 0.000000 0.000000 0.000000 0.000000 0.000000 0.000000 0.000000 0.000000 0.000000 0.000000 0.000000 0.000000 0.000000 0.000000 0.000000 0.000000 0.000000 0.000000 0.000000 0.000000