geotop/1.0zi/1.0Montebello/Templates/testdem/maps/_Erotot3136.asc
ncols         21
nrows         20
xllcorner     100.000000
yllcorner     100.000000
cellsize      50.000000
NODATA_value  -9999.0
0.000000 0.000000 0.000000 0.000000 0.000000 0.000000 0.000000 0.000000 0.000000 0.000000 0.000000 0.000000 0.000000 0.000000 0.000000 0.000000 0.000000 0.000000 0.000000 0.000000 0.000000
0.000000 0.000000 350.668076 350.670930 350.674485 350.793264 350.662556 350.666884 350.640733 350.681331 350.696498 350.681331 350.640733 350.666884 350.662556 350.793264 350.674485 350.670930 350.668076 0.000000 0.000000
0.000000 0.000000 11.529178 11.290511 9.533421 11.215097 11.527514 11.457935 11.569612 11.468547 11.835781 11.468547 11.569612 11.457935 11.527514 11.215097 9.533421 11.290511 11.529178 0.000000 0.000000
0.000000 0.000000 2570.308941 2569.941074 2570.102633 2568.268785 2570.119771 2569.652110 2569.619638 2570.434080 2570.575470 2570.434080 2569.619638 2569.652110 2570.119771 2568.268785 2570.102633 2569.941074 2570.308941 0.000000 0.000000
0.000000 0.000000 4783.157257 4782.980285 4782.311574 4782.889047 4783.413676 4783.285146 4783.261591 4783.372984 4783.393428 4783.372984 4783.261591 4783.285146 4783.413677 4782.889047 4782.311574 4782.980285 4783.157257 0.000000 0.000000
0.000000 0.000000 6208.206789 6207.984025 6207.374377 6207.509365 6208.280421 6208.006356 6208.038867 6208.332774 6208.555939 6208.332774 6208.038867 6208.006356 6208.280421 6207.509365 6207.374377 6207.984025 6208.206789 0.000000 0.000000
0.000000 0.000000 7990.254674 7990.066814 7989.510458 7989.630044 7990.288586 7990.052881 7990.087614 7990.344101 7990.566450 7990.344101 7990.087614 7990.052881 7990.288586 7989.630044 7989.510458 7990.066814 7990.254674 0.000000 0.000000
0.000000 0.000000 9638.083236 9637.924600 9637.413312 9637.536456 9638.095815 9637.894294 9637.927980 9638.155086 9638.356211 9638.155086 9637.927980 9637.894294 9638.095815 9637.536456 9637.413312 9637.924600 9638.083236 0.000000 0.000000
0.000000 0.000000 11157.310175 11157.166441 11156.685037 11156.807010 11157.318691 11157.135058 11157.164884 11157.375577 11157.565521 11157.375577 11157.164884 11157.135058 11157.318691 11156.807010 11156.685037 11157.166441 11157.310175 0.000000 0.000000
0.000000 0.000000 12571.428881 12571.315383 12570.852121 12571.011344 12571.434683 12571.271731 12571.303916 12571.493292 12571.666786 12571.493292 12571.303916 12571.271731 12571.434683 12571.011344 12570.852121 12571.315383 12571.428881 0.000000 0.000000
0.000000 0.000000 13888.916772 13888.798448 13888.360924 13888.495665 13888.926140 13888.765088 13888.793041 13888.980232 13889.143986 13888.980232 13888.793041 13888.765088 13888.926140 13888.495665 13888.360924 13888.798448 13888.916772 0.000000 0.000000
0.000000 0.000000 15134.243279 15134.129967 15133.720326 15133.850552 15134.267819 15134.114373 15134.137680 15134.323553 15134.477051 15134.323553 15134.137680 15134.114373 15134.267819 15133.850552 15133.720326 15134.129967 15134.243279 0.000000 0.000000
0.000000 0.000000 16314.664114 16314.558200 16314.159950 16314.291411 16314.687520 16314.539048 16314.561387 16314.742444 16314.886883 16314.742444 16314.561387 16314.539048 16314.687520 16314.291411 16314.159950 16314.558200 16314.664114 0.000000 0.000000
0.000000 0.000000 17444.355945 17444.259122 17443.874687 17444.022769 17444.381211 17444.239842 17444.262900 17444.435954 17444.573193 17444.435954 17444.262900 17444.239842 17444.381211 17444.022769 17443.874687 17444.259122 17444.355945 0.000000 0.000000
0.000000 0.000000 18524.415060 18524.317952 18523.943948 18524.080185 18524.443819 18524.304222 18524.324778 18524.496428 18524.627104 18524.496428 18524.324778 18524.304222 18524.443819 18524.080185 18523.943948 18524.317952 18524.415060 0.000000 0.000000
0.000000 0.000000 19558.933760 19558.838938 19558.477009 19558.605554 19558.955128 19558.820922 19558.841591 19559.006058 19559.132696 19559.006058 19558.841591 19558.820922 19558.955128 19558.605554 19558.477009 19558.838938 19558.933756 0.000000 0.000000
0.000000 0.000000 20553.927363 20553.835350 20553.479723 20553.612004 20553.948668 20553.817351 20553.837839 20553.998088 20554.117528 20553.998088 20553.837839 20553.817351 20553.948668 20553.612004 20553.479723 20553.835330 20553.927363 0.000000 0.000000
0.000000 0.000000 21565.845053 21566.303830 21565.956850 21566.084779 21566.412846 21566.286137 21566.305020 21566.460381 21566.576245 21566.460381 21566.305020 21566.286137 21566.412846 21566.084779 21565.956832 21566.300506 21566.389083 0.000000 0.000000
0.000000 0.000000 0.000000 0.000000 0.000000 0.000000 0.000000 0.000000 0.000000 0.000000 0.000000 0.000000 0.000000 0.000000 0.000000 0.000000 0.000000 0.000000 0.000000 0.000000 0.000000
0.000000 0.000000 0.000000 0.000000 0.000000 0.000000 0.000000 0.000000 0.000000 0.000000 0.000000 0.000000 0.000000 0.000000 0.000000 0.000000 0.000000 0.000000 0.000000 0.000000 0.000000