geotop/1.0zi/1.0Montebello/Templates/testdem/maps/_Erotot1281.asc
ncols         21
nrows         20
xllcorner     100.000000
yllcorner     100.000000
cellsize      50.000000
NODATA_value  -9999.0
0.000000 0.000000 0.000000 0.000000 0.000000 0.000000 0.000000 0.000000 0.000000 0.000000 0.000000 0.000000 0.000000 0.000000 0.000000 0.000000 0.000000 0.000000 0.000000 0.000000 0.000000
0.000000 0.000000 149.078160 149.079559 149.114418 149.089779 149.071125 149.079575 149.081160 149.075973 149.076642 149.075973 149.081160 149.079575 149.071125 149.089779 149.114418 149.079559 149.078160 0.000000 0.000000
0.000000 0.000000 9.056179 8.837095 7.060862 8.917953 9.099488 9.083745 9.094055 9.101117 9.099374 9.101117 9.094055 9.083745 9.099488 8.917953 7.060862 8.837095 9.056179 0.000000 0.000000
0.000000 0.000000 1074.978934 1074.775009 1074.802624 1072.808492 1075.149582 1074.721192 1074.661049 1075.185762 1075.129450 1075.185762 1074.661049 1074.721192 1075.149582 1072.808492 1074.802624 1074.775009 1074.978934 0.000000 0.000000
0.000000 0.000000 1912.153835 1911.929912 1911.179123 1911.875425 1912.325689 1912.135318 1912.089017 1912.236527 1912.191294 1912.236527 1912.089017 1912.135318 1912.325689 1911.875425 1911.179123 1911.929912 1912.153835 0.000000 0.000000
0.000000 0.000000 2516.722065 2516.548873 2515.799768 2515.993009 2516.903964 2516.655828 2516.625515 2516.841387 2516.814567 2516.841387 2516.625515 2516.655828 2516.903964 2515.993009 2515.799768 2516.548873 2516.722065 0.000000 0.000000
0.000000 0.000000 3279.810919 3279.672889 3278.996743 3279.186689 3279.965154 3279.758821 3279.738715 3279.916739 3279.893597 3279.916739 3279.738715 3279.758821 3279.965154 3279.186689 3278.996743 3279.672889 3279.810919 0.000000 0.000000
0.000000 0.000000 4005.096818 4004.977737 4004.352338 4004.539747 4005.226140 4005.050277 4005.035936 4005.192447 4005.172489 4005.192447 4005.035936 4005.050277 4005.226140 4004.539747 4004.352338 4004.977737 4005.096818 0.000000 0.000000
0.000000 0.000000 4692.277703 4692.168815 4691.574278 4691.755349 4692.393113 4692.232920 4692.222162 4692.367627 4692.348289 4692.367627 4692.222162 4692.232920 4692.393113 4691.755349 4691.574278 4692.168815 4692.277703 0.000000 0.000000
0.000000 0.000000 5349.955454 5349.873689 5349.291344 5349.508672 5350.056854 5349.916652 5349.913716 5350.041833 5350.022378 5350.041833 5349.913716 5349.916652 5350.056854 5349.508672 5349.291344 5349.873689 5349.955454 0.000000 0.000000
0.000000 0.000000 5982.322994 5982.231595 5981.667493 5981.857485 5982.422035 5982.280790 5982.275522 5982.406048 5982.385567 5982.406048 5982.275522 5982.280790 5982.422035 5981.857485 5981.667493 5982.231595 5982.322994 0.000000 0.000000
0.000000 0.000000 6594.967346 6594.873128 6594.323142 6594.502713 6595.058647 6594.922408 6594.918455 6595.047559 6595.028236 6595.047559 6594.918455 6594.922408 6595.058647 6594.502713 6594.323142 6594.873128 6594.967346 0.000000 0.000000
0.000000 0.000000 7193.519990 7193.427980 7192.885191 7193.065295 7193.606643 7193.473546 7193.470823 7193.597834 7193.578016 7193.597834 7193.470823 7193.473546 7193.606643 7193.065295 7192.885191 7193.427980 7193.519990 0.000000 0.000000
0.000000 0.000000 7778.632840 7778.547416 7778.009892 7778.209793 7778.715292 7778.587535 7778.587867 7778.710363 7778.689943 7778.710363 7778.587867 7778.587535 7778.715292 7778.209793 7778.009892 7778.547416 7778.632840 0.000000 0.000000
0.000000 0.000000 8352.825322 8352.737412 8352.201415 8352.390227 8352.905998 8352.778020 8352.777786 8352.902447 8352.881365 8352.902447 8352.777786 8352.778020 8352.905998 8352.390227 8352.201415 8352.737412 8352.825322 0.000000 0.000000
0.000000 0.000000 8917.775920 8917.688803 8917.166080 8917.346937 8917.853944 8917.729917 8917.729972 8917.851560 8917.830704 8917.851560 8917.729972 8917.729917 8917.853944 8917.346937 8917.166080 8917.688803 8917.775917 0.000000 0.000000
0.000000 0.000000 9471.687481 9471.600848 9471.076339 9471.260331 9471.765102 9471.639496 9471.640004 9471.763364 9471.741516 9471.763364 9471.640004 9471.639496 9471.765102 9471.260331 9471.076339 9471.600830 9471.687216 0.000000 0.000000
0.000000 0.000000 10045.807824 10045.999467 10045.477586 10045.652479 10046.160423 10046.033768 10046.034648 10046.160056 10046.137928 10046.160056 10046.034648 10046.033768 10046.160423 10045.652479 10045.477569 10045.996530 10046.083626 0.000000 0.000000
0.000000 0.000000 0.000000 0.000000 0.000000 0.000000 0.000000 0.000000 0.000000 0.000000 0.000000 0.000000 0.000000 0.000000 0.000000 0.000000 0.000000 0.000000 0.000000 0.000000 0.000000
0.000000 0.000000 0.000000 0.000000 0.000000 0.000000 0.000000 0.000000 0.000000 0.000000 0.000000 0.000000 0.000000 0.000000 0.000000 0.000000 0.000000 0.000000 0.000000 0.000000 0.000000