geotop/1.0zi/1.0Montebello/Templates/testdem/maps/_Erotot1201.asc
ncols         21
nrows         20
xllcorner     100.000000
yllcorner     100.000000
cellsize      50.000000
NODATA_value  -9999.0
0.000000 0.000000 0.000000 0.000000 0.000000 0.000000 0.000000 0.000000 0.000000 0.000000 0.000000 0.000000 0.000000 0.000000 0.000000 0.000000 0.000000 0.000000 0.000000 0.000000 0.000000
0.000000 0.000000 127.965078 127.966471 128.001312 127.976623 127.958117 127.966488 127.968063 127.962909 127.963572 127.962909 127.968063 127.966488 127.958117 127.976623 128.001312 127.966471 127.965078 0.000000 0.000000
0.000000 0.000000 8.232723 8.013997 6.238302 8.095877 8.268891 8.259901 8.270599 8.276523 8.274641 8.276523 8.270599 8.259901 8.268891 8.095877 6.238302 8.013997 8.232723 0.000000 0.000000
0.000000 0.000000 954.770665 954.565584 954.587752 952.566773 954.823784 954.482885 954.446370 954.974604 954.917521 954.974604 954.446370 954.482885 954.823784 952.566773 954.587752 954.565584 954.770665 0.000000 0.000000
0.000000 0.000000 1752.610310 1752.385837 1751.632371 1752.321773 1752.752080 1752.585483 1752.543447 1752.691863 1752.646130 1752.691863 1752.543447 1752.585483 1752.752080 1752.321773 1751.632371 1752.385837 1752.610310 0.000000 0.000000
0.000000 0.000000 2311.219866 2311.046344 2310.293057 2310.467926 2311.304227 2311.131683 2311.118437 2311.335040 2311.307365 2311.335040 2311.118437 2311.131683 2311.304227 2310.467926 2310.293057 2311.046344 2311.219866 0.000000 0.000000
0.000000 0.000000 3021.770117 3021.631905 3020.951344 3021.124686 3021.828810 3021.697539 3021.693445 3021.871955 3021.847917 3021.871955 3021.693445 3021.697539 3021.828810 3021.124686 3020.951344 3021.631905 3021.770117 0.000000 0.000000
0.000000 0.000000 3699.292547 3699.173259 3698.543268 3698.716077 3699.333931 3699.227727 3699.227650 3699.384557 3699.363733 3699.384557 3699.227650 3699.227727 3699.333931 3698.716077 3698.543268 3699.173259 3699.292547 0.000000 0.000000
0.000000 0.000000 4341.668537 4341.559348 4340.959915 4341.127931 4341.702728 4341.607222 4341.609321 4341.755251 4341.735068 4341.755251 4341.609321 4341.607222 4341.702728 4341.127931 4340.959915 4341.559348 4341.668537 0.000000 0.000000
0.000000 0.000000 4956.364319 4956.282284 4955.694638 4955.900390 4956.389759 4956.310338 4956.319226 4956.447824 4956.427536 4956.447824 4956.319226 4956.310338 4956.389759 4955.900390 4955.694638 4956.282284 4956.364319 0.000000 0.000000
0.000000 0.000000 5547.203090 5547.111285 5546.541477 5546.720897 5547.230369 5547.146727 5547.152450 5547.283570 5547.262255 5547.283570 5547.152450 5547.146727 5547.230369 5546.720897 5546.541477 5547.111285 5547.203090 0.000000 0.000000
0.000000 0.000000 6119.550768 6119.455970 6118.899876 6119.069596 6119.573605 6119.492449 6119.498823 6119.628665 6119.608525 6119.628665 6119.498823 6119.492449 6119.573605 6119.069596 6118.899876 6119.455970 6119.550768 0.000000 0.000000
0.000000 0.000000 6678.760137 6678.667328 6678.118063 6678.289017 6678.781007 6678.700929 6678.707991 6678.835832 6678.815224 6678.835832 6678.707991 6678.700929 6678.781007 6678.289017 6678.118063 6678.667328 6678.760137 0.000000 0.000000
0.000000 0.000000 7225.064005 7224.977764 7224.433283 7224.624930 7225.082969 7225.006519 7225.016213 7225.139648 7225.118407 7225.139648 7225.016213 7225.006519 7225.082969 7224.624930 7224.433283 7224.977764 7225.064005 0.000000 0.000000
0.000000 0.000000 7761.781513 7761.692772 7761.149196 7761.330316 7761.800752 7761.722549 7761.731273 7761.857070 7761.835142 7761.857070 7761.731273 7761.722549 7761.800752 7761.330316 7761.149196 7761.692772 7761.781513 0.000000 0.000000
0.000000 0.000000 8289.123275 8289.035180 8288.504699 8288.678183 8289.141594 8289.066095 8289.074741 8289.197456 8289.175764 8289.197456 8289.074741 8289.066095 8289.141594 8288.678183 8288.504699 8289.035180 8289.123272 0.000000 0.000000
0.000000 0.000000 8806.959319 8806.871587 8806.338624 8806.515768 8806.978670 8806.900218 8806.909047 8807.033855 8807.011101 8807.033855 8806.909047 8806.900218 8806.978670 8806.515768 8806.338623 8806.871569 8806.958973 0.000000 0.000000
0.000000 0.000000 9343.401891 9343.564378 9343.033646 9343.201872 9343.669639 9343.589207 9343.598209 9343.725261 9343.702241 9343.725261 9343.598209 9343.589207 9343.669639 9343.201872 9343.033629 9343.561540 9343.649872 0.000000 0.000000
0.000000 0.000000 0.000000 0.000000 0.000000 0.000000 0.000000 0.000000 0.000000 0.000000 0.000000 0.000000 0.000000 0.000000 0.000000 0.000000 0.000000 0.000000 0.000000 0.000000 0.000000
0.000000 0.000000 0.000000 0.000000 0.000000 0.000000 0.000000 0.000000 0.000000 0.000000 0.000000 0.000000 0.000000 0.000000 0.000000 0.000000 0.000000 0.000000 0.000000 0.000000 0.000000