geotop/1.0zi/1.0Montebello/Templates/testdem/maps/_Erotot5888.asc
ncols         21
nrows         20
xllcorner     100.000000
yllcorner     100.000000
cellsize      50.000000
NODATA_value  -9999.0
0.000000 0.000000 0.000000 0.000000 0.000000 0.000000 0.000000 0.000000 0.000000 0.000000 0.000000 0.000000 0.000000 0.000000 0.000000 0.000000 0.000000 0.000000 0.000000 0.000000 0.000000
0.000000 0.000000 453.639191 452.837146 452.650909 452.437430 452.399746 452.500210 452.444251 452.622316 452.525579 452.323944 452.261810 452.340766 452.454124 452.360792 452.559632 452.757010 453.180782 0.000000 0.000000
0.000000 0.000000 33.857511 34.530699 34.827430 36.000153 35.737792 35.497101 35.324225 35.101053 35.315823 35.674140 35.486310 35.231726 35.674562 35.447837 34.611848 33.775834 33.161128 0.000000 0.000000
0.000000 0.000000 185.502297 186.815008 179.125967 176.174620 177.541705 172.489318 172.106243 171.810371 170.899599 168.551868 171.099346 169.282967 172.809232 178.280982 178.040085 181.238314 184.463868 0.000000 0.000000
0.000000 0.000000 1816.946292 1821.007315 1824.892450 1806.010793 1790.711611 1779.869868 1782.478048 1779.520377 1783.244013 1787.390073 1784.174208 1782.287135 1793.053525 1793.694673 1801.407238 1808.846249 1810.984260 0.000000 0.000000
0.000000 0.000000 3293.227590 3287.746429 3285.179489 3280.479644 3272.355165 3265.029734 3263.265729 3263.351169 3262.193536 3260.054847 3257.389524 3259.637757 3259.630536 3274.930579 3279.964568 3283.329190 3285.335628 0.000000 0.000000
0.000000 0.000000 4360.522628 4357.836672 4354.613552 4350.127279 4337.087672 4320.420136 4320.490264 4316.945360 4318.697925 4321.475930 4323.365958 4324.561528 4344.616120 4354.276426 4359.192753 4360.797046 4366.114200 0.000000 0.000000
0.000000 0.000000 5015.688731 5016.991636 5015.655235 5009.166649 5008.519212 5001.445139 5001.996052 5002.375314 5001.120705 4998.720665 4998.476033 5002.038485 5002.258281 5004.919638 5013.289923 5011.639112 5014.754087 0.000000 0.000000
0.000000 0.000000 5912.925166 5910.189916 5905.689846 5906.476083 5899.774815 5889.284204 5889.736241 5887.093413 5884.634198 5885.837507 5887.055363 5881.904016 5895.216041 5903.391771 5905.599403 5906.515413 5908.049657 0.000000 0.000000
0.000000 0.000000 6952.231051 6949.792934 6951.533182 6950.714085 6935.883297 6928.857457 6930.271268 6929.356048 6927.309081 6930.428778 6933.395943 6931.800926 6935.154352 6945.594099 6949.535495 6949.809618 6950.625862 0.000000 0.000000
0.000000 0.000000 8073.174138 8073.309181 8073.023875 8058.620205 8055.922669 8045.175319 8048.721387 8039.640656 8042.069775 8041.130698 8036.440395 8043.757462 8048.289314 8049.838031 8056.554006 8062.520045 8069.878081 0.000000 0.000000
0.000000 0.000000 9245.908681 9241.278992 9235.952780 9234.040681 9230.021715 9215.205111 9214.221217 9213.319025 9219.993942 9212.940791 9214.987755 9214.504453 9230.148933 9233.568786 9235.098953 9235.679987 9255.148341 0.000000 0.000000
0.000000 0.000000 10433.609158 10431.652818 10432.343333 10424.756397 10420.615296 10393.803356 10392.575293 10392.246912 10377.858688 10386.868719 10390.811034 10392.771802 10409.158647 10413.170130 10427.205707 10426.639886 10433.556826 0.000000 0.000000
0.000000 0.000000 11736.075512 11737.408652 11730.135728 11728.878340 11701.166331 11709.396615 11698.898039 11700.333026 11701.574240 11701.135063 11699.626179 11696.229877 11686.427872 11716.347765 11721.838575 11732.552055 11739.659307 0.000000 0.000000
0.000000 0.000000 13143.245702 13138.183656 13134.709682 13110.294288 13109.863664 13094.289508 13081.386298 13079.807025 13074.846320 13068.632294 13071.850141 13070.021249 13085.099738 13089.059981 13130.440616 13121.619513 13121.814814 0.000000 0.000000
0.000000 0.000000 14587.874050 14587.158637 14550.646240 14549.974816 14554.878601 14547.300053 14564.548354 14556.918984 14562.943977 14558.431107 14553.099551 14561.744133 14565.565548 14565.185291 14544.557348 14596.243934 14589.335623 0.000000 0.000000
0.000000 0.000000 16231.538812 16187.337260 16184.885614 16174.918828 16149.203832 16142.294128 16133.929537 16137.135368 16123.165117 16123.582887 16128.739951 16128.355550 16140.396714 16151.855025 16183.615830 16177.289746 16226.955511 0.000000 0.000000
0.000000 0.000000 17370.328016 17383.667122 17429.701826 17422.760443 17408.480344 17370.673246 17371.866864 17357.707338 17369.801740 17367.831230 17373.526503 17368.928438 17402.042530 17414.080328 17437.577738 17390.183326 17376.786080 0.000000 0.000000
0.000000 0.000000 0.000000 0.000000 0.000000 0.000000 0.000000 0.000000 0.000000 0.000000 0.000000 0.000000 0.000000 0.000000 0.000000 0.000000 0.000000 0.000000 0.000000 0.000000 0.000000
0.000000 0.000000 0.000000 0.000000 0.000000 0.000000 0.000000 0.000000 0.000000 0.000000 0.000000 0.000000 0.000000 0.000000 0.000000 0.000000 0.000000 0.000000 0.000000 0.000000 0.000000