geotop/1.0zi/1.0Montebello/Templates/testdem/maps/_Erotot4346.asc
ncols         21
nrows         20
xllcorner     100.000000
yllcorner     100.000000
cellsize      50.000000
NODATA_value  -9999.0
0.000000 0.000000 0.000000 0.000000 0.000000 0.000000 0.000000 0.000000 0.000000 0.000000 0.000000 0.000000 0.000000 0.000000 0.000000 0.000000 0.000000 0.000000 0.000000 0.000000 0.000000
0.000000 0.000000 328.965155 328.524104 328.329039 328.180678 328.206025 328.262191 328.299811 328.298130 328.284663 328.287979 328.289580 328.333717 328.203033 328.223686 328.398975 328.312639 328.407261 0.000000 0.000000
0.000000 0.000000 26.416965 26.996142 27.270004 27.937723 27.479954 27.486732 27.062597 26.995264 27.048183 27.402707 27.138405 27.028316 27.579548 27.358668 26.485631 25.947960 25.826124 0.000000 0.000000
0.000000 0.000000 139.428765 140.665954 133.573860 131.137372 132.098244 126.958001 126.129649 125.716847 124.952172 124.498088 125.639844 124.345954 127.121253 132.094430 132.807720 135.084407 137.741203 0.000000 0.000000
0.000000 0.000000 1313.018750 1315.878155 1321.651616 1316.524623 1310.239849 1306.311534 1309.908775 1304.398122 1307.831557 1311.351565 1309.817022 1305.660433 1309.847133 1306.649621 1307.154662 1308.617726 1309.300732 0.000000 0.000000
0.000000 0.000000 2514.625960 2508.572345 2500.326810 2492.225552 2485.124297 2481.308006 2478.600951 2480.497142 2480.132374 2477.280227 2473.244624 2475.489864 2475.921180 2488.809816 2494.879494 2495.790023 2499.751156 0.000000 0.000000
0.000000 0.000000 3176.792205 3172.401609 3169.061236 3165.616890 3158.159128 3144.302789 3146.180407 3142.906033 3145.471407 3144.607080 3146.575938 3147.742356 3161.304777 3168.105902 3174.821610 3178.807966 3180.965205 0.000000 0.000000
0.000000 0.000000 3625.841590 3625.659673 3625.857285 3620.938878 3620.337246 3616.767594 3617.657714 3618.010987 3615.462351 3616.579906 3614.702469 3612.767285 3615.361885 3619.094338 3620.665204 3619.714974 3621.162299 0.000000 0.000000
0.000000 0.000000 4255.291140 4254.573537 4250.935941 4249.583711 4245.912893 4237.570589 4238.136739 4236.305203 4236.780025 4237.060783 4235.805033 4235.773640 4240.169298 4247.562101 4247.413358 4248.626014 4252.246150 0.000000 0.000000
0.000000 0.000000 4973.726722 4971.761599 4970.720259 4966.854322 4959.228381 4955.210737 4957.015005 4956.171168 4956.017428 4956.014510 4954.538484 4952.197415 4958.663177 4964.775237 4967.061862 4967.843457 4969.242365 0.000000 0.000000
0.000000 0.000000 5732.307413 5730.127102 5727.305045 5725.029639 5723.547792 5714.028819 5714.625592 5712.118184 5712.221621 5712.989512 5711.389273 5710.387526 5714.393923 5716.836256 5721.154164 5723.067145 5726.159120 0.000000 0.000000
0.000000 0.000000 6521.091006 6519.366080 6516.242043 6509.422211 6505.320607 6498.229572 6497.560781 6497.100926 6497.021633 6496.147001 6495.260423 6494.467233 6502.769019 6508.452024 6511.654797 6512.578314 6529.431779 0.000000 0.000000
0.000000 0.000000 7310.449265 7308.030483 7304.618212 7301.634129 7295.380549 7277.936010 7278.503736 7276.819833 7276.535332 7276.990109 7274.923952 7274.672633 7288.952406 7296.733328 7299.655013 7301.038953 7303.431606 0.000000 0.000000
0.000000 0.000000 8151.710259 8148.419695 8144.751510 8140.607533 8123.347291 8131.315074 8126.191401 8125.192721 8125.388048 8125.448455 8123.785688 8122.918009 8117.068137 8134.421296 8137.935745 8142.900395 8142.934317 0.000000 0.000000
0.000000 0.000000 9048.278182 9042.677878 9037.026004 9025.242789 9022.967605 9008.138588 9000.813647 8999.213822 8994.880563 8994.137062 8994.645863 8991.603614 9001.398781 9009.438739 9029.499009 9025.256542 9026.696688 0.000000 0.000000
0.000000 0.000000 9938.833866 9937.795816 9917.039637 9919.375501 9919.752319 9919.400586 9922.178608 9922.126454 9924.622475 9924.407342 9920.747665 9924.720498 9921.736632 9920.576370 9910.157096 9932.107753 9936.627780 0.000000 0.000000
0.000000 0.000000 10946.988965 10924.323265 10914.659221 10906.792397 10893.499588 10888.069152 10886.817692 10886.091156 10882.312273 10882.449251 10881.920239 10878.609178 10882.370054 10898.253088 10910.987645 10911.861335 10934.451051 0.000000 0.000000
0.000000 0.000000 11698.696438 11700.336914 11718.635189 11708.849180 11703.376244 11682.939890 11681.830672 11679.138909 11680.426781 11679.976339 11677.855106 11678.107257 11697.209148 11705.776542 11717.120317 11693.133330 11695.994524 0.000000 0.000000
0.000000 0.000000 0.000000 0.000000 0.000000 0.000000 0.000000 0.000000 0.000000 0.000000 0.000000 0.000000 0.000000 0.000000 0.000000 0.000000 0.000000 0.000000 0.000000 0.000000 0.000000
0.000000 0.000000 0.000000 0.000000 0.000000 0.000000 0.000000 0.000000 0.000000 0.000000 0.000000 0.000000 0.000000 0.000000 0.000000 0.000000 0.000000 0.000000 0.000000 0.000000 0.000000