geotop/1.0zi/1.0Montebello/Templates/testdem/maps/_Erotot7833.asc
ncols         21
nrows         20
xllcorner     100.000000
yllcorner     100.000000
cellsize      50.000000
NODATA_value  -9999.0
0.000000 0.000000 0.000000 0.000000 0.000000 0.000000 0.000000 0.000000 0.000000 0.000000 0.000000 0.000000 0.000000 0.000000 0.000000 0.000000 0.000000 0.000000 0.000000 0.000000 0.000000
0.000000 0.000000 655.035566 655.851335 655.320607 655.444880 654.453149 654.629789 654.616908 654.680439 655.112622 654.437932 654.316324 654.368554 654.725310 654.861389 655.677716 656.205911 656.402936 0.000000 0.000000
0.000000 0.000000 51.034536 50.052739 49.985352 50.386757 51.022347 50.704131 50.408300 50.279460 50.513430 50.856738 50.880931 51.034026 50.790903 50.274213 48.988556 48.114792 48.638025 0.000000 0.000000
0.000000 0.000000 353.932859 355.112083 343.039199 337.390041 337.933141 326.614617 326.746046 327.543468 323.880327 322.133572 324.271110 324.414566 334.664583 341.726264 346.350728 349.289794 354.162078 0.000000 0.000000
0.000000 0.000000 3123.038446 3124.560041 3127.333096 3104.578552 3085.260726 3074.853507 3074.213074 3069.453278 3076.287587 3081.566608 3076.998795 3075.668632 3090.512030 3093.711212 3103.982209 3112.951778 3112.550606 0.000000 0.000000
0.000000 0.000000 5000.021043 4994.796600 4991.320167 4985.307870 4970.521507 4960.653799 4961.546597 4960.468050 4957.158856 4951.463070 4950.487298 4953.679997 4953.010902 4972.787275 4980.589389 4987.411962 4990.520307 0.000000 0.000000
0.000000 0.000000 6288.145591 6285.009779 6280.519815 6273.610980 6259.885213 6238.270403 6237.250023 6233.432082 6234.852683 6238.621880 6240.113512 6240.614335 6268.137198 6278.054046 6283.576260 6286.384220 6291.592189 0.000000 0.000000
0.000000 0.000000 7377.481602 7377.622913 7374.639876 7364.718501 7362.305683 7353.076752 7353.296263 7353.097684 7352.131397 7348.222663 7347.523122 7353.756718 7355.475850 7360.253102 7372.641471 7371.256345 7376.173988 0.000000 0.000000
0.000000 0.000000 8811.655113 8807.006518 8800.709701 8800.259854 8789.248658 8773.975260 8775.267627 8770.685180 8768.637428 8768.403355 8770.853383 8765.101284 8783.705116 8797.510832 8799.333329 8803.075049 8804.412028 0.000000 0.000000
0.000000 0.000000 10454.252362 10450.659705 10450.853853 10446.461191 10426.190305 10416.566535 10416.192114 10415.913317 10412.486765 10415.977496 10419.074551 10418.387019 10425.177401 10439.478079 10447.062616 10449.102565 10450.148793 0.000000 0.000000
0.000000 0.000000 12251.098458 12250.118117 12247.171994 12226.826924 12221.009948 12205.301922 12211.060266 12197.734752 12201.840603 12200.088162 12193.165507 12203.110041 12212.504039 12215.340234 12227.851926 12234.951081 12245.553473 0.000000 0.000000
0.000000 0.000000 14196.021058 14187.888080 14179.745810 14176.138733 14165.860501 14145.982988 14142.370271 14142.959371 14150.246576 14139.274167 14143.400093 14143.300059 14165.696033 14174.227996 14177.109209 14181.216319 14204.315547 0.000000 0.000000
0.000000 0.000000 16215.549247 16210.537867 16210.817057 16196.790017 16189.800077 16141.617177 16139.960898 16138.957308 16117.742203 16130.052997 16134.294796 16139.065025 16172.635494 16179.771019 16202.909947 16202.666585 16210.252470 0.000000 0.000000
0.000000 0.000000 18526.479653 18528.728110 18515.086652 18510.183770 18452.746508 18472.470458 18456.870497 18458.015804 18464.409054 18459.676288 18457.520332 18452.765806 18431.991041 18494.073840 18500.612733 18520.739362 18530.269445 0.000000 0.000000
0.000000 0.000000 21115.181951 21106.577516 21097.454111 21034.224563 21047.538311 21015.786557 20996.568436 20993.321579 20981.659711 20971.219714 20977.362431 20976.124052 21011.883886 21001.602558 21092.677220 21074.607467 21072.115432 0.000000 0.000000
0.000000 0.000000 23818.877025 23815.464781 23724.197081 23750.913833 23751.842087 23742.179106 23783.733124 23768.893127 23788.068010 23779.823371 23765.509804 23789.256183 23790.724753 23791.892998 23715.318657 23848.840724 23840.382867 0.000000 0.000000
0.000000 0.000000 27049.958014 26916.931385 26949.573423 26905.497291 26835.393465 26820.711410 26783.910029 26794.684517 26752.930426 26757.046764 26778.552511 26760.669883 26792.796950 26836.635965 26946.534754 26871.824128 27013.082901 0.000000 0.000000
0.000000 0.000000 28351.555456 28477.023537 28600.873272 28601.309376 28603.067514 28495.449488 28511.729318 28476.235657 28528.891574 28519.123603 28516.357126 28526.838592 28616.321087 28616.218516 28623.462812 28520.160184 28395.837800 0.000000 0.000000
0.000000 0.000000 0.000000 0.000000 0.000000 0.000000 0.000000 0.000000 0.000000 0.000000 0.000000 0.000000 0.000000 0.000000 0.000000 0.000000 0.000000 0.000000 0.000000 0.000000 0.000000
0.000000 0.000000 0.000000 0.000000 0.000000 0.000000 0.000000 0.000000 0.000000 0.000000 0.000000 0.000000 0.000000 0.000000 0.000000 0.000000 0.000000 0.000000 0.000000 0.000000 0.000000