geotop/1.0zi/1.0Montebello/Templates/testdem/maps/_Erotot2199.asc
ncols         21
nrows         20
xllcorner     100.000000
yllcorner     100.000000
cellsize      50.000000
NODATA_value  -9999.0
0.000000 0.000000 0.000000 0.000000 0.000000 0.000000 0.000000 0.000000 0.000000 0.000000 0.000000 0.000000 0.000000 0.000000 0.000000 0.000000 0.000000 0.000000 0.000000 0.000000 0.000000
0.000000 0.000000 209.531866 209.535388 209.576498 209.610379 209.509343 209.538202 209.542938 209.518605 209.525453 209.518605 209.542938 209.538202 209.509343 209.610379 209.576498 209.535388 209.531866 0.000000 0.000000
0.000000 0.000000 12.506336 12.283931 10.498775 12.297815 12.562761 12.526646 12.532206 12.557327 12.548556 12.557327 12.532206 12.526646 12.562761 12.297815 10.498775 12.283931 12.506336 0.000000 0.000000
0.000000 0.000000 1458.474163 1458.153729 1458.489344 1456.614431 1458.622735 1458.065617 1458.059998 1458.824419 1458.925515 1458.824419 1458.059998 1458.065617 1458.622735 1456.614431 1458.489344 1458.153729 1458.474163 0.000000 0.000000
0.000000 0.000000 3051.897216 3051.723412 3051.063138 3051.644905 3052.196664 3052.056913 3052.020795 3052.168371 3052.115082 3052.168371 3052.020795 3052.056913 3052.196664 3051.644905 3051.063138 3051.723412 3051.897216 0.000000 0.000000
0.000000 0.000000 3952.949431 3952.741620 3952.176090 3952.323936 3953.145316 3952.849949 3952.869084 3953.192785 3953.256806 3953.192785 3952.869084 3952.849949 3953.145316 3952.323936 3952.176090 3952.741620 3952.949431 0.000000 0.000000
0.000000 0.000000 5177.063628 5176.890523 5176.370610 5176.510132 5177.212994 5176.957197 5176.982054 5177.267487 5177.343581 5177.267487 5176.982054 5176.957197 5177.212994 5176.510132 5176.370610 5176.890523 5177.063628 0.000000 0.000000
0.000000 0.000000 6339.434445 6339.288769 6338.802760 6338.946097 6339.552472 6339.331882 6339.354057 6339.609268 6339.683969 6339.609268 6339.354057 6339.331882 6339.552472 6338.946097 6338.802760 6339.288769 6339.434445 0.000000 0.000000
0.000000 0.000000 7432.111477 7431.977504 7431.514023 7431.657921 7432.217881 7432.013597 7432.034404 7432.275283 7432.348028 7432.275283 7432.034404 7432.013597 7432.217881 7431.657921 7431.514023 7431.977504 7432.111477 0.000000 0.000000
0.000000 0.000000 8467.860185 8467.754898 8467.300726 8467.484539 8467.954012 8467.770706 8467.796333 8468.015555 8468.085507 8468.015555 8467.796333 8467.770706 8467.954012 8467.484539 8467.300726 8467.754898 8467.860185 0.000000 0.000000
0.000000 0.000000 9452.587732 9452.475313 9452.039637 9452.200079 9452.681276 9452.497874 9452.519379 9452.737128 9452.804156 9452.737128 9452.519379 9452.497874 9452.681276 9452.200079 9452.039637 9452.475313 9452.587732 0.000000 0.000000
0.000000 0.000000 10396.396516 10396.283299 10395.862412 10396.017314 10396.485437 10396.308916 10396.329210 10396.540700 10396.606904 10396.540700 10396.329210 10396.308916 10396.485437 10396.017314 10395.862412 10396.283299 10396.396516 0.000000 0.000000
0.000000 0.000000 11308.623112 11308.514242 11308.098755 11308.255661 11308.705411 11308.532897 11308.553362 11308.760197 11308.824295 11308.760197 11308.553362 11308.532897 11308.705411 11308.255661 11308.098755 11308.514242 11308.623112 0.000000 0.000000
0.000000 0.000000 12192.657081 12192.555826 12192.148172 12192.324663 12192.737170 12192.570941 12192.593129 12192.792683 12192.855038 12192.792683 12192.593129 12192.570941 12192.737170 12192.324663 12192.148172 12192.555826 12192.657081 0.000000 0.000000
0.000000 0.000000 13050.952687 13050.849492 13050.443881 13050.609836 13051.028674 13050.863281 13050.884202 13051.083249 13051.144127 13051.083249 13050.884202 13050.863281 13051.028674 13050.609836 13050.443881 13050.849492 13050.952687 0.000000 0.000000
0.000000 0.000000 13886.048842 13885.947615 13885.552516 13885.711987 13886.119463 13885.958457 13885.979237 13886.173736 13886.233789 13886.173736 13885.979237 13885.958457 13886.119463 13885.711987 13885.552516 13885.947615 13886.048838 0.000000 0.000000
0.000000 0.000000 14698.525001 14698.424987 14698.030412 14698.193449 14698.593623 14698.433764 14698.453987 14698.644990 14698.703300 14698.644990 14698.453987 14698.433764 14698.593623 14698.193449 14698.030412 14698.424966 14698.524486 0.000000 0.000000
0.000000 0.000000 15521.096871 15521.342787 15520.954029 15521.112988 15521.510460 15521.353113 15521.371420 15521.560057 15521.616026 15521.560057 15521.371420 15521.353113 15521.510460 15521.112987 15520.954010 15521.339285 15521.436316 0.000000 0.000000
0.000000 0.000000 0.000000 0.000000 0.000000 0.000000 0.000000 0.000000 0.000000 0.000000 0.000000 0.000000 0.000000 0.000000 0.000000 0.000000 0.000000 0.000000 0.000000 0.000000 0.000000
0.000000 0.000000 0.000000 0.000000 0.000000 0.000000 0.000000 0.000000 0.000000 0.000000 0.000000 0.000000 0.000000 0.000000 0.000000 0.000000 0.000000 0.000000 0.000000 0.000000 0.000000