geotop/1.0zi/1.0Montebello/Templates/testdem/maps/_Erotot1753.asc
ncols         21
nrows         20
xllcorner     100.000000
yllcorner     100.000000
cellsize      50.000000
NODATA_value  -9999.0
0.000000 0.000000 0.000000 0.000000 0.000000 0.000000 0.000000 0.000000 0.000000 0.000000 0.000000 0.000000 0.000000 0.000000 0.000000 0.000000 0.000000 0.000000 0.000000 0.000000 0.000000
0.000000 0.000000 193.431064 193.433066 193.469599 193.454207 193.420714 193.433428 193.435480 193.427737 193.428828 193.427737 193.435480 193.433428 193.420714 193.454207 193.469599 193.433066 193.431064 0.000000 0.000000
0.000000 0.000000 10.277963 10.057536 8.279160 10.127802 10.324231 10.303758 10.313115 10.323595 10.321145 10.323595 10.313115 10.303758 10.324231 10.127802 8.279160 10.057536 10.277963 0.000000 0.000000
0.000000 0.000000 1349.823230 1349.612465 1349.809338 1347.857473 1350.124382 1349.708568 1349.653592 1350.243250 1350.197680 1350.243250 1349.653592 1349.708568 1350.124382 1347.857473 1349.809338 1349.612465 1349.823230 0.000000 0.000000
0.000000 0.000000 2580.910968 2580.698939 2580.101758 2580.794130 2581.247100 2581.051829 2581.005753 2581.156823 2581.110253 2581.156823 2581.005753 2581.051829 2581.247100 2580.794130 2580.101758 2580.698939 2580.910968 0.000000 0.000000
0.000000 0.000000 3368.517180 3368.349358 3367.743884 3367.948293 3368.834074 3368.587554 3368.559734 3368.796254 3368.772212 3368.796254 3368.559734 3368.587554 3368.834074 3367.948293 3367.743884 3368.349358 3368.517180 0.000000 0.000000
0.000000 0.000000 4386.960788 4386.825933 4386.265232 4386.463176 4387.223599 4387.013518 4386.997146 4387.193240 4387.173131 4387.193240 4386.997146 4387.013518 4387.223599 4386.463176 4386.265232 4386.825933 4386.960788 0.000000 0.000000
0.000000 0.000000 5352.408362 5352.297066 5351.771109 5351.965349 5352.629560 5352.450026 5352.435701 5352.606845 5352.587761 5352.606845 5352.435701 5352.450026 5352.629560 5351.965349 5351.771109 5352.297066 5352.408362 0.000000 0.000000
0.000000 0.000000 6262.930283 6262.827370 6262.323757 6262.511112 6263.132652 6262.966066 6262.953608 6263.115336 6263.097729 6263.115336 6262.953608 6262.966066 6263.132652 6262.511112 6262.323757 6262.827370 6262.930283 0.000000 0.000000
0.000000 0.000000 7128.589158 7128.512911 7128.017669 7128.239766 7128.773910 7128.626165 7128.620890 7128.764568 7128.747014 7128.764568 7128.620890 7128.626165 7128.773910 7128.239766 7128.017669 7128.512911 7128.589158 0.000000 0.000000
0.000000 0.000000 7953.209306 7953.123707 7952.645188 7952.839407 7953.389621 7953.240331 7953.232178 7953.377193 7953.358786 7953.377193 7953.232178 7953.240331 7953.389621 7952.839407 7952.645188 7953.123707 7953.209306 0.000000 0.000000
0.000000 0.000000 8748.420062 8748.332178 8747.867605 8748.051489 8748.591395 8748.446679 8748.439114 8748.581352 8748.564141 8748.581352 8748.439114 8748.446679 8748.591395 8748.051489 8747.867605 8748.332178 8748.420062 0.000000 0.000000
0.000000 0.000000 9521.713076 9521.627957 9521.167764 9521.351740 9521.875999 9521.734189 9521.727185 9521.866399 9521.848668 9521.866399 9521.727185 9521.734189 9521.875999 9521.351740 9521.167764 9521.627957 9521.713076 0.000000 0.000000
0.000000 0.000000 10273.435785 10273.357252 10272.903507 10273.105756 10273.594356 10273.457557 10273.453025 10273.586829 10273.568715 10273.586829 10273.453025 10273.457557 10273.594356 10273.105756 10272.903507 10273.357252 10273.435785 0.000000 0.000000
0.000000 0.000000 11007.481240 11007.399841 11006.946053 11007.136694 11007.634046 11007.497186 11007.491664 11007.626539 11007.608049 11007.626538 11007.491664 11007.497186 11007.634046 11007.136694 11006.946053 11007.399841 11007.481240 0.000000 0.000000
0.000000 0.000000 11725.135580 11725.055225 11724.611301 11724.794045 11725.281796 11725.148514 11725.143173 11725.274706 11725.256492 11725.274706 11725.143173 11725.148514 11725.281796 11724.794045 11724.611301 11725.055225 11725.135576 0.000000 0.000000
0.000000 0.000000 12426.035497 12425.955824 12425.510602 12425.696003 12426.178889 12426.045046 12426.039631 12426.169538 12426.150548 12426.169538 12426.039631 12426.045046 12426.178889 12425.696003 12425.510602 12425.955804 12426.035141 0.000000 0.000000
0.000000 0.000000 13144.655899 13144.911918 13144.473290 13144.650127 13145.133102 13144.998671 13144.993357 13145.124773 13145.105665 13145.124773 13144.993357 13144.998671 13145.133102 13144.650126 13144.473272 13144.908616 13144.987958 0.000000 0.000000
0.000000 0.000000 0.000000 0.000000 0.000000 0.000000 0.000000 0.000000 0.000000 0.000000 0.000000 0.000000 0.000000 0.000000 0.000000 0.000000 0.000000 0.000000 0.000000 0.000000 0.000000
0.000000 0.000000 0.000000 0.000000 0.000000 0.000000 0.000000 0.000000 0.000000 0.000000 0.000000 0.000000 0.000000 0.000000 0.000000 0.000000 0.000000 0.000000 0.000000 0.000000 0.000000