geotop/1.0zi/1.0Montebello/Templates/testdem/maps/_Erotot2249.asc
ncols         21
nrows         20
xllcorner     100.000000
yllcorner     100.000000
cellsize      50.000000
NODATA_value  -9999.0
0.000000 0.000000 0.000000 0.000000 0.000000 0.000000 0.000000 0.000000 0.000000 0.000000 0.000000 0.000000 0.000000 0.000000 0.000000 0.000000 0.000000 0.000000 0.000000 0.000000 0.000000
0.000000 0.000000 210.840371 210.844147 210.885964 210.919090 210.816920 210.847310 210.852399 210.826232 210.836836 210.826232 210.852399 210.847310 210.816920 210.919090 210.885964 210.844147 210.840371 0.000000 0.000000
0.000000 0.000000 12.839540 12.616858 10.831000 12.630897 12.896871 12.859261 12.864478 12.891273 12.879978 12.891273 12.864478 12.859261 12.896871 12.630897 10.831000 12.616858 12.839540 0.000000 0.000000
0.000000 0.000000 1505.189479 1504.869012 1505.204846 1503.329837 1505.338003 1504.780927 1504.775375 1505.540475 1505.652877 1505.540475 1504.775375 1504.780927 1505.338003 1503.329837 1505.204846 1504.869012 1505.189479 0.000000 0.000000
0.000000 0.000000 3146.192841 3146.019204 3145.359484 3145.941453 3146.492145 3146.352606 3146.316456 3146.463966 3146.416639 3146.463966 3146.316456 3146.352606 3146.492146 3145.941453 3145.359484 3146.019204 3146.192841 0.000000 0.000000
0.000000 0.000000 4077.580060 4077.372584 4076.807928 4076.955797 4077.775649 4077.480768 4077.499889 4077.823278 4077.892561 4077.823278 4077.499889 4077.480768 4077.775649 4076.955797 4076.807928 4077.372584 4077.580060 0.000000 0.000000
0.000000 0.000000 5337.714669 5337.541913 5337.023229 5337.162413 5337.863775 5337.608505 5337.633286 5337.918231 5337.998287 5337.918231 5337.633286 5337.608505 5337.863775 5337.162413 5337.023229 5337.541913 5337.714669 0.000000 0.000000
0.000000 0.000000 6531.990656 6531.845350 6531.360841 6531.503659 6532.108407 6531.888412 6531.910524 6532.165094 6532.242918 6532.165094 6531.910524 6531.888412 6532.108407 6531.503659 6531.360841 6531.845350 6531.990656 0.000000 0.000000
0.000000 0.000000 7653.047648 7652.914156 7652.452437 7652.595694 7653.153707 7652.950144 7652.970878 7653.210907 7653.286176 7653.210907 7652.970878 7652.950144 7653.153707 7652.595694 7652.452437 7652.914156 7653.047648 0.000000 0.000000
0.000000 0.000000 8714.420407 8714.315594 8713.863471 8714.046394 8714.513866 8714.331356 8714.356874 8714.575138 8714.647191 8714.575138 8714.356874 8714.331356 8714.513866 8714.046394 8713.863471 8714.315594 8714.420407 0.000000 0.000000
0.000000 0.000000 9722.655063 9722.543201 9722.109826 9722.269256 9722.748162 9722.565692 9722.587076 9722.803714 9722.872516 9722.803714 9722.587076 9722.565692 9722.748162 9722.269256 9722.109826 9722.543201 9722.655063 0.000000 0.000000
0.000000 0.000000 10688.231507 10688.118950 10687.700601 10687.854421 10688.319932 10688.144454 10688.164622 10688.374847 10688.442551 10688.374847 10688.164622 10688.144454 10688.319932 10687.854421 10687.700601 10688.118950 10688.231507 0.000000 0.000000
0.000000 0.000000 11619.937690 11619.829599 11619.416871 11619.572607 11620.019489 11619.848112 11619.868440 11620.073895 11620.139196 11620.073895 11619.868440 11619.848112 11620.019489 11619.572607 11619.416871 11619.829599 11619.937690 0.000000 0.000000
0.000000 0.000000 12521.582638 12521.482200 12521.077578 12521.252666 12521.662231 12521.497225 12521.519249 12521.717313 12521.780725 12521.717313 12521.519249 12521.497225 12521.662231 12521.252666 12521.077578 12521.482200 12521.582638 0.000000 0.000000
0.000000 0.000000 13396.100737 13395.998373 13395.596124 13395.760578 13396.176242 13396.012172 13396.032906 13396.230312 13396.292023 13396.230312 13396.032906 13396.012172 13396.176242 13395.760578 13395.596124 13395.998373 13396.100737 0.000000 0.000000
0.000000 0.000000 14244.329105 14244.228757 14243.837112 14243.995035 14244.399157 14244.239540 14244.260130 14244.452904 14244.513365 14244.452904 14244.260130 14244.239540 14244.399157 14243.995035 14243.837112 14244.228756 14244.329100 0.000000 0.000000
0.000000 0.000000 15069.088091 15068.989023 15068.598227 15068.759642 15069.156141 15068.997831 15069.017868 15069.206996 15069.265566 15069.206996 15069.017868 15068.997831 15069.156141 15068.759642 15068.598227 15068.989002 15069.087591 0.000000 0.000000
0.000000 0.000000 15904.588751 15904.849134 15904.464297 15904.621590 15905.015028 15904.859373 15904.877488 15905.064061 15905.119846 15905.064061 15904.877488 15904.859373 15905.015028 15904.621590 15904.464278 15904.845633 15904.941648 0.000000 0.000000
0.000000 0.000000 0.000000 0.000000 0.000000 0.000000 0.000000 0.000000 0.000000 0.000000 0.000000 0.000000 0.000000 0.000000 0.000000 0.000000 0.000000 0.000000 0.000000 0.000000 0.000000
0.000000 0.000000 0.000000 0.000000 0.000000 0.000000 0.000000 0.000000 0.000000 0.000000 0.000000 0.000000 0.000000 0.000000 0.000000 0.000000 0.000000 0.000000 0.000000 0.000000 0.000000