geotop/1.0zi/1.0Montebello/Templates/testdem/maps/_Erotot068T.asc
ncols         21
nrows         20
xllcorner     100.000000
yllcorner     100.000000
cellsize      50.000000
NODATA_value  -9999.0
0.000000 0.000000 0.000000 0.000000 0.000000 0.000000 0.000000 0.000000 0.000000 0.000000 0.000000 0.000000 0.000000 0.000000 0.000000 0.000000 0.000000 0.000000 0.000000 0.000000 0.000000
0.000000 0.000000 895.557841 895.526526 894.255439 892.535455 890.866583 890.096307 890.337072 890.304776 890.742882 890.143898 889.907241 889.994561 891.269553 891.876343 894.488210 895.748527 896.526738 0.000000 0.000000
0.000000 0.000000 64.094337 62.929109 63.206731 64.100485 64.977203 64.672212 64.263634 64.165535 64.336145 64.536724 64.755984 64.790239 64.428002 63.944177 61.873099 61.047348 61.729199 0.000000 0.000000
0.000000 0.000000 767.132627 771.289768 754.395290 743.146224 742.071177 733.238792 740.529826 741.733228 737.795047 739.462098 743.695164 742.609151 752.394058 764.413136 769.173003 767.237227 773.304910 0.000000 0.000000
0.000000 0.000000 5411.939348 5401.762356 5401.580045 5358.940949 5331.211199 5314.156451 5307.091792 5303.269316 5308.063593 5313.077002 5312.874788 5307.123330 5327.150863 5333.856159 5354.998202 5368.655848 5369.201900 0.000000 0.000000
0.000000 0.000000 7699.956303 7695.059502 7686.123767 7687.291027 7656.835761 7642.741693 7646.853242 7646.305300 7639.712844 7633.439804 7630.631689 7634.787922 7638.053615 7667.395255 7667.936649 7675.726204 7677.432599 0.000000 0.000000
0.000000 0.000000 9486.578090 9479.577532 9474.994556 9458.821211 9451.195801 9409.022321 9409.009430 9405.972852 9403.967014 9407.273650 9408.052159 9409.083443 9446.906131 9452.179128 9463.125698 9467.114112 9472.191266 0.000000 0.000000
0.000000 0.000000 11491.887327 11486.074680 11476.846751 11452.573948 11440.620586 11434.007374 11434.027265 11432.248370 11430.264337 11426.513609 11425.429647 11432.603368 11432.232227 11445.673890 11463.770637 11462.066233 11468.478884 0.000000 0.000000
0.000000 0.000000 14013.025517 14005.204083 13992.798335 13985.343318 13964.656689 13938.941815 13943.092152 13939.462277 13934.022940 13933.463806 13936.747302 13929.506715 13959.440056 13977.698829 13982.433639 13987.424452 13989.861112 0.000000 0.000000
0.000000 0.000000 17011.570997 16998.832135 16990.782432 16976.690632 16957.809772 16933.237753 16931.894334 16931.174915 16923.947945 16928.673724 16931.946133 16930.861861 16941.553342 16966.965500 16978.258435 16983.805757 16982.753896 0.000000 0.000000
0.000000 0.000000 20441.467352 20434.124691 20429.003844 20382.906932 20381.377246 20345.177375 20355.746363 20334.639346 20339.397446 20334.082455 20324.057218 20337.699271 20357.635155 20364.989294 20385.339774 20390.346925 20411.979557 0.000000 0.000000
0.000000 0.000000 24385.047183 24363.696536 24334.606442 24328.010207 24309.707580 24266.951267 24258.171003 24263.324004 24269.065514 24256.562663 24263.333847 24253.970941 24293.061368 24314.746226 24318.619429 24326.602694 24357.551116 0.000000 0.000000
0.000000 0.000000 28553.034884 28534.343760 28532.442467 28497.913168 28472.970855 28364.858965 28361.489715 28358.222788 28304.023585 28338.507126 28339.877158 28352.556239 28431.881276 28443.924362 28493.262618 28493.589206 28492.354767 0.000000 0.000000
0.000000 0.000000 33232.373090 33232.061090 33193.160014 33175.258646 33035.929535 33133.279736 33098.822253 33098.190291 33127.158798 33096.867164 33093.815807 33071.982445 32982.280656 33144.822692 33137.432098 33177.889597 33196.439930 0.000000 0.000000
0.000000 0.000000 37068.853538 37053.971237 37040.473383 36922.009372 37008.865667 36918.485903 36905.176151 36900.582715 36869.282468 36863.211420 36875.120215 36879.997169 36959.318241 36865.856900 37033.466238 36985.864946 36971.461880 0.000000 0.000000
0.000000 0.000000 39442.993705 39438.876190 39354.652122 39402.749984 39395.570729 39396.344633 39440.756178 39427.375233 39446.598230 39442.321823 39427.481649 39447.319975 39435.064910 39445.527759 39337.207953 39466.716697 39458.518155 0.000000 0.000000
0.000000 0.000000 41261.873640 41203.597143 41233.326053 41210.676560 41179.660730 41180.929773 41161.847497 41168.765783 41148.496202 41151.113576 41160.069300 41153.141168 41160.518078 41174.192935 41225.750349 41178.397588 41236.554048 0.000000 0.000000
0.000000 0.000000 42000.932132 42063.807060 42095.738948 42107.880285 42110.907678 42073.761996 42088.997723 42074.221254 42097.977728 42094.329331 42091.469828 42096.056093 42126.026959 42121.985100 42098.173493 42077.475898 42017.289637 0.000000 0.000000
0.000000 0.000000 0.000000 0.000000 0.000000 0.000000 0.000000 0.000000 0.000000 0.000000 0.000000 0.000000 0.000000 0.000000 0.000000 0.000000 0.000000 0.000000 0.000000 0.000000 0.000000
0.000000 0.000000 0.000000 0.000000 0.000000 0.000000 0.000000 0.000000 0.000000 0.000000 0.000000 0.000000 0.000000 0.000000 0.000000 0.000000 0.000000 0.000000 0.000000 0.000000 0.000000