geotop/1.0zi/1.0Montebello/Templates/testdem/maps/_Erotot5747.asc
ncols         21
nrows         20
xllcorner     100.000000
yllcorner     100.000000
cellsize      50.000000
NODATA_value  -9999.0
0.000000 0.000000 0.000000 0.000000 0.000000 0.000000 0.000000 0.000000 0.000000 0.000000 0.000000 0.000000 0.000000 0.000000 0.000000 0.000000 0.000000 0.000000 0.000000 0.000000 0.000000
0.000000 0.000000 436.994377 436.197620 436.019892 435.812112 435.776892 435.882353 435.832226 436.006412 435.913330 435.710694 435.650383 435.729718 435.835286 435.736626 435.929491 436.122968 436.538007 0.000000 0.000000
0.000000 0.000000 32.992633 33.655891 33.945352 35.113345 34.859117 34.619418 34.441692 34.218406 34.429191 34.781971 34.598117 34.355452 34.809519 34.575682 33.747902 32.912947 32.316147 0.000000 0.000000
0.000000 0.000000 184.700726 186.039880 178.419711 175.644201 177.028417 171.974111 171.589776 171.140335 170.421466 168.043811 170.615406 168.754367 172.119553 177.709094 177.378263 180.615208 183.901736 0.000000 0.000000
0.000000 0.000000 1780.641684 1785.520522 1791.491713 1773.278680 1758.267638 1747.504243 1750.119725 1747.564631 1751.262723 1755.507668 1751.911871 1749.844227 1759.823659 1759.068982 1766.290388 1773.356114 1774.599669 0.000000 0.000000
0.000000 0.000000 3185.534880 3179.481227 3176.797708 3172.473932 3164.639094 3157.302809 3155.791810 3155.666906 3154.732379 3152.673466 3149.958349 3152.005477 3151.465572 3166.832470 3171.769620 3175.022475 3177.470969 0.000000 0.000000
0.000000 0.000000 4195.015151 4192.507280 4189.519307 4185.174999 4172.281779 4155.950738 4156.028945 4152.648051 4154.362853 4157.111730 4159.010712 4160.074255 4179.760353 4189.000468 4193.774075 4195.437380 4200.626040 0.000000 0.000000
0.000000 0.000000 4832.145402 4833.561973 4832.801054 4826.609775 4826.171033 4819.285142 4819.920186 4820.331747 4819.166402 4816.812790 4816.473230 4819.880322 4819.568858 4821.782515 4829.956851 4828.210757 4831.219505 0.000000 0.000000
0.000000 0.000000 5683.201626 5680.605250 5676.724998 5677.826121 5671.361427 5661.078349 5661.627013 5659.058078 5656.680113 5657.918308 5659.034957 5653.741923 5666.487912 5674.145679 5676.130696 5676.942825 5678.357414 0.000000 0.000000
0.000000 0.000000 6668.576103 6666.287055 6668.619292 6668.126801 6653.603307 6646.787616 6648.288985 6647.442024 6645.483352 6648.620100 6651.472440 6649.725055 6652.539723 6662.423996 6666.121562 6666.300052 6666.982368 0.000000 0.000000
0.000000 0.000000 7731.296286 7731.566697 7731.886433 7717.938710 7715.460164 7704.980552 7708.588777 7699.660941 7702.138152 7701.262140 7696.520395 7703.594400 7707.573814 7708.622789 7715.078435 7720.876430 7728.045107 0.000000 0.000000
0.000000 0.000000 8840.701029 8836.275112 8831.660047 8830.093258 8826.331929 8811.852543 8811.010281 8810.158370 8816.821848 8809.915898 8811.818961 8811.190291 8826.075739 8828.943375 8830.248738 8830.741406 8849.815894 0.000000 0.000000
0.000000 0.000000 9961.958666 9960.139860 9961.316782 9954.122594 9950.222352 9924.576575 9923.471741 9923.202243 9909.181824 9918.033095 9921.816546 9923.578858 9938.716639 9942.240466 9955.830380 9955.184116 9961.989240 0.000000 0.000000
0.000000 0.000000 11189.825372 11191.295116 11184.798219 11183.887025 11157.806895 11165.748183 11155.631841 11157.082885 11158.298692 11157.977268 11156.418991 11152.938939 11142.969266 11170.908695 11176.116733 11186.446965 11193.310291 0.000000 0.000000
0.000000 0.000000 12511.091751 12506.234600 12503.630886 12481.375213 12480.757596 12465.924172 12453.470493 12452.051834 12447.369846 12441.402441 12444.340790 12442.404376 12456.385947 12460.011195 12498.858755 12490.371185 12490.505245 0.000000 0.000000
0.000000 0.000000 13863.402265 13862.881014 13829.709569 13828.697809 13833.556789 13825.981203 13842.364317 13835.033005 13840.683540 13836.349201 13831.331141 13839.181571 13842.637667 13842.055035 13823.087456 13870.931243 13864.061624 0.000000 0.000000
0.000000 0.000000 15395.015315 15355.244898 15353.021972 15344.276771 15320.440194 15314.032334 15306.525288 15309.628652 15296.726215 15297.060577 15301.525724 15301.479895 15312.202959 15321.946070 15351.076739 15346.250420 15391.401633 0.000000 0.000000
0.000000 0.000000 16476.893458 16487.256583 16529.215664 16522.694259 16508.542425 16473.939466 16475.068747 16461.842806 16472.733464 16470.955197 16476.572519 16471.523320 16501.408388 16512.995825 16535.591425 16492.618209 16482.001273 0.000000 0.000000
0.000000 0.000000 0.000000 0.000000 0.000000 0.000000 0.000000 0.000000 0.000000 0.000000 0.000000 0.000000 0.000000 0.000000 0.000000 0.000000 0.000000 0.000000 0.000000 0.000000 0.000000
0.000000 0.000000 0.000000 0.000000 0.000000 0.000000 0.000000 0.000000 0.000000 0.000000 0.000000 0.000000 0.000000 0.000000 0.000000 0.000000 0.000000 0.000000 0.000000 0.000000 0.000000