geotop/1.0zi/1.0Montebello/Templates/testdem/maps/_Erotot4811.asc
ncols         21
nrows         20
xllcorner     100.000000
yllcorner     100.000000
cellsize      50.000000
NODATA_value  -9999.0
0.000000 0.000000 0.000000 0.000000 0.000000 0.000000 0.000000 0.000000 0.000000 0.000000 0.000000 0.000000 0.000000 0.000000 0.000000 0.000000 0.000000 0.000000 0.000000 0.000000 0.000000
0.000000 0.000000 360.707881 359.789019 359.504089 359.308094 359.283144 359.291536 359.332591 359.490434 359.447186 359.318790 359.399698 359.464376 359.354191 359.392975 359.589386 359.557630 360.121486 0.000000 0.000000
0.000000 0.000000 28.295278 29.243378 29.689482 30.728616 30.245548 30.363160 30.041821 29.838981 29.909051 30.252019 29.914140 29.719823 30.318710 29.940622 29.119478 28.511585 27.841169 0.000000 0.000000
0.000000 0.000000 136.704113 138.041793 130.991654 128.714415 129.900537 124.936599 124.149285 123.818784 122.878966 122.353265 123.394944 121.946544 124.568789 129.623105 130.197184 132.358705 134.995328 0.000000 0.000000
0.000000 0.000000 1420.138799 1424.449714 1429.606163 1412.402527 1401.436689 1393.359006 1396.007106 1390.522217 1394.322348 1398.192088 1398.542421 1398.893899 1408.294677 1407.222558 1412.733892 1418.507480 1420.339409 0.000000 0.000000
0.000000 0.000000 2703.264167 2697.617159 2693.752768 2690.573833 2684.299620 2681.041449 2678.405239 2680.147052 2679.694141 2677.058860 2673.446152 2675.328954 2675.236917 2688.254619 2692.425480 2692.518076 2695.390385 0.000000 0.000000
0.000000 0.000000 3465.980313 3461.375074 3456.579476 3452.688601 3441.751501 3426.226763 3427.591477 3424.077127 3427.099584 3426.351606 3429.242648 3431.513458 3446.184527 3455.441245 3461.787981 3465.517646 3469.077713 0.000000 0.000000
0.000000 0.000000 4006.432171 4006.569355 4007.180349 4002.608009 4000.703042 3995.800707 3996.511575 3996.681428 3994.208135 3995.097404 3994.118894 3993.314547 3996.779061 4000.327791 4002.513536 4001.945761 4003.184946 0.000000 0.000000
0.000000 0.000000 4686.135660 4685.811735 4683.109152 4680.701073 4675.922140 4667.126124 4667.423764 4665.493755 4665.953671 4666.548609 4665.927448 4666.932891 4672.471010 4680.499875 4680.632390 4682.141849 4685.883326 0.000000 0.000000
0.000000 0.000000 5487.545276 5485.607329 5485.729048 5481.649257 5472.457664 5467.222636 5468.879151 5467.860056 5467.928266 5467.887557 5467.170127 5465.932497 5473.680312 5480.616161 5483.001181 5484.038516 5485.438542 0.000000 0.000000
0.000000 0.000000 6335.900765 6333.896693 6332.356492 6329.994444 6326.847448 6316.027134 6316.360141 6313.736140 6313.802650 6314.814340 6314.001498 6314.301082 6319.734273 6322.760680 6327.665274 6329.774542 6332.878799 0.000000 0.000000
0.000000 0.000000 7219.515866 7218.594067 7215.987745 7208.948046 7203.701784 7195.300565 7194.346602 7193.870223 7193.950490 7193.045764 7192.973467 7193.285897 7202.830263 7209.133385 7212.666492 7213.867554 7231.071258 0.000000 0.000000
0.000000 0.000000 8110.428003 8108.324114 8105.956462 8102.879170 8094.837860 8074.770388 8075.083326 8073.175429 8073.049019 8073.625280 8072.357245 8073.304400 8090.393740 8098.931424 8102.331362 8103.875559 8106.287213 0.000000 0.000000
0.000000 0.000000 9063.268111 9059.954955 9057.669991 9053.447138 9032.424872 9040.612715 9034.683435 9033.655691 9034.046362 9034.313377 9033.388803 9033.609044 9027.905439 9047.739654 9051.829586 9057.228080 9057.159326 0.000000 0.000000
0.000000 0.000000 10081.697927 10076.713142 10071.737490 10057.626054 10054.434811 10037.667021 10029.373203 10027.533789 10023.095333 10022.724604 10024.227597 10022.323596 10034.008205 10042.494016 10065.543382 10061.037187 10062.519496 0.000000 0.000000
0.000000 0.000000 11100.240874 11099.612127 11077.115635 11080.334228 11079.136467 11077.924817 11080.948934 11080.906412 11083.865192 11083.602811 11080.588146 11086.509862 11084.470098 11083.390395 11071.549761 11097.577485 11102.450318 0.000000 0.000000
0.000000 0.000000 12257.098574 12230.221405 12221.380593 12212.733279 12196.363925 12189.526008 12187.772957 12186.781062 12182.759368 12183.011591 12183.789339 12181.222048 12186.684900 12204.804132 12219.256002 12219.680036 12246.760724 0.000000 0.000000
0.000000 0.000000 13106.380331 13110.421837 13134.495324 13124.015434 13116.667023 13090.966121 13089.215343 13086.182038 13088.142645 13087.812933 13086.430349 13088.645967 13113.121832 13122.539669 13135.170485 13106.795541 13108.394160 0.000000 0.000000
0.000000 0.000000 0.000000 0.000000 0.000000 0.000000 0.000000 0.000000 0.000000 0.000000 0.000000 0.000000 0.000000 0.000000 0.000000 0.000000 0.000000 0.000000 0.000000 0.000000 0.000000
0.000000 0.000000 0.000000 0.000000 0.000000 0.000000 0.000000 0.000000 0.000000 0.000000 0.000000 0.000000 0.000000 0.000000 0.000000 0.000000 0.000000 0.000000 0.000000 0.000000 0.000000