geotop/1.0zi/1.0Montebello/Templates/testdem/maps/_Erotot0847.asc
ncols         21
nrows         20
xllcorner     100.000000
yllcorner     100.000000
cellsize      50.000000
NODATA_value  -9999.0
0.000000 0.000000 0.000000 0.000000 0.000000 0.000000 0.000000 0.000000 0.000000 0.000000 0.000000 0.000000 0.000000 0.000000 0.000000 0.000000 0.000000 0.000000 0.000000 0.000000 0.000000
0.000000 0.000000 70.144419 70.145601 70.179819 70.153078 70.140609 70.145620 70.146841 70.142856 70.143280 70.142856 70.146841 70.145620 70.140609 70.153078 70.179819 70.145601 70.144419 0.000000 0.000000
0.000000 0.000000 7.294203 7.077030 5.303761 7.162943 7.322943 7.319225 7.333730 7.342020 7.341640 7.342020 7.333730 7.319225 7.322943 7.162943 5.303761 7.077030 7.294203 0.000000 0.000000
0.000000 0.000000 675.756185 675.314559 675.561883 673.249113 675.728162 675.568613 675.406622 675.678116 675.613142 675.678116 675.406622 675.568613 675.728162 673.249113 675.561883 675.314559 675.756185 0.000000 0.000000
0.000000 0.000000 1208.136530 1207.868338 1207.167310 1207.825962 1208.255818 1208.120238 1208.067160 1208.178233 1208.166181 1208.178233 1208.067160 1208.120238 1208.255818 1207.825962 1207.167310 1207.868338 1208.136530 0.000000 0.000000
0.000000 0.000000 1619.189099 1618.912793 1618.254409 1618.312098 1619.222004 1619.134468 1619.078419 1619.191438 1619.173698 1619.191438 1619.078419 1619.134468 1619.222004 1618.312098 1618.254409 1618.912793 1619.189099 0.000000 0.000000
0.000000 0.000000 2131.581090 2131.355873 2130.750758 2130.825295 2131.594823 2131.537118 2131.496916 2131.588471 2131.571158 2131.588471 2131.496916 2131.537118 2131.594823 2130.825295 2130.750758 2131.355873 2131.581090 0.000000 0.000000
0.000000 0.000000 2620.856242 2620.657646 2620.091402 2620.174761 2620.857439 2620.817849 2620.784395 2620.862507 2620.847206 2620.862507 2620.784395 2620.817849 2620.857439 2620.174761 2620.091402 2620.657646 2620.856242 0.000000 0.000000
0.000000 0.000000 3085.307205 3085.122093 3084.581264 3084.664333 3085.303383 3085.271503 3085.241444 3085.312490 3085.298008 3085.312490 3085.241444 3085.271503 3085.303383 3084.664333 3084.581264 3085.122093 3085.307205 0.000000 0.000000
0.000000 0.000000 3531.106596 3530.950847 3530.418744 3530.542245 3531.095106 3531.078381 3531.055766 3531.111817 3531.097805 3531.111817 3531.055766 3531.078381 3531.095106 3530.542245 3530.418744 3530.950847 3531.106596 0.000000 0.000000
0.000000 0.000000 3961.630855 3961.465109 3960.949551 3961.047549 3961.620743 3961.599980 3961.574709 3961.634305 3961.619784 3961.634305 3961.574709 3961.599980 3961.620743 3961.047549 3960.949551 3961.465109 3961.630855 0.000000 0.000000
0.000000 0.000000 4379.493070 4379.324245 4378.820529 4378.909417 4379.478888 4379.460354 4379.435662 4379.495120 4379.481928 4379.495120 4379.435662 4379.460354 4379.478888 4378.909417 4378.820529 4379.324245 4379.493070 0.000000 0.000000
0.000000 0.000000 4787.646580 4787.479465 4786.981302 4787.071970 4787.630507 4787.613283 4787.589151 4787.647403 4787.634250 4787.647403 4787.589151 4787.613283 4787.630507 4787.071970 4786.981302 4787.479465 4787.646580 0.000000 0.000000
0.000000 0.000000 5189.031333 5188.870045 5188.376295 5188.488231 5189.012835 5189.000479 5188.978754 5189.032238 5189.019037 5189.032238 5188.978754 5189.000479 5189.012835 5188.488231 5188.376295 5188.870045 5189.031333 0.000000 0.000000
0.000000 0.000000 5584.775332 5584.610176 5584.116702 5584.217361 5584.755725 5584.743216 5584.720514 5584.776116 5584.762415 5584.776116 5584.720514 5584.743216 5584.755725 5584.217361 5584.116702 5584.610176 5584.775332 0.000000 0.000000
0.000000 0.000000 5975.966243 5975.803503 5975.320571 5975.416039 5975.946768 5975.935988 5975.913689 5975.968074 5975.953866 5975.968074 5975.913689 5975.935988 5975.946768 5975.416039 5975.320571 5975.803503 5975.966240 0.000000 0.000000
0.000000 0.000000 6360.774164 6360.608814 6360.123735 6360.220495 6360.754222 6360.742045 6360.719286 6360.775007 6360.760478 6360.775007 6360.719286 6360.742045 6360.754222 6360.220495 6360.123735 6360.608799 6360.773798 0.000000 0.000000
0.000000 0.000000 6758.591042 6758.600100 6758.117352 6758.203693 6758.746036 6758.732991 6758.709784 6758.767074 6758.752421 6758.767074 6758.709784 6758.732991 6758.746036 6758.203693 6758.117337 6758.597779 6758.765863 0.000000 0.000000
0.000000 0.000000 0.000000 0.000000 0.000000 0.000000 0.000000 0.000000 0.000000 0.000000 0.000000 0.000000 0.000000 0.000000 0.000000 0.000000 0.000000 0.000000 0.000000 0.000000 0.000000
0.000000 0.000000 0.000000 0.000000 0.000000 0.000000 0.000000 0.000000 0.000000 0.000000 0.000000 0.000000 0.000000 0.000000 0.000000 0.000000 0.000000 0.000000 0.000000 0.000000 0.000000