geotop/1.0zi/1.0Montebello/Templates/testdem/maps/_Erotot6695.asc
ncols         21
nrows         20
xllcorner     100.000000
yllcorner     100.000000
cellsize      50.000000
NODATA_value  -9999.0
0.000000 0.000000 0.000000 0.000000 0.000000 0.000000 0.000000 0.000000 0.000000 0.000000 0.000000 0.000000 0.000000 0.000000 0.000000 0.000000 0.000000 0.000000 0.000000 0.000000 0.000000
0.000000 0.000000 507.161949 507.972249 507.645711 507.905026 507.311863 507.321266 507.280717 507.444043 507.851851 507.192814 507.083641 507.176714 507.431606 507.375063 508.089223 508.334326 508.378176 0.000000 0.000000
0.000000 0.000000 38.664598 37.537753 37.633014 37.781239 38.023460 37.861537 37.677027 37.459889 37.693604 37.949897 37.837268 38.047333 37.810412 37.598983 36.345564 35.575770 36.251380 0.000000 0.000000
0.000000 0.000000 221.760284 224.593389 214.461888 212.056746 212.300893 207.138199 206.654373 206.184465 204.586708 202.617270 205.195060 203.073387 208.184127 214.044616 215.810058 217.197516 222.251595 0.000000 0.000000
0.000000 0.000000 2166.415980 2169.660269 2174.288657 2153.645149 2139.116440 2126.261219 2129.052558 2125.982972 2130.727618 2136.708837 2132.010263 2131.142009 2142.979082 2144.763993 2152.735234 2160.386330 2161.948832 0.000000 0.000000
0.000000 0.000000 3890.779726 3885.203101 3881.675328 3875.087330 3862.596807 3855.105687 3853.810104 3853.481730 3850.374277 3844.690084 3843.571095 3846.456883 3845.841343 3863.611985 3872.190741 3878.649275 3880.647557 0.000000 0.000000
0.000000 0.000000 5047.279698 5044.610488 5040.920893 5035.762371 5022.688155 5005.233744 5004.587349 5000.681531 5002.640361 5006.182375 5007.835090 5008.173534 5030.891334 5040.315451 5044.618687 5046.451073 5051.862216 0.000000 0.000000
0.000000 0.000000 5831.390094 5832.590527 5830.483531 5822.466093 5821.607474 5813.730754 5814.324214 5814.571079 5813.374777 5810.157743 5809.562877 5814.568056 5814.673592 5817.959161 5828.563620 5826.624043 5831.207471 0.000000 0.000000
0.000000 0.000000 6914.183262 6910.818410 6905.570159 6906.167076 6897.661567 6885.689178 6886.541176 6882.997279 6880.688110 6880.929426 6882.975778 6877.279399 6892.272716 6904.568086 6905.228128 6907.566935 6909.118009 0.000000 0.000000
0.000000 0.000000 8162.135663 8159.590696 8160.882517 8158.443967 8141.616604 8134.269900 8134.730437 8134.146732 8131.455826 8134.400050 8137.611039 8136.195948 8140.274719 8152.033254 8158.196232 8159.078749 8160.264222 0.000000 0.000000
0.000000 0.000000 9513.723035 9513.338960 9512.008628 9495.499229 9492.482293 9479.792279 9484.361647 9473.454726 9476.546244 9475.450934 9469.632685 9477.790943 9483.518951 9485.506321 9495.507971 9501.193738 9510.605136 0.000000 0.000000
0.000000 0.000000 10943.714774 10937.958443 10932.266945 10929.561527 10922.933015 10907.120863 10905.102124 10904.841221 10911.534583 10902.710227 10905.584282 10905.341781 10922.514924 10928.192679 10930.208397 10932.601295 10953.336836 0.000000 0.000000
0.000000 0.000000 12405.711210 12402.720838 12403.129194 12393.588703 12388.742329 12355.600915 12354.048276 12353.519103 12336.803312 12346.116429 12350.568520 12353.385592 12374.831156 12380.286842 12397.830931 12397.002430 12404.954584 0.000000 0.000000
0.000000 0.000000 14029.328463 14031.636122 14022.363386 14019.207343 13983.338718 13993.748310 13982.068103 13983.222006 13986.068466 13984.067028 13982.637935 13978.808153 13964.834490 14005.550566 14011.353130 14025.490022 14033.742812 0.000000 0.000000
0.000000 0.000000 15804.917892 15798.920519 15793.871907 15758.606221 15760.147568 15742.422866 15726.963299 15725.439731 15718.110138 15710.517811 15714.086224 15712.157760 15732.526141 15733.931763 15789.463326 15778.385778 15777.984938 0.000000 0.000000
0.000000 0.000000 17651.086086 17649.766618 17598.604477 17602.330104 17607.455841 17598.214068 17621.810815 17611.279340 17620.731231 17613.947188 17607.433650 17620.096143 17622.571174 17622.763333 17591.886913 17663.690984 17657.308952 0.000000 0.000000
0.000000 0.000000 19795.894203 19728.982443 19731.312292 19714.186558 19676.977176 19669.295249 19655.169466 19660.018143 19639.455869 19640.259386 19648.896306 19644.956543 19660.886988 19681.209768 19729.184495 19712.025588 19785.315371 0.000000 0.000000
0.000000 0.000000 21124.934135 21159.475690 21228.778243 21220.401098 21207.282286 21150.734006 21153.296025 21134.456318 21154.282448 21150.019033 21155.151724 21153.001014 21201.768745 21213.906984 21240.045963 21172.694635 21139.822157 0.000000 0.000000
0.000000 0.000000 0.000000 0.000000 0.000000 0.000000 0.000000 0.000000 0.000000 0.000000 0.000000 0.000000 0.000000 0.000000 0.000000 0.000000 0.000000 0.000000 0.000000 0.000000 0.000000
0.000000 0.000000 0.000000 0.000000 0.000000 0.000000 0.000000 0.000000 0.000000 0.000000 0.000000 0.000000 0.000000 0.000000 0.000000 0.000000 0.000000 0.000000 0.000000 0.000000 0.000000