geotop/1.0zi/1.0Montebello/Templates/testdem/maps/_Erotot0514.asc
ncols         21
nrows         20
xllcorner     100.000000
yllcorner     100.000000
cellsize      50.000000
NODATA_value  -9999.0
0.000000 0.000000 0.000000 0.000000 0.000000 0.000000 0.000000 0.000000 0.000000 0.000000 0.000000 0.000000 0.000000 0.000000 0.000000 0.000000 0.000000 0.000000 0.000000 0.000000 0.000000
0.000000 0.000000 44.656582 44.657263 44.689896 44.657430 44.656687 44.657073 44.656884 44.656797 44.656770 44.656797 44.656884 44.657073 44.656687 44.657430 44.689896 44.657263 44.656582 0.000000 0.000000
0.000000 0.000000 7.667174 7.450724 5.633529 7.445778 7.693615 7.677770 7.692282 7.699124 7.700187 7.699124 7.692282 7.677770 7.693615 7.445778 5.633529 7.450724 7.667174 0.000000 0.000000
0.000000 0.000000 560.428555 560.679420 560.804179 560.590055 560.493742 560.604115 560.601278 560.537400 560.467126 560.537400 560.601278 560.604115 560.493742 560.590055 560.804179 560.679420 560.428555 0.000000 0.000000
0.000000 0.000000 808.378229 808.330789 807.573658 808.309701 808.379049 808.400953 808.395706 808.399745 808.395051 808.399745 808.395706 808.400953 808.379049 808.309701 807.573658 808.330789 808.378229 0.000000 0.000000
0.000000 0.000000 1113.774011 1113.780464 1113.074865 1113.739000 1113.805981 1113.850544 1113.854983 1113.834212 1113.813471 1113.834212 1113.854983 1113.850544 1113.805981 1113.739000 1113.074865 1113.780464 1113.774011 0.000000 0.000000
0.000000 0.000000 1443.709110 1443.717924 1443.088490 1443.678146 1443.740056 1443.785988 1443.791488 1443.768661 1443.750280 1443.768661 1443.791488 1443.785988 1443.740056 1443.678146 1443.088490 1443.717924 1443.709110 0.000000 0.000000
0.000000 0.000000 1756.978820 1756.986700 1756.403250 1756.949709 1757.008489 1757.053707 1757.059226 1757.036314 1757.019477 1757.036314 1757.059226 1757.053707 1757.008489 1756.949709 1756.403250 1756.986700 1756.978820 0.000000 0.000000
0.000000 0.000000 2055.195068 2055.202799 2054.646182 2055.166901 2055.223772 2055.268273 2055.273804 2055.251053 2055.234847 2055.251053 2055.273804 2055.268273 2055.223772 2055.166901 2054.646182 2055.202799 2055.195068 0.000000 0.000000
0.000000 0.000000 2343.331141 2343.338248 2342.797323 2343.303432 2343.359310 2343.403227 2343.408731 2343.386102 2343.370056 2343.386102 2343.408731 2343.403227 2343.359310 2343.303432 2342.797323 2343.338248 2343.331141 0.000000 0.000000
0.000000 0.000000 2622.908981 2622.915445 2622.383459 2622.881410 2622.936831 2622.980332 2622.985811 2622.963244 2622.947131 2622.963244 2622.985811 2622.980332 2622.936831 2622.881410 2622.383459 2622.915445 2622.908981 0.000000 0.000000
0.000000 0.000000 2894.910411 2894.913949 2894.391773 2894.881559 2894.936444 2894.978750 2894.984680 2894.962253 2894.947158 2894.962253 2894.984680 2894.978750 2894.936444 2894.881559 2894.391773 2894.913949 2894.910411 0.000000 0.000000
0.000000 0.000000 3160.267173 3160.269131 3159.751757 3160.239005 3160.292694 3160.334409 3160.340460 3160.317957 3160.302971 3160.317957 3160.340460 3160.334409 3160.292694 3160.239005 3159.751757 3160.269131 3160.267173 0.000000 0.000000
0.000000 0.000000 3422.432434 3422.432559 3421.919031 3422.402767 3422.457636 3422.499283 3422.505471 3422.482939 3422.467804 3422.482939 3422.505471 3422.499283 3422.457636 3422.402767 3421.919031 3422.432559 3422.432434 0.000000 0.000000
0.000000 0.000000 3680.909446 3680.910024 3680.393957 3680.879940 3680.934882 3680.976132 3680.982399 3680.959803 3680.943858 3680.959803 3680.982399 3680.976132 3680.934882 3680.879940 3680.393957 3680.910024 3680.909446 0.000000 0.000000
0.000000 0.000000 3937.049112 3937.050985 3936.544166 3937.020894 3937.075323 3937.116531 3937.122805 3937.100122 3937.083574 3937.100122 3937.122805 3937.116531 3937.075323 3937.020894 3936.544166 3937.050985 3937.049110 0.000000 0.000000
0.000000 0.000000 4188.982483 4188.982674 4188.472214 4188.953722 4189.008706 4189.049271 4189.055654 4189.032894 4189.016041 4189.032894 4189.055654 4189.049271 4189.008706 4188.953722 4188.472214 4188.982663 4188.982204 0.000000 0.000000
0.000000 0.000000 4450.822050 4450.951148 4450.441229 4450.919860 4450.975116 4451.015678 4451.022380 4450.999527 4450.982412 4450.999527 4451.022380 4451.015678 4450.975116 4450.919860 4450.441216 4450.949457 4450.948661 0.000000 0.000000
0.000000 0.000000 0.000000 0.000000 0.000000 0.000000 0.000000 0.000000 0.000000 0.000000 0.000000 0.000000 0.000000 0.000000 0.000000 0.000000 0.000000 0.000000 0.000000 0.000000 0.000000
0.000000 0.000000 0.000000 0.000000 0.000000 0.000000 0.000000 0.000000 0.000000 0.000000 0.000000 0.000000 0.000000 0.000000 0.000000 0.000000 0.000000 0.000000 0.000000 0.000000 0.000000