geotop/1.0zi/1.0Montebello/Templates/testdem/maps/_Erotot5893.asc
ncols         21
nrows         20
xllcorner     100.000000
yllcorner     100.000000
cellsize      50.000000
NODATA_value  -9999.0
0.000000 0.000000 0.000000 0.000000 0.000000 0.000000 0.000000 0.000000 0.000000 0.000000 0.000000 0.000000 0.000000 0.000000 0.000000 0.000000 0.000000 0.000000 0.000000 0.000000 0.000000
0.000000 0.000000 453.758078 452.955539 452.768625 452.554794 452.516621 452.616479 452.560610 452.738674 452.641939 452.440306 452.378090 452.457122 452.570996 452.478157 452.677357 452.875402 453.299666 0.000000 0.000000
0.000000 0.000000 33.848997 34.522298 34.819629 35.992445 35.729805 35.489404 35.316291 35.093317 35.308158 35.666694 35.478793 35.223444 35.666009 35.439649 34.602989 33.766585 33.151326 0.000000 0.000000
0.000000 0.000000 188.071189 189.302978 181.580617 178.596653 179.957876 174.876672 174.493450 174.196678 173.237814 170.868684 173.461114 171.694743 175.229130 180.731542 180.614782 183.878639 187.136441 0.000000 0.000000
0.000000 0.000000 1823.205963 1827.312848 1831.206177 1812.330015 1797.024981 1786.188429 1788.797101 1785.839525 1789.584238 1793.733927 1790.503903 1788.598792 1799.366313 1799.999857 1807.661943 1815.066747 1817.185343 0.000000 0.000000
0.000000 0.000000 3298.967035 3293.480275 3290.905314 3286.203185 3278.058105 3270.722307 3268.958219 3269.043385 3267.882497 3265.738450 3263.080207 3265.334613 3265.333882 3280.654794 3285.702499 3289.072523 3291.078490 0.000000 0.000000
0.000000 0.000000 4367.556316 4364.863692 4361.631408 4357.140206 4344.099071 4327.411319 4327.481055 4323.935947 4325.685346 4328.456952 4330.354792 4331.557385 4351.628705 4361.289600 4366.224462 4367.834735 4373.151253 0.000000 0.000000
0.000000 0.000000 5024.268912 5025.565422 5024.219477 5017.725074 5017.068345 5009.987888 5010.538617 5010.917785 5009.659906 5007.252635 5007.016445 5010.586474 5010.808041 5013.477943 5021.868453 5020.223121 5023.337053 0.000000 0.000000
0.000000 0.000000 5923.135687 5920.393148 5915.882329 5916.663805 5909.952395 5899.448825 5899.901004 5897.257573 5894.794600 5895.990817 5897.217946 5892.072790 5905.393428 5913.579342 5915.806825 5916.728545 5918.261356 0.000000 0.000000
0.000000 0.000000 6964.214138 6961.768666 6963.500183 6962.675512 6947.831295 6940.792255 6942.206171 6941.291239 6939.240320 6942.353017 6945.330737 6943.742528 6947.103218 6957.554697 6961.516761 6961.796072 6962.610273 0.000000 0.000000
0.000000 0.000000 8087.081657 8087.210211 8086.915897 8072.500549 8069.794007 8059.030318 8062.577870 8053.493330 8055.920368 8054.972008 8050.289859 8057.617886 8062.157440 8063.715211 8070.452561 8076.426921 8083.785189 0.000000 0.000000
0.000000 0.000000 9261.939777 9257.300722 9251.961503 9250.043077 9246.013020 9231.176676 9230.190786 9229.290249 9235.965592 9228.898508 9230.958704 9230.481647 9246.142585 9249.574080 9251.123957 9251.709447 9271.185926 0.000000 0.000000
0.000000 0.000000 10451.892172 10449.928129 10450.611290 10443.013852 10438.861272 10411.996783 10410.767749 10410.440039 10396.035777 10405.044207 10409.001146 10410.971468 10427.394736 10431.418648 10445.484690 10444.923436 10451.836357 0.000000 0.000000
0.000000 0.000000 11757.021601 11758.347854 11751.059812 11749.795487 11722.018867 11730.284426 11719.774545 11721.212989 11722.455269 11722.001483 11720.503651 11717.111147 11707.270458 11737.258154 11742.771745 11753.501718 11760.608904 0.000000 0.000000
0.000000 0.000000 13167.202557 13162.130643 13158.639334 13134.146975 13133.759291 13118.147685 13105.231478 13103.650104 13098.677848 13092.443011 13095.682607 13093.859673 13108.965850 13112.892731 13154.383873 13145.549694 13145.736563 0.000000 0.000000
0.000000 0.000000 14615.027426 14614.302628 14577.679897 14577.065906 14581.985996 14574.424726 14591.712585 14584.076407 14590.116218 14585.584039 14580.252071 14588.929415 14592.722567 14592.322175 14571.605491 14623.441474 14616.519776 0.000000 0.000000
0.000000 0.000000 16262.643088 16218.270473 16215.868899 16205.886658 16180.117593 16173.186601 16164.791708 16168.006554 16153.994278 16154.401146 16159.600097 16159.202237 16171.270621 16182.763426 16214.619032 16208.192606 16258.017870 0.000000 0.000000
0.000000 0.000000 17403.185176 17416.686598 17462.902809 17455.978578 17441.716177 17403.819745 17405.021924 17390.831813 17402.974197 17400.980668 17406.693055 17402.115449 17435.291467 17447.312279 17470.830286 17423.261149 17409.693258 0.000000 0.000000
0.000000 0.000000 0.000000 0.000000 0.000000 0.000000 0.000000 0.000000 0.000000 0.000000 0.000000 0.000000 0.000000 0.000000 0.000000 0.000000 0.000000 0.000000 0.000000 0.000000 0.000000
0.000000 0.000000 0.000000 0.000000 0.000000 0.000000 0.000000 0.000000 0.000000 0.000000 0.000000 0.000000 0.000000 0.000000 0.000000 0.000000 0.000000 0.000000 0.000000 0.000000 0.000000