geotop/1.0zi/1.0Montebello/Templates/testdem/maps/_Erotot2430.asc
ncols         21
nrows         20
xllcorner     100.000000
yllcorner     100.000000
cellsize      50.000000
NODATA_value  -9999.0
0.000000 0.000000 0.000000 0.000000 0.000000 0.000000 0.000000 0.000000 0.000000 0.000000 0.000000 0.000000 0.000000 0.000000 0.000000 0.000000 0.000000 0.000000 0.000000 0.000000 0.000000
0.000000 0.000000 224.991236 224.993310 224.999664 225.114964 224.983864 224.988724 224.966434 225.002979 224.995133 225.002979 224.966434 224.988724 224.983864 225.114964 224.999664 224.993310 224.991236 0.000000 0.000000
0.000000 0.000000 13.649876 13.428765 11.675592 13.400058 13.692457 13.678276 13.708674 13.677573 13.682344 13.677573 13.708674 13.678276 13.692457 13.400058 11.675592 13.428765 13.649876 0.000000 0.000000
0.000000 0.000000 1665.385078 1665.064113 1665.400185 1663.530358 1665.536901 1664.977240 1664.974904 1665.797428 1665.937947 1665.797428 1664.974904 1664.977240 1665.536901 1663.530358 1665.400185 1665.064113 1665.385078 0.000000 0.000000
0.000000 0.000000 3442.435606 3442.263789 3441.601122 3442.191750 3442.738314 3442.599024 3442.561217 3442.711645 3442.674386 3442.711645 3442.561217 3442.599024 3442.738314 3442.191750 3441.601122 3442.263789 3442.435606 0.000000 0.000000
0.000000 0.000000 4461.714784 4461.508348 4460.945261 4461.096882 4461.911493 4461.616879 4461.636422 4461.979687 4462.065057 4461.979687 4461.636422 4461.616879 4461.911493 4461.096882 4460.945261 4461.508348 4461.714784 0.000000 0.000000
0.000000 0.000000 5825.650163 5825.478385 5824.962396 5825.104108 5825.800480 5825.545533 5825.570628 5825.875673 5825.970373 5825.875673 5825.570628 5825.545533 5825.800480 5825.104108 5824.962396 5825.478385 5825.650163 0.000000 0.000000
0.000000 0.000000 7114.467929 7114.323639 7113.842731 7113.987302 7114.586732 7114.367331 7114.389841 7114.663385 7114.754551 7114.663385 7114.389841 7114.367331 7114.586732 7113.987302 7113.842731 7114.323639 7114.467929 0.000000 0.000000
0.000000 0.000000 8319.282083 8319.149933 8318.692713 8318.837082 8319.388850 8319.186349 8319.207470 8319.464864 8319.552183 8319.464864 8319.207470 8319.186349 8319.388850 8318.837082 8318.692713 8319.149933 8319.282083 0.000000 0.000000
0.000000 0.000000 9455.632974 9455.529463 9455.082739 9455.265915 9455.726979 9455.545765 9455.571524 9455.805892 9455.888818 9455.805892 9455.571524 9455.545765 9455.726979 9455.265915 9455.082739 9455.529463 9455.632974 0.000000 0.000000
0.000000 0.000000 10529.453691 10529.343392 10528.916265 10529.075257 10529.546972 10529.366345 10529.387987 10529.619237 10529.697424 10529.619237 10529.387987 10529.366345 10529.546972 10529.075257 10528.916265 10529.343392 10529.453691 0.000000 0.000000
0.000000 0.000000 11555.091741 11554.981046 11554.569652 11554.722764 11555.180165 11555.006869 11555.027273 11555.251064 11555.327804 11555.251064 11555.027273 11555.006869 11555.180165 11554.722764 11554.569652 11554.981046 11555.091741 0.000000 0.000000
0.000000 0.000000 12542.100708 12541.994831 12541.589704 12541.744447 12542.182460 12542.013549 12542.034054 12542.252158 12542.325920 12542.252158 12542.034054 12542.013549 12542.182460 12541.744447 12541.589704 12541.994831 12542.100708 0.000000 0.000000
0.000000 0.000000 13496.354211 13496.256098 13495.859889 13496.033300 13496.433756 13496.271463 13496.293571 13496.503542 13496.575405 13496.503542 13496.293571 13496.271463 13496.433756 13496.033300 13495.859889 13496.256098 13496.354211 0.000000 0.000000
0.000000 0.000000 14421.134740 14421.034758 14420.641948 14420.804347 14421.210193 14421.049174 14421.069909 14421.278286 14421.348152 14421.278286 14421.069909 14421.049174 14421.210193 14420.804347 14420.641948 14421.034758 14421.134740 0.000000 0.000000
0.000000 0.000000 15316.428003 15316.330174 15315.948341 15316.104021 15316.497748 15316.341399 15316.361960 15316.565030 15316.633353 15316.565030 15316.361960 15316.341399 15316.497748 15316.104021 15315.948341 15316.330174 15316.427998 0.000000 0.000000
0.000000 0.000000 16185.631543 16185.535240 16185.155260 16185.314140 16185.699259 16185.544707 16185.564719 16185.763268 16185.829486 16185.763268 16185.564719 16185.544707 16185.699259 16185.314140 16185.155259 16185.535218 16185.631122 0.000000 0.000000
0.000000 0.000000 17065.725652 17066.022701 17065.649182 17065.803862 17066.184785 17066.033294 17066.051363 17066.246710 17066.310317 17066.246710 17066.051363 17066.033294 17066.184785 17065.803862 17065.649163 17066.019190 17066.112286 0.000000 0.000000
0.000000 0.000000 0.000000 0.000000 0.000000 0.000000 0.000000 0.000000 0.000000 0.000000 0.000000 0.000000 0.000000 0.000000 0.000000 0.000000 0.000000 0.000000 0.000000 0.000000 0.000000
0.000000 0.000000 0.000000 0.000000 0.000000 0.000000 0.000000 0.000000 0.000000 0.000000 0.000000 0.000000 0.000000 0.000000 0.000000 0.000000 0.000000 0.000000 0.000000 0.000000 0.000000