geotop/1.0zi/1.0Montebello/Templates/testdem/maps/_Erotot082f.asc
ncols         21
nrows         20
xllcorner     100.000000
yllcorner     100.000000
cellsize      50.000000
NODATA_value  -9999.0
0.000000 0.000000 0.000000 0.000000 0.000000 0.000000 0.000000 0.000000 0.000000 0.000000 0.000000 0.000000 0.000000 0.000000 0.000000 0.000000 0.000000 0.000000 0.000000 0.000000 0.000000
0.000000 0.000000 903.888583 903.851983 902.560240 900.819142 899.134617 898.323033 898.582367 898.529699 898.985546 898.371356 898.133311 898.220036 899.538107 900.159663 902.788140 904.067444 904.866757 0.000000 0.000000
0.000000 0.000000 64.769347 63.595420 63.871829 64.766123 65.642020 65.358967 64.931622 64.854372 65.011232 65.227629 65.446953 65.481437 65.091742 64.611062 62.546481 61.719064 62.401333 0.000000 0.000000
0.000000 0.000000 781.538949 785.521586 768.302830 756.970410 755.804687 746.834272 754.111937 755.294883 751.335064 752.896489 757.146557 756.163154 766.102363 778.200108 782.990054 781.414437 787.628124 0.000000 0.000000
0.000000 0.000000 5529.460179 5519.167422 5519.399565 5476.785170 5448.727233 5431.357122 5424.535023 5420.550556 5425.084284 5429.972092 5429.897197 5424.049074 5444.617953 5451.592615 5472.585836 5486.276154 5486.386586 0.000000 0.000000
0.000000 0.000000 7801.149617 7796.231653 7787.197699 7788.318426 7757.655018 7743.503218 7747.615940 7747.096402 7740.551862 7734.307265 7731.458587 7735.641389 7738.860823 7768.393001 7768.978448 7776.846661 7778.640499 0.000000 0.000000
0.000000 0.000000 9612.910629 9605.838016 9601.178044 9584.916842 9577.102946 9534.603833 9534.638143 9531.571587 9529.530575 9532.791703 9533.582059 9534.638536 9572.775341 9578.204532 9589.210949 9593.328367 9598.392707 0.000000 0.000000
0.000000 0.000000 11658.243968 11652.329394 11643.001783 11618.591639 11606.373337 11599.459645 11599.534679 11597.713292 11595.679280 11591.869518 11590.791880 11598.009840 11597.934304 11611.601406 11629.796411 11628.231522 11634.647139 0.000000 0.000000
0.000000 0.000000 14231.103347 14223.148716 14210.589729 14203.015573 14181.977467 14155.873834 14160.117195 14156.405019 14150.899416 14150.276227 14153.585609 14146.339633 14176.697741 14195.257632 14200.078194 14205.259473 14207.683452 0.000000 0.000000
0.000000 0.000000 17295.172732 17282.221584 17274.024145 17259.732890 17240.410673 17215.363775 17214.074125 17213.328620 17205.979099 17210.678469 17214.010083 17212.946204 17224.000160 17249.855663 17261.320696 17267.089361 17265.985166 0.000000 0.000000
0.000000 0.000000 20808.768197 20801.256133 20795.968886 20749.197595 20747.477748 20710.518328 20721.341094 20699.850985 20704.637332 20699.143639 20688.946720 20702.869834 20723.350536 20730.942522 20751.584196 20756.867842 20778.788557 0.000000 0.000000
0.000000 0.000000 24855.324921 24833.467212 24803.752963 24797.375037 24778.388782 24734.756962 24725.813808 24731.282164 24737.044496 24724.152374 24731.241541 24721.575751 24761.715233 24784.077243 24787.905634 24796.165361 24827.553166 0.000000 0.000000
0.000000 0.000000 29118.125713 29099.321552 29097.738807 29062.529174 29037.134059 28926.303693 28923.066148 28919.508143 28863.974771 28899.478929 28900.694219 28913.829873 28995.192073 29007.408324 29057.772194 29058.268262 29056.282696 0.000000 0.000000
0.000000 0.000000 33831.876975 33831.818451 33792.881691 33775.661220 33635.791072 33735.070455 33700.714400 33700.167400 33730.172232 33699.036186 33696.003872 33673.946234 33583.024271 33746.262188 33737.959842 33778.617092 33797.160041 0.000000 0.000000
0.000000 0.000000 37549.669124 37535.402323 37522.672056 37409.974524 37493.114853 37406.264807 37393.696886 37389.478156 37359.731162 37353.930544 37365.213108 37369.994907 37446.413129 37356.559125 37516.670078 37471.197892 37457.216485 0.000000 0.000000
0.000000 0.000000 39815.136630 39811.187714 39733.022923 39774.846195 39769.593232 39768.085011 39809.324085 39796.508035 39813.638742 39809.509825 39796.139384 39814.530961 39805.098401 39813.779028 39716.446960 39835.520014 39827.355917 0.000000 0.000000
0.000000 0.000000 41561.628615 41505.692479 41535.040749 41510.938400 41481.848645 41481.791277 41462.906403 41469.654473 41449.685231 41452.272707 41461.072584 41454.397330 41462.815398 41475.078058 41527.921914 41480.551531 41536.152886 0.000000 0.000000
0.000000 0.000000 42264.332400 42328.273251 42357.467401 42369.650659 42373.710760 42336.453820 42352.569248 42337.709246 42361.987151 42358.223500 42354.887666 42360.016297 42389.617532 42385.145529 42359.961139 42342.925778 42281.255559 0.000000 0.000000
0.000000 0.000000 0.000000 0.000000 0.000000 0.000000 0.000000 0.000000 0.000000 0.000000 0.000000 0.000000 0.000000 0.000000 0.000000 0.000000 0.000000 0.000000 0.000000 0.000000 0.000000
0.000000 0.000000 0.000000 0.000000 0.000000 0.000000 0.000000 0.000000 0.000000 0.000000 0.000000 0.000000 0.000000 0.000000 0.000000 0.000000 0.000000 0.000000 0.000000 0.000000 0.000000