geotop/1.0zi/1.0Montebello/Templates/testdem/maps/_Erotot0063.asc
ncols         21
nrows         20
xllcorner     100.000000
yllcorner     100.000000
cellsize      50.000000
NODATA_value  -9999.0
0.000000 0.000000 0.000000 0.000000 0.000000 0.000000 0.000000 0.000000 0.000000 0.000000 0.000000 0.000000 0.000000 0.000000 0.000000 0.000000 0.000000 0.000000 0.000000 0.000000 0.000000
0.000000 0.000000 0.729844 0.729842 0.729843 0.729843 0.729843 0.729843 0.729843 0.729843 0.729843 0.729843 0.729843 0.729843 0.729843 0.729843 0.729843 0.729842 0.729844 0.000000 0.000000
0.000000 0.000000 2.877740 2.877614 2.877675 2.877686 2.877687 2.877688 2.877688 2.877688 2.877688 2.877688 2.877688 2.877688 2.877687 2.877686 2.877675 2.877614 2.877740 0.000000 0.000000
0.000000 0.000000 34.732546 34.732545 34.732557 34.732562 34.732563 34.732563 34.732563 34.732563 34.732563 34.732563 34.732563 34.732563 34.732563 34.732562 34.732557 34.732545 34.732546 0.000000 0.000000
0.000000 0.000000 40.467135 40.467189 40.467159 40.467154 40.467154 40.467154 40.467154 40.467154 40.467154 40.467154 40.467154 40.467154 40.467154 40.467154 40.467159 40.467189 40.467135 0.000000 0.000000
0.000000 0.000000 57.386340 57.386320 57.386347 57.386351 57.386351 57.386351 57.386351 57.386351 57.386351 57.386351 57.386351 57.386351 57.386351 57.386351 57.386347 57.386320 57.386340 0.000000 0.000000
0.000000 0.000000 75.617052 75.617038 75.617049 75.617051 75.617051 75.617051 75.617051 75.617051 75.617051 75.617051 75.617051 75.617051 75.617051 75.617051 75.617049 75.617038 75.617052 0.000000 0.000000
0.000000 0.000000 93.231321 93.231308 93.231310 93.231311 93.231311 93.231311 93.231311 93.231311 93.231311 93.231311 93.231311 93.231311 93.231311 93.231311 93.231310 93.231308 93.231321 0.000000 0.000000
0.000000 0.000000 110.240150 110.240135 110.240129 110.240129 110.240129 110.240129 110.240129 110.240129 110.240129 110.240129 110.240129 110.240129 110.240129 110.240129 110.240129 110.240135 110.240150 0.000000 0.000000
0.000000 0.000000 126.721754 126.721737 126.721724 126.721723 126.721723 126.721723 126.721723 126.721723 126.721723 126.721723 126.721723 126.721723 126.721723 126.721723 126.721724 126.721737 126.721754 0.000000 0.000000
0.000000 0.000000 142.841032 142.841011 142.840992 142.840990 142.840990 142.840990 142.840990 142.840990 142.840990 142.840990 142.840990 142.840990 142.840990 142.840990 142.840992 142.841011 142.841032 0.000000 0.000000
0.000000 0.000000 158.749015 158.748991 158.748967 158.748964 158.748964 158.748964 158.748964 158.748964 158.748964 158.748964 158.748964 158.748964 158.748964 158.748964 158.748967 158.748991 158.749015 0.000000 0.000000
0.000000 0.000000 174.424161 174.424134 174.424105 174.424101 174.424101 174.424101 174.424101 174.424101 174.424101 174.424101 174.424101 174.424101 174.424101 174.424101 174.424105 174.424134 174.424161 0.000000 0.000000
0.000000 0.000000 190.128605 190.128574 190.128541 190.128536 190.128536 190.128536 190.128536 190.128536 190.128536 190.128536 190.128536 190.128536 190.128536 190.128536 190.128541 190.128574 190.128605 0.000000 0.000000
0.000000 0.000000 205.395640 205.395604 205.395566 205.395561 205.395561 205.395561 205.395561 205.395561 205.395561 205.395561 205.395561 205.395561 205.395561 205.395561 205.395566 205.395604 205.395640 0.000000 0.000000
0.000000 0.000000 220.613794 220.613754 220.613712 220.613707 220.613706 220.613706 220.613706 220.613706 220.613706 220.613706 220.613706 220.613706 220.613706 220.613707 220.613712 220.613754 220.613794 0.000000 0.000000
0.000000 0.000000 235.906681 235.906562 235.906512 235.906506 235.906506 235.906506 235.906506 235.906506 235.906506 235.906506 235.906506 235.906506 235.906506 235.906506 235.906512 235.906558 235.906603 0.000000 0.000000
0.000000 0.000000 251.354392 251.351742 251.351447 251.351431 251.351430 251.351430 251.351430 251.351430 251.351430 251.351430 251.351430 251.351430 251.351430 251.351430 251.351440 251.351524 251.351635 0.000000 0.000000
0.000000 0.000000 0.000000 0.000000 0.000000 0.000000 0.000000 0.000000 0.000000 0.000000 0.000000 0.000000 0.000000 0.000000 0.000000 0.000000 0.000000 0.000000 0.000000 0.000000 0.000000
0.000000 0.000000 0.000000 0.000000 0.000000 0.000000 0.000000 0.000000 0.000000 0.000000 0.000000 0.000000 0.000000 0.000000 0.000000 0.000000 0.000000 0.000000 0.000000 0.000000 0.000000