geotop/1.0zi/1.0Montebello/Templates/testdem/maps/_Erotot1547.asc
ncols         21
nrows         20
xllcorner     100.000000
yllcorner     100.000000
cellsize      50.000000
NODATA_value  -9999.0
0.000000 0.000000 0.000000 0.000000 0.000000 0.000000 0.000000 0.000000 0.000000 0.000000 0.000000 0.000000 0.000000 0.000000 0.000000 0.000000 0.000000 0.000000 0.000000 0.000000 0.000000
0.000000 0.000000 174.655643 174.657560 174.693872 174.677454 174.645891 174.657857 174.659840 174.652491 174.653506 174.652491 174.659840 174.657857 174.645891 174.677454 174.693872 174.657560 174.655643 0.000000 0.000000
0.000000 0.000000 9.238314 9.018027 7.240039 9.089970 9.283462 9.263763 9.272703 9.282493 9.280048 9.282493 9.272703 9.263763 9.283462 9.089970 7.240039 9.018027 9.238314 0.000000 0.000000
0.000000 0.000000 1241.453234 1241.239329 1241.415182 1239.440450 1241.761319 1241.343497 1241.292784 1241.890011 1241.845597 1241.890011 1241.292784 1241.343497 1241.761319 1239.440450 1241.415182 1241.239329 1241.453234 0.000000 0.000000
0.000000 0.000000 2296.082822 2295.869698 2295.276176 2295.972763 2296.422477 2296.225641 2296.181425 2296.335445 2296.289036 2296.335445 2296.181425 2296.225641 2296.422477 2295.972763 2295.276176 2295.869698 2296.082822 0.000000 0.000000
0.000000 0.000000 3013.121749 3012.951872 3012.340694 3012.541317 3013.443300 3013.194102 3013.167996 3013.408747 3013.385077 3013.408747 3013.167996 3013.194102 3013.443300 3012.541317 3012.340694 3012.951872 3013.121749 0.000000 0.000000
0.000000 0.000000 3928.027772 3927.890979 3927.323851 3927.519245 3928.294322 3928.081423 3928.066079 3928.265931 3928.246029 3928.265931 3928.066079 3928.081423 3928.294322 3927.519245 3927.323851 3927.890979 3928.027772 0.000000 0.000000
0.000000 0.000000 4795.827482 4795.714306 4795.181251 4795.373563 4796.052328 4795.869982 4795.856501 4796.031380 4796.012412 4796.031380 4795.856501 4795.869982 4796.052328 4795.373563 4795.181251 4795.714306 4795.827482 0.000000 0.000000
0.000000 0.000000 5615.755247 5615.650271 5615.138953 5615.324941 5615.961203 5615.791587 5615.779694 5615.945252 5615.927712 5615.945252 5615.779694 5615.791587 5615.961203 5615.324941 5615.138953 5615.650271 5615.755247 0.000000 0.000000
0.000000 0.000000 6397.707101 6397.628961 6397.125350 6397.347069 6397.895189 6397.744314 6397.739312 6397.886609 6397.868996 6397.886609 6397.739312 6397.744314 6397.895189 6397.347069 6397.125350 6397.628961 6397.707101 0.000000 0.000000
0.000000 0.000000 7145.841376 7145.753739 7145.266161 7145.460532 7146.025196 7145.872524 7145.864506 7146.013261 7145.994714 7146.013261 7145.864506 7145.872524 7146.025196 7145.460532 7145.266161 7145.753739 7145.841376 0.000000 0.000000
0.000000 0.000000 7867.723207 7867.633024 7867.158597 7867.342838 7867.898426 7867.750157 7867.742879 7867.889237 7867.871891 7867.889237 7867.742879 7867.750157 7867.898426 7867.342838 7867.158597 7867.633024 7867.723207 0.000000 0.000000
0.000000 0.000000 8570.902832 8570.815070 8570.344254 8570.528928 8571.069777 8570.924234 8570.917548 8571.061114 8571.043258 8571.061114 8570.917548 8570.924234 8571.069777 8570.528928 8570.344254 8570.815070 8570.902832 0.000000 0.000000
0.000000 0.000000 9254.194985 9254.113765 9253.648429 9253.852191 9254.357680 9254.216975 9254.212797 9254.351160 9254.332845 9254.351160 9254.212797 9254.216975 9254.357680 9253.852191 9253.648429 9254.113765 9254.194985 0.000000 0.000000
0.000000 0.000000 9922.569029 9922.484947 9922.018389 9922.211014 9922.726090 9922.585096 9922.579894 9922.719626 9922.700856 9922.719626 9922.579894 9922.585096 9922.726090 9922.211014 9922.018389 9922.484947 9922.569029 0.000000 0.000000
0.000000 0.000000 10576.681714 10576.598523 10576.141518 10576.326381 10576.832536 10576.695003 10576.689919 10576.826336 10576.807814 10576.826336 10576.689919 10576.695003 10576.832536 10576.326381 10576.141518 10576.598523 10576.681711 0.000000 0.000000
0.000000 0.000000 11215.923287 11215.840721 11215.381069 11215.568931 11216.071506 11215.932819 11215.927611 11216.062843 11216.043420 11216.062843 11215.927611 11215.932819 11216.071506 11215.568931 11215.381069 11215.840701 11215.922985 0.000000 0.000000
0.000000 0.000000 11875.111554 11875.348434 11874.895098 11875.074490 11875.578482 11875.438875 11875.433789 11875.570956 11875.551406 11875.570956 11875.433789 11875.438875 11875.578482 11875.074490 11874.895080 11875.345268 11875.427850 0.000000 0.000000
0.000000 0.000000 0.000000 0.000000 0.000000 0.000000 0.000000 0.000000 0.000000 0.000000 0.000000 0.000000 0.000000 0.000000 0.000000 0.000000 0.000000 0.000000 0.000000 0.000000 0.000000
0.000000 0.000000 0.000000 0.000000 0.000000 0.000000 0.000000 0.000000 0.000000 0.000000 0.000000 0.000000 0.000000 0.000000 0.000000 0.000000 0.000000 0.000000 0.000000 0.000000 0.000000