geotop/1.0zi/1.0Montebello/Templates/testdem/maps/_Erotot6105.asc
ncols         21
nrows         20
xllcorner     100.000000
yllcorner     100.000000
cellsize      50.000000
NODATA_value  -9999.0
0.000000 0.000000 0.000000 0.000000 0.000000 0.000000 0.000000 0.000000 0.000000 0.000000 0.000000 0.000000 0.000000 0.000000 0.000000 0.000000 0.000000 0.000000 0.000000 0.000000 0.000000
0.000000 0.000000 469.141925 468.335239 468.143109 467.926244 467.883868 467.953967 467.897848 468.076007 467.978899 467.776773 467.715222 467.794929 467.939066 467.850153 468.053684 468.254441 468.683530 0.000000 0.000000
0.000000 0.000000 35.244847 35.919991 36.218890 37.396177 37.133754 36.917469 36.744844 36.523134 36.737199 37.097292 36.908104 36.651182 37.068176 36.842195 35.996693 35.161551 34.555247 0.000000 0.000000
0.000000 0.000000 192.327810 193.524824 185.943101 183.095886 184.470511 179.389731 178.986080 178.622665 177.890983 175.458935 177.899111 176.102907 179.427694 185.100784 185.004306 187.819026 191.978432 0.000000 0.000000
0.000000 0.000000 1890.215084 1894.556131 1898.113591 1879.198820 1863.649077 1852.759813 1855.352133 1852.348012 1855.864794 1860.028329 1856.815575 1855.183658 1866.006605 1866.721202 1874.629750 1882.556161 1884.446583 0.000000 0.000000
0.000000 0.000000 3371.655699 3366.066679 3363.585602 3358.378675 3349.898804 3342.228662 3340.465897 3340.639925 3339.088745 3336.860589 3333.979443 3336.215125 3337.158835 3353.195111 3358.865375 3362.574377 3364.656555 0.000000 0.000000
0.000000 0.000000 4504.483381 4501.806060 4498.488237 4494.190391 4481.163164 4463.951452 4464.004935 4460.407978 4462.393541 4465.182379 4467.289487 4468.467717 4488.604534 4498.247968 4502.810375 4504.195212 4509.693099 0.000000 0.000000
0.000000 0.000000 5166.676766 5167.988303 5166.583436 5160.027639 5159.278911 5151.962375 5152.510575 5152.882478 5151.566604 5149.116527 5148.853320 5152.495619 5152.930691 5155.795756 5164.329564 5162.729729 5166.058474 0.000000 0.000000
0.000000 0.000000 6094.057634 6091.300211 6086.713601 6087.434446 6080.569461 6069.814506 6070.276998 6067.615830 6065.067564 6066.212937 6067.332666 6062.332967 6075.910068 6084.409580 6086.769338 6087.786228 6089.545066 0.000000 0.000000
0.000000 0.000000 7167.797197 7165.332699 7167.011475 7166.106653 7151.086841 7143.542093 7144.964282 7144.038877 7141.900313 7145.003135 7148.283925 7146.448380 7150.041057 7160.956227 7165.139882 7165.506716 7166.483130 0.000000 0.000000
0.000000 0.000000 8326.934168 8327.055103 8326.699037 8312.112762 8309.320055 8298.320299 8301.897377 8292.733837 8295.098318 8294.072898 8289.213536 8296.798261 8301.631496 8303.310362 8310.246089 8316.361871 8323.979639 0.000000 0.000000
0.000000 0.000000 9541.827612 9537.133428 9531.665628 9529.651632 9525.418424 9510.196657 9509.163196 9508.284075 9514.924402 9507.727783 9509.786693 9509.408000 9525.483583 9529.233992 9530.992864 9531.677394 9551.543868 0.000000 0.000000
0.000000 0.000000 10773.519508 10771.523119 10772.164858 10764.401266 10760.081203 10732.160819 10730.746109 10730.364490 10715.627085 10724.718330 10728.696525 10731.019965 10748.347066 10752.540123 10767.120108 10766.664481 10773.784956 0.000000 0.000000
0.000000 0.000000 12127.073241 12128.389333 12120.935321 12119.580386 12090.574708 12099.098321 12088.504504 12089.979814 12091.041101 12090.461735 12089.063838 12085.580980 12075.533929 12107.038346 12112.700202 12123.736931 12131.151701 0.000000 0.000000
0.000000 0.000000 13592.836574 13587.707409 13584.025364 13558.066822 13558.045712 13541.847986 13528.658042 13526.990899 13521.857451 13515.409870 13518.660599 13516.946710 13532.580769 13536.409011 13579.877426 13570.851170 13571.228196 0.000000 0.000000
0.000000 0.000000 15101.932873 15101.161943 15062.431933 15062.485690 15067.605265 15059.969406 15077.891843 15070.093135 15076.307555 15071.613006 15065.989987 15075.245703 15079.021469 15078.597766 15056.590578 15111.246158 15104.492954 0.000000 0.000000
0.000000 0.000000 16822.765244 16775.187959 16773.385749 16762.835093 16736.062974 16728.648570 16719.605097 16722.940686 16708.038511 16708.453825 16714.113130 16713.515621 16726.304578 16738.533881 16772.306650 16764.595314 16817.956019 0.000000 0.000000
0.000000 0.000000 17996.010400 18012.113637 18061.693228 18054.676639 18040.306209 18000.009655 18001.259030 17986.439789 17999.327862 17997.137789 18002.855127 17998.715824 18033.962435 18046.202285 18070.428447 18019.789959 18004.014431 0.000000 0.000000
0.000000 0.000000 0.000000 0.000000 0.000000 0.000000 0.000000 0.000000 0.000000 0.000000 0.000000 0.000000 0.000000 0.000000 0.000000 0.000000 0.000000 0.000000 0.000000 0.000000 0.000000
0.000000 0.000000 0.000000 0.000000 0.000000 0.000000 0.000000 0.000000 0.000000 0.000000 0.000000 0.000000 0.000000 0.000000 0.000000 0.000000 0.000000 0.000000 0.000000 0.000000 0.000000