geotop/1.0zi/1.0Montebello/Templates/testdem/maps/_Erotot5127.asc
ncols         21
nrows         20
xllcorner     100.000000
yllcorner     100.000000
cellsize      50.000000
NODATA_value  -9999.0
0.000000 0.000000 0.000000 0.000000 0.000000 0.000000 0.000000 0.000000 0.000000 0.000000 0.000000 0.000000 0.000000 0.000000 0.000000 0.000000 0.000000 0.000000 0.000000 0.000000 0.000000
0.000000 0.000000 376.988671 376.080286 375.783150 375.581457 375.544674 375.629127 375.587224 375.748080 375.701461 375.574300 375.643016 375.683527 375.615543 375.670933 375.866015 375.840458 376.400238 0.000000 0.000000
0.000000 0.000000 28.736386 29.695239 30.098040 31.169071 30.720901 30.705374 30.523261 30.309789 30.390749 30.726043 30.407932 30.237518 30.784237 30.415155 29.577649 28.879052 28.222983 0.000000 0.000000
0.000000 0.000000 152.451577 153.848035 146.681006 144.674272 145.843934 141.153910 140.344521 140.434712 139.050967 137.956136 139.071524 137.568100 140.170030 144.947421 144.466804 147.907380 150.630574 0.000000 0.000000
0.000000 0.000000 1517.560413 1521.420083 1526.737499 1509.014196 1497.904807 1489.553131 1492.142672 1486.679893 1490.511453 1494.570789 1494.920367 1495.336151 1504.700861 1503.886222 1510.470305 1515.893931 1517.687199 0.000000 0.000000
0.000000 0.000000 2812.579203 2807.854095 2804.758876 2801.025966 2793.391407 2790.274239 2787.380992 2789.186829 2788.444376 2786.439192 2782.913328 2783.863443 2782.966538 2796.346992 2801.652502 2803.590274 2806.711954 0.000000 0.000000
0.000000 0.000000 3693.332933 3690.506560 3686.137055 3682.840441 3670.860539 3654.244152 3654.985375 3651.930480 3654.537230 3654.115600 3657.008729 3659.658518 3675.088368 3683.913912 3689.865302 3693.224585 3698.580863 0.000000 0.000000
0.000000 0.000000 4272.503256 4271.866208 4272.610959 4267.245877 4266.259669 4260.843082 4261.443305 4261.791079 4259.107238 4259.861903 4259.054770 4257.961893 4260.929512 4264.838052 4267.869561 4268.193597 4268.615914 0.000000 0.000000
0.000000 0.000000 5009.354720 5009.563225 5007.344400 5003.927805 4998.517237 4990.055702 4990.046995 4988.465712 4988.473587 4989.433560 4988.802749 4989.469579 4994.926858 5002.808668 5003.549081 5005.759057 5009.883314 0.000000 0.000000
0.000000 0.000000 5875.623439 5874.740434 5875.352188 5874.042621 5864.447938 5857.873697 5859.391051 5858.450114 5858.368117 5858.285453 5857.785048 5856.245234 5865.587715 5871.099544 5870.807835 5873.375942 5874.383545 0.000000 0.000000
0.000000 0.000000 6802.070186 6800.728719 6800.390929 6791.888467 6788.564602 6778.145184 6778.148678 6775.936723 6775.575296 6776.855497 6776.038806 6776.229126 6780.465180 6784.760925 6793.913065 6795.973485 6799.815630 0.000000 0.000000
0.000000 0.000000 7763.009003 7762.387298 7760.865114 7756.381325 7750.443253 7741.284376 7739.992108 7739.734217 7739.505892 7738.705532 7738.710347 7738.927689 7748.904455 7754.945855 7755.623891 7757.750526 7775.597804 0.000000 0.000000
0.000000 0.000000 8730.571055 8729.025652 8726.490989 8722.802444 8714.111697 8692.207935 8692.460821 8690.770743 8690.313291 8691.069998 8689.853750 8690.403473 8708.876865 8717.289225 8722.171277 8724.293506 8727.259986 0.000000 0.000000
0.000000 0.000000 9779.275227 9776.414441 9774.813381 9770.101162 9748.173060 9756.139220 9749.596047 9748.844943 9748.907214 9749.309030 9748.479929 9748.544906 9741.516401 9762.856910 9767.210932 9773.720157 9774.091310 0.000000 0.000000
0.000000 0.000000 10897.117551 10892.943906 10888.183140 10872.003123 10868.369787 10851.649118 10842.804864 10841.183302 10836.142376 10835.934273 10837.639833 10835.377000 10846.999278 10854.690805 10880.473491 10876.393015 10878.131864 0.000000 0.000000
0.000000 0.000000 12026.114687 12026.079450 12001.751823 12000.128940 11999.132985 11996.645777 11999.766716 12000.145038 12002.999072 12002.880276 11999.667819 12006.156372 12004.612152 12003.658215 11994.422355 12024.667762 12030.313358 0.000000 0.000000
0.000000 0.000000 13302.466883 13272.500775 13262.689083 13256.392867 13237.120209 13228.944863 13226.692542 13225.933292 13221.060775 13221.549833 13222.698661 13219.105523 13225.541906 13245.587092 13259.797647 13260.667159 13292.085933 0.000000 0.000000
0.000000 0.000000 14230.346177 14236.934793 14267.007170 14256.207891 14248.757479 14219.773991 14217.558921 14214.617850 14216.689403 14216.485984 14214.945669 14217.419884 14244.415927 14253.361139 14265.303940 14233.867580 14234.708308 0.000000 0.000000
0.000000 0.000000 0.000000 0.000000 0.000000 0.000000 0.000000 0.000000 0.000000 0.000000 0.000000 0.000000 0.000000 0.000000 0.000000 0.000000 0.000000 0.000000 0.000000 0.000000 0.000000
0.000000 0.000000 0.000000 0.000000 0.000000 0.000000 0.000000 0.000000 0.000000 0.000000 0.000000 0.000000 0.000000 0.000000 0.000000 0.000000 0.000000 0.000000 0.000000 0.000000 0.000000