geotop/1.0zi/1.0Montebello/Templates/testdem/maps/_Erotot8387.asc
ncols         21
nrows         20
xllcorner     100.000000
yllcorner     100.000000
cellsize      50.000000
NODATA_value  -9999.0
0.000000 0.000000 0.000000 0.000000 0.000000 0.000000 0.000000 0.000000 0.000000 0.000000 0.000000 0.000000 0.000000 0.000000 0.000000 0.000000 0.000000 0.000000 0.000000 0.000000 0.000000
0.000000 0.000000 680.908822 681.723699 681.163879 681.253043 680.245226 680.407064 680.385149 680.459439 680.887411 680.212462 680.095544 680.147542 680.511262 680.666693 681.505532 682.059208 682.272865 0.000000 0.000000
0.000000 0.000000 52.659850 51.657744 51.910725 51.988830 52.615291 52.294690 52.007902 51.865522 52.097277 52.457463 52.467749 52.625091 52.377788 51.866336 50.591336 49.732656 50.257151 0.000000 0.000000
0.000000 0.000000 354.847472 355.991475 343.632107 338.365664 338.923795 327.608761 327.691993 328.527928 324.889633 323.086973 325.261570 325.389955 335.660365 342.733625 347.337259 350.237638 355.466523 0.000000 0.000000
0.000000 0.000000 3390.648068 3393.054420 3396.925038 3373.903161 3354.318880 3342.411521 3340.244619 3335.915285 3342.760157 3348.134654 3343.589706 3342.265452 3357.396830 3361.760060 3374.055409 3384.676503 3384.524531 0.000000 0.000000
0.000000 0.000000 5435.226199 5429.448684 5424.960836 5418.811417 5402.501060 5392.687181 5394.635430 5392.918570 5389.570764 5383.917072 5382.932542 5386.064506 5386.381635 5406.996440 5413.399028 5418.976491 5421.890788 0.000000 0.000000
0.000000 0.000000 6754.988774 6750.441103 6747.894904 6740.258250 6726.025789 6701.030506 6700.291470 6697.676959 6697.785723 6702.416565 6703.293494 6703.924623 6732.929155 6742.656499 6748.366275 6751.614243 6756.795464 0.000000 0.000000
0.000000 0.000000 7973.900036 7974.317817 7970.921147 7960.045405 7957.949117 7948.886201 7948.992349 7946.811376 7946.991238 7942.855744 7941.600946 7948.486305 7950.268479 7955.355501 7968.920824 7966.883782 7972.557199 0.000000 0.000000
0.000000 0.000000 9568.425438 9563.594208 9557.550917 9557.132529 9544.071123 9527.680753 9529.468275 9525.880919 9523.086627 9522.683004 9525.169846 9519.154031 9539.018862 9553.526160 9555.432621 9559.784784 9561.634057 0.000000 0.000000
0.000000 0.000000 11395.093803 11391.308015 11391.416549 11387.568306 11366.110848 11355.612008 11354.411697 11354.278814 11350.273598 11354.471037 11357.059882 11356.764092 11363.802101 11379.879094 11387.707488 11390.485980 11391.082849 0.000000 0.000000
0.000000 0.000000 13406.231761 13406.483429 13404.613490 13380.679705 13375.936617 13356.581585 13364.536775 13348.535759 13354.542237 13351.128544 13343.884439 13354.102395 13365.788579 13368.241787 13382.741653 13389.564938 13401.667946 0.000000 0.000000
0.000000 0.000000 15600.380085 15590.886812 15582.241357 15580.813320 15567.324881 15547.833019 15541.479559 15544.449954 15550.520534 15538.792316 15544.562253 15543.323066 15567.059938 15578.436169 15580.587487 15586.291729 15609.855987 0.000000 0.000000
0.000000 0.000000 17900.083214 17894.462769 17897.754483 17879.499793 17873.732012 17817.525581 17814.991787 17814.916261 17789.961965 17805.617088 17807.739006 17814.028439 17853.858028 17860.581514 17887.911346 17886.497821 17895.170484 0.000000 0.000000
0.000000 0.000000 20565.016873 20569.161501 20553.565974 20548.757275 20480.489875 20505.589471 20488.655637 20489.334856 20498.528294 20489.888684 20488.936336 20480.589621 20454.682087 20531.368430 20536.135368 20560.493646 20571.079211 0.000000 0.000000
0.000000 0.000000 23569.973737 23560.835754 23549.337811 23472.539434 23494.394546 23454.632594 23432.141988 23429.379466 23413.412164 23402.510970 23409.574932 23409.561900 23452.574458 23433.238612 23546.084481 23521.881964 23518.229199 0.000000 0.000000
0.000000 0.000000 26677.983277 26674.839137 26564.090098 26606.260081 26604.483218 26597.130237 26649.234761 26631.658324 26657.610539 26648.400882 26629.460511 26658.042214 26655.677718 26659.344740 26553.172090 26722.643601 26713.877337 0.000000 0.000000
0.000000 0.000000 30334.570008 30174.289134 30229.896531 30171.141858 30088.254401 30068.369971 30016.951762 30031.851085 29978.409520 29984.427488 30013.277632 29986.027577 30027.252748 30081.686543 30226.781440 30113.389988 30285.323310 0.000000 0.000000
0.000000 0.000000 31454.111227 31621.547570 31758.953497 31765.196341 31778.493431 31656.606074 31680.936698 31639.444105 31706.601680 31694.351291 31686.501996 31703.023325 31801.299687 31793.677842 31785.405848 31680.206760 31515.026635 0.000000 0.000000
0.000000 0.000000 0.000000 0.000000 0.000000 0.000000 0.000000 0.000000 0.000000 0.000000 0.000000 0.000000 0.000000 0.000000 0.000000 0.000000 0.000000 0.000000 0.000000 0.000000 0.000000
0.000000 0.000000 0.000000 0.000000 0.000000 0.000000 0.000000 0.000000 0.000000 0.000000 0.000000 0.000000 0.000000 0.000000 0.000000 0.000000 0.000000 0.000000 0.000000 0.000000 0.000000