geotop/1.0zi/1.0Montebello/Templates/testdem/maps/_Erotot6710.asc
ncols         21
nrows         20
xllcorner     100.000000
yllcorner     100.000000
cellsize      50.000000
NODATA_value  -9999.0
0.000000 0.000000 0.000000 0.000000 0.000000 0.000000 0.000000 0.000000 0.000000 0.000000 0.000000 0.000000 0.000000 0.000000 0.000000 0.000000 0.000000 0.000000 0.000000 0.000000 0.000000
0.000000 0.000000 535.281582 536.086254 535.752264 536.005541 535.406216 535.409613 535.369097 535.532397 535.940111 535.281004 535.171767 535.264788 535.525853 535.475325 536.195627 536.448183 536.497684 0.000000 0.000000
0.000000 0.000000 41.592644 40.454256 40.542253 40.687726 40.931128 40.767168 40.581598 40.366942 40.609684 40.879987 40.773291 40.998222 40.793986 40.585281 39.307375 38.521317 39.199965 0.000000 0.000000
0.000000 0.000000 224.248029 226.568991 215.852918 213.325180 213.383908 208.002473 207.434071 207.179980 205.914791 204.798977 207.163710 205.457625 211.273036 217.143378 218.599443 219.794484 224.970414 0.000000 0.000000
0.000000 0.000000 2235.443551 2238.750583 2243.494095 2222.834735 2208.328779 2195.507619 2198.321641 2195.178939 2199.822073 2205.641934 2200.909021 2200.035416 2212.140528 2214.024026 2221.719877 2229.396980 2230.941309 0.000000 0.000000
0.000000 0.000000 3941.395619 3935.800417 3932.276582 3925.683298 3913.154716 3905.642468 3904.349158 3904.004499 3900.884739 3895.188859 3894.049117 3896.969322 3896.495926 3914.335518 3922.814376 3929.261199 3931.272454 0.000000 0.000000
0.000000 0.000000 5102.308111 5099.581002 5095.839961 5090.658360 5077.554599 5060.028498 5059.376747 5055.476104 5057.451674 5061.064482 5062.678299 5063.077591 5086.024301 5095.480809 5099.681565 5101.484190 5106.925818 0.000000 0.000000
0.000000 0.000000 5895.917774 5897.057039 5894.889060 5886.838667 5885.937632 5878.023319 5878.611151 5878.867829 5877.692127 5874.557461 5873.923959 5878.996148 5879.289098 5882.616441 5893.130868 5891.158554 5895.775688 0.000000 0.000000
0.000000 0.000000 6989.439172 6986.001931 6980.676518 6981.256145 6972.701890 6960.669280 6961.518986 6957.978162 6955.690107 6956.019742 6958.033053 6952.385211 6967.588139 6979.944840 6980.505208 6982.820863 6984.397836 0.000000 0.000000
0.000000 0.000000 8249.210571 8246.592510 8247.826298 8245.357982 8228.450546 8221.046914 8221.500689 8220.933485 8218.258889 8221.306273 8224.492873 8223.129976 8227.401003 8239.224511 8245.308756 8246.161175 8247.370763 0.000000 0.000000
0.000000 0.000000 9613.954100 9613.508549 9612.103991 9595.511658 9592.466266 9579.693647 9584.276978 9573.335615 9576.466828 9575.464029 9569.578739 9577.840980 9583.755323 9585.769489 9595.703164 9601.389306 9610.857581 0.000000 0.000000
0.000000 0.000000 11057.460725 11051.619952 11045.840853 11043.113281 11036.429664 11020.517049 11018.469240 11018.243540 11024.994392 11016.197421 11019.065557 11018.857996 11036.285237 11042.018179 11043.944897 11046.312463 11067.178367 0.000000 0.000000
0.000000 0.000000 12534.823368 12531.747976 12532.101609 12522.497724 12517.597925 12484.072794 12482.507207 12481.991234 12465.163906 12474.674262 12479.112916 12482.016908 12503.882609 12509.401068 12526.962016 12526.094095 12534.048855 0.000000 0.000000
0.000000 0.000000 14177.227021 14179.479917 14170.065091 14166.880510 14130.459641 14141.168445 14129.361262 14130.559666 14133.516688 14131.579750 14130.075768 14126.257805 14112.172762 14153.477424 14159.175663 14173.418378 14181.738055 0.000000 0.000000
0.000000 0.000000 15974.737526 15968.637280 15963.438894 15927.447785 15929.328857 15911.300050 15895.706234 15894.170150 15886.761539 15879.199470 15882.814311 15880.926623 15901.778668 15902.890174 15959.233305 15947.892473 15947.460361 0.000000 0.000000
0.000000 0.000000 17844.121772 17842.702047 17790.408947 17794.732198 17799.814499 17790.615222 17814.709177 17804.089047 17813.832906 17807.133830 17800.363950 17813.388196 17815.918540 17816.114785 17783.901594 17857.275242 17850.848099 0.000000 0.000000
0.000000 0.000000 20019.215092 19950.425840 19953.384268 19935.757205 19897.657540 19889.800779 19875.157324 19880.187608 19859.115103 19860.160035 19869.075472 19864.845597 19881.343821 19902.320121 19951.516843 19932.956932 20008.145151 0.000000 0.000000
0.000000 0.000000 21353.196849 21389.949183 21461.208498 21452.911037 21440.075621 21382.040490 21384.827408 21365.580883 21386.249067 21382.004363 21386.966881 21385.113906 21435.272564 21447.216024 21473.094930 21404.004045 21368.944075 0.000000 0.000000
0.000000 0.000000 0.000000 0.000000 0.000000 0.000000 0.000000 0.000000 0.000000 0.000000 0.000000 0.000000 0.000000 0.000000 0.000000 0.000000 0.000000 0.000000 0.000000 0.000000 0.000000
0.000000 0.000000 0.000000 0.000000 0.000000 0.000000 0.000000 0.000000 0.000000 0.000000 0.000000 0.000000 0.000000 0.000000 0.000000 0.000000 0.000000 0.000000 0.000000 0.000000 0.000000