geotop/1.0zi/1.0Montebello/Templates/testdem/maps/_Erotot6777.asc
ncols         21
nrows         20
xllcorner     100.000000
yllcorner     100.000000
cellsize      50.000000
NODATA_value  -9999.0
0.000000 0.000000 0.000000 0.000000 0.000000 0.000000 0.000000 0.000000 0.000000 0.000000 0.000000 0.000000 0.000000 0.000000 0.000000 0.000000 0.000000 0.000000 0.000000 0.000000 0.000000
0.000000 0.000000 540.342969 541.144345 540.806850 541.056679 540.453903 540.453972 540.413469 540.576751 540.984442 540.325332 540.216070 540.309086 540.573612 540.526506 541.250231 541.506266 541.559051 0.000000 0.000000
0.000000 0.000000 42.075087 40.935155 41.022726 41.167316 41.409884 41.240945 41.055428 40.840792 41.083513 41.353744 41.247104 41.472087 41.272706 41.064806 39.787748 39.002268 39.682437 0.000000 0.000000
0.000000 0.000000 225.884837 228.043952 217.035350 214.332288 214.185000 208.797637 208.142511 207.955089 207.066277 206.232366 208.341437 207.029073 213.536100 219.499361 220.403745 221.500145 226.741364 0.000000 0.000000
0.000000 0.000000 2251.479879 2254.536896 2258.278109 2238.673313 2224.022309 2211.034286 2214.231895 2210.105979 2215.480700 2220.885567 2216.220680 2214.683041 2226.597432 2229.100917 2237.358081 2244.844486 2246.589766 0.000000 0.000000
0.000000 0.000000 3968.251705 3962.719713 3959.643813 3952.659901 3940.162636 3932.657709 3931.154874 3931.151229 3927.718936 3922.220879 3921.091778 3924.207207 3923.808750 3941.294391 3949.718356 3956.182009 3958.078721 0.000000 0.000000
0.000000 0.000000 5128.583885 5125.774411 5121.928427 5116.744485 5103.608418 5085.753897 5085.341673 5081.426556 5083.224159 5087.142315 5088.694308 5089.194149 5112.401807 5121.910125 5126.013946 5127.790625 5133.255039 0.000000 0.000000
0.000000 0.000000 5928.352595 5929.344353 5927.025902 5918.971387 5918.005931 5910.079861 5910.620448 5910.811240 5909.793821 5906.724162 5906.024487 5911.167698 5911.687463 5915.121736 5925.567976 5923.520629 5928.171824 0.000000 0.000000
0.000000 0.000000 7028.087549 7024.583359 7019.108220 7019.749845 7011.132928 6998.933183 6999.827571 6996.218276 6994.012755 6994.507002 6996.456738 6990.888554 7006.363357 7018.580149 7019.040054 7021.275977 7022.888435 0.000000 0.000000
0.000000 0.000000 8295.434099 8292.698410 8293.776130 8291.331245 8274.336121 8266.635542 8267.135428 8266.537209 8264.017530 8267.281756 8270.396567 8269.127710 8273.700403 8285.543915 8291.523422 8292.284974 8293.534807 0.000000 0.000000
0.000000 0.000000 9668.759304 9668.194619 9666.617332 9650.024114 9646.909511 9633.907355 9638.568771 9627.561953 9630.796402 9629.982861 9624.002847 9632.392498 9638.637859 9640.662249 9650.469712 9656.077343 9665.598839 0.000000 0.000000
0.000000 0.000000 11122.001539 11116.018182 11110.051396 11107.337606 11100.563198 11084.399191 11082.409615 11082.147027 11089.018019 11080.401420 11083.188838 11083.108430 11100.936339 11106.684489 11108.454643 11110.727835 11131.683989 0.000000 0.000000
0.000000 0.000000 12609.966261 12606.743065 12606.923581 12597.312373 12592.311333 12558.331514 12556.826278 12556.264954 12539.494142 12549.257553 12553.609232 12556.674343 12579.114895 12584.637634 12602.088529 12601.113876 12609.111411 0.000000 0.000000
0.000000 0.000000 14265.087193 14267.198711 14257.559756 14254.384255 14217.554199 14228.258365 14216.421064 14217.592631 14220.747662 14218.969721 14217.345412 14213.673691 14199.838584 14241.494497 14247.004825 14261.208911 14269.603485 0.000000 0.000000
0.000000 0.000000 16077.070037 16070.792505 16065.350819 16028.930351 16030.896798 16012.512054 15996.901607 15995.312698 15988.013894 15980.639436 15984.181933 15982.462504 16003.900380 16004.852313 16061.594686 16050.032765 16049.633498 0.000000 0.000000
0.000000 0.000000 17962.690180 17961.085230 17907.928441 17912.550127 17917.592138 17908.221404 17932.591924 17921.882725 17931.940863 17925.445397 17918.445838 17931.820645 17934.755554 17934.885556 17901.860065 17975.999029 17969.600298 0.000000 0.000000
0.000000 0.000000 20158.236587 20088.196281 20091.287265 20073.394715 20034.772206 20026.581948 20011.721561 20016.795579 19995.644258 19996.994096 20005.936576 20001.757542 20018.973809 20040.255830 20089.913848 20070.549381 20146.893643 0.000000 0.000000
0.000000 0.000000 21497.681973 21535.365929 21607.453762 21599.319891 21586.668815 21527.398876 21530.344836 21510.853732 21532.124381 21528.072140 21532.835864 21531.339704 21582.886895 21594.606669 21620.103562 21549.938708 21513.836382 0.000000 0.000000
0.000000 0.000000 0.000000 0.000000 0.000000 0.000000 0.000000 0.000000 0.000000 0.000000 0.000000 0.000000 0.000000 0.000000 0.000000 0.000000 0.000000 0.000000 0.000000 0.000000 0.000000
0.000000 0.000000 0.000000 0.000000 0.000000 0.000000 0.000000 0.000000 0.000000 0.000000 0.000000 0.000000 0.000000 0.000000 0.000000 0.000000 0.000000 0.000000 0.000000 0.000000 0.000000