geotop/1.0zi/1.0Montebello/Templates/testdem/maps/_Erotot8725.asc
ncols         21
nrows         20
xllcorner     100.000000
yllcorner     100.000000
cellsize      50.000000
NODATA_value  -9999.0
0.000000 0.000000 0.000000 0.000000 0.000000 0.000000 0.000000 0.000000 0.000000 0.000000 0.000000 0.000000 0.000000 0.000000 0.000000 0.000000 0.000000 0.000000 0.000000 0.000000 0.000000
0.000000 0.000000 699.991138 700.806617 700.238258 700.328951 699.304387 699.453369 699.440024 699.515887 699.890996 699.267551 699.149283 699.196613 699.577393 699.737153 700.579804 701.137221 701.358079 0.000000 0.000000
0.000000 0.000000 54.625605 53.565390 53.870629 53.841488 54.483286 54.138377 53.825592 53.652378 53.861158 54.176941 54.240915 54.354549 54.197368 53.686177 52.419958 51.601902 52.131048 0.000000 0.000000
0.000000 0.000000 422.197238 422.908973 409.008310 401.079969 399.777786 393.671823 393.666398 395.609742 392.162306 390.438412 393.827415 392.286756 403.132941 411.244330 416.318922 416.924440 424.027109 0.000000 0.000000
0.000000 0.000000 3735.106489 3732.023743 3733.252248 3706.650899 3683.846174 3671.772971 3671.097277 3664.906035 3673.976085 3681.033487 3679.816227 3675.553299 3691.724266 3694.176192 3708.199880 3717.678610 3718.191464 0.000000 0.000000
0.000000 0.000000 5812.274678 5808.375672 5803.220047 5798.156241 5782.279632 5771.703302 5773.296207 5772.003197 5768.183803 5762.237543 5760.644126 5764.641154 5764.263307 5786.320915 5792.585657 5798.815116 5801.473614 0.000000 0.000000
0.000000 0.000000 7194.717081 7189.879808 7187.129271 7178.903704 7164.249214 7138.963002 7138.192316 7135.790165 7135.873126 7140.411574 7141.164920 7141.991392 7171.818021 7182.026954 7187.986233 7191.323375 7196.631290 0.000000 0.000000
0.000000 0.000000 8526.104072 8525.962502 8522.058548 8510.046902 8507.056478 8498.253826 8498.468968 8496.334185 8496.735867 8492.599289 8491.480339 8498.419683 8500.809455 8506.369113 8520.421257 8518.263240 8524.225946 0.000000 0.000000
0.000000 0.000000 10256.401724 10250.635825 10243.709672 10242.073453 10227.725843 10211.641873 10213.660779 10210.023550 10207.488211 10207.225951 10210.136048 10203.786604 10224.504682 10239.655134 10241.992334 10246.181198 10248.356605 0.000000 0.000000
0.000000 0.000000 12241.624287 12236.759576 12236.037118 12230.662900 12207.455499 12197.377197 12196.350412 12196.292774 12192.510019 12197.038209 12200.190231 12199.550827 12207.354712 12224.216743 12232.660041 12235.158494 12236.092839 0.000000 0.000000
0.000000 0.000000 14439.492099 14438.681460 14435.794647 14409.393100 14403.397123 14384.091366 14392.689536 14375.998947 14382.677087 14379.306826 14372.218907 14382.600587 14395.278479 14398.019014 14413.397671 14420.138069 14433.112430 0.000000 0.000000
0.000000 0.000000 16854.676935 16843.302613 16833.147629 16830.275902 16814.570733 16795.152702 16788.517200 16792.148534 16798.871957 16786.730557 16793.657079 16791.579768 16817.437713 16829.877866 16832.318096 16837.635832 16862.945110 0.000000 0.000000
0.000000 0.000000 19401.997509 19394.683662 19397.446913 19375.994719 19368.577032 19307.083016 19304.969034 19304.783695 19277.750627 19295.663964 19298.408398 19304.860060 19349.909493 19357.354041 19387.249585 19385.077164 19393.601489 0.000000 0.000000
0.000000 0.000000 22383.169582 22386.130860 22367.648135 22360.939465 22280.392263 22314.013309 22295.495023 22296.544774 22308.887572 22298.703628 22298.015084 22287.736541 22256.788926 22345.124681 22349.282505 22375.823180 22387.902497 0.000000 0.000000
0.000000 0.000000 25743.635373 25731.656768 25718.096939 25624.377687 25655.365907 25607.927023 25584.740805 25581.265384 25562.393522 25551.216712 25560.842137 25560.709914 25613.383783 25583.492529 25716.047331 25685.193816 25680.507143 0.000000 0.000000
0.000000 0.000000 29136.372542 29131.314509 29001.687852 29059.488032 29051.413002 29050.157388 29112.729101 29093.695734 29126.259465 29117.885936 29095.192348 29127.881976 29120.414547 29127.524996 28990.571542 29190.429839 29181.742126 0.000000 0.000000
0.000000 0.000000 32947.988107 32774.069950 32846.018199 32774.325299 32684.554635 32664.053017 32603.545960 32620.985850 32560.664226 32568.981559 32603.164644 32569.472927 32615.651259 32674.513424 32843.903849 32700.616105 32886.598185 0.000000 0.000000
0.000000 0.000000 33874.182552 34049.034921 34182.263447 34189.571761 34205.412843 34085.113450 34112.913342 34071.038238 34141.688273 34129.453948 34120.326628 34138.213007 34235.217839 34224.829837 34208.853665 34110.007984 33935.876471 0.000000 0.000000
0.000000 0.000000 0.000000 0.000000 0.000000 0.000000 0.000000 0.000000 0.000000 0.000000 0.000000 0.000000 0.000000 0.000000 0.000000 0.000000 0.000000 0.000000 0.000000 0.000000 0.000000
0.000000 0.000000 0.000000 0.000000 0.000000 0.000000 0.000000 0.000000 0.000000 0.000000 0.000000 0.000000 0.000000 0.000000 0.000000 0.000000 0.000000 0.000000 0.000000 0.000000 0.000000