geotop/1.0zi/1.0Montebello/Templates/testdem/maps/_Erotot3902.asc
ncols         21
nrows         20
xllcorner     100.000000
yllcorner     100.000000
cellsize      50.000000
NODATA_value  -9999.0
0.000000 0.000000 0.000000 0.000000 0.000000 0.000000 0.000000 0.000000 0.000000 0.000000 0.000000 0.000000 0.000000 0.000000 0.000000 0.000000 0.000000 0.000000 0.000000 0.000000 0.000000
0.000000 0.000000 291.938920 291.504568 291.321064 291.177997 291.211719 291.274630 291.308978 291.307715 291.293190 291.299052 291.298631 291.341265 291.205960 291.219800 291.390814 291.292888 291.381105 0.000000 0.000000
0.000000 0.000000 23.434706 23.988032 24.266392 25.006848 24.652610 24.659085 24.243532 24.169324 24.233117 24.591814 24.341093 24.166051 24.598682 24.365741 23.524119 22.972006 22.844901 0.000000 0.000000
0.000000 0.000000 137.246774 138.307402 131.541843 129.039747 130.081227 124.992196 124.162415 123.782321 122.974802 122.550301 123.687970 122.225830 124.699116 129.754762 130.593104 132.763581 135.653105 0.000000 0.000000
0.000000 0.000000 1255.696777 1261.824341 1267.867396 1259.648926 1250.277848 1244.317296 1247.618558 1241.577215 1246.991755 1249.080337 1249.340935 1250.213374 1258.700938 1256.141055 1255.594097 1256.799224 1255.815169 0.000000 0.000000
0.000000 0.000000 2340.294926 2335.289518 2329.765121 2327.439864 2320.875644 2315.933787 2313.440140 2315.331319 2313.848948 2312.701359 2310.738021 2312.971931 2313.703313 2325.756991 2331.131297 2330.499039 2333.575931 0.000000 0.000000
0.000000 0.000000 2855.352317 2850.670828 2845.806165 2837.205429 2825.759394 2812.034809 2813.248858 2810.101927 2813.139477 2812.395246 2815.384002 2820.201422 2835.615836 2841.948700 2848.597815 2852.139067 2855.217421 0.000000 0.000000
0.000000 0.000000 3277.354899 3278.189835 3277.852532 3272.456389 3270.394233 3266.529302 3267.057082 3267.505714 3265.191285 3265.362909 3265.174561 3265.109009 3269.203563 3273.283414 3274.109433 3273.109884 3273.889403 0.000000 0.000000
0.000000 0.000000 3837.883579 3837.736545 3833.948557 3831.792549 3826.020552 3816.475757 3816.536115 3814.590988 3815.433938 3816.046855 3816.071410 3818.409660 3825.006675 3832.490882 3831.818433 3832.532538 3835.857110 0.000000 0.000000
0.000000 0.000000 4470.613095 4469.541995 4468.443291 4463.810878 4454.099237 4449.035735 4450.310515 4449.440180 4449.538054 4449.531872 4449.957019 4450.165330 4458.546039 4464.647618 4466.272659 4466.551529 4467.561331 0.000000 0.000000
0.000000 0.000000 5136.126147 5134.927628 5132.219128 5129.103201 5125.572076 5115.221058 5115.344911 5112.813736 5113.220702 5113.954577 5114.227773 5115.739208 5121.615867 5124.024448 5127.674896 5129.075116 5131.701711 0.000000 0.000000
0.000000 0.000000 5825.576831 5824.772613 5821.768386 5814.252999 5808.014504 5800.003097 5798.892201 5798.346929 5798.583047 5797.801346 5798.841412 5800.697458 5810.775525 5816.331881 5818.825646 5819.255934 5835.328641 0.000000 0.000000
0.000000 0.000000 6512.438777 6511.074816 6507.837863 6504.007159 6495.694233 6478.731759 6478.759049 6477.063554 6477.094272 6477.602528 6477.542208 6479.930008 6494.762855 6502.375076 6504.527763 6505.415881 6507.345159 0.000000 0.000000
0.000000 0.000000 7243.414823 7241.219427 7237.786339 7233.104790 7215.764585 7222.192917 7216.870880 7215.772370 7216.345507 7216.452707 7216.786309 7218.390345 7214.577521 7229.999846 7232.850449 7237.138240 7236.720555 0.000000 0.000000
0.000000 0.000000 8018.786150 8014.237882 8009.192696 7998.975603 7994.533013 7979.334175 7971.849372 7970.246501 7966.478429 7965.865332 7968.151324 7967.771989 7979.105784 7986.876367 8003.642553 7999.155758 8000.057309 0.000000 0.000000
0.000000 0.000000 8783.833083 8783.985261 8766.358085 8767.621100 8765.673570 8764.002396 8765.892578 8765.684787 8768.243176 8768.174349 8766.938517 8773.159885 8772.587010 8771.707243 8761.488983 8779.496592 8783.166742 0.000000 0.000000
0.000000 0.000000 9648.789278 9631.527207 9623.055415 9615.155937 9600.735508 9594.650498 9592.921461 9592.210695 9589.172810 9589.391372 9590.799425 9590.812448 9596.182771 9610.560401 9621.367016 9621.503477 9639.577716 0.000000 0.000000
0.000000 0.000000 10299.625258 10301.593627 10317.028919 10307.306268 10300.037213 10282.155620 10280.634069 10278.105362 10279.369156 10279.126267 10279.422644 10282.167075 10299.751875 10307.710380 10317.051836 10295.963170 10298.515269 0.000000 0.000000
0.000000 0.000000 0.000000 0.000000 0.000000 0.000000 0.000000 0.000000 0.000000 0.000000 0.000000 0.000000 0.000000 0.000000 0.000000 0.000000 0.000000 0.000000 0.000000 0.000000 0.000000
0.000000 0.000000 0.000000 0.000000 0.000000 0.000000 0.000000 0.000000 0.000000 0.000000 0.000000 0.000000 0.000000 0.000000 0.000000 0.000000 0.000000 0.000000 0.000000 0.000000 0.000000