geotop/1.0zi/1.0Montebello/Templates/testdem/maps/_Erotot7070.asc
ncols         21
nrows         20
xllcorner     100.000000
yllcorner     100.000000
cellsize      50.000000
NODATA_value  -9999.0
0.000000 0.000000 0.000000 0.000000 0.000000 0.000000 0.000000 0.000000 0.000000 0.000000 0.000000 0.000000 0.000000 0.000000 0.000000 0.000000 0.000000 0.000000 0.000000 0.000000 0.000000
0.000000 0.000000 567.137234 567.940137 567.593321 567.816387 567.203418 567.240201 567.186454 567.289782 567.715710 567.042459 566.932089 567.013437 567.303867 567.263241 568.023547 568.293686 568.363649 0.000000 0.000000
0.000000 0.000000 44.489792 43.271446 43.251969 43.403781 43.639155 43.491373 43.233423 43.076857 43.315721 43.604378 43.610060 43.732578 43.509909 43.310817 42.024002 41.299317 42.041956 0.000000 0.000000
0.000000 0.000000 252.287976 253.908477 241.978225 239.240163 237.700469 230.816927 231.427840 230.023217 228.806884 226.577201 228.867076 228.834715 237.071300 243.160809 244.554308 246.454745 252.125682 0.000000 0.000000
0.000000 0.000000 2515.515848 2518.869504 2522.227038 2501.050663 2486.329078 2473.308452 2475.340002 2472.329909 2477.858058 2484.117593 2478.743125 2477.017409 2488.616837 2491.400687 2500.023267 2507.576209 2509.546444 0.000000 0.000000
0.000000 0.000000 4273.634878 4267.939359 4264.583769 4258.357044 4244.134343 4236.028646 4235.354737 4234.452848 4231.048291 4225.212689 4224.358132 4227.701080 4227.654073 4245.795743 4254.090800 4260.871777 4262.793308 0.000000 0.000000
0.000000 0.000000 5478.179478 5475.309000 5471.055675 5465.266423 5451.925454 5433.067395 5432.545007 5428.716804 5430.281341 5434.092839 5435.487042 5436.028732 5460.383304 5469.937622 5474.396746 5476.559447 5482.166259 0.000000 0.000000
0.000000 0.000000 6364.941336 6365.511857 6362.822569 6354.276805 6352.895838 6344.430316 6345.054831 6344.941028 6344.108342 6340.344271 6339.578430 6345.460773 6346.302556 6350.042388 6361.025396 6359.065964 6364.182925 0.000000 0.000000
0.000000 0.000000 7563.514648 7559.543881 7553.770329 7554.322732 7544.594037 7531.120301 7532.579494 7528.358620 7526.352177 7526.277731 7528.427591 7522.836721 7539.393177 7552.007450 7552.707777 7555.515765 7557.240566 0.000000 0.000000
0.000000 0.000000 8940.132025 8937.140570 8937.667843 8934.760829 8916.315716 8908.194794 8908.417747 8907.989641 8905.007942 8908.276368 8911.178090 8910.385966 8915.494916 8928.192863 8934.392306 8935.590428 8936.998626 0.000000 0.000000
0.000000 0.000000 10433.849750 10433.324573 10430.881931 10413.235676 10409.736813 10394.966370 10400.516191 10388.380334 10392.127410 10390.658976 10384.219326 10393.375520 10400.666777 10402.748943 10413.304826 10419.216703 10429.465876 0.000000 0.000000
0.000000 0.000000 12023.437347 12016.611416 12009.724590 12007.240287 11998.672352 11981.634077 11979.246628 11979.226002 11986.193397 11976.380236 11979.688069 11979.763304 11998.755713 12005.517791 12007.184840 12010.243475 12031.881823 0.000000 0.000000
0.000000 0.000000 13659.772625 13655.889093 13656.089055 13645.013576 13639.527350 13601.229987 13599.912472 13599.091630 13581.034862 13591.418895 13595.346470 13599.210858 13624.803287 13630.562261 13649.535086 13648.587687 13657.052379 0.000000 0.000000
0.000000 0.000000 15493.301080 15495.562263 15484.340603 15481.065186 15438.391609 15450.793008 15438.508947 15439.335410 15443.371265 15440.323827 15438.620309 15434.910387 15419.566704 15466.511628 15472.119226 15488.058158 15497.042030 0.000000 0.000000
0.000000 0.000000 17517.153396 17510.252375 17503.520696 17460.732194 17464.754291 17442.834817 17426.506325 17424.235050 17415.996965 17407.418022 17411.464787 17410.130639 17435.124909 17433.682387 17498.723727 17485.805984 17485.303795 0.000000 0.000000
0.000000 0.000000 19626.351579 19624.172856 19561.163148 19571.123560 19575.047237 19563.645958 19592.577670 19580.501694 19592.723002 19585.215706 19576.340884 19592.623542 19596.805518 19596.910491 19553.607615 19642.021137 19635.509938 0.000000 0.000000
0.000000 0.000000 22111.842754 22025.732525 22034.121033 22010.362831 21963.051201 21953.448670 21934.383368 21940.322332 21914.468193 21915.924677 21927.565264 21920.779903 21941.060328 21968.182899 22031.362144 22000.728068 22093.858871 0.000000 0.000000
0.000000 0.000000 23495.101973 23553.403083 23639.475249 23632.850860 23621.632598 23548.568309 23554.334182 23530.591049 23559.131129 23553.242548 23556.570329 23557.844349 23620.540100 23629.954425 23654.039706 23572.981398 23516.748487 0.000000 0.000000
0.000000 0.000000 0.000000 0.000000 0.000000 0.000000 0.000000 0.000000 0.000000 0.000000 0.000000 0.000000 0.000000 0.000000 0.000000 0.000000 0.000000 0.000000 0.000000 0.000000 0.000000
0.000000 0.000000 0.000000 0.000000 0.000000 0.000000 0.000000 0.000000 0.000000 0.000000 0.000000 0.000000 0.000000 0.000000 0.000000 0.000000 0.000000 0.000000 0.000000 0.000000 0.000000