geotop/1.0zi/1.0Montebello/Templates/testdem/maps/_Erotot188#.asc
ncols         21
nrows         20
xllcorner     100.000000
yllcorner     100.000000
cellsize      50.000000
NODATA_value  -9999.0
0.000000 0.000000 0.000000 0.000000 0.000000 0.000000 0.000000 0.000000 0.000000 0.000000 0.000000 0.000000 0.000000 0.000000 0.000000 0.000000 0.000000 0.000000 0.000000 0.000000 0.000000
0.000000 0.000000 988.931610 988.422189 987.112467 985.187035 983.799372 982.923885 983.451323 984.151092 984.022462 983.200525 983.149367 983.245275 984.888375 985.406646 988.226910 988.940157 989.530875 0.000000 0.000000
0.000000 0.000000 69.102109 70.228213 68.820656 71.674541 71.066569 70.453883 70.696554 69.530450 70.533484 72.699608 70.481874 70.569620 70.057595 69.596896 67.320588 66.535095 69.573568 0.000000 0.000000
0.000000 0.000000 950.281192 952.491612 929.265902 916.735030 920.369370 909.214851 908.423011 909.812598 903.193910 904.596502 909.534644 913.002908 916.581573 928.688392 937.171869 938.825840 941.635659 0.000000 0.000000
0.000000 0.000000 6372.977298 6356.599934 6360.037978 6314.346747 6279.143729 6261.876352 6256.110938 6249.211685 6256.121228 6262.804405 6264.686635 6253.233308 6276.698235 6286.640603 6305.196750 6318.244503 6320.261474 0.000000 0.000000
0.000000 0.000000 8794.461653 8791.499295 8779.767446 8781.143471 8755.017013 8736.682530 8739.044723 8737.097239 8729.260232 8723.011513 8720.677205 8723.879250 8727.152138 8759.649556 8758.737473 8769.512203 8769.223703 0.000000 0.000000
0.000000 0.000000 10796.579676 10788.984961 10781.483938 10764.617264 10754.174926 10705.635622 10701.379198 10696.080871 10700.230951 10701.918970 10700.992122 10702.082067 10743.534964 10749.405282 10762.052121 10768.332543 10772.221409 0.000000 0.000000
0.000000 0.000000 13233.151801 13226.527859 13216.277647 13188.656771 13175.831056 13168.245037 13164.383345 13161.568095 13157.462638 13156.261046 13154.401203 13161.395476 13158.548169 13174.251939 13194.206081 13192.280144 13198.500601 0.000000 0.000000
0.000000 0.000000 16321.012902 16310.192217 16294.941954 16285.159079 16262.806437 16228.273684 16227.776811 16218.656361 16218.836807 16213.884932 16217.011189 16208.691696 16241.825485 16263.787422 16269.335008 16279.198247 16280.953403 0.000000 0.000000
0.000000 0.000000 20059.585656 20041.467962 20025.785534 20013.801622 19989.862262 19960.780825 19952.337791 19949.850748 19943.341225 19948.073676 19955.477900 19952.442651 19963.730819 19993.592462 20006.738742 20014.448536 20012.130660 0.000000 0.000000
0.000000 0.000000 24425.842014 24411.469698 24407.149870 24346.870217 24346.092151 24299.180324 24313.510740 24281.797255 24294.730237 24286.856395 24268.899600 24285.273966 24308.604207 24316.267494 24340.194957 24348.122008 24372.339254 0.000000 0.000000
0.000000 0.000000 29462.217949 29432.188033 29393.548683 29389.462781 29369.145392 29313.955946 29298.183720 29305.208335 29313.473210 29294.386613 29304.098361 29293.370583 29338.487477 29366.463369 29368.937643 29380.913694 29414.953157 0.000000 0.000000
0.000000 0.000000 34297.315914 34275.917295 34279.942411 34242.641538 34212.778831 34093.527440 34078.856928 34070.198938 34012.676928 34055.013735 34055.965013 34066.172045 34153.536973 34167.767222 34222.829482 34230.994138 34213.100659 0.000000 0.000000
0.000000 0.000000 38434.664654 38440.023622 38404.450734 38392.577969 38285.260233 38380.840815 38350.860775 38347.978863 38378.510077 38348.444823 38344.634131 38325.884208 38242.986472 38371.213814 38361.965628 38392.042513 38405.805741 0.000000 0.000000
0.000000 0.000000 40842.422979 40832.631326 40820.809802 40765.473854 40806.107114 40767.516871 40757.582907 40758.720959 40744.304164 40741.202227 40748.288062 40749.155777 40778.176558 40731.701155 40814.836948 40791.635547 40784.300857 0.000000 0.000000
0.000000 0.000000 42395.119243 42391.952852 42344.128577 42374.854707 42368.198160 42370.757261 42394.140369 42382.867269 42396.876301 42389.923835 42381.095354 42391.715554 42383.758495 42397.664452 42331.193053 42401.582617 42397.195876 0.000000 0.000000
0.000000 0.000000 43693.425047 43647.088629 43694.813087 43654.821134 43633.023541 43629.150441 43603.738025 43611.547722 43588.299323 43591.475770 43602.997178 43592.791548 43604.413679 43609.885711 43684.092362 43611.527695 43657.209179 0.000000 0.000000
0.000000 0.000000 44142.213931 44218.871472 44247.221086 44251.715216 44265.798685 44227.670305 44240.786289 44226.128419 44249.235862 44244.897547 44241.882682 44246.888026 44277.659773 44264.125257 44249.730199 44228.266821 44156.005734 0.000000 0.000000
0.000000 0.000000 0.000000 0.000000 0.000000 0.000000 0.000000 0.000000 0.000000 0.000000 0.000000 0.000000 0.000000 0.000000 0.000000 0.000000 0.000000 0.000000 0.000000 0.000000 0.000000
0.000000 0.000000 0.000000 0.000000 0.000000 0.000000 0.000000 0.000000 0.000000 0.000000 0.000000 0.000000 0.000000 0.000000 0.000000 0.000000 0.000000 0.000000 0.000000 0.000000 0.000000