geotop/1.0zi/1.0Montebello/Templates/testdem/maps/_Erotot5248.asc
ncols         21
nrows         20
xllcorner     100.000000
yllcorner     100.000000
cellsize      50.000000
NODATA_value  -9999.0
0.000000 0.000000 0.000000 0.000000 0.000000 0.000000 0.000000 0.000000 0.000000 0.000000 0.000000 0.000000 0.000000 0.000000 0.000000 0.000000 0.000000 0.000000 0.000000 0.000000 0.000000
0.000000 0.000000 393.617845 392.825791 392.672763 392.471011 392.443877 392.521826 392.478048 392.648645 392.565277 392.346691 392.323019 392.367356 392.480472 392.367191 392.569778 392.752524 393.151333 0.000000 0.000000
0.000000 0.000000 30.716452 31.438324 31.659605 32.841041 32.581282 32.439648 32.253353 32.036482 32.166223 32.542733 32.309178 32.175386 32.568129 32.357486 31.517407 30.640695 30.004061 0.000000 0.000000
0.000000 0.000000 152.980216 154.448692 147.483568 144.719433 146.512799 141.290540 140.700305 141.087671 139.741689 138.398881 139.939743 138.001256 140.730055 145.511258 145.024404 148.436216 151.190197 0.000000 0.000000
0.000000 0.000000 1571.117301 1576.460867 1582.944575 1565.647471 1551.107295 1540.530801 1543.248429 1540.511390 1544.089830 1548.332677 1545.186596 1542.959687 1553.129779 1551.666542 1558.784951 1565.477747 1566.339193 0.000000 0.000000
0.000000 0.000000 2898.949895 2892.813015 2889.932197 2885.829675 2879.979328 2875.953715 2873.654048 2874.073501 2873.642787 2871.235132 2869.187537 2871.876440 2870.482200 2884.846755 2890.022501 2893.262260 2896.058994 0.000000 0.000000
0.000000 0.000000 3775.956672 3773.304208 3770.476059 3765.891245 3753.543185 3737.329796 3737.886518 3734.307689 3736.052250 3739.092861 3740.927940 3741.949627 3760.220798 3769.004196 3773.585506 3774.952104 3779.859381 0.000000 0.000000
0.000000 0.000000 4367.564902 4369.086049 4368.581470 4362.800185 4362.612409 4356.368428 4356.883642 4357.431243 4356.203727 4353.964635 4353.667362 4357.011433 4356.249923 4358.078596 4365.967349 4364.171520 4366.805741 0.000000 0.000000
0.000000 0.000000 5128.703916 5126.296618 5122.644899 5123.903696 5118.131313 5108.793964 5109.149728 5106.794431 5104.409725 5105.781603 5106.920708 5101.878290 5113.842747 5120.906690 5122.781604 5123.318185 5124.568772 0.000000 0.000000
0.000000 0.000000 6013.918799 6011.666183 6014.144466 6013.898503 6000.395846 5994.357653 5995.886626 5995.065200 5993.267723 5996.342998 5999.276062 5997.642221 5999.932489 6008.992151 6012.612084 6012.570253 6013.108504 0.000000 0.000000
0.000000 0.000000 6965.555948 6965.808663 6966.284176 6953.035226 6951.118546 6941.908154 6945.211694 6936.742800 6939.043245 6938.399508 6933.953899 6940.954768 6944.069974 6944.722009 6950.807865 6956.465815 6963.091998 0.000000 0.000000
0.000000 0.000000 7953.505055 7949.321821 7945.253412 7943.736577 7941.070702 7927.630944 7927.022423 7926.093704 7932.657928 7926.181915 7927.903052 7927.442478 7941.471950 7943.356862 7944.720359 7944.844534 7963.364174 0.000000 0.000000
0.000000 0.000000 8945.382040 8943.646797 8944.883938 8938.273016 8935.161122 8912.881606 8911.772004 8911.632424 8898.250437 8906.729455 8910.705974 8912.541858 8924.819250 8927.882544 8940.730035 8940.058038 8946.345704 0.000000 0.000000
0.000000 0.000000 10024.785296 10026.184011 10020.192022 10019.546159 9997.428198 10005.307618 9995.595072 9997.099089 9998.155847 9998.133384 9996.719571 9993.651986 9983.990043 10007.935067 10013.011646 10022.528011 10029.145895 0.000000 0.000000
0.000000 0.000000 11178.994459 11174.709083 11172.288148 11154.076805 11153.927915 11140.918367 11129.068045 11127.928661 11123.717071 11118.289248 11121.014982 11119.430554 11131.840312 11135.031211 11169.334965 11161.437662 11161.486015 0.000000 0.000000
0.000000 0.000000 12353.212915 12352.520398 12325.162779 12323.072362 12327.999065 12321.544653 12335.982267 12329.210671 12333.977432 12330.027297 12326.157951 12333.116326 12335.955849 12335.524489 12319.789776 12360.057613 12353.356458 0.000000 0.000000
0.000000 0.000000 13670.253139 13638.659384 13636.086200 13628.991177 13609.236875 13604.658788 13598.312165 13601.220119 13590.144485 13590.413775 13593.912211 13595.069645 13603.647894 13610.519430 13635.514103 13632.917995 13669.447542 0.000000 0.000000
0.000000 0.000000 14634.487045 14640.171811 14673.791403 14668.218460 14660.067855 14632.747004 14633.564577 14621.916898 14630.748472 14629.483895 14635.063175 14630.009314 14653.673678 14659.697484 14680.129590 14644.934956 14638.692066 0.000000 0.000000
0.000000 0.000000 0.000000 0.000000 0.000000 0.000000 0.000000 0.000000 0.000000 0.000000 0.000000 0.000000 0.000000 0.000000 0.000000 0.000000 0.000000 0.000000 0.000000 0.000000 0.000000
0.000000 0.000000 0.000000 0.000000 0.000000 0.000000 0.000000 0.000000 0.000000 0.000000 0.000000 0.000000 0.000000 0.000000 0.000000 0.000000 0.000000 0.000000 0.000000 0.000000 0.000000