geotop/1.0zi/1.0Montebello/Templates/testdem/maps/_Erotot0207.asc
ncols         21
nrows         20
xllcorner     100.000000
yllcorner     100.000000
cellsize      50.000000
NODATA_value  -9999.0
0.000000 0.000000 0.000000 0.000000 0.000000 0.000000 0.000000 0.000000 0.000000 0.000000 0.000000 0.000000 0.000000 0.000000 0.000000 0.000000 0.000000 0.000000 0.000000 0.000000 0.000000
0.000000 0.000000 18.850980 18.850920 18.850929 18.850979 18.850999 18.850996 18.850993 18.850993 18.850993 18.850993 18.850993 18.850996 18.850999 18.850979 18.850929 18.850920 18.850980 0.000000 0.000000
0.000000 0.000000 2.048775 2.038715 2.044833 2.049898 2.051900 2.050583 2.049313 2.048806 2.048706 2.048806 2.049313 2.050583 2.051900 2.049898 2.044833 2.038715 2.048775 0.000000 0.000000
0.000000 0.000000 306.659902 306.702969 306.698711 306.655499 306.649946 306.654416 306.658651 306.660359 306.660704 306.660359 306.658651 306.654416 306.649946 306.655499 306.698711 306.702969 306.659902 0.000000 0.000000
0.000000 0.000000 389.573113 389.591804 389.590017 389.571169 389.568916 389.571112 389.573113 389.573880 389.574026 389.573880 389.573113 389.571112 389.568916 389.571169 389.590017 389.591804 389.573113 0.000000 0.000000
0.000000 0.000000 533.167493 533.182238 533.180756 533.165966 533.164295 533.166041 533.167612 533.168208 533.168320 533.168208 533.167612 533.166041 533.164295 533.165966 533.180756 533.182238 533.167493 0.000000 0.000000
0.000000 0.000000 671.861340 671.872809 671.871790 671.860161 671.858920 671.860267 671.861471 671.861928 671.862013 671.861928 671.861471 671.860267 671.858920 671.860161 671.871790 671.872809 671.861340 0.000000 0.000000
0.000000 0.000000 801.040021 801.048360 801.047786 801.039164 801.038329 801.039325 801.040202 801.040531 801.040592 801.040531 801.040202 801.039325 801.038329 801.039164 801.047786 801.048360 801.040021 0.000000 0.000000
0.000000 0.000000 922.303914 922.310304 922.310004 922.303252 922.302654 922.303436 922.304115 922.304367 922.304413 922.304367 922.304115 922.303436 922.302654 922.303252 922.310004 922.310304 922.303914 0.000000 0.000000
0.000000 0.000000 1038.133295 1038.138794 1038.138647 1038.132719 1038.132213 1038.132894 1038.133482 1038.133700 1038.133740 1038.133700 1038.133482 1038.132894 1038.132213 1038.132719 1038.138647 1038.138794 1038.133295 0.000000 0.000000
0.000000 0.000000 1151.372673 1151.378405 1151.378288 1151.372071 1151.371505 1151.372199 1151.372807 1151.373035 1151.373078 1151.373035 1151.372807 1151.372199 1151.371505 1151.372071 1151.378288 1151.378405 1151.372673 0.000000 0.000000
0.000000 0.000000 1262.873665 1262.878952 1262.878866 1262.873107 1262.872580 1262.873221 1262.873784 1262.873996 1262.874035 1262.873996 1262.873784 1262.873221 1262.872580 1262.873107 1262.878866 1262.878952 1262.873665 0.000000 0.000000
0.000000 0.000000 1371.352259 1371.356256 1371.356228 1371.351827 1371.351442 1371.351937 1371.352368 1371.352529 1371.352559 1371.352529 1371.352368 1371.351937 1371.351442 1371.351827 1371.356228 1371.356256 1371.352259 0.000000 0.000000
0.000000 0.000000 1476.702845 1476.706343 1476.706330 1476.702458 1476.702100 1476.702534 1476.702916 1476.703059 1476.703086 1476.703059 1476.702916 1476.702534 1476.702100 1476.702458 1476.706330 1476.706343 1476.702845 0.000000 0.000000
0.000000 0.000000 1580.827642 1580.831249 1580.831222 1580.827252 1580.826886 1580.827328 1580.827716 1580.827863 1580.827890 1580.827863 1580.827716 1580.827328 1580.826886 1580.827252 1580.831222 1580.831249 1580.827641 0.000000 0.000000
0.000000 0.000000 1683.623663 1683.627044 1683.627032 1683.623291 1683.622946 1683.623362 1683.623728 1683.623866 1683.623892 1683.623866 1683.623728 1683.623362 1683.622946 1683.623291 1683.627032 1683.627044 1683.623662 0.000000 0.000000
0.000000 0.000000 1784.083320 1784.085681 1784.085697 1784.083016 1784.082793 1784.083094 1784.083355 1784.083452 1784.083470 1784.083452 1784.083355 1784.083094 1784.082793 1784.083016 1784.085696 1784.085674 1784.083286 0.000000 0.000000
0.000000 0.000000 1894.812431 1894.901392 1894.900523 1894.897041 1894.896726 1894.897110 1894.897447 1894.897574 1894.897598 1894.897574 1894.897447 1894.897110 1894.896726 1894.897040 1894.900514 1894.900562 1894.897515 0.000000 0.000000
0.000000 0.000000 0.000000 0.000000 0.000000 0.000000 0.000000 0.000000 0.000000 0.000000 0.000000 0.000000 0.000000 0.000000 0.000000 0.000000 0.000000 0.000000 0.000000 0.000000 0.000000
0.000000 0.000000 0.000000 0.000000 0.000000 0.000000 0.000000 0.000000 0.000000 0.000000 0.000000 0.000000 0.000000 0.000000 0.000000 0.000000 0.000000 0.000000 0.000000 0.000000 0.000000