geotop/1.0zi/1.0Montebello/Templates/testdem/maps/_Erotot5167.asc
ncols         21
nrows         20
xllcorner     100.000000
yllcorner     100.000000
cellsize      50.000000
NODATA_value  -9999.0
0.000000 0.000000 0.000000 0.000000 0.000000 0.000000 0.000000 0.000000 0.000000 0.000000 0.000000 0.000000 0.000000 0.000000 0.000000 0.000000 0.000000 0.000000 0.000000 0.000000 0.000000
0.000000 0.000000 377.634861 376.714286 376.427946 376.212728 376.173787 376.256805 376.215087 376.385039 376.329296 376.201998 376.270669 376.311359 376.244642 376.302547 376.498736 376.483310 377.036895 0.000000 0.000000
0.000000 0.000000 28.792177 29.748441 30.137481 31.218648 30.773151 30.755120 30.573657 30.363589 30.441577 30.783444 30.467102 30.300670 30.837288 30.467029 29.629290 28.925440 28.284944 0.000000 0.000000
0.000000 0.000000 152.303232 153.706269 146.546195 144.541186 145.713990 141.021748 140.210168 140.287019 138.916186 137.816578 138.931241 137.416275 140.029261 144.807833 144.322861 147.769307 150.478239 0.000000 0.000000
0.000000 0.000000 1537.890199 1541.303689 1546.962928 1529.027599 1517.556400 1509.311507 1511.794979 1506.165620 1510.146394 1514.502449 1514.646084 1514.603148 1524.226512 1523.311403 1529.976019 1535.641195 1537.201563 0.000000 0.000000
0.000000 0.000000 2840.749469 2836.199367 2833.019369 2829.329468 2821.610558 2818.309463 2815.426813 2817.196572 2816.486053 2814.469499 2810.943523 2811.887728 2811.162277 2824.716944 2830.027469 2831.916741 2835.197039 0.000000 0.000000
0.000000 0.000000 3723.160274 3720.186396 3715.866610 3712.598524 3700.478115 3683.804183 3684.513913 3681.407547 3684.143452 3683.720816 3686.561965 3689.106455 3704.758701 3713.561202 3719.459111 3722.864152 3728.159092 0.000000 0.000000
0.000000 0.000000 4310.262942 4309.586002 4310.379343 4304.899988 4303.811764 4298.376114 4298.955480 4299.250158 4296.580824 4297.450805 4296.584437 4295.377793 4298.399289 4302.369827 4305.471959 4305.841059 4306.248891 0.000000 0.000000
0.000000 0.000000 5056.076634 5056.178081 5054.002158 5050.510755 5044.970178 5036.442808 5036.406992 5034.762034 5034.825110 5035.870943 5035.181711 5035.723403 5041.334990 5049.265443 5050.036950 5052.288828 5056.429060 0.000000 0.000000
0.000000 0.000000 5932.455158 5931.459355 5932.119304 5930.730108 5920.992213 5914.347465 5915.840522 5914.834867 5914.821788 5914.808745 5914.251110 5912.584852 5922.102813 5927.658259 5927.403565 5930.009567 5931.030772 0.000000 0.000000
0.000000 0.000000 6869.946390 6868.480385 6868.178555 6859.595737 6856.119703 6845.632421 6845.605305 6843.324534 6843.018035 6844.383566 6843.509236 6843.576708 6847.974503 6852.330487 6861.522862 6863.627552 6867.497770 0.000000 0.000000
0.000000 0.000000 7842.712698 7841.963525 7840.473817 7835.907952 7829.806186 7820.561703 7819.239194 7818.916820 7818.754958 7818.027496 7817.974972 7818.065146 7828.235317 7834.350267 7835.055126 7837.221388 7855.136795 0.000000 0.000000
0.000000 0.000000 8822.843435 8821.162566 8818.662298 8814.892746 8806.022086 8783.855935 8784.149005 8782.385890 8781.996664 8782.834841 8781.550670 8781.977802 8800.733214 8809.229940 8814.158806 8816.322923 8819.304471 0.000000 0.000000
0.000000 0.000000 9885.933597 9882.921040 9881.340708 9876.550149 9854.215368 9862.319860 9855.688595 9854.850793 9855.006510 9855.468001 9854.572055 9854.520304 9847.513648 9869.138520 9873.534407 9880.117037 9880.510238 0.000000 0.000000
0.000000 0.000000 11019.699433 11015.380472 11010.632156 10994.064129 10990.422390 10973.598964 10964.676299 10962.989778 10957.971558 10957.872218 10959.520220 10957.083379 10968.873895 10976.536754 11002.704204 10998.618937 11000.376447 0.000000 0.000000
0.000000 0.000000 12165.715910 12165.521752 12140.852741 12139.340599 12138.262334 12135.803635 12138.940446 12139.278314 12142.262603 12142.227185 12138.894973 12145.364670 12143.846406 12142.817285 12133.308977 12164.092992 12169.813382 0.000000 0.000000
0.000000 0.000000 13462.179154 13431.396143 13421.685647 13415.289065 13395.721170 13387.499499 13385.215490 13384.331213 13379.465974 13380.054535 13381.174806 13377.341375 13383.937387 13404.208325 13418.589388 13419.290378 13451.322923 0.000000 0.000000
0.000000 0.000000 14402.544254 14409.410425 14440.301978 14429.448526 14421.939664 14392.554819 14390.289452 14387.231595 14389.472099 14389.349289 14387.689393 14390.111156 14417.599624 14426.478264 14438.462518 14406.311482 14406.834459 0.000000 0.000000
0.000000 0.000000 0.000000 0.000000 0.000000 0.000000 0.000000 0.000000 0.000000 0.000000 0.000000 0.000000 0.000000 0.000000 0.000000 0.000000 0.000000 0.000000 0.000000 0.000000 0.000000
0.000000 0.000000 0.000000 0.000000 0.000000 0.000000 0.000000 0.000000 0.000000 0.000000 0.000000 0.000000 0.000000 0.000000 0.000000 0.000000 0.000000 0.000000 0.000000 0.000000 0.000000