geotop/1.0zi/1.0Montebello/Templates/testdem/maps/_Erotot148..asc
ncols         21
nrows         20
xllcorner     100.000000
yllcorner     100.000000
cellsize      50.000000
NODATA_value  -9999.0
0.000000 0.000000 0.000000 0.000000 0.000000 0.000000 0.000000 0.000000 0.000000 0.000000 0.000000 0.000000 0.000000 0.000000 0.000000 0.000000 0.000000 0.000000 0.000000 0.000000 0.000000
0.000000 0.000000 966.263890 965.692734 964.330733 962.415478 961.050304 960.259952 960.728737 961.412481 961.330235 960.508252 960.465783 960.541657 962.124295 962.645996 965.459080 966.105834 966.692229 0.000000 0.000000
0.000000 0.000000 68.059008 68.984324 67.475900 70.423073 69.744909 69.044276 69.385885 68.206719 69.143801 71.382544 69.120562 69.165721 68.690353 68.208906 65.997229 65.311442 68.453169 0.000000 0.000000
0.000000 0.000000 915.762932 923.280342 902.477761 893.027668 896.563152 885.951719 885.520669 888.422857 880.243464 880.822402 885.903116 890.052459 893.605501 906.817882 912.223784 912.835989 917.489803 0.000000 0.000000
0.000000 0.000000 5968.283956 5951.025668 5952.859952 5909.003450 5875.561666 5859.086200 5853.719012 5847.281508 5853.204176 5859.383140 5861.214274 5850.004042 5873.979821 5882.343731 5901.945372 5915.569418 5917.576234 0.000000 0.000000
0.000000 0.000000 8420.904803 8418.556553 8409.589726 8409.938634 8380.770011 8365.976030 8369.051045 8368.028913 8359.642392 8353.506697 8351.327444 8354.959663 8357.858039 8389.029635 8389.031561 8398.607365 8398.908864 0.000000 0.000000
0.000000 0.000000 10312.177920 10305.796363 10298.932185 10283.781507 10275.804515 10230.180569 10226.920703 10223.090457 10221.697503 10225.252620 10224.661017 10226.198267 10265.576308 10271.288546 10282.609204 10288.483200 10293.017124 0.000000 0.000000
0.000000 0.000000 12582.938372 12577.783100 12568.290973 12543.321719 12530.769981 12522.311051 12518.872705 12516.868184 12513.593063 12510.849025 12509.217047 12516.518121 12515.593208 12530.610439 12549.302476 12547.320450 12554.010594 0.000000 0.000000
0.000000 0.000000 15456.942094 15448.369640 15434.523159 15426.336649 15405.350955 15375.147494 15375.483350 15370.506890 15365.190849 15363.577786 15366.740521 15359.320496 15390.770733 15411.063439 15416.160377 15422.447505 15425.081103 0.000000 0.000000
0.000000 0.000000 18907.561607 18892.396962 18882.007400 18868.830002 18847.219307 18820.454407 18814.236693 18812.771790 18803.716241 18808.503532 18815.701363 18813.590947 18824.495709 18852.579336 18864.670121 18871.380865 18870.226327 0.000000 0.000000
0.000000 0.000000 22919.742037 22908.619839 22902.568404 22851.440551 22850.629072 22808.420666 22819.180684 22793.622154 22800.020158 22794.355331 22781.402999 22797.270170 22817.069690 22826.648478 22848.562224 22854.946209 22878.903657 0.000000 0.000000
0.000000 0.000000 27557.005890 27531.450413 27497.549279 27493.029184 27474.937011 27424.228708 27410.942330 27419.242701 27422.185767 27406.205738 27415.311356 27407.101982 27449.442328 27475.752597 27478.217748 27487.770464 27521.910828 0.000000 0.000000
0.000000 0.000000 32262.140041 32241.762716 32242.341812 32206.403925 32180.061105 32059.149323 32048.688965 32043.289575 31982.680916 32024.393243 32024.664358 32037.679003 32124.504651 32138.118294 32191.894065 32197.615873 32187.580824 0.000000 0.000000
0.000000 0.000000 36826.633911 36832.040770 36791.804475 36779.390457 36651.950277 36756.127746 36722.143772 36721.737827 36752.724378 36720.570970 36717.724788 36696.642588 36606.933328 36758.957523 36747.387137 36781.914717 36799.123603 0.000000 0.000000
0.000000 0.000000 39731.611864 39720.568243 39709.030732 39634.927858 39687.722091 39631.975515 39620.836123 39618.399077 39600.092001 39594.394884 39603.340338 39604.671274 39653.279565 39590.782724 39701.487695 39671.124472 39660.884392 0.000000 0.000000
0.000000 0.000000 41508.402041 41504.228566 41450.955056 41476.474698 41477.675921 41474.508086 41501.926689 41490.055936 41502.216396 41496.436716 41487.029776 41500.523623 41495.574130 41501.056003 41435.822173 41516.348702 41508.566977 0.000000 0.000000
0.000000 0.000000 42947.230121 42899.071638 42938.239556 42903.420548 42882.690096 42877.946458 42856.130525 42863.305665 42841.048157 42844.273241 42854.786555 42846.227940 42857.335077 42861.419985 42928.562844 42866.348070 42913.532928 0.000000 0.000000
0.000000 0.000000 43475.142316 43548.963408 43576.103795 43584.555282 43597.824465 43559.969891 43575.296773 43560.265055 43584.404440 43580.040596 43576.210571 43582.065517 43612.023371 43599.273272 43577.774997 43560.546040 43490.530655 0.000000 0.000000
0.000000 0.000000 0.000000 0.000000 0.000000 0.000000 0.000000 0.000000 0.000000 0.000000 0.000000 0.000000 0.000000 0.000000 0.000000 0.000000 0.000000 0.000000 0.000000 0.000000 0.000000
0.000000 0.000000 0.000000 0.000000 0.000000 0.000000 0.000000 0.000000 0.000000 0.000000 0.000000 0.000000 0.000000 0.000000 0.000000 0.000000 0.000000 0.000000 0.000000 0.000000 0.000000