geotop/1.0zi/1.0Montebello/Templates/testdem/maps/_Erotot4453.asc
ncols         21
nrows         20
xllcorner     100.000000
yllcorner     100.000000
cellsize      50.000000
NODATA_value  -9999.0
0.000000 0.000000 0.000000 0.000000 0.000000 0.000000 0.000000 0.000000 0.000000 0.000000 0.000000 0.000000 0.000000 0.000000 0.000000 0.000000 0.000000 0.000000 0.000000 0.000000 0.000000
0.000000 0.000000 345.027463 344.566292 344.351470 344.183377 344.189706 344.227013 344.264530 344.263055 344.249600 344.252698 344.254590 344.298838 344.186923 344.226383 344.420747 344.353690 344.468236 0.000000 0.000000
0.000000 0.000000 27.157633 27.784760 28.174265 29.243500 28.852744 28.932919 28.531040 28.466605 28.501660 28.811403 28.527211 28.283584 28.767474 28.513120 27.613384 27.017666 26.817995 0.000000 0.000000
0.000000 0.000000 137.618309 138.837936 131.749927 129.418568 130.509579 125.542897 124.809327 124.454090 123.584428 123.037739 124.071122 122.673013 125.402204 130.348907 130.915332 133.180449 135.817098 0.000000 0.000000
0.000000 0.000000 1338.553919 1344.582822 1351.209371 1335.310218 1324.674553 1316.779599 1319.318766 1313.432476 1317.709386 1321.900734 1322.089165 1322.097838 1331.172822 1329.458933 1334.895156 1340.352205 1341.892497 0.000000 0.000000
0.000000 0.000000 2601.979204 2595.860807 2591.967297 2589.208992 2583.969470 2580.968582 2578.398506 2580.294400 2579.787054 2577.094255 2573.091824 2574.516235 2573.918896 2586.725164 2590.779615 2590.864085 2593.758318 0.000000 0.000000
0.000000 0.000000 3276.692260 3272.734346 3269.038426 3266.160197 3258.338439 3244.135810 3246.000620 3242.737332 3245.385464 3244.418894 3246.541803 3247.638410 3261.467757 3267.987603 3274.536593 3278.394220 3281.133946 0.000000 0.000000
0.000000 0.000000 3739.533822 3739.727337 3740.766743 3736.361940 3734.705779 3730.029483 3730.727908 3730.950184 3728.658112 3729.653741 3728.420014 3727.439877 3730.291754 3734.384053 3736.182900 3735.470488 3736.846873 0.000000 0.000000
0.000000 0.000000 4388.431096 4388.415569 4386.302540 4384.555442 4380.633273 4372.074086 4372.490043 4370.594772 4371.151934 4371.752525 4370.731345 4371.337505 4376.601760 4384.080424 4384.099874 4385.568155 4389.082181 0.000000 0.000000
0.000000 0.000000 5129.780910 5128.507350 5129.094252 5125.921766 5117.931308 5113.176370 5114.895980 5113.926312 5113.969130 5113.982725 5112.913831 5111.136651 5118.245469 5124.395550 5126.846086 5127.839086 5129.093036 0.000000 0.000000
0.000000 0.000000 5911.803428 5910.537359 5909.405718 5907.665596 5905.879620 5895.765922 5896.219624 5893.652230 5893.776117 5894.746779 5893.517532 5893.098106 5897.705057 5900.212397 5904.677667 5906.850703 5909.774119 0.000000 0.000000
0.000000 0.000000 6726.689196 6725.910989 6724.570049 6718.298520 6713.937459 6706.158258 6705.345748 6704.863193 6704.946958 6704.097351 6703.608431 6703.397690 6712.377912 6718.160325 6721.497050 6722.685358 6739.456187 0.000000 0.000000
0.000000 0.000000 7543.851230 7542.287927 7540.725657 7538.480252 7531.854978 7513.455752 7513.911779 7512.094318 7511.974159 7512.524164 7510.844255 7511.114700 7526.483558 7534.266394 7537.399439 7538.938391 7541.176073 0.000000 0.000000
0.000000 0.000000 8415.021651 8412.462267 8410.954013 8407.646525 8389.440016 8397.785056 8392.296895 8391.362659 8391.709651 8391.835829 8390.531167 8390.082098 8383.875350 8401.707919 8405.505391 8410.753350 8410.510540 0.000000 0.000000
0.000000 0.000000 9343.865373 9339.440301 9335.601395 9324.083910 9322.091014 9306.273243 9298.759752 9297.001062 9292.744840 9292.075910 9293.048287 9290.599383 9301.236471 9308.961009 9329.823876 9325.569396 9326.796662 0.000000 0.000000
0.000000 0.000000 10268.889775 10268.957340 10249.551449 10253.221736 10253.328108 10252.578795 10255.339651 10255.245824 10257.964519 10257.868455 10254.529876 10259.256691 10256.722543 10255.423020 10244.378927 10267.686564 10272.073061 0.000000 0.000000
0.000000 0.000000 11317.369909 11294.543366 11287.133476 11280.039722 11266.270531 11260.276508 11258.814927 11257.991216 11254.262061 11254.482108 11254.480023 11251.620465 11255.979970 11272.132693 11285.329595 11286.044060 11309.560793 0.000000 0.000000
0.000000 0.000000 12097.189390 12100.881343 12122.750605 12113.857271 12108.114511 12085.377295 12084.063547 12081.217165 12082.823102 12082.440235 12080.702283 12081.742078 12103.145953 12111.706911 12123.319507 12098.139624 12100.149514 0.000000 0.000000
0.000000 0.000000 0.000000 0.000000 0.000000 0.000000 0.000000 0.000000 0.000000 0.000000 0.000000 0.000000 0.000000 0.000000 0.000000 0.000000 0.000000 0.000000 0.000000 0.000000 0.000000
0.000000 0.000000 0.000000 0.000000 0.000000 0.000000 0.000000 0.000000 0.000000 0.000000 0.000000 0.000000 0.000000 0.000000 0.000000 0.000000 0.000000 0.000000 0.000000 0.000000 0.000000