geotop/1.0zi/1.0Montebello/Templates/testdem/maps/_Erotot5247.asc
ncols         21
nrows         20
xllcorner     100.000000
yllcorner     100.000000
cellsize      50.000000
NODATA_value  -9999.0
0.000000 0.000000 0.000000 0.000000 0.000000 0.000000 0.000000 0.000000 0.000000 0.000000 0.000000 0.000000 0.000000 0.000000 0.000000 0.000000 0.000000 0.000000 0.000000 0.000000 0.000000
0.000000 0.000000 393.617845 392.825791 392.672763 392.471011 392.443877 392.521826 392.478048 392.648645 392.565277 392.346691 392.323019 392.367356 392.480472 392.367191 392.569778 392.752524 393.151333 0.000000 0.000000
0.000000 0.000000 30.716452 31.438324 31.659605 32.841041 32.581282 32.439648 32.253353 32.036482 32.166223 32.542733 32.309178 32.175386 32.568129 32.357486 31.517407 30.640695 30.004061 0.000000 0.000000
0.000000 0.000000 152.980216 154.448692 147.483568 144.719433 146.512799 141.290540 140.700305 141.087671 139.741689 138.398881 139.939743 138.001256 140.730055 145.511258 145.024404 148.436216 151.190197 0.000000 0.000000
0.000000 0.000000 1571.117301 1576.460867 1582.944575 1565.647471 1551.107295 1540.530801 1543.248429 1540.511390 1544.089830 1548.332677 1545.186596 1542.959687 1553.129779 1551.666542 1558.784951 1565.477747 1566.339193 0.000000 0.000000
0.000000 0.000000 2898.945212 2892.808166 2889.927309 2885.824785 2879.974456 2875.948952 2873.649366 2874.068824 2873.638109 2871.230456 2869.182782 2871.871896 2870.477668 2884.842219 2890.017984 2893.257756 2896.054892 0.000000 0.000000
0.000000 0.000000 3775.936404 3773.283646 3770.455417 3765.870561 3753.522580 3737.309508 3737.866368 3734.287556 3736.032104 3739.072722 3740.907652 3741.929729 3760.200816 3768.984180 3773.565483 3774.932113 3779.839888 0.000000 0.000000
0.000000 0.000000 4367.542230 4369.062760 4368.558023 4362.776568 4362.588973 4356.345830 4356.861298 4357.408972 4356.181384 4353.942315 4353.644872 4356.989829 4356.228104 4358.056728 4365.945443 4364.149681 4366.784917 0.000000 0.000000
0.000000 0.000000 5128.652170 5126.244151 5122.592280 5123.850677 5118.078555 5108.742327 5109.098294 5106.743193 5104.358296 5105.730206 5106.869425 5101.828317 5113.792532 5120.856466 5122.731281 5123.267927 5124.519673 0.000000 0.000000
0.000000 0.000000 6013.829866 6011.576659 6014.054799 6013.808277 6000.305846 5994.268576 5995.797568 5994.976461 5993.178667 5996.253961 5999.187564 5997.555138 5999.845310 6008.905116 6012.524832 6012.483047 6013.021962 0.000000 0.000000
0.000000 0.000000 6965.427304 6965.679375 6966.154596 6952.905009 6950.988426 6941.778870 6945.082373 6936.613908 6938.913906 6938.270207 6933.825420 6940.827978 6943.943230 6944.595607 6950.681100 6956.339063 6962.965728 0.000000 0.000000
0.000000 0.000000 7953.333649 7949.149629 7945.080724 7943.563083 7940.897272 7927.458470 7926.849989 7925.921736 7932.485423 7926.009469 7927.731485 7927.273087 7941.302597 7943.188052 7944.551051 7944.675227 7963.195465 0.000000 0.000000
0.000000 0.000000 8945.165174 8943.428970 8944.665313 8938.053576 8934.941742 8912.664336 8911.554812 8911.415772 8898.033294 8906.512261 8910.489657 8912.328008 8924.604688 8927.668578 8940.515407 8939.843400 8946.131884 0.000000 0.000000
0.000000 0.000000 10024.516498 10025.914154 10019.921135 10019.274709 9997.157919 10005.039619 9995.327220 9996.831846 9997.887900 9997.865494 9996.452584 9993.387708 9983.725150 10007.669338 10012.745321 10022.261574 10028.880381 0.000000 0.000000
0.000000 0.000000 11178.663072 11174.376577 11171.954437 11153.744592 11153.596455 11140.589239 11128.739119 11127.600463 11123.388179 11117.960473 11120.687057 11119.105640 11131.515040 11134.705162 11169.006408 11161.109178 11161.158708 0.000000 0.000000
0.000000 0.000000 12352.808728 12352.115002 12324.758161 12322.669059 12327.595858 12321.143442 12335.580842 12328.810086 12333.575879 12329.625853 12325.757604 12332.718999 12335.558744 12335.127463 12319.390790 12359.655927 12352.956212 0.000000 0.000000
0.000000 0.000000 13669.759718 13638.167781 13635.594917 13628.500761 13608.747249 13604.171026 13597.824661 13600.733419 13589.657227 13589.926481 13593.425791 13594.586843 13603.165511 13610.037087 13635.028790 13632.430899 13668.958937 0.000000 0.000000
0.000000 0.000000 14633.936395 14639.621553 14673.238587 14667.665381 14659.514588 14632.196329 14633.013920 14621.367431 14630.197717 14628.933180 14634.513489 14629.463264 14653.127625 14659.152891 14679.582624 14644.388600 14638.145827 0.000000 0.000000
0.000000 0.000000 0.000000 0.000000 0.000000 0.000000 0.000000 0.000000 0.000000 0.000000 0.000000 0.000000 0.000000 0.000000 0.000000 0.000000 0.000000 0.000000 0.000000 0.000000 0.000000
0.000000 0.000000 0.000000 0.000000 0.000000 0.000000 0.000000 0.000000 0.000000 0.000000 0.000000 0.000000 0.000000 0.000000 0.000000 0.000000 0.000000 0.000000 0.000000 0.000000 0.000000