geotop/1.0zi/1.0Montebello/Templates/testdem/maps/_Erotot6546.asc
ncols         21
nrows         20
xllcorner     100.000000
yllcorner     100.000000
cellsize      50.000000
NODATA_value  -9999.0
0.000000 0.000000 0.000000 0.000000 0.000000 0.000000 0.000000 0.000000 0.000000 0.000000 0.000000 0.000000 0.000000 0.000000 0.000000 0.000000 0.000000 0.000000 0.000000 0.000000 0.000000
0.000000 0.000000 499.722837 500.580250 500.295724 500.588117 500.029453 500.084218 500.042403 500.208704 500.609725 499.914090 499.841861 499.933460 500.090671 500.000633 500.734575 500.941527 500.932523 0.000000 0.000000
0.000000 0.000000 37.744732 36.606464 36.682391 36.822545 37.061857 36.877468 36.689734 36.473714 36.719580 37.020711 36.866202 37.078458 36.926223 36.691117 35.409079 34.651483 35.341745 0.000000 0.000000
0.000000 0.000000 222.847793 225.671422 215.542065 213.141160 213.386223 208.195491 207.733617 207.249063 205.643273 203.633262 206.233233 204.107678 208.945822 214.952743 216.848372 218.252259 223.306887 0.000000 0.000000
0.000000 0.000000 2082.106477 2085.704163 2090.919602 2070.629833 2056.103487 2044.072716 2046.576792 2043.615916 2047.825901 2053.121180 2049.810947 2048.501027 2059.158761 2060.204674 2068.458381 2076.296135 2077.586688 0.000000 0.000000
0.000000 0.000000 3752.592763 3747.163795 3743.493306 3736.782470 3724.631400 3717.156791 3715.941412 3715.510769 3712.533058 3707.342317 3706.012537 3708.376447 3708.026803 3725.419220 3734.247425 3740.306567 3742.397952 0.000000 0.000000
0.000000 0.000000 4905.470154 4903.055327 4899.288651 4894.416873 4881.244685 4863.453745 4863.022089 4859.557367 4861.447705 4864.422313 4866.326963 4867.399199 4888.970493 4898.816491 4903.399809 4905.032291 4910.501014 0.000000 0.000000
0.000000 0.000000 5652.537249 5653.995116 5651.976396 5644.465407 5643.196185 5635.351122 5635.939251 5636.358001 5634.776099 5631.708955 5631.817112 5635.802312 5636.362801 5639.638672 5649.741218 5648.315907 5652.172276 0.000000 0.000000
0.000000 0.000000 6694.853799 6691.998835 6686.689194 6686.847071 6678.864151 6667.357765 6668.043391 6664.885384 6662.178115 6662.510935 6664.062836 6659.222961 6673.306725 6682.455434 6686.404677 6687.968511 6689.957033 0.000000 0.000000
0.000000 0.000000 7897.788253 7895.430922 7896.649262 7894.667302 7878.068086 7870.275744 7871.316693 7870.606067 7868.000794 7870.410863 7874.431001 7872.488235 7876.505962 7888.464891 7894.175554 7895.048720 7896.229752 0.000000 0.000000
0.000000 0.000000 9198.327838 9198.718639 9197.411850 9181.537055 9178.015449 9166.001546 9170.053405 9160.080396 9162.288308 9160.651481 9156.059253 9164.082101 9168.986353 9171.164415 9180.211457 9186.721322 9195.083498 0.000000 0.000000
0.000000 0.000000 10571.224113 10566.905395 10560.473360 10557.437929 10551.508711 10535.473568 10534.084932 10533.534957 10539.769990 10531.391824 10534.137807 10533.926305 10550.873755 10555.496675 10558.686455 10560.203321 10580.957107 0.000000 0.000000
0.000000 0.000000 11971.950892 11969.145387 11969.518625 11960.263935 11955.063441 11923.383790 11921.814255 11921.340004 11905.151552 11914.221128 11918.831275 11921.497962 11941.260207 11946.267274 11963.760510 11963.414942 11971.049237 0.000000 0.000000
0.000000 0.000000 13520.187240 13521.757569 13513.046015 13510.397530 13476.196999 13485.674250 13474.351987 13475.843764 13476.821605 13475.502303 13474.021563 13470.333525 13458.960950 13496.052586 13503.602835 13516.167016 13524.212379 0.000000 0.000000
0.000000 0.000000 15211.335783 15206.734302 15201.688676 15168.907777 15169.022584 15150.730389 15136.565051 15134.512950 15128.185439 15119.797581 15124.928120 15123.080748 15140.470176 15143.671606 15196.395709 15186.497118 15187.032297 0.000000 0.000000
0.000000 0.000000 16966.202879 16965.454526 16917.529966 16919.198000 16923.515046 16915.532152 16936.646568 16927.664348 16935.359514 16928.901888 16922.574908 16934.368374 16937.646213 16937.196427 16910.802991 16977.676363 16970.630270 0.000000 0.000000
0.000000 0.000000 18994.370239 18933.489465 18933.526952 18918.311814 18883.745687 18875.293399 18863.390404 18867.769050 18848.347449 18848.696986 18857.210173 18854.211021 18868.784604 18886.606710 18931.284817 18918.044954 18986.115460 0.000000 0.000000
0.000000 0.000000 20287.784383 20316.275295 20379.468300 20370.856138 20356.483852 20304.513676 20306.678838 20288.851755 20306.113913 20302.049633 20308.125747 20305.295442 20350.336279 20362.252997 20390.002528 20327.571633 20300.198104 0.000000 0.000000
0.000000 0.000000 0.000000 0.000000 0.000000 0.000000 0.000000 0.000000 0.000000 0.000000 0.000000 0.000000 0.000000 0.000000 0.000000 0.000000 0.000000 0.000000 0.000000 0.000000 0.000000
0.000000 0.000000 0.000000 0.000000 0.000000 0.000000 0.000000 0.000000 0.000000 0.000000 0.000000 0.000000 0.000000 0.000000 0.000000 0.000000 0.000000 0.000000 0.000000 0.000000 0.000000