geotop/1.0zi/1.0Montebello/Templates/testdem/maps/_Erotot1864.asc
ncols         21
nrows         20
xllcorner     100.000000
yllcorner     100.000000
cellsize      50.000000
NODATA_value  -9999.0
0.000000 0.000000 0.000000 0.000000 0.000000 0.000000 0.000000 0.000000 0.000000 0.000000 0.000000 0.000000 0.000000 0.000000 0.000000 0.000000 0.000000 0.000000 0.000000 0.000000 0.000000
0.000000 0.000000 198.960991 198.963009 198.999589 198.984414 198.950520 198.963394 198.965468 198.957628 198.958746 198.957628 198.965468 198.963394 198.950520 198.984414 198.999589 198.963009 198.960991 0.000000 0.000000
0.000000 0.000000 10.787113 10.566318 8.786160 10.632806 10.832740 10.811173 10.819306 10.828494 10.825410 10.828494 10.819306 10.811173 10.832740 10.632806 8.786160 10.566318 10.787113 0.000000 0.000000
0.000000 0.000000 1368.479342 1368.270296 1368.463388 1366.409885 1368.654904 1368.201594 1368.222375 1368.950970 1368.968792 1368.950970 1368.222375 1368.201594 1368.654904 1366.409885 1368.463388 1368.270295 1368.479342 0.000000 0.000000
0.000000 0.000000 2680.874866 2680.662360 2680.061539 2680.755205 2681.202730 2681.009411 2680.960290 2681.119334 2681.088709 2681.119334 2680.960290 2681.009411 2681.202730 2680.755205 2680.061539 2680.662360 2680.874866 0.000000 0.000000
0.000000 0.000000 3497.542684 3497.375277 3496.763981 3496.896603 3497.774338 3497.507286 3497.524250 3497.833665 3497.874348 3497.833665 3497.524250 3497.507286 3497.774338 3496.896603 3496.763981 3497.375277 3497.542684 0.000000 0.000000
0.000000 0.000000 4567.691890 4567.557609 4566.992811 4567.129938 4567.878799 4567.651913 4567.672990 4567.944036 4567.997565 4567.944036 4567.672990 4567.651913 4567.878799 4567.129938 4566.992811 4567.557609 4567.691890 0.000000 0.000000
0.000000 0.000000 5583.716638 5583.605988 5583.077517 5583.221499 5583.872805 5583.679837 5583.696277 5583.936106 5583.990253 5583.936106 5583.696277 5583.679837 5583.872805 5583.221499 5583.077517 5583.605988 5583.716638 0.000000 0.000000
0.000000 0.000000 6541.506020 6541.403908 6540.899074 6541.043725 6541.651396 6541.473818 6541.487268 6541.711706 6541.765424 6541.711706 6541.487268 6541.473818 6541.651396 6541.043725 6540.899074 6541.403908 6541.506020 0.000000 0.000000
0.000000 0.000000 7452.104528 7452.029119 7451.533839 7451.718605 7452.238155 7452.081162 7452.098121 7452.299564 7452.351528 7452.299564 7452.098121 7452.081162 7452.238155 7451.718605 7451.533839 7452.029119 7452.104528 0.000000 0.000000
0.000000 0.000000 8320.409888 8320.325237 8319.847611 8320.008576 8320.543647 8320.386570 8320.398049 8320.596873 8320.646535 8320.596873 8320.398049 8320.386570 8320.543647 8320.008576 8319.847611 8320.325237 8320.409888 0.000000 0.000000
0.000000 0.000000 9155.509055 9155.422203 9154.959175 9155.112964 9155.637822 9155.486553 9155.496864 9155.689853 9155.739558 9155.689853 9155.496864 9155.486553 9155.637822 9155.112964 9154.959175 9155.422203 9155.509055 0.000000 0.000000
0.000000 0.000000 9965.286700 9965.202767 9964.744800 9964.901307 9965.410239 9965.262881 9965.272165 9965.459455 9965.507617 9965.459455 9965.272165 9965.262881 9965.410239 9964.901307 9964.744800 9965.202767 9965.286700 0.000000 0.000000
0.000000 0.000000 10751.679731 10751.602414 10751.151627 10751.328416 10751.801594 10751.660119 10751.670522 10751.850133 10751.897069 10751.850133 10751.670522 10751.660119 10751.801594 10751.328416 10751.151627 10751.602414 10751.679731 0.000000 0.000000
0.000000 0.000000 11518.166852 11518.086682 11517.636641 11517.803652 11518.285282 11518.144533 11518.152827 11518.331489 11518.377292 11518.331489 11518.152827 11518.144533 11518.285282 11517.803652 11517.636641 11518.086682 11518.166852 0.000000 0.000000
0.000000 0.000000 12266.630034 12266.550965 12266.111145 12266.271964 12266.743889 12266.607389 12266.614956 12266.788653 12266.834026 12266.788653 12266.614956 12266.607389 12266.743889 12266.271964 12266.111145 12266.550965 12266.630030 0.000000 0.000000
0.000000 0.000000 12996.165416 12996.087041 12995.646719 12995.811662 12996.278149 12996.141869 12996.148471 12996.318873 12996.362845 12996.318873 12996.148471 12996.141869 12996.278149 12995.811662 12995.646718 12996.087021 12996.165015 0.000000 0.000000
0.000000 0.000000 13742.001777 13742.259482 13741.826149 13741.984040 13742.450094 13742.313712 13742.319378 13742.489635 13742.532701 13742.489635 13742.319378 13742.313712 13742.450094 13741.984039 13741.826131 13742.256118 13742.333977 0.000000 0.000000
0.000000 0.000000 0.000000 0.000000 0.000000 0.000000 0.000000 0.000000 0.000000 0.000000 0.000000 0.000000 0.000000 0.000000 0.000000 0.000000 0.000000 0.000000 0.000000 0.000000 0.000000
0.000000 0.000000 0.000000 0.000000 0.000000 0.000000 0.000000 0.000000 0.000000 0.000000 0.000000 0.000000 0.000000 0.000000 0.000000 0.000000 0.000000 0.000000 0.000000 0.000000 0.000000