geotop/1.0zi/1.0Montebello/Templates/testdem/maps/_Erotot3944.asc
ncols         21
nrows         20
xllcorner     100.000000
yllcorner     100.000000
cellsize      50.000000
NODATA_value  -9999.0
0.000000 0.000000 0.000000 0.000000 0.000000 0.000000 0.000000 0.000000 0.000000 0.000000 0.000000 0.000000 0.000000 0.000000 0.000000 0.000000 0.000000 0.000000 0.000000 0.000000 0.000000
0.000000 0.000000 299.362517 298.925014 298.738425 298.592197 298.622942 298.682706 298.717127 298.715715 298.701339 298.707104 298.706658 298.749256 298.616808 298.633787 298.808175 298.713376 298.804743 0.000000 0.000000
0.000000 0.000000 23.768434 24.325662 24.593021 25.301427 24.931071 24.943853 24.518095 24.450485 24.503304 24.878320 24.646090 24.478591 24.970743 24.731909 23.847767 23.289926 23.164173 0.000000 0.000000
0.000000 0.000000 137.214892 138.712075 131.634518 128.993402 129.718260 124.480108 123.653294 123.242212 122.483716 122.003915 123.130856 122.054922 125.167097 130.245626 130.915994 133.232618 135.893864 0.000000 0.000000
0.000000 0.000000 1256.130266 1262.087806 1268.338895 1260.089514 1250.717633 1244.755976 1248.048394 1241.983947 1247.390558 1249.479988 1249.786730 1250.623894 1259.061850 1256.577411 1255.824958 1256.977162 1256.130557 0.000000 0.000000
0.000000 0.000000 2341.082609 2335.885021 2330.458060 2328.353347 2322.463351 2317.602088 2315.086329 2317.001842 2315.452001 2314.434273 2312.480805 2313.944111 2314.222679 2326.177190 2331.787232 2331.154245 2334.250552 0.000000 0.000000
0.000000 0.000000 2911.313272 2906.443963 2901.347221 2893.851507 2883.703010 2870.311224 2871.666471 2868.521903 2871.727393 2870.589901 2872.641166 2876.324107 2890.961177 2897.616308 2904.758530 2908.348606 2911.469501 0.000000 0.000000
0.000000 0.000000 3330.278378 3331.095253 3330.771260 3325.413471 3323.400323 3319.578176 3320.121662 3320.567731 3318.261774 3318.397771 3318.105631 3318.025101 3322.108621 3326.179305 3327.024257 3326.031746 3326.816243 0.000000 0.000000
0.000000 0.000000 3898.643948 3898.459553 3894.640898 3892.682067 3887.177531 3877.701711 3877.793439 3875.842020 3876.710264 3877.255534 3877.072863 3879.201986 3885.666321 3893.192129 3892.604000 3893.325470 3896.664226 0.000000 0.000000
0.000000 0.000000 4543.843730 4542.736397 4541.595896 4537.197353 4527.772731 4522.777016 4524.081822 4523.200147 4523.333093 4523.246229 4523.472426 4523.397469 4531.650515 4537.819755 4539.542783 4539.837071 4540.858273 0.000000 0.000000
0.000000 0.000000 5223.117678 5221.885972 5219.129356 5216.247147 5213.047916 5202.750474 5202.900654 5200.361796 5200.796690 5201.451292 5201.485262 5202.715530 5208.472828 5210.947397 5214.700595 5216.118545 5218.760108 0.000000 0.000000
0.000000 0.000000 5927.145181 5926.307586 5923.249962 5915.946025 5910.030594 5902.073011 5900.987967 5900.435666 5900.704566 5899.832018 5900.628356 5902.205722 5912.197354 5917.836178 5920.427713 5920.874258 5936.998569 0.000000 0.000000
0.000000 0.000000 6628.812001 6627.414405 6624.125116 6620.504174 6612.498050 6595.406542 6595.466826 6593.757401 6593.818086 6594.241812 6593.929085 6596.057563 6610.974841 6618.677629 6620.923981 6621.830607 6623.762310 0.000000 0.000000
0.000000 0.000000 7375.529509 7373.289761 7369.806318 7365.327463 7348.073653 7354.666106 7349.349164 7348.240051 7348.850667 7348.861388 7348.931699 7350.267743 7346.289196 7362.025570 7364.976316 7369.302395 7368.881826 0.000000 0.000000
0.000000 0.000000 8168.005049 8163.430377 8158.288001 8147.993126 8143.951558 8128.790536 8121.293215 8119.670269 8115.902466 8115.195706 8117.252913 8116.592283 8127.833579 8135.648634 8152.830950 8148.323270 8149.231139 0.000000 0.000000
0.000000 0.000000 8950.248180 8950.363551 8932.312139 8933.914861 8932.383980 8930.883634 8932.852702 8932.645570 8935.275169 8935.103652 8933.546442 8939.554358 8938.782516 8937.882326 8927.552880 8946.016990 8949.731499 0.000000 0.000000
0.000000 0.000000 9835.146690 9817.318699 9808.749016 9801.061158 9786.941767 9780.950815 9779.249962 9778.519861 9775.470039 9775.588224 9776.731446 9776.396166 9781.665286 9796.222153 9807.189181 9807.286002 9825.873841 0.000000 0.000000
0.000000 0.000000 10500.521349 10502.651874 10518.551176 10509.021015 10502.149227 10484.092489 10482.590243 10480.019410 10481.369017 10481.010566 10480.982590 10483.487261 10501.222752 10509.242401 10518.771311 10497.142005 10499.584984 0.000000 0.000000
0.000000 0.000000 0.000000 0.000000 0.000000 0.000000 0.000000 0.000000 0.000000 0.000000 0.000000 0.000000 0.000000 0.000000 0.000000 0.000000 0.000000 0.000000 0.000000 0.000000 0.000000
0.000000 0.000000 0.000000 0.000000 0.000000 0.000000 0.000000 0.000000 0.000000 0.000000 0.000000 0.000000 0.000000 0.000000 0.000000 0.000000 0.000000 0.000000 0.000000 0.000000 0.000000