geotop/1.0zi/1.0Montebello/Templates/testdem/maps/_Erotot1367.asc
ncols         21
nrows         20
xllcorner     100.000000
yllcorner     100.000000
cellsize      50.000000
NODATA_value  -9999.0
0.000000 0.000000 0.000000 0.000000 0.000000 0.000000 0.000000 0.000000 0.000000 0.000000 0.000000 0.000000 0.000000 0.000000 0.000000 0.000000 0.000000 0.000000 0.000000 0.000000 0.000000
0.000000 0.000000 150.852076 150.853486 150.888374 150.863822 150.844961 150.853510 150.855103 150.849862 150.850541 150.849862 150.855103 150.853510 150.844961 150.863822 150.888374 150.853486 150.852076 0.000000 0.000000
0.000000 0.000000 9.023294 8.803426 7.027332 8.885368 9.066483 9.050462 9.060444 9.068223 9.066274 9.068223 9.060444 9.050462 9.066483 8.885368 7.027332 8.803426 9.023294 0.000000 0.000000
0.000000 0.000000 1114.539850 1114.323250 1114.295169 1112.303506 1114.641603 1114.212151 1114.151220 1114.744969 1114.693740 1114.744969 1114.151220 1114.212151 1114.641603 1112.303506 1114.295169 1114.323250 1114.539850 0.000000 0.000000
0.000000 0.000000 2004.124015 2003.899121 2003.144927 2003.843248 2004.291796 2004.101088 2004.053426 2004.206186 2004.161395 2004.206186 2004.053426 2004.101088 2004.291796 2003.843248 2003.144927 2003.899121 2004.124015 0.000000 0.000000
0.000000 0.000000 2636.442756 2636.265252 2635.499379 2635.695757 2636.605484 2636.355092 2636.322706 2636.561129 2636.535959 2636.561129 2636.322706 2636.355092 2636.605484 2635.695757 2635.499379 2636.265252 2636.442756 0.000000 0.000000
0.000000 0.000000 3440.191737 3440.049701 3439.358488 3439.552495 3440.332904 3440.121339 3440.097881 3440.296737 3440.275187 3440.296737 3440.097881 3440.121339 3440.332904 3439.552495 3439.358488 3440.049701 3440.191737 0.000000 0.000000
0.000000 0.000000 4205.602461 4205.479669 4204.840529 4205.032808 4205.723555 4205.540095 4205.521412 4205.697429 4205.679029 4205.697429 4205.521412 4205.540095 4205.723555 4205.032808 4204.840529 4205.479669 4205.602461 0.000000 0.000000
0.000000 0.000000 4931.153162 4931.040806 4930.433607 4930.620199 4931.264039 4931.094448 4931.078571 4931.242543 4931.224755 4931.242543 4931.078571 4931.094448 4931.264039 4930.620199 4930.433607 4931.040806 4931.153162 0.000000 0.000000
0.000000 0.000000 5625.556360 5625.471260 5624.877262 5625.100486 5625.656231 5625.505181 5625.496467 5625.642295 5625.624389 5625.642295 5625.496467 5625.505181 5625.656231 5625.100486 5624.877262 5625.471260 5625.556360 0.000000 0.000000
0.000000 0.000000 6293.312580 6293.218043 6292.643190 6292.839496 6293.412580 6293.259345 6293.247748 6293.395275 6293.376353 6293.395275 6293.247748 6293.259345 6293.412580 6292.839496 6292.643190 6293.218043 6293.312580 0.000000 0.000000
0.000000 0.000000 6940.200077 6940.102926 6939.543006 6939.729323 6940.294519 6940.145300 6940.134530 6940.280007 6940.262241 6940.280007 6940.134530 6940.145300 6940.294519 6939.729323 6939.543006 6940.102926 6940.200077 0.000000 0.000000
0.000000 0.000000 7571.865819 7571.771091 7571.219056 7571.406190 7571.957501 7571.810554 7571.800596 7571.943494 7571.925230 7571.943494 7571.800596 7571.810554 7571.957501 7571.406190 7571.219056 7571.771091 7571.865819 0.000000 0.000000
0.000000 0.000000 8188.844844 8188.756774 8188.210669 8188.417631 8188.933916 8188.791534 8188.784250 8188.922229 8188.903401 8188.922229 8188.784250 8188.791534 8188.933916 8188.417631 8188.210669 8188.756774 8188.844844 0.000000 0.000000
0.000000 0.000000 8793.723954 8793.633440 8793.089571 8793.285612 8793.812639 8793.669359 8793.661182 8793.800928 8793.781476 8793.800928 8793.661182 8793.669359 8793.812639 8793.285612 8793.089571 8793.633440 8793.723954 0.000000 0.000000
0.000000 0.000000 9388.098059 9388.008466 9387.478252 9387.666636 9388.185423 9388.045385 9388.037195 9388.173636 9388.154428 9388.173636 9388.037195 9388.045385 9388.185423 9387.666636 9387.478252 9388.008466 9388.098055 0.000000 0.000000
0.000000 0.000000 9969.915028 9969.826320 9969.296629 9969.488334 9970.005050 9969.863024 9969.854953 9969.990810 9969.970511 9969.990810 9969.854953 9969.863024 9970.005050 9969.488334 9969.296629 9969.826302 9969.914711 0.000000 0.000000
0.000000 0.000000 10570.289361 10570.480358 10569.953165 10570.136021 10570.655808 10570.512353 10570.504433 10570.642748 10570.622230 10570.642748 10570.504433 10570.512353 10570.655808 10570.136021 10569.953148 10570.477334 10570.566437 0.000000 0.000000
0.000000 0.000000 0.000000 0.000000 0.000000 0.000000 0.000000 0.000000 0.000000 0.000000 0.000000 0.000000 0.000000 0.000000 0.000000 0.000000 0.000000 0.000000 0.000000 0.000000 0.000000
0.000000 0.000000 0.000000 0.000000 0.000000 0.000000 0.000000 0.000000 0.000000 0.000000 0.000000 0.000000 0.000000 0.000000 0.000000 0.000000 0.000000 0.000000 0.000000 0.000000 0.000000