geotop/1.0zi/1.0Montebello/Templates/testdem/maps/_Erotot5684.asc
ncols         21
nrows         20
xllcorner     100.000000
yllcorner     100.000000
cellsize      50.000000
NODATA_value  -9999.0
0.000000 0.000000 0.000000 0.000000 0.000000 0.000000 0.000000 0.000000 0.000000 0.000000 0.000000 0.000000 0.000000 0.000000 0.000000 0.000000 0.000000 0.000000 0.000000 0.000000 0.000000
0.000000 0.000000 436.888286 436.091880 435.914601 435.706750 435.671730 435.777392 435.727266 435.901451 435.808372 435.605740 435.545428 435.624755 435.730119 435.631259 435.824203 436.017225 436.431911 0.000000 0.000000
0.000000 0.000000 32.982666 33.645901 33.935084 35.103451 34.849423 34.609906 34.432179 34.208894 34.419675 34.772452 34.588594 34.345942 34.799831 34.565796 33.737630 32.902962 32.306186 0.000000 0.000000
0.000000 0.000000 184.693918 186.032777 178.412352 175.636846 177.020893 171.966534 171.582209 171.132786 170.413900 168.036234 170.607810 168.746771 172.112027 177.701759 177.370864 180.607721 183.894510 0.000000 0.000000
0.000000 0.000000 1780.627682 1785.506680 1791.492212 1773.279786 1758.272333 1747.509076 1750.123961 1747.566358 1751.266784 1755.511943 1751.916353 1749.845859 1759.825089 1759.067229 1766.292640 1773.357096 1774.601090 0.000000 0.000000
0.000000 0.000000 3180.651873 3174.594526 3171.940140 3167.627897 3159.813533 3152.498509 3151.001120 3150.880424 3149.946417 3147.894530 3145.179447 3147.219476 3146.644182 3161.982013 3166.914535 3170.165029 3172.614781 0.000000 0.000000
0.000000 0.000000 4181.046383 4178.534848 4175.546091 4171.190872 4158.360730 4142.199762 4142.328374 4138.938452 4140.671456 4143.443133 4145.349633 4146.361061 4165.845681 4175.015527 4179.777675 4181.440814 4186.629495 0.000000 0.000000
0.000000 0.000000 4820.999156 4822.416807 4821.662754 4815.457623 4815.032958 4808.124585 4808.743405 4809.157516 4807.982870 4805.617422 4805.266981 4808.690542 4808.422574 4810.624658 4818.807575 4817.061944 4820.070779 0.000000 0.000000
0.000000 0.000000 5669.019512 5666.421285 5662.552130 5663.663336 5657.207395 5646.958948 5647.511915 5644.942919 5642.566545 5643.806037 5644.918577 5639.612689 5652.331408 5659.977828 5661.964803 5662.776767 5664.190068 0.000000 0.000000
0.000000 0.000000 6651.879797 6649.588055 6651.934959 6651.443779 6636.936453 6630.131871 6631.635014 6630.786999 6628.828238 6631.968076 6634.818584 6633.062985 6635.869836 6645.734950 6649.432767 6649.612197 6650.291542 0.000000 0.000000
0.000000 0.000000 7710.985372 7711.252773 7711.589025 7697.647460 7695.194873 7684.766580 7688.383688 7679.457242 7681.933639 7681.061220 7676.317315 7683.375789 7687.308147 7688.325800 7694.782776 7700.577089 7707.743312 0.000000 0.000000
0.000000 0.000000 8815.942156 8811.516545 8806.924625 8805.361221 8801.630589 8787.211497 8786.382060 8785.527605 8792.188546 8785.289839 8787.186996 8786.544340 8801.368804 8804.197186 8805.504007 8805.996448 8825.059503 0.000000 0.000000
0.000000 0.000000 9932.425223 9930.603520 9931.796075 9924.600658 9920.734594 9895.297140 9894.205677 9893.935516 9879.926743 9888.774049 9892.550789 9894.292930 9909.237490 9912.722291 9926.299467 9925.654301 9932.453825 0.000000 0.000000
0.000000 0.000000 11154.743780 11156.207865 11149.737659 11148.832142 11122.944012 11130.893473 11120.797456 11122.246332 11123.454424 11123.143029 11121.582625 11118.088556 11108.115360 11135.855570 11141.065708 11151.385231 11158.239724 0.000000 0.000000
0.000000 0.000000 12470.009052 12465.150176 12462.577095 12440.524856 12439.912496 12425.127375 12412.701064 12411.284561 12406.609553 12400.658038 12403.582530 12401.630870 12415.570299 12419.177881 12457.807834 12449.341195 12449.475213 0.000000 0.000000
0.000000 0.000000 13815.899422 13815.376007 13782.461772 13781.413586 13786.299823 13778.781206 13795.133337 13787.809701 13793.437421 13789.116652 13784.112200 13791.915083 13795.323778 13794.714970 13775.836515 13823.394102 13816.527192 0.000000 0.000000
0.000000 0.000000 15339.797744 15300.360485 15298.188160 15289.509800 15265.806386 15259.491557 15252.029927 15255.123048 15242.263035 15242.595476 15247.031891 15246.989951 15257.611593 15267.240325 15296.233668 15291.433224 15336.234142 0.000000 0.000000
0.000000 0.000000 16417.439952 16427.710870 16469.471973 16462.990085 16448.919056 16414.568964 16415.702627 16402.514837 16413.342321 16411.578973 16417.189498 16412.111560 16441.770333 16453.273065 16475.796501 16433.036704 16422.496956 0.000000 0.000000
0.000000 0.000000 0.000000 0.000000 0.000000 0.000000 0.000000 0.000000 0.000000 0.000000 0.000000 0.000000 0.000000 0.000000 0.000000 0.000000 0.000000 0.000000 0.000000 0.000000 0.000000
0.000000 0.000000 0.000000 0.000000 0.000000 0.000000 0.000000 0.000000 0.000000 0.000000 0.000000 0.000000 0.000000 0.000000 0.000000 0.000000 0.000000 0.000000 0.000000 0.000000 0.000000