geotop/1.0zi/1.0Montebello/Templates/testdem/maps/_Erotot7956.asc
ncols         21
nrows         20
xllcorner     100.000000
yllcorner     100.000000
cellsize      50.000000
NODATA_value  -9999.0
0.000000 0.000000 0.000000 0.000000 0.000000 0.000000 0.000000 0.000000 0.000000 0.000000 0.000000 0.000000 0.000000 0.000000 0.000000 0.000000 0.000000 0.000000 0.000000 0.000000 0.000000
0.000000 0.000000 663.050342 663.862994 663.328793 663.449878 662.454678 662.627989 662.615211 662.678610 663.110789 662.436196 662.314574 662.366855 662.727006 662.866318 663.685923 664.217724 664.418071 0.000000 0.000000
0.000000 0.000000 51.251696 50.274249 50.197805 50.586903 51.222561 50.904781 50.608969 50.471976 50.703472 51.063928 51.083049 51.233464 50.984101 50.471974 49.195025 48.339678 48.858208 0.000000 0.000000
0.000000 0.000000 354.470429 355.588987 343.529060 337.970387 338.515749 327.202301 327.324996 328.139038 324.479265 322.709633 324.856631 324.996428 335.261418 342.315983 346.937312 349.857155 354.732382 0.000000 0.000000
0.000000 0.000000 3210.500667 3211.694707 3214.284050 3190.717248 3171.231198 3160.528702 3159.731905 3155.071592 3161.912763 3166.953052 3162.461233 3161.045122 3176.106745 3179.590686 3190.269463 3199.125133 3198.987252 0.000000 0.000000
0.000000 0.000000 5095.050622 5089.820856 5086.329152 5080.270837 5065.169214 5055.129568 5056.012439 5054.937209 5051.641085 5045.952484 5044.977973 5048.169261 5047.636574 5067.718701 5075.610091 5082.402865 5085.561782 0.000000 0.000000
0.000000 0.000000 6399.477448 6396.277072 6391.748768 6384.679901 6370.874043 6348.877924 6347.804580 6344.021247 6345.445164 6349.144621 6350.651521 6351.137638 6379.036282 6389.078943 6394.692993 6397.491086 6402.745505 0.000000 0.000000
0.000000 0.000000 7518.173310 7518.228556 7515.202032 7505.006444 7502.440751 7492.971486 7493.147305 7492.970392 7492.003246 7488.022858 7487.340451 7493.566675 7495.481808 7500.437229 7513.015081 7511.583259 7516.625239 0.000000 0.000000
0.000000 0.000000 8986.237065 8981.477621 8975.089329 8974.417326 8963.219788 8947.731260 8948.983035 8944.404968 8942.357364 8942.063232 8944.544792 8938.749349 8957.564936 8971.572872 8973.538764 8977.274737 8978.700861 0.000000 0.000000
0.000000 0.000000 10667.189033 10663.489718 10663.631349 10658.962506 10638.402009 10628.500976 10628.064685 10627.822840 10624.382138 10627.823913 10630.969637 10630.248782 10637.266483 10651.841576 10659.641192 10661.646164 10662.803241 0.000000 0.000000
0.000000 0.000000 12508.255619 12507.180650 12504.137417 12483.341520 12477.339475 12461.256059 12467.018468 12453.589069 12457.749613 12455.908682 12448.929703 12458.964153 12468.610791 12471.638784 12484.424359 12491.546558 12502.361493 0.000000 0.000000
0.000000 0.000000 14504.480427 14496.149651 14487.826207 14483.931999 14473.344113 14452.994174 14449.236264 14449.942372 14457.326019 14446.123100 14450.366747 14450.178309 14473.087572 14481.944583 14485.022543 14489.078149 14512.607252 0.000000 0.000000
0.000000 0.000000 16580.911269 16575.740906 16575.992182 16561.462153 16554.195245 16504.369650 16502.641854 16501.643725 16479.964473 16492.526829 16496.844785 16501.693032 16536.501424 16543.970360 16567.725133 16567.398523 16575.012112 0.000000 0.000000
0.000000 0.000000 18963.829704 18966.030851 18952.003690 18946.764991 18886.902462 18907.810520 18891.707982 18892.977645 18899.811494 18894.705334 18892.453841 18887.462337 18865.696912 18930.338820 18937.012510 18957.594081 18967.459753 0.000000 0.000000
0.000000 0.000000 21637.928126 21629.020614 21619.597943 21552.809713 21567.936341 21534.423490 21514.791510 21511.429051 21499.204643 21488.397805 21494.944295 21493.673622 21531.142401 21519.203637 21614.581539 21595.390143 21592.788662 0.000000 0.000000
0.000000 0.000000 24427.641641 24424.047002 24328.062639 24357.932558 24358.196295 24348.946777 24392.633895 24377.453579 24397.887773 24389.494421 24374.234656 24399.119995 24399.811820 24401.447787 24318.795109 24459.612090 24451.141597 0.000000 0.000000
0.000000 0.000000 27758.334246 27618.300790 27655.569190 27607.837351 27534.446599 27518.877153 27478.982261 27490.651660 27446.347741 27450.804622 27473.989119 27454.119446 27488.012768 27534.401560 27652.309566 27569.188365 27717.976313 0.000000 0.000000
0.000000 0.000000 29024.007584 29159.887609 29287.902605 29289.755179 29294.016852 29182.010358 29200.235581 29163.120796 29219.515719 29209.086398 29205.198623 29217.172171 29309.654833 29307.817955 29311.329590 29206.318233 29071.590602 0.000000 0.000000
0.000000 0.000000 0.000000 0.000000 0.000000 0.000000 0.000000 0.000000 0.000000 0.000000 0.000000 0.000000 0.000000 0.000000 0.000000 0.000000 0.000000 0.000000 0.000000 0.000000 0.000000
0.000000 0.000000 0.000000 0.000000 0.000000 0.000000 0.000000 0.000000 0.000000 0.000000 0.000000 0.000000 0.000000 0.000000 0.000000 0.000000 0.000000 0.000000 0.000000 0.000000 0.000000