geotop/1.0zi/1.0Montebello/Templates/testdem/maps/_Erotot2031.asc
ncols         21
nrows         20
xllcorner     100.000000
yllcorner     100.000000
cellsize      50.000000
NODATA_value  -9999.0
0.000000 0.000000 0.000000 0.000000 0.000000 0.000000 0.000000 0.000000 0.000000 0.000000 0.000000 0.000000 0.000000 0.000000 0.000000 0.000000 0.000000 0.000000 0.000000 0.000000 0.000000
0.000000 0.000000 206.328374 206.330700 206.368186 206.358094 206.315506 206.331586 206.334266 206.323395 206.325572 206.323395 206.334266 206.331586 206.315506 206.358094 206.368186 206.330700 206.328374 0.000000 0.000000
0.000000 0.000000 11.118186 10.897094 9.116073 10.957965 11.166148 11.141556 11.149090 11.161129 11.157045 11.161129 11.149090 11.141556 11.166148 10.957965 9.116073 10.897094 11.118186 0.000000 0.000000
0.000000 0.000000 1420.665620 1420.456807 1420.649243 1418.583840 1420.826655 1420.369481 1420.398278 1421.134502 1421.153258 1421.134502 1420.398278 1420.369481 1420.826655 1418.583840 1420.649243 1420.456807 1420.665620 0.000000 0.000000
0.000000 0.000000 2869.672926 2869.460799 2868.859795 2869.544403 2869.990470 2869.794511 2869.751070 2869.915722 2869.885790 2869.915722 2869.751070 2869.794511 2869.990470 2869.544403 2868.859795 2869.460799 2869.672926 0.000000 0.000000
0.000000 0.000000 3728.458145 3728.291256 3727.679871 3727.796564 3728.672106 3728.400399 3728.427131 3728.746360 3728.788001 3728.746360 3728.427131 3728.400399 3728.672106 3727.796564 3727.679871 3728.291256 3728.458145 0.000000 0.000000
0.000000 0.000000 4876.993272 4876.859527 4876.295005 4876.412663 4877.159645 4876.927116 4876.959574 4877.242342 4877.296883 4877.242342 4876.959574 4876.927116 4877.159645 4876.412663 4876.295005 4876.859527 4876.993272 0.000000 0.000000
0.000000 0.000000 5967.567650 5967.457535 5966.929670 5967.051531 5967.700967 5967.501592 5967.530777 5967.783798 5967.839063 5967.783798 5967.530777 5967.501592 5967.700967 5967.051531 5966.929670 5967.457535 5967.567650 0.000000 0.000000
0.000000 0.000000 6993.981844 6993.880433 6993.376576 6993.496798 6994.102156 6993.917614 6993.944997 6994.183777 6994.238655 6994.183777 6993.944997 6993.917614 6994.102156 6993.496798 6993.376576 6993.880433 6993.981844 0.000000 0.000000
0.000000 0.000000 7968.234759 7968.160002 7967.666150 7967.824107 7968.341348 7968.176821 7968.208749 7968.425710 7968.478904 7968.425710 7968.208749 7968.176821 7968.341348 7967.824107 7967.666150 7968.160002 7968.234759 0.000000 0.000000
0.000000 0.000000 8895.997907 8895.914037 8895.438260 8895.570429 8896.102699 8895.937707 8895.965140 8896.180442 8896.231391 8896.180442 8895.965140 8895.937707 8896.102699 8895.570429 8895.438260 8895.914037 8895.997907 0.000000 0.000000
0.000000 0.000000 9786.039597 9785.953721 9785.493183 9785.618189 9786.139493 9785.980536 9786.006648 9786.215741 9786.266623 9786.215741 9786.006648 9785.980536 9786.139493 9785.618189 9785.493183 9785.953721 9786.039597 0.000000 0.000000
0.000000 0.000000 10647.455241 10647.372509 10646.917375 10647.043041 10647.547949 10647.392446 10647.418598 10647.623063 10647.672435 10647.623063 10647.418598 10647.392446 10647.547949 10647.043041 10646.917375 10647.372509 10647.455241 0.000000 0.000000
0.000000 0.000000 11483.404803 11483.328737 11482.881372 11483.025850 11483.494812 11483.345024 11483.372792 11483.570030 11483.618191 11483.570030 11483.372792 11483.345024 11483.494812 11483.025850 11482.881372 11483.328737 11483.404803 0.000000 0.000000
0.000000 0.000000 12296.605766 12296.526854 12296.080919 12296.214027 12296.690950 12296.541641 12296.568034 12296.764952 12296.812027 12296.764952 12296.568034 12296.541641 12296.690950 12296.214027 12296.080919 12296.526854 12296.605766 0.000000 0.000000
0.000000 0.000000 13088.994956 13088.917248 13088.481758 13088.607767 13089.074477 13088.929259 13088.955404 13089.147812 13089.194437 13089.147812 13088.955404 13088.929259 13089.074477 13088.607767 13088.481758 13088.917248 13088.994951 0.000000 0.000000
0.000000 0.000000 13861.213740 13861.136746 13860.701567 13860.830862 13861.291289 13861.146481 13861.172028 13861.361243 13861.406491 13861.361243 13861.172028 13861.146481 13861.291289 13860.830862 13860.701567 13861.136725 13861.213278 0.000000 0.000000
0.000000 0.000000 14646.984873 14647.248473 14646.820859 14646.945193 14647.403906 14647.260058 14647.283402 14647.470642 14647.514792 14647.470642 14647.283402 14647.260058 14647.403906 14646.945193 14646.820840 14647.245032 14647.321247 0.000000 0.000000
0.000000 0.000000 0.000000 0.000000 0.000000 0.000000 0.000000 0.000000 0.000000 0.000000 0.000000 0.000000 0.000000 0.000000 0.000000 0.000000 0.000000 0.000000 0.000000 0.000000 0.000000
0.000000 0.000000 0.000000 0.000000 0.000000 0.000000 0.000000 0.000000 0.000000 0.000000 0.000000 0.000000 0.000000 0.000000 0.000000 0.000000 0.000000 0.000000 0.000000 0.000000 0.000000