geotop/1.0zi/1.0Montebello/Templates/testdem/maps/_Erotot2826.asc
ncols         21
nrows         20
xllcorner     100.000000
yllcorner     100.000000
cellsize      50.000000
NODATA_value  -9999.0
0.000000 0.000000 0.000000 0.000000 0.000000 0.000000 0.000000 0.000000 0.000000 0.000000 0.000000 0.000000 0.000000 0.000000 0.000000 0.000000 0.000000 0.000000 0.000000 0.000000 0.000000
0.000000 0.000000 278.007407 278.010256 278.013637 278.131670 278.001777 278.005955 277.980421 278.019666 278.037625 278.019666 277.980421 278.005955 278.001777 278.131670 278.013637 278.010256 278.007407 0.000000 0.000000
0.000000 0.000000 14.752338 14.530255 12.779761 14.495541 14.787280 14.773772 14.804634 14.752402 14.704006 14.752402 14.804634 14.773772 14.787280 14.495541 12.779761 14.530255 14.752338 0.000000 0.000000
0.000000 0.000000 2093.666918 2093.347053 2093.683235 2091.818494 2093.822633 2093.264765 2093.260973 2094.119727 2094.371449 2094.119727 2093.260973 2093.264765 2093.822633 2091.818494 2093.683235 2093.347053 2093.666918 0.000000 0.000000
0.000000 0.000000 4138.570658 4138.402503 4137.746113 4138.339423 4138.877842 4138.737276 4138.703213 4138.856788 4138.820115 4138.856788 4138.703213 4138.737276 4138.877842 4138.339423 4137.746113 4138.402503 4138.570658 0.000000 0.000000
0.000000 0.000000 5375.683010 5375.480289 5374.923840 5375.074647 5375.878445 5375.587292 5375.606392 5375.956077 5376.079141 5375.956077 5375.606392 5375.587292 5375.878445 5375.074647 5374.923840 5375.480289 5375.683010 0.000000 0.000000
0.000000 0.000000 6980.873058 6980.704667 6980.197875 6980.336441 6981.022444 6980.770929 6980.795144 6981.105277 6981.233419 6981.105277 6980.795144 6980.770929 6981.022444 6980.336441 6980.197875 6980.704667 6980.873058 0.000000 0.000000
0.000000 0.000000 8479.690549 8479.549557 8479.079702 8479.219927 8479.808069 8479.592459 8479.614131 8479.890448 8480.009849 8479.890448 8479.614131 8479.592459 8479.808069 8479.219927 8479.079702 8479.549557 8479.690549 0.000000 0.000000
0.000000 0.000000 9867.768271 9867.640079 9867.195679 9867.335139 9867.873391 9867.675512 9867.695798 9867.954325 9868.067023 9867.954325 9867.695798 9867.675512 9867.873391 9867.335139 9867.195679 9867.640079 9867.768271 0.000000 0.000000
0.000000 0.000000 11168.506506 11168.406834 11167.974851 11168.151516 11168.598693 11168.422592 11168.447286 11168.681541 11168.786968 11168.681541 11168.447286 11168.422592 11168.598693 11168.151516 11167.974851 11168.406834 11168.506506 0.000000 0.000000
0.000000 0.000000 12386.657150 12386.551173 12386.140442 12386.292182 12386.748058 12386.573428 12386.593920 12386.823621 12386.922428 12386.823621 12386.593920 12386.573428 12386.748058 12386.292182 12386.140442 12386.551173 12386.657150 0.000000 0.000000
0.000000 0.000000 13544.441774 13544.336039 13543.942534 13544.088046 13544.527550 13544.360983 13544.380208 13544.601097 13544.696629 13544.601097 13544.380208 13544.360983 13544.527550 13544.088046 13543.942534 13544.336039 13544.441774 0.000000 0.000000
0.000000 0.000000 14649.505654 14649.405482 14649.019697 14649.166309 14649.584734 14649.423224 14649.442525 14649.656640 14649.747672 14649.656640 14649.442525 14649.423224 14649.584734 14649.166309 14649.019697 14649.405482 14649.505654 0.000000 0.000000
0.000000 0.000000 15711.332008 15711.239853 15710.864743 15711.028442 15711.408714 15711.254389 15711.275120 15711.479925 15711.567390 15711.479925 15711.275120 15711.254389 15711.408714 15711.028442 15710.864743 15711.239853 15711.332008 0.000000 0.000000
0.000000 0.000000 16732.637257 16732.543350 16732.173763 16732.325701 16732.709879 16732.557514 16732.576717 16732.778627 16732.862922 16732.778627 16732.576717 16732.557514 16732.709879 16732.325701 16732.173763 16732.543350 16732.637257 0.000000 0.000000
0.000000 0.000000 17716.717942 17716.626416 17716.268661 17716.413596 17716.784487 17716.637255 17716.656269 17716.852123 17716.933694 17716.852123 17716.656269 17716.637255 17716.784487 17716.413596 17716.268661 17716.626415 17716.717937 0.000000 0.000000
0.000000 0.000000 18666.081692 18665.992184 18665.638121 18665.785776 18666.146149 18666.001614 18666.020069 18666.210222 18666.288272 18666.210222 18666.020069 18666.001614 18666.146149 18665.785776 18665.638121 18665.992163 18666.081461 0.000000 0.000000
0.000000 0.000000 19628.291643 19628.673811 19628.327416 19628.470687 19628.824558 19628.683954 19628.700448 19628.886192 19628.960953 19628.886192 19628.700448 19628.683954 19628.824558 19628.470686 19628.327398 19628.670370 19628.756432 0.000000 0.000000
0.000000 0.000000 0.000000 0.000000 0.000000 0.000000 0.000000 0.000000 0.000000 0.000000 0.000000 0.000000 0.000000 0.000000 0.000000 0.000000 0.000000 0.000000 0.000000 0.000000 0.000000
0.000000 0.000000 0.000000 0.000000 0.000000 0.000000 0.000000 0.000000 0.000000 0.000000 0.000000 0.000000 0.000000 0.000000 0.000000 0.000000 0.000000 0.000000 0.000000 0.000000 0.000000