geotop/1.0zi/1.0Montebello/Templates/testdem/maps/_Erotot1525.asc
ncols         21
nrows         20
xllcorner     100.000000
yllcorner     100.000000
cellsize      50.000000
NODATA_value  -9999.0
0.000000 0.000000 0.000000 0.000000 0.000000 0.000000 0.000000 0.000000 0.000000 0.000000 0.000000 0.000000 0.000000 0.000000 0.000000 0.000000 0.000000 0.000000 0.000000 0.000000 0.000000
0.000000 0.000000 170.143518 170.145144 170.180679 170.160249 170.135354 170.145292 170.147062 170.140916 170.141733 170.140916 170.147062 170.145292 170.135354 170.160249 170.180679 170.145144 170.143518 0.000000 0.000000
0.000000 0.000000 10.082799 9.862805 8.085629 9.939297 10.126454 10.108564 10.117695 10.126322 10.124040 10.126322 10.117695 10.108564 10.126454 9.939297 8.085629 9.862805 10.082799 0.000000 0.000000
0.000000 0.000000 1209.256450 1209.042213 1209.216843 1207.239566 1209.565720 1209.147396 1209.096631 1209.694935 1209.650597 1209.694935 1209.096631 1209.147396 1209.565720 1207.239566 1209.216843 1209.042213 1209.256450 0.000000 0.000000
0.000000 0.000000 2252.776137 2252.562819 2251.968742 2252.664665 2253.116290 2252.919141 2252.874902 2253.029386 2252.982961 2253.029386 2252.874902 2252.919141 2253.116290 2252.664665 2251.968742 2252.562819 2252.776137 0.000000 0.000000
0.000000 0.000000 2955.971251 2955.801140 2955.189112 2955.388639 2956.293589 2956.043962 2956.017804 2956.259151 2956.235498 2956.259151 2956.017804 2956.043962 2956.293589 2955.388639 2955.189112 2955.801140 2955.971251 0.000000 0.000000
0.000000 0.000000 3855.249758 3855.112746 3854.544651 3854.739135 3855.517048 3855.303731 3855.288362 3855.488800 3855.468907 3855.488800 3855.288362 3855.303731 3855.517048 3854.739135 3854.544651 3855.112746 3855.249758 0.000000 0.000000
0.000000 0.000000 4708.489402 4708.376016 4707.841911 4708.033433 4708.714965 4708.532202 4708.518687 4708.694143 4708.675169 4708.694143 4708.518687 4708.532202 4708.714965 4708.033433 4707.841911 4708.376016 4708.489402 0.000000 0.000000
0.000000 0.000000 5514.948498 5514.843275 5514.330807 5514.516097 5515.155189 5514.985124 5514.973197 5515.139367 5515.121821 5515.139367 5514.973197 5514.985124 5515.155189 5514.516097 5514.330807 5514.843275 5514.948498 0.000000 0.000000
0.000000 0.000000 6284.445910 6284.367544 6283.862674 6284.083867 6284.634725 6284.483395 6284.478370 6284.626267 6284.608635 6284.626267 6284.478370 6284.483395 6284.634725 6284.083867 6283.862674 6284.367544 6284.445910 0.000000 0.000000
0.000000 0.000000 7021.204083 7021.116190 7020.627242 7020.821167 7021.388663 7021.235494 7021.227450 7021.376833 7021.358258 7021.376833 7021.227450 7021.235494 7021.388663 7020.821167 7020.627242 7021.116190 7021.204083 0.000000 0.000000
0.000000 0.000000 7732.263005 7732.172526 7731.696623 7731.880464 7732.439002 7732.290201 7732.282895 7732.429917 7732.412539 7732.429917 7732.282895 7732.290201 7732.439002 7731.880464 7731.696623 7732.172526 7732.263005 0.000000 0.000000
0.000000 0.000000 8425.373442 8425.285338 8424.812969 8424.997366 8425.541140 8425.395047 8425.388333 8425.532563 8425.514674 8425.532563 8425.388333 8425.395047 8425.541140 8424.997366 8424.812969 8425.285338 8425.373442 0.000000 0.000000
0.000000 0.000000 9099.493377 9099.411808 9098.944758 9099.148331 9099.656850 9099.515557 9099.511357 9099.650427 9099.632068 9099.650427 9099.511357 9099.515557 9099.656850 9099.148331 9098.944758 9099.411808 9099.493377 0.000000 0.000000
0.000000 0.000000 9758.502887 9758.418456 9757.950004 9758.142507 9758.660738 9758.519122 9758.513893 9758.654378 9758.635552 9758.654378 9758.513893 9758.519122 9758.660738 9758.142507 9757.950004 9758.418456 9758.502887 0.000000 0.000000
0.000000 0.000000 10403.940287 10403.856724 10403.397805 10403.582625 10404.091920 10403.953759 10403.948644 10404.085795 10404.067212 10404.085795 10403.948644 10403.953759 10404.091920 10403.582625 10403.397805 10403.856724 10403.940283 0.000000 0.000000
0.000000 0.000000 11034.853386 11034.770433 11034.308655 11034.496496 11035.002448 11034.863032 11034.857788 11034.993830 11034.974328 11034.993830 11034.857788 11034.863032 11035.002448 11034.496496 11034.308654 11034.770413 11034.853086 0.000000 0.000000
0.000000 0.000000 11685.343751 11685.575005 11685.119505 11685.298874 11685.806463 11685.666079 11685.660961 11685.799006 11685.779378 11685.799006 11685.660961 11685.666079 11685.806463 11685.298873 11685.119487 11685.571856 11685.654875 0.000000 0.000000
0.000000 0.000000 0.000000 0.000000 0.000000 0.000000 0.000000 0.000000 0.000000 0.000000 0.000000 0.000000 0.000000 0.000000 0.000000 0.000000 0.000000 0.000000 0.000000 0.000000 0.000000
0.000000 0.000000 0.000000 0.000000 0.000000 0.000000 0.000000 0.000000 0.000000 0.000000 0.000000 0.000000 0.000000 0.000000 0.000000 0.000000 0.000000 0.000000 0.000000 0.000000 0.000000