geotop/1.0zi/1.0Montebello/Templates/testdem/maps/_Erotot5140.asc
ncols         21
nrows         20
xllcorner     100.000000
yllcorner     100.000000
cellsize      50.000000
NODATA_value  -9999.0
0.000000 0.000000 0.000000 0.000000 0.000000 0.000000 0.000000 0.000000 0.000000 0.000000 0.000000 0.000000 0.000000 0.000000 0.000000 0.000000 0.000000 0.000000 0.000000 0.000000 0.000000
0.000000 0.000000 376.989180 376.080780 375.783631 375.581926 375.545130 375.629571 375.587669 375.748525 375.701906 375.574745 375.643461 375.683972 375.615999 375.671401 375.866496 375.840952 376.400747 0.000000 0.000000
0.000000 0.000000 28.736452 29.695307 30.098106 31.169136 30.720967 30.705437 30.523324 30.309853 30.390811 30.726102 30.407993 30.237582 30.784303 30.415222 29.577716 28.879119 28.223048 0.000000 0.000000
0.000000 0.000000 152.451185 153.847670 146.680642 144.673912 145.843589 141.153563 140.344174 140.434373 139.050621 137.955789 139.071181 137.567766 140.169684 144.947071 144.466448 147.907012 150.630205 0.000000 0.000000
0.000000 0.000000 1517.571870 1521.424607 1526.740461 1509.016489 1497.906591 1489.554506 1492.144044 1486.681126 1490.512784 1494.571829 1494.921315 1495.337301 1504.702587 1503.888427 1510.472836 1515.895821 1517.690546 0.000000 0.000000
0.000000 0.000000 2815.454932 2810.689521 2807.582383 2803.832142 2796.174681 2793.038050 2790.146031 2791.949040 2791.208461 2789.193673 2785.665262 2786.624156 2785.749205 2799.153311 2804.471338 2806.388922 2809.544036 0.000000 0.000000
0.000000 0.000000 3695.703218 3692.894528 3688.530366 3685.242024 3673.268546 3656.654422 3657.395234 3654.341204 3656.947410 3656.530822 3659.424420 3662.069921 3677.496843 3686.315221 3692.261843 3695.630236 3700.971001 0.000000 0.000000
0.000000 0.000000 4275.237442 4274.591240 4275.333219 4269.964484 4268.972731 4263.547543 4264.148384 4264.495308 4261.811790 4262.564460 4261.756698 4260.665618 4263.642057 4267.556682 4270.591035 4270.912437 4271.340575 0.000000 0.000000
0.000000 0.000000 5013.176032 5013.373173 5011.150846 5007.729283 5002.310801 4993.838682 4993.830789 4992.248512 4992.256651 4993.214135 4992.582255 4993.251754 4998.719527 5006.609950 5007.354224 5009.561743 5013.693235 0.000000 0.000000
0.000000 0.000000 5880.843027 5879.947762 5880.555851 5879.240455 5869.635845 5863.049317 5864.567656 5863.625733 5863.543912 5863.458450 5862.956839 5861.419725 5870.774880 5876.296330 5876.010274 5878.576734 5879.591123 0.000000 0.000000
0.000000 0.000000 6808.924494 6807.570225 6807.228534 6798.718679 6795.384297 6784.950368 6784.954815 6782.741562 6782.380221 6783.657612 6782.839629 6783.032950 6787.282361 6791.588946 6800.749130 6802.808713 6806.657672 0.000000 0.000000
0.000000 0.000000 7771.705392 7771.070399 7769.543621 7765.052567 7759.101567 7749.926643 7748.635109 7748.376328 7748.147921 7747.344337 7747.348072 7747.568226 7757.561180 7763.615709 7764.300850 7766.427841 7784.284782 0.000000 0.000000
0.000000 0.000000 8741.259345 8739.700345 8737.161083 8733.464891 8724.758750 8702.814357 8703.068515 8701.376771 8700.919021 8701.673277 8700.455202 8701.008087 8719.519471 8727.947155 8732.839325 8734.963350 8737.934704 0.000000 0.000000
0.000000 0.000000 9792.207969 9789.332283 9787.727382 9783.005839 9761.028451 9768.977916 9762.432699 9761.680460 9761.742654 9762.141428 9761.310744 9761.378124 9754.366404 9775.755413 9780.121092 9786.635670 9787.011098 0.000000 0.000000
0.000000 0.000000 10912.572075 10908.384562 10903.614247 10887.383031 10883.726011 10866.973328 10858.124914 10856.501558 10851.456137 10851.245271 10852.951379 10850.688470 10862.337718 10870.056908 10895.899693 10891.818492 10893.562379 0.000000 0.000000
0.000000 0.000000 12044.300725 12044.250138 12019.860852 12018.222808 12017.209626 12014.707186 12017.835638 12018.214574 12021.073013 12020.951305 12017.731704 12024.231418 12022.698516 12021.755549 12012.526842 12042.847122 12048.502462 0.000000 0.000000
0.000000 0.000000 13323.825437 13293.755181 13283.916027 13277.597414 13258.281470 13250.079022 13247.824448 13247.062124 13242.180152 13242.667776 13243.821045 13240.218068 13246.679004 13266.770297 13281.021740 13281.904339 13313.412249 0.000000 0.000000
0.000000 0.000000 14253.803999 14260.396656 14290.542152 14279.726689 14272.261933 14243.210397 14240.993651 14238.047207 14240.127253 14239.920624 14238.374042 14240.859447 14267.916613 14276.873704 14288.843637 14257.340073 14258.177058 0.000000 0.000000
0.000000 0.000000 0.000000 0.000000 0.000000 0.000000 0.000000 0.000000 0.000000 0.000000 0.000000 0.000000 0.000000 0.000000 0.000000 0.000000 0.000000 0.000000 0.000000 0.000000 0.000000
0.000000 0.000000 0.000000 0.000000 0.000000 0.000000 0.000000 0.000000 0.000000 0.000000 0.000000 0.000000 0.000000 0.000000 0.000000 0.000000 0.000000 0.000000 0.000000 0.000000 0.000000