geotop/1.0zi/1.0Montebello/Templates/testdem/maps/_Erotot8545.asc
ncols         21
nrows         20
xllcorner     100.000000
yllcorner     100.000000
cellsize      50.000000
NODATA_value  -9999.0
0.000000 0.000000 0.000000 0.000000 0.000000 0.000000 0.000000 0.000000 0.000000 0.000000 0.000000 0.000000 0.000000 0.000000 0.000000 0.000000 0.000000 0.000000 0.000000 0.000000 0.000000
0.000000 0.000000 686.608668 687.426953 686.862257 686.954893 685.932898 686.089235 686.075066 686.151490 686.527127 685.902767 685.784638 685.832745 686.208187 686.365096 687.205121 687.757257 687.975757 0.000000 0.000000
0.000000 0.000000 53.426587 52.424495 52.684288 52.758528 53.398462 53.044534 52.750453 52.605723 52.826681 53.139520 53.207127 53.309248 53.146329 52.631844 51.356116 50.500316 51.023034 0.000000 0.000000
0.000000 0.000000 354.321676 355.425662 343.042564 337.800441 338.341346 327.035659 327.132496 327.964996 324.311812 322.507541 324.665992 324.857868 335.045964 342.181534 346.799112 349.790088 355.003806 0.000000 0.000000
0.000000 0.000000 3504.331318 3501.447934 3502.419761 3475.141566 3452.376042 3442.377710 3441.567335 3435.648666 3444.631181 3451.849199 3451.079721 3446.094195 3462.396376 3464.631705 3478.068549 3486.704019 3487.574092 0.000000 0.000000
0.000000 0.000000 5597.168742 5593.297251 5588.387044 5583.735321 5568.086705 5557.483504 5559.122675 5557.802500 5553.994463 5548.050061 5546.497036 5550.356296 5549.862865 5571.548261 5577.713246 5583.768995 5586.455536 0.000000 0.000000
0.000000 0.000000 6932.520839 6927.836132 6925.397210 6917.731529 6903.402272 6878.049306 6877.313874 6874.784247 6874.800180 6879.394859 6880.076746 6880.942530 6910.247414 6920.153464 6925.862843 6929.267401 6934.354240 0.000000 0.000000
0.000000 0.000000 8197.197482 8197.259631 8193.726322 8182.478549 8179.942784 8170.709280 8170.948171 8168.682514 8169.000713 8164.961281 8163.772783 8170.693472 8172.776185 8177.942964 8191.618104 8189.552944 8195.231626 0.000000 0.000000
0.000000 0.000000 9850.560733 9845.086836 9838.651418 9837.760286 9824.020258 9807.488642 9809.501414 9805.743550 9803.146792 9802.964475 9805.744638 9799.502870 9819.772533 9834.362588 9836.361160 9840.626042 9842.503685 0.000000 0.000000
0.000000 0.000000 11746.263697 11741.725584 11741.414369 11736.944475 11714.599115 11703.968104 11702.993037 11702.715216 11698.901851 11703.441786 11706.407462 11705.850167 11713.276218 11729.467292 11737.443699 11740.064159 11740.688931 0.000000 0.000000
0.000000 0.000000 13838.316656 13837.776134 13835.430991 13810.498646 13805.043587 13785.348968 13793.747842 13777.275371 13783.660739 13780.491093 13773.481854 13783.621416 13795.807116 13798.151702 13812.885288 13819.621285 13831.940503 0.000000 0.000000
0.000000 0.000000 16127.373982 16116.690874 16107.368037 16105.326149 16090.699573 16070.836997 16064.582524 16067.592264 16074.020665 16062.417397 16068.829893 16067.096365 16091.799397 16103.337779 16105.466618 16110.955847 16135.068297 0.000000 0.000000
0.000000 0.000000 18534.041770 18527.233021 18530.244585 18510.655650 18503.962786 18445.238680 18443.118959 18442.762520 18417.096133 18433.960190 18436.528030 18442.690393 18484.705319 18491.421028 18519.593000 18517.793248 18526.283595 0.000000 0.000000
0.000000 0.000000 21334.828036 21337.886155 21321.075461 21315.414347 21242.020444 21269.856597 21252.580570 21253.117173 21263.639469 21254.786236 21254.166385 21244.845011 21217.198635 21298.102150 21302.460887 21327.590421 21338.598133 0.000000 0.000000
0.000000 0.000000 24496.672005 24485.728548 24473.276317 24389.586347 24414.596299 24371.232722 24348.739182 24345.368865 24328.384816 24317.769483 24326.095054 24325.789281 24372.799385 24348.991130 24469.523746 24442.550456 24438.319239 0.000000 0.000000
0.000000 0.000000 27742.321094 27737.582782 27618.717972 27667.155446 27662.481789 27656.830459 27713.742493 27695.176242 27723.986259 27715.558895 27695.269103 27725.419091 27721.325003 27725.812923 27606.670305 27788.888696 27779.930961 0.000000 0.000000
0.000000 0.000000 31503.398549 31334.648769 31397.604073 31332.463502 31245.280537 31224.315061 31169.004092 31184.700661 31127.817689 31135.536421 31167.024121 31136.627387 31180.485440 31237.075554 31393.796981 31266.415536 31446.101199 0.000000 0.000000
0.000000 0.000000 32543.326325 32717.486984 32855.068625 32862.240279 32877.287530 32753.734284 32780.603839 32738.143031 32808.328283 32796.130656 32787.554480 32804.979532 32904.356151 32894.429452 32881.223210 32777.639580 32604.281211 0.000000 0.000000
0.000000 0.000000 0.000000 0.000000 0.000000 0.000000 0.000000 0.000000 0.000000 0.000000 0.000000 0.000000 0.000000 0.000000 0.000000 0.000000 0.000000 0.000000 0.000000 0.000000 0.000000
0.000000 0.000000 0.000000 0.000000 0.000000 0.000000 0.000000 0.000000 0.000000 0.000000 0.000000 0.000000 0.000000 0.000000 0.000000 0.000000 0.000000 0.000000 0.000000 0.000000 0.000000