geotop/1.0zi/1.0Montebello/Templates/testdem/maps/_Erotot3619.asc
ncols         21
nrows         20
xllcorner     100.000000
yllcorner     100.000000
cellsize      50.000000
NODATA_value  -9999.0
0.000000 0.000000 0.000000 0.000000 0.000000 0.000000 0.000000 0.000000 0.000000 0.000000 0.000000 0.000000 0.000000 0.000000 0.000000 0.000000 0.000000 0.000000 0.000000 0.000000 0.000000
0.000000 0.000000 377.334365 377.337225 377.340771 377.459749 377.327297 377.333060 377.306717 377.346674 377.361378 377.346674 377.306717 377.333060 377.327297 377.459749 377.340771 377.337225 377.334365 0.000000 0.000000
0.000000 0.000000 11.658413 11.417024 9.663724 11.345702 11.663521 11.591871 11.683161 11.572365 11.942159 11.572365 11.683161 11.591871 11.663521 11.345702 9.663724 11.417024 11.658413 0.000000 0.000000
0.000000 0.000000 2771.160080 2770.367748 2770.856392 2769.031956 2770.520988 2770.147368 2769.594631 2770.674339 2770.582145 2770.674338 2769.594631 2770.147368 2770.520988 2769.031955 2770.856392 2770.367748 2771.160080 0.000000 0.000000
0.000000 0.000000 5321.119777 5321.094939 5320.276105 5320.854343 5321.534210 5321.241257 5321.333065 5321.095304 5321.316328 5321.095304 5321.333065 5321.241257 5321.534210 5320.854343 5320.276105 5321.094939 5321.119777 0.000000 0.000000
0.000000 0.000000 6881.366073 6880.967405 6880.501212 6880.641201 6881.282713 6881.003682 6880.824091 6881.060365 6881.278465 6881.060365 6880.824091 6881.003682 6881.282713 6880.641201 6880.501212 6880.967405 6881.366073 0.000000 0.000000
0.000000 0.000000 8870.108638 8869.769873 8869.348211 8869.472450 8870.022458 8869.777109 8869.619282 8869.817049 8870.032750 8869.817049 8869.619282 8869.777109 8870.022458 8869.472450 8869.348211 8869.769873 8870.108638 0.000000 0.000000
0.000000 0.000000 10704.540901 10704.252316 10703.867730 10703.994291 10704.459373 10704.249240 10704.110299 10704.282946 10704.477207 10704.282946 10704.110299 10704.249240 10704.459373 10703.994291 10703.867730 10704.252316 10704.540901 0.000000 0.000000
0.000000 0.000000 12385.852861 12385.595874 12385.235634 12385.359797 12385.786630 12385.594762 12385.467631 12385.627067 12385.809786 12385.627067 12385.467631 12385.594762 12385.786630 12385.359797 12385.235634 12385.595874 12385.852861 0.000000 0.000000
0.000000 0.000000 13943.068645 13942.854045 13942.504321 13942.664305 13943.010613 13942.839168 13942.726655 13942.867559 13943.033570 13942.867559 13942.726655 13942.839168 13943.010613 13942.664305 13942.504321 13942.854045 13943.068645 0.000000 0.000000
0.000000 0.000000 15387.517396 15387.308055 15386.980452 15387.114913 15387.473187 15387.303720 15387.196909 15387.337651 15387.493682 15387.337651 15387.196909 15387.303720 15387.473187 15387.114913 15386.980452 15387.308055 15387.517396 0.000000 0.000000
0.000000 0.000000 16745.754263 16745.557652 16745.252549 16745.381739 16745.729294 16745.568122 16745.464840 16745.605472 16745.750900 16745.605472 16745.464840 16745.568122 16745.729294 16745.381739 16745.252549 16745.557652 16745.754263 0.000000 0.000000
0.000000 0.000000 18026.945901 18026.763240 18026.466230 18026.596010 18026.923896 18026.771226 18026.674297 18026.811255 18026.946827 18026.811255 18026.674297 18026.771226 18026.923896 18026.596010 18026.466230 18026.763240 18026.945901 0.000000 0.000000
0.000000 0.000000 19245.342377 19245.174039 19244.888124 19245.033145 19245.326181 19245.180312 19245.090354 19245.220367 19245.348848 19245.220367 19245.090354 19245.180312 19245.326181 19245.033145 19244.888124 19245.174039 19245.342377 0.000000 0.000000
0.000000 0.000000 20405.431352 20405.263727 20404.983254 20405.115664 20405.412479 20405.277354 20405.193827 20405.323946 20405.445040 20405.323945 20405.193827 20405.277354 20405.412479 20405.115664 20404.983254 20405.263727 20405.431352 0.000000 0.000000
0.000000 0.000000 21510.118294 21509.958366 21509.688879 21509.813225 21510.098511 21509.965960 21509.885428 21510.009415 21510.126032 21510.009415 21509.885428 21509.965960 21510.098511 21509.813225 21509.688879 21509.958366 21510.118290 0.000000 0.000000
0.000000 0.000000 22567.610134 22567.456642 22567.190375 22567.317649 22567.589078 22567.460440 22567.384205 22567.504263 22567.613607 22567.504263 22567.384205 22567.460440 22567.589078 22567.317649 22567.190375 22567.456621 22567.609990 0.000000 0.000000
0.000000 0.000000 23629.410323 23629.801697 23629.542946 23629.665673 23629.930751 23629.806428 23629.732891 23629.849382 23629.954723 23629.849382 23629.732891 23629.806428 23629.930751 23629.665673 23629.542929 23629.798389 23629.944086 0.000000 0.000000
0.000000 0.000000 0.000000 0.000000 0.000000 0.000000 0.000000 0.000000 0.000000 0.000000 0.000000 0.000000 0.000000 0.000000 0.000000 0.000000 0.000000 0.000000 0.000000 0.000000 0.000000
0.000000 0.000000 0.000000 0.000000 0.000000 0.000000 0.000000 0.000000 0.000000 0.000000 0.000000 0.000000 0.000000 0.000000 0.000000 0.000000 0.000000 0.000000 0.000000 0.000000 0.000000