geotop/1.0zi/1.0Montebello/Templates/testdem/maps/_Erotot2140.asc
ncols         21
nrows         20
xllcorner     100.000000
yllcorner     100.000000
cellsize      50.000000
NODATA_value  -9999.0
0.000000 0.000000 0.000000 0.000000 0.000000 0.000000 0.000000 0.000000 0.000000 0.000000 0.000000 0.000000 0.000000 0.000000 0.000000 0.000000 0.000000 0.000000 0.000000 0.000000 0.000000
0.000000 0.000000 208.616613 208.619422 208.658382 208.686399 208.599704 208.621124 208.624682 208.608200 208.612023 208.608200 208.624682 208.621124 208.599704 208.686399 208.658382 208.619422 208.616613 0.000000 0.000000
0.000000 0.000000 12.307362 12.085626 10.302482 12.106971 12.358562 12.329367 12.336019 12.353819 12.347853 12.353819 12.336019 12.329367 12.358562 12.106971 10.302482 12.085626 12.307362 0.000000 0.000000
0.000000 0.000000 1435.570649 1435.249500 1435.583805 1433.708021 1435.719913 1435.162126 1435.156895 1435.923795 1436.025019 1435.923795 1435.156895 1435.162126 1435.719913 1433.708021 1435.583805 1435.249500 1435.570649 0.000000 0.000000
0.000000 0.000000 2990.898276 2990.724245 2990.063482 2990.645113 2991.197958 2991.057928 2991.021880 2991.170084 2991.116808 2991.170084 2991.021880 2991.057928 2991.197958 2990.645113 2990.063482 2990.724245 2990.898276 0.000000 0.000000
0.000000 0.000000 3876.327189 3876.118783 3875.552054 3875.699437 3876.523554 3876.227603 3876.246985 3876.572274 3876.636437 3876.572274 3876.246985 3876.227603 3876.523554 3875.699437 3875.552054 3876.118783 3876.327189 0.000000 0.000000
0.000000 0.000000 5071.588405 5071.414671 5070.893263 5071.032501 5071.738234 5071.481814 5071.506964 5071.794087 5071.870374 5071.794087 5071.506964 5071.481814 5071.738234 5071.032501 5070.893263 5071.414671 5071.588405 0.000000 0.000000
0.000000 0.000000 6205.784189 6205.637883 6205.150173 6205.293375 6205.902670 6205.681422 6205.703877 6205.960793 6206.035706 6205.960793 6205.703877 6205.681422 6205.902670 6205.293375 6205.150173 6205.637883 6205.784189 0.000000 0.000000
0.000000 0.000000 7272.129293 7271.994632 7271.529242 7271.673130 7272.236180 7272.031162 7272.052250 7272.294905 7272.367895 7272.294905 7272.052250 7272.031162 7272.236180 7271.673130 7271.529242 7271.994632 7272.129293 0.000000 0.000000
0.000000 0.000000 8283.302467 8283.196506 8282.740192 8282.924205 8283.396782 8283.212695 8283.238622 8283.459651 8283.529871 8283.459651 8283.238622 8283.212695 8283.396782 8282.924205 8282.740192 8283.196506 8283.302467 0.000000 0.000000
0.000000 0.000000 9244.964319 9244.851178 9244.413137 9244.573909 9245.058397 9244.874123 9244.895934 9245.115567 9245.182887 9245.115567 9244.895934 9244.874123 9245.058397 9244.573909 9244.413137 9244.851178 9244.964319 0.000000 0.000000
0.000000 0.000000 10167.134357 10167.020355 10166.596897 10166.752226 10167.223838 10167.046373 10167.066977 10167.280419 10167.346945 10167.280419 10167.066977 10167.046373 10167.223838 10166.752226 10166.596897 10167.020355 10167.134357 0.000000 0.000000
0.000000 0.000000 11059.310898 11059.201159 11058.782886 11058.940328 11059.393760 11059.220232 11059.241016 11059.449880 11059.514336 11059.449880 11059.241016 11059.220232 11059.393760 11058.940328 11058.782886 11059.201159 11059.310898 0.000000 0.000000
0.000000 0.000000 11924.278748 11924.176601 11923.765897 11923.943136 11924.359400 11924.192094 11924.214625 11924.416292 11924.479023 11924.416292 11924.214625 11924.192094 11924.359400 11923.943136 11923.765897 11924.176601 11924.278748 0.000000 0.000000
0.000000 0.000000 12764.513422 12764.409331 12764.000349 12764.167174 12764.589968 12764.423417 12764.444705 12764.645988 12764.707258 12764.645988 12764.444705 12764.423417 12764.589968 12764.167174 12764.000349 12764.409331 12764.513422 0.000000 0.000000
0.000000 0.000000 13582.484761 13582.382610 13581.983995 13582.144406 13582.556008 13582.393798 13582.414954 13582.611744 13582.672214 13582.611744 13582.414954 13582.393798 13582.556008 13582.144406 13581.983995 13582.382610 13582.484757 0.000000 0.000000
0.000000 0.000000 14378.711996 14378.611064 14378.212631 14378.376713 14378.781288 14378.620112 14378.640717 14378.834124 14378.892849 14378.834124 14378.640717 14378.620112 14378.781288 14378.376713 14378.212631 14378.611043 14378.711512 0.000000 0.000000
0.000000 0.000000 15186.853888 15187.100481 15186.707713 15186.867791 15187.269918 15187.111184 15187.129883 15187.321014 15187.377395 15187.321014 15187.129883 15187.111184 15187.269918 15186.867791 15186.707694 15187.097002 15187.194995 0.000000 0.000000
0.000000 0.000000 0.000000 0.000000 0.000000 0.000000 0.000000 0.000000 0.000000 0.000000 0.000000 0.000000 0.000000 0.000000 0.000000 0.000000 0.000000 0.000000 0.000000 0.000000 0.000000
0.000000 0.000000 0.000000 0.000000 0.000000 0.000000 0.000000 0.000000 0.000000 0.000000 0.000000 0.000000 0.000000 0.000000 0.000000 0.000000 0.000000 0.000000 0.000000 0.000000 0.000000