geotop/1.0zi/1.0Montebello/Templates/testdem/maps/_Erotot6124.asc
ncols         21
nrows         20
xllcorner     100.000000
yllcorner     100.000000
cellsize      50.000000
NODATA_value  -9999.0
0.000000 0.000000 0.000000 0.000000 0.000000 0.000000 0.000000 0.000000 0.000000 0.000000 0.000000 0.000000 0.000000 0.000000 0.000000 0.000000 0.000000 0.000000 0.000000 0.000000 0.000000
0.000000 0.000000 469.225672 468.418810 468.226509 468.503094 467.966925 468.036839 467.980718 468.158877 468.547326 467.859645 467.798092 467.877758 468.022122 467.933388 468.633635 468.837775 468.767234 0.000000 0.000000
0.000000 0.000000 35.230527 35.906663 36.206076 36.919163 37.120728 36.904822 36.732703 36.511030 36.784682 37.085643 36.896119 37.134753 37.054574 36.829083 35.516362 34.677433 35.053476 0.000000 0.000000
0.000000 0.000000 192.851862 193.547064 185.964772 183.613191 184.983888 179.901160 179.007046 179.133589 177.425696 175.479400 177.919893 175.656901 179.943391 185.618903 185.523695 187.841204 192.046345 0.000000 0.000000
0.000000 0.000000 1890.281287 1894.552393 1898.626501 1878.729356 1863.714885 1852.296597 1855.348854 1851.884659 1855.861778 1860.529435 1857.316718 1855.685137 1865.539812 1866.251627 1874.699212 1882.552261 1883.948234 0.000000 0.000000
0.000000 0.000000 3375.393661 3370.259535 3367.334891 3362.530814 3353.555842 3346.347353 3344.375218 3344.528181 3342.967439 3340.232130 3337.397408 3339.671491 3341.324028 3357.394481 3362.607575 3366.805160 3369.057373 0.000000 0.000000
0.000000 0.000000 4522.622247 4519.979301 4516.659535 4512.387424 4499.342992 4482.115756 4482.223711 4478.635772 4480.622337 4483.421082 4485.512947 4486.678178 4506.787099 4516.435306 4520.949512 4522.346871 4527.754047 0.000000 0.000000
0.000000 0.000000 5185.157464 5186.467023 5185.070843 5178.498824 5177.745143 5170.416501 5170.928617 5171.299160 5169.978612 5167.525495 5167.267382 5170.917174 5171.401685 5174.275325 5182.812022 5181.209917 5184.558237 0.000000 0.000000
0.000000 0.000000 6120.188486 6117.428510 6112.856029 6113.553143 6106.678463 6095.902225 6096.313803 6093.651015 6091.095625 6092.239230 6093.363573 6088.370455 6102.026267 6110.543527 6112.900234 6113.915627 6115.697928 0.000000 0.000000
0.000000 0.000000 7203.114513 7200.647434 7202.343575 7201.414006 7186.376450 7178.808266 7180.180759 7179.255470 7177.108266 7180.212027 7183.498083 7181.668148 7185.340049 7196.277546 7200.458512 7200.823718 7201.822513 0.000000 0.000000
0.000000 0.000000 8372.303854 8372.424774 8372.085751 8357.460443 8354.657937 8343.628209 8347.161382 8337.987746 8340.347741 8339.320998 8334.456918 8342.057945 8346.970737 8348.664972 8355.599403 8361.721296 8369.367666 0.000000 0.000000
0.000000 0.000000 9598.147464 9593.446280 9587.984353 9585.944527 9581.696435 9566.433622 9565.348739 9564.472628 9571.116736 9563.907710 9565.972047 9565.597425 9581.776891 9585.548561 9587.300373 9587.982564 9607.903212 0.000000 0.000000
0.000000 0.000000 10841.503779 10839.505472 10840.169810 10832.368103 10828.031907 10799.944767 10798.481939 10798.101641 10783.315397 10792.435323 10796.420703 10798.758346 10816.277231 10820.491948 10835.097080 10834.639934 10841.781517 0.000000 0.000000
0.000000 0.000000 12208.370079 12209.688469 12202.232359 12200.853157 12171.623149 12180.223067 12169.544351 12171.030786 12172.097447 12171.510194 12170.102308 12166.611451 12156.557166 12188.298359 12193.958509 12205.035254 12212.486920 0.000000 0.000000
0.000000 0.000000 13689.326758 13684.191546 13680.500016 13654.228240 13654.293763 13637.998985 13624.714842 13623.038780 13617.864271 13611.390769 13614.663205 13612.944683 13628.725411 13632.507106 13676.323834 13667.230351 13667.616658 0.000000 0.000000
0.000000 0.000000 15215.432258 15214.659354 15175.518664 15175.690345 15180.841685 15173.205338 15191.239461 15183.413151 15189.689505 15184.980108 15179.282552 15188.638277 15192.467108 15192.001332 15169.647216 15224.911183 15218.150363 0.000000 0.000000
0.000000 0.000000 16957.408236 16909.117319 16907.461372 16896.749950 16869.702165 16862.221227 16852.998665 16856.374289 16841.293546 16841.734482 16847.487557 16846.799716 16859.778833 16872.207784 16906.366843 16898.340777 16952.457916 0.000000 0.000000
0.000000 0.000000 18141.415762 18158.132156 18208.547459 18201.497885 18187.142019 18146.289852 18147.541209 18132.581541 18145.692345 18143.480342 18149.175253 18145.090738 18180.875000 18193.106712 18217.406834 18166.019860 18149.683459 0.000000 0.000000
0.000000 0.000000 0.000000 0.000000 0.000000 0.000000 0.000000 0.000000 0.000000 0.000000 0.000000 0.000000 0.000000 0.000000 0.000000 0.000000 0.000000 0.000000 0.000000 0.000000 0.000000
0.000000 0.000000 0.000000 0.000000 0.000000 0.000000 0.000000 0.000000 0.000000 0.000000 0.000000 0.000000 0.000000 0.000000 0.000000 0.000000 0.000000 0.000000 0.000000 0.000000 0.000000