geotop/1.0zi/1.0Montebello/Templates/testdem/maps/_Erotot182B.asc
ncols         21
nrows         20
xllcorner     100.000000
yllcorner     100.000000
cellsize      50.000000
NODATA_value  -9999.0
0.000000 0.000000 0.000000 0.000000 0.000000 0.000000 0.000000 0.000000 0.000000 0.000000 0.000000 0.000000 0.000000 0.000000 0.000000 0.000000 0.000000 0.000000 0.000000 0.000000 0.000000
0.000000 0.000000 988.385118 987.872333 986.565974 984.642430 983.257738 982.387338 982.910762 983.611276 983.485672 982.663741 982.612665 982.708421 984.346770 984.862019 987.680383 988.386983 988.975599 0.000000 0.000000
0.000000 0.000000 69.035510 70.167611 68.759846 71.614816 71.006847 70.392124 70.638502 69.471717 70.471944 72.638057 70.420249 70.508152 69.997856 69.537199 67.259794 66.477603 69.515113 0.000000 0.000000
0.000000 0.000000 950.247631 952.455661 929.230990 916.697243 920.331367 909.176870 908.384656 909.774319 903.157051 904.559646 909.497561 912.965233 916.544224 928.650701 937.134619 938.788231 941.599142 0.000000 0.000000
0.000000 0.000000 6330.588788 6314.203845 6317.707710 6272.173490 6237.075401 6219.903037 6214.162723 6207.238831 6214.133913 6220.814984 6222.699038 6211.259827 6234.603030 6244.463314 6262.860717 6275.894858 6277.932102 0.000000 0.000000
0.000000 0.000000 8754.175621 8751.209669 8739.489628 8740.849824 8714.796230 8696.493922 8698.852957 8696.908366 8689.068600 8682.824401 8680.489320 8683.686939 8686.932330 8719.369970 8718.463058 8729.234949 8728.945022 0.000000 0.000000
0.000000 0.000000 10746.927208 10739.333162 10731.859350 10715.028847 10704.625015 10656.220142 10651.973784 10646.670021 10650.816736 10652.504468 10651.580289 10652.673540 10693.994300 10699.836211 10712.445983 10718.711932 10722.603024 0.000000 0.000000
0.000000 0.000000 13164.461729 13157.843357 13147.636821 13120.102308 13107.360161 13099.837154 13095.991378 13093.171095 13089.067611 13087.865756 13086.010116 13093.000953 13090.094572 13105.728717 13125.599511 13123.666332 13129.879910 0.000000 0.000000
0.000000 0.000000 16227.668921 16216.869505 16201.698898 16192.002744 16169.772842 16135.394084 16134.910135 16125.802783 16125.977724 16121.035045 16124.154792 16115.858307 16148.833320 16170.685867 16176.151691 16185.980439 16187.735938 0.000000 0.000000
0.000000 0.000000 19933.487243 19915.425045 19899.835430 19887.969008 19864.206425 19835.309118 19826.917666 19824.415110 19817.923060 19822.635519 19830.010076 19826.988096 19838.143230 19867.832792 19880.843544 19888.515485 19886.217397 0.000000 0.000000
0.000000 0.000000 24257.645746 24243.300980 24239.040509 24179.159548 24178.415544 24131.819707 24146.064710 24114.531053 24127.360748 24119.550352 24101.719036 24117.980437 24141.091294 24148.710040 24172.436380 24180.313306 24204.382826 0.000000 0.000000
0.000000 0.000000 29248.912457 29218.986393 29180.588958 29176.333501 29156.248978 29101.280910 29085.679995 29092.460620 29100.709274 29081.737035 29091.292100 29080.735214 29125.519814 29153.274757 29155.749114 29167.706658 29201.633951 0.000000 0.000000
0.000000 0.000000 34072.763295 34051.116341 34054.950524 34017.586212 33987.634364 33868.157775 33853.418565 33844.750725 33787.264353 33829.474661 33830.488868 33840.645442 33928.106053 33942.488766 33997.551872 34005.786346 33988.122102 0.000000 0.000000
0.000000 0.000000 38261.591595 38266.871525 38230.606403 38218.514693 38108.945542 38206.117482 38175.529163 38172.609305 38203.762206 38173.125436 38169.234434 38150.108524 38065.896403 38196.668325 38187.252628 38217.986879 38232.069029 0.000000 0.000000
0.000000 0.000000 40713.696476 40703.737183 40691.785283 40634.829388 40677.146095 40637.029337 40627.053376 40628.136753 40612.973567 40610.006681 40617.357561 40618.367186 40648.603113 40600.353310 40685.766433 40661.772156 40654.249498 0.000000 0.000000
0.000000 0.000000 42288.089524 42284.822771 42236.518208 42266.893592 42261.102970 42262.846589 42286.504194 42275.107647 42288.911322 42281.978160 42273.145971 42283.999344 42276.678263 42289.675246 42223.611315 42294.247544 42289.808573 0.000000 0.000000
0.000000 0.000000 43599.522539 43553.118228 43600.438686 43560.494735 43538.970158 43534.862495 43509.719690 43517.457103 43494.171056 43497.362845 43508.815139 43498.779672 43510.572433 43515.715272 43589.607347 43517.653749 43563.285474 0.000000 0.000000
0.000000 0.000000 44057.648216 44134.228669 44162.264563 44167.058947 44181.243202 44143.126416 44156.488809 44141.792604 44164.942598 44160.615754 44157.524059 44162.650362 44193.367453 44179.663970 44164.726592 44143.845433 44071.620922 0.000000 0.000000
0.000000 0.000000 0.000000 0.000000 0.000000 0.000000 0.000000 0.000000 0.000000 0.000000 0.000000 0.000000 0.000000 0.000000 0.000000 0.000000 0.000000 0.000000 0.000000 0.000000 0.000000
0.000000 0.000000 0.000000 0.000000 0.000000 0.000000 0.000000 0.000000 0.000000 0.000000 0.000000 0.000000 0.000000 0.000000 0.000000 0.000000 0.000000 0.000000 0.000000 0.000000 0.000000