geotop/1.0zi/1.0Montebello/Templates/testdem/maps/_Erotot3899.asc
ncols         21
nrows         20
xllcorner     100.000000
yllcorner     100.000000
cellsize      50.000000
NODATA_value  -9999.0
0.000000 0.000000 0.000000 0.000000 0.000000 0.000000 0.000000 0.000000 0.000000 0.000000 0.000000 0.000000 0.000000 0.000000 0.000000 0.000000 0.000000 0.000000 0.000000 0.000000 0.000000
0.000000 0.000000 291.938920 291.504568 291.321064 291.177997 291.211719 291.274630 291.308978 291.307715 291.293190 291.299052 291.298631 291.341265 291.205960 291.219800 291.390814 291.292888 291.381105 0.000000 0.000000
0.000000 0.000000 23.434706 23.988032 24.266392 25.006848 24.652610 24.659085 24.243532 24.169324 24.233117 24.591814 24.341093 24.166051 24.598682 24.365741 23.524119 22.972006 22.844901 0.000000 0.000000
0.000000 0.000000 137.246774 138.307402 131.541843 129.039747 130.081227 124.992196 124.162415 123.782321 122.974802 122.550301 123.687970 122.225830 124.699116 129.754762 130.593104 132.763581 135.653105 0.000000 0.000000
0.000000 0.000000 1255.696777 1261.824341 1267.867396 1259.648926 1250.277848 1244.317296 1247.618558 1241.577215 1246.991755 1249.080337 1249.340935 1250.213374 1258.700938 1256.141055 1255.594097 1256.799224 1255.815169 0.000000 0.000000
0.000000 0.000000 2340.294926 2335.289518 2329.765121 2327.439864 2320.875644 2315.933787 2313.440140 2315.331319 2313.848948 2312.701359 2310.738021 2312.971931 2313.703313 2325.756991 2331.131297 2330.499039 2333.575931 0.000000 0.000000
0.000000 0.000000 2855.310827 2850.629823 2845.765835 2837.160844 2825.705929 2811.979515 2813.191813 2810.045513 2813.081943 2812.341967 2815.339002 2820.161126 2835.576506 2841.907860 2848.555069 2852.095357 2855.174016 0.000000 0.000000
0.000000 0.000000 3277.127279 3277.964010 3277.626694 3272.220741 3270.130809 3266.254228 3266.775041 3267.223990 3264.909370 3265.099270 3264.938955 3264.883507 3268.977346 3273.057626 3273.878670 3272.873968 3273.653673 0.000000 0.000000
0.000000 0.000000 3837.494274 3837.344562 3833.556811 3831.410292 3825.663471 3816.124755 3816.184872 3814.239994 3815.082771 3815.690393 3815.689008 3818.018070 3824.615914 3832.098989 3831.434110 3832.150853 3835.475663 0.000000 0.000000
0.000000 0.000000 4470.336906 4469.265884 4468.167296 4463.532749 4453.817951 4448.754578 4450.029299 4449.159151 4449.256966 4449.251013 4449.679073 4449.889626 4458.270844 4464.371586 4465.995221 4466.273686 4467.283610 0.000000 0.000000
0.000000 0.000000 5135.765470 5134.567109 5131.858820 5128.741032 5125.206265 5114.855332 5114.978914 5112.448021 5112.854824 5113.589281 5113.866057 5115.379511 5121.256754 5123.664081 5127.313574 5128.713322 5131.340070 0.000000 0.000000
0.000000 0.000000 5825.092657 5824.288628 5821.284640 5813.767144 5807.524484 5799.513211 5798.401920 5797.856986 5798.092904 5797.311920 5798.356408 5800.214751 5810.293363 5815.848102 5818.340618 5818.770447 5834.843253 0.000000 0.000000
0.000000 0.000000 6511.801529 6510.437795 6507.201078 6503.368123 6495.050733 6478.090982 6478.117767 6476.422654 6476.453174 6476.962232 6476.907040 6479.297255 6494.128061 6501.738301 6503.889499 6504.777205 6506.706634 0.000000 0.000000
0.000000 0.000000 7242.588818 7240.393727 7236.960845 7232.276925 7214.935325 7221.365467 7216.042914 7214.944819 7215.517716 7215.625888 7215.965476 7217.572089 7213.757926 7229.174481 7232.023309 7236.310662 7235.893158 0.000000 0.000000
0.000000 0.000000 8017.728797 8013.180804 8008.136033 7997.920969 7993.475259 7978.276683 7970.791378 7969.189005 7965.420773 7964.808800 7967.101763 7966.725353 7978.059346 7985.824727 8002.584107 7998.096957 7998.998709 0.000000 0.000000
0.000000 0.000000 8782.503276 8782.655915 8765.035189 8766.298401 8764.344562 8762.673320 8764.562566 8764.355289 8766.913242 8766.845675 8765.618177 8771.842552 8771.270074 8770.387382 8760.164076 8778.164708 8781.834878 0.000000 0.000000
0.000000 0.000000 9647.138120 9629.885028 9621.418551 9613.516562 9599.088995 9593.003264 9591.273349 9590.563296 9587.525268 9587.745291 9589.162633 9589.179658 9594.550858 9608.924775 9619.727777 9619.859057 9637.925257 0.000000 0.000000
0.000000 0.000000 10297.722006 10299.695858 10315.129936 10305.404839 10298.128458 10280.248253 10278.725849 10276.198034 10277.461161 10277.219963 10277.526818 10280.275047 10297.858558 10305.812801 10315.149923 10294.062301 10296.609569 0.000000 0.000000
0.000000 0.000000 0.000000 0.000000 0.000000 0.000000 0.000000 0.000000 0.000000 0.000000 0.000000 0.000000 0.000000 0.000000 0.000000 0.000000 0.000000 0.000000 0.000000 0.000000 0.000000
0.000000 0.000000 0.000000 0.000000 0.000000 0.000000 0.000000 0.000000 0.000000 0.000000 0.000000 0.000000 0.000000 0.000000 0.000000 0.000000 0.000000 0.000000 0.000000 0.000000 0.000000