geotop/1.0zi/1.0Montebello/Templates/testdem/maps/_Erotot0645.asc
ncols         21
nrows         20
xllcorner     100.000000
yllcorner     100.000000
cellsize      50.000000
NODATA_value  -9999.0
0.000000 0.000000 0.000000 0.000000 0.000000 0.000000 0.000000 0.000000 0.000000 0.000000 0.000000 0.000000 0.000000 0.000000 0.000000 0.000000 0.000000 0.000000 0.000000 0.000000 0.000000
0.000000 0.000000 50.648145 50.648823 50.681461 50.648994 50.648271 50.648663 50.648480 50.648385 50.648358 50.648385 50.648480 50.648663 50.648271 50.648994 50.681461 50.648823 50.648145 0.000000 0.000000
0.000000 0.000000 7.129196 6.912749 5.095546 6.908214 7.172602 7.157152 7.171654 7.178515 7.179583 7.178515 7.171654 7.157152 7.172602 6.908214 5.095546 6.912749 7.129196 0.000000 0.000000
0.000000 0.000000 593.864276 594.115080 594.240259 594.023974 593.870623 593.979262 593.976867 593.912705 593.842347 593.912705 593.976867 593.979262 593.870623 594.023974 594.240259 594.115080 593.864276 0.000000 0.000000
0.000000 0.000000 943.264620 943.217223 942.460647 943.195787 943.256903 943.278396 943.273078 943.277149 943.272484 943.277149 943.273078 943.278396 943.256903 943.195787 942.460647 943.217223 943.264620 0.000000 0.000000
0.000000 0.000000 1278.196466 1278.202912 1277.498835 1278.162051 1278.227123 1278.272075 1278.276791 1278.255924 1278.235181 1278.255924 1278.276791 1278.272075 1278.227123 1278.162051 1277.498835 1278.202912 1278.196466 0.000000 0.000000
0.000000 0.000000 1672.305177 1672.314003 1671.686628 1672.275084 1672.338870 1672.385344 1672.391154 1672.368249 1672.349875 1672.368249 1672.391154 1672.385344 1672.338870 1672.275084 1671.686628 1672.314003 1672.305177 0.000000 0.000000
0.000000 0.000000 2050.134474 2050.142378 2049.561472 2050.106344 2050.168609 2050.214386 2050.220215 2050.197252 2050.180435 2050.197252 2050.220215 2050.214386 2050.168609 2050.106344 2049.561472 2050.142378 2050.134474 0.000000 0.000000
0.000000 0.000000 2410.465606 2410.473370 2409.919799 2410.438470 2410.499238 2410.544262 2410.550100 2410.527324 2410.511153 2410.527324 2410.550100 2410.544262 2410.499238 2410.438470 2409.919799 2410.473370 2410.465606 0.000000 0.000000
0.000000 0.000000 2758.667362 2758.674504 2758.137153 2758.640708 2758.700300 2758.744678 2758.750485 2758.727855 2758.711862 2758.727855 2758.750485 2758.744678 2758.700300 2758.640708 2758.137153 2758.674504 2758.667362 0.000000 0.000000
0.000000 0.000000 3096.815644 3096.822156 3096.294299 3096.789147 3096.847817 3096.891711 3096.897490 3096.874947 3096.858909 3096.874947 3096.897490 3096.891711 3096.847817 3096.789147 3096.294299 3096.822156 3096.815644 0.000000 0.000000
0.000000 0.000000 3425.489673 3425.493286 3424.975769 3425.461933 3425.519643 3425.562275 3425.568496 3425.546120 3425.531110 3425.546120 3425.568496 3425.562275 3425.519643 3425.461933 3424.975769 3425.493286 3425.489673 0.000000 0.000000
0.000000 0.000000 3747.018846 3747.020972 3746.508765 3746.991852 3747.047696 3747.089692 3747.096022 3747.073593 3747.058683 3747.073593 3747.096022 3747.089692 3747.047696 3746.991852 3746.508765 3747.020972 3747.018846 0.000000 0.000000
0.000000 0.000000 4064.900731 4064.901017 4064.393189 4064.872251 4064.928772 4064.970639 4064.977105 4064.954672 4064.939645 4064.954672 4064.977105 4064.970639 4064.928772 4064.872251 4064.393189 4064.901017 4064.900731 0.000000 0.000000
0.000000 0.000000 4378.146014 4378.146669 4377.636974 4378.117679 4378.173866 4378.215277 4378.221824 4378.199355 4378.183574 4378.199355 4378.221824 4378.215277 4378.173866 4378.117679 4377.636974 4378.146669 4378.146014 0.000000 0.000000
0.000000 0.000000 4688.366654 4688.368554 4687.868424 4688.339607 4688.395131 4688.436452 4688.443005 4688.420477 4688.404131 4688.420477 4688.443005 4688.436452 4688.395131 4688.339607 4687.868424 4688.368554 4688.366651 0.000000 0.000000
0.000000 0.000000 4992.141776 4992.141970 4991.638881 4992.114165 4992.170277 4992.210932 4992.217580 4992.195003 4992.178356 4992.195003 4992.217580 4992.210932 4992.170277 4992.114165 4991.638881 4992.141957 4992.141387 0.000000 0.000000
0.000000 0.000000 5303.923441 5304.054272 5303.552038 5304.023917 5304.079525 5304.120113 5304.127070 5304.104425 5304.087536 5304.104425 5304.127070 5304.120113 5304.079525 5304.023917 5303.552025 5304.052319 5304.051444 0.000000 0.000000
0.000000 0.000000 0.000000 0.000000 0.000000 0.000000 0.000000 0.000000 0.000000 0.000000 0.000000 0.000000 0.000000 0.000000 0.000000 0.000000 0.000000 0.000000 0.000000 0.000000 0.000000
0.000000 0.000000 0.000000 0.000000 0.000000 0.000000 0.000000 0.000000 0.000000 0.000000 0.000000 0.000000 0.000000 0.000000 0.000000 0.000000 0.000000 0.000000 0.000000 0.000000 0.000000