geotop/1.0zi/1.0Montebello/Templates/testdem/maps/_Erotot5778.asc
ncols         21
nrows         20
xllcorner     100.000000
yllcorner     100.000000
cellsize      50.000000
NODATA_value  -9999.0
0.000000 0.000000 0.000000 0.000000 0.000000 0.000000 0.000000 0.000000 0.000000 0.000000 0.000000 0.000000 0.000000 0.000000 0.000000 0.000000 0.000000 0.000000 0.000000 0.000000 0.000000
0.000000 0.000000 437.138752 436.341698 436.163559 435.955197 435.919402 436.024127 435.974000 436.148188 436.055100 435.852458 435.792150 435.871496 435.977801 435.879716 436.073163 436.267049 436.682383 0.000000 0.000000
0.000000 0.000000 33.002283 33.665235 33.954318 35.122298 34.867981 34.628344 34.450619 34.227330 34.438121 34.790906 34.607054 34.364374 34.818376 34.584625 33.756863 32.922290 32.325797 0.000000 0.000000
0.000000 0.000000 184.709487 186.049186 178.429430 175.654091 177.038217 171.983896 171.599560 171.150118 170.431249 168.053593 170.625184 168.764151 172.129355 177.718988 177.387982 180.624514 183.910496 0.000000 0.000000
0.000000 0.000000 1780.640906 1785.519625 1791.491422 1773.278732 1758.268289 1747.505570 1750.121436 1747.566575 1751.264846 1755.509988 1751.914053 1749.846090 1759.824442 1759.069006 1766.290154 1773.355525 1774.599102 0.000000 0.000000
0.000000 0.000000 3185.773073 3179.723795 3177.020217 3172.686093 3164.843191 3157.480490 3155.943545 3155.750996 3154.854141 3152.807475 3150.095877 3152.146968 3151.648087 3167.045945 3171.990319 3175.244568 3177.692725 0.000000 0.000000
0.000000 0.000000 4214.855245 4212.349205 4209.346455 4204.983546 4192.068416 4175.656943 4175.717517 4172.300539 4174.011428 4176.785119 4178.684017 4179.761023 4199.518377 4208.808493 4213.615650 4215.280695 4220.468787 0.000000 0.000000
0.000000 0.000000 4848.955805 4850.373833 4849.602253 4843.425846 4842.975443 4836.062898 4836.684876 4837.105338 4835.917585 4833.562333 4833.222635 4836.639730 4836.373286 4838.597823 4846.759627 4845.014867 4848.023399 0.000000 0.000000
0.000000 0.000000 5705.010539 5702.415549 5698.519195 5699.612059 5693.130142 5682.794055 5683.319195 5680.724863 5678.348003 5679.588737 5680.706307 5675.425501 5688.237595 5695.930222 5697.927380 5698.741314 5700.156890 0.000000 0.000000
0.000000 0.000000 6696.941501 6694.653475 6696.970568 6696.468727 6681.922011 6675.049748 6676.525992 6675.646954 6673.689928 6676.836272 6679.689751 6677.955813 6680.839962 6690.762827 6694.474759 6694.654347 6695.338219 0.000000 0.000000
0.000000 0.000000 7766.683076 7766.955559 7767.259603 7753.292218 7750.795784 7740.253383 7743.837080 7734.879020 7737.361561 7736.481797 7731.737173 7738.831852 7742.883690 7743.968347 7750.439293 7756.245083 7763.418220 0.000000 0.000000
0.000000 0.000000 8883.852740 8879.423228 8874.784406 8873.206057 8869.424015 8854.872325 8853.997396 8853.117646 8859.791785 8852.879832 8854.787388 8854.172397 8869.151290 8872.057831 8873.376467 8873.870273 8892.967292 0.000000 0.000000
0.000000 0.000000 10013.399937 10011.581547 10012.744634 10005.531114 10001.608412 9975.770903 9974.632956 9974.332359 9960.289716 9969.160794 9972.950323 9974.734830 9990.059466 9993.624812 10007.250820 10006.605269 10013.413406 0.000000 0.000000
0.000000 0.000000 11250.796559 11252.270190 11245.742004 11244.820483 11218.541616 11226.465007 11216.290451 11217.714630 11218.944185 11218.617311 11217.054762 11213.584187 11203.656218 11231.818217 11237.046319 11247.404619 11254.279303 0.000000 0.000000
0.000000 0.000000 12582.892831 12578.033696 12575.391402 12552.893931 12552.296987 12537.367119 12524.843978 12523.384385 12518.688108 12512.701953 12515.657846 12513.733408 12527.827243 12531.473017 12570.612577 12562.085517 12562.212668 0.000000 0.000000
0.000000 0.000000 13947.020335 13946.498846 13912.978513 13912.052659 13916.927082 13909.329097 13925.766894 13918.380340 13924.079221 13919.731517 13914.673304 13922.603546 13926.097116 13925.510022 13906.348622 13954.628584 13947.741100 0.000000 0.000000
0.000000 0.000000 15492.838550 15452.564181 15450.359876 15441.539811 15417.556379 15411.080891 15403.462206 15406.547178 15393.553510 15393.902197 15398.422060 15398.346782 15409.195675 15419.056114 15448.416542 15443.447325 15489.116446 0.000000 0.000000
0.000000 0.000000 16582.802734 16593.458740 16635.906051 16629.401951 16615.272938 16580.346786 16581.448596 16568.102472 16579.123498 16577.330296 16582.948231 16577.943464 16608.136009 16619.715395 16642.369071 16598.912047 16588.024572 0.000000 0.000000
0.000000 0.000000 0.000000 0.000000 0.000000 0.000000 0.000000 0.000000 0.000000 0.000000 0.000000 0.000000 0.000000 0.000000 0.000000 0.000000 0.000000 0.000000 0.000000 0.000000 0.000000
0.000000 0.000000 0.000000 0.000000 0.000000 0.000000 0.000000 0.000000 0.000000 0.000000 0.000000 0.000000 0.000000 0.000000 0.000000 0.000000 0.000000 0.000000 0.000000 0.000000 0.000000