geotop/1.0zi/1.0Montebello/Templates/testdem/maps/_Erotot7466.asc
ncols         21
nrows         20
xllcorner     100.000000
yllcorner     100.000000
cellsize      50.000000
NODATA_value  -9999.0
0.000000 0.000000 0.000000 0.000000 0.000000 0.000000 0.000000 0.000000 0.000000 0.000000 0.000000 0.000000 0.000000 0.000000 0.000000 0.000000 0.000000 0.000000 0.000000 0.000000 0.000000
0.000000 0.000000 638.669734 639.616842 639.016150 639.178949 638.308357 638.510679 638.457350 638.562078 638.985408 638.317374 638.201258 638.242556 638.586366 638.627225 639.425395 640.008199 640.076597 0.000000 0.000000
0.000000 0.000000 49.673067 48.449716 48.595473 48.972363 49.387843 49.065071 48.800011 48.637908 48.879596 49.215282 49.236642 49.400926 49.149476 48.822443 47.412126 46.474619 47.229231 0.000000 0.000000
0.000000 0.000000 353.461420 354.746986 342.586484 336.826852 337.630062 326.247473 326.314972 327.189516 323.529706 321.697910 323.898009 324.049658 334.362738 341.223650 345.860819 348.814949 353.722354 0.000000 0.000000
0.000000 0.000000 2939.167808 2942.311853 2946.158896 2924.806394 2906.291269 2897.015896 2896.543720 2892.941736 2899.062413 2904.804819 2899.711457 2898.041283 2912.058983 2915.065620 2924.112446 2932.265088 2931.886943 0.000000 0.000000
0.000000 0.000000 4675.159861 4669.474217 4665.903522 4659.969648 4645.786675 4636.306863 4636.997517 4635.840137 4632.593265 4626.869511 4626.009582 4629.290749 4628.318552 4647.335512 4655.411160 4662.383664 4665.408180 0.000000 0.000000
0.000000 0.000000 5949.814772 5946.852771 5942.576349 5936.030958 5922.608290 5901.931958 5900.920766 5897.293851 5898.623656 5902.448341 5903.851403 5904.409025 5931.048698 5940.753548 5946.083801 5948.712599 5953.926593 0.000000 0.000000
0.000000 0.000000 6952.923213 6953.400978 6950.674611 6941.342335 6939.353963 6930.695727 6930.968313 6931.019477 6929.903042 6926.139179 6925.384983 6931.450355 6932.726838 6937.159466 6949.147965 6947.604941 6952.463030 0.000000 0.000000
0.000000 0.000000 8281.467647 8277.302849 8271.385636 8271.419350 8261.017553 8246.606703 8247.819636 8243.640287 8241.391084 8241.279938 8243.585826 8237.885983 8255.729617 8269.088706 8270.590248 8274.046122 8275.397381 0.000000 0.000000
0.000000 0.000000 9803.217185 9800.041336 9800.600535 9796.897509 9777.519058 9768.610509 9768.396210 9768.253528 9764.849693 9768.241954 9771.272504 9770.525222 9776.703933 9790.348019 9797.534424 9799.294150 9800.369412 0.000000 0.000000
0.000000 0.000000 11462.400405 11461.758357 11459.301234 11440.242121 11434.832560 11420.342958 11425.845178 11413.321763 11417.016380 11415.452720 11408.743622 11418.283152 11426.879745 11429.447898 11441.291417 11447.995489 11458.291550 0.000000 0.000000
0.000000 0.000000 13247.577177 13240.283816 13232.969086 13229.854233 13220.657533 13201.934766 13198.778195 13199.353237 13206.263595 13195.843652 13199.595326 13199.590641 13220.578901 13228.363271 13230.933663 13234.692548 13256.992026 0.000000 0.000000
0.000000 0.000000 15089.693276 15085.390645 15085.867565 15073.328360 15066.937893 15023.444700 15021.837631 15021.206150 15001.175813 15012.559594 15016.701941 15021.035497 15051.174249 15057.697853 15079.249467 15078.830965 15086.648599 0.000000 0.000000
0.000000 0.000000 17180.038161 17182.497537 17170.337256 17166.232989 17115.490109 17132.292962 17117.998315 17119.300401 17124.293560 17120.457433 17118.513635 17114.232384 17095.879409 17151.145138 17157.530993 17175.830682 17184.898200 0.000000 0.000000
0.000000 0.000000 19507.406747 19499.909326 19492.012831 19438.436665 19447.250941 19420.463264 19402.400742 19399.993033 19389.640457 19380.080622 19385.151633 19383.803569 19414.738538 19408.719627 19488.089846 19472.532097 19470.773810 0.000000 0.000000
0.000000 0.000000 21939.173601 21936.575703 21858.958310 21877.461278 21879.833339 21869.576022 21904.905909 21891.660948 21907.149532 21899.202332 21887.572174 21907.790343 21910.909326 21911.504162 21851.416803 21963.893924 21956.045654 0.000000 0.000000
0.000000 0.000000 24838.760179 24727.343306 24748.156271 24714.288792 24654.642104 24642.604875 24614.276080 24623.091137 24588.540332 24591.406677 24608.197745 24595.686368 24622.576381 24658.668658 24746.078618 24693.526835 24812.574572 0.000000 0.000000
0.000000 0.000000 26206.350865 26300.540633 26409.569100 26406.099561 26401.424640 26309.278102 26319.954849 26290.166095 26331.133058 26323.187102 26323.615701 26329.532035 26407.686529 26412.204506 26429.484874 26333.715655 26241.226670 0.000000 0.000000
0.000000 0.000000 0.000000 0.000000 0.000000 0.000000 0.000000 0.000000 0.000000 0.000000 0.000000 0.000000 0.000000 0.000000 0.000000 0.000000 0.000000 0.000000 0.000000 0.000000 0.000000
0.000000 0.000000 0.000000 0.000000 0.000000 0.000000 0.000000 0.000000 0.000000 0.000000 0.000000 0.000000 0.000000 0.000000 0.000000 0.000000 0.000000 0.000000 0.000000 0.000000 0.000000