geotop/1.0zi/1.0Montebello/Templates/testdem/maps/_Erotot0565.asc
ncols         21
nrows         20
xllcorner     100.000000
yllcorner     100.000000
cellsize      50.000000
NODATA_value  -9999.0
0.000000 0.000000 0.000000 0.000000 0.000000 0.000000 0.000000 0.000000 0.000000 0.000000 0.000000 0.000000 0.000000 0.000000 0.000000 0.000000 0.000000 0.000000 0.000000 0.000000 0.000000
0.000000 0.000000 45.179683 45.180363 45.212996 45.180531 45.179787 45.180173 45.179985 45.179898 45.179871 45.179898 45.179985 45.180173 45.179787 45.180531 45.212996 45.180363 45.179683 0.000000 0.000000
0.000000 0.000000 7.679363 7.462914 5.645716 7.457963 7.705796 7.689947 7.704457 7.711300 7.712364 7.711300 7.704457 7.689947 7.705796 7.457963 5.645716 7.462914 7.679363 0.000000 0.000000
0.000000 0.000000 564.269316 564.520191 564.645276 564.431499 564.335783 564.446777 564.444316 564.380276 564.309954 564.380276 564.444316 564.446777 564.335783 564.431499 564.645276 564.520191 564.269316 0.000000 0.000000
0.000000 0.000000 841.956333 841.908899 841.151747 841.887587 841.956721 841.978404 841.973029 841.977130 841.972457 841.977130 841.973029 841.978404 841.956721 841.887587 841.151747 841.908899 841.956333 0.000000 0.000000
0.000000 0.000000 1152.940561 1152.947025 1152.241884 1152.905935 1152.973200 1153.018064 1153.022697 1153.001857 1152.981103 1153.001857 1153.022697 1153.018064 1152.973200 1152.905935 1152.241884 1152.947025 1152.940561 0.000000 0.000000
0.000000 0.000000 1502.402180 1502.411008 1501.782234 1502.371687 1502.433920 1502.480197 1502.485926 1502.463027 1502.444634 1502.463027 1502.485926 1502.480197 1502.433920 1502.371687 1501.782234 1502.411008 1502.402180 0.000000 0.000000
0.000000 0.000000 1836.652042 1836.659940 1836.077321 1836.623438 1836.682541 1836.728106 1836.733861 1836.710885 1836.694039 1836.710885 1836.733861 1836.728106 1836.682541 1836.623438 1836.077321 1836.659940 1836.652042 0.000000 0.000000
0.000000 0.000000 2155.662493 2155.670246 2155.114631 2155.634858 2155.692040 2155.736881 2155.742652 2155.719844 2155.703634 2155.719844 2155.742652 2155.736881 2155.692040 2155.634858 2155.114631 2155.670246 2155.662493 0.000000 0.000000
0.000000 0.000000 2464.257312 2464.264441 2463.724698 2464.230156 2464.286333 2464.330581 2464.336326 2464.313649 2464.297604 2464.313649 2464.336326 2464.330581 2464.286333 2464.230156 2463.724698 2464.264441 2464.257312 0.000000 0.000000
0.000000 0.000000 2764.017746 2764.024237 2763.493623 2763.990752 2764.046459 2764.090282 2764.096005 2764.073398 2764.057294 2764.073398 2764.096005 2764.090282 2764.046459 2763.990752 2763.493623 2764.024237 2764.017746 0.000000 0.000000
0.000000 0.000000 3056.005221 3056.008793 3055.488175 3055.976976 3056.032133 3056.074755 3056.080930 3056.058471 3056.043388 3056.058471 3056.080930 3056.074755 3056.032133 3055.976976 3055.488175 3056.008793 3056.005221 0.000000 0.000000
0.000000 0.000000 3341.231534 3341.233555 3340.717919 3341.204010 3341.257960 3341.299990 3341.306285 3341.283759 3341.268783 3341.283759 3341.306285 3341.299990 3341.257960 3341.204010 3340.717919 3341.233555 3341.231534 0.000000 0.000000
0.000000 0.000000 3623.204820 3623.205007 3622.693407 3623.175820 3623.230939 3623.272893 3623.279330 3623.256782 3623.241667 3623.256782 3623.279330 3623.272893 3623.230939 3623.175820 3622.693407 3623.205007 3623.204820 0.000000 0.000000
0.000000 0.000000 3901.454192 3901.454809 3900.940904 3901.425367 3901.480547 3901.522098 3901.528618 3901.506016 3901.490108 3901.506016 3901.528618 3901.522098 3901.480547 3901.425367 3900.940904 3901.454809 3901.454192 0.000000 0.000000
0.000000 0.000000 4177.344902 4177.346799 4176.842272 4177.317379 4177.372041 4177.413543 4177.420075 4177.397394 4177.380896 4177.397394 4177.420075 4177.413543 4177.372041 4177.317379 4176.842272 4177.346799 4177.344899 0.000000 0.000000
0.000000 0.000000 4448.895706 4448.895894 4448.387973 4448.867625 4448.922823 4448.963679 4448.970320 4448.947571 4448.930769 4448.947571 4448.970320 4448.963679 4448.922823 4448.867625 4448.387973 4448.895882 4448.895373 0.000000 0.000000
0.000000 0.000000 4728.993663 4729.116995 4728.609726 4729.086328 4729.141780 4729.182627 4729.189588 4729.166753 4729.149697 4729.166753 4729.189588 4729.182627 4729.141780 4729.086327 4728.609713 4729.115207 4729.114369 0.000000 0.000000
0.000000 0.000000 0.000000 0.000000 0.000000 0.000000 0.000000 0.000000 0.000000 0.000000 0.000000 0.000000 0.000000 0.000000 0.000000 0.000000 0.000000 0.000000 0.000000 0.000000 0.000000
0.000000 0.000000 0.000000 0.000000 0.000000 0.000000 0.000000 0.000000 0.000000 0.000000 0.000000 0.000000 0.000000 0.000000 0.000000 0.000000 0.000000 0.000000 0.000000 0.000000 0.000000