geotop/1.0zi/1.0Montebello/Templates/testdem/maps/_Erotot0204.asc
ncols         21
nrows         20
xllcorner     100.000000
yllcorner     100.000000
cellsize      50.000000
NODATA_value  -9999.0
0.000000 0.000000 0.000000 0.000000 0.000000 0.000000 0.000000 0.000000 0.000000 0.000000 0.000000 0.000000 0.000000 0.000000 0.000000 0.000000 0.000000 0.000000 0.000000 0.000000 0.000000
0.000000 0.000000 18.173181 18.173167 18.173166 18.173183 18.173185 18.173183 18.173181 18.173181 18.173180 18.173181 18.173181 18.173183 18.173185 18.173183 18.173166 18.173167 18.173181 0.000000 0.000000
0.000000 0.000000 2.175642 2.175643 2.176395 2.175465 2.175305 2.175420 2.175540 2.175589 2.175598 2.175589 2.175540 2.175420 2.175305 2.175465 2.176395 2.175643 2.175642 0.000000 0.000000
0.000000 0.000000 275.523817 275.545838 275.544199 275.521589 275.519283 275.521693 275.523857 275.524688 275.524848 275.524688 275.523857 275.521693 275.519283 275.521589 275.544199 275.545838 275.523817 0.000000 0.000000
0.000000 0.000000 358.631897 358.646280 358.645697 358.630466 358.629036 358.630671 358.632124 358.632675 358.632779 358.632675 358.632124 358.630671 358.629036 358.630466 358.645697 358.646280 358.631897 0.000000 0.000000
0.000000 0.000000 499.780959 499.792486 499.792124 499.779793 499.778679 499.780012 499.781188 499.781631 499.781714 499.781631 499.781188 499.780012 499.778679 499.779793 499.792124 499.792486 499.780959 0.000000 0.000000
0.000000 0.000000 636.500875 636.509425 636.509176 636.499999 636.499190 636.500186 636.501060 636.501389 636.501450 636.501389 636.501060 636.500186 636.499190 636.499999 636.509176 636.509425 636.500875 0.000000 0.000000
0.000000 0.000000 764.251293 764.257797 764.257622 764.250620 764.250012 764.250775 764.251442 764.251692 764.251739 764.251692 764.251442 764.250775 764.250012 764.250620 764.257622 764.257797 764.251293 0.000000 0.000000
0.000000 0.000000 885.149065 885.154184 885.154060 885.148529 885.148055 885.148659 885.149186 885.149383 885.149420 885.149383 885.149186 885.148659 885.148055 885.148529 885.154060 885.154184 885.149065 0.000000 0.000000
0.000000 0.000000 1001.127792 1001.131915 1001.131834 1001.127352 1001.126973 1001.127464 1001.127892 1001.128051 1001.128081 1001.128051 1001.127892 1001.127464 1001.126973 1001.127352 1001.131834 1001.131915 1001.127792 0.000000 0.000000
0.000000 0.000000 1113.028581 1113.031952 1113.031904 1113.028213 1113.027906 1113.028312 1113.028664 1113.028796 1113.028820 1113.028796 1113.028664 1113.028312 1113.027906 1113.028213 1113.031904 1113.031952 1113.028581 0.000000 0.000000
0.000000 0.000000 1222.565218 1222.567994 1222.567969 1222.564908 1222.564660 1222.564998 1222.565290 1222.565399 1222.565419 1222.565399 1222.565290 1222.564998 1222.564660 1222.564908 1222.567969 1222.567994 1222.565218 0.000000 0.000000
0.000000 0.000000 1330.028815 1330.030892 1330.030895 1330.028572 1330.028390 1330.028649 1330.028870 1330.028953 1330.028968 1330.028953 1330.028870 1330.028649 1330.028390 1330.028572 1330.030895 1330.030892 1330.028815 0.000000 0.000000
0.000000 0.000000 1434.266212 1434.267312 1434.267356 1434.266060 1434.265963 1434.266111 1434.266236 1434.266283 1434.266291 1434.266283 1434.266236 1434.266111 1434.265963 1434.266060 1434.267356 1434.267312 1434.266212 0.000000 0.000000
0.000000 0.000000 1537.319803 1537.320793 1537.320839 1537.319669 1537.319588 1537.319722 1537.319834 1537.319875 1537.319882 1537.319875 1537.319834 1537.319722 1537.319588 1537.319669 1537.320839 1537.320793 1537.319803 0.000000 0.000000
0.000000 0.000000 1638.911279 1638.911921 1638.911990 1638.911172 1638.911125 1638.911221 1638.911300 1638.911329 1638.911334 1638.911329 1638.911300 1638.911221 1638.911125 1638.911172 1638.911990 1638.911921 1638.911278 0.000000 0.000000
0.000000 0.000000 1738.692945 1738.693436 1738.693500 1738.692788 1738.692753 1738.692838 1738.692906 1738.692930 1738.692934 1738.692930 1738.692906 1738.692838 1738.692753 1738.692788 1738.693500 1738.693429 1738.692881 0.000000 0.000000
0.000000 0.000000 1847.350777 1847.426974 1847.426207 1847.425660 1847.425641 1847.425706 1847.425757 1847.425775 1847.425778 1847.425775 1847.425757 1847.425706 1847.425641 1847.425660 1847.426198 1847.426157 1847.425873 0.000000 0.000000
0.000000 0.000000 0.000000 0.000000 0.000000 0.000000 0.000000 0.000000 0.000000 0.000000 0.000000 0.000000 0.000000 0.000000 0.000000 0.000000 0.000000 0.000000 0.000000 0.000000 0.000000
0.000000 0.000000 0.000000 0.000000 0.000000 0.000000 0.000000 0.000000 0.000000 0.000000 0.000000 0.000000 0.000000 0.000000 0.000000 0.000000 0.000000 0.000000 0.000000 0.000000 0.000000