geotop/1.0zi/1.0Montebello/Templates/testdem/maps/_Erotot2854.asc
ncols         21
nrows         20
xllcorner     100.000000
yllcorner     100.000000
cellsize      50.000000
NODATA_value  -9999.0
0.000000 0.000000 0.000000 0.000000 0.000000 0.000000 0.000000 0.000000 0.000000 0.000000 0.000000 0.000000 0.000000 0.000000 0.000000 0.000000 0.000000 0.000000 0.000000 0.000000 0.000000
0.000000 0.000000 278.023589 278.026439 278.029820 278.147852 278.017960 278.022137 277.996603 278.035848 278.053809 278.035848 277.996603 278.022137 278.017960 278.147852 278.029820 278.026439 278.023589 0.000000 0.000000
0.000000 0.000000 14.744871 14.522788 12.772295 14.488079 14.779813 14.766304 14.797167 14.744936 14.696526 14.744936 14.797167 14.766304 14.779813 14.488079 12.772295 14.522788 14.744871 0.000000 0.000000
0.000000 0.000000 2106.996558 2106.676730 2107.012484 2105.145983 2107.152303 2106.594645 2106.590621 2107.449340 2107.713894 2107.449340 2106.590621 2106.594645 2107.152303 2105.145983 2107.012484 2106.676730 2106.996558 0.000000 0.000000
0.000000 0.000000 4160.333705 4160.165621 4159.509111 4160.101411 4160.640862 4160.500483 4160.466289 4160.619804 4160.587535 4160.619804 4160.466289 4160.500483 4160.640862 4160.101411 4159.509111 4160.165621 4160.333705 0.000000 0.000000
0.000000 0.000000 5410.170979 5409.968392 5409.411858 5409.561266 5410.366352 5410.075521 5410.094454 5410.444041 5410.576801 5410.444041 5410.094454 5410.075521 5410.366352 5409.561266 5409.411858 5409.968392 5410.170979 0.000000 0.000000
0.000000 0.000000 7029.134318 7028.966068 7028.459376 7028.596646 7029.283640 7029.032454 7029.056521 7029.366547 7029.503607 7029.366547 7029.056521 7029.032454 7029.283640 7028.596646 7028.459376 7028.966068 7029.134318 0.000000 0.000000
0.000000 0.000000 8540.423249 8540.282402 8539.812807 8539.951864 8540.540696 8540.325423 8540.346978 8540.623167 8540.750585 8540.623167 8540.346978 8540.325423 8540.540696 8539.951864 8539.812807 8540.282402 8540.423249 0.000000 0.000000
0.000000 0.000000 9939.688722 9939.560705 9939.116711 9939.255103 9939.793748 9939.596232 9939.616421 9939.874773 9939.994761 9939.874773 9939.616421 9939.596232 9939.793748 9939.255103 9939.116711 9939.560705 9939.688722 0.000000 0.000000
0.000000 0.000000 11250.531232 11250.431737 11250.000301 11250.175925 11250.623313 11250.447594 11250.472197 11250.706246 11250.818403 11250.706246 11250.472197 11250.447594 11250.623313 11250.175925 11250.000301 11250.431737 11250.531232 0.000000 0.000000
0.000000 0.000000 12477.907292 12477.801516 12477.391456 12477.542194 12477.998068 12477.823857 12477.844267 12478.073717 12478.178819 12478.073717 12477.844267 12477.823857 12477.998068 12477.542194 12477.391456 12477.801516 12477.907292 0.000000 0.000000
0.000000 0.000000 13644.166984 13644.061483 13643.668763 13643.813304 13644.252607 13644.086494 13644.105644 13644.326232 13644.427707 13644.326232 13644.105644 13644.086494 13644.252607 13643.813304 13643.668763 13644.061483 13644.166984 0.000000 0.000000
0.000000 0.000000 14757.046228 14756.946330 14756.561437 14756.707094 14757.125147 14756.964126 14756.983355 14757.197122 14757.293796 14757.197122 14756.983355 14756.964126 14757.125147 14756.707094 14756.561437 14756.946330 14757.046228 0.000000 0.000000
0.000000 0.000000 15826.077376 15825.985514 15825.611412 15825.774125 15826.153916 15826.000109 15826.020767 15826.225180 15826.318035 15826.225180 15826.020767 15826.000109 15826.153916 15825.774125 15825.611412 15825.985514 15826.077376 0.000000 0.000000
0.000000 0.000000 16854.050287 16853.956688 16853.588240 16853.739184 16854.122742 16853.970933 16853.990061 16854.191522 16854.280990 16854.191522 16853.990061 16853.970933 16854.122742 16853.739184 16853.588240 16853.956688 16854.050287 0.000000 0.000000
0.000000 0.000000 17844.305840 17844.214636 17843.858102 17844.002046 17844.372198 17844.225549 17844.244489 17844.439857 17844.526400 17844.439857 17844.244489 17844.225549 17844.372198 17844.002046 17843.858102 17844.214636 17844.305836 0.000000 0.000000
0.000000 0.000000 18799.377511 18799.288324 18798.935595 18799.082256 18799.441746 18799.297839 18799.316225 18799.505843 18799.588689 18799.505843 18799.316225 18799.297839 18799.441746 18799.082256 18798.935595 18799.288303 18799.377260 0.000000 0.000000
0.000000 0.000000 19766.178787 19766.556972 19766.211984 19766.354270 19766.707109 19766.567176 19766.583603 19766.768758 19766.848162 19766.768758 19766.583603 19766.567176 19766.707109 19766.354270 19766.211966 19766.553526 19766.639223 0.000000 0.000000
0.000000 0.000000 0.000000 0.000000 0.000000 0.000000 0.000000 0.000000 0.000000 0.000000 0.000000 0.000000 0.000000 0.000000 0.000000 0.000000 0.000000 0.000000 0.000000 0.000000 0.000000
0.000000 0.000000 0.000000 0.000000 0.000000 0.000000 0.000000 0.000000 0.000000 0.000000 0.000000 0.000000 0.000000 0.000000 0.000000 0.000000 0.000000 0.000000 0.000000 0.000000 0.000000