geotop/1.0zi/1.0Montebello/Templates/testdem/maps/_Erotot3645.asc
ncols         21
nrows         20
xllcorner     100.000000
yllcorner     100.000000
cellsize      50.000000
NODATA_value  -9999.0
0.000000 0.000000 0.000000 0.000000 0.000000 0.000000 0.000000 0.000000 0.000000 0.000000 0.000000 0.000000 0.000000 0.000000 0.000000 0.000000 0.000000 0.000000 0.000000 0.000000 0.000000
0.000000 0.000000 377.633976 377.636834 377.640381 377.759365 377.626888 377.632673 377.606330 377.646260 377.660960 377.646260 377.606330 377.632673 377.626888 377.759365 377.640381 377.636834 377.633976 0.000000 0.000000
0.000000 0.000000 11.666141 11.424752 9.671450 11.353421 11.671267 11.599584 11.690870 11.580105 11.949906 11.580105 11.690870 11.599584 11.671267 11.353421 9.671450 11.424752 11.666141 0.000000 0.000000
0.000000 0.000000 2775.927827 2775.135565 2775.624249 2773.799901 2775.288812 2774.915724 2774.363251 2775.442676 2775.350388 2775.442676 2774.363251 2774.915724 2775.288812 2773.799901 2775.624249 2775.135565 2775.927827 0.000000 0.000000
0.000000 0.000000 5345.543051 5345.518362 5344.699586 5345.277838 5345.957593 5345.664884 5345.756872 5345.518993 5345.739981 5345.518993 5345.756872 5345.664884 5345.957593 5345.277838 5344.699586 5345.518362 5345.543051 0.000000 0.000000
0.000000 0.000000 6911.592941 6911.194658 6910.728583 6910.868615 6911.509861 6911.231366 6911.052214 6911.288283 6911.506234 6911.288283 6911.052214 6911.231366 6911.509861 6910.868615 6910.728583 6911.194658 6911.592941 0.000000 0.000000
0.000000 0.000000 8911.992934 8911.654642 8911.233181 8911.357393 8911.907110 8911.662333 8911.505009 8911.702586 8911.918099 8911.702586 8911.505009 8911.662333 8911.907110 8911.357393 8911.233181 8911.654642 8911.992934 0.000000 0.000000
0.000000 0.000000 10756.812132 10756.524079 10756.139757 10756.266234 10756.731008 10756.521454 10756.383068 10756.555531 10756.749583 10756.555531 10756.383068 10756.521454 10756.731008 10756.266234 10756.139757 10756.524079 10756.812132 0.000000 0.000000
0.000000 0.000000 12446.970701 12446.714307 12446.354391 12446.478427 12446.904892 12446.713627 12446.587089 12446.746323 12446.928808 12446.746323 12446.587089 12446.713627 12446.904892 12446.478427 12446.354391 12446.714307 12446.970701 0.000000 0.000000
0.000000 0.000000 14011.788685 14011.574710 14011.225380 14011.385169 14011.731093 14011.560272 14011.448378 14011.589072 14011.754829 14011.589072 14011.448378 14011.560272 14011.731093 14011.385169 14011.225380 14011.574710 14011.788685 0.000000 0.000000
0.000000 0.000000 15462.866953 15462.658279 15462.331126 15462.465354 15462.823183 15462.654370 15462.548202 15462.688712 15462.844472 15462.688712 15462.548202 15462.654370 15462.823183 15462.465354 15462.331126 15462.658279 15462.866953 0.000000 0.000000
0.000000 0.000000 16826.942496 16826.746590 16826.441986 16826.570908 16826.917943 16826.757451 16826.654838 16826.795204 16826.940347 16826.795204 16826.654838 16826.757451 16826.917943 16826.570908 16826.441986 16826.746590 16826.942496 0.000000 0.000000
0.000000 0.000000 18113.303499 18113.121579 18112.825109 18112.954586 18113.281886 18113.129909 18113.033672 18113.170323 18113.305591 18113.170323 18113.033672 18113.129909 18113.281886 18112.954586 18112.825109 18113.121579 18113.303499 0.000000 0.000000
0.000000 0.000000 19336.260823 19336.093257 19335.807941 19335.952605 19336.245022 19336.099859 19336.010601 19336.140289 19336.268453 19336.140288 19336.010601 19336.099859 19336.245022 19335.952605 19335.807941 19336.093257 19336.260823 0.000000 0.000000
0.000000 0.000000 20500.390456 20500.223640 20499.943838 20500.075856 20500.372001 20500.237566 20500.154728 20500.284494 20500.405257 20500.284494 20500.154728 20500.237566 20500.372001 20500.075856 20499.943838 20500.223640 20500.390456 0.000000 0.000000
0.000000 0.000000 21608.191972 21608.032878 21607.764130 21607.888066 21608.172667 21608.040824 21607.960976 21608.084615 21608.200868 21608.084615 21607.960976 21608.040824 21608.172667 21607.888066 21607.764130 21608.032878 21608.191968 0.000000 0.000000
0.000000 0.000000 22668.363722 22668.211069 22667.945597 22668.072434 22668.343140 22668.215245 22668.139714 22668.259397 22668.368380 22668.259397 22668.139714 22668.215245 22668.343140 22668.072434 22667.945596 22668.211049 22668.363568 0.000000 0.000000
0.000000 0.000000 23732.170946 23732.562231 23732.304327 23732.426606 23732.690913 23732.567335 23732.494492 23732.610602 23732.715552 23732.610602 23732.494491 23732.567335 23732.690913 23732.426606 23732.304309 23732.558924 23732.703750 0.000000 0.000000
0.000000 0.000000 0.000000 0.000000 0.000000 0.000000 0.000000 0.000000 0.000000 0.000000 0.000000 0.000000 0.000000 0.000000 0.000000 0.000000 0.000000 0.000000 0.000000 0.000000 0.000000
0.000000 0.000000 0.000000 0.000000 0.000000 0.000000 0.000000 0.000000 0.000000 0.000000 0.000000 0.000000 0.000000 0.000000 0.000000 0.000000 0.000000 0.000000 0.000000 0.000000 0.000000