geotop/1.0zi/1.0Montebello/Templates/testdem/maps/_Erotot2016.asc
ncols         21
nrows         20
xllcorner     100.000000
yllcorner     100.000000
cellsize      50.000000
NODATA_value  -9999.0
0.000000 0.000000 0.000000 0.000000 0.000000 0.000000 0.000000 0.000000 0.000000 0.000000 0.000000 0.000000 0.000000 0.000000 0.000000 0.000000 0.000000 0.000000 0.000000 0.000000 0.000000
0.000000 0.000000 201.486340 201.488515 201.525513 201.512736 201.474450 201.489144 201.491481 201.481963 201.483556 201.481963 201.491481 201.489144 201.474450 201.512736 201.525513 201.488515 201.486340 0.000000 0.000000
0.000000 0.000000 10.707904 10.486957 8.706399 10.550776 10.754969 10.731649 10.739498 10.750280 10.746732 10.750280 10.739498 10.731649 10.754969 10.550776 8.706399 10.486957 10.707904 0.000000 0.000000
0.000000 0.000000 1403.367564 1403.158696 1403.350887 1401.285246 1403.528690 1403.071435 1403.100248 1403.836767 1403.855547 1403.836767 1403.100248 1403.071435 1403.528690 1401.285246 1403.350887 1403.158696 1403.367564 0.000000 0.000000
0.000000 0.000000 2835.211892 2834.999661 2834.398422 2835.082955 2835.529522 2835.333437 2835.290008 2835.454862 2835.424932 2835.454862 2835.290008 2835.333437 2835.529522 2835.082955 2834.398422 2834.999661 2835.211892 0.000000 0.000000
0.000000 0.000000 3686.751761 3686.584770 3685.973001 3686.089593 3686.965877 3686.693986 3686.720733 3687.040254 3687.081937 3687.040254 3686.720733 3686.693986 3686.965877 3686.089593 3685.973001 3686.584770 3686.751761 0.000000 0.000000
0.000000 0.000000 4824.987720 4824.853872 4824.288867 4824.406517 4825.154225 4824.921508 4824.953998 4825.237071 4825.291670 4825.237071 4824.953998 4824.921508 4825.154225 4824.406517 4824.288867 4824.853872 4824.987720 0.000000 0.000000
0.000000 0.000000 5906.190933 5906.080712 5905.552287 5905.674172 5906.324378 5906.124805 5906.154017 5906.407365 5906.462688 5906.407365 5906.154017 5906.124805 5906.324378 5905.674172 5905.552287 5906.080712 5906.190933 0.000000 0.000000
0.000000 0.000000 6924.167177 6924.065632 6923.561134 6923.681397 6924.287636 6924.102865 6924.130279 6924.369433 6924.424381 6924.369433 6924.130279 6924.102865 6924.287636 6923.681397 6923.561134 6924.065632 6924.167177 0.000000 0.000000
0.000000 0.000000 7890.732296 7890.657414 7890.162832 7890.320889 7890.839036 7890.674266 7890.706236 7890.923592 7890.976861 7890.923592 7890.706236 7890.674266 7890.839036 7890.320889 7890.162832 7890.657414 7890.732296 0.000000 0.000000
0.000000 0.000000 8811.390139 8811.306123 8810.829536 8810.961828 8811.495102 8811.329832 8811.357312 8811.573046 8811.624076 8811.573046 8811.357312 8811.329832 8811.495102 8810.961828 8810.829536 8811.306123 8811.390139 0.000000 0.000000
0.000000 0.000000 9694.807933 9694.721884 9694.260460 9694.385599 9694.908015 9694.748752 9694.774913 9694.984476 9695.035450 9694.984476 9694.774913 9694.748752 9694.908015 9694.385599 9694.260460 9694.721884 9694.807933 0.000000 0.000000
0.000000 0.000000 10550.010230 10549.927293 10549.471201 10549.597018 10550.103125 10549.947292 10549.973498 10550.178463 10550.227938 10550.178463 10549.973498 10549.947292 10550.103125 10549.597018 10549.471201 10549.927293 10550.010230 0.000000 0.000000
0.000000 0.000000 11380.086621 11380.010344 11379.561932 11379.706626 11380.176816 11380.026677 11380.054508 11380.252276 11380.300546 11380.252276 11380.054508 11380.026677 11380.176816 11379.706626 11379.561932 11380.010344 11380.086621 0.000000 0.000000
0.000000 0.000000 12188.667127 12188.588011 12188.140937 12188.274308 12188.752485 12188.602805 12188.629269 12188.826735 12188.873923 12188.826735 12188.629269 12188.602805 12188.752485 12188.274308 12188.140937 12188.588011 12188.667127 0.000000 0.000000
0.000000 0.000000 12977.643599 12977.565672 12977.129012 12977.255278 12977.723320 12977.577717 12977.603932 12977.796908 12977.843655 12977.796908 12977.603932 12977.577717 12977.723320 12977.255278 12977.129012 12977.565672 12977.643594 0.000000 0.000000
0.000000 0.000000 13745.831682 13745.754459 13745.318002 13745.447568 13745.909439 13745.764195 13745.789813 13745.979641 13746.025013 13745.979641 13745.789813 13745.764195 13745.909439 13745.447568 13745.318002 13745.754438 13745.831217 0.000000 0.000000
0.000000 0.000000 14527.288917 14527.546637 14527.117710 14527.242317 14527.702586 14527.558268 14527.581685 14527.769579 14527.813861 14527.769579 14527.581685 14527.558268 14527.702586 14527.242316 14527.117692 14527.543198 14527.619663 0.000000 0.000000
0.000000 0.000000 0.000000 0.000000 0.000000 0.000000 0.000000 0.000000 0.000000 0.000000 0.000000 0.000000 0.000000 0.000000 0.000000 0.000000 0.000000 0.000000 0.000000 0.000000 0.000000
0.000000 0.000000 0.000000 0.000000 0.000000 0.000000 0.000000 0.000000 0.000000 0.000000 0.000000 0.000000 0.000000 0.000000 0.000000 0.000000 0.000000 0.000000 0.000000 0.000000 0.000000