geotop/1.0zi/1.0Montebello/Templates/testdem/maps/_Erotot9333.asc
ncols         21
nrows         20
xllcorner     100.000000
yllcorner     100.000000
cellsize      50.000000
NODATA_value  -9999.0
0.000000 0.000000 0.000000 0.000000 0.000000 0.000000 0.000000 0.000000 0.000000 0.000000 0.000000 0.000000 0.000000 0.000000 0.000000 0.000000 0.000000 0.000000 0.000000 0.000000 0.000000
0.000000 0.000000 739.583203 740.089183 739.516474 739.600277 738.601347 738.709394 738.797296 738.870873 739.259502 738.625499 738.517294 738.565544 738.967478 739.086698 739.900550 740.508725 740.731567 0.000000 0.000000
0.000000 0.000000 55.948671 54.906112 55.216404 55.153009 56.027578 55.714947 55.327412 55.185637 55.381331 55.697283 55.751543 55.858477 55.625636 54.973034 53.712133 52.819583 53.371109 0.000000 0.000000
0.000000 0.000000 441.649060 443.392097 430.432561 423.906426 423.389832 417.565717 422.691295 424.503423 420.973157 421.232411 425.958769 425.418844 433.941090 442.451211 446.243266 444.325432 451.133240 0.000000 0.000000
0.000000 0.000000 4120.727441 4115.294433 4109.208673 4074.510209 4047.212889 4033.119612 4026.207538 4020.011705 4027.469825 4033.911128 4032.154259 4027.253425 4047.000212 4053.360714 4070.710782 4082.334282 4083.094230 0.000000 0.000000
0.000000 0.000000 6346.004878 6340.579584 6335.901879 6338.178591 6313.559455 6301.568914 6305.105221 6304.349181 6299.810974 6293.500499 6291.951874 6296.447172 6296.443594 6322.628004 6323.549611 6331.165205 6333.422370 0.000000 0.000000
0.000000 0.000000 7793.768733 7788.500195 7784.729227 7773.108443 7765.179383 7727.508467 7730.348698 7727.685211 7727.050848 7731.554763 7732.322547 7734.033034 7767.164190 7772.457131 7781.969199 7784.649475 7789.959758 0.000000 0.000000
0.000000 0.000000 9293.711974 9290.992000 9285.853046 9273.192332 9265.748610 9262.869233 9262.761350 9260.781269 9260.735344 9256.742442 9255.854237 9263.193134 9261.565464 9271.576943 9286.690348 9284.111849 9290.454977 0.000000 0.000000
0.000000 0.000000 11218.966046 11213.808121 11206.667106 11203.138571 11186.349548 11164.889633 11168.151473 11163.942786 11160.460788 11160.197210 11163.370833 11157.340934 11182.657440 11197.188430 11199.671311 11203.204360 11205.998009 0.000000 0.000000
0.000000 0.000000 13457.122401 13449.662298 13446.466836 13438.696046 13414.772116 13401.246097 13401.009078 13399.231821 13394.929779 13399.611395 13403.096316 13402.992738 13410.419571 13430.867353 13439.517302 13443.419334 13443.171306 0.000000 0.000000
0.000000 0.000000 15948.083505 15945.477342 15943.423895 15911.788749 15905.033972 15881.206688 15889.719415 15872.435298 15878.097557 15874.323394 15866.851138 15878.511174 15893.566417 15898.261033 15914.096908 15919.318447 15935.660859 0.000000 0.000000
0.000000 0.000000 18724.180975 18712.411951 18694.905004 18693.065954 18674.559738 18647.571494 18647.177669 18648.803762 18655.884697 18641.261451 18649.668972 18647.586612 18675.583294 18689.927105 18692.033174 18697.486606 18723.502646 0.000000 0.000000
0.000000 0.000000 21676.113737 21668.515325 21670.988497 21643.018132 21631.529285 21557.233416 21554.374256 21553.351989 21520.374263 21542.020126 21544.801024 21553.064003 21607.026399 21617.313340 21649.409174 21649.752486 21656.198562 0.000000 0.000000
0.000000 0.000000 25186.557869 25187.631558 25162.884995 25154.025371 25054.488756 25102.321190 25078.953435 25080.391736 25096.391649 25082.418073 25081.414562 25069.692657 25022.727170 25135.500515 25137.911760 25166.861500 25181.014850 0.000000 0.000000
0.000000 0.000000 29053.675774 29038.826505 29020.770907 28904.853863 28958.330212 28887.430556 28864.864852 28859.104513 28832.939289 28821.181806 28833.869698 28835.697587 28904.714150 28851.266270 29015.745753 28974.459914 28966.134491 0.000000 0.000000
0.000000 0.000000 32679.118306 32672.834300 32525.023097 32607.175801 32588.103828 32594.279090 32670.226323 32647.974171 32685.486912 32677.878629 32650.525435 32688.062068 32668.394034 32687.753376 32505.126896 32737.607415 32728.228858 0.000000 0.000000
0.000000 0.000000 36241.398382 36085.575730 36164.457017 36093.340317 36012.646328 35991.526882 35930.710531 35948.211957 35889.710025 35898.071705 35931.112997 35898.616790 35942.533615 35992.835744 36158.789204 36008.718380 36174.044307 0.000000 0.000000
0.000000 0.000000 37091.619611 37218.080500 37323.473592 37323.004381 37328.752946 37234.097690 37253.320732 37220.827098 37271.688039 37262.530968 37258.503901 37269.291943 37343.506377 37342.202420 37338.793250 37252.595213 37127.293223 0.000000 0.000000
0.000000 0.000000 0.000000 0.000000 0.000000 0.000000 0.000000 0.000000 0.000000 0.000000 0.000000 0.000000 0.000000 0.000000 0.000000 0.000000 0.000000 0.000000 0.000000 0.000000 0.000000
0.000000 0.000000 0.000000 0.000000 0.000000 0.000000 0.000000 0.000000 0.000000 0.000000 0.000000 0.000000 0.000000 0.000000 0.000000 0.000000 0.000000 0.000000 0.000000 0.000000 0.000000