geotop/1.0zi/1.0Montebello/Templates/testdem/maps/_Erotot8672.asc
ncols         21
nrows         20
xllcorner     100.000000
yllcorner     100.000000
cellsize      50.000000
NODATA_value  -9999.0
0.000000 0.000000 0.000000 0.000000 0.000000 0.000000 0.000000 0.000000 0.000000 0.000000 0.000000 0.000000 0.000000 0.000000 0.000000 0.000000 0.000000 0.000000 0.000000 0.000000 0.000000
0.000000 0.000000 690.914103 691.730214 691.162606 691.253008 690.228620 690.381453 690.367393 690.443743 690.819324 690.195129 690.077005 690.124884 690.503443 690.662898 691.505269 692.060524 692.281287 0.000000 0.000000
0.000000 0.000000 54.259636 53.216333 53.503935 53.471867 54.133045 53.788247 53.463493 53.298225 53.515927 53.831872 53.897082 54.001412 53.849191 53.341162 52.077536 51.257424 51.793413 0.000000 0.000000
0.000000 0.000000 369.957098 370.758893 356.945936 349.223232 349.766752 341.464774 341.343412 342.659936 339.178483 337.120687 339.442593 339.639849 350.003713 357.436397 362.201954 364.891008 370.525714 0.000000 0.000000
0.000000 0.000000 3632.525473 3629.357052 3630.666930 3604.095097 3580.565131 3569.405061 3568.799730 3562.792691 3571.823991 3578.984983 3578.089814 3573.302376 3589.558257 3592.171412 3606.183780 3614.951307 3615.925038 0.000000 0.000000
0.000000 0.000000 5708.211187 5704.286043 5699.184722 5694.172036 5678.261928 5667.918881 5669.526360 5668.281616 5664.442347 5658.512799 5656.998957 5660.875391 5660.457456 5682.449366 5688.685804 5694.725867 5697.477262 0.000000 0.000000
0.000000 0.000000 7067.531788 7062.694813 7059.993080 7051.842844 7037.323079 7012.166832 7011.396048 7008.970931 7009.036186 7013.557304 7014.270681 7015.170853 7044.799798 7054.874403 7060.756126 7064.136795 7069.367189 0.000000 0.000000
0.000000 0.000000 8367.688844 8367.538394 8363.693036 8351.793025 8348.942076 8340.231079 8340.442098 8338.288198 8338.668050 8334.525767 8333.361601 8340.364175 8342.576098 8348.013730 8361.942944 8359.855741 8365.712434 0.000000 0.000000
0.000000 0.000000 10063.081754 10057.341973 10050.521599 10048.947794 10034.813077 10018.789070 10020.784926 10017.136395 10014.590815 10014.306458 10017.130040 10010.933226 10031.435583 10046.391563 10048.640199 10052.901901 10054.964938 0.000000 0.000000
0.000000 0.000000 12007.616585 12002.773795 12002.101451 11996.842077 11973.975915 11963.917456 11962.895717 11962.775566 11959.001580 11963.462971 11966.496620 11966.008014 11973.642200 11990.263842 11998.554329 12001.165511 12001.980571 0.000000 0.000000
0.000000 0.000000 14157.402160 14156.565746 14153.778171 14127.745781 14121.907293 14102.736611 14111.205428 14094.685491 14101.237752 14097.890956 14090.821678 14101.199769 14113.652358 14116.310231 14131.455817 14138.252097 14150.931766 0.000000 0.000000
0.000000 0.000000 16515.467527 16504.266849 16494.336153 16491.448659 16476.171138 16456.888378 16450.421036 16453.790261 16460.394179 16448.436878 16455.068106 16453.312212 16478.609361 16490.718271 16493.111844 16498.590882 16523.334548 0.000000 0.000000
0.000000 0.000000 18999.979894 18992.719139 18995.385316 18974.400993 18967.215198 18907.408995 18905.257612 18905.052665 18878.751001 18896.024594 18898.649425 18905.107937 18948.770022 18955.992002 18985.130734 18983.227919 18991.795612 0.000000 0.000000
0.000000 0.000000 21899.716865 21902.497093 21884.615558 21877.896656 21800.675017 21831.785018 21813.852540 21814.714200 21826.156091 21816.543277 21815.849076 21806.241610 21777.007119 21861.894015 21866.302298 21892.228920 21903.819497 0.000000 0.000000
0.000000 0.000000 25171.632682 25159.922069 25146.622173 25057.128944 25084.908936 25039.974938 25017.063353 25013.717439 24995.838922 24984.800138 24993.730817 24993.706940 25043.602237 25016.995782 25143.906030 25115.116589 25110.716282 0.000000 0.000000
0.000000 0.000000 28505.810005 28500.643322 28375.662083 28428.184542 28421.574353 28418.474800 28478.277595 28459.525824 28490.300220 28481.756627 28460.178186 28491.872301 28486.250176 28492.291966 28364.289112 28556.001767 28547.221552 0.000000 0.000000
0.000000 0.000000 32312.184433 32139.618492 32207.107406 32137.633019 32048.441053 32027.907600 31969.673909 31986.403625 31927.584720 31935.528410 31968.493093 31936.441399 31981.890916 32040.244041 32204.383766 32068.470960 32252.399170 0.000000 0.000000
0.000000 0.000000 33294.419874 33469.939758 33605.333925 33612.122921 33627.510455 33505.181774 33532.780745 33490.466333 33561.399675 33549.012819 33539.970083 33557.988439 33656.825110 33646.830746 33632.021653 33531.066482 33356.129843 0.000000 0.000000
0.000000 0.000000 0.000000 0.000000 0.000000 0.000000 0.000000 0.000000 0.000000 0.000000 0.000000 0.000000 0.000000 0.000000 0.000000 0.000000 0.000000 0.000000 0.000000 0.000000 0.000000
0.000000 0.000000 0.000000 0.000000 0.000000 0.000000 0.000000 0.000000 0.000000 0.000000 0.000000 0.000000 0.000000 0.000000 0.000000 0.000000 0.000000 0.000000 0.000000 0.000000 0.000000