geotop/1.0zi/1.0Montebello/Templates/testdem/maps/_Erotot0533.asc
ncols         21
nrows         20
xllcorner     100.000000
yllcorner     100.000000
cellsize      50.000000
NODATA_value  -9999.0
0.000000 0.000000 0.000000 0.000000 0.000000 0.000000 0.000000 0.000000 0.000000 0.000000 0.000000 0.000000 0.000000 0.000000 0.000000 0.000000 0.000000 0.000000 0.000000 0.000000 0.000000
0.000000 0.000000 44.656893 44.657574 44.690207 44.657741 44.656998 44.657384 44.657195 44.657108 44.657081 44.657108 44.657195 44.657384 44.656998 44.657741 44.690207 44.657574 44.656893 0.000000 0.000000
0.000000 0.000000 7.667174 7.450724 5.633529 7.445778 7.693615 7.677770 7.692282 7.699124 7.700187 7.699124 7.692282 7.677770 7.693615 7.445778 5.633529 7.450724 7.667174 0.000000 0.000000
0.000000 0.000000 561.929604 562.180489 562.305451 562.091547 561.995604 562.106359 562.103755 562.039786 561.969488 562.039786 562.103755 562.106359 561.995604 562.091547 562.305451 562.180489 561.929604 0.000000 0.000000
0.000000 0.000000 816.875872 816.828425 816.071237 816.807186 816.876398 816.898162 816.892832 816.896906 816.892222 816.896906 816.892832 816.898162 816.876398 816.807186 816.071237 816.828425 816.875872 0.000000 0.000000
0.000000 0.000000 1123.900591 1123.907054 1123.201636 1123.865823 1123.932994 1123.977753 1123.982315 1123.961502 1123.940751 1123.961502 1123.982315 1123.977753 1123.932994 1123.865823 1123.201636 1123.907054 1123.900591 0.000000 0.000000
0.000000 0.000000 1460.557379 1460.566206 1459.937033 1460.526708 1460.588837 1460.634996 1460.640642 1460.617769 1460.599379 1460.617769 1460.640642 1460.634996 1460.588837 1460.526708 1459.937033 1460.566206 1460.557379 0.000000 0.000000
0.000000 0.000000 1781.298785 1781.306678 1780.723552 1781.269978 1781.328976 1781.374420 1781.380086 1781.357133 1781.340288 1781.357133 1781.380086 1781.374420 1781.328976 1781.269978 1780.723552 1781.306678 1781.298785 0.000000 0.000000
0.000000 0.000000 2087.116682 2087.124426 2086.568194 2087.088823 2087.145904 2087.190624 2087.196300 2087.173514 2087.157302 2087.173514 2087.196300 2087.190624 2087.145904 2087.088823 2086.568194 2087.124426 2087.116682 0.000000 0.000000
0.000000 0.000000 2382.860312 2382.867432 2382.326956 2382.832916 2382.888996 2382.933125 2382.938773 2382.916113 2382.900062 2382.916113 2382.938773 2382.933125 2382.888996 2382.832916 2382.326956 2382.867432 2382.860312 0.000000 0.000000
0.000000 0.000000 2670.037574 2670.044053 2669.512586 2670.010323 2670.065939 2670.109646 2670.115268 2670.092674 2670.076561 2670.092674 2670.115268 2670.109646 2670.065939 2670.010323 2669.512586 2670.044053 2670.037574 0.000000 0.000000
0.000000 0.000000 2949.639885 2949.643441 2949.121852 2949.611363 2949.666436 2949.708944 2949.715017 2949.692567 2949.677473 2949.692567 2949.715017 2949.708944 2949.666436 2949.611363 2949.121852 2949.643441 2949.639885 0.000000 0.000000
0.000000 0.000000 3222.615922 3222.617907 3222.101189 3222.588097 3222.641970 3222.683886 3222.690078 3222.667557 3222.652572 3222.667557 3222.690078 3222.683886 3222.641970 3222.588097 3222.101189 3222.617907 3222.615922 0.000000 0.000000
0.000000 0.000000 3492.431196 3492.431348 3491.918548 3492.401881 3492.456930 3492.498774 3492.505106 3492.482558 3492.467428 3492.482558 3492.505106 3492.498774 3492.456930 3492.401881 3491.918548 3492.431348 3492.431196 0.000000 0.000000
0.000000 0.000000 3758.593351 3758.593950 3758.078700 3758.564206 3758.619323 3758.660769 3758.667181 3758.644574 3758.628640 3758.644574 3758.667181 3758.660769 3758.619323 3758.564206 3758.078700 3758.593950 3758.593351 0.000000 0.000000
0.000000 0.000000 4022.454639 4022.456526 4021.950578 4022.426788 4022.481392 4022.522793 4022.529214 4022.506524 4022.489991 4022.506524 4022.529214 4022.522793 4022.481392 4022.426788 4021.950578 4022.456526 4022.454636 0.000000 0.000000
0.000000 0.000000 4282.161310 4282.161504 4281.652009 4282.132913 4282.188065 4282.228824 4282.235355 4282.212592 4282.195755 4282.212592 4282.235355 4282.228824 4282.188065 4282.132913 4281.652009 4282.161492 4282.161008 0.000000 0.000000
0.000000 0.000000 4551.196879 4551.322631 4550.813721 4551.291682 4551.347101 4551.387855 4551.394707 4551.371853 4551.354758 4551.371853 4551.394707 4551.387855 4551.347101 4551.291681 4550.813709 4551.320903 4551.320086 0.000000 0.000000
0.000000 0.000000 0.000000 0.000000 0.000000 0.000000 0.000000 0.000000 0.000000 0.000000 0.000000 0.000000 0.000000 0.000000 0.000000 0.000000 0.000000 0.000000 0.000000 0.000000 0.000000
0.000000 0.000000 0.000000 0.000000 0.000000 0.000000 0.000000 0.000000 0.000000 0.000000 0.000000 0.000000 0.000000 0.000000 0.000000 0.000000 0.000000 0.000000 0.000000 0.000000 0.000000