geotop/1.0zi/1.0Montebello/Templates/testdem/maps/_Erotot7072.asc
ncols         21
nrows         20
xllcorner     100.000000
yllcorner     100.000000
cellsize      50.000000
NODATA_value  -9999.0
0.000000 0.000000 0.000000 0.000000 0.000000 0.000000 0.000000 0.000000 0.000000 0.000000 0.000000 0.000000 0.000000 0.000000 0.000000 0.000000 0.000000 0.000000 0.000000 0.000000 0.000000
0.000000 0.000000 567.137234 567.940137 567.593321 567.816387 567.203418 567.240201 567.186454 567.289782 567.715710 567.042459 566.932089 567.013437 567.303867 567.263241 568.023547 568.293686 568.363649 0.000000 0.000000
0.000000 0.000000 44.489792 43.271446 43.251969 43.403781 43.639155 43.491373 43.233423 43.076857 43.315721 43.604378 43.610060 43.732578 43.509909 43.310817 42.024002 41.299317 42.041956 0.000000 0.000000
0.000000 0.000000 252.287976 253.908477 241.978225 239.240163 237.700469 230.816927 231.427840 230.023217 228.806884 226.577201 228.867076 228.834715 237.071300 243.160809 244.554308 246.454745 252.125682 0.000000 0.000000
0.000000 0.000000 2515.621214 2518.975517 2522.332003 2501.154353 2486.432017 2473.410801 2475.442305 2472.432163 2477.960315 2484.219892 2478.845433 2477.119735 2488.719712 2491.504277 2500.127915 2507.682306 2509.652424 0.000000 0.000000
0.000000 0.000000 4274.031758 4268.335877 4264.980705 4258.754254 4244.527533 4236.418464 4235.744552 4234.842663 4231.438099 4225.602472 4224.747957 4228.090889 4228.047240 4246.192966 4254.488029 4261.268217 4263.189815 0.000000 0.000000
0.000000 0.000000 5478.440614 5475.570080 5471.316605 5465.526973 5452.188688 5433.327605 5432.805189 5428.976962 5430.541496 5434.353011 5435.747244 5436.288953 5460.646496 5470.198133 5474.657779 5476.820463 5482.427316 0.000000 0.000000
0.000000 0.000000 6365.249329 6365.819779 6363.130223 6354.583796 6353.202980 6344.739832 6345.364292 6345.250443 6344.417746 6340.653703 6339.887926 6345.770311 6346.609642 6350.349298 6361.333067 6359.373790 6364.490801 0.000000 0.000000
0.000000 0.000000 7563.918504 7559.947627 7554.173686 7554.725150 7544.995145 7531.520247 7532.979348 7528.758401 7526.751927 7526.677530 7528.827497 7523.236652 7539.794197 7552.409762 7553.111088 7555.919355 7557.644230 0.000000 0.000000
0.000000 0.000000 8940.670546 8937.678940 8938.205743 8935.297578 8916.850998 8908.728310 8908.951121 8908.522933 8905.541155 8908.809692 8911.711601 8910.919510 8916.030083 8928.729416 8934.930110 8936.128562 8937.536880 0.000000 0.000000
0.000000 0.000000 10434.548559 10434.023238 10431.579960 10413.932299 10410.432057 10395.659281 10401.208975 10389.072834 10392.819856 10391.351559 10384.912042 10394.068450 10401.361764 10403.445215 10414.002460 10419.914859 10430.164236 0.000000 0.000000
0.000000 0.000000 12024.321757 12017.495404 12010.607844 12008.122223 11999.552838 11982.511760 11980.123970 11980.103255 11987.070646 11977.257478 11980.565688 11980.640996 11999.636077 12006.399453 12008.067833 12011.126965 12032.765928 0.000000 0.000000
0.000000 0.000000 13660.860698 13656.976722 13657.176048 13646.099073 13640.611441 13602.307018 13600.989155 13600.168070 13582.110455 13592.495221 13596.423255 13600.287959 13625.886611 13631.646772 13650.621537 13649.674615 13658.139535 0.000000 0.000000
0.000000 0.000000 15494.659813 15496.920768 15485.697786 15482.421124 15439.739738 15452.149962 15439.864830 15440.691160 15444.727184 15441.679867 15439.976654 15436.266646 15420.914054 15467.866577 15473.475672 15489.415907 15498.400280 0.000000 0.000000
0.000000 0.000000 17518.816369 17511.914717 17505.181556 17462.382906 17466.408350 17444.481648 17428.151847 17425.880058 17417.640816 17409.061885 17413.109797 17411.775712 17436.777036 17435.330956 17500.384208 17487.465596 17486.963379 0.000000 0.000000
0.000000 0.000000 19628.343960 19626.164549 19563.140951 19573.107010 19577.033023 19565.631317 19594.565932 19582.488833 19594.711478 19587.204553 19578.328931 19594.613875 19598.795348 19598.897190 19555.584762 19644.015711 19637.504493 0.000000 0.000000
0.000000 0.000000 22114.260692 22028.129224 22036.523910 22012.763361 21965.444996 21955.838835 21936.768515 21942.708309 21916.849182 21918.307228 21929.951296 21923.163314 21943.448451 21970.575401 22033.764467 22003.118439 22096.270776 0.000000 0.000000
0.000000 0.000000 23497.663768 23555.986050 23642.075061 23635.452939 23624.234900 23551.148820 23556.916499 23533.169372 23561.715855 23555.826832 23559.154371 23560.430852 23623.145452 23632.559606 23656.641930 23575.569778 23519.315539 0.000000 0.000000
0.000000 0.000000 0.000000 0.000000 0.000000 0.000000 0.000000 0.000000 0.000000 0.000000 0.000000 0.000000 0.000000 0.000000 0.000000 0.000000 0.000000 0.000000 0.000000 0.000000 0.000000
0.000000 0.000000 0.000000 0.000000 0.000000 0.000000 0.000000 0.000000 0.000000 0.000000 0.000000 0.000000 0.000000 0.000000 0.000000 0.000000 0.000000 0.000000 0.000000 0.000000 0.000000