geotop/1.0zi/1.0Montebello/Templates/testdem/maps/_Erotot2353.asc
ncols         21
nrows         20
xllcorner     100.000000
yllcorner     100.000000
cellsize      50.000000
NODATA_value  -9999.0
0.000000 0.000000 0.000000 0.000000 0.000000 0.000000 0.000000 0.000000 0.000000 0.000000 0.000000 0.000000 0.000000 0.000000 0.000000 0.000000 0.000000 0.000000 0.000000 0.000000 0.000000
0.000000 0.000000 222.816391 222.818098 222.825831 222.938456 222.808120 222.813377 222.792607 222.826535 222.803790 222.826535 222.792607 222.813377 222.808120 222.938456 222.825831 222.818098 222.816391 0.000000 0.000000
0.000000 0.000000 13.722023 13.501266 11.746774 13.473837 13.765507 13.750921 13.779839 13.751293 13.768525 13.751293 13.779839 13.750921 13.765507 13.473837 11.746774 13.501266 13.722023 0.000000 0.000000
0.000000 0.000000 1617.552790 1617.231756 1617.568013 1615.697031 1617.703773 1617.144496 1617.142598 1617.963778 1618.104081 1617.963778 1617.142598 1617.144496 1617.703773 1615.697031 1617.568013 1617.231756 1617.552790 0.000000 0.000000
0.000000 0.000000 3339.538698 3339.366604 3338.703442 3339.293798 3339.841404 3339.701879 3339.664200 3339.814741 3339.777627 3339.814741 3339.664200 3339.701879 3339.841404 3339.293798 3338.703442 3339.366604 3339.538698 0.000000 0.000000
0.000000 0.000000 4329.705558 4329.498697 4328.934879 4329.085956 4329.902140 4329.607180 4329.626982 4329.970271 4330.056669 4329.970271 4329.626982 4329.607180 4329.902140 4329.085956 4328.934879 4329.498697 4329.705558 0.000000 0.000000
0.000000 0.000000 5654.311557 5654.139346 5653.622234 5653.763720 5654.461686 5654.206367 5654.231785 5654.537019 5654.633287 5654.537019 5654.231785 5654.206367 5654.461686 5653.763720 5653.622234 5654.139346 5654.311557 0.000000 0.000000
0.000000 0.000000 6906.870288 6906.725548 6906.243201 6906.387735 6906.988924 6906.769079 6906.791891 6907.065798 6907.158811 6907.065798 6906.791891 6906.769079 6906.988924 6906.387735 6906.243201 6906.725548 6906.870288 0.000000 0.000000
0.000000 0.000000 8078.822522 8078.689809 8078.230838 8078.375314 8078.929204 8078.726119 8078.747543 8079.005545 8079.094905 8079.005545 8078.747543 8078.726119 8078.929204 8078.375314 8078.230838 8078.689809 8078.822522 0.000000 0.000000
0.000000 0.000000 9185.189545 9185.085476 9184.636664 9184.820235 9185.283509 9185.101618 9185.127707 9185.362841 9185.447946 9185.362841 9185.127707 9185.101618 9185.283509 9184.820235 9184.636664 9185.085476 9185.189545 0.000000 0.000000
0.000000 0.000000 10232.476629 10232.365686 10231.936168 10232.095727 10232.569979 10232.388513 10232.410488 10232.642742 10232.723276 10232.642742 10232.410488 10232.388513 10232.569979 10232.095727 10231.936168 10232.365686 10232.476629 0.000000 0.000000
0.000000 0.000000 11234.245857 11234.134409 11233.720348 11233.874126 11234.334417 11234.160155 11234.180894 11234.405877 11234.485037 11234.405877 11234.180894 11234.160155 11234.334417 11233.874126 11233.720348 11234.134409 11234.245856 0.000000 0.000000
0.000000 0.000000 12199.170230 12199.063471 12198.655417 12198.810957 12199.252147 12199.082151 12199.102993 12199.322456 12199.398721 12199.322456 12199.102993 12199.082151 12199.252147 12198.810957 12198.655417 12199.063471 12199.170230 0.000000 0.000000
0.000000 0.000000 13133.110108 13133.011065 13132.611619 13132.786083 13133.189823 13133.026346 13133.048817 13133.260287 13133.334666 13133.260287 13133.048817 13133.026346 13133.189823 13132.786083 13132.611619 13133.011065 13133.110108 0.000000 0.000000
0.000000 0.000000 14038.336109 14038.235172 14037.838741 14038.002337 14038.411736 14038.249405 14038.270525 14038.480599 14038.553005 14038.480599 14038.270525 14038.249405 14038.411736 14038.002337 14037.838741 14038.235172 14038.336109 0.000000 0.000000
0.000000 0.000000 14915.142435 14915.043599 14914.657992 14914.814937 14915.212439 14915.054694 14915.075643 14915.280507 14915.351383 14915.280507 14915.075643 14915.054694 14915.212439 14914.814937 14914.657992 14915.043599 14915.142430 0.000000 0.000000
0.000000 0.000000 15766.908543 15766.811164 15766.427037 15766.587292 15766.976555 15766.820427 15766.840819 15767.041346 15767.110132 15767.041346 15766.840819 15766.820427 15766.976555 15766.587292 15766.427037 15766.811143 15766.908116 0.000000 0.000000
0.000000 0.000000 16630.953311 16631.241095 16630.863238 16631.019341 16631.404822 16631.251599 16631.270052 16631.467581 16631.533779 16631.467581 16631.270052 16631.251599 16631.404822 16631.019341 16630.863219 16631.237594 16631.331845 0.000000 0.000000
0.000000 0.000000 0.000000 0.000000 0.000000 0.000000 0.000000 0.000000 0.000000 0.000000 0.000000 0.000000 0.000000 0.000000 0.000000 0.000000 0.000000 0.000000 0.000000 0.000000 0.000000
0.000000 0.000000 0.000000 0.000000 0.000000 0.000000 0.000000 0.000000 0.000000 0.000000 0.000000 0.000000 0.000000 0.000000 0.000000 0.000000 0.000000 0.000000 0.000000 0.000000 0.000000