geotop/1.0zi/1.0Montebello/Templates/testdem/maps/_Erotot8686.asc
ncols         21
nrows         20
xllcorner     100.000000
yllcorner     100.000000
cellsize      50.000000
NODATA_value  -9999.0
0.000000 0.000000 0.000000 0.000000 0.000000 0.000000 0.000000 0.000000 0.000000 0.000000 0.000000 0.000000 0.000000 0.000000 0.000000 0.000000 0.000000 0.000000 0.000000 0.000000 0.000000
0.000000 0.000000 699.430633 700.246280 699.678139 699.769080 698.744755 698.894084 698.880734 698.956601 699.331714 698.708261 698.589994 698.637329 699.017767 699.177285 700.019688 700.576883 700.797570 0.000000 0.000000
0.000000 0.000000 54.715424 53.655724 53.961040 53.932712 54.575399 54.230684 53.917059 53.744409 53.953987 54.270096 54.334027 54.446934 54.289911 53.778053 52.512446 51.693030 52.222311 0.000000 0.000000
0.000000 0.000000 397.997891 398.698827 384.839869 376.908084 375.531981 369.485759 369.494649 371.428160 367.963180 366.190736 369.579116 368.096341 378.885081 386.989350 392.059809 392.638575 399.716035 0.000000 0.000000
0.000000 0.000000 3702.973181 3699.895111 3701.139776 3674.578982 3651.795412 3639.734772 3639.058889 3632.867363 3641.937681 3648.992490 3647.775901 3643.513808 3659.668103 3662.103265 3676.084230 3685.547449 3686.062722 0.000000 0.000000
0.000000 0.000000 5775.566828 5771.666279 5766.533568 5761.506805 5745.678832 5735.144213 5736.739225 5735.444382 5731.619693 5725.661802 5724.064714 5728.078155 5727.658909 5749.650933 5755.880771 5762.098255 5764.746261 0.000000 0.000000
0.000000 0.000000 7147.248934 7142.413714 7139.687280 7131.494629 7116.890560 7091.683029 7090.917334 7088.509582 7088.586565 7093.113325 7093.864265 7094.709180 7124.445667 7134.591978 7140.516929 7143.841165 7149.130629 0.000000 0.000000
0.000000 0.000000 8464.786092 8464.644460 8460.768886 8448.805246 8445.860290 8437.139758 8437.358796 8435.219791 8435.613134 8431.468663 8430.344503 8437.300562 8439.591427 8445.094771 8459.094925 8456.934338 8462.865849 0.000000 0.000000
0.000000 0.000000 10178.812525 10173.059491 10166.180227 10164.575156 10150.297181 10134.278451 10136.295336 10132.657984 10130.118931 10129.842917 10132.736060 10126.431612 10147.047175 10162.114335 10164.411479 10168.592631 10170.736193 0.000000 0.000000
0.000000 0.000000 12145.000011 12140.147706 12139.452512 12134.129687 12111.041117 12101.016304 12099.998709 12099.922517 12096.143071 12100.640059 12103.764102 12103.169041 12110.884139 12127.643236 12136.021374 12138.525065 12139.424575 0.000000 0.000000
0.000000 0.000000 14320.309414 14319.494376 14316.653938 14290.403389 14284.460067 14265.251430 14273.807068 14257.187986 14263.817466 14260.450340 14253.386170 14263.753851 14276.319279 14279.015325 14294.296479 14301.020803 14313.890228 0.000000 0.000000
0.000000 0.000000 16708.321733 16697.021880 16686.966075 16684.097907 16668.555861 16649.238442 16642.678371 16646.210357 16652.885290 16640.810441 16647.636463 16645.675384 16671.280837 16683.574547 16685.987698 16691.331075 16716.422460 0.000000 0.000000
0.000000 0.000000 19224.948666 19217.663769 19220.396216 19199.145275 19191.818271 19131.094629 19128.973755 19128.784022 19102.047729 19119.692761 19122.403009 19128.851239 19173.262173 19180.599951 19210.178912 19208.083622 19216.626576 0.000000 0.000000
0.000000 0.000000 22166.787774 22169.684200 22151.459836 22144.757634 22065.642521 22098.305902 22080.040628 22081.013610 22092.984271 22083.025448 22082.347681 22072.344244 22042.025060 22128.861965 22133.112812 22159.368607 22171.242739 0.000000 0.000000
0.000000 0.000000 25483.918609 25472.063026 25458.620437 25366.743667 25396.457941 25350.117957 25327.057256 25323.634518 25305.181165 25294.046029 25303.390134 25303.307958 25354.760112 25326.161202 25456.279806 25426.267396 25421.693363 0.000000 0.000000
0.000000 0.000000 28845.363866 28840.269868 28712.649257 28768.333206 28760.934321 28758.908213 28820.340408 28801.412738 28833.229201 28824.765908 28802.531263 28834.840635 28828.097261 28834.697221 28701.386058 28897.797698 28889.042787 0.000000 0.000000
0.000000 0.000000 32648.717897 32475.257434 32545.532499 32474.731117 32385.186932 32364.606817 32304.984413 32322.126033 32262.366019 32270.516416 32304.202204 32271.212658 32317.083074 32375.744354 32543.083989 32402.663032 32587.862180 0.000000 0.000000
0.000000 0.000000 33591.590151 33767.311094 33901.665749 33908.848367 33924.736586 33803.314224 33831.121132 33788.946022 33859.884617 33847.530648 33838.336109 33856.446341 33954.287119 33943.908284 33928.229530 33828.513989 33653.396901 0.000000 0.000000
0.000000 0.000000 0.000000 0.000000 0.000000 0.000000 0.000000 0.000000 0.000000 0.000000 0.000000 0.000000 0.000000 0.000000 0.000000 0.000000 0.000000 0.000000 0.000000 0.000000 0.000000
0.000000 0.000000 0.000000 0.000000 0.000000 0.000000 0.000000 0.000000 0.000000 0.000000 0.000000 0.000000 0.000000 0.000000 0.000000 0.000000 0.000000 0.000000 0.000000 0.000000 0.000000