geotop/1.0zi/1.0Montebello/Templates/testdem/maps/_Erotot5860.asc
ncols         21
nrows         20
xllcorner     100.000000
yllcorner     100.000000
cellsize      50.000000
NODATA_value  -9999.0
0.000000 0.000000 0.000000 0.000000 0.000000 0.000000 0.000000 0.000000 0.000000 0.000000 0.000000 0.000000 0.000000 0.000000 0.000000 0.000000 0.000000 0.000000 0.000000 0.000000 0.000000
0.000000 0.000000 450.077925 449.279295 449.096387 448.886253 448.851932 448.956202 448.900245 449.078292 448.981585 448.779961 448.717820 448.796755 448.906296 448.809600 449.005087 449.199135 449.619505 0.000000 0.000000
0.000000 0.000000 33.982710 34.653123 34.948179 36.120874 35.862881 35.617256 35.444268 35.220923 35.437611 35.793248 35.608785 35.354882 35.801181 35.572417 34.738697 33.903834 33.294852 0.000000 0.000000
0.000000 0.000000 184.346070 185.657853 177.992260 175.018293 176.381908 171.331555 170.946187 170.640002 169.735226 167.334935 169.927412 168.120858 171.713473 177.164719 176.885549 180.144688 183.449357 0.000000 0.000000
0.000000 0.000000 1786.854435 1791.012734 1795.240920 1776.663002 1761.508281 1750.731241 1753.345575 1750.600021 1754.329759 1758.626630 1755.193022 1753.085615 1763.469486 1763.821924 1771.384071 1778.712650 1780.755684 0.000000 0.000000
0.000000 0.000000 3268.042261 3262.615624 3260.235342 3255.633735 3247.604676 3240.321662 3238.557675 3238.676558 3237.519951 3235.379117 3232.703892 3234.917706 3234.755367 3249.875522 3254.842927 3258.180657 3260.153656 0.000000 0.000000
0.000000 0.000000 4327.995883 4325.385604 4322.460505 4318.139699 4305.175357 4288.587584 4288.661672 4285.209987 4286.963847 4289.760924 4291.599661 4292.705401 4312.507794 4321.943837 4326.753338 4328.322394 4333.593711 0.000000 0.000000
0.000000 0.000000 4973.563763 4974.954515 4973.962435 4967.659925 4967.108927 4960.079541 4960.633808 4961.112786 4959.860028 4957.483928 4957.181430 4960.644467 4960.634958 4963.024346 4971.267585 4969.578132 4972.634702 0.000000 0.000000
0.000000 0.000000 5860.421222 5857.786895 5853.664995 5854.637254 5848.037640 5837.605501 5838.059195 5835.520779 5833.066121 5834.290503 5835.448798 5830.203886 5843.262050 5851.142010 5853.217157 5854.090011 5855.557199 0.000000 0.000000
0.000000 0.000000 6888.524072 6886.193740 6888.321163 6887.694017 6872.982370 6866.013502 6867.429172 6866.615481 6864.573870 6867.711401 6870.614913 6868.922983 6872.025952 6882.152662 6885.952205 6886.183439 6886.927671 0.000000 0.000000
0.000000 0.000000 7997.255409 7997.499003 7997.619472 7983.443331 7980.841673 7970.164553 7973.705049 7964.750945 7967.175023 7966.262755 7961.524577 7968.721017 7972.996622 7974.239529 7980.805337 7986.709006 7993.974979 0.000000 0.000000
0.000000 0.000000 9156.569848 9152.069765 9147.189643 9145.480838 9141.569405 9126.837392 9125.867318 9125.066441 9131.721649 9124.717500 9126.692126 9126.111583 9141.445891 9144.537356 9145.922842 9146.460257 9165.783732 0.000000 0.000000
0.000000 0.000000 10330.259852 10328.403932 10329.423609 10322.028835 10317.982771 10291.428491 10290.207802 10289.970621 10275.655636 10284.643899 10288.512314 10290.371911 10306.384522 10310.126462 10323.979004 10323.377006 10330.234376 0.000000 0.000000
0.000000 0.000000 11616.771612 11618.223290 11611.421601 11610.375050 11583.070321 11591.155369 11580.725012 11582.259103 11583.476855 11583.079762 11581.519265 11578.037782 11568.140088 11597.411883 11602.741345 11613.339577 11620.337668 0.000000 0.000000
0.000000 0.000000 13005.302312 13000.382065 12997.421874 12973.626914 12973.139327 12957.709258 12944.886161 12943.446832 12938.534208 12932.391439 12935.501582 12933.572080 12948.280539 12952.006539 12992.719143 12983.951319 12984.075185 0.000000 0.000000
0.000000 0.000000 14429.862053 14429.290994 14393.854271 14393.175153 14398.078405 14390.468292 14407.489728 14400.038412 14405.956952 14401.498577 14396.194957 14404.578605 14408.190737 14407.581489 14387.306538 14438.098576 14431.137834 0.000000 0.000000
0.000000 0.000000 16048.859388 16005.756980 16003.629175 15994.049366 15968.795743 15961.942554 15953.758485 15957.064287 15943.315772 15943.728789 15948.673710 15948.299205 15959.910721 15970.758129 16001.838877 15995.926189 16044.513027 0.000000 0.000000
0.000000 0.000000 17175.618149 17188.253779 17233.655151 17226.919217 17212.662729 17175.548668 17176.698171 17162.861621 17174.662073 17172.750079 17178.383728 17173.585024 17205.845591 17217.580079 17240.818001 17194.461413 17181.762389 0.000000 0.000000
0.000000 0.000000 0.000000 0.000000 0.000000 0.000000 0.000000 0.000000 0.000000 0.000000 0.000000 0.000000 0.000000 0.000000 0.000000 0.000000 0.000000 0.000000 0.000000 0.000000 0.000000
0.000000 0.000000 0.000000 0.000000 0.000000 0.000000 0.000000 0.000000 0.000000 0.000000 0.000000 0.000000 0.000000 0.000000 0.000000 0.000000 0.000000 0.000000 0.000000 0.000000 0.000000