geotop/1.0zi/1.0Montebello/Templates/testdem/maps/_Erotot5655.asc
ncols         21
nrows         20
xllcorner     100.000000
yllcorner     100.000000
cellsize      50.000000
NODATA_value  -9999.0
0.000000 0.000000 0.000000 0.000000 0.000000 0.000000 0.000000 0.000000 0.000000 0.000000 0.000000 0.000000 0.000000 0.000000 0.000000 0.000000 0.000000 0.000000 0.000000 0.000000 0.000000
0.000000 0.000000 432.203434 431.404680 431.225241 431.015287 430.978275 431.081928 431.031782 431.206001 431.112831 430.910117 430.849811 430.929387 431.036861 430.939940 431.135047 431.330085 431.747262 0.000000 0.000000
0.000000 0.000000 32.519278 33.181903 33.470400 34.638087 34.383376 34.143265 33.965562 33.742264 33.953096 34.305970 34.122066 33.879184 34.333598 34.100416 33.272717 32.438841 31.842565 0.000000 0.000000
0.000000 0.000000 184.373833 185.706749 178.086519 175.317206 176.702917 171.646495 171.259616 170.809547 170.092682 167.711910 170.288072 168.429898 171.794891 177.366363 177.055361 180.290065 183.576556 0.000000 0.000000
0.000000 0.000000 1781.974161 1786.826346 1792.981182 1774.718710 1759.625318 1748.780059 1751.556401 1748.939098 1752.386033 1756.939626 1753.064051 1750.639966 1760.994582 1760.450893 1767.673935 1774.743994 1775.742584 0.000000 0.000000
0.000000 0.000000 3160.524582 3154.479775 3151.738058 3147.522068 3139.944448 3132.775423 3131.076246 3131.016426 3130.302895 3127.973110 3125.538929 3127.946160 3126.916806 3141.891181 3146.830354 3150.088152 3152.756335 0.000000 0.000000
0.000000 0.000000 4167.542648 4165.039919 4162.044461 4157.668327 4144.856383 4128.795389 4128.929807 4125.542986 4127.273364 4130.044005 4131.936214 4132.943199 4152.337422 4161.507949 4166.260198 4167.919269 4173.096956 0.000000 0.000000
0.000000 0.000000 4806.095044 4807.517663 4806.768477 4800.560834 4800.125068 4793.246069 4793.866744 4794.280651 4793.102409 4790.741189 4790.386971 4793.806105 4793.513620 4795.724530 4803.908451 4802.162019 4805.168555 0.000000 0.000000
0.000000 0.000000 5652.696025 5650.101514 5646.243244 5647.357910 5640.925454 5630.714175 5631.263985 5628.694282 5626.316800 5627.558734 5628.672089 5623.364555 5636.051776 5643.665508 5645.653341 5646.466087 5647.873525 0.000000 0.000000
0.000000 0.000000 6632.903920 6630.610956 6632.964507 6632.481597 6617.973870 6611.188784 6612.690995 6611.841749 6609.881544 6613.023234 6615.872959 6614.116535 6616.906152 6626.767337 6630.465708 6630.646960 6631.321219 0.000000 0.000000
0.000000 0.000000 7689.568775 7689.834167 7690.178037 7676.252950 7673.830508 7663.439366 7667.053311 7658.129385 7660.602707 7659.734322 7654.993437 7662.048223 7665.949636 7666.928286 7673.385702 7679.176360 7686.337486 0.000000 0.000000
0.000000 0.000000 8791.516731 8787.092297 8782.512333 8780.960504 8777.262298 8762.878256 8762.049841 8761.191405 8767.848031 8760.956130 8762.851742 8762.211961 8776.998996 8779.786734 8781.094711 8781.588921 8800.636932 0.000000 0.000000
0.000000 0.000000 9904.774777 9902.950511 9904.148999 9896.969932 9893.134923 9867.823742 9866.731622 9866.459735 9852.465392 9861.303940 9865.079581 9866.820635 9881.652682 9885.096695 9898.662157 9898.019361 9904.815785 0.000000 0.000000
0.000000 0.000000 11123.245964 11124.704980 11118.250186 11117.356744 11091.616622 11099.574217 11089.487413 11090.931914 11092.133621 11091.828342 11090.273201 11086.786604 11076.802974 11104.382283 11109.592119 11119.899531 11126.747592 0.000000 0.000000
0.000000 0.000000 12434.067978 12429.207501 12426.652459 12404.756778 12404.172602 12389.462692 12377.048598 12375.633526 12370.967582 12365.027690 12367.946716 12366.002834 12379.867121 12383.426479 12421.893450 12413.449384 12413.587485 0.000000 0.000000
0.000000 0.000000 13775.159561 13774.633551 13741.919079 13740.884773 13745.803160 13738.324627 13754.627901 13747.310897 13752.918041 13748.604962 13743.624263 13751.404488 13754.773940 13754.127448 13735.306296 13782.623442 13775.764981 0.000000 0.000000
0.000000 0.000000 15293.232525 15254.065745 15251.914838 15243.306514 15219.744780 15213.514326 15206.079670 15209.160844 15196.346062 15196.670681 15201.089406 15201.078665 15211.597365 15221.095616 15249.969168 15245.207439 15289.727506 0.000000 0.000000
0.000000 0.000000 16367.917914 16378.081384 16419.660543 16413.232770 16399.241146 16365.117304 16366.238313 16353.084509 16363.856950 16362.100351 16367.717056 16362.638927 16392.084858 16403.497054 16425.955865 16383.378076 16372.933197 0.000000 0.000000
0.000000 0.000000 0.000000 0.000000 0.000000 0.000000 0.000000 0.000000 0.000000 0.000000 0.000000 0.000000 0.000000 0.000000 0.000000 0.000000 0.000000 0.000000 0.000000 0.000000 0.000000
0.000000 0.000000 0.000000 0.000000 0.000000 0.000000 0.000000 0.000000 0.000000 0.000000 0.000000 0.000000 0.000000 0.000000 0.000000 0.000000 0.000000 0.000000 0.000000 0.000000 0.000000