geotop/1.0zi/1.0Montebello/Templates/testdem/maps/_Erotot3639.asc
ncols         21
nrows         20
xllcorner     100.000000
yllcorner     100.000000
cellsize      50.000000
NODATA_value  -9999.0
0.000000 0.000000 0.000000 0.000000 0.000000 0.000000 0.000000 0.000000 0.000000 0.000000 0.000000 0.000000 0.000000 0.000000 0.000000 0.000000 0.000000 0.000000 0.000000 0.000000 0.000000
0.000000 0.000000 377.633976 377.636834 377.640381 377.759365 377.626888 377.632673 377.606330 377.646260 377.660960 377.646260 377.606330 377.632673 377.626888 377.759365 377.640381 377.636834 377.633976 0.000000 0.000000
0.000000 0.000000 11.666141 11.424752 9.671450 11.353421 11.671267 11.599584 11.690870 11.580105 11.949906 11.580105 11.690870 11.599584 11.671267 11.353421 9.671450 11.424752 11.666141 0.000000 0.000000
0.000000 0.000000 2775.530174 2774.737910 2775.226591 2773.402231 2774.891166 2774.518022 2773.965532 2775.045000 2774.952726 2775.045000 2773.965532 2774.518022 2774.891166 2773.402231 2775.226591 2774.737910 2775.530174 0.000000 0.000000
0.000000 0.000000 5342.415227 5342.390531 5341.571743 5342.149986 5342.829768 5342.536994 5342.628956 5342.391123 5342.612124 5342.391123 5342.628956 5342.536994 5342.829768 5342.149986 5341.571743 5342.390531 5342.415227 0.000000 0.000000
0.000000 0.000000 6907.678908 6907.280599 6906.814489 6906.954502 6907.595820 6907.317187 6907.137976 6907.374136 6907.592122 6907.374136 6907.137976 6907.317187 6907.595820 6906.954502 6906.814489 6907.280599 6907.678908 0.000000 0.000000
0.000000 0.000000 8905.302278 8904.963942 8904.542422 8904.666621 8905.216436 8904.971493 8904.814094 8905.011774 8905.227339 8905.011774 8904.814094 8904.971493 8905.216436 8904.666621 8904.542422 8904.963942 8905.302278 0.000000 0.000000
0.000000 0.000000 10747.282683 10746.994574 10746.610170 10746.736648 10747.201534 10746.991812 10746.853344 10747.025912 10747.220022 10747.025912 10746.853344 10746.991812 10747.201534 10746.736648 10746.610170 10746.994574 10747.282683 0.000000 0.000000
0.000000 0.000000 12434.748170 12434.491707 12434.131689 12434.255738 12434.682332 12434.490903 12434.364282 12434.523622 12434.706173 12434.523622 12434.364282 12434.490903 12434.682332 12434.255738 12434.131689 12434.491707 12434.748170 0.000000 0.000000
0.000000 0.000000 13997.057773 13996.843722 13996.494267 13996.654089 13997.000152 13996.829171 13996.717195 13996.857993 13997.023822 13996.857993 13996.717195 13996.829171 13997.000152 13996.654089 13996.494267 13996.843722 13997.057773 0.000000 0.000000
0.000000 0.000000 15445.813001 15445.604241 15445.276944 15445.411217 15445.769203 15445.600233 15445.493983 15445.634599 15445.790435 15445.634599 15445.493983 15445.600233 15445.769203 15445.411217 15445.276944 15445.604241 15445.813001 0.000000 0.000000
0.000000 0.000000 16807.746075 16807.550072 16807.245306 16807.374286 16807.721500 16807.560851 16807.458155 16807.598631 16807.743855 16807.598631 16807.458155 16807.560851 16807.721500 16807.374286 16807.245306 16807.550072 16807.746075 0.000000 0.000000
0.000000 0.000000 18092.139689 18091.957661 18091.661013 18091.790562 18092.118060 18091.965930 18091.869607 18092.006376 18092.141730 18092.006376 18091.869607 18091.965930 18092.118060 18091.790562 18091.661013 18091.957661 18092.139689 0.000000 0.000000
0.000000 0.000000 19313.304426 19313.136741 19312.851227 19312.995980 19313.288608 19313.143292 19313.053949 19313.183757 19313.312011 19313.183757 19313.053949 19313.143292 19313.288608 19312.995980 19312.851227 19313.136741 19313.304426 0.000000 0.000000
0.000000 0.000000 20475.804794 20475.637847 20475.357825 20475.489944 20475.786318 20475.651737 20475.568815 20475.698709 20475.819566 20475.698709 20475.568815 20475.651737 20475.786318 20475.489944 20475.357825 20475.637847 20475.804794 0.000000 0.000000
0.000000 0.000000 21582.128829 21581.969592 21581.700602 21581.824648 21582.109485 21581.977491 21581.897558 21582.021324 21582.137680 21582.021324 21581.897558 21581.977491 21582.109485 21581.824648 21581.700602 21581.969592 21582.128825 0.000000 0.000000
0.000000 0.000000 22640.977615 22640.824816 22640.559083 22640.686041 22640.956996 22640.828942 22640.753321 22640.873137 22640.982224 22640.873137 22640.753321 22640.828942 22640.956996 22640.686041 22640.559083 22640.824796 22640.977466 0.000000 0.000000
0.000000 0.000000 23703.765299 23704.157571 23703.899389 23704.021795 23704.286367 23704.162629 23704.089695 23704.205941 23704.311004 23704.205941 23704.089695 23704.162629 23704.286367 23704.021795 23703.899371 23704.154265 23704.299251 0.000000 0.000000
0.000000 0.000000 0.000000 0.000000 0.000000 0.000000 0.000000 0.000000 0.000000 0.000000 0.000000 0.000000 0.000000 0.000000 0.000000 0.000000 0.000000 0.000000 0.000000 0.000000 0.000000
0.000000 0.000000 0.000000 0.000000 0.000000 0.000000 0.000000 0.000000 0.000000 0.000000 0.000000 0.000000 0.000000 0.000000 0.000000 0.000000 0.000000 0.000000 0.000000 0.000000 0.000000