geotop/1.0zi/1.0Montebello/Templates/testdem/maps/_Erotot8990.asc
ncols         21
nrows         20
xllcorner     100.000000
yllcorner     100.000000
cellsize      50.000000
NODATA_value  -9999.0
0.000000 0.000000 0.000000 0.000000 0.000000 0.000000 0.000000 0.000000 0.000000 0.000000 0.000000 0.000000 0.000000 0.000000 0.000000 0.000000 0.000000 0.000000 0.000000 0.000000 0.000000
0.000000 0.000000 718.903835 719.542120 718.973598 719.060230 718.042584 718.167495 718.250129 718.324307 718.705577 718.071521 717.961115 717.999273 718.405082 718.532692 719.355657 719.944069 720.103237 0.000000 0.000000
0.000000 0.000000 55.985356 55.002254 55.300043 55.232978 56.057214 55.731388 55.360280 55.227124 55.431311 55.760264 55.818081 55.935582 55.708588 55.104181 53.832518 52.985865 53.595575 0.000000 0.000000
0.000000 0.000000 429.755301 431.485704 418.426960 412.191110 411.619520 405.753207 410.746802 412.422144 408.471259 406.872125 410.288403 409.794830 418.285445 426.758848 430.569179 424.970593 432.243653 0.000000 0.000000
0.000000 0.000000 3933.182806 3927.081059 3925.458844 3891.531273 3867.413026 3855.427343 3848.841735 3841.505209 3850.374655 3857.252806 3855.701720 3850.746212 3870.341070 3874.786851 3890.476754 3901.671744 3901.784662 0.000000 0.000000
0.000000 0.000000 5995.990746 5990.617805 5985.594129 5987.839961 5965.892807 5952.824046 5957.271086 5957.080562 5952.817054 5946.750932 5945.026338 5949.196844 5949.285922 5974.217126 5975.499179 5981.603861 5983.926891 0.000000 0.000000
0.000000 0.000000 7418.872003 7413.283249 7410.036854 7399.184645 7390.442741 7357.634307 7358.052398 7355.432777 7355.165228 7359.494331 7360.034443 7360.996183 7393.795310 7399.591213 7407.926258 7410.342669 7415.340364 0.000000 0.000000
0.000000 0.000000 8811.317509 8808.840437 8804.907102 8792.843120 8787.027383 8783.400872 8784.280646 8782.282526 8782.595408 8778.437958 8777.240982 8784.646351 8782.877811 8791.450410 8805.624683 8801.667061 8807.772435 0.000000 0.000000
0.000000 0.000000 10608.575140 10603.581710 10596.569581 10594.033126 10578.937765 10560.118792 10563.074704 10558.909301 10555.947623 10555.537878 10558.322674 10552.121336 10576.088113 10589.998021 10591.416203 10593.446070 10596.947759 0.000000 0.000000
0.000000 0.000000 12691.973540 12684.551816 12683.647190 12677.190601 12653.831014 12642.912093 12642.490012 12641.138867 12637.342611 12641.757459 12644.755987 12644.417415 12651.618899 12670.281268 12677.824443 12680.106429 12679.276980 0.000000 0.000000
0.000000 0.000000 14998.439913 14996.057170 14993.180017 14965.266260 14959.084033 14938.529047 14946.926918 14929.720390 14935.809998 14932.074382 14924.486769 14935.336862 14949.622036 14953.045190 14968.056800 14971.554815 14986.442073 0.000000 0.000000
0.000000 0.000000 17548.537033 17538.825440 17524.407784 17521.653574 17505.496677 17482.614836 17481.011535 17483.959078 17490.210649 17477.426836 17484.476501 17482.446206 17508.595000 17521.028128 17521.385048 17525.134478 17550.246147 0.000000 0.000000
0.000000 0.000000 20246.833850 20236.753572 20240.386208 20217.129044 20207.941540 20141.555438 20139.282247 20138.123462 20109.097876 20127.972201 20130.321165 20137.491067 20186.466569 20195.080288 20224.937931 20222.004849 20228.890648 0.000000 0.000000
0.000000 0.000000 23432.443173 23433.810243 23412.725101 23405.524234 23317.811882 23357.203930 23337.509757 23338.869051 23352.384683 23340.748468 23339.555854 23328.646493 23291.088673 23389.374121 23391.720712 23415.956115 23428.997556 0.000000 0.000000
0.000000 0.000000 26996.011962 26981.047957 26965.524806 26863.938222 26905.035869 26849.348424 26827.450176 26822.784949 26801.095932 26789.431915 26799.690638 26800.405064 26857.611082 26818.027722 26962.233783 26923.939814 26917.284648 0.000000 0.000000
0.000000 0.000000 30524.095920 30517.495046 30378.884740 30446.854464 30434.311971 30435.638844 30505.584264 30484.113541 30518.428300 30510.147545 30484.930388 30520.052540 30508.290828 30522.428990 30363.065964 30576.270925 30566.665268 0.000000 0.000000
0.000000 0.000000 34325.892955 34152.482162 34231.461993 34157.231195 34068.842773 34047.891891 33984.709421 34003.167778 33941.413863 33949.928598 33984.706769 33950.023321 33996.527293 34051.953172 34226.844657 34073.017837 34255.082984 0.000000 0.000000
0.000000 0.000000 35195.194738 35360.151268 35485.762267 35491.223164 35505.906615 35392.781473 35420.269198 35380.441781 35446.506194 35434.799581 35426.414128 35442.946935 35531.685978 35523.674114 35507.463151 35410.746857 35246.621717 0.000000 0.000000
0.000000 0.000000 0.000000 0.000000 0.000000 0.000000 0.000000 0.000000 0.000000 0.000000 0.000000 0.000000 0.000000 0.000000 0.000000 0.000000 0.000000 0.000000 0.000000 0.000000 0.000000
0.000000 0.000000 0.000000 0.000000 0.000000 0.000000 0.000000 0.000000 0.000000 0.000000 0.000000 0.000000 0.000000 0.000000 0.000000 0.000000 0.000000 0.000000 0.000000 0.000000 0.000000