geotop/1.0zi/1.0Montebello/Templates/testdem/maps/_Erotot1898.asc
ncols         21
nrows         20
xllcorner     100.000000
yllcorner     100.000000
cellsize      50.000000
NODATA_value  -9999.0
0.000000 0.000000 0.000000 0.000000 0.000000 0.000000 0.000000 0.000000 0.000000 0.000000 0.000000 0.000000 0.000000 0.000000 0.000000 0.000000 0.000000 0.000000 0.000000 0.000000 0.000000
0.000000 0.000000 199.948542 199.950670 199.987542 199.974051 199.937079 199.951228 199.953485 199.944471 199.945921 199.944471 199.953485 199.951228 199.937079 199.974051 199.987542 199.950670 199.948542 0.000000 0.000000
0.000000 0.000000 10.592436 10.371536 8.591102 10.436149 10.639100 10.616291 10.624215 10.634517 10.631102 10.634517 10.624215 10.616291 10.639100 10.436149 8.591102 10.371536 10.592436 0.000000 0.000000
0.000000 0.000000 1391.768295 1391.559131 1391.750586 1389.684106 1391.929679 1391.472182 1391.501056 1392.238589 1392.257460 1392.238589 1391.501056 1391.472182 1391.929679 1389.684106 1391.750586 1391.559131 1391.768295 0.000000 0.000000
0.000000 0.000000 2718.297702 2718.085217 2717.483415 2718.167718 2718.615550 2718.419204 2718.375785 2718.541146 2718.511225 2718.541146 2718.375785 2718.419204 2718.615550 2718.167718 2717.483415 2718.085217 2718.297702 0.000000 0.000000
0.000000 0.000000 3548.169199 3548.001768 3547.388737 3547.505013 3548.383790 3548.111308 3548.138100 3548.458594 3548.500396 3548.458594 3548.138100 3548.111308 3548.383790 3547.505013 3547.388737 3548.001768 3548.169199 0.000000 0.000000
0.000000 0.000000 4632.726780 4632.592458 4632.025693 4632.143377 4632.893753 4632.660352 4632.692948 4632.977106 4633.031911 4632.977106 4632.692948 4632.660352 4632.893753 4632.143377 4632.025693 4632.592458 4632.726780 0.000000 0.000000
0.000000 0.000000 5662.623416 5662.512712 5661.982095 5662.104218 5662.757346 5662.557011 5662.586329 5662.840877 5662.896438 5662.840877 5662.586329 5662.557011 5662.757346 5662.104218 5661.982095 5662.512712 5662.623416 0.000000 0.000000
0.000000 0.000000 6633.381053 6633.278913 6632.771784 6632.892413 6633.502079 6633.316402 6633.343944 6633.584516 6633.639759 6633.584516 6633.343944 6633.316402 6633.502079 6632.892413 6632.771784 6633.278913 6633.381053 0.000000 0.000000
0.000000 0.000000 7556.169600 7556.094141 7555.596451 7555.755154 7556.276944 7556.111174 7556.143324 7556.362229 7556.415830 7556.362229 7556.143324 7556.111174 7556.276944 7555.755154 7555.596451 7556.094141 7556.169600 0.000000 0.000000
0.000000 0.000000 8436.048728 8435.964045 8435.483905 8435.616982 8436.154402 8435.987961 8436.015645 8436.233123 8436.284523 8436.233123 8436.015645 8435.987961 8436.154402 8435.616982 8435.483905 8435.964045 8436.048728 0.000000 0.000000
0.000000 0.000000 9281.337284 9281.250441 9280.785039 9280.911029 9281.438157 9281.277574 9281.303958 9281.515475 9281.566873 9281.515475 9281.303958 9281.277574 9281.438157 9280.911029 9280.785039 9281.250441 9281.337284 0.000000 0.000000
0.000000 0.000000 10100.564796 10100.480907 10100.020427 10100.147206 10100.658507 10100.501217 10100.527669 10100.734766 10100.784730 10100.734766 10100.527669 10100.501217 10100.658507 10100.147206 10100.020427 10100.480907 10100.564796 0.000000 0.000000
0.000000 0.000000 10896.152452 10896.075180 10895.621882 10895.767838 10896.243478 10896.091753 10896.119875 10896.319958 10896.368753 10896.319958 10896.119875 10896.091753 10896.243478 10895.767838 10895.621882 10896.075180 10896.152452 0.000000 0.000000
0.000000 0.000000 11671.604795 11671.524662 11671.072098 11671.206861 11671.690981 11671.539556 11671.566353 11671.766384 11671.814133 11671.766384 11671.566353 11671.539556 11671.690981 11671.206861 11671.072098 11671.524662 11671.604795 0.000000 0.000000
0.000000 0.000000 12428.860261 12428.781244 12428.338843 12428.466541 12428.940949 12428.793506 12428.820062 12429.015714 12429.063074 12429.015714 12428.820062 12428.793506 12428.940949 12428.466541 12428.338843 12428.781244 12428.860257 0.000000 0.000000
0.000000 0.000000 13166.919478 13166.841164 13166.398348 13166.529456 13166.998324 13166.850960 13166.876930 13167.069697 13167.115698 13167.069697 13166.876930 13166.850960 13166.998324 13166.529456 13166.398348 13166.841144 13166.919074 0.000000 0.000000
0.000000 0.000000 13920.946945 13921.207911 13920.772409 13920.898573 13921.366502 13921.219867 13921.243653 13921.434742 13921.479694 13921.434742 13921.243653 13921.219867 13921.366502 13920.898573 13920.772390 13921.204532 13921.282276 0.000000 0.000000
0.000000 0.000000 0.000000 0.000000 0.000000 0.000000 0.000000 0.000000 0.000000 0.000000 0.000000 0.000000 0.000000 0.000000 0.000000 0.000000 0.000000 0.000000 0.000000 0.000000 0.000000
0.000000 0.000000 0.000000 0.000000 0.000000 0.000000 0.000000 0.000000 0.000000 0.000000 0.000000 0.000000 0.000000 0.000000 0.000000 0.000000 0.000000 0.000000 0.000000 0.000000 0.000000