geotop/1.0zi/1.0Montebello/Templates/testdem/maps/_Erotot5565.asc
ncols         21
nrows         20
xllcorner     100.000000
yllcorner     100.000000
cellsize      50.000000
NODATA_value  -9999.0
0.000000 0.000000 0.000000 0.000000 0.000000 0.000000 0.000000 0.000000 0.000000 0.000000 0.000000 0.000000 0.000000 0.000000 0.000000 0.000000 0.000000 0.000000 0.000000 0.000000 0.000000
0.000000 0.000000 422.952958 422.152084 421.970046 421.757903 421.715738 421.814608 421.764943 421.938219 421.847526 421.646922 421.586759 421.660221 421.770216 421.678182 421.875576 422.076598 422.493573 0.000000 0.000000
0.000000 0.000000 31.626628 32.286114 32.571888 33.735921 33.480549 33.240358 33.062523 32.840130 33.048660 33.399736 33.215165 32.976468 33.434220 33.203030 32.377255 31.543240 30.951867 0.000000 0.000000
0.000000 0.000000 182.625228 183.874194 176.248799 173.634543 175.157915 170.014151 169.534342 169.068901 168.389299 165.970651 168.697556 167.190766 170.298056 175.490522 175.436901 178.638623 182.070290 0.000000 0.000000
0.000000 0.000000 1721.977300 1726.656081 1732.979710 1715.050340 1700.165594 1689.383995 1692.029860 1689.405317 1692.906721 1697.390372 1693.574692 1691.361319 1701.575304 1700.530608 1707.816838 1714.813262 1716.035742 0.000000 0.000000
0.000000 0.000000 3101.139166 3095.161811 3092.409894 3088.134530 3080.669222 3073.610414 3071.992664 3071.921767 3071.189092 3068.875038 3066.402342 3068.596542 3067.633878 3082.634381 3087.418580 3090.682906 3093.232627 0.000000 0.000000
0.000000 0.000000 4103.078202 4100.560086 4097.594145 4093.229333 4080.475956 4064.591582 4064.713914 4061.324273 4063.061482 4065.820942 4067.718001 4068.749155 4087.949230 4097.042151 4101.803366 4103.440921 4108.649345 0.000000 0.000000
0.000000 0.000000 4729.770074 4731.157993 4730.456983 4724.328248 4723.989626 4717.173907 4717.768261 4718.179312 4717.016291 4714.638841 4714.301081 4717.770854 4717.383536 4719.438054 4727.624029 4725.857342 4728.908111 0.000000 0.000000
0.000000 0.000000 5561.064832 5558.440894 5554.644156 5555.839082 5549.508165 5539.381975 5539.898229 5537.331052 5534.975109 5536.193768 5537.325761 5532.080175 5544.646777 5552.082132 5554.079252 5554.869966 5556.316971 0.000000 0.000000
0.000000 0.000000 6524.255244 6521.931453 6524.334531 6523.937166 6509.585219 6502.891701 6504.359878 6503.506868 6501.570237 6504.681843 6507.546698 6505.850086 6508.518062 6518.165355 6521.858290 6522.022149 6522.734050 0.000000 0.000000
0.000000 0.000000 7561.969014 7562.197441 7562.595863 7548.814354 7546.516869 7536.243275 7539.814498 7530.919307 7533.400247 7532.517799 7527.816775 7534.899806 7538.668492 7539.445401 7545.897872 7551.635966 7558.822778 0.000000 0.000000
0.000000 0.000000 8642.925793 8638.491040 8634.001094 8632.551104 8628.991905 8614.755702 8613.915004 8613.039927 8619.688684 8612.808706 8614.709254 8614.138643 8628.711075 8631.280826 8632.591469 8633.067349 8652.067207 0.000000 0.000000
0.000000 0.000000 9733.950749 9732.096344 9733.343478 9726.298708 9722.610892 9697.814838 9696.699868 9696.424279 9682.556804 9691.296995 9695.076029 9696.855487 9711.218116 9714.429530 9727.905221 9727.244930 9734.079842 0.000000 0.000000
0.000000 0.000000 10926.845667 10928.262739 10921.921956 10921.125521 10896.085807 10903.932047 10893.899262 10895.321526 10896.504278 10896.203492 10894.692386 10891.299024 10881.362074 10908.138907 10913.332703 10923.521384 10930.375965 0.000000 0.000000
0.000000 0.000000 12208.946296 12204.064833 12201.646698 12180.564033 12179.972672 12165.599503 12153.260310 12151.865630 12147.285723 12141.390187 12144.276077 12142.422718 12155.915211 12159.323662 12196.925678 12188.604659 12188.818717 0.000000 0.000000
0.000000 0.000000 13519.314806 13518.761997 13487.106597 13485.964210 13491.062389 13483.780897 13499.727964 13492.470415 13497.952638 13493.658298 13488.841666 13496.487544 13499.638670 13498.761062 13480.530670 13526.483035 13519.732185 0.000000 0.000000
0.000000 0.000000 15000.044472 14962.346637 14960.211941 14952.158201 14929.515626 14923.771462 14916.512978 14919.523964 14907.043591 14907.284806 14911.566560 14911.797885 14921.670462 14930.318811 14958.274349 14953.889349 14996.911174 0.000000 0.000000
0.000000 0.000000 16054.804720 16064.114619 16104.502266 16098.556505 16085.149336 16052.545165 16053.575806 16040.671366 16051.078523 16049.335412 16054.981269 16049.916069 16077.916652 16088.665945 16110.534782 16069.135996 16059.482625 0.000000 0.000000
0.000000 0.000000 0.000000 0.000000 0.000000 0.000000 0.000000 0.000000 0.000000 0.000000 0.000000 0.000000 0.000000 0.000000 0.000000 0.000000 0.000000 0.000000 0.000000 0.000000 0.000000
0.000000 0.000000 0.000000 0.000000 0.000000 0.000000 0.000000 0.000000 0.000000 0.000000 0.000000 0.000000 0.000000 0.000000 0.000000 0.000000 0.000000 0.000000 0.000000 0.000000 0.000000