geotop/1.0zi/1.0Montebello/Templates/testdem/maps/_Erotot5070.asc
ncols         21
nrows         20
xllcorner     100.000000
yllcorner     100.000000
cellsize      50.000000
NODATA_value  -9999.0
0.000000 0.000000 0.000000 0.000000 0.000000 0.000000 0.000000 0.000000 0.000000 0.000000 0.000000 0.000000 0.000000 0.000000 0.000000 0.000000 0.000000 0.000000 0.000000 0.000000 0.000000
0.000000 0.000000 374.345811 373.442991 373.155359 372.959188 372.928432 373.018105 372.976315 373.137118 373.090553 372.963353 373.032018 373.072587 372.999245 373.048624 373.238238 373.207049 373.757359 0.000000 0.000000
0.000000 0.000000 28.958306 29.913142 30.307021 31.372510 30.921727 30.902543 30.719651 30.504826 30.585865 30.919989 30.600467 30.429355 30.984151 30.618947 29.784167 29.091518 28.432951 0.000000 0.000000
0.000000 0.000000 152.213977 153.562437 146.335571 144.345094 145.530109 140.840556 140.037160 140.144694 138.739226 137.611649 138.727253 137.273780 139.877910 144.658039 144.181118 147.615345 150.354445 0.000000 0.000000
0.000000 0.000000 1517.317617 1521.295223 1526.681016 1508.948898 1497.838564 1489.504838 1492.075640 1486.603733 1490.452043 1494.560013 1494.911611 1495.270484 1504.608723 1503.780027 1510.349428 1515.749787 1517.547970 0.000000 0.000000
0.000000 0.000000 2801.583644 2796.034471 2792.127434 2789.016204 2782.531527 2779.246655 2776.628695 2778.476050 2777.879100 2775.172144 2771.579085 2773.437696 2773.415437 2786.567177 2790.515603 2790.814699 2793.687790 0.000000 0.000000
0.000000 0.000000 3640.475783 3637.773171 3633.461196 3630.149529 3617.984722 3601.273504 3602.095987 3598.930055 3601.610478 3601.232062 3604.119255 3606.693151 3621.948191 3630.823389 3636.888484 3640.693117 3646.054555 0.000000 0.000000
0.000000 0.000000 4220.864931 4220.092983 4220.724528 4215.450486 4214.641129 4209.185692 4209.875771 4210.188486 4207.562421 4208.182403 4207.357477 4206.417332 4209.446787 4213.331882 4216.167921 4216.334005 4216.716541 0.000000 0.000000
0.000000 0.000000 4944.997365 4945.033723 4942.626087 4939.365170 4934.235438 4925.701395 4925.803136 4924.192458 4924.269661 4925.043068 4924.388592 4925.283670 4930.871253 4938.699046 4939.130868 4941.048008 4945.120448 0.000000 0.000000
0.000000 0.000000 5795.663103 5794.599349 5795.030497 5793.885690 5784.591849 5777.957840 5779.582005 5778.616710 5778.612840 5778.328739 5777.803940 5776.509999 5785.984111 5791.441538 5790.787729 5793.039977 5793.989750 0.000000 0.000000
0.000000 0.000000 6705.226199 6703.697093 6703.127957 6694.820046 6691.798029 6681.330190 6681.446275 6679.211511 6678.913064 6679.999523 6679.158016 6679.599111 6683.994351 6688.204487 6697.017656 6698.740612 6702.521877 0.000000 0.000000
0.000000 0.000000 7647.863647 7647.059134 7645.337718 7641.049734 7635.430259 7626.218133 7625.053031 7624.770808 7624.610299 7623.614127 7623.591098 7624.068828 7634.185066 7640.165035 7640.443029 7642.219315 7659.949272 0.000000 0.000000
0.000000 0.000000 8596.938455 8595.213727 8592.461821 8588.950360 8580.598774 8558.877778 8559.240595 8557.541849 8557.153660 8557.702356 8556.465954 8557.269786 8575.697099 8584.011261 8588.514140 8590.268433 8593.189956 0.000000 0.000000
0.000000 0.000000 9625.211110 9622.165853 9620.323879 9615.826041 9594.559967 9602.422520 9596.045305 9595.273504 9595.405295 9595.589246 9594.734679 9595.086549 9588.264094 9609.215330 9613.138070 9619.218076 9619.537598 0.000000 0.000000
0.000000 0.000000 10719.789308 10715.391543 10710.450332 10694.884361 10691.546446 10674.958689 10666.311844 10664.681042 10659.771942 10659.329661 10660.979338 10659.053323 10670.721515 10678.333723 10703.191272 10698.759320 10700.425012 0.000000 0.000000
0.000000 0.000000 11823.702522 11823.445021 11799.406497 11797.967087 11797.365616 11794.749804 11797.918499 11798.252985 11801.121607 11800.754092 11797.575998 11804.268106 11803.025102 11802.046645 11792.534792 11821.626156 11827.130083 0.000000 0.000000
0.000000 0.000000 13070.707549 13041.391310 13031.464169 13025.536628 13007.044763 12998.838762 12996.784262 12996.015829 12991.341953 12991.550430 12992.594798 12989.493731 12996.091441 13015.630411 13029.033632 13029.481014 13059.971701 0.000000 0.000000
0.000000 0.000000 13979.336153 13985.277919 14014.122255 14003.693439 13996.635748 13968.243794 13966.213520 13963.296398 13965.337536 13964.876366 13963.364439 13966.058928 13992.673707 14001.549473 14012.788469 13981.792020 13982.790917 0.000000 0.000000
0.000000 0.000000 0.000000 0.000000 0.000000 0.000000 0.000000 0.000000 0.000000 0.000000 0.000000 0.000000 0.000000 0.000000 0.000000 0.000000 0.000000 0.000000 0.000000 0.000000 0.000000
0.000000 0.000000 0.000000 0.000000 0.000000 0.000000 0.000000 0.000000 0.000000 0.000000 0.000000 0.000000 0.000000 0.000000 0.000000 0.000000 0.000000 0.000000 0.000000 0.000000 0.000000