geotop/1.0zi/1.0Montebello/Templates/testdem/maps/_Erotot8286.asc
ncols         21
nrows         20
xllcorner     100.000000
yllcorner     100.000000
cellsize      50.000000
NODATA_value  -9999.0
0.000000 0.000000 0.000000 0.000000 0.000000 0.000000 0.000000 0.000000 0.000000 0.000000 0.000000 0.000000 0.000000 0.000000 0.000000 0.000000 0.000000 0.000000 0.000000 0.000000 0.000000
0.000000 0.000000 680.275653 681.073060 680.522225 680.626766 679.615203 679.773434 679.760265 679.823400 680.256431 679.581759 679.460114 679.512203 679.888055 680.043056 680.879438 681.427905 681.643907 0.000000 0.000000
0.000000 0.000000 52.601883 51.618685 51.860478 51.924135 52.558153 52.235716 51.942362 51.804723 52.033806 52.393067 52.412599 52.562083 52.316845 51.805677 50.533099 49.678535 50.202895 0.000000 0.000000
0.000000 0.000000 354.818133 355.952832 343.584882 338.329989 338.892260 327.579092 327.671623 328.518076 324.861685 323.077842 325.230647 325.375425 335.637040 342.706127 347.312447 350.213255 355.431082 0.000000 0.000000
0.000000 0.000000 3388.933776 3391.386298 3395.237286 3372.258139 3352.701286 3340.782197 3338.682134 3334.359781 3341.484418 3346.625310 3342.086859 3340.752824 3355.830381 3360.180338 3372.399569 3383.016729 3382.865343 0.000000 0.000000
0.000000 0.000000 5363.470169 5358.048090 5353.766510 5347.502244 5331.569937 5321.813291 5323.444096 5322.223646 5318.831313 5313.154900 5312.200694 5315.401648 5315.048632 5335.346272 5342.728417 5348.802203 5351.819545 0.000000 0.000000
0.000000 0.000000 6691.287452 6688.303839 6683.758115 6676.746483 6662.707967 6639.970891 6638.824209 6635.060236 6636.528409 6640.252177 6641.755195 6642.271811 6670.746443 6681.064993 6686.851771 6689.774777 6695.071764 0.000000 0.000000
0.000000 0.000000 7891.235796 7891.557186 7888.623141 7878.417657 7875.491850 7865.527673 7865.564761 7865.433013 7864.488689 7860.527924 7859.823448 7866.117920 7868.326282 7873.688654 7886.633373 7885.384816 7890.521987 0.000000 0.000000
0.000000 0.000000 9459.587706 9455.067838 9448.719560 9448.119993 9436.434061 9420.321035 9421.441038 9416.857305 9414.844355 9414.571226 9417.081657 9411.271555 9430.537693 9445.096370 9447.441172 9451.518117 9452.992415 0.000000 0.000000
0.000000 0.000000 11255.264975 11251.827742 11252.122847 11247.427055 11226.169439 11215.631362 11215.015998 11214.844435 11211.397206 11214.927086 11218.140257 11217.432374 11224.840521 11240.067457 11248.358233 11250.743317 11251.921186 0.000000 0.000000
0.000000 0.000000 13230.337048 13229.605300 13226.640947 13205.451475 13199.005427 13182.030913 13187.793508 13174.037882 13178.384918 13176.527564 13169.317280 13179.715136 13189.816242 13193.267816 13206.700088 13214.438696 13225.556774 0.000000 0.000000
0.000000 0.000000 15381.625637 15373.378109 15364.926332 15361.160995 15349.806133 15328.278387 15324.097626 15325.106423 15332.801004 15321.199958 15325.709474 15325.381210 15349.481018 15359.127634 15362.617011 15367.149882 15391.572905 0.000000 0.000000
0.000000 0.000000 17632.282122 17627.393323 17627.997683 17613.038191 17605.115770 17550.887830 17548.974601 17547.928805 17524.915267 17538.532653 17542.976439 17548.195228 17586.086072 17594.337293 17619.728315 17619.859358 17627.158492 0.000000 0.000000
0.000000 0.000000 20233.446214 20236.335131 20221.638905 20216.568887 20149.871284 20174.298502 20156.709897 20158.293584 20166.563410 20160.634143 20157.986204 20152.421796 20127.626815 20199.443166 20206.263639 20229.007155 20239.489127 0.000000 0.000000
0.000000 0.000000 23166.567024 23157.671094 23147.947776 23072.133437 23092.176371 23053.862278 23033.092937 23029.308776 23015.349877 23003.876299 23011.549755 23010.390248 23052.314742 23035.748769 23143.597943 23121.778737 23118.397402 0.000000 0.000000
0.000000 0.000000 26206.337099 26203.259903 26094.395443 26134.503553 26133.233585 26125.398549 26175.504344 26159.305218 26183.650475 26175.319627 26157.065026 26185.470748 26183.518785 26186.126449 26085.412566 26248.612296 26239.656886 0.000000 0.000000
0.000000 0.000000 29798.901727 29642.119815 29693.747955 29637.944458 29556.369579 29538.555263 29489.686905 29503.859228 29452.445024 29458.288006 29486.149800 29460.718722 29499.120838 29551.826545 29691.429042 29584.535571 29752.245918 0.000000 0.000000
0.000000 0.000000 30947.007920 31108.872827 31245.487188 31252.699061 31264.264720 31143.154700 31166.755681 31125.694557 31191.530872 31179.812022 31172.729319 31188.815445 31286.697890 31279.598868 31271.854009 31166.233205 31005.823537 0.000000 0.000000
0.000000 0.000000 0.000000 0.000000 0.000000 0.000000 0.000000 0.000000 0.000000 0.000000 0.000000 0.000000 0.000000 0.000000 0.000000 0.000000 0.000000 0.000000 0.000000 0.000000 0.000000
0.000000 0.000000 0.000000 0.000000 0.000000 0.000000 0.000000 0.000000 0.000000 0.000000 0.000000 0.000000 0.000000 0.000000 0.000000 0.000000 0.000000 0.000000 0.000000 0.000000 0.000000