geotop/1.0zi/1.0Montebello/Templates/testdem/maps/_Erotot6246.asc
ncols         21
nrows         20
xllcorner     100.000000
yllcorner     100.000000
cellsize      50.000000
NODATA_value  -9999.0
0.000000 0.000000 0.000000 0.000000 0.000000 0.000000 0.000000 0.000000 0.000000 0.000000 0.000000 0.000000 0.000000 0.000000 0.000000 0.000000 0.000000 0.000000 0.000000 0.000000 0.000000
0.000000 0.000000 489.854623 490.715134 490.437054 490.735273 490.189123 490.249752 490.207433 490.373725 490.774696 490.079287 490.006785 490.098386 490.250096 490.147882 490.875632 491.076470 491.065317 0.000000 0.000000
0.000000 0.000000 37.041154 35.897866 35.978084 36.126131 36.373410 36.184265 35.997851 35.782208 36.029252 36.358634 36.176105 36.388254 36.263412 36.016084 34.704664 33.943293 34.634842 0.000000 0.000000
0.000000 0.000000 206.277663 208.513245 199.157284 197.205305 197.575773 192.613226 192.177604 191.694366 190.084831 188.048905 190.594289 188.298020 193.047423 198.871360 200.380279 201.750550 206.702647 0.000000 0.000000
0.000000 0.000000 1980.581116 1984.313172 1988.999516 1967.935686 1953.043124 1941.345391 1943.968488 1940.993012 1944.824382 1949.516438 1946.184260 1944.801636 1954.978412 1955.807391 1964.165058 1972.654038 1973.861005 0.000000 0.000000
0.000000 0.000000 3515.509774 3510.216276 3507.073020 3502.304532 3492.172980 3484.357299 3482.889639 3482.413108 3480.647558 3478.035735 3475.071299 3477.730714 3479.911265 3496.293372 3501.600727 3506.147977 3508.577293 0.000000 0.000000
0.000000 0.000000 4680.401478 4677.922116 4674.334222 4669.661728 4656.664084 4639.576409 4639.140562 4635.680355 4637.539160 4640.391667 4642.461758 4643.485340 4664.078045 4673.753422 4678.498328 4680.075577 4685.538938 0.000000 0.000000
0.000000 0.000000 5376.281235 5377.632344 5375.856617 5368.831000 5368.062923 5360.413305 5360.969821 5361.384332 5360.057970 5357.468636 5357.193016 5361.195378 5362.026261 5364.939842 5374.094858 5372.413723 5376.263172 0.000000 0.000000
0.000000 0.000000 6354.101752 6351.175251 6346.159496 6346.800240 6339.432010 6328.246051 6328.862874 6325.710640 6323.302325 6324.227678 6325.295016 6320.520667 6334.861631 6343.528716 6346.362437 6347.615013 6349.654725 0.000000 0.000000
0.000000 0.000000 7484.098408 7481.655892 7483.131698 7481.650022 7465.830548 7458.381400 7459.365457 7458.611392 7456.352858 7459.369705 7462.841173 7460.978483 7465.302898 7476.690276 7481.212218 7481.749637 7482.974425 0.000000 0.000000
0.000000 0.000000 8704.287072 8704.564943 8703.541129 8688.421398 8685.560007 8673.953723 8677.906235 8668.056721 8670.569137 8669.595025 8664.573437 8672.513797 8677.764630 8679.451229 8687.209370 8693.261505 8701.561998 0.000000 0.000000
0.000000 0.000000 9987.251554 9982.873889 9976.873593 9974.457011 9969.312967 9953.812066 9952.424671 9951.800976 9958.245671 9950.739539 9952.866443 9952.770746 9969.739844 9973.760346 9975.682083 9976.824560 9997.247274 0.000000 0.000000
0.000000 0.000000 11291.976463 11289.098745 11289.748478 11281.201543 11276.805103 11247.170811 11245.598144 11245.107552 11229.793684 11239.244812 11243.155061 11245.784747 11264.600422 11268.983108 11284.725745 11284.005512 11291.727185 0.000000 0.000000
0.000000 0.000000 12726.602552 12727.986466 12719.840183 12717.859104 12687.011179 12695.599239 12684.671527 12686.026978 12687.199263 12686.773541 12684.829803 12681.385757 12671.466451 12705.312001 12711.381393 12723.010384 12730.956188 0.000000 0.000000
0.000000 0.000000 14286.733550 14282.004045 14277.627973 14248.939558 14248.670228 14231.660775 14217.945516 14216.007232 14210.507850 14203.336247 14207.414582 14205.769087 14222.765651 14226.271640 14273.222318 14263.652394 14264.406781 0.000000 0.000000
0.000000 0.000000 15899.192399 15898.322190 15855.768770 15856.333467 15861.185900 15853.268958 15872.456524 15863.827683 15871.076029 15865.711718 15859.508544 15870.261391 15874.493647 15873.919909 15849.962834 15909.297375 15902.660135 0.000000 0.000000
0.000000 0.000000 17748.423115 17695.461049 17694.092244 17681.541196 17651.378466 17643.963030 17633.700766 17637.503813 17620.675888 17621.645377 17628.134407 17626.534999 17640.357565 17654.953420 17692.639929 17682.977813 17742.714919 0.000000 0.000000
0.000000 0.000000 18975.146602 18995.845108 19051.109898 19043.398942 19029.373763 18984.046538 18985.436827 18969.281915 18984.102468 18981.438903 18987.041312 18983.569260 19023.868006 19035.506530 19060.893438 19005.196517 18985.284371 0.000000 0.000000
0.000000 0.000000 0.000000 0.000000 0.000000 0.000000 0.000000 0.000000 0.000000 0.000000 0.000000 0.000000 0.000000 0.000000 0.000000 0.000000 0.000000 0.000000 0.000000 0.000000 0.000000
0.000000 0.000000 0.000000 0.000000 0.000000 0.000000 0.000000 0.000000 0.000000 0.000000 0.000000 0.000000 0.000000 0.000000 0.000000 0.000000 0.000000 0.000000 0.000000 0.000000 0.000000