geotop/1.0zi/1.0Montebello/Templates/testdem/maps/_Erotot116n.asc
ncols         21
nrows         20
xllcorner     100.000000
yllcorner     100.000000
cellsize      50.000000
NODATA_value  -9999.0
0.000000 0.000000 0.000000 0.000000 0.000000 0.000000 0.000000 0.000000 0.000000 0.000000 0.000000 0.000000 0.000000 0.000000 0.000000 0.000000 0.000000 0.000000 0.000000 0.000000 0.000000
0.000000 0.000000 958.025898 957.463236 956.112246 954.205443 952.853787 952.069292 952.538219 953.221459 953.132606 952.318763 952.278570 952.354420 953.927609 954.436564 957.239888 957.879693 958.457980 0.000000 0.000000
0.000000 0.000000 67.316545 68.250204 66.735358 69.667152 68.982296 68.290052 68.630574 67.452281 68.396390 70.619766 68.364483 68.409268 67.931500 67.451319 65.256065 64.570507 67.690513 0.000000 0.000000
0.000000 0.000000 915.911268 923.384929 902.569538 893.130868 896.664322 886.052155 885.617991 888.520244 880.346594 880.934371 886.013141 890.161788 893.710306 906.931259 912.314679 912.917404 917.607350 0.000000 0.000000
0.000000 0.000000 5891.082408 5876.996291 5881.731044 5839.414084 5807.412627 5789.790936 5784.718807 5778.683050 5783.867038 5790.256367 5790.922289 5779.373936 5804.870035 5812.047808 5831.857854 5846.105975 5847.019795 0.000000 0.000000
0.000000 0.000000 8165.922757 8162.882482 8152.908146 8152.803939 8123.546193 8109.369369 8112.508794 8111.158375 8103.087854 8096.767737 8095.203826 8098.978207 8101.130230 8132.322378 8132.037406 8141.525006 8142.268224 0.000000 0.000000
0.000000 0.000000 10072.931086 10067.212008 10060.885281 10046.019781 10038.532353 9993.017715 9989.842112 9986.059043 9984.540863 9988.163975 9987.445555 9988.893359 10028.182379 10033.511773 10044.818465 10050.815365 10055.150636 0.000000 0.000000
0.000000 0.000000 12257.743599 12253.579025 12244.873180 12220.458038 12208.611682 12200.321202 12197.038212 12195.091511 12191.659430 12188.967116 12187.143652 12194.319949 12193.345978 12207.766169 12226.298076 12224.513132 12230.882226 0.000000 0.000000
0.000000 0.000000 15008.874652 15001.551343 14988.760943 14981.164793 14961.123962 14931.146411 14931.641434 14926.777434 14921.299221 14919.742126 14922.626444 14915.173431 14946.488485 14965.970004 14970.931663 14977.373385 14979.644233 0.000000 0.000000
0.000000 0.000000 18298.373392 18284.814307 18275.615065 18263.250514 18242.858562 18216.390437 18210.492687 18209.060282 18199.911329 18204.645224 18211.418881 18209.219707 18220.199094 18247.129144 18258.923787 18265.793439 18264.286587 0.000000 0.000000
0.000000 0.000000 22099.978863 22090.622846 22085.936652 22036.810895 22036.707514 21995.341990 22005.951933 21981.235884 21987.065829 21981.680755 21968.842111 21984.018329 22003.656076 22012.465473 22033.808092 22040.349330 22063.128841 0.000000 0.000000
0.000000 0.000000 26488.931697 26465.974055 26434.534442 26429.872213 26413.561454 26363.634094 26351.313634 26358.690262 26361.238453 26345.957864 26353.939577 26346.286871 26387.678903 26412.250849 26415.010189 26424.858862 26457.562938 0.000000 0.000000
0.000000 0.000000 31016.694745 30997.699511 30998.557052 30963.884783 30938.442370 30819.654202 30809.371697 30804.464003 30745.188119 30785.113106 30785.397814 30797.631061 30883.178156 30896.518544 30949.126171 30955.386614 30946.396888 0.000000 0.000000
0.000000 0.000000 35670.888736 35676.973165 35635.396243 35621.916980 35487.609587 35593.614711 35557.759530 35557.264744 35588.235991 35555.461987 35552.064697 35530.093205 35438.569985 35598.143947 35587.402544 35624.451448 35642.227241 0.000000 0.000000
0.000000 0.000000 38868.518786 38856.741035 38844.744333 38757.708833 38825.320711 38758.329462 38746.640118 38743.201873 38720.088693 38714.649876 38725.222795 38727.323619 38785.467974 38707.540610 38836.230612 38800.286994 38788.244737 0.000000 0.000000
0.000000 0.000000 40802.335650 40797.784789 40737.907075 40767.208369 40768.326652 40763.973528 40794.959727 40782.050668 40795.609429 40789.512129 40778.588556 40794.127101 40789.298781 40794.960031 40721.828126 40812.564958 40804.186158 0.000000 0.000000
0.000000 0.000000 42342.028303 42292.349859 42328.413643 42297.614742 42274.706432 42271.080507 42251.587271 42258.537816 42237.241038 42240.483442 42250.078879 42242.387132 42251.842572 42257.573263 42317.623672 42261.746296 42310.292070 0.000000 0.000000
0.000000 0.000000 42939.092779 43012.062346 43037.966916 43048.925869 43059.010225 43022.004689 43038.334058 43023.303586 43047.836799 43043.532701 43039.314200 43045.394861 43074.463587 43064.164063 43038.880861 43024.596919 42956.146962 0.000000 0.000000
0.000000 0.000000 0.000000 0.000000 0.000000 0.000000 0.000000 0.000000 0.000000 0.000000 0.000000 0.000000 0.000000 0.000000 0.000000 0.000000 0.000000 0.000000 0.000000 0.000000 0.000000
0.000000 0.000000 0.000000 0.000000 0.000000 0.000000 0.000000 0.000000 0.000000 0.000000 0.000000 0.000000 0.000000 0.000000 0.000000 0.000000 0.000000 0.000000 0.000000 0.000000 0.000000