geotop/1.0zi/1.0Montebello/Templates/testdem/maps/_Erotot6855.asc
ncols         21
nrows         20
xllcorner     100.000000
yllcorner     100.000000
cellsize      50.000000
NODATA_value  -9999.0
0.000000 0.000000 0.000000 0.000000 0.000000 0.000000 0.000000 0.000000 0.000000 0.000000 0.000000 0.000000 0.000000 0.000000 0.000000 0.000000 0.000000 0.000000 0.000000 0.000000 0.000000
0.000000 0.000000 549.473115 550.268742 549.925584 550.169676 549.561238 549.555772 549.515221 549.678580 550.086203 549.427105 549.317920 549.410964 549.680711 549.639351 550.368903 550.630684 550.689258 0.000000 0.000000
0.000000 0.000000 42.939433 41.798247 41.884533 42.027628 42.269014 42.098744 41.913273 41.698553 41.941345 42.211562 42.104866 42.329815 42.132058 41.925287 40.649607 39.865346 40.546713 0.000000 0.000000
0.000000 0.000000 226.072355 228.240882 217.238773 214.538363 214.399283 209.016734 208.363852 208.172849 207.284703 206.449830 208.556182 207.239836 213.745892 219.712134 220.613079 221.704826 226.935111 0.000000 0.000000
0.000000 0.000000 2299.660140 2302.810905 2306.274183 2286.120176 2271.637510 2258.370446 2261.493841 2257.253348 2262.816426 2268.245388 2263.654249 2262.043737 2274.204544 2276.762504 2284.833691 2292.697828 2294.600487 0.000000 0.000000
0.000000 0.000000 4058.885102 4053.240886 4050.181115 4043.360353 4030.564126 4023.022078 4021.536455 4021.559315 4018.095298 4012.576709 4011.451729 4014.588710 4014.201061 4031.885233 4040.446494 4046.804557 4048.685468 0.000000 0.000000
0.000000 0.000000 5219.699430 5216.858954 5212.908887 5207.696203 5194.502670 5176.403087 5175.988521 5172.029556 5173.884144 5177.795692 5179.363087 5179.836947 5203.273092 5212.843523 5216.988672 5218.810977 5224.314110 0.000000 0.000000
0.000000 0.000000 6039.555578 6040.519859 6038.075324 6030.001340 6028.951547 6020.906025 6021.445815 6021.572414 6020.626326 6017.543122 6016.861638 6021.973345 6022.594456 6026.135796 6036.628209 6034.614038 6039.316100 0.000000 0.000000
0.000000 0.000000 7162.439269 7158.892741 7153.258523 7153.895797 7145.176782 7132.810448 7133.710670 7130.017069 7127.898114 7128.375702 7130.349932 7124.719181 7140.346594 7152.715043 7153.206668 7155.495242 7157.157231 0.000000 0.000000
0.000000 0.000000 8455.446994 8452.666676 8453.594261 8451.134410 8433.989009 8426.111451 8426.613866 8425.933452 8423.503357 8426.765529 8429.919295 8428.578948 8433.299459 8445.316091 8451.360435 8452.164438 8453.469511 0.000000 0.000000
0.000000 0.000000 9857.766917 9857.173974 9855.403974 9838.726667 9835.524729 9822.300073 9826.995569 9815.817834 9819.186651 9818.353348 9812.351619 9820.736773 9827.133535 9829.294804 9839.178030 9844.877665 9854.506382 0.000000 0.000000
0.000000 0.000000 11343.736546 11337.670991 11331.456079 11328.749471 11321.833955 11305.395436 11303.374366 11303.034117 11310.092288 11301.373404 11304.221924 11304.037061 11322.165984 11328.109289 11329.913641 11332.238491 11353.432806 0.000000 0.000000
0.000000 0.000000 12866.424969 12863.129817 12863.136593 12853.476896 12848.340494 12813.486765 12811.978776 12811.298038 12794.431625 12804.331466 12808.744009 12811.777748 12834.892156 12840.610626 12858.304065 12857.358448 12865.394843 0.000000 0.000000
0.000000 0.000000 14563.066480 14565.169772 14555.222729 14552.030747 14514.053077 14525.155791 14513.114445 14514.230654 14517.643438 14515.770679 14514.112931 14510.284993 14496.091970 14539.002032 14544.559931 14559.055060 14567.596921 0.000000 0.000000
0.000000 0.000000 16423.566628 16417.195968 16411.389180 16373.550551 16376.043215 16356.976593 16341.147393 16339.363762 16332.022919 16324.474042 16328.201098 16326.336331 16348.463060 16349.041230 16407.669518 16395.759377 16395.344087 0.000000 0.000000
0.000000 0.000000 18362.110937 18360.422354 18304.853530 18310.565172 18315.587305 18306.154108 18331.447285 18320.382706 18331.091446 18324.493518 18317.137088 18330.925815 18333.766572 18333.928220 18298.816276 18376.181406 18369.745945 0.000000 0.000000
0.000000 0.000000 20625.471422 20551.764322 20555.789071 20536.958304 20496.614082 20487.957421 20472.137869 20477.333232 20455.352620 20456.862882 20466.450931 20461.456866 20479.503136 20502.157954 20554.506663 20532.765065 20612.967723 0.000000 0.000000
0.000000 0.000000 21977.576475 22019.395539 22094.937680 22087.017686 22074.896429 22012.669146 22016.103222 21995.617745 22018.636148 22014.326702 22018.866859 22017.693570 22071.645252 22083.109041 22108.374210 22035.228059 21995.138167 0.000000 0.000000
0.000000 0.000000 0.000000 0.000000 0.000000 0.000000 0.000000 0.000000 0.000000 0.000000 0.000000 0.000000 0.000000 0.000000 0.000000 0.000000 0.000000 0.000000 0.000000 0.000000 0.000000
0.000000 0.000000 0.000000 0.000000 0.000000 0.000000 0.000000 0.000000 0.000000 0.000000 0.000000 0.000000 0.000000 0.000000 0.000000 0.000000 0.000000 0.000000 0.000000 0.000000 0.000000