geotop/1.0zi/1.0Montebello/Templates/testdem/maps/_Erotot1957.asc
ncols         21
nrows         20
xllcorner     100.000000
yllcorner     100.000000
cellsize      50.000000
NODATA_value  -9999.0
0.000000 0.000000 0.000000 0.000000 0.000000 0.000000 0.000000 0.000000 0.000000 0.000000 0.000000 0.000000 0.000000 0.000000 0.000000 0.000000 0.000000 0.000000 0.000000 0.000000 0.000000
0.000000 0.000000 200.533245 200.535386 200.572296 200.559018 200.521655 200.535966 200.538247 200.529083 200.530576 200.529083 200.538247 200.535966 200.521655 200.559018 200.572296 200.535386 200.533245 0.000000 0.000000
0.000000 0.000000 10.623608 10.402694 8.622221 10.467066 10.670393 10.647431 10.655332 10.665779 10.662324 10.665779 10.655332 10.647431 10.670393 10.467066 8.622221 10.402694 10.623608 0.000000 0.000000
0.000000 0.000000 1397.006115 1396.796964 1396.988483 1394.922117 1397.167409 1396.709970 1396.738851 1397.476262 1397.495135 1397.476262 1396.738851 1396.709970 1397.167409 1394.922117 1396.988483 1396.796964 1397.006115 0.000000 0.000000
0.000000 0.000000 2773.413084 2773.200698 2772.599109 2773.283474 2773.730805 2773.534576 2773.491168 2773.656350 2773.626435 2773.656350 2773.491168 2773.534576 2773.730805 2773.283474 2772.599109 2773.200698 2773.413084 0.000000 0.000000
0.000000 0.000000 3612.757089 3612.589825 3611.977294 3612.093635 3612.971446 3612.699226 3612.726015 3613.046160 3613.087923 3613.046160 3612.726015 3612.699226 3612.971446 3612.093635 3611.977294 3612.589825 3612.757089 0.000000 0.000000
0.000000 0.000000 4721.083911 4720.949773 4720.383745 4720.501350 4721.250650 4721.017555 4721.050118 4721.333861 4721.388585 4721.333861 4721.050118 4721.017555 4721.250650 4720.501350 4720.383745 4720.949773 4721.083911 0.000000 0.000000
0.000000 0.000000 5774.614468 5774.503955 5773.974282 5774.096242 5774.748153 5774.548164 5774.577448 5774.831516 5774.886980 5774.831516 5774.577448 5774.548164 5774.748153 5774.096242 5773.974282 5774.503955 5774.614468 0.000000 0.000000
0.000000 0.000000 6767.513587 6767.411691 6766.905715 6767.026126 6767.634327 6767.449065 6767.476563 6767.716548 6767.771668 6767.716548 6767.476563 6767.449065 6767.634327 6767.026126 6766.905715 6767.411691 6767.513587 0.000000 0.000000
0.000000 0.000000 7711.086085 7711.010862 7710.514551 7710.672909 7711.193125 7711.027815 7711.059897 7711.278151 7711.331611 7711.278151 7711.059897 7711.027815 7711.193125 7710.672909 7710.514551 7711.010862 7711.086085 0.000000 0.000000
0.000000 0.000000 8610.636957 8610.552554 8610.074006 8610.206674 8610.742276 8610.576377 8610.603982 8610.820714 8610.871955 8610.820714 8610.603982 8610.576377 8610.742276 8610.206674 8610.074006 8610.552554 8610.636957 0.000000 0.000000
0.000000 0.000000 9474.650794 9474.564291 9474.100685 9474.226232 9474.751273 9474.591304 9474.617600 9474.828271 9474.879485 9474.828271 9474.617600 9474.591304 9474.751273 9474.226232 9474.100685 9474.564291 9474.650794 0.000000 0.000000
0.000000 0.000000 10311.776352 10311.692878 10311.234393 10311.360676 10311.869655 10311.713046 10311.739399 10311.945563 10311.995312 10311.945563 10311.739399 10311.713046 10311.869655 10311.360676 10311.234393 10311.692878 10311.776352 0.000000 0.000000
0.000000 0.000000 11124.569341 11124.492505 11124.041443 11124.186757 11124.659950 11124.508969 11124.536971 11124.736034 11124.784596 11124.736034 11124.536971 11124.508969 11124.659950 11124.186757 11124.041443 11124.492505 11124.569341 0.000000 0.000000
0.000000 0.000000 11916.550676 11916.470991 11916.020954 11916.155011 11916.636445 11916.485842 11916.512499 11916.711390 11916.758889 11916.711390 11916.512499 11916.485842 11916.636445 11916.155011 11916.020954 11916.470991 11916.550676 0.000000 0.000000
0.000000 0.000000 12689.701202 12689.622670 12689.182921 12689.309889 12689.781406 12689.634832 12689.661245 12689.855702 12689.902786 12689.855702 12689.661245 12689.634832 12689.781406 12689.309889 12689.182921 12689.622669 12689.701198 0.000000 0.000000
0.000000 0.000000 13442.733365 13442.655529 13442.215666 13442.345987 13442.811660 13442.665301 13442.691122 13442.882567 13442.928285 13442.882567 13442.691122 13442.665301 13442.811660 13442.345987 13442.215665 13442.655508 13442.732924 0.000000 0.000000
0.000000 0.000000 14210.313831 14210.571379 14210.138932 14210.264301 14210.728716 14210.583180 14210.606809 14210.796454 14210.841102 14210.796454 14210.606809 14210.583180 14210.728716 14210.264301 14210.138913 14210.567968 14210.645136 0.000000 0.000000
0.000000 0.000000 0.000000 0.000000 0.000000 0.000000 0.000000 0.000000 0.000000 0.000000 0.000000 0.000000 0.000000 0.000000 0.000000 0.000000 0.000000 0.000000 0.000000 0.000000 0.000000
0.000000 0.000000 0.000000 0.000000 0.000000 0.000000 0.000000 0.000000 0.000000 0.000000 0.000000 0.000000 0.000000 0.000000 0.000000 0.000000 0.000000 0.000000 0.000000 0.000000 0.000000