geotop/1.0zi/1.0Montebello/Templates/testdem/maps/_Erotot2971.asc
ncols         21
nrows         20
xllcorner     100.000000
yllcorner     100.000000
cellsize      50.000000
NODATA_value  -9999.0
0.000000 0.000000 0.000000 0.000000 0.000000 0.000000 0.000000 0.000000 0.000000 0.000000 0.000000 0.000000 0.000000 0.000000 0.000000 0.000000 0.000000 0.000000 0.000000 0.000000 0.000000
0.000000 0.000000 291.045811 291.048626 291.052146 291.170868 291.040104 291.044310 291.018924 291.058847 291.075376 291.058847 291.018924 291.044310 291.040104 291.170868 291.052146 291.048626 291.045811 0.000000 0.000000
0.000000 0.000000 12.969900 12.747943 10.997713 12.713618 13.005198 12.991501 13.022497 12.970221 12.921803 12.970221 13.022497 12.991501 13.005198 12.713618 10.997713 12.747943 12.969900 0.000000 0.000000
0.000000 0.000000 2298.687503 2298.366351 2298.693776 2296.912745 2298.840202 2298.284473 2298.274108 2299.191922 2299.428418 2299.191922 2298.274108 2298.284473 2298.840202 2296.912745 2298.693776 2298.366351 2298.687503 0.000000 0.000000
0.000000 0.000000 4439.833742 4439.666248 4439.009196 4439.593884 4440.138926 4440.000570 4439.964187 4440.109598 4440.089608 4440.109598 4439.964187 4440.000570 4440.138926 4439.593884 4439.009196 4439.666248 4439.833742 0.000000 0.000000
0.000000 0.000000 5779.948051 5779.745992 5779.188063 5779.351995 5780.140867 5779.852763 5779.868876 5780.226843 5780.361301 5780.226843 5779.868876 5779.852763 5780.140867 5779.351995 5779.188063 5779.745992 5779.948051 0.000000 0.000000
0.000000 0.000000 7482.950252 7482.782436 7482.275635 7482.424831 7483.097371 7482.848718 7482.870093 7483.187348 7483.325955 7483.187348 7482.870093 7482.848718 7483.097371 7482.424831 7482.275635 7482.782436 7482.950252 0.000000 0.000000
0.000000 0.000000 9063.340273 9063.199897 9062.731230 9062.880690 9063.455695 9063.242924 9063.262134 9063.544613 9063.673157 9063.544613 9063.262134 9063.242924 9063.455695 9062.880690 9062.731230 9063.199897 9063.340273 0.000000 0.000000
0.000000 0.000000 10522.891344 10522.764086 10522.321916 10522.469842 10522.994311 10522.799487 10522.817519 10523.081327 10523.201949 10523.081327 10522.817519 10522.799487 10522.994311 10522.469842 10522.321916 10522.764086 10522.891344 0.000000 0.000000
0.000000 0.000000 11884.480913 11884.382166 11883.953474 11884.137691 11884.570993 11884.398043 11884.420596 11884.659696 11884.771906 11884.659696 11884.420596 11884.398043 11884.570993 11884.137691 11883.953474 11884.382166 11884.480913 0.000000 0.000000
0.000000 0.000000 13155.161117 13155.056299 13154.649794 13154.808707 13155.249837 13155.078614 13155.097140 13155.331263 13155.435764 13155.331263 13155.097140 13155.078614 13155.249837 13154.808707 13154.649794 13155.056299 13155.161117 0.000000 0.000000
0.000000 0.000000 14359.180058 14359.075752 14358.687216 14358.839473 14359.263563 14359.100632 14359.117988 14359.342748 14359.443322 14359.342748 14359.117988 14359.100632 14359.263563 14358.839473 14358.687216 14359.075752 14359.180058 0.000000 0.000000
0.000000 0.000000 15504.502596 15504.404164 15504.024048 15504.177018 15504.579431 15504.421752 15504.439255 15504.656731 15504.752035 15504.656731 15504.439255 15504.421752 15504.579431 15504.177018 15504.024048 15504.404164 15504.502596 0.000000 0.000000
0.000000 0.000000 16602.126893 16602.036608 16601.667937 16601.837360 16602.201404 16602.051078 16602.070069 16602.277938 16602.369060 16602.277938 16602.070069 16602.051078 16602.201404 16601.837360 16601.667937 16602.036608 16602.126893 0.000000 0.000000
0.000000 0.000000 17653.594268 17653.502347 17653.140214 17653.297012 17653.664885 17653.516671 17653.534235 17653.738418 17653.826063 17653.738418 17653.534235 17653.516671 17653.664885 17653.297012 17653.140213 17653.502347 17653.594268 0.000000 0.000000
0.000000 0.000000 18662.965797 18662.876319 18662.526403 18662.675335 18663.030198 18662.887272 18662.904667 18663.102064 18663.186963 18663.102064 18662.904667 18662.887272 18663.030198 18662.675335 18662.526403 18662.876319 18662.965793 0.000000 0.000000
0.000000 0.000000 19636.383595 19636.296349 19635.950752 19636.102559 19636.445955 19636.306002 19636.322850 19636.514438 19636.595400 19636.514438 19636.322850 19636.306002 19636.445955 19636.102559 19635.950751 19636.296328 19636.383474 0.000000 0.000000
0.000000 0.000000 20625.124240 20625.546644 20625.209219 20625.356518 20625.692656 20625.556943 20625.571841 20625.758590 20625.836110 20625.758590 20625.571841 20625.556943 20625.692656 20625.356518 20625.209200 20625.543264 20625.627023 0.000000 0.000000
0.000000 0.000000 0.000000 0.000000 0.000000 0.000000 0.000000 0.000000 0.000000 0.000000 0.000000 0.000000 0.000000 0.000000 0.000000 0.000000 0.000000 0.000000 0.000000 0.000000 0.000000
0.000000 0.000000 0.000000 0.000000 0.000000 0.000000 0.000000 0.000000 0.000000 0.000000 0.000000 0.000000 0.000000 0.000000 0.000000 0.000000 0.000000 0.000000 0.000000 0.000000 0.000000