geotop/1.0zi/1.0Montebello/Templates/testdem/maps/_Erotot8707.asc
ncols         21
nrows         20
xllcorner     100.000000
yllcorner     100.000000
cellsize      50.000000
NODATA_value  -9999.0
0.000000 0.000000 0.000000 0.000000 0.000000 0.000000 0.000000 0.000000 0.000000 0.000000 0.000000 0.000000 0.000000 0.000000 0.000000 0.000000 0.000000 0.000000 0.000000 0.000000 0.000000
0.000000 0.000000 699.990024 700.805500 700.237137 700.327826 699.303259 699.452245 699.438899 699.514763 699.889872 699.266427 699.148159 699.195489 699.576268 699.736031 700.578685 701.136103 701.356965 0.000000 0.000000
0.000000 0.000000 54.625163 53.564958 53.870196 53.841075 54.482897 54.137953 53.825166 53.651951 53.860737 54.176532 54.240504 54.354127 54.196964 53.685769 52.419545 51.601504 52.130650 0.000000 0.000000
0.000000 0.000000 419.140048 419.851883 405.952874 398.022586 396.712395 390.615737 390.610871 392.554306 389.106311 387.378443 390.767589 389.230613 400.072366 408.183952 413.258713 413.860880 420.959238 0.000000 0.000000
0.000000 0.000000 3727.148029 3724.066051 3725.300143 3698.706160 3675.899884 3663.835156 3663.160083 3656.968645 3666.037972 3673.089390 3671.872565 3667.614962 3683.776693 3686.225400 3700.240471 3709.713121 3710.225935 0.000000 0.000000
0.000000 0.000000 5801.724867 5797.826164 5792.676315 5787.621305 5771.747660 5761.187847 5762.781066 5761.488808 5757.668160 5751.713712 5750.119997 5754.124871 5753.734272 5775.779139 5782.035069 5788.258344 5790.914933 0.000000 0.000000
0.000000 0.000000 7179.492109 7174.656642 7171.911889 7163.695591 7149.049319 7123.795429 7123.025849 7120.623856 7120.705970 7125.234869 7125.989318 7126.823989 7156.620667 7166.811434 7172.760195 7176.088861 7181.393454 0.000000 0.000000
0.000000 0.000000 8504.948742 8504.808213 8500.911623 8488.915251 8485.929153 8477.168987 8477.385030 8475.251684 8475.651875 8471.506466 8470.388795 8477.334642 8479.685633 8485.229378 8499.263708 8497.098471 8503.054732 0.000000 0.000000
0.000000 0.000000 10228.271675 10222.511857 10215.600314 10213.973235 10199.637156 10183.593975 10185.611669 10181.978526 10179.443501 10179.170039 10182.078303 10175.744519 10196.421350 10211.545414 10213.868863 10218.045317 10220.215993 0.000000 0.000000
0.000000 0.000000 12205.352149 12200.493356 12199.777975 12194.420938 12171.242113 12161.205112 12160.181776 12160.122063 12156.342639 12160.852759 12164.000206 12163.373902 12171.141383 12187.969321 12196.388775 12198.875918 12199.806849 0.000000 0.000000
0.000000 0.000000 14393.766140 14392.954461 14390.081933 14363.737292 14357.740077 14338.497722 14347.078787 14330.423845 14337.084681 14333.711001 14326.641565 14337.008844 14349.642072 14352.373336 14367.715596 14374.431777 14387.377646 0.000000 0.000000
0.000000 0.000000 16797.636268 16786.292752 16776.173825 16773.299185 16757.632653 16738.287413 16731.683170 16735.282588 16741.988655 16729.869890 16736.767165 16734.724553 16760.480151 16772.870771 16775.303143 16780.607447 16805.845531 0.000000 0.000000
0.000000 0.000000 19331.831668 19324.529794 19327.276776 19305.903107 19298.489028 19237.349449 19235.234005 19235.057247 19208.148781 19225.947175 19228.692613 19235.125759 19279.916258 19287.327675 19317.095784 19314.923268 19323.477353 0.000000 0.000000
0.000000 0.000000 22296.433257 22299.367164 22280.986893 22274.274455 22194.273178 22227.561987 22209.150539 22210.181559 22222.373104 22212.279174 22211.614544 22201.425768 22170.725934 22258.460954 22262.662402 22289.044849 22301.067742 0.000000 0.000000
0.000000 0.000000 25638.719622 25626.790883 25613.275318 25520.308329 25550.721745 25503.811278 25480.679933 25477.242322 25458.547776 25447.385242 25456.918384 25456.775166 25508.935258 25479.591888 25611.146510 25580.591258 25575.987079 0.000000 0.000000
0.000000 0.000000 29018.331393 29013.255628 28884.447651 28941.369842 28933.530178 28932.037031 28994.141642 28975.169976 29007.426876 28999.014338 28976.540666 29009.034076 29001.861704 29008.765421 28873.320310 29071.697793 29063.024027 0.000000 0.000000
0.000000 0.000000 32827.096341 32653.328112 32724.600210 32653.264133 32563.514388 32543.083366 32482.939290 32500.278670 32440.183576 32448.434432 32482.451242 32448.996791 32495.035345 32553.838714 32722.406581 32580.203959 32765.946989 0.000000 0.000000
0.000000 0.000000 33760.708907 33935.988681 34069.703354 34076.969447 34092.776880 33972.066960 33999.890550 33957.904119 34028.698682 34016.415726 34007.294329 34025.224346 34122.613289 34112.236607 34096.359720 33997.066621 33822.510630 0.000000 0.000000
0.000000 0.000000 0.000000 0.000000 0.000000 0.000000 0.000000 0.000000 0.000000 0.000000 0.000000 0.000000 0.000000 0.000000 0.000000 0.000000 0.000000 0.000000 0.000000 0.000000 0.000000
0.000000 0.000000 0.000000 0.000000 0.000000 0.000000 0.000000 0.000000 0.000000 0.000000 0.000000 0.000000 0.000000 0.000000 0.000000 0.000000 0.000000 0.000000 0.000000 0.000000 0.000000