geotop/1.0zi/1.0Montebello/Templates/testdem/maps/_Erotot5733.asc
ncols         21
nrows         20
xllcorner     100.000000
yllcorner     100.000000
cellsize      50.000000
NODATA_value  -9999.0
0.000000 0.000000 0.000000 0.000000 0.000000 0.000000 0.000000 0.000000 0.000000 0.000000 0.000000 0.000000 0.000000 0.000000 0.000000 0.000000 0.000000 0.000000 0.000000 0.000000 0.000000
0.000000 0.000000 436.890173 436.093764 435.916483 435.708629 435.673611 435.779272 435.729146 435.903331 435.810250 435.607614 435.547303 435.626637 435.732004 435.633142 435.826091 436.019111 436.433803 0.000000 0.000000
0.000000 0.000000 32.982817 33.646055 33.935237 35.103604 34.849574 34.610057 34.432330 34.209045 34.419828 34.772609 34.588750 34.346090 34.799977 34.565946 33.737778 32.903111 32.306330 0.000000 0.000000
0.000000 0.000000 184.692351 186.031225 178.411134 175.635675 177.019765 171.965407 171.581074 171.131633 170.412764 168.035109 170.606709 168.745666 172.110899 177.700565 177.369687 180.606551 183.893362 0.000000 0.000000
0.000000 0.000000 1780.652819 1785.531817 1791.502434 1773.289266 1758.278172 1747.514504 1750.129756 1747.574767 1751.272614 1755.517357 1751.921615 1749.854201 1759.834151 1759.079595 1766.301130 1773.367190 1774.610697 0.000000 0.000000
0.000000 0.000000 3185.526481 3179.470155 3176.794978 3172.476231 3164.646245 3157.320366 3155.822885 3155.695100 3154.767932 3152.715688 3150.001108 3152.038430 3151.475307 3166.834674 3171.766902 3175.018850 3177.468672 0.000000 0.000000
0.000000 0.000000 4185.380162 4182.869487 4179.891925 4175.557956 4162.701653 4146.494087 4146.618995 4143.232717 4144.962531 4147.733910 4149.640520 4150.660645 4170.186693 4179.383706 4184.145488 4185.807772 4190.997113 0.000000 0.000000
0.000000 0.000000 4825.936385 4827.354442 4826.588993 4820.388838 4819.945468 4813.015621 4813.634252 4814.049312 4812.874269 4810.508066 4810.158710 4813.585547 4813.337962 4815.561019 4823.742819 4821.997185 4825.005910 0.000000 0.000000
0.000000 0.000000 5676.235900 5673.638999 5669.759904 5670.858574 5664.404455 5654.143626 5654.693901 5652.125109 5649.749056 5650.987869 5652.100984 5646.803546 5659.530529 5667.177842 5669.162081 5669.974190 5671.388397 0.000000 0.000000
0.000000 0.000000 6660.554025 6658.264093 6660.597958 6660.102554 6645.585143 6638.797154 6640.305985 6639.458632 6637.500505 6640.639625 6643.491127 6641.736176 6644.521270 6654.399766 6658.095246 6658.273944 6658.955460 0.000000 0.000000
0.000000 0.000000 7721.693863 7721.963269 7722.284719 7708.337107 7705.869891 7695.420697 7699.037230 7690.110005 7692.588532 7691.713691 7686.970606 7694.037470 7697.984680 7699.021787 7705.475656 7711.271848 7718.440054 0.000000 0.000000
0.000000 0.000000 8829.327025 8824.901556 8820.289577 8818.716912 8814.973527 8800.533938 8799.702136 8798.848925 8805.513337 8798.610819 8800.511012 8799.875107 8814.716401 8817.561187 8818.864309 8819.356769 8838.426940 0.000000 0.000000
0.000000 0.000000 9948.725881 9946.906420 9948.084320 9940.885184 9937.004477 9911.446558 9910.352302 9910.082412 9896.069376 9904.918744 9908.699179 9910.452105 9925.503927 9929.010323 9942.592934 9941.946680 9948.750742 0.000000 0.000000
0.000000 0.000000 11174.497299 11175.965512 11169.473190 11168.554063 11142.556146 11150.513602 11140.412318 11141.862095 11143.077507 11142.759790 11141.200534 11137.713562 11127.724158 11155.581942 11160.785872 11171.110394 11177.971207 0.000000 0.000000
0.000000 0.000000 12493.424069 12488.567007 12485.969237 12463.779602 12463.169357 12448.379123 12435.942927 12434.525415 12429.849031 12423.887867 12426.820438 12424.876693 12438.812489 12442.429089 12481.188677 12472.709132 12472.844688 0.000000 0.000000
0.000000 0.000000 13843.242837 13842.721655 13809.652463 13808.609286 13813.479006 13805.937979 13822.313496 13814.985847 13820.629287 13816.299917 13811.287904 13819.117268 13822.536951 13821.948795 13803.021514 13850.742535 13843.875900 0.000000 0.000000
0.000000 0.000000 15371.927853 15332.298611 15330.072039 15321.329671 15297.544725 15291.178454 15283.696725 15286.795993 15273.914659 15274.247253 15278.700287 15278.655646 15289.327316 15299.031900 15328.114370 15323.314394 15368.320246 0.000000 0.000000
0.000000 0.000000 16452.465734 16462.770049 16504.626826 16498.115986 16483.986400 16449.483585 16450.620528 16437.411130 16448.278133 16446.504602 16452.119667 16447.058013 16476.847856 16488.416446 16510.971984 16468.097694 16457.534892 0.000000 0.000000
0.000000 0.000000 0.000000 0.000000 0.000000 0.000000 0.000000 0.000000 0.000000 0.000000 0.000000 0.000000 0.000000 0.000000 0.000000 0.000000 0.000000 0.000000 0.000000 0.000000 0.000000
0.000000 0.000000 0.000000 0.000000 0.000000 0.000000 0.000000 0.000000 0.000000 0.000000 0.000000 0.000000 0.000000 0.000000 0.000000 0.000000 0.000000 0.000000 0.000000 0.000000 0.000000