geotop/1.0zi/1.0Montebello/Templates/testdem/maps/_Erotot0108.asc
ncols         21
nrows         20
xllcorner     100.000000
yllcorner     100.000000
cellsize      50.000000
NODATA_value  -9999.0
0.000000 0.000000 0.000000 0.000000 0.000000 0.000000 0.000000 0.000000 0.000000 0.000000 0.000000 0.000000 0.000000 0.000000 0.000000 0.000000 0.000000 0.000000 0.000000 0.000000 0.000000
0.000000 0.000000 1.654013 1.654012 1.654013 1.654013 1.654013 1.654013 1.654013 1.654013 1.654013 1.654013 1.654013 1.654013 1.654013 1.654013 1.654013 1.654012 1.654013 0.000000 0.000000
0.000000 0.000000 2.949686 2.949545 2.949613 2.949634 2.949638 2.949639 2.949639 2.949639 2.949639 2.949639 2.949639 2.949639 2.949638 2.949634 2.949613 2.949545 2.949686 0.000000 0.000000
0.000000 0.000000 86.702399 86.701932 86.702104 86.702193 86.702215 86.702219 86.702220 86.702220 86.702220 86.702220 86.702220 86.702219 86.702215 86.702193 86.702104 86.701932 86.702399 0.000000 0.000000
0.000000 0.000000 105.484571 105.484373 105.484436 105.484478 105.484489 105.484491 105.484491 105.484491 105.484491 105.484491 105.484491 105.484491 105.484489 105.484478 105.484436 105.484373 105.484571 0.000000 0.000000
0.000000 0.000000 149.349650 149.349336 149.349471 149.349531 149.349546 149.349548 149.349549 149.349549 149.349549 149.349549 149.349549 149.349548 149.349546 149.349531 149.349471 149.349336 149.349650 0.000000 0.000000
0.000000 0.000000 194.650132 194.649830 194.649950 194.650007 194.650021 194.650023 194.650024 194.650024 194.650024 194.650024 194.650024 194.650023 194.650021 194.650007 194.649950 194.649830 194.650132 0.000000 0.000000
0.000000 0.000000 237.736054 237.735758 237.735869 237.735924 237.735938 237.735940 237.735941 237.735941 237.735941 237.735941 237.735941 237.735940 237.735938 237.735924 237.735869 237.735758 237.736054 0.000000 0.000000
0.000000 0.000000 279.102606 279.102312 279.102416 279.102469 279.102482 279.102485 279.102486 279.102486 279.102486 279.102486 279.102486 279.102485 279.102482 279.102469 279.102416 279.102312 279.102606 0.000000 0.000000
0.000000 0.000000 319.217874 319.217580 319.217678 319.217730 319.217744 319.217746 319.217747 319.217747 319.217747 319.217747 319.217747 319.217746 319.217744 319.217730 319.217678 319.217580 319.217874 0.000000 0.000000
0.000000 0.000000 358.531869 358.531572 358.531666 358.531717 358.531731 358.531733 358.531734 358.531734 358.531734 358.531734 358.531734 358.531733 358.531731 358.531717 358.531666 358.531572 358.531869 0.000000 0.000000
0.000000 0.000000 397.383375 397.383073 397.383164 397.383215 397.383229 397.383231 397.383232 397.383232 397.383232 397.383232 397.383232 397.383231 397.383229 397.383215 397.383164 397.383073 397.383375 0.000000 0.000000
0.000000 0.000000 435.771399 435.771095 435.771183 435.771233 435.771247 435.771250 435.771250 435.771250 435.771250 435.771250 435.771250 435.771250 435.771247 435.771233 435.771183 435.771095 435.771399 0.000000 0.000000
0.000000 0.000000 473.192645 473.192335 473.192420 473.192470 473.192484 473.192487 473.192487 473.192487 473.192487 473.192487 473.192487 473.192487 473.192484 473.192470 473.192420 473.192335 473.192645 0.000000 0.000000
0.000000 0.000000 509.666155 509.665850 509.665928 509.665977 509.665990 509.665993 509.665993 509.665993 509.665993 509.665993 509.665993 509.665993 509.665990 509.665977 509.665928 509.665850 509.666155 0.000000 0.000000
0.000000 0.000000 545.266721 545.266408 545.266486 545.266534 545.266548 545.266551 545.266551 545.266551 545.266551 545.266551 545.266551 545.266551 545.266548 545.266534 545.266486 545.266408 545.266719 0.000000 0.000000
0.000000 0.000000 581.466643 581.466216 581.466286 581.466334 581.466348 581.466351 581.466351 581.466351 581.466351 581.466351 581.466351 581.466351 581.466348 581.466334 581.466286 581.466211 581.466526 0.000000 0.000000
0.000000 0.000000 618.870494 618.876819 618.876493 618.876532 618.876545 618.876548 618.876549 618.876549 618.876549 618.876549 618.876549 618.876548 618.876545 618.876532 618.876486 618.876447 618.876835 0.000000 0.000000
0.000000 0.000000 0.000000 0.000000 0.000000 0.000000 0.000000 0.000000 0.000000 0.000000 0.000000 0.000000 0.000000 0.000000 0.000000 0.000000 0.000000 0.000000 0.000000 0.000000 0.000000
0.000000 0.000000 0.000000 0.000000 0.000000 0.000000 0.000000 0.000000 0.000000 0.000000 0.000000 0.000000 0.000000 0.000000 0.000000 0.000000 0.000000 0.000000 0.000000 0.000000 0.000000