geotop/1.0zi/1.0Montebello/Templates/testdem/maps/_Erotot5661.asc
ncols         21
nrows         20
xllcorner     100.000000
yllcorner     100.000000
cellsize      50.000000
NODATA_value  -9999.0
0.000000 0.000000 0.000000 0.000000 0.000000 0.000000 0.000000 0.000000 0.000000 0.000000 0.000000 0.000000 0.000000 0.000000 0.000000 0.000000 0.000000 0.000000 0.000000 0.000000 0.000000
0.000000 0.000000 432.203434 431.404680 431.225241 431.015287 430.978275 431.081928 431.031782 431.206001 431.112831 430.910117 430.849811 430.929387 431.036861 430.939940 431.135047 431.330085 431.747262 0.000000 0.000000
0.000000 0.000000 32.519278 33.181903 33.470400 34.638087 34.383376 34.143265 33.965562 33.742264 33.953096 34.305970 34.122066 33.879184 34.333598 34.100416 33.272717 32.438841 31.842565 0.000000 0.000000
0.000000 0.000000 184.373833 185.706749 178.086519 175.317206 176.702917 171.646495 171.259616 170.809547 170.092682 167.711910 170.288072 168.429898 171.794891 177.366363 177.055361 180.290065 183.576556 0.000000 0.000000
0.000000 0.000000 1781.975132 1786.827700 1792.982167 1774.719962 1759.626279 1748.781050 1751.557732 1748.940441 1752.387094 1756.940961 1753.064967 1750.641200 1760.995122 1760.451809 1767.674747 1774.744812 1775.743889 0.000000 0.000000
0.000000 0.000000 3160.715825 3154.671225 3151.929434 3147.712198 3140.132656 3132.962747 3131.263770 3131.204022 3130.490497 3128.160671 3125.726168 3128.132971 3127.105102 3142.081830 3147.021375 3150.279161 3152.947174 0.000000 0.000000
0.000000 0.000000 4167.804363 4165.302820 4162.306404 4157.929380 4145.113101 4129.040982 4129.175511 4125.788760 4127.519077 4130.289805 4132.184697 4133.190572 4152.594024 4161.769434 4166.521989 4168.180449 4173.357894 0.000000 0.000000
0.000000 0.000000 4806.857819 4808.279460 4807.530959 4801.323959 4800.890118 4794.002756 4794.623320 4795.037202 4793.859027 4791.497731 4791.142617 4794.561922 4794.278765 4796.487643 4804.671183 4802.925026 4805.931335 0.000000 0.000000
0.000000 0.000000 5653.030776 5650.436148 5646.578089 5647.692590 5641.260545 5631.050208 5631.600054 5629.030344 5626.652859 5627.894796 5629.007577 5623.700702 5636.386839 5644.000410 5645.987940 5646.800767 5648.208072 0.000000 0.000000
0.000000 0.000000 6633.270823 6630.977890 6633.331536 6632.848362 6618.340720 6611.557125 6613.059408 6612.210172 6610.249944 6613.391665 6616.240894 6614.484290 6617.273984 6627.134338 6630.832450 6631.013766 6631.687922 0.000000 0.000000
0.000000 0.000000 7690.012957 7690.278439 7690.622349 7676.696844 7674.274223 7663.882461 7667.496482 7658.572617 7661.045898 7660.177519 7655.436237 7662.490555 7666.392469 7667.372512 7673.829565 7679.620393 7686.781198 0.000000 0.000000
0.000000 0.000000 8792.064784 8787.640482 8783.060520 8781.508041 8777.809444 8763.425303 8762.597011 8761.738676 8768.395144 8761.503361 8763.398549 8762.758091 8777.546002 8780.334754 8781.642363 8782.136677 8801.184352 0.000000 0.000000
0.000000 0.000000 9905.461403 9903.637454 9904.835900 9897.655930 9893.820266 9868.505518 9867.413639 9867.141785 9853.147240 9861.985976 9865.761042 9867.501230 9882.337642 9885.783233 9899.348273 9898.705570 9905.501641 0.000000 0.000000
0.000000 0.000000 11124.130601 11125.590121 11119.135149 11118.240490 11092.494649 11100.449767 11090.363384 11091.807913 11093.009574 11092.704328 11091.148406 11087.660572 11077.680566 11105.266882 11110.475963 11120.783638 11127.631143 0.000000 0.000000
0.000000 0.000000 12435.224398 12430.364459 12427.809156 12405.905421 12405.316436 12390.605376 12378.191677 12376.776654 12372.110391 12366.170528 12369.088723 12367.143151 12381.010327 12384.576016 12423.048725 12414.604654 12414.741844 0.000000 0.000000
0.000000 0.000000 13776.667220 13776.141894 13743.417875 13742.376426 13747.291498 13739.811150 13756.115679 13748.798674 13754.405798 13750.092819 13745.110599 13752.889086 13756.262411 13755.620998 13736.803087 13784.130627 13777.271097 0.000000 0.000000
0.000000 0.000000 15295.191181 15256.011791 15253.851476 15245.235550 15221.666423 15215.430597 15207.996384 15211.077874 15198.261883 15198.587209 15203.004442 15202.990604 15213.517511 15223.025146 15251.903431 15247.150284 15291.682928 0.000000 0.000000
0.000000 0.000000 16370.272846 16380.427847 16422.005564 16415.568355 16401.567249 16367.431857 16368.554149 16355.399689 16366.172850 16364.416410 16370.031374 16364.950044 16394.410290 16405.834802 16428.299122 16385.723023 16375.286201 0.000000 0.000000
0.000000 0.000000 0.000000 0.000000 0.000000 0.000000 0.000000 0.000000 0.000000 0.000000 0.000000 0.000000 0.000000 0.000000 0.000000 0.000000 0.000000 0.000000 0.000000 0.000000 0.000000
0.000000 0.000000 0.000000 0.000000 0.000000 0.000000 0.000000 0.000000 0.000000 0.000000 0.000000 0.000000 0.000000 0.000000 0.000000 0.000000 0.000000 0.000000 0.000000 0.000000 0.000000