geotop/1.0zi/1.0Montebello/Templates/testdem/maps/_Erotot8529.asc
ncols         21
nrows         20
xllcorner     100.000000
yllcorner     100.000000
cellsize      50.000000
NODATA_value  -9999.0
0.000000 0.000000 0.000000 0.000000 0.000000 0.000000 0.000000 0.000000 0.000000 0.000000 0.000000 0.000000 0.000000 0.000000 0.000000 0.000000 0.000000 0.000000 0.000000 0.000000 0.000000
0.000000 0.000000 686.608668 687.426953 686.862257 686.954893 685.932898 686.089235 686.075066 686.151490 686.527127 685.902767 685.784638 685.832745 686.208187 686.365096 687.205121 687.757257 687.975757 0.000000 0.000000
0.000000 0.000000 53.426587 52.424495 52.684288 52.758528 53.398462 53.044534 52.750453 52.605723 52.826681 53.139520 53.207127 53.309248 53.146329 52.631844 51.356116 50.500316 51.023034 0.000000 0.000000
0.000000 0.000000 354.210765 355.356017 343.001107 337.752706 338.313932 327.011099 327.108187 327.940169 324.286520 322.482265 324.646313 324.832146 335.010650 342.119445 346.728571 349.673781 354.881628 0.000000 0.000000
0.000000 0.000000 3496.039322 3493.174442 3494.180701 3466.937256 3444.197078 3434.218058 3433.410147 3427.491610 3436.473869 3443.691449 3442.924602 3437.938586 3454.198731 3456.395528 3469.801867 3478.394191 3479.282518 0.000000 0.000000
0.000000 0.000000 5590.983661 5587.107099 5582.193797 5577.534435 5561.906531 5551.317540 5552.956222 5551.636034 5547.823431 5541.883849 5540.329988 5544.188779 5543.691064 5565.352284 5571.523190 5577.587818 5580.270704 0.000000 0.000000
0.000000 0.000000 6924.607336 6919.939254 6917.522164 6909.868257 6895.545047 6870.226170 6869.492461 6866.962638 6866.976992 6871.572864 6872.255310 6873.119308 6902.381329 6912.271233 6917.968069 6921.346573 6926.437393 0.000000 0.000000
0.000000 0.000000 8186.278203 8186.363024 8182.856484 8171.626876 8169.114354 8159.886065 8160.126622 8157.861588 8158.176817 8154.140173 8152.951688 8159.869496 8161.936316 8167.066247 8180.724457 8178.625121 8184.308290 0.000000 0.000000
0.000000 0.000000 9836.014852 9830.567803 9824.165306 9823.293660 9809.582133 9793.074572 9795.088857 9791.332100 9788.733932 9788.553368 9791.331616 9785.089573 9805.322165 9819.866278 9821.847778 9826.072236 9827.955782 0.000000 0.000000
0.000000 0.000000 11727.377209 11722.868590 11722.591115 11718.146366 11695.837519 11685.233233 11684.261765 11683.983416 11680.169449 11684.709092 11687.671135 11687.112720 11694.499448 11710.636819 11718.591005 11721.167764 11721.799684 0.000000 0.000000
0.000000 0.000000 13814.274766 13813.764739 13811.459440 13786.569611 13781.144130 13761.486578 13769.882155 13753.422558 13759.799951 13756.635415 13749.628601 13759.757933 13771.897402 13774.191439 13788.896149 13795.579554 13807.897595 0.000000 0.000000
0.000000 0.000000 16097.169007 16086.531160 16077.260665 16075.243792 16060.664134 16040.844411 16034.604804 16037.603147 16044.022909 16032.435568 16038.832751 16037.105599 16061.737229 16073.204795 16075.313411 16080.749033 16104.844389 0.000000 0.000000
0.000000 0.000000 18496.807179 18490.040205 18493.088254 18473.558824 18466.902445 18408.357841 18406.241296 18405.887738 18380.267356 18397.095971 18399.657483 18405.806994 18447.660106 18454.304537 18482.408572 18480.557474 18489.068240 0.000000 0.000000
0.000000 0.000000 21288.645993 21291.735383 21275.012633 21269.384658 21196.277090 21223.958880 21206.730017 21207.259105 21217.723906 21208.911897 21208.293812 21199.000096 21171.457503 21252.026171 21256.377021 21281.386068 21292.383585 0.000000 0.000000
0.000000 0.000000 24440.241880 24429.363980 24416.989319 24333.691717 24358.478391 24315.348954 24292.889603 24289.534610 24272.619171 24262.024000 24270.301351 24269.986186 24316.743607 24293.115623 24413.164285 24386.249161 24382.063895 0.000000 0.000000
0.000000 0.000000 27676.707519 27672.012335 27553.653533 27601.744446 27597.241653 27591.585483 27648.280005 27629.748321 27658.417717 27649.988184 27629.788576 27659.831713 27655.745928 27660.043483 27541.556136 27722.959379 27714.026541 0.000000 0.000000
0.000000 0.000000 31431.204334 31262.836882 31325.504055 31260.733487 31173.797244 31152.984567 31097.910636 31113.541559 31056.826790 31064.513953 31095.872952 31065.622562 31109.243161 31165.567837 31321.613205 31194.790891 31374.103465 0.000000 0.000000
0.000000 0.000000 32474.360952 32648.373864 32786.157993 32793.374065 32808.438717 32685.015445 32711.807725 32669.365426 32739.459648 32727.271791 32718.735508 32736.108714 32835.374212 32825.362081 32812.252998 32708.366504 32535.208432 0.000000 0.000000
0.000000 0.000000 0.000000 0.000000 0.000000 0.000000 0.000000 0.000000 0.000000 0.000000 0.000000 0.000000 0.000000 0.000000 0.000000 0.000000 0.000000 0.000000 0.000000 0.000000 0.000000
0.000000 0.000000 0.000000 0.000000 0.000000 0.000000 0.000000 0.000000 0.000000 0.000000 0.000000 0.000000 0.000000 0.000000 0.000000 0.000000 0.000000 0.000000 0.000000 0.000000 0.000000