geotop/1.0zi/1.0Montebello/Templates/testdem/maps/_Erotot1967.asc
ncols         21
nrows         20
xllcorner     100.000000
yllcorner     100.000000
cellsize      50.000000
NODATA_value  -9999.0
0.000000 0.000000 0.000000 0.000000 0.000000 0.000000 0.000000 0.000000 0.000000 0.000000 0.000000 0.000000 0.000000 0.000000 0.000000 0.000000 0.000000 0.000000 0.000000 0.000000 0.000000
0.000000 0.000000 201.102731 201.104884 201.141823 201.128712 201.091041 201.105480 201.107779 201.098498 201.100023 201.098498 201.107779 201.105480 201.091041 201.128712 201.141823 201.104884 201.102731 0.000000 0.000000
0.000000 0.000000 10.686163 10.465237 8.684734 10.529421 10.733042 10.709959 10.717843 10.728406 10.724921 10.728406 10.717843 10.709959 10.733042 10.529421 8.684734 10.465237 10.686163 0.000000 0.000000
0.000000 0.000000 1400.820185 1400.611278 1400.803356 1398.737557 1400.981370 1400.524054 1400.552871 1401.289562 1401.308349 1401.289562 1400.552871 1400.524054 1400.981370 1398.737557 1400.803356 1400.611278 1400.820185 0.000000 0.000000
0.000000 0.000000 2799.410879 2799.198561 2798.597144 2799.281565 2799.728546 2799.532391 2799.488973 2799.654010 2799.624090 2799.654010 2799.488973 2799.532391 2799.728546 2799.281565 2798.597144 2799.198561 2799.410879 0.000000 0.000000
0.000000 0.000000 3644.670455 3644.503281 3643.891013 3644.007374 3644.884728 3644.612628 3644.639405 3644.959379 3645.001113 3644.959379 3644.639405 3644.612628 3644.884728 3644.007374 3643.891013 3644.503281 3644.670455 0.000000 0.000000
0.000000 0.000000 4760.887980 4760.753904 4760.188165 4760.305669 4761.054657 4760.821674 4760.854219 4761.137844 4761.192532 4761.137844 4760.854219 4760.821674 4761.054657 4760.305669 4760.188165 4760.753904 4760.887980 0.000000 0.000000
0.000000 0.000000 5820.406705 5820.296244 5819.766896 5819.888721 5820.540333 5820.340456 5820.369727 5820.623682 5820.679112 5820.623682 5820.369727 5820.340456 5820.540333 5819.888721 5819.766896 5820.296244 5820.406705 0.000000 0.000000
0.000000 0.000000 6818.011283 6817.909457 6817.403856 6817.524127 6818.131953 6817.946823 6817.974304 6818.214143 6818.269221 6818.214143 6817.974304 6817.946823 6818.131953 6817.524127 6817.403856 6817.909457 6818.011283 0.000000 0.000000
0.000000 0.000000 7765.446233 7765.371072 7764.875195 7765.033382 7765.553198 7765.388028 7765.420085 7765.638173 7765.691588 7765.638173 7765.420085 7765.388028 7765.553198 7765.033382 7764.875195 7765.371072 7765.446233 0.000000 0.000000
0.000000 0.000000 8668.015035 8667.930706 8667.452637 8667.585129 8668.120263 8667.954525 8667.982103 8668.198642 8668.249835 8668.198642 8667.982103 8667.954525 8668.120263 8667.585129 8667.452637 8667.930706 8668.015035 0.000000 0.000000
0.000000 0.000000 9534.235512 9534.149102 9533.686015 9533.811396 9534.335891 9534.176098 9534.202366 9534.412815 9534.463974 9534.412815 9534.202366 9534.176098 9534.335891 9533.811396 9533.686015 9534.149102 9534.235512 0.000000 0.000000
0.000000 0.000000 10372.976672 10372.893309 10372.435373 10372.561487 10373.069876 10372.913453 10372.939776 10373.145703 10373.195391 10373.145703 10372.939776 10372.913453 10373.069876 10372.561487 10372.435373 10372.893309 10372.976672 0.000000 0.000000
0.000000 0.000000 11187.032720 11186.955994 11186.505519 11186.650635 11187.123233 11186.972446 11187.000413 11187.199224 11187.247724 11187.199224 11187.000413 11186.972446 11187.123233 11186.650635 11186.505519 11186.955994 11187.032720 0.000000 0.000000
0.000000 0.000000 11979.554063 11979.474479 11979.025068 11979.158919 11979.639742 11979.489340 11979.515959 11979.714586 11979.762022 11979.714586 11979.515959 11979.489340 11979.639742 11979.158919 11979.025068 11979.474479 11979.554063 0.000000 0.000000
0.000000 0.000000 12752.037024 12751.958593 12751.519451 12751.646228 12752.117124 12751.970748 12751.997125 12752.191324 12752.238345 12752.191324 12751.997125 12751.970748 12752.117124 12751.646228 12751.519451 12751.958593 12752.037019 0.000000 0.000000
0.000000 0.000000 13505.276788 13505.199074 13504.759866 13504.890005 13505.354992 13505.208857 13505.234642 13505.425801 13505.471456 13505.425801 13505.234642 13505.208857 13505.354992 13504.890005 13504.759866 13505.199054 13505.276363 0.000000 0.000000
0.000000 0.000000 14274.017693 14274.280721 14273.848937 14273.974133 14274.437799 14274.292503 14274.316095 14274.505431 14274.550013 14274.505431 14274.316095 14274.292503 14274.437799 14273.974132 14273.848918 14274.277310 14274.354353 0.000000 0.000000
0.000000 0.000000 0.000000 0.000000 0.000000 0.000000 0.000000 0.000000 0.000000 0.000000 0.000000 0.000000 0.000000 0.000000 0.000000 0.000000 0.000000 0.000000 0.000000 0.000000 0.000000
0.000000 0.000000 0.000000 0.000000 0.000000 0.000000 0.000000 0.000000 0.000000 0.000000 0.000000 0.000000 0.000000 0.000000 0.000000 0.000000 0.000000 0.000000 0.000000 0.000000 0.000000