geotop/1.0zi/1.0Montebello/Templates/testdem/maps/_Erotot7607.asc
ncols         21
nrows         20
xllcorner     100.000000
yllcorner     100.000000
cellsize      50.000000
NODATA_value  -9999.0
0.000000 0.000000 0.000000 0.000000 0.000000 0.000000 0.000000 0.000000 0.000000 0.000000 0.000000 0.000000 0.000000 0.000000 0.000000 0.000000 0.000000 0.000000 0.000000 0.000000 0.000000
0.000000 0.000000 643.962955 644.903779 644.298685 644.457403 643.583538 643.782059 643.728828 643.833629 644.256895 643.589065 643.472653 643.513910 643.861040 643.905500 644.707710 645.292946 645.367843 0.000000 0.000000
0.000000 0.000000 50.191746 48.969774 49.116848 49.493164 49.907281 49.584061 49.318913 49.156748 49.398497 49.733998 49.755625 49.919945 49.669384 49.343404 47.933703 46.996872 47.749759 0.000000 0.000000
0.000000 0.000000 353.350710 354.638237 342.480293 336.724083 337.530123 326.149162 326.219145 327.095302 323.434873 321.600802 323.803262 323.951088 334.259531 341.117700 345.750389 348.702343 353.605598 0.000000 0.000000
0.000000 0.000000 3001.074074 3004.276337 3008.016128 2986.300375 2967.693643 2957.850079 2957.367563 2953.569872 2959.751853 2965.961139 2960.521500 2958.952497 2973.500346 2976.347109 2986.042640 2994.618346 2994.126895 0.000000 0.000000
0.000000 0.000000 4796.599252 4790.856431 4787.294741 4781.401631 4766.951173 4757.297479 4758.077523 4756.938368 4753.685518 4747.902533 4747.075099 4750.280340 4749.453602 4768.888826 4776.838547 4783.710024 4786.748552 0.000000 0.000000
0.000000 0.000000 6070.874041 6067.900272 6063.601569 6056.986589 6043.487710 6022.379504 6021.397900 6017.754409 6019.086145 6022.958854 6024.329160 6024.870525 6051.927300 6061.661969 6067.065169 6069.784134 6074.971414 0.000000 0.000000
0.000000 0.000000 7105.834476 7106.312259 7103.547977 7094.076638 7091.928985 7082.998640 7083.281866 7083.289093 7082.194887 7078.503163 7077.678946 7083.773534 7085.304290 7089.820929 7102.002591 7100.579247 7105.416804 0.000000 0.000000
0.000000 0.000000 8473.538302 8469.359279 8463.374422 8463.315885 8452.733970 8437.970758 8439.187277 8434.939082 8432.712410 8432.697704 8434.933375 8429.241080 8447.426986 8460.917257 8462.579622 8466.182706 8467.503777 0.000000 0.000000
0.000000 0.000000 10040.941690 10037.750667 10038.274985 10034.428715 10014.781154 10005.499405 10005.265374 10005.076311 10001.684160 10005.203960 10008.180026 10007.452410 10013.968456 10027.778306 10035.192464 10037.104791 10038.144284 0.000000 0.000000
0.000000 0.000000 11752.069978 11751.436446 11748.908371 11729.554558 11723.970649 11709.026215 11714.569486 11701.858805 11705.633136 11704.168445 11697.292655 11706.979027 11715.936377 11718.582446 11730.717379 11737.654759 11748.000783 0.000000 0.000000
0.000000 0.000000 13597.645810 13590.268509 13582.812281 13579.564534 13570.096181 13550.804155 13547.556539 13548.142351 13555.183319 13544.738029 13548.473117 13548.454282 13570.073751 13578.035988 13580.832410 13584.767328 13607.326448 0.000000 0.000000
0.000000 0.000000 15506.867493 15502.522829 15503.006650 15490.154168 15483.517716 15438.249581 15436.614380 15435.888343 15415.447529 15427.286220 15431.377031 15435.857860 15467.399569 15474.103871 15496.287276 15496.038509 15503.724509 0.000000 0.000000
0.000000 0.000000 17680.352683 17682.895988 17670.407736 17666.139293 17612.989166 17630.698267 17615.951105 17617.259050 17622.677969 17618.754765 17616.579027 17612.158239 17593.080506 17650.758995 17657.349993 17676.367893 17685.561391 0.000000 0.000000
0.000000 0.000000 20106.170647 20098.557593 20090.375085 20033.472514 20043.900587 20015.398869 19996.924734 19994.288384 19983.463881 19973.783567 19979.082623 19977.776465 20010.407837 20002.808809 20086.497247 20070.196098 20068.136441 0.000000 0.000000
0.000000 0.000000 22641.360340 22638.724755 22556.297952 22577.826000 22579.824289 22569.708144 22607.187386 22593.439810 22610.165631 22602.319559 22589.593736 22611.067781 22613.714813 22614.343868 22548.694486 22668.813833 22660.686190 0.000000 0.000000
0.000000 0.000000 25669.992975 25550.814918 25575.911194 25538.827413 25475.586819 25462.525784 25431.256574 25440.809514 25403.692205 25407.225261 25425.505522 25411.138260 25440.017038 25478.656798 25573.932664 25513.825007 25641.071606 0.000000 0.000000
0.000000 0.000000 27023.407423 27129.195244 27244.281376 27242.097138 27239.743152 27141.646348 27154.248965 27122.418756 27167.571904 27159.176080 27158.355610 27165.889370 27248.522173 27251.303490 27265.638508 27166.606987 27062.513430 0.000000 0.000000
0.000000 0.000000 0.000000 0.000000 0.000000 0.000000 0.000000 0.000000 0.000000 0.000000 0.000000 0.000000 0.000000 0.000000 0.000000 0.000000 0.000000 0.000000 0.000000 0.000000 0.000000
0.000000 0.000000 0.000000 0.000000 0.000000 0.000000 0.000000 0.000000 0.000000 0.000000 0.000000 0.000000 0.000000 0.000000 0.000000 0.000000 0.000000 0.000000 0.000000 0.000000 0.000000