geotop/1.0zi/1.0Montebello/Templates/testdem/maps/_Erotot0717.asc
ncols         21
nrows         20
xllcorner     100.000000
yllcorner     100.000000
cellsize      50.000000
NODATA_value  -9999.0
0.000000 0.000000 0.000000 0.000000 0.000000 0.000000 0.000000 0.000000 0.000000 0.000000 0.000000 0.000000 0.000000 0.000000 0.000000 0.000000 0.000000 0.000000 0.000000 0.000000 0.000000
0.000000 0.000000 58.806104 58.807054 58.840590 58.811657 58.805264 58.807022 58.807789 58.805401 58.805606 58.805401 58.807789 58.807022 58.805264 58.811657 58.840590 58.807054 58.806104 0.000000 0.000000
0.000000 0.000000 6.442662 6.225605 4.453206 6.318803 6.484926 6.469870 6.486052 6.490318 6.489875 6.490318 6.486052 6.469870 6.484926 6.318803 4.453206 6.225605 6.442662 0.000000 0.000000
0.000000 0.000000 654.895814 654.465522 654.751329 652.452262 654.919466 654.759633 654.586657 654.864335 654.799368 654.864335 654.586657 654.759633 654.919466 652.452262 654.751329 654.465522 654.895814 0.000000 0.000000
0.000000 0.000000 1072.696951 1072.434271 1071.741173 1072.377667 1072.756285 1072.677307 1072.612793 1072.733450 1072.725223 1072.733450 1072.612793 1072.677307 1072.756285 1072.377667 1071.741173 1072.434271 1072.696951 0.000000 0.000000
0.000000 0.000000 1447.314353 1447.048635 1446.419511 1446.469101 1447.355472 1447.280777 1447.214366 1447.337263 1447.316767 1447.337263 1447.214366 1447.280777 1447.355472 1446.469101 1446.419511 1447.048635 1447.314353 0.000000 0.000000
0.000000 0.000000 1891.728464 1891.515120 1890.945755 1891.011013 1891.756787 1891.704758 1891.651858 1891.747259 1891.729550 1891.747259 1891.651858 1891.704758 1891.756787 1891.011013 1890.945755 1891.515120 1891.728464 0.000000 0.000000
0.000000 0.000000 2315.222575 2315.035584 2314.504775 2314.580882 2315.243685 2315.203910 2315.158188 2315.238728 2315.222830 2315.238728 2315.158188 2315.203910 2315.243685 2314.580882 2314.504775 2315.035584 2315.222575 0.000000 0.000000
0.000000 0.000000 2718.403500 2718.229671 2717.723229 2717.799718 2718.420553 2718.386810 2718.344670 2718.417566 2718.402385 2718.417566 2718.344670 2718.386810 2718.420553 2717.799718 2717.723229 2718.229671 2718.403500 0.000000 0.000000
0.000000 0.000000 3105.591166 3105.446482 3104.947722 3105.065593 3105.601916 3105.581589 3105.547133 3105.604516 3105.589717 3105.604516 3105.547133 3105.581589 3105.601916 3105.065593 3104.947722 3105.446482 3105.591166 0.000000 0.000000
0.000000 0.000000 3479.541055 3479.386051 3478.902997 3478.996071 3479.553909 3479.528587 3479.491640 3479.552170 3479.536770 3479.552170 3479.491640 3479.528587 3479.553909 3478.996071 3478.902997 3479.386051 3479.541055 0.000000 0.000000
0.000000 0.000000 3843.496749 3843.338344 3842.866429 3842.950768 3843.506834 3843.482180 3843.445917 3843.506041 3843.491905 3843.506041 3843.445917 3843.482180 3843.506834 3842.950768 3842.866429 3843.338344 3843.496749 0.000000 0.000000
0.000000 0.000000 4199.400236 4199.243250 4198.776303 4198.862743 4199.409163 4199.384592 4199.349027 4199.407588 4199.393420 4199.407588 4199.349027 4199.384592 4199.409163 4198.862743 4198.776303 4199.243250 4199.400236 0.000000 0.000000
0.000000 0.000000 4549.770363 4549.619110 4549.156032 4549.264337 4549.777839 4549.757101 4549.723994 4549.777566 4549.763277 4549.777566 4549.723994 4549.757101 4549.777839 4549.264337 4549.156032 4549.619110 4549.770363 0.000000 0.000000
0.000000 0.000000 4895.251910 4895.096678 4894.633238 4894.730574 4895.259273 4895.237257 4895.203221 4895.258702 4895.243811 4895.258702 4895.203221 4895.237257 4895.259273 4894.730574 4894.633238 4895.096678 4895.251910 0.000000 0.000000
0.000000 0.000000 5236.780052 5236.627197 5236.174041 5236.266302 5236.788075 5236.767089 5236.733481 5236.787517 5236.772019 5236.787517 5236.733481 5236.767089 5236.788075 5236.266302 5236.174041 5236.627197 5236.780049 0.000000 0.000000
0.000000 0.000000 5572.823755 5572.667994 5572.212055 5572.305600 5572.831835 5572.808519 5572.774423 5572.829746 5572.813861 5572.829746 5572.774423 5572.808519 5572.831835 5572.305600 5572.212054 5572.667980 5572.823415 0.000000 0.000000
0.000000 0.000000 5920.860099 5920.863922 5920.410108 5920.492804 5921.028759 5921.004332 5920.969682 5921.026594 5921.010547 5921.026594 5920.969682 5921.004332 5921.028759 5920.492804 5920.410094 5920.861819 5921.020552 0.000000 0.000000
0.000000 0.000000 0.000000 0.000000 0.000000 0.000000 0.000000 0.000000 0.000000 0.000000 0.000000 0.000000 0.000000 0.000000 0.000000 0.000000 0.000000 0.000000 0.000000 0.000000 0.000000
0.000000 0.000000 0.000000 0.000000 0.000000 0.000000 0.000000 0.000000 0.000000 0.000000 0.000000 0.000000 0.000000 0.000000 0.000000 0.000000 0.000000 0.000000 0.000000 0.000000 0.000000