geotop/1.0zi/1.0Montebello/Templates/testdem/maps/_Erotot2345.asc
ncols         21
nrows         20
xllcorner     100.000000
yllcorner     100.000000
cellsize      50.000000
NODATA_value  -9999.0
0.000000 0.000000 0.000000 0.000000 0.000000 0.000000 0.000000 0.000000 0.000000 0.000000 0.000000 0.000000 0.000000 0.000000 0.000000 0.000000 0.000000 0.000000 0.000000 0.000000 0.000000
0.000000 0.000000 222.816391 222.818098 222.825831 222.938456 222.808120 222.813377 222.792607 222.826535 222.803790 222.826535 222.792607 222.813377 222.808120 222.938456 222.825831 222.818098 222.816391 0.000000 0.000000
0.000000 0.000000 13.722023 13.501266 11.746774 13.473837 13.765507 13.750921 13.779839 13.751293 13.768525 13.751293 13.779839 13.750921 13.765507 13.473837 11.746774 13.501266 13.722023 0.000000 0.000000
0.000000 0.000000 1617.391688 1617.070652 1617.406913 1615.535921 1617.542663 1616.983388 1616.981490 1617.802658 1617.943193 1617.802658 1616.981490 1616.983388 1617.542663 1615.535921 1617.406913 1617.070652 1617.391688 0.000000 0.000000
0.000000 0.000000 3337.848729 3337.676631 3337.013464 3337.603805 3338.151426 3338.011899 3337.974218 3338.124721 3338.087746 3338.124721 3337.974218 3338.011899 3338.151426 3337.603805 3337.013464 3337.676631 3337.848729 0.000000 0.000000
0.000000 0.000000 4326.236398 4326.029524 4325.465686 4325.616737 4326.432971 4326.137998 4326.157795 4326.501030 4326.587611 4326.501030 4326.157795 4326.137998 4326.432971 4325.616737 4325.465686 4326.029524 4326.236398 0.000000 0.000000
0.000000 0.000000 5647.605332 5647.433101 5646.915941 5647.057407 5647.755452 5647.500110 5647.525525 5647.830699 5647.927097 5647.830699 5647.525525 5647.500110 5647.755452 5647.057407 5646.915941 5647.433101 5647.605332 0.000000 0.000000
0.000000 0.000000 6896.540263 6896.395498 6895.913071 6896.057596 6896.658892 6896.439013 6896.461821 6896.735673 6896.828707 6896.735673 6896.461821 6896.439013 6896.658892 6896.057596 6895.913071 6896.395498 6896.540263 0.000000 0.000000
0.000000 0.000000 8064.766505 8064.633757 8064.174673 8064.319152 8064.873185 8064.670053 8064.691474 8064.949431 8065.038728 8064.949431 8064.691474 8064.670053 8064.873185 8064.319152 8064.174673 8064.633757 8064.766505 0.000000 0.000000
0.000000 0.000000 9167.409707 9167.305599 9166.856637 9167.040232 9167.503672 9167.321722 9167.347811 9167.582908 9167.667891 9167.582908 9167.347811 9167.321722 9167.503672 9167.040232 9166.856637 9167.305599 9167.409707 0.000000 0.000000
0.000000 0.000000 10211.012487 10210.901496 10210.471792 10210.631389 10211.105844 10210.924304 10210.946280 10211.178507 10211.258876 10211.178507 10210.946280 10210.924304 10211.105844 10210.631389 10210.471792 10210.901496 10211.012487 0.000000 0.000000
0.000000 0.000000 11209.147448 11209.035938 11208.621656 11208.775482 11209.236019 11209.061668 11209.082408 11209.307375 11209.386338 11209.307375 11209.082408 11209.061668 11209.236019 11208.775482 11208.621656 11209.035938 11209.147448 0.000000 0.000000
0.000000 0.000000 12170.470748 12170.363913 12169.955599 12170.111201 12170.552676 12170.382576 12170.403419 12170.622873 12170.698911 12170.622873 12170.403419 12170.382576 12170.552676 12170.111201 12169.955599 12170.363913 12170.470748 0.000000 0.000000
0.000000 0.000000 13100.777218 13100.678088 13100.278341 13100.452888 13100.856942 13100.693345 13100.715820 13100.927280 13101.001390 13100.927280 13100.715820 13100.693345 13100.856942 13100.452888 13100.278341 13100.678088 13100.777218 0.000000 0.000000
0.000000 0.000000 14002.185995 14002.084961 14001.688178 14001.851865 14002.261623 14002.099156 14002.120279 14002.330332 14002.402396 14002.330332 14002.120279 14002.099156 14002.261623 14001.851865 14001.688178 14002.084961 14002.185995 0.000000 0.000000
0.000000 0.000000 14874.647520 14874.548573 14874.162575 14874.319608 14874.717518 14874.559620 14874.580568 14874.785360 14874.855756 14874.785360 14874.580568 14874.559620 14874.717518 14874.319608 14874.162575 14874.548573 14874.647515 0.000000 0.000000
0.000000 0.000000 15720.669838 15720.572340 15720.187755 15720.348084 15720.737834 15720.581524 15720.601906 15720.802270 15720.870329 15720.802270 15720.601906 15720.581524 15720.737834 15720.348084 15720.187755 15720.572318 15720.669423 0.000000 0.000000
0.000000 0.000000 16579.214733 16579.504711 16579.126336 16579.282546 16579.668595 16579.515157 16579.533604 16579.731040 16579.796577 16579.731040 16579.533604 16579.515157 16579.668595 16579.282546 16579.126317 16579.501215 16579.595612 0.000000 0.000000
0.000000 0.000000 0.000000 0.000000 0.000000 0.000000 0.000000 0.000000 0.000000 0.000000 0.000000 0.000000 0.000000 0.000000 0.000000 0.000000 0.000000 0.000000 0.000000 0.000000 0.000000
0.000000 0.000000 0.000000 0.000000 0.000000 0.000000 0.000000 0.000000 0.000000 0.000000 0.000000 0.000000 0.000000 0.000000 0.000000 0.000000 0.000000 0.000000 0.000000 0.000000 0.000000