geotop/1.0zi/1.0Montebello/Templates/testdem/maps/_Erotot0205.asc
ncols         21
nrows         20
xllcorner     100.000000
yllcorner     100.000000
cellsize      50.000000
NODATA_value  -9999.0
0.000000 0.000000 0.000000 0.000000 0.000000 0.000000 0.000000 0.000000 0.000000 0.000000 0.000000 0.000000 0.000000 0.000000 0.000000 0.000000 0.000000 0.000000 0.000000 0.000000 0.000000
0.000000 0.000000 18.173181 18.173167 18.173166 18.173183 18.173185 18.173183 18.173181 18.173181 18.173180 18.173181 18.173181 18.173183 18.173185 18.173183 18.173166 18.173167 18.173181 0.000000 0.000000
0.000000 0.000000 2.175642 2.175643 2.176395 2.175465 2.175305 2.175420 2.175540 2.175589 2.175598 2.175589 2.175540 2.175420 2.175305 2.175465 2.176395 2.175643 2.175642 0.000000 0.000000
0.000000 0.000000 275.553894 275.575955 275.574312 275.551662 275.549350 275.551764 275.553931 275.554765 275.554925 275.554765 275.553931 275.551764 275.549350 275.551662 275.574312 275.575955 275.553894 0.000000 0.000000
0.000000 0.000000 358.792353 358.806834 358.806244 358.790913 358.789469 358.791115 358.792577 358.793131 358.793236 358.793131 358.792577 358.791115 358.789469 358.790913 358.806244 358.806834 358.792353 0.000000 0.000000
0.000000 0.000000 500.117720 500.129502 500.129123 500.116530 500.115384 500.116743 500.117943 500.118397 500.118482 500.118397 500.117943 500.116743 500.115384 500.116530 500.129123 500.129502 500.117720 0.000000 0.000000
0.000000 0.000000 637.299256 637.308199 637.307930 637.298342 637.297484 637.298522 637.299436 637.299781 637.299845 637.299781 637.299436 637.298522 637.297484 637.298342 637.307930 637.308199 637.299256 0.000000 0.000000
0.000000 0.000000 765.640659 765.647689 765.647489 765.639935 765.639263 765.640083 765.640804 765.641076 765.641127 765.641076 765.640804 765.640083 765.639263 765.639935 765.647489 765.647689 765.640659 0.000000 0.000000
0.000000 0.000000 887.201485 887.207263 887.207111 887.200884 887.200330 887.201008 887.201603 887.201827 887.201869 887.201827 887.201603 887.201008 887.200330 887.200884 887.207111 887.207263 887.201485 0.000000 0.000000
0.000000 0.000000 1003.885676 1003.890593 1003.890480 1003.885158 1003.884684 1003.885265 1003.885775 1003.885967 1003.886003 1003.885967 1003.885775 1003.885265 1003.884684 1003.885158 1003.890480 1003.890593 1003.885676 0.000000 0.000000
0.000000 0.000000 1116.517887 1116.522179 1116.522095 1116.517429 1116.517013 1116.517524 1116.517971 1116.518140 1116.518172 1116.518140 1116.517971 1116.517524 1116.517013 1116.517429 1116.522095 1116.522179 1116.517887 0.000000 0.000000
0.000000 0.000000 1226.801835 1226.805646 1226.805582 1226.801424 1226.801056 1226.801511 1226.801911 1226.802061 1226.802089 1226.802061 1226.801911 1226.801511 1226.801056 1226.801424 1226.805582 1226.805646 1226.801835 0.000000 0.000000
0.000000 0.000000 1335.022216 1335.025428 1335.025388 1335.021863 1335.021551 1335.021939 1335.022278 1335.022405 1335.022429 1335.022405 1335.022278 1335.021939 1335.021551 1335.021863 1335.025388 1335.025428 1335.022216 0.000000 0.000000
0.000000 0.000000 1440.021903 1440.024218 1440.024216 1440.021634 1440.021400 1440.021686 1440.021937 1440.022031 1440.022049 1440.022031 1440.021937 1440.021686 1440.021400 1440.021634 1440.024216 1440.024218 1440.021903 0.000000 0.000000
0.000000 0.000000 1543.840142 1543.842403 1543.842402 1543.839885 1543.839663 1543.839941 1543.840184 1543.840276 1543.840293 1543.840276 1543.840184 1543.839941 1543.839663 1543.839885 1543.842402 1543.842403 1543.840142 0.000000 0.000000
0.000000 0.000000 1646.197003 1646.198952 1646.198974 1646.196770 1646.196580 1646.196825 1646.197039 1646.197119 1646.197134 1646.197119 1646.197039 1646.196825 1646.196580 1646.196770 1646.198974 1646.198952 1646.197001 0.000000 0.000000
0.000000 0.000000 1746.745455 1746.747265 1746.747282 1746.745170 1746.744992 1746.745227 1746.745431 1746.745507 1746.745522 1746.745507 1746.745431 1746.745227 1746.744992 1746.745170 1746.747281 1746.747258 1746.745389 0.000000 0.000000
0.000000 0.000000 1856.130351 1856.207557 1856.206740 1856.204793 1856.204633 1856.204849 1856.205036 1856.205106 1856.205118 1856.205106 1856.205036 1856.204849 1856.204633 1856.204793 1856.206731 1856.206737 1856.205132 0.000000 0.000000
0.000000 0.000000 0.000000 0.000000 0.000000 0.000000 0.000000 0.000000 0.000000 0.000000 0.000000 0.000000 0.000000 0.000000 0.000000 0.000000 0.000000 0.000000 0.000000 0.000000 0.000000
0.000000 0.000000 0.000000 0.000000 0.000000 0.000000 0.000000 0.000000 0.000000 0.000000 0.000000 0.000000 0.000000 0.000000 0.000000 0.000000 0.000000 0.000000 0.000000 0.000000 0.000000