geotop/1.0zi/1.0Montebello/Templates/testdem/maps/_Erotot043 .asc
ncols         21
nrows         20
xllcorner     100.000000
yllcorner     100.000000
cellsize      50.000000
NODATA_value  -9999.0
0.000000 0.000000 0.000000 0.000000 0.000000 0.000000 0.000000 0.000000 0.000000 0.000000 0.000000 0.000000 0.000000 0.000000 0.000000 0.000000 0.000000 0.000000 0.000000 0.000000 0.000000
0.000000 0.000000 865.397437 865.511023 864.298738 863.869695 862.240379 861.727863 861.905585 861.892317 862.291721 861.736720 861.540663 861.580113 862.626292 863.222416 864.586681 865.774610 866.498804 0.000000 0.000000
0.000000 0.000000 61.879845 60.629621 61.014744 60.762549 61.605638 61.160576 60.728761 60.643878 60.833339 61.006012 61.202644 61.261791 61.095279 60.595470 59.595395 58.705182 59.418884 0.000000 0.000000
0.000000 0.000000 738.222003 743.719291 726.585667 716.794215 714.958812 706.170371 713.830009 715.225335 711.656097 713.458527 717.372678 716.544746 725.415899 736.906689 741.315983 739.617838 745.699956 0.000000 0.000000
0.000000 0.000000 5146.573840 5140.092235 5136.817319 5094.610306 5067.679280 5051.193190 5043.793974 5039.732386 5043.983601 5049.068851 5049.447144 5043.342666 5063.666470 5070.702494 5091.555340 5105.256654 5105.664341 0.000000 0.000000
0.000000 0.000000 7456.360854 7449.507211 7442.804904 7444.163844 7414.074271 7399.774757 7403.900031 7403.363138 7396.828979 7390.587783 7387.797971 7391.978335 7394.897529 7423.582347 7423.995384 7431.734401 7433.426248 0.000000 0.000000
0.000000 0.000000 9178.094806 9171.708410 9167.195074 9151.732832 9144.265284 9102.580953 9102.556606 9099.526663 9097.500809 9100.916069 9101.712635 9102.738366 9140.005937 9144.894279 9155.540103 9159.501598 9164.517351 0.000000 0.000000
0.000000 0.000000 11079.774358 11075.453477 11067.479602 11046.503721 11034.651656 11030.575420 11031.146427 11029.386916 11027.388950 11023.708311 11022.729997 11029.821951 11028.877368 11041.845654 11059.486971 11057.784589 11064.078558 0.000000 0.000000
0.000000 0.000000 13488.462392 13481.537311 13468.708418 13461.201364 13441.107242 13414.987879 13418.742236 13415.170589 13409.781734 13409.308571 13412.642182 13405.481740 13434.526458 13452.143980 13456.467580 13461.397137 13463.736580 0.000000 0.000000
0.000000 0.000000 16327.128704 16315.834397 16308.640429 16295.276449 16277.032005 16253.433271 16252.705420 16251.294056 16244.146219 16248.858889 16252.191941 16251.116702 16261.102106 16285.577263 16296.237258 16301.656210 16300.602043 0.000000 0.000000
0.000000 0.000000 19559.318925 19553.446346 19548.375198 19505.315345 19503.688401 19469.002906 19479.016539 19458.959515 19463.371430 19458.397277 19449.075796 19461.980179 19480.783304 19487.781889 19507.158644 19512.012892 19532.760471 0.000000 0.000000
0.000000 0.000000 23252.698053 23234.619914 23208.983180 23203.398241 23186.161410 23145.888358 23143.726330 23148.766299 23154.155144 23134.749365 23145.587060 23139.165603 23175.890576 23196.125285 23199.813627 23207.717546 23237.359897 0.000000 0.000000
0.000000 0.000000 27192.344335 27179.944272 27181.141105 27150.665354 27125.638065 27023.385035 27018.002581 27015.003272 26964.098571 26998.922164 26998.975903 27009.545623 27084.197711 27095.850263 27142.261771 27142.790474 27143.210951 0.000000 0.000000
0.000000 0.000000 31741.295782 31741.708535 31702.979479 31684.585205 31549.133153 31638.286650 31605.560321 31609.617317 31638.839517 31610.630243 31608.214866 31587.476634 31503.191665 31661.427234 31656.239959 31695.963630 31714.019487 0.000000 0.000000
0.000000 0.000000 35833.287519 35821.803934 35805.649741 35675.750472 35768.268727 35670.890831 35655.650646 35648.470441 35612.788986 35605.342429 35618.797634 35623.555118 35708.712016 35609.899911 35792.713491 35741.762005 35726.860093 0.000000 0.000000
0.000000 0.000000 38518.059174 38512.311209 38413.663703 38475.951443 38460.583683 38466.620114 38519.916484 38504.791636 38529.687855 38524.949483 38506.090514 38530.002504 38513.131665 38533.941603 38396.163714 38555.685172 38547.415708 0.000000 0.000000
0.000000 0.000000 40560.221454 40494.696730 40522.773292 40499.786967 40462.640630 40464.699952 40444.233817 40452.368601 40429.868679 40433.575104 40444.251020 40435.451243 40443.239862 40461.553564 40516.997270 40466.857581 40536.155941 0.000000 0.000000
0.000000 0.000000 41383.553477 41438.622493 41481.195122 41489.966692 41489.020871 41448.098069 41459.840113 41444.883830 41466.796197 41463.328631 41462.111921 41464.714482 41500.417941 41498.238846 41485.172203 41451.861896 41397.534496 0.000000 0.000000
0.000000 0.000000 0.000000 0.000000 0.000000 0.000000 0.000000 0.000000 0.000000 0.000000 0.000000 0.000000 0.000000 0.000000 0.000000 0.000000 0.000000 0.000000 0.000000 0.000000 0.000000
0.000000 0.000000 0.000000 0.000000 0.000000 0.000000 0.000000 0.000000 0.000000 0.000000 0.000000 0.000000 0.000000 0.000000 0.000000 0.000000 0.000000 0.000000 0.000000 0.000000 0.000000