geotop/1.0zi/1.0Montebello/Templates/testdem/maps/_Erotot8577.asc
ncols         21
nrows         20
xllcorner     100.000000
yllcorner     100.000000
cellsize      50.000000
NODATA_value  -9999.0
0.000000 0.000000 0.000000 0.000000 0.000000 0.000000 0.000000 0.000000 0.000000 0.000000 0.000000 0.000000 0.000000 0.000000 0.000000 0.000000 0.000000 0.000000 0.000000 0.000000 0.000000
0.000000 0.000000 689.022603 689.840986 689.276043 689.368598 688.346446 688.502549 688.488380 688.564804 688.940441 688.316080 688.197955 688.246063 688.621735 688.778801 689.618910 690.171289 690.389688 0.000000 0.000000
0.000000 0.000000 53.700851 52.699167 52.960024 53.034477 53.674536 53.321073 53.026977 52.882071 53.103060 53.416022 53.483153 53.585715 53.422429 52.907358 51.631033 50.774812 51.297430 0.000000 0.000000
0.000000 0.000000 354.573628 355.637373 342.912215 337.668345 338.161399 326.857672 326.954134 327.784425 324.133209 322.326825 324.408498 324.682139 335.096047 342.384204 347.033823 350.036124 355.257754 0.000000 0.000000
0.000000 0.000000 3528.034167 3525.091198 3526.289150 3498.883605 3475.879911 3465.810084 3464.992260 3459.047989 3468.092742 3475.262962 3474.376791 3469.511203 3485.790321 3488.132464 3501.695884 3510.407002 3511.315941 0.000000 0.000000
0.000000 0.000000 5616.606106 5612.746369 5607.829731 5603.156514 5587.469306 5576.850583 5578.488728 5577.163832 5573.302437 5567.414984 5565.855110 5569.736969 5569.243850 5590.973469 5597.153762 5603.230208 5605.899073 0.000000 0.000000
0.000000 0.000000 6955.808442 6951.109111 6948.657640 6940.972271 6926.600132 6901.175854 6900.437659 6897.902682 6897.922421 6902.516058 6903.169119 6904.065664 6933.466433 6943.395801 6949.131677 6952.555427 6957.654815 0.000000 0.000000
0.000000 0.000000 8225.209756 8225.252126 8221.702784 8210.421676 8207.793320 8198.535917 8198.772442 8196.497713 8196.820700 8192.779536 8191.543647 8198.516007 8200.661332 8205.891221 8219.604641 8217.572718 8223.263586 0.000000 0.000000
0.000000 0.000000 9884.234519 9878.741216 9872.279636 9871.354211 9857.514902 9840.935226 9842.947035 9839.177739 9836.582568 9836.401409 9839.129901 9832.938590 9853.295274 9867.961903 9870.003811 9874.302040 9876.193600 0.000000 0.000000
0.000000 0.000000 11786.351028 11781.782086 11781.456856 11776.949347 11754.484802 11743.796623 11742.816428 11742.532817 11738.718400 11743.264393 11746.182418 11745.676212 11753.193504 11769.471626 11777.493026 11780.155702 11780.791278 0.000000 0.000000
0.000000 0.000000 13885.914728 13885.349936 13882.979915 13857.974547 13852.415661 13832.643082 13841.053904 13824.543231 13830.944993 13827.769152 13820.688571 13830.906489 13843.198958 13845.614351 13860.409266 13867.198675 13879.555189 0.000000 0.000000
0.000000 0.000000 16183.873009 16173.137271 16163.770144 16161.704431 16146.932859 16126.984944 16120.701825 16123.729376 16130.173548 16118.541791 16124.918807 16123.227061 16148.088305 16159.735346 16161.903073 16167.439987 16191.625674 0.000000 0.000000
0.000000 0.000000 18600.460070 18593.611750 18596.620364 18576.941148 18570.124019 18511.050826 18508.928949 18508.557706 18482.792643 18499.737803 18502.243157 18508.492603 18550.832065 18557.648617 18585.957209 18584.196501 18592.679952 0.000000 0.000000
0.000000 0.000000 21414.072663 21417.117404 21400.208781 21394.518637 21320.516150 21348.624120 21331.260502 21331.802013 21342.438227 21333.508413 21332.801686 21323.490496 21295.689827 21377.194050 21381.562264 21406.861886 21417.930316 0.000000 0.000000
0.000000 0.000000 24590.294724 24579.274026 24566.757742 24482.377571 24507.736621 24463.961832 24441.412945 24438.002858 24420.885651 24410.241110 24418.568068 24418.350701 24465.824181 24441.635706 24563.065444 24535.913470 24531.639314 0.000000 0.000000
0.000000 0.000000 27847.615762 27842.843243 27723.151717 27772.283753 27767.253629 27761.666197 27818.978557 27800.340934 27829.405203 27820.991206 27800.444875 27830.857119 27826.711998 27831.477053 27711.115934 27894.744616 27885.790535 0.000000 0.000000
0.000000 0.000000 31615.283087 31445.914384 31509.526450 31443.815490 31356.174704 31334.958329 31279.230521 31295.034699 31237.852643 31245.633767 31277.269803 31246.668456 31290.938160 31347.916686 31505.789394 31377.292416 31557.665529 0.000000 0.000000
0.000000 0.000000 32645.995555 32820.474238 32957.752492 32964.852319 32979.765010 32855.936296 32882.939622 32840.442053 32910.777270 32898.567668 32889.861695 32907.414364 33007.044264 32997.284936 32983.943164 32880.854842 32707.155079 0.000000 0.000000
0.000000 0.000000 0.000000 0.000000 0.000000 0.000000 0.000000 0.000000 0.000000 0.000000 0.000000 0.000000 0.000000 0.000000 0.000000 0.000000 0.000000 0.000000 0.000000 0.000000 0.000000
0.000000 0.000000 0.000000 0.000000 0.000000 0.000000 0.000000 0.000000 0.000000 0.000000 0.000000 0.000000 0.000000 0.000000 0.000000 0.000000 0.000000 0.000000 0.000000 0.000000 0.000000