geotop/1.0zi/1.0Montebello/Templates/testdem/maps/_Erotot6335.asc
ncols         21
nrows         20
xllcorner     100.000000
yllcorner     100.000000
cellsize      50.000000
NODATA_value  -9999.0
0.000000 0.000000 0.000000 0.000000 0.000000 0.000000 0.000000 0.000000 0.000000 0.000000 0.000000 0.000000 0.000000 0.000000 0.000000 0.000000 0.000000 0.000000 0.000000 0.000000 0.000000
0.000000 0.000000 491.393563 492.253052 491.975989 492.273597 491.720001 491.779596 491.737742 491.904026 492.305010 491.609486 491.537113 491.628723 491.781094 491.686112 492.414657 492.614413 492.604126 0.000000 0.000000
0.000000 0.000000 37.057338 35.915391 35.995753 36.138457 36.393371 36.204741 36.017886 35.802268 36.049309 36.378936 36.196061 36.408028 36.282377 36.033250 34.720563 33.960489 34.650956 0.000000 0.000000
0.000000 0.000000 222.479862 225.303619 215.164675 212.756287 212.984333 207.795318 207.332450 206.847647 205.238057 203.199318 205.820968 203.693764 208.511678 214.535228 216.464531 217.877535 222.935554 0.000000 0.000000
0.000000 0.000000 2056.587516 2059.969142 2064.978459 2043.749990 2028.763873 2016.967701 2019.595522 2016.614912 2020.453556 2025.141416 2021.811694 2020.412419 2030.691261 2031.616097 2040.134613 2048.666312 2049.855206 0.000000 0.000000
0.000000 0.000000 3581.141159 3575.902101 3572.682668 3567.825634 3557.533477 3549.622861 3548.150634 3547.674108 3545.910496 3543.298958 3540.340578 3543.019929 3545.265108 3561.846137 3567.204481 3571.773478 3574.212711 0.000000 0.000000
0.000000 0.000000 4761.359435 4758.967402 4755.246158 4750.438188 4737.376578 4720.064316 4719.620260 4716.155666 4718.017222 4720.867733 4722.951246 4724.002022 4744.797848 4754.559555 4759.425370 4761.026522 4766.510823 0.000000 0.000000
0.000000 0.000000 5477.502730 5478.957906 5477.028443 5469.827798 5468.952555 5461.191369 5461.742812 5462.144758 5460.819655 5458.231361 5457.973462 5462.010014 5462.928830 5465.969144 5475.274296 5473.619697 5477.508208 0.000000 0.000000
0.000000 0.000000 6477.407085 6474.567288 6469.380197 6469.865428 6462.387172 6451.032510 6451.656349 6448.487342 6446.077141 6446.996837 6448.090984 6443.335865 6457.811525 6466.625641 6469.621339 6470.903254 6472.959684 0.000000 0.000000
0.000000 0.000000 7632.127370 7629.775182 7631.093739 7629.444999 7613.453422 7605.831231 7606.814097 7606.058797 7603.789886 7606.813267 7610.329489 7608.484812 7612.935261 7624.507218 7629.196370 7629.763767 7631.013855 0.000000 0.000000
0.000000 0.000000 8879.802234 8880.194639 8878.992572 8863.617318 8860.641188 8848.833626 8852.799527 8842.884651 8845.412329 8844.430425 8839.399497 8847.424932 8852.799795 8854.631876 8862.582533 8868.704715 8877.070609 0.000000 0.000000
0.000000 0.000000 10193.000097 10188.720129 10182.483390 10179.876497 10174.577455 10158.827868 10157.416245 10156.802541 10163.305522 10155.725082 10157.902840 10157.817160 10175.050945 10179.253624 10181.330737 10182.506307 10203.099447 0.000000 0.000000
0.000000 0.000000 11530.173133 11527.411384 11527.862079 11519.088751 11514.552866 11484.198980 11482.591815 11482.087131 11466.592117 11476.163846 11480.158301 11482.860129 11502.208095 11506.776449 11522.863771 11522.158319 11529.904154 0.000000 0.000000
0.000000 0.000000 13003.095486 13004.632640 12996.207608 12994.011271 12962.193035 12971.119588 12960.036566 12961.420158 12962.670393 12962.197617 12960.211803 12956.741002 12946.533991 12981.402571 12987.658866 12999.520530 13007.536247 0.000000 0.000000
0.000000 0.000000 14607.144274 14602.550882 14597.838303 14567.858474 14567.959613 14550.468970 14536.567056 14534.565317 14528.931304 14521.619159 14525.856040 14524.205830 14541.632544 14544.906338 14593.423303 14583.615623 14584.341168 0.000000 0.000000
0.000000 0.000000 16267.050689 16266.346707 16221.941158 16223.022079 16227.916358 16219.976914 16239.810089 16231.030415 16238.605197 16233.166361 16226.704534 16237.885841 16242.061126 16241.415957 16216.167895 16277.870073 16271.111533 0.000000 0.000000
0.000000 0.000000 18176.279920 18120.870541 18119.995081 18106.672791 18075.262503 18067.487487 18056.646752 18060.617988 18043.084917 18044.170841 18051.116036 18049.117766 18063.495986 18079.057537 18118.600086 18107.444034 18169.976623 0.000000 0.000000
0.000000 0.000000 19425.695216 19449.289702 19507.276453 19499.356259 19485.451345 19437.812334 19439.421412 19422.671072 19438.487399 19435.670656 19441.219217 19438.027231 19480.288076 19491.892412 19517.671772 19459.369758 19436.859334 0.000000 0.000000
0.000000 0.000000 0.000000 0.000000 0.000000 0.000000 0.000000 0.000000 0.000000 0.000000 0.000000 0.000000 0.000000 0.000000 0.000000 0.000000 0.000000 0.000000 0.000000 0.000000 0.000000
0.000000 0.000000 0.000000 0.000000 0.000000 0.000000 0.000000 0.000000 0.000000 0.000000 0.000000 0.000000 0.000000 0.000000 0.000000 0.000000 0.000000 0.000000 0.000000 0.000000 0.000000