geotop/1.0zi/1.0Montebello/Templates/testdem/maps/_Erotot1373.asc
ncols         21
nrows         20
xllcorner     100.000000
yllcorner     100.000000
cellsize      50.000000
NODATA_value  -9999.0
0.000000 0.000000 0.000000 0.000000 0.000000 0.000000 0.000000 0.000000 0.000000 0.000000 0.000000 0.000000 0.000000 0.000000 0.000000 0.000000 0.000000 0.000000 0.000000 0.000000 0.000000
0.000000 0.000000 150.859818 150.861228 150.896116 150.871564 150.852703 150.861252 150.862845 150.857605 150.858283 150.857605 150.862845 150.861252 150.852703 150.871564 150.896116 150.861228 150.859818 0.000000 0.000000
0.000000 0.000000 9.023760 8.803893 7.027800 8.885836 9.066950 9.050929 9.060910 9.068688 9.066739 9.068688 9.060910 9.050929 9.066950 8.885836 7.027800 8.803893 9.023760 0.000000 0.000000
0.000000 0.000000 1114.539850 1114.323250 1114.295169 1112.303506 1114.641603 1114.212151 1114.151220 1114.744969 1114.693740 1114.744969 1114.151220 1114.212151 1114.641603 1112.303506 1114.295169 1114.323250 1114.539850 0.000000 0.000000
0.000000 0.000000 2006.593199 2006.368254 2005.614000 2006.312319 2006.760903 2006.570223 2006.522616 2006.675478 2006.630734 2006.675478 2006.522616 2006.570223 2006.760903 2006.312319 2005.614000 2006.368254 2006.593199 0.000000 0.000000
0.000000 0.000000 2638.350059 2638.172540 2637.406654 2637.603028 2638.512764 2638.262377 2638.230007 2638.468464 2638.443310 2638.468464 2638.230007 2638.262377 2638.512764 2637.603028 2637.406654 2638.172540 2638.350059 0.000000 0.000000
0.000000 0.000000 3443.132351 3442.990286 3442.299051 3442.493047 3443.273472 3443.061919 3443.038493 3443.237416 3443.215896 3443.237416 3443.038493 3443.061919 3443.273472 3442.493047 3442.299051 3442.990286 3443.132351 0.000000 0.000000
0.000000 0.000000 4209.755576 4209.632757 4208.993606 4209.185866 4209.876626 4209.693175 4209.674521 4209.850607 4209.832237 4209.850607 4209.674521 4209.693175 4209.876626 4209.185866 4208.993606 4209.632757 4209.755576 0.000000 0.000000
0.000000 0.000000 4936.500035 4936.387657 4935.780461 4935.967029 4936.610875 4936.441289 4936.425437 4936.589471 4936.571710 4936.589471 4936.425437 4936.441289 4936.610875 4935.967029 4935.780461 4936.387657 4936.500035 0.000000 0.000000
0.000000 0.000000 5632.052028 5631.966908 5631.372929 5631.596120 5632.151866 5632.000818 5631.992124 5632.138012 5632.120132 5632.138012 5631.992124 5632.000818 5632.151866 5631.596120 5631.372929 5631.966908 5632.052028 0.000000 0.000000
0.000000 0.000000 6300.919829 6300.825275 6300.250453 6300.446720 6301.019798 6300.866563 6300.854985 6301.002570 6300.983672 6301.002570 6300.854985 6300.866563 6301.019798 6300.446720 6300.250453 6300.825275 6300.919829 0.000000 0.000000
0.000000 0.000000 6948.891190 6948.794025 6948.234146 6948.420421 6948.985602 6948.836381 6948.825630 6948.971165 6948.953423 6948.971165 6948.825630 6948.836381 6948.985602 6948.420421 6948.234146 6948.794025 6948.891190 0.000000 0.000000
0.000000 0.000000 7581.620508 7581.525767 7580.973785 7581.160871 7581.712160 7581.565211 7581.555271 7581.698228 7581.679990 7581.698228 7581.555271 7581.565211 7581.712160 7581.160871 7580.973785 7581.525767 7581.620508 0.000000 0.000000
0.000000 0.000000 8199.649616 8199.561533 8199.015493 8199.222397 8199.738657 8199.596272 8199.589006 8199.727046 8199.708246 8199.727046 8199.589006 8199.596272 8199.738657 8199.222397 8199.015493 8199.561533 8199.649616 0.000000 0.000000
0.000000 0.000000 8805.566643 8805.476115 8804.932323 8805.128300 8805.655292 8805.512012 8805.503852 8805.643662 8805.624240 8805.643662 8805.503852 8805.512012 8805.655292 8805.128300 8804.932323 8805.476115 8805.566643 0.000000 0.000000
0.000000 0.000000 9400.967189 9400.877583 9400.347453 9400.535771 9401.054516 9400.914476 9400.906306 9401.042816 9401.023638 9401.042816 9400.906306 9400.914476 9401.054516 9400.535771 9400.347453 9400.877583 9400.967186 0.000000 0.000000
0.000000 0.000000 9983.800735 9983.712010 9983.182417 9983.374051 9983.890710 9983.748688 9983.740638 9983.876563 9983.856298 9983.876563 9983.740638 9983.748688 9983.890710 9983.374051 9983.182417 9983.711991 9983.800415 0.000000 0.000000
0.000000 0.000000 10585.024195 10585.214459 10584.687371 10584.870156 10585.389870 10585.246421 10585.238522 10585.376905 10585.356421 10585.376905 10585.238522 10585.246421 10585.389870 10584.870155 10584.687354 10585.211430 10585.300544 0.000000 0.000000
0.000000 0.000000 0.000000 0.000000 0.000000 0.000000 0.000000 0.000000 0.000000 0.000000 0.000000 0.000000 0.000000 0.000000 0.000000 0.000000 0.000000 0.000000 0.000000 0.000000 0.000000
0.000000 0.000000 0.000000 0.000000 0.000000 0.000000 0.000000 0.000000 0.000000 0.000000 0.000000 0.000000 0.000000 0.000000 0.000000 0.000000 0.000000 0.000000 0.000000 0.000000 0.000000