geotop/1.0zi/1.0Montebello/Templates/testdem/maps/_Erotot9710.asc
ncols         21
nrows         20
xllcorner     100.000000
yllcorner     100.000000
cellsize      50.000000
NODATA_value  -9999.0
0.000000 0.000000 0.000000 0.000000 0.000000 0.000000 0.000000 0.000000 0.000000 0.000000 0.000000 0.000000 0.000000 0.000000 0.000000 0.000000 0.000000 0.000000 0.000000 0.000000 0.000000
0.000000 0.000000 811.930143 812.080788 810.900813 810.438124 808.865778 808.428246 808.524506 808.583250 808.936968 808.376304 808.235334 808.269315 809.234447 809.816987 811.177493 812.412050 813.062192 0.000000 0.000000
0.000000 0.000000 61.261950 59.913355 60.207400 59.985690 60.719949 60.227586 59.864671 59.710514 59.947099 60.102907 60.273702 60.347109 60.233157 59.747449 58.723481 57.826623 58.614186 0.000000 0.000000
0.000000 0.000000 536.546360 540.394175 525.977353 518.513225 517.943607 509.941903 517.010019 518.954980 515.058071 515.972651 520.273575 519.686449 528.513629 539.054657 541.959129 540.472997 545.924949 0.000000 0.000000
0.000000 0.000000 4521.878038 4516.046585 4512.382610 4473.742212 4447.471011 4432.021794 4424.514837 4418.490825 4424.356900 4429.971658 4429.982700 4424.051735 4444.239770 4450.529253 4469.420798 4480.794389 4481.828630 0.000000 0.000000
0.000000 0.000000 6725.138375 6718.651508 6713.874027 6716.054128 6688.028705 6675.269123 6678.999860 6677.746338 6672.329215 6665.756956 6663.565919 6667.832010 6669.693904 6697.025889 6697.174323 6704.585846 6706.486969 0.000000 0.000000
0.000000 0.000000 8263.176806 8257.092381 8253.268548 8240.232850 8233.375584 8196.721550 8196.041508 8192.754526 8191.160216 8195.177491 8195.710932 8196.863305 8232.440869 8236.753280 8246.369524 8249.337482 8254.427234 0.000000 0.000000
0.000000 0.000000 9901.794337 9897.759729 9891.074827 9875.361860 9864.832485 9860.686670 9861.279105 9858.804328 9857.705978 9853.687966 9853.029548 9860.157570 9858.742114 9870.273228 9886.041719 9883.662158 9889.903179 0.000000 0.000000
0.000000 0.000000 11980.464826 11974.163959 11965.309611 11959.450692 11941.808834 11918.725217 11921.920577 11917.584408 11913.381935 11912.933217 11916.237813 11909.659631 11936.904140 11952.584278 11955.449550 11959.268668 11961.757829 0.000000 0.000000
0.000000 0.000000 14412.610386 14402.353775 14398.003595 14388.737298 14372.771772 14352.792384 14351.668465 14349.262765 14343.651214 14348.049379 14351.494799 14350.716746 14359.576584 14381.420722 14389.905999 14394.102379 14393.290522 0.000000 0.000000
0.000000 0.000000 17138.146732 17133.040143 17129.304236 17093.683250 17093.100506 17063.822546 17072.266167 17053.452812 17058.405810 17054.027470 17045.979323 17057.722920 17074.534022 17080.117835 17096.436502 17099.852551 17118.643172 0.000000 0.000000
0.000000 0.000000 20202.558295 20186.809071 20166.161803 20163.115388 20150.315821 20116.209096 20114.559129 20116.244598 20122.327166 20106.089191 20114.608489 20111.144201 20142.469472 20158.853253 20161.102339 20167.440849 20193.998834 0.000000 0.000000
0.000000 0.000000 23474.893448 23463.634056 23465.237120 23442.118735 23421.781256 23341.111937 23335.356743 23332.466534 23292.240615 23319.074403 23320.515612 23328.882825 23390.254846 23400.090107 23437.176031 23436.660833 23441.286379 0.000000 0.000000
0.000000 0.000000 27382.567674 27381.258337 27350.739498 27334.762049 27223.837351 27286.576416 27257.903386 27258.759098 27278.446291 27259.181478 27257.348277 27242.283318 27181.153053 27311.754854 27311.416172 27344.067950 27359.763361 0.000000 0.000000
0.000000 0.000000 31529.714428 31517.390963 31497.409682 31367.068833 31442.424335 31354.439308 31333.972939 31325.654495 31294.084125 31282.675828 31296.855285 31299.149808 31378.149295 31298.686136 31482.144374 31433.696861 31421.891416 0.000000 0.000000
0.000000 0.000000 35042.150966 35034.302018 34891.037360 34983.174327 34959.246722 34970.947957 35044.751564 35023.551942 35061.098584 35054.448114 35026.371531 35062.014491 35036.216959 35065.086206 34869.794967 35100.806637 35091.747976 0.000000 0.000000
0.000000 0.000000 38066.952854 37945.649564 38011.355548 37956.597342 37893.073784 37877.250163 37829.887649 37844.205028 37798.312687 37805.212163 37830.685603 37805.980577 37840.833204 37877.630938 38005.186395 37885.315019 38014.490381 0.000000 0.000000
0.000000 0.000000 38972.252225 39050.684455 39132.386649 39125.918444 39122.900704 39056.256096 39065.190898 39042.664603 39073.788275 39068.212081 39068.978064 39071.878473 39125.549657 39130.809414 39141.318822 39065.663619 38988.897045 0.000000 0.000000
0.000000 0.000000 0.000000 0.000000 0.000000 0.000000 0.000000 0.000000 0.000000 0.000000 0.000000 0.000000 0.000000 0.000000 0.000000 0.000000 0.000000 0.000000 0.000000 0.000000 0.000000
0.000000 0.000000 0.000000 0.000000 0.000000 0.000000 0.000000 0.000000 0.000000 0.000000 0.000000 0.000000 0.000000 0.000000 0.000000 0.000000 0.000000 0.000000 0.000000 0.000000 0.000000