geotop/1.0zi/1.0Montebello/Templates/testdem/maps/_Erotot6477.asc
ncols         21
nrows         20
xllcorner     100.000000
yllcorner     100.000000
cellsize      50.000000
NODATA_value  -9999.0
0.000000 0.000000 0.000000 0.000000 0.000000 0.000000 0.000000 0.000000 0.000000 0.000000 0.000000 0.000000 0.000000 0.000000 0.000000 0.000000 0.000000 0.000000 0.000000 0.000000 0.000000
0.000000 0.000000 493.080479 493.939751 493.662656 493.960218 493.403596 493.463368 493.421566 493.587869 493.988881 493.293202 493.221009 493.312619 493.464857 493.372715 494.101359 494.300992 494.290887 0.000000 0.000000
0.000000 0.000000 37.186288 36.044520 36.124890 36.267634 36.522567 36.333682 36.146779 35.931145 36.178159 36.507928 36.324886 36.536852 36.411410 36.162433 34.849673 34.089736 34.780052 0.000000 0.000000
0.000000 0.000000 222.458769 225.282846 215.143437 212.736202 212.966504 207.777182 207.314705 206.829107 205.219928 203.182838 205.804302 203.677640 208.496883 214.517857 216.443024 217.856166 222.914889 0.000000 0.000000
0.000000 0.000000 2084.732004 2088.167443 2093.069369 2071.675648 2056.744761 2044.745291 2047.387075 2044.406506 2048.333223 2053.087735 2049.717773 2048.299540 2058.786641 2059.950485 2068.433551 2076.941478 2078.246759 0.000000 0.000000
0.000000 0.000000 3678.942537 3673.717116 3670.424841 3665.136295 3653.829473 3646.213188 3644.754057 3644.261853 3642.124101 3638.177360 3636.670938 3639.395477 3639.894806 3657.021618 3664.437956 3669.262446 3671.327344 0.000000 0.000000
0.000000 0.000000 4845.458247 4843.053081 4839.321577 4834.494305 4821.360948 4803.703042 4803.262506 4799.785670 4801.684067 4804.617301 4806.592839 4807.663424 4828.988908 4838.799141 4843.487552 4845.117916 4850.579020 0.000000 0.000000
0.000000 0.000000 5578.147696 5579.616370 5577.647503 5570.277299 5569.176200 5561.355613 5561.906717 5562.298356 5560.897422 5558.051370 5558.097976 5562.154437 5562.844156 5566.057691 5575.802040 5574.192835 5578.041713 0.000000 0.000000
0.000000 0.000000 6601.429643 6598.594316 6593.344807 6593.650091 6585.863292 6574.384521 6575.022226 6571.837678 6569.346651 6569.948441 6571.407379 6566.663403 6580.919415 6589.985947 6593.498515 6594.844579 6596.829249 0.000000 0.000000
0.000000 0.000000 7782.511108 7780.176459 7781.439654 7779.624124 7763.273067 7755.509949 7756.501382 7755.750238 7753.388715 7756.094176 7759.996149 7758.160510 7762.387941 7774.237985 7779.457634 7780.090964 7781.269985 0.000000 0.000000
0.000000 0.000000 9058.470622 9058.875902 9057.621710 9041.977486 9038.680269 9026.712781 9030.697453 9020.729958 9023.182086 9021.873269 9017.187097 9025.277044 9030.421856 9032.515020 9041.020130 9047.245320 9055.575489 0.000000 0.000000
0.000000 0.000000 10403.629737 10399.346128 10393.003969 10390.158277 10384.492240 10368.535499 10367.109998 10366.506618 10372.971395 10364.993179 10367.584447 10367.501266 10384.618648 10389.126944 10391.762151 10393.009395 10413.646493 0.000000 0.000000
0.000000 0.000000 11774.887595 11772.121868 11772.528799 11763.506745 11758.585558 11727.408399 11725.791562 11725.280797 11709.524645 11718.865992 11723.299204 11726.056378 11745.730986 11750.617089 11767.390358 11766.759597 11774.406962 0.000000 0.000000
0.000000 0.000000 13288.627515 13290.201825 13281.618630 13279.178690 13245.987193 13255.179576 13243.936808 13245.352598 13246.577388 13245.698157 13244.094512 13240.588678 13229.776718 13266.000902 13272.881558 13284.991467 13292.983040 0.000000 0.000000
0.000000 0.000000 14939.536671 14934.962155 14930.065803 14898.503294 14898.603370 14880.638462 14866.561360 14864.507245 14858.634781 14850.803848 14855.630022 14853.959124 14871.414005 14874.729846 14925.496621 14915.501319 14916.085352 0.000000 0.000000
0.000000 0.000000 16650.383285 16649.678138 16603.298936 16604.761616 16609.326110 16601.300571 16621.775913 16612.859840 16620.641616 16614.721331 16608.452062 16620.052176 16623.818205 16623.378237 16597.398058 16661.799287 16654.823410 0.000000 0.000000
0.000000 0.000000 18623.469573 18565.089822 18564.692989 18550.291380 18517.106087 18508.767793 18497.335963 18501.489650 18483.121183 18483.884617 18491.781106 18489.361840 18504.055530 18521.006725 18563.189755 18550.761243 18616.292967 0.000000 0.000000
0.000000 0.000000 19896.291807 19922.445975 19983.088103 19974.688582 19960.367182 19910.271467 19912.126363 19894.782715 19911.506434 19908.106076 19914.058445 19911.151637 19955.073055 19967.098542 19993.927639 19933.350475 19908.274181 0.000000 0.000000
0.000000 0.000000 0.000000 0.000000 0.000000 0.000000 0.000000 0.000000 0.000000 0.000000 0.000000 0.000000 0.000000 0.000000 0.000000 0.000000 0.000000 0.000000 0.000000 0.000000 0.000000
0.000000 0.000000 0.000000 0.000000 0.000000 0.000000 0.000000 0.000000 0.000000 0.000000 0.000000 0.000000 0.000000 0.000000 0.000000 0.000000 0.000000 0.000000 0.000000 0.000000 0.000000