geotop/1.0zi/1.0Montebello/Templates/testdem/maps/_Erotot3752.asc
ncols         21
nrows         20
xllcorner     100.000000
yllcorner     100.000000
cellsize      50.000000
NODATA_value  -9999.0
0.000000 0.000000 0.000000 0.000000 0.000000 0.000000 0.000000 0.000000 0.000000 0.000000 0.000000 0.000000 0.000000 0.000000 0.000000 0.000000 0.000000 0.000000 0.000000 0.000000 0.000000
0.000000 0.000000 278.687753 278.203418 277.958674 277.807764 277.833997 277.889038 277.923420 277.922079 277.907635 277.913501 277.913104 277.955512 277.828081 277.849579 278.028477 277.991760 278.129931 0.000000 0.000000
0.000000 0.000000 22.204352 22.764386 23.049933 23.788069 23.380131 23.385163 22.969520 22.895514 22.959007 23.317752 23.066768 22.891839 23.326308 23.146942 22.307478 21.748102 21.614379 0.000000 0.000000
0.000000 0.000000 136.414976 137.427143 130.568196 128.153555 129.125810 123.977164 123.149224 122.769107 122.070966 121.643534 122.832970 121.357822 123.730301 128.908382 129.752003 132.090540 135.010421 0.000000 0.000000
0.000000 0.000000 1246.062774 1253.840279 1259.551418 1251.397658 1241.827265 1235.687388 1238.934133 1232.970213 1238.349121 1240.817494 1242.255394 1243.065143 1250.697178 1245.598200 1245.977802 1246.384689 1244.935124 0.000000 0.000000
0.000000 0.000000 2307.569302 2302.280211 2297.264089 2294.995286 2286.207472 2281.271887 2278.673262 2280.721806 2279.081144 2278.064027 2278.239047 2280.773040 2281.527424 2293.881230 2298.339694 2298.004862 2301.118560 0.000000 0.000000
0.000000 0.000000 2778.065830 2773.892216 2768.725106 2759.961490 2749.946109 2736.449002 2737.607245 2734.562449 2737.560215 2736.942478 2739.075600 2744.029530 2758.837825 2764.490194 2771.173956 2774.692475 2777.772938 0.000000 0.000000
0.000000 0.000000 3200.944066 3202.092497 3201.768596 3196.488932 3194.487175 3190.703326 3191.231450 3191.699627 3189.391611 3189.717492 3189.660670 3189.501759 3193.170853 3196.815843 3197.749908 3196.592673 3197.282777 0.000000 0.000000
0.000000 0.000000 3755.269237 3755.465971 3751.653394 3749.615392 3743.871595 3734.337577 3734.390257 3732.482325 3733.314467 3734.005881 3734.267357 3736.538058 3742.846869 3749.818142 3749.218501 3749.853371 3753.111726 0.000000 0.000000
0.000000 0.000000 4376.974681 4376.247218 4375.149349 4370.593613 4360.810508 4355.770865 4357.032893 4356.208218 4356.294651 4356.388545 4357.132814 4357.331489 4365.401124 4370.980319 4372.639797 4372.820866 4373.752058 0.000000 0.000000
0.000000 0.000000 5028.902876 5028.058549 5025.353231 5022.315404 5018.699152 5008.396966 5008.504584 5006.037363 5006.424738 5007.267981 5007.884783 5009.404861 5014.940875 5016.802538 5020.454284 5021.759365 5024.296325 0.000000 0.000000
0.000000 0.000000 5702.665178 5702.226360 5699.230149 5691.817039 5685.495595 5677.537347 5676.415959 5675.939461 5676.140941 5675.477902 5676.898241 5678.788120 5688.459376 5693.424338 5695.908901 5696.247991 5712.187523 0.000000 0.000000
0.000000 0.000000 6373.476461 6372.477456 6369.261884 6365.521391 6357.149404 6340.538152 6340.550973 6338.922684 6338.936855 6339.573290 6340.234372 6342.622848 6356.417736 6363.432199 6365.572232 6366.381513 6368.237932 0.000000 0.000000
0.000000 0.000000 7086.556930 7084.757484 7081.339849 7076.769282 7059.753502 7066.156234 7060.852713 7059.824667 7060.367918 7060.606620 7061.295946 7062.915016 7058.765419 7073.195984 7076.009623 7080.181006 7079.687904 0.000000 0.000000
0.000000 0.000000 7842.921824 7838.705324 7833.787423 7823.727466 7819.210611 7804.155351 7796.710826 7795.188157 7791.428205 7790.944221 7793.660681 7793.332673 7804.119540 7811.276968 7827.873408 7823.315972 7824.134740 0.000000 0.000000
0.000000 0.000000 8586.120168 8586.671437 8569.648945 8571.097713 8569.000160 8567.390112 8569.220090 8569.076075 8571.558062 8571.626724 8570.919891 8577.096760 8576.054893 8574.611918 8564.355630 8581.619550 8585.161335 0.000000 0.000000
0.000000 0.000000 9427.358587 9411.384863 9403.241476 9395.448154 9381.034830 9375.090019 9373.351201 9372.734439 9369.716924 9370.070668 9371.913745 9372.030127 9376.872468 9390.388552 9401.078498 9400.946447 9418.080733 0.000000 0.000000
0.000000 0.000000 10062.361651 10064.815746 10079.858517 10070.294635 10063.066986 10045.689488 10044.175829 10041.761844 10042.939313 10042.849552 10043.626829 10046.348227 10062.995132 10070.147150 10079.289499 10058.622961 10060.940339 0.000000 0.000000
0.000000 0.000000 0.000000 0.000000 0.000000 0.000000 0.000000 0.000000 0.000000 0.000000 0.000000 0.000000 0.000000 0.000000 0.000000 0.000000 0.000000 0.000000 0.000000 0.000000 0.000000
0.000000 0.000000 0.000000 0.000000 0.000000 0.000000 0.000000 0.000000 0.000000 0.000000 0.000000 0.000000 0.000000 0.000000 0.000000 0.000000 0.000000 0.000000 0.000000 0.000000 0.000000