geotop/1.0zi/1.0Montebello/Templates/testdem/maps/_Erotot0764.asc
ncols         21
nrows         20
xllcorner     100.000000
yllcorner     100.000000
cellsize      50.000000
NODATA_value  -9999.0
0.000000 0.000000 0.000000 0.000000 0.000000 0.000000 0.000000 0.000000 0.000000 0.000000 0.000000 0.000000 0.000000 0.000000 0.000000 0.000000 0.000000 0.000000 0.000000 0.000000 0.000000
0.000000 0.000000 58.896259 58.897209 58.930747 58.901820 58.895416 58.897177 58.897946 58.895554 58.895760 58.895554 58.897946 58.897177 58.895416 58.901820 58.930747 58.897209 58.896259 0.000000 0.000000
0.000000 0.000000 6.405121 6.188139 4.415863 6.281462 6.447567 6.432404 6.448541 6.452747 6.452281 6.452747 6.448541 6.432404 6.447567 6.281462 4.415863 6.188139 6.405121 0.000000 0.000000
0.000000 0.000000 665.235117 664.792841 665.046140 662.754492 665.217375 665.086842 664.921032 665.206794 665.144556 665.206794 664.921032 665.086842 665.217375 662.754492 665.046140 664.792841 665.235117 0.000000 0.000000
0.000000 0.000000 1103.694144 1103.430165 1102.733397 1103.368792 1103.748480 1103.673152 1103.608876 1103.730578 1103.722733 1103.730578 1103.608876 1103.673152 1103.748480 1103.368792 1102.733397 1103.430165 1103.694144 0.000000 0.000000
0.000000 0.000000 1487.324898 1487.051546 1486.401812 1486.454625 1487.339466 1487.283531 1487.221317 1487.349597 1487.330811 1487.349597 1487.221317 1487.283531 1487.339466 1486.454625 1486.401812 1487.051546 1487.324898 0.000000 0.000000
0.000000 0.000000 1952.132472 1951.911370 1951.321410 1951.389371 1952.134109 1952.100816 1952.052033 1952.153196 1952.137316 1952.153196 1952.052033 1952.100816 1952.134109 1951.389371 1951.321410 1951.911370 1952.132472 0.000000 0.000000
0.000000 0.000000 2396.301024 2396.106733 2395.558042 2395.635839 2396.298452 2396.274826 2396.232798 2396.319073 2396.305002 2396.319073 2396.232798 2396.274826 2396.298452 2395.635839 2395.558042 2396.106733 2396.301024 0.000000 0.000000
0.000000 0.000000 2819.531962 2819.351239 2818.829194 2818.906633 2819.527814 2819.508098 2819.469330 2819.547884 2819.534517 2819.547884 2819.469330 2819.508098 2819.527814 2818.906633 2818.829194 2819.351239 2819.531962 0.000000 0.000000
0.000000 0.000000 3226.163779 3226.012470 3225.499812 3225.618071 3226.155113 3226.147272 3226.115967 3226.178953 3226.165960 3226.178953 3226.115967 3226.147272 3226.155113 3225.618071 3225.499812 3226.012470 3226.163779 0.000000 0.000000
0.000000 0.000000 3619.104615 3618.943210 3618.447533 3618.540630 3619.099326 3619.085385 3619.051455 3619.117538 3619.103946 3619.117538 3619.051455 3619.085385 3619.099326 3618.540630 3618.447533 3618.943210 3619.104615 0.000000 0.000000
0.000000 0.000000 4001.719089 4001.554459 4001.070921 4001.155029 4001.711984 4001.697873 4001.664545 4001.730184 4001.717861 4001.730184 4001.664545 4001.697873 4001.711984 4001.155029 4001.070921 4001.554459 4001.719089 0.000000 0.000000
0.000000 0.000000 4376.059160 4375.896085 4375.418331 4375.504293 4376.051638 4376.036947 4376.004264 4376.068328 4376.055980 4376.068328 4376.004264 4376.036947 4376.051638 4375.504293 4375.418331 4375.896085 4376.059160 0.000000 0.000000
0.000000 0.000000 4744.713545 4744.556259 4744.083083 4744.190613 4744.705153 4744.693728 4744.663471 4744.722563 4744.710115 4744.722563 4744.663471 4744.693728 4744.705153 4744.190613 4744.083083 4744.556259 4744.713545 0.000000 0.000000
0.000000 0.000000 5108.358778 5108.197556 5107.724680 5107.821047 5108.350746 5108.337566 5108.306372 5108.367379 5108.354358 5108.367379 5108.306372 5108.337566 5108.350746 5107.821047 5107.724680 5108.197556 5108.358778 0.000000 0.000000
0.000000 0.000000 5467.960985 5467.802154 5467.340058 5467.431180 5467.954001 5467.941436 5467.910670 5467.970263 5467.956666 5467.970263 5467.910670 5467.941436 5467.954001 5467.431180 5467.340058 5467.802154 5467.960981 0.000000 0.000000
0.000000 0.000000 5822.033286 5821.871587 5821.407269 5821.499556 5822.026647 5822.011453 5821.980224 5822.041086 5822.027124 5822.041086 5821.980224 5822.011453 5822.026647 5821.499556 5821.407268 5821.871573 5822.032897 0.000000 0.000000
0.000000 0.000000 6186.882991 6186.875163 6186.413288 6186.494653 6187.031314 6187.014730 6186.982966 6187.045447 6187.031347 6187.045447 6186.982966 6187.014730 6187.031314 6186.494653 6186.413274 6186.872980 6187.037554 0.000000 0.000000
0.000000 0.000000 0.000000 0.000000 0.000000 0.000000 0.000000 0.000000 0.000000 0.000000 0.000000 0.000000 0.000000 0.000000 0.000000 0.000000 0.000000 0.000000 0.000000 0.000000 0.000000
0.000000 0.000000 0.000000 0.000000 0.000000 0.000000 0.000000 0.000000 0.000000 0.000000 0.000000 0.000000 0.000000 0.000000 0.000000 0.000000 0.000000 0.000000 0.000000 0.000000 0.000000