geotop/1.0zi/1.0Montebello/Templates/testdem/maps/_Erotot9856.asc
ncols         21
nrows         20
xllcorner     100.000000
yllcorner     100.000000
cellsize      50.000000
NODATA_value  -9999.0
0.000000 0.000000 0.000000 0.000000 0.000000 0.000000 0.000000 0.000000 0.000000 0.000000 0.000000 0.000000 0.000000 0.000000 0.000000 0.000000 0.000000 0.000000 0.000000 0.000000 0.000000
0.000000 0.000000 821.677411 821.827503 820.648312 820.184353 818.608635 818.169939 818.266206 818.324934 818.678655 818.117992 817.977025 818.010987 818.977307 819.563237 820.922934 822.158826 822.809569 0.000000 0.000000
0.000000 0.000000 62.281282 60.933852 61.223099 61.000392 61.737322 61.242697 60.880252 60.727927 60.963733 61.119614 61.290086 61.361806 61.250506 60.762658 59.740838 58.845301 59.629899 0.000000 0.000000
0.000000 0.000000 537.267140 541.117174 526.703306 519.240543 518.668922 510.669004 517.735342 519.680695 515.784580 516.698239 521.000685 520.407224 529.239107 539.778770 542.684392 541.196947 546.651803 0.000000 0.000000
0.000000 0.000000 4537.418557 4530.998846 4527.154828 4488.189878 4462.070867 4446.518201 4438.993402 4432.710097 4438.606451 4444.163549 4444.114495 4437.795509 4458.789059 4465.395531 4484.450416 4495.722098 4496.888864 0.000000 0.000000
0.000000 0.000000 6799.457118 6793.062327 6787.953860 6790.008270 6761.918703 6749.035067 6752.850759 6751.679933 6746.046005 6739.421237 6737.136755 6741.401086 6743.527649 6770.891883 6771.143841 6778.489245 6780.182486 0.000000 0.000000
0.000000 0.000000 8360.086114 8353.943209 8350.089273 8336.999935 8330.099620 8293.276177 8292.585327 8289.268563 8287.684858 8291.681379 8292.202697 8293.283862 8329.136561 8333.567748 8343.208330 8346.176827 8351.290490 0.000000 0.000000
0.000000 0.000000 10017.910998 10013.718679 10006.874981 9990.982842 9980.442336 9976.126591 9976.739908 9974.189672 9973.055569 9968.991517 9968.287801 9975.295161 9974.302158 9985.986884 10001.878170 9999.454175 10005.697575 0.000000 0.000000
0.000000 0.000000 12132.788600 12126.282641 12117.210226 12111.161146 12093.479700 12070.145708 12073.390821 12068.962348 12064.674890 12064.178150 12067.449685 12060.696641 12088.502707 12104.405969 12107.371600 12111.167158 12113.649117 0.000000 0.000000
0.000000 0.000000 14610.736571 14600.215583 14595.648425 14586.132902 14570.095307 14549.834385 14548.723454 14546.227205 14540.537710 14544.896429 14548.301250 14547.332931 14556.786285 14578.936750 14587.593748 14591.751399 14590.917669 0.000000 0.000000
0.000000 0.000000 17392.744392 17387.373088 17383.373220 17347.239028 17346.729029 17316.999975 17325.564632 17306.467835 17311.411012 17306.917540 17298.707898 17310.366459 17327.927668 17333.727222 17350.297931 17353.698285 17372.637778 0.000000 0.000000
0.000000 0.000000 20527.434289 20511.212350 20490.057867 20486.886172 20473.937525 20439.254833 20437.547141 20439.267916 20445.341392 20428.806262 20437.430223 20433.571893 20466.025373 20482.875807 20485.232824 20491.524297 20518.392095 0.000000 0.000000
0.000000 0.000000 23878.892736 23867.267009 23868.786601 23845.014620 23824.517695 23741.749745 23736.005393 23732.873987 23691.721188 23719.159950 23720.469444 23728.775336 23792.311730 23802.475898 23840.397999 23839.772239 23844.084262 0.000000 0.000000
0.000000 0.000000 27877.721929 27876.214905 27844.800102 27828.596217 27714.828212 27779.970273 27750.752359 27751.583389 27772.245342 27752.075274 27750.040162 27734.178757 27671.811809 27805.968355 27805.228797 27838.498433 27854.512234 0.000000 0.000000
0.000000 0.000000 32077.056552 32064.374002 32044.424205 31912.089770 31990.434649 31900.034605 31879.929324 31871.346638 31838.952822 31827.671436 31842.028332 31844.279611 31926.134723 31843.752756 32029.936334 31980.279914 31967.963575 0.000000 0.000000
0.000000 0.000000 35543.803691 35535.998971 35395.605900 35486.859033 35462.807513 35474.907893 35547.481438 35526.671616 35563.703055 35557.241674 35529.575751 35564.143704 35538.840347 35568.113329 35375.190474 35601.908491 35592.998212 0.000000 0.000000
0.000000 0.000000 38450.414780 38336.844879 38397.086897 38346.963279 38287.183856 38272.528987 38228.872395 38242.214646 38199.627739 38206.066144 38229.458709 38206.800648 38239.653550 38274.014922 38391.324033 38281.436194 38402.281071 0.000000 0.000000
0.000000 0.000000 39365.047468 39435.193852 39510.263489 39503.629107 39499.572853 39438.317530 39446.071679 39425.236726 39453.267952 39448.264903 39449.542311 39451.271629 39500.996610 39507.166477 39518.362751 39447.872033 39379.285942 0.000000 0.000000
0.000000 0.000000 0.000000 0.000000 0.000000 0.000000 0.000000 0.000000 0.000000 0.000000 0.000000 0.000000 0.000000 0.000000 0.000000 0.000000 0.000000 0.000000 0.000000 0.000000 0.000000
0.000000 0.000000 0.000000 0.000000 0.000000 0.000000 0.000000 0.000000 0.000000 0.000000 0.000000 0.000000 0.000000 0.000000 0.000000 0.000000 0.000000 0.000000 0.000000 0.000000 0.000000