geotop/1.0zi/1.0Montebello/Templates/testdem/maps/_Erotot9328.asc
ncols         21
nrows         20
xllcorner     100.000000
yllcorner     100.000000
cellsize      50.000000
NODATA_value  -9999.0
0.000000 0.000000 0.000000 0.000000 0.000000 0.000000 0.000000 0.000000 0.000000 0.000000 0.000000 0.000000 0.000000 0.000000 0.000000 0.000000 0.000000 0.000000 0.000000 0.000000 0.000000
0.000000 0.000000 739.583203 740.089183 739.516474 739.600277 738.601347 738.709394 738.797296 738.870873 739.259502 738.625499 738.517294 738.565544 738.967478 739.086698 739.900550 740.508725 740.731567 0.000000 0.000000
0.000000 0.000000 55.948671 54.906112 55.216404 55.153009 56.027578 55.714947 55.327412 55.185637 55.381331 55.697283 55.751543 55.858477 55.625636 54.973034 53.712133 52.819583 53.371109 0.000000 0.000000
0.000000 0.000000 441.597515 443.341084 430.382410 423.856371 423.339861 417.516328 422.641752 424.453629 420.923361 421.181724 425.907745 425.367856 433.889937 442.399969 446.191421 444.271873 451.078282 0.000000 0.000000
0.000000 0.000000 4119.624796 4114.192071 4108.107645 4073.414998 4046.121746 4032.032397 4025.120349 4018.924394 4026.382327 4032.822369 4031.065384 4026.164588 4045.907472 4052.264096 4069.608651 4081.228166 4081.988318 0.000000 0.000000
0.000000 0.000000 6345.041232 6339.616209 6334.938586 6337.213455 6312.598863 6300.610910 6304.147140 6303.390880 6298.852369 6292.540789 6290.991678 6295.486890 6295.480278 6321.660125 6322.583494 6330.201052 6332.457797 0.000000 0.000000
0.000000 0.000000 7792.897771 7787.629679 7783.859101 7772.239015 7764.306843 7726.641654 7729.481745 7726.818056 7726.183232 7730.685120 7731.452222 7733.162725 7766.288092 7771.583992 7781.095368 7783.773540 7789.083327 0.000000 0.000000
0.000000 0.000000 9292.529268 9289.810085 9284.671909 9272.012826 9264.570192 9261.687834 9261.579729 9259.599373 9259.552607 9255.556091 9254.666656 9262.005583 9260.380645 9270.390917 9285.502796 9282.920531 9289.262847 0.000000 0.000000
0.000000 0.000000 11217.326992 11212.170291 11205.030484 11201.504271 11184.716975 11163.259373 11166.520792 11162.311799 11158.828525 11158.559267 11161.730810 11155.701059 11181.014982 11195.544061 11198.024753 11201.551872 11204.344401 0.000000 0.000000
0.000000 0.000000 13454.832862 13447.374586 13444.180375 13436.412937 13412.491832 13398.968814 13398.731373 13396.953595 13392.649714 13397.322735 13400.804330 13400.700883 13408.124608 13428.569371 13437.216211 13441.109660 13440.860366 0.000000 0.000000
0.000000 0.000000 15944.931009 15942.327010 15940.274945 15908.645918 15901.893765 15878.071367 15886.582828 15869.299365 15874.958214 15871.172412 15863.696229 15875.355352 15890.406014 15895.097718 15910.929199 15916.138432 15932.478276 0.000000 0.000000
0.000000 0.000000 18719.908240 18708.143271 18690.639663 18688.805093 18670.304001 18643.322682 18642.928741 18644.552805 18651.628832 18636.990873 18645.390335 18643.309120 18671.297354 18685.635736 18687.737838 18693.174992 18719.186411 0.000000 0.000000
0.000000 0.000000 21670.483302 21662.888866 21665.361706 21637.402333 21625.917708 21551.654421 21548.794353 21547.771636 21514.795665 21536.413527 21539.185498 21547.446581 21601.380673 21611.662003 21643.746715 21644.069010 21650.515595 0.000000 0.000000
0.000000 0.000000 25179.158404 25180.235277 25155.495748 25146.643029 25047.154017 25094.954093 25071.591825 25073.027522 25089.010318 25075.014059 25073.999476 25062.282432 25015.343582 25128.064345 25130.474000 25159.387643 25173.535998 0.000000 0.000000
0.000000 0.000000 29044.443844 29029.602509 29011.547486 28895.691949 28949.117427 28878.245034 28855.678684 28849.918948 28823.755496 28811.960557 28824.627577 28826.453339 28895.443123 28842.045522 29006.451935 28965.149841 28956.829108 0.000000 0.000000
0.000000 0.000000 32668.796615 32662.515531 32514.727664 32596.840975 32577.772068 32583.925172 32659.862911 32637.607775 32675.101389 32667.447703 32640.081192 32677.617083 32657.968921 32677.323323 32494.754694 32727.155338 32717.775434 0.000000 0.000000
0.000000 0.000000 36231.479073 36075.580850 36154.487640 36083.366357 36002.656181 35981.546370 35920.698787 35938.205614 35879.661428 35887.985237 35921.026460 35888.512214 35932.427980 35982.728102 36148.740630 35998.564631 36163.973191 0.000000 0.000000
0.000000 0.000000 37081.146523 37207.822118 37313.299557 37312.848068 37318.616260 37223.863476 37243.123801 37210.592337 37261.513125 37252.300161 37248.235186 37259.052584 37333.337840 37332.020620 37328.562796 37242.287214 37116.774417 0.000000 0.000000
0.000000 0.000000 0.000000 0.000000 0.000000 0.000000 0.000000 0.000000 0.000000 0.000000 0.000000 0.000000 0.000000 0.000000 0.000000 0.000000 0.000000 0.000000 0.000000 0.000000 0.000000
0.000000 0.000000 0.000000 0.000000 0.000000 0.000000 0.000000 0.000000 0.000000 0.000000 0.000000 0.000000 0.000000 0.000000 0.000000 0.000000 0.000000 0.000000 0.000000 0.000000 0.000000