geotop/1.0zi/1.0Montebello/Templates/testdem/maps/_Erotot1253.asc
ncols         21
nrows         20
xllcorner     100.000000
yllcorner     100.000000
cellsize      50.000000
NODATA_value  -9999.0
0.000000 0.000000 0.000000 0.000000 0.000000 0.000000 0.000000 0.000000 0.000000 0.000000 0.000000 0.000000 0.000000 0.000000 0.000000 0.000000 0.000000 0.000000 0.000000 0.000000 0.000000
0.000000 0.000000 149.006045 149.007444 149.042302 149.017660 148.999011 149.007460 149.009045 149.003858 149.004528 149.003858 149.009045 149.007460 148.999011 149.017660 149.042302 149.007444 149.006045 0.000000 0.000000
0.000000 0.000000 9.074364 8.855280 7.079053 8.936292 9.118226 9.102104 9.112267 9.119325 9.117586 9.119325 9.112267 9.102104 9.118226 8.936292 7.079053 8.855280 9.074364 0.000000 0.000000
0.000000 0.000000 1066.762044 1066.558734 1066.584686 1064.566186 1066.803239 1066.472324 1066.437807 1066.962136 1066.904774 1066.962136 1066.437807 1066.472324 1066.803239 1064.566186 1066.584686 1066.558734 1066.762044 0.000000 0.000000
0.000000 0.000000 1893.652552 1893.428965 1892.677751 1893.367946 1893.792108 1893.627685 1893.586113 1893.732965 1893.687328 1893.732965 1893.586113 1893.627685 1893.792108 1893.367946 1892.677751 1893.428965 1893.652552 0.000000 0.000000
0.000000 0.000000 2488.665170 2488.492585 2487.742050 2487.917682 2488.746424 2488.576520 2488.563970 2488.778981 2488.751249 2488.778981 2488.563970 2488.576520 2488.746424 2487.917682 2487.742050 2488.492585 2488.665170 0.000000 0.000000
0.000000 0.000000 3237.570317 3237.432934 3236.755350 3236.928966 3237.626313 3237.497332 3237.493825 3237.670796 3237.646741 3237.670796 3237.493825 3237.497332 3237.626313 3236.928966 3236.755350 3237.432934 3237.570317 0.000000 0.000000
0.000000 0.000000 3948.978824 3948.860364 3948.233542 3948.406465 3949.017856 3948.913700 3948.914152 3949.069570 3949.048751 3949.069570 3948.914152 3948.913700 3949.017856 3948.406465 3948.233542 3948.860364 3948.978824 0.000000 0.000000
0.000000 0.000000 4623.011728 4622.903419 4622.307441 4622.475488 4623.043731 4622.950194 4622.952792 4623.097178 4623.077025 4623.097178 4622.952792 4622.950194 4623.043731 4622.475488 4622.307441 4622.903419 4623.011728 0.000000 0.000000
0.000000 0.000000 5268.195074 5268.113864 5267.530026 5267.735495 5268.218470 5268.140928 5268.150257 5268.277315 5268.257082 5268.277315 5268.150257 5268.140928 5268.218470 5267.735495 5267.530026 5268.113864 5268.195074 0.000000 0.000000
0.000000 0.000000 5888.577968 5888.487075 5887.921417 5888.100438 5888.603226 5888.521507 5888.527659 5888.657160 5888.635928 5888.657160 5888.527659 5888.521507 5888.603226 5888.100438 5887.921417 5888.487075 5888.577968 0.000000 0.000000
0.000000 0.000000 6489.650672 6489.556902 6489.005290 6489.174590 6489.671554 6489.592344 6489.599133 6489.727255 6489.707205 6489.727255 6489.599133 6489.592344 6489.671554 6489.174590 6489.005290 6489.556902 6489.650672 0.000000 0.000000
0.000000 0.000000 7076.971731 7076.880103 7076.335620 7076.506049 7076.990712 7076.912607 7076.920070 7077.046131 7077.025610 7077.046131 7076.920070 7076.912607 7076.990712 7076.506049 7076.335620 7076.880103 7076.971731 0.000000 0.000000
0.000000 0.000000 7651.116795 7651.031727 7650.492413 7650.683202 7651.133863 7651.059415 7651.069476 7651.191056 7651.169942 7651.191056 7651.069476 7651.059415 7651.133863 7650.683202 7650.492413 7651.031727 7651.116795 0.000000 0.000000
0.000000 0.000000 8214.593165 8214.505589 8213.967676 8214.147825 8214.610426 8214.534308 8214.543405 8214.667199 8214.645431 8214.667199 8214.543405 8214.534308 8214.610426 8214.147825 8213.967676 8214.505589 8214.593165 0.000000 0.000000
0.000000 0.000000 8769.062661 8768.975830 8768.451148 8768.623698 8769.078992 8769.005568 8769.014601 8769.135334 8769.113805 8769.135334 8769.014601 8769.005568 8769.078992 8768.623698 8768.451148 8768.975830 8769.062658 0.000000 0.000000
0.000000 0.000000 9312.695664 9312.609314 9312.082683 9312.258721 9312.713173 9312.636976 9312.646156 9312.768754 9312.746230 9312.768754 9312.646156 9312.636976 9312.713173 9312.258721 9312.082682 9312.609297 9312.695429 0.000000 0.000000
0.000000 0.000000 9877.552237 9877.748856 9877.224778 9877.391947 9877.850678 9877.772561 9877.781882 9877.906583 9877.883790 9877.906583 9877.781882 9877.772561 9877.850678 9877.391947 9877.224761 9877.745954 9877.832855 0.000000 0.000000
0.000000 0.000000 0.000000 0.000000 0.000000 0.000000 0.000000 0.000000 0.000000 0.000000 0.000000 0.000000 0.000000 0.000000 0.000000 0.000000 0.000000 0.000000 0.000000 0.000000 0.000000
0.000000 0.000000 0.000000 0.000000 0.000000 0.000000 0.000000 0.000000 0.000000 0.000000 0.000000 0.000000 0.000000 0.000000 0.000000 0.000000 0.000000 0.000000 0.000000 0.000000 0.000000