geotop/1.0zi/1.0Montebello/Templates/testdem/maps/_Erotot6095.asc
ncols         21
nrows         20
xllcorner     100.000000
yllcorner     100.000000
cellsize      50.000000
NODATA_value  -9999.0
0.000000 0.000000 0.000000 0.000000 0.000000 0.000000 0.000000 0.000000 0.000000 0.000000 0.000000 0.000000 0.000000 0.000000 0.000000 0.000000 0.000000 0.000000 0.000000 0.000000 0.000000
0.000000 0.000000 464.586704 463.782706 463.593533 463.378352 463.338745 463.411700 463.355583 463.533729 463.436654 463.234540 463.172946 463.252654 463.393914 463.302243 463.504089 463.701903 464.128291 0.000000 0.000000
0.000000 0.000000 34.821598 35.497049 35.795989 36.974550 36.712392 36.496337 36.323672 36.101971 36.316024 36.676079 36.486902 36.230124 36.646862 36.420545 35.573893 34.738622 34.132057 0.000000 0.000000
0.000000 0.000000 191.992629 193.187081 185.605456 182.758570 184.133443 179.052870 178.649226 178.285833 177.554126 175.122136 177.562346 175.765974 179.090580 184.763474 184.666539 187.481256 191.643178 0.000000 0.000000
0.000000 0.000000 1889.902586 1894.242662 1897.793279 1878.880245 1863.328512 1852.437116 1855.032885 1852.026794 1855.545793 1859.705360 1856.495355 1854.865034 1865.684840 1866.402195 1874.315415 1882.245536 1884.134668 0.000000 0.000000
0.000000 0.000000 3373.736294 3368.065778 3365.520919 3360.452113 3351.925057 3344.199483 3342.592539 3342.689133 3341.225315 3338.892284 3336.134696 3338.346472 3339.124670 3355.155787 3360.864920 3364.584678 3366.638460 0.000000 0.000000
0.000000 0.000000 4476.850155 4474.229744 4470.968046 4466.568835 4453.584913 4436.471346 4436.416114 4432.882489 4434.799241 4437.664135 4439.682811 4440.877932 4461.066931 4470.697250 4475.241257 4476.607702 4482.123076 0.000000 0.000000
0.000000 0.000000 5146.904534 5148.217388 5146.814202 5140.258901 5139.513208 5132.195221 5132.741941 5133.114903 5131.799537 5129.351587 5129.086134 5132.728842 5133.166014 5136.029968 5144.560409 5142.959705 5146.286531 0.000000 0.000000
0.000000 0.000000 6072.733979 6069.978198 6065.394122 6066.116283 6059.256744 6048.518564 6048.980810 6046.320912 6043.775100 6044.921098 6046.042268 6041.041570 6054.598358 6063.092947 6065.452118 6066.465856 6068.222224 0.000000 0.000000
0.000000 0.000000 7144.068201 7141.605699 7143.284918 7142.383481 7127.373474 7119.848021 7121.269815 7120.344927 7118.209457 7121.312587 7124.593391 7122.756271 7126.327248 7137.234016 7141.418196 7141.780055 7142.753594 0.000000 0.000000
0.000000 0.000000 8300.586654 8300.708135 8300.353375 8285.779477 8282.989180 8272.012514 8275.586661 8266.430645 8268.795186 8267.773089 8262.919592 8270.494928 8275.305524 8276.981846 8283.917614 8290.023120 8297.633424 0.000000 0.000000
0.000000 0.000000 9513.140840 9508.451590 9502.992098 9500.980154 9496.750293 9481.550932 9480.519015 9479.639606 9486.274450 9479.088377 9481.145016 9480.764926 9496.812622 9500.558628 9502.320232 9503.000799 9522.847126 0.000000 0.000000
0.000000 0.000000 10742.634212 10740.639682 10741.280115 10733.526635 10729.210547 10701.376738 10699.963076 10699.582331 10684.867836 10693.948032 10697.924114 10700.239429 10717.491897 10721.679419 10736.246983 10735.785418 10742.904631 0.000000 0.000000
0.000000 0.000000 12092.856821 12094.172871 12086.729964 12085.378438 12056.473044 12064.952001 12054.376437 12055.848412 12056.903936 12056.333450 12054.941824 12051.461041 12041.448084 12072.846543 12078.511109 12089.521740 12096.927575 0.000000 0.000000
0.000000 0.000000 13554.858032 13549.732806 13546.064572 13520.237659 13520.155520 13503.995878 13490.825581 13489.164834 13484.046286 13477.615594 13480.857822 13479.143119 13494.739004 13498.609904 13541.927035 13532.923443 13533.304561 0.000000 0.000000
0.000000 0.000000 15060.688792 15059.920156 15021.369943 15021.344512 15026.427249 15018.771200 15036.625519 15028.840886 15035.025115 15030.342148 15024.749791 15033.961746 15037.759900 15037.376198 15015.537493 15069.934611 15063.192837 0.000000 0.000000
0.000000 0.000000 16777.741104 16730.442847 16728.564474 16718.052202 16691.366456 16683.969384 16674.976344 16678.298770 16663.461465 16663.872305 16669.495348 16668.930341 16681.676566 16693.845268 16727.489044 16719.922294 16772.996131 0.000000 0.000000
0.000000 0.000000 17949.890751 17965.746092 18015.025168 18008.006916 17993.608629 17953.499496 17954.731667 17939.965067 17952.768706 17950.592327 17956.319505 17952.155926 17987.240182 17999.499355 18023.715776 17973.346223 17957.801689 0.000000 0.000000
0.000000 0.000000 0.000000 0.000000 0.000000 0.000000 0.000000 0.000000 0.000000 0.000000 0.000000 0.000000 0.000000 0.000000 0.000000 0.000000 0.000000 0.000000 0.000000 0.000000 0.000000
0.000000 0.000000 0.000000 0.000000 0.000000 0.000000 0.000000 0.000000 0.000000 0.000000 0.000000 0.000000 0.000000 0.000000 0.000000 0.000000 0.000000 0.000000 0.000000 0.000000 0.000000