geotop/1.0zi/1.0Montebello/Templates/testdem/maps/_Erotot9670.asc
ncols         21
nrows         20
xllcorner     100.000000
yllcorner     100.000000
cellsize      50.000000
NODATA_value  -9999.0
0.000000 0.000000 0.000000 0.000000 0.000000 0.000000 0.000000 0.000000 0.000000 0.000000 0.000000 0.000000 0.000000 0.000000 0.000000 0.000000 0.000000 0.000000 0.000000 0.000000 0.000000
0.000000 0.000000 811.887568 812.038551 810.858908 810.396542 808.824519 808.387297 808.483557 808.542301 808.896019 808.335355 808.194385 808.228365 809.193188 809.775405 811.135588 812.369813 813.019617 0.000000 0.000000
0.000000 0.000000 61.258356 59.909524 60.203590 59.981961 60.716239 60.223889 59.860976 59.706811 59.943401 60.099210 60.270006 60.343419 60.229448 59.743705 58.719690 57.822789 58.610520 0.000000 0.000000
0.000000 0.000000 536.586859 540.434961 525.977353 518.551121 517.981021 509.980894 517.049303 518.994321 515.097233 516.011701 520.312172 519.724105 528.551981 539.093960 541.999229 540.513789 545.924949 0.000000 0.000000
0.000000 0.000000 4511.145124 4505.453547 4501.838718 4463.349369 4437.069650 4421.676348 4414.126793 4408.223007 4414.051428 4419.679719 4419.697972 4413.967425 4433.816495 4440.045460 4458.814263 4470.178081 4471.128460 0.000000 0.000000
0.000000 0.000000 6712.729805 6706.195535 6701.397833 6703.537821 6675.573621 6662.835630 6666.572385 6665.298970 6659.886143 6653.311989 6651.121683 6655.366760 6657.240428 6684.531864 6684.716912 6692.132469 6694.061761 0.000000 0.000000
0.000000 0.000000 8250.604209 8244.539074 8240.723034 8227.703046 8220.836369 8184.238638 8183.566401 8180.284626 8178.684043 8182.707307 8183.242670 8184.418466 8219.900843 8224.216703 8233.815387 8236.780715 8241.855772 0.000000 0.000000
0.000000 0.000000 9886.059405 9882.045599 9875.374095 9859.695448 9849.184202 9845.059828 9845.640534 9843.188847 9842.087051 9838.068085 9837.412559 9844.588915 9843.088981 9854.590228 9870.326457 9867.943974 9874.172570 0.000000 0.000000
0.000000 0.000000 11960.338510 11954.069262 11945.223242 11939.403085 11921.786580 11898.751677 11901.939913 11897.631413 11893.419937 11892.975892 11896.282522 11889.757389 11916.877064 11932.516999 11935.357454 11939.171276 11941.640882 0.000000 0.000000
0.000000 0.000000 14386.795746 14376.578990 14372.244338 14363.025712 14347.093243 14327.171636 14326.041785 14323.666576 14318.046782 14322.446715 14325.893564 14325.178739 14333.896171 14355.687716 14364.131105 14368.320945 14367.488853 0.000000 0.000000
0.000000 0.000000 17105.041222 17099.974767 17096.257389 17060.717991 17060.156243 17030.958032 17039.383886 17020.625439 17025.557895 17021.190207 17013.158693 17024.958769 17041.600352 17047.139064 17063.402510 17066.809248 17085.556569 0.000000 0.000000
0.000000 0.000000 20160.294067 20144.609726 20124.006986 20121.000125 20108.252907 20074.245158 20072.597606 20074.305413 20080.363467 20064.157402 20072.662228 20069.295796 20100.396501 20116.701851 20118.908731 20125.241025 20151.732213 0.000000 0.000000
0.000000 0.000000 23422.126751 23410.919098 23412.517540 23389.506888 23369.226765 23288.883232 23283.121977 23280.286187 23240.138912 23266.900695 23268.352626 23276.784439 23337.756719 23347.527085 23384.483266 23383.967633 23388.595292 0.000000 0.000000
0.000000 0.000000 27317.098132 27315.822038 27285.391034 27269.474932 27158.989982 27221.422930 27192.807469 27193.695370 27213.242404 27194.076159 27192.262348 27177.351779 27116.321024 27246.418214 27246.086639 27278.647278 27294.271772 0.000000 0.000000
0.000000 0.000000 31455.398342 31443.127393 31423.131496 31293.154134 31368.144531 31280.449014 31259.937677 31251.679592 31220.178357 31208.754111 31222.907287 31225.267680 31303.853299 31224.763116 31407.768190 31359.452468 31347.669525 0.000000 0.000000
0.000000 0.000000 34970.175904 34962.329031 34818.820965 34911.047097 34887.194050 34898.878595 34972.810931 34951.588412 34989.165644 34982.490574 34954.368559 34990.178564 34964.235025 34993.011333 34797.470912 35028.857920 35019.754878 0.000000 0.000000
0.000000 0.000000 38007.296491 37885.113010 37951.471239 37896.162829 37832.220750 37816.343297 37768.523350 37782.971877 37736.657593 37743.612672 37769.341001 37744.408493 37779.387332 37816.445567 37945.242673 37824.151261 37954.266814 0.000000 0.000000
0.000000 0.000000 38911.062356 38990.673516 39073.301783 39066.998168 39064.265706 38997.057846 39006.165418 38983.421148 39014.954405 39009.299932 39009.986443 39013.069130 39067.089437 39072.095651 39082.338889 39005.967961 38928.024766 0.000000 0.000000
0.000000 0.000000 0.000000 0.000000 0.000000 0.000000 0.000000 0.000000 0.000000 0.000000 0.000000 0.000000 0.000000 0.000000 0.000000 0.000000 0.000000 0.000000 0.000000 0.000000 0.000000
0.000000 0.000000 0.000000 0.000000 0.000000 0.000000 0.000000 0.000000 0.000000 0.000000 0.000000 0.000000 0.000000 0.000000 0.000000 0.000000 0.000000 0.000000 0.000000 0.000000 0.000000