geotop/1.0zi/1.0Montebello/Templates/testdem/maps/_Erotot7862.asc
ncols         21
nrows         20
xllcorner     100.000000
yllcorner     100.000000
cellsize      50.000000
NODATA_value  -9999.0
0.000000 0.000000 0.000000 0.000000 0.000000 0.000000 0.000000 0.000000 0.000000 0.000000 0.000000 0.000000 0.000000 0.000000 0.000000 0.000000 0.000000 0.000000 0.000000 0.000000 0.000000
0.000000 0.000000 662.207194 663.020438 662.486783 662.608462 661.613924 661.787808 661.775026 661.838433 662.270614 661.596011 661.474393 661.526669 661.886242 662.024902 662.843911 663.375167 663.574911 0.000000 0.000000
0.000000 0.000000 51.228979 50.252032 50.175489 50.565028 51.200434 50.882781 50.587158 50.450153 50.681655 51.042110 51.061228 51.211803 50.962388 50.450288 49.173052 48.317832 48.835775 0.000000 0.000000
0.000000 0.000000 354.540631 355.629723 343.559912 337.926647 338.475576 327.148971 327.251681 328.081464 324.422717 322.625640 324.777889 324.910622 335.183986 342.254542 346.889650 349.785241 354.687465 0.000000 0.000000
0.000000 0.000000 3172.362020 3173.626222 3176.359382 3153.355142 3134.028737 3123.540292 3122.838930 3118.115655 3124.955280 3130.172885 3125.619719 3124.266951 3139.193560 3142.443243 3152.885635 3161.806524 3161.489842 0.000000 0.000000
0.000000 0.000000 5051.282891 5046.076646 5042.598168 5036.560905 5021.660918 5011.716832 5012.611212 5011.530221 5008.224442 5002.525318 5001.552892 5004.744185 5004.133522 5024.042028 5031.864776 5038.687475 5041.799306 0.000000 0.000000
0.000000 0.000000 6348.234942 6345.069522 6340.567498 6333.592423 6319.817766 6298.031886 6296.995279 6293.185600 6294.607574 6298.360859 6299.853931 6300.352901 6328.042310 6338.020813 6343.599691 6346.402912 6351.634128 0.000000 0.000000
0.000000 0.000000 7450.759997 7450.864989 7447.869087 7437.874302 7435.423542 7426.116777 7426.317162 7426.129428 7425.161653 7421.232642 7420.534778 7426.771549 7428.560036 7433.389371 7445.845066 7444.448616 7449.398034 0.000000 0.000000
0.000000 0.000000 8899.541255 8894.842989 8888.515946 8888.004071 8876.940482 8861.573682 8862.851013 8858.267797 8856.218420 8855.966217 8858.425518 8852.656365 8871.354201 8885.242725 8887.120926 8890.857355 8892.222834 0.000000 0.000000
0.000000 0.000000 10558.235554 10554.605324 10554.788540 10550.317144 10529.949771 10520.231046 10519.831701 10519.569317 10516.133557 10519.614600 10522.729240 10522.030901 10528.906333 10543.303349 10550.967666 10552.997162 10554.070270 0.000000 0.000000
0.000000 0.000000 12373.078384 12372.069442 12369.095115 12348.597885 12342.749875 12326.908580 12332.679311 12319.294900 12323.427001 12321.647652 12314.687224 12324.685081 12334.166717 12337.045742 12349.658249 12356.780243 12367.454830 0.000000 0.000000
0.000000 0.000000 14338.282860 14330.075533 14321.864953 14318.201048 14307.836927 14287.788527 14284.113276 14284.756638 14292.089339 14281.020910 14285.197032 14285.059374 14307.666149 14316.301495 14319.237208 14323.330514 14346.602166 0.000000 0.000000
0.000000 0.000000 16379.751600 16374.687144 16374.975478 16360.792687 16353.739883 16304.883425 16303.203028 16302.197770 16280.755249 16293.207854 16297.476994 16302.291742 16336.358945 16343.595552 16366.989784 16366.718286 16374.273300 0.000000 0.000000
0.000000 0.000000 18718.792035 18721.046573 18707.246228 18702.275102 18643.832601 18664.189270 18648.363825 18649.562143 18656.163985 18651.275941 18649.063090 18644.203952 18622.910342 18686.071583 18692.625192 18712.980974 18722.621587 0.000000 0.000000
0.000000 0.000000 21339.411769 21330.699931 21321.464933 21256.781173 21271.038824 21238.546743 21219.153667 21215.846024 21203.922490 21193.336871 21199.654446 21198.410329 21234.910971 21223.767436 21316.694458 21298.119031 21295.521961 0.000000 0.000000
0.000000 0.000000 24073.924266 24070.455667 23977.171364 24005.485672 24006.222167 23996.835200 24039.378483 24024.376111 24044.122153 24035.837766 24021.080614 24045.355679 24046.406904 24047.687055 23968.238100 24104.994860 24096.473118 0.000000 0.000000
0.000000 0.000000 27341.528472 27205.475936 27240.295235 27194.710366 27123.206417 27108.199223 27070.020076 27081.190441 27038.283876 27042.583415 27064.832921 27046.063575 27078.937717 27123.853942 27237.285116 27158.736849 27303.223656 0.000000 0.000000
0.000000 0.000000 28621.220114 28751.483520 28877.270650 28878.458774 28881.431500 28771.903247 28789.065547 28752.832982 28807.168889 28797.129301 28793.850281 28805.008040 28895.797983 28894.835754 28900.351513 28796.245555 28667.107466 0.000000 0.000000
0.000000 0.000000 0.000000 0.000000 0.000000 0.000000 0.000000 0.000000 0.000000 0.000000 0.000000 0.000000 0.000000 0.000000 0.000000 0.000000 0.000000 0.000000 0.000000 0.000000 0.000000
0.000000 0.000000 0.000000 0.000000 0.000000 0.000000 0.000000 0.000000 0.000000 0.000000 0.000000 0.000000 0.000000 0.000000 0.000000 0.000000 0.000000 0.000000 0.000000 0.000000 0.000000