geotop/1.0zi/1.0Montebello/Templates/testdem/maps/_Erotot2499.asc
ncols         21
nrows         20
xllcorner     100.000000
yllcorner     100.000000
cellsize      50.000000
NODATA_value  -9999.0
0.000000 0.000000 0.000000 0.000000 0.000000 0.000000 0.000000 0.000000 0.000000 0.000000 0.000000 0.000000 0.000000 0.000000 0.000000 0.000000 0.000000 0.000000 0.000000 0.000000 0.000000
0.000000 0.000000 239.934621 239.937014 239.942183 240.059796 239.928031 239.932545 239.908949 239.947761 239.950120 239.947761 239.908949 239.932545 239.928031 240.059796 239.942183 239.937014 239.934621 0.000000 0.000000
0.000000 0.000000 13.727923 13.506555 11.754356 13.477148 13.770112 13.756137 13.787698 13.755421 13.752129 13.755421 13.787698 13.756137 13.770112 13.477148 11.754356 13.506555 13.727923 0.000000 0.000000
0.000000 0.000000 1739.116100 1738.795278 1739.131072 1737.262122 1739.268213 1738.708288 1738.705371 1739.529712 1739.677630 1739.529712 1738.705371 1738.708288 1739.268213 1737.262122 1739.131072 1738.795278 1739.116100 0.000000 0.000000
0.000000 0.000000 3564.349390 3564.177960 3563.516001 3564.106823 3564.651814 3564.512979 3564.474986 3564.625009 3564.588020 3564.625009 3564.474986 3564.512979 3564.651814 3564.106823 3563.516001 3564.177960 3564.349390 0.000000 0.000000
0.000000 0.000000 4620.740580 4620.534691 4619.972410 4620.124621 4620.937240 4620.643109 4620.662374 4621.006281 4621.094812 4621.006281 4620.662374 4620.643109 4620.937240 4620.124621 4619.972410 4620.534691 4620.740580 0.000000 0.000000
0.000000 0.000000 6026.273617 6026.102345 6025.587602 6025.729469 6026.423948 6026.169473 6026.194221 6026.499749 6026.597379 6026.499749 6026.194221 6026.169473 6026.423948 6025.729469 6025.587602 6026.102345 6026.273616 0.000000 0.000000
0.000000 0.000000 7352.096107 7351.952321 7351.473012 7351.617462 7352.214856 7351.996012 7352.018215 7352.291897 7352.385481 7352.291897 7352.018215 7351.996012 7352.214856 7351.617462 7351.473012 7351.952321 7352.096107 0.000000 0.000000
0.000000 0.000000 8588.609532 8588.478011 8588.022716 8588.166826 8588.716168 8588.514370 8588.535187 8588.792477 8588.882051 8588.792477 8588.535187 8588.514370 8588.716168 8588.166826 8588.022716 8588.478011 8588.609532 0.000000 0.000000
0.000000 0.000000 9754.519731 9754.416832 9753.972391 9754.154988 9754.613566 9754.433147 9754.458573 9754.692655 9754.777616 9754.692655 9754.458573 9754.433147 9754.613566 9754.154988 9753.972391 9754.416832 9754.519731 0.000000 0.000000
0.000000 0.000000 10854.859139 10854.749544 10854.325010 10854.483263 10854.952151 10854.772481 10854.793787 10855.024527 10855.104564 10855.024527 10854.793787 10854.772481 10854.952151 10854.483263 10854.325010 10854.749544 10854.859139 0.000000 0.000000
0.000000 0.000000 11905.180376 11905.070503 11904.661987 11904.814264 11905.268460 11905.096256 11905.116321 11905.339386 11905.417827 11905.339386 11905.116321 11905.096256 11905.268460 11904.814264 11904.661987 11905.070503 11905.180376 0.000000 0.000000
0.000000 0.000000 12914.497631 12914.392715 12913.990746 12914.144505 12914.579009 12914.411318 12914.431480 12914.648626 12914.723842 12914.648626 12914.431480 12914.411318 12914.579009 12914.144505 12913.990746 12914.392715 12914.497631 0.000000 0.000000
0.000000 0.000000 13888.038579 13887.941473 13887.548745 13887.720883 13888.117740 13887.956771 13887.978514 13888.187345 13888.260482 13888.187345 13887.978514 13887.956771 13888.117740 13887.720883 13887.548745 13887.941473 13888.038579 0.000000 0.000000
0.000000 0.000000 14830.115625 14830.016670 14829.627728 14829.788714 14830.190698 14830.031127 14830.051471 14830.258496 14830.329545 14830.258496 14830.051471 14830.031127 14830.190698 14829.788714 14829.627728 14830.016670 14830.115624 0.000000 0.000000
0.000000 0.000000 15741.453935 15741.357179 15740.979361 15741.133552 15741.523208 15741.368391 15741.388565 15741.590154 15741.659505 15741.590154 15741.388565 15741.368391 15741.523208 15741.133552 15740.979361 15741.357179 15741.453930 0.000000 0.000000
0.000000 0.000000 16625.197958 16625.102812 16624.727198 16624.884503 16625.265197 16625.112347 16625.131976 16625.328879 16625.396098 16625.328879 16625.131976 16625.112347 16625.265197 16624.884503 16624.727197 16625.102791 16625.197563 0.000000 0.000000
0.000000 0.000000 17521.071489 17521.383562 17521.014609 17521.167683 17521.543757 17521.394126 17521.411807 17521.605319 17521.669897 17521.605319 17521.411807 17521.394126 17521.543757 17521.167682 17521.014591 17521.380055 17521.471932 0.000000 0.000000
0.000000 0.000000 0.000000 0.000000 0.000000 0.000000 0.000000 0.000000 0.000000 0.000000 0.000000 0.000000 0.000000 0.000000 0.000000 0.000000 0.000000 0.000000 0.000000 0.000000 0.000000
0.000000 0.000000 0.000000 0.000000 0.000000 0.000000 0.000000 0.000000 0.000000 0.000000 0.000000 0.000000 0.000000 0.000000 0.000000 0.000000 0.000000 0.000000 0.000000 0.000000 0.000000