geotop/1.0zi/1.0Montebello/Templates/testdem/maps/_Erotot8883.asc
ncols         21
nrows         20
xllcorner     100.000000
yllcorner     100.000000
cellsize      50.000000
NODATA_value  -9999.0
0.000000 0.000000 0.000000 0.000000 0.000000 0.000000 0.000000 0.000000 0.000000 0.000000 0.000000 0.000000 0.000000 0.000000 0.000000 0.000000 0.000000 0.000000 0.000000 0.000000 0.000000
0.000000 0.000000 702.461957 703.104909 702.541783 702.634143 701.622877 701.754722 701.837086 701.911196 702.292388 701.658324 701.547924 701.585919 701.985086 702.106400 702.923842 703.507876 703.661366 0.000000 0.000000
0.000000 0.000000 54.616236 53.654107 53.952468 53.881629 54.536969 54.171766 53.797821 53.661144 53.861735 54.190758 54.247959 54.363892 54.171260 53.728751 52.454455 51.602524 52.211983 0.000000 0.000000
0.000000 0.000000 429.596972 430.918691 418.014007 411.593711 411.014628 405.315450 410.294119 412.150959 408.340105 406.666549 410.118931 409.829856 418.147817 426.418086 430.259464 424.896714 431.861502 0.000000 0.000000
0.000000 0.000000 3851.718508 3848.483366 3849.173266 3816.606606 3793.325406 3781.078653 3775.519968 3768.171966 3777.175423 3784.041159 3782.568284 3777.819568 3797.159872 3801.450728 3817.044361 3828.489883 3828.220938 0.000000 0.000000
0.000000 0.000000 5913.850935 5908.495431 5903.093708 5904.857282 5882.963523 5870.608328 5874.201785 5874.030042 5869.743284 5863.671126 5861.940562 5866.049835 5866.067851 5890.794539 5892.061693 5898.113917 5900.506924 0.000000 0.000000
0.000000 0.000000 7327.146104 7322.025229 7319.096441 7308.363922 7299.713462 7267.261648 7267.636401 7265.062722 7264.822837 7269.131029 7269.698328 7270.708798 7303.218591 7308.985843 7317.295178 7319.759616 7324.663542 0.000000 0.000000
0.000000 0.000000 8696.130587 8694.107578 8690.561460 8678.670432 8673.027156 8669.515852 8670.382623 8668.435637 8668.781488 8664.607496 8663.435814 8670.891030 8669.073916 8677.553002 8691.672273 8687.798398 8693.767955 0.000000 0.000000
0.000000 0.000000 10466.025757 10461.804310 10455.425551 10453.072415 10438.237401 10419.709174 10422.651123 10418.558758 10415.665529 10415.228644 10418.036018 10411.937667 10435.673279 10449.427970 10450.803911 10452.931596 10456.258748 0.000000 0.000000
0.000000 0.000000 12514.861345 12508.311202 12508.058370 12501.849637 12478.838410 12468.220572 12467.804632 12466.514068 12462.797593 12467.158403 12470.170879 12469.932422 12476.939267 12495.390629 12502.855743 12505.248384 12504.247618 0.000000 0.000000
0.000000 0.000000 14779.807019 14778.382683 14776.278527 14748.809415 14742.883817 14722.748598 14731.071729 14714.083159 14720.187624 14716.454607 14708.983817 14719.833434 14733.847222 14737.162844 14752.041823 14755.634371 14770.201272 0.000000 0.000000
0.000000 0.000000 17279.322654 17270.803871 17257.387994 17254.835899 17239.137164 17216.761401 17215.233420 17218.126363 17224.401320 17211.732918 17218.701737 17216.890903 17242.530043 17254.682296 17255.041838 17258.939923 17283.555272 0.000000 0.000000
0.000000 0.000000 19920.747158 19911.951327 19916.369912 19893.697863 19884.862223 19820.225819 19817.949826 19816.925996 19788.544874 19806.941445 19809.349411 19816.500428 19864.227464 19872.621371 19901.961892 19899.248599 19906.060484 0.000000 0.000000
0.000000 0.000000 23033.898100 23036.530755 23016.903427 23009.942556 22924.994243 22962.663165 22943.423584 22944.788198 22957.738019 22946.540299 22945.505442 22935.068006 22898.979256 22994.507153 22997.100333 23020.951278 23033.483549 0.000000 0.000000
0.000000 0.000000 26521.876663 26508.643937 26494.358480 26396.234347 26434.690635 26381.342060 26359.596231 26355.208532 26334.425732 26322.806309 26332.739811 26333.469379 26388.585234 26351.835837 26491.830286 26455.120065 26448.571964 0.000000 0.000000
0.000000 0.000000 30006.169543 30000.936939 29866.240356 29930.574914 29919.368914 29919.635376 29987.895574 29966.720145 29999.997700 29991.539257 29967.196107 30001.773950 29991.331412 30004.500901 29851.450805 30059.520902 30049.671022 0.000000 0.000000
0.000000 0.000000 33825.748344 33652.050540 33729.982033 33656.231910 33567.021975 33546.066228 33483.513372 33501.859723 33440.312420 33448.701647 33483.338010 33449.140626 33495.703175 33551.813745 33725.889942 33574.708292 33757.777257 0.000000 0.000000
0.000000 0.000000 34713.214633 34884.744663 35014.428037 35020.680553 35036.473033 34920.158677 34948.687061 34907.779040 34976.042632 34963.898267 34955.080281 34972.513847 35063.841813 35055.159628 35037.511337 34938.980768 34769.204298 0.000000 0.000000
0.000000 0.000000 0.000000 0.000000 0.000000 0.000000 0.000000 0.000000 0.000000 0.000000 0.000000 0.000000 0.000000 0.000000 0.000000 0.000000 0.000000 0.000000 0.000000 0.000000 0.000000
0.000000 0.000000 0.000000 0.000000 0.000000 0.000000 0.000000 0.000000 0.000000 0.000000 0.000000 0.000000 0.000000 0.000000 0.000000 0.000000 0.000000 0.000000 0.000000 0.000000 0.000000