geotop/1.0zi/1.0Montebello/Templates/testdem/maps/_Erotot5367.asc
ncols         21
nrows         20
xllcorner     100.000000
yllcorner     100.000000
cellsize      50.000000
NODATA_value  -9999.0
0.000000 0.000000 0.000000 0.000000 0.000000 0.000000 0.000000 0.000000 0.000000 0.000000 0.000000 0.000000 0.000000 0.000000 0.000000 0.000000 0.000000 0.000000 0.000000 0.000000 0.000000
0.000000 0.000000 397.307854 396.515714 396.360696 396.157417 396.131458 396.208357 396.164912 396.336175 396.251597 396.032359 396.008521 396.054944 396.169252 396.056544 396.259734 396.441801 396.842405 0.000000 0.000000
0.000000 0.000000 31.046224 31.768024 31.991002 33.173536 32.912488 32.771520 32.584951 32.367482 32.498318 32.875412 32.642030 32.506334 32.898222 32.687327 31.846983 30.970960 30.332836 0.000000 0.000000
0.000000 0.000000 153.246918 154.715848 147.750150 144.985064 146.777908 141.556589 140.966117 141.353613 140.007535 138.665572 140.206006 138.268381 140.996005 145.777786 145.290502 148.702652 151.454042 0.000000 0.000000
0.000000 0.000000 1571.074882 1576.416705 1582.897993 1565.601379 1551.063305 1540.486832 1543.205795 1540.469547 1544.047877 1548.289374 1545.145076 1542.912758 1553.089316 1551.625958 1558.744479 1565.436713 1566.268487 0.000000 0.000000
0.000000 0.000000 2910.937499 2904.884506 2902.264106 2898.221601 2892.158284 2887.905054 2885.531622 2885.865352 2885.496380 2883.164618 2881.206916 2883.856826 2882.455312 2896.781900 2901.981657 2905.237938 2907.728554 0.000000 0.000000
0.000000 0.000000 3842.254647 3839.797417 3836.917514 3832.667554 3819.976024 3803.471611 3803.855576 3800.448318 3802.012401 3804.971610 3806.574689 3807.431963 3826.050831 3835.056587 3839.566304 3840.914204 3845.888207 0.000000 0.000000
0.000000 0.000000 4424.292981 4425.826317 4425.302687 4419.445293 4419.342636 4413.053931 4413.574537 4414.116786 4412.892810 4410.665616 4410.367898 4413.691867 4412.959066 4414.775635 4422.667169 4420.870047 4423.454950 0.000000 0.000000
0.000000 0.000000 5192.610219 5190.221825 5186.595707 5187.930970 5182.089385 5172.648955 5172.987427 5170.629639 5168.230845 5169.607565 5170.687665 5165.587120 5177.612824 5184.749136 5186.608565 5187.149429 5188.291039 0.000000 0.000000
0.000000 0.000000 6087.759313 6085.581063 6088.106667 6087.928400 6074.312528 6068.135669 6069.605850 6068.788732 6066.973831 6070.063455 6072.995429 6071.284239 6073.664604 6082.752091 6086.372207 6086.316749 6086.778782 0.000000 0.000000
0.000000 0.000000 7052.114873 7052.447535 7052.976472 7039.770126 7037.762099 7028.387620 7031.658884 7023.182670 7025.472833 7024.822062 7020.308131 7027.257351 7030.444303 7031.128120 7037.219018 7042.882970 7049.428832 0.000000 0.000000
0.000000 0.000000 8054.156196 8050.044432 8046.006491 8044.577820 8041.804996 8028.173284 8027.491530 8026.577534 8033.138584 8026.645234 8028.343759 8027.784891 8041.950457 8043.877052 8045.234699 8045.350628 8063.813421 0.000000 0.000000
0.000000 0.000000 9061.767978 9060.110416 9061.404977 9054.874178 9051.643525 9028.899710 9027.723998 9027.591682 9014.136460 9022.655352 9026.591411 9028.332286 9040.969990 9044.084291 9056.972793 9056.292829 9062.463168 0.000000 0.000000
0.000000 0.000000 10159.259363 10160.758975 10154.809957 10154.261722 10131.625046 10139.389407 10129.563800 10131.080590 10132.137355 10132.108846 10130.628205 10127.433550 10117.819989 10142.218305 10147.303307 10156.861603 10163.364558 0.000000 0.000000
0.000000 0.000000 11333.572136 11329.388466 11326.995682 11308.391450 11308.155772 11294.849179 11282.864373 11281.715764 11277.455530 11271.995799 11274.687738 11272.965239 11285.578309 11288.821633 11323.704323 11315.729281 11315.613821 0.000000 0.000000
0.000000 0.000000 12529.992740 12529.390041 12501.458264 12499.523322 12504.307716 12497.632370 12512.148137 12505.347600 12510.166868 12506.195024 12502.194477 12509.121004 12512.070924 12511.679720 12495.710383 12536.806817 12529.917019 0.000000 0.000000
0.000000 0.000000 13873.453542 13841.012917 13838.478753 13831.357030 13811.152346 13806.248398 13799.722510 13802.663164 13791.409889 13791.712263 13795.227183 13796.154441 13805.002644 13812.133656 13837.513717 13834.806670 13872.138996 0.000000 0.000000
0.000000 0.000000 14853.475556 14859.554477 14893.959775 14888.385538 14879.936069 14851.709870 14852.449013 14840.673222 14849.660140 14848.395762 14853.917643 14848.721335 14873.112859 14879.294422 14900.045358 14864.145341 14857.483465 0.000000 0.000000
0.000000 0.000000 0.000000 0.000000 0.000000 0.000000 0.000000 0.000000 0.000000 0.000000 0.000000 0.000000 0.000000 0.000000 0.000000 0.000000 0.000000 0.000000 0.000000 0.000000 0.000000
0.000000 0.000000 0.000000 0.000000 0.000000 0.000000 0.000000 0.000000 0.000000 0.000000 0.000000 0.000000 0.000000 0.000000 0.000000 0.000000 0.000000 0.000000 0.000000 0.000000 0.000000