geotop/1.0zi/1.0Montebello/Templates/testdem/maps/_Erotot9385.asc
ncols         21
nrows         20
xllcorner     100.000000
yllcorner     100.000000
cellsize      50.000000
NODATA_value  -9999.0
0.000000 0.000000 0.000000 0.000000 0.000000 0.000000 0.000000 0.000000 0.000000 0.000000 0.000000 0.000000 0.000000 0.000000 0.000000 0.000000 0.000000 0.000000 0.000000 0.000000 0.000000
0.000000 0.000000 740.099896 740.605107 740.031750 740.114903 739.115591 739.223284 739.311186 739.384763 739.773392 739.139391 739.031185 739.079436 739.481719 739.601324 740.415823 741.024650 741.248265 0.000000 0.000000
0.000000 0.000000 55.930716 54.888071 55.198231 55.134525 56.008660 55.696378 55.308843 55.166948 55.362694 55.678496 55.732591 55.839537 55.607154 54.954946 53.693982 52.801335 53.352323 0.000000 0.000000
0.000000 0.000000 449.312927 451.044749 438.048377 431.491203 430.941043 425.084250 430.209131 432.028503 428.503656 428.770760 433.503652 432.963848 441.504633 450.040825 453.882669 451.955978 458.746721 0.000000 0.000000
0.000000 0.000000 4152.926438 4147.490734 4141.383257 4106.523009 4079.111486 4064.935367 4058.022372 4051.828939 4059.285255 4065.732956 4063.971370 4059.077858 4078.905319 4085.371795 4102.862209 4114.528057 4115.331101 0.000000 0.000000
0.000000 0.000000 6374.018686 6368.590064 6363.906575 6366.203157 6341.508367 6329.501206 6333.036281 6332.282639 6327.747355 6321.439407 6319.894062 6324.395831 6324.406652 6350.657851 6351.571865 6359.197392 6361.449755 0.000000 0.000000
0.000000 0.000000 7827.075782 7821.798802 7818.011361 7806.348195 7798.373953 7760.571855 7763.412242 7760.751648 7760.117359 7764.628846 7765.398173 7767.110153 7800.365730 7805.703578 7815.258149 7817.951839 7823.271968 0.000000 0.000000
0.000000 0.000000 9337.186423 9334.455748 9329.294217 9316.559996 9309.035069 9306.085850 9305.976981 9303.998302 9303.954519 9299.970375 9299.083859 9306.430700 9304.868986 9314.956641 9330.144498 9327.580789 9333.941116 0.000000 0.000000
0.000000 0.000000 11275.181220 11270.006555 11262.830408 11259.226591 11242.335802 11220.767344 11224.033371 11219.821244 11216.338468 11216.087392 11219.268024 11213.235258 11238.659113 11253.285894 11255.846702 11259.402410 11262.214460 0.000000 0.000000
0.000000 0.000000 13528.925756 13521.441362 13518.216401 13510.348135 13486.285659 13472.644302 13472.403976 13470.631132 13466.323592 13471.030684 13474.529387 13474.429005 13481.954711 13502.528255 13511.279878 13515.208054 13514.975559 0.000000 0.000000
0.000000 0.000000 16039.032901 16036.413486 16034.324319 16002.504001 15995.648101 15971.650313 15980.192435 15962.852663 15968.542456 15964.772284 15957.273928 15968.985857 15984.173783 15988.960685 16004.930412 16010.196476 16026.610779 0.000000 0.000000
0.000000 0.000000 18838.744618 18826.909695 18809.292291 18807.387469 18788.686810 18761.490534 18761.067768 18762.751026 18769.864773 18755.194463 18763.669562 18761.551001 18789.787349 18804.305355 18806.502761 18811.990556 18838.142977 0.000000 0.000000
0.000000 0.000000 21817.603848 21809.976967 21812.472823 21784.234685 21772.598261 21697.472454 21694.611198 21693.573584 21660.344477 21682.225169 21685.008201 21693.350059 21747.956587 21758.395592 21790.818433 21791.188722 21797.576227 0.000000 0.000000
0.000000 0.000000 25361.534869 25362.634750 25337.653462 25328.716354 25227.895844 25276.426409 25252.848796 25254.335564 25270.664528 25256.490629 25255.457738 25243.594235 25196.096744 25310.240709 25312.633032 25341.880526 25356.168051 0.000000 0.000000
0.000000 0.000000 29258.919419 29243.975034 29225.886271 29108.598770 29163.091065 29091.094806 29068.524048 29062.706605 29036.211121 29024.501728 29037.351059 29039.268036 29109.314417 29054.800056 29221.073268 29179.281906 29170.804429 0.000000 0.000000
0.000000 0.000000 32891.066464 32884.847142 32736.644296 32819.585827 32799.928301 32806.442170 32882.633350 32860.425407 32898.193620 32890.707026 32863.218081 32900.801825 32880.817935 32900.718287 32716.883570 32950.281750 32940.950143 0.000000 0.000000
0.000000 0.000000 36424.316112 36270.729007 36348.711548 36278.460147 36198.820933 36177.844076 36117.740659 36135.083987 36077.351887 36085.662288 36118.281251 36086.227250 36129.763360 36179.371889 36343.278665 36195.088405 36358.164795 0.000000 0.000000
0.000000 0.000000 37278.965060 37400.891907 37504.066962 37502.793935 37507.487243 37414.850986 37433.149873 37401.513167 37450.712481 37441.896133 37438.329261 37448.437498 37521.242244 37520.744012 37519.004974 37433.898126 37313.136930 0.000000 0.000000
0.000000 0.000000 0.000000 0.000000 0.000000 0.000000 0.000000 0.000000 0.000000 0.000000 0.000000 0.000000 0.000000 0.000000 0.000000 0.000000 0.000000 0.000000 0.000000 0.000000 0.000000
0.000000 0.000000 0.000000 0.000000 0.000000 0.000000 0.000000 0.000000 0.000000 0.000000 0.000000 0.000000 0.000000 0.000000 0.000000 0.000000 0.000000 0.000000 0.000000 0.000000 0.000000