geotop/1.0zi/1.0Montebello/Templates/testdem/maps/_Erotot1528.asc
ncols         21
nrows         20
xllcorner     100.000000
yllcorner     100.000000
cellsize      50.000000
NODATA_value  -9999.0
0.000000 0.000000 0.000000 0.000000 0.000000 0.000000 0.000000 0.000000 0.000000 0.000000 0.000000 0.000000 0.000000 0.000000 0.000000 0.000000 0.000000 0.000000 0.000000 0.000000 0.000000
0.000000 0.000000 170.541312 170.542939 170.578475 170.558056 170.533145 170.543086 170.544857 170.538709 170.539526 170.538709 170.544857 170.543086 170.533145 170.558056 170.578475 170.542939 170.541312 0.000000 0.000000
0.000000 0.000000 10.057674 9.837678 8.060493 9.914130 10.101339 10.083440 10.092570 10.101206 10.098924 10.101206 10.092570 10.083440 10.101339 9.914130 8.060493 9.837678 10.057674 0.000000 0.000000
0.000000 0.000000 1213.980226 1213.766040 1213.940895 1211.964433 1214.289117 1213.870967 1213.820218 1214.418252 1214.373905 1214.418252 1213.820218 1213.870967 1214.289117 1211.964433 1213.940895 1213.766040 1213.980226 0.000000 0.000000
0.000000 0.000000 2259.411614 2259.198301 2258.604229 2259.300110 2259.751765 2259.554624 2259.510384 2259.664869 2259.618448 2259.664869 2259.510384 2259.554624 2259.751765 2259.300110 2258.604229 2259.198301 2259.411614 0.000000 0.000000
0.000000 0.000000 2964.080271 2963.910183 2963.298249 2963.497982 2964.402475 2964.152917 2964.126766 2964.368029 2964.344377 2964.368029 2964.126766 2964.152917 2964.402475 2963.497982 2963.298249 2963.910183 2964.080271 0.000000 0.000000
0.000000 0.000000 3865.112128 3864.975134 3864.407134 3864.601763 3865.379308 3865.166051 3865.150685 3865.351055 3865.331164 3865.351055 3865.150685 3865.166051 3865.379308 3864.601763 3864.407134 3864.975134 3865.112128 0.000000 0.000000
0.000000 0.000000 4719.826574 4719.713204 4719.179195 4719.370823 4720.052045 4719.869336 4719.855823 4720.031222 4720.012252 4720.031222 4719.855823 4719.869336 4720.052045 4719.370823 4719.179195 4719.713204 4719.826574 0.000000 0.000000
0.000000 0.000000 5527.563322 5527.458118 5526.945755 5527.131127 5527.769928 5527.599917 5527.587993 5527.754106 5527.736563 5527.754106 5527.587993 5527.599917 5527.769928 5527.131127 5526.945755 5527.458118 5527.563322 0.000000 0.000000
0.000000 0.000000 6298.220351 6298.142002 6297.637248 6297.858500 6298.409087 6298.257810 6298.252787 6298.400630 6298.383002 6298.400630 6298.252787 6298.257810 6298.409087 6297.858500 6297.637248 6298.142002 6298.220351 0.000000 0.000000
0.000000 0.000000 7036.072009 7035.984137 7035.495318 7035.689289 7036.256511 7036.103399 7036.095357 7036.244685 7036.226116 7036.244685 7036.095357 7036.103399 7036.256511 7035.689289 7035.495318 7035.984137 7036.072009 0.000000 0.000000
0.000000 0.000000 7748.183352 7748.092899 7747.617138 7747.801018 7748.359274 7748.210533 7748.203230 7748.350193 7748.332821 7748.350193 7748.203230 7748.210533 7748.359274 7747.801018 7747.617138 7748.092899 7748.183352 0.000000 0.000000
0.000000 0.000000 8442.316736 8442.228665 8441.756449 8441.940877 8442.484363 8442.338332 8442.331622 8442.475791 8442.457907 8442.475791 8442.331622 8442.338332 8442.484363 8441.940877 8441.756449 8442.228665 8442.316736 0.000000 0.000000
0.000000 0.000000 9117.441684 9117.360149 9116.893269 9117.096856 9117.605090 9117.463862 9117.459665 9117.598672 9117.580320 9117.598672 9117.459665 9117.463862 9117.605090 9117.096856 9116.893269 9117.360149 9117.441684 0.000000 0.000000
0.000000 0.000000 9777.436720 9777.352324 9776.884063 9777.076569 9777.594508 9777.452959 9777.447734 9777.588152 9777.569334 9777.588152 9777.447734 9777.452959 9777.594507 9777.076569 9776.884063 9777.352324 9777.436720 0.000000 0.000000
0.000000 0.000000 10423.838880 10423.755356 10423.296633 10423.481452 10423.990449 10423.852358 10423.847247 10423.984331 10423.965757 10423.984331 10423.847247 10423.852358 10423.990449 10423.481452 10423.296633 10423.755356 10423.838877 0.000000 0.000000
0.000000 0.000000 11055.699096 11055.616181 11055.154622 11055.342456 11055.848093 11055.708757 11055.703518 11055.839487 11055.819996 11055.839487 11055.703518 11055.708757 11055.848093 11055.342456 11055.154622 11055.616162 11055.698793 0.000000 0.000000
0.000000 0.000000 11707.124200 11707.355894 11706.900618 11707.079977 11707.587232 11707.446932 11707.441820 11707.579785 11707.560168 11707.579785 11707.441820 11707.446932 11707.587232 11707.079977 11706.900600 11707.352742 11707.435714 0.000000 0.000000
0.000000 0.000000 0.000000 0.000000 0.000000 0.000000 0.000000 0.000000 0.000000 0.000000 0.000000 0.000000 0.000000 0.000000 0.000000 0.000000 0.000000 0.000000 0.000000 0.000000 0.000000
0.000000 0.000000 0.000000 0.000000 0.000000 0.000000 0.000000 0.000000 0.000000 0.000000 0.000000 0.000000 0.000000 0.000000 0.000000 0.000000 0.000000 0.000000 0.000000 0.000000 0.000000