geotop/1.0zi/1.0Montebello/Templates/testdem/maps/_Erotot1673.asc
ncols         21
nrows         20
xllcorner     100.000000
yllcorner     100.000000
cellsize      50.000000
NODATA_value  -9999.0
0.000000 0.000000 0.000000 0.000000 0.000000 0.000000 0.000000 0.000000 0.000000 0.000000 0.000000 0.000000 0.000000 0.000000 0.000000 0.000000 0.000000 0.000000 0.000000 0.000000 0.000000
0.000000 0.000000 183.992554 183.994482 184.030823 184.014516 183.982730 183.994785 183.996776 183.989379 183.990402 183.989379 183.996776 183.994785 183.982730 184.014516 184.030823 183.994482 183.992554 0.000000 0.000000
0.000000 0.000000 9.684292 9.463942 7.685814 9.535497 9.729552 9.709726 9.718657 9.728578 9.726134 9.728578 9.718657 9.709726 9.729552 9.535497 7.685814 9.463942 9.684292 0.000000 0.000000
0.000000 0.000000 1313.593529 1313.381952 1313.572260 1311.618699 1313.899962 1313.483762 1313.433072 1314.026610 1313.981774 1314.026610 1313.433072 1313.483762 1313.899962 1311.618699 1313.572260 1313.381952 1313.593529 0.000000 0.000000
0.000000 0.000000 2453.096556 2452.884282 2452.288075 2452.980937 2453.435410 2453.239317 2453.195126 2453.347856 2453.301438 2453.347856 2453.195126 2453.239317 2453.435410 2452.980937 2452.288075 2452.884282 2453.096556 0.000000 0.000000
0.000000 0.000000 3218.447929 3218.279607 3217.672183 3217.875315 3218.767873 3218.520043 3218.494028 3218.732465 3218.708621 3218.732465 3218.494028 3218.520043 3218.767873 3217.875315 3217.672183 3218.279607 3218.447929 0.000000 0.000000
0.000000 0.000000 4199.946364 4199.811128 4199.248427 4199.445812 4200.211315 4199.999840 4199.984524 4200.181998 4200.161946 4200.181998 4199.984524 4199.999840 4200.211315 4199.445812 4199.248427 4199.811128 4199.946364 0.000000 0.000000
0.000000 0.000000 5131.208331 5131.096658 5130.568434 5130.762336 5131.431545 5131.250660 5131.237246 5131.409749 5131.390686 5131.409749 5131.237246 5131.250660 5131.431545 5130.762336 5130.568434 5131.096658 5131.208331 0.000000 0.000000
0.000000 0.000000 6010.358331 6010.254976 6009.748928 6009.936200 6010.562506 6010.394497 6010.382676 6010.545701 6010.528077 6010.545701 6010.382676 6010.394497 6010.562506 6009.936200 6009.748928 6010.254976 6010.358331 0.000000 0.000000
0.000000 0.000000 6847.955179 6847.878584 6847.380762 6847.603236 6848.141400 6847.992199 6847.987235 6848.131977 6848.114326 6848.131977 6847.987235 6847.992199 6848.141400 6847.603236 6847.380762 6847.878584 6847.955179 0.000000 0.000000
0.000000 0.000000 7648.226598 7648.140596 7647.659282 7647.854077 7648.408357 7648.257540 7648.249571 7648.395655 7648.377115 7648.395655 7648.249571 7648.257540 7648.408357 7647.854077 7647.659282 7648.140596 7648.226598 0.000000 0.000000
0.000000 0.000000 8419.878993 8419.790582 8419.322872 8419.507334 8420.052017 8419.905760 8419.898540 8420.042079 8420.024762 8420.042079 8419.898540 8419.905760 8420.052017 8419.507334 8419.322872 8419.790582 8419.878993 0.000000 0.000000
0.000000 0.000000 9169.777109 9169.691315 9169.227678 9169.412312 9169.941792 9169.798400 9169.791774 9169.932412 9169.914590 9169.932412 9169.791774 9169.798400 9169.941792 9169.412312 9169.227678 9169.691315 9169.777109 0.000000 0.000000
0.000000 0.000000 9898.243501 9898.164270 9897.706724 9897.909919 9898.403864 9898.265439 9898.261297 9898.396609 9898.378380 9898.396609 9898.261297 9898.265439 9898.403864 9897.909919 9897.706724 9898.164270 9898.243501 0.000000 0.000000
0.000000 0.000000 10609.809891 10609.727790 10609.269766 10609.461512 10609.964523 10609.825969 10609.820815 10609.957310 10609.938679 10609.957310 10609.820815 10609.825969 10609.964523 10609.461512 10609.269766 10609.727790 10609.809891 0.000000 0.000000
0.000000 0.000000 11305.513403 11305.432288 11304.984016 11305.167908 11305.661557 11305.526551 11305.521543 11305.654704 11305.636339 11305.654704 11305.521543 11305.526551 11305.661557 11305.167908 11304.984016 11305.432288 11305.513399 0.000000 0.000000
0.000000 0.000000 11984.995434 11984.914949 11984.464902 11984.651574 11985.140802 11985.005031 11984.999919 11985.131606 11985.112420 11985.131606 11984.999919 11985.005031 11985.140802 11984.651574 11984.464901 11984.914929 11984.995068 0.000000 0.000000
0.000000 0.000000 12682.023275 12682.265921 12681.822342 12682.000475 12682.490298 12682.353819 12682.348808 12682.482167 12682.462860 12682.482167 12682.348808 12682.353819 12682.490298 12682.000475 12681.822324 12682.262660 12682.342920 0.000000 0.000000
0.000000 0.000000 0.000000 0.000000 0.000000 0.000000 0.000000 0.000000 0.000000 0.000000 0.000000 0.000000 0.000000 0.000000 0.000000 0.000000 0.000000 0.000000 0.000000 0.000000 0.000000
0.000000 0.000000 0.000000 0.000000 0.000000 0.000000 0.000000 0.000000 0.000000 0.000000 0.000000 0.000000 0.000000 0.000000 0.000000 0.000000 0.000000 0.000000 0.000000 0.000000 0.000000