geotop/1.0zi/1.0Montebello/Templates/testdem/maps/_Erotot8702.asc
ncols         21
nrows         20
xllcorner     100.000000
yllcorner     100.000000
cellsize      50.000000
NODATA_value  -9999.0
0.000000 0.000000 0.000000 0.000000 0.000000 0.000000 0.000000 0.000000 0.000000 0.000000 0.000000 0.000000 0.000000 0.000000 0.000000 0.000000 0.000000 0.000000 0.000000 0.000000 0.000000
0.000000 0.000000 699.693366 700.509019 699.940842 700.031713 699.007330 699.156506 699.143160 699.219024 699.594135 698.970687 698.852419 698.899751 699.280340 699.439918 700.282391 700.839621 701.060306 0.000000 0.000000
0.000000 0.000000 54.658101 53.598051 53.903206 53.874321 54.516512 54.171164 53.858312 53.685116 53.894009 54.209976 54.273915 54.387385 54.230425 53.719215 52.452942 51.635122 52.164292 0.000000 0.000000
0.000000 0.000000 407.524376 408.235592 394.343570 386.409614 385.058406 379.007204 379.004263 380.947362 377.496673 375.729437 379.119080 377.620619 388.420848 396.531053 401.604805 402.196915 409.292525 0.000000 0.000000
0.000000 0.000000 3713.776153 3710.694940 3711.936402 3685.356339 3662.557291 3650.494069 3649.819730 3643.627794 3652.696357 3659.750317 3658.534108 3654.273541 3670.433288 3672.876533 3686.877472 3696.343539 3696.855004 0.000000 0.000000
0.000000 0.000000 5788.194412 5784.295381 5779.151605 5774.107726 5758.247451 5747.697910 5749.291457 5747.999452 5744.177659 5738.221717 5736.627734 5740.634233 5740.235758 5762.263406 5768.509371 5774.727831 5777.382763 0.000000 0.000000
0.000000 0.000000 7164.217024 7159.382244 7156.642916 7148.435217 7133.802562 7108.571780 7107.803338 7105.400874 7105.482002 7110.011119 7110.766444 7111.600576 7141.374541 7151.550377 7157.490558 7160.813414 7166.115435 0.000000 0.000000
0.000000 0.000000 8487.540393 8487.399594 8483.509240 8471.524170 8468.548599 8459.806115 8460.023135 8457.890112 8458.288724 8454.145786 8453.028929 8459.971626 8462.306089 8467.838097 8481.860392 8479.691038 8485.642629 0.000000 0.000000
0.000000 0.000000 10208.467529 10202.710397 10195.809383 10194.187768 10179.865882 10163.838871 10165.856278 10162.224876 10159.689339 10159.417550 10162.324497 10155.993046 10176.652000 10191.759095 10194.075263 10198.244664 10200.412101 0.000000 0.000000
0.000000 0.000000 12182.777964 12177.921062 12177.211005 12171.863261 12148.706633 12138.683848 12137.663239 12137.601209 12133.822761 12138.330962 12141.475682 12140.849450 12148.604356 12165.413021 12173.820556 12176.302023 12177.230475 0.000000 0.000000
0.000000 0.000000 14367.844213 14367.030131 14364.167384 14337.852766 14331.858400 14312.641769 14321.214431 14304.577644 14311.227736 14307.860049 14300.800722 14311.153706 14323.770108 14326.497142 14341.821786 14348.525314 14361.454852 0.000000 0.000000
0.000000 0.000000 16767.640420 16756.310769 16746.212096 16743.333513 16727.689723 16708.371090 16701.784147 16705.365235 16712.061463 16699.961956 16706.843864 16704.813096 16730.525257 16742.891824 16745.323484 16750.622084 16775.823509 0.000000 0.000000
0.000000 0.000000 19297.836780 19290.538227 19293.277578 19271.937857 19264.526490 19203.540434 19201.424824 19201.250995 19174.401948 19192.152823 19194.898829 19201.316029 19245.997475 19253.397411 19283.109392 19280.939290 19289.508878 0.000000 0.000000
0.000000 0.000000 22256.946769 22259.865368 22241.534556 22234.817276 22155.064949 22188.171296 22169.809674 22170.830582 22182.949497 22172.905229 22172.251642 22162.098937 22131.539777 22219.004177 22223.230911 22249.541874 22261.538499 0.000000 0.000000
0.000000 0.000000 25593.510075 25581.601154 25568.105346 25475.462502 25505.601029 25458.899162 25435.791206 25432.369021 25413.751570 25402.602376 25412.094572 25411.940169 25463.896030 25434.820451 25565.943885 25535.523812 25530.956020 0.000000 0.000000
0.000000 0.000000 28970.200636 28965.115105 28836.652659 28893.170679 28885.422064 28883.798723 28945.702825 28926.756058 28958.879663 28950.456781 28928.077504 28960.481376 28953.461709 28960.291400 28825.523738 29023.273678 29014.605001 0.000000 0.000000
0.000000 0.000000 32779.823764 32606.127080 32677.085897 32605.895128 32516.150478 32495.724373 32435.739850 32453.034138 32393.038252 32401.266029 32435.209377 32401.854374 32447.855017 32506.642402 32674.861341 32533.155058 32718.785656 0.000000 0.000000
0.000000 0.000000 33717.815673 33893.206382 34027.100661 34034.337759 34050.107916 33929.222985 33957.049165 33915.023059 33985.861973 33973.566091 33964.450761 33982.389723 34079.945717 34069.597648 34053.781886 33954.318185 33779.646545 0.000000 0.000000
0.000000 0.000000 0.000000 0.000000 0.000000 0.000000 0.000000 0.000000 0.000000 0.000000 0.000000 0.000000 0.000000 0.000000 0.000000 0.000000 0.000000 0.000000 0.000000 0.000000 0.000000
0.000000 0.000000 0.000000 0.000000 0.000000 0.000000 0.000000 0.000000 0.000000 0.000000 0.000000 0.000000 0.000000 0.000000 0.000000 0.000000 0.000000 0.000000 0.000000 0.000000 0.000000