geotop/1.0zi/1.0Montebello/Templates/testdem/maps/_Erotot139_.asc
ncols         21
nrows         20
xllcorner     100.000000
yllcorner     100.000000
cellsize      50.000000
NODATA_value  -9999.0
0.000000 0.000000 0.000000 0.000000 0.000000 0.000000 0.000000 0.000000 0.000000 0.000000 0.000000 0.000000 0.000000 0.000000 0.000000 0.000000 0.000000 0.000000 0.000000 0.000000 0.000000
0.000000 0.000000 965.622321 965.051825 963.690330 961.775752 960.411594 959.622123 960.090784 960.774526 960.692267 959.870432 959.827812 959.903688 961.485397 962.006266 964.818679 965.464963 966.050725 0.000000 0.000000
0.000000 0.000000 68.021234 68.943468 67.431531 70.377752 69.698506 68.998504 69.339617 68.160628 69.098720 71.337510 69.076426 69.121123 68.644634 68.163687 65.951618 65.265259 68.407807 0.000000 0.000000
0.000000 0.000000 915.843652 923.358068 902.549134 893.095625 896.627417 886.019646 885.585598 888.490254 880.313795 880.892095 885.975348 890.123630 893.672278 906.887226 912.291759 912.896567 917.554992 0.000000 0.000000
0.000000 0.000000 5941.860085 5926.198820 5930.140869 5887.388214 5854.542788 5837.351769 5832.335141 5825.586567 5831.006741 5837.181959 5838.370039 5827.355475 5852.397461 5860.417291 5880.230671 5894.559209 5895.795487 0.000000 0.000000
0.000000 0.000000 8382.902412 8380.056307 8370.209744 8370.129432 8340.850633 8326.355903 8329.376576 8328.370008 8320.180381 8314.067888 8312.169953 8315.760381 8318.168596 8349.416993 8349.321368 8358.815492 8359.490590 0.000000 0.000000
0.000000 0.000000 10273.933134 10267.859111 10261.307648 10246.317305 10238.501343 10192.802225 10189.630573 10185.723286 10184.239093 10187.805723 10187.119273 10188.695260 10228.189998 10233.813010 10245.155011 10251.197637 10255.618628 0.000000 0.000000
0.000000 0.000000 12531.345749 12526.704204 12517.721235 12493.009795 12480.678688 12472.106504 12468.798123 12466.690251 12463.277202 12460.554416 12458.777913 12466.132795 12465.384011 12480.275790 12498.988271 12497.240212 12503.751267 0.000000 0.000000
0.000000 0.000000 15385.947017 15378.056306 15364.864678 15356.981578 15336.282187 15305.930216 15306.419006 15301.333226 15295.844356 15294.261382 15297.236984 15289.899411 15321.565080 15341.685398 15346.816435 15353.370882 15355.781827 0.000000 0.000000
0.000000 0.000000 18810.497456 18796.204043 18786.605183 18773.806560 18752.556513 18725.611861 18719.595731 18717.993410 18708.739643 18713.549015 18720.505535 18718.484288 18729.684615 18757.530152 18769.642853 18776.664539 18775.249128 0.000000 0.000000
0.000000 0.000000 22788.360647 22778.292097 22773.196634 22722.678114 22722.186913 22679.833461 22690.754417 22665.160416 22671.247594 22665.661088 22652.512144 22668.397192 22688.514433 22697.895072 22719.806045 22726.551180 22750.075668 0.000000 0.000000
0.000000 0.000000 27384.487660 27360.270825 27327.625268 27323.434133 27305.860071 27254.938698 27242.011776 27249.989088 27252.604148 27236.774348 27245.456284 27237.474224 27280.079011 27306.032144 27308.640329 27318.627246 27352.254064 0.000000 0.000000
0.000000 0.000000 32061.200420 32041.996261 32043.514348 32008.083480 31982.111265 31861.141354 31850.914462 31845.409629 31784.681411 31826.209449 31826.226861 31839.272476 31926.325973 31939.814587 31993.552552 31999.733861 31989.543841 0.000000 0.000000
0.000000 0.000000 36642.501995 36648.756273 36608.883092 36596.526132 36468.053903 36572.661436 36538.483657 36537.967992 36568.854163 36536.559805 36533.440520 36512.271543 36422.228115 36575.566705 36564.137837 36599.357494 36616.474283 0.000000 0.000000
0.000000 0.000000 39590.510143 39579.769635 39568.518458 39492.661302 39547.579257 39489.991835 39478.855267 39476.234376 39457.064823 39451.453850 39460.555913 39462.058108 39512.275571 39447.541137 39560.956951 39529.830021 39519.190145 0.000000 0.000000
0.000000 0.000000 41388.457719 41384.492099 41330.635472 41356.687310 41358.462799 41355.067304 41383.001183 41370.973021 41383.182372 41377.390934 41367.746827 41381.550335 41376.662161 41381.601718 41315.409728 41397.194476 41389.232413 0.000000 0.000000
0.000000 0.000000 42841.490420 42793.423085 42832.331547 42798.259942 42777.544719 42773.047366 42751.603094 42758.734451 42736.561909 42739.800112 42750.135321 42741.736678 42752.511547 42756.524847 42822.546590 42761.205895 42808.418516 0.000000 0.000000
0.000000 0.000000 43379.696679 43453.770481 43481.023264 43490.125326 43503.463329 43465.888879 43481.434245 43466.392530 43490.585587 43486.231693 43482.291310 43488.218618 43517.865016 43504.971183 43482.600525 43465.706225 43395.626645 0.000000 0.000000
0.000000 0.000000 0.000000 0.000000 0.000000 0.000000 0.000000 0.000000 0.000000 0.000000 0.000000 0.000000 0.000000 0.000000 0.000000 0.000000 0.000000 0.000000 0.000000 0.000000 0.000000
0.000000 0.000000 0.000000 0.000000 0.000000 0.000000 0.000000 0.000000 0.000000 0.000000 0.000000 0.000000 0.000000 0.000000 0.000000 0.000000 0.000000 0.000000 0.000000 0.000000 0.000000