geotop/1.0zi/1.0Montebello/Templates/testdem/maps/_Erotot4832.asc
ncols         21
nrows         20
xllcorner     100.000000
yllcorner     100.000000
cellsize      50.000000
NODATA_value  -9999.0
0.000000 0.000000 0.000000 0.000000 0.000000 0.000000 0.000000 0.000000 0.000000 0.000000 0.000000 0.000000 0.000000 0.000000 0.000000 0.000000 0.000000 0.000000 0.000000 0.000000 0.000000
0.000000 0.000000 360.972577 360.047792 359.763020 359.571076 359.540784 359.550029 359.589998 359.749973 359.704490 359.576527 359.657944 359.733324 359.611828 359.660112 359.847350 359.815639 360.385516 0.000000 0.000000
0.000000 0.000000 28.254788 29.202973 29.648591 30.688729 30.204478 30.321684 30.000909 29.796229 29.868281 30.210807 29.872820 29.668524 30.277545 29.897404 29.079179 28.471966 27.801549 0.000000 0.000000
0.000000 0.000000 147.411607 148.790199 141.654876 139.670696 140.864906 136.144975 135.369396 135.465202 134.074410 132.936244 134.052156 132.604610 135.152185 140.005749 139.495294 142.846271 145.519545 0.000000 0.000000
0.000000 0.000000 1446.166085 1450.437887 1455.635688 1438.207945 1427.199416 1418.980641 1421.628166 1416.070744 1419.946085 1424.121745 1424.455091 1424.803040 1434.255941 1433.250900 1439.326612 1444.582492 1446.411847 0.000000 0.000000
0.000000 0.000000 2727.363292 2721.717089 2717.840014 2714.691007 2708.368634 2705.121459 2702.489378 2704.355153 2703.769666 2701.042466 2697.447936 2699.331761 2699.250942 2712.259619 2716.276525 2716.556891 2719.437804 0.000000 0.000000
0.000000 0.000000 3497.062179 3492.460007 3487.648690 3483.784697 3472.835854 3457.294361 3458.664227 3455.301089 3458.162186 3457.303852 3460.212940 3462.485029 3477.206147 3486.406463 3492.594189 3496.536369 3500.104907 0.000000 0.000000
0.000000 0.000000 4045.952985 4046.096786 4046.695368 4042.150275 4040.227203 4035.361875 4036.080314 4036.408760 4033.763877 4034.540799 4033.576766 4032.772051 4036.235038 4039.739607 4041.774856 4041.411150 4042.657025 0.000000 0.000000
0.000000 0.000000 4734.360086 4734.040589 4731.319531 4728.940488 4724.144675 4715.365719 4715.673444 4713.902334 4714.188359 4714.673840 4714.065719 4715.071685 4720.623724 4728.615494 4728.604015 4730.309147 4734.058840 0.000000 0.000000
0.000000 0.000000 5544.944895 5543.013035 5543.120844 5539.066714 5529.848895 5524.630884 5526.298992 5525.442534 5525.335350 5525.184566 5524.477838 5523.236862 5531.008995 5537.909119 5540.163329 5541.385897 5542.790970 0.000000 0.000000
0.000000 0.000000 6402.991644 6400.994389 6399.439143 6397.107417 6393.943470 6383.128412 6383.470670 6381.005966 6380.895507 6381.798509 6380.995169 6381.295581 6386.748503 6389.733586 6394.520670 6396.809152 6399.922441 0.000000 0.000000
0.000000 0.000000 7296.938202 7296.024079 7293.394414 7286.368222 7281.097362 7272.705121 7271.755162 7271.448444 7271.348148 7270.328881 7270.268366 7270.579481 7280.165912 7286.439790 7289.855378 7291.229436 7308.483209 0.000000 0.000000
0.000000 0.000000 8198.585441 8196.488215 8194.102351 8191.054722 8182.977873 8162.784707 8163.110565 8161.365779 8161.054956 8161.525134 8160.259288 8161.211728 8178.448669 8186.968243 8190.257404 8191.974445 8194.378771 0.000000 0.000000
0.000000 0.000000 9163.481758 9160.165273 9157.866678 9153.663664 9132.430774 9140.794657 9134.847156 9133.994071 9134.198926 9134.350502 9133.430771 9133.648822 9127.830919 9147.812111 9151.797589 9157.389412 9157.314208 0.000000 0.000000
0.000000 0.000000 10195.073433 10190.101730 10185.061899 10170.753965 10167.681621 10150.892777 10142.567907 10140.893064 10136.230304 10135.749292 10137.278788 10135.351557 10147.062595 10155.428080 10178.651843 10174.254212 10175.741428 0.000000 0.000000
0.000000 0.000000 11227.247683 11226.626025 11203.804196 11207.259189 11206.114826 11205.024569 11208.119741 11208.273224 11211.079034 11210.699336 11207.641410 11213.638597 11211.508820 11210.272528 11198.031525 11224.619473 11229.535920 0.000000 0.000000
0.000000 0.000000 12400.387876 12373.024952 12364.229960 12355.581493 12339.087938 12332.276517 12330.516162 12329.697323 12325.410138 12325.555941 12326.378895 12323.725886 12329.213033 12347.445152 12361.925254 12362.307109 12389.853702 0.000000 0.000000
0.000000 0.000000 13259.888946 13264.332076 13289.008562 13278.536949 13271.226161 13245.210159 13243.456439 13240.564780 13242.404294 13241.962112 13240.545069 13242.829402 13267.642105 13276.979682 13289.612279 13260.726166 13262.028938 0.000000 0.000000
0.000000 0.000000 0.000000 0.000000 0.000000 0.000000 0.000000 0.000000 0.000000 0.000000 0.000000 0.000000 0.000000 0.000000 0.000000 0.000000 0.000000 0.000000 0.000000 0.000000 0.000000
0.000000 0.000000 0.000000 0.000000 0.000000 0.000000 0.000000 0.000000 0.000000 0.000000 0.000000 0.000000 0.000000 0.000000 0.000000 0.000000 0.000000 0.000000 0.000000 0.000000 0.000000