geotop/1.0zi/1.0Montebello/Templates/testdem/maps/_Erotot2011.asc
ncols         21
nrows         20
xllcorner     100.000000
yllcorner     100.000000
cellsize      50.000000
NODATA_value  -9999.0
0.000000 0.000000 0.000000 0.000000 0.000000 0.000000 0.000000 0.000000 0.000000 0.000000 0.000000 0.000000 0.000000 0.000000 0.000000 0.000000 0.000000 0.000000 0.000000 0.000000 0.000000
0.000000 0.000000 201.486340 201.488515 201.525513 201.512736 201.474450 201.489144 201.491481 201.481963 201.483556 201.481963 201.491481 201.489144 201.474450 201.512736 201.525513 201.488515 201.486340 0.000000 0.000000
0.000000 0.000000 10.707904 10.486957 8.706399 10.550776 10.754969 10.731649 10.739498 10.750280 10.746732 10.750280 10.739498 10.731649 10.754969 10.550776 8.706399 10.486957 10.707904 0.000000 0.000000
0.000000 0.000000 1402.413727 1402.204851 1402.397015 1400.331336 1402.574869 1402.117599 1402.146413 1402.882973 1402.901755 1402.882973 1402.146413 1402.117599 1402.574869 1400.331336 1402.397015 1402.204851 1402.413727 0.000000 0.000000
0.000000 0.000000 2833.262825 2833.050582 2832.449307 2833.133806 2833.580473 2833.384368 2833.340940 2833.505840 2833.475910 2833.505840 2833.340940 2833.384368 2833.580473 2833.133806 2832.449307 2833.050582 2833.262825 0.000000 0.000000
0.000000 0.000000 3681.953330 3681.786311 3681.174453 3681.290983 3682.167486 3681.895549 3681.922300 3682.241915 3682.283605 3682.241915 3681.922300 3681.895549 3682.167486 3681.290983 3681.174453 3681.786311 3681.953330 0.000000 0.000000
0.000000 0.000000 4816.565192 4816.431312 4815.866191 4815.983803 4816.731736 4816.498968 4816.531464 4816.814634 4816.869245 4816.814634 4816.531464 4816.498968 4816.731736 4815.983803 4815.866191 4816.431312 4816.565192 0.000000 0.000000
0.000000 0.000000 5894.188134 5894.077882 5893.549317 5893.671187 5894.321616 5894.121990 5894.151208 5894.404651 5894.459989 5894.404651 5894.151208 5894.121990 5894.321616 5893.671187 5893.549317 5894.077882 5894.188134 0.000000 0.000000
0.000000 0.000000 6908.774446 6908.672864 6908.168202 6908.288469 6908.894943 6908.710112 6908.737534 6908.976788 6909.031753 6908.976788 6908.737534 6908.710112 6908.894943 6908.288469 6908.168202 6908.672864 6908.774446 0.000000 0.000000
0.000000 0.000000 7872.151470 7872.076551 7871.581776 7871.739863 7872.258248 7872.093412 7872.125394 7872.342852 7872.396141 7872.342852 7872.125394 7872.093412 7872.258248 7871.739863 7871.581776 7872.076551 7872.151470 0.000000 0.000000
0.000000 0.000000 8789.804208 8789.720151 8789.243342 8789.375679 8789.909214 8789.743869 8789.771362 8789.987207 8790.038259 8789.987207 8789.771362 8789.743869 8789.909214 8789.375679 8789.243342 8789.720151 8789.804208 0.000000 0.000000
0.000000 0.000000 9670.384489 9670.298391 9669.836718 9669.961911 9670.484617 9670.325270 9670.351446 9670.561130 9670.612130 9670.561130 9670.351446 9670.325270 9670.484617 9669.961911 9669.836718 9670.298391 9670.384489 0.000000 0.000000
0.000000 0.000000 10522.905119 10522.822122 10522.365753 10522.491636 10522.998061 10522.842135 10522.868357 10523.073453 10523.122959 10523.073453 10522.868357 10522.842135 10522.998061 10522.491636 10522.365753 10522.822122 10522.905119 0.000000 0.000000
0.000000 0.000000 11350.441698 11350.365358 11349.916636 11350.061417 11350.531941 11350.381700 11350.409550 11350.607460 11350.655763 11350.607460 11350.409550 11350.381700 11350.531941 11350.061417 11349.916636 11350.365358 11350.441698 0.000000 0.000000
0.000000 0.000000 12156.622969 12156.543788 12156.096364 12156.229834 12156.708375 12156.558583 12156.585068 12156.782691 12156.829915 12156.782691 12156.585068 12156.558583 12156.708375 12156.229834 12156.096364 12156.543788 12156.622969 0.000000 0.000000
0.000000 0.000000 12943.334641 12943.256645 12942.819615 12942.945984 12943.414418 12943.268696 12943.294934 12943.488073 12943.534860 12943.488073 12943.294934 12943.268696 12943.414418 12942.945984 12942.819615 12943.256644 12943.334636 0.000000 0.000000
0.000000 0.000000 13709.381705 13709.304413 13708.867546 13708.997224 13709.459527 13709.314146 13709.339787 13709.529796 13709.575209 13709.529796 13709.339787 13709.314146 13709.459527 13708.997224 13708.867545 13709.304392 13709.381246 0.000000 0.000000
0.000000 0.000000 14488.942035 14489.200732 14488.771376 14488.896098 14489.356842 14489.212374 14489.235815 14489.423907 14489.468232 14489.423907 14489.235815 14489.212374 14489.356842 14488.896097 14488.771357 14489.197295 14489.273841 0.000000 0.000000
0.000000 0.000000 0.000000 0.000000 0.000000 0.000000 0.000000 0.000000 0.000000 0.000000 0.000000 0.000000 0.000000 0.000000 0.000000 0.000000 0.000000 0.000000 0.000000 0.000000 0.000000
0.000000 0.000000 0.000000 0.000000 0.000000 0.000000 0.000000 0.000000 0.000000 0.000000 0.000000 0.000000 0.000000 0.000000 0.000000 0.000000 0.000000 0.000000 0.000000 0.000000 0.000000