geotop/1.0zi/1.0Montebello/Templates/testdem/maps/_Erotot136g.asc
ncols         21
nrows         20
xllcorner     100.000000
yllcorner     100.000000
cellsize      50.000000
NODATA_value  -9999.0
0.000000 0.000000 0.000000 0.000000 0.000000 0.000000 0.000000 0.000000 0.000000 0.000000 0.000000 0.000000 0.000000 0.000000 0.000000 0.000000 0.000000 0.000000 0.000000 0.000000 0.000000
0.000000 0.000000 964.877636 964.307969 962.947266 961.033411 959.669955 958.881073 959.349743 960.033558 959.951217 959.129406 959.086770 959.162648 960.743417 961.263906 964.075601 964.721174 965.306140 0.000000 0.000000
0.000000 0.000000 67.930546 68.850710 67.338540 70.285266 69.606286 68.906552 69.247603 68.068525 69.006748 71.245507 68.984424 69.029148 68.552731 68.071228 65.858753 65.172377 68.314953 0.000000 0.000000
0.000000 0.000000 915.851714 923.350799 902.537283 893.083213 896.613594 886.008253 885.574124 888.477544 880.302656 880.880812 885.964917 890.112540 893.659616 906.875707 912.279571 912.884638 917.546125 0.000000 0.000000
0.000000 0.000000 5929.497201 5915.176926 5919.848120 5877.256847 5845.231961 5827.636376 5822.692849 5816.787769 5821.614273 5828.446413 5829.028611 5817.609816 5843.102849 5850.243002 5869.997118 5884.279732 5885.279064 0.000000 0.000000
0.000000 0.000000 8343.314494 8340.239785 8330.271792 8330.208461 8300.685556 8286.325530 8289.331851 8287.926273 8280.029715 8273.547270 8271.991378 8275.747608 8278.005395 8309.502197 8309.387881 8318.881068 8319.599032 0.000000 0.000000
0.000000 0.000000 10234.521316 10228.753045 10222.384294 10207.468058 10199.856814 10154.145476 10150.990611 10147.203279 10145.644487 10149.289326 10148.530087 10150.037824 10189.559739 10194.967744 10206.269725 10212.290347 10216.655790 0.000000 0.000000
0.000000 0.000000 12476.543330 12472.249465 12463.485040 12438.886928 12426.835370 12418.240054 12414.952829 12413.009841 12409.504144 12406.887223 12405.016215 12412.270615 12411.568899 12426.166480 12444.810695 12443.039967 12449.478565 0.000000 0.000000
0.000000 0.000000 15310.465151 15302.941067 15290.002463 15282.238449 15261.882848 15231.524210 15232.030039 15227.140615 15221.554623 15220.093076 15222.954923 15215.517925 15247.211656 15266.969740 15272.028965 15278.547192 15280.883829 0.000000 0.000000
0.000000 0.000000 18708.678547 18694.793833 18685.463933 18672.823163 18651.991526 18625.048459 18619.071591 18617.678570 18608.335248 18613.264198 18620.074813 18617.926785 18629.194508 18656.586203 18668.591381 18675.567969 18674.084508 0.000000 0.000000
0.000000 0.000000 22652.773465 22643.125540 22638.324771 22588.167374 22588.040637 22545.776867 22556.652250 22531.437686 22537.350011 22531.956363 22518.744437 22534.381123 22554.530696 22563.479888 22585.229714 22591.915579 22615.234959 0.000000 0.000000
0.000000 0.000000 27209.431476 27185.752802 27153.577744 27149.381762 27132.387635 27081.533637 27068.744609 27076.832839 27079.298213 27063.749275 27072.149296 27064.109836 27106.625408 27131.943013 27134.526469 27144.467222 27177.857197 0.000000 0.000000
0.000000 0.000000 31860.813263 31841.880410 31843.481336 31808.265435 31782.709568 31661.927086 31651.699809 31646.528596 31585.921703 31627.331361 31627.264066 31640.034118 31727.032823 31740.150058 31793.640124 31799.818855 31789.810102 0.000000 0.000000
0.000000 0.000000 36463.408461 36469.740370 36429.601670 36417.063084 36287.484516 36392.408429 36357.872443 36357.514427 36388.411712 36356.075943 36352.809528 36331.366658 36241.033843 36395.607308 36384.237333 36419.843981 36437.088959 0.000000 0.000000
0.000000 0.000000 39461.315158 39450.345774 39438.991793 39361.048732 39417.916875 39358.362889 39347.140484 39344.419865 39324.467521 39318.950219 39328.301483 39329.890679 39381.814598 39314.953158 39431.289800 39399.233932 39388.316106 0.000000 0.000000
0.000000 0.000000 41284.160094 41280.008410 41225.103846 41251.539007 41253.631898 41249.922860 41278.372334 41266.204447 41278.591974 41272.774040 41262.922309 41277.013935 41272.267722 41276.900963 41209.726311 41293.003077 41284.955580 0.000000 0.000000
0.000000 0.000000 42753.344041 42704.921998 42743.050284 42709.545671 42688.506809 42684.119129 42663.030232 42670.124164 42648.119388 42651.360149 42661.554690 42653.290436 42663.874972 42668.130649 42733.125357 42673.001518 42720.466754 0.000000 0.000000
0.000000 0.000000 43301.044960 43374.845141 43401.917315 43411.413085 43424.500997 43386.978091 43402.697693 43387.651634 43411.945365 43407.592034 43403.584665 43409.554152 43439.132163 43426.393312 43403.380174 43386.930577 43317.140355 0.000000 0.000000
0.000000 0.000000 0.000000 0.000000 0.000000 0.000000 0.000000 0.000000 0.000000 0.000000 0.000000 0.000000 0.000000 0.000000 0.000000 0.000000 0.000000 0.000000 0.000000 0.000000 0.000000
0.000000 0.000000 0.000000 0.000000 0.000000 0.000000 0.000000 0.000000 0.000000 0.000000 0.000000 0.000000 0.000000 0.000000 0.000000 0.000000 0.000000 0.000000 0.000000 0.000000 0.000000