geotop/1.0zi/1.0Montebello/Templates/testdem/maps/_Erotot9696.asc
ncols         21
nrows         20
xllcorner     100.000000
yllcorner     100.000000
cellsize      50.000000
NODATA_value  -9999.0
0.000000 0.000000 0.000000 0.000000 0.000000 0.000000 0.000000 0.000000 0.000000 0.000000 0.000000 0.000000 0.000000 0.000000 0.000000 0.000000 0.000000 0.000000 0.000000 0.000000 0.000000
0.000000 0.000000 811.930143 812.080788 810.900813 810.438124 808.865778 808.428246 808.524506 808.583250 808.936968 808.376304 808.235334 808.269315 809.234447 809.816987 811.177493 812.412050 813.062192 0.000000 0.000000
0.000000 0.000000 61.261950 59.913355 60.207400 59.985690 60.719949 60.227586 59.864671 59.710514 59.947099 60.102907 60.273702 60.347109 60.233157 59.747449 58.723481 57.826623 58.614186 0.000000 0.000000
0.000000 0.000000 536.546360 540.394175 525.977353 518.513225 517.943607 509.941903 517.010019 518.954980 515.058071 515.972651 520.273575 519.686449 528.513629 539.054657 541.959129 540.472997 545.924949 0.000000 0.000000
0.000000 0.000000 4520.335029 4514.581849 4510.939440 4472.345383 4446.057521 4430.621417 4423.102337 4417.118795 4422.974283 4428.594469 4428.608535 4422.728021 4442.824380 4449.092995 4467.948163 4479.321826 4480.318913 0.000000 0.000000
0.000000 0.000000 6721.051153 6714.521893 6709.730606 6711.894449 6683.892822 6671.136401 6674.871295 6673.602303 6668.190146 6661.615238 6659.424298 6663.684064 6665.557303 6692.879650 6693.046471 6700.458614 6702.381015 0.000000 0.000000
0.000000 0.000000 8259.921478 8253.850388 8250.031150 8237.003477 8230.137590 8193.503624 8192.820601 8189.548210 8187.949751 8191.968242 8192.503298 8193.682840 8229.203335 8233.516783 8243.123475 8246.091689 8251.172976 0.000000 0.000000
0.000000 0.000000 9897.289038 9893.275753 9886.600009 9870.904373 9860.372727 9856.232715 9856.818417 9854.366343 9853.261860 9849.245928 9848.589819 9855.762993 9854.280540 9865.801290 9881.552529 9879.173158 9885.402071 0.000000 0.000000
0.000000 0.000000 11974.367280 11968.091462 11959.242886 11953.404957 11935.762566 11912.697607 11915.883792 11911.575832 11907.366225 11906.920105 11910.227050 11903.696454 11930.854988 11946.521331 11949.372465 11953.190798 11955.666014 0.000000 0.000000
0.000000 0.000000 14404.450381 14394.224041 14389.883540 14380.642408 14364.678369 14344.722287 14343.588991 14341.215063 14335.595622 14339.995894 14343.443783 14342.726149 14351.481132 14373.306960 14381.770273 14385.965120 14385.137561 0.000000 0.000000
0.000000 0.000000 17127.334199 17122.260727 17118.536239 17082.953034 17082.367454 17053.120820 17061.550331 17042.779826 17047.719808 17043.346860 17035.306336 17047.114366 17063.802582 17069.369929 17085.660568 17089.073789 17107.839742 0.000000 0.000000
0.000000 0.000000 20188.407001 20172.701930 20152.075512 20149.055577 20136.262626 20102.194215 20100.535554 20102.257061 20108.323739 20092.098736 20100.616022 20097.236733 20128.410606 20144.766715 20146.990017 20153.326239 20179.849742 0.000000 0.000000
0.000000 0.000000 23456.885167 23445.668588 23447.276848 23424.209322 23403.879886 23323.326966 23317.559653 23314.719090 23274.510509 23301.323051 23302.770785 23311.218756 23372.369392 23382.180770 23419.210225 23418.694204 23423.306257 0.000000 0.000000
0.000000 0.000000 27359.920269 27358.649748 27328.167695 27312.227851 27201.443102 27264.091032 27235.427048 27236.327526 27255.956933 27236.728608 27234.905363 27219.958829 27158.760032 27289.186178 27288.835407 27321.454954 27337.111009 0.000000 0.000000
0.000000 0.000000 31503.737544 31491.458898 31471.478722 31341.280623 31416.502385 31328.621204 31308.129752 31299.864405 31268.306892 31256.896234 31271.070134 31273.452970 31352.216807 31272.877517 31456.165047 31407.760880 31395.948052 0.000000 0.000000
0.000000 0.000000 35016.801923 35008.974390 34865.627964 34957.825411 34933.923800 34945.629735 35019.472967 34998.289481 35035.838968 35029.182401 35001.091959 35036.846029 35010.916272 35039.744156 34844.337035 35075.481077 35066.395084 0.000000 0.000000
0.000000 0.000000 38045.872164 37924.270706 37990.214311 37935.271808 37871.611888 37855.801113 37808.273546 37822.651294 37776.603901 37783.524610 37809.089835 37784.338023 37819.158009 37856.031986 37984.018639 37863.708461 37993.208184 0.000000 0.000000
0.000000 0.000000 38950.629662 39029.513203 39111.574739 39105.198283 39102.292628 39035.446001 39044.438611 39021.846408 39053.108795 39047.506380 39048.246327 39051.237701 39104.998875 39110.154006 39120.539358 39044.597260 38967.384894 0.000000 0.000000
0.000000 0.000000 0.000000 0.000000 0.000000 0.000000 0.000000 0.000000 0.000000 0.000000 0.000000 0.000000 0.000000 0.000000 0.000000 0.000000 0.000000 0.000000 0.000000 0.000000 0.000000
0.000000 0.000000 0.000000 0.000000 0.000000 0.000000 0.000000 0.000000 0.000000 0.000000 0.000000 0.000000 0.000000 0.000000 0.000000 0.000000 0.000000 0.000000 0.000000 0.000000 0.000000