geotop/1.0zi/1.0Montebello/Templates/testdem/maps/_Erotot005v.asc
ncols         21
nrows         20
xllcorner     100.000000
yllcorner     100.000000
cellsize      50.000000
NODATA_value  -9999.0
0.000000 0.000000 0.000000 0.000000 0.000000 0.000000 0.000000 0.000000 0.000000 0.000000 0.000000 0.000000 0.000000 0.000000 0.000000 0.000000 0.000000 0.000000 0.000000 0.000000 0.000000
0.000000 0.000000 829.658567 829.808901 828.615336 828.209843 826.593895 826.098909 826.281196 826.272129 826.670931 826.110735 825.922210 825.964695 826.975308 827.558467 828.917014 830.094534 830.795619 0.000000 0.000000
0.000000 0.000000 62.009439 60.688122 61.046482 60.778477 61.627183 61.172336 60.741542 60.657781 60.841165 61.022334 61.214362 61.268782 61.120300 60.606371 59.582955 58.701109 59.430141 0.000000 0.000000
0.000000 0.000000 565.432501 570.510442 553.675486 544.792497 543.852081 535.770260 542.975347 544.920163 540.982594 542.267082 546.628396 546.104489 554.898525 565.633410 568.460562 566.930453 572.406147 0.000000 0.000000
0.000000 0.000000 4700.348595 4693.714348 4689.940707 4648.611492 4622.333716 4606.485934 4598.615908 4593.747201 4598.272181 4603.839950 4603.652949 4597.332671 4618.736647 4625.204159 4644.789829 4656.781409 4657.552962 0.000000 0.000000
0.000000 0.000000 7000.584370 6994.201822 6988.268864 6989.478305 6960.004469 6946.384033 6950.436507 6949.642321 6943.342042 6936.658560 6934.224043 6938.482795 6941.352214 6969.149292 6969.456373 6977.011481 6978.540754 0.000000 0.000000
0.000000 0.000000 8600.702392 8594.555512 8590.117861 8575.594186 8568.990116 8530.684280 8530.113050 8527.265894 8525.091649 8529.188880 8529.567099 8530.666192 8567.166545 8571.422340 8581.339167 8584.593464 8589.537459 0.000000 0.000000
0.000000 0.000000 10331.476684 10327.405649 10319.620792 10302.019664 10290.823185 10286.878390 10287.263313 10285.379585 10283.466781 10279.531390 10278.767940 10285.847828 10284.915901 10296.877977 10313.117340 10310.967808 10317.036572 0.000000 0.000000
0.000000 0.000000 12534.798232 12528.249211 12518.061161 12510.334588 12491.900587 12467.856646 12471.093827 12467.277334 12462.141604 12461.662895 12464.929336 12458.096975 12486.628815 12502.891176 12506.066762 12510.216870 12512.502039 0.000000 0.000000
0.000000 0.000000 15119.540132 15108.892780 15103.520423 15091.860869 15075.039282 15053.933557 15052.713289 15050.949828 15044.134580 15048.737647 15052.165702 15051.048525 15061.127218 15083.935604 15092.990372 15097.373645 15096.430210 0.000000 0.000000
0.000000 0.000000 18034.836036 18029.360440 18024.194633 17984.987481 17984.025597 17952.962563 17961.761327 17942.892781 17946.988124 17942.438521 17933.864433 17945.919550 17964.320530 17970.307122 17987.479184 17991.245101 18010.499240 0.000000 0.000000
0.000000 0.000000 21334.895776 21318.226147 21295.017826 21290.046380 21275.806557 21239.439159 21237.396836 21240.501628 21245.600599 21228.562998 21237.552101 21233.239228 21267.442722 21285.107722 21287.628996 21294.385761 21321.791113 0.000000 0.000000
0.000000 0.000000 24867.513183 24855.793096 24856.574310 24829.787430 24807.562481 24719.388199 24713.450475 24710.875764 24666.203039 24695.783998 24696.745796 24705.672141 24773.196473 24783.562369 24823.773031 24823.442293 24826.505160 0.000000 0.000000
0.000000 0.000000 29063.209496 29062.581435 29027.786975 29009.464997 28887.801461 28960.491917 28929.543406 28931.853834 28954.569982 28931.828778 28929.968490 28912.321733 28844.129398 28986.145116 28983.978518 29019.369164 29035.892034 0.000000 0.000000
0.000000 0.000000 33320.390438 33307.643464 33288.258817 33151.055032 33236.978157 33141.628003 33122.459719 33114.669014 33078.919478 33069.237505 33083.255775 33086.922817 33172.706220 33082.543575 33272.794552 33221.254200 33207.527944 0.000000 0.000000
0.000000 0.000000 36597.157156 36590.113701 36459.694203 36545.523462 36521.467231 36533.548250 36601.625337 36582.869540 36617.003555 36611.274338 36585.430627 36617.359160 36593.153856 36622.252471 36439.496738 36650.617977 36641.879375 0.000000 0.000000
0.000000 0.000000 39202.739432 39107.323036 39155.087778 39115.265435 39063.042363 39062.317411 39027.513621 39038.971309 39003.891190 39009.371826 39027.886393 39010.516953 39026.717634 39055.949603 39149.162545 39062.591986 39164.013450 0.000000 0.000000
0.000000 0.000000 40118.290339 40176.010279 40246.113915 40240.851567 40235.762615 40179.101895 40185.875560 40168.447458 40191.335264 40187.349624 40188.948450 40189.482307 40236.526768 40243.470610 40251.911507 40185.302823 40128.996455 0.000000 0.000000
0.000000 0.000000 0.000000 0.000000 0.000000 0.000000 0.000000 0.000000 0.000000 0.000000 0.000000 0.000000 0.000000 0.000000 0.000000 0.000000 0.000000 0.000000 0.000000 0.000000 0.000000
0.000000 0.000000 0.000000 0.000000 0.000000 0.000000 0.000000 0.000000 0.000000 0.000000 0.000000 0.000000 0.000000 0.000000 0.000000 0.000000 0.000000 0.000000 0.000000 0.000000 0.000000