geotop/1.0zi/1.0Montebello/Templates/testdem/maps/_Erotot4335.asc
ncols         21
nrows         20
xllcorner     100.000000
yllcorner     100.000000
cellsize      50.000000
NODATA_value  -9999.0
0.000000 0.000000 0.000000 0.000000 0.000000 0.000000 0.000000 0.000000 0.000000 0.000000 0.000000 0.000000 0.000000 0.000000 0.000000 0.000000 0.000000 0.000000 0.000000 0.000000 0.000000
0.000000 0.000000 328.924499 328.483841 328.289129 328.141687 328.167303 328.223337 328.261094 328.259600 328.245956 328.249362 328.250834 328.294112 328.163929 328.184457 328.359577 328.273337 328.367699 0.000000 0.000000
0.000000 0.000000 26.430357 27.008186 27.281901 27.950644 27.496083 27.505557 27.081017 27.013698 27.066458 27.422237 27.158794 27.046872 27.592515 27.372620 26.499216 25.960102 25.838252 0.000000 0.000000
0.000000 0.000000 139.439119 140.681235 133.589543 131.145943 132.090630 126.937179 126.107268 125.691041 124.933350 124.476397 125.622629 124.346328 127.127976 132.103634 132.818440 135.098900 137.757022 0.000000 0.000000
0.000000 0.000000 1313.025145 1315.882970 1321.656569 1316.532438 1310.252685 1306.331510 1309.930379 1304.422280 1307.850060 1311.371376 1309.832845 1305.669117 1309.854792 1306.656310 1307.161251 1308.623083 1309.305665 0.000000 0.000000
0.000000 0.000000 2514.629777 2508.570082 2500.229694 2492.164286 2485.132954 2481.295117 2478.574167 2480.471210 2480.107971 2477.267129 2473.241464 2475.490362 2475.890531 2488.744085 2494.770882 2495.680028 2499.644411 0.000000 0.000000
0.000000 0.000000 3166.157370 3161.649219 3158.141387 3154.082963 3146.376511 3132.463016 3134.312843 3131.035300 3133.610996 3132.771902 3134.791369 3136.063945 3149.692203 3156.588447 3163.556643 3167.552492 3169.804558 0.000000 0.000000
0.000000 0.000000 3611.811169 3611.521111 3611.648553 3606.667563 3605.977042 3602.367703 3603.233121 3603.580540 3601.049046 3602.187150 3600.344212 3598.461024 3601.083746 3604.828801 3606.371564 3605.422198 3606.904241 0.000000 0.000000
0.000000 0.000000 4234.386163 4233.532851 4229.784685 4228.230597 4224.405957 4215.995168 4216.518198 4214.678922 4215.177657 4215.495579 4214.296185 4214.355530 4218.796869 4226.219933 4226.142959 4227.360358 4231.024241 0.000000 0.000000
0.000000 0.000000 4945.494234 4943.380357 4942.209153 4938.140707 4930.338577 4926.236861 4927.989006 4927.134660 4927.011358 4927.052546 4925.644190 4923.414771 4929.931415 4936.073077 4938.430700 4939.217500 4940.658926 0.000000 0.000000
0.000000 0.000000 5696.696709 5694.360910 5691.397400 5688.920001 5687.237118 5677.624918 5678.162340 5675.644107 5675.784384 5676.601899 5675.079447 5674.207196 5678.272427 5680.745988 5685.128552 5687.046151 5690.177268 0.000000 0.000000
0.000000 0.000000 6477.916971 6476.027767 6472.750747 6465.736493 6461.416706 6454.216552 6453.484093 6453.007881 6452.972079 6452.155536 6451.355135 6450.713092 6459.070282 6464.775253 6468.040805 6468.970262 6485.842776 0.000000 0.000000
0.000000 0.000000 7259.525023 7256.947316 7253.367314 7250.185589 7243.688483 7226.172019 7226.654908 7224.951562 7224.726835 7225.250193 7223.294412 7223.224121 7237.511052 7245.305190 7248.280830 7249.669886 7252.104281 0.000000 0.000000
0.000000 0.000000 8092.554994 8089.091889 8085.246114 8080.902577 8063.478965 8071.272816 8066.083876 8065.064939 8065.314722 8065.444077 8063.889941 8063.214199 8057.456316 8074.739288 8078.306566 8083.265994 8083.345943 0.000000 0.000000
0.000000 0.000000 8980.444046 8974.681325 8968.894085 8957.032218 8954.510392 8939.596709 8932.218200 8930.603740 8926.342725 8925.665354 8926.264880 8923.413941 8933.241298 8941.282386 8961.253444 8957.039931 8958.519025 0.000000 0.000000
0.000000 0.000000 9862.477884 9861.302158 9840.568924 9842.691291 9842.841879 9842.353917 9845.036907 9844.960336 9847.482621 9847.326152 9843.780235 9847.873950 9844.970387 9843.868917 9833.575678 9855.328836 9859.864767 0.000000 0.000000
0.000000 0.000000 10861.411913 10838.860274 10829.115058 10821.116528 10807.680577 10802.150039 10800.837118 10800.097205 10796.399416 10796.590796 10796.133876 10793.026824 10796.818468 10812.630664 10825.325570 10826.208492 10848.597344 0.000000 0.000000
0.000000 0.000000 11606.631312 11608.010446 11625.886352 11615.956576 11610.280110 11590.888794 11589.716640 11587.022626 11588.332162 11587.948536 11585.940486 11586.334250 11604.331189 11612.894034 11624.210760 11600.530715 11603.493774 0.000000 0.000000
0.000000 0.000000 0.000000 0.000000 0.000000 0.000000 0.000000 0.000000 0.000000 0.000000 0.000000 0.000000 0.000000 0.000000 0.000000 0.000000 0.000000 0.000000 0.000000 0.000000 0.000000
0.000000 0.000000 0.000000 0.000000 0.000000 0.000000 0.000000 0.000000 0.000000 0.000000 0.000000 0.000000 0.000000 0.000000 0.000000 0.000000 0.000000 0.000000 0.000000 0.000000 0.000000