geotop/1.0zi/1.0Montebello/Templates/testdem/maps/_Erotot4075.asc
ncols         21
nrows         20
xllcorner     100.000000
yllcorner     100.000000
cellsize      50.000000
NODATA_value  -9999.0
0.000000 0.000000 0.000000 0.000000 0.000000 0.000000 0.000000 0.000000 0.000000 0.000000 0.000000 0.000000 0.000000 0.000000 0.000000 0.000000 0.000000 0.000000 0.000000 0.000000 0.000000
0.000000 0.000000 301.129720 300.689583 300.499020 300.352122 300.379016 300.433340 300.471071 300.469620 300.455979 300.459375 300.460812 300.504612 300.376058 300.395060 300.569197 300.478714 300.572055 0.000000 0.000000
0.000000 0.000000 23.685921 24.237220 24.509674 25.216339 24.852864 24.871558 24.444733 24.375218 24.429857 24.804036 24.569808 24.399043 24.886879 24.648774 23.768325 23.205875 23.079954 0.000000 0.000000
0.000000 0.000000 137.488770 138.953544 131.926865 129.293097 130.054030 124.875204 124.053762 123.643001 122.882885 122.407453 123.524412 122.332375 125.233010 130.248844 131.001884 133.371321 136.072531 0.000000 0.000000
0.000000 0.000000 1292.545904 1297.586140 1304.289325 1299.512254 1293.454226 1290.240369 1293.705801 1288.085437 1291.528014 1295.108295 1293.709461 1289.778631 1293.604597 1290.300822 1290.402343 1292.163919 1291.711357 0.000000 0.000000
0.000000 0.000000 2414.431174 2408.963273 2404.468279 2402.886288 2398.975167 2395.466191 2393.698867 2396.084846 2395.294671 2392.423818 2387.996440 2388.114352 2387.525770 2399.286356 2405.394426 2404.896131 2408.182915 0.000000 0.000000
0.000000 0.000000 3001.421656 2996.178531 2991.443770 2984.662416 2976.137177 2961.864858 2963.016713 2959.545579 2962.623362 2962.194348 2964.848580 2966.772581 2980.300938 2987.268661 2994.312094 2998.753431 3001.474550 0.000000 0.000000
0.000000 0.000000 3440.372697 3440.756433 3440.900872 3436.754964 3436.555047 3433.564899 3434.316077 3434.893432 3432.298179 3433.267768 3431.276284 3429.037579 3431.365533 3434.854898 3436.431165 3435.548819 3436.741780 0.000000 0.000000
0.000000 0.000000 4038.120636 4037.495488 4034.161048 4033.562522 4030.133078 4021.611107 4021.953660 4020.151395 4020.662572 4020.930940 4019.898605 4019.618883 4024.278933 4031.584287 4031.367970 4032.555891 4035.971982 0.000000 0.000000
0.000000 0.000000 4715.160180 4713.541626 4712.902650 4709.855218 4702.669274 4698.732659 4700.314621 4699.556616 4699.451730 4699.500607 4698.221177 4695.664348 4701.974505 4707.860968 4710.122575 4710.870025 4712.000762 0.000000 0.000000
0.000000 0.000000 5428.184328 5426.454672 5424.186564 5422.781013 5421.861787 5412.605278 5413.025316 5410.644751 5410.762055 5411.560639 5410.075546 5408.745266 5412.534196 5414.752632 5419.002305 5420.871563 5423.654946 0.000000 0.000000
0.000000 0.000000 6167.977194 6166.631390 6164.067742 6158.202108 6154.631219 6147.772417 6146.929159 6146.567317 6146.529907 6145.737121 6144.996587 6143.936607 6151.940003 6157.335427 6160.470028 6161.365685 6177.745306 0.000000 0.000000
0.000000 0.000000 6906.582192 6904.617295 6901.827747 6899.751980 6894.113948 6877.732738 6878.109507 6876.541526 6876.297269 6876.800952 6874.902041 6874.322253 6887.592771 6895.030572 6897.862932 6899.204813 6901.288244 0.000000 0.000000
0.000000 0.000000 7692.577877 7689.819406 7686.801187 7683.621499 7667.995141 7675.948810 7670.826513 7669.853286 7670.153311 7670.216961 7668.718498 7667.544381 7661.606325 7677.642710 7681.119069 7685.967607 7685.670590 0.000000 0.000000
0.000000 0.000000 8527.660697 8522.567343 8517.771337 8508.315026 8506.670037 8492.405271 8485.045007 8483.605946 8479.422816 8478.780670 8479.375048 8476.090443 8485.380657 8492.942923 8511.480765 8507.334555 8508.396689 0.000000 0.000000
0.000000 0.000000 9354.261343 9353.805695 9335.393426 9338.714575 9339.804057 9339.696316 9342.095688 9342.120920 9344.507575 9344.368506 9341.020862 9344.390745 9341.200730 9339.854273 9329.763650 9349.785786 9353.759389 0.000000 0.000000
0.000000 0.000000 10289.440232 10269.695853 10261.390836 10255.195482 10243.374342 10238.643020 10237.259990 10236.690570 10233.147605 10233.337745 10232.832750 10229.411559 10232.431816 10247.105891 10258.975979 10259.613619 10279.593987 0.000000 0.000000
0.000000 0.000000 10990.206053 10992.203391 11009.773633 11001.766926 10997.505333 10979.939838 10978.727182 10976.275018 10977.402688 10977.063780 10975.202259 10974.883201 10991.148702 10998.866899 11009.311469 10986.918913 10989.310564 0.000000 0.000000
0.000000 0.000000 0.000000 0.000000 0.000000 0.000000 0.000000 0.000000 0.000000 0.000000 0.000000 0.000000 0.000000 0.000000 0.000000 0.000000 0.000000 0.000000 0.000000 0.000000 0.000000
0.000000 0.000000 0.000000 0.000000 0.000000 0.000000 0.000000 0.000000 0.000000 0.000000 0.000000 0.000000 0.000000 0.000000 0.000000 0.000000 0.000000 0.000000 0.000000 0.000000 0.000000