geotop/1.0zi/1.0Montebello/Templates/testdem/maps/_Erotot4109.asc
ncols         21
nrows         20
xllcorner     100.000000
yllcorner     100.000000
cellsize      50.000000
NODATA_value  -9999.0
0.000000 0.000000 0.000000 0.000000 0.000000 0.000000 0.000000 0.000000 0.000000 0.000000 0.000000 0.000000 0.000000 0.000000 0.000000 0.000000 0.000000 0.000000 0.000000 0.000000 0.000000
0.000000 0.000000 302.130133 301.689766 301.498759 301.351260 301.377449 301.431250 301.468961 301.467461 301.453854 301.457242 301.458715 301.502542 301.374561 301.394193 301.568909 301.478932 301.572787 0.000000 0.000000
0.000000 0.000000 23.764912 24.315934 24.588372 25.294963 24.931506 24.950020 24.523213 24.453740 24.508352 24.882534 24.648271 24.477435 24.965382 24.727308 23.846971 23.284853 23.159145 0.000000 0.000000
0.000000 0.000000 137.474116 138.860645 131.800456 129.174085 129.940156 124.788647 123.957900 123.544472 122.783309 122.310891 123.434192 122.251135 125.132941 130.148339 130.887404 133.266860 135.950519 0.000000 0.000000
0.000000 0.000000 1311.977141 1315.848543 1321.670372 1316.398802 1310.038479 1306.083095 1309.700267 1304.174491 1307.612594 1311.116354 1309.571786 1305.495994 1309.745924 1306.568045 1307.115002 1308.639096 1309.333853 0.000000 0.000000
0.000000 0.000000 2436.199952 2430.927680 2426.674522 2425.178889 2421.259603 2417.873339 2416.076286 2418.441203 2417.651934 2414.795563 2410.404972 2410.540675 2409.897057 2421.697728 2427.739417 2427.287581 2430.349292 0.000000 0.000000
0.000000 0.000000 3023.482111 3018.118826 3013.294296 3006.462046 2997.904470 2983.494284 2984.661017 2981.199156 2984.278008 2983.840715 2986.478221 2988.377962 3002.021156 3009.007782 3016.099718 3020.522225 3023.352925 0.000000 0.000000
0.000000 0.000000 3466.936704 3467.107228 3467.096371 3462.855470 3462.581582 3459.465888 3460.238053 3460.821046 3458.223892 3459.190477 3457.179829 3454.910639 3457.315302 3460.841630 3462.500543 3461.578813 3462.987394 0.000000 0.000000
0.000000 0.000000 4069.959090 4069.109137 4065.617142 4064.928595 4061.420921 4052.748091 4053.111577 4051.324927 4051.834667 4052.088506 4051.035970 4050.727324 4055.486835 4062.836664 4062.700612 4063.849275 4067.480468 0.000000 0.000000
0.000000 0.000000 4752.657349 4750.817767 4750.028453 4746.889694 4739.623776 4735.541848 4737.145604 4736.400678 4736.294476 4736.332582 4735.032691 4732.443305 4738.855637 4744.785356 4747.127628 4747.838835 4749.177552 0.000000 0.000000
0.000000 0.000000 5471.748162 5469.803702 5467.389382 5465.895932 5464.904722 5455.497896 5455.939434 5453.568791 5453.684679 5454.474155 5452.968873 5451.607192 5455.495155 5457.750212 5462.083452 5463.919427 5466.906645 0.000000 0.000000
0.000000 0.000000 6218.027656 6216.470360 6213.762836 6207.804004 6204.155650 6197.148872 6196.323179 6195.975490 6195.935056 6195.130538 6194.371415 6193.279464 6201.392131 6206.834572 6210.048020 6210.910713 6227.512293 0.000000 0.000000
0.000000 0.000000 6963.356849 6961.179911 6958.249359 6956.091881 6950.372248 6933.749195 6934.145623 6932.591252 6932.342152 6932.838569 6930.916201 6930.307724 6943.766446 6951.256214 6954.169644 6955.479137 6957.752815 0.000000 0.000000
0.000000 0.000000 7756.929612 7753.950753 7750.796678 7747.529272 7731.703664 7739.612039 7734.497237 7733.538485 7733.836889 7733.890011 7732.369011 7731.159562 7725.234597 7741.433816 7744.995348 7749.821769 7749.712721 0.000000 0.000000
0.000000 0.000000 8600.262079 8594.953233 8589.997571 8580.312232 8578.669647 8564.270948 8556.913048 8555.481689 8551.278181 8550.625776 8551.207353 8547.876710 8557.242825 8564.791969 8583.581488 8579.381094 8580.637947 0.000000 0.000000
0.000000 0.000000 9435.545022 9434.867741 9416.127701 9419.484088 9420.564055 9420.382246 9422.829142 9422.875264 9425.276628 9425.128102 9421.736107 9425.102464 9421.936909 9420.542123 9410.378156 9430.595138 9434.783794 0.000000 0.000000
0.000000 0.000000 10380.657898 10360.405346 10352.002612 10345.734345 10333.823646 10328.978892 10327.614890 10327.056491 10323.482101 10323.667633 10323.157020 10319.661559 10322.750011 10337.495560 10349.474194 10349.986236 10370.427994 0.000000 0.000000
0.000000 0.000000 11088.137049 11090.080061 11107.816228 11099.737014 11095.434689 11077.606698 11076.410132 11073.957551 11075.106790 11074.755948 11072.857803 11072.525734 11088.996969 11096.727885 11107.280432 11084.540071 11086.992790 0.000000 0.000000
0.000000 0.000000 0.000000 0.000000 0.000000 0.000000 0.000000 0.000000 0.000000 0.000000 0.000000 0.000000 0.000000 0.000000 0.000000 0.000000 0.000000 0.000000 0.000000 0.000000 0.000000
0.000000 0.000000 0.000000 0.000000 0.000000 0.000000 0.000000 0.000000 0.000000 0.000000 0.000000 0.000000 0.000000 0.000000 0.000000 0.000000 0.000000 0.000000 0.000000 0.000000 0.000000