geotop/1.0zi/1.0Montebello/Templates/testdem/maps/_Erotot9649.asc
ncols         21
nrows         20
xllcorner     100.000000
yllcorner     100.000000
cellsize      50.000000
NODATA_value  -9999.0
0.000000 0.000000 0.000000 0.000000 0.000000 0.000000 0.000000 0.000000 0.000000 0.000000 0.000000 0.000000 0.000000 0.000000 0.000000 0.000000 0.000000 0.000000 0.000000 0.000000 0.000000
0.000000 0.000000 811.887112 812.038144 810.858541 810.396183 808.824195 808.387122 808.483372 808.542123 808.895838 808.335176 808.194208 808.228190 809.192857 809.775059 811.135211 812.369414 813.019178 0.000000 0.000000
0.000000 0.000000 61.258356 59.909524 60.203590 59.981961 60.716239 60.223889 59.860976 59.706811 59.943401 60.099210 60.270006 60.343419 60.229448 59.743705 58.719690 57.822789 58.610520 0.000000 0.000000
0.000000 0.000000 532.303040 536.154063 521.718442 514.304375 513.749671 505.778628 512.844732 514.777732 510.877668 511.791329 516.091096 515.502570 524.323217 534.839413 537.731225 536.229028 541.649300 0.000000 0.000000
0.000000 0.000000 4499.814146 4494.109143 4490.511609 4452.065574 4425.823061 4410.485740 4402.934486 4397.007408 4402.831316 4408.458520 4408.476051 4402.745545 4422.575514 4428.751377 4447.476109 4458.841788 4459.802495 0.000000 0.000000
0.000000 0.000000 6694.387425 6687.843471 6683.057162 6685.194910 6657.277217 6644.583472 6648.318858 6647.030514 6641.613810 6635.039184 6632.848039 6637.092949 6638.955208 6666.193985 6666.378792 6673.786638 6675.728649 0.000000 0.000000
0.000000 0.000000 8224.501648 8218.432754 8214.625993 8201.633549 8194.787843 8158.281492 8157.608094 8154.309822 8152.707456 8156.729541 8157.265572 8158.439810 8193.864032 8198.151939 8207.728112 8210.683648 8215.768728 0.000000 0.000000
0.000000 0.000000 9849.598226 9845.582047 9838.929615 9823.290500 9812.832577 9808.761689 9809.339139 9806.872476 9805.768688 9801.751316 9801.096636 9808.266331 9806.747729 9818.189052 9833.885411 9831.496616 9837.729487 0.000000 0.000000
0.000000 0.000000 11912.818588 11906.553969 11897.737620 11891.945286 11874.389549 11851.447113 11854.627472 11850.309310 11846.099315 11845.654916 11848.956505 11842.439899 11869.494989 11885.064825 11887.877875 11891.678142 11894.155464 0.000000 0.000000
0.000000 0.000000 14326.376797 14316.174717 14311.858564 14302.682301 14286.821325 14266.999401 14265.871774 14263.477154 14257.865516 14262.253617 14265.690499 14264.976960 14273.653050 14295.352534 14303.753195 14307.927986 14307.112705 0.000000 0.000000
0.000000 0.000000 17028.859545 17023.790992 17020.100293 16984.696098 16984.147650 16955.101143 16963.490594 16944.780698 16949.682839 16945.333500 16937.340994 16949.088103 16965.662023 16971.158343 16987.352106 16990.735508 17009.432320 0.000000 0.000000
0.000000 0.000000 20064.621566 20048.996391 20028.499960 20025.465110 20012.822611 19978.998556 19977.385553 19979.006196 19985.033273 19968.906350 19977.344089 19974.031300 20004.964042 20021.139434 20023.338342 20029.656400 20056.047424 0.000000 0.000000
0.000000 0.000000 23304.879269 23293.675945 23295.218504 23272.363515 23252.185229 23172.510905 23166.757433 23163.928422 23124.072975 23150.587267 23152.058482 23160.410169 23220.937817 23230.635940 23267.328408 23266.818050 23271.575654 0.000000 0.000000
0.000000 0.000000 27174.556168 27173.213542 27143.003616 27127.075815 27017.591370 27079.039652 27050.627408 27051.437746 27070.605990 27051.718769 27049.944899 27035.197335 26975.012174 27103.972608 27103.812483 27136.112309 27151.651478 0.000000 0.000000
0.000000 0.000000 31299.576787 31287.308200 31267.232089 31137.913823 31211.706692 31124.764721 31104.155046 31095.911193 31064.676735 31053.185713 31067.234977 31069.498063 31147.442280 31069.623917 31251.654385 31203.764352 31192.172155 0.000000 0.000000
0.000000 0.000000 34831.299066 34823.347224 34679.022282 34771.005419 34747.242248 34758.591459 34832.791157 34811.403753 34849.031052 34842.269901 34814.060776 34850.075722 34824.376850 34853.056296 34657.450748 34889.831691 34880.694429 0.000000 0.000000
0.000000 0.000000 37908.790476 37784.100446 37851.830178 37795.019077 37729.837582 37713.524464 37664.610365 37679.314339 37631.993364 37639.073310 37665.414007 37639.824946 37675.587413 37713.519589 37845.476731 37721.630038 37854.381908 0.000000 0.000000
0.000000 0.000000 38809.314695 38891.597016 38976.155115 38969.936284 38967.573524 38898.532563 38908.117347 38884.770613 38917.376622 38911.515341 38911.976353 38915.448824 38970.904293 38975.653139 38985.487959 38907.744458 38827.112152 0.000000 0.000000
0.000000 0.000000 0.000000 0.000000 0.000000 0.000000 0.000000 0.000000 0.000000 0.000000 0.000000 0.000000 0.000000 0.000000 0.000000 0.000000 0.000000 0.000000 0.000000 0.000000 0.000000
0.000000 0.000000 0.000000 0.000000 0.000000 0.000000 0.000000 0.000000 0.000000 0.000000 0.000000 0.000000 0.000000 0.000000 0.000000 0.000000 0.000000 0.000000 0.000000 0.000000 0.000000