geotop/1.0zi/1.0Montebello/Templates/testdem/maps/_Erotot2617.asc
ncols         21
nrows         20
xllcorner     100.000000
yllcorner     100.000000
cellsize      50.000000
NODATA_value  -9999.0
0.000000 0.000000 0.000000 0.000000 0.000000 0.000000 0.000000 0.000000 0.000000 0.000000 0.000000 0.000000 0.000000 0.000000 0.000000 0.000000 0.000000 0.000000 0.000000 0.000000 0.000000
0.000000 0.000000 247.778083 247.780779 247.784836 247.904684 247.772254 247.776427 247.751604 247.792627 247.804582 247.792627 247.751604 247.776427 247.772254 247.904684 247.784836 247.780779 247.778083 0.000000 0.000000
0.000000 0.000000 13.869455 13.647803 11.896631 13.617302 13.910876 13.897229 13.929895 13.895373 13.882965 13.895373 13.929895 13.897229 13.910876 13.617302 11.896631 13.647803 13.869455 0.000000 0.000000
0.000000 0.000000 1816.790494 1816.469385 1816.802747 1814.936192 1816.941513 1816.383787 1816.377769 1817.208816 1817.367223 1817.208816 1816.377769 1816.383787 1816.941513 1814.936192 1816.802747 1816.469385 1816.790494 0.000000 0.000000
0.000000 0.000000 3718.180803 3718.010309 3717.351122 3717.944811 3718.488432 3718.346080 3718.312354 3718.463465 3718.429474 3718.463465 3718.312354 3718.346080 3718.488432 3717.944811 3717.351122 3718.010309 3718.180803 0.000000 0.000000
0.000000 0.000000 4821.188590 4820.983372 4820.422172 4820.575419 4821.385589 4821.092045 4821.111291 4821.456983 4821.550117 4821.456983 4821.111291 4821.092045 4821.385589 4820.575419 4820.422172 4820.983372 4821.188590 0.000000 0.000000
0.000000 0.000000 6287.179371 6287.008777 6286.495731 6286.638102 6287.330094 6287.076259 6287.100889 6287.407963 6287.509919 6287.407963 6287.100889 6287.076259 6287.330094 6286.638102 6286.495731 6287.008777 6287.179371 0.000000 0.000000
0.000000 0.000000 7668.399206 7668.256116 7667.779009 7667.923598 7668.518254 7668.300168 7668.322271 7668.597061 7668.694469 7668.597061 7668.322271 7668.300168 7668.518254 7667.923598 7667.779009 7668.256116 7668.399206 0.000000 0.000000
0.000000 0.000000 8953.278642 8953.147982 8952.695382 8952.839339 8953.385394 8953.184576 8953.205272 8953.463113 8953.555959 8953.463113 8953.205272 8953.184576 8953.385394 8952.839339 8952.695382 8953.147982 8953.278642 0.000000 0.000000
0.000000 0.000000 10164.028140 10163.926095 10163.484864 10163.666868 10164.122025 10163.942722 10163.967969 10164.202338 10164.290343 10164.202338 10163.967969 10163.942722 10164.122025 10163.666868 10163.484864 10163.926095 10164.028140 0.000000 0.000000
0.000000 0.000000 11305.141514 11305.032900 11304.612041 11304.769435 11305.234406 11305.056088 11305.077193 11305.307823 11305.390572 11305.307823 11305.077193 11305.056088 11305.234406 11304.769435 11304.612041 11305.032900 11305.141514 0.000000 0.000000
0.000000 0.000000 12393.269917 12393.161192 12392.756781 12392.908038 12393.357774 12393.187118 12393.206968 12393.429601 12393.510550 12393.429601 12393.206968 12393.187118 12393.357774 12392.908038 12392.756781 12393.161192 12393.269917 0.000000 0.000000
0.000000 0.000000 13437.801077 13437.697507 13437.300062 13437.452597 13437.882180 13437.716222 13437.736151 13437.952570 13438.030072 13437.952570 13437.736151 13437.716222 13437.882180 13437.452597 13437.300062 13437.697507 13437.801077 0.000000 0.000000
0.000000 0.000000 14443.644302 14443.548624 14443.160909 14443.331389 14443.723142 14443.564074 14443.585540 14443.793311 14443.868433 14443.793311 14443.585540 14443.564074 14443.723142 14443.331389 14443.160909 14443.548624 14443.644302 0.000000 0.000000
0.000000 0.000000 15414.740013 15414.642530 15414.259189 15414.418281 15414.814750 15414.657275 15414.677303 15414.882925 15414.955781 15414.882925 15414.677303 15414.657275 15414.814750 15414.418281 15414.259189 15414.642530 15414.740013 0.000000 0.000000
0.000000 0.000000 16353.442768 16353.347560 16352.975608 16353.127778 16353.511579 16353.358991 16353.378838 16353.578822 16353.649817 16353.578822 16353.378838 16353.358991 16353.511579 16353.127778 16352.975608 16353.347560 16353.442763 0.000000 0.000000
0.000000 0.000000 17262.418435 17262.324915 17261.955694 17262.110819 17262.485133 17262.334765 17262.354068 17262.549083 17262.617835 17262.549083 17262.354068 17262.334765 17262.485133 17262.110819 17261.955694 17262.324894 17262.418027 0.000000 0.000000
0.000000 0.000000 18181.849729 18182.170300 18181.808048 18181.958869 18182.327959 18182.181040 18182.198389 18182.389707 18182.455707 18182.389707 18182.198389 18182.181040 18182.327959 18181.958869 18181.808029 18182.166786 18182.256899 0.000000 0.000000
0.000000 0.000000 0.000000 0.000000 0.000000 0.000000 0.000000 0.000000 0.000000 0.000000 0.000000 0.000000 0.000000 0.000000 0.000000 0.000000 0.000000 0.000000 0.000000 0.000000 0.000000
0.000000 0.000000 0.000000 0.000000 0.000000 0.000000 0.000000 0.000000 0.000000 0.000000 0.000000 0.000000 0.000000 0.000000 0.000000 0.000000 0.000000 0.000000 0.000000 0.000000 0.000000