geotop/1.0zi/1.0Montebello/Templates/testdem/maps/_Erotot6806.asc
ncols         21
nrows         20
xllcorner     100.000000
yllcorner     100.000000
cellsize      50.000000
NODATA_value  -9999.0
0.000000 0.000000 0.000000 0.000000 0.000000 0.000000 0.000000 0.000000 0.000000 0.000000 0.000000 0.000000 0.000000 0.000000 0.000000 0.000000 0.000000 0.000000 0.000000 0.000000 0.000000
0.000000 0.000000 544.575511 545.375450 545.036519 545.284772 544.680378 544.678751 544.638204 544.801553 545.209174 544.550073 544.440881 544.533920 544.799861 544.754465 545.479846 545.737399 545.791652 0.000000 0.000000
0.000000 0.000000 42.459426 41.318949 41.406187 41.550390 41.792649 41.623470 41.437995 41.223287 41.466077 41.736297 41.629599 41.854556 41.655680 41.448033 40.171263 39.386047 40.066719 0.000000 0.000000
0.000000 0.000000 225.965184 228.128188 217.122098 214.419480 214.273985 208.888118 208.234103 208.044794 207.157096 206.323146 208.430443 207.115910 213.622128 219.587671 220.492719 221.586706 226.824777 0.000000 0.000000
0.000000 0.000000 2294.095003 2297.239908 2300.770886 2280.682834 2266.398590 2253.193828 2256.329592 2252.081087 2257.626631 2263.042918 2258.439546 2256.809130 2268.950690 2271.484531 2279.381198 2287.200488 2289.037002 0.000000 0.000000
0.000000 0.000000 4015.656761 4010.030295 4006.975649 4000.180165 3987.415241 3979.915472 3978.426169 3978.443160 3974.986926 3969.473797 3968.346435 3971.489101 3971.058536 3988.640411 3997.236768 4003.587081 4005.483101 0.000000 0.000000
0.000000 0.000000 5183.067986 5180.238950 5176.306013 5171.132777 5157.977810 5140.006038 5139.594851 5135.629111 5137.482636 5141.392344 5142.955091 5143.423021 5166.744893 5176.293167 5180.409426 5182.205737 5187.696904 0.000000 0.000000
0.000000 0.000000 5995.693275 5996.667061 5994.243587 5986.191793 5985.192772 5977.208776 5977.751987 5977.878566 5976.931047 5973.847712 5973.161729 5978.265819 5978.833672 5982.342309 5992.799750 5990.779860 5995.466133 0.000000 0.000000
0.000000 0.000000 7109.772954 7106.241599 7100.636265 7101.299425 7092.646563 7080.353856 7081.255647 7077.561190 7075.440559 7075.918744 7077.885757 7072.253831 7087.818712 7100.137113 7100.594603 7102.864289 7104.511404 0.000000 0.000000
0.000000 0.000000 8392.847722 8390.082888 8391.032933 8388.609309 8371.552673 8363.758344 8364.264625 8363.576732 8361.149210 8364.405305 8367.545781 8366.203012 8370.859352 8382.819241 8388.813078 8389.600191 8390.887854 0.000000 0.000000
0.000000 0.000000 9783.586081 9783.001276 9781.266204 9764.657129 9761.524012 9748.401464 9753.090122 9741.932268 9745.292466 9744.458290 9738.465673 9746.818246 9753.149727 9755.269777 9765.096888 9770.758391 9780.350503 0.000000 0.000000
0.000000 0.000000 11256.295139 11250.257984 11244.094098 11241.428021 11234.605104 11218.290756 11216.289051 11215.926909 11222.961494 11214.272629 11217.098675 11216.913706 11234.919638 11240.802420 11242.564075 11244.864184 11265.971573 0.000000 0.000000
0.000000 0.000000 12764.624198 12761.353318 12761.381861 12751.788684 12746.742591 12712.273260 12710.774218 12710.087113 12693.306388 12703.143845 12707.533479 12710.537900 12733.357571 12739.015993 12756.585648 12755.622563 12763.647385 0.000000 0.000000
0.000000 0.000000 14443.929755 14446.035224 14436.171464 14433.026769 14395.577167 14406.551317 14394.596713 14395.685483 14399.042427 14397.197876 14395.553161 14391.747285 14377.680574 14420.078221 14425.578990 14439.955776 14448.441472 0.000000 0.000000
0.000000 0.000000 16283.811890 16277.474604 16271.757418 16234.573308 16236.920104 16218.124102 16202.390807 16200.618196 16193.355302 16185.862565 16189.516851 16187.657537 16209.525912 16210.260795 16268.066358 16256.285392 16255.879849 0.000000 0.000000
0.000000 0.000000 18199.752749 18198.093203 18143.468871 18148.841362 18153.922737 18144.519309 18169.459811 18158.461488 18168.981978 18162.411180 18155.195324 18168.761241 18171.651342 18171.828729 18137.470161 18213.498418 18207.080898 0.000000 0.000000
0.000000 0.000000 20434.146065 20361.956667 20365.577964 20347.186975 20307.573446 20299.092846 20283.669979 20288.734066 20267.161254 20268.593451 20277.922531 20273.186261 20290.931290 20313.084557 20364.316938 20343.477166 20422.085854 0.000000 0.000000
0.000000 0.000000 21780.032593 21820.242750 21894.332797 21886.364340 21874.048810 21812.978182 21816.226675 21796.057334 21818.450634 21814.231046 21818.860311 21817.488870 21870.524660 21882.162451 21907.512181 21835.546859 21797.011808 0.000000 0.000000
0.000000 0.000000 0.000000 0.000000 0.000000 0.000000 0.000000 0.000000 0.000000 0.000000 0.000000 0.000000 0.000000 0.000000 0.000000 0.000000 0.000000 0.000000 0.000000 0.000000 0.000000
0.000000 0.000000 0.000000 0.000000 0.000000 0.000000 0.000000 0.000000 0.000000 0.000000 0.000000 0.000000 0.000000 0.000000 0.000000 0.000000 0.000000 0.000000 0.000000 0.000000 0.000000