geotop/1.0zi/1.0Montebello/Templates/testdem/maps/_Erotot0886.asc
ncols         21
nrows         20
xllcorner     100.000000
yllcorner     100.000000
cellsize      50.000000
NODATA_value  -9999.0
0.000000 0.000000 0.000000 0.000000 0.000000 0.000000 0.000000 0.000000 0.000000 0.000000 0.000000 0.000000 0.000000 0.000000 0.000000 0.000000 0.000000 0.000000 0.000000 0.000000 0.000000
0.000000 0.000000 78.752726 78.753963 78.788374 78.762434 78.747665 78.753998 78.755320 78.750995 78.751503 78.750995 78.755320 78.753998 78.747665 78.762434 78.788374 78.753963 78.752726 0.000000 0.000000
0.000000 0.000000 7.330058 7.112395 5.339083 7.198519 7.361508 7.355993 7.368988 7.375429 7.374627 7.375429 7.368988 7.355993 7.361508 7.198519 5.339083 7.112395 7.330058 0.000000 0.000000
0.000000 0.000000 759.032911 758.593389 758.841293 756.533616 759.032098 758.848092 758.685891 758.969227 758.907228 758.969227 758.685891 758.848092 759.032098 756.533616 758.841293 758.593389 759.032911 0.000000 0.000000
0.000000 0.000000 1332.379702 1332.112650 1331.412619 1332.064856 1332.495753 1332.355716 1332.311126 1332.424684 1332.413508 1332.424684 1332.311126 1332.355716 1332.495753 1332.064856 1331.412619 1332.112650 1332.379702 0.000000 0.000000
0.000000 0.000000 1776.783634 1776.508001 1775.851156 1775.911738 1776.834041 1776.730278 1776.673179 1776.787156 1776.770035 1776.787156 1776.673179 1776.730278 1776.834041 1775.911738 1775.851156 1776.508001 1776.783634 0.000000 0.000000
0.000000 0.000000 2319.329461 2319.104609 2318.501187 2318.579203 2319.361749 2319.287421 2319.244914 2319.336087 2319.319172 2319.336087 2319.244914 2319.287421 2319.361749 2318.579203 2318.501187 2319.104609 2319.329461 0.000000 0.000000
0.000000 0.000000 2834.360478 2834.162188 2833.597759 2833.684962 2834.379930 2834.324196 2834.287863 2834.364758 2834.349681 2834.364758 2834.287863 2834.324196 2834.379930 2833.684962 2833.597759 2834.162188 2834.360478 0.000000 0.000000
0.000000 0.000000 3322.285582 3322.100891 3321.562019 3321.648851 3322.299230 3322.251676 3322.218844 3322.288615 3322.274362 3322.288615 3322.218844 3322.251676 3322.299230 3321.648851 3321.562019 3322.100891 3322.285582 0.000000 0.000000
0.000000 0.000000 3790.852216 3790.696845 3790.166924 3790.294037 3790.858095 3790.825638 3790.800058 3790.854430 3790.840560 3790.854430 3790.800058 3790.825638 3790.858095 3790.294037 3790.166924 3790.696845 3790.852216 0.000000 0.000000
0.000000 0.000000 4241.479719 4241.314459 4240.801265 4240.902782 4241.486829 4241.450227 4241.421974 4241.479621 4241.465198 4241.479621 4241.421974 4241.450227 4241.486829 4240.902782 4240.801265 4241.314459 4241.479719 0.000000 0.000000
0.000000 0.000000 4678.739109 4678.570915 4678.069734 4678.162057 4678.742051 4678.707466 4678.679863 4678.737197 4678.724071 4678.737197 4678.679863 4678.707466 4678.742051 4678.162057 4678.069734 4678.570915 4678.739109 0.000000 0.000000
0.000000 0.000000 5106.538890 5106.372541 5105.877083 5105.971023 5106.540019 5106.506403 5106.479353 5106.535237 5106.522089 5106.535237 5106.479353 5106.506403 5106.540019 5105.971023 5105.877083 5106.372541 5106.538890 0.000000 0.000000
0.000000 0.000000 5526.383649 5526.223165 5525.732289 5525.847083 5526.382253 5526.353170 5526.328617 5526.379645 5526.366436 5526.379645 5526.328617 5526.353170 5526.382253 5525.847083 5525.732289 5526.223165 5526.383649 0.000000 0.000000
0.000000 0.000000 5940.426632 5940.262331 5939.772003 5939.875370 5940.424211 5940.394532 5940.369039 5940.421968 5940.408239 5940.421968 5940.369039 5940.394532 5940.424211 5939.875370 5939.772003 5940.262331 5940.426632 0.000000 0.000000
0.000000 0.000000 6349.819968 6349.658121 6349.178388 6349.276381 6349.817644 6349.789304 6349.764295 6349.815897 6349.801657 6349.815897 6349.764295 6349.789304 6349.817644 6349.276381 6349.178387 6349.658121 6349.819965 0.000000 0.000000
0.000000 0.000000 6752.846899 6752.682784 6752.201189 6752.300372 6752.844313 6752.814247 6752.788883 6752.841584 6752.826992 6752.841584 6752.788883 6752.814247 6752.844313 6752.300372 6752.201188 6752.682769 6752.846677 0.000000 0.000000
0.000000 0.000000 7173.564309 7173.614395 7173.135281 7173.223967 7173.776264 7173.744852 7173.719120 7173.773254 7173.758514 7173.773254 7173.719120 7173.744852 7173.776264 7173.223967 7173.135266 7173.612000 7173.778803 0.000000 0.000000
0.000000 0.000000 0.000000 0.000000 0.000000 0.000000 0.000000 0.000000 0.000000 0.000000 0.000000 0.000000 0.000000 0.000000 0.000000 0.000000 0.000000 0.000000 0.000000 0.000000 0.000000
0.000000 0.000000 0.000000 0.000000 0.000000 0.000000 0.000000 0.000000 0.000000 0.000000 0.000000 0.000000 0.000000 0.000000 0.000000 0.000000 0.000000 0.000000 0.000000 0.000000 0.000000