geotop/1.0zi/1.0Montebello/Templates/testdem/maps/_Erotot3692.asc
ncols         21
nrows         20
xllcorner     100.000000
yllcorner     100.000000
cellsize      50.000000
NODATA_value  -9999.0
0.000000 0.000000 0.000000 0.000000 0.000000 0.000000 0.000000 0.000000 0.000000 0.000000 0.000000 0.000000 0.000000 0.000000 0.000000 0.000000 0.000000 0.000000 0.000000 0.000000 0.000000
0.000000 0.000000 271.796621 271.310642 271.055981 270.908937 270.937282 270.995490 271.027405 271.025746 271.011622 271.018248 271.019316 271.060449 270.931526 270.950769 271.125665 271.098793 271.238099 0.000000 0.000000
0.000000 0.000000 21.610867 22.152614 22.427608 23.191000 23.249251 22.950961 23.094739 23.015149 23.081468 23.286868 22.922800 22.795023 22.703708 22.561041 21.760030 21.227376 21.110490 0.000000 0.000000
0.000000 0.000000 135.719459 136.944019 130.258985 127.955458 128.296697 123.391924 122.040686 121.667477 120.948972 120.675247 121.991022 120.709944 123.304834 128.264944 129.029097 131.487428 134.393310 0.000000 0.000000
0.000000 0.000000 1235.797245 1236.587431 1236.121049 1221.591280 1210.095949 1205.928768 1210.401332 1205.370477 1211.130709 1212.347505 1211.641824 1211.317356 1223.128072 1227.237013 1236.889762 1238.834958 1237.502813 0.000000 0.000000
0.000000 0.000000 2260.775954 2258.205643 2255.546492 2255.081894 2246.535823 2241.459290 2238.751797 2240.712717 2239.103593 2238.104426 2238.511897 2241.153054 2241.542173 2250.363270 2251.510829 2250.994104 2254.351324 0.000000 0.000000
0.000000 0.000000 2738.087156 2733.590586 2728.401699 2719.792944 2709.814174 2696.574431 2697.724174 2694.687034 2697.713048 2697.052035 2699.155442 2703.940808 2718.625001 2724.158071 2731.299494 2735.307193 2738.549186 0.000000 0.000000
0.000000 0.000000 3157.284907 3157.692075 3156.986701 3151.699210 3149.854208 3146.209120 3146.796537 3147.282847 3145.018813 3145.283386 3145.120632 3144.741424 3148.292566 3152.319592 3154.377414 3153.602477 3154.405666 0.000000 0.000000
0.000000 0.000000 3706.501410 3706.054080 3701.937018 3699.657469 3693.748287 3684.534324 3684.729301 3682.896853 3683.788826 3684.338356 3684.356285 3686.408648 3692.991977 3700.333108 3700.726756 3701.705197 3705.048098 0.000000 0.000000
0.000000 0.000000 4321.502249 4319.999346 4318.435990 4313.527813 4303.617229 4298.957299 4300.383013 4299.661481 4299.824032 4299.733923 4300.187064 4300.090218 4308.455627 4314.630056 4317.498436 4318.181646 4319.274323 0.000000 0.000000
0.000000 0.000000 4965.454853 4963.785164 4960.588049 4957.154053 4953.398688 4943.508343 4943.786646 4941.438549 4941.907058 4942.547652 4942.860971 4944.057641 4949.926708 4952.434654 4957.356259 4959.207354 4961.911687 0.000000 0.000000
0.000000 0.000000 5630.583957 5629.273346 5625.763154 5617.952644 5611.503547 5603.978694 5603.047932 5602.688350 5602.970453 5602.106188 5603.191765 5604.734705 5614.729649 5620.366822 5624.205799 5625.132387 5641.235810 0.000000 0.000000
0.000000 0.000000 6292.334642 6290.419540 6286.664569 6282.493476 6274.001292 6257.971539 6258.175590 6256.679531 6256.780362 6257.196431 6257.515456 6259.530664 6273.550588 6281.268986 6284.836601 6286.267458 6288.337739 0.000000 0.000000
0.000000 0.000000 6995.139185 6992.375619 6988.381624 6983.359993 6966.388477 6973.124283 6968.048372 6967.157474 6967.786664 6967.797878 6968.123503 6969.350036 6965.684159 6980.708341 6985.032301 6989.851754 6989.591044 0.000000 0.000000
0.000000 0.000000 7739.891959 7734.634467 7729.140020 7718.800350 7714.052354 7699.432464 7692.240228 7690.869166 7687.225214 7686.501772 7688.816855 7688.087283 7699.332367 7707.369646 7725.342953 7721.526234 7722.588301 0.000000 0.000000
0.000000 0.000000 8471.200371 8470.663210 8453.258775 8454.034707 8451.702271 8450.469103 8452.497294 8452.500215 8455.052430 8454.864187 8453.775758 8459.466469 8458.975048 8458.525855 8450.191680 8467.900870 8471.673370 0.000000 0.000000
0.000000 0.000000 9298.621179 9281.855318 9272.992962 9264.614318 9250.050970 9244.499811 9243.009825 9242.564867 9239.682564 9239.760889 9241.145872 9240.844002 9246.254142 9260.688788 9273.190606 9273.960999 9291.023171 0.000000 0.000000
0.000000 0.000000 9923.333214 9924.397686 9938.260271 9928.068562 9920.606421 9903.868011 9902.620852 9900.400618 9901.647906 9901.283810 9901.625771 9903.843469 9920.869273 9929.076927 9940.091952 9920.731065 9923.472920 0.000000 0.000000
0.000000 0.000000 0.000000 0.000000 0.000000 0.000000 0.000000 0.000000 0.000000 0.000000 0.000000 0.000000 0.000000 0.000000 0.000000 0.000000 0.000000 0.000000 0.000000 0.000000 0.000000
0.000000 0.000000 0.000000 0.000000 0.000000 0.000000 0.000000 0.000000 0.000000 0.000000 0.000000 0.000000 0.000000 0.000000 0.000000 0.000000 0.000000 0.000000 0.000000 0.000000 0.000000