geotop/1.0zi/1.0Montebello/Templates/testdem/maps/_Erotot4782.asc
ncols         21
nrows         20
xllcorner     100.000000
yllcorner     100.000000
cellsize      50.000000
NODATA_value  -9999.0
0.000000 0.000000 0.000000 0.000000 0.000000 0.000000 0.000000 0.000000 0.000000 0.000000 0.000000 0.000000 0.000000 0.000000 0.000000 0.000000 0.000000 0.000000 0.000000 0.000000 0.000000
0.000000 0.000000 360.489368 359.570415 359.285204 359.089945 359.065242 359.073822 359.115124 359.272559 359.229623 359.101451 359.182139 359.246696 359.136390 359.173936 359.370900 359.338715 359.903130 0.000000 0.000000
0.000000 0.000000 28.302383 29.250651 29.697526 30.735247 30.251813 30.369312 30.047658 29.845207 29.915126 30.258114 29.920463 29.726366 30.325275 29.948224 29.126186 28.519085 27.847895 0.000000 0.000000
0.000000 0.000000 136.802079 138.138069 131.090656 128.809493 129.999208 125.022475 124.235637 123.849230 122.967389 122.452691 123.492940 122.040273 124.662202 129.724378 130.232459 132.456211 135.093630 0.000000 0.000000
0.000000 0.000000 1392.703421 1396.967761 1402.125304 1384.929954 1373.949582 1365.882020 1368.474617 1362.887749 1366.818543 1370.777807 1371.131253 1371.516332 1380.897389 1379.832419 1385.318309 1391.065734 1392.913230 0.000000 0.000000
0.000000 0.000000 2678.615735 2672.954287 2669.090479 2665.920631 2659.666841 2656.418108 2653.768019 2655.470033 2655.066940 2652.450689 2648.840463 2650.731172 2650.626962 2663.620204 2667.782256 2667.877601 2670.750176 0.000000 0.000000
0.000000 0.000000 3432.852216 3428.219219 3423.423873 3419.550228 3408.622473 3393.149852 3394.481554 3390.909159 3394.008619 3393.299615 3396.194074 3398.483545 3413.098426 3422.340713 3428.664734 3432.397329 3435.960753 0.000000 0.000000
0.000000 0.000000 3964.565259 3964.670198 3965.276744 3960.724515 3958.818161 3953.954323 3954.624205 3954.734799 3952.344453 3953.277399 3952.303591 3951.522433 3954.947751 3958.483447 3960.647108 3960.083994 3961.327344 0.000000 0.000000
0.000000 0.000000 4635.634966 4635.281273 4632.580551 4630.190750 4625.412044 4616.658037 4616.910106 4614.925799 4615.466292 4616.105673 4615.487099 4616.515511 4622.019566 4630.029419 4630.141929 4631.652744 4635.395753 0.000000 0.000000
0.000000 0.000000 5428.139563 5426.172411 5426.291037 5422.231735 5413.050775 5407.859454 5409.468553 5408.394364 5408.541093 5408.548672 5407.833363 5406.623448 5414.326745 5421.243451 5423.603436 5424.643378 5426.047331 0.000000 0.000000
0.000000 0.000000 6267.161416 6265.129780 6263.587487 6261.239325 6258.092919 6247.330222 6247.618476 6244.945897 6245.089673 6246.150738 6245.338783 6245.661988 6251.056767 6254.070084 6258.942259 6261.053158 6264.156402 0.000000 0.000000
0.000000 0.000000 7140.784433 7139.836713 7137.236496 7130.227389 7124.989231 7116.642550 7115.648731 7115.114974 7115.274995 7114.428519 7114.352490 7114.691838 7124.173959 7130.451528 7133.956891 7135.161446 7152.320224 0.000000 0.000000
0.000000 0.000000 8021.072954 8018.942632 8016.574455 8013.509633 8005.485774 7985.612698 7985.873195 7983.914111 7983.875069 7984.505722 7983.241586 7984.211221 8001.134214 8009.631606 8012.999807 8014.544001 8016.971918 0.000000 0.000000
0.000000 0.000000 8961.743532 8958.419985 8956.129122 8951.928663 8931.101419 8939.235627 8933.288003 8932.199026 8932.675447 8933.006285 8932.081253 8932.333099 8926.666488 8946.296603 8950.349559 8955.725530 8955.672350 0.000000 0.000000
0.000000 0.000000 9967.919293 9962.910008 9957.982392 9944.113366 9940.854387 9924.204423 9915.909358 9914.028881 9909.706887 9909.388939 9910.867659 9909.013380 9920.622589 9929.107210 9951.848673 9947.392555 9948.876970 0.000000 0.000000
0.000000 0.000000 10973.955992 10973.307529 10951.122600 10954.218622 10952.975540 10951.735511 10954.654323 10954.538988 10957.537873 10957.334362 10954.367338 10960.237922 10958.243022 10957.242893 10945.606240 10971.224952 10976.060123 0.000000 0.000000
0.000000 0.000000 12116.204653 12089.809980 12080.980997 12072.413176 12056.184436 12049.410067 12047.634255 12046.596690 12042.725083 12043.025045 12043.757330 12041.303543 12046.698914 12064.621120 12078.889933 12079.430665 12106.045684 0.000000 0.000000
0.000000 0.000000 12957.412473 12961.126796 12984.605617 12974.185976 12966.806446 12941.499406 12939.723081 12936.664119 12938.641914 12938.376972 12937.024174 12939.198907 12963.304070 12972.735630 12985.240979 12957.473082 12959.286312 0.000000 0.000000
0.000000 0.000000 0.000000 0.000000 0.000000 0.000000 0.000000 0.000000 0.000000 0.000000 0.000000 0.000000 0.000000 0.000000 0.000000 0.000000 0.000000 0.000000 0.000000 0.000000 0.000000
0.000000 0.000000 0.000000 0.000000 0.000000 0.000000 0.000000 0.000000 0.000000 0.000000 0.000000 0.000000 0.000000 0.000000 0.000000 0.000000 0.000000 0.000000 0.000000 0.000000 0.000000