geotop/1.0zi/1.0Montebello/Templates/testdem/maps/_Erotot7805.asc
ncols         21
nrows         20
xllcorner     100.000000
yllcorner     100.000000
cellsize      50.000000
NODATA_value  -9999.0
0.000000 0.000000 0.000000 0.000000 0.000000 0.000000 0.000000 0.000000 0.000000 0.000000 0.000000 0.000000 0.000000 0.000000 0.000000 0.000000 0.000000 0.000000 0.000000 0.000000 0.000000
0.000000 0.000000 654.310658 655.126212 654.595269 654.719359 653.727419 653.903903 653.891021 653.954553 654.386739 653.712046 653.590438 653.642669 653.999580 654.135866 654.952381 655.480793 655.678029 0.000000 0.000000
0.000000 0.000000 50.984629 50.002839 49.935463 50.336858 50.972480 50.654226 50.358377 50.229544 50.463504 50.806813 50.830997 50.984094 50.740990 50.224257 48.938582 48.064767 48.587988 0.000000 0.000000
0.000000 0.000000 353.895029 355.071508 342.998012 337.345135 337.889904 326.569608 326.699001 327.496644 323.833619 322.085409 324.223740 324.366321 334.616377 341.679716 346.306759 349.244743 354.118577 0.000000 0.000000
0.000000 0.000000 3099.657525 3101.252460 3104.421886 3081.591413 3062.319565 3052.037421 3051.421025 3046.662278 3053.498159 3058.792438 3054.221702 3052.896283 3067.692220 3070.831997 3080.932600 3089.838378 3089.657853 0.000000 0.000000
0.000000 0.000000 4977.576599 4972.331068 4968.756614 4962.805905 4948.097822 4938.263808 4939.160627 4938.086040 4934.782617 4929.085769 4928.111976 4931.302341 4930.583980 4950.275384 4958.092480 4964.919390 4967.954373 0.000000 0.000000
0.000000 0.000000 6264.035866 6260.916097 6256.529581 6249.641324 6235.934957 6214.443012 6213.428188 6209.612877 6211.038364 6214.810392 6216.305898 6216.802356 6244.229422 6254.117346 6259.605884 6262.380166 6267.610230 0.000000 0.000000
0.000000 0.000000 7347.940477 7348.098112 7345.182167 7335.250729 7332.880264 7323.667882 7323.894787 7323.697610 7322.735903 7318.830654 7318.135913 7324.362260 7326.071581 7330.820690 7343.166039 7341.762783 7346.706030 0.000000 0.000000
0.000000 0.000000 8776.607738 8771.984088 8765.793157 8765.352331 8754.392378 8739.186511 8740.486329 8735.910874 8733.869663 8733.638432 8736.089511 8730.338284 8748.889063 8762.655796 8764.422632 8768.132596 8769.495361 0.000000 0.000000
0.000000 0.000000 10412.667022 10409.102469 10409.413092 10405.030175 10384.829675 10375.280152 10374.916449 10374.640197 10371.223908 10374.714491 10377.813205 10377.120672 10383.857116 10398.103770 10405.629474 10407.640352 10408.714868 0.000000 0.000000
0.000000 0.000000 12201.719592 12200.767053 12197.964690 12177.659778 12171.905769 12156.292682 12162.050883 12148.753003 12152.857862 12151.112777 12144.212556 12154.128096 12163.461908 12166.257564 12178.688939 12185.740085 12196.356696 0.000000 0.000000
0.000000 0.000000 14137.546372 14129.463388 14121.498396 14117.904737 14107.717019 14087.955887 14084.369740 14084.948309 14092.228521 14081.287866 14085.407348 14085.308158 14107.594961 14116.061274 14118.870580 14122.933189 14146.011550 0.000000 0.000000
0.000000 0.000000 16146.948757 16141.982589 16142.431574 16128.452585 16121.554634 16073.710755 16072.068632 16071.075208 16049.953293 16062.210191 16066.455022 16071.194485 16104.513204 16111.578954 16134.567099 16134.280156 16141.918909 0.000000 0.000000
0.000000 0.000000 18444.956599 18447.233938 18433.847085 18428.965660 18372.017135 18391.541912 18376.031326 18377.167623 18383.498577 18378.818744 18376.698394 18371.964612 18351.376458 18412.983945 18419.447978 18439.429601 18448.963931 0.000000 0.000000
0.000000 0.000000 21018.490215 21009.962603 21001.105793 20938.470009 20951.517402 20920.145841 20901.003419 20897.790152 20886.238779 20875.851320 20881.946787 20880.691362 20916.103328 20906.101458 20996.354325 20978.401733 20975.995155 0.000000 0.000000
0.000000 0.000000 23706.783770 23703.432490 23613.241236 23639.371569 23640.536282 23630.993247 23672.184388 23657.419108 23676.395719 23668.165591 23654.039083 23677.562335 23678.998927 23680.010219 23604.416204 23736.574553 23728.190763 0.000000 0.000000
0.000000 0.000000 26919.796000 26788.069998 26820.259782 26776.894498 26707.594438 26693.276717 26657.008429 26667.645446 26626.349555 26630.394122 26651.638685 26634.067844 26665.707149 26708.925764 26817.248888 26743.810104 26883.787510 0.000000 0.000000
0.000000 0.000000 28227.456103 28351.204847 28474.652554 28474.982349 28476.567519 28369.995491 28385.947935 28350.755063 28402.773154 28393.110138 28390.560644 28400.757517 28489.461630 28489.448064 28497.087116 28393.917532 28271.399511 0.000000 0.000000
0.000000 0.000000 0.000000 0.000000 0.000000 0.000000 0.000000 0.000000 0.000000 0.000000 0.000000 0.000000 0.000000 0.000000 0.000000 0.000000 0.000000 0.000000 0.000000 0.000000 0.000000
0.000000 0.000000 0.000000 0.000000 0.000000 0.000000 0.000000 0.000000 0.000000 0.000000 0.000000 0.000000 0.000000 0.000000 0.000000 0.000000 0.000000 0.000000 0.000000 0.000000 0.000000