geotop/1.0zi/1.0Montebello/Templates/testdem/maps/_Erotot4118.asc
ncols         21
nrows         20
xllcorner     100.000000
yllcorner     100.000000
cellsize      50.000000
NODATA_value  -9999.0
0.000000 0.000000 0.000000 0.000000 0.000000 0.000000 0.000000 0.000000 0.000000 0.000000 0.000000 0.000000 0.000000 0.000000 0.000000 0.000000 0.000000 0.000000 0.000000 0.000000 0.000000
0.000000 0.000000 302.130133 301.689766 301.498759 301.351260 301.377449 301.431250 301.468961 301.467461 301.453854 301.457242 301.458715 301.502542 301.374561 301.394193 301.568909 301.478932 301.572787 0.000000 0.000000
0.000000 0.000000 23.764912 24.315934 24.588372 25.294963 24.931506 24.950020 24.523213 24.453740 24.508352 24.882534 24.648271 24.477435 24.965382 24.727308 23.846971 23.284853 23.159145 0.000000 0.000000
0.000000 0.000000 137.474116 138.860645 131.800456 129.174085 129.940156 124.788647 123.957900 123.544472 122.783309 122.310891 123.434192 122.251135 125.132941 130.148339 130.887404 133.266860 135.950519 0.000000 0.000000
0.000000 0.000000 1312.064844 1315.923556 1321.739379 1316.462695 1310.099557 1306.138527 1309.756488 1304.231589 1307.669925 1311.172780 1309.626781 1305.550633 1309.804046 1306.627634 1307.177945 1308.701245 1309.402987 0.000000 0.000000
0.000000 0.000000 2436.800339 2431.517051 2427.256842 2425.756416 2421.833153 2418.440079 2416.643726 2419.009571 2418.220593 2415.363229 2410.971436 2411.106234 2410.466532 2422.270192 2428.316519 2427.863260 2430.933651 0.000000 0.000000
0.000000 0.000000 3024.179519 3018.795534 3013.959784 3007.121666 2998.558836 2984.137798 2985.305849 2981.845262 2984.924534 2984.485900 2987.121331 2989.019596 3002.670155 3009.659621 3016.757813 3021.177809 3024.020898 0.000000 0.000000
0.000000 0.000000 3468.086060 3468.214211 3468.180161 3463.923028 3463.638796 3460.499826 3461.275339 3461.860922 3459.264500 3460.228345 3458.213148 3455.941095 3458.359878 3461.892690 3463.564490 3462.637531 3464.075823 0.000000 0.000000
0.000000 0.000000 4071.638554 4070.728915 4067.203554 4066.492729 4062.970274 4054.265963 4054.634317 4052.851157 4053.361892 4053.611877 4052.552883 4052.240130 4057.018103 4064.377341 4064.259267 4065.400254 4069.073682 0.000000 0.000000
0.000000 0.000000 4755.181858 4753.265692 4752.432671 4749.265249 4741.979934 4737.857821 4739.467687 4738.727111 4738.622161 4738.655506 4737.347584 4734.752519 4741.188819 4747.130449 4749.496054 4750.197339 4751.590972 0.000000 0.000000
0.000000 0.000000 5475.297287 5473.261874 5470.794273 5469.266462 5468.252254 5458.797286 5459.246006 5456.880275 5456.997580 5457.781529 5456.266924 5454.898345 5458.814695 5461.083471 5465.444829 5467.268915 5470.322857 0.000000 0.000000
0.000000 0.000000 6222.766072 6221.105238 6218.335410 6212.336752 6208.661372 6201.599902 6200.781904 6200.439924 6200.400863 6199.589974 6198.820580 6197.720615 6205.866177 6211.325072 6214.570226 6215.419186 6232.100030 0.000000 0.000000
0.000000 0.000000 6969.414964 6967.123317 6964.122161 6961.921032 6956.170632 6939.475453 6939.880180 6938.332089 6938.084275 6938.574052 6936.640221 6936.022967 6949.528623 6957.037170 6959.985911 6961.279958 6963.641079 0.000000 0.000000
0.000000 0.000000 7764.474741 7761.369999 7758.137616 7754.821560 7738.945786 7746.785415 7741.678483 7740.726420 7741.026483 7741.072108 7739.538961 7738.319105 7732.437525 7748.672578 7752.272971 7757.083342 7757.071291 0.000000 0.000000
0.000000 0.000000 8609.487278 8604.042957 8598.998365 8589.239099 8587.551916 8573.076953 8565.726597 8564.301521 8560.097885 8559.437411 8560.007109 8556.664096 8566.076917 8573.657142 8592.511718 8588.290904 8589.655141 0.000000 0.000000
0.000000 0.000000 9446.601509 9445.778931 9426.915311 9430.206602 9431.242546 9430.980847 9433.440117 9433.494446 9435.899301 9435.742194 9432.334462 9435.691985 9432.575764 9431.204964 9421.089672 9441.319714 9445.627573 0.000000 0.000000
0.000000 0.000000 10393.789269 10373.337919 10364.808418 10358.464792 10346.491589 10341.551620 10340.197264 10339.646484 10336.070512 10336.247404 10335.724829 10332.211786 10335.363400 10350.154367 10362.198387 10362.707413 10383.316865 0.000000 0.000000
0.000000 0.000000 11102.866812 11104.636232 11122.283439 11114.120816 11109.752952 11091.800848 11090.613376 11088.167154 11089.321079 11088.960386 11087.046475 11086.703541 11103.264747 11111.042243 11121.667430 11098.885815 11101.489436 0.000000 0.000000
0.000000 0.000000 0.000000 0.000000 0.000000 0.000000 0.000000 0.000000 0.000000 0.000000 0.000000 0.000000 0.000000 0.000000 0.000000 0.000000 0.000000 0.000000 0.000000 0.000000 0.000000
0.000000 0.000000 0.000000 0.000000 0.000000 0.000000 0.000000 0.000000 0.000000 0.000000 0.000000 0.000000 0.000000 0.000000 0.000000 0.000000 0.000000 0.000000 0.000000 0.000000 0.000000