geotop/1.0zi/1.0Montebello/Templates/testdem/maps/_Erotot8824.asc
ncols         21
nrows         20
xllcorner     100.000000
yllcorner     100.000000
cellsize      50.000000
NODATA_value  -9999.0
0.000000 0.000000 0.000000 0.000000 0.000000 0.000000 0.000000 0.000000 0.000000 0.000000 0.000000 0.000000 0.000000 0.000000 0.000000 0.000000 0.000000 0.000000 0.000000 0.000000 0.000000
0.000000 0.000000 701.940440 702.592457 702.038046 702.131658 701.121476 701.254472 701.336805 701.410800 701.792043 701.157992 701.047595 701.085517 701.483529 701.603694 702.419993 703.002688 703.155122 0.000000 0.000000
0.000000 0.000000 54.569191 53.599184 53.891553 53.820820 54.478870 54.117168 53.741342 53.609323 53.813464 54.139672 54.196896 54.318849 54.123435 53.680535 52.405639 51.553550 52.155673 0.000000 0.000000
0.000000 0.000000 429.843262 431.172125 418.225523 411.793116 411.193582 405.490414 410.466598 412.315228 408.500833 406.830893 410.274535 409.976153 418.300652 426.572652 430.415442 425.048725 432.024842 0.000000 0.000000
0.000000 0.000000 3822.173905 3819.147892 3820.815589 3788.721725 3765.813056 3753.784289 3748.156844 3741.003720 3750.076714 3756.977093 3755.627041 3750.778417 3770.087082 3774.307549 3789.786352 3801.341348 3801.030642 0.000000 0.000000
0.000000 0.000000 5888.400554 5883.003729 5877.027272 5878.611514 5856.871716 5844.656323 5848.197857 5848.020658 5843.883806 5837.893927 5836.204166 5840.297405 5840.248508 5864.896048 5866.170565 5872.214088 5874.632299 0.000000 0.000000
0.000000 0.000000 7296.908001 7291.799014 7289.024167 7278.409209 7269.703318 7237.485866 7237.888569 7235.365094 7235.220077 7239.571612 7240.186353 7241.116384 7273.577883 7279.347977 7287.602818 7290.086503 7294.997714 0.000000 0.000000
0.000000 0.000000 8655.724587 8653.768174 8650.349700 8638.587267 8633.188702 8629.736419 8630.571236 8628.746719 8629.161968 8625.047214 8623.936904 8631.318937 8629.495287 8637.907014 8651.975371 8648.149138 8654.124637 0.000000 0.000000
0.000000 0.000000 10413.033411 10408.916538 10402.711790 10400.515013 10385.925051 10367.688321 10370.520613 10366.516806 10363.764195 10363.395986 10366.270628 10360.106525 10383.755109 10397.488022 10398.795603 10400.950397 10404.276431 0.000000 0.000000
0.000000 0.000000 12446.479947 12440.005178 12439.881642 12433.983955 12411.189334 12400.813418 12400.369004 12399.289051 12395.701651 12400.142385 12403.234636 12402.934730 12409.870609 12428.208685 12435.618614 12438.049794 12437.178256 0.000000 0.000000
0.000000 0.000000 14693.118907 14691.998207 14690.022245 14662.840482 14657.139010 14637.343717 14645.730212 14628.790265 14635.095717 14631.472738 14624.123588 14634.872324 14648.789979 14652.058724 14666.847644 14670.584248 14685.011308 0.000000 0.000000
0.000000 0.000000 17170.498228 17162.156075 17149.083429 17146.736033 17131.352014 17109.471607 17107.814934 17110.918176 17117.338127 17104.914271 17111.908258 17110.066416 17135.518529 17147.566661 17147.872287 17151.834149 17176.432609 0.000000 0.000000
0.000000 0.000000 19785.986455 19777.353828 19781.894533 19759.816379 19751.411816 19687.702974 19685.491927 19684.645901 19656.762234 19675.126705 19677.700038 19684.753503 19732.019393 19740.353480 19769.470001 19766.799108 19773.723118 0.000000 0.000000
0.000000 0.000000 22866.682838 22869.501283 22850.267090 22843.702613 22759.905941 22797.225280 22778.115005 22779.600457 22792.539366 22781.650372 22780.765279 22770.478646 22734.808688 22829.259724 22831.863333 22855.601780 22868.075474 0.000000 0.000000
0.000000 0.000000 26319.275840 26306.371151 26292.519908 26196.025756 26233.759363 26181.643151 26159.952864 26155.830167 26135.620271 26124.203596 26134.123361 26134.678453 26189.085502 26153.249284 26291.532720 26255.465620 26249.135030 0.000000 0.000000
0.000000 0.000000 29778.512259 29773.504776 29640.254371 29703.499452 29693.055336 29693.193754 29760.756007 29739.870014 29772.950501 29764.610580 29740.733182 29774.951181 29765.065571 29777.897683 29627.253082 29833.234058 29823.499939 0.000000 0.000000
0.000000 0.000000 33595.773100 33421.938610 33499.249963 33426.075374 33336.777779 33316.068320 33253.867274 33272.292618 33211.102309 33219.587263 33254.222124 33220.170620 33266.732844 33323.063612 33496.542170 33346.599575 33529.969231 0.000000 0.000000
0.000000 0.000000 34488.734112 34662.414670 34793.531765 34800.213717 34816.435120 34699.145844 34728.026985 34686.858547 34756.028162 34743.860200 34734.980777 34752.632362 34844.965407 34836.128528 34818.097959 34718.871108 34547.226139 0.000000 0.000000
0.000000 0.000000 0.000000 0.000000 0.000000 0.000000 0.000000 0.000000 0.000000 0.000000 0.000000 0.000000 0.000000 0.000000 0.000000 0.000000 0.000000 0.000000 0.000000 0.000000 0.000000
0.000000 0.000000 0.000000 0.000000 0.000000 0.000000 0.000000 0.000000 0.000000 0.000000 0.000000 0.000000 0.000000 0.000000 0.000000 0.000000 0.000000 0.000000 0.000000 0.000000 0.000000