geotop/1.0zi/1.0Montebello/Templates/testdem/maps/_Erotot3834.asc
ncols         21
nrows         20
xllcorner     100.000000
yllcorner     100.000000
cellsize      50.000000
NODATA_value  -9999.0
0.000000 0.000000 0.000000 0.000000 0.000000 0.000000 0.000000 0.000000 0.000000 0.000000 0.000000 0.000000 0.000000 0.000000 0.000000 0.000000 0.000000 0.000000 0.000000 0.000000 0.000000
0.000000 0.000000 281.748614 281.309611 281.121185 280.973691 281.003142 281.061084 281.095459 281.094132 281.079672 281.085536 281.085138 281.127577 280.997157 281.015438 281.190998 281.097968 281.190804 0.000000 0.000000
0.000000 0.000000 22.443830 22.996095 23.273821 24.013316 23.658225 23.664546 23.248938 23.174894 23.238534 23.597274 23.346490 23.171490 23.604312 23.372217 22.531515 21.980035 21.853986 0.000000 0.000000
0.000000 0.000000 136.457227 137.522597 130.756431 128.253575 129.294271 124.204479 123.374745 122.994503 122.187124 121.762535 122.900192 121.438044 123.912191 128.968629 129.807694 131.978824 134.863646 0.000000 0.000000
0.000000 0.000000 1254.749246 1260.890188 1266.926616 1258.705104 1249.320264 1243.355215 1246.653180 1240.623021 1246.030098 1248.121825 1248.388875 1249.291751 1257.766620 1255.192073 1254.649730 1255.861738 1254.866864 0.000000 0.000000
0.000000 0.000000 2344.181936 2339.246449 2333.685881 2331.325497 2322.603476 2317.597685 2315.041481 2317.039144 2315.404358 2314.435976 2314.593368 2316.987732 2317.747242 2329.657001 2334.985063 2334.445486 2337.462161 0.000000 0.000000
0.000000 0.000000 2815.040090 2810.533278 2805.516418 2796.704055 2786.682844 2773.053406 2774.207573 2771.156686 2774.170566 2773.487622 2775.367706 2780.487113 2795.696290 2801.649883 2808.138018 2811.740273 2814.842805 0.000000 0.000000
0.000000 0.000000 3243.619106 3244.417710 3244.114664 3238.751640 3236.788015 3232.961132 3233.490089 3233.936918 3231.617727 3231.806839 3231.439562 3231.335942 3235.409634 3239.556002 3240.422248 3239.385937 3240.147555 0.000000 0.000000
0.000000 0.000000 3805.078356 3804.945088 3801.139016 3799.032778 3793.346708 3783.816418 3783.869633 3781.938796 3782.767723 3783.380922 3783.335703 3785.666473 3792.240442 3799.686181 3799.029006 3799.754583 3803.085371 0.000000 0.000000
0.000000 0.000000 4434.783321 4433.734078 4432.618167 4427.977234 4418.252418 4413.196892 4414.458003 4413.608422 4413.687082 4413.704519 4414.167274 4414.410701 4422.767566 4428.823212 4430.448108 4430.736279 4431.736988 0.000000 0.000000
0.000000 0.000000 5095.919228 5094.753579 5092.018889 5088.889552 5085.326125 5074.989322 5075.091483 5072.597420 5072.975900 5073.744894 5074.075876 5075.643351 5081.490994 5083.829770 5087.463428 5088.882033 5091.492758 0.000000 0.000000
0.000000 0.000000 5779.729289 5778.966857 5775.931580 5768.408248 5762.126928 5754.132395 5752.999090 5752.500323 5752.692020 5751.951301 5753.088585 5755.027376 5765.039088 5770.496402 5772.966835 5773.418729 5789.460060 0.000000 0.000000
0.000000 0.000000 6460.887429 6459.558814 6456.297021 6452.450840 6444.112155 6427.285952 6427.290242 6425.634539 6425.635163 6426.199093 6426.570948 6429.014118 6443.317431 6450.838861 6452.972046 6453.876118 6455.795808 0.000000 0.000000
0.000000 0.000000 7185.559699 7183.414202 7179.946745 7175.256153 7158.066964 7164.504486 7159.167733 7158.116000 7158.648418 7158.807312 7159.200904 7160.874361 7157.022896 7172.173704 7174.993007 7179.297631 7178.865655 0.000000 0.000000
0.000000 0.000000 7954.099222 7949.595428 7944.567079 7934.131929 7929.662565 7914.529100 7907.035725 7905.486177 7901.688135 7901.133599 7903.597507 7903.305319 7914.451077 7922.078452 7939.000769 7934.522495 7935.402791 0.000000 0.000000
0.000000 0.000000 8710.542661 8710.738998 8693.311462 8694.663255 8692.680451 8691.055068 8692.900966 8692.741027 8695.240276 8695.231584 8694.192291 8700.474452 8699.740644 8698.742589 8688.420893 8706.195701 8709.837468 0.000000 0.000000
0.000000 0.000000 9566.846080 9550.052237 9541.709469 9533.737926 9519.276817 9513.272992 9511.512874 9510.864718 9507.797685 9508.075529 9509.624794 9509.763196 9515.031371 9529.193164 9539.987991 9540.031552 9557.678067 0.000000 0.000000
0.000000 0.000000 10212.065518 10214.181000 10229.459750 10219.697030 10212.481515 10194.844873 10193.300562 10190.840238 10192.035406 10191.858209 10192.299488 10195.121737 10212.380838 10220.117568 10229.392827 10208.502036 10210.912227 0.000000 0.000000
0.000000 0.000000 0.000000 0.000000 0.000000 0.000000 0.000000 0.000000 0.000000 0.000000 0.000000 0.000000 0.000000 0.000000 0.000000 0.000000 0.000000 0.000000 0.000000 0.000000 0.000000
0.000000 0.000000 0.000000 0.000000 0.000000 0.000000 0.000000 0.000000 0.000000 0.000000 0.000000 0.000000 0.000000 0.000000 0.000000 0.000000 0.000000 0.000000 0.000000 0.000000 0.000000