geotop/1.0zi/1.0Montebello/Templates/testdem/maps/_Erotot8795.asc
ncols         21
nrows         20
xllcorner     100.000000
yllcorner     100.000000
cellsize      50.000000
NODATA_value  -9999.0
0.000000 0.000000 0.000000 0.000000 0.000000 0.000000 0.000000 0.000000 0.000000 0.000000 0.000000 0.000000 0.000000 0.000000 0.000000 0.000000 0.000000 0.000000 0.000000 0.000000 0.000000
0.000000 0.000000 701.402005 702.056030 701.503180 701.598342 700.589811 700.725025 700.806924 700.881049 701.262363 700.628189 700.516018 700.555871 700.951852 701.070425 701.885413 702.465499 702.617119 0.000000 0.000000
0.000000 0.000000 54.609088 53.639586 53.932990 53.863124 54.521356 54.158205 53.782854 53.650718 53.854807 54.181180 54.240079 54.360373 54.166221 53.723193 52.443862 51.595927 52.193379 0.000000 0.000000
0.000000 0.000000 422.732520 423.488901 410.250857 403.116838 402.136832 396.336005 401.165497 402.980797 399.167626 397.495339 400.890524 399.979155 408.846793 417.324431 422.050735 417.349790 424.339689 0.000000 0.000000
0.000000 0.000000 3800.814694 3797.851012 3799.570539 3767.809435 3745.078900 3733.126440 3727.529493 3720.373951 3729.495075 3736.350604 3735.018709 3730.237164 3749.488598 3753.598721 3768.643532 3780.045720 3779.784325 0.000000 0.000000
0.000000 0.000000 5865.844634 5860.324789 5854.279273 5855.708476 5833.903308 5821.697820 5825.179871 5825.002799 5820.853388 5814.879064 5813.170142 5817.003632 5817.178198 5841.880898 5843.318990 5849.532772 5851.955403 0.000000 0.000000
0.000000 0.000000 7265.796912 7260.512877 7257.636219 7246.847783 7238.109311 7205.925762 7206.261573 7203.733930 7203.595481 7207.945259 7208.541486 7209.180846 7241.865732 7247.637572 7256.082879 7258.791995 7263.728825 0.000000 0.000000
0.000000 0.000000 8613.469820 8611.291377 8607.756074 8595.806065 8590.351588 8586.907480 8587.668709 8585.843805 8586.266301 8582.149798 8581.017655 8588.077567 8586.519262 8594.952578 8609.222175 8605.656412 8611.660028 0.000000 0.000000
0.000000 0.000000 10357.704559 10353.350547 10347.021126 10344.609369 10329.967361 10311.753846 10314.502871 10310.499907 10307.759885 10307.386381 10310.233295 10303.731614 10327.648135 10341.395111 10342.936338 10345.374785 10348.736230 0.000000 0.000000
0.000000 0.000000 12375.879018 12369.148170 12368.870313 12362.747629 12339.919156 12329.559703 12329.032509 12327.945091 12324.377280 12328.800870 12331.856327 12331.181361 12338.432382 12356.772916 12364.424298 12367.168676 12366.348264 0.000000 0.000000
0.000000 0.000000 14604.303569 14602.879346 14600.741406 14573.382526 14567.583065 14547.843474 14556.101321 14539.219011 14545.511886 14541.896640 14534.550672 14544.835798 14559.081779 14562.407228 14577.444109 14581.512969 14595.941298 0.000000 0.000000
0.000000 0.000000 17059.703050 17051.026467 17037.821496 17035.136172 17019.746750 16997.916181 16996.213014 16999.223591 17005.656653 16993.258924 17000.169763 16997.908736 17023.618613 17035.678289 17036.356679 17040.708015 17065.293368 0.000000 0.000000
0.000000 0.000000 19650.005274 19641.000931 19645.273472 19623.000289 19614.524734 19551.341484 19549.053782 19548.175786 19520.591876 19538.719041 19541.250327 19547.726618 19595.044917 19603.399209 19632.706635 19630.492511 19637.452119 0.000000 0.000000
0.000000 0.000000 22699.012540 22701.342551 22681.980926 22675.035962 22592.118680 22628.586883 22609.553910 22610.973921 22623.660506 22612.951152 22612.065991 22601.337554 22566.893431 22660.278718 22663.466005 22687.463589 22699.866750 0.000000 0.000000
0.000000 0.000000 26116.554643 26103.231411 26089.268476 25993.636199 26029.954303 25978.819481 25957.069965 25953.000309 25933.168001 25921.775957 25931.473775 25931.295042 25985.306133 25950.859786 26087.754798 26052.802875 26046.762845 0.000000 0.000000
0.000000 0.000000 29552.701336 29547.337598 29415.165204 29476.201029 29465.854795 29465.269504 29531.879526 29511.071776 29543.643173 29535.231228 29511.695154 29544.908993 29536.362850 29549.036507 29401.759480 29605.856200 29596.238049 0.000000 0.000000
0.000000 0.000000 33369.899266 33195.412593 33271.415032 33198.130317 33108.622734 33087.701730 33025.821972 33044.079190 32983.220509 32991.562620 33025.977319 32991.672364 33038.850482 33095.269161 33268.235514 33120.426562 33303.986179 0.000000 0.000000
0.000000 0.000000 34273.207704 34448.085965 34580.029160 34586.568620 34602.556464 34484.034729 34513.229594 34471.676039 34541.346464 34529.185157 34520.040856 34537.479914 34631.187743 34622.541024 34604.663559 34505.082056 34331.990480 0.000000 0.000000
0.000000 0.000000 0.000000 0.000000 0.000000 0.000000 0.000000 0.000000 0.000000 0.000000 0.000000 0.000000 0.000000 0.000000 0.000000 0.000000 0.000000 0.000000 0.000000 0.000000 0.000000
0.000000 0.000000 0.000000 0.000000 0.000000 0.000000 0.000000 0.000000 0.000000 0.000000 0.000000 0.000000 0.000000 0.000000 0.000000 0.000000 0.000000 0.000000 0.000000 0.000000 0.000000