geotop/1.0zi/1.0Montebello/Templates/testdem/maps/_Erotot7755.asc
ncols         21
nrows         20
xllcorner     100.000000
yllcorner     100.000000
cellsize      50.000000
NODATA_value  -9999.0
0.000000 0.000000 0.000000 0.000000 0.000000 0.000000 0.000000 0.000000 0.000000 0.000000 0.000000 0.000000 0.000000 0.000000 0.000000 0.000000 0.000000 0.000000 0.000000 0.000000 0.000000
0.000000 0.000000 653.103845 653.919988 653.389580 653.513877 652.522355 652.699156 652.686332 652.749834 653.182019 652.507327 652.385698 652.437933 652.794450 652.930355 653.746624 654.274523 654.471222 0.000000 0.000000
0.000000 0.000000 51.018990 50.037568 49.969028 50.368950 51.002054 50.682317 50.385386 50.256316 50.489778 50.832919 50.856863 51.009988 50.767124 50.249241 48.964113 48.092125 48.614377 0.000000 0.000000
0.000000 0.000000 353.900247 355.077153 343.000260 337.350127 337.899070 326.583454 326.712208 327.511494 323.849320 322.101458 324.240489 324.382583 334.631849 341.630382 346.240108 349.173057 354.057527 0.000000 0.000000
0.000000 0.000000 3043.497963 3045.231743 3048.750728 3026.240781 3007.421122 2997.345972 2996.714994 2992.016107 2998.981112 3004.286332 2999.794032 2998.393772 3012.986100 3016.030861 3025.834381 3034.523441 3034.266263 0.000000 0.000000
0.000000 0.000000 4923.313900 4918.052391 4914.431743 4908.478453 4893.736848 4883.948400 4884.838401 4883.768366 4880.405727 4874.710637 4873.688211 4876.925684 4876.210850 4895.809101 4903.708753 4910.604620 4913.638622 0.000000 0.000000
0.000000 0.000000 6198.247456 6195.154563 6190.820975 6183.999379 6170.382146 6149.048734 6148.028115 6144.226011 6145.659121 6149.435011 6150.934706 6151.425687 6178.703662 6188.537549 6193.974362 6196.729577 6201.940101 0.000000 0.000000
0.000000 0.000000 7265.812280 7265.998431 7263.143583 7253.297484 7251.036319 7241.910731 7242.131316 7241.947219 7240.999557 7237.100963 7236.422659 7242.624908 7244.267619 7248.944479 7261.215773 7259.791301 7264.710710 0.000000 0.000000
0.000000 0.000000 8676.479877 8671.898530 8665.795477 8665.426563 8654.594158 8639.512414 8640.798545 8636.252190 8634.225469 8633.997580 8636.441348 8630.703683 8649.140329 8662.807552 8664.509110 8668.190971 8669.532567 0.000000 0.000000
0.000000 0.000000 10292.171090 10288.648040 10289.020912 10284.726702 10264.700558 10255.271573 10254.902513 10254.638590 10251.245056 10254.727501 10257.815016 10257.123237 10263.761632 10277.893440 10285.332971 10287.317248 10288.373295 0.000000 0.000000
0.000000 0.000000 12058.375113 12057.447181 12054.726483 12034.598372 12028.948401 12013.501366 12019.214075 12006.011097 12010.099587 12008.370370 12001.522040 12011.364873 12020.594078 12023.333238 12035.654489 12042.641097 12053.186135 0.000000 0.000000
0.000000 0.000000 13967.762386 13959.764746 13951.929171 13948.407894 13938.390617 13918.845518 13915.294854 13915.844589 13923.085946 13912.238461 13916.311009 13916.241130 13938.278372 13946.617796 13949.367548 13953.405444 13976.294845 0.000000 0.000000
0.000000 0.000000 15947.703349 15942.795250 15943.290337 15929.494857 15922.750501 15875.687469 15874.034455 15873.078849 15852.235078 15864.310270 15868.532852 15873.207503 15905.960486 15912.901167 15935.601247 15935.303096 15942.984267 0.000000 0.000000
0.000000 0.000000 18209.203538 18211.472525 18198.326974 18193.536420 18137.820798 18156.658451 18141.367009 18142.481734 18148.594924 18144.070622 18142.025566 18137.397701 18117.384244 18177.750739 18184.199192 18203.867955 18213.283725 0.000000 0.000000
0.000000 0.000000 20739.411257 20731.008656 20722.351609 20661.425427 20673.524101 20643.080313 20624.105356 20621.005852 20609.776120 20599.543749 20605.445628 20604.185419 20638.686427 20629.615234 20717.712776 20700.293907 20698.014887 0.000000 0.000000
0.000000 0.000000 23383.790215 23380.499910 23292.769095 23317.109440 23318.627352 23308.859448 23348.824917 23334.305637 23352.632172 23344.434557 23330.843864 23353.717593 23355.563958 23356.407127 23284.134824 23412.410521 23404.115742 0.000000 0.000000
0.000000 0.000000 26544.500405 26416.498378 26446.264620 26404.800398 26337.452725 26323.681246 26289.004229 26299.216706 26259.342150 26263.142140 26283.502826 26266.978821 26297.577333 26339.349523 26443.365184 26374.344351 26510.353242 0.000000 0.000000
0.000000 0.000000 27871.973276 27989.890004 28110.950273 28110.589760 28110.950591 28007.091414 28021.928788 27987.715590 28037.656647 28028.316058 28026.395904 28035.749529 28122.506496 28123.371883 28132.873954 28030.717336 27914.040291 0.000000 0.000000
0.000000 0.000000 0.000000 0.000000 0.000000 0.000000 0.000000 0.000000 0.000000 0.000000 0.000000 0.000000 0.000000 0.000000 0.000000 0.000000 0.000000 0.000000 0.000000 0.000000 0.000000
0.000000 0.000000 0.000000 0.000000 0.000000 0.000000 0.000000 0.000000 0.000000 0.000000 0.000000 0.000000 0.000000 0.000000 0.000000 0.000000 0.000000 0.000000 0.000000 0.000000 0.000000