geotop/1.0zi/1.0Montebello/Templates/testdem/maps/_Erotot4913.asc
ncols         21
nrows         20
xllcorner     100.000000
yllcorner     100.000000
cellsize      50.000000
NODATA_value  -9999.0
0.000000 0.000000 0.000000 0.000000 0.000000 0.000000 0.000000 0.000000 0.000000 0.000000 0.000000 0.000000 0.000000 0.000000 0.000000 0.000000 0.000000 0.000000 0.000000 0.000000 0.000000
0.000000 0.000000 367.333363 366.409581 366.125493 365.933500 365.904188 365.913738 365.954085 366.114569 366.068576 365.940827 366.021074 366.095690 365.975292 366.022086 366.209032 366.176349 366.745641 0.000000 0.000000
0.000000 0.000000 28.881658 29.828905 30.274218 31.314528 30.830363 30.947670 30.626495 30.421385 30.493895 30.836208 30.499321 30.295743 30.903159 30.523467 29.705545 29.099021 28.428971 0.000000 0.000000
0.000000 0.000000 151.122675 152.515058 145.238887 143.255167 144.461557 139.734411 138.973898 139.067431 137.672551 136.536384 137.646306 136.200985 138.806128 143.601642 143.095075 146.473119 149.186363 0.000000 0.000000
0.000000 0.000000 1502.158280 1506.235325 1511.596428 1493.895553 1482.748140 1474.470804 1477.065914 1471.567804 1475.425397 1479.575109 1479.923092 1480.241543 1489.560721 1488.716527 1495.242709 1500.639021 1502.439456 0.000000 0.000000
0.000000 0.000000 2785.870338 2780.290254 2776.365550 2773.279250 2766.872000 2763.576347 2760.955633 2762.804496 2762.218519 2759.495982 2755.902109 2757.797551 2757.799126 2770.902620 2774.763906 2775.030776 2777.931880 0.000000 0.000000
0.000000 0.000000 3559.959372 3555.345556 3550.502807 3546.613672 3535.532016 3519.848872 3521.215343 3517.866966 3520.715702 3519.841729 3522.756505 3525.029449 3539.890590 3549.205633 3555.392347 3559.395183 3562.982948 0.000000 0.000000
0.000000 0.000000 4122.261715 4122.376375 4122.955503 4118.349164 4116.366176 4111.419795 4112.133928 4112.482419 4109.815776 4110.574184 4109.614577 4108.807577 4112.341926 4115.889127 4117.964065 4117.678564 4118.944376 0.000000 0.000000
0.000000 0.000000 4825.308130 4824.952195 4822.200181 4819.762883 4814.875778 4806.023774 4806.331202 4804.580688 4804.841161 4805.307251 4804.705693 4805.710844 4811.315987 4819.391510 4819.400463 4821.201791 4824.977761 0.000000 0.000000
0.000000 0.000000 5651.066183 5649.097828 5649.178383 5645.060503 5635.732941 5630.439214 5632.109490 5631.280640 5631.144976 5630.967573 5630.266995 5629.018473 5636.867661 5643.843380 5646.119039 5647.446476 5648.874011 0.000000 0.000000
0.000000 0.000000 6525.336709 6523.304377 6521.717892 6519.339851 6516.083439 6505.172683 6505.510603 6503.068528 6502.927311 6503.800131 6503.004790 6503.305648 6508.824510 6511.870075 6516.673299 6519.080168 6522.226484 0.000000 0.000000
0.000000 0.000000 7436.875897 7435.922117 7433.244100 7426.132201 7420.750787 7412.266330 7411.301542 7411.035566 7410.898746 7409.835626 7409.790222 7410.098396 7419.791166 7426.143717 7429.570651 7431.074574 7448.435175 0.000000 0.000000
0.000000 0.000000 8357.067972 8354.926733 8352.499868 8349.392340 8341.183522 8320.571414 8320.896101 8319.180525 8318.827605 8319.265103 8318.000233 8318.961665 8336.578769 8345.194072 8348.494484 8350.359941 8352.771489 0.000000 0.000000
0.000000 0.000000 9342.796355 9339.417509 9337.084054 9332.800239 9311.022737 9319.466140 9313.462300 9312.655111 9312.819510 9312.920682 9312.009176 9312.223262 9306.353962 9326.822560 9330.822538 9336.613265 9336.549556 0.000000 0.000000
0.000000 0.000000 10397.120960 10392.108661 10386.940531 10372.046946 10368.964270 10351.928146 10343.523760 10341.884496 10337.106588 10336.573855 10338.155506 10336.187505 10348.076242 10356.488713 10380.312716 10376.005557 10377.528019 0.000000 0.000000
0.000000 0.000000 11453.005223 11452.330728 11428.780654 11432.334264 11431.053912 11429.891431 11433.082748 11433.321039 11436.144682 11435.702861 11432.576019 11438.707794 11436.627246 11435.385585 11422.791084 11450.418002 11455.440181 0.000000 0.000000
0.000000 0.000000 12653.841564 12625.386871 12616.410342 12607.371040 12590.292557 12583.110666 12581.303764 12580.535558 12576.062726 12576.153395 12577.070629 12574.269621 12580.138130 12598.956246 12613.879743 12614.385813 12642.951336 0.000000 0.000000
0.000000 0.000000 13528.944771 13533.717906 13559.126483 13548.224798 13540.554804 13513.518871 13511.727591 13508.859993 13510.739883 13510.207412 13508.753259 13511.163360 13536.963745 13546.585179 13559.607624 13530.157992 13531.272630 0.000000 0.000000
0.000000 0.000000 0.000000 0.000000 0.000000 0.000000 0.000000 0.000000 0.000000 0.000000 0.000000 0.000000 0.000000 0.000000 0.000000 0.000000 0.000000 0.000000 0.000000 0.000000 0.000000
0.000000 0.000000 0.000000 0.000000 0.000000 0.000000 0.000000 0.000000 0.000000 0.000000 0.000000 0.000000 0.000000 0.000000 0.000000 0.000000 0.000000 0.000000 0.000000 0.000000 0.000000