geotop/1.0zi/1.0Montebello/Templates/testdem/maps/_Erotot6405.asc
ncols         21
nrows         20
xllcorner     100.000000
yllcorner     100.000000
cellsize      50.000000
NODATA_value  -9999.0
0.000000 0.000000 0.000000 0.000000 0.000000 0.000000 0.000000 0.000000 0.000000 0.000000 0.000000 0.000000 0.000000 0.000000 0.000000 0.000000 0.000000 0.000000 0.000000 0.000000 0.000000
0.000000 0.000000 491.971813 492.831546 492.554912 492.852940 492.296773 492.356980 492.315175 492.481475 492.882488 492.186815 492.114611 492.206220 492.358016 492.265436 492.993606 493.192789 493.182232 0.000000 0.000000
0.000000 0.000000 37.100100 35.958394 36.038813 36.181587 36.436420 36.247599 36.060695 35.845065 36.092077 36.421846 36.238810 36.450779 36.325286 36.076395 34.763598 34.003602 34.693852 0.000000 0.000000
0.000000 0.000000 222.410126 225.233509 215.093828 212.686487 212.916461 207.727302 207.265114 206.779412 205.170004 203.131201 205.753992 203.627097 208.444855 214.465949 216.393431 217.807150 222.866442 0.000000 0.000000
0.000000 0.000000 2082.873363 2086.258777 2091.217084 2069.851641 2054.784029 2042.918848 2045.565599 2042.573819 2046.412786 2051.058216 2047.823540 2046.442665 2056.749944 2057.823603 2066.400796 2074.993740 2076.172368 0.000000 0.000000
0.000000 0.000000 3620.501133 3615.253725 3612.033851 3607.131936 3596.633849 3588.567076 3587.093637 3586.613312 3584.855253 3582.247866 3579.281435 3581.969937 3584.362311 3601.160374 3606.548688 3611.124857 3613.573249 0.000000 0.000000
0.000000 0.000000 4799.768511 4797.378791 4793.650773 4788.829178 4775.692846 4758.220732 4757.782775 4754.313455 4756.181283 4759.010157 4761.120308 4762.170389 4783.126670 4792.942473 4797.831643 4799.449254 4804.930458 0.000000 0.000000
0.000000 0.000000 5523.139142 5524.596366 5522.663862 5515.411869 5514.464622 5506.617937 5507.168329 5507.563022 5506.229880 5503.639403 5503.406471 5507.452127 5508.447695 5511.567351 5520.902864 5519.248626 5523.155929 0.000000 0.000000
0.000000 0.000000 6532.198832 6529.353729 6524.155653 6524.596380 6517.006414 6505.514257 6506.146062 6502.967685 6500.555540 6501.459285 6502.586824 6497.835748 6512.436653 6521.370249 6524.401108 6525.695601 6527.755668 0.000000 0.000000
0.000000 0.000000 7697.538617 7695.194949 7696.501968 7694.809559 7678.678885 7670.912146 7671.900078 7671.145481 7668.870312 7671.879245 7675.436165 7673.594741 7678.169184 7689.879109 7694.612583 7695.193714 7696.441030 0.000000 0.000000
0.000000 0.000000 8955.992164 8956.382521 8955.179977 8939.729946 8936.645588 8924.687201 8928.662830 8918.722017 8921.253333 8920.258732 8915.242516 8923.296065 8928.793029 8930.734724 8938.726364 8944.878471 8953.265195 0.000000 0.000000
0.000000 0.000000 10281.053517 10276.767145 10270.504709 10267.830338 10262.401843 10246.481010 10245.064850 10244.453541 10250.978010 10243.356427 10245.577001 10245.490941 10262.901287 10267.234706 10269.357945 10270.549540 10291.189805 0.000000 0.000000
0.000000 0.000000 11630.841421 11628.072774 11628.526691 11619.704708 11615.032642 11584.259219 11582.647657 11582.139603 11566.569984 11576.178861 11580.221853 11582.944626 11602.648181 11607.351886 11623.512278 11622.824834 11630.560040 0.000000 0.000000
0.000000 0.000000 13119.080455 13120.626878 13112.156765 13109.906242 13077.543757 13086.496740 13075.347445 13076.741242 13078.021756 13077.518438 13075.548166 13072.061155 13061.834170 13097.273412 13103.574486 13115.528942 13123.567489 0.000000 0.000000
0.000000 0.000000 14740.529497 14735.938670 14731.173588 14700.588902 14700.725780 14682.933511 14668.960189 14666.933951 14661.243174 14653.863587 14658.191029 14656.530109 14674.232827 14677.520492 14726.743111 14716.840741 14717.544668 0.000000 0.000000
0.000000 0.000000 16419.074572 16418.362302 16373.186288 16374.475748 16379.226960 16371.113079 16391.212423 16382.372964 16390.078268 16384.599441 16378.053221 16389.405322 16393.719820 16393.199921 16367.411733 16430.193495 16423.384196 0.000000 0.000000
0.000000 0.000000 18351.925372 18295.329940 18294.638513 18280.875150 18248.714231 18240.537473 18229.459146 18233.500239 18215.677107 18216.799051 18223.957202 18221.787025 18236.641487 18252.836160 18293.254891 18281.603995 18345.367516 0.000000 0.000000
0.000000 0.000000 19608.839683 19633.403528 19692.406627 19684.272706 19670.141479 19621.331220 19623.037650 19606.046434 19622.270877 19619.381113 19624.926185 19621.845405 19665.127909 19676.997115 19703.031868 19643.874338 19620.423834 0.000000 0.000000
0.000000 0.000000 0.000000 0.000000 0.000000 0.000000 0.000000 0.000000 0.000000 0.000000 0.000000 0.000000 0.000000 0.000000 0.000000 0.000000 0.000000 0.000000 0.000000 0.000000 0.000000
0.000000 0.000000 0.000000 0.000000 0.000000 0.000000 0.000000 0.000000 0.000000 0.000000 0.000000 0.000000 0.000000 0.000000 0.000000 0.000000 0.000000 0.000000 0.000000 0.000000 0.000000