geotop/1.0zi/1.0Montebello/Templates/testdem/maps/_Erotot1224.asc
ncols         21
nrows         20
xllcorner     100.000000
yllcorner     100.000000
cellsize      50.000000
NODATA_value  -9999.0
0.000000 0.000000 0.000000 0.000000 0.000000 0.000000 0.000000 0.000000 0.000000 0.000000 0.000000 0.000000 0.000000 0.000000 0.000000 0.000000 0.000000 0.000000 0.000000 0.000000 0.000000
0.000000 0.000000 148.687247 148.688645 148.723500 148.698853 148.680224 148.688661 148.690245 148.685063 148.685731 148.685063 148.690245 148.688661 148.680224 148.698853 148.723500 148.688645 148.687247 0.000000 0.000000
0.000000 0.000000 9.155192 8.936403 7.160577 9.018016 9.191678 9.182436 9.193062 9.199132 9.197253 9.199132 9.193062 9.182436 9.191678 9.018016 7.160577 8.936403 9.155192 0.000000 0.000000
0.000000 0.000000 1040.438003 1040.233572 1040.257403 1038.237297 1040.488428 1040.149622 1040.113746 1040.640690 1040.583563 1040.640690 1040.113746 1040.149622 1040.488428 1038.237297 1040.257403 1040.233572 1040.438003 0.000000 0.000000
0.000000 0.000000 1854.937829 1854.713809 1853.961599 1854.651223 1855.079215 1854.913258 1854.871291 1855.018991 1854.973375 1855.018991 1854.871291 1854.913258 1855.079215 1854.651222 1853.961599 1854.713809 1854.937829 0.000000 0.000000
0.000000 0.000000 2432.292154 2432.118976 2431.366989 2431.541859 2432.375913 2432.203930 2432.190828 2432.406975 2432.379288 2432.406975 2432.190828 2432.203930 2432.375913 2431.541859 2431.366989 2432.118976 2432.292154 0.000000 0.000000
0.000000 0.000000 3162.059305 3161.921371 3161.242248 3161.415299 3162.117466 3161.986690 3161.982692 3162.160736 3162.136713 3162.160736 3161.982692 3161.986690 3162.117466 3161.415299 3161.242248 3161.921371 3162.059305 0.000000 0.000000
0.000000 0.000000 3855.721356 3855.602366 3854.973933 3855.146413 3855.762265 3855.656539 3855.656550 3855.812981 3855.792181 3855.812981 3855.656550 3855.656539 3855.762265 3855.146413 3854.973933 3855.602366 3855.721356 0.000000 0.000000
0.000000 0.000000 4513.260450 4513.151610 4512.553919 4512.721612 4513.294141 4513.199167 4513.201360 4513.346738 4513.326592 4513.346738 4513.201360 4513.199167 4513.294141 4512.721612 4512.553919 4513.151610 4513.260450 0.000000 0.000000
0.000000 0.000000 5142.938438 5142.856723 5142.271034 5142.476295 5142.963397 5142.884505 5142.893466 5143.021495 5143.001257 5143.021495 5142.893466 5142.884505 5142.963397 5142.476295 5142.271034 5142.856723 5142.938438 0.000000 0.000000
0.000000 0.000000 5748.564189 5748.472768 5747.905122 5748.084015 5748.590943 5748.507901 5748.513704 5748.644186 5748.622936 5748.644186 5748.513704 5748.507901 5748.590943 5748.084015 5747.905122 5748.472768 5748.564189 0.000000 0.000000
0.000000 0.000000 6335.492580 6335.398246 6334.844507 6335.013717 6335.514892 6335.434379 6335.440837 6335.569964 6335.549891 6335.569964 6335.440837 6335.434379 6335.514892 6335.013717 6334.844507 6335.398246 6335.492580 0.000000 0.000000
0.000000 0.000000 6909.180739 6909.088494 6908.541756 6908.712160 6909.201087 6909.121695 6909.128842 6909.255920 6909.235374 6909.255920 6909.128842 6909.121695 6909.201087 6908.712160 6908.541756 6909.088494 6909.180739 0.000000 0.000000
0.000000 0.000000 7470.092921 7470.007241 7469.465515 7469.656427 7470.111323 7470.035599 7470.045366 7470.167982 7470.146826 7470.167982 7470.045366 7470.035599 7470.111323 7469.656427 7469.465515 7470.007241 7470.092921 0.000000 0.000000
0.000000 0.000000 8020.720782 8020.632603 8020.092084 8020.272426 8020.739363 8020.661967 8020.670780 8020.795651 8020.773825 8020.795651 8020.670780 8020.661967 8020.739363 8020.272426 8020.092084 8020.632603 8020.720782 0.000000 0.000000
0.000000 0.000000 8562.817709 8562.730250 8562.202916 8562.375679 8562.835300 8562.760646 8562.769408 8562.891186 8562.869594 8562.891186 8562.769408 8562.760646 8562.835300 8562.375679 8562.202916 8562.730250 8562.817706 0.000000 0.000000
0.000000 0.000000 9094.570976 9094.484015 9093.954494 9094.130812 9094.589784 9094.512271 9094.521188 9094.644933 9094.622321 9094.644933 9094.521188 9094.512271 9094.589784 9094.130812 9093.954494 9094.483998 9094.570772 0.000000 0.000000
0.000000 0.000000 9648.204387 9648.401607 9647.874524 9648.041961 9648.505426 9648.425973 9648.435047 9648.560948 9648.538067 9648.560948 9648.435047 9648.425973 9648.505426 9648.041960 9647.874508 9648.398743 9648.486348 0.000000 0.000000
0.000000 0.000000 0.000000 0.000000 0.000000 0.000000 0.000000 0.000000 0.000000 0.000000 0.000000 0.000000 0.000000 0.000000 0.000000 0.000000 0.000000 0.000000 0.000000 0.000000 0.000000
0.000000 0.000000 0.000000 0.000000 0.000000 0.000000 0.000000 0.000000 0.000000 0.000000 0.000000 0.000000 0.000000 0.000000 0.000000 0.000000 0.000000 0.000000 0.000000 0.000000 0.000000