geotop/1.0zi/1.0Montebello/Templates/testdem/maps/_Erotot0503.asc
ncols         21
nrows         20
xllcorner     100.000000
yllcorner     100.000000
cellsize      50.000000
NODATA_value  -9999.0
0.000000 0.000000 0.000000 0.000000 0.000000 0.000000 0.000000 0.000000 0.000000 0.000000 0.000000 0.000000 0.000000 0.000000 0.000000 0.000000 0.000000 0.000000 0.000000 0.000000 0.000000
0.000000 0.000000 44.402376 44.403057 44.435690 44.403224 44.402481 44.402866 44.402677 44.402591 44.402564 44.402591 44.402677 44.402866 44.402481 44.403224 44.435690 44.403057 44.402376 0.000000 0.000000
0.000000 0.000000 7.703942 7.487493 5.670305 7.482561 7.730409 7.714576 7.729095 7.735935 7.736998 7.735935 7.729095 7.714576 7.730409 7.482561 5.670305 7.487493 7.703942 0.000000 0.000000
0.000000 0.000000 550.046598 550.297423 550.421842 550.207359 550.110477 550.220289 550.217105 550.153301 550.083048 550.153301 550.217105 550.220289 550.110477 550.207359 550.421842 550.297423 550.046598 0.000000 0.000000
0.000000 0.000000 789.999586 789.952120 789.194629 789.930553 789.999533 790.021072 790.015594 790.019675 790.014990 790.019675 790.015594 790.021072 789.999533 789.930553 789.194629 789.952120 789.999586 0.000000 0.000000
0.000000 0.000000 1085.632009 1085.638423 1084.932313 1085.596350 1085.662879 1085.706991 1085.711143 1085.690418 1085.669687 1085.690418 1085.711143 1085.706991 1085.662879 1085.596350 1084.932313 1085.638423 1085.632009 0.000000 0.000000
0.000000 0.000000 1404.935623 1404.944397 1404.314393 1404.904033 1404.965521 1405.011034 1405.016265 1404.993474 1404.975101 1404.993474 1405.016265 1405.011034 1404.965521 1404.904033 1404.314393 1404.944397 1404.935623 0.000000 0.000000
0.000000 0.000000 1708.304871 1708.312712 1707.728642 1708.275173 1708.333576 1708.378418 1708.383690 1708.360805 1708.343973 1708.360805 1708.383690 1708.378418 1708.333576 1708.275173 1707.728642 1708.312712 1708.304871 0.000000 0.000000
0.000000 0.000000 1997.307948 1997.315640 1996.758348 1997.279227 1997.335759 1997.379920 1997.385224 1997.362493 1997.346287 1997.362493 1997.385224 1997.379920 1997.335759 1997.279227 1996.758348 1997.315640 1997.307948 0.000000 0.000000
0.000000 0.000000 2276.781542 2276.788611 2276.246949 2276.753303 2276.808874 2276.852481 2276.857773 2276.835157 2276.819106 2276.835157 2276.857773 2276.852481 2276.808874 2276.753303 2276.246949 2276.788611 2276.781542 0.000000 0.000000
0.000000 0.000000 2548.129501 2548.135927 2547.603136 2548.101417 2548.156557 2548.199772 2548.205051 2548.182490 2548.166370 2548.182490 2548.205051 2548.199772 2548.156557 2548.101417 2547.603136 2548.135927 2548.129501 0.000000 0.000000
0.000000 0.000000 2812.249471 2812.252967 2811.729919 2812.220113 2812.274738 2812.316776 2812.322515 2812.300089 2812.284986 2812.300089 2812.322515 2812.316776 2812.274738 2812.220113 2811.729919 2812.252967 2812.249471 0.000000 0.000000
0.000000 0.000000 3070.002382 3070.004285 3069.485978 3069.973709 3070.027157 3070.068616 3070.074484 3070.051978 3070.036984 3070.051978 3070.074484 3070.068616 3070.027157 3069.973709 3069.485978 3070.004285 3070.002382 0.000000 0.000000
0.000000 0.000000 3324.790074 3324.790145 3324.275618 3324.759908 3324.814550 3324.855954 3324.861966 3324.839425 3324.824276 3324.839425 3324.861966 3324.855954 3324.814550 3324.759908 3324.275618 3324.790145 3324.790074 0.000000 0.000000
0.000000 0.000000 3576.368787 3576.369329 3575.852188 3576.338824 3576.393573 3576.434614 3576.440721 3576.418110 3576.402142 3576.418110 3576.440721 3576.434614 3576.393573 3576.338824 3575.852188 3576.369329 3576.368787 0.000000 0.000000
0.000000 0.000000 3825.924337 3825.926182 3825.418256 3825.895659 3825.949898 3825.990901 3825.997014 3825.974311 3825.957735 3825.974311 3825.997014 3825.990901 3825.949898 3825.895659 3825.418256 3825.926181 3825.924335 0.000000 0.000000
0.000000 0.000000 4071.340741 4071.340902 4070.829245 4071.311523 4071.366331 4071.406697 4071.412923 4071.390139 4071.373259 4071.390139 4071.412923 4071.406697 4071.366331 4071.311523 4070.829245 4071.340891 4071.340473 0.000000 0.000000
0.000000 0.000000 4326.572222 4326.699202 4326.188045 4326.667513 4326.722603 4326.762973 4326.769520 4326.746638 4326.729493 4326.746638 4326.769520 4326.762973 4326.722603 4326.667512 4326.188033 4326.697546 4326.696787 0.000000 0.000000
0.000000 0.000000 0.000000 0.000000 0.000000 0.000000 0.000000 0.000000 0.000000 0.000000 0.000000 0.000000 0.000000 0.000000 0.000000 0.000000 0.000000 0.000000 0.000000 0.000000 0.000000
0.000000 0.000000 0.000000 0.000000 0.000000 0.000000 0.000000 0.000000 0.000000 0.000000 0.000000 0.000000 0.000000 0.000000 0.000000 0.000000 0.000000 0.000000 0.000000 0.000000 0.000000