geotop/1.0zi/1.0Montebello/Templates/testdem/maps/_Erotot4732.asc
ncols         21
nrows         20
xllcorner     100.000000
yllcorner     100.000000
cellsize      50.000000
NODATA_value  -9999.0
0.000000 0.000000 0.000000 0.000000 0.000000 0.000000 0.000000 0.000000 0.000000 0.000000 0.000000 0.000000 0.000000 0.000000 0.000000 0.000000 0.000000 0.000000 0.000000 0.000000 0.000000
0.000000 0.000000 353.486993 353.025890 352.811134 352.641117 352.645205 352.684308 352.722144 352.721333 352.706790 352.709611 352.710644 352.753596 352.642178 352.682400 352.878291 352.811971 352.927429 0.000000 0.000000
0.000000 0.000000 27.864618 28.420862 28.810308 29.916779 29.406856 29.502125 29.095510 29.007914 29.051263 29.377575 29.125762 28.925914 29.448599 29.154089 28.253554 27.661466 27.494238 0.000000 0.000000
0.000000 0.000000 136.172263 137.432687 130.344325 127.959826 129.124202 124.144697 123.403179 123.063851 122.194005 121.628208 122.641569 121.242267 123.938570 128.934333 129.506806 131.771376 134.376673 0.000000 0.000000
0.000000 0.000000 1344.542264 1348.706943 1354.047006 1336.915193 1325.811322 1317.839724 1320.326973 1314.518069 1318.756466 1322.985549 1323.267156 1323.715593 1333.009944 1331.974832 1337.396562 1343.142393 1344.994778 0.000000 0.000000
0.000000 0.000000 2632.791809 2627.173031 2623.284071 2620.231796 2614.079655 2610.902239 2608.218373 2609.939431 2609.527414 2606.941936 2603.308147 2605.194667 2605.030018 2617.969899 2622.152563 2622.223136 2625.092828 0.000000 0.000000
0.000000 0.000000 3380.763399 3376.143692 3371.440043 3367.566737 3356.696148 3341.385486 3342.700437 3339.086818 3342.240770 3341.615351 3344.435756 3346.710562 3361.231011 3370.464980 3376.719187 3380.476841 3384.019309 0.000000 0.000000
0.000000 0.000000 3901.604753 3901.735969 3902.420375 3897.917195 3896.090344 3891.314213 3891.984271 3892.121720 3889.718500 3890.748506 3889.671859 3888.843719 3892.180795 3895.663803 3897.792906 3897.223100 3898.480127 0.000000 0.000000
0.000000 0.000000 4557.274991 4556.970693 4554.364466 4552.057254 4547.389246 4538.781681 4539.015350 4537.023076 4537.617751 4538.326365 4537.605829 4538.566541 4543.955334 4551.921337 4551.997198 4553.502134 4557.252225 0.000000 0.000000
0.000000 0.000000 5334.475357 5332.558972 5332.776564 5328.797978 5319.831177 5314.763063 5316.357813 5315.295263 5315.452524 5315.582612 5314.721887 5313.424897 5320.992380 5327.874741 5330.179194 5331.221995 5332.628307 0.000000 0.000000
0.000000 0.000000 6157.899584 6155.914927 6154.506466 6152.287595 6149.339948 6138.744744 6139.027049 6136.352141 6136.576032 6137.673297 6136.706494 6136.892478 6142.165656 6145.143189 6149.963168 6152.061225 6155.166647 0.000000 0.000000
0.000000 0.000000 7015.138789 7014.253033 7011.811307 7004.963075 6999.972975 6991.832089 6990.833846 6990.278308 6990.476035 6989.733508 6989.474420 6989.679864 6998.980725 7005.200158 7008.650697 7009.846812 7026.946620 0.000000 0.000000
0.000000 0.000000 7878.128276 7876.019708 7873.822393 7870.908742 7863.200482 7843.718262 7843.964658 7842.034860 7842.033670 7842.742081 7841.290936 7842.089400 7858.655379 7867.067740 7870.361502 7871.910038 7874.349502 0.000000 0.000000
0.000000 0.000000 8800.030782 8796.914334 8794.792648 8790.762517 8770.620961 8778.816412 8772.863852 8771.807527 8772.315667 8772.739145 8771.593509 8771.661562 8765.881725 8785.203291 8789.179250 8794.507572 8794.476674 0.000000 0.000000
0.000000 0.000000 9785.152969 9780.212714 9775.563552 9762.307996 9759.253030 9742.784125 9734.689516 9732.789426 9728.573466 9728.276287 9729.492786 9727.440323 9738.893005 9747.369747 9769.583534 9765.212920 9766.686920 0.000000 0.000000
0.000000 0.000000 10768.745838 10768.211020 10746.763900 10749.898187 10748.863983 10747.822546 10750.622169 10750.479648 10753.455556 10753.381697 10750.258019 10755.740302 10753.548261 10752.780019 10741.409866 10766.376574 10771.163229 0.000000 0.000000
0.000000 0.000000 11885.510029 11860.001090 11851.488939 11843.300763 11827.940595 11821.410031 11819.590814 11818.631493 11814.872233 11815.301785 11815.668156 11813.100597 11818.225769 11835.660624 11849.541470 11850.309375 11876.089421 0.000000 0.000000
0.000000 0.000000 12709.825840 12713.444797 12736.308998 12726.290623 12719.296184 12694.860306 12693.122163 12690.056257 12692.029192 12691.874609 12690.294417 12692.069053 12715.315494 12724.717194 12736.981026 12710.031618 12712.084381 0.000000 0.000000
0.000000 0.000000 0.000000 0.000000 0.000000 0.000000 0.000000 0.000000 0.000000 0.000000 0.000000 0.000000 0.000000 0.000000 0.000000 0.000000 0.000000 0.000000 0.000000 0.000000 0.000000
0.000000 0.000000 0.000000 0.000000 0.000000 0.000000 0.000000 0.000000 0.000000 0.000000 0.000000 0.000000 0.000000 0.000000 0.000000 0.000000 0.000000 0.000000 0.000000 0.000000 0.000000