geotop/1.0zi/1.0Montebello/Templates/testdem/maps/_Erotot9832.asc
ncols         21
nrows         20
xllcorner     100.000000
yllcorner     100.000000
cellsize      50.000000
NODATA_value  -9999.0
0.000000 0.000000 0.000000 0.000000 0.000000 0.000000 0.000000 0.000000 0.000000 0.000000 0.000000 0.000000 0.000000 0.000000 0.000000 0.000000 0.000000 0.000000 0.000000 0.000000 0.000000
0.000000 0.000000 812.220944 812.371298 811.190966 810.727948 809.155206 808.717449 808.813708 808.872447 809.226165 808.665502 808.524534 808.558503 809.523875 810.106822 811.467645 812.702561 813.352995 0.000000 0.000000
0.000000 0.000000 61.283788 59.935082 60.229192 60.007411 60.741787 60.249322 59.886407 59.732259 59.968842 60.124649 60.295438 60.368867 60.254993 59.769168 58.745274 57.848347 58.636016 0.000000 0.000000
0.000000 0.000000 536.546116 540.395955 525.979694 518.516335 517.946062 509.944551 517.012670 518.958453 515.061514 515.976341 520.277492 519.683373 528.516422 539.056582 541.960774 540.475051 545.926243 0.000000 0.000000
0.000000 0.000000 4537.400890 4530.976616 4527.116069 4488.142804 4462.028786 4446.469708 4438.946319 4432.665416 4438.555190 4444.106604 4444.055234 4437.732680 4458.741494 4465.350567 4484.408310 4495.677291 4496.839130 0.000000 0.000000
0.000000 0.000000 6764.535149 6758.214406 6753.344474 6755.536271 6727.430790 6714.594854 6718.380972 6717.216337 6711.694077 6705.094727 6702.892194 6707.179354 6709.048563 6736.387778 6736.548272 6743.999530 6745.775561 0.000000 0.000000
0.000000 0.000000 8312.251728 8306.102965 8302.250375 8289.167797 8282.291002 8245.506028 8244.823966 8241.501123 8239.913160 8243.918993 8244.439576 8245.520677 8281.349326 8285.742630 8295.385795 8298.339459 8303.460157 0.000000 0.000000
0.000000 0.000000 9961.833636 9957.665723 9950.882595 9935.042218 9924.519161 9920.265549 9920.870740 9918.322085 9917.213973 9913.162377 9912.476634 9919.485575 9918.394416 9930.044575 9945.900932 9943.496179 9949.752964 0.000000 0.000000
0.000000 0.000000 12061.088005 12054.618723 12045.630726 12039.632143 12021.980368 11998.732025 12001.951495 11997.531596 11993.296597 11992.808280 11996.085734 11989.350038 12017.025516 12032.877086 12035.822293 12039.624372 12042.126340 0.000000 0.000000
0.000000 0.000000 14520.008603 14509.539575 14505.046249 14495.599374 14479.604562 14459.423353 14458.315884 14455.820182 14450.161813 14454.527791 14457.948360 14456.993468 14466.336054 14488.405716 14497.008554 14501.188273 14500.382430 0.000000 0.000000
0.000000 0.000000 17279.259956 17273.926621 17270.017066 17234.070352 17233.529149 17203.954904 17212.466061 17193.457427 17198.404471 17193.951351 17185.811721 17197.417565 17214.822825 17220.601164 17237.091678 17240.499024 17259.385431 0.000000 0.000000
0.000000 0.000000 20385.896925 20369.796648 20348.840637 20345.652897 20332.780939 20298.294878 20296.622700 20298.263214 20304.342033 20287.929708 20296.491185 20292.716376 20324.873193 20341.596741 20343.954131 20350.266916 20377.012891 0.000000 0.000000
0.000000 0.000000 23706.737249 23695.164131 23696.666805 23673.115712 23652.707617 23570.745439 23565.003467 23561.919333 23521.204678 23548.332519 23549.694842 23557.908231 23620.785334 23630.905628 23668.490915 23667.916015 23672.409289 0.000000 0.000000
0.000000 0.000000 27671.141516 27669.592058 27638.533353 27622.349092 27509.781397 27573.616247 27544.657212 27545.424901 27565.623506 27545.856101 27543.902040 27528.275431 27466.883030 27599.627291 27599.146786 27632.144134 27648.029691 0.000000 0.000000
0.000000 0.000000 31855.687660 31843.036577 31823.005285 31691.313728 31768.207442 31678.780490 31658.509222 31649.970925 31617.948916 31606.580721 31620.846671 31622.978984 31703.878995 31623.041654 31808.210809 31759.094033 31747.053349 0.000000 0.000000
0.000000 0.000000 35351.582136 35343.654289 35201.768900 35293.245585 35269.189132 35280.987672 35354.126881 35333.082850 35370.347743 35363.782409 35335.916622 35370.860928 35345.637177 35374.878946 35181.034758 35409.839346 35400.885142 0.000000 0.000000
0.000000 0.000000 38314.903006 38197.848757 38260.302814 38208.091483 38146.665363 38131.388430 38086.138505 38099.864226 38055.855847 38062.481147 38086.760619 38063.154194 38097.098235 38132.608872 38254.403724 38140.329168 38264.870603 0.000000 0.000000
0.000000 0.000000 39226.161159 39299.474014 39377.237028 39370.508338 39366.772427 39303.158501 39311.371748 39289.815688 39319.097691 39313.850681 39314.926952 39317.063823 39368.653422 39374.595155 39385.709801 39313.060461 39241.297713 0.000000 0.000000
0.000000 0.000000 0.000000 0.000000 0.000000 0.000000 0.000000 0.000000 0.000000 0.000000 0.000000 0.000000 0.000000 0.000000 0.000000 0.000000 0.000000 0.000000 0.000000 0.000000 0.000000
0.000000 0.000000 0.000000 0.000000 0.000000 0.000000 0.000000 0.000000 0.000000 0.000000 0.000000 0.000000 0.000000 0.000000 0.000000 0.000000 0.000000 0.000000 0.000000 0.000000 0.000000