geotop/1.0zi/1.0Montebello/Templates/testdem/maps/_Erotot4615.asc
ncols         21
nrows         20
xllcorner     100.000000
yllcorner     100.000000
cellsize      50.000000
NODATA_value  -9999.0
0.000000 0.000000 0.000000 0.000000 0.000000 0.000000 0.000000 0.000000 0.000000 0.000000 0.000000 0.000000 0.000000 0.000000 0.000000 0.000000 0.000000 0.000000 0.000000 0.000000 0.000000
0.000000 0.000000 347.113676 346.653479 346.438654 346.270699 346.274830 346.315468 346.352971 346.351401 346.338067 346.341246 346.343222 346.387589 346.272193 346.313861 346.508121 346.441049 346.554626 0.000000 0.000000
0.000000 0.000000 27.334588 27.961548 28.349041 29.418197 29.034212 29.111093 28.709304 28.645050 28.679859 28.989618 28.705242 28.461341 28.948758 28.687720 27.787935 27.194343 26.995185 0.000000 0.000000
0.000000 0.000000 137.751968 138.970562 131.883626 129.541546 130.622357 125.655893 124.922435 124.567185 123.697513 123.150545 124.184354 122.793019 125.526273 130.482370 131.048465 133.310863 135.948396 0.000000 0.000000
0.000000 0.000000 1344.081412 1348.208490 1353.568606 1336.427782 1325.249681 1317.292151 1319.760518 1313.933502 1318.184692 1322.419820 1322.733948 1323.226335 1332.516142 1331.490440 1336.919072 1342.669501 1344.529253 0.000000 0.000000
0.000000 0.000000 2626.967144 2622.215612 2618.722406 2616.057257 2610.783806 2607.684530 2605.002196 2606.733967 2606.329689 2603.746638 2599.901480 2601.079239 2600.601515 2613.509647 2617.647682 2617.717322 2620.586053 0.000000 0.000000
0.000000 0.000000 3320.363070 3315.627884 3311.725164 3308.466244 3299.829711 3285.018647 3286.776290 3283.558370 3286.538949 3285.683969 3287.570194 3288.881371 3303.365334 3310.736885 3317.067040 3320.855928 3324.283566 0.000000 0.000000
0.000000 0.000000 3796.568097 3797.060602 3797.885376 3793.354910 3791.722061 3786.933589 3787.556481 3787.720025 3785.327047 3786.294225 3785.321654 3784.368442 3787.378093 3791.326179 3793.305075 3792.689321 3793.903517 0.000000 0.000000
0.000000 0.000000 4445.787655 4445.737095 4443.491865 4441.404546 4437.366465 4428.914302 4429.205926 4427.282516 4427.822782 4428.473599 4427.607423 4428.122353 4433.462812 4441.131977 4441.187568 4442.687644 4446.343999 0.000000 0.000000
0.000000 0.000000 5196.784012 5195.324408 5195.926115 5192.230581 5184.046639 5179.147445 5180.811007 5179.815235 5179.891995 5179.966008 5178.952440 5177.250184 5184.578426 5191.123556 5193.402458 5194.429893 5195.714127 0.000000 0.000000
0.000000 0.000000 5989.334711 5987.793940 5986.767228 5984.830338 5982.629694 5972.217518 5972.569436 5969.974596 5970.130769 5971.169800 5970.034926 5969.815664 5974.853067 5977.527088 5982.307908 5984.388407 5987.376169 0.000000 0.000000
0.000000 0.000000 6815.777428 6815.361148 6813.302745 6806.767015 6802.437585 6794.471851 6793.542859 6793.039468 6793.159041 6792.379101 6791.986503 6791.860513 6800.869819 6806.802331 6810.226518 6811.405227 6828.303675 0.000000 0.000000
0.000000 0.000000 7645.335353 7643.723056 7641.937585 7639.318866 7632.405061 7613.517041 7613.834154 7611.986999 7611.905854 7612.550520 7610.964543 7611.355284 7627.272922 7635.321129 7638.579504 7640.101738 7642.429495 0.000000 0.000000
0.000000 0.000000 8530.346352 8527.765543 8526.057466 8522.354368 8503.549490 8511.790126 8505.983838 8505.001805 8505.418562 8505.784743 8504.497272 8504.161741 8498.204924 8516.641203 8520.568853 8525.825037 8525.683221 0.000000 0.000000
0.000000 0.000000 9475.256338 9470.840883 9466.699725 9454.422837 9452.102617 9435.980284 9428.057876 9426.251473 9422.022659 9421.673085 9422.704702 9420.326799 9431.403993 9439.472410 9460.858942 9456.564770 9457.914437 0.000000 0.000000
0.000000 0.000000 10416.816901 10416.810450 10396.703083 10399.978979 10399.668662 10398.659353 10401.426411 10401.332809 10404.122371 10403.995945 10400.822778 10405.738567 10403.450140 10402.483235 10391.468848 10415.301530 10419.857432 0.000000 0.000000
0.000000 0.000000 11485.047994 11461.508634 11453.644114 11445.958921 11431.720126 11425.437034 11423.754388 11422.889995 11419.175719 11419.529472 11419.665318 11416.874476 11421.638651 11438.301226 11451.788345 11452.580115 11476.910313 0.000000 0.000000
0.000000 0.000000 12276.809069 12280.549455 12302.585158 12293.089097 12286.947889 12263.591925 12261.993429 12259.081907 12260.808884 12260.612201 12258.961655 12260.182490 12282.295612 12291.270970 12303.172222 12277.510667 12279.645631 0.000000 0.000000
0.000000 0.000000 0.000000 0.000000 0.000000 0.000000 0.000000 0.000000 0.000000 0.000000 0.000000 0.000000 0.000000 0.000000 0.000000 0.000000 0.000000 0.000000 0.000000 0.000000 0.000000
0.000000 0.000000 0.000000 0.000000 0.000000 0.000000 0.000000 0.000000 0.000000 0.000000 0.000000 0.000000 0.000000 0.000000 0.000000 0.000000 0.000000 0.000000 0.000000 0.000000 0.000000