geotop/1.0zi/1.0Montebello/Templates/testdem/maps/_Erotot7062.asc
ncols         21
nrows         20
xllcorner     100.000000
yllcorner     100.000000
cellsize      50.000000
NODATA_value  -9999.0
0.000000 0.000000 0.000000 0.000000 0.000000 0.000000 0.000000 0.000000 0.000000 0.000000 0.000000 0.000000 0.000000 0.000000 0.000000 0.000000 0.000000 0.000000 0.000000 0.000000 0.000000
0.000000 0.000000 567.119051 567.921953 567.575088 567.798189 567.185217 567.222008 567.168252 567.271597 567.697509 567.024279 566.913921 566.995266 567.285665 567.245065 568.005357 568.275510 568.345484 0.000000 0.000000
0.000000 0.000000 44.495962 43.277584 43.258124 43.409873 43.645245 43.497443 43.239494 43.082902 43.321782 43.610425 43.616101 43.738619 43.515991 43.316891 42.030103 41.305429 42.048082 0.000000 0.000000
0.000000 0.000000 252.260945 253.881783 241.952205 239.215200 237.675925 230.792669 231.403675 229.999134 228.782804 226.553074 228.842918 228.810546 237.046842 243.135942 244.528461 246.428297 252.098983 0.000000 0.000000
0.000000 0.000000 2512.794711 2516.148543 2519.510944 2498.349517 2483.637124 2470.624795 2472.656835 2469.647192 2475.175426 2481.434383 2476.059493 2474.333656 2485.925314 2488.700185 2497.307073 2504.856157 2506.826057 0.000000 0.000000
0.000000 0.000000 4271.817274 4266.121895 4262.765528 4256.535277 4242.324630 4234.224903 4233.551285 4232.649545 4229.245045 4223.409639 4222.554457 4225.897446 4225.844737 4243.974326 4252.273114 4259.054623 4260.976176 0.000000 0.000000
0.000000 0.000000 5476.556492 5473.686764 5469.435469 5463.646983 5450.293664 5431.451493 5430.929753 5427.101969 5428.666869 5432.477709 5433.871190 5434.412570 5458.751906 5468.319042 5472.776940 5474.939336 5480.545629 0.000000 0.000000
0.000000 0.000000 6362.700123 6363.271192 6360.583590 6352.038355 6350.661494 6342.192671 6342.817853 6342.704488 6341.872361 6338.107504 6337.340820 6343.222766 6344.068405 6347.804693 6358.786873 6356.826970 6361.943262 0.000000 0.000000
0.000000 0.000000 7561.221620 7557.251724 7551.479175 7552.033176 7542.307459 7528.834877 7530.294877 7526.074530 7524.068828 7523.993415 7526.142236 7520.551193 7537.106961 7549.718929 7550.417321 7553.224282 7554.949354 0.000000 0.000000
0.000000 0.000000 8937.390580 8934.400064 8934.929190 8932.024050 8913.581908 8905.462806 8905.686799 8905.259212 8902.278610 8905.545619 8908.445906 8907.653547 8912.761518 8925.457622 8931.654417 8932.851596 8934.259257 0.000000 0.000000
0.000000 0.000000 10430.578413 10430.054062 10427.613997 10409.970434 10406.474354 10391.706123 10397.256889 10385.122501 10388.870607 10387.400569 10380.959771 10390.114872 10397.405312 10399.485978 10410.038945 10415.949111 10426.197445 0.000000 0.000000
0.000000 0.000000 12019.476409 12012.652517 12005.768731 12003.286713 11994.722543 11977.686891 11975.301391 11975.281289 11982.249657 11972.435362 11975.740853 11975.815701 11994.806207 12001.566241 12003.230274 12006.287386 12027.923206 0.000000 0.000000
0.000000 0.000000 13655.017487 13651.136034 13651.338806 13640.266742 13634.784778 13596.506285 13595.190793 13594.371210 13576.319093 13586.698665 13590.623484 13594.486426 13620.063728 13625.820651 13644.787391 13643.838428 13652.302363 0.000000 0.000000
0.000000 0.000000 15487.500540 15489.762967 15478.547160 15475.274563 15432.630834 15445.011211 15432.732214 15433.559557 15437.595976 15434.546441 15432.840640 15429.130881 15413.808862 15460.726381 15466.329136 15482.263050 15491.245042 0.000000 0.000000
0.000000 0.000000 17510.086510 17503.188487 17496.463560 17453.712775 17457.708077 17435.778755 17419.456377 17417.187622 17408.955678 17400.374760 17404.415609 17403.080930 17428.086245 17426.673314 17491.668667 17478.754452 17478.252465 0.000000 0.000000
0.000000 0.000000 19617.792070 19615.616711 19552.661981 19562.569276 19566.475095 19555.046519 19583.967734 19571.896852 19584.114563 19576.603512 19567.730248 19584.003420 19588.217133 19588.345517 19545.109825 19633.455339 19626.944259 0.000000 0.000000
0.000000 0.000000 22101.366990 22015.340531 22023.671784 21999.927699 21952.641055 21943.031966 21923.988226 21929.924613 21904.092586 21905.540141 21917.164712 21910.389492 21930.672931 21957.782855 22020.916066 21990.363769 22083.410460 0.000000 0.000000
0.000000 0.000000 23483.776316 23541.967535 23627.979934 23621.352895 23610.178843 23537.227198 23542.987331 23519.261306 23547.777558 23541.887915 23545.214451 23546.477992 23609.074035 23618.447105 23642.535602 23561.526543 23505.404624 0.000000 0.000000
0.000000 0.000000 0.000000 0.000000 0.000000 0.000000 0.000000 0.000000 0.000000 0.000000 0.000000 0.000000 0.000000 0.000000 0.000000 0.000000 0.000000 0.000000 0.000000 0.000000 0.000000
0.000000 0.000000 0.000000 0.000000 0.000000 0.000000 0.000000 0.000000 0.000000 0.000000 0.000000 0.000000 0.000000 0.000000 0.000000 0.000000 0.000000 0.000000 0.000000 0.000000 0.000000