geotop/1.0zi/1.0Montebello/Templates/testdem/maps/_Erotot5956.asc
ncols         21
nrows         20
xllcorner     100.000000
yllcorner     100.000000
cellsize      50.000000
NODATA_value  -9999.0
0.000000 0.000000 0.000000 0.000000 0.000000 0.000000 0.000000 0.000000 0.000000 0.000000 0.000000 0.000000 0.000000 0.000000 0.000000 0.000000 0.000000 0.000000 0.000000 0.000000 0.000000
0.000000 0.000000 461.826403 461.022403 460.834534 460.619324 460.579861 460.678584 460.622487 460.800602 460.703614 460.501574 460.439862 460.519340 460.634854 460.542946 460.744013 460.942664 461.368766 0.000000 0.000000
0.000000 0.000000 34.590582 35.266007 35.564174 36.736474 36.474615 36.235281 36.062602 35.840944 36.054942 36.414924 36.225722 35.969212 36.409261 36.182724 35.343086 34.506628 33.889028 0.000000 0.000000
0.000000 0.000000 192.043250 193.257728 185.657242 182.815718 184.205030 179.107755 178.705517 178.319508 177.568571 175.138044 177.600914 175.801702 179.148284 184.824592 184.734939 187.551751 191.694966 0.000000 0.000000
0.000000 0.000000 1863.214161 1867.356051 1871.085341 1851.956998 1836.578118 1826.061500 1828.689180 1825.835495 1829.376566 1833.558163 1830.436368 1828.633107 1839.197868 1839.795785 1847.558737 1855.281195 1857.026655 0.000000 0.000000
0.000000 0.000000 3331.263306 3325.739713 3323.187313 3318.493486 3310.278168 3302.634938 3300.868059 3300.942289 3299.787160 3297.634676 3294.982370 3297.238540 3297.533294 3312.935358 3317.999605 3321.323497 3323.394618 0.000000 0.000000
0.000000 0.000000 4407.222568 4404.510459 4401.253105 4396.723485 4383.662640 4366.895616 4366.963153 4363.421013 4365.156264 4367.915229 4369.821348 4371.057056 4391.195509 4400.890619 4405.889706 4407.482474 4412.908950 0.000000 0.000000
0.000000 0.000000 5074.099753 5075.377253 5074.010670 5067.462738 5066.764291 5059.668142 5060.217982 5060.602451 5059.323925 5056.900449 5056.676329 5060.289069 5060.490677 5063.238034 5071.700102 5070.022435 5073.285695 0.000000 0.000000
0.000000 0.000000 5984.309134 5981.539796 5976.990620 5977.721833 5970.964463 5960.448224 5960.902548 5958.261957 5955.770095 5956.953030 5958.198404 5953.091168 5966.418785 5974.664780 5976.971297 5977.897414 5979.533629 0.000000 0.000000
0.000000 0.000000 7037.993599 7035.519068 7037.221453 7036.339257 7021.424250 7014.359301 7015.774407 7014.867632 7012.784843 7015.887140 7018.888841 7017.344848 7020.708010 7031.242731 7035.294546 7035.563945 7036.496989 0.000000 0.000000
0.000000 0.000000 8174.715112 8174.818442 8174.490186 8159.977371 8157.225717 8146.413617 8149.971928 8140.868731 8143.275443 8142.303465 8137.627705 8145.029185 8149.577006 8151.202327 8158.040935 8164.029409 8171.522386 0.000000 0.000000
0.000000 0.000000 9364.784166 9360.099059 9354.698722 9352.713519 9348.626289 9333.726035 9332.727144 9331.848049 9338.511415 9331.394865 9333.491071 9333.065369 9348.788569 9352.296390 9353.939424 9354.525250 9374.187512 0.000000 0.000000
0.000000 0.000000 10570.857699 10568.856392 10569.506779 10561.816889 10557.603673 10530.456423 10529.225762 10528.904449 10514.379917 10523.424568 10527.428239 10529.464519 10546.088079 10550.196050 10564.431814 10563.868100 10570.893189 0.000000 0.000000
0.000000 0.000000 11894.307241 11895.601536 11888.231943 11886.897237 11858.691663 11867.168743 11856.584492 11858.050168 11859.284228 11858.785913 11857.302031 11853.943081 11843.894245 11874.349469 11879.983935 11890.791150 11898.051919 0.000000 0.000000
0.000000 0.000000 13325.214036 13320.089208 13316.503281 13291.467274 13291.263696 13275.559637 13262.558827 13260.963537 13255.899541 13249.585074 13252.903212 13251.122413 13266.280985 13270.108427 13312.317997 13303.361497 13303.656998 0.000000 0.000000
0.000000 0.000000 14797.424224 14796.649946 14759.277517 14758.909519 14763.923121 14756.477574 14774.034192 14766.354695 14772.475608 14767.882682 14762.470267 14771.377681 14775.018080 14774.514709 14753.282423 14806.120697 14799.291574 0.000000 0.000000
0.000000 0.000000 16473.023632 16427.470289 16425.318429 16415.132315 16388.960802 16382.031503 16373.427578 16376.711134 16362.382578 16362.795484 16368.195017 16367.715892 16379.838693 16391.642775 16424.184557 16417.147270 16468.292738 0.000000 0.000000
0.000000 0.000000 17627.138332 17641.642652 17689.211803 17682.279004 17668.100233 17629.493367 17630.758352 17616.355755 17628.810293 17626.744113 17632.480200 17628.050757 17661.795418 17673.744627 17697.477648 17648.593322 17634.182818 0.000000 0.000000
0.000000 0.000000 0.000000 0.000000 0.000000 0.000000 0.000000 0.000000 0.000000 0.000000 0.000000 0.000000 0.000000 0.000000 0.000000 0.000000 0.000000 0.000000 0.000000 0.000000 0.000000
0.000000 0.000000 0.000000 0.000000 0.000000 0.000000 0.000000 0.000000 0.000000 0.000000 0.000000 0.000000 0.000000 0.000000 0.000000 0.000000 0.000000 0.000000 0.000000 0.000000 0.000000