geotop/1.0zi/1.0Montebello/Templates/testdem/maps/_Erotot5662.asc
ncols         21
nrows         20
xllcorner     100.000000
yllcorner     100.000000
cellsize      50.000000
NODATA_value  -9999.0
0.000000 0.000000 0.000000 0.000000 0.000000 0.000000 0.000000 0.000000 0.000000 0.000000 0.000000 0.000000 0.000000 0.000000 0.000000 0.000000 0.000000 0.000000 0.000000 0.000000 0.000000
0.000000 0.000000 432.203434 431.404680 431.225241 431.015287 430.978275 431.081928 431.031782 431.206001 431.112831 430.910117 430.849811 430.929387 431.036861 430.939940 431.135047 431.330085 431.747262 0.000000 0.000000
0.000000 0.000000 32.519278 33.181903 33.470400 34.638087 34.383376 34.143265 33.965562 33.742264 33.953096 34.305970 34.122066 33.879184 34.333598 34.100416 33.272717 32.438841 31.842565 0.000000 0.000000
0.000000 0.000000 184.373833 185.706749 178.086519 175.317206 176.702917 171.646495 171.259616 170.809547 170.092682 167.711910 170.288072 168.429898 171.794891 177.366363 177.055361 180.290065 183.576556 0.000000 0.000000
0.000000 0.000000 1781.975132 1786.827700 1792.982167 1774.719962 1759.626279 1748.781050 1751.557732 1748.940441 1752.387094 1756.940961 1753.064967 1750.641200 1760.995122 1760.451809 1767.674747 1774.744812 1775.743889 0.000000 0.000000
0.000000 0.000000 3160.715825 3154.671225 3151.929434 3147.712198 3140.132656 3132.962747 3131.263770 3131.204022 3130.490497 3128.160671 3125.726168 3128.132971 3127.105102 3142.081830 3147.021375 3150.279161 3152.947174 0.000000 0.000000
0.000000 0.000000 4167.804363 4165.302820 4162.306404 4157.929380 4145.113101 4129.040982 4129.175511 4125.788760 4127.519077 4130.289805 4132.184697 4133.190572 4152.594024 4161.769434 4166.521989 4168.180449 4173.357894 0.000000 0.000000
0.000000 0.000000 4806.857819 4808.279460 4807.530959 4801.323959 4800.890118 4794.002756 4794.623320 4795.037202 4793.859027 4791.497731 4791.142617 4794.561922 4794.278765 4796.487643 4804.671183 4802.925026 4805.931335 0.000000 0.000000
0.000000 0.000000 5653.030776 5650.436148 5646.578089 5647.692590 5641.260545 5631.050208 5631.600054 5629.030344 5626.652859 5627.894796 5629.007577 5623.700702 5636.386839 5644.000410 5645.987940 5646.800767 5648.208072 0.000000 0.000000
0.000000 0.000000 6633.270823 6630.977890 6633.331536 6632.848362 6618.340720 6611.557125 6613.059408 6612.210172 6610.249944 6613.391665 6616.240894 6614.484290 6617.273984 6627.134338 6630.832450 6631.013766 6631.687922 0.000000 0.000000
0.000000 0.000000 7690.012970 7690.278452 7690.622361 7676.696856 7674.274235 7663.882472 7667.496494 7658.572628 7661.045909 7660.177531 7655.436249 7662.490566 7666.392481 7667.372524 7673.829577 7679.620405 7686.781210 0.000000 0.000000
0.000000 0.000000 8792.065001 8787.640700 8783.060738 8781.508256 8777.809655 8763.425511 8762.597220 8761.738885 8768.395353 8761.503570 8763.398758 8762.758299 8777.546214 8780.334971 8781.642579 8782.136893 8801.184567 0.000000 0.000000
0.000000 0.000000 9905.462571 9903.638624 9904.837069 9897.657091 9893.821415 9868.506638 9867.414760 9867.142907 9853.148361 9861.987098 9865.762161 9867.502345 9882.338790 9885.784399 9899.349437 9898.706733 9905.502801 0.000000 0.000000
0.000000 0.000000 11124.134409 11125.593936 11119.138962 11118.244282 11092.498358 11100.453417 11090.367040 11091.811569 11093.013228 11092.707984 11091.152053 11087.664207 11077.684270 11105.270688 11110.479760 11120.787437 11127.634934 0.000000 0.000000
0.000000 0.000000 12435.233784 12430.373856 12427.818549 12405.914644 12405.325527 12390.614395 12378.200708 12376.785686 12372.119417 12366.179557 12369.097734 12367.152135 12381.019409 12384.585263 12423.058089 12414.614019 12414.751190 0.000000 0.000000
0.000000 0.000000 13776.686334 13776.161025 13743.436738 13742.395072 13747.309988 13739.829512 13756.134066 13748.817063 13754.424182 13750.111206 13745.128949 13752.907392 13756.280894 13755.639687 13736.821897 13784.149716 13777.290158 0.000000 0.000000
0.000000 0.000000 15295.225524 15256.045699 15253.885085 15245.268875 15221.699434 15215.463348 15208.029159 15211.110657 15198.294639 15198.619988 15203.037162 15203.023238 15213.550487 15223.058508 15251.936962 15247.184098 15291.717176 0.000000 0.000000
0.000000 0.000000 16370.323368 16380.478066 16422.055604 16415.617957 16401.616399 16367.480549 16368.602885 16355.448416 16366.221582 16364.465150 16370.080048 16364.998603 16394.459413 16405.884481 16428.349084 16385.773167 16375.336624 0.000000 0.000000
0.000000 0.000000 0.000000 0.000000 0.000000 0.000000 0.000000 0.000000 0.000000 0.000000 0.000000 0.000000 0.000000 0.000000 0.000000 0.000000 0.000000 0.000000 0.000000 0.000000 0.000000
0.000000 0.000000 0.000000 0.000000 0.000000 0.000000 0.000000 0.000000 0.000000 0.000000 0.000000 0.000000 0.000000 0.000000 0.000000 0.000000 0.000000 0.000000 0.000000 0.000000 0.000000