geotop/1.0zi/1.0Montebello/Templates/testdem/maps/_Erotot3553.asc
ncols         21
nrows         20
xllcorner     100.000000
yllcorner     100.000000
cellsize      50.000000
NODATA_value  -9999.0
0.000000 0.000000 0.000000 0.000000 0.000000 0.000000 0.000000 0.000000 0.000000 0.000000 0.000000 0.000000 0.000000 0.000000 0.000000 0.000000 0.000000 0.000000 0.000000 0.000000 0.000000
0.000000 0.000000 373.498801 373.501656 373.505202 373.624188 373.491704 373.497489 373.471141 373.511099 373.525796 373.511099 373.471141 373.497489 373.491704 373.624188 373.505202 373.501656 373.498801 0.000000 0.000000
0.000000 0.000000 11.486602 11.248007 9.491966 11.173669 11.489947 11.415441 11.534661 11.430932 11.798485 11.430932 11.534661 11.415441 11.489947 11.173669 9.491966 11.248007 11.486602 0.000000 0.000000
0.000000 0.000000 2753.690249 2753.426377 2753.568876 2751.736362 2753.609282 2752.895762 2752.707473 2753.496462 2753.630001 2753.496462 2752.707473 2752.895762 2753.609282 2751.736362 2753.568876 2753.426377 2753.690249 0.000000 0.000000
0.000000 0.000000 5240.801909 5240.617474 5239.922220 5240.503019 5241.036371 5240.869002 5240.848487 5240.955093 5240.979231 5240.955093 5240.848487 5240.869002 5241.036371 5240.503019 5239.922220 5240.617474 5240.801909 0.000000 0.000000
0.000000 0.000000 6784.953156 6784.770250 6784.164277 6784.300086 6785.088278 6784.678728 6784.658190 6784.936275 6785.160258 6784.936275 6784.658190 6784.678728 6785.088278 6784.300086 6784.164277 6784.770250 6784.953156 0.000000 0.000000
0.000000 0.000000 8741.568936 8741.425188 8740.877984 8740.998839 8741.680598 8741.319154 8741.304473 8741.544667 8741.767346 8741.544667 8741.304473 8741.319154 8741.680598 8740.998839 8740.877984 8741.425188 8741.568936 0.000000 0.000000
0.000000 0.000000 10547.748551 10547.633461 10547.136943 10547.260849 10547.843298 10547.530302 10547.518896 10547.730563 10547.931025 10547.730563 10547.518896 10547.530302 10547.843298 10547.260849 10547.136943 10547.633461 10547.748551 0.000000 0.000000
0.000000 0.000000 12204.740920 12204.640048 12204.178844 12204.300884 12204.833661 12204.549425 12204.537246 12204.732756 12204.921138 12204.732756 12204.537246 12204.549425 12204.833661 12204.300884 12204.178844 12204.640048 12204.740920 0.000000 0.000000
0.000000 0.000000 13740.819818 13740.747617 13740.305556 13740.463913 13740.907020 13740.651461 13740.643903 13740.818338 13740.989635 13740.818338 13740.643903 13740.651461 13740.907020 13740.463913 13740.305556 13740.747617 13740.819818 0.000000 0.000000
0.000000 0.000000 15166.667974 15166.590057 15166.176989 15166.310142 15166.758084 15166.510983 15166.501113 15166.673246 15166.834318 15166.673246 15166.501113 15166.510983 15166.758084 15166.310142 15166.176989 15166.590057 15166.667974 0.000000 0.000000
0.000000 0.000000 16508.420941 16508.346833 16507.961832 16508.089955 16508.521473 16508.287883 16508.274978 16508.445198 16508.595499 16508.445198 16508.274978 16508.287883 16508.521473 16508.089955 16507.961832 16508.346833 16508.420941 0.000000 0.000000
0.000000 0.000000 17774.958571 17774.890988 17774.518702 17774.647616 17775.054742 17774.833981 17774.821947 17774.986943 17775.127296 17774.986943 17774.821947 17774.833981 17775.054742 17774.647616 17774.518702 17774.890988 17774.958571 0.000000 0.000000
0.000000 0.000000 18980.392173 18980.332550 18979.975235 18980.119626 18980.487792 18980.277502 18980.267760 18980.424377 18980.557564 18980.424377 18980.267760 18980.277502 18980.487792 18980.119626 18979.975235 18980.332550 18980.392173 0.000000 0.000000
0.000000 0.000000 20129.095179 20129.031062 20128.682384 20128.814298 20129.183016 20128.986507 20128.979333 20129.133892 20129.260123 20129.133892 20128.979333 20128.986507 20129.183016 20128.814298 20128.682384 20129.031062 20129.095179 0.000000 0.000000
0.000000 0.000000 21224.003115 21223.941751 21223.606952 21223.730904 21224.084860 21223.893696 21223.885913 21224.033525 21224.155117 21224.033525 21223.885913 21223.893696 21224.084860 21223.730904 21223.606952 21223.941751 21224.003111 0.000000 0.000000
0.000000 0.000000 22273.104097 22273.043988 22272.715609 22272.842652 22273.179378 22272.995164 22272.987768 22273.130495 22273.244743 22273.130495 22272.987768 22272.995164 22273.179378 22272.842652 22272.715609 22273.043967 22273.103977 0.000000 0.000000
0.000000 0.000000 23328.878121 23329.359324 23329.041042 23329.163575 23329.491150 23329.313702 23329.305670 23329.443620 23329.553738 23329.443620 23329.305670 23329.313702 23329.491150 23329.163575 23329.041025 23329.356009 23329.412860 0.000000 0.000000
0.000000 0.000000 0.000000 0.000000 0.000000 0.000000 0.000000 0.000000 0.000000 0.000000 0.000000 0.000000 0.000000 0.000000 0.000000 0.000000 0.000000 0.000000 0.000000 0.000000 0.000000
0.000000 0.000000 0.000000 0.000000 0.000000 0.000000 0.000000 0.000000 0.000000 0.000000 0.000000 0.000000 0.000000 0.000000 0.000000 0.000000 0.000000 0.000000 0.000000 0.000000 0.000000