geotop/1.0zi/1.0Montebello/Templates/testdem/maps/_Erotot4729.asc
ncols         21
nrows         20
xllcorner     100.000000
yllcorner     100.000000
cellsize      50.000000
NODATA_value  -9999.0
0.000000 0.000000 0.000000 0.000000 0.000000 0.000000 0.000000 0.000000 0.000000 0.000000 0.000000 0.000000 0.000000 0.000000 0.000000 0.000000 0.000000 0.000000 0.000000 0.000000 0.000000
0.000000 0.000000 353.485428 353.024329 352.809578 352.639565 352.643654 352.682760 352.720596 352.719785 352.705242 352.708063 352.709096 352.752048 352.640627 352.680848 352.876735 352.810410 352.925864 0.000000 0.000000
0.000000 0.000000 27.863642 28.419692 28.810243 29.916711 29.406787 29.502236 29.095617 29.008017 29.051367 29.377681 29.125871 28.926027 29.448534 29.154020 28.253485 27.660293 27.493259 0.000000 0.000000
0.000000 0.000000 136.172831 137.433337 130.343760 127.960474 129.124861 124.145273 123.403760 123.064435 122.194587 121.628787 122.642145 121.242836 123.939216 128.933761 129.506243 131.771862 134.377238 0.000000 0.000000
0.000000 0.000000 1344.497515 1348.668477 1354.023900 1336.893302 1325.789571 1317.822987 1320.310319 1314.501390 1318.740774 1322.973623 1323.252502 1323.699124 1332.988978 1331.954989 1337.375767 1343.121921 1344.976826 0.000000 0.000000
0.000000 0.000000 2630.062387 2624.453498 2620.582163 2617.557342 2611.496860 2608.351362 2605.670311 2607.396020 2606.989109 2604.408188 2600.699237 2602.527504 2602.341350 2615.277599 2619.454093 2619.524560 2622.395515 0.000000 0.000000
0.000000 0.000000 3378.954523 3374.347834 3369.669577 3365.822854 3355.023074 3339.732439 3341.049232 3337.438191 3340.593355 3339.965391 3342.744887 3344.975144 3359.473321 3368.702511 3374.953128 3378.710488 3382.252257 0.000000 0.000000
0.000000 0.000000 3899.444179 3899.595009 3900.310890 3895.846355 3894.117717 3889.367011 3890.038786 3890.179309 3887.777684 3888.805425 3887.679118 3886.782983 3890.086095 3893.565548 3895.689659 3895.119523 3896.375484 0.000000 0.000000
0.000000 0.000000 4554.713079 4554.435107 4551.871690 4549.612437 4545.042142 4536.458526 4536.694104 4534.704984 4535.301000 4536.006746 4535.235461 4536.128921 4541.479979 4549.442176 4549.512219 4551.016625 4554.764919 0.000000 0.000000
0.000000 0.000000 5331.470969 5329.587517 5329.856014 5325.932491 5317.070753 5312.024887 5313.621257 5312.561580 5312.719871 5312.846789 5311.937072 5310.566227 5318.091385 5324.970060 5327.267822 5328.310012 5329.714089 0.000000 0.000000
0.000000 0.000000 6154.430267 6152.484846 6151.134780 6148.976235 6146.135105 6135.560408 6135.844143 6133.172021 6133.396673 6134.490727 6133.478806 6133.587731 6138.815462 6141.789571 6146.602002 6148.699353 6151.802083 0.000000 0.000000
0.000000 0.000000 7011.169455 7010.329411 7007.952888 7001.168974 6996.275203 6988.152766 6987.155976 6986.602743 6986.801032 6986.055648 6985.755995 6985.891946 6995.145435 7001.360977 7004.803702 7005.999114 7023.094693 0.000000 0.000000
0.000000 0.000000 7873.624056 7871.567578 7869.440985 7866.593444 7858.978803 7839.521791 7839.769238 7837.841775 7837.841048 7838.546566 7837.060109 7837.789726 7854.299080 7862.707154 7865.992674 7867.540334 7869.977378 0.000000 0.000000
0.000000 0.000000 8794.948299 8791.890447 8789.844255 8785.882228 8765.838942 8774.057135 8768.106662 8767.052380 8767.560624 8767.981604 8766.805005 8766.808030 8760.970771 8780.277211 8784.244472 8789.571135 8789.537824 0.000000 0.000000
0.000000 0.000000 9779.416218 9774.540092 9769.972831 9756.799719 9753.837838 9737.391769 9729.299554 9727.401487 9723.187146 9722.887674 9724.076157 9721.962946 9733.358362 9741.817489 9764.007275 9759.637510 9761.108707 0.000000 0.000000
0.000000 0.000000 10762.314253 10761.849652 10740.504256 10743.718373 10742.767092 10741.743883 10744.542411 10744.401048 10747.375716 10747.299876 10744.153863 10749.575125 10747.328855 10746.551040 10735.164538 10760.109190 10764.891467 0.000000 0.000000
0.000000 0.000000 11878.274016 11852.867164 11844.460877 11836.354414 11821.080353 11814.571874 11812.754183 11811.796579 11808.039765 11808.467142 11808.811173 11806.190997 11811.256797 11828.670754 11842.528206 11843.280505 11869.033059 0.000000 0.000000
0.000000 0.000000 12702.097062 12705.805480 12728.745926 12718.813562 12711.892610 12687.489461 12685.752651 12682.689128 12684.659915 12684.503923 12682.907886 12684.630341 12707.808447 12717.195750 12729.429547 12702.489872 12704.524664 0.000000 0.000000
0.000000 0.000000 0.000000 0.000000 0.000000 0.000000 0.000000 0.000000 0.000000 0.000000 0.000000 0.000000 0.000000 0.000000 0.000000 0.000000 0.000000 0.000000 0.000000 0.000000 0.000000
0.000000 0.000000 0.000000 0.000000 0.000000 0.000000 0.000000 0.000000 0.000000 0.000000 0.000000 0.000000 0.000000 0.000000 0.000000 0.000000 0.000000 0.000000 0.000000 0.000000 0.000000