geotop/1.0zi/1.0Montebello/Templates/testdem/maps/_Erotot0585.asc
ncols         21
nrows         20
xllcorner     100.000000
yllcorner     100.000000
cellsize      50.000000
NODATA_value  -9999.0
0.000000 0.000000 0.000000 0.000000 0.000000 0.000000 0.000000 0.000000 0.000000 0.000000 0.000000 0.000000 0.000000 0.000000 0.000000 0.000000 0.000000 0.000000 0.000000 0.000000 0.000000
0.000000 0.000000 45.336608 45.337289 45.369922 45.337456 45.336713 45.337099 45.336910 45.336823 45.336797 45.336823 45.336910 45.337099 45.336713 45.337456 45.369922 45.337289 45.336608 0.000000 0.000000
0.000000 0.000000 7.682549 7.466100 5.648901 7.461148 7.708981 7.693131 7.707640 7.714483 7.715547 7.714483 7.707640 7.693131 7.708981 7.461148 5.648901 7.466100 7.682549 0.000000 0.000000
0.000000 0.000000 566.203662 566.454536 566.579640 566.365882 566.270208 566.381247 566.378812 566.314753 566.244425 566.314753 566.378812 566.381247 566.270208 566.365882 566.579640 566.454536 566.203662 0.000000 0.000000
0.000000 0.000000 856.634366 856.586942 855.829826 856.565622 856.634741 856.656407 856.651024 856.655132 856.650463 856.655132 856.651024 856.656407 856.634741 856.565622 855.829826 856.586942 856.634366 0.000000 0.000000
0.000000 0.000000 1170.852303 1170.858772 1170.153775 1170.817712 1170.884983 1170.929860 1170.934504 1170.913661 1170.892909 1170.913661 1170.934504 1170.929860 1170.884983 1170.817712 1170.153775 1170.858772 1170.852303 0.000000 0.000000
0.000000 0.000000 1528.952655 1528.961490 1528.332934 1528.922207 1528.984443 1529.030728 1529.036469 1529.013570 1528.995180 1529.013570 1529.036469 1529.030728 1528.984443 1528.922207 1528.332934 1528.961490 1528.952655 0.000000 0.000000
0.000000 0.000000 1871.870297 1871.878202 1871.295869 1871.841747 1871.900850 1871.946422 1871.952191 1871.929216 1871.912375 1871.929216 1871.952191 1871.946422 1871.900850 1871.841747 1871.295869 1871.878202 1871.870297 0.000000 0.000000
0.000000 0.000000 2199.379707 2199.387464 2198.832207 2199.352132 2199.409310 2199.454155 2199.459941 2199.437137 2199.420934 2199.437137 2199.459941 2199.454155 2199.409310 2199.352132 2198.832207 2199.387464 2199.379707 0.000000 0.000000
0.000000 0.000000 2516.306434 2516.313567 2515.774255 2516.279346 2516.335513 2516.379761 2516.385522 2516.362851 2516.346815 2516.362851 2516.385522 2516.379761 2516.335513 2516.279346 2515.774255 2516.313567 2516.306434 0.000000 0.000000
0.000000 0.000000 2824.283729 2824.290224 2823.760118 2824.256809 2824.312499 2824.356318 2824.362057 2824.339459 2824.323366 2824.339459 2824.362057 2824.356318 2824.312499 2824.256809 2823.760118 2824.290224 2824.283729 0.000000 0.000000
0.000000 0.000000 3124.412833 3124.416414 3123.896378 3124.384672 3124.439805 3124.482418 3124.488609 3124.466163 3124.451093 3124.466163 3124.488609 3124.482418 3124.439805 3124.384672 3123.896378 3124.416414 3124.412833 0.000000 0.000000
0.000000 0.000000 3417.738614 3417.740654 3417.225674 3417.711186 3417.765103 3417.807122 3417.813431 3417.790921 3417.775957 3417.790921 3417.813431 3417.807122 3417.765103 3417.711186 3417.225674 3417.740654 3417.738614 0.000000 0.000000
0.000000 0.000000 3707.789505 3707.789709 3707.278842 3707.760604 3707.815683 3707.857621 3707.864072 3707.841543 3707.826444 3707.841543 3707.864072 3707.857621 3707.815683 3707.760604 3707.278842 3707.789709 3707.789505 0.000000 0.000000
0.000000 0.000000 3994.102605 3994.103229 3993.590152 3994.073881 3994.129013 3994.170541 3994.177076 3994.154496 3994.138611 3994.154496 3994.177076 3994.170541 3994.129013 3994.073881 3993.590152 3994.103229 3994.102605 0.000000 0.000000
0.000000 0.000000 4278.047086 4278.048983 4277.545334 4278.019665 4278.074273 4278.115747 4278.122292 4278.099637 4278.083167 4278.099637 4278.122292 4278.115747 4278.074273 4278.019665 4277.545334 4278.048983 4278.047083 0.000000 0.000000
0.000000 0.000000 4557.664189 4557.664367 4557.157424 4557.636201 4557.691334 4557.732159 4557.738811 4557.716092 4557.699320 4557.716092 4557.738811 4557.732159 4557.691334 4557.636201 4557.157424 4557.664355 4557.663835 0.000000 0.000000
0.000000 0.000000 4845.387185 4845.508492 4845.002246 4845.477897 4845.533273 4845.574081 4845.581052 4845.558251 4845.541227 4845.558251 4845.581052 4845.574081 4845.533273 4845.477896 4845.002233 4845.506665 4845.505822 0.000000 0.000000
0.000000 0.000000 0.000000 0.000000 0.000000 0.000000 0.000000 0.000000 0.000000 0.000000 0.000000 0.000000 0.000000 0.000000 0.000000 0.000000 0.000000 0.000000 0.000000 0.000000 0.000000
0.000000 0.000000 0.000000 0.000000 0.000000 0.000000 0.000000 0.000000 0.000000 0.000000 0.000000 0.000000 0.000000 0.000000 0.000000 0.000000 0.000000 0.000000 0.000000 0.000000 0.000000