geotop/1.0zi/1.0Montebello/Templates/testdem/maps/_Erotot8978.asc
ncols         21
nrows         20
xllcorner     100.000000
yllcorner     100.000000
cellsize      50.000000
NODATA_value  -9999.0
0.000000 0.000000 0.000000 0.000000 0.000000 0.000000 0.000000 0.000000 0.000000 0.000000 0.000000 0.000000 0.000000 0.000000 0.000000 0.000000 0.000000 0.000000 0.000000 0.000000 0.000000
0.000000 0.000000 718.783575 719.422121 718.853887 718.940808 717.923442 718.048639 718.131271 718.205447 718.586715 717.952659 717.842252 717.880407 718.285932 718.413261 719.235941 719.824041 719.982928 0.000000 0.000000
0.000000 0.000000 55.975828 54.992799 55.290704 55.223706 56.047983 55.722160 55.351049 55.217888 55.422073 55.751018 55.808832 55.926342 55.699339 55.094902 53.823202 52.976556 53.586193 0.000000 0.000000
0.000000 0.000000 429.777785 431.507934 418.446574 412.208948 411.636662 405.769295 410.762536 412.437247 408.484425 406.884993 410.300548 409.804712 418.297708 426.771620 430.581772 424.978994 432.256594 0.000000 0.000000
0.000000 0.000000 3931.473489 3925.369337 3924.201931 3890.810825 3866.842857 3854.133446 3848.571610 3841.193829 3850.112765 3857.006509 3855.470133 3850.537724 3870.104755 3874.538490 3890.226777 3901.452270 3901.541017 0.000000 0.000000
0.000000 0.000000 5991.324238 5985.972032 5980.637697 5982.443555 5960.394793 5947.966198 5951.550522 5951.397990 5947.114756 5941.039578 5939.307535 5943.468279 5943.552389 5968.461483 5969.736778 5975.830809 5978.160788 0.000000 0.000000
0.000000 0.000000 7415.814054 7410.260016 7407.006268 7396.142065 7387.401784 7354.636312 7355.009289 7352.397330 7352.124394 7356.451007 7357.002081 7357.961924 7390.732160 7396.529032 7404.862898 7407.277186 7412.275785 0.000000 0.000000
0.000000 0.000000 8808.251721 8805.772656 8801.827134 8789.753692 8783.932520 8780.307115 8781.177300 8779.179733 8779.486741 8775.328460 8774.131284 8781.535735 8779.775019 8788.350316 8802.524941 8798.566222 8804.672206 0.000000 0.000000
0.000000 0.000000 10605.612333 10600.664329 10593.672242 10591.140004 10576.047960 10557.238889 10560.192172 10556.027870 10553.066904 10552.656242 10555.441916 10549.241379 10573.200742 10587.106863 10588.523824 10590.554871 10594.054413 0.000000 0.000000
0.000000 0.000000 12688.846229 12681.436716 12680.535423 12674.077874 12650.718723 12639.805181 12639.382376 12638.031155 12634.234856 12638.649122 12641.647796 12641.309305 12648.511038 12667.167393 12674.710262 12676.992203 12676.162380 0.000000 0.000000
0.000000 0.000000 14995.173845 14992.811454 14989.945255 14962.034922 14955.855891 14935.301137 14943.698522 14926.492640 14932.583392 14928.847619 14921.261352 14932.111731 14946.392129 14949.817943 14964.828314 14968.326969 14983.211594 0.000000 0.000000
0.000000 0.000000 17544.981534 17535.302360 17520.901782 17518.149544 17501.997993 17479.121633 17477.519192 17480.461636 17486.714633 17473.931491 17480.981382 17478.953286 17505.099221 17517.528587 17517.884987 17521.635458 17546.743303 0.000000 0.000000
0.000000 0.000000 20242.938764 20232.900982 20236.551418 20213.299469 20204.117317 20137.753617 20135.480933 20134.321032 20105.300572 20124.172028 20126.522191 20133.692908 20182.648631 20191.259099 20221.112766 20218.181429 20225.065871 0.000000 0.000000
0.000000 0.000000 23427.999301 23429.418777 23408.358973 23401.162510 23313.482256 23352.857637 23333.166803 23334.524911 23348.038330 23336.404962 23335.214183 23324.308733 23286.765000 23385.020047 23387.367133 23411.600953 23424.637815 0.000000 0.000000
0.000000 0.000000 26990.944133 26976.046927 26960.552312 26859.004736 26900.083066 26844.406506 26822.509876 26817.846445 26796.163794 26784.500162 26794.757977 26795.474165 26852.668874 26813.107116 26957.273260 26918.989390 26912.332855 0.000000 0.000000
0.000000 0.000000 30518.528640 30512.001503 30373.455389 30441.410169 30428.882910 30430.208809 30500.146498 30478.678560 30512.988530 30504.706880 30479.495505 30514.617141 30502.854962 30516.980858 30357.651287 30570.812649 30561.202937 0.000000 0.000000
0.000000 0.000000 34320.201340 34146.869096 34225.877212 34151.654706 34063.264059 34042.314306 33979.133343 33997.593649 33935.838744 33944.353547 33979.133523 33944.452878 33990.954432 34046.382020 34221.272097 34067.450515 34249.505109 0.000000 0.000000
0.000000 0.000000 35189.517689 35354.596040 35480.267440 35485.746559 35500.448754 35387.317951 35414.815417 35374.981095 35441.063830 35429.354169 35420.965429 35437.507202 35526.245097 35518.218691 35501.986324 35405.255175 35241.074906 0.000000 0.000000
0.000000 0.000000 0.000000 0.000000 0.000000 0.000000 0.000000 0.000000 0.000000 0.000000 0.000000 0.000000 0.000000 0.000000 0.000000 0.000000 0.000000 0.000000 0.000000 0.000000 0.000000
0.000000 0.000000 0.000000 0.000000 0.000000 0.000000 0.000000 0.000000 0.000000 0.000000 0.000000 0.000000 0.000000 0.000000 0.000000 0.000000 0.000000 0.000000 0.000000 0.000000 0.000000