geotop/1.0zi/1.0Montebello/Templates/testdem/maps/_Erotot7662.asc
ncols         21
nrows         20
xllcorner     100.000000
yllcorner     100.000000
cellsize      50.000000
NODATA_value  -9999.0
0.000000 0.000000 0.000000 0.000000 0.000000 0.000000 0.000000 0.000000 0.000000 0.000000 0.000000 0.000000 0.000000 0.000000 0.000000 0.000000 0.000000 0.000000 0.000000 0.000000 0.000000
0.000000 0.000000 645.263216 646.101506 645.586345 645.737365 644.777930 644.975430 644.922162 645.026921 645.450195 644.782359 644.665974 644.707280 645.055495 645.185490 645.995454 646.491147 646.669225 0.000000 0.000000
0.000000 0.000000 50.192810 49.196787 49.127808 49.510319 50.121177 49.792476 49.527327 49.365227 49.606964 49.942444 49.964072 50.128358 49.883226 49.360551 48.072844 47.223926 47.749979 0.000000 0.000000
0.000000 0.000000 353.447575 354.617652 342.530297 336.859535 337.397630 326.078080 326.210455 327.008770 323.341920 321.592075 323.731071 323.874721 334.127253 341.139169 345.739385 348.684012 353.571411 0.000000 0.000000
0.000000 0.000000 3022.706546 3025.670244 3029.224170 3007.226011 2988.755174 2978.935355 2978.264901 2973.588424 2980.593614 2985.909895 2981.455892 2980.038621 2994.541155 2997.422648 3007.178491 3015.785497 3015.455806 0.000000 0.000000
0.000000 0.000000 4840.821606 4835.110402 4831.556856 4825.653973 4811.179576 4801.506807 4802.304401 4801.275430 4797.922295 4792.241241 4791.306707 4794.491387 4793.690992 4813.170208 4821.095149 4827.979407 4830.993013 0.000000 0.000000
0.000000 0.000000 6116.905326 6113.942223 6109.655503 6103.031905 6089.471484 6068.317792 6067.311252 6063.500795 6064.967597 6068.703741 6070.236820 6070.807899 6097.906972 6107.688857 6113.142439 6115.853273 6121.067940 0.000000 0.000000
0.000000 0.000000 7165.029631 7165.458838 7162.642242 7153.100821 7150.911154 7141.927373 7142.183115 7141.999774 7141.059651 7137.213285 7136.569415 7142.700310 7144.276980 7148.847940 7161.084101 7159.669798 7164.525944 0.000000 0.000000
0.000000 0.000000 8549.405409 8545.162179 8539.108676 8538.984425 8528.350102 8513.536362 8514.727161 8510.269734 8508.203953 8508.028771 8510.457115 8504.792622 8523.025295 8536.588705 8538.303375 8541.922170 8543.260720 0.000000 0.000000
0.000000 0.000000 10135.028536 10131.769421 10132.238583 10128.315298 10108.582848 10099.246135 10098.984141 10098.623630 10095.363010 10098.755619 10101.906275 10101.203965 10107.761959 10121.654215 10129.134733 10131.058489 10132.115178 0.000000 0.000000
0.000000 0.000000 11867.527483 11866.827126 11864.222715 11844.724613 11839.096667 11824.068961 11829.605319 11816.625140 11820.592044 11818.950437 11812.244472 11822.014821 11831.017620 11833.715050 11845.940311 11852.917429 11863.319938 0.000000 0.000000
0.000000 0.000000 13738.212487 13730.722295 13723.152712 13719.825640 13710.271592 13690.855752 13687.543560 13687.928442 13695.196045 13684.503068 13688.492475 13688.490242 13710.260942 13718.322778 13721.178113 13725.125313 13747.831510 0.000000 0.000000
0.000000 0.000000 15675.477015 15671.030799 15671.461239 15658.449805 15651.740926 15605.895027 15604.222845 15603.237027 15582.802822 15594.583196 15598.929302 15603.496682 15635.459612 15642.266302 15664.677663 15664.432256 15672.100976 0.000000 0.000000
0.000000 0.000000 17883.398070 17885.895448 17873.183333 17868.833234 17814.758467 17832.845495 17817.878199 17818.946948 17824.753476 17820.509019 17818.539740 17814.084563 17794.712832 17853.387132 17860.016886 17879.248691 17888.544306 0.000000 0.000000
0.000000 0.000000 20350.273609 20342.494607 20334.144116 20275.843169 20286.838454 20257.660497 20238.986796 20235.983102 20225.174361 20215.136886 20220.872467 20219.613094 20252.917327 20244.825949 20330.243685 20313.545334 20311.402198 0.000000 0.000000
0.000000 0.000000 22928.644915 22925.883573 22841.415938 22864.079262 22865.895727 22855.932995 22894.307994 22880.062695 22897.562482 22889.433198 22876.597874 22898.638937 22900.993345 22901.735810 22833.759289 22956.980837 22948.788856 0.000000 0.000000
0.000000 0.000000 26008.904048 25886.449329 25913.196390 25874.608049 25809.821838 25796.433888 25763.854172 25773.457550 25735.460019 25738.955293 25758.233049 25743.087220 25772.708323 25812.538460 25911.231611 25847.864932 25978.513816 0.000000 0.000000
0.000000 0.000000 27353.669487 27464.125521 27581.527162 27579.918389 27578.677843 27478.383591 27491.802866 27458.867080 27506.011098 27497.118268 27496.083846 27504.339380 27588.548323 27590.554064 27603.445863 27503.157264 27394.332969 0.000000 0.000000
0.000000 0.000000 0.000000 0.000000 0.000000 0.000000 0.000000 0.000000 0.000000 0.000000 0.000000 0.000000 0.000000 0.000000 0.000000 0.000000 0.000000 0.000000 0.000000 0.000000 0.000000
0.000000 0.000000 0.000000 0.000000 0.000000 0.000000 0.000000 0.000000 0.000000 0.000000 0.000000 0.000000 0.000000 0.000000 0.000000 0.000000 0.000000 0.000000 0.000000 0.000000 0.000000