geotop/1.0zi/1.0Montebello/Templates/testdem/maps/_Erotot9387.asc
ncols         21
nrows         20
xllcorner     100.000000
yllcorner     100.000000
cellsize      50.000000
NODATA_value  -9999.0
0.000000 0.000000 0.000000 0.000000 0.000000 0.000000 0.000000 0.000000 0.000000 0.000000 0.000000 0.000000 0.000000 0.000000 0.000000 0.000000 0.000000 0.000000 0.000000 0.000000 0.000000
0.000000 0.000000 740.099896 740.605107 740.031750 740.114903 739.115591 739.223284 739.311186 739.384763 739.773392 739.139391 739.031185 739.079436 739.481719 739.601324 740.415823 741.024650 741.248265 0.000000 0.000000
0.000000 0.000000 55.930716 54.888071 55.198231 55.134525 56.008660 55.696378 55.308843 55.166948 55.362694 55.678496 55.732591 55.839537 55.607154 54.954946 53.693982 52.801335 53.352323 0.000000 0.000000
0.000000 0.000000 449.312927 451.044749 438.048377 431.491203 430.941043 425.084250 430.209131 432.028503 428.503656 428.770760 433.503652 432.963848 441.504633 450.040825 453.882669 451.955978 458.746721 0.000000 0.000000
0.000000 0.000000 4152.939225 4147.503538 4141.395983 4106.535433 4079.123701 4064.947415 4058.034421 4051.840975 4059.297319 4065.745014 4063.983424 4059.089917 4078.917557 4085.384219 4102.874935 4114.540850 4115.343903 0.000000 0.000000
0.000000 0.000000 6374.068238 6368.639759 6363.955628 6366.249667 6341.553341 6329.546455 6333.081491 6332.327755 6327.792846 6321.484844 6319.939412 6324.441322 6324.452046 6350.704390 6351.620955 6359.247077 6361.499544 0.000000 0.000000
0.000000 0.000000 7827.142904 7821.865831 7818.078767 7806.417470 7798.444373 7760.642016 7763.482423 7760.821911 7760.187350 7764.698888 7765.468274 7767.180162 7800.435862 7805.772841 7815.325539 7818.018896 7823.338981 0.000000 0.000000
0.000000 0.000000 9337.289062 9334.558413 9329.396622 9316.661809 9309.136251 9306.186507 9306.077606 9304.098909 9304.055271 9300.071136 9299.184586 9306.531502 9304.970365 9315.058499 9330.246915 9327.683480 9334.043900 0.000000 0.000000
0.000000 0.000000 11275.387337 11270.212676 11263.036135 11259.431355 11242.539503 11220.970398 11224.236382 11220.024214 11216.541656 11216.290598 11219.471191 11213.438541 11238.863097 11253.490700 11256.052419 11259.608524 11262.420740 0.000000 0.000000
0.000000 0.000000 13529.289982 13521.805533 13518.580126 13510.710501 13486.646469 13473.004235 13472.763826 13470.990945 13466.683668 13471.390822 13474.889514 13474.789308 13482.315881 13502.890651 13511.643563 13515.572215 13515.339935 0.000000 0.000000
0.000000 0.000000 16039.617495 16036.998029 16034.908361 16003.085947 15996.228235 15972.229122 15980.771280 15963.431198 15969.121443 15965.351253 15957.852718 15969.565103 15984.754193 15989.542496 16005.513977 16010.780655 16027.195458 0.000000 0.000000
0.000000 0.000000 18839.624384 18827.789112 18810.170737 18808.263985 18789.560684 18762.362569 18761.939555 18763.623004 18770.737341 18756.066682 18764.542049 18762.423610 18790.661938 18805.182049 18807.381336 18812.869758 18839.023189 0.000000 0.000000
0.000000 0.000000 21818.851320 21811.224235 21813.719861 21785.478230 21773.839014 21698.704810 21695.843418 21694.805610 21661.575291 21683.457362 21686.240327 21694.583064 21749.196716 21759.638065 21792.064603 21792.435479 21798.822938 0.000000 0.000000
0.000000 0.000000 25363.248158 25364.348229 25339.364892 25330.425150 25229.590335 25278.120073 25254.540745 25256.027754 25272.359455 25258.184005 25257.150755 25245.286686 25197.791014 25311.949422 25314.343498 25343.593610 25357.882411 0.000000 0.000000
0.000000 0.000000 29261.131494 29246.186401 29228.097012 29110.792809 29165.284443 29093.275338 29070.704280 29064.886272 29038.388647 29026.679391 29039.529795 29041.447929 29111.506516 29056.991853 29223.284943 29181.490001 29173.011625 0.000000 0.000000
0.000000 0.000000 32893.591731 32887.373006 32739.163592 32822.101214 32802.433024 32808.945280 32885.137627 32862.930094 32900.700372 32893.214604 32865.724616 32903.308875 32883.326752 32903.236977 32719.403483 32952.811668 32943.480730 0.000000 0.000000
0.000000 0.000000 36426.763600 36273.197172 36351.160828 36280.915020 36201.282526 36180.305152 36120.210406 36137.551666 36079.828788 36088.138277 36120.751943 36088.703742 36132.237393 36181.842865 36345.729660 36197.570161 36360.625795 0.000000 0.000000
0.000000 0.000000 37281.580801 37403.449466 37506.596894 37505.312424 37509.991738 37417.378139 37435.666994 37404.039827 37453.220852 37444.408094 37440.845906 37450.947098 37523.735802 37523.248636 37521.529946 37436.438499 37315.735639 0.000000 0.000000
0.000000 0.000000 0.000000 0.000000 0.000000 0.000000 0.000000 0.000000 0.000000 0.000000 0.000000 0.000000 0.000000 0.000000 0.000000 0.000000 0.000000 0.000000 0.000000 0.000000 0.000000
0.000000 0.000000 0.000000 0.000000 0.000000 0.000000 0.000000 0.000000 0.000000 0.000000 0.000000 0.000000 0.000000 0.000000 0.000000 0.000000 0.000000 0.000000 0.000000 0.000000 0.000000