geotop/1.0zi/1.0Montebello/Templates/testdem/maps/_Erotot0978.asc
ncols         21
nrows         20
xllcorner     100.000000
yllcorner     100.000000
cellsize      50.000000
NODATA_value  -9999.0
0.000000 0.000000 0.000000 0.000000 0.000000 0.000000 0.000000 0.000000 0.000000 0.000000 0.000000 0.000000 0.000000 0.000000 0.000000 0.000000 0.000000 0.000000 0.000000 0.000000 0.000000
0.000000 0.000000 109.239684 109.240944 109.275422 109.249670 109.234356 109.240975 109.242336 109.237897 109.238429 109.237897 109.242336 109.240975 109.234356 109.249670 109.275422 109.240944 109.239684 0.000000 0.000000
0.000000 0.000000 9.208008 8.989712 7.215137 9.074294 9.241760 9.234867 9.246300 9.251613 9.249930 9.251613 9.246300 9.234867 9.241760 9.074294 7.215137 8.989712 9.208008 0.000000 0.000000
0.000000 0.000000 851.636106 851.210528 851.499090 849.199015 851.590075 851.429304 851.302215 851.623137 851.651250 851.623137 851.302215 851.429304 851.590075 849.199015 851.499090 851.210528 851.636106 0.000000 0.000000
0.000000 0.000000 1485.045254 1484.776045 1484.061420 1484.710372 1485.156780 1485.020111 1484.975902 1485.084083 1485.047781 1485.084083 1484.975902 1485.020111 1485.156780 1484.710372 1484.061420 1484.776045 1485.045254 0.000000 0.000000
0.000000 0.000000 1972.967421 1972.695783 1972.050389 1972.110957 1973.000387 1972.905848 1972.861054 1972.987198 1972.991400 1972.987198 1972.861054 1972.905848 1973.000387 1972.110957 1972.050389 1972.695783 1972.967421 0.000000 0.000000
0.000000 0.000000 2568.046773 2567.825427 2567.232997 2567.310424 2568.062723 2567.997043 2567.965850 2568.068344 2568.070191 2568.068344 2567.965850 2567.997043 2568.062723 2567.310424 2567.232997 2567.825427 2568.046773 0.000000 0.000000
0.000000 0.000000 3133.403361 3133.208953 3132.656431 3132.743090 3133.406392 3133.359326 3133.334572 3133.423037 3133.424969 3133.423037 3133.334572 3133.359326 3133.406392 3132.743090 3132.656431 3133.208953 3133.403361 0.000000 0.000000
0.000000 0.000000 3670.522232 3670.341416 3669.814356 3669.900552 3670.519978 3670.480855 3670.459238 3670.540075 3670.541337 3670.540075 3670.459238 3670.480855 3670.519978 3669.900552 3669.814356 3670.341416 3670.522232 0.000000 0.000000
0.000000 0.000000 4185.973561 4185.821944 4185.303830 4185.429967 4185.964020 4185.939736 4185.925008 4185.990046 4185.990784 4185.990046 4185.925008 4185.939736 4185.964020 4185.429967 4185.303830 4185.821944 4185.973561 0.000000 0.000000
0.000000 0.000000 4681.611858 4681.450396 4680.949010 4681.049442 4681.604107 4681.575432 4681.557633 4681.625489 4681.625131 4681.625489 4681.557633 4681.575432 4681.604107 4681.049442 4680.949010 4681.450396 4681.611858 0.000000 0.000000
0.000000 0.000000 5162.058222 5161.893952 5161.404653 5161.495885 5162.046521 5162.019812 5162.002523 5162.069742 5162.070427 5162.069742 5162.002523 5162.019812 5162.046521 5161.495885 5161.404653 5161.893952 5162.058222 0.000000 0.000000
0.000000 0.000000 5632.263202 5632.100924 5631.617455 5631.710177 5632.249953 5632.224142 5632.207239 5632.272726 5632.273056 5632.272726 5632.207239 5632.224142 5632.249953 5631.710177 5631.617455 5632.100924 5632.263202 0.000000 0.000000
0.000000 0.000000 6093.364376 6093.207964 6092.729240 6092.842475 6093.348882 6093.327443 6093.312832 6093.373209 6093.373162 6093.373209 6093.312832 6093.327443 6093.348882 6092.842475 6092.729240 6093.207964 6093.364376 0.000000 0.000000
0.000000 0.000000 6547.370628 6547.210416 6546.732540 6546.834345 6547.354658 6547.332339 6547.316449 6547.378287 6547.377783 6547.378287 6547.316449 6547.332339 6547.354658 6546.834345 6546.732540 6547.210416 6547.370628 0.000000 0.000000
0.000000 0.000000 6995.548625 6995.390863 6994.923575 6995.019925 6995.532773 6995.511788 6995.496298 6995.556712 6995.555808 6995.556712 6995.496298 6995.511788 6995.532773 6995.019925 6994.923575 6995.390862 6995.548622 0.000000 0.000000
0.000000 0.000000 7436.350322 7436.190512 7435.721712 7435.819373 7436.334663 7436.311886 7436.295810 7436.356886 7436.355569 7436.356886 7436.295810 7436.311886 7436.334663 7435.819373 7435.721711 7436.190496 7436.350083 0.000000 0.000000
0.000000 0.000000 7895.656513 7895.729727 7895.263592 7895.350864 7895.873484 7895.849554 7895.833276 7895.895752 7895.894534 7895.895752 7895.833276 7895.849554 7895.873484 7895.350864 7895.263576 7895.727179 7895.889385 0.000000 0.000000
0.000000 0.000000 0.000000 0.000000 0.000000 0.000000 0.000000 0.000000 0.000000 0.000000 0.000000 0.000000 0.000000 0.000000 0.000000 0.000000 0.000000 0.000000 0.000000 0.000000 0.000000
0.000000 0.000000 0.000000 0.000000 0.000000 0.000000 0.000000 0.000000 0.000000 0.000000 0.000000 0.000000 0.000000 0.000000 0.000000 0.000000 0.000000 0.000000 0.000000 0.000000 0.000000