geotop/1.0zi/1.0Montebello/Templates/testdem/maps/_Erotot0600.asc
ncols         21
nrows         20
xllcorner     100.000000
yllcorner     100.000000
cellsize      50.000000
NODATA_value  -9999.0
0.000000 0.000000 0.000000 0.000000 0.000000 0.000000 0.000000 0.000000 0.000000 0.000000 0.000000 0.000000 0.000000 0.000000 0.000000 0.000000 0.000000 0.000000 0.000000 0.000000 0.000000
0.000000 0.000000 45.343953 45.344634 45.377267 45.344801 45.344058 45.344444 45.344255 45.344168 45.344141 45.344168 45.344255 45.344444 45.344058 45.344801 45.377267 45.344634 45.343953 0.000000 0.000000
0.000000 0.000000 7.683372 7.466922 5.649724 7.461970 7.709803 7.693953 7.708462 7.715305 7.716369 7.715305 7.708462 7.693953 7.709803 7.461970 5.649724 7.466922 7.683372 0.000000 0.000000
0.000000 0.000000 566.196266 566.447141 566.572244 566.358487 566.262812 566.373852 566.371418 566.307358 566.237030 566.307358 566.371418 566.373852 566.262812 566.358487 566.572244 566.447141 566.196266 0.000000 0.000000
0.000000 0.000000 862.037626 861.990209 861.233100 861.968899 862.038026 862.059702 862.054325 862.058430 862.053759 862.058430 862.054325 862.059702 862.038026 861.968899 861.233100 861.990209 862.037626 0.000000 0.000000
0.000000 0.000000 1175.848953 1175.855425 1175.150454 1175.814371 1175.881645 1175.926525 1175.931172 1175.910328 1175.889576 1175.910328 1175.931172 1175.926525 1175.881645 1175.814371 1175.150454 1175.855425 1175.848953 0.000000 0.000000
0.000000 0.000000 1536.308343 1536.317182 1535.688680 1536.277912 1536.340151 1536.386442 1536.392189 1536.369287 1536.350898 1536.369287 1536.392189 1536.386442 1536.340151 1536.277912 1535.688680 1536.317182 1536.308343 0.000000 0.000000
0.000000 0.000000 1882.186164 1882.194071 1881.611817 1882.157631 1882.216735 1882.262310 1882.268084 1882.245108 1882.228269 1882.245108 1882.268084 1882.262310 1882.216735 1882.157631 1881.611817 1882.194071 1882.186164 0.000000 0.000000
0.000000 0.000000 2212.632132 2212.639893 2212.084739 2212.604578 2212.661756 2212.706604 2212.712396 2212.689592 2212.673389 2212.689592 2212.712396 2212.706604 2212.661756 2212.604578 2212.084739 2212.639893 2212.632132 0.000000 0.000000
0.000000 0.000000 2532.525101 2532.532237 2531.993054 2532.498035 2532.554200 2532.598451 2532.604218 2532.581547 2532.565513 2532.581547 2532.604218 2532.598451 2532.554200 2532.498035 2531.993054 2532.532237 2532.525101 0.000000 0.000000
0.000000 0.000000 2843.498784 2843.505282 2842.975332 2843.471889 2843.527575 2843.571395 2843.577140 2843.554543 2843.538453 2843.554543 2843.577140 2843.571395 2843.527575 2843.471889 2842.975332 2843.505282 2843.498784 0.000000 0.000000
0.000000 0.000000 3146.675618 3146.679201 3146.159350 3146.647484 3146.702610 3146.745223 3146.751420 3146.728975 3146.713909 3146.728975 3146.751420 3146.745223 3146.702610 3146.647484 3146.159350 3146.679201 3146.675618 0.000000 0.000000
0.000000 0.000000 3443.115570 3443.117615 3442.602848 3443.088173 3443.142081 3443.184098 3443.190413 3443.167906 3443.152945 3443.167906 3443.190413 3443.184098 3443.142081 3443.088173 3442.602848 3443.117615 3443.115570 0.000000 0.000000
0.000000 0.000000 3736.355635 3736.355845 3735.845219 3736.326767 3736.381835 3736.423769 3736.430224 3736.407700 3736.392606 3736.407700 3736.430224 3736.423769 3736.381835 3736.326767 3735.845219 3736.355845 3736.355635 0.000000 0.000000
0.000000 0.000000 4025.935955 4025.936582 4025.423781 4025.907264 4025.962382 4026.003903 4026.010443 4025.987869 4025.971991 4025.987869 4026.010443 4026.003903 4025.962382 4025.907264 4025.423781 4025.936582 4025.935955 0.000000 0.000000
0.000000 0.000000 4313.226196 4313.228093 4312.724745 4313.198808 4313.253399 4313.294863 4313.301414 4313.278766 4313.262305 4313.278766 4313.301414 4313.294863 4313.253399 4313.198808 4312.724745 4313.228093 4313.226193 0.000000 0.000000
0.000000 0.000000 4596.271971 4596.272141 4595.765538 4596.244010 4596.299120 4596.339934 4596.346591 4596.323880 4596.307117 4596.323880 4596.346591 4596.339934 4596.299120 4596.244010 4595.765538 4596.272129 4596.271605 0.000000 0.000000
0.000000 0.000000 4887.121264 4887.240898 4886.735007 4887.210322 4887.265672 4887.306465 4887.313439 4887.290649 4887.273636 4887.290649 4887.313439 4887.306465 4887.265672 4887.210322 4886.734994 4887.239053 4887.238207 0.000000 0.000000
0.000000 0.000000 0.000000 0.000000 0.000000 0.000000 0.000000 0.000000 0.000000 0.000000 0.000000 0.000000 0.000000 0.000000 0.000000 0.000000 0.000000 0.000000 0.000000 0.000000 0.000000
0.000000 0.000000 0.000000 0.000000 0.000000 0.000000 0.000000 0.000000 0.000000 0.000000 0.000000 0.000000 0.000000 0.000000 0.000000 0.000000 0.000000 0.000000 0.000000 0.000000 0.000000