geotop/1.0zi/1.0Montebello/Templates/testdem/maps/_Erotot8474.asc
ncols         21
nrows         20
xllcorner     100.000000
yllcorner     100.000000
cellsize      50.000000
NODATA_value  -9999.0
0.000000 0.000000 0.000000 0.000000 0.000000 0.000000 0.000000 0.000000 0.000000 0.000000 0.000000 0.000000 0.000000 0.000000 0.000000 0.000000 0.000000 0.000000 0.000000 0.000000 0.000000
0.000000 0.000000 685.357384 686.175440 685.614147 685.710134 684.691584 684.851195 684.836869 684.913690 685.297728 684.665263 684.546776 684.594579 684.967017 685.120672 685.957342 686.505880 686.724501 0.000000 0.000000
0.000000 0.000000 53.487929 52.484031 52.732527 52.809636 53.445798 53.085756 52.798962 52.654732 52.864651 53.189122 53.263963 53.362919 53.206405 52.694000 51.418273 50.562814 51.082558 0.000000 0.000000
0.000000 0.000000 353.960547 355.123353 342.803157 337.546012 338.124009 326.838775 326.909586 327.743577 324.108881 322.282477 324.432259 324.630085 334.802751 341.894201 346.497406 349.400318 354.627872 0.000000 0.000000
0.000000 0.000000 3439.424876 3436.679482 3437.958013 3410.868394 3388.322130 3378.506690 3377.592319 3371.656280 3380.688078 3387.799945 3386.914240 3381.938119 3398.021055 3400.049999 3413.317737 3421.877555 3422.738263 0.000000 0.000000
0.000000 0.000000 5543.202206 5539.320427 5534.384328 5529.703318 5514.142061 5503.578648 5505.215119 5503.893079 5500.085894 5494.135479 5492.584131 5496.437560 5495.932224 5517.543555 5523.741830 5529.812659 5532.494675 0.000000 0.000000
0.000000 0.000000 6864.710457 6860.081057 6857.744373 6850.132762 6835.867461 6810.672378 6809.905514 6807.371306 6807.402023 6811.970053 6812.630007 6813.484679 6842.636838 6852.466456 6858.121284 6861.482897 6866.563082 0.000000 0.000000
0.000000 0.000000 8107.462507 8107.592626 8104.182395 8093.019199 8090.616208 8081.494800 8081.689581 8079.425361 8079.758504 8075.684974 8074.452078 8081.366452 8083.329679 8088.373503 8101.968775 8099.853986 8105.518807 0.000000 0.000000
0.000000 0.000000 9734.893055 9729.507667 9723.230936 9722.409889 9708.836456 9692.458194 9694.415578 9690.664271 9688.097083 9687.867503 9690.590504 9684.364266 9704.465442 9718.889306 9720.819483 9725.015475 9726.883323 0.000000 0.000000
0.000000 0.000000 11600.693926 11596.251459 11596.087587 11591.715283 11569.597395 11559.129781 11558.108489 11557.820914 11554.048396 11558.516663 11561.412797 11560.861527 11568.125138 11584.118904 11591.993020 11594.547469 11595.165748 0.000000 0.000000
0.000000 0.000000 13657.620892 13657.166758 13655.004115 13630.296097 13624.994719 13605.541554 13613.825522 13597.458075 13603.824890 13600.622073 13593.601391 13603.666761 13615.652963 13617.864981 13632.451814 13639.077668 13651.312653 0.000000 0.000000
0.000000 0.000000 15904.916265 15894.425867 15885.368166 15883.378750 15869.041332 15849.454510 15843.225404 15846.136641 15852.547880 15840.990656 15847.242901 15845.576524 15869.896868 15881.172702 15883.239478 15888.646281 15912.539757 0.000000 0.000000
0.000000 0.000000 18264.239516 18257.579564 18260.709412 18241.425845 18234.931399 18177.406863 18175.207407 18174.869954 18149.629383 18166.116352 18168.601371 18174.672353 18215.762753 18222.252394 18249.993083 18248.157115 18256.729855 0.000000 0.000000
0.000000 0.000000 21005.316768 21008.418585 20992.107358 20986.520055 20915.087537 20941.905222 20924.877550 20925.353751 20935.484753 20926.852108 20926.214389 20917.121550 20890.241808 20969.084569 20973.505849 20998.099479 21008.938298 0.000000 0.000000
0.000000 0.000000 24098.801329 24088.151839 24076.090106 23994.997745 24018.439759 23976.773872 23954.407409 23951.154763 23934.763849 23924.192646 23932.115155 23931.751509 23977.071721 23954.814750 24071.975709 24045.887387 24041.909548 0.000000 0.000000
0.000000 0.000000 27284.859668 27280.242493 27164.800469 27210.386954 27206.713186 27200.593599 27255.683048 27237.385006 27265.180678 27256.616140 27236.994955 27266.326034 27262.890961 27266.577335 27152.580964 27329.232764 27320.362952 0.000000 0.000000
0.000000 0.000000 31003.530871 30837.464976 30897.553149 30834.691674 30749.035182 30728.775442 30675.235362 30690.401867 30634.952375 30642.307305 30672.731334 30643.526669 30686.145880 30741.444055 30893.324681 30771.196349 30947.961599 0.000000 0.000000
0.000000 0.000000 32074.410108 32246.252240 32384.508359 32391.295024 32405.821770 32282.990620 32309.016317 32266.837556 32336.129292 32323.940834 32315.740187 32332.666999 32431.682519 32422.011442 32410.318926 32305.293349 32134.407422 0.000000 0.000000
0.000000 0.000000 0.000000 0.000000 0.000000 0.000000 0.000000 0.000000 0.000000 0.000000 0.000000 0.000000 0.000000 0.000000 0.000000 0.000000 0.000000 0.000000 0.000000 0.000000 0.000000
0.000000 0.000000 0.000000 0.000000 0.000000 0.000000 0.000000 0.000000 0.000000 0.000000 0.000000 0.000000 0.000000 0.000000 0.000000 0.000000 0.000000 0.000000 0.000000 0.000000 0.000000