geotop/1.0zi/1.0Montebello/Templates/testdem/maps/_Erotot8754.asc
ncols         21
nrows         20
xllcorner     100.000000
yllcorner     100.000000
cellsize      50.000000
NODATA_value  -9999.0
0.000000 0.000000 0.000000 0.000000 0.000000 0.000000 0.000000 0.000000 0.000000 0.000000 0.000000 0.000000 0.000000 0.000000 0.000000 0.000000 0.000000 0.000000 0.000000 0.000000 0.000000
0.000000 0.000000 700.396266 701.049995 700.498251 700.594273 699.586726 699.723740 699.804725 699.878828 700.260293 699.626312 699.514071 699.554191 699.948064 700.065739 700.880395 701.458756 701.610562 0.000000 0.000000
0.000000 0.000000 54.540782 53.575521 53.870217 53.803538 54.462006 54.097804 53.722857 53.589976 53.793884 54.120041 54.178968 54.299156 54.106025 53.662592 52.381580 51.533219 52.129730 0.000000 0.000000
0.000000 0.000000 422.490351 423.150022 409.230612 401.287451 399.974623 393.921392 396.388311 397.959818 394.316565 392.582972 395.961504 394.345598 404.335928 412.884144 418.003692 417.128341 424.248736 0.000000 0.000000
0.000000 0.000000 3763.970943 3760.679327 3763.452687 3732.495592 3709.732342 3697.885431 3692.168203 3685.965480 3695.056499 3701.946985 3700.637974 3696.459198 3715.193771 3719.005069 3733.588398 3742.702274 3743.193663 0.000000 0.000000
0.000000 0.000000 5836.706633 5832.023594 5825.645766 5826.778301 5805.667833 5793.876743 5797.065058 5796.190543 5792.131135 5786.177609 5784.500567 5788.452527 5789.300710 5812.135518 5814.044884 5821.686566 5823.619134 0.000000 0.000000
0.000000 0.000000 7226.167327 7221.506631 7218.768626 7208.948105 7198.911840 7169.123149 7168.319369 7165.489562 7165.469960 7169.851562 7170.495628 7171.207699 7201.859949 7209.570133 7217.136048 7220.973290 7226.069812 0.000000 0.000000
0.000000 0.000000 8561.821325 8560.789586 8556.714717 8545.220926 8540.565714 8535.451374 8535.795968 8533.735539 8534.314010 8530.230380 8529.145945 8536.272592 8536.359168 8543.252077 8557.018683 8554.856881 8560.845921 0.000000 0.000000
0.000000 0.000000 10294.621590 10289.641931 10282.806426 10280.746251 10266.889296 10250.119661 10252.211066 10248.552649 10246.012040 10245.718631 10248.660997 10242.285032 10263.408790 10277.945701 10280.638688 10284.416624 10287.192229 0.000000 0.000000
0.000000 0.000000 12291.105902 12286.633286 12285.652605 12280.176285 12257.066294 12247.122894 12246.144252 12246.083348 12242.262949 12246.803483 12249.916028 12249.331481 12256.959038 12273.698626 12282.210994 12284.537499 12285.742903 0.000000 0.000000
0.000000 0.000000 14499.657285 14498.912885 14496.117190 14469.514941 14463.682477 14444.406040 14453.103225 14436.306549 14443.019118 14439.598113 14432.461301 14442.888139 14455.412869 14457.935811 14473.470748 14480.021736 14493.300059 0.000000 0.000000
0.000000 0.000000 16927.949739 16916.697612 16906.494890 16903.506171 16887.800444 16868.461719 16861.786650 16865.442932 16872.154997 16859.906335 16866.877228 16864.802450 16890.553444 16902.963998 16905.423743 16910.518425 16936.191852 0.000000 0.000000
0.000000 0.000000 19490.395650 19483.191924 19486.037119 19464.331696 19456.982244 19395.119832 19392.993074 19392.765721 19365.543348 19383.600874 19386.287829 19392.802255 19438.048672 19445.351743 19475.422324 19472.901562 19481.772715 0.000000 0.000000
0.000000 0.000000 22501.272897 22504.060985 22485.305494 22478.735402 22397.267027 22433.928145 22414.579742 22415.686076 22428.257838 22417.907393 22417.235464 22406.905726 22372.782209 22463.446048 22467.089199 22494.180576 22505.757575 0.000000 0.000000
0.000000 0.000000 25879.412371 25867.534690 25853.975964 25759.293401 25794.097208 25744.695178 25721.134506 25717.640437 25698.553897 25687.375456 25697.070421 25697.049520 25750.609768 25716.777137 25851.577346 25820.744154 25815.474639 0.000000 0.000000
0.000000 0.000000 29288.033490 29283.019432 29152.526187 29211.867061 29202.597346 29201.962118 29265.488758 29246.333748 29279.311154 29270.979550 29248.068958 29281.088650 29271.948631 29283.344492 29140.740525 29342.856620 29334.192854 0.000000 0.000000
0.000000 0.000000 33101.309925 32927.292794 33001.606998 32929.288593 32839.156628 32818.175087 32756.831108 32774.410722 32713.831791 32722.218803 32756.519998 32722.621322 32769.541799 32826.873827 32998.666359 32855.707151 33039.265846 0.000000 0.000000
0.000000 0.000000 34017.189992 34193.312698 34324.816927 34331.383693 34346.893162 34226.985831 34254.914082 34213.213335 34283.654372 34271.478606 34262.406899 34280.297877 34377.151763 34367.020464 34352.262283 34252.716724 34079.373414 0.000000 0.000000
0.000000 0.000000 0.000000 0.000000 0.000000 0.000000 0.000000 0.000000 0.000000 0.000000 0.000000 0.000000 0.000000 0.000000 0.000000 0.000000 0.000000 0.000000 0.000000 0.000000 0.000000
0.000000 0.000000 0.000000 0.000000 0.000000 0.000000 0.000000 0.000000 0.000000 0.000000 0.000000 0.000000 0.000000 0.000000 0.000000 0.000000 0.000000 0.000000 0.000000 0.000000 0.000000