geotop/1.0zi/1.0Montebello/Templates/testdem/maps/_Erotot3625.asc
ncols         21
nrows         20
xllcorner     100.000000
yllcorner     100.000000
cellsize      50.000000
NODATA_value  -9999.0
0.000000 0.000000 0.000000 0.000000 0.000000 0.000000 0.000000 0.000000 0.000000 0.000000 0.000000 0.000000 0.000000 0.000000 0.000000 0.000000 0.000000 0.000000 0.000000 0.000000 0.000000
0.000000 0.000000 377.334365 377.337225 377.340771 377.459749 377.327297 377.333060 377.306717 377.346674 377.361378 377.346674 377.306717 377.333060 377.327297 377.459749 377.340771 377.337225 377.334365 0.000000 0.000000
0.000000 0.000000 11.658413 11.417024 9.663724 11.345702 11.663521 11.591871 11.683161 11.572365 11.942159 11.572365 11.683161 11.591871 11.663521 11.345702 9.663724 11.417024 11.658413 0.000000 0.000000
0.000000 0.000000 2771.242658 2770.450354 2770.938988 2769.114555 2770.603598 2770.230008 2769.677311 2770.757020 2770.664825 2770.757020 2769.677311 2770.230008 2770.603598 2769.114555 2770.938988 2770.450354 2771.242658 0.000000 0.000000
0.000000 0.000000 5321.851488 5321.826702 5321.007848 5321.586090 5322.265976 5321.973074 5322.064950 5321.827193 5322.048216 5321.827193 5322.064950 5321.973074 5322.265976 5321.586090 5321.007848 5321.826702 5321.851488 0.000000 0.000000
0.000000 0.000000 6882.834995 6882.436463 6881.970228 6882.110227 6882.751775 6882.472869 6882.293452 6882.529735 6882.747826 6882.529735 6882.293452 6882.472869 6882.751775 6882.110227 6881.970228 6882.436463 6882.834995 0.000000 0.000000
0.000000 0.000000 8873.168412 8872.829809 8872.408110 8872.532354 8873.082392 8872.837184 8872.679555 8872.877329 8873.093015 8872.877329 8872.679555 8872.837184 8873.082392 8872.532354 8872.408110 8872.829809 8873.168412 0.000000 0.000000
0.000000 0.000000 10709.267601 10708.979183 10708.594572 10708.721130 10709.186233 10708.976234 10708.837489 10709.010143 10709.204384 10709.010143 10708.837489 10708.976234 10709.186233 10708.721130 10708.594572 10708.979183 10709.267601 0.000000 0.000000
0.000000 0.000000 12392.138326 12391.881511 12391.521258 12391.645409 12392.072251 12391.880511 12391.753573 12391.913011 12392.095705 12391.913011 12391.753573 12391.880511 12392.072251 12391.645409 12391.521258 12391.881511 12392.138326 0.000000 0.000000
0.000000 0.000000 13950.769914 13950.555488 13950.205764 13950.365727 13950.712036 13950.540716 13950.428393 13950.569296 13950.735277 13950.569296 13950.428393 13950.540716 13950.712036 13950.365727 13950.205764 13950.555488 13950.769914 0.000000 0.000000
0.000000 0.000000 15396.501675 15396.292512 15395.964921 15396.099354 15396.457617 15396.288275 15396.181653 15396.322389 15396.478386 15396.322389 15396.181653 15396.288275 15396.457617 15396.099354 15395.964921 15396.292512 15396.501675 0.000000 0.000000
0.000000 0.000000 16755.904913 16755.708484 16755.403402 16755.532557 16755.880089 16755.719042 16755.615949 16755.756570 16755.901961 16755.756570 16755.615949 16755.719042 16755.880089 16755.532557 16755.403402 16755.708484 16755.904913 0.000000 0.000000
0.000000 0.000000 18038.160025 18037.977551 18037.680572 18037.810310 18038.138160 18037.985616 18037.888877 18038.025817 18038.161348 18038.025817 18037.888877 18037.985616 18038.138160 18037.810310 18037.680572 18037.977551 18038.160025 0.000000 0.000000
0.000000 0.000000 19257.524699 19257.356551 19257.070679 19257.215649 19257.508641 19257.362898 19257.273130 19257.403120 19257.531557 19257.403120 19257.273130 19257.362898 19257.508641 19257.215649 19257.070679 19257.356551 19257.524699 0.000000 0.000000
0.000000 0.000000 20418.497786 20418.330357 20418.049939 20418.182292 20418.479052 20418.344052 20418.260712 20418.390802 20418.511849 20418.390802 20418.260712 20418.344052 20418.479052 20418.182292 20418.049939 20418.330357 20418.497786 0.000000 0.000000
0.000000 0.000000 21523.993932 21523.834205 21523.564786 21523.689071 21523.974296 21523.841873 21523.761528 21523.885485 21524.002049 21523.885485 21523.761528 21523.841873 21523.974296 21523.689071 21523.564786 21523.834205 21523.993928 0.000000 0.000000
0.000000 0.000000 22582.219602 22582.066310 22581.800124 22581.927329 22582.198689 22582.070184 22581.994138 22582.114160 22582.223449 22582.114160 22581.994138 22582.070184 22582.198689 22581.927329 22581.800123 22582.066289 22582.219454 0.000000 0.000000
0.000000 0.000000 23644.522386 23644.912893 23644.654232 23644.776888 23645.041887 23644.917696 23644.844346 23644.960799 23645.066081 23644.960799 23644.844346 23644.917696 23645.041887 23644.776887 23644.654214 23644.909584 23645.055075 0.000000 0.000000
0.000000 0.000000 0.000000 0.000000 0.000000 0.000000 0.000000 0.000000 0.000000 0.000000 0.000000 0.000000 0.000000 0.000000 0.000000 0.000000 0.000000 0.000000 0.000000 0.000000 0.000000
0.000000 0.000000 0.000000 0.000000 0.000000 0.000000 0.000000 0.000000 0.000000 0.000000 0.000000 0.000000 0.000000 0.000000 0.000000 0.000000 0.000000 0.000000 0.000000 0.000000 0.000000