geotop/1.0zi/1.0Montebello/Templates/testdem/maps/_Erotot5309.asc
ncols         21
nrows         20
xllcorner     100.000000
yllcorner     100.000000
cellsize      50.000000
NODATA_value  -9999.0
0.000000 0.000000 0.000000 0.000000 0.000000 0.000000 0.000000 0.000000 0.000000 0.000000 0.000000 0.000000 0.000000 0.000000 0.000000 0.000000 0.000000 0.000000 0.000000 0.000000 0.000000
0.000000 0.000000 393.874135 393.082052 392.928842 392.726994 392.699920 392.777318 392.733576 392.904224 392.820761 392.602118 392.578433 392.622933 392.736592 392.623399 392.826008 393.008723 393.407684 0.000000 0.000000
0.000000 0.000000 30.735342 31.457343 31.678780 32.860230 32.600365 32.459214 32.272880 32.055963 32.185789 32.562352 32.328813 32.194881 32.587164 32.376486 31.536458 30.659796 30.022924 0.000000 0.000000
0.000000 0.000000 152.995310 154.463834 147.498199 144.733049 146.526026 141.304763 140.714325 141.101871 139.755771 138.413819 139.954387 138.016860 140.744326 145.526080 145.038810 148.450807 151.202479 0.000000 0.000000
0.000000 0.000000 1571.021672 1576.365388 1582.847758 1565.547621 1551.010417 1540.434850 1543.154101 1540.416911 1543.995430 1548.236624 1545.091431 1542.862170 1553.035027 1551.570680 1558.689782 1565.382292 1566.213269 0.000000 0.000000
0.000000 0.000000 2912.239489 2906.231347 2903.639993 2899.584721 2893.525488 2889.245327 2886.810739 2887.190653 2886.771106 2884.418957 2882.433552 2885.002507 2883.642484 2898.027634 2903.192599 2906.438852 2908.954056 0.000000 0.000000
0.000000 0.000000 3792.635521 3789.971277 3786.953558 3782.354662 3770.094480 3753.922516 3754.501552 3750.954588 3752.691754 3755.708095 3757.467673 3758.513204 3776.838597 3785.648877 3790.233398 3791.584237 3796.559660 0.000000 0.000000
0.000000 0.000000 4383.590070 4385.147283 4384.652165 4378.872257 4378.677761 4372.387618 4372.883509 4373.426700 4372.202085 4369.965884 4369.665293 4372.972198 4372.236195 4374.057639 4381.945631 4380.146479 4382.721547 0.000000 0.000000
0.000000 0.000000 5147.152254 5144.772579 5141.136454 5142.405847 5136.610747 5127.230549 5127.560940 5125.200402 5122.818151 5124.194775 5125.334848 5120.253040 5132.232880 5139.307149 5141.176183 5141.711039 5142.892998 0.000000 0.000000
0.000000 0.000000 6035.790158 6033.583703 6036.098437 6035.864574 6022.320480 6016.206690 6017.697967 6016.870358 6015.075598 6018.157785 6021.096975 6019.403015 6021.729604 6030.807059 6034.427593 6034.375219 6034.816804 0.000000 0.000000
0.000000 0.000000 6991.900534 6992.200631 6992.706746 6979.460768 6977.513113 6968.227869 6971.511742 6963.032972 6965.340838 6964.697272 6960.219039 6967.180122 6970.309201 6970.968278 6977.056664 6982.713207 6989.254812 0.000000 0.000000
0.000000 0.000000 7984.445179 7980.309113 7976.263490 7974.763461 7972.066473 7958.537946 7957.882884 7956.949801 7963.523755 7957.050045 7958.777438 7958.249303 7972.320420 7974.214939 7975.578719 7975.695706 7994.132425 0.000000 0.000000
0.000000 0.000000 8981.579687 8979.892737 8981.160957 8974.564390 8971.416754 8948.952201 8947.800593 8947.651180 8934.262542 8942.758661 8946.726815 8948.491027 8960.896341 8963.971311 8976.832912 8976.154052 8982.333188 0.000000 0.000000
0.000000 0.000000 10067.057341 10068.521768 10062.563189 10061.936335 10039.638342 10047.434959 10037.663871 10039.156978 10040.229725 10040.214727 10038.788211 10035.635955 10025.988345 10050.092625 10055.175131 10064.696615 10071.199395 0.000000 0.000000
0.000000 0.000000 11228.223642 11224.006514 11221.617230 11203.250986 11203.070780 11189.948802 11178.030676 11176.873147 11172.665659 11167.238425 11169.959174 11168.280117 11180.732438 11183.933644 11218.437925 11210.513845 11210.426548 0.000000 0.000000
0.000000 0.000000 12410.105792 12409.477541 12381.943372 12379.881672 12384.789956 12378.242186 12392.664180 12385.868353 12390.667731 12386.722895 12382.824069 12389.710352 12392.560972 12392.111346 12376.321774 12416.859358 12410.005659 0.000000 0.000000
0.000000 0.000000 13736.256591 13704.417495 13701.871764 13694.771228 13674.895767 13670.191412 13663.755418 13666.654502 13655.548138 13655.841368 13659.352450 13660.374499 13669.003839 13675.928438 13701.026999 13698.408891 13735.110054 0.000000 0.000000
0.000000 0.000000 14705.998183 14711.815289 14745.713102 14740.151166 14731.942344 14704.328646 14705.083712 14693.380697 14702.275083 14701.025673 14706.598486 14701.426124 14725.269006 14731.294234 14751.801464 14716.385129 14709.936642 0.000000 0.000000
0.000000 0.000000 0.000000 0.000000 0.000000 0.000000 0.000000 0.000000 0.000000 0.000000 0.000000 0.000000 0.000000 0.000000 0.000000 0.000000 0.000000 0.000000 0.000000 0.000000 0.000000
0.000000 0.000000 0.000000 0.000000 0.000000 0.000000 0.000000 0.000000 0.000000 0.000000 0.000000 0.000000 0.000000 0.000000 0.000000 0.000000 0.000000 0.000000 0.000000 0.000000 0.000000