geotop/1.0zi/1.0Montebello/Templates/testdem/maps/_Erotot2062.asc
ncols         21
nrows         20
xllcorner     100.000000
yllcorner     100.000000
cellsize      50.000000
NODATA_value  -9999.0
0.000000 0.000000 0.000000 0.000000 0.000000 0.000000 0.000000 0.000000 0.000000 0.000000 0.000000 0.000000 0.000000 0.000000 0.000000 0.000000 0.000000 0.000000 0.000000 0.000000 0.000000
0.000000 0.000000 206.341860 206.344189 206.381682 206.371620 206.328953 206.345080 206.347763 206.336851 206.339035 206.336851 206.347763 206.345080 206.328953 206.371620 206.381682 206.344189 206.341860 0.000000 0.000000
0.000000 0.000000 11.115168 10.894073 9.113046 10.954910 11.163167 11.138531 11.146063 11.158140 11.154050 11.158140 11.146063 11.138531 11.163167 10.954910 9.113046 10.894073 11.115168 0.000000 0.000000
0.000000 0.000000 1424.706287 1424.497490 1424.689991 1422.624665 1424.867291 1424.410152 1424.438951 1425.175098 1425.193856 1425.175098 1424.438951 1424.410152 1424.867291 1422.624665 1424.689991 1424.497490 1424.706287 0.000000 0.000000
0.000000 0.000000 2885.899488 2885.687429 2885.086578 2885.771275 2886.216971 2886.021099 2885.977650 2886.142148 2886.112216 2886.142148 2885.977650 2886.021099 2886.216971 2885.771275 2885.086578 2885.687429 2885.899488 0.000000 0.000000
0.000000 0.000000 3751.918817 3751.752000 3751.140850 3751.257608 3752.132685 3751.861092 3751.887816 3752.206864 3752.248481 3752.206864 3751.887816 3751.861092 3752.132685 3751.257608 3751.140850 3751.752000 3751.918817 0.000000 0.000000
0.000000 0.000000 4909.736529 4909.602867 4909.038680 4909.156362 4909.902811 4909.670419 4909.702857 4909.985406 4910.039911 4909.985406 4909.702857 4909.670419 4909.902811 4909.156362 4909.038680 4909.602867 4909.736529 0.000000 0.000000
0.000000 0.000000 6010.187758 6010.077730 6009.550288 6009.672140 6010.320977 6010.121758 6010.150923 6010.403697 6010.458920 6010.403697 6010.150923 6010.121758 6010.320977 6009.672140 6009.550288 6010.077730 6010.187758 0.000000 0.000000
0.000000 0.000000 7046.248231 7046.146931 7045.643587 7045.763776 7046.368426 7046.184071 7046.211430 7046.449917 7046.504741 7046.449917 7046.211430 7046.184071 7046.368426 7045.763776 7045.643587 7046.146931 7046.248231 0.000000 0.000000
0.000000 0.000000 8029.828476 8029.753827 8029.260591 8029.418458 8029.934938 8029.770620 8029.802513 8030.019151 8030.072283 8030.019151 8029.802513 8029.770620 8029.934938 8029.418458 8029.260591 8029.753827 8029.828476 0.000000 0.000000
0.000000 0.000000 8966.622361 8966.538619 8966.063555 8966.195605 8966.727003 8966.562256 8966.589650 8966.804586 8966.855464 8966.804586 8966.589650 8966.562256 8966.727003 8966.195605 8966.063555 8966.538619 8966.622361 0.000000 0.000000
0.000000 0.000000 9865.420576 9865.334854 9864.875125 9864.999995 9865.520304 9865.361626 9865.387694 9865.596373 9865.647173 9865.596373 9865.387694 9865.361626 9865.520304 9864.999995 9864.875125 9865.334854 9865.420576 0.000000 0.000000
0.000000 0.000000 10735.336983 10735.254440 10734.800210 10734.925713 10735.429516 10735.274324 10735.300426 10735.504436 10735.553711 10735.504436 10735.300426 10735.274324 10735.429516 10734.925713 10734.800210 10735.254440 10735.336983 0.000000 0.000000
0.000000 0.000000 11579.296271 11579.220405 11578.774053 11578.918300 11579.386101 11579.236654 11579.264363 11579.461108 11579.509164 11579.461108 11579.264363 11579.236654 11579.386101 11578.918300 11578.774053 11579.220405 11579.296271 0.000000 0.000000
0.000000 0.000000 12400.212167 12400.133463 12399.688679 12399.821528 12400.297171 12400.148239 12400.174564 12400.370930 12400.417891 12400.370930 12400.174564 12400.148239 12400.297171 12399.821528 12399.688679 12400.133463 12400.212167 0.000000 0.000000
0.000000 0.000000 13200.479581 13200.402098 13199.967830 13200.093566 13200.558892 13200.414076 13200.440149 13200.631974 13200.678473 13200.631974 13200.440149 13200.414076 13200.558892 13200.093566 13199.967830 13200.402098 13200.479576 0.000000 0.000000
0.000000 0.000000 13979.814350 13979.737583 13979.303752 13979.432740 13979.891666 13979.747317 13979.772789 13979.961373 13980.006491 13979.961373 13979.772789 13979.747317 13979.891666 13979.432740 13979.303752 13979.737561 13979.813876 0.000000 0.000000
0.000000 0.000000 14771.546547 14771.808062 14771.381848 14771.505871 14771.962939 14771.819593 14771.842858 14772.029410 14772.073421 14772.029410 14771.842858 14771.819593 14771.962939 14771.505871 14771.381829 14771.804605 14771.880557 0.000000 0.000000
0.000000 0.000000 0.000000 0.000000 0.000000 0.000000 0.000000 0.000000 0.000000 0.000000 0.000000 0.000000 0.000000 0.000000 0.000000 0.000000 0.000000 0.000000 0.000000 0.000000 0.000000
0.000000 0.000000 0.000000 0.000000 0.000000 0.000000 0.000000 0.000000 0.000000 0.000000 0.000000 0.000000 0.000000 0.000000 0.000000 0.000000 0.000000 0.000000 0.000000 0.000000 0.000000