geotop/1.0zi/1.0Montebello/Templates/testdem/maps/_Erotot0962.asc
ncols         21
nrows         20
xllcorner     100.000000
yllcorner     100.000000
cellsize      50.000000
NODATA_value  -9999.0
0.000000 0.000000 0.000000 0.000000 0.000000 0.000000 0.000000 0.000000 0.000000 0.000000 0.000000 0.000000 0.000000 0.000000 0.000000 0.000000 0.000000 0.000000 0.000000 0.000000 0.000000
0.000000 0.000000 90.267354 90.268603 90.303048 90.277220 90.262135 90.268638 90.269981 90.265585 90.266105 90.265585 90.269981 90.268638 90.262135 90.277220 90.303048 90.268603 90.267354 0.000000 0.000000
0.000000 0.000000 7.627429 7.409668 5.636120 7.495595 7.660744 7.654108 7.666074 7.671880 7.670644 7.671880 7.666074 7.654108 7.660744 7.495595 5.636120 7.409668 7.627429 0.000000 0.000000
0.000000 0.000000 820.490919 820.053673 820.307334 817.996727 820.454108 820.290029 820.149478 820.449517 820.459939 820.449517 820.149478 820.290029 820.454108 817.996727 820.307334 820.053673 820.490919 0.000000 0.000000
0.000000 0.000000 1434.240106 1433.973769 1433.273982 1433.925393 1434.348781 1434.213020 1434.172723 1434.288302 1434.261740 1434.288302 1434.172723 1434.213020 1434.348781 1433.925393 1433.273982 1433.973769 1434.240106 0.000000 0.000000
0.000000 0.000000 1912.746021 1912.471795 1911.818439 1911.877593 1912.780963 1912.685815 1912.638011 1912.759073 1912.759647 1912.759073 1912.638011 1912.685815 1912.780962 1911.877593 1911.818439 1912.471795 1912.746021 0.000000 0.000000
0.000000 0.000000 2497.537192 2497.313724 2496.714160 2496.790486 2497.554907 2497.488658 2497.454923 2497.552943 2497.551573 2497.552943 2497.454923 2497.488658 2497.554907 2496.790486 2496.714160 2497.313724 2497.537192 0.000000 0.000000
0.000000 0.000000 3051.564674 3051.367822 3050.807234 3050.892627 3051.569733 3051.521998 3051.494336 3051.577769 3051.576079 3051.577769 3051.494336 3051.521998 3051.569733 3050.892627 3050.807234 3051.367822 3051.564674 0.000000 0.000000
0.000000 0.000000 3577.922270 3577.739076 3577.204016 3577.288973 3577.922033 3577.882221 3577.857773 3577.933679 3577.931382 3577.933679 3577.857773 3577.882221 3577.922033 3577.288973 3577.204016 3577.739076 3577.922270 0.000000 0.000000
0.000000 0.000000 4083.423332 4083.269440 4082.743407 4082.868411 4083.415787 4083.390811 4083.373343 4083.433561 4083.430822 4083.433561 4083.373343 4083.390811 4083.415787 4082.868411 4082.743407 4083.269440 4083.423332 0.000000 0.000000
0.000000 0.000000 4569.735339 4569.571651 4569.062437 4569.161781 4569.729581 4569.700185 4569.679721 4569.742886 4569.739131 4569.742886 4569.679721 4569.700185 4569.729581 4569.161781 4569.062437 4569.571651 4569.735339 0.000000 0.000000
0.000000 0.000000 5041.358805 5041.192333 5040.695285 5040.785439 5041.349076 5041.321630 5041.301737 5041.364391 5041.361758 5041.364391 5041.301737 5041.321630 5041.349076 5040.785439 5040.695285 5041.192333 5041.358805 0.000000 0.000000
0.000000 0.000000 5503.155465 5502.991000 5502.499849 5502.591539 5503.144170 5503.117603 5503.098154 5503.159181 5503.156266 5503.159181 5503.098154 5503.117603 5503.144170 5502.591539 5502.499849 5502.991000 5503.155465 0.000000 0.000000
0.000000 0.000000 5956.168769 5956.010220 5955.523879 5955.636189 5956.155217 5956.133022 5956.115922 5956.171937 5956.168709 5956.171937 5956.115922 5956.133022 5956.155217 5955.636189 5955.523879 5956.010220 5956.168769 0.000000 0.000000
0.000000 0.000000 6402.394767 6402.232460 6401.747003 6401.847918 6402.380732 6402.357650 6402.339320 6402.396910 6402.393291 6402.396910 6402.339320 6402.357650 6402.380732 6401.847918 6401.747003 6402.232460 6402.394767 0.000000 0.000000
0.000000 0.000000 6843.073531 6842.913725 6842.438972 6842.534458 6843.059620 6843.037856 6843.019980 6843.076249 6843.072296 6843.076249 6843.019980 6843.037856 6843.059620 6842.534458 6842.438972 6842.913725 6843.073528 0.000000 0.000000
0.000000 0.000000 7276.595826 7276.433934 7275.957687 7276.054477 7276.582084 7276.558476 7276.540039 7276.597102 7276.592800 7276.597102 7276.540039 7276.558476 7276.582084 7276.054477 7275.957686 7276.433918 7276.595570 0.000000 0.000000
0.000000 0.000000 7727.677116 7727.737803 7727.264216 7727.350587 7727.885639 7727.860863 7727.842241 7727.900765 7727.896595 7727.900765 7727.842241 7727.860863 7727.885639 7727.350587 7727.264201 7727.735283 7727.899596 0.000000 0.000000
0.000000 0.000000 0.000000 0.000000 0.000000 0.000000 0.000000 0.000000 0.000000 0.000000 0.000000 0.000000 0.000000 0.000000 0.000000 0.000000 0.000000 0.000000 0.000000 0.000000 0.000000
0.000000 0.000000 0.000000 0.000000 0.000000 0.000000 0.000000 0.000000 0.000000 0.000000 0.000000 0.000000 0.000000 0.000000 0.000000 0.000000 0.000000 0.000000 0.000000 0.000000 0.000000