geotop/1.0zi/1.0Montebello/Templates/testdem/maps/_Erotot7096.asc
ncols         21
nrows         20
xllcorner     100.000000
yllcorner     100.000000
cellsize      50.000000
NODATA_value  -9999.0
0.000000 0.000000 0.000000 0.000000 0.000000 0.000000 0.000000 0.000000 0.000000 0.000000 0.000000 0.000000 0.000000 0.000000 0.000000 0.000000 0.000000 0.000000 0.000000 0.000000 0.000000
0.000000 0.000000 569.800987 570.603202 570.256114 570.478514 569.865194 569.901044 569.847588 569.950648 570.376726 569.703318 569.592776 569.674295 569.965586 569.925131 570.686198 570.956556 571.026885 0.000000 0.000000
0.000000 0.000000 44.790754 43.565399 43.547310 43.701510 43.940841 43.784650 43.529636 43.369070 43.607743 43.897859 43.904824 44.032357 43.808772 43.607511 42.323970 41.595676 42.335645 0.000000 0.000000
0.000000 0.000000 250.028996 251.711911 239.712504 236.986866 235.508044 228.602815 229.244756 227.811862 226.589639 224.367191 226.674854 226.679287 234.867412 240.965993 242.354823 244.210471 249.859990 0.000000 0.000000
0.000000 0.000000 2538.906254 2542.151281 2545.628675 2524.374088 2509.476377 2496.470670 2498.445150 2495.486116 2501.023683 2507.268331 2501.867592 2500.067251 2511.789378 2514.595034 2523.276844 2530.969856 2532.969970 0.000000 0.000000
0.000000 0.000000 4291.217580 4285.522002 4282.169321 4275.937077 4261.656495 4253.523694 4252.844727 4251.945598 4248.541472 4242.703539 4241.849361 4245.186579 4245.175420 4263.372893 4271.672690 4278.454634 4280.378272 0.000000 0.000000
0.000000 0.000000 5497.942374 5495.061251 5490.816773 5485.012016 5471.639444 5452.713576 5452.183694 5448.360714 5449.926290 5453.735588 5455.127814 5455.659234 5480.101236 5489.666574 5494.140410 5496.324039 5501.933949 0.000000 0.000000
0.000000 0.000000 6389.390264 6389.950463 6387.269194 6378.701697 6377.291887 6368.813708 6369.433605 6369.321626 6368.488889 6364.722475 6363.955568 6369.838949 6370.693817 6374.452851 6385.456208 6383.515967 6388.637545 0.000000 0.000000
0.000000 0.000000 7593.402648 7589.417477 7583.648298 7584.179372 7574.404533 7560.898093 7562.351759 7558.131734 7556.124877 7556.048458 7558.198377 7552.597920 7569.201211 7581.846367 7582.568556 7585.401790 7587.130302 0.000000 0.000000
0.000000 0.000000 8976.262985 8973.256798 8973.793850 8970.859129 8952.353059 8944.195439 8944.410740 8943.987620 8941.003296 8944.273036 8947.177678 8946.376522 8951.533368 8964.268425 8970.498383 8971.721219 8973.133207 0.000000 0.000000
0.000000 0.000000 10477.087243 10476.550938 10474.112316 10456.416843 10452.870272 10438.047639 10443.597844 10431.447779 10435.201177 10433.728895 10427.277582 10436.442474 10443.787083 10445.897084 10456.490001 10462.438097 10472.702896 0.000000 0.000000
0.000000 0.000000 12074.783106 12067.931363 12061.040243 12058.525420 12049.891886 12032.787344 12030.382380 12030.374623 12037.355290 12027.519585 12030.837147 12030.898482 12049.982365 12056.788490 12058.483633 12061.571079 12083.255055 0.000000 0.000000
0.000000 0.000000 13719.983180 13716.078620 13716.292378 13705.164733 13699.613718 13661.085551 13659.757519 13658.938097 13640.824823 13651.246486 13655.181393 13659.050724 13684.843750 13690.649853 13709.702163 13708.781510 13717.243959 0.000000 0.000000
0.000000 0.000000 15564.357448 15566.613090 15555.365707 15552.053904 15509.035906 15521.557018 15509.213055 15510.053468 15514.128665 15511.054921 15509.336542 15505.596693 15490.168878 15537.447175 15543.088264 15559.120301 15568.129507 0.000000 0.000000
0.000000 0.000000 17600.924431 17593.994346 17587.238318 17544.021258 17548.162434 17526.051777 17509.659720 17507.376312 17499.082943 17490.464625 17494.552141 17493.202108 17518.411834 17516.843443 17582.414883 17569.424537 17568.902536 0.000000 0.000000
0.000000 0.000000 19723.838901 19721.634105 19658.053322 19668.287234 19672.139304 19660.701231 19689.866002 19677.742892 19690.091241 19682.565429 19673.586618 19689.999702 19694.200536 19694.330886 19650.461842 19739.770999 19733.238259 0.000000 0.000000
0.000000 0.000000 22226.851125 22139.746216 22148.527601 22124.392880 22076.544688 22066.769016 22047.403866 22053.431761 22027.290180 22028.796298 22040.611516 22033.620550 22054.199756 22081.716466 22145.744066 22114.411438 22208.571144 0.000000 0.000000
0.000000 0.000000 23611.676383 23671.197723 23758.140954 23751.527240 23740.392990 23666.458274 23672.378956 23648.413457 23677.400486 23671.439111 23674.679986 23676.089607 23739.517900 23748.878844 23772.865085 23691.210539 23633.765510 0.000000 0.000000
0.000000 0.000000 0.000000 0.000000 0.000000 0.000000 0.000000 0.000000 0.000000 0.000000 0.000000 0.000000 0.000000 0.000000 0.000000 0.000000 0.000000 0.000000 0.000000 0.000000 0.000000
0.000000 0.000000 0.000000 0.000000 0.000000 0.000000 0.000000 0.000000 0.000000 0.000000 0.000000 0.000000 0.000000 0.000000 0.000000 0.000000 0.000000 0.000000 0.000000 0.000000 0.000000