geotop/1.0zi/1.0Montebello/Templates/testdem/maps/_Erotot1055.asc
ncols         21
nrows         20
xllcorner     100.000000
yllcorner     100.000000
cellsize      50.000000
NODATA_value  -9999.0
0.000000 0.000000 0.000000 0.000000 0.000000 0.000000 0.000000 0.000000 0.000000 0.000000 0.000000 0.000000 0.000000 0.000000 0.000000 0.000000 0.000000 0.000000 0.000000 0.000000 0.000000
0.000000 0.000000 122.545140 122.546514 122.581301 122.556472 122.538415 122.546536 122.548080 122.543025 122.543670 122.543025 122.548080 122.546536 122.538415 122.556472 122.581301 122.546514 122.545140 0.000000 0.000000
0.000000 0.000000 8.651981 8.433327 6.657774 8.515556 8.687737 8.679121 8.689896 8.695641 8.693772 8.695641 8.689896 8.679121 8.687737 8.515556 6.657774 8.433327 8.651981 0.000000 0.000000
0.000000 0.000000 891.235838 891.022370 891.051470 889.020168 891.283736 890.947564 890.910183 891.431559 891.374127 891.431559 890.910183 890.947564 891.283736 889.020168 891.051470 891.022370 891.235838 0.000000 0.000000
0.000000 0.000000 1582.665000 1582.434754 1581.685263 1582.368346 1582.802870 1582.640152 1582.597364 1582.741218 1582.695564 1582.741218 1582.597364 1582.640152 1582.802870 1582.368346 1581.685263 1582.434754 1582.665000 0.000000 0.000000
0.000000 0.000000 2096.027637 2095.840547 2095.097826 2095.258138 2096.101998 2095.939946 2095.925104 2096.129894 2096.102669 2096.129894 2095.925104 2095.939946 2096.101998 2095.258138 2095.097826 2095.840547 2096.027637 0.000000 0.000000
0.000000 0.000000 2729.976334 2729.821858 2729.154292 2729.310357 2730.023541 2729.905247 2729.898596 2730.062746 2730.040050 2730.062746 2729.898596 2729.905247 2730.023541 2729.310357 2729.154292 2729.821858 2729.976334 0.000000 0.000000
0.000000 0.000000 3333.155521 3333.017969 3332.402915 3332.556184 3333.184565 3333.093098 3333.089494 3333.230162 3333.211607 3333.230162 3333.089494 3333.093098 3333.184565 3332.556184 3332.402915 3333.017969 3333.155521 0.000000 0.000000
0.000000 0.000000 3906.251435 3906.121965 3905.539462 3905.685628 3906.272285 3906.193327 3906.190979 3906.318785 3906.301768 3906.318785 3906.190979 3906.193327 3906.272285 3905.685628 3905.539462 3906.121965 3906.251435 0.000000 0.000000
0.000000 0.000000 4455.693615 4455.589331 4455.020495 4455.202263 4455.704814 4455.643716 4455.647247 4455.755802 4455.739565 4455.755802 4455.647247 4455.643716 4455.704814 4455.202263 4455.020495 4455.589331 4455.693615 0.000000 0.000000
0.000000 0.000000 4983.500190 4983.383980 4982.834939 4982.988005 4983.512322 4983.448720 4983.448163 4983.557350 4983.540949 4983.557350 4983.448163 4983.448720 4983.512322 4982.988005 4982.834939 4983.383980 4983.500190 0.000000 0.000000
0.000000 0.000000 5495.006364 5494.884948 5494.351589 5494.492447 5495.013051 5494.953690 5494.952881 5495.058934 5495.044581 5495.058934 5494.952881 5494.953690 5495.013051 5494.492447 5494.351589 5494.884948 5495.006364 0.000000 0.000000
0.000000 0.000000 5995.446440 5995.324759 5994.800219 5994.939957 5995.450128 5995.393600 5995.392605 5995.494750 5995.480804 5995.494750 5995.392605 5995.393600 5995.450128 5994.939957 5994.800219 5995.324759 5995.446440 0.000000 0.000000
0.000000 0.000000 6485.558802 6485.441723 6484.923824 6485.082329 6485.559582 6485.508477 6485.509315 6485.605161 6485.591366 6485.605161 6485.509315 6485.508477 6485.559582 6485.082329 6484.923824 6485.441723 6485.558802 0.000000 0.000000
0.000000 0.000000 6968.471710 6968.350237 6967.834892 6967.980673 6968.471859 6968.420672 6968.419717 6968.516180 6968.502459 6968.516180 6968.419717 6968.420672 6968.471859 6967.980673 6967.834892 6968.350237 6968.471710 0.000000 0.000000
0.000000 0.000000 7444.776180 7444.653357 7444.153276 7444.289060 7444.774428 7444.727711 7444.725875 7444.817297 7444.804592 7444.817297 7444.725875 7444.727711 7444.774428 7444.289060 7444.153276 7444.653357 7444.776177 0.000000 0.000000
0.000000 0.000000 7912.539200 7912.414922 7911.913534 7912.050906 7912.537989 7912.489404 7912.486947 7912.579202 7912.566100 7912.579202 7912.486947 7912.489404 7912.537989 7912.050906 7911.913533 7912.414905 7912.538941 0.000000 0.000000
0.000000 0.000000 8400.013941 8400.133291 8399.635798 8399.761993 8400.256005 8400.206865 8400.203883 8400.296917 8400.284279 8400.296917 8400.203883 8400.206865 8400.256005 8399.761993 8399.635782 8400.130640 8400.257634 0.000000 0.000000
0.000000 0.000000 0.000000 0.000000 0.000000 0.000000 0.000000 0.000000 0.000000 0.000000 0.000000 0.000000 0.000000 0.000000 0.000000 0.000000 0.000000 0.000000 0.000000 0.000000 0.000000
0.000000 0.000000 0.000000 0.000000 0.000000 0.000000 0.000000 0.000000 0.000000 0.000000 0.000000 0.000000 0.000000 0.000000 0.000000 0.000000 0.000000 0.000000 0.000000 0.000000 0.000000