geotop/1.0zi/1.0Montebello/Templates/testdem/maps/_Erotot1680.asc
ncols         21
nrows         20
xllcorner     100.000000
yllcorner     100.000000
cellsize      50.000000
NODATA_value  -9999.0
0.000000 0.000000 0.000000 0.000000 0.000000 0.000000 0.000000 0.000000 0.000000 0.000000 0.000000 0.000000 0.000000 0.000000 0.000000 0.000000 0.000000 0.000000 0.000000 0.000000 0.000000
0.000000 0.000000 183.992554 183.994482 184.030823 184.014516 183.982730 183.994785 183.996776 183.989379 183.990402 183.989379 183.996776 183.994785 183.982730 184.014516 184.030823 183.994482 183.992554 0.000000 0.000000
0.000000 0.000000 9.684292 9.463942 7.685814 9.535497 9.729552 9.709726 9.718657 9.728578 9.726134 9.728578 9.718657 9.709726 9.729552 9.535497 7.685814 9.463942 9.684292 0.000000 0.000000
0.000000 0.000000 1313.600640 1313.389064 1313.579376 1311.625819 1313.907071 1313.490872 1313.440182 1314.033718 1313.988882 1314.033718 1313.440182 1313.490872 1313.907071 1311.625819 1313.579376 1313.389064 1313.600640 0.000000 0.000000
0.000000 0.000000 2454.787261 2454.574990 2453.978783 2454.671647 2455.126117 2454.930024 2454.885833 2455.038563 2454.992144 2455.038563 2454.885833 2454.930024 2455.126117 2454.671647 2453.978783 2454.574990 2454.787261 0.000000 0.000000
0.000000 0.000000 3219.975944 3219.807626 3219.200211 3219.403346 3220.295885 3220.048058 3220.022043 3220.260476 3220.236632 3220.260476 3220.022043 3220.048058 3220.295885 3219.403346 3219.200211 3219.807626 3219.975944 0.000000 0.000000
0.000000 0.000000 4202.334017 4202.198789 4201.636111 4201.833501 4202.598961 4202.387493 4202.372177 4202.569640 4202.549588 4202.569640 4202.372177 4202.387493 4202.598961 4201.833501 4201.636111 4202.198789 4202.334017 0.000000 0.000000
0.000000 0.000000 5134.965376 5134.853715 5134.325529 5134.519435 5135.188577 5135.007705 5134.994292 5135.166779 5135.147715 5135.166779 5134.994292 5135.007705 5135.188577 5134.519435 5134.325529 5134.853715 5134.965376 0.000000 0.000000
0.000000 0.000000 6015.631571 6015.528231 6015.022238 6015.209511 6015.835728 6015.667736 6015.655916 6015.818919 6015.801295 6015.818919 6015.655916 6015.667736 6015.835728 6015.209511 6015.022238 6015.528231 6015.631571 0.000000 0.000000
0.000000 0.000000 6854.788690 6854.712112 6854.214362 6854.436831 6854.974888 6854.825708 6854.820745 6854.965460 6854.947809 6854.965460 6854.820745 6854.825708 6854.974888 6854.436831 6854.214362 6854.712112 6854.788690 0.000000 0.000000
0.000000 0.000000 7656.625948 7656.539966 7656.058741 7656.253527 7656.807678 7656.656888 7656.648919 7656.794970 7656.776431 7656.794970 7656.648919 7656.656888 7656.807678 7656.253527 7656.058741 7656.539966 7656.625948 0.000000 0.000000
0.000000 0.000000 8429.833442 8429.745057 8429.277453 8429.461902 8430.006433 8429.860208 8429.852989 8429.996489 8429.979173 8429.996489 8429.852989 8429.860208 8430.006433 8429.461902 8429.277453 8429.745057 8429.833442 0.000000 0.000000
0.000000 0.000000 9181.268478 9181.182714 9180.719200 9180.903816 9181.433122 9181.289768 9181.283143 9181.423736 9181.405915 9181.423736 9181.283143 9181.289768 9181.433122 9180.903816 9180.719200 9181.182714 9181.268478 0.000000 0.000000
0.000000 0.000000 9911.253012 9911.173815 9910.716410 9910.919579 9911.413332 9911.274950 9911.270810 9911.406070 9911.387844 9911.406070 9911.270810 9911.274950 9911.413332 9910.919579 9910.716410 9911.173815 9911.253012 0.000000 0.000000
0.000000 0.000000 10624.314880 10624.232815 10623.774956 10623.966669 10624.469465 10624.330959 10624.325807 10624.462244 10624.443616 10624.462244 10624.325807 10624.330959 10624.469465 10623.966669 10623.774956 10624.232815 10624.314880 0.000000 0.000000
0.000000 0.000000 11321.489541 11321.408466 11320.960372 11321.144228 11321.637641 11321.502687 11321.497681 11321.630781 11321.612419 11321.630781 11321.497681 11321.502687 11321.637641 11321.144228 11320.960372 11321.408466 11321.489537 0.000000 0.000000
0.000000 0.000000 12002.417799 12002.337352 12001.887506 12002.074137 12002.563103 12002.427394 12002.422284 12002.553901 12002.534721 12002.553901 12002.422284 12002.427394 12002.563103 12002.074137 12001.887506 12002.337332 12002.417428 0.000000 0.000000
0.000000 0.000000 12700.662419 12700.904039 12700.460670 12700.638760 12701.128293 12700.991883 12700.986874 12701.120155 12701.100854 12701.120155 12700.986874 12700.991883 12701.128293 12700.638759 12700.460651 12700.900772 12700.980985 0.000000 0.000000
0.000000 0.000000 0.000000 0.000000 0.000000 0.000000 0.000000 0.000000 0.000000 0.000000 0.000000 0.000000 0.000000 0.000000 0.000000 0.000000 0.000000 0.000000 0.000000 0.000000 0.000000
0.000000 0.000000 0.000000 0.000000 0.000000 0.000000 0.000000 0.000000 0.000000 0.000000 0.000000 0.000000 0.000000 0.000000 0.000000 0.000000 0.000000 0.000000 0.000000 0.000000 0.000000