geotop/1.0zi/1.0Montebello/Templates/testdem/maps/_Erotot1217.asc
ncols         21
nrows         20
xllcorner     100.000000
yllcorner     100.000000
cellsize      50.000000
NODATA_value  -9999.0
0.000000 0.000000 0.000000 0.000000 0.000000 0.000000 0.000000 0.000000 0.000000 0.000000 0.000000 0.000000 0.000000 0.000000 0.000000 0.000000 0.000000 0.000000 0.000000 0.000000 0.000000
0.000000 0.000000 148.687247 148.688645 148.723500 148.698853 148.680224 148.688661 148.690245 148.685063 148.685731 148.685063 148.690245 148.688661 148.680224 148.698853 148.723500 148.688645 148.687247 0.000000 0.000000
0.000000 0.000000 9.155192 8.936403 7.160577 9.018016 9.191678 9.182436 9.193062 9.199132 9.197253 9.199132 9.193062 9.182436 9.191678 9.018016 7.160577 8.936403 9.155192 0.000000 0.000000
0.000000 0.000000 1039.317047 1039.112605 1039.136414 1037.116281 1039.367527 1039.028675 1038.992786 1039.519756 1039.462629 1039.519756 1038.992786 1039.028675 1039.367527 1037.116281 1039.136414 1039.112605 1039.317047 0.000000 0.000000
0.000000 0.000000 1852.855404 1852.631367 1851.879119 1852.568716 1852.996851 1852.830840 1852.788860 1852.936594 1852.890977 1852.936594 1852.788860 1852.830840 1852.996851 1852.568716 1851.879119 1852.631367 1852.855404 0.000000 0.000000
0.000000 0.000000 2427.804844 2427.631635 2426.879561 2427.054392 2427.888707 2427.716633 2427.703507 2427.919713 2427.892025 2427.919713 2427.703507 2427.716633 2427.888707 2427.054392 2426.879561 2427.631635 2427.804844 0.000000 0.000000
0.000000 0.000000 3154.285607 3154.147639 3153.468398 3153.641427 3154.343868 3154.213001 3154.208982 3154.387090 3154.363065 3154.387090 3154.208982 3154.213001 3154.343868 3153.641427 3153.468398 3154.147639 3154.285607 0.000000 0.000000
0.000000 0.000000 3844.528413 3844.409385 3843.780807 3843.953282 3844.569411 3844.463600 3844.463591 3844.620087 3844.599285 3844.620087 3844.463591 3844.463600 3844.569411 3843.953282 3843.780807 3844.409385 3844.528413 0.000000 0.000000
0.000000 0.000000 4498.655560 4498.546679 4497.948815 4498.116517 4498.689330 4498.594275 4498.596453 4498.741898 4498.721749 4498.741898 4498.596453 4498.594275 4498.689330 4498.116517 4497.948815 4498.546679 4498.655560 0.000000 0.000000
0.000000 0.000000 5124.955530 5124.873773 5124.287877 5124.493170 5124.980559 5124.901590 5124.910539 5125.038638 5125.018394 5125.038638 5124.910539 5124.901590 5124.980559 5124.493170 5124.287877 5124.873773 5124.955530 0.000000 0.000000
0.000000 0.000000 5727.232010 5727.140542 5726.572654 5726.751594 5727.258830 5727.175710 5727.181501 5727.312060 5727.290803 5727.312060 5727.181501 5727.175710 5727.258830 5726.751594 5726.572654 5727.140542 5727.232010 0.000000 0.000000
0.000000 0.000000 6310.834270 6310.739881 6310.185864 6310.355131 6310.856643 6310.776051 6310.782498 6310.911710 6310.891628 6310.911710 6310.782498 6310.776051 6310.856643 6310.355131 6310.185864 6310.739881 6310.834270 0.000000 0.000000
0.000000 0.000000 6881.212993 6881.120682 6880.573632 6880.744105 6881.233397 6881.153921 6881.161060 6881.288230 6881.267675 6881.288230 6881.161060 6881.153921 6881.233397 6880.744105 6880.573632 6881.120682 6881.212993 0.000000 0.000000
0.000000 0.000000 7438.821070 7438.735321 7438.193243 7438.384250 7438.839525 7438.763716 7438.773478 7438.896193 7438.875024 7438.896193 7438.773478 7438.763716 7438.839525 7438.384250 7438.193243 7438.735321 7438.821070 0.000000 0.000000
0.000000 0.000000 7986.151267 7986.063017 7985.522099 7985.702552 7986.169902 7986.092415 7986.101225 7986.226206 7986.204365 7986.226206 7986.101225 7986.092415 7986.169902 7985.702552 7985.522099 7986.063017 7986.151267 0.000000 0.000000
0.000000 0.000000 8524.955326 8524.867788 8524.340028 8524.512907 8524.972970 8524.898225 8524.906983 8525.028873 8525.007265 8525.028873 8524.906983 8524.898225 8524.972970 8524.512907 8524.340028 8524.867788 8524.955323 0.000000 0.000000
0.000000 0.000000 9053.413152 9053.326116 9052.796114 9052.972562 9053.432028 9053.354405 9053.363319 9053.487199 9053.464565 9053.487199 9053.363319 9053.354405 9053.432028 9052.972562 9052.796113 9053.326099 9053.412957 0.000000 0.000000
0.000000 0.000000 9604.008045 9604.207010 9603.679414 9603.846981 9604.310994 9604.231425 9604.240497 9604.366547 9604.343644 9604.366547 9604.240497 9604.231425 9604.310994 9603.846981 9603.679397 9604.204155 9604.291856 0.000000 0.000000
0.000000 0.000000 0.000000 0.000000 0.000000 0.000000 0.000000 0.000000 0.000000 0.000000 0.000000 0.000000 0.000000 0.000000 0.000000 0.000000 0.000000 0.000000 0.000000 0.000000 0.000000
0.000000 0.000000 0.000000 0.000000 0.000000 0.000000 0.000000 0.000000 0.000000 0.000000 0.000000 0.000000 0.000000 0.000000 0.000000 0.000000 0.000000 0.000000 0.000000 0.000000 0.000000