geotop/1.0zi/1.0Montebello/Templates/testdem/maps/_Erotot1159.asc
ncols         21
nrows         20
xllcorner     100.000000
yllcorner     100.000000
cellsize      50.000000
NODATA_value  -9999.0
0.000000 0.000000 0.000000 0.000000 0.000000 0.000000 0.000000 0.000000 0.000000 0.000000 0.000000 0.000000 0.000000 0.000000 0.000000 0.000000 0.000000 0.000000 0.000000 0.000000 0.000000
0.000000 0.000000 124.552377 124.553751 124.588540 124.563707 124.545638 124.553773 124.555317 124.550259 124.550905 124.550259 124.555317 124.553773 124.545638 124.563707 124.588540 124.553751 124.552377 0.000000 0.000000
0.000000 0.000000 8.645572 8.426894 6.651305 8.509061 8.681406 8.672731 8.683488 8.689263 8.687393 8.689263 8.683488 8.672731 8.681406 8.509061 6.651305 8.426894 8.645572 0.000000 0.000000
0.000000 0.000000 915.410511 915.204733 915.225436 913.203396 915.466641 915.123568 915.086313 915.615949 915.558963 915.615949 915.086313 915.123568 915.466641 913.203396 915.225436 915.204733 915.410511 0.000000 0.000000
0.000000 0.000000 1687.798627 1687.573805 1686.819430 1687.508518 1687.941312 1687.773928 1687.731675 1687.880718 1687.834968 1687.880718 1687.731675 1687.773928 1687.941312 1687.508518 1686.819430 1687.573805 1687.798627 0.000000 0.000000
0.000000 0.000000 2223.308893 2223.134809 2222.380014 2222.554405 2223.394923 2223.221054 2223.207394 2223.424946 2223.397308 2223.424946 2223.207394 2223.221054 2223.394923 2222.554405 2222.380014 2223.134809 2223.308893 0.000000 0.000000
0.000000 0.000000 2905.980656 2905.841895 2905.159596 2905.332684 2906.040951 2905.908395 2905.903918 2906.083392 2906.059377 2906.083392 2905.903918 2905.908395 2906.040951 2905.332684 2905.159596 2905.841895 2905.980656 0.000000 0.000000
0.000000 0.000000 3557.362164 3557.242320 3556.610413 3556.783083 3557.405041 3557.297602 3557.297171 3557.455034 3557.434221 3557.455034 3557.297171 3557.297602 3557.405041 3556.783083 3556.610413 3557.242320 3557.362164 0.000000 0.000000
0.000000 0.000000 4176.103996 4175.994253 4175.392758 4175.560756 4176.139482 4176.042843 4176.044640 4176.191499 4176.171307 4176.191499 4176.044640 4176.042843 4176.139482 4175.560756 4175.392758 4175.994253 4176.103996 0.000000 0.000000
0.000000 0.000000 4769.112744 4769.030172 4768.440212 4768.646118 4769.139451 4769.058898 4769.067505 4769.197058 4769.176745 4769.197058 4769.067505 4769.058898 4769.139451 4768.646118 4768.440212 4769.030172 4769.112744 0.000000 0.000000
0.000000 0.000000 5338.904231 5338.811850 5338.239513 5338.419180 5338.932738 5338.847950 5338.853409 5338.985519 5338.964161 5338.985519 5338.853409 5338.847950 5338.932738 5338.419180 5338.239513 5338.811850 5338.904231 0.000000 0.000000
0.000000 0.000000 5891.139457 5891.044024 5890.485195 5890.655200 5891.163455 5891.081152 5891.087279 5891.218160 5891.197969 5891.218160 5891.087279 5891.081152 5891.163455 5890.655200 5890.485195 5891.044024 5891.139457 0.000000 0.000000
0.000000 0.000000 6431.113100 6431.019579 6430.467401 6430.638723 6431.135050 6431.053833 6431.060668 6431.189568 6431.168907 6431.189568 6431.060668 6431.053833 6431.135050 6430.638723 6430.467401 6431.019579 6431.113100 0.000000 0.000000
0.000000 0.000000 6959.114674 6959.027744 6958.480143 6958.672385 6959.134644 6959.057089 6959.066597 6959.191102 6959.169781 6959.191102 6959.066597 6959.057089 6959.134644 6958.672385 6958.480143 6959.027744 6959.114674 0.000000 0.000000
0.000000 0.000000 7479.251391 7479.161996 7478.615064 7478.796887 7479.271561 7479.192285 7479.200851 7479.327749 7479.305715 7479.327749 7479.200851 7479.192285 7479.271561 7478.796887 7478.615064 7479.161996 7479.251391 0.000000 0.000000
0.000000 0.000000 7991.805063 7991.716295 7991.182459 7991.356662 7991.824190 7991.747714 7991.756228 7991.879966 7991.858159 7991.879966 7991.756228 7991.747714 7991.824190 7991.356662 7991.182459 7991.716294 7991.805060 0.000000 0.000000
0.000000 0.000000 8494.984069 8494.895628 8494.358912 8494.536817 8495.004388 8494.924726 8494.933401 8495.059450 8495.036549 8495.059450 8494.933401 8494.924726 8495.004388 8494.536817 8494.358911 8494.895610 8494.983733 0.000000 0.000000
0.000000 0.000000 9015.320371 9015.475339 9014.940675 9015.109612 9015.582466 9015.500762 9015.509619 9015.638009 9015.614845 9015.638009 9015.509619 9015.500762 9015.582466 9015.109612 9014.940659 9015.472555 9015.561709 0.000000 0.000000
0.000000 0.000000 0.000000 0.000000 0.000000 0.000000 0.000000 0.000000 0.000000 0.000000 0.000000 0.000000 0.000000 0.000000 0.000000 0.000000 0.000000 0.000000 0.000000 0.000000 0.000000
0.000000 0.000000 0.000000 0.000000 0.000000 0.000000 0.000000 0.000000 0.000000 0.000000 0.000000 0.000000 0.000000 0.000000 0.000000 0.000000 0.000000 0.000000 0.000000 0.000000 0.000000