geotop/1.0zi/1.0Montebello/Templates/testdem/maps/_Erotot8125.asc
ncols         21
nrows         20
xllcorner     100.000000
yllcorner     100.000000
cellsize      50.000000
NODATA_value  -9999.0
0.000000 0.000000 0.000000 0.000000 0.000000 0.000000 0.000000 0.000000 0.000000 0.000000 0.000000 0.000000 0.000000 0.000000 0.000000 0.000000 0.000000 0.000000 0.000000 0.000000 0.000000
0.000000 0.000000 675.463307 676.263000 675.714706 675.821716 674.812599 674.972560 674.959146 675.022485 675.455528 674.780831 674.659183 674.711328 675.085343 675.238067 676.071911 676.617999 676.831699 0.000000 0.000000
0.000000 0.000000 52.178661 51.194941 51.438780 51.500682 52.135046 51.813043 51.517265 51.382237 51.611986 51.971300 51.990622 52.140170 51.893810 51.384914 50.111370 49.257814 49.782039 0.000000 0.000000
0.000000 0.000000 354.852574 355.979310 343.620214 338.351550 338.903322 327.586920 327.705450 328.524041 324.865840 323.091704 325.239424 325.379750 335.647692 342.703096 347.328251 350.238234 355.436204 0.000000 0.000000
0.000000 0.000000 3307.342574 3309.657050 3311.822089 3288.798990 3269.059281 3257.541450 3256.847639 3252.021955 3258.898807 3264.055955 3259.562493 3258.101073 3273.168970 3276.905789 3288.220690 3298.039458 3298.183116 0.000000 0.000000
0.000000 0.000000 5248.397996 5242.985366 5239.513157 5233.318949 5217.732848 5208.016649 5208.891289 5207.846274 5204.515473 5198.808692 5197.839397 5201.054354 5200.562426 5220.807142 5228.685996 5234.918657 5237.916194 0.000000 0.000000
0.000000 0.000000 6567.933340 6564.921005 6560.303217 6553.274562 6539.185167 6516.806821 6515.755066 6511.935505 6513.356242 6517.079710 6518.588398 6519.077541 6547.252069 6557.510103 6563.285994 6566.124115 6571.429774 0.000000 0.000000
0.000000 0.000000 7736.237929 7736.518877 7733.385024 7723.216431 7720.357361 7710.532193 7710.731600 7710.516017 7709.537781 7705.575560 7704.892484 7711.139220 7713.283988 7718.436396 7731.245677 7729.882845 7735.013355 0.000000 0.000000
0.000000 0.000000 9264.670408 9260.133453 9253.580867 9252.993281 9241.416065 9225.579641 9226.872135 9222.216790 9220.155810 9219.889375 9222.391779 9216.564159 9235.638023 9249.921318 9252.119748 9255.977938 9257.529698 0.000000 0.000000
0.000000 0.000000 11014.199602 11010.744255 11010.771627 11006.121443 10985.066838 10974.803091 10974.388732 10974.108727 10970.629822 10974.135904 10977.330717 10976.592852 10983.834907 10998.741529 11006.831518 11008.969570 11010.256808 0.000000 0.000000
0.000000 0.000000 12935.849324 12935.077162 12931.858912 12910.885301 12904.524588 12887.940145 12893.836304 12880.132333 12884.367191 12882.526849 12875.423428 12885.646419 12895.542489 12898.762038 12911.929235 12919.315308 12930.460610 0.000000 0.000000
0.000000 0.000000 15023.813986 15015.641160 15006.999340 15003.232424 14992.099332 14971.086176 14967.225216 14968.017857 14975.546982 14964.117508 14968.530023 14968.233108 14991.819857 15001.074227 15004.394016 15008.622946 15032.851718 0.000000 0.000000
0.000000 0.000000 17203.802827 17198.918141 17199.114737 17184.396936 17176.641374 17124.314566 17122.627383 17121.506712 17099.006020 17112.193979 17116.602459 17121.637024 17158.179822 17166.038591 17190.755259 17190.581008 17198.208477 0.000000 0.000000
0.000000 0.000000 19715.014596 19717.755503 19703.048853 19697.973580 19634.055411 19656.853411 19640.048510 19641.391046 19649.010458 19643.439476 19640.973740 19635.615197 19612.242420 19680.950324 19687.723857 19709.444809 19719.888923 0.000000 0.000000
0.000000 0.000000 22543.194362 22534.450294 22524.513890 22452.579491 22469.939383 22433.839007 22413.708607 22409.978839 22396.699222 22385.497785 22392.721425 22391.470703 22431.337216 22417.093771 22519.748742 22498.880898 22496.092122 0.000000 0.000000
0.000000 0.000000 25482.814857 25479.673133 25375.799485 25411.181886 25410.623201 25401.914460 25449.597241 25433.667772 25456.344385 25447.978269 25430.975394 25457.915136 25457.346003 25459.285494 25366.575764 25520.396678 25511.890046 0.000000 0.000000
0.000000 0.000000 28976.613787 28826.424103 28871.672263 28819.463312 28740.784762 28723.819118 28678.736410 28691.779304 28643.099731 28648.400920 28674.432798 28651.173711 28687.842561 28738.117330 28868.828208 28771.569476 28932.270890 0.000000 0.000000
0.000000 0.000000 30176.497451 30328.749002 30462.460618 30467.702101 30476.520876 30358.647319 30380.372520 30340.590297 30402.945065 30391.686708 30385.843808 30400.353147 30496.369436 30491.062856 30487.697596 30381.530206 30231.029709 0.000000 0.000000
0.000000 0.000000 0.000000 0.000000 0.000000 0.000000 0.000000 0.000000 0.000000 0.000000 0.000000 0.000000 0.000000 0.000000 0.000000 0.000000 0.000000 0.000000 0.000000 0.000000 0.000000
0.000000 0.000000 0.000000 0.000000 0.000000 0.000000 0.000000 0.000000 0.000000 0.000000 0.000000 0.000000 0.000000 0.000000 0.000000 0.000000 0.000000 0.000000 0.000000 0.000000 0.000000