geotop/1.0zi/1.0Montebello/Templates/testdem/maps/_Erotot7051.asc
ncols         21
nrows         20
xllcorner     100.000000
yllcorner     100.000000
cellsize      50.000000
NODATA_value  -9999.0
0.000000 0.000000 0.000000 0.000000 0.000000 0.000000 0.000000 0.000000 0.000000 0.000000 0.000000 0.000000 0.000000 0.000000 0.000000 0.000000 0.000000 0.000000 0.000000 0.000000 0.000000
0.000000 0.000000 567.050012 567.852941 567.506606 567.729322 567.116467 567.153233 567.099529 567.202739 567.628779 566.955408 566.845053 566.926395 567.216927 567.176139 567.936389 568.206530 568.276569 0.000000 0.000000
0.000000 0.000000 44.508837 43.290127 43.269876 43.421727 43.656765 43.508808 43.250755 43.094233 43.332989 43.621815 43.627516 43.750030 43.527418 43.328706 42.042227 41.317809 42.060641 0.000000 0.000000
0.000000 0.000000 242.397209 244.051012 232.198614 229.499987 228.041118 221.127793 221.791854 220.411823 219.253421 216.947931 219.172824 219.121224 227.418807 233.501102 234.806426 236.673476 242.335079 0.000000 0.000000
0.000000 0.000000 2500.945683 2504.317089 2507.718200 2486.582725 2471.914607 2458.888543 2460.947428 2457.950186 2463.506652 2469.728068 2464.320335 2462.583958 2474.205559 2476.974942 2485.530671 2493.066406 2495.032646 0.000000 0.000000
0.000000 0.000000 4255.789632 4250.113898 4246.799938 4240.594211 4226.434948 4218.326222 4217.679232 4216.791921 4213.414010 4207.541503 4206.652515 4209.985809 4209.961331 4228.075728 4236.327019 4243.091843 4245.009310 0.000000 0.000000
0.000000 0.000000 5455.439189 5452.591481 5448.382138 5442.621232 5429.316428 5410.478902 5409.983081 5406.169336 5407.759044 5411.534723 5412.897457 5413.429008 5437.779353 5447.333348 5451.741496 5453.887173 5459.488239 0.000000 0.000000
0.000000 0.000000 6335.851287 6336.445479 6333.800145 6325.287179 6323.961117 6315.494107 6316.144664 6316.046136 6315.237240 6311.440026 6310.643264 6316.513489 6317.374561 6321.093417 6332.020663 6330.046346 6335.155025 0.000000 0.000000
0.000000 0.000000 7528.238785 7524.298988 7518.576163 7519.156517 7509.486053 7496.024062 7497.508067 7493.307767 7491.323983 7491.215775 7493.332169 7487.737598 7504.296293 7516.879934 7517.528430 7520.317883 7522.037532 0.000000 0.000000
0.000000 0.000000 8898.249933 8895.284402 8895.845164 8892.965440 8874.584139 8866.475030 8866.720659 8866.304795 8863.344123 8866.580417 8869.450423 8868.654643 8873.767936 8886.434551 8892.584816 8893.770083 8895.173718 0.000000 0.000000
0.000000 0.000000 10385.478158 10384.978842 10382.582879 10364.993041 10361.536088 10346.795029 10352.357705 10340.263053 10344.017266 10342.523329 10336.070436 10345.197743 10352.492085 10354.558283 10365.055886 10370.940639 10381.167917 0.000000 0.000000
0.000000 0.000000 11966.942214 11960.164596 11953.343046 11950.886277 11942.385344 11925.388467 11923.042309 11923.027978 11929.995635 11920.177291 11923.436854 11923.514310 11942.467454 11949.192425 11950.812669 11953.855786 11975.433240 0.000000 0.000000
0.000000 0.000000 13594.525533 13590.686025 13590.929627 13579.907413 13574.481946 13536.390063 13535.105004 13534.307788 13516.342848 13526.640582 13530.522097 13534.363526 13559.827958 13565.548237 13584.410216 13583.451636 13591.922678 0.000000 0.000000
0.000000 0.000000 15417.200845 15419.494904 15408.378141 15405.135683 15362.828900 15375.058064 15362.874929 15363.714023 15367.716652 15364.661432 15362.934036 15359.244850 15344.070012 15390.663398 15396.218686 15412.061439 15421.014366 0.000000 0.000000
0.000000 0.000000 17427.854108 17421.025582 17414.408977 17372.082630 17375.948240 17354.223348 17338.003149 17335.783595 17327.631588 17319.056556 17323.002053 17321.668380 17346.486712 17345.209972 17409.636844 17396.835507 17396.360153 0.000000 0.000000
0.000000 0.000000 19522.546027 19520.451616 19458.177925 19467.778855 19471.774736 19460.358149 19489.035831 19477.062235 19489.140325 19481.603739 19472.799154 19488.899502 19493.175556 19493.266773 19450.659702 19538.060177 19531.577410 0.000000 0.000000
0.000000 0.000000 21988.988976 21904.061669 21912.048288 21888.739305 21842.072452 21832.607943 21813.949430 21819.823366 21794.340009 21795.679548 21807.044061 21800.490842 21820.535755 21847.192899 21909.312676 21879.586280 21971.543616 0.000000 0.000000
0.000000 0.000000 23371.178057 23428.026675 23513.132795 23506.491065 23495.156270 23423.083224 23428.699112 23405.268675 23433.282193 23427.427338 23430.804495 23431.893852 23493.820798 23503.317951 23527.497690 23447.194651 23392.444651 0.000000 0.000000
0.000000 0.000000 0.000000 0.000000 0.000000 0.000000 0.000000 0.000000 0.000000 0.000000 0.000000 0.000000 0.000000 0.000000 0.000000 0.000000 0.000000 0.000000 0.000000 0.000000 0.000000
0.000000 0.000000 0.000000 0.000000 0.000000 0.000000 0.000000 0.000000 0.000000 0.000000 0.000000 0.000000 0.000000 0.000000 0.000000 0.000000 0.000000 0.000000 0.000000 0.000000 0.000000