geotop/1.0zi/1.0Montebello/Templates/testdem/maps/_Erotot0846.asc
ncols         21
nrows         20
xllcorner     100.000000
yllcorner     100.000000
cellsize      50.000000
NODATA_value  -9999.0
0.000000 0.000000 0.000000 0.000000 0.000000 0.000000 0.000000 0.000000 0.000000 0.000000 0.000000 0.000000 0.000000 0.000000 0.000000 0.000000 0.000000 0.000000 0.000000 0.000000 0.000000
0.000000 0.000000 70.144419 70.145601 70.179819 70.153078 70.140609 70.145620 70.146841 70.142856 70.143280 70.142856 70.146841 70.145620 70.140609 70.153078 70.179819 70.145601 70.144419 0.000000 0.000000
0.000000 0.000000 7.294203 7.077030 5.303761 7.162943 7.322943 7.319225 7.333730 7.342020 7.341640 7.342020 7.333730 7.319225 7.322943 7.162943 5.303761 7.077030 7.294203 0.000000 0.000000
0.000000 0.000000 675.756185 675.314559 675.561883 673.249113 675.728162 675.568613 675.406622 675.678116 675.613142 675.678116 675.406622 675.568613 675.728162 673.249113 675.561883 675.314559 675.756185 0.000000 0.000000
0.000000 0.000000 1208.100519 1207.832334 1207.131315 1207.789900 1208.219676 1208.084210 1208.031183 1208.142289 1208.130235 1208.142289 1208.031183 1208.084210 1208.219676 1207.789900 1207.131315 1207.832334 1208.100519 0.000000 0.000000
0.000000 0.000000 1618.856559 1618.580271 1617.921914 1617.979430 1618.889044 1618.801939 1618.746029 1618.859171 1618.841434 1618.859171 1618.746029 1618.801939 1618.889044 1617.979430 1617.921914 1618.580271 1618.856559 0.000000 0.000000
0.000000 0.000000 2130.785806 2130.560604 2129.955514 2130.029911 2130.799032 2130.741951 2130.701882 2130.793617 2130.776321 2130.793617 2130.701882 2130.741951 2130.799032 2130.029911 2129.955514 2130.560604 2130.785806 0.000000 0.000000
0.000000 0.000000 2619.569705 2619.371118 2618.804892 2618.888183 2619.570386 2619.531551 2619.498198 2619.576536 2619.561265 2619.576536 2619.498198 2619.531551 2619.570386 2618.888183 2618.804892 2619.371118 2619.569705 0.000000 0.000000
0.000000 0.000000 3083.533602 3083.348491 3082.807675 3082.890756 3083.529280 3083.498263 3083.468270 3083.539581 3083.525141 3083.539581 3083.468270 3083.498263 3083.529280 3082.890756 3082.807675 3083.348491 3083.533602 0.000000 0.000000
0.000000 0.000000 3528.856561 3528.700807 3528.168713 3528.292307 3528.844599 3528.828834 3528.806250 3528.862602 3528.848642 3528.862602 3528.806250 3528.828834 3528.844599 3528.292307 3528.168713 3528.700807 3528.856561 0.000000 0.000000
0.000000 0.000000 3958.914601 3958.748843 3958.233290 3958.331460 3958.904046 3958.884332 3958.859061 3958.918990 3958.904533 3958.918990 3958.859061 3958.884332 3958.904046 3958.331460 3958.233290 3958.748843 3958.914601 0.000000 0.000000
0.000000 0.000000 4376.318661 4376.149818 4375.646105 4375.735237 4376.304069 4376.286663 4376.261943 4376.321766 4376.308647 4376.321766 4376.261943 4376.286663 4376.304069 4375.735237 4375.646105 4376.149818 4376.318661 0.000000 0.000000
0.000000 0.000000 4784.019558 4783.852419 4783.354257 4783.445236 4784.003105 4783.987083 4783.962898 4784.021544 4784.008471 4784.021544 4783.962898 4783.987083 4784.003105 4783.445236 4783.354257 4783.852419 4784.019558 0.000000 0.000000
0.000000 0.000000 5184.955249 5184.793933 5184.300183 5184.412493 5184.936401 5184.925312 5184.903513 5184.957416 5184.944302 5184.957416 5184.903513 5184.925312 5184.936401 5184.412493 5184.300183 5184.793933 5184.955249 0.000000 0.000000
0.000000 0.000000 5580.252488 5580.087301 5579.593825 5579.694911 5580.232561 5580.221375 5580.198581 5580.254624 5580.241016 5580.254624 5580.198581 5580.221375 5580.232561 5579.694911 5579.593825 5580.087301 5580.252488 0.000000 0.000000
0.000000 0.000000 5970.998084 5970.835311 5970.352376 5970.448319 5970.978316 5970.968909 5970.946500 5971.001345 5970.987235 5971.001345 5970.946500 5970.968909 5970.978316 5970.448319 5970.352376 5970.835311 5970.998080 0.000000 0.000000
0.000000 0.000000 6355.360574 6355.195188 6354.710105 6354.807380 6355.340367 6355.329599 6355.306718 6355.362915 6355.348488 6355.362915 6355.306718 6355.329599 6355.340367 6354.807380 6354.710105 6355.195173 6355.360210 0.000000 0.000000
0.000000 0.000000 6752.772762 6752.782071 6752.299319 6752.386208 6752.927806 6752.916201 6752.892860 6752.950640 6752.936092 6752.950640 6752.892860 6752.916201 6752.927806 6752.386207 6752.299304 6752.779752 6752.947876 0.000000 0.000000
0.000000 0.000000 0.000000 0.000000 0.000000 0.000000 0.000000 0.000000 0.000000 0.000000 0.000000 0.000000 0.000000 0.000000 0.000000 0.000000 0.000000 0.000000 0.000000 0.000000 0.000000
0.000000 0.000000 0.000000 0.000000 0.000000 0.000000 0.000000 0.000000 0.000000 0.000000 0.000000 0.000000 0.000000 0.000000 0.000000 0.000000 0.000000 0.000000 0.000000 0.000000 0.000000