geotop/1.0zi/1.0Montebello/Templates/testdem/maps/_Erotot9601.asc
ncols         21
nrows         20
xllcorner     100.000000
yllcorner     100.000000
cellsize      50.000000
NODATA_value  -9999.0
0.000000 0.000000 0.000000 0.000000 0.000000 0.000000 0.000000 0.000000 0.000000 0.000000 0.000000 0.000000 0.000000 0.000000 0.000000 0.000000 0.000000 0.000000 0.000000 0.000000 0.000000
0.000000 0.000000 800.556343 800.698856 799.514959 799.050244 797.476271 797.022173 797.118765 797.177270 797.531091 796.970383 796.829329 796.863266 797.845200 798.428802 799.791926 801.029875 801.688126 0.000000 0.000000
0.000000 0.000000 60.103468 58.759741 59.058322 58.840879 59.577830 59.098106 58.734635 58.582391 58.819384 58.976286 59.146805 59.220864 59.091710 58.606299 57.576515 56.674464 57.455246 0.000000 0.000000
0.000000 0.000000 515.279485 519.030205 504.964375 499.271813 498.641407 491.035474 497.743568 499.891490 496.343634 496.664245 501.486996 500.858763 509.341566 518.078893 520.722059 519.024477 524.838717 0.000000 0.000000
0.000000 0.000000 4429.469936 4423.895372 4420.092551 4380.826568 4354.707881 4339.311370 4331.884925 4325.919154 4331.604466 4337.459423 4337.275149 4331.557439 4351.393278 4358.473427 4377.205613 4388.670946 4389.329953 0.000000 0.000000
0.000000 0.000000 6633.650303 6627.108064 6622.376012 6624.705012 6596.865359 6584.255155 6587.924903 6586.723066 6581.373422 6574.699503 6572.599048 6576.837587 6578.571514 6605.520480 6605.689964 6613.070185 6615.035091 0.000000 0.000000
0.000000 0.000000 8156.947303 8150.897480 8147.166077 8134.434409 8127.554705 8091.210141 8090.453180 8087.246551 8085.721776 8089.624969 8090.266657 8091.429033 8126.653648 8130.731011 8140.248240 8143.162426 8148.271618 0.000000 0.000000
0.000000 0.000000 9766.562715 9762.566389 9756.011704 9740.689345 9730.261333 9726.257838 9726.735621 9724.368085 9723.347182 9719.205272 9718.665142 9725.813693 9724.197150 9735.339899 9750.934807 9748.506994 9754.759549 0.000000 0.000000
0.000000 0.000000 11809.716104 11803.485710 11794.795943 11789.332849 11771.823528 11749.035161 11752.099436 11747.899097 11743.786804 11743.202257 11746.618317 11740.106143 11766.960905 11782.182011 11784.904226 11788.647133 11791.153403 0.000000 0.000000
0.000000 0.000000 14198.482317 14188.335421 14184.135148 14175.350121 14159.556787 14139.907702 14138.670572 14136.391821 14130.901689 14135.112804 14138.669426 14137.945874 14146.446343 14167.724017 14175.997332 14180.107491 14179.339268 0.000000 0.000000
0.000000 0.000000 16870.348796 16865.308749 16861.760178 16826.957780 16826.371955 16797.599751 16805.796248 16787.343695 16792.313664 16787.821046 16780.054408 16791.693689 16808.023124 16813.146193 16829.152681 16832.451932 16851.076923 0.000000 0.000000
0.000000 0.000000 19868.546590 19853.064771 19832.861465 19830.181597 19817.660668 19784.177072 19782.483363 19784.144024 19790.253141 19774.070150 19782.563622 19779.330441 19809.814094 19825.415997 19827.533109 19833.781998 19860.007717 0.000000 0.000000
0.000000 0.000000 23067.225023 23056.069843 23057.630959 23035.518772 23015.454089 22937.037880 22931.139743 22928.537982 22889.363379 22915.212927 22916.909583 22925.101102 22984.622643 22993.804559 23029.944223 23029.392505 23034.401281 0.000000 0.000000
0.000000 0.000000 26887.297286 26885.878328 26856.203125 26840.780398 26733.083986 26792.749795 26764.530466 26765.443041 26784.112779 26765.474142 26763.990370 26749.519358 26690.699593 26817.111218 26817.169699 26848.932519 26864.340674 0.000000 0.000000
0.000000 0.000000 30983.080609 30970.864127 30950.784166 30823.312765 30894.824747 30809.369429 30788.419182 30780.442777 30749.888572 30738.039873 30752.101813 30754.172622 30830.669866 30754.757753 30934.763487 30887.621867 30876.408749 0.000000 0.000000
0.000000 0.000000 34540.416837 34532.300996 34386.751977 34478.552425 34454.952588 34465.680426 34540.161789 34518.658801 34556.464253 34549.359650 34521.182982 34557.526243 34532.164598 34560.288528 34364.735380 34598.604842 34589.426093 0.000000 0.000000
0.000000 0.000000 37690.591862 37561.219730 37631.521218 37572.155361 37504.605721 37487.484929 37436.489613 37451.752902 37402.647571 37409.855856 37437.407939 37410.604922 37447.754122 37487.149636 37624.899137 37495.950033 37633.638894 0.000000 0.000000
0.000000 0.000000 38584.574703 38672.223833 38760.437739 38754.684634 38753.127471 38680.630225 38691.163470 38666.705427 38701.535244 38695.176332 38695.224999 38699.498245 38757.557317 38761.562280 38770.338852 38690.154057 38604.138394 0.000000 0.000000
0.000000 0.000000 0.000000 0.000000 0.000000 0.000000 0.000000 0.000000 0.000000 0.000000 0.000000 0.000000 0.000000 0.000000 0.000000 0.000000 0.000000 0.000000 0.000000 0.000000 0.000000
0.000000 0.000000 0.000000 0.000000 0.000000 0.000000 0.000000 0.000000 0.000000 0.000000 0.000000 0.000000 0.000000 0.000000 0.000000 0.000000 0.000000 0.000000 0.000000 0.000000 0.000000