geotop/1.0zi/1.0Montebello/Templates/testdem/maps/_Erotot7553.asc
ncols         21
nrows         20
xllcorner     100.000000
yllcorner     100.000000
cellsize      50.000000
NODATA_value  -9999.0
0.000000 0.000000 0.000000 0.000000 0.000000 0.000000 0.000000 0.000000 0.000000 0.000000 0.000000 0.000000 0.000000 0.000000 0.000000 0.000000 0.000000 0.000000 0.000000 0.000000 0.000000
0.000000 0.000000 642.433089 643.378063 642.775613 642.936844 642.065362 642.266200 642.212950 642.317733 642.741005 642.073165 641.956771 641.998050 642.342919 642.384973 643.184688 643.768043 643.838196 0.000000 0.000000
0.000000 0.000000 50.027025 48.804054 48.949743 49.326539 49.741212 49.418577 49.153457 48.991317 49.233063 49.568556 49.590183 49.754466 49.503265 49.176736 47.766529 46.830280 47.584840 0.000000 0.000000
0.000000 0.000000 353.331116 354.616084 342.455127 336.696054 337.499577 326.115549 326.184809 327.060305 323.399798 321.566430 323.768760 323.917560 334.229465 341.091045 345.727220 348.681669 353.587588 0.000000 0.000000
0.000000 0.000000 2976.510812 2979.713379 2983.583509 2962.022050 2943.431669 2933.621332 2933.171619 2929.465197 2935.648096 2941.766683 2936.319119 2934.717702 2949.236189 2952.137682 2961.611611 2970.058134 2969.696149 0.000000 0.000000
0.000000 0.000000 4742.704102 4736.960191 4733.390167 4727.455792 4713.083019 4703.453721 4704.231081 4703.074458 4699.815622 4694.053669 4693.226417 4696.434916 4695.586643 4714.953443 4722.937407 4729.810386 4732.817634 0.000000 0.000000
0.000000 0.000000 6015.997016 6013.023307 6008.747181 6002.167008 5988.719946 5967.722856 5966.749850 5963.116352 5964.443461 5968.310076 5969.679395 5970.212155 5997.161700 6006.889104 6012.250257 6014.909103 6020.124868 0.000000 0.000000
0.000000 0.000000 7035.061786 7035.537489 7032.810266 7023.391696 7021.302166 7012.462692 7012.758947 7012.784100 7011.682224 7007.981844 7007.156582 7013.233839 7014.681384 7019.206632 7031.313018 7029.809197 7034.674463 0.000000 0.000000
0.000000 0.000000 8383.119711 8378.946666 8373.014670 8373.000881 8362.490220 8347.827758 8349.056245 8344.838644 8342.603147 8342.575688 8344.805100 8339.108195 8357.194770 8370.688140 8372.275199 8375.774614 8377.128622 0.000000 0.000000
0.000000 0.000000 9927.996431 9924.812023 9925.373878 9921.587495 9902.052190 9892.873748 9892.661542 9892.492685 9889.096411 9892.591414 9895.550322 9894.813872 9901.239696 9915.049258 9922.365980 9924.165013 9925.241274 0.000000 0.000000
0.000000 0.000000 11613.780729 11613.142005 11610.668968 11591.444778 11585.921582 11571.115015 11576.650117 11564.029178 11567.765275 11566.293281 11559.451517 11569.067803 11577.929185 11580.631766 11592.644425 11599.424873 11609.766327 0.000000 0.000000
0.000000 0.000000 13429.521374 13422.184514 13414.823651 13411.626072 13402.269013 13383.167681 13379.978577 13380.556221 13387.533252 13377.145804 13380.835073 13380.827033 13402.220738 13410.195356 13412.903462 13416.701406 13439.154263 0.000000 0.000000
0.000000 0.000000 15305.351518 15301.025742 15301.532643 15288.818145 15282.278208 15237.761527 15236.153108 15235.471712 15215.236364 15226.896887 15230.955733 15235.367908 15266.338001 15273.063671 15294.959739 15294.572972 15302.349676 0.000000 0.000000
0.000000 0.000000 17437.688779 17440.188552 17427.892119 17423.683805 17371.667079 17388.903247 17374.395241 17375.697293 17380.901578 17377.077859 17374.955406 17370.610718 17351.907465 17408.545846 17415.067153 17433.667713 17442.824660 0.000000 0.000000
0.000000 0.000000 19814.473461 19806.918424 19798.908351 19743.601903 19753.312609 19725.615039 19707.358088 19704.834505 19694.248632 19684.686663 19689.801597 19688.482148 19720.309117 19713.518621 19795.126109 19779.135353 19777.258125 0.000000 0.000000
0.000000 0.000000 22298.134650 22295.515188 22215.474459 22235.557042 22237.763496 22227.490436 22263.902397 22250.403987 22266.502239 22258.670243 22246.418186 22267.268991 22270.232136 22270.941936 22208.031412 22324.296423 22316.342057 0.000000 0.000000
0.000000 0.000000 25262.938718 25147.567872 25170.640658 25135.202728 25073.771274 25061.127623 25031.366487 25040.543530 25004.719674 25007.988820 25025.430322 25012.010998 25039.978962 25077.460851 25168.755236 25112.288210 25235.540840 0.000000 0.000000
0.000000 0.000000 26623.659464 26723.713239 26835.857915 26832.976125 26829.346946 26734.032434 26745.665715 26714.858288 26757.898162 26749.795867 26749.533356 26756.255032 26836.842596 26840.717180 26856.629477 26759.079271 26660.749849 0.000000 0.000000
0.000000 0.000000 0.000000 0.000000 0.000000 0.000000 0.000000 0.000000 0.000000 0.000000 0.000000 0.000000 0.000000 0.000000 0.000000 0.000000 0.000000 0.000000 0.000000 0.000000 0.000000
0.000000 0.000000 0.000000 0.000000 0.000000 0.000000 0.000000 0.000000 0.000000 0.000000 0.000000 0.000000 0.000000 0.000000 0.000000 0.000000 0.000000 0.000000 0.000000 0.000000 0.000000