geotop/1.0zi/1.0Montebello/Templates/testdem/maps/_Erotot2272.asc
ncols         21
nrows         20
xllcorner     100.000000
yllcorner     100.000000
cellsize      50.000000
NODATA_value  -9999.0
0.000000 0.000000 0.000000 0.000000 0.000000 0.000000 0.000000 0.000000 0.000000 0.000000 0.000000 0.000000 0.000000 0.000000 0.000000 0.000000 0.000000 0.000000 0.000000 0.000000 0.000000
0.000000 0.000000 211.090270 211.093472 211.132657 211.166779 211.065698 211.095473 211.099176 211.074189 211.091565 211.074189 211.099176 211.095473 211.065698 211.166779 211.132657 211.093472 211.090270 0.000000 0.000000
0.000000 0.000000 12.917538 12.695396 10.911997 12.710962 12.975908 12.938876 12.945377 12.970988 12.952965 12.970988 12.945377 12.938876 12.975908 12.710962 10.911997 12.695396 12.917538 0.000000 0.000000
0.000000 0.000000 1536.918489 1536.597842 1536.933161 1535.059563 1537.067521 1536.509842 1536.504159 1537.272982 1537.397306 1537.272982 1536.504159 1536.509842 1537.067521 1535.059563 1536.933161 1536.597842 1536.918489 0.000000 0.000000
0.000000 0.000000 3194.235529 3194.061969 3193.402751 3193.984795 3194.534842 3194.395490 3194.359513 3194.507911 3194.466523 3194.507911 3194.359513 3194.395490 3194.534842 3193.984795 3193.402751 3194.061969 3194.235529 0.000000 0.000000
0.000000 0.000000 4146.407874 4146.200497 4145.636170 4145.784645 4146.603579 4146.308697 4146.327843 4146.652723 4146.728739 4146.652723 4146.327843 4146.308697 4146.603579 4145.784645 4145.636170 4146.200497 4146.407874 0.000000 0.000000
0.000000 0.000000 5425.852356 5425.679690 5425.161552 5425.301055 5426.001574 5425.746338 5425.771111 5426.057261 5426.143340 5426.057261 5425.771111 5425.746338 5426.001574 5425.301055 5425.161552 5425.679690 5425.852356 0.000000 0.000000
0.000000 0.000000 6636.938159 6636.792956 6636.309160 6636.452123 6637.055984 6636.836089 6636.858210 6637.113729 6637.197045 6637.113729 6636.858210 6636.836089 6637.055984 6636.452123 6636.309160 6636.792956 6636.938159 0.000000 0.000000
0.000000 0.000000 7772.913260 7772.779935 7772.319088 7772.462373 7773.019334 7772.815963 7772.836705 7773.077450 7773.157833 7773.077450 7772.836705 7772.815963 7773.019334 7772.462373 7772.319088 7772.779935 7772.913260 0.000000 0.000000
0.000000 0.000000 8847.765467 8847.660818 8847.209733 8847.392510 8847.858916 8847.676652 8847.702161 8847.921000 8847.997906 8847.921000 8847.702161 8847.676652 8847.858916 8847.392510 8847.209733 8847.660818 8847.765467 0.000000 0.000000
0.000000 0.000000 9867.274562 9867.162921 9866.730726 9866.889890 9867.367571 9867.185452 9867.206801 9867.423661 9867.496195 9867.423661 9867.206801 9867.185452 9867.367571 9866.889890 9866.730726 9867.162921 9867.274562 0.000000 0.000000
0.000000 0.000000 10842.754471 10842.642191 10842.225144 10842.378649 10842.842777 10842.667711 10842.687846 10842.898199 10842.969559 10842.898199 10842.687846 10842.667711 10842.842777 10842.378649 10842.225144 10842.642191 10842.754471 0.000000 0.000000
0.000000 0.000000 11783.147009 11783.039261 11782.627947 11782.783303 11783.228678 11783.057771 11783.078060 11783.283522 11783.352216 11783.283522 11783.078060 11783.057771 11783.228678 11782.783303 11782.627947 11783.039261 11783.147009 0.000000 0.000000
0.000000 0.000000 12693.246958 12693.146878 12692.743808 12692.918394 12693.326427 12693.161930 12693.183907 12693.381951 12693.448913 12693.381951 12693.183907 12693.161930 12693.326427 12692.918394 12692.743808 12693.146878 12693.246958 0.000000 0.000000
0.000000 0.000000 13575.870665 13575.768666 13575.368146 13575.532033 13575.946049 13575.782547 13575.803222 13576.000503 13576.065674 13576.000503 13575.803222 13575.782547 13575.946049 13575.532033 13575.368146 13575.768666 13575.870665 0.000000 0.000000
0.000000 0.000000 14431.733368 14431.633407 14431.243542 14431.400877 14431.803256 14431.644240 14431.664772 14431.857391 14431.921344 14431.857391 14431.664772 14431.644240 14431.803256 14431.400877 14431.243542 14431.633407 14431.733363 0.000000 0.000000
0.000000 0.000000 15263.839680 15263.741052 15263.352213 15263.512998 15263.907580 15263.749956 15263.769940 15263.958837 15264.020917 15263.958837 15263.769940 15263.749956 15263.907580 15263.512998 15263.352213 15263.741031 15263.839203 0.000000 0.000000
0.000000 0.000000 16107.510558 16107.778763 16107.395972 16107.552632 16107.943949 16107.789047 16107.807108 16107.993394 16108.052934 16107.993394 16107.807108 16107.789047 16107.943949 16107.552632 16107.395954 16107.775266 16107.870827 0.000000 0.000000
0.000000 0.000000 0.000000 0.000000 0.000000 0.000000 0.000000 0.000000 0.000000 0.000000 0.000000 0.000000 0.000000 0.000000 0.000000 0.000000 0.000000 0.000000 0.000000 0.000000 0.000000
0.000000 0.000000 0.000000 0.000000 0.000000 0.000000 0.000000 0.000000 0.000000 0.000000 0.000000 0.000000 0.000000 0.000000 0.000000 0.000000 0.000000 0.000000 0.000000 0.000000 0.000000