geotop/1.0zi/1.0Montebello/Templates/testdem/maps/_Erotot4381.asc
ncols         21
nrows         20
xllcorner     100.000000
yllcorner     100.000000
cellsize      50.000000
NODATA_value  -9999.0
0.000000 0.000000 0.000000 0.000000 0.000000 0.000000 0.000000 0.000000 0.000000 0.000000 0.000000 0.000000 0.000000 0.000000 0.000000 0.000000 0.000000 0.000000 0.000000 0.000000 0.000000
0.000000 0.000000 329.057728 328.616388 328.421393 328.272826 328.298017 328.354158 328.391671 328.390181 328.376717 328.379802 328.381643 328.425731 328.295041 328.315741 328.491077 328.404777 328.499671 0.000000 0.000000
0.000000 0.000000 26.422355 27.001733 27.275120 27.942752 27.484795 27.491231 27.067124 26.999946 27.052868 27.407221 27.142651 27.032780 27.584127 27.363466 26.490549 25.953437 25.831617 0.000000 0.000000
0.000000 0.000000 139.411550 140.647922 133.557855 131.125177 132.088894 126.952472 126.125273 125.711449 124.946869 124.491147 125.632206 124.334647 127.107947 132.080769 132.792581 135.068161 137.723427 0.000000 0.000000
0.000000 0.000000 1313.047034 1315.903068 1321.672378 1316.550478 1310.258340 1306.311988 1309.903636 1304.393256 1307.828839 1311.353328 1309.827840 1305.690395 1309.871100 1306.670636 1307.175539 1308.637583 1309.321212 0.000000 0.000000
0.000000 0.000000 2514.563937 2508.514451 2500.378755 2493.064576 2486.837883 2483.286491 2480.611778 2482.495081 2482.148593 2479.324495 2475.312735 2477.555158 2477.928064 2490.599405 2496.509254 2497.064095 2500.223151 0.000000 0.000000
0.000000 0.000000 3182.305786 3178.481204 3175.927073 3172.846152 3165.160696 3151.477280 3153.396459 3150.133505 3152.681427 3151.757627 3153.641344 3154.356680 3167.878844 3174.651588 3181.278751 3185.468762 3188.075167 0.000000 0.000000
0.000000 0.000000 3633.140168 3632.825735 3632.647837 3627.380660 3626.483640 3622.676934 3623.542082 3623.889338 3621.345773 3622.462536 3620.620071 3618.970454 3621.626756 3625.462267 3627.087968 3626.151685 3627.677947 0.000000 0.000000
0.000000 0.000000 4260.894569 4260.285872 4256.753293 4255.588607 4251.962189 4243.630179 4244.198842 4242.368909 4242.839027 4243.127684 4241.865206 4241.809592 4246.203802 4253.576621 4253.372820 4254.559394 4258.138128 0.000000 0.000000
0.000000 0.000000 4980.578966 4978.818103 4977.976301 4974.419064 4966.897006 4962.930661 4964.749161 4963.901897 4963.751572 4963.734103 4962.243775 4959.835567 4966.289559 4972.359954 4974.555481 4975.291891 4976.623554 0.000000 0.000000
0.000000 0.000000 5741.230461 5739.312772 5736.723349 5734.807261 5733.439712 5723.966127 5724.579914 5722.074785 5722.168799 5722.930399 5721.317017 5720.249104 5724.240741 5726.638571 5730.840030 5732.704268 5735.718870 0.000000 0.000000
0.000000 0.000000 6532.517260 6531.093814 6528.255032 6521.848453 6517.885604 6510.840826 6510.193806 6509.740922 6509.662978 6508.767410 6507.860790 6506.983398 6515.263890 6520.894303 6523.955841 6524.825247 6541.596268 0.000000 0.000000
0.000000 0.000000 7324.938519 7322.849626 7319.755212 7317.225496 7311.123937 7293.703848 7294.296813 7292.604801 7292.316899 7292.750410 7290.658863 7290.314160 7304.621957 7312.344800 7315.111706 7316.428860 7318.732662 0.000000 0.000000
0.000000 0.000000 8169.449498 8166.513218 8163.191036 8159.519981 8142.375867 8150.382530 8145.283244 8144.292719 8144.486111 8144.522594 8142.831971 8141.859237 8136.013641 8153.362314 8156.706690 8161.602777 8161.538833 0.000000 0.000000
0.000000 0.000000 9069.830931 9064.606491 9059.327258 9047.982343 9045.855533 9031.097941 9023.801068 9022.199649 9017.859955 9017.088724 9017.568311 9014.414646 9024.183263 9032.193145 9052.137645 9047.826137 9049.166796 0.000000 0.000000
0.000000 0.000000 9964.654052 9964.013817 9943.566241 9946.401994 9946.950211 9946.663276 9949.476339 9949.429971 9951.928011 9951.681979 9947.978151 9951.842933 9948.847817 9947.631065 9937.040056 9959.021952 9963.443384 0.000000 0.000000
0.000000 0.000000 10977.664510 10955.291306 10945.988101 10938.652881 10925.524063 10920.156542 10918.943791 10918.215848 10914.425944 10914.529567 10913.968836 10910.519444 10914.275879 10930.128914 10942.690355 10943.549988 10966.157335 0.000000 0.000000
0.000000 0.000000 11733.093264 11735.101491 11753.887330 11744.633088 11739.357168 11718.036577 11716.964380 11714.270534 11715.562583 11715.075413 11712.908888 11713.038820 11733.079435 11741.598441 11752.760040 11728.643142 11731.458365 0.000000 0.000000
0.000000 0.000000 0.000000 0.000000 0.000000 0.000000 0.000000 0.000000 0.000000 0.000000 0.000000 0.000000 0.000000 0.000000 0.000000 0.000000 0.000000 0.000000 0.000000 0.000000 0.000000
0.000000 0.000000 0.000000 0.000000 0.000000 0.000000 0.000000 0.000000 0.000000 0.000000 0.000000 0.000000 0.000000 0.000000 0.000000 0.000000 0.000000 0.000000 0.000000 0.000000 0.000000