geotop/1.0zi/1.0Montebello/Templates/testdem/maps/_Erotot6280.asc
ncols         21
nrows         20
xllcorner     100.000000
yllcorner     100.000000
cellsize      50.000000
NODATA_value  -9999.0
0.000000 0.000000 0.000000 0.000000 0.000000 0.000000 0.000000 0.000000 0.000000 0.000000 0.000000 0.000000 0.000000 0.000000 0.000000 0.000000 0.000000 0.000000 0.000000 0.000000 0.000000
0.000000 0.000000 490.602324 491.462376 491.186462 491.484558 490.931542 490.991684 490.949811 491.116092 491.517071 490.821595 490.749168 490.840777 490.992580 490.897081 491.625087 491.823735 491.812938 0.000000 0.000000
0.000000 0.000000 37.016143 35.873516 35.952970 36.095580 36.350189 36.161455 35.974619 35.759010 36.006060 36.335654 36.152781 36.364851 36.239448 35.990290 34.677952 33.918661 34.609608 0.000000 0.000000
0.000000 0.000000 213.201186 216.129994 206.025329 204.007998 204.369234 199.400687 198.966435 198.482475 196.870119 194.830844 197.386296 195.093190 199.865303 205.784119 207.320640 208.704084 213.662114 0.000000 0.000000
0.000000 0.000000 2003.316188 2006.682952 2011.719910 1990.643373 1975.724495 1964.001273 1966.625431 1963.646979 1967.482525 1972.174162 1968.842794 1967.460526 1977.654074 1978.481677 1986.878743 1995.379932 1996.584237 0.000000 0.000000
0.000000 0.000000 3535.094164 3529.863669 3526.664944 3521.879652 3511.712336 3503.884441 3502.417003 3501.941989 3500.174807 3497.564717 3494.595933 3497.253645 3499.447695 3515.882488 3521.189365 3525.739171 3528.168695 0.000000 0.000000
0.000000 0.000000 4704.146738 4701.767202 4698.066606 4693.370185 4680.349578 4663.211806 4662.775522 4659.313217 4661.172354 4664.023890 4666.095323 4667.118557 4687.766503 4697.485002 4702.246659 4703.830739 4709.296368 0.000000 0.000000
0.000000 0.000000 5406.225284 5407.693261 5405.787907 5398.731544 5397.940272 5390.265653 5390.823356 5391.231500 5389.905116 5387.316693 5387.044407 5391.047052 5391.909527 5394.862324 5404.039557 5402.365791 5406.226361 0.000000 0.000000
0.000000 0.000000 6390.641471 6387.827171 6382.679648 6383.298915 6375.912994 6364.698160 6365.321228 6362.163847 6359.754633 6360.675227 6361.749263 6356.970085 6371.340020 6380.049128 6382.909804 6384.170053 6386.203485 0.000000 0.000000
0.000000 0.000000 7528.291793 7525.965750 7527.305580 7525.801515 7509.939329 7502.462822 7503.450540 7502.689673 7500.427671 7503.449015 7506.933219 7505.064503 7509.417346 7520.860161 7525.402429 7525.948734 7527.177925 0.000000 0.000000
0.000000 0.000000 8757.140697 8757.551417 8756.381184 8741.214162 8738.328810 8726.685947 8730.645195 8720.773803 8723.289893 8722.312284 8717.287966 8725.240580 8730.520083 8732.250411 8740.040075 8746.112788 8754.424365 0.000000 0.000000
0.000000 0.000000 10049.872290 10045.629997 10039.461679 10037.016490 10031.835348 10016.282221 10014.893870 10014.268852 10020.730632 10013.200728 10015.341659 10015.235776 10032.277648 10036.351858 10038.294023 10039.448846 10059.910347 0.000000 0.000000
0.000000 0.000000 11365.263540 11362.540944 11363.011060 11354.436545 11350.023740 11320.197474 11318.606651 11318.107263 11302.740275 11312.223895 11316.173032 11318.810424 11337.765460 11342.202120 11358.033258 11357.306330 11365.038251 0.000000 0.000000
0.000000 0.000000 12812.474955 12814.021240 12805.698148 12803.674929 12772.531626 12781.221837 12770.268551 12771.626742 12772.821442 12772.379191 12770.409635 12766.943570 12756.966617 12791.116584 12797.201228 12808.916303 12816.856958 0.000000 0.000000
0.000000 0.000000 14387.203874 14382.653506 14378.058961 14349.017796 14348.843265 14331.695207 14317.931547 14315.968389 14310.428162 14303.212119 14307.330921 14305.671924 14322.812296 14326.274594 14373.664125 14364.028429 14364.761840 0.000000 0.000000
0.000000 0.000000 16015.634472 16014.955501 15971.713502 15972.407332 15977.265264 15969.355897 15988.744064 15980.061783 15987.408337 15982.016644 15975.743150 15986.599425 15990.819847 15990.240352 15965.935380 16025.984948 16019.279664 0.000000 0.000000
0.000000 0.000000 17884.702898 17831.160155 17829.747829 17817.023734 17786.512641 17779.033239 17768.609857 17772.455395 17755.416614 17756.415333 17763.041731 17761.303344 17775.268405 17790.137698 17828.326057 17818.279070 17878.857503 0.000000 0.000000
0.000000 0.000000 19119.830362 19141.509037 19197.471098 19189.749333 19175.825558 19129.868929 19131.333152 19114.988652 19130.108615 19127.392296 19132.983894 19129.571636 19170.415841 19181.987261 19207.463996 19150.965829 19130.299549 0.000000 0.000000
0.000000 0.000000 0.000000 0.000000 0.000000 0.000000 0.000000 0.000000 0.000000 0.000000 0.000000 0.000000 0.000000 0.000000 0.000000 0.000000 0.000000 0.000000 0.000000 0.000000 0.000000
0.000000 0.000000 0.000000 0.000000 0.000000 0.000000 0.000000 0.000000 0.000000 0.000000 0.000000 0.000000 0.000000 0.000000 0.000000 0.000000 0.000000 0.000000 0.000000 0.000000 0.000000