geotop/1.0zi/1.0Montebello/Templates/testdem/maps/_Erotot1989.asc
ncols         21
nrows         20
xllcorner     100.000000
yllcorner     100.000000
cellsize      50.000000
NODATA_value  -9999.0
0.000000 0.000000 0.000000 0.000000 0.000000 0.000000 0.000000 0.000000 0.000000 0.000000 0.000000 0.000000 0.000000 0.000000 0.000000 0.000000 0.000000 0.000000 0.000000 0.000000 0.000000
0.000000 0.000000 201.236545 201.238710 201.275682 201.262761 201.224742 201.239325 201.241645 201.232231 201.233794 201.232231 201.241645 201.239325 201.224742 201.262761 201.275682 201.238710 201.236545 0.000000 0.000000
0.000000 0.000000 10.688716 10.467778 8.687243 10.531754 10.735699 10.712483 10.720348 10.731034 10.727514 10.731034 10.720348 10.712483 10.735699 10.531754 8.687243 10.467778 10.688716 0.000000 0.000000
0.000000 0.000000 1400.942658 1400.733757 1400.925847 1398.860063 1401.103839 1400.646529 1400.675345 1401.412019 1401.430806 1401.412019 1400.675345 1400.646529 1401.103839 1398.860063 1400.925847 1400.733757 1400.942658 0.000000 0.000000
0.000000 0.000000 2808.519078 2808.306800 2807.705464 2808.389956 2808.836733 2808.640600 2808.597175 2808.762116 2808.732186 2808.762116 2808.597175 2808.640600 2808.836733 2808.389956 2807.705464 2808.306800 2808.519078 0.000000 0.000000
0.000000 0.000000 3653.812031 3653.644936 3653.032866 3653.149372 3654.026256 3653.754216 3653.780975 3654.100733 3654.142441 3654.100733 3653.780975 3653.754216 3654.026256 3653.149372 3653.032866 3653.644936 3653.812031 0.000000 0.000000
0.000000 0.000000 4776.364885 4776.230918 4775.665475 4775.783136 4776.531499 4776.298604 4776.331121 4776.614460 4776.669109 4776.614460 4776.331121 4776.298604 4776.531499 4775.783136 4775.665475 4776.230918 4776.364885 0.000000 0.000000
0.000000 0.000000 5843.139865 5843.029523 5842.500545 5842.622511 5843.273421 5843.073651 5843.102891 5843.356527 5843.411909 5843.356527 5843.102891 5843.073651 5843.273421 5842.622511 5842.500545 5843.029523 5843.139865 0.000000 0.000000
0.000000 0.000000 6848.086551 6847.984858 6847.479693 6847.600082 6848.207138 6848.022135 6848.049583 6848.289074 6848.344096 6848.289074 6848.049583 6848.022135 6848.207138 6847.600082 6847.479693 6847.984858 6848.086551 0.000000 0.000000
0.000000 0.000000 7802.740478 7802.665452 7802.170079 7802.328343 7802.847354 7802.682327 7802.714345 7802.932066 7802.985419 7802.932066 7802.714345 7802.682327 7802.847354 7802.328343 7802.170079 7802.665452 7802.740478 0.000000 0.000000
0.000000 0.000000 8712.351943 8712.267760 8711.790264 8711.922804 8712.457068 8712.291498 8712.319032 8712.535180 8712.586304 8712.535180 8712.319032 8712.291498 8712.457068 8711.922804 8711.790264 8712.267760 8712.351943 0.000000 0.000000
0.000000 0.000000 9585.428520 9585.342271 9584.879827 9585.005235 9585.528784 9585.369182 9585.395402 9585.605431 9585.656514 9585.605431 9585.395402 9585.369182 9585.528784 9585.005235 9584.879827 9585.342271 9585.428519 0.000000 0.000000
0.000000 0.000000 10430.888549 10430.805370 10430.348148 10430.474267 10430.981632 10430.825423 10430.851694 10431.057172 10431.106774 10431.057172 10430.851694 10430.825423 10430.981632 10430.474267 10430.348148 10430.805370 10430.888549 0.000000 0.000000
0.000000 0.000000 11251.726509 11251.649980 11251.200306 11251.345382 11251.816896 11251.666348 11251.694256 11251.892584 11251.940990 11251.892584 11251.694256 11251.666348 11251.816896 11251.345382 11251.200306 11251.649980 11251.726509 0.000000 0.000000
0.000000 0.000000 12051.545598 12051.466223 12051.017729 12051.151517 12051.631147 12051.481016 12051.507568 12051.705659 12051.752992 12051.705659 12051.507568 12051.481016 12051.631147 12051.151517 12051.017729 12051.466223 12051.545598 0.000000 0.000000
0.000000 0.000000 12832.197436 12832.119232 12831.681084 12831.807778 12832.277384 12832.131304 12832.157610 12832.351241 12832.398147 12832.351241 12832.157610 12832.131304 12832.277384 12831.807778 12831.681084 12832.119232 12832.197432 0.000000 0.000000
0.000000 0.000000 13592.446028 13592.368531 13591.930424 13592.060447 13592.524047 13592.378254 13592.403966 13592.594517 13592.640053 13592.594517 13592.403966 13592.378254 13592.524047 13592.060447 13591.930424 13592.368510 13592.445583 0.000000 0.000000
0.000000 0.000000 14366.802311 14367.062133 14366.631496 14366.756563 14367.218736 14367.073817 14367.097332 14367.286019 14367.330474 14367.286019 14367.097332 14367.073817 14367.218736 14366.756563 14366.631477 14367.058708 14367.135500 0.000000 0.000000
0.000000 0.000000 0.000000 0.000000 0.000000 0.000000 0.000000 0.000000 0.000000 0.000000 0.000000 0.000000 0.000000 0.000000 0.000000 0.000000 0.000000 0.000000 0.000000 0.000000 0.000000
0.000000 0.000000 0.000000 0.000000 0.000000 0.000000 0.000000 0.000000 0.000000 0.000000 0.000000 0.000000 0.000000 0.000000 0.000000 0.000000 0.000000 0.000000 0.000000 0.000000 0.000000