geotop/1.0zi/1.0Montebello/Templates/testdem/maps/_Erotot7920.asc
ncols         21
nrows         20
xllcorner     100.000000
yllcorner     100.000000
cellsize      50.000000
NODATA_value  -9999.0
0.000000 0.000000 0.000000 0.000000 0.000000 0.000000 0.000000 0.000000 0.000000 0.000000 0.000000 0.000000 0.000000 0.000000 0.000000 0.000000 0.000000 0.000000 0.000000 0.000000 0.000000
0.000000 0.000000 663.041260 663.853979 663.319846 663.441020 662.445881 662.619255 662.606477 662.669875 663.102054 662.427462 662.305840 662.358121 662.718209 662.857459 663.676976 664.208709 664.408991 0.000000 0.000000
0.000000 0.000000 51.250617 50.273175 50.196742 50.585826 51.221498 50.903727 50.607916 50.470923 50.702419 51.062875 51.081996 51.232410 50.983038 50.470898 49.193961 48.338605 48.857131 0.000000 0.000000
0.000000 0.000000 354.479539 355.597996 343.538056 337.979275 338.524581 327.210984 327.333649 328.147702 324.487921 322.717960 324.865144 325.004787 335.269978 342.324782 346.946114 349.866049 354.741318 0.000000 0.000000
0.000000 0.000000 3199.858200 3201.037535 3203.662363 3180.242500 3160.796417 3150.166641 3149.375781 3144.710753 3151.563900 3156.650320 3152.140933 3150.742176 3165.747720 3169.167665 3179.819148 3188.638013 3188.508488 0.000000 0.000000
0.000000 0.000000 5081.291140 5076.063546 5072.567508 5066.474205 5051.414764 5041.390845 5042.272762 5041.198923 5037.899817 5032.201500 5031.231347 5034.419413 5033.868466 5053.912471 5061.800229 5068.602380 5071.756580 0.000000 0.000000
0.000000 0.000000 6383.957550 6380.754468 6376.238284 6369.206312 6355.414514 6333.494067 6332.422905 6328.638774 6330.064985 6333.777502 6335.279972 6335.769494 6363.598373 6373.620545 6379.224718 6382.011967 6387.266956 0.000000 0.000000
0.000000 0.000000 7496.487489 7496.539106 7493.527623 7483.383065 7480.850269 7471.418489 7471.597546 7471.419030 7470.455993 7466.493026 7465.804728 7472.034786 7473.916692 7478.835164 7491.394650 7489.950201 7494.991233 0.000000 0.000000
0.000000 0.000000 8957.025116 8952.263926 8945.897291 8945.287033 8934.131752 8918.703155 8919.957220 8915.380768 8913.337503 8913.062493 8915.535239 8909.749103 8928.509217 8942.465955 8944.412288 8948.132800 8949.557868 0.000000 0.000000
0.000000 0.000000 10629.123761 10625.422523 10625.583265 10620.974637 10600.472809 10590.639195 10590.207279 10589.963711 10586.529833 10589.989919 10593.123569 10592.411341 10599.371122 10613.884148 10621.656488 10623.645502 10624.801613 0.000000 0.000000
0.000000 0.000000 12459.715016 12458.634697 12455.617105 12434.919095 12428.963765 12412.967744 12418.724602 12405.315225 12409.472403 12407.658006 12400.682512 12410.706629 12420.287251 12423.261460 12436.009422 12443.103909 12453.902959 0.000000 0.000000
0.000000 0.000000 14443.464708 14435.145092 14426.864101 14423.047207 14412.529396 14392.289287 14388.549696 14389.241277 14396.613915 14385.463800 14389.682101 14389.512123 14412.306744 14421.084996 14424.136475 14428.173556 14451.648709 0.000000 0.000000
0.000000 0.000000 16505.698551 16500.530988 16500.800694 16486.390423 16479.192361 16429.724664 16428.003109 16427.009622 16405.419300 16417.951762 16422.249617 16427.087732 16461.612459 16468.996722 16492.649656 16492.307915 16499.935704 0.000000 0.000000
0.000000 0.000000 18870.756031 18872.936389 18858.995612 18853.856399 18794.508870 18815.232521 18799.216918 18800.469598 18807.229270 18802.207982 18799.966802 18795.023532 18773.410505 18837.506051 18844.162366 18864.624870 18874.449833 0.000000 0.000000
0.000000 0.000000 21523.472582 21514.589660 21505.241798 21439.230932 21454.037893 21420.888442 21401.330365 21397.997155 21385.890364 21375.172233 21381.632359 21380.373075 21417.492792 21405.835266 21500.337362 21481.324095 21478.769271 0.000000 0.000000
0.000000 0.000000 24290.693614 24287.097548 24192.132872 24221.463117 24221.902610 24212.624146 24255.878674 24240.774114 24260.965654 24252.622530 24237.542548 24262.206637 24263.003052 24264.493772 24183.015031 24322.274458 24313.834530 0.000000 0.000000
0.000000 0.000000 27595.615548 27457.018165 27493.437664 27446.504613 27373.800066 27358.440251 27319.160928 27330.658321 27286.877541 27291.287770 27314.123907 27294.660791 27328.171534 27374.013396 27490.301709 27408.768003 27556.002880 0.000000 0.000000
0.000000 0.000000 28864.423315 28998.248070 29125.462955 29127.075357 29130.859362 29019.764881 29037.583355 29000.802477 29056.448740 29046.173004 29042.505624 29054.180382 29146.036764 29144.515526 29148.796930 29044.060985 28911.382753 0.000000 0.000000
0.000000 0.000000 0.000000 0.000000 0.000000 0.000000 0.000000 0.000000 0.000000 0.000000 0.000000 0.000000 0.000000 0.000000 0.000000 0.000000 0.000000 0.000000 0.000000 0.000000 0.000000
0.000000 0.000000 0.000000 0.000000 0.000000 0.000000 0.000000 0.000000 0.000000 0.000000 0.000000 0.000000 0.000000 0.000000 0.000000 0.000000 0.000000 0.000000 0.000000 0.000000 0.000000