geotop/1.0zi/1.0Montebello/Templates/testdem/maps/_Erotot1085.asc
ncols         21
nrows         20
xllcorner     100.000000
yllcorner     100.000000
cellsize      50.000000
NODATA_value  -9999.0
0.000000 0.000000 0.000000 0.000000 0.000000 0.000000 0.000000 0.000000 0.000000 0.000000 0.000000 0.000000 0.000000 0.000000 0.000000 0.000000 0.000000 0.000000 0.000000 0.000000 0.000000
0.000000 0.000000 122.918467 122.919842 122.954632 122.929809 122.911732 122.919864 122.921409 122.916349 122.916996 122.916349 122.921409 122.919864 122.911732 122.929809 122.954632 122.919842 122.918467 0.000000 0.000000
0.000000 0.000000 8.644970 8.426305 6.650740 8.508503 8.680750 8.672114 8.682882 8.688635 8.686764 8.688635 8.682882 8.672114 8.680750 8.508503 6.650740 8.426305 8.644970 0.000000 0.000000
0.000000 0.000000 895.787785 895.582568 895.603850 893.580876 895.843753 895.499431 895.462145 895.991772 895.934529 895.991772 895.462145 895.499431 895.843753 893.580876 895.603850 895.582568 895.787785 0.000000 0.000000
0.000000 0.000000 1601.018017 1600.793199 1600.038584 1600.727341 1601.160595 1600.992720 1600.950438 1601.099619 1601.053742 1601.099619 1600.950438 1600.992720 1601.160595 1600.727341 1600.038584 1600.793199 1601.018017 0.000000 0.000000
0.000000 0.000000 2119.375709 2119.201658 2118.446288 2118.620269 2119.461634 2119.286975 2119.273271 2119.491030 2119.463222 2119.491030 2119.273271 2119.286975 2119.461634 2118.620269 2118.446288 2119.201658 2119.375709 0.000000 0.000000
0.000000 0.000000 2762.351919 2762.213115 2761.529803 2761.702762 2762.412111 2762.278814 2762.274307 2762.454053 2762.429869 2762.454053 2762.274307 2762.278814 2762.412111 2761.702762 2761.529803 2762.213115 2762.351919 0.000000 0.000000
0.000000 0.000000 3375.183124 3375.063176 3374.429910 3374.602612 3375.225865 3375.117711 3375.117261 3375.275437 3375.254450 3375.275437 3375.117261 3375.117711 3375.225865 3374.602612 3374.429910 3375.063176 3375.183124 0.000000 0.000000
0.000000 0.000000 3957.778822 3957.668907 3957.065713 3957.233852 3957.814136 3957.716781 3957.718569 3957.865811 3957.845430 3957.865811 3957.718569 3957.716781 3957.814136 3957.233852 3957.065713 3957.668907 3957.778822 0.000000 0.000000
0.000000 0.000000 4516.644556 4516.561810 4515.969772 4516.176054 4516.671058 4516.589797 4516.598422 4516.728396 4516.707877 4516.728396 4516.598422 4516.589797 4516.671058 4516.176054 4515.969772 4516.561810 4516.644556 0.000000 0.000000
0.000000 0.000000 5053.803053 5053.710413 5053.135639 5053.315801 5053.831364 5053.745817 5053.751299 5053.883908 5053.862322 5053.883908 5053.751299 5053.745817 5053.831364 5053.315801 5053.135639 5053.710413 5053.803053 0.000000 0.000000
0.000000 0.000000 5574.604244 5574.508439 5573.946824 5574.117368 5574.628018 5574.544921 5574.551077 5574.682554 5574.662126 5574.682554 5574.551077 5574.544921 5574.628018 5574.117368 5573.946824 5574.508439 5574.604244 0.000000 0.000000
0.000000 0.000000 6084.295772 6084.201731 6083.646443 6083.818406 6084.317463 6084.235425 6084.242298 6084.371857 6084.350960 6084.371857 6084.242298 6084.235425 6084.317463 6083.818406 6083.646443 6084.201731 6084.295772 0.000000 0.000000
0.000000 0.000000 6583.643094 6583.555626 6583.004550 6583.197728 6583.662780 6583.584416 6583.593996 6583.719215 6583.697625 6583.719215 6583.593996 6583.584416 6583.662780 6583.197728 6583.004550 6583.555626 6583.643094 0.000000 0.000000
0.000000 0.000000 7075.752554 7075.662605 7075.111750 7075.294617 7075.772482 7075.692343 7075.700981 7075.828708 7075.806375 7075.828708 7075.700981 7075.692343 7075.772482 7075.294617 7075.111750 7075.662605 7075.752554 0.000000 0.000000
0.000000 0.000000 7561.216919 7561.127492 7560.589584 7560.764813 7561.235799 7561.158483 7561.167060 7561.291606 7561.269495 7561.291606 7561.167060 7561.158483 7561.235799 7560.764813 7560.589584 7561.127492 7561.216916 0.000000 0.000000
0.000000 0.000000 8038.130049 8038.040938 8037.499597 8037.678654 8038.150253 8038.069543 8038.078282 8038.205387 8038.182130 8038.205387 8038.078282 8038.069543 8038.150253 8037.678654 8037.499597 8038.040921 8038.129764 0.000000 0.000000
0.000000 0.000000 8533.976500 8534.129009 8533.589463 8533.759510 8534.237005 8534.154234 8534.163172 8534.292738 8534.269232 8534.292738 8534.163172 8534.154234 8534.237005 8533.759509 8533.589447 8534.126323 8534.216381 0.000000 0.000000
0.000000 0.000000 0.000000 0.000000 0.000000 0.000000 0.000000 0.000000 0.000000 0.000000 0.000000 0.000000 0.000000 0.000000 0.000000 0.000000 0.000000 0.000000 0.000000 0.000000 0.000000
0.000000 0.000000 0.000000 0.000000 0.000000 0.000000 0.000000 0.000000 0.000000 0.000000 0.000000 0.000000 0.000000 0.000000 0.000000 0.000000 0.000000 0.000000 0.000000 0.000000 0.000000