geotop/1.0zi/1.0Montebello/Templates/testdem/maps/_Erotot8428.asc
ncols         21
nrows         20
xllcorner     100.000000
yllcorner     100.000000
cellsize      50.000000
NODATA_value  -9999.0
0.000000 0.000000 0.000000 0.000000 0.000000 0.000000 0.000000 0.000000 0.000000 0.000000 0.000000 0.000000 0.000000 0.000000 0.000000 0.000000 0.000000 0.000000 0.000000 0.000000 0.000000
0.000000 0.000000 681.146898 681.961234 681.402245 681.490844 680.483287 680.645072 680.622720 680.696942 681.124762 680.449880 680.331523 680.383945 680.748872 680.904439 681.743708 682.297282 682.511310 0.000000 0.000000
0.000000 0.000000 52.733032 51.732586 51.985052 52.062280 52.689341 52.368349 52.081160 51.939700 52.115441 52.474685 52.542073 52.642679 52.450970 51.939396 50.664221 49.806234 50.330550 0.000000 0.000000
0.000000 0.000000 354.835336 355.981590 343.625527 338.364719 338.925167 327.604703 327.688148 328.517981 324.881963 323.076913 325.252402 325.438923 335.650121 342.734325 347.332518 350.230621 355.460487 0.000000 0.000000
0.000000 0.000000 3393.178425 3393.674653 3398.603433 3374.280685 3354.479875 3342.597780 3340.495746 3336.312108 3343.166299 3348.555531 3344.007847 3342.549622 3358.713499 3362.211827 3374.525727 3385.109397 3384.804395 0.000000 0.000000
0.000000 0.000000 5448.266657 5443.846587 5438.505065 5433.267308 5417.010652 5407.169312 5409.117596 5407.349960 5404.007593 5398.369089 5397.384523 5400.546298 5400.194691 5421.443413 5427.831268 5433.414730 5436.374566 0.000000 0.000000
0.000000 0.000000 6767.685210 6762.992443 6760.490609 6752.768619 6738.475553 6713.460402 6712.737720 6710.132305 6710.246616 6714.890177 6715.765378 6716.378627 6745.495233 6755.188911 6760.879656 6764.104608 6769.250597 0.000000 0.000000
0.000000 0.000000 7989.581706 7989.764114 7986.442432 7975.420274 7973.219321 7964.128922 7964.273262 7962.112127 7962.295355 7958.177188 7956.920811 7963.775610 7965.740210 7970.764305 7984.292094 7982.217478 7987.835022 0.000000 0.000000
0.000000 0.000000 9590.542379 9585.420200 9579.461159 9578.867257 9565.657450 9549.229113 9551.077172 9547.511175 9544.712554 9544.346487 9546.827261 9540.774753 9560.858782 9575.298142 9577.139620 9581.443238 9583.223744 0.000000 0.000000
0.000000 0.000000 11425.354951 11421.223657 11421.445636 11417.378768 11395.741432 11385.185027 11384.064422 11383.950344 11379.932806 11384.186073 11386.768120 11386.430743 11393.729333 11409.729889 11417.470741 11420.177910 11420.698351 0.000000 0.000000
0.000000 0.000000 13446.482490 13446.339357 13444.597736 13420.407700 13415.457801 13396.018086 13404.084145 13388.082361 13394.077168 13390.727619 13383.448261 13393.645285 13405.627538 13407.977664 13422.363574 13429.114706 13441.133145 0.000000 0.000000
0.000000 0.000000 15652.839691 15642.858206 15634.371104 15632.670373 15618.918842 15599.309374 15593.064736 15596.074502 15602.099893 15590.460945 15596.201657 15594.917625 15619.034805 15630.308714 15632.295431 15637.892991 15661.396274 0.000000 0.000000
0.000000 0.000000 17966.869898 17960.691814 17964.211105 17945.594970 17939.548600 17882.992798 17880.623571 17880.553768 17855.449428 17871.301951 17873.361251 17879.637979 17920.025009 17926.614722 17953.803760 17952.257006 17960.803415 0.000000 0.000000
0.000000 0.000000 20649.796025 20653.282336 20637.903712 20632.724682 20563.761854 20588.889512 20572.077306 20572.782201 20581.968415 20573.437653 20572.374315 20563.973392 20538.346653 20615.260064 20619.750311 20644.057627 20654.554379 0.000000 0.000000
0.000000 0.000000 23676.172484 23666.263926 23655.043725 23577.223811 23599.052146 23558.772624 23536.470632 23533.681439 23517.475029 23506.744779 23513.748960 23513.723869 23557.564903 23537.666262 23650.970211 23626.355772 23622.515002 0.000000 0.000000
0.000000 0.000000 26805.553110 26801.512672 26690.379500 26732.719074 26730.370746 26722.960625 26775.745240 26758.115555 26784.143847 26775.202994 26755.900991 26784.698166 26782.663987 26786.170304 26678.456714 26849.052879 26840.122720 0.000000 0.000000
0.000000 0.000000 30482.356529 30320.269541 30376.811806 30316.985217 30233.345400 30213.048017 30161.633869 30176.508663 30122.400515 30129.015377 30157.651078 30130.383258 30172.268485 30226.637665 30372.607716 30257.887552 30430.637567 0.000000 0.000000
0.000000 0.000000 31598.718182 31766.298079 31904.583019 31910.582491 31923.870974 31801.520503 31826.241010 31784.872980 31852.151200 31839.919000 31831.891934 31848.425914 31947.435293 31939.244676 31930.236603 31824.558126 31658.253510 0.000000 0.000000
0.000000 0.000000 0.000000 0.000000 0.000000 0.000000 0.000000 0.000000 0.000000 0.000000 0.000000 0.000000 0.000000 0.000000 0.000000 0.000000 0.000000 0.000000 0.000000 0.000000 0.000000
0.000000 0.000000 0.000000 0.000000 0.000000 0.000000 0.000000 0.000000 0.000000 0.000000 0.000000 0.000000 0.000000 0.000000 0.000000 0.000000 0.000000 0.000000 0.000000 0.000000 0.000000