geotop/1.0zi/1.0Montebello/Templates/testdem/maps/_Erotot2740.asc
ncols         21
nrows         20
xllcorner     100.000000
yllcorner     100.000000
cellsize      50.000000
NODATA_value  -9999.0
0.000000 0.000000 0.000000 0.000000 0.000000 0.000000 0.000000 0.000000 0.000000 0.000000 0.000000 0.000000 0.000000 0.000000 0.000000 0.000000 0.000000 0.000000 0.000000 0.000000 0.000000
0.000000 0.000000 250.522577 250.525467 250.528859 250.650278 250.517269 250.521197 250.495630 250.538231 250.556589 250.538231 250.495630 250.521197 250.517269 250.650278 250.528859 250.525467 250.522577 0.000000 0.000000
0.000000 0.000000 13.172745 12.951310 11.200232 12.919470 13.213986 13.200569 13.233857 13.197042 13.181036 13.197042 13.233857 13.200569 13.213986 12.919470 11.200232 12.951310 13.172745 0.000000 0.000000
0.000000 0.000000 1930.265871 1929.944999 1930.281206 1928.408342 1930.412933 1929.854995 1929.848077 1930.683799 1930.890044 1930.683799 1929.848077 1929.854995 1930.412933 1928.408342 1930.281206 1929.944999 1930.265871 0.000000 0.000000
0.000000 0.000000 3917.463606 3917.294483 3916.636556 3917.228543 3917.770243 3917.628468 3917.594193 3917.746231 3917.699769 3917.746231 3917.594193 3917.628468 3917.770243 3917.228543 3916.636556 3917.294483 3917.463606 0.000000 0.000000
0.000000 0.000000 5095.914096 5095.710254 5095.152042 5095.301422 5096.108424 5095.815928 5095.834576 5096.181485 5096.292313 5096.181485 5095.834576 5095.815928 5096.108424 5095.301422 5095.152042 5095.710254 5095.914096 0.000000 0.000000
0.000000 0.000000 6644.861966 6644.692600 6644.183420 6644.321394 6645.010125 6644.757413 6644.781383 6645.089085 6645.205801 6645.089085 6644.781383 6644.757413 6645.010125 6644.321394 6644.183420 6644.692600 6644.861966 0.000000 0.000000
0.000000 0.000000 8098.138552 8097.996636 8097.523961 8097.664109 8098.255157 8098.038328 8098.059854 8098.334751 8098.444584 8098.334751 8098.059854 8098.038328 8098.255157 8097.664109 8097.523961 8097.996636 8098.138552 0.000000 0.000000
0.000000 0.000000 9445.898605 9445.769296 9445.321660 9445.461190 9446.002901 9445.803601 9445.823740 9446.081110 9446.184750 9446.081110 9445.823740 9445.803601 9446.002901 9445.461190 9445.321660 9445.769296 9445.898605 0.000000 0.000000
0.000000 0.000000 10711.516337 10711.415595 10710.979913 10711.157119 10711.607775 10711.430158 10711.454784 10711.688134 10711.785104 10711.688134 10711.454784 10711.430158 10711.607775 10711.157119 10710.979913 10711.415595 10711.516337 0.000000 0.000000
0.000000 0.000000 11901.163945 11901.056782 11900.641974 11900.794501 11901.254335 11901.077984 11901.098467 11901.327745 11901.418838 11901.327745 11901.098467 11901.077984 11901.254335 11900.794501 11900.641974 11901.056782 11901.163945 0.000000 0.000000
0.000000 0.000000 13033.509091 13033.402020 13033.004100 13033.150561 13033.594515 13033.426067 13033.445311 13033.666208 13033.754731 13033.666208 13033.445311 13033.426067 13033.594515 13033.150561 13033.004100 13033.402020 13033.509091 0.000000 0.000000
0.000000 0.000000 14117.448461 14117.346770 14116.956261 14117.103962 14117.527207 14117.363677 14117.383011 14117.597348 14117.681724 14117.597348 14117.383011 14117.363677 14117.527207 14117.103962 14116.956261 14117.346770 14117.448461 0.000000 0.000000
0.000000 0.000000 15159.266884 15159.173151 15158.792943 15158.958112 15159.343281 15159.186821 15159.207639 15159.412942 15159.494218 15159.412942 15159.207639 15159.186821 15159.343281 15158.958112 15158.792943 15159.173151 15159.266884 0.000000 0.000000
0.000000 0.000000 16162.100990 16162.005485 16161.630316 16161.783925 16162.173320 16162.018674 16162.038015 16162.240763 16162.319248 16162.240763 16162.038015 16162.018674 16162.173320 16161.783925 16161.630316 16162.005485 16162.100990 0.000000 0.000000
0.000000 0.000000 17129.534642 17129.441477 17129.077955 17129.224652 17129.601009 17129.451402 17129.470567 17129.667439 17129.743537 17129.667439 17129.470567 17129.451402 17129.601009 17129.224652 17129.077955 17129.441477 17129.534637 0.000000 0.000000
0.000000 0.000000 18063.915219 18063.823855 18063.463630 18063.613201 18063.979465 18063.832363 18063.850994 18064.042535 18064.115573 18064.042535 18063.850994 18063.832363 18063.979465 18063.613201 18063.463629 18063.823834 18063.914827 0.000000 0.000000
0.000000 0.000000 19007.996138 19008.334243 19007.981372 19008.126626 19008.486933 19008.343558 19008.360243 19008.547747 19008.617886 19008.547747 19008.360243 19008.343558 19008.486933 19008.126625 19007.981353 19008.330754 19008.418606 0.000000 0.000000
0.000000 0.000000 0.000000 0.000000 0.000000 0.000000 0.000000 0.000000 0.000000 0.000000 0.000000 0.000000 0.000000 0.000000 0.000000 0.000000 0.000000 0.000000 0.000000 0.000000 0.000000
0.000000 0.000000 0.000000 0.000000 0.000000 0.000000 0.000000 0.000000 0.000000 0.000000 0.000000 0.000000 0.000000 0.000000 0.000000 0.000000 0.000000 0.000000 0.000000 0.000000 0.000000