geotop/1.0zi/1.0Montebello/Templates/testdem/maps/_Erotot6093.asc
ncols         21
nrows         20
xllcorner     100.000000
yllcorner     100.000000
cellsize      50.000000
NODATA_value  -9999.0
0.000000 0.000000 0.000000 0.000000 0.000000 0.000000 0.000000 0.000000 0.000000 0.000000 0.000000 0.000000 0.000000 0.000000 0.000000 0.000000 0.000000 0.000000 0.000000 0.000000 0.000000
0.000000 0.000000 464.586704 463.782706 463.593533 463.378352 463.338745 463.411700 463.355583 463.533729 463.436654 463.234540 463.172946 463.252654 463.393914 463.302243 463.504089 463.701903 464.128291 0.000000 0.000000
0.000000 0.000000 34.821598 35.497049 35.795989 36.974550 36.712392 36.496337 36.323672 36.101971 36.316024 36.676079 36.486902 36.230124 36.646862 36.420545 35.573893 34.738622 34.132057 0.000000 0.000000
0.000000 0.000000 191.992629 193.187081 185.605456 182.758570 184.133443 179.052870 178.649226 178.285833 177.554126 175.122136 177.562346 175.765974 179.090580 184.763474 184.666539 187.481256 191.643178 0.000000 0.000000
0.000000 0.000000 1889.902586 1894.242662 1897.793279 1878.880245 1863.328512 1852.437116 1855.032885 1852.026794 1855.545793 1859.705360 1856.495355 1854.865034 1865.684840 1866.402195 1874.315415 1882.245536 1884.134668 0.000000 0.000000
0.000000 0.000000 3373.736294 3368.065778 3365.520919 3360.452113 3351.925057 3344.199483 3342.592539 3342.689133 3341.225315 3338.892284 3336.134696 3338.346472 3339.124670 3355.155787 3360.864920 3364.584678 3366.638460 0.000000 0.000000
0.000000 0.000000 4476.850154 4474.229744 4470.968046 4466.568834 4453.584912 4436.471345 4436.416114 4432.882488 4434.799241 4437.664135 4439.682811 4440.877931 4461.066930 4470.697249 4475.241256 4476.607701 4482.123075 0.000000 0.000000
0.000000 0.000000 5146.892015 5148.204873 5146.801715 5140.246545 5139.500863 5132.183094 5132.729811 5133.102782 5131.787438 5129.339539 5129.074123 5132.716758 5133.153650 5136.017496 5144.548099 5142.947212 5146.274014 0.000000 0.000000
0.000000 0.000000 6072.612558 6069.856800 6065.272850 6065.995610 6059.136096 6048.398916 6048.861149 6046.201296 6043.655581 6044.801803 6045.923152 6040.922116 6054.477643 6062.971742 6065.331627 6066.344583 6068.100852 0.000000 0.000000
0.000000 0.000000 7143.725470 7141.263019 7142.942424 7142.042014 7127.032069 7119.508323 7120.930089 7120.005272 7117.869972 7120.973464 7124.254567 7122.416873 7125.985744 7136.891645 7141.076945 7141.437603 7142.410991 0.000000 0.000000
0.000000 0.000000 8299.957489 8300.079025 8299.724489 8285.152056 8282.361739 8271.387282 8274.961346 8265.805543 8268.170237 8267.148635 8262.295644 8269.870102 8274.678080 8276.353356 8283.290352 8289.394439 8297.004510 0.000000 0.000000
0.000000 0.000000 9512.183629 9507.494559 9502.035467 9500.025044 9495.795183 9480.598470 9479.566583 9478.687271 9485.322160 9478.136816 9480.193942 9479.812933 9495.857373 9499.602137 9501.364921 9502.044217 9521.889890 0.000000 0.000000
0.000000 0.000000 10741.321083 10739.326696 10739.967317 10732.215663 10727.899547 10700.072478 10698.658843 10698.278225 10683.564624 10692.644992 10696.621584 10698.935694 10716.181390 10720.367552 10734.935516 10734.472825 10741.591771 0.000000 0.000000
0.000000 0.000000 12091.145736 12092.461883 12085.019627 12083.669868 12054.770650 12063.254616 12052.679700 12054.151667 12055.207267 12054.637591 12053.246868 12049.765110 12039.746422 12071.136986 12076.802007 12087.810911 12095.216218 0.000000 0.000000
0.000000 0.000000 13552.691474 13547.566552 13543.899234 13518.082781 13518.003934 13501.851519 13488.682113 13487.021733 13481.904132 13475.474709 13478.717415 13477.001570 13492.589765 13496.455000 13539.762407 13530.759124 13531.140214 0.000000 0.000000
0.000000 0.000000 15058.017563 15057.249250 15018.712187 15018.692083 15023.777577 15016.127932 15033.979022 15026.195208 15032.378385 15027.696631 15022.106837 15031.315432 15035.106618 15034.718554 15012.880066 15067.260022 15060.518544 0.000000 0.000000
0.000000 0.000000 16774.468063 16727.190184 16725.317720 16714.815585 16688.140687 16680.752947 16671.762356 16675.084272 16660.250931 16660.662246 16666.284718 16665.719945 16678.454721 16690.612084 16724.241870 16716.672602 16769.725679 0.000000 0.000000
0.000000 0.000000 17946.283723 17962.136405 18011.405173 18004.396710 17990.005064 17949.916752 17951.147737 17936.384457 17949.183825 17947.009026 17952.738077 17948.571692 17983.635695 17995.886002 18020.091806 17969.730751 17954.188494 0.000000 0.000000
0.000000 0.000000 0.000000 0.000000 0.000000 0.000000 0.000000 0.000000 0.000000 0.000000 0.000000 0.000000 0.000000 0.000000 0.000000 0.000000 0.000000 0.000000 0.000000 0.000000 0.000000
0.000000 0.000000 0.000000 0.000000 0.000000 0.000000 0.000000 0.000000 0.000000 0.000000 0.000000 0.000000 0.000000 0.000000 0.000000 0.000000 0.000000 0.000000 0.000000 0.000000 0.000000