geotop/1.0zi/1.0Montebello/Templates/testdem/maps/_Erotot1880.asc
ncols         21
nrows         20
xllcorner     100.000000
yllcorner     100.000000
cellsize      50.000000
NODATA_value  -9999.0
0.000000 0.000000 0.000000 0.000000 0.000000 0.000000 0.000000 0.000000 0.000000 0.000000 0.000000 0.000000 0.000000 0.000000 0.000000 0.000000 0.000000 0.000000 0.000000 0.000000 0.000000
0.000000 0.000000 199.932984 199.935112 199.971984 199.958494 199.921521 199.935670 199.937927 199.928913 199.930363 199.928913 199.937927 199.935670 199.921521 199.958494 199.971984 199.935112 199.932984 0.000000 0.000000
0.000000 0.000000 10.590302 10.369403 8.588969 10.434015 10.636967 10.614158 10.622082 10.632384 10.628969 10.632384 10.622082 10.614158 10.636967 10.434015 8.588969 10.369403 10.590302 0.000000 0.000000
0.000000 0.000000 1391.764510 1391.555346 1391.746801 1389.680320 1391.925898 1391.468400 1391.497273 1392.234807 1392.253677 1392.234807 1391.497273 1391.468400 1391.925898 1389.680320 1391.746801 1391.555346 1391.764510 0.000000 0.000000
0.000000 0.000000 2714.954628 2714.742134 2714.140329 2714.824629 2715.272497 2715.076143 2715.032715 2715.198079 2715.168155 2715.198079 2715.032715 2715.076143 2715.272497 2714.824629 2714.140329 2714.742134 2714.954628 0.000000 0.000000
0.000000 0.000000 3545.211587 3545.044153 3544.431116 3544.547397 3545.426194 3545.153706 3545.180492 3545.500987 3545.542788 3545.500987 3545.180492 3545.153706 3545.426194 3544.547397 3544.431116 3545.044153 3545.211587 0.000000 0.000000
0.000000 0.000000 4628.809407 4628.675075 4628.108289 4628.225981 4628.976420 4628.743003 4628.775585 4629.059751 4629.114553 4629.059751 4628.775585 4628.743003 4628.976420 4628.225981 4628.108289 4628.675075 4628.809407 0.000000 0.000000
0.000000 0.000000 5656.738417 5656.627700 5656.097043 5656.219186 5656.872409 5656.672050 5656.701347 5656.955907 5657.011464 5656.955907 5656.701347 5656.672050 5656.872409 5656.219186 5656.097043 5656.627700 5656.738417 0.000000 0.000000
0.000000 0.000000 6625.184541 6625.082383 6624.575195 6624.695857 6625.305652 6625.119943 6625.147457 6625.388046 6625.443285 6625.388046 6625.147457 6625.119943 6625.305652 6624.695857 6624.575195 6625.082383 6625.184541 0.000000 0.000000
0.000000 0.000000 7545.477059 7545.401581 7544.903809 7545.062564 7545.584511 7545.418702 7545.450818 7545.669742 7545.723340 7545.669742 7545.450818 7545.418702 7545.584511 7545.062564 7544.903809 7545.401581 7545.477059 0.000000 0.000000
0.000000 0.000000 8422.749673 8422.664965 8422.184719 8422.317866 8422.855476 8422.688988 8422.716632 8422.934133 8422.985531 8422.934133 8422.716632 8422.688988 8422.855476 8422.317866 8422.184719 8422.664965 8422.749673 0.000000 0.000000
0.000000 0.000000 9265.361435 9265.274563 9264.809029 9264.935106 9265.462459 9265.301823 9265.328159 9265.539704 9265.591102 9265.539704 9265.328159 9265.301823 9265.462459 9264.935106 9264.809029 9265.274563 9265.361435 0.000000 0.000000
0.000000 0.000000 10081.865984 10081.782059 10081.321421 10081.448306 10081.959866 10081.802516 10081.828913 10082.036043 10082.086009 10082.036043 10081.828913 10081.802516 10081.959866 10081.448306 10081.321421 10081.782059 10081.865984 0.000000 0.000000
0.000000 0.000000 10874.696978 10874.619666 10874.166179 10874.312269 10874.788195 10874.636403 10874.664465 10874.864585 10874.913383 10874.864585 10874.664465 10874.636403 10874.788195 10874.312269 10874.166179 10874.619666 10874.696978 0.000000 0.000000
0.000000 0.000000 11647.373024 11647.292847 11646.840059 11646.974979 11647.459420 11647.307920 11647.334651 11647.534726 11647.582479 11647.534726 11647.334651 11647.307920 11647.459420 11646.974979 11646.840059 11647.292847 11647.373024 0.000000 0.000000
0.000000 0.000000 12401.841732 12401.762666 12401.320016 12401.447891 12401.922654 12401.775131 12401.801614 12401.997311 12402.044677 12401.997311 12401.801614 12401.775131 12401.922654 12401.447891 12401.320016 12401.762665 12401.841727 0.000000 0.000000
0.000000 0.000000 13137.109181 13137.030823 13136.587718 13136.719028 13137.188293 13137.040838 13137.066726 13137.259545 13137.305554 13137.259545 13137.066726 13137.040838 13137.188293 13136.719028 13136.587718 13137.030802 13137.108787 0.000000 0.000000
0.000000 0.000000 13888.777116 13889.040157 13888.604353 13888.730739 13889.199106 13889.052371 13889.076068 13889.267215 13889.312177 13889.267215 13889.076068 13889.052371 13889.199106 13888.730739 13888.604334 13889.036789 13889.114593 0.000000 0.000000
0.000000 0.000000 0.000000 0.000000 0.000000 0.000000 0.000000 0.000000 0.000000 0.000000 0.000000 0.000000 0.000000 0.000000 0.000000 0.000000 0.000000 0.000000 0.000000 0.000000 0.000000
0.000000 0.000000 0.000000 0.000000 0.000000 0.000000 0.000000 0.000000 0.000000 0.000000 0.000000 0.000000 0.000000 0.000000 0.000000 0.000000 0.000000 0.000000 0.000000 0.000000 0.000000