geotop/1.0zi/1.0Montebello/Templates/testdem/maps/_Erotot5984.asc
ncols         21
nrows         20
xllcorner     100.000000
yllcorner     100.000000
cellsize      50.000000
NODATA_value  -9999.0
0.000000 0.000000 0.000000 0.000000 0.000000 0.000000 0.000000 0.000000 0.000000 0.000000 0.000000 0.000000 0.000000 0.000000 0.000000 0.000000 0.000000 0.000000 0.000000 0.000000 0.000000
0.000000 0.000000 463.853680 463.049056 462.859410 462.644418 462.604488 462.677168 462.621057 462.799193 462.702141 462.500039 462.438417 462.518109 462.659629 462.568300 462.769933 462.968245 463.395237 0.000000 0.000000
0.000000 0.000000 34.767140 35.442843 35.742229 36.913869 36.651925 36.435473 36.262802 36.041120 36.255162 36.615204 36.425917 36.169281 36.586424 36.359867 35.520167 34.684424 34.066301 0.000000 0.000000
0.000000 0.000000 191.939445 193.133749 185.552197 182.711471 184.085989 179.005610 178.602036 178.238187 177.507315 175.075258 177.545673 175.718515 179.043203 184.705257 184.613055 187.428056 191.590255 0.000000 0.000000
0.000000 0.000000 1884.831290 1889.132248 1892.750356 1873.860476 1858.313844 1847.526532 1850.114026 1847.184846 1850.705546 1854.898362 1851.749721 1849.988231 1860.671009 1861.335937 1869.189129 1877.109312 1879.017823 0.000000 0.000000
0.000000 0.000000 3354.993429 3349.443834 3346.893916 3342.075587 3333.887132 3326.243608 3324.482864 3324.586107 3323.440506 3321.279271 3318.635572 3320.881806 3321.183199 3336.663881 3341.727197 3344.993621 3346.994883 0.000000 0.000000
0.000000 0.000000 4434.018447 4431.328936 4428.054016 4423.538740 4410.429080 4393.528122 4393.589945 4390.043638 4391.778850 4394.538477 4396.439659 4397.680706 4417.913814 4427.655360 4432.679645 4434.302006 4439.758419 0.000000 0.000000
0.000000 0.000000 5107.412768 5108.715519 5107.330622 5100.805890 5100.058749 5092.904915 5093.448445 5093.829107 5092.549143 5090.125385 5089.893432 5093.513796 5093.748831 5096.520770 5105.008973 5103.363317 5106.653961 0.000000 0.000000
0.000000 0.000000 6024.159288 6021.412944 6016.839713 6017.595784 6010.778378 6000.171485 6000.621141 5997.973900 5995.479035 5996.663848 5997.910877 5992.801655 6006.180325 6014.476529 6016.811537 6017.771808 6019.439553 0.000000 0.000000
0.000000 0.000000 7085.218589 7082.766941 7084.451989 7083.593997 7068.638925 7061.474970 7062.885334 7061.974306 7059.888261 7062.994651 7066.003641 7064.454571 7067.872345 7078.431530 7082.514028 7082.815830 7083.782211 0.000000 0.000000
0.000000 0.000000 8229.866762 8229.997049 8229.649650 8215.137114 8212.311283 8201.382056 8204.941041 8195.816242 8198.227800 8197.253705 8192.564211 8199.984373 8204.591599 8206.283319 8213.159575 8219.190526 8226.732341 0.000000 0.000000
0.000000 0.000000 9428.501458 9423.833121 9418.398054 9416.435933 9412.281811 9397.254145 9396.242203 9395.362423 9402.040819 9394.906700 9397.006940 9396.579722 9412.396689 9415.963164 9417.634498 9418.250262 9437.995344 0.000000 0.000000
0.000000 0.000000 10643.257864 10641.277273 10641.918736 10634.232456 10629.959960 10602.554410 10601.314596 10600.988727 10586.413670 10595.493179 10599.503391 10601.549851 10618.353323 10622.514815 10636.818219 10636.280292 10643.340870 0.000000 0.000000
0.000000 0.000000 11976.404254 11977.728545 11970.316966 11969.008406 11940.507508 11949.004697 11938.367556 11939.838537 11941.092486 11940.581449 11939.083862 11935.708867 11925.607824 11956.359201 11962.031295 11972.916913 11980.240694 0.000000 0.000000
0.000000 0.000000 13418.667072 13413.564158 13409.928675 13384.622769 13384.479701 13368.577572 13355.516843 13353.903122 13348.807980 13342.461394 13345.802930 13344.012394 13359.308929 13363.103694 13405.719365 13396.721468 13397.053974 0.000000 0.000000
0.000000 0.000000 14902.985115 14902.238882 14864.420369 14864.266671 14869.265871 14861.733376 14879.444692 14871.726969 14877.926299 14873.314240 14867.826254 14876.831236 14880.494207 14879.976843 14858.400313 14911.881477 14905.078405 0.000000 0.000000
0.000000 0.000000 16593.600109 16547.397353 16545.381737 16535.108914 16508.604305 16501.493768 16492.752034 16496.064912 16481.577781 16482.012463 16487.503548 16486.930724 16499.232128 16511.278925 16544.237094 16536.892624 16588.805227 0.000000 0.000000
0.000000 0.000000 17753.439739 17768.591556 17816.904063 17809.990209 17795.754017 17756.519592 17757.813602 17743.272123 17755.947352 17753.856488 17759.573382 17755.189018 17789.430513 17801.430427 17825.288907 17775.732317 17760.803801 0.000000 0.000000
0.000000 0.000000 0.000000 0.000000 0.000000 0.000000 0.000000 0.000000 0.000000 0.000000 0.000000 0.000000 0.000000 0.000000 0.000000 0.000000 0.000000 0.000000 0.000000 0.000000 0.000000
0.000000 0.000000 0.000000 0.000000 0.000000 0.000000 0.000000 0.000000 0.000000 0.000000 0.000000 0.000000 0.000000 0.000000 0.000000 0.000000 0.000000 0.000000 0.000000 0.000000 0.000000