geotop/1.0zi/1.0Montebello/Templates/testdem/maps/_Erotot042t.asc
ncols         21
nrows         20
xllcorner     100.000000
yllcorner     100.000000
cellsize      50.000000
NODATA_value  -9999.0
0.000000 0.000000 0.000000 0.000000 0.000000 0.000000 0.000000 0.000000 0.000000 0.000000 0.000000 0.000000 0.000000 0.000000 0.000000 0.000000 0.000000 0.000000 0.000000 0.000000 0.000000
0.000000 0.000000 865.150446 865.264305 864.052250 863.623428 861.994310 861.482000 861.659729 861.646462 862.045866 861.490861 861.294810 861.334263 862.380218 862.976146 864.340207 865.527914 866.251855 0.000000 0.000000
0.000000 0.000000 61.860050 60.609781 60.994993 60.742893 61.586082 61.141109 60.709251 60.624342 60.813813 60.986487 61.183127 61.242238 61.075744 60.575834 59.575636 58.685294 59.398915 0.000000 0.000000
0.000000 0.000000 738.384137 743.873300 726.720226 716.925570 715.083375 706.295611 713.954543 715.355612 711.784228 713.587670 717.495501 716.675316 725.539762 737.032644 741.442586 739.750338 745.834454 0.000000 0.000000
0.000000 0.000000 5129.734804 5123.343341 5120.137774 5077.989115 5051.097525 5034.633122 5027.233881 5023.157199 5027.414712 5032.497523 5032.891440 5026.765773 5047.090081 5054.097408 5074.909362 5088.579923 5088.983182 0.000000 0.000000
0.000000 0.000000 7441.154828 7434.350450 7427.670312 7429.063312 7399.019064 7384.745196 7388.868575 7388.331555 7381.797868 7375.556704 7372.768348 7376.946036 7379.845052 7408.486345 7408.879833 7416.604577 7418.295553 0.000000 0.000000
0.000000 0.000000 9160.459572 9154.114473 9149.643051 9134.208879 9126.784756 9085.164084 9085.137846 9082.108667 9080.084341 9083.499803 9084.297910 9085.320437 9122.530056 9127.377778 9138.002873 9141.954355 9146.968478 0.000000 0.000000
0.000000 0.000000 11059.484716 11055.208533 11047.261372 11026.313356 11014.474495 11010.425551 11010.994914 11009.237045 11007.240588 11003.561141 11002.584631 11009.670724 11008.704190 11021.662503 11039.284459 11037.568908 11043.858545 0.000000 0.000000
0.000000 0.000000 13465.298234 13458.423739 13445.625964 13438.135570 13418.078816 13392.010040 13395.760214 13392.192956 13386.807316 13386.334411 13389.666577 13382.508576 13411.503693 13429.086972 13433.394942 13438.316753 13440.653517 0.000000 0.000000
0.000000 0.000000 16300.423911 16289.190980 16282.024499 16268.689729 16250.487407 16226.939746 16226.212853 16224.801552 16217.660001 16222.367815 16225.697647 16224.620313 16234.569479 16259.000553 16269.636761 16275.044948 16273.992063 0.000000 0.000000
0.000000 0.000000 19528.225554 19522.410554 19517.368426 19474.379611 19472.765757 19438.156409 19448.152920 19428.128796 19432.529797 19427.566128 19418.263078 19431.141567 19449.889861 19456.870814 19476.213383 19481.056322 19501.771863 0.000000 0.000000
0.000000 0.000000 23216.348568 23198.359379 23172.788668 23167.188337 23150.009083 23109.816686 23107.673228 23112.678981 23118.059989 23098.688939 23109.494866 23103.100313 23139.728014 23159.907155 23163.593379 23171.491308 23201.088870 0.000000 0.000000
0.000000 0.000000 27151.586752 27139.245105 27140.425743 27110.013052 27085.024071 26983.025435 26977.643844 26974.664251 26923.876726 26958.594973 26958.666558 26969.197084 27043.661837 27055.299914 27101.610091 27102.144706 27102.624408 0.000000 0.000000
0.000000 0.000000 31698.908209 31699.350824 31660.675500 31642.241533 31506.977054 31595.849167 31563.157629 31567.200886 31596.293628 31568.178244 31565.768731 31545.073197 31460.990485 31619.011288 31613.907464 31653.592102 31671.625517 0.000000 0.000000
0.000000 0.000000 35799.983095 35788.496062 35772.269542 35642.088143 35734.630862 35637.160236 35621.858133 35614.668145 35578.940894 35571.453213 35584.934222 35589.676724 35674.892409 35576.084044 35759.239832 35708.236099 35693.333815 0.000000 0.000000
0.000000 0.000000 38496.390984 38490.635017 38391.474476 38454.240163 38438.691783 38444.890277 38498.453306 38483.277802 38508.343386 38503.591596 38484.608179 38508.645148 38491.566894 38512.549672 38373.892869 38534.304600 38526.031185 0.000000 0.000000
0.000000 0.000000 40546.119453 40480.289638 40508.556763 40485.460384 40448.141189 40450.209510 40429.611497 40437.786196 40415.168871 40418.894190 40429.641958 40420.757765 40428.581759 40447.026009 40502.770259 40452.292024 40521.917322 0.000000 0.000000
0.000000 0.000000 41371.526845 41426.523905 41469.430138 41478.106422 41477.093385 41436.051098 41447.696319 41432.739177 41454.611306 41451.146250 41449.982640 41452.531897 41488.396160 41486.219212 41473.429358 41439.654238 41385.401268 0.000000 0.000000
0.000000 0.000000 0.000000 0.000000 0.000000 0.000000 0.000000 0.000000 0.000000 0.000000 0.000000 0.000000 0.000000 0.000000 0.000000 0.000000 0.000000 0.000000 0.000000 0.000000 0.000000
0.000000 0.000000 0.000000 0.000000 0.000000 0.000000 0.000000 0.000000 0.000000 0.000000 0.000000 0.000000 0.000000 0.000000 0.000000 0.000000 0.000000 0.000000 0.000000 0.000000 0.000000