geotop/1.0zi/1.0Montebello/Templates/testdem/maps/_Erotot4435.asc
ncols         21
nrows         20
xllcorner     100.000000
yllcorner     100.000000
cellsize      50.000000
NODATA_value  -9999.0
0.000000 0.000000 0.000000 0.000000 0.000000 0.000000 0.000000 0.000000 0.000000 0.000000 0.000000 0.000000 0.000000 0.000000 0.000000 0.000000 0.000000 0.000000 0.000000 0.000000 0.000000
0.000000 0.000000 344.932373 344.471341 344.256663 344.088711 344.095186 344.132641 344.170158 344.168683 344.155228 344.158327 344.160219 344.204466 344.092404 344.131720 344.325939 344.258739 344.373148 0.000000 0.000000
0.000000 0.000000 27.150912 27.778027 28.167519 29.236775 28.845994 28.926158 28.524255 28.459811 28.494882 28.804642 28.520482 28.276908 28.760784 28.506419 27.606660 27.010920 26.811229 0.000000 0.000000
0.000000 0.000000 137.640215 138.859236 131.769492 129.430319 130.519726 125.552442 124.818465 124.463087 123.593762 123.047506 124.081506 122.685070 125.414989 130.362557 130.930661 133.197366 135.835650 0.000000 0.000000
0.000000 0.000000 1336.620354 1342.456996 1349.196987 1333.483261 1322.923924 1315.048490 1317.690099 1311.807532 1315.984212 1320.111183 1320.342973 1320.284987 1329.343220 1327.607329 1332.977409 1338.380969 1339.895395 0.000000 0.000000
0.000000 0.000000 2596.402810 2590.407883 2586.500126 2583.683130 2578.467817 2575.480262 2572.853946 2574.749268 2574.299093 2571.626331 2567.610853 2569.056757 2568.437528 2581.209923 2585.280226 2585.384346 2588.288626 0.000000 0.000000
0.000000 0.000000 3271.777723 3267.809220 3264.126289 3261.258787 3253.432670 3239.248958 3241.117620 3237.855412 3240.500152 3239.540292 3241.653291 3242.755466 3256.571058 3263.085060 3269.626240 3273.487790 3276.225487 0.000000 0.000000
0.000000 0.000000 3733.373642 3733.572224 3734.652094 3730.271121 3728.643520 3723.984834 3724.688778 3724.912524 3722.615470 3723.606207 3722.372367 3721.388414 3724.220726 3728.290607 3730.078852 3729.362804 3730.735928 0.000000 0.000000
0.000000 0.000000 4381.602005 4381.596783 4379.494368 4377.766795 4373.852472 4365.309836 4365.729561 4363.835657 4364.389557 4364.986494 4363.963165 4364.571469 4369.814008 4377.288746 4377.300773 4378.765935 4382.277399 0.000000 0.000000
0.000000 0.000000 5122.103079 5120.841642 5121.457234 5118.301193 5110.328632 5105.594007 5107.316241 5106.347371 5106.388283 5106.399384 5105.328464 5103.548480 5110.636303 5116.773426 5119.217321 5120.207676 5121.459816 0.000000 0.000000
0.000000 0.000000 5903.276471 5902.023953 5900.921726 5899.198487 5897.428000 5887.339710 5887.795830 5885.229978 5885.352067 5886.320388 5885.086017 5884.662974 5889.249540 5891.742082 5896.200508 5898.372469 5901.292016 0.000000 0.000000
0.000000 0.000000 6717.234310 6716.470546 6715.160284 6708.906678 6704.562235 6696.805174 6695.997050 6695.515243 6695.596308 6694.744841 6694.251759 6694.036657 6702.996859 6708.765226 6712.096118 6713.281385 6730.046260 0.000000 0.000000
0.000000 0.000000 7533.469569 7531.921387 7530.390512 7528.162461 7521.554130 7503.203581 7503.661050 7501.845464 7501.724514 7502.271604 7500.584638 7500.848934 7516.176300 7523.945412 7527.071085 7528.609032 7530.843916 0.000000 0.000000
0.000000 0.000000 8403.537150 8400.993973 8399.517385 8396.230152 8378.068980 8386.420953 8380.940151 8380.007177 8380.350547 8380.473849 8379.162509 8378.706647 8372.497444 8390.289371 8394.078704 8399.321517 8399.077600 0.000000 0.000000
0.000000 0.000000 9331.134819 9326.724094 9322.922618 9311.460878 9309.467632 9293.668386 9286.163467 9284.408137 9280.150879 9279.478420 9280.439596 9277.985693 9288.615086 9296.340162 9317.155953 9312.903493 9314.128449 0.000000 0.000000
0.000000 0.000000 10254.804070 10254.887635 10235.560455 10239.232582 10239.337931 10238.591845 10241.354770 10241.261500 10243.971407 10243.870993 10240.526912 10245.237780 10242.710941 10241.423078 10230.398275 10253.648523 10258.028962 0.000000 0.000000
0.000000 0.000000 11301.658693 11278.909608 11271.530675 11264.450243 11250.690168 11244.699541 11243.248108 11242.426635 11238.696631 11238.910677 11238.895885 11236.030080 11240.396531 11256.544328 11269.736808 11270.459696 11293.914258 0.000000 0.000000
0.000000 0.000000 12080.557335 12084.231308 12106.066951 12097.183479 12091.449310 12068.736034 12067.432688 12064.591309 12066.185273 12065.797190 12064.050775 12065.071717 12086.464726 12095.024075 12106.639250 12081.523966 12083.555302 0.000000 0.000000
0.000000 0.000000 0.000000 0.000000 0.000000 0.000000 0.000000 0.000000 0.000000 0.000000 0.000000 0.000000 0.000000 0.000000 0.000000 0.000000 0.000000 0.000000 0.000000 0.000000 0.000000
0.000000 0.000000 0.000000 0.000000 0.000000 0.000000 0.000000 0.000000 0.000000 0.000000 0.000000 0.000000 0.000000 0.000000 0.000000 0.000000 0.000000 0.000000 0.000000 0.000000 0.000000