geotop/1.0zi/1.0Montebello/Templates/testdem/maps/_Erotot7605.asc
ncols         21
nrows         20
xllcorner     100.000000
yllcorner     100.000000
cellsize      50.000000
NODATA_value  -9999.0
0.000000 0.000000 0.000000 0.000000 0.000000 0.000000 0.000000 0.000000 0.000000 0.000000 0.000000 0.000000 0.000000 0.000000 0.000000 0.000000 0.000000 0.000000 0.000000 0.000000 0.000000
0.000000 0.000000 643.962955 644.903779 644.298685 644.457403 643.583538 643.782059 643.728828 643.833629 644.256895 643.589065 643.472653 643.513910 643.861040 643.905500 644.707710 645.292946 645.367843 0.000000 0.000000
0.000000 0.000000 50.191746 48.969774 49.116848 49.493164 49.907281 49.584061 49.318913 49.156748 49.398497 49.733998 49.755625 49.919945 49.669384 49.343404 47.933703 46.996872 47.749759 0.000000 0.000000
0.000000 0.000000 353.350710 354.638237 342.480293 336.724083 337.530123 326.149162 326.219145 327.095302 323.434873 321.600802 323.803262 323.951088 334.259531 341.117700 345.750389 348.702343 353.605598 0.000000 0.000000
0.000000 0.000000 3001.073578 3004.275854 3008.015672 2986.299939 2967.693207 2957.849667 2957.367217 2953.569555 2959.751538 2965.960806 2960.521157 2958.952085 2973.499906 2976.346656 2986.042164 2994.617853 2994.126321 0.000000 0.000000
0.000000 0.000000 4796.191717 4790.448898 4786.887237 4780.994505 4766.544630 4756.891092 4757.671263 4756.532246 4753.279393 4747.496276 4746.668832 4749.873942 4749.047063 4768.481680 4776.431016 4783.302492 4786.340666 0.000000 0.000000
0.000000 0.000000 6070.605115 6067.631352 6063.332682 6056.717756 6043.219378 6022.111891 6021.130215 6017.486767 6018.818503 6022.691170 6024.061473 6024.602911 6051.658969 6061.393116 6066.796255 6069.515215 6074.702432 0.000000 0.000000
0.000000 0.000000 7105.450091 7105.927896 7103.163713 7093.692688 7091.545645 7082.616680 7082.899915 7082.907241 7081.813036 7078.121229 7077.297015 7083.391565 7084.920951 7089.436938 7101.618268 7100.194893 7105.032142 0.000000 0.000000
0.000000 0.000000 8472.933119 8468.754157 8462.769507 8462.711424 8452.130363 8437.368482 8438.585030 8434.336991 8432.110334 8432.095529 8434.331190 8428.638848 8446.823413 8460.312732 8461.974591 8465.577600 8466.898239 0.000000 0.000000
0.000000 0.000000 10040.043893 10036.852966 10037.377506 10033.531848 10013.885455 10004.605155 10004.371228 10004.182303 10000.790214 10004.309850 10007.285826 10006.558135 10013.072779 10026.881414 10034.294870 10036.207108 10037.246124 0.000000 0.000000
0.000000 0.000000 11750.814465 11750.180986 11747.653271 11728.300586 11722.717748 11707.775038 11713.318245 11700.608145 11704.382373 11702.917564 11696.041971 11705.727884 11714.683719 11717.328660 11729.462604 11736.399686 11746.744976 0.000000 0.000000
0.000000 0.000000 13595.962595 13588.585687 13581.130141 13577.883183 13568.416314 13549.126534 13545.879258 13546.465138 13553.505793 13543.060813 13546.795639 13546.776779 13568.393700 13576.354365 13579.149879 13583.084660 13605.642228 0.000000 0.000000
0.000000 0.000000 15504.692910 15500.348566 15500.832618 15487.981657 15481.346741 15436.087588 15434.452581 15433.727028 15413.287994 15425.125175 15429.215732 15433.695922 15465.229992 15471.932492 15494.113361 15493.864536 15501.550304 0.000000 0.000000
0.000000 0.000000 17677.584009 17680.127102 17667.640580 17663.373150 17610.236231 17627.946194 17613.201155 17614.509238 17619.926639 17616.004019 17613.828678 17609.408420 17590.328960 17647.993538 17654.583572 17673.599133 17682.791396 0.000000 0.000000
0.000000 0.000000 20102.683064 20095.070698 20086.889985 20030.005990 20040.433215 20011.941710 19993.469750 19990.834690 19980.012717 19970.333213 19975.630549 19974.324154 20006.945288 19999.346077 20083.011515 20066.714717 20064.655786 0.000000 0.000000
0.000000 0.000000 22637.072735 22634.437535 22552.038645 22573.558989 22575.562808 22565.447892 22602.916680 22589.171953 22605.891979 22598.045718 22585.324586 22606.792322 22609.439541 22610.063768 22544.434947 22664.513910 22656.387012 0.000000 0.000000
0.000000 0.000000 25664.731206 25545.597616 25570.680678 25533.617731 25470.399559 25457.345758 25426.091929 25435.641495 25398.537829 25402.067715 25420.339414 25405.981664 25434.847847 25473.469515 25568.700908 25508.625201 25635.824717 0.000000 0.000000
0.000000 0.000000 27017.997089 27123.733239 27238.791896 27236.604010 27234.240343 27136.176083 27148.768528 27116.949683 27162.080995 27153.687695 27152.873052 27160.398086 27243.005816 27245.792741 27260.140664 27161.123394 27057.081650 0.000000 0.000000
0.000000 0.000000 0.000000 0.000000 0.000000 0.000000 0.000000 0.000000 0.000000 0.000000 0.000000 0.000000 0.000000 0.000000 0.000000 0.000000 0.000000 0.000000 0.000000 0.000000 0.000000
0.000000 0.000000 0.000000 0.000000 0.000000 0.000000 0.000000 0.000000 0.000000 0.000000 0.000000 0.000000 0.000000 0.000000 0.000000 0.000000 0.000000 0.000000 0.000000 0.000000 0.000000