geotop/1.0zi/1.0Montebello/Templates/testdem/maps/_Erotot3722.asc
ncols         21
nrows         20
xllcorner     100.000000
yllcorner     100.000000
cellsize      50.000000
NODATA_value  -9999.0
0.000000 0.000000 0.000000 0.000000 0.000000 0.000000 0.000000 0.000000 0.000000 0.000000 0.000000 0.000000 0.000000 0.000000 0.000000 0.000000 0.000000 0.000000 0.000000 0.000000 0.000000
0.000000 0.000000 278.672799 278.184184 277.938887 277.789132 277.815454 277.870555 277.904935 277.903592 277.889152 277.895003 277.894603 277.937015 277.809526 277.830984 278.008670 277.972490 278.114962 0.000000 0.000000
0.000000 0.000000 22.199908 22.765148 23.051300 23.795446 23.386013 23.385183 22.969712 22.895702 22.959089 23.317652 23.066317 22.891019 23.331539 23.153825 22.309073 21.749224 21.610271 0.000000 0.000000
0.000000 0.000000 136.417439 137.426733 130.561618 128.137252 129.111626 123.969074 123.141157 122.761321 122.063153 121.635699 122.824832 121.349339 123.721369 128.902945 129.753265 132.091967 135.013097 0.000000 0.000000
0.000000 0.000000 1238.716235 1246.859434 1253.039576 1245.195075 1235.696156 1229.614154 1233.030275 1227.071106 1232.528054 1234.961192 1236.206548 1236.904489 1244.210433 1238.408429 1238.411501 1238.869344 1237.581029 0.000000 0.000000
0.000000 0.000000 2296.104341 2290.568846 2285.299010 2282.987123 2274.287432 2269.394001 2266.779573 2268.845203 2267.192038 2266.154610 2266.337661 2268.814567 2269.617880 2282.333127 2287.014882 2286.643159 2289.632032 0.000000 0.000000
0.000000 0.000000 2767.015801 2762.887551 2757.740824 2749.019891 2739.073991 2725.658781 2726.802388 2723.766065 2726.766719 2726.138600 2728.275984 2733.159624 2747.866755 2753.488320 2760.123828 2763.658649 2766.762213 0.000000 0.000000
0.000000 0.000000 3188.483800 3189.629213 3189.374532 3184.210858 3182.325044 3178.588614 3179.140432 3179.627505 3177.333470 3177.631673 3177.523268 3177.265846 3180.793311 3184.349124 3185.294332 3184.211122 3184.972194 0.000000 0.000000
0.000000 0.000000 3740.856304 3741.080249 3737.325139 3735.354324 3729.654592 3720.158721 3720.229159 3718.328358 3719.175395 3719.847119 3720.078574 3722.295125 3728.533317 3735.424741 3734.802459 3735.444726 3738.713495 0.000000 0.000000
0.000000 0.000000 4360.605985 4359.904826 4358.879421 4354.444583 4344.776597 4339.803702 4341.095683 4340.291551 4340.395411 4340.455485 4341.145406 4341.221815 4349.148639 4354.630636 4356.282841 4356.527294 4357.520036 0.000000 0.000000
0.000000 0.000000 5010.271995 5009.452550 5006.826197 5003.905868 5000.419563 4990.191477 4990.330614 4987.892289 4988.300299 4989.098818 4989.658855 4991.037122 4996.432191 4998.192355 5001.829916 5003.222451 5005.828064 0.000000 0.000000
0.000000 0.000000 5681.648735 5681.232306 5678.320272 5671.044175 5664.872598 5657.001691 5655.923165 5655.472851 5655.692841 5654.989825 5656.333990 5658.060459 5667.567972 5672.424377 5674.912224 5675.365578 5691.395175 0.000000 0.000000
0.000000 0.000000 6349.977156 6348.997099 6345.868938 6342.272575 6334.067793 6317.595785 6317.652431 6316.057302 6316.093295 6316.680675 6317.263020 6319.469130 6333.045401 6339.946314 6342.103604 6343.055065 6345.023356 0.000000 0.000000
0.000000 0.000000 7060.207438 7058.423531 7055.095276 7050.679958 7033.906452 7040.367973 7035.120426 7034.128764 7034.693657 7034.879509 7035.481164 7036.899825 7032.601057 7046.857886 7049.703546 7054.044285 7053.680384 0.000000 0.000000
0.000000 0.000000 7813.435805 7809.223430 7804.406882 7794.581979 7790.241877 7775.288905 7767.909778 7766.428026 7762.697082 7762.156579 7764.772372 7764.228490 7774.826875 7781.881995 7798.450329 7794.106104 7795.069662 0.000000 0.000000
0.000000 0.000000 8553.283553 8553.833522 8536.996410 8538.583113 8536.667305 8535.128729 8537.014149 8536.912160 8539.412426 8539.417911 8538.610471 8544.537173 8543.331827 8541.812021 8531.680579 8549.082329 8552.779140 0.000000 0.000000
0.000000 0.000000 9390.674069 9374.813710 9366.759384 9359.133196 9344.945681 9339.069019 9337.401264 9336.834214 9333.850662 9334.136078 9335.855474 9335.724092 9340.399223 9353.799702 9364.595680 9364.767725 9381.963717 0.000000 0.000000
0.000000 0.000000 10023.225800 10025.610166 10040.615826 10031.217886 10024.213243 10006.985252 10005.549255 10003.190722 10004.385335 10004.228101 10004.885314 10007.328881 10023.729634 10030.789624 10040.064413 10019.844111 10022.387377 0.000000 0.000000
0.000000 0.000000 0.000000 0.000000 0.000000 0.000000 0.000000 0.000000 0.000000 0.000000 0.000000 0.000000 0.000000 0.000000 0.000000 0.000000 0.000000 0.000000 0.000000 0.000000 0.000000
0.000000 0.000000 0.000000 0.000000 0.000000 0.000000 0.000000 0.000000 0.000000 0.000000 0.000000 0.000000 0.000000 0.000000 0.000000 0.000000 0.000000 0.000000 0.000000 0.000000 0.000000