geotop/1.0zi/1.0Montebello/Templates/testdem/maps/_Erotot1046.asc
ncols         21
nrows         20
xllcorner     100.000000
yllcorner     100.000000
cellsize      50.000000
NODATA_value  -9999.0
0.000000 0.000000 0.000000 0.000000 0.000000 0.000000 0.000000 0.000000 0.000000 0.000000 0.000000 0.000000 0.000000 0.000000 0.000000 0.000000 0.000000 0.000000 0.000000 0.000000 0.000000
0.000000 0.000000 122.545140 122.546514 122.581301 122.556472 122.538415 122.546536 122.548080 122.543025 122.543670 122.543025 122.548080 122.546536 122.538415 122.556472 122.581301 122.546514 122.545140 0.000000 0.000000
0.000000 0.000000 8.651981 8.433327 6.657774 8.515556 8.687737 8.679121 8.689896 8.695641 8.693772 8.695641 8.689896 8.679121 8.687737 8.515556 6.657774 8.433327 8.651981 0.000000 0.000000
0.000000 0.000000 890.302686 890.078738 890.121211 888.076560 890.345521 890.018482 889.976819 890.487992 890.434941 890.487992 889.976819 890.018482 890.345521 888.076560 890.121211 890.078738 890.302686 0.000000 0.000000
0.000000 0.000000 1578.617701 1578.353627 1577.647367 1578.287595 1578.739109 1578.605730 1578.549391 1578.660175 1578.628817 1578.660175 1578.549391 1578.605730 1578.739109 1578.287595 1577.647367 1578.353627 1578.617701 0.000000 0.000000
0.000000 0.000000 2088.873951 2088.628254 2087.960233 2088.046446 2088.919678 2088.808482 2088.770250 2088.917724 2088.915117 2088.917724 2088.770250 2088.808482 2088.919678 2088.046446 2087.960233 2088.628254 2088.873951 0.000000 0.000000
0.000000 0.000000 2717.224763 2717.004044 2716.420614 2716.493219 2717.239431 2717.178556 2717.145705 2717.245023 2717.249991 2717.245023 2717.145705 2717.178556 2717.239431 2716.493219 2716.420614 2717.004044 2717.224763 0.000000 0.000000
0.000000 0.000000 3314.372074 3314.168551 3313.636943 3313.707424 3314.368503 3314.334146 3314.304721 3314.380802 3314.389605 3314.380802 3314.304721 3314.334146 3314.368503 3313.707424 3313.636943 3314.168551 3314.372074 0.000000 0.000000
0.000000 0.000000 3881.346362 3881.153974 3880.650680 3880.718232 3881.335881 3881.311314 3881.284614 3881.350840 3881.359694 3881.350840 3881.284614 3881.311314 3881.335881 3880.718232 3880.650680 3881.153974 3881.346362 0.000000 0.000000
0.000000 0.000000 4424.675985 4424.512673 4424.017768 4424.126132 4424.657559 4424.647425 4424.628372 4424.679183 4424.686995 4424.679183 4424.628372 4424.647425 4424.657559 4424.126132 4424.017768 4424.512673 4424.675985 0.000000 0.000000
0.000000 0.000000 4946.404581 4946.233276 4945.752847 4945.837749 4946.388848 4946.372731 4946.351347 4946.406699 4946.412524 4946.406699 4946.351347 4946.372731 4946.388848 4945.837749 4945.752847 4946.233276 4946.404581 0.000000 0.000000
0.000000 0.000000 5451.878074 5451.705259 5451.235509 5451.313122 5451.858564 5451.843405 5451.823409 5451.879327 5451.885498 5451.879327 5451.823409 5451.843405 5451.858564 5451.313122 5451.235509 5451.705259 5451.878074 0.000000 0.000000
0.000000 0.000000 5946.292490 5946.122639 5945.657280 5945.738139 5946.271418 5946.256191 5946.237476 5946.292753 5946.297821 5946.292753 5946.237476 5946.256191 5946.271418 5945.738139 5945.657280 5946.122639 5946.292490 0.000000 0.000000
0.000000 0.000000 6430.159624 6429.996657 6429.534581 6429.637552 6430.136531 6430.124578 6430.108906 6430.160287 6430.164319 6430.160287 6430.108906 6430.124578 6430.136531 6429.637552 6429.534581 6429.996657 6430.159624 0.000000 0.000000
0.000000 0.000000 6905.946426 6905.779225 6905.318586 6905.409984 6905.922271 6905.909716 6905.892987 6905.945513 6905.949069 6905.945513 6905.892987 6905.909716 6905.922271 6905.409984 6905.318586 6905.779225 6905.946426 0.000000 0.000000
0.000000 0.000000 7374.138112 7373.975254 7373.522615 7373.611152 7374.115011 7374.101974 7374.086453 7374.139571 7374.141840 7374.139571 7374.086453 7374.101974 7374.115011 7373.611152 7373.522615 7373.975254 7374.138109 0.000000 0.000000
0.000000 0.000000 7834.901349 7834.740428 7834.282156 7834.376472 7834.880617 7834.862747 7834.847799 7834.905120 7834.905663 7834.905120 7834.847799 7834.862747 7834.880617 7834.376472 7834.282156 7834.740412 7834.901104 0.000000 0.000000
0.000000 0.000000 8315.730014 8315.816243 8315.359024 8315.444909 8315.955084 8315.934708 8315.920051 8315.980360 8315.980498 8315.980360 8315.920051 8315.934708 8315.955084 8315.444909 8315.359008 8315.813608 8315.975074 0.000000 0.000000
0.000000 0.000000 0.000000 0.000000 0.000000 0.000000 0.000000 0.000000 0.000000 0.000000 0.000000 0.000000 0.000000 0.000000 0.000000 0.000000 0.000000 0.000000 0.000000 0.000000 0.000000
0.000000 0.000000 0.000000 0.000000 0.000000 0.000000 0.000000 0.000000 0.000000 0.000000 0.000000 0.000000 0.000000 0.000000 0.000000 0.000000 0.000000 0.000000 0.000000 0.000000 0.000000