geotop/1.0zi/1.0Montebello/Templates/testdem/maps/_Erotot9465.asc
ncols         21
nrows         20
xllcorner     100.000000
yllcorner     100.000000
cellsize      50.000000
NODATA_value  -9999.0
0.000000 0.000000 0.000000 0.000000 0.000000 0.000000 0.000000 0.000000 0.000000 0.000000 0.000000 0.000000 0.000000 0.000000 0.000000 0.000000 0.000000 0.000000 0.000000 0.000000 0.000000
0.000000 0.000000 791.857647 791.958977 790.732163 790.270040 788.740551 788.254409 788.389209 788.417914 788.828837 788.209649 788.060828 788.096881 789.071207 789.718383 791.066789 792.300206 792.939800 0.000000 0.000000
0.000000 0.000000 59.393461 58.011850 58.367339 58.131488 58.847578 58.405971 58.011416 57.900134 58.073286 58.376824 58.450904 58.540245 58.432520 57.943196 56.851868 55.928308 56.801568 0.000000 0.000000
0.000000 0.000000 512.841359 516.529677 502.456243 496.854829 496.186290 488.535802 495.316592 497.425153 493.855212 494.079195 498.843606 498.342928 506.901887 515.431586 518.214039 516.534040 522.437433 0.000000 0.000000
0.000000 0.000000 4301.616574 4295.516252 4290.337395 4255.001917 4227.746937 4214.396264 4206.819922 4200.534068 4208.006271 4214.472196 4212.680946 4207.780823 4227.488105 4233.818656 4251.845769 4262.900881 4263.937226 0.000000 0.000000
0.000000 0.000000 6512.120443 6506.714509 6501.736819 6504.260203 6479.365574 6467.170544 6470.774838 6470.034517 6465.497691 6459.177064 6457.648839 6462.163333 6462.247405 6488.710722 6489.367688 6497.206177 6499.519180 0.000000 0.000000
0.000000 0.000000 7999.485452 7994.306778 7990.263672 7978.395275 7970.410208 7932.040010 7935.089993 7932.465993 7931.818666 7936.324530 7937.085052 7938.817299 7972.402640 7977.721065 7987.462462 7990.302332 7995.664414 0.000000 0.000000
0.000000 0.000000 9555.232539 9552.580702 9547.191565 9534.312093 9526.469097 9523.191766 9523.266615 9521.311307 9521.259305 9517.260328 9516.362610 9523.757705 9522.307102 9532.685257 9548.007437 9545.542391 9551.971349 0.000000 0.000000
0.000000 0.000000 11546.322166 11541.227749 11533.731755 11530.054228 11512.834385 11490.605272 11494.136248 11489.923081 11486.410302 11486.148862 11489.352394 11483.283976 11509.142358 11524.065583 11526.692716 11530.395537 11533.263727 0.000000 0.000000
0.000000 0.000000 13864.369427 13856.951463 13853.437224 13845.410976 13820.874328 13806.612011 13806.617004 13804.897266 13800.531522 13805.288291 13808.837798 13808.742289 13816.537406 13837.510699 13846.416624 13850.504757 13850.295478 0.000000 0.000000
0.000000 0.000000 16452.208345 16449.735358 16447.331178 16414.899601 16407.868008 16383.007107 16391.980349 16374.343071 16380.165560 16376.294680 16368.606065 16380.598137 16396.188803 16401.117216 16417.375110 16422.884569 16439.634459 0.000000 0.000000
0.000000 0.000000 19346.159218 19334.216329 19315.862320 19314.120032 19294.768159 19266.532250 19266.257907 19268.302074 19275.553459 19260.488149 19269.297147 19266.947107 19296.102929 19311.171374 19313.330110 19318.985159 19345.785341 0.000000 0.000000
0.000000 0.000000 22429.984839 22422.498771 22424.994171 22395.872063 22383.919799 22305.119881 22302.586266 22301.490358 22266.882162 22289.863248 22292.586976 22301.327672 22358.299846 22369.089203 22402.672338 22403.155758 22409.098944 0.000000 0.000000
0.000000 0.000000 26102.402483 26103.961927 26077.615586 26068.924178 25962.763045 26015.355660 25991.106074 25992.876887 26010.916032 25995.472165 25994.219376 25981.590796 25930.576159 26050.498129 26052.096443 26082.808999 26097.674957 0.000000 0.000000
0.000000 0.000000 30096.677493 30081.605627 30063.291678 29941.013421 30001.475530 29924.337432 29902.243039 29896.183069 29868.020331 29856.402413 29869.940865 29872.308799 29946.785976 29886.031868 30059.241386 30014.946416 30005.603560 0.000000 0.000000
0.000000 0.000000 33700.664068 33695.045539 33546.750971 33633.916497 33612.416167 33620.930708 33698.152171 33676.278809 33714.985671 33707.889753 33679.861897 33717.408502 33695.311335 33716.865111 33527.348386 33762.618059 33753.457438 0.000000 0.000000
0.000000 0.000000 37052.469951 36910.686590 36984.236106 36919.248793 36845.269290 36825.847490 36769.719952 36786.205474 36732.344867 36740.195547 36770.556822 36740.817437 36781.394582 36827.015155 36979.525115 36840.729287 36991.910177 0.000000 0.000000
0.000000 0.000000 37921.010026 38024.044214 38117.888917 38114.270882 38115.489419 38032.761504 38047.216919 38019.322234 38061.256569 38053.765469 38052.121410 38059.274740 38124.730846 38126.663732 38130.903282 38050.200983 37948.493829 0.000000 0.000000
0.000000 0.000000 0.000000 0.000000 0.000000 0.000000 0.000000 0.000000 0.000000 0.000000 0.000000 0.000000 0.000000 0.000000 0.000000 0.000000 0.000000 0.000000 0.000000 0.000000 0.000000
0.000000 0.000000 0.000000 0.000000 0.000000 0.000000 0.000000 0.000000 0.000000 0.000000 0.000000 0.000000 0.000000 0.000000 0.000000 0.000000 0.000000 0.000000 0.000000 0.000000 0.000000