geotop/1.0zi/1.0Montebello/Templates/testdem/maps/_Erotot7808.asc
ncols         21
nrows         20
xllcorner     100.000000
yllcorner     100.000000
cellsize      50.000000
NODATA_value  -9999.0
0.000000 0.000000 0.000000 0.000000 0.000000 0.000000 0.000000 0.000000 0.000000 0.000000 0.000000 0.000000 0.000000 0.000000 0.000000 0.000000 0.000000 0.000000 0.000000 0.000000 0.000000
0.000000 0.000000 654.310658 655.126212 654.595269 654.719359 653.727419 653.903903 653.891021 653.954553 654.386739 653.712046 653.590438 653.642669 653.999580 654.135866 654.952381 655.480793 655.678029 0.000000 0.000000
0.000000 0.000000 50.984629 50.002839 49.935463 50.336858 50.972480 50.654226 50.358377 50.229544 50.463504 50.806813 50.830997 50.984094 50.740990 50.224257 48.938582 48.064767 48.587988 0.000000 0.000000
0.000000 0.000000 353.895029 355.071508 342.998012 337.345135 337.889904 326.569608 326.699001 327.496644 323.833619 322.085409 324.223740 324.366321 334.616377 341.679716 346.306759 349.244743 354.118577 0.000000 0.000000
0.000000 0.000000 3099.946773 3101.518127 3104.644203 3081.800474 3062.521474 3052.234568 3051.616814 3046.857714 3053.692082 3058.986177 3054.414850 3053.089846 3067.888163 3071.030825 3081.138965 3090.051528 3089.874909 0.000000 0.000000
0.000000 0.000000 4978.557619 4973.329927 4969.781437 4963.835459 4949.121747 4939.282783 4940.179201 4939.104510 4935.800727 4930.103756 4929.128728 4932.320254 4931.606570 4951.304145 4959.122159 4965.948316 4968.982158 0.000000 0.000000
0.000000 0.000000 6264.631891 6261.511125 6257.118742 6250.228485 6236.523139 6215.025988 6214.011018 6210.195703 6211.621202 6215.393145 6216.887655 6217.385134 6244.816582 6254.701789 6260.192136 6262.968264 6268.199231 0.000000 0.000000
0.000000 0.000000 7348.702248 7348.857775 7345.932529 7335.997340 7333.622300 7324.411455 7324.637924 7324.440719 7323.478316 7319.572938 7318.876630 7325.104566 7326.811130 7331.562006 7343.911248 7342.511113 7347.456087 0.000000 0.000000
0.000000 0.000000 8777.627495 8773.001041 8766.797721 8766.351921 8755.385164 8740.174931 8741.474278 8736.898644 8734.856571 8734.625178 8737.074257 8731.325014 8749.878716 8763.648456 8765.420577 8769.134540 8770.499758 0.000000 0.000000
0.000000 0.000000 10414.042492 10410.474731 10410.770890 10406.382221 10386.172879 10376.617494 10376.253292 10375.976863 10372.559525 10376.049923 10379.146281 10378.456217 10385.196924 10399.447653 10406.979777 10408.995150 10410.072693 0.000000 0.000000
0.000000 0.000000 12203.534211 12202.578148 12199.759855 12179.448112 12173.684096 12158.063539 12163.821515 12150.522946 12154.626919 12152.881507 12145.978235 12155.897063 12165.236404 12168.036751 12180.475573 12187.531626 12198.152087 0.000000 0.000000
0.000000 0.000000 14139.887271 14131.799925 14123.817517 14120.217561 14110.017870 14090.247784 14086.660841 14087.239501 14094.519040 14083.577370 14087.694231 14087.597940 14109.892595 14118.365008 14121.182155 14125.249275 14148.333077 0.000000 0.000000
0.000000 0.000000 16149.885909 16144.915273 16145.346803 16131.360794 16124.449660 16076.586145 16074.943467 16073.949625 16052.824177 16065.082373 16069.324365 16074.067696 16107.402971 16114.475838 16137.474419 16137.191443 16144.834217 0.000000 0.000000
0.000000 0.000000 18448.658781 18450.931987 18437.524966 18432.637374 18375.657837 18395.194476 18379.680932 18380.817394 18387.149440 18382.467789 18380.343560 18375.612188 18355.012058 18416.644645 18423.117325 18443.105659 18452.645882 0.000000 0.000000
0.000000 0.000000 21023.064251 21014.530735 21005.653166 20942.986401 20956.028356 20924.626743 20905.481461 20902.266925 20890.711113 20880.321542 20886.415987 20885.164065 20920.604765 20910.602560 21000.895512 20982.940232 20980.537133 0.000000 0.000000
0.000000 0.000000 23712.237211 23708.880548 23618.632534 23644.776960 23645.919108 23636.361056 23677.565531 23662.797317 23681.780665 23673.549598 23659.413859 23682.948074 23684.396648 23685.422545 23609.801643 23742.017290 23733.637293 0.000000 0.000000
0.000000 0.000000 26926.263901 26794.476402 26826.672452 26783.275478 26713.929257 26699.583751 26663.295450 26673.937575 26632.623855 26636.670842 26657.923505 26640.343056 26672.015276 26715.268216 26823.657824 26750.172124 26890.213597 0.000000 0.000000
0.000000 0.000000 28233.859919 28357.672749 28481.130569 28481.459495 28483.040743 28376.426083 28392.391334 28357.186530 28409.229578 28399.562179 28397.003556 28407.212601 28495.949554 28495.940039 28503.571192 28400.394781 28277.812297 0.000000 0.000000
0.000000 0.000000 0.000000 0.000000 0.000000 0.000000 0.000000 0.000000 0.000000 0.000000 0.000000 0.000000 0.000000 0.000000 0.000000 0.000000 0.000000 0.000000 0.000000 0.000000 0.000000
0.000000 0.000000 0.000000 0.000000 0.000000 0.000000 0.000000 0.000000 0.000000 0.000000 0.000000 0.000000 0.000000 0.000000 0.000000 0.000000 0.000000 0.000000 0.000000 0.000000 0.000000