geotop/1.0zi/1.0Montebello/Templates/testdem/maps/_Erotot7339.asc
ncols         21
nrows         20
xllcorner     100.000000
yllcorner     100.000000
cellsize      50.000000
NODATA_value  -9999.0
0.000000 0.000000 0.000000 0.000000 0.000000 0.000000 0.000000 0.000000 0.000000 0.000000 0.000000 0.000000 0.000000 0.000000 0.000000 0.000000 0.000000 0.000000 0.000000 0.000000 0.000000
0.000000 0.000000 626.236647 627.195653 626.636696 626.817753 625.973572 626.166418 626.113113 626.217890 626.641422 625.972551 625.857554 625.937970 626.252622 626.262894 627.045905 627.559582 627.619058 0.000000 0.000000
0.000000 0.000000 49.065021 47.842726 47.953534 48.276655 48.669679 48.407064 48.140164 47.980975 48.222771 48.504373 48.519455 48.646407 48.427036 48.170026 46.723707 45.861750 46.615014 0.000000 0.000000
0.000000 0.000000 308.970649 310.384196 298.145524 292.652736 293.524418 282.938109 283.124046 283.984211 280.331583 278.527854 280.768669 280.834399 290.481143 297.064312 301.686543 304.260006 309.070816 0.000000 0.000000
0.000000 0.000000 2819.739229 2822.854127 2826.745656 2805.454274 2787.137922 2778.012253 2777.528114 2773.938519 2780.051436 2785.807553 2780.698123 2779.026617 2792.796614 2795.713646 2804.645061 2812.834541 2812.475433 0.000000 0.000000
0.000000 0.000000 4558.157599 4552.487417 4548.954282 4543.077136 4529.125987 4519.839241 4520.530704 4519.379547 4516.126621 4510.413139 4509.542993 4512.824853 4511.683687 4530.460638 4538.509992 4545.412953 4548.406847 0.000000 0.000000
0.000000 0.000000 5805.485871 5802.560580 5798.321711 5791.889939 5778.570828 5758.311693 5757.320870 5753.695794 5755.024534 5758.853057 5760.261342 5760.802508 5787.040054 5796.636375 5801.877417 5804.428887 5809.605497 0.000000 0.000000
0.000000 0.000000 6772.830652 6773.344115 6770.670300 6761.491550 6759.676251 6751.244075 6751.536261 6751.593935 6750.479333 6746.727198 6745.978942 6752.007371 6753.081943 6757.343792 6769.194545 6767.569357 6772.368238 0.000000 0.000000
0.000000 0.000000 8061.186234 8057.088335 8051.267467 8051.412769 8041.219782 8027.168041 8028.391149 8024.246860 8022.005205 8021.896258 8024.193051 8018.503341 8035.987616 8049.111633 8050.506205 8053.849780 8055.154436 0.000000 0.000000
0.000000 0.000000 9537.987295 9534.879571 9535.472481 9531.924846 9512.860223 9504.317414 9504.140506 9503.991453 9500.614240 9503.975831 9506.967880 9506.215156 9512.067065 9525.440861 9532.472219 9534.130911 9535.160037 0.000000 0.000000
0.000000 0.000000 11146.596332 11145.994059 11143.627951 11124.906705 11119.671374 11105.655684 11111.111864 11098.759978 11102.394927 11100.854293 11094.247826 11103.619603 11111.851663 11114.264275 11125.898141 11132.404054 11142.537955 0.000000 0.000000
0.000000 0.000000 12872.597385 12865.463873 12858.328035 12855.335622 12846.435757 12828.314124 12825.276072 12825.759770 12832.557067 12822.325054 12825.978491 12826.018991 12846.314359 12853.806343 12856.271681 12859.918839 12881.802019 0.000000 0.000000
0.000000 0.000000 14650.575724 14646.383950 14646.851694 14634.639481 14628.505226 14586.792218 14585.221624 14584.621342 14565.123049 14576.132661 14580.213030 14584.405763 14613.186531 14619.414146 14640.403273 14639.894372 14647.767412 0.000000 0.000000
0.000000 0.000000 16660.292574 16662.725135 16650.930449 16646.977478 16598.698837 16614.314450 16600.536396 16601.749935 16606.320325 16602.748730 16600.935319 16596.842476 16579.460797 16632.130817 16638.469994 16656.070883 16664.893688 0.000000 0.000000
0.000000 0.000000 18892.364006 18885.061365 18877.488281 18827.249500 18834.219231 18809.194106 18791.592340 18789.347762 18779.554847 18770.318766 18775.006262 18773.652169 18802.825341 18798.472887 18873.588010 18858.956472 18857.408360 0.000000 0.000000
0.000000 0.000000 21223.891164 21221.421121 21148.675259 21163.844500 21166.434659 21155.891466 21188.909045 21176.122890 21190.351613 21182.504762 21171.898641 21190.790837 21194.526964 21195.136138 21141.266303 21245.987778 21238.321511 0.000000 0.000000
0.000000 0.000000 23995.312671 23892.038292 23908.212403 23877.493075 23821.564491 23810.375747 23785.110805 23793.051804 23761.284992 23763.650476 23778.716339 23768.190822 23793.194908 23826.549716 23906.120723 23861.737315 23972.143280 0.000000 0.000000
0.000000 0.000000 25378.832779 25460.490899 25562.222058 25557.145946 25549.686798 25463.669970 25472.417504 25444.735235 25481.324596 25474.048925 25475.594226 25479.888678 25553.451569 25560.036077 25580.619851 25489.424673 25409.379647 0.000000 0.000000
0.000000 0.000000 0.000000 0.000000 0.000000 0.000000 0.000000 0.000000 0.000000 0.000000 0.000000 0.000000 0.000000 0.000000 0.000000 0.000000 0.000000 0.000000 0.000000 0.000000 0.000000
0.000000 0.000000 0.000000 0.000000 0.000000 0.000000 0.000000 0.000000 0.000000 0.000000 0.000000 0.000000 0.000000 0.000000 0.000000 0.000000 0.000000 0.000000 0.000000 0.000000 0.000000