geotop/1.0zi/1.0Montebello/Templates/testdem/maps/_Erotot8998.asc
ncols         21
nrows         20
xllcorner     100.000000
yllcorner     100.000000
cellsize      50.000000
NODATA_value  -9999.0
0.000000 0.000000 0.000000 0.000000 0.000000 0.000000 0.000000 0.000000 0.000000 0.000000 0.000000 0.000000 0.000000 0.000000 0.000000 0.000000 0.000000 0.000000 0.000000 0.000000 0.000000
0.000000 0.000000 718.905038 719.543331 718.974794 719.061405 718.043741 718.168630 718.251267 718.325446 718.706722 718.072666 717.962260 718.000423 718.406251 718.533878 719.356860 719.945314 720.104485 0.000000 0.000000
0.000000 0.000000 55.985484 55.002350 55.300131 55.233063 56.057293 55.731468 55.360357 55.227199 55.431381 55.760334 55.818151 55.935647 55.708657 55.104255 53.832597 52.985924 53.595655 0.000000 0.000000
0.000000 0.000000 429.762735 431.493161 418.434415 412.198550 411.626917 405.760564 410.754166 412.429518 408.478646 406.879516 410.295793 409.802172 418.292893 426.766345 430.576736 424.978074 432.251251 0.000000 0.000000
0.000000 0.000000 3936.668801 3930.473690 3928.404896 3894.214198 3869.941272 3858.116969 3850.598111 3843.336503 3852.016180 3858.835481 3857.230378 3852.202388 3871.888899 3876.379902 3892.078582 3903.184642 3903.360546 0.000000 0.000000
0.000000 0.000000 6000.718193 5995.383547 5990.474442 5992.788572 5970.914931 5957.812260 5962.667320 5962.462867 5958.253811 5952.200346 5950.494503 5954.683704 5954.753166 5979.676496 5980.959051 5987.092391 5989.396732 0.000000 0.000000
0.000000 0.000000 7425.217149 7419.613129 7416.269101 7405.356396 7396.584774 7363.808430 7364.122440 7361.515173 7361.217278 7365.542320 7366.073233 7367.025083 7399.849740 7405.667866 7414.009078 7416.408640 7421.418887 0.000000 0.000000
0.000000 0.000000 8820.421141 8817.917317 8813.873594 8801.742355 8795.890421 8792.282603 8793.019808 8791.035095 8791.305146 8787.134915 8785.925694 8793.315137 8791.590385 8800.191678 8814.375402 8810.395196 8816.519049 0.000000 0.000000
0.000000 0.000000 10620.814885 10615.784706 10608.658053 10606.056190 10590.920530 10572.113258 10574.931163 10570.777079 10567.772408 10567.350816 10570.124244 10563.905019 10587.920893 10601.864216 10603.291729 10605.299549 10608.820595 0.000000 0.000000
0.000000 0.000000 12707.746231 12700.275783 12699.255814 12692.731596 12669.324643 12658.413318 12657.855823 12656.516160 12652.676960 12657.082742 12660.071099 12659.715648 12666.966300 12685.667628 12693.223454 12695.483423 12694.672269 0.000000 0.000000
0.000000 0.000000 15018.299174 15015.857816 15012.856948 14984.860353 14978.638659 14958.078319 14966.350528 14949.142455 14955.195865 14951.447087 14943.841190 14954.683868 14969.025084 14972.480901 14987.510362 14990.988874 15005.905662 0.000000 0.000000
0.000000 0.000000 17573.208362 17563.413527 17548.852006 17546.036659 17529.822619 17506.925598 17505.185995 17508.155241 17514.370515 17501.563786 17508.612007 17506.556720 17532.784140 17545.265966 17545.629856 17549.356199 17574.512204 0.000000 0.000000
0.000000 0.000000 20276.835801 20266.656904 20270.163680 20246.812942 20237.576493 20171.053538 20168.656215 20167.503276 20138.387460 20157.291355 20159.627117 20166.793519 20215.921466 20224.580414 20254.491295 20251.529791 20258.422519 0.000000 0.000000
0.000000 0.000000 23468.951191 23470.214808 23448.942516 23441.679931 23353.692580 23393.199492 23373.340964 23374.718783 23388.250498 23376.562639 23375.347979 23364.391886 23326.803957 23425.371255 23427.704168 23451.965355 23465.051447 0.000000 0.000000
0.000000 0.000000 27039.086548 27023.966354 27008.278187 26906.338059 26947.578495 26891.642332 26869.617273 26864.946549 26843.144339 26831.465402 26841.744916 26842.454648 26899.942750 26860.209637 27004.804785 26966.364134 26959.697176 0.000000 0.000000
0.000000 0.000000 30570.506763 30563.767523 30424.770592 30492.941277 30480.197057 30481.556084 30551.553040 30530.074650 30564.449426 30556.175068 30530.878397 30566.041135 30554.272163 30568.588698 30408.780714 30622.418499 30612.832117 0.000000 0.000000
0.000000 0.000000 34369.608694 34196.233217 34275.148640 34200.813185 34112.424939 34091.388005 34028.133337 34046.604119 33984.838371 33993.355246 34028.129248 33993.419143 34040.021181 34095.474101 34270.455055 34116.557187 34298.485968 0.000000 0.000000
0.000000 0.000000 35236.662224 35400.795184 35525.918074 35531.193215 35545.644672 35432.712301 35460.077565 35420.363122 35486.196504 35474.530894 35466.192544 35482.634309 35571.255821 35563.436906 35547.491485 35451.025715 35287.586957 0.000000 0.000000
0.000000 0.000000 0.000000 0.000000 0.000000 0.000000 0.000000 0.000000 0.000000 0.000000 0.000000 0.000000 0.000000 0.000000 0.000000 0.000000 0.000000 0.000000 0.000000 0.000000 0.000000
0.000000 0.000000 0.000000 0.000000 0.000000 0.000000 0.000000 0.000000 0.000000 0.000000 0.000000 0.000000 0.000000 0.000000 0.000000 0.000000 0.000000 0.000000 0.000000 0.000000 0.000000