geotop/1.0zi/1.0Montebello/Templates/testdem/maps/_Erotot4551.asc
ncols         21
nrows         20
xllcorner     100.000000
yllcorner     100.000000
cellsize      50.000000
NODATA_value  -9999.0
0.000000 0.000000 0.000000 0.000000 0.000000 0.000000 0.000000 0.000000 0.000000 0.000000 0.000000 0.000000 0.000000 0.000000 0.000000 0.000000 0.000000 0.000000 0.000000 0.000000 0.000000
0.000000 0.000000 346.010724 345.550583 345.336203 345.168532 345.175387 345.214009 345.251527 345.250043 345.236600 345.239713 345.241611 345.285868 345.172623 345.211554 345.405495 345.337997 345.451529 0.000000 0.000000
0.000000 0.000000 27.228756 27.855470 28.245077 29.314320 28.923528 29.002883 28.601009 28.536601 28.571625 28.881350 28.597133 28.353453 28.838204 28.583905 27.684149 27.088364 26.889115 0.000000 0.000000
0.000000 0.000000 137.683427 138.902279 131.812806 129.470441 130.555327 125.588465 124.855098 124.499858 123.630110 123.083253 124.117047 122.725705 125.459263 130.411346 130.977688 133.242498 135.880178 0.000000 0.000000
0.000000 0.000000 1344.027120 1348.153753 1353.513553 1336.371562 1325.191246 1317.233731 1319.701407 1313.874659 1318.125659 1322.360817 1322.675089 1323.167626 1332.459175 1331.434989 1336.863923 1342.614428 1344.474401 0.000000 0.000000
0.000000 0.000000 2627.009150 2622.328774 2618.802650 2616.183650 2610.946084 2607.824046 2605.154305 2606.876715 2606.482688 2603.893175 2600.053922 2601.231940 2600.734839 2613.613493 2617.751028 2617.824509 2620.660875 0.000000 0.000000
0.000000 0.000000 3302.414397 3298.427733 3294.547252 3291.518973 3283.518348 3268.920677 3270.679467 3267.408671 3270.012792 3269.143712 3271.356844 3272.510185 3286.727278 3293.440927 3299.963819 3303.738796 3306.664285 0.000000 0.000000
0.000000 0.000000 3769.491470 3769.648704 3770.511935 3765.874120 3764.086222 3759.383756 3760.029312 3760.228016 3758.033506 3759.000113 3757.805658 3756.861459 3759.773723 3763.997103 3765.888212 3765.255742 3766.689829 0.000000 0.000000
0.000000 0.000000 4421.080288 4421.009570 4418.758738 4416.664098 4412.600912 4404.143358 4404.431667 4402.506446 4403.054176 4403.695276 4402.854177 4403.358128 4408.697674 4416.384221 4416.462677 4417.974480 4421.626288 0.000000 0.000000
0.000000 0.000000 5168.307825 5166.866731 5167.475044 5163.796772 5155.669330 5150.841971 5152.522787 5151.522217 5151.607664 5151.669475 5150.646497 5148.915646 5156.159203 5162.673816 5164.959444 5165.997699 5167.253964 0.000000 0.000000
0.000000 0.000000 5957.029268 5955.500404 5954.481956 5952.563094 5950.414002 5940.094992 5940.469619 5937.871190 5938.040406 5939.064066 5937.915242 5937.663627 5942.605768 5945.252559 5950.032376 5952.127223 5955.082533 0.000000 0.000000
0.000000 0.000000 6778.706905 6778.299031 6776.244138 6769.739027 6765.480383 6757.624773 6756.725539 6756.215772 6756.350394 6755.554002 6755.142740 6754.983125 6763.866855 6769.759637 6773.179961 6774.388996 6791.236912 0.000000 0.000000
0.000000 0.000000 7602.963996 7601.358367 7599.578577 7596.986789 7590.163505 7571.517661 7571.869824 7570.018354 7569.952889 7570.576478 7568.970155 7569.326612 7584.985358 7592.999635 7596.237653 7597.792005 7600.076718 0.000000 0.000000
0.000000 0.000000 8482.454761 8479.885101 8478.178671 8474.503313 8455.925682 8464.294332 8458.539210 8457.549506 8457.981016 8458.325131 8457.017574 8456.650921 8450.536073 8468.797621 8472.709520 8477.999715 8477.809398 0.000000 0.000000
0.000000 0.000000 9421.058029 9416.649936 9412.527545 9400.453141 9398.252454 9382.318511 9374.457454 9372.647417 9368.444795 9368.071331 9369.065856 9366.666236 9377.537921 9385.520073 9406.706563 9402.478515 9403.767053 0.000000 0.000000
0.000000 0.000000 10355.667337 10355.674934 10335.783613 10339.137513 10338.991203 10338.177441 10340.981424 10340.876255 10343.666728 10343.516537 10340.323099 10345.186567 10342.675426 10341.607298 10330.562449 10354.214519 10358.688132 0.000000 0.000000
0.000000 0.000000 11415.846970 11392.621058 11384.883900 11377.368587 11363.372290 11357.339260 11355.725449 11354.854032 11351.173119 11351.498101 11351.584922 11348.788625 11353.261721 11369.717482 11383.030345 11383.805906 11407.771434 0.000000 0.000000
0.000000 0.000000 12202.712618 12206.507873 12228.461433 12219.160571 12213.271833 12190.325488 12188.800211 12185.890865 12187.610777 12187.388980 12185.706211 12186.880386 12208.548910 12217.304450 12229.014275 12203.531710 12205.515622 0.000000 0.000000
0.000000 0.000000 0.000000 0.000000 0.000000 0.000000 0.000000 0.000000 0.000000 0.000000 0.000000 0.000000 0.000000 0.000000 0.000000 0.000000 0.000000 0.000000 0.000000 0.000000 0.000000
0.000000 0.000000 0.000000 0.000000 0.000000 0.000000 0.000000 0.000000 0.000000 0.000000 0.000000 0.000000 0.000000 0.000000 0.000000 0.000000 0.000000 0.000000 0.000000 0.000000 0.000000