geotop/1.0zi/1.0Montebello/Templates/testdem/maps/_Erotot4340.asc
ncols         21
nrows         20
xllcorner     100.000000
yllcorner     100.000000
cellsize      50.000000
NODATA_value  -9999.0
0.000000 0.000000 0.000000 0.000000 0.000000 0.000000 0.000000 0.000000 0.000000 0.000000 0.000000 0.000000 0.000000 0.000000 0.000000 0.000000 0.000000 0.000000 0.000000 0.000000 0.000000
0.000000 0.000000 328.965155 328.524104 328.329039 328.180678 328.206025 328.262191 328.299811 328.298130 328.284663 328.287979 328.289580 328.333717 328.203033 328.223686 328.398975 328.312639 328.407261 0.000000 0.000000
0.000000 0.000000 26.416965 26.996142 27.270004 27.937723 27.479954 27.486732 27.062597 26.995264 27.048183 27.402707 27.138405 27.028316 27.579548 27.358668 26.485631 25.947960 25.826124 0.000000 0.000000
0.000000 0.000000 139.428765 140.665954 133.573860 131.137372 132.098244 126.958001 126.129649 125.716847 124.952172 124.498088 125.639844 124.345954 127.121253 132.094430 132.807720 135.084407 137.741203 0.000000 0.000000
0.000000 0.000000 1313.018750 1315.878155 1321.651616 1316.524623 1310.239849 1306.311534 1309.908775 1304.398122 1307.831557 1311.351565 1309.817022 1305.660433 1309.847133 1306.649621 1307.154662 1308.617726 1309.300732 0.000000 0.000000
0.000000 0.000000 2514.625960 2508.572345 2500.326810 2492.225552 2485.124297 2481.308006 2478.599903 2480.496069 2480.131458 2477.280227 2473.244624 2475.489864 2475.921180 2488.809816 2494.879494 2495.790023 2499.751156 0.000000 0.000000
0.000000 0.000000 3176.691466 3172.284696 3168.915571 3165.305390 3157.797618 3143.931364 3145.799991 3142.525583 3145.091172 3144.235656 3146.214298 3147.405487 3160.971834 3167.797301 3174.632931 3178.623360 3180.793249 0.000000 0.000000
0.000000 0.000000 3625.060063 3624.863127 3625.027296 3620.195074 3619.608483 3616.040313 3616.931530 3617.284822 3614.736576 3615.852625 3613.974488 3612.033454 3614.626968 3618.348586 3619.839437 3618.886653 3620.331210 0.000000 0.000000
0.000000 0.000000 4253.832126 4253.096190 4249.397573 4247.984246 4244.287713 4235.935972 4236.494177 4234.662693 4235.138211 4235.426240 4234.180314 4234.164348 4238.564131 4245.964535 4245.833742 4247.047497 4250.677975 0.000000 0.000000
0.000000 0.000000 4970.958110 4968.972747 4967.863252 4963.926893 4956.271421 4952.243300 4954.039012 4953.195204 4953.042372 4953.047162 4951.582071 4949.259076 4955.729552 4961.849904 4964.155658 4964.938470 4966.349762 0.000000 0.000000
0.000000 0.000000 5727.949970 5725.750558 5722.861992 5720.513727 5719.000984 5709.471838 5710.060142 5707.552934 5707.657477 5708.432867 5706.843820 5705.860791 5709.872441 5712.323228 5716.659010 5718.573075 5721.678208 0.000000 0.000000
0.000000 0.000000 6514.922771 6513.179402 6509.992539 6503.099279 6498.966895 6491.865583 6491.188780 6490.728742 6490.650881 6489.783904 6488.908431 6488.134360 6496.440675 6502.130910 6505.351051 6506.275687 6523.140553 0.000000 0.000000
0.000000 0.000000 7301.656012 7299.217130 7295.741250 7292.676546 7286.390640 7268.950341 7269.509095 7267.825205 7267.542651 7268.005222 7265.951602 7265.720272 7279.991530 7287.779178 7290.719266 7292.104303 7294.512460 0.000000 0.000000
0.000000 0.000000 8140.927769 8137.617835 8133.890715 8129.666499 8112.395156 8120.348870 8115.218474 8114.219473 8114.416734 8114.485277 8112.835009 8111.987912 8106.145097 8123.484172 8127.016113 8131.980202 8132.030522 0.000000 0.000000
0.000000 0.000000 9034.950290 9029.327877 9023.623713 9011.784590 9009.486185 8994.661214 8987.330752 8985.731365 8981.403643 8980.668706 8981.188658 8978.169490 8987.957790 8995.989969 9016.036566 9011.798743 9013.255435 0.000000 0.000000
0.000000 0.000000 9922.756488 9921.694966 9900.924437 9903.182630 9903.519470 9903.159045 9905.922819 9905.868859 9908.364526 9908.158506 9904.516357 9908.505037 9905.525591 9904.380830 9893.978925 9915.884431 9920.418298 0.000000 0.000000
0.000000 0.000000 10927.769407 10905.137076 10895.451356 10887.510368 10874.191014 10868.755044 10867.494413 10866.767839 10862.998460 10863.144263 10862.626075 10859.345543 10863.105924 10878.981789 10891.712640 10892.568243 10915.119156 0.000000 0.000000
0.000000 0.000000 11676.960387 11678.559632 11696.763099 11686.901691 11681.408784 11661.985113 11660.867447 11658.177903 11659.464223 11659.024370 11656.920653 11657.189739 11675.276437 11683.831975 11695.173091 11671.238418 11674.123647 0.000000 0.000000
0.000000 0.000000 0.000000 0.000000 0.000000 0.000000 0.000000 0.000000 0.000000 0.000000 0.000000 0.000000 0.000000 0.000000 0.000000 0.000000 0.000000 0.000000 0.000000 0.000000 0.000000
0.000000 0.000000 0.000000 0.000000 0.000000 0.000000 0.000000 0.000000 0.000000 0.000000 0.000000 0.000000 0.000000 0.000000 0.000000 0.000000 0.000000 0.000000 0.000000 0.000000 0.000000