geotop/1.0zi/1.0Montebello/Templates/testdem/maps/_Erotot5803.asc
ncols         21
nrows         20
xllcorner     100.000000
yllcorner     100.000000
cellsize      50.000000
NODATA_value  -9999.0
0.000000 0.000000 0.000000 0.000000 0.000000 0.000000 0.000000 0.000000 0.000000 0.000000 0.000000 0.000000 0.000000 0.000000 0.000000 0.000000 0.000000 0.000000 0.000000 0.000000 0.000000
0.000000 0.000000 438.049602 437.250979 437.071398 436.861614 436.824451 436.927663 436.877532 437.051728 436.958613 436.755933 436.695646 436.775058 436.882897 436.786170 436.981062 437.176355 437.593272 0.000000 0.000000
0.000000 0.000000 32.989633 33.655940 33.946723 35.118003 34.864553 34.623796 34.445711 34.222390 34.434336 34.788800 34.606160 34.359001 34.810299 34.574946 33.745657 32.911282 32.311678 0.000000 0.000000
0.000000 0.000000 184.841948 186.179892 178.558265 175.779577 177.162477 172.109041 171.725043 171.275621 170.555698 168.176504 170.746955 168.890038 172.257914 177.849472 177.520160 180.756801 184.044305 0.000000 0.000000
0.000000 0.000000 1780.645362 1785.524121 1791.497817 1773.286252 1758.276198 1747.513392 1750.129587 1747.574431 1751.273109 1755.518643 1751.922652 1749.854138 1759.831656 1759.075689 1766.296396 1773.360215 1774.603448 0.000000 0.000000
0.000000 0.000000 3195.343463 3189.489321 3186.519002 3182.108089 3174.248564 3166.917828 3165.191524 3165.182843 3164.215098 3162.171918 3159.645826 3161.557492 3161.283449 3176.561276 3181.545059 3185.016048 3187.290525 0.000000 0.000000
0.000000 0.000000 4256.860933 4254.251653 4251.372800 4247.025623 4234.076704 4217.586244 4217.656557 4214.225143 4215.945740 4218.728820 4220.572197 4221.698349 4241.431522 4250.829479 4255.619094 4257.178201 4262.465088 0.000000 0.000000
0.000000 0.000000 4888.151333 4889.596484 4888.784784 4882.588482 4882.125842 4875.174755 4875.743755 4876.214304 4875.010342 4872.657731 4872.356710 4875.745764 4875.561067 4877.777994 4885.948865 4884.236929 4887.223060 0.000000 0.000000
0.000000 0.000000 5755.731168 5753.159987 5749.222776 5750.299950 5743.798190 5733.421237 5733.896739 5731.346189 5728.952896 5730.200182 5731.356598 5726.044049 5738.934700 5746.632817 5748.638197 5749.483233 5750.880313 0.000000 0.000000
0.000000 0.000000 6760.481312 6758.212778 6760.499937 6759.983937 6745.404859 6738.489328 6739.923177 6739.082822 6737.110624 6740.266406 6743.156864 6741.395002 6744.349193 6754.286350 6758.009223 6758.214012 6758.882286 0.000000 0.000000
0.000000 0.000000 7843.696322 7843.988987 7844.266478 7830.261954 7827.750729 7817.152381 7820.704770 7811.761817 7814.239034 7813.362058 7808.638370 7815.724611 7819.843351 7820.932534 7827.416717 7833.258991 7840.429117 0.000000 0.000000
0.000000 0.000000 8975.208311 8970.784129 8966.103363 8964.512420 8960.709989 8946.086523 8945.168901 8944.321802 8951.004853 8944.077758 8946.021722 8945.379668 8960.462361 8963.382290 8964.705881 8965.217594 8984.355047 0.000000 0.000000
0.000000 0.000000 10119.741518 10117.935224 10119.084754 10111.842515 10107.898094 10081.805275 10080.631590 10080.355337 10066.243400 10075.162645 10078.989822 10080.765240 10096.312793 10099.894736 10113.576541 10112.946605 10119.745736 0.000000 0.000000
0.000000 0.000000 11373.958830 11375.450086 11368.872984 11367.947185 11341.353731 11349.317898 11339.056270 11340.515810 11341.759430 11341.424790 11339.874205 11336.362483 11326.422760 11354.904353 11360.148449 11370.582201 11377.469390 0.000000 0.000000
0.000000 0.000000 12724.999498 12720.144839 12717.442843 12694.548326 12694.008590 12678.906790 12666.283587 12664.828390 12660.084526 12654.062909 12657.077241 12655.115896 12669.382136 12673.016492 12712.652655 12704.047984 12704.148525 0.000000 0.000000
0.000000 0.000000 14109.236443 14108.720922 14074.619270 14073.819906 14078.732764 14071.110800 14087.733573 14080.319406 14086.110447 14081.741761 14076.612140 14084.651693 14088.159832 14087.513947 14067.977943 14117.067482 14110.130767 0.000000 0.000000
0.000000 0.000000 15679.128936 15637.954344 15635.821690 15626.823727 15602.464568 15595.855820 15588.065947 15591.203982 15578.001692 15578.386340 15583.043058 15582.835862 15593.893247 15604.023485 15633.887182 15628.617704 15675.211276 0.000000 0.000000
0.000000 0.000000 16780.936177 16792.233784 16835.684291 16829.148961 16815.021473 16779.378252 16780.503467 16766.985095 16778.277041 16776.461827 16782.086248 16777.116151 16807.931869 16819.505367 16842.333080 16797.926053 16786.447396 0.000000 0.000000
0.000000 0.000000 0.000000 0.000000 0.000000 0.000000 0.000000 0.000000 0.000000 0.000000 0.000000 0.000000 0.000000 0.000000 0.000000 0.000000 0.000000 0.000000 0.000000 0.000000 0.000000
0.000000 0.000000 0.000000 0.000000 0.000000 0.000000 0.000000 0.000000 0.000000 0.000000 0.000000 0.000000 0.000000 0.000000 0.000000 0.000000 0.000000 0.000000 0.000000 0.000000 0.000000