geotop/1.0zi/1.0Montebello/Templates/testdem/maps/_Erotot9595.asc
ncols         21
nrows         20
xllcorner     100.000000
yllcorner     100.000000
cellsize      50.000000
NODATA_value  -9999.0
0.000000 0.000000 0.000000 0.000000 0.000000 0.000000 0.000000 0.000000 0.000000 0.000000 0.000000 0.000000 0.000000 0.000000 0.000000 0.000000 0.000000 0.000000 0.000000 0.000000 0.000000
0.000000 0.000000 800.556343 800.698856 799.514959 799.050244 797.476271 797.022173 797.118765 797.177270 797.531091 796.970383 796.829329 796.863266 797.845200 798.428802 799.791926 801.029875 801.688126 0.000000 0.000000
0.000000 0.000000 60.103468 58.759741 59.058322 58.840879 59.577830 59.098106 58.734635 58.582391 58.819384 58.976286 59.146805 59.220864 59.091710 58.606299 57.576515 56.674464 57.455246 0.000000 0.000000
0.000000 0.000000 515.279485 519.030205 504.964375 499.271813 498.641407 491.035474 497.743568 499.891490 496.343634 496.664245 501.486996 500.858763 509.341566 518.078893 520.722059 519.024477 524.838717 0.000000 0.000000
0.000000 0.000000 4429.460827 4423.886060 4420.083544 4380.818151 4354.699339 4339.303034 4331.876223 4325.910844 4331.596297 4337.451181 4337.266918 4331.549230 4351.385070 4358.464807 4377.196601 4388.661758 4389.320911 0.000000 0.000000
0.000000 0.000000 6633.329939 6626.786005 6622.056192 6624.390664 6596.550943 6583.942863 6587.610368 6586.411227 6581.063377 6574.389238 6572.287912 6576.526949 6578.260684 6605.205508 6605.371518 6612.750174 6614.716400 0.000000 0.000000
0.000000 0.000000 8155.680109 8149.627631 8145.898837 8133.177642 8126.298766 8089.961319 8089.201685 8085.998384 8084.478485 8088.382232 8089.019905 8090.184115 8125.406294 8129.475273 8138.987092 8141.898250 8147.009883 0.000000 0.000000
0.000000 0.000000 9763.739997 9759.740300 9753.187986 9737.883177 9727.455219 9723.464812 9723.939706 9721.575593 9720.564258 9716.424708 9715.875315 9723.027731 9721.407075 9732.537719 9748.124777 9745.692802 9751.948786 0.000000 0.000000
0.000000 0.000000 11804.725323 11798.491569 11789.803524 11784.366359 11766.855948 11744.087549 11747.148685 11742.952079 11738.856432 11738.276777 11741.675473 11735.171594 11762.020627 11777.224266 11779.937318 11783.673859 11786.185393 0.000000 0.000000
0.000000 0.000000 14190.648077 14180.498028 14176.296518 14167.550917 14151.755476 14132.135970 14130.896558 14128.620622 14123.157389 14127.375936 14130.904003 14130.193231 14138.688891 14159.941117 14168.201171 14172.302507 14171.542791 0.000000 0.000000
0.000000 0.000000 16858.840296 16853.794203 16850.241949 16815.507129 16814.909125 16786.184685 16794.374482 16775.932473 16780.938075 16776.461353 16768.657869 16780.310381 16796.631058 16801.726847 16817.712492 16820.999013 16839.628041 0.000000 0.000000
0.000000 0.000000 19852.322794 19836.841402 19816.640484 19814.031302 19801.504332 19768.090606 19766.398659 19768.054209 19774.215664 19758.064763 19766.488711 19763.290599 19793.749668 19809.304594 19811.403803 19817.637377 19843.862640 0.000000 0.000000
0.000000 0.000000 23045.353453 23034.189345 23035.724303 23013.739550 22993.662992 22915.415990 22909.517022 22906.920271 22867.868199 22893.713069 22895.326923 22903.547168 22962.993556 22972.125271 23008.204635 23007.636046 23012.681388 0.000000 0.000000
0.000000 0.000000 26858.523257 26857.081529 26827.413775 26812.136557 26704.574962 26764.198449 26736.011543 26736.915184 26755.638819 26737.087377 26735.493450 26721.105317 26662.390530 26788.557606 26788.613721 26820.310021 26835.731432 0.000000 0.000000
0.000000 0.000000 30948.554486 30936.325176 30916.192540 30789.055240 30860.342151 30775.167352 30754.204266 30746.232418 30715.876105 30704.078475 30717.971098 30720.102022 30796.448230 30720.660195 30900.435556 30853.342896 30842.200824 0.000000 0.000000
0.000000 0.000000 34505.263262 34497.113454 34351.372420 34443.418928 34419.809735 34430.665130 34505.189306 34483.654351 34521.661895 34514.622293 34486.249677 34522.725958 34497.365518 34525.362663 34329.759538 34563.736331 34554.603918 0.000000 0.000000
0.000000 0.000000 37659.755282 37529.836598 37600.331501 37541.123689 37473.260922 37456.357209 37405.160131 37420.463960 37371.467903 37378.829968 37406.243541 37379.463777 37416.682858 37456.126667 37594.441960 37464.863714 37603.189690 0.000000 0.000000
0.000000 0.000000 38549.334989 38637.667312 38726.230187 38720.989847 38719.480332 38646.883183 38657.565262 38632.951422 38668.412394 38662.161938 38661.858097 38666.411333 38724.686193 38728.479449 38737.071415 38656.517505 38569.917988 0.000000 0.000000
0.000000 0.000000 0.000000 0.000000 0.000000 0.000000 0.000000 0.000000 0.000000 0.000000 0.000000 0.000000 0.000000 0.000000 0.000000 0.000000 0.000000 0.000000 0.000000 0.000000 0.000000
0.000000 0.000000 0.000000 0.000000 0.000000 0.000000 0.000000 0.000000 0.000000 0.000000 0.000000 0.000000 0.000000 0.000000 0.000000 0.000000 0.000000 0.000000 0.000000 0.000000 0.000000