geotop/1.0zi/1.0Montebello/Templates/testdem/maps/_Erotot5029.asc
ncols         21
nrows         20
xllcorner     100.000000
yllcorner     100.000000
cellsize      50.000000
NODATA_value  -9999.0
0.000000 0.000000 0.000000 0.000000 0.000000 0.000000 0.000000 0.000000 0.000000 0.000000 0.000000 0.000000 0.000000 0.000000 0.000000 0.000000 0.000000 0.000000 0.000000 0.000000 0.000000
0.000000 0.000000 367.508895 366.585100 366.300935 366.108721 366.079468 366.088912 366.129368 366.289985 366.243858 366.116167 366.196085 366.270478 366.150588 366.197207 366.384257 366.351562 366.920988 0.000000 0.000000
0.000000 0.000000 28.895702 29.843011 30.288365 31.328887 30.844652 30.962034 30.640766 30.435524 30.508160 30.850423 30.513839 30.310477 30.917458 30.537949 29.719904 29.113366 28.443181 0.000000 0.000000
0.000000 0.000000 151.083253 152.464109 145.200055 143.213646 144.419102 139.692719 138.929293 139.025439 137.630080 136.492693 137.603995 136.156796 138.754394 143.550433 143.054774 146.436485 149.150060 0.000000 0.000000
0.000000 0.000000 1517.439026 1521.443254 1526.873449 1509.136138 1497.958898 1489.671256 1492.237135 1486.768880 1490.605575 1494.750111 1495.102745 1495.410729 1504.688775 1503.860627 1510.514311 1515.936454 1517.738399 0.000000 0.000000
0.000000 0.000000 2802.626628 2797.042617 2793.120207 2790.026286 2783.568624 2780.246542 2777.624047 2779.472073 2778.886192 2776.163771 2772.569476 2774.463420 2774.492466 2787.646595 2791.517255 2791.813496 2794.718663 0.000000 0.000000
0.000000 0.000000 3580.091071 3576.833563 3572.106636 3568.185795 3556.276623 3540.480299 3541.827191 3538.497723 3541.341242 3540.472380 3543.389220 3545.657558 3560.597478 3569.944809 3576.131733 3579.534509 3584.525649 0.000000 0.000000
0.000000 0.000000 4155.621789 4154.788914 4155.344943 4150.746637 4149.264768 4144.282887 4144.988942 4145.328109 4142.651237 4143.412464 4142.449680 4141.626658 4145.245172 4148.757828 4150.907287 4151.055901 4151.379852 0.000000 0.000000
0.000000 0.000000 4863.764133 4863.462075 4860.740359 4858.292656 4853.365195 4844.503552 4844.805171 4843.050731 4843.305805 4843.774453 4843.172169 4844.170160 4849.785213 4857.841699 4857.866669 4859.656765 4863.513070 0.000000 0.000000
0.000000 0.000000 5697.013555 5695.116063 5695.274452 5691.159085 5681.738613 5676.441125 5678.063857 5677.222297 5677.088917 5676.898535 5676.195707 5674.912911 5682.886629 5689.761153 5692.100857 5693.459001 5695.003381 0.000000 0.000000
0.000000 0.000000 6581.430504 6579.488587 6577.923384 6575.516793 6572.174470 6561.181319 6561.541073 6559.107445 6558.954857 6559.836947 6559.044192 6559.345639 6564.845890 6567.947509 6572.791398 6575.148548 6578.412053 0.000000 0.000000
0.000000 0.000000 7503.206370 7502.321950 7499.689480 7492.548958 7487.074864 7478.509023 7477.527167 7477.265112 7477.120567 7476.055133 7476.010222 7476.305346 7486.087529 7492.434851 7495.914042 7497.408785 7514.910924 0.000000 0.000000
0.000000 0.000000 8434.608305 8432.522183 8430.146466 8427.009018 8418.672572 8397.759526 8398.068421 8396.347431 8395.985452 8396.426988 8395.156670 8396.108739 8414.023424 8422.654198 8426.033925 8427.905895 8430.411299 0.000000 0.000000
0.000000 0.000000 9433.282020 9429.943118 9427.657646 9423.341343 9401.133272 9409.531103 9403.470113 9402.658396 9402.816006 9402.914834 9402.002028 9402.210136 9396.419017 9417.199319 9421.281872 9427.113754 9427.135937 0.000000 0.000000
0.000000 0.000000 10501.985516 10497.087056 10491.957142 10476.749600 10473.654472 10456.580933 10448.131292 10446.484179 10441.669349 10441.134864 10442.729037 10440.709970 10452.629636 10460.978469 10485.210687 10480.876073 10482.414092 0.000000 0.000000
0.000000 0.000000 11573.511348 11572.831176 11548.963204 11552.544969 11551.177226 11549.989580 11553.199933 11553.447717 11556.298491 11555.851932 11552.682011 11558.853774 11556.824477 11555.503837 11542.864912 11570.983628 11576.150937 0.000000 0.000000
0.000000 0.000000 12793.227799 12764.201847 12755.181768 12745.972942 12728.587384 12721.223103 12719.365714 12718.593740 12714.057336 12714.150002 12715.091481 12712.193866 12718.280868 12737.317706 12752.553988 12753.104533 12782.306334 0.000000 0.000000
0.000000 0.000000 13682.457202 13687.425706 13713.401059 13702.319797 13694.460404 13666.908793 13665.071425 13662.174018 13664.106487 13663.561583 13662.073992 13664.520147 13690.849201 13700.542828 13713.855265 13683.946765 13685.013081 0.000000 0.000000
0.000000 0.000000 0.000000 0.000000 0.000000 0.000000 0.000000 0.000000 0.000000 0.000000 0.000000 0.000000 0.000000 0.000000 0.000000 0.000000 0.000000 0.000000 0.000000 0.000000 0.000000
0.000000 0.000000 0.000000 0.000000 0.000000 0.000000 0.000000 0.000000 0.000000 0.000000 0.000000 0.000000 0.000000 0.000000 0.000000 0.000000 0.000000 0.000000 0.000000 0.000000 0.000000