geotop/1.0zi/1.0Montebello/Templates/testdem/maps/_Erotot8158.asc
ncols         21
nrows         20
xllcorner     100.000000
yllcorner     100.000000
cellsize      50.000000
NODATA_value  -9999.0
0.000000 0.000000 0.000000 0.000000 0.000000 0.000000 0.000000 0.000000 0.000000 0.000000 0.000000 0.000000 0.000000 0.000000 0.000000 0.000000 0.000000 0.000000 0.000000 0.000000 0.000000
0.000000 0.000000 675.909083 676.707618 676.158148 676.263906 675.253601 675.413049 675.399725 675.462974 675.896003 675.221323 675.099668 675.151800 675.526355 675.680199 676.515330 677.062590 677.277394 0.000000 0.000000
0.000000 0.000000 52.204196 51.221096 51.462866 51.526517 52.160680 51.838266 51.545080 51.407315 51.636383 51.995643 52.015182 52.164623 51.919453 51.408021 50.135368 49.280806 49.805073 0.000000 0.000000
0.000000 0.000000 354.801321 355.934570 343.577567 338.317589 338.882124 327.565382 327.665897 328.501586 324.849792 323.069004 325.221273 325.367500 335.627428 342.695627 347.303991 350.207765 355.426283 0.000000 0.000000
0.000000 0.000000 3340.805942 3343.233839 3345.382325 3322.379839 3302.647298 3291.080437 3290.278724 3285.558365 3292.455943 3297.589666 3293.109923 3291.671742 3306.760583 3310.605589 3321.929537 3331.739252 3331.991440 0.000000 0.000000
0.000000 0.000000 5286.442071 5281.039383 5277.568500 5271.391910 5255.745075 5245.984135 5246.852386 5245.811405 5242.485269 5236.773456 5235.808448 5239.027180 5238.573185 5258.888543 5266.744617 5272.973228 5275.971326 0.000000 0.000000
0.000000 0.000000 6611.370958 6608.397895 6603.766117 6596.747984 6582.668502 6560.198517 6559.119878 6555.323854 6556.752542 6560.466226 6561.980931 6562.479645 6590.735892 6601.019957 6606.795472 6609.629226 6614.975412 0.000000 0.000000
0.000000 0.000000 7790.394570 7790.716562 7787.570629 7777.405392 7774.525927 7764.687496 7764.858434 7764.667829 7763.686193 7759.720964 7759.034053 7765.295867 7767.450547 7772.667225 7785.479563 7784.108480 7789.288072 0.000000 0.000000
0.000000 0.000000 9331.160973 9326.660080 9320.082031 9319.509798 9307.900793 9292.003233 9293.270096 9288.632048 9286.579838 9286.298361 9288.815165 9282.989896 9302.115370 9316.477793 9318.678443 9322.533360 9324.133568 0.000000 0.000000
0.000000 0.000000 11095.063763 11091.647534 11091.664193 11087.018795 11065.898671 11055.571203 11055.124440 11054.874414 11051.394950 11054.898259 11058.110943 11057.379781 11064.670395 11079.671146 11087.778109 11089.908805 11091.245259 0.000000 0.000000
0.000000 0.000000 13032.743923 13032.017868 13028.774095 13007.744812 13001.363061 12984.685379 12990.580726 12976.844655 12981.104502 12979.246857 12972.115919 12982.395132 12992.347645 12995.622290 13008.825597 13016.230671 13027.460258 0.000000 0.000000
0.000000 0.000000 15139.209369 15131.043915 15122.344603 15118.600271 15107.400201 15086.259312 15082.337052 15083.189800 15090.759188 15079.258273 15083.715145 15083.400342 15107.146482 15116.508078 15119.824894 15124.043474 15148.440488 0.000000 0.000000
0.000000 0.000000 17339.601788 17334.754008 17334.961007 17320.187221 17312.386232 17259.510993 17257.794901 17256.687385 17233.996379 17247.316597 17251.748068 17256.838391 17293.775219 17301.740889 17326.619737 17326.424357 17334.051855 0.000000 0.000000
0.000000 0.000000 19877.315334 19880.148262 19865.305466 19860.260248 19795.482144 19818.889042 19801.876000 19803.284140 19811.101651 19805.396050 19802.881337 19797.447190 19773.571127 19843.233366 19849.950248 19871.873183 19882.453345 0.000000 0.000000
0.000000 0.000000 22736.331243 22727.585275 22717.565620 22644.455103 22662.729493 22625.949007 22605.664778 22601.901471 22588.380414 22577.070564 22584.454374 22583.225674 22623.763134 22608.708164 22712.922160 22691.590609 22688.746373 0.000000 0.000000
0.000000 0.000000 25705.053036 25701.982047 25596.397103 25633.358144 25632.581281 25624.222885 25672.756884 25656.721321 25679.919991 25671.544728 25654.147155 25681.559637 25680.515984 25682.645639 25587.238107 25743.876985 25735.372707 0.000000 0.000000
0.000000 0.000000 29228.125033 29075.857005 29123.073719 29069.752280 28990.124908 28972.963436 28926.689407 28940.089138 28890.479546 28895.940233 28922.590924 28898.606193 28935.809494 28986.858013 29120.384133 29019.753977 29182.875248 0.000000 0.000000
0.000000 0.000000 30409.318361 30564.983565 30699.675284 30705.657433 30715.473523 30596.599183 30619.006836 30578.760901 30642.294904 30630.857689 30624.608068 30639.645636 30736.232591 30730.240700 30725.292584 30619.027805 30465.200187 0.000000 0.000000
0.000000 0.000000 0.000000 0.000000 0.000000 0.000000 0.000000 0.000000 0.000000 0.000000 0.000000 0.000000 0.000000 0.000000 0.000000 0.000000 0.000000 0.000000 0.000000 0.000000 0.000000
0.000000 0.000000 0.000000 0.000000 0.000000 0.000000 0.000000 0.000000 0.000000 0.000000 0.000000 0.000000 0.000000 0.000000 0.000000 0.000000 0.000000 0.000000 0.000000 0.000000 0.000000