geotop/1.0zi/1.0Montebello/Templates/testdem/maps/_Erotot0236.asc
ncols         21
nrows         20
xllcorner     100.000000
yllcorner     100.000000
cellsize      50.000000
NODATA_value  -9999.0
0.000000 0.000000 0.000000 0.000000 0.000000 0.000000 0.000000 0.000000 0.000000 0.000000 0.000000 0.000000 0.000000 0.000000 0.000000 0.000000 0.000000 0.000000 0.000000 0.000000 0.000000
0.000000 0.000000 20.633416 20.633656 20.666382 20.634264 20.633717 20.633712 20.633685 20.633679 20.633677 20.633679 20.633685 20.633712 20.633717 20.634264 20.666382 20.633656 20.633416 0.000000 0.000000
0.000000 0.000000 11.228802 11.008680 9.217676 10.996884 11.224591 11.230892 11.230446 11.230225 11.230218 11.230225 11.230446 11.230892 11.224591 10.996884 9.217676 11.008680 11.228802 0.000000 0.000000
0.000000 0.000000 351.368543 351.464753 351.669465 351.430043 351.357888 351.362948 351.367273 351.369020 351.369379 351.369020 351.367273 351.362948 351.357888 351.430043 351.669465 351.464753 351.368543 0.000000 0.000000
0.000000 0.000000 458.486391 458.436134 457.678560 458.407648 458.477162 458.483994 458.486607 458.487619 458.487844 458.487619 458.486607 458.483994 458.477162 458.407648 457.678560 458.436134 458.486391 0.000000 0.000000
0.000000 0.000000 635.991557 635.943541 635.273107 635.918889 635.983310 635.989583 635.991848 635.992724 635.992921 635.992724 635.991848 635.989583 635.983310 635.918889 635.273107 635.943541 635.991557 0.000000 0.000000
0.000000 0.000000 806.319256 806.275463 805.681118 806.254669 806.312280 806.317735 806.319632 806.320364 806.320531 806.320364 806.319632 806.317735 806.312280 806.254669 805.681118 806.275463 806.319256 0.000000 0.000000
0.000000 0.000000 964.839049 964.797206 964.248169 964.779922 964.833190 964.837988 964.839558 964.840161 964.840299 964.840161 964.839558 964.837988 964.833190 964.779922 964.248169 964.797206 964.839049 0.000000 0.000000
0.000000 0.000000 1114.276917 1114.237034 1113.714398 1114.221242 1114.271643 1114.276066 1114.277492 1114.278038 1114.278163 1114.278038 1114.277492 1114.276066 1114.271643 1114.221242 1113.714398 1114.237034 1114.276917 0.000000 0.000000
0.000000 0.000000 1258.030966 1257.992022 1257.484687 1257.977566 1258.026176 1258.030314 1258.031616 1258.032114 1258.032227 1258.032114 1258.031616 1258.030314 1258.026176 1257.977566 1257.484687 1257.992022 1258.030966 0.000000 0.000000
0.000000 0.000000 1396.196194 1396.157757 1395.658941 1396.144289 1396.191774 1396.195703 1396.196911 1396.197371 1396.197475 1396.197371 1396.196911 1396.195703 1396.191774 1396.144289 1395.658941 1396.157757 1396.196194 0.000000 0.000000
0.000000 0.000000 1530.383314 1530.345029 1529.852667 1530.332462 1530.379180 1530.382948 1530.384084 1530.384514 1530.384611 1530.384514 1530.384084 1530.382948 1530.379180 1530.332462 1529.852667 1530.345029 1530.383314 0.000000 0.000000
0.000000 0.000000 1661.693415 1661.654662 1661.162761 1661.643261 1661.689629 1661.693203 1661.694217 1661.694600 1661.694688 1661.694600 1661.694217 1661.693203 1661.689629 1661.643261 1661.162761 1661.654662 1661.693415 0.000000 0.000000
0.000000 0.000000 1789.619915 1789.581417 1789.094245 1789.570468 1789.616270 1789.619741 1789.620717 1789.621086 1789.621171 1789.621086 1789.620717 1789.619741 1789.616270 1789.570468 1789.094245 1789.581417 1789.619915 0.000000 0.000000
0.000000 0.000000 1916.123335 1916.085331 1915.595471 1916.074052 1916.119718 1916.123180 1916.124181 1916.124559 1916.124645 1916.124559 1916.124181 1916.123180 1916.119718 1916.074052 1915.595471 1916.085331 1916.123335 0.000000 0.000000
0.000000 0.000000 2040.964129 2040.927019 2040.447296 2040.915875 2040.960595 2040.963988 2040.964981 2040.965355 2040.965439 2040.965355 2040.964981 2040.963988 2040.960595 2040.915875 2040.447296 2040.927019 2040.964128 0.000000 0.000000
0.000000 0.000000 2163.290864 2163.252706 2162.768264 2163.242549 2163.287560 2163.290830 2163.291726 2163.292061 2163.292137 2163.292061 2163.291726 2163.290830 2163.287560 2163.242549 2162.768264 2163.252699 2163.290828 0.000000 0.000000
0.000000 0.000000 2297.394108 2297.459419 2296.975784 2297.447288 2297.491956 2297.495303 2297.496293 2297.496665 2297.496748 2297.496665 2297.496293 2297.495303 2297.491956 2297.447288 2296.975775 2297.458453 2297.495527 0.000000 0.000000
0.000000 0.000000 0.000000 0.000000 0.000000 0.000000 0.000000 0.000000 0.000000 0.000000 0.000000 0.000000 0.000000 0.000000 0.000000 0.000000 0.000000 0.000000 0.000000 0.000000 0.000000
0.000000 0.000000 0.000000 0.000000 0.000000 0.000000 0.000000 0.000000 0.000000 0.000000 0.000000 0.000000 0.000000 0.000000 0.000000 0.000000 0.000000 0.000000 0.000000 0.000000 0.000000