geotop/1.0zi/1.0Montebello/Templates/testdem/maps/_Erotot7237.asc
ncols         21
nrows         20
xllcorner     100.000000
yllcorner     100.000000
cellsize      50.000000
NODATA_value  -9999.0
0.000000 0.000000 0.000000 0.000000 0.000000 0.000000 0.000000 0.000000 0.000000 0.000000 0.000000 0.000000 0.000000 0.000000 0.000000 0.000000 0.000000 0.000000 0.000000 0.000000 0.000000
0.000000 0.000000 585.383562 586.179957 585.817220 586.023184 585.397781 585.423580 585.371401 585.473338 585.899082 585.228305 585.113059 585.197302 585.497510 585.468175 586.244582 586.519192 586.603398 0.000000 0.000000
0.000000 0.000000 46.263503 45.034550 45.065817 45.218147 45.458603 45.304793 45.048439 44.890060 45.129723 45.415839 45.427940 45.552441 45.327110 45.125445 43.841250 43.073519 43.808242 0.000000 0.000000
0.000000 0.000000 250.472545 252.162981 240.119955 237.385272 235.896666 229.006740 229.645101 228.213195 226.988502 224.777951 227.072596 227.079966 235.251064 241.353523 242.713867 244.524608 250.222609 0.000000 0.000000
0.000000 0.000000 2666.380861 2669.523012 2673.095995 2651.693218 2636.558898 2623.261601 2625.212984 2622.203075 2627.730210 2633.574398 2628.482048 2626.806299 2639.092064 2641.939717 2651.331691 2659.881631 2661.594722 0.000000 0.000000
0.000000 0.000000 4425.275426 4419.593626 4416.207942 4409.917848 4395.291393 4387.015640 4386.332135 4385.449285 4382.042496 4376.285129 4375.373987 4378.672514 4378.728589 4397.320077 4405.608759 4412.311977 4414.248645 0.000000 0.000000
0.000000 0.000000 5643.673263 5640.759393 5636.532447 5630.668132 5617.177919 5597.791805 5597.254809 5593.421547 5594.986811 5598.724017 5600.166577 5600.717081 5625.668370 5635.314796 5639.924846 5642.259491 5647.842653 0.000000 0.000000
0.000000 0.000000 6570.234837 6570.763417 6568.102397 6559.444929 6557.840520 6549.175868 6549.811804 6549.661247 6548.824545 6544.983928 6544.283065 6550.204025 6551.263505 6555.170385 6566.372690 6564.616416 6569.714562 0.000000 0.000000
0.000000 0.000000 7813.263271 7809.220589 7803.441162 7803.909115 7793.905722 7780.132009 7781.586545 7777.331649 7775.316812 7775.144640 7777.372799 7771.772228 7788.711210 7801.555815 7802.457481 7805.494966 7807.184071 0.000000 0.000000
0.000000 0.000000 9239.932027 9236.864862 9237.439884 9234.407191 9215.563471 9207.117543 9207.313440 9206.890174 9203.881166 9207.062494 9210.075231 9209.285021 9214.780040 9227.765350 9234.233773 9235.666859 9237.037872 0.000000 0.000000
0.000000 0.000000 10790.927720 10790.356625 10787.919214 10769.977050 10766.215479 10750.998590 10756.607938 10744.296186 10748.094815 10746.499482 10740.047526 10749.353331 10757.058064 10759.333250 10770.204387 10776.436700 10786.762123 0.000000 0.000000
0.000000 0.000000 12446.648030 12439.655853 12432.702225 12430.105353 12421.133435 12403.562856 12401.069691 12401.121133 12408.200215 12398.077315 12401.565465 12401.609613 12421.316224 12428.398710 12430.294135 12433.628318 12455.576998 0.000000 0.000000
0.000000 0.000000 14154.931185 14150.925277 14151.221671 14139.860215 14134.003329 14093.794581 14092.443055 14091.587040 14073.032291 14083.632074 14087.720077 14091.716380 14118.920892 14125.008253 14144.645608 14143.952783 14152.299644 0.000000 0.000000
0.000000 0.000000 16076.948073 16079.218348 16067.758012 16064.353892 16018.932852 16032.390125 16019.648208 16020.546633 16024.933883 16021.521402 16019.790223 16015.911916 15999.791265 16049.506032 16055.359486 16072.141685 16081.250623 0.000000 0.000000
0.000000 0.000000 18205.286517 18198.192083 18191.245648 18144.986931 18150.310333 18126.919039 18110.118302 18107.685425 18098.957960 18089.895683 18094.411501 18093.046356 18119.679678 18116.999554 18186.560794 18173.031210 18172.240434 0.000000 0.000000
0.000000 0.000000 20426.840894 20424.503558 20356.582116 20369.299194 20372.946317 20361.539713 20392.606292 20380.066379 20393.413890 20385.596832 20375.921503 20393.453543 20397.446760 20397.548079 20349.077787 20445.316847 20438.497986 0.000000 0.000000
0.000000 0.000000 23056.101754 22961.511680 22973.549114 22946.911365 22895.445776 22884.793222 22863.125466 22869.801629 22841.410850 22843.133780 22856.449588 22847.941660 22870.352504 22900.524934 22970.976602 22934.002071 23035.879519 0.000000 0.000000
0.000000 0.000000 24447.814820 24517.126232 24610.886803 24605.026995 24595.380112 24515.548651 24522.826085 24497.079527 24529.590831 24522.907006 24525.522174 24528.133063 24596.346376 24604.620179 24627.184087 24540.981717 24473.743669 0.000000 0.000000
0.000000 0.000000 0.000000 0.000000 0.000000 0.000000 0.000000 0.000000 0.000000 0.000000 0.000000 0.000000 0.000000 0.000000 0.000000 0.000000 0.000000 0.000000 0.000000 0.000000 0.000000
0.000000 0.000000 0.000000 0.000000 0.000000 0.000000 0.000000 0.000000 0.000000 0.000000 0.000000 0.000000 0.000000 0.000000 0.000000 0.000000 0.000000 0.000000 0.000000 0.000000 0.000000