geotop/1.0zi/1.0Montebello/Templates/testdem/maps/_Erotot8328.asc
ncols         21
nrows         20
xllcorner     100.000000
yllcorner     100.000000
cellsize      50.000000
NODATA_value  -9999.0
0.000000 0.000000 0.000000 0.000000 0.000000 0.000000 0.000000 0.000000 0.000000 0.000000 0.000000 0.000000 0.000000 0.000000 0.000000 0.000000 0.000000 0.000000 0.000000 0.000000 0.000000
0.000000 0.000000 680.537511 681.334772 680.783733 680.888088 679.876360 680.034409 680.021263 680.084392 680.517418 679.842755 679.721119 679.773201 680.149238 680.304389 681.140963 681.689576 681.905761 0.000000 0.000000
0.000000 0.000000 52.621289 51.638074 51.879933 51.943611 52.577642 52.255200 51.961826 51.824192 52.053279 52.412533 52.432058 52.581549 52.336310 51.825141 50.552542 49.697961 50.222304 0.000000 0.000000
0.000000 0.000000 354.821327 355.956102 343.588023 338.333223 338.895942 327.582928 327.675790 328.522570 324.866391 323.082983 325.236144 325.380905 335.641977 342.710048 347.315669 350.215863 355.433456 0.000000 0.000000
0.000000 0.000000 3390.746088 3393.234035 3397.068493 3374.104684 3354.509401 3342.601764 3340.442051 3336.102740 3342.969575 3348.344345 3343.805383 3342.471786 3357.556939 3361.944192 3374.246992 3384.869775 3384.719405 0.000000 0.000000
0.000000 0.000000 5391.585362 5386.156214 5381.899713 5375.600864 5359.616548 5349.806431 5351.427521 5350.202756 5346.969118 5341.106864 5340.148230 5343.349512 5343.037944 5363.444971 5370.848630 5376.950668 5379.966616 0.000000 0.000000
0.000000 0.000000 6714.354341 6711.378986 6706.834313 6699.819114 6685.752148 6662.964149 6661.807700 6658.036494 6659.489248 6663.214564 6664.714676 6665.232022 6693.766895 6704.110771 6709.927499 6712.853429 6718.150566 0.000000 0.000000
0.000000 0.000000 7921.286426 7921.620608 7918.695702 7908.476088 7905.504184 7895.493470 7895.500111 7895.352024 7894.382851 7890.417458 7889.708428 7896.005858 7898.266834 7903.702951 7916.704691 7915.473823 7920.611015 0.000000 0.000000
0.000000 0.000000 9499.514571 9495.006739 9488.667296 9488.055842 9476.309735 9460.141505 9461.223856 9456.626720 9454.583692 9454.303225 9456.810958 9450.999070 9470.330450 9484.977388 9487.390235 9491.491543 9492.964072 0.000000 0.000000
0.000000 0.000000 11306.321115 11302.898025 11303.213881 11298.500189 11277.157592 11266.559404 11265.894359 11265.705418 11262.220670 11265.743930 11268.959177 11268.250673 11275.726789 11291.070098 11299.447776 11301.862185 11303.034409 0.000000 0.000000
0.000000 0.000000 13294.583222 13293.873246 13290.933661 13269.693272 13263.177854 13246.117747 13251.834878 13238.028110 13242.347645 13240.470904 13233.236476 13243.661081 13253.843192 13257.407312 13270.953616 13278.742011 13289.871710 0.000000 0.000000
0.000000 0.000000 15461.495018 15453.249480 15444.813215 15441.037959 15429.580495 15407.939318 15403.667968 15404.671692 15412.344161 15400.686063 15405.210383 15404.868868 15429.117151 15438.921691 15442.520624 15447.095232 15471.576753 0.000000 0.000000
0.000000 0.000000 17729.855588 17724.985349 17725.657039 17710.636787 17702.616113 17647.951244 17645.955249 17644.870738 17621.688629 17635.366546 17639.812427 17645.061857 17683.313268 17691.738420 17717.359756 17717.534705 17724.785856 0.000000 0.000000
0.000000 0.000000 20353.176043 20356.119695 20341.410785 20336.331415 20268.928680 20293.615185 20275.812762 20277.384772 20285.723207 20279.680117 20276.986950 20271.368934 20246.406050 20319.034366 20325.971490 20348.914538 20359.425628 0.000000 0.000000
0.000000 0.000000 23312.366239 23303.463062 23293.777719 23217.057870 23237.512640 23198.674941 23177.710396 23173.840781 23159.649799 23148.073239 23155.837884 23154.688218 23197.153234 23180.301383 23289.458959 23267.409674 23263.916741 0.000000 0.000000
0.000000 0.000000 26377.327376 26374.295309 26264.286807 26305.329501 26303.766314 26296.091148 26346.659638 26330.321709 26354.946443 26346.571396 26328.032182 26356.745414 26354.581538 26357.531545 26255.293527 26420.588330 26411.552246 0.000000 0.000000
0.000000 0.000000 29993.766723 29835.613483 29888.518746 29831.905618 29749.635983 29731.614068 29681.854475 29696.185506 29644.104263 29650.003897 29678.244632 29652.338376 29691.193050 29744.570729 29886.253526 29777.384101 29946.599119 0.000000 0.000000
0.000000 0.000000 31131.729291 31295.365988 31432.454504 31440.021568 31452.032945 31330.318381 31354.217540 31312.846651 31379.279691 31367.417924 31360.073166 31376.464231 31474.731210 31467.449012 31458.982209 31353.613465 31191.396087 0.000000 0.000000
0.000000 0.000000 0.000000 0.000000 0.000000 0.000000 0.000000 0.000000 0.000000 0.000000 0.000000 0.000000 0.000000 0.000000 0.000000 0.000000 0.000000 0.000000 0.000000 0.000000 0.000000
0.000000 0.000000 0.000000 0.000000 0.000000 0.000000 0.000000 0.000000 0.000000 0.000000 0.000000 0.000000 0.000000 0.000000 0.000000 0.000000 0.000000 0.000000 0.000000 0.000000 0.000000