geotop/1.0zi/1.0Montebello/Templates/testdem/maps/_Erotot4008.asc
ncols         21
nrows         20
xllcorner     100.000000
yllcorner     100.000000
cellsize      50.000000
NODATA_value  -9999.0
0.000000 0.000000 0.000000 0.000000 0.000000 0.000000 0.000000 0.000000 0.000000 0.000000 0.000000 0.000000 0.000000 0.000000 0.000000 0.000000 0.000000 0.000000 0.000000 0.000000 0.000000
0.000000 0.000000 300.982032 300.543978 300.355409 300.207271 300.235345 300.291797 300.328872 300.324404 300.311858 300.317289 300.317167 300.361004 300.230750 300.250542 300.424896 300.332018 300.423447 0.000000 0.000000
0.000000 0.000000 23.677666 24.230849 24.500404 25.209936 24.845094 24.861418 24.435820 24.368404 24.421684 24.795804 24.562301 24.391380 24.880043 24.641189 23.759700 23.199216 23.073623 0.000000 0.000000
0.000000 0.000000 137.513090 138.983442 131.963608 129.328765 130.093359 124.915383 124.092926 123.682792 122.923498 122.445343 123.563930 122.369253 125.272234 130.287947 131.041789 133.410634 136.113187 0.000000 0.000000
0.000000 0.000000 1266.669467 1272.167160 1278.958130 1274.283972 1268.417706 1265.480050 1268.880383 1263.174794 1266.694630 1270.244689 1268.924765 1265.053596 1268.914529 1265.671772 1265.635987 1267.387980 1266.649282 0.000000 0.000000
0.000000 0.000000 2390.237846 2384.693315 2380.160031 2378.582432 2374.752298 2371.241719 2369.455208 2371.864508 2371.066645 2368.197730 2363.764434 2363.871120 2363.263230 2374.950887 2381.078362 2380.550730 2383.861505 0.000000 0.000000
0.000000 0.000000 2972.371048 2967.229219 2962.544237 2955.782154 2947.331804 2933.220939 2934.353625 2930.857192 2933.929489 2933.526278 2936.189628 2938.147696 2951.618428 2957.967580 2965.562167 2969.382225 2972.626412 0.000000 0.000000
0.000000 0.000000 3402.271863 3402.788225 3402.961139 3398.879643 3398.762453 3395.904529 3396.632625 3397.196418 3394.623223 3394.785860 3393.615591 3391.386530 3393.688938 3397.352742 3398.686480 3397.987471 3398.896982 0.000000 0.000000
0.000000 0.000000 3989.360897 3988.896720 3985.588068 3985.014102 3981.678377 3973.332452 3973.636480 3971.810811 3972.415770 3972.947940 3971.602150 3971.412852 3975.976034 3983.096653 3982.997424 3984.002556 3987.489375 0.000000 0.000000
0.000000 0.000000 4655.044808 4653.578634 4652.966240 4650.011232 4642.933214 4639.132343 4640.664314 4639.912058 4639.782471 4639.663335 4638.601801 4636.050840 4642.352742 4648.121803 4650.428503 4651.017451 4652.187622 0.000000 0.000000
0.000000 0.000000 5355.827332 5354.249772 5352.019003 5350.629625 5349.832643 5340.757159 5341.142791 5338.727934 5338.898786 5339.510059 5338.219349 5336.919426 5340.678475 5342.743198 5347.077569 5348.798814 5351.600149 0.000000 0.000000
0.000000 0.000000 6082.433023 6081.239897 6078.712370 6072.917448 6069.451894 6062.769544 6061.922006 6061.508265 6061.508412 6060.570782 6059.996996 6058.971628 6066.949246 6072.196828 6075.380928 6076.132959 6092.482074 0.000000 0.000000
0.000000 0.000000 6807.263016 6805.497101 6802.746496 6800.704865 6795.199132 6779.154000 6779.471932 6777.891230 6777.672902 6778.036384 6776.307144 6775.781159 6788.846333 6796.165807 6799.022800 6800.245673 6802.330668 0.000000 0.000000
0.000000 0.000000 7578.088541 7575.484718 7572.464368 7569.386527 7554.116866 7562.140840 7557.034401 7556.063950 7556.396156 7556.328350 7555.003222 7553.872034 7547.927664 7563.610648 7567.149999 7571.802935 7571.508221 0.000000 0.000000
0.000000 0.000000 8396.493733 8391.551049 8386.853528 8377.694277 8376.130268 8362.132397 8354.820199 8353.321296 8349.206989 8348.430758 8349.155687 8345.892349 8355.151724 8362.567951 8380.855697 8376.594952 8377.663871 0.000000 0.000000
0.000000 0.000000 9205.508175 9205.223764 9187.178616 9190.523159 9191.725371 9191.757194 9194.090935 9194.056568 9196.445354 9196.167876 9193.031783 9196.380059 9193.283157 9191.802837 9181.879475 9201.329298 9205.276952 0.000000 0.000000
0.000000 0.000000 10120.711473 10101.676542 10093.505165 10087.428598 10075.833403 10071.303088 10069.885418 10069.298072 10065.844358 10065.873720 10065.507539 10062.206283 10065.218009 10079.565871 10091.415475 10091.843675 10111.363048 0.000000 0.000000
0.000000 0.000000 10807.548836 10809.516893 10826.746120 10818.866400 10814.737137 10797.663372 10796.436695 10793.976088 10795.096724 10794.609931 10792.952000 10792.640892 10808.618230 10816.165898 10826.551267 10804.409322 10806.933790 0.000000 0.000000
0.000000 0.000000 0.000000 0.000000 0.000000 0.000000 0.000000 0.000000 0.000000 0.000000 0.000000 0.000000 0.000000 0.000000 0.000000 0.000000 0.000000 0.000000 0.000000 0.000000 0.000000
0.000000 0.000000 0.000000 0.000000 0.000000 0.000000 0.000000 0.000000 0.000000 0.000000 0.000000 0.000000 0.000000 0.000000 0.000000 0.000000 0.000000 0.000000 0.000000 0.000000 0.000000