geotop/1.0zi/1.0Montebello/Templates/testdem/maps/_Erotot0519.asc
ncols         21
nrows         20
xllcorner     100.000000
yllcorner     100.000000
cellsize      50.000000
NODATA_value  -9999.0
0.000000 0.000000 0.000000 0.000000 0.000000 0.000000 0.000000 0.000000 0.000000 0.000000 0.000000 0.000000 0.000000 0.000000 0.000000 0.000000 0.000000 0.000000 0.000000 0.000000 0.000000
0.000000 0.000000 44.656582 44.657263 44.689896 44.657430 44.656687 44.657073 44.656884 44.656797 44.656770 44.656797 44.656884 44.657073 44.656687 44.657430 44.689896 44.657263 44.656582 0.000000 0.000000
0.000000 0.000000 7.667174 7.450724 5.633529 7.445778 7.693615 7.677770 7.692282 7.699124 7.700187 7.699124 7.692282 7.677770 7.693615 7.445778 5.633529 7.450724 7.667174 0.000000 0.000000
0.000000 0.000000 560.671725 560.922592 561.047366 560.833259 560.736974 560.847375 560.844555 560.780671 560.710395 560.780671 560.844555 560.847375 560.736974 560.833259 561.047366 560.922592 560.671725 0.000000 0.000000
0.000000 0.000000 810.492972 810.445532 809.688411 810.424460 810.493821 810.515737 810.510499 810.514536 810.509841 810.514536 810.510499 810.515737 810.493821 810.424460 809.688411 810.445532 810.492972 0.000000 0.000000
0.000000 0.000000 1115.826722 1115.833176 1115.127605 1115.791748 1115.858758 1115.903350 1115.907807 1115.887031 1115.866289 1115.887031 1115.907807 1115.903350 1115.858758 1115.791748 1115.127605 1115.833176 1115.826722 0.000000 0.000000
0.000000 0.000000 1447.218252 1447.227068 1446.597682 1447.187343 1447.249292 1447.295265 1447.300791 1447.277958 1447.259576 1447.277958 1447.300791 1447.295265 1447.249292 1447.187343 1446.597682 1447.227068 1447.218252 0.000000 0.000000
0.000000 0.000000 1762.244883 1762.252766 1761.669381 1762.215835 1762.274659 1762.319922 1762.325469 1762.302552 1762.285714 1762.302552 1762.325469 1762.319922 1762.274659 1762.215835 1761.669381 1762.252766 1762.244883 0.000000 0.000000
0.000000 0.000000 2062.345412 2062.353146 2061.796612 2062.317315 2062.374233 2062.418781 2062.424344 2062.401589 2062.385381 2062.401589 2062.424344 2062.418781 2062.374233 2062.317315 2061.796612 2062.353146 2062.345412 0.000000 0.000000
0.000000 0.000000 2352.449329 2352.456438 2351.915617 2352.421697 2352.477624 2352.521593 2352.527131 2352.504497 2352.488450 2352.504497 2352.527131 2352.521593 2352.477624 2352.421697 2351.915617 2352.456438 2352.449329 0.000000 0.000000
0.000000 0.000000 2634.063800 2634.070268 2633.538407 2634.036314 2634.091788 2634.135343 2634.140859 2634.118288 2634.102175 2634.118288 2634.140859 2634.135343 2634.091788 2634.036314 2633.538407 2634.070268 2634.063800 0.000000 0.000000
0.000000 0.000000 2908.162792 2908.166335 2907.644304 2908.134033 2908.188973 2908.231336 2908.237306 2908.214875 2908.199781 2908.214875 2908.237306 2908.231336 2908.188973 2908.134033 2907.644304 2908.166335 2908.162792 0.000000 0.000000
0.000000 0.000000 3175.673277 3175.675242 3175.158036 3175.645211 3175.698958 3175.740734 3175.746826 3175.724321 3175.709335 3175.724321 3175.746826 3175.740734 3175.698958 3175.645211 3175.158036 3175.675242 3175.673277 0.000000 0.000000
0.000000 0.000000 3440.044137 3440.044270 3439.530932 3440.014580 3440.069510 3440.111220 3440.117453 3440.094918 3440.079783 3440.094918 3440.117453 3440.111220 3440.069510 3440.014580 3439.530932 3440.044270 3440.044137 0.000000 0.000000
0.000000 0.000000 3700.773795 3700.774381 3700.258531 3700.744408 3700.799412 3700.840729 3700.847044 3700.824446 3700.808503 3700.824446 3700.847044 3700.840729 3700.799412 3700.744408 3700.258531 3700.774381 3700.773795 0.000000 0.000000
0.000000 0.000000 3959.208629 3959.210508 3958.703924 3959.180536 3959.235031 3959.276308 3959.282632 3959.259947 3959.243403 3959.259947 3959.282632 3959.276308 3959.235031 3959.180536 3958.703924 3959.210508 3959.208626 0.000000 0.000000
0.000000 0.000000 4213.479285 4213.479479 4212.969284 4213.450653 4213.505704 4213.546342 4213.552777 4213.530016 4213.513167 4213.530016 4213.552777 4213.546342 4213.505704 4213.450653 4212.969284 4213.479468 4213.479000 0.000000 0.000000
0.000000 0.000000 4477.516514 4477.644662 4477.135024 4477.613497 4477.668823 4477.709460 4477.716217 4477.693363 4477.676252 4477.693363 4477.716217 4477.709460 4477.668823 4477.613497 4477.135011 4477.642961 4477.642156 0.000000 0.000000
0.000000 0.000000 0.000000 0.000000 0.000000 0.000000 0.000000 0.000000 0.000000 0.000000 0.000000 0.000000 0.000000 0.000000 0.000000 0.000000 0.000000 0.000000 0.000000 0.000000 0.000000
0.000000 0.000000 0.000000 0.000000 0.000000 0.000000 0.000000 0.000000 0.000000 0.000000 0.000000 0.000000 0.000000 0.000000 0.000000 0.000000 0.000000 0.000000 0.000000 0.000000 0.000000