geotop/1.0zi/1.0Montebello/Templates/testdem/maps/_Erotot2051.asc
ncols         21
nrows         20
xllcorner     100.000000
yllcorner     100.000000
cellsize      50.000000
NODATA_value  -9999.0
0.000000 0.000000 0.000000 0.000000 0.000000 0.000000 0.000000 0.000000 0.000000 0.000000 0.000000 0.000000 0.000000 0.000000 0.000000 0.000000 0.000000 0.000000 0.000000 0.000000 0.000000
0.000000 0.000000 206.341860 206.344189 206.381682 206.371620 206.328953 206.345080 206.347763 206.336851 206.339035 206.336851 206.347763 206.345080 206.328953 206.371620 206.381682 206.344189 206.341860 0.000000 0.000000
0.000000 0.000000 11.115168 10.894073 9.113046 10.954910 11.163167 11.138531 11.146063 11.158140 11.154050 11.158140 11.146063 11.138531 11.163167 10.954910 9.113046 10.894073 11.115168 0.000000 0.000000
0.000000 0.000000 1424.701109 1424.492311 1424.684811 1422.619483 1424.862113 1424.404973 1424.433773 1425.169921 1425.188679 1425.169921 1424.433773 1424.404973 1424.862113 1422.619483 1424.684811 1424.492311 1424.701109 0.000000 0.000000
0.000000 0.000000 2884.725515 2884.513449 2883.912592 2884.597277 2885.042994 2884.847119 2884.803669 2884.968175 2884.938243 2884.968175 2884.803669 2884.847119 2885.042994 2884.597277 2883.912592 2884.513449 2884.725515 0.000000 0.000000
0.000000 0.000000 3750.588662 3750.421847 3749.810696 3749.927457 3750.802535 3750.530940 3750.557664 3750.876712 3750.918329 3750.876712 3750.557664 3750.530940 3750.802535 3749.927457 3749.810696 3750.421847 3750.588662 0.000000 0.000000
0.000000 0.000000 4907.865434 4907.731767 4907.167563 4907.285237 4908.031720 4907.799320 4907.831758 4908.114320 4908.168826 4908.114320 4907.831758 4907.799320 4908.031720 4907.285237 4907.167563 4907.731767 4907.865434 0.000000 0.000000
0.000000 0.000000 6006.993759 6006.883721 6006.356248 6006.478091 6007.126984 6006.927751 6006.956917 6007.209712 6007.264937 6007.209712 6006.956917 6006.927751 6007.126984 6006.478091 6006.356248 6006.883721 6006.993759 0.000000 0.000000
0.000000 0.000000 7041.416583 7041.315270 7040.811878 7040.932060 7041.536789 7041.352413 7041.379773 7041.618291 7041.673119 7041.618291 7041.379773 7041.352413 7041.536789 7040.932060 7040.811878 7041.315270 7041.416583 0.000000 0.000000
0.000000 0.000000 8023.198426 8023.123762 8022.630458 8022.788323 8023.304901 8023.140557 8023.172452 8023.389129 8023.442267 8023.389129 8023.172452 8023.140557 8023.304901 8022.788323 8022.630458 8023.123762 8023.198426 0.000000 0.000000
0.000000 0.000000 8958.108625 8958.024864 8957.549713 8957.681766 8958.213283 8958.048504 8958.075901 8958.290885 8958.341770 8958.290885 8958.075901 8958.048504 8958.213283 8957.681766 8957.549713 8958.024864 8958.108625 0.000000 0.000000
0.000000 0.000000 9854.978778 9854.893033 9854.433196 9854.558073 9855.078527 9854.919808 9854.945881 9855.154618 9855.205427 9855.154618 9854.945881 9854.919808 9855.078527 9854.558073 9854.433196 9854.893033 9854.978778 0.000000 0.000000
0.000000 0.000000 10722.947463 10722.864890 10722.410532 10722.536049 10723.040018 10722.884780 10722.910888 10723.114964 10723.164251 10723.114964 10722.910888 10722.884780 10723.040018 10722.536049 10722.410532 10722.864890 10722.947463 0.000000 0.000000
0.000000 0.000000 11564.954116 11564.878217 11564.431714 11564.575984 11565.043972 11564.894471 11564.922187 11565.119009 11565.167079 11565.119009 11564.922187 11564.894471 11565.043972 11564.575984 11564.431714 11564.878217 11564.954116 0.000000 0.000000
0.000000 0.000000 12383.926097 12383.847358 12383.402395 12383.535275 12384.011128 12383.862135 12383.888468 12384.084922 12384.131900 12384.084922 12383.888468 12383.862135 12384.011128 12383.535275 12383.402395 12383.847358 12383.926097 0.000000 0.000000
0.000000 0.000000 13182.267547 13182.190025 13181.755559 13181.881331 13182.346891 13182.202007 13182.228090 13182.420011 13182.466529 13182.420011 13182.228090 13182.202007 13182.346891 13181.881331 13181.755559 13182.190025 13182.267542 0.000000 0.000000
0.000000 0.000000 13959.700960 13959.624155 13959.190098 13959.319129 13959.778317 13959.633889 13959.659372 13959.848064 13959.893203 13959.848064 13959.659372 13959.633889 13959.778317 13959.319129 13959.190098 13959.624134 13959.700491 0.000000 0.000000
0.000000 0.000000 14749.836495 14750.099412 14749.672960 14749.797030 14750.254388 14750.110954 14750.134231 14750.320903 14750.364936 14750.320903 14750.134231 14750.110954 14750.254388 14749.797030 14749.672942 14750.095962 14750.171961 0.000000 0.000000
0.000000 0.000000 0.000000 0.000000 0.000000 0.000000 0.000000 0.000000 0.000000 0.000000 0.000000 0.000000 0.000000 0.000000 0.000000 0.000000 0.000000 0.000000 0.000000 0.000000 0.000000
0.000000 0.000000 0.000000 0.000000 0.000000 0.000000 0.000000 0.000000 0.000000 0.000000 0.000000 0.000000 0.000000 0.000000 0.000000 0.000000 0.000000 0.000000 0.000000 0.000000 0.000000