geotop/1.0zi/1.0Montebello/Templates/testdem/maps/_Erotot3807.asc
ncols         21
nrows         20
xllcorner     100.000000
yllcorner     100.000000
cellsize      50.000000
NODATA_value  -9999.0
0.000000 0.000000 0.000000 0.000000 0.000000 0.000000 0.000000 0.000000 0.000000 0.000000 0.000000 0.000000 0.000000 0.000000 0.000000 0.000000 0.000000 0.000000 0.000000 0.000000 0.000000
0.000000 0.000000 281.533548 281.094393 280.905824 280.758221 280.787559 280.845370 280.879747 280.878413 280.863959 280.869825 280.869430 280.911837 280.781512 280.799939 280.975649 280.882759 280.975741 0.000000 0.000000
0.000000 0.000000 22.427425 22.979636 23.257321 23.996747 23.641614 23.647906 23.232293 23.158266 23.221891 23.580633 23.329840 23.154854 23.587731 23.355668 22.515007 21.963570 21.837575 0.000000 0.000000
0.000000 0.000000 136.442094 137.507647 130.741415 128.238539 129.279200 124.189370 123.359645 122.979383 122.172020 121.747421 122.885076 121.422928 123.897123 128.953598 129.792677 131.963877 134.848529 0.000000 0.000000
0.000000 0.000000 1254.740966 1260.881819 1266.918523 1258.696976 1249.311911 1243.346892 1246.644783 1240.614756 1246.021853 1248.113493 1248.380602 1249.283809 1257.758515 1255.183932 1254.641668 1255.853501 1254.858520 0.000000 0.000000
0.000000 0.000000 2339.781742 2334.831472 2329.327471 2326.978652 2318.232335 2313.212008 2310.610715 2312.657177 2311.030185 2310.086906 2310.323764 2312.944466 2313.652037 2325.323064 2330.530646 2329.952295 2332.947753 0.000000 0.000000
0.000000 0.000000 2807.890961 2803.384868 2798.344262 2789.532876 2779.523928 2765.947504 2767.117326 2764.049823 2767.048127 2766.355587 2768.212714 2773.237674 2788.371722 2794.448222 2800.999904 2804.605905 2807.732428 0.000000 0.000000
0.000000 0.000000 3237.189394 3237.992696 3237.691128 3232.331291 3230.364858 3226.548789 3227.079052 3227.523388 3225.204688 3225.452800 3225.095503 3225.001877 3228.988045 3233.131064 3233.993769 3232.939673 3233.701080 0.000000 0.000000
0.000000 0.000000 3798.673112 3798.542213 3794.739758 3792.636121 3786.949111 3777.423104 3777.475152 3775.545521 3776.373220 3776.987743 3776.957181 3779.292481 3785.857175 3793.285824 3792.622743 3793.363393 3796.693121 0.000000 0.000000
0.000000 0.000000 4427.560935 4426.515170 4425.403692 4420.765552 4411.042251 4405.995462 4407.254328 4406.407720 4406.484519 4406.506880 4406.985744 4407.249060 4415.572499 4421.606555 4423.224955 4423.506256 4424.505559 0.000000 0.000000
0.000000 0.000000 5087.616031 5086.455782 5083.725174 5080.599474 5077.036291 5066.710229 5066.810359 5064.318825 5064.695752 5065.470191 5065.820251 5067.407907 5073.218913 5075.533725 5079.159998 5080.570708 5083.178944 0.000000 0.000000
0.000000 0.000000 5770.234764 5769.479800 5766.448288 5758.930130 5752.649471 5744.665911 5743.531223 5743.034642 5743.224791 5742.490470 5743.649254 5745.605881 5755.578666 5761.009247 5763.472309 5763.915735 5779.955296 0.000000 0.000000
0.000000 0.000000 6450.143693 6448.824937 6445.566422 6441.725247 6433.388235 6416.614745 6416.617525 6414.964259 6414.963843 6415.534646 6415.930485 6418.393581 6432.611895 6440.102968 6442.228840 6443.145097 6445.064899 0.000000 0.000000
0.000000 0.000000 7173.377746 7171.245293 7167.780082 7163.095754 7145.951249 7152.404154 7147.068074 7146.018145 7146.549418 7146.716793 7147.137128 7148.832029 7144.926533 7160.001302 7162.812153 7167.105842 7166.673158 0.000000 0.000000
0.000000 0.000000 7940.168960 7935.678607 7930.657764 7920.287325 7915.830949 7900.703425 7893.211895 7891.664580 7887.869174 7887.324913 7889.820376 7889.551778 7900.647694 7908.223297 7925.074466 7920.587575 7921.465597 0.000000 0.000000
0.000000 0.000000 8694.660267 8694.879315 8677.529174 8678.891370 8676.901003 8675.284363 8677.126314 8676.967661 8679.455742 8679.456054 8678.452928 8684.755689 8683.978322 8682.959829 8672.622047 8690.302268 8693.938622 0.000000 0.000000
0.000000 0.000000 9548.902853 9532.216226 9523.909245 9515.942061 9501.478673 9495.485385 9493.723825 9493.078533 9490.010853 9490.297755 9491.880140 9492.048366 9497.260228 9511.387998 9522.167840 9522.173396 9539.729346 0.000000 0.000000
0.000000 0.000000 10192.937916 10195.101563 10210.352080 10200.592464 10193.364884 10175.749852 10174.205040 10171.748586 10172.936749 10172.770965 10173.254290 10176.099814 10193.289165 10200.996823 10210.258760 10189.388282 10191.765115 0.000000 0.000000
0.000000 0.000000 0.000000 0.000000 0.000000 0.000000 0.000000 0.000000 0.000000 0.000000 0.000000 0.000000 0.000000 0.000000 0.000000 0.000000 0.000000 0.000000 0.000000 0.000000 0.000000
0.000000 0.000000 0.000000 0.000000 0.000000 0.000000 0.000000 0.000000 0.000000 0.000000 0.000000 0.000000 0.000000 0.000000 0.000000 0.000000 0.000000 0.000000 0.000000 0.000000 0.000000