geotop/1.0zi/1.0Montebello/Templates/testdem/maps/_Erotot9760.asc
ncols         21
nrows         20
xllcorner     100.000000
yllcorner     100.000000
cellsize      50.000000
NODATA_value  -9999.0
0.000000 0.000000 0.000000 0.000000 0.000000 0.000000 0.000000 0.000000 0.000000 0.000000 0.000000 0.000000 0.000000 0.000000 0.000000 0.000000 0.000000 0.000000 0.000000 0.000000 0.000000
0.000000 0.000000 812.026191 812.176592 810.996305 810.533361 808.960760 808.522974 808.619235 808.677979 809.031697 808.471034 808.330062 808.364046 809.329429 809.912223 811.272984 812.507852 813.158240 0.000000 0.000000
0.000000 0.000000 61.269732 59.921112 60.215121 59.993393 60.727634 60.235241 59.872324 59.718165 59.954750 60.110558 60.281351 60.354767 60.240840 59.755154 58.731203 57.834381 58.621964 0.000000 0.000000
0.000000 0.000000 536.533646 540.383296 525.967147 518.503708 517.933482 509.931961 517.000081 518.945872 515.048927 515.963755 520.264906 519.670781 528.503840 539.043964 541.948232 540.462448 545.913757 0.000000 0.000000
0.000000 0.000000 4537.376976 4530.952783 4527.092875 4488.119916 4462.005334 4446.446693 4438.923105 4432.642193 4438.532278 4444.083810 4444.032579 4437.710261 4458.718311 4465.327460 4484.385051 4495.654108 4496.816297 0.000000 0.000000
0.000000 0.000000 6750.207727 6743.930293 6739.216597 6741.495094 6713.345903 6700.603992 6704.350819 6703.165816 6697.743185 6691.182131 6689.008673 6693.341361 6695.029193 6722.309664 6722.408979 6729.868815 6731.727687 0.000000 0.000000
0.000000 0.000000 8290.596840 8284.433467 8280.570415 8267.477946 8260.627436 8223.897795 8223.216296 8219.886184 8218.296999 8222.301610 8222.822216 8223.906104 8259.679459 8264.055119 8273.706620 8276.662911 8281.776422 0.000000 0.000000
0.000000 0.000000 9938.325111 9934.165228 9927.424565 9911.622590 9901.090443 9896.882525 9897.477288 9894.930846 9893.839788 9889.801659 9889.125178 9896.143443 9894.984161 9906.614339 9922.440465 9920.043427 9926.320703 0.000000 0.000000
0.000000 0.000000 12029.454278 12023.000624 12014.075147 12008.110661 11990.459370 11967.288296 11970.489106 11966.064439 11961.868262 11961.396806 11964.684276 11957.969524 11985.532656 12001.343288 12004.269497 12008.073338 12010.604157 0.000000 0.000000
0.000000 0.000000 14477.019134 14466.578715 14462.155848 14452.759402 14436.774760 14416.690896 14415.566265 14413.063339 14407.453768 14411.834730 14415.264190 14414.332921 14423.544809 14445.553617 14454.119774 14458.299990 14457.530471 0.000000 0.000000
0.000000 0.000000 17221.715159 17216.410035 17212.585748 17176.742056 17176.187266 17146.751529 17155.225254 17136.242369 17141.228693 17136.806322 17128.699990 17140.308865 17157.547100 17163.276212 17179.709249 17183.112378 17202.007942 0.000000 0.000000
0.000000 0.000000 20309.987399 20293.955026 20273.139829 20269.984361 20257.143150 20222.834857 20221.157258 20222.760463 20228.882762 20212.540773 20221.085015 20217.370064 20249.275658 20265.897187 20268.221075 20274.534215 20301.258755 0.000000 0.000000
0.000000 0.000000 23609.458803 23597.932276 23599.498549 23576.090346 23555.715414 23474.307754 23468.546289 23465.474894 23425.000165 23452.015624 23453.406438 23461.611179 23523.966665 23534.007358 23571.406637 23570.843841 23575.445844 0.000000 0.000000
0.000000 0.000000 27548.788986 27547.247512 27516.429424 27500.295858 27388.403264 27451.862533 27423.002297 27423.732041 27443.780952 27424.216541 27422.307795 27406.824816 27345.610306 27477.524588 27477.112403 27509.958641 27525.833879 0.000000 0.000000
0.000000 0.000000 31715.994803 31703.387307 31683.397925 31552.215810 31628.531869 31539.710641 31519.344958 31510.821119 31479.030146 31467.647155 31481.877240 31483.993658 31564.236431 31483.955575 31668.455836 31619.587535 31607.704862 0.000000 0.000000
0.000000 0.000000 35217.118014 35209.155828 35066.687917 35158.497137 35134.480618 35146.268201 35219.698242 35198.527650 35235.967234 35229.368223 35201.399970 35236.577813 35211.193658 35240.330404 35045.774185 35275.546331 35266.598452 0.000000 0.000000
0.000000 0.000000 38204.919080 38086.048534 38149.922354 38096.588121 38034.249151 38018.711216 37972.558495 37986.500118 37941.716735 37948.459265 37973.244166 37949.126903 37983.554431 38019.657876 38143.930489 38027.357455 38153.871932 0.000000 0.000000
0.000000 0.000000 39113.303537 39188.683160 39268.095508 39261.389952 39257.889785 39192.947944 39201.443553 39179.452195 39209.514693 39204.132017 39205.086101 39207.496016 39260.077873 39265.810788 39276.776314 39202.849052 39129.062308 0.000000 0.000000
0.000000 0.000000 0.000000 0.000000 0.000000 0.000000 0.000000 0.000000 0.000000 0.000000 0.000000 0.000000 0.000000 0.000000 0.000000 0.000000 0.000000 0.000000 0.000000 0.000000 0.000000
0.000000 0.000000 0.000000 0.000000 0.000000 0.000000 0.000000 0.000000 0.000000 0.000000 0.000000 0.000000 0.000000 0.000000 0.000000 0.000000 0.000000 0.000000 0.000000 0.000000 0.000000