geotop/1.0zi/1.0Montebello/Templates/testdem/maps/_Erotot9074.asc
ncols         21
nrows         20
xllcorner     100.000000
yllcorner     100.000000
cellsize      50.000000
NODATA_value  -9999.0
0.000000 0.000000 0.000000 0.000000 0.000000 0.000000 0.000000 0.000000 0.000000 0.000000 0.000000 0.000000 0.000000 0.000000 0.000000 0.000000 0.000000 0.000000 0.000000 0.000000 0.000000
0.000000 0.000000 722.750025 723.402986 722.831530 722.915105 721.894025 722.014901 722.098850 722.173695 722.557916 721.924030 721.813745 721.854054 722.262739 722.393353 723.217761 723.829123 723.985840 0.000000 0.000000
0.000000 0.000000 56.394359 55.321788 55.619932 55.551078 56.374885 56.047993 55.675493 55.541827 55.742359 56.070859 56.128470 56.243910 56.018539 55.415364 54.146613 53.279600 53.894176 0.000000 0.000000
0.000000 0.000000 428.301285 430.094385 417.041468 410.813530 410.244656 404.383026 409.379427 411.057263 407.112267 405.516157 408.933946 408.440726 416.930493 425.403414 429.212746 423.612962 430.885425 0.000000 0.000000
0.000000 0.000000 3989.893702 3983.160969 3977.187520 3943.968868 3918.057838 3905.526861 3898.040139 3891.465724 3899.040657 3905.497837 3903.772207 3898.753266 3918.418800 3922.923650 3938.654658 3949.789425 3949.996304 0.000000 0.000000
0.000000 0.000000 6106.292836 6100.931937 6096.677446 6098.447699 6076.479825 6063.353754 6068.052747 6067.659194 6063.431086 6057.238324 6055.482216 6059.651153 6059.825932 6084.913951 6086.273222 6092.399685 6094.704822 0.000000 0.000000
0.000000 0.000000 7536.622289 7530.839784 7526.848048 7515.999631 7506.886781 7473.864771 7474.226222 7471.709452 7471.250418 7475.502882 7476.015668 7476.980074 7509.942415 7515.816832 7524.189133 7526.613588 7531.630289 0.000000 0.000000
0.000000 0.000000 8960.901166 8958.122751 8953.187611 8940.975238 8934.660420 8930.780508 8931.469405 8929.597752 8929.571677 8925.277294 8924.025141 8931.426331 8929.820816 8938.501962 8952.757889 8948.776326 8954.927966 0.000000 0.000000
0.000000 0.000000 10796.710262 10791.337809 10783.178215 10780.483414 10764.793550 10745.669011 10748.410497 10744.359969 10740.988394 10740.422634 10743.156434 10736.906412 10761.100218 10775.180190 10776.661190 10778.677946 10782.227918 0.000000 0.000000
0.000000 0.000000 12923.379618 12915.498338 12913.507529 12906.779048 12882.744135 12871.529443 12870.832899 12869.615059 12865.367242 12869.644838 12872.603748 12872.228675 12879.620208 12898.515841 12906.170001 12908.433159 12907.627328 0.000000 0.000000
0.000000 0.000000 15279.735696 15276.878614 15272.740886 15244.272138 15237.560778 15216.584326 15224.773582 15207.488029 15213.213399 15209.259430 15201.497554 15212.458140 15227.014054 15230.533566 15245.728380 15249.241085 15264.323651 0.000000 0.000000
0.000000 0.000000 17891.046522 17880.644394 17864.548343 17861.611064 17844.570996 17821.154855 17819.095715 17822.383258 17828.172865 17814.972328 17822.109537 17819.905949 17846.631672 17859.384055 17859.738085 17863.444642 17888.963056 0.000000 0.000000
0.000000 0.000000 20656.757170 20645.948650 20648.184685 20624.189211 20614.268478 20545.773370 20543.106082 20542.042629 20511.681454 20530.929834 20533.170417 20540.498633 20590.952062 20599.793033 20630.347187 20627.290069 20633.981882 0.000000 0.000000
0.000000 0.000000 23925.803544 23926.598620 23903.158214 23895.700953 23804.083107 23845.593451 23824.829868 23826.491121 23840.266549 23827.717336 23826.284989 23814.874810 23775.634863 23877.444321 23879.435785 23904.371364 23917.779490 0.000000 0.000000
0.000000 0.000000 27571.526243 27555.463613 27537.917357 27432.007480 27475.913358 27417.017654 27394.453561 27389.751938 27366.300781 27354.283222 27364.930495 27365.794868 27425.948045 27382.911444 27532.420268 27492.246216 27485.102764 0.000000 0.000000
0.000000 0.000000 31132.726149 31125.512160 30982.071390 31054.089336 31039.288954 31041.969491 31113.361940 31091.886555 31126.891491 31118.548552 31092.264328 31128.103310 31114.772851 31130.344430 30963.764145 31182.924421 31173.344866 0.000000 0.000000
0.000000 0.000000 34880.981189 34710.260859 34789.059211 34714.548209 34627.328416 34606.417678 34542.574343 34561.249784 34499.312644 34507.677467 34542.314835 34507.477077 34553.798778 34608.195340 34782.894518 34627.878537 34806.990846 0.000000 0.000000
0.000000 0.000000 35726.818407 35881.852119 36001.441284 36005.194214 36017.625753 35909.097640 35934.442157 35896.457965 35958.728088 35947.503260 35939.889377 35955.054495 36040.328275 36033.732895 36020.473107 35926.344416 35771.516740 0.000000 0.000000
0.000000 0.000000 0.000000 0.000000 0.000000 0.000000 0.000000 0.000000 0.000000 0.000000 0.000000 0.000000 0.000000 0.000000 0.000000 0.000000 0.000000 0.000000 0.000000 0.000000 0.000000
0.000000 0.000000 0.000000 0.000000 0.000000 0.000000 0.000000 0.000000 0.000000 0.000000 0.000000 0.000000 0.000000 0.000000 0.000000 0.000000 0.000000 0.000000 0.000000 0.000000 0.000000