geotop/1.0zi/1.0Montebello/Templates/testdem/maps/_Erotot9111.asc
ncols         21
nrows         20
xllcorner     100.000000
yllcorner     100.000000
cellsize      50.000000
NODATA_value  -9999.0
0.000000 0.000000 0.000000 0.000000 0.000000 0.000000 0.000000 0.000000 0.000000 0.000000 0.000000 0.000000 0.000000 0.000000 0.000000 0.000000 0.000000 0.000000 0.000000 0.000000 0.000000
0.000000 0.000000 722.838662 723.500766 722.928232 723.010200 721.981530 722.106558 722.186127 722.260987 722.645270 722.011387 721.901105 721.941458 722.350376 722.488569 723.314553 723.927157 724.074954 0.000000 0.000000
0.000000 0.000000 56.420840 55.328827 55.636148 55.569872 56.382239 56.064621 55.696370 55.562684 55.763129 56.091618 56.149224 56.264617 56.025706 55.434585 54.162689 53.286386 53.901053 0.000000 0.000000
0.000000 0.000000 428.233279 430.044335 416.973488 410.743408 410.178200 404.315863 409.312431 410.990416 407.045766 405.449821 408.867533 408.374238 416.864950 425.333856 429.145983 423.562778 430.835868 0.000000 0.000000
0.000000 0.000000 3999.387953 3992.679236 3986.756154 3953.487757 3927.599762 3915.017667 3907.522598 3900.930670 3908.446268 3914.853625 3913.179350 3908.162117 3927.839362 3932.305625 3948.115526 3959.294152 3959.455269 0.000000 0.000000
0.000000 0.000000 6124.475666 6119.108516 6114.841155 6116.616128 6094.625189 6082.204084 6086.902857 6086.516585 6082.305187 6076.152994 6074.355207 6078.524294 6078.008753 6103.138066 6104.467832 6110.586752 6112.899966 0.000000 0.000000
0.000000 0.000000 7557.681060 7551.904375 7547.920809 7537.055729 7527.923103 7494.452839 7494.813809 7492.291944 7491.827910 7496.076556 7496.593077 7497.558120 7530.959290 7536.847417 7545.232512 7547.670919 7552.676673 0.000000 0.000000
0.000000 0.000000 8990.430117 8987.658773 8982.734011 8970.494046 8964.160033 8960.346027 8961.032202 8959.152803 8959.116822 8954.815069 8953.568309 8960.973213 8959.287422 8967.984824 8982.264279 8978.299751 8984.437885 0.000000 0.000000
0.000000 0.000000 10837.314919 10831.946617 10823.791601 10821.071024 10805.351304 10786.303968 10789.044787 10784.981967 10781.595637 10781.022530 10783.765723 10777.510838 10801.615309 10815.721967 10817.224574 10819.264342 10822.798122 0.000000 0.000000
0.000000 0.000000 12977.418261 12969.536585 12967.560170 12960.794057 12936.705276 12925.582068 12924.879289 12923.653447 12919.384988 12923.661616 12926.634822 12926.257864 12933.535065 12952.472628 12960.161010 12962.449639 12961.619374 0.000000 0.000000
0.000000 0.000000 15351.508114 15348.661533 15344.530867 15315.966555 15309.236981 15288.339395 15296.548187 15279.205240 15284.933240 15280.958731 15273.180974 15284.175839 15298.612569 15302.142132 15317.390973 15320.941239 15336.037628 0.000000 0.000000
0.000000 0.000000 17981.621858 17971.195629 17955.061319 17952.113123 17934.994465 17911.659705 17909.570020 17912.891452 17918.681765 17905.418330 17912.608604 17910.371094 17937.027497 17949.843051 17950.207198 17953.942391 17979.526527 0.000000 0.000000
0.000000 0.000000 20770.779450 20759.955111 20762.253073 20738.115901 20728.158762 20659.343280 20656.671884 20655.578981 20624.997356 20644.389331 20646.636346 20654.016869 20704.624551 20713.505539 20744.255843 20741.210250 20747.811389 0.000000 0.000000
0.000000 0.000000 24070.212321 24071.059677 24047.477646 24040.016167 23947.502564 23989.855955 23968.920011 23970.603289 23984.599191 23971.853392 23970.395926 23958.862789 23918.888621 24021.648353 24023.558981 24048.736101 24062.198830 0.000000 0.000000
0.000000 0.000000 27747.373543 27731.245434 27713.689021 27606.658025 27651.514619 27589.222099 27566.609444 27561.835040 27538.058906 27526.003699 27536.801997 27537.724408 27601.192586 27557.189766 27708.193238 27667.553317 27660.223290 0.000000 0.000000
0.000000 0.000000 31322.176523 31315.037015 31170.850085 31244.046704 31228.852863 31233.239996 31305.130714 31283.606864 31318.950451 31310.648717 31284.125986 31320.155998 31305.053286 31320.952078 31152.455120 31373.219308 31363.602255 0.000000 0.000000
0.000000 0.000000 35060.753485 34891.307316 34970.255015 34895.990565 34809.455923 34788.709497 34724.950938 34743.610496 34681.879420 34690.223792 34724.774887 34689.998654 34736.049847 34789.955493 34964.159971 34809.243891 34987.154128 0.000000 0.000000
0.000000 0.000000 35907.320183 36059.206653 36177.252328 36180.583288 36192.435642 36085.541717 36110.258502 36072.877177 36133.954648 36122.935263 36115.631141 36130.328160 36214.340603 36208.136141 36195.882400 36102.541644 35950.857010 0.000000 0.000000
0.000000 0.000000 0.000000 0.000000 0.000000 0.000000 0.000000 0.000000 0.000000 0.000000 0.000000 0.000000 0.000000 0.000000 0.000000 0.000000 0.000000 0.000000 0.000000 0.000000 0.000000
0.000000 0.000000 0.000000 0.000000 0.000000 0.000000 0.000000 0.000000 0.000000 0.000000 0.000000 0.000000 0.000000 0.000000 0.000000 0.000000 0.000000 0.000000 0.000000 0.000000 0.000000