geotop/1.0zi/1.0Montebello/Templates/testdem/maps/_Erotot0274.asc
ncols         21
nrows         20
xllcorner     100.000000
yllcorner     100.000000
cellsize      50.000000
NODATA_value  -9999.0
0.000000 0.000000 0.000000 0.000000 0.000000 0.000000 0.000000 0.000000 0.000000 0.000000 0.000000 0.000000 0.000000 0.000000 0.000000 0.000000 0.000000 0.000000 0.000000 0.000000 0.000000
0.000000 0.000000 30.642447 30.643155 30.675758 30.643318 30.642565 30.642939 30.642734 30.642669 30.642645 30.642669 30.642734 30.642939 30.642565 30.643318 30.675758 30.643155 30.642447 0.000000 0.000000
0.000000 0.000000 8.648666 8.408820 6.615296 8.404156 8.652819 8.637502 8.654241 8.658895 8.660566 8.658895 8.654241 8.637502 8.652819 8.404156 6.615296 8.408820 8.648666 0.000000 0.000000
0.000000 0.000000 417.908296 418.050144 418.245597 417.978595 417.869538 417.943672 417.908649 417.899913 417.896664 417.899913 417.908649 417.943672 417.869538 417.978595 418.245597 418.050144 417.908296 0.000000 0.000000
0.000000 0.000000 530.697918 530.648504 529.883209 530.613253 530.684318 530.699488 530.700953 530.701272 530.701249 530.701272 530.700953 530.699488 530.684318 530.613253 529.883209 530.648504 530.697918 0.000000 0.000000
0.000000 0.000000 732.859003 732.816276 732.136019 732.779966 732.843708 732.866133 732.862774 732.862188 732.861861 732.862188 732.862774 732.866133 732.843708 732.779966 732.136019 732.816276 732.859003 0.000000 0.000000
0.000000 0.000000 928.171901 928.131107 927.525104 928.098691 928.157843 928.178942 928.175816 928.175306 928.175016 928.175306 928.175816 928.178942 928.157843 928.098691 927.525104 928.131107 928.171901 0.000000 0.000000
0.000000 0.000000 1110.649885 1110.609002 1110.046908 1110.580253 1110.636966 1110.656674 1110.653857 1110.653405 1110.653146 1110.653405 1110.653857 1110.656674 1110.636966 1110.580253 1110.046908 1110.609002 1110.649885 0.000000 0.000000
0.000000 0.000000 1283.273297 1283.232769 1282.695908 1283.205556 1283.260931 1283.279749 1283.277260 1283.276878 1283.276648 1283.276878 1283.277260 1283.279749 1283.260931 1283.205556 1282.695908 1283.232769 1283.273297 0.000000 0.000000
0.000000 0.000000 1449.699582 1449.658728 1449.136161 1449.632806 1449.687629 1449.705867 1449.703576 1449.703223 1449.703007 1449.703223 1449.703576 1449.705867 1449.687629 1449.632806 1449.136161 1449.658728 1449.699582 0.000000 0.000000
0.000000 0.000000 1610.234721 1610.193351 1609.678420 1610.168317 1610.223045 1610.240934 1610.238763 1610.238421 1610.238212 1610.238421 1610.238763 1610.240934 1610.223045 1610.168317 1609.678420 1610.193351 1610.234721 0.000000 0.000000
0.000000 0.000000 1766.480325 1766.438619 1765.930146 1766.414774 1766.469220 1766.486285 1766.484456 1766.484178 1766.483995 1766.484178 1766.484456 1766.486285 1766.469220 1766.414774 1765.930146 1766.438619 1766.480325 0.000000 0.000000
0.000000 0.000000 1918.214808 1918.173474 1917.666906 1918.150999 1918.204252 1918.220964 1918.219030 1918.218690 1918.218494 1918.218690 1918.219030 1918.220964 1918.204252 1918.150999 1917.666906 1918.173474 1918.214808 0.000000 0.000000
0.000000 0.000000 2067.278463 2067.235512 2066.731469 2067.213140 2067.267758 2067.284493 2067.282691 2067.282377 2067.282190 2067.282377 2067.282691 2067.284493 2067.267758 2067.213140 2066.731469 2067.235512 2067.278463 0.000000 0.000000
0.000000 0.000000 2214.865988 2214.822914 2214.315651 2214.800172 2214.855288 2214.871956 2214.870305 2214.870020 2214.869841 2214.870020 2214.870305 2214.871956 2214.855288 2214.800172 2214.315651 2214.822914 2214.865988 0.000000 0.000000
0.000000 0.000000 2360.707665 2360.664934 2360.167182 2360.642286 2360.697028 2360.713582 2360.712034 2360.711764 2360.711590 2360.711764 2360.712034 2360.713582 2360.697028 2360.642286 2360.167182 2360.664934 2360.707663 0.000000 0.000000
0.000000 0.000000 2503.923208 2503.878637 2503.375847 2503.857163 2503.912867 2503.928942 2503.927584 2503.927322 2503.927158 2503.927322 2503.927584 2503.928942 2503.912867 2503.857163 2503.375847 2503.878629 2503.923139 0.000000 0.000000
0.000000 0.000000 2659.073271 2659.140270 2658.637510 2659.116824 2659.172889 2659.188906 2659.187799 2659.187593 2659.187444 2659.187593 2659.187799 2659.188906 2659.172889 2659.116824 2658.637500 2659.139177 2659.183494 0.000000 0.000000
0.000000 0.000000 0.000000 0.000000 0.000000 0.000000 0.000000 0.000000 0.000000 0.000000 0.000000 0.000000 0.000000 0.000000 0.000000 0.000000 0.000000 0.000000 0.000000 0.000000 0.000000
0.000000 0.000000 0.000000 0.000000 0.000000 0.000000 0.000000 0.000000 0.000000 0.000000 0.000000 0.000000 0.000000 0.000000 0.000000 0.000000 0.000000 0.000000 0.000000 0.000000 0.000000