geotop/1.0zi/1.0Montebello/Templates/testdem/maps/_Erotot7724.asc
ncols         21
nrows         20
xllcorner     100.000000
yllcorner     100.000000
cellsize      50.000000
NODATA_value  -9999.0
0.000000 0.000000 0.000000 0.000000 0.000000 0.000000 0.000000 0.000000 0.000000 0.000000 0.000000 0.000000 0.000000 0.000000 0.000000 0.000000 0.000000 0.000000 0.000000 0.000000 0.000000
0.000000 0.000000 645.700311 646.522593 645.998783 646.129494 645.143771 645.326494 645.314596 645.377677 645.810417 645.135217 645.013315 645.066260 645.416801 645.546923 646.356627 646.878793 647.069760 0.000000 0.000000
0.000000 0.000000 50.234131 49.253220 49.187058 49.587524 50.220198 49.900634 49.605268 49.475608 49.708644 50.052270 50.076416 50.228971 49.985918 49.463730 48.178348 47.305767 47.826719 0.000000 0.000000
0.000000 0.000000 353.457549 354.629313 342.536600 336.875701 337.418007 326.097232 326.226690 327.031113 323.361526 321.614329 323.752326 323.894265 334.146516 341.155156 345.755336 348.691729 353.582558 0.000000 0.000000
0.000000 0.000000 3024.051692 3026.221743 3029.761445 3007.325152 2988.840732 2979.000558 2978.314144 2973.665110 2980.670481 2985.983973 2981.515893 2980.103692 2994.625333 2997.557449 3007.294626 3015.891746 3015.596915 0.000000 0.000000
0.000000 0.000000 4874.966899 4869.706288 4866.093664 4860.146936 4845.452980 4835.671775 4836.561319 4835.492461 4832.122320 4826.427896 4825.405390 4828.642823 4827.916458 4847.475073 4855.360469 4862.251175 4865.287908 0.000000 0.000000
0.000000 0.000000 6147.458803 6144.440515 6140.089681 6133.274333 6119.722554 6098.466467 6097.437842 6093.645091 6095.080555 6098.858625 6100.363851 6100.850192 6128.074782 6137.876433 6143.309208 6146.043297 6151.243372 0.000000 0.000000
0.000000 0.000000 7205.043290 7205.313876 7202.463990 7192.641836 7190.473521 7181.434479 7181.644795 7181.471653 7180.531008 7176.636627 7175.964787 7182.157326 7183.746825 7188.382334 7200.621862 7199.174875 7204.085530 0.000000 0.000000
0.000000 0.000000 8603.268040 8598.781304 8592.696782 8592.343678 8581.611457 8566.619530 8567.890006 8563.365651 8561.345556 8561.119392 8563.563567 8557.832225 8576.206176 8589.814128 8591.492511 8595.150340 8596.479705 0.000000 0.000000
0.000000 0.000000 10205.067804 10201.640548 10202.017965 10197.751248 10177.860553 10168.517902 10168.137985 10167.884920 10164.504193 10167.980019 10171.061701 10170.370804 10176.960336 10191.023229 10198.425627 10200.386602 10201.434685 0.000000 0.000000
0.000000 0.000000 11956.389067 11955.543983 11952.842700 11932.804924 11927.235736 11911.904439 11917.578218 11904.443980 11908.516175 11906.797200 11899.987782 11909.779378 11918.957116 11921.669258 11933.938875 11940.875741 11951.376041 0.000000 0.000000
0.000000 0.000000 13848.987440 13841.114546 13833.331987 13829.825354 13819.931997 13800.533014 13797.000734 13797.531075 13804.740029 13793.957460 13797.998901 13797.950365 13819.838400 13828.105281 13830.842547 13834.859583 13857.621307 0.000000 0.000000
0.000000 0.000000 15810.926540 15806.121964 15806.608491 15792.901888 15786.261496 15739.711088 15738.044052 15737.114395 15716.459917 15728.406025 15732.614797 15737.245139 15769.656001 15776.530034 15799.061549 15798.753691 15806.471921 0.000000 0.000000
0.000000 0.000000 18050.042998 18052.379025 18039.356966 18034.587557 17979.700134 17998.103577 17982.957216 17984.056821 17990.013289 17985.594398 17983.604754 17979.050945 17959.416824 18018.970491 18025.442628 18044.890965 18054.233079 0.000000 0.000000
0.000000 0.000000 20553.244755 20545.014297 20536.448103 20476.617447 20488.138510 20458.332909 20439.466321 20436.444899 20425.426845 20415.301081 20421.073823 20419.811709 20453.708844 20445.231090 20531.920351 20514.863320 20512.679220 0.000000 0.000000
0.000000 0.000000 23170.457425 23167.303895 23081.168231 23104.301598 23106.050960 23096.121672 23135.239752 23120.889782 23138.765894 23130.589842 23117.368401 23139.796918 23141.960310 23142.728029 23072.699723 23198.360113 23190.135524 0.000000 0.000000
0.000000 0.000000 26297.894870 26172.520585 26200.616726 26160.338074 26094.285841 26080.790026 26047.184188 26057.106627 26018.194736 26021.824459 26041.586912 26025.776107 26055.788821 26096.649367 26197.831623 26131.775721 26265.100253 0.000000 0.000000
0.000000 0.000000 27640.815259 27754.765495 27873.971863 27872.997857 27872.423912 27770.305448 27784.383617 27750.847258 27799.351236 27790.229959 27788.738332 27797.520315 27883.087525 27884.681659 27895.567540 27794.288819 27681.662518 0.000000 0.000000
0.000000 0.000000 0.000000 0.000000 0.000000 0.000000 0.000000 0.000000 0.000000 0.000000 0.000000 0.000000 0.000000 0.000000 0.000000 0.000000 0.000000 0.000000 0.000000 0.000000 0.000000
0.000000 0.000000 0.000000 0.000000 0.000000 0.000000 0.000000 0.000000 0.000000 0.000000 0.000000 0.000000 0.000000 0.000000 0.000000 0.000000 0.000000 0.000000 0.000000 0.000000 0.000000