geotop/1.0zi/1.0Montebello/Templates/testdem/maps/_Erotot7499.asc
ncols         21
nrows         20
xllcorner     100.000000
yllcorner     100.000000
cellsize      50.000000
NODATA_value  -9999.0
0.000000 0.000000 0.000000 0.000000 0.000000 0.000000 0.000000 0.000000 0.000000 0.000000 0.000000 0.000000 0.000000 0.000000 0.000000 0.000000 0.000000 0.000000 0.000000 0.000000 0.000000
0.000000 0.000000 641.989075 642.935010 642.333479 642.495630 641.624932 641.826691 641.773419 641.878182 642.301462 641.633603 641.517240 641.558542 641.902568 641.943798 642.742610 643.325220 643.394475 0.000000 0.000000
0.000000 0.000000 49.995427 48.772357 48.918119 49.294843 49.709696 49.387021 49.121926 48.959807 49.201547 49.537051 49.558654 49.722908 49.471674 49.144997 47.734843 46.798361 47.552962 0.000000 0.000000
0.000000 0.000000 353.334486 354.619180 342.458151 336.699005 337.502388 326.118022 326.186682 327.061812 323.401449 321.568562 323.770761 323.920287 334.232943 341.095033 345.731718 348.686381 353.592985 0.000000 0.000000
0.000000 0.000000 2967.104654 2970.222840 2974.091241 2952.600168 2934.011797 2924.283564 2923.995556 2920.336448 2926.447997 2932.434443 2927.099037 2925.354344 2939.813841 2942.924288 2952.100306 2960.295750 2959.916932 0.000000 0.000000
0.000000 0.000000 4707.141102 4701.444406 4697.875358 4691.933838 4677.639716 4668.056672 4668.771129 4667.609734 4664.360611 4658.651966 4657.779148 4661.046378 4660.166777 4679.300684 4687.375299 4694.354951 4697.379239 0.000000 0.000000
0.000000 0.000000 5985.543837 5982.570292 5978.296000 5971.721760 5958.262676 5937.375465 5936.403070 5932.765199 5934.092798 5937.962254 5939.325864 5939.861765 5966.707087 5976.455139 5981.807170 5984.447645 5989.661616 0.000000 0.000000
0.000000 0.000000 6996.792422 6997.259244 6994.534344 6985.143611 6983.091687 6974.277110 6974.600851 6974.638599 6973.519789 6969.798386 6968.993000 6975.043511 6976.467299 6980.971285 6993.015944 6991.487161 6996.347972 0.000000 0.000000
0.000000 0.000000 8334.099092 8329.917343 8323.993444 8324.010796 8313.542810 8298.965598 8300.226732 8296.027924 8293.774733 8293.717930 8295.972599 8290.247406 8308.253669 8321.692203 8323.210887 8326.686309 8328.037382 0.000000 0.000000
0.000000 0.000000 9866.154173 9862.960519 9863.523338 9859.777972 9840.307213 9831.223629 9831.052895 9830.898753 9827.486920 9830.942739 9833.926083 9833.155207 9839.497888 9853.233996 9860.464850 9862.243144 9863.317168 0.000000 0.000000
0.000000 0.000000 11537.183970 11536.529500 11534.064539 11514.917671 11509.439350 11494.751519 11500.317260 11487.744481 11491.448995 11489.941464 11483.152919 11492.701443 11501.470185 11504.111794 11516.017546 11522.762142 11533.080848 0.000000 0.000000
0.000000 0.000000 13335.841977 13328.510622 13321.174984 13318.020408 13308.732855 13289.781623 13286.657469 13287.237837 13294.169675 13283.774732 13287.485266 13287.442757 13308.676616 13316.559735 13319.168801 13322.945023 13345.322675 0.000000 0.000000
0.000000 0.000000 15192.700460 15188.369806 15188.865613 15176.238768 15169.763380 15125.736769 15124.182913 15123.529425 15103.380125 15114.915050 15119.004446 15123.339552 15153.916832 15160.543239 15182.236106 15181.831610 15189.624988 0.000000 0.000000
0.000000 0.000000 17301.561363 17304.022784 17291.796888 17287.641618 17236.276914 17253.263743 17238.922447 17240.227935 17245.313271 17241.493737 17239.447739 17235.091838 17216.601304 17272.528068 17278.943369 17297.393138 17306.503115 0.000000 0.000000
0.000000 0.000000 19650.626882 19643.080979 19635.132578 19580.738414 19590.000611 19562.726104 19544.633312 19542.172080 19531.689245 19522.139176 19527.219719 19525.839805 19557.258153 19550.840672 19631.237534 19615.463838 19613.645028 0.000000 0.000000
0.000000 0.000000 22104.990774 22102.360375 22023.610419 22042.905022 22045.203828 22034.904440 22070.833018 22057.467548 22073.237666 22065.361668 22053.413112 22073.888088 22076.971323 22077.601627 22016.072996 22130.350419 22122.449494 0.000000 0.000000
0.000000 0.000000 25033.300815 24920.003094 24941.955766 24907.367486 24846.875256 24834.499857 24805.559094 24814.551790 24779.370127 24782.447262 24799.534513 24786.529701 24813.989567 24850.722750 24939.920934 24885.435461 25006.459839 0.000000 0.000000
0.000000 0.000000 26395.727002 26492.755236 26603.290589 26600.133450 26596.034340 26502.438610 26513.643265 26483.368936 26525.314385 26517.308083 26517.390548 26523.640092 26602.897285 26607.018727 26623.570143 26526.936058 26431.601962 0.000000 0.000000
0.000000 0.000000 0.000000 0.000000 0.000000 0.000000 0.000000 0.000000 0.000000 0.000000 0.000000 0.000000 0.000000 0.000000 0.000000 0.000000 0.000000 0.000000 0.000000 0.000000 0.000000
0.000000 0.000000 0.000000 0.000000 0.000000 0.000000 0.000000 0.000000 0.000000 0.000000 0.000000 0.000000 0.000000 0.000000 0.000000 0.000000 0.000000 0.000000 0.000000 0.000000 0.000000