geotop/1.0zi/1.0Montebello/Templates/testdem/maps/_Erotot7238.asc
ncols         21
nrows         20
xllcorner     100.000000
yllcorner     100.000000
cellsize      50.000000
NODATA_value  -9999.0
0.000000 0.000000 0.000000 0.000000 0.000000 0.000000 0.000000 0.000000 0.000000 0.000000 0.000000 0.000000 0.000000 0.000000 0.000000 0.000000 0.000000 0.000000 0.000000 0.000000 0.000000
0.000000 0.000000 585.383562 586.179957 585.817220 586.023184 585.397781 585.423580 585.371401 585.473338 585.899082 585.228305 585.113059 585.197302 585.497510 585.468175 586.244582 586.519192 586.603398 0.000000 0.000000
0.000000 0.000000 46.263503 45.034550 45.065817 45.218147 45.458603 45.304793 45.048439 44.890060 45.129723 45.415839 45.427940 45.552441 45.327110 45.125445 43.841250 43.073519 43.808242 0.000000 0.000000
0.000000 0.000000 250.472545 252.162981 240.119955 237.385272 235.896666 229.006740 229.645101 228.213195 226.988502 224.777951 227.072596 227.079966 235.251064 241.353523 242.713867 244.524608 250.222609 0.000000 0.000000
0.000000 0.000000 2666.870333 2670.012488 2673.571359 2652.167758 2637.033051 2623.735265 2625.686611 2622.676579 2628.203653 2634.047638 2628.955434 2627.279891 2639.566205 2642.414379 2651.821654 2660.372929 2662.086177 0.000000 0.000000
0.000000 0.000000 4425.787623 4420.105829 4416.735206 4410.444770 4395.817575 4387.541681 4386.858174 4385.975334 4382.568547 4376.811190 4375.900050 4379.198544 4379.254747 4397.846982 4406.120900 4412.823947 4414.760595 0.000000 0.000000
0.000000 0.000000 5644.238059 5641.324194 5637.097169 5631.232475 5617.741194 5598.353942 5597.816929 5593.983620 5595.548866 5599.286002 5600.728609 5601.279190 5626.231613 5635.879158 5640.489775 5642.824831 5648.408059 0.000000 0.000000
0.000000 0.000000 6571.000603 6571.529179 6568.868029 6560.209898 6558.604645 6549.938169 6550.574082 6550.423447 6549.586708 6545.745972 6545.045181 6550.966290 6552.027578 6555.935358 6567.138634 6565.382981 6570.481254 0.000000 0.000000
0.000000 0.000000 7814.289135 7810.246392 7804.466732 7804.933940 7794.929437 7781.154252 7782.608788 7778.353740 7776.338841 7776.166541 7778.394814 7772.794320 7789.734810 7802.580657 7803.483443 7806.521690 7808.210937 0.000000 0.000000
0.000000 0.000000 9241.256621 9238.189374 9238.764274 9235.730705 9216.885391 9208.437719 9208.633576 9208.210234 9205.201097 9208.382363 9211.395301 9210.605180 9216.101908 9229.088769 9235.558547 9236.992392 9238.363557 0.000000 0.000000
0.000000 0.000000 10792.588896 10792.017817 10789.580153 10771.636538 10767.873658 10752.654669 10758.264009 10745.951837 10749.750581 10748.154830 10741.702676 10751.009305 10758.715783 10760.992340 10771.865008 10778.098588 10788.424295 0.000000 0.000000
0.000000 0.000000 12448.689359 12441.696761 12434.742613 12432.144894 12423.171163 12405.597784 12403.104251 12403.155892 12410.235344 12400.111561 12403.600146 12403.644332 12423.354084 12430.438419 12432.335045 12435.670088 12457.620223 0.000000 0.000000
0.000000 0.000000 14157.388484 14153.382304 14153.678785 14142.315859 14136.457273 14096.239186 14094.887548 14094.031339 14075.474602 14086.075520 14090.163908 14094.160862 14121.373175 14127.462445 14147.102648 14146.410514 14154.757341 0.000000 0.000000
0.000000 0.000000 16079.897029 16082.167600 16070.705946 16067.301031 16021.867375 16035.324154 16022.580479 16023.479025 16027.867659 16024.454185 16022.722605 16018.843584 16002.724153 16052.452068 16058.306664 16075.091760 16084.201812 0.000000 0.000000
0.000000 0.000000 18208.819386 18201.724406 18194.776678 18148.501379 18153.826819 18130.426236 18113.623735 18111.189818 18102.460121 18093.396501 18097.914026 18096.548548 18123.191398 18120.510026 18190.092251 18176.559068 18175.767824 0.000000 0.000000
0.000000 0.000000 20431.013485 20428.675781 20360.730294 20373.454756 20377.098480 20365.689219 20396.765912 20384.223408 20397.575961 20389.758462 20380.079107 20397.616433 20401.610901 20401.714949 20353.226083 20449.500788 20442.681534 0.000000 0.000000
0.000000 0.000000 23061.079600 22966.448963 22978.497901 22951.844559 22900.359482 22889.699844 22868.020479 22874.699470 22846.296774 22848.022055 22861.345252 22852.828811 22875.251193 22905.438642 22975.926164 22938.925540 23040.846303 0.000000 0.000000
0.000000 0.000000 24452.930986 24522.290613 24616.085222 24610.227790 24600.588171 24520.722747 24528.008324 24502.251599 24534.781845 24528.095302 24530.706520 24533.323453 24601.564184 24609.833457 24632.390593 24546.164775 24478.879725 0.000000 0.000000
0.000000 0.000000 0.000000 0.000000 0.000000 0.000000 0.000000 0.000000 0.000000 0.000000 0.000000 0.000000 0.000000 0.000000 0.000000 0.000000 0.000000 0.000000 0.000000 0.000000 0.000000
0.000000 0.000000 0.000000 0.000000 0.000000 0.000000 0.000000 0.000000 0.000000 0.000000 0.000000 0.000000 0.000000 0.000000 0.000000 0.000000 0.000000 0.000000 0.000000 0.000000 0.000000