geotop/1.0zi/1.0Montebello/Templates/testdem/maps/_Erotot1519.asc
ncols         21
nrows         20
xllcorner     100.000000
yllcorner     100.000000
cellsize      50.000000
NODATA_value  -9999.0
0.000000 0.000000 0.000000 0.000000 0.000000 0.000000 0.000000 0.000000 0.000000 0.000000 0.000000 0.000000 0.000000 0.000000 0.000000 0.000000 0.000000 0.000000 0.000000 0.000000 0.000000
0.000000 0.000000 170.143518 170.145144 170.180679 170.160249 170.135354 170.145292 170.147062 170.140916 170.141733 170.140916 170.147062 170.145292 170.135354 170.160249 170.180679 170.145144 170.143518 0.000000 0.000000
0.000000 0.000000 10.082799 9.862805 8.085629 9.939297 10.126454 10.108564 10.117695 10.126322 10.124040 10.126322 10.117695 10.108564 10.126454 9.939297 8.085629 9.862805 10.082799 0.000000 0.000000
0.000000 0.000000 1208.810538 1208.596285 1208.770818 1206.792914 1209.120949 1208.701650 1208.650877 1209.249442 1209.205191 1209.249442 1208.650877 1208.701650 1209.120949 1206.792914 1208.770818 1208.596285 1208.810538 0.000000 0.000000
0.000000 0.000000 2251.553688 2251.340380 2250.746371 2251.442728 2251.892445 2251.696576 2251.652342 2251.807705 2251.761190 2251.807705 2251.652342 2251.696576 2251.892445 2251.442728 2250.746371 2251.340380 2251.553688 0.000000 0.000000
0.000000 0.000000 2953.822822 2953.652703 2953.040640 2953.240015 2954.145229 2953.895565 2953.869404 2954.110795 2954.087141 2954.110795 2953.869404 2953.895565 2954.145229 2953.240015 2953.040640 2953.652703 2953.822822 0.000000 0.000000
0.000000 0.000000 3851.136492 3850.999466 3850.431312 3850.625632 3851.403859 3851.190489 3851.175116 3851.375606 3851.355711 3851.375606 3851.175116 3851.190489 3851.403859 3850.625632 3850.431312 3850.999466 3851.136492 0.000000 0.000000
0.000000 0.000000 4702.204952 4702.091547 4701.557359 4701.748736 4702.430577 4702.247757 4702.234235 4702.409744 4702.390767 4702.409744 4702.234235 4702.247757 4702.430577 4701.748736 4701.557359 4702.091547 4702.204952 0.000000 0.000000
0.000000 0.000000 5506.456412 5506.351161 5505.838585 5506.023752 5506.663147 5506.493021 5506.481086 5506.647310 5506.629760 5506.647310 5506.481086 5506.493021 5506.663147 5506.023752 5505.838585 5506.351161 5506.456412 0.000000 0.000000
0.000000 0.000000 6273.749737 6273.671338 6273.166332 6273.387426 6273.938578 6273.787184 6273.782149 6273.930101 6273.912463 6273.930101 6273.782149 6273.787184 6273.938578 6273.387426 6273.166332 6273.671338 6273.749737 0.000000 0.000000
0.000000 0.000000 7008.311995 7008.224060 7007.734948 7007.928791 7008.496587 7008.343347 7008.335291 7008.484733 7008.466150 7008.484733 7008.335291 7008.343347 7008.496587 7007.928791 7007.734948 7008.224060 7008.311995 0.000000 0.000000
0.000000 0.000000 7717.182999 7717.092469 7716.616372 7716.800143 7717.358994 7717.210116 7717.202796 7717.349881 7717.332494 7717.349881 7717.202796 7717.210116 7717.358994 7716.800143 7716.616372 7717.092469 7717.182999 0.000000 0.000000
0.000000 0.000000 8408.113551 8408.025384 8407.552790 8407.737131 8408.281232 8408.135054 8408.128325 8408.272623 8408.254724 8408.272623 8408.128325 8408.135054 8408.281232 8407.737131 8407.552790 8408.025384 8408.113551 0.000000 0.000000
0.000000 0.000000 9080.056438 9079.974798 9079.507489 9079.711025 9080.219879 9080.078495 9080.074278 9080.213421 9080.195049 9080.213421 9080.074278 9080.078495 9080.219879 9079.711025 9079.507489 9079.974798 9080.056438 0.000000 0.000000
0.000000 0.000000 9736.895295 9736.810786 9736.342035 9736.534513 9737.053102 9736.911385 9736.906137 9737.046702 9737.027862 9737.046702 9736.906137 9736.911385 9737.053102 9736.534513 9736.342035 9736.810786 9736.895295 0.000000 0.000000
0.000000 0.000000 10380.172056 10380.088406 10379.629164 10379.813965 10380.323638 10380.185370 10380.180233 10380.317467 10380.298868 10380.317467 10380.180233 10380.185370 10380.323638 10379.813965 10379.629164 10380.088406 10380.172053 0.000000 0.000000
0.000000 0.000000 11008.934334 11008.851291 11008.389145 11008.576978 11009.083341 11008.943801 11008.938532 11009.074669 11009.055148 11009.074669 11008.938532 11008.943801 11009.083341 11008.576978 11008.389144 11008.851272 11008.934040 0.000000 0.000000
0.000000 0.000000 11657.497622 11657.730167 11657.274280 11657.453644 11657.961678 11657.821160 11657.816015 11657.954167 11657.934518 11657.954167 11657.816015 11657.821160 11657.961678 11657.453644 11657.274263 11657.727024 11657.810150 0.000000 0.000000
0.000000 0.000000 0.000000 0.000000 0.000000 0.000000 0.000000 0.000000 0.000000 0.000000 0.000000 0.000000 0.000000 0.000000 0.000000 0.000000 0.000000 0.000000 0.000000 0.000000 0.000000
0.000000 0.000000 0.000000 0.000000 0.000000 0.000000 0.000000 0.000000 0.000000 0.000000 0.000000 0.000000 0.000000 0.000000 0.000000 0.000000 0.000000 0.000000 0.000000 0.000000 0.000000