geotop/1.0zi/1.0Montebello/Templates/testdem/maps/_Erotot5883.asc
ncols         21
nrows         20
xllcorner     100.000000
yllcorner     100.000000
cellsize      50.000000
NODATA_value  -9999.0
0.000000 0.000000 0.000000 0.000000 0.000000 0.000000 0.000000 0.000000 0.000000 0.000000 0.000000 0.000000 0.000000 0.000000 0.000000 0.000000 0.000000 0.000000 0.000000 0.000000 0.000000
0.000000 0.000000 453.638199 452.836163 452.649936 452.436465 452.398790 452.499261 452.443302 452.621367 452.524630 452.322995 452.260862 452.339817 452.453169 452.359828 452.558658 452.756027 453.179790 0.000000 0.000000
0.000000 0.000000 33.857932 34.531109 34.827831 36.000544 35.738182 35.497490 35.324614 35.101441 35.316206 35.674517 35.486695 35.232122 35.674963 35.448237 34.612269 33.776262 33.161573 0.000000 0.000000
0.000000 0.000000 185.299302 186.624435 178.949027 175.999341 177.370826 172.323020 171.940066 171.644383 170.741888 168.405280 170.937614 169.108149 172.636791 178.104268 177.837214 181.025611 184.251807 0.000000 0.000000
0.000000 0.000000 1813.533519 1817.590678 1821.473409 1802.599968 1787.305140 1776.469081 1779.077039 1776.118727 1779.839249 1783.983639 1780.771028 1778.887872 1789.648247 1790.284192 1797.996067 1805.437571 1807.577032 0.000000 0.000000
0.000000 0.000000 3290.376873 3284.899752 3282.338120 3277.640847 3269.527221 3262.211721 3260.447721 3260.532517 3259.376832 3257.244845 3254.571755 3256.815474 3256.802737 3272.091148 3277.115144 3280.476812 3282.485996 0.000000 0.000000
0.000000 0.000000 4356.438008 4353.757468 4350.541220 4346.060472 4333.027142 4316.378408 4316.448680 4312.902908 4314.657978 4317.445619 4319.325066 4320.514521 4340.555171 4350.208784 4355.110044 4356.710807 4362.031718 0.000000 0.000000
0.000000 0.000000 5010.169816 5011.478549 5010.149357 5003.666885 5003.028132 4995.965942 4996.517049 4996.895315 4995.642572 4993.254756 4992.996504 4996.551842 4996.766967 4999.418836 5007.772906 5006.119059 5009.238519 0.000000 0.000000
0.000000 0.000000 5905.936851 5903.208210 5898.716305 5899.507855 5892.815590 5882.339475 5882.791380 5880.147955 5877.691007 5878.907395 5880.110561 5874.952737 5888.256865 5896.422513 5898.613887 5899.526979 5901.066156 0.000000 0.000000
0.000000 0.000000 6943.706725 6941.275635 6943.023046 6942.209450 6927.389684 6920.377617 6921.791290 6920.875044 6918.830299 6921.963763 6924.914661 6923.312567 6926.659838 6937.088863 6941.013130 6941.284847 6942.106561 0.000000 0.000000
0.000000 0.000000 8063.022584 8063.164407 8062.886630 8048.492131 8045.802406 8035.070083 8038.615052 8029.536303 8031.966164 8031.042860 8026.337554 8033.644459 8038.170724 8039.711021 8046.409067 8052.370557 8059.732617 0.000000 0.000000
0.000000 0.000000 9234.000254 9229.379311 9224.064007 9222.157732 9218.147575 9203.347136 9202.364971 9201.460782 9208.134444 9201.100906 9203.129240 9202.638910 9218.272354 9221.682654 9223.195804 9223.775075 9243.241592 0.000000 0.000000
0.000000 0.000000 10419.850209 10417.902353 10418.599019 10411.020344 10406.887781 10380.117461 10378.889678 10378.560930 10364.183296 10373.203066 10377.125942 10379.077325 10395.437562 10399.439555 10413.450155 10412.882596 10419.806132 0.000000 0.000000
0.000000 0.000000 11720.159718 11721.500460 11714.239731 11712.987889 11685.325450 11693.536204 11683.045943 11684.478286 11685.717460 11685.297602 11683.772285 11680.370872 11670.593465 11700.461199 11705.932662 11716.635602 11723.746477 0.000000 0.000000
0.000000 0.000000 13124.881022 13119.828876 13116.368705 13092.013407 13091.559948 13075.998039 13063.104662 13061.527013 13056.573593 13050.383120 13053.577078 13051.741659 13066.817172 13070.793189 13112.086387 13103.276943 13103.481996 0.000000 0.000000
0.000000 0.000000 14566.861926 14566.156067 14529.730651 14529.027376 14533.921384 14526.335421 14543.553785 14535.929856 14541.942042 14537.451085 14532.113139 14540.731171 14544.570464 14544.202453 14523.628057 14575.200505 14568.305540 0.000000 0.000000
0.000000 0.000000 16207.290433 16163.225251 16160.749141 16150.799934 16125.132243 16118.214566 16109.872838 16113.080727 16099.132358 16099.564814 16104.684293 16104.317929 16116.347219 16127.780439 16159.461768 16153.200587 16202.744211 0.000000 0.000000
0.000000 0.000000 17344.587394 17357.819686 17403.705965 17396.756578 17382.455841 17344.733829 17345.920787 17331.776629 17343.841366 17341.893447 17347.571280 17342.947176 17376.013372 17388.065195 17411.540360 17364.290192 17351.012085 0.000000 0.000000
0.000000 0.000000 0.000000 0.000000 0.000000 0.000000 0.000000 0.000000 0.000000 0.000000 0.000000 0.000000 0.000000 0.000000 0.000000 0.000000 0.000000 0.000000 0.000000 0.000000 0.000000
0.000000 0.000000 0.000000 0.000000 0.000000 0.000000 0.000000 0.000000 0.000000 0.000000 0.000000 0.000000 0.000000 0.000000 0.000000 0.000000 0.000000 0.000000 0.000000 0.000000 0.000000