geotop/1.0zi/1.0Montebello/Templates/testdem/maps/_Erotot7281.asc
ncols         21
nrows         20
xllcorner     100.000000
yllcorner     100.000000
cellsize      50.000000
NODATA_value  -9999.0
0.000000 0.000000 0.000000 0.000000 0.000000 0.000000 0.000000 0.000000 0.000000 0.000000 0.000000 0.000000 0.000000 0.000000 0.000000 0.000000 0.000000 0.000000 0.000000 0.000000 0.000000
0.000000 0.000000 587.487931 588.280156 587.912166 588.109437 587.479921 587.505570 587.453156 587.555121 587.980646 587.310644 587.194676 587.279114 587.579618 587.554355 588.339185 588.612890 588.704043 0.000000 0.000000
0.000000 0.000000 46.124613 44.896622 44.932923 45.092457 45.336078 45.180607 44.924970 44.766751 45.006658 45.291875 45.304728 45.428777 45.204246 44.999392 43.707343 42.940975 43.670279 0.000000 0.000000
0.000000 0.000000 253.754705 255.456885 243.460060 240.600794 238.977016 232.196242 232.687400 231.144011 229.949688 227.769309 230.096614 230.130042 238.458152 244.747325 246.664128 249.216236 254.431753 0.000000 0.000000
0.000000 0.000000 2729.745880 2732.887368 2736.431900 2715.028988 2699.914230 2686.561910 2688.555992 2685.549526 2691.050874 2696.888157 2691.774122 2690.148982 2702.408805 2705.225631 2714.495889 2722.781238 2724.850649 0.000000 0.000000
0.000000 0.000000 4478.716589 4473.036547 4469.670451 4463.334531 4448.641397 4440.315424 4439.633322 4438.743799 4435.334009 4429.569581 4428.663561 4431.974051 4432.072117 4450.742075 4459.095025 4465.857884 4467.793550 0.000000 0.000000
0.000000 0.000000 5712.816573 5709.903238 5705.683767 5699.774983 5686.191055 5665.976877 5665.427547 5661.576211 5663.136334 5666.866898 5668.313791 5668.890415 5694.688540 5704.440504 5709.163984 5711.614965 5717.203707 0.000000 0.000000
0.000000 0.000000 6658.945674 6659.476446 6656.824683 6648.108874 6646.429652 6637.936928 6638.559182 6638.386759 6637.542837 6633.692003 6632.995677 6638.952393 6639.858004 6643.852232 6655.194338 6653.561133 6658.675032 0.000000 0.000000
0.000000 0.000000 7924.011191 7919.958723 7914.172439 7914.597937 7904.508957 7890.661725 7892.107469 7887.817681 7885.792673 7885.612502 7887.852093 7882.269216 7899.310494 7912.266169 7913.299788 7916.472112 7918.175156 0.000000 0.000000
0.000000 0.000000 9374.185871 9371.108102 9371.701368 9368.611766 9349.635379 9341.130165 9341.310391 9340.867709 9337.839446 9341.024142 9344.060528 9343.293397 9348.864117 9361.975854 9368.601546 9370.166751 9371.552592 0.000000 0.000000
0.000000 0.000000 10952.592937 10952.026086 10949.587505 10931.509128 10927.686448 10912.413480 10918.042957 10905.632121 10909.448560 10907.833283 10901.345051 10910.748913 10918.482162 10920.833003 10931.884598 10938.291340 10948.684649 0.000000 0.000000
0.000000 0.000000 12639.080335 12632.039326 12625.047010 12622.406639 12613.311236 12595.666565 12593.121094 12593.185401 12600.309598 12590.089055 12593.632260 12593.680941 12613.534284 12620.752804 12622.784805 12626.261163 12648.400397 0.000000 0.000000
0.000000 0.000000 14380.859698 14376.829092 14377.167005 14365.678474 14359.719778 14318.887813 14317.517815 14316.623587 14297.820025 14308.574641 14312.705064 14316.789165 14344.455400 14350.682521 14370.664583 14370.104731 14378.434744 0.000000 0.000000
0.000000 0.000000 16342.866681 16345.176179 16333.594432 16330.145116 16283.593559 16297.585615 16284.619334 16285.532276 16290.088912 16286.548563 16284.765010 16280.828417 16264.291770 16315.210841 16321.194018 16338.389403 16347.610548 0.000000 0.000000
0.000000 0.000000 18518.672077 18511.521015 18504.470342 18456.677112 18462.590580 18438.473991 18421.449305 18418.913573 18409.933030 18400.697802 18405.402474 18404.054238 18431.464563 18428.293679 18499.936714 18486.102903 18485.223526 0.000000 0.000000
0.000000 0.000000 20791.022008 20788.654537 20718.501224 20732.460997 20735.982097 20724.676806 20756.796278 20744.008454 20757.906184 20750.010386 20739.891748 20758.064331 20761.831058 20761.994094 20711.124077 20811.040156 20804.135204 0.000000 0.000000
0.000000 0.000000 23485.442336 23387.003404 23400.793356 23372.709690 23319.400581 23308.271412 23285.281324 23292.304858 23262.643553 23264.572014 23278.675758 23269.327767 23292.722341 23324.283114 23398.425401 23358.312101 23464.299662 0.000000 0.000000
0.000000 0.000000 24875.174385 24949.857799 25047.256814 25041.978275 25033.353951 24950.608575 24958.692714 24931.938621 24966.423035 24959.414005 24961.592421 24964.923577 25035.381418 25042.952141 25064.475867 24975.927638 24903.413293 0.000000 0.000000
0.000000 0.000000 0.000000 0.000000 0.000000 0.000000 0.000000 0.000000 0.000000 0.000000 0.000000 0.000000 0.000000 0.000000 0.000000 0.000000 0.000000 0.000000 0.000000 0.000000 0.000000
0.000000 0.000000 0.000000 0.000000 0.000000 0.000000 0.000000 0.000000 0.000000 0.000000 0.000000 0.000000 0.000000 0.000000 0.000000 0.000000 0.000000 0.000000 0.000000 0.000000 0.000000