geotop/1.0zi/1.0Montebello/Templates/testdem/maps/_Erotot1037.asc
ncols         21
nrows         20
xllcorner     100.000000
yllcorner     100.000000
cellsize      50.000000
NODATA_value  -9999.0
0.000000 0.000000 0.000000 0.000000 0.000000 0.000000 0.000000 0.000000 0.000000 0.000000 0.000000 0.000000 0.000000 0.000000 0.000000 0.000000 0.000000 0.000000 0.000000 0.000000 0.000000
0.000000 0.000000 120.934682 120.935998 120.970639 120.945381 120.928664 120.936026 120.937484 120.932732 120.933321 120.932732 120.937484 120.936026 120.928664 120.945381 120.970639 120.935998 120.934682 0.000000 0.000000
0.000000 0.000000 8.571714 8.353016 6.577703 8.436152 8.606570 8.598655 8.609658 8.615180 8.613259 8.615180 8.609658 8.598655 8.606570 8.436152 6.577703 8.353016 8.571714 0.000000 0.000000
0.000000 0.000000 886.177946 885.757292 886.054140 883.758171 886.123989 885.969231 885.846972 886.167799 886.198157 886.167799 885.846972 885.969231 886.123989 883.758171 886.054140 885.757292 886.177946 0.000000 0.000000
0.000000 0.000000 1546.552094 1546.283129 1545.568827 1546.217696 1546.663613 1546.526874 1546.482690 1546.590736 1546.554373 1546.590736 1546.482690 1546.526874 1546.663613 1546.217696 1545.568827 1546.283129 1546.552094 0.000000 0.000000
0.000000 0.000000 2047.591865 2047.321761 2046.679125 2046.740703 2047.622669 2047.529746 2047.486280 2047.612301 2047.617070 2047.612301 2047.486280 2047.529746 2047.622669 2046.740703 2046.679125 2047.321761 2047.591865 0.000000 0.000000
0.000000 0.000000 2665.409387 2665.189785 2664.600645 2664.679069 2665.422859 2665.359017 2665.329333 2665.431668 2665.434167 2665.431668 2665.329333 2665.359017 2665.422859 2664.679069 2664.600645 2665.189785 2665.409387 0.000000 0.000000
0.000000 0.000000 3254.638471 3254.445882 3253.896867 3253.984491 3254.639050 3254.593812 3254.570590 3254.658917 3254.661519 3254.658917 3254.570590 3254.593811 3254.639050 3253.984491 3253.896867 3254.445882 3254.638471 0.000000 0.000000
0.000000 0.000000 3815.342700 3815.163777 3814.640429 3814.727564 3815.338058 3815.300732 3815.280655 3815.361368 3815.363318 3815.361368 3815.280655 3815.300732 3815.338058 3814.727564 3814.640429 3815.163777 3815.342700 0.000000 0.000000
0.000000 0.000000 4353.923703 4353.774012 4353.259853 4353.386812 4353.911834 4353.889304 4353.876118 4353.941073 4353.942519 4353.941073 4353.876118 4353.889304 4353.911834 4353.386812 4353.259853 4353.774012 4353.923703 0.000000 0.000000
0.000000 0.000000 4871.993067 4871.833535 4871.336190 4871.437345 4871.983129 4871.956124 4871.939798 4872.007562 4872.007888 4872.007562 4871.939798 4871.956124 4871.983129 4871.437345 4871.336190 4871.833535 4871.993067 0.000000 0.000000
0.000000 0.000000 5373.855891 5373.693738 5373.208836 5373.300851 5373.841963 5373.816978 5373.801250 5373.868392 5373.869816 5373.868392 5373.801250 5373.816978 5373.841963 5373.300851 5373.208836 5373.693738 5373.855891 0.000000 0.000000
0.000000 0.000000 5865.773671 5865.613645 5865.134823 5865.228293 5865.758229 5865.734147 5865.718833 5865.784261 5865.785349 5865.784261 5865.718833 5865.734147 5865.758229 5865.228293 5865.134823 5865.613645 5865.773671 0.000000 0.000000
0.000000 0.000000 6348.305581 6348.151478 6347.677643 6347.791485 6348.287934 6348.268187 6348.255171 6348.315523 6348.316262 6348.315523 6348.255171 6348.268187 6348.287934 6347.791485 6347.677643 6348.151478 6348.305581 0.000000 0.000000
0.000000 0.000000 6823.469139 6823.311336 6822.838699 6822.941104 6823.451008 6823.430386 6823.416141 6823.477973 6823.478300 6823.477973 6823.416141 6823.430386 6823.451008 6822.941104 6822.838699 6823.311336 6823.469139 0.000000 0.000000
0.000000 0.000000 7292.199278 7292.043918 7291.581936 7291.678826 7292.181344 7292.161993 7292.148107 7292.208532 7292.208458 7292.208532 7292.148107 7292.161993 7292.181344 7291.678826 7291.581936 7292.043917 7292.199275 0.000000 0.000000
0.000000 0.000000 7752.649503 7752.492219 7752.029044 7752.127300 7752.631716 7752.610663 7752.596239 7752.657261 7752.656794 7752.657261 7752.596239 7752.610663 7752.631716 7752.127300 7752.029044 7752.492203 7752.649227 0.000000 0.000000
0.000000 0.000000 8231.505791 8231.583900 8231.123652 8231.211600 8231.722750 8231.700534 8231.685957 8231.748434 8231.748117 8231.748434 8231.685957 8231.700534 8231.722750 8231.211599 8231.123636 8231.581276 8231.740735 0.000000 0.000000
0.000000 0.000000 0.000000 0.000000 0.000000 0.000000 0.000000 0.000000 0.000000 0.000000 0.000000 0.000000 0.000000 0.000000 0.000000 0.000000 0.000000 0.000000 0.000000 0.000000 0.000000
0.000000 0.000000 0.000000 0.000000 0.000000 0.000000 0.000000 0.000000 0.000000 0.000000 0.000000 0.000000 0.000000 0.000000 0.000000 0.000000 0.000000 0.000000 0.000000 0.000000 0.000000