geotop/1.0zi/1.0Montebello/Templates/testdem/maps/_Erotot3545.asc
ncols         21
nrows         20
xllcorner     100.000000
yllcorner     100.000000
cellsize      50.000000
NODATA_value  -9999.0
0.000000 0.000000 0.000000 0.000000 0.000000 0.000000 0.000000 0.000000 0.000000 0.000000 0.000000 0.000000 0.000000 0.000000 0.000000 0.000000 0.000000 0.000000 0.000000 0.000000 0.000000
0.000000 0.000000 373.486335 373.489192 373.492737 373.611720 373.479248 373.485023 373.458676 373.498645 373.513343 373.498645 373.458676 373.485023 373.479248 373.611720 373.492737 373.489192 373.486335 0.000000 0.000000
0.000000 0.000000 11.484990 11.246418 9.490356 11.172059 11.488309 11.413812 11.533032 11.429326 11.796861 11.429326 11.533032 11.413812 11.488309 11.172059 9.490356 11.246418 11.484990 0.000000 0.000000
0.000000 0.000000 2753.690249 2753.426377 2753.568876 2751.736362 2753.609282 2752.895762 2752.707473 2753.496462 2753.630001 2753.496462 2752.707473 2752.895762 2753.609282 2751.736362 2753.568876 2753.426377 2753.690249 0.000000 0.000000
0.000000 0.000000 5234.991196 5234.807366 5234.111753 5234.692257 5235.225693 5235.058424 5235.037848 5235.144556 5235.168496 5235.144556 5235.037848 5235.058424 5235.225693 5234.692257 5234.111753 5234.807366 5234.991196 0.000000 0.000000
0.000000 0.000000 6776.492606 6776.311037 6775.704420 6775.839760 6776.628486 6776.218646 6776.198311 6776.474940 6776.699692 6776.474940 6776.198311 6776.218646 6776.628486 6775.839760 6775.704420 6776.311037 6776.492606 0.000000 0.000000
0.000000 0.000000 8728.481480 8728.339229 8727.791173 8727.911403 8728.593525 8728.231919 8728.217334 8728.456800 8728.679900 8728.456800 8728.217334 8728.231919 8728.593525 8727.911403 8727.791173 8728.339229 8728.481480 0.000000 0.000000
0.000000 0.000000 10530.009075 10529.895772 10529.398217 10529.521381 10530.104271 10529.791067 10529.779779 10529.990558 10530.191559 10529.990558 10529.779779 10529.791067 10530.104271 10529.521381 10529.398217 10529.895772 10530.009075 0.000000 0.000000
0.000000 0.000000 12182.867811 12182.768865 12182.306510 12182.427749 12182.961034 12182.676551 12182.664505 12182.859047 12183.048044 12182.859047 12182.664505 12182.676551 12182.961034 12182.427749 12182.306510 12182.768865 12182.867811 0.000000 0.000000
0.000000 0.000000 13715.388015 13715.317750 13714.874484 13715.032047 13715.475682 13715.219855 13715.212432 13715.385914 13715.557849 13715.385914 13715.212432 13715.219855 13715.475682 13715.032047 13714.874484 13715.317750 13715.388015 0.000000 0.000000
0.000000 0.000000 15138.207520 15138.131438 15137.717167 15137.849565 15138.298051 15138.050667 15138.040925 15138.212194 15138.373888 15138.212194 15138.040925 15138.050667 15138.298051 15137.849565 15137.717167 15138.131438 15138.207520 0.000000 0.000000
0.000000 0.000000 16477.397030 16477.324592 16476.938425 16477.065863 16477.497932 16477.264053 16477.251260 16477.420749 16477.571633 16477.420749 16477.251260 16477.264053 16477.497932 16477.065863 16476.938425 16477.324592 16477.397030 0.000000 0.000000
0.000000 0.000000 17741.770839 17741.704731 17741.331336 17741.459649 17741.867328 17741.646278 17741.634339 17741.798749 17741.939639 17741.798749 17741.634339 17741.646278 17741.867328 17741.459649 17741.331336 17741.704731 17741.770839 0.000000 0.000000
0.000000 0.000000 18945.390210 18945.331865 18944.973498 18945.117384 18945.486094 18945.275516 18945.265857 18945.422016 18945.555692 18945.422016 18945.265857 18945.275516 18945.486094 18945.117384 18944.973498 18945.331865 18945.390210 0.000000 0.000000
0.000000 0.000000 20092.566857 20092.503836 20092.154151 20092.285647 20092.654909 20092.458124 20092.451029 20092.605245 20092.731924 20092.605245 20092.451029 20092.458124 20092.654909 20092.285647 20092.154151 20092.503836 20092.566857 0.000000 0.000000
0.000000 0.000000 21186.186620 21186.126196 21185.790430 21185.914034 21186.268527 21186.077077 21186.069365 21186.216715 21186.338729 21186.216715 21186.069365 21186.077077 21186.268527 21185.914034 21185.790430 21186.126195 21186.186616 0.000000 0.000000
0.000000 0.000000 22234.378306 22234.318892 22233.989651 22234.116478 22234.453740 22234.269232 22234.261885 22234.404463 22234.519070 22234.404463 22234.261885 22234.269232 22234.453740 22234.116478 22233.989651 22234.318871 22234.378190 0.000000 0.000000
0.000000 0.000000 23289.584298 23290.066931 23289.747773 23289.870105 23290.198233 23290.020487 23290.012509 23290.150338 23290.260820 23290.150338 23290.012509 23290.020487 23290.198233 23289.870105 23289.747756 23290.063614 23290.119804 0.000000 0.000000
0.000000 0.000000 0.000000 0.000000 0.000000 0.000000 0.000000 0.000000 0.000000 0.000000 0.000000 0.000000 0.000000 0.000000 0.000000 0.000000 0.000000 0.000000 0.000000 0.000000 0.000000
0.000000 0.000000 0.000000 0.000000 0.000000 0.000000 0.000000 0.000000 0.000000 0.000000 0.000000 0.000000 0.000000 0.000000 0.000000 0.000000 0.000000 0.000000 0.000000 0.000000 0.000000