geotop/1.0zi/1.0Montebello/Templates/testdem/maps/_Erotot2094.asc
ncols         21
nrows         20
xllcorner     100.000000
yllcorner     100.000000
cellsize      50.000000
NODATA_value  -9999.0
0.000000 0.000000 0.000000 0.000000 0.000000 0.000000 0.000000 0.000000 0.000000 0.000000 0.000000 0.000000 0.000000 0.000000 0.000000 0.000000 0.000000 0.000000 0.000000 0.000000 0.000000
0.000000 0.000000 206.926241 206.928589 206.966140 206.956457 206.913172 206.929514 206.932238 206.921124 206.923378 206.921124 206.932238 206.929514 206.913172 206.956457 206.966140 206.928589 206.926241 0.000000 0.000000
0.000000 0.000000 11.187455 10.966341 9.185255 11.026734 11.235603 11.210769 11.218279 11.230771 11.226630 11.230771 11.218279 11.210769 11.235603 11.026734 9.185255 10.966341 11.187455 0.000000 0.000000
0.000000 0.000000 1424.854709 1424.646760 1424.861812 1423.050070 1425.021739 1424.558868 1424.586767 1425.353170 1425.370259 1425.353170 1424.586767 1424.558868 1425.021739 1423.050070 1424.861812 1424.646760 1424.854709 0.000000 0.000000
0.000000 0.000000 2921.096315 2920.884205 2920.273910 2920.829359 2921.411921 2921.217888 2921.175068 2921.323554 2921.294701 2921.323554 2921.175068 2921.217888 2921.411921 2920.829359 2920.273910 2920.884205 2921.096315 0.000000 0.000000
0.000000 0.000000 3793.388748 3793.222407 3792.617779 3792.789338 3793.604734 3793.331198 3793.357551 3793.683102 3793.724434 3793.683102 3793.357551 3793.331198 3793.604734 3792.789338 3792.617779 3793.222407 3793.388748 0.000000 0.000000
0.000000 0.000000 4964.888628 4964.755470 4964.197565 4964.360420 4965.057045 4964.822691 4964.854721 4965.142221 4965.196408 4965.142221 4964.854721 4964.822691 4965.057045 4964.360420 4964.197565 4964.755470 4964.888628 0.000000 0.000000
0.000000 0.000000 6077.860930 6077.751418 6077.230463 6077.395114 6077.996407 6077.795113 6077.823872 6078.081214 6078.136120 6078.081214 6077.823872 6077.795113 6077.996407 6077.395114 6077.230463 6077.751418 6077.860930 0.000000 0.000000
0.000000 0.000000 7125.203457 7125.102705 7124.606127 7124.769452 7125.326015 7125.139499 7125.166457 7125.409586 7125.464091 7125.409586 7125.166457 7125.139499 7125.326015 7124.769452 7124.606127 7125.102705 7125.203457 0.000000 0.000000
0.000000 0.000000 8119.100321 8119.026209 8118.539947 8118.741615 8119.209220 8119.042685 8119.074181 8119.295651 8119.348471 8119.295651 8119.074181 8119.042685 8119.209220 8118.741615 8118.539947 8119.026209 8119.100321 0.000000 0.000000
0.000000 0.000000 9065.493030 9065.409839 9064.941869 9065.118180 9065.600123 9065.433166 9065.460177 9065.680088 9065.730662 9065.680088 9065.460177 9065.433166 9065.600123 9065.118180 9064.941869 9065.409839 9065.493030 0.000000 0.000000
0.000000 0.000000 9973.323462 9973.238313 9972.785724 9972.954943 9973.425630 9973.264773 9973.290476 9973.504209 9973.554708 9973.504209 9973.290476 9973.264773 9973.425630 9972.954943 9972.785724 9973.238313 9973.323462 0.000000 0.000000
0.000000 0.000000 10851.805167 10851.723225 10851.276130 10851.445679 10851.900116 10851.742800 10851.768553 10851.977636 10852.026611 10851.977636 10851.768553 10851.742800 10851.900116 10851.445679 10851.276130 10851.723225 10851.805167 0.000000 0.000000
0.000000 0.000000 11703.952717 11703.877449 11703.438216 11703.625836 11704.044925 11703.893421 11703.920790 11704.122570 11704.170334 11704.122570 11703.920790 11703.893421 11704.044925 11703.625836 11703.438216 11703.877449 11703.952717 0.000000 0.000000
0.000000 0.000000 12532.576670 12532.498556 12532.060870 12532.236152 12532.664003 12532.513104 12532.539098 12532.740400 12532.787076 12532.740400 12532.539098 12532.513104 12532.664003 12532.236152 12532.060870 12532.498556 12532.576670 0.000000 0.000000
0.000000 0.000000 13339.586164 13339.509274 13339.081977 13339.248986 13339.667708 13339.521008 13339.546768 13339.743422 13339.789636 13339.743422 13339.546768 13339.521008 13339.667708 13339.248986 13339.081977 13339.509274 13339.586160 0.000000 0.000000
0.000000 0.000000 14125.248712 14125.172529 14124.745620 14124.914666 14125.328168 14125.182067 14125.207240 14125.400476 14125.445319 14125.400476 14125.207240 14125.182067 14125.328168 14124.914666 14124.745620 14125.172507 14125.248228 0.000000 0.000000
0.000000 0.000000 14922.873552 14923.137047 14922.717589 14922.880197 14923.293301 14923.148335 14923.171313 14923.362282 14923.406022 14923.362282 14923.171313 14923.148335 14923.293301 14922.880196 14922.717570 14923.133581 14923.208921 0.000000 0.000000
0.000000 0.000000 0.000000 0.000000 0.000000 0.000000 0.000000 0.000000 0.000000 0.000000 0.000000 0.000000 0.000000 0.000000 0.000000 0.000000 0.000000 0.000000 0.000000 0.000000 0.000000
0.000000 0.000000 0.000000 0.000000 0.000000 0.000000 0.000000 0.000000 0.000000 0.000000 0.000000 0.000000 0.000000 0.000000 0.000000 0.000000 0.000000 0.000000 0.000000 0.000000 0.000000