geotop/1.0zi/1.0Montebello/Templates/testdem/maps/_Erotot1526.asc
ncols         21
nrows         20
xllcorner     100.000000
yllcorner     100.000000
cellsize      50.000000
NODATA_value  -9999.0
0.000000 0.000000 0.000000 0.000000 0.000000 0.000000 0.000000 0.000000 0.000000 0.000000 0.000000 0.000000 0.000000 0.000000 0.000000 0.000000 0.000000 0.000000 0.000000 0.000000 0.000000
0.000000 0.000000 170.541312 170.542939 170.578475 170.558056 170.533145 170.543086 170.544857 170.538709 170.539526 170.538709 170.544857 170.543086 170.533145 170.558056 170.578475 170.542939 170.541312 0.000000 0.000000
0.000000 0.000000 10.057674 9.837678 8.060493 9.914130 10.101339 10.083440 10.092570 10.101206 10.098924 10.101206 10.092570 10.083440 10.101339 9.914130 8.060493 9.837678 10.057674 0.000000 0.000000
0.000000 0.000000 1213.722642 1213.508451 1213.683282 1211.706745 1214.031568 1213.613402 1213.562652 1214.160712 1214.116366 1214.160712 1213.562652 1213.613402 1214.031568 1211.706745 1213.683282 1213.508451 1213.722642 0.000000 0.000000
0.000000 0.000000 2257.449071 2257.235732 2256.641559 2257.337137 2257.789377 2257.592161 2257.547914 2257.702512 2257.656093 2257.702512 2257.547914 2257.592161 2257.789377 2257.337137 2256.641559 2257.235732 2257.449071 0.000000 0.000000
0.000000 0.000000 2959.547190 2959.377079 2958.765049 2958.964552 2959.869532 2959.619904 2959.593747 2959.835101 2959.811448 2959.835101 2959.593747 2959.619904 2959.869532 2958.964552 2958.765049 2959.377079 2959.547190 0.000000 0.000000
0.000000 0.000000 3858.728545 3858.591534 3858.023448 3858.217937 3858.995826 3858.782515 3858.767146 3858.967580 3858.947688 3858.967580 3858.767146 3858.782515 3858.995826 3858.217937 3858.023448 3858.591534 3858.728545 0.000000 0.000000
0.000000 0.000000 4712.107282 4711.993898 4711.459806 4711.651339 4712.332834 4712.150079 4712.136564 4712.312013 4712.293040 4712.312013 4712.136564 4712.150079 4712.332834 4711.651339 4711.459806 4711.993898 4712.107282 0.000000 0.000000
0.000000 0.000000 5518.785973 5518.680753 5518.168303 5518.353606 5518.992653 5518.822596 5518.810670 5518.976831 5518.959285 5518.976831 5518.810670 5518.822596 5518.992653 5518.353606 5518.168303 5518.680753 5518.785973 0.000000 0.000000
0.000000 0.000000 6288.536875 6288.458512 6287.953663 6288.174868 6288.725678 6288.574357 6288.569333 6288.717220 6288.699589 6288.717220 6288.569333 6288.574357 6288.725678 6288.174868 6287.953663 6288.458512 6288.536875 0.000000 0.000000
0.000000 0.000000 7025.565825 7025.477937 7024.989013 7025.182949 7025.750393 7025.597235 7025.589192 7025.738565 7025.719991 7025.738565 7025.589192 7025.597235 7025.750393 7025.182949 7024.989013 7025.477937 7025.565825 0.000000 0.000000
0.000000 0.000000 7736.905132 7736.814659 7736.338784 7736.522635 7737.081117 7736.932328 7736.925023 7737.072034 7737.054657 7737.072034 7736.925023 7736.932328 7737.081117 7736.522635 7736.338784 7736.814659 7736.905132 0.000000 0.000000
0.000000 0.000000 8430.301572 8430.213475 8429.741136 8429.925543 8430.469258 8430.323178 8430.316466 8430.460683 8430.442796 8430.460683 8430.316466 8430.323178 8430.469258 8429.925543 8429.741136 8430.213475 8430.301572 0.000000 0.000000
0.000000 0.000000 9104.712020 9104.630459 9104.163444 9104.367023 9104.875482 9104.734204 9104.730005 9104.869062 9104.850704 9104.869062 9104.730005 9104.734204 9104.875482 9104.367023 9104.163444 9104.630459 9104.712020 0.000000 0.000000
0.000000 0.000000 9764.014385 9763.929962 9763.461550 9763.654057 9764.172227 9764.030624 9764.025397 9764.165868 9764.147044 9764.165868 9764.025397 9764.030624 9764.172227 9763.654057 9763.461550 9763.929962 9764.014385 0.000000 0.000000
0.000000 0.000000 10409.745517 10409.661964 10409.203087 10409.387910 10409.897142 10409.758996 10409.753882 10409.891019 10409.872438 10409.891019 10409.753882 10409.758996 10409.897142 10409.387910 10409.203087 10409.661963 10409.745514 0.000000 0.000000
0.000000 0.000000 11040.952913 11040.869970 11040.408240 11040.596083 11041.101967 11040.962569 11040.957326 11041.093353 11041.073853 11041.093353 11040.957326 11040.962569 11041.101967 11040.596083 11040.408239 11040.869950 11040.952613 0.000000 0.000000
0.000000 0.000000 11691.788536 11692.020690 11691.565240 11691.744610 11692.252126 11692.111760 11692.106644 11692.244673 11692.225047 11692.244673 11692.106644 11692.111760 11692.252126 11691.744610 11691.565222 11692.017540 11692.100547 0.000000 0.000000
0.000000 0.000000 0.000000 0.000000 0.000000 0.000000 0.000000 0.000000 0.000000 0.000000 0.000000 0.000000 0.000000 0.000000 0.000000 0.000000 0.000000 0.000000 0.000000 0.000000 0.000000
0.000000 0.000000 0.000000 0.000000 0.000000 0.000000 0.000000 0.000000 0.000000 0.000000 0.000000 0.000000 0.000000 0.000000 0.000000 0.000000 0.000000 0.000000 0.000000 0.000000 0.000000