geotop/1.0zi/1.0Montebello/Templates/testdem/maps/_Erotot0071.asc
ncols         21
nrows         20
xllcorner     100.000000
yllcorner     100.000000
cellsize      50.000000
NODATA_value  -9999.0
0.000000 0.000000 0.000000 0.000000 0.000000 0.000000 0.000000 0.000000 0.000000 0.000000 0.000000 0.000000 0.000000 0.000000 0.000000 0.000000 0.000000 0.000000 0.000000 0.000000 0.000000
0.000000 0.000000 0.913001 0.913000 0.913000 0.913000 0.913000 0.913000 0.913000 0.913000 0.913000 0.913000 0.913000 0.913000 0.913000 0.913000 0.913000 0.913000 0.913001 0.000000 0.000000
0.000000 0.000000 2.846059 2.845948 2.846003 2.846012 2.846013 2.846013 2.846013 2.846013 2.846013 2.846013 2.846013 2.846013 2.846013 2.846012 2.846003 2.845948 2.846059 0.000000 0.000000
0.000000 0.000000 42.401998 42.401779 42.401873 42.401911 42.401919 42.401920 42.401920 42.401920 42.401920 42.401920 42.401920 42.401920 42.401919 42.401911 42.401873 42.401779 42.401998 0.000000 0.000000
0.000000 0.000000 49.636963 49.636916 49.636925 49.636935 49.636938 49.636938 49.636938 49.636938 49.636938 49.636938 49.636938 49.636938 49.636938 49.636935 49.636925 49.636916 49.636963 0.000000 0.000000
0.000000 0.000000 70.725003 70.724876 70.724944 70.724964 70.724967 70.724968 70.724968 70.724968 70.724968 70.724968 70.724968 70.724968 70.724967 70.724964 70.724944 70.724876 70.725003 0.000000 0.000000
0.000000 0.000000 93.291936 93.291822 93.291872 93.291889 93.291892 93.291893 93.291893 93.291893 93.291893 93.291893 93.291893 93.291893 93.291892 93.291889 93.291872 93.291822 93.291936 0.000000 0.000000
0.000000 0.000000 115.030290 115.030184 115.030224 115.030238 115.030240 115.030241 115.030241 115.030241 115.030241 115.030241 115.030241 115.030241 115.030240 115.030238 115.030224 115.030184 115.030290 0.000000 0.000000
0.000000 0.000000 135.990905 135.990804 135.990834 135.990846 135.990848 135.990849 135.990849 135.990849 135.990849 135.990849 135.990849 135.990849 135.990848 135.990846 135.990834 135.990804 135.990905 0.000000 0.000000
0.000000 0.000000 156.308223 156.308127 156.308147 156.308157 156.308159 156.308160 156.308160 156.308160 156.308160 156.308160 156.308160 156.308160 156.308159 156.308157 156.308147 156.308127 156.308223 0.000000 0.000000
0.000000 0.000000 176.191168 176.191073 176.191087 176.191095 176.191097 176.191097 176.191097 176.191097 176.191097 176.191097 176.191097 176.191097 176.191097 176.191095 176.191087 176.191073 176.191168 0.000000 0.000000
0.000000 0.000000 195.822248 195.822155 195.822161 195.822168 195.822169 195.822170 195.822170 195.822170 195.822170 195.822170 195.822170 195.822170 195.822169 195.822168 195.822161 195.822155 195.822248 0.000000 0.000000
0.000000 0.000000 215.202552 215.202462 215.202462 215.202467 215.202468 215.202469 215.202469 215.202469 215.202469 215.202469 215.202469 215.202469 215.202468 215.202467 215.202462 215.202462 215.202552 0.000000 0.000000
0.000000 0.000000 234.609706 234.609616 234.609610 234.609614 234.609615 234.609615 234.609615 234.609615 234.609615 234.609615 234.609615 234.609615 234.609615 234.609614 234.609610 234.609616 234.609706 0.000000 0.000000
0.000000 0.000000 253.589394 253.589304 253.589291 253.589294 253.589295 253.589295 253.589296 253.589296 253.589296 253.589296 253.589296 253.589295 253.589295 253.589294 253.589291 253.589304 253.589394 0.000000 0.000000
0.000000 0.000000 272.538506 272.538416 272.538399 272.538400 272.538401 272.538401 272.538401 272.538401 272.538401 272.538401 272.538401 272.538401 272.538401 272.538400 272.538399 272.538416 272.538505 0.000000 0.000000
0.000000 0.000000 291.584284 291.584109 291.584082 291.584083 291.584083 291.584084 291.584084 291.584084 291.584084 291.584084 291.584084 291.584084 291.584083 291.584083 291.584082 291.584105 291.584195 0.000000 0.000000
0.000000 0.000000 310.685050 310.682001 310.681701 310.681691 310.681691 310.681692 310.681692 310.681692 310.681692 310.681692 310.681692 310.681692 310.681691 310.681691 310.681694 310.681756 310.681909 0.000000 0.000000
0.000000 0.000000 0.000000 0.000000 0.000000 0.000000 0.000000 0.000000 0.000000 0.000000 0.000000 0.000000 0.000000 0.000000 0.000000 0.000000 0.000000 0.000000 0.000000 0.000000 0.000000
0.000000 0.000000 0.000000 0.000000 0.000000 0.000000 0.000000 0.000000 0.000000 0.000000 0.000000 0.000000 0.000000 0.000000 0.000000 0.000000 0.000000 0.000000 0.000000 0.000000 0.000000