geotop/1.0zi/1.0Montebello/Templates/testdem/maps/_Erotot6793.asc
ncols         21
nrows         20
xllcorner     100.000000
yllcorner     100.000000
cellsize      50.000000
NODATA_value  -9999.0
0.000000 0.000000 0.000000 0.000000 0.000000 0.000000 0.000000 0.000000 0.000000 0.000000 0.000000 0.000000 0.000000 0.000000 0.000000 0.000000 0.000000 0.000000 0.000000 0.000000 0.000000
0.000000 0.000000 544.486940 545.287108 544.948416 545.196903 544.592747 544.591382 544.550835 544.714184 545.121805 544.462703 544.353512 544.446551 544.712229 544.666595 545.391743 545.649056 545.703081 0.000000 0.000000
0.000000 0.000000 42.454335 41.313903 41.401179 41.545452 41.787750 41.618553 41.433077 41.218369 41.461160 41.731380 41.624681 41.849638 41.650782 41.443096 40.166255 39.381001 40.061629 0.000000 0.000000
0.000000 0.000000 225.989688 228.152275 217.145883 214.443074 214.297308 208.911260 208.257198 208.067972 207.180260 206.346340 208.453784 207.139485 213.645683 219.611119 220.516300 221.610509 226.848921 0.000000 0.000000
0.000000 0.000000 2277.103733 2280.275156 2283.855204 2263.820666 2249.591455 2236.433067 2239.579923 2235.312588 2240.862029 2246.272550 2241.645147 2239.984039 2252.109551 2254.653611 2262.507028 2270.287238 2272.097831 0.000000 0.000000
0.000000 0.000000 3996.954706 3991.330601 3988.277599 3981.485308 3968.755531 3961.272475 3959.783768 3959.800451 3956.345042 3950.833188 3949.703079 3952.844519 3952.400269 3969.949441 3978.545408 3984.891099 3986.786291 0.000000 0.000000
0.000000 0.000000 5162.020746 5159.199514 5155.280330 5150.120342 5136.974143 5119.048545 5118.640874 5114.670207 5116.525503 5120.434006 5121.990045 5122.448427 5145.731684 5155.289826 5159.394113 5161.181866 5166.664449 0.000000 0.000000
0.000000 0.000000 5969.619211 5970.602007 5968.193666 5960.161616 5959.189999 5951.214869 5951.761541 5951.882703 5950.937467 5947.854070 5947.160034 5952.252713 5952.821621 5956.323943 5966.764480 5964.732254 5969.408074 0.000000 0.000000
0.000000 0.000000 7078.128381 7074.608784 7069.022876 7069.702180 7061.080758 7048.819278 7049.723460 7046.025768 7043.907506 7044.385868 7046.343340 7040.704314 7056.246296 7068.550442 7068.994268 7071.249314 7072.886973 0.000000 0.000000
0.000000 0.000000 8355.106343 8352.353534 8353.317139 8350.913420 8333.898949 8326.137363 8326.647140 8325.952606 8323.530134 8326.782629 8329.910218 8328.559833 8333.195129 8345.138236 8351.111448 8351.886758 8353.164562 0.000000 0.000000
0.000000 0.000000 9739.134318 9738.557527 9736.841951 9720.270766 9717.164641 9704.084776 9708.770061 9697.623100 9700.981314 9700.147240 9694.155659 9702.482519 9708.792569 9710.906930 9720.711452 9726.349874 9735.920930 0.000000 0.000000
0.000000 0.000000 11204.375370 11198.358288 11192.222700 11189.575685 11182.791315 11166.530418 11164.540930 11164.164825 11171.188890 11162.518649 11165.326439 11165.136061 11183.087278 11188.954041 11190.703390 11192.989739 11214.046738 0.000000 0.000000
0.000000 0.000000 12704.685398 12701.431867 12701.471456 12691.912324 12686.902400 12652.621403 12651.128242 12650.436506 12633.710771 12643.511810 12647.882901 12650.864918 12673.546890 12679.188723 12696.699919 12695.726891 12703.747423 0.000000 0.000000
0.000000 0.000000 14374.598093 14376.706980 14366.887166 14363.761575 14326.575397 14337.434999 14325.531469 14326.603812 14329.931658 14328.104908 14326.464048 14322.667147 14308.709403 14350.851559 14356.338070 14370.647510 14379.104305 0.000000 0.000000
0.000000 0.000000 16203.702754 16197.387295 16191.716849 16154.874629 16157.091013 16138.452857 16122.775414 16121.008999 16113.795608 16106.337360 16109.944858 16108.083981 16129.797337 16130.666831 16188.044435 16176.342012 16175.947087 0.000000 0.000000
0.000000 0.000000 18108.073678 18106.433171 18052.309976 18057.433818 18062.542955 18053.187123 18077.922346 18066.962334 18077.378329 18070.824676 18063.686082 18077.118377 18080.001344 18080.190691 18046.333612 18121.630554 18115.229635 0.000000 0.000000
0.000000 0.000000 20327.886253 20256.520068 20259.879705 20241.773246 20202.608533 20194.269641 20179.072733 20184.062030 20162.727670 20164.116393 20173.293898 20168.702615 20186.226511 20208.054793 20258.629659 20238.332432 20316.082676 0.000000 0.000000
0.000000 0.000000 21671.950871 21711.222643 21784.520664 21776.585899 21764.216025 21703.869268 21707.013166 21687.023673 21709.067441 21704.899759 21709.576122 21708.090099 21760.531162 21772.203739 21797.552412 21726.222979 21688.600311 0.000000 0.000000
0.000000 0.000000 0.000000 0.000000 0.000000 0.000000 0.000000 0.000000 0.000000 0.000000 0.000000 0.000000 0.000000 0.000000 0.000000 0.000000 0.000000 0.000000 0.000000 0.000000 0.000000
0.000000 0.000000 0.000000 0.000000 0.000000 0.000000 0.000000 0.000000 0.000000 0.000000 0.000000 0.000000 0.000000 0.000000 0.000000 0.000000 0.000000 0.000000 0.000000 0.000000 0.000000