geotop/1.0zi/1.0Montebello/Templates/testdem/maps/_Erotot8098.asc
ncols         21
nrows         20
xllcorner     100.000000
yllcorner     100.000000
cellsize      50.000000
NODATA_value  -9999.0
0.000000 0.000000 0.000000 0.000000 0.000000 0.000000 0.000000 0.000000 0.000000 0.000000 0.000000 0.000000 0.000000 0.000000 0.000000 0.000000 0.000000 0.000000 0.000000 0.000000 0.000000
0.000000 0.000000 675.047843 675.846924 675.299050 675.405395 674.396159 674.555992 674.542578 674.605918 675.038962 674.364263 674.242615 674.294760 674.668896 674.821746 675.656257 676.201925 676.416235 0.000000 0.000000
0.000000 0.000000 52.149499 51.166746 51.410376 51.472668 52.106412 51.785061 51.489267 51.354227 51.584005 51.943306 51.962670 52.112225 51.865770 51.356902 50.082283 49.229195 49.752750 0.000000 0.000000
0.000000 0.000000 354.814404 355.940453 343.580541 338.314014 338.866748 327.549117 327.667700 328.486776 324.828129 323.053985 325.201677 325.342181 335.610404 342.665760 347.290862 350.200127 355.399449 0.000000 0.000000
0.000000 0.000000 3293.034427 3295.326770 3297.516145 3274.487023 3254.747293 3243.233266 3242.540009 3237.714684 3244.588228 3249.752369 3245.253473 3243.788744 3258.854050 3262.585224 3273.877418 3283.663084 3283.757474 0.000000 0.000000
0.000000 0.000000 5234.226900 5228.820637 5225.342391 5219.156267 5203.584204 5193.872000 5194.746500 5193.702703 5190.370656 5184.663960 5183.694428 5186.909696 5186.413754 5206.643988 5214.521305 5220.733542 5223.715082 0.000000 0.000000
0.000000 0.000000 6550.566318 6547.549166 6542.937477 6535.912441 6521.840537 6499.487425 6498.435972 6494.617932 6496.036858 6499.761842 6501.269549 6501.757614 6529.906280 6540.145848 6545.912294 6548.711321 6553.965519 0.000000 0.000000
0.000000 0.000000 7713.365812 7713.640923 7710.513333 7700.351908 7697.504273 7687.697817 7687.897729 7687.684276 7686.704033 7682.744508 7682.060364 7688.303867 7690.429954 7695.570178 7708.363736 7706.923060 7711.987882 0.000000 0.000000
0.000000 0.000000 9235.115733 9230.574486 9224.034015 9223.450124 9211.891048 9196.074920 9197.366333 9192.717461 9190.654017 9190.390170 9192.889006 9187.063102 9206.113153 9220.374581 9222.557256 9226.301108 9227.742558 0.000000 0.000000
0.000000 0.000000 10976.599800 10973.138901 10973.172506 10968.531137 10947.510479 10937.268219 10936.855045 10936.577551 10933.098170 10936.602764 10939.790845 10939.053178 10946.273476 10961.151510 10969.217154 10971.212007 10972.360600 0.000000 0.000000
0.000000 0.000000 12888.711989 12887.928711 12884.723082 12863.784987 12857.439861 12840.892361 12846.777635 12833.102435 12837.323826 12835.489140 12828.397699 12838.598243 12848.468026 12851.673655 12864.806406 12872.009357 12882.970980 0.000000 0.000000
0.000000 0.000000 14965.311430 14957.143995 14948.530491 14944.765410 14933.670024 14912.711772 14908.866428 14909.648382 14917.155320 14905.756933 14910.148654 14909.861873 14933.373425 14942.590100 14945.889986 14949.920834 14973.898343 0.000000 0.000000
0.000000 0.000000 17132.337923 17127.446405 17127.640900 17112.963230 17105.238076 17053.178635 17051.490845 17050.382929 17027.968590 17041.092223 17045.488380 17050.499375 17086.840810 17094.662140 17119.277409 17118.883537 17126.312808 0.000000 0.000000
0.000000 0.000000 19627.350375 19630.058346 19615.419488 19610.345955 19546.868017 19569.420717 19552.700914 19554.035961 19561.554972 19556.044854 19553.600861 19548.281800 19525.097634 19593.344692 19600.115045 19621.476363 19631.629846 0.000000 0.000000
0.000000 0.000000 22436.284761 22427.553474 22417.663452 22346.347481 22363.323562 22327.554639 22307.485377 22303.794798 22290.632813 22279.482720 22286.624519 22285.367736 22324.898938 22311.015955 22412.845076 22391.911103 22388.897279 0.000000 0.000000
0.000000 0.000000 25356.752269 25353.586682 25250.617982 25285.261716 25284.820661 25275.930394 25323.158044 25307.312243 25329.719047 25321.355541 25304.550858 25331.251906 25330.919176 25332.786184 25241.366262 25393.399961 25384.616402 0.000000 0.000000
0.000000 0.000000 28830.410917 28681.367074 28725.644505 28674.035020 28595.878115 28579.009396 28534.524025 28547.410049 28499.213388 28504.426576 28530.131636 28507.254243 28543.638913 28593.521352 28722.723276 28626.825793 28785.914310 0.000000 0.000000
0.000000 0.000000 30036.984838 30187.419848 30320.566380 30325.447071 30333.723841 30216.420420 30237.762116 30198.259638 30259.969373 30248.803425 30243.173640 30257.402769 30353.073408 30348.172747 30345.592016 30239.214837 30090.243176 0.000000 0.000000
0.000000 0.000000 0.000000 0.000000 0.000000 0.000000 0.000000 0.000000 0.000000 0.000000 0.000000 0.000000 0.000000 0.000000 0.000000 0.000000 0.000000 0.000000 0.000000 0.000000 0.000000
0.000000 0.000000 0.000000 0.000000 0.000000 0.000000 0.000000 0.000000 0.000000 0.000000 0.000000 0.000000 0.000000 0.000000 0.000000 0.000000 0.000000 0.000000 0.000000 0.000000 0.000000