geotop/1.0zi/1.0Montebello/Templates/testdem/maps/_Erotot5181.asc
ncols         21
nrows         20
xllcorner     100.000000
yllcorner     100.000000
cellsize      50.000000
NODATA_value  -9999.0
0.000000 0.000000 0.000000 0.000000 0.000000 0.000000 0.000000 0.000000 0.000000 0.000000 0.000000 0.000000 0.000000 0.000000 0.000000 0.000000 0.000000 0.000000 0.000000 0.000000 0.000000
0.000000 0.000000 378.420451 377.497765 377.203382 376.983533 376.938342 377.016453 376.974003 377.144898 377.088957 377.002983 377.030304 377.071152 377.007240 377.073548 377.275539 377.265881 377.824699 0.000000 0.000000
0.000000 0.000000 28.909421 29.792056 30.177957 31.257733 30.813874 30.795339 30.615260 30.405499 30.482320 30.782124 30.508395 30.349470 30.889727 30.520645 29.682002 28.972816 28.340452 0.000000 0.000000
0.000000 0.000000 152.126940 153.600215 146.465085 144.462250 145.630628 140.949758 140.134176 140.202903 138.837690 137.749776 138.853649 137.318961 139.927336 144.698604 144.210738 147.658509 150.355233 0.000000 0.000000
0.000000 0.000000 1545.395145 1549.231910 1555.482447 1536.766755 1525.867375 1516.926093 1519.070566 1513.621043 1517.661110 1521.933905 1522.146590 1521.872791 1531.551002 1530.768239 1537.245378 1543.779876 1545.580023 0.000000 0.000000
0.000000 0.000000 2849.061114 2844.199829 2840.735409 2837.060244 2829.937987 2825.885264 2823.375976 2825.001732 2825.150260 2822.185736 2818.649878 2820.400517 2818.975737 2832.745188 2838.713138 2841.518214 2844.412016 0.000000 0.000000
0.000000 0.000000 3732.396524 3729.727016 3726.814203 3722.697199 3710.425885 3693.857109 3694.695693 3691.318048 3693.141178 3695.924434 3697.684940 3698.945238 3716.941145 3725.862651 3730.519006 3731.764278 3736.661302 0.000000 0.000000
0.000000 0.000000 4320.388783 4321.806979 4321.445629 4315.567884 4315.626811 4309.567872 4309.602916 4310.341318 4309.037479 4306.995325 4306.944681 4310.163730 4309.441787 4311.380094 4319.120368 4317.460497 4320.018944 0.000000 0.000000
0.000000 0.000000 5073.489893 5071.875389 5067.733026 5068.702572 5063.068484 5054.241675 5055.206567 5051.950755 5050.004030 5051.411680 5052.378983 5048.101663 5059.579682 5066.942539 5068.801823 5069.025060 5070.705219 0.000000 0.000000
0.000000 0.000000 5950.593548 5947.913827 5950.361195 5950.025519 5936.668070 5931.734561 5932.011110 5931.548993 5930.284767 5932.693823 5935.984948 5934.636815 5937.117121 5945.788082 5949.886223 5949.473439 5950.377210 0.000000 0.000000
0.000000 0.000000 6891.021933 6891.208190 6891.261719 6879.443486 6877.976089 6867.917609 6872.507925 6863.009898 6865.321544 6864.780044 6861.058584 6867.864923 6870.641461 6872.131004 6877.635063 6883.704544 6890.007124 0.000000 0.000000
0.000000 0.000000 7868.940925 7865.647901 7861.694335 7860.169592 7856.680209 7843.978290 7843.464721 7842.405548 7849.074946 7843.188895 7844.222734 7844.345120 7858.672289 7860.007643 7862.049182 7861.408795 7880.649660 0.000000 0.000000
0.000000 0.000000 8850.772327 8848.867269 8850.256840 8842.506277 8840.201149 8818.859204 8817.767544 8817.157592 8804.637055 8812.200646 8817.110408 8819.312964 8830.602407 8834.463233 8846.658205 8846.379412 8852.430870 0.000000 0.000000
0.000000 0.000000 9917.688505 9918.767803 9912.567352 9912.777948 9888.219896 9898.551412 9889.169518 9890.194712 9890.928510 9890.991914 9890.349966 9886.518809 9877.945611 9901.148976 9906.805552 9915.556002 9922.443615 0.000000 0.000000
0.000000 0.000000 11056.366514 11051.739367 11049.194631 11031.456688 11033.423859 11019.153260 11007.766409 11006.168906 11002.258349 10997.143512 10999.888206 10999.144315 11011.334765 11015.349126 11048.337269 11040.667121 11039.973410 0.000000 0.000000
0.000000 0.000000 12215.127435 12214.841298 12187.921537 12185.527357 12190.010159 12185.027516 12198.964945 12192.368321 12197.000428 12193.114222 12189.370112 12196.678403 12199.185071 12199.035993 12183.999218 12223.190699 12217.396923 0.000000 0.000000
0.000000 0.000000 13512.596814 13481.587283 13478.834212 13472.185721 13452.917556 13448.457096 13442.536574 13444.871615 13434.135914 13434.386690 13438.136091 13439.656999 13448.447796 13455.457118 13480.162174 13477.694659 13513.720736 0.000000 0.000000
0.000000 0.000000 14465.450002 14470.623237 14503.368719 14497.992437 14489.577905 14463.556048 14464.744995 14452.462536 14461.433326 14460.240026 14466.132541 14461.395446 14484.604992 14490.917823 14511.342734 14476.648394 14470.758742 0.000000 0.000000
0.000000 0.000000 0.000000 0.000000 0.000000 0.000000 0.000000 0.000000 0.000000 0.000000 0.000000 0.000000 0.000000 0.000000 0.000000 0.000000 0.000000 0.000000 0.000000 0.000000 0.000000
0.000000 0.000000 0.000000 0.000000 0.000000 0.000000 0.000000 0.000000 0.000000 0.000000 0.000000 0.000000 0.000000 0.000000 0.000000 0.000000 0.000000 0.000000 0.000000 0.000000 0.000000