geotop/1.0zi/1.0Montebello/Templates/testdem/maps/_Erotot028d.asc
ncols         21
nrows         20
xllcorner     100.000000
yllcorner     100.000000
cellsize      50.000000
NODATA_value  -9999.0
0.000000 0.000000 0.000000 0.000000 0.000000 0.000000 0.000000 0.000000 0.000000 0.000000 0.000000 0.000000 0.000000 0.000000 0.000000 0.000000 0.000000 0.000000 0.000000 0.000000 0.000000
0.000000 0.000000 856.630354 856.767384 855.563781 855.145027 853.520033 853.013713 853.194732 853.185120 853.584036 853.025076 852.834965 852.876009 853.902742 854.494657 855.861743 857.045791 857.758086 0.000000 0.000000
0.000000 0.000000 62.178026 60.858844 61.220900 60.949422 61.787801 61.340879 60.900229 60.808971 60.996724 61.175278 61.363740 61.423034 61.280513 60.776398 59.757665 58.865668 59.588253 0.000000 0.000000
0.000000 0.000000 666.733129 675.395932 658.902930 649.916989 648.744951 640.135617 648.033228 649.954579 645.996327 647.720142 651.815883 651.001352 659.325068 670.699902 673.920748 673.192401 679.215054 0.000000 0.000000
0.000000 0.000000 4981.523388 4974.806307 4970.946401 4929.493775 4902.771671 4886.573989 4879.177323 4874.882295 4879.390348 4884.603377 4884.982951 4878.871603 4899.086561 4905.900399 4927.228489 4940.066322 4940.492994 0.000000 0.000000
0.000000 0.000000 7289.404088 7283.243838 7277.268285 7278.296144 7248.431180 7234.549130 7238.725878 7237.967128 7231.656528 7224.968915 7222.590725 7226.809517 7229.685999 7257.930003 7258.476784 7266.256307 7267.864861 0.000000 0.000000
0.000000 0.000000 8964.329659 8959.013463 8954.610701 8939.845567 8932.796230 8893.649518 8893.405915 8890.708182 8888.494827 8892.615048 8893.075753 8894.122860 8930.733196 8935.545300 8946.122964 8949.946451 8955.025417 0.000000 0.000000
0.000000 0.000000 10805.460747 10802.450029 10794.678435 10776.714189 10764.939593 10760.271749 10761.064955 10759.348464 10757.403221 10753.459831 10752.798912 10759.899102 10758.758610 10771.399670 10788.633631 10787.108995 10793.353287 0.000000 0.000000
0.000000 0.000000 13141.204531 13135.812549 13125.525836 13117.522675 13098.353142 13073.352259 13077.129918 13073.451505 13068.219927 13067.762330 13071.240862 13064.213467 13092.726317 13109.881043 13114.038106 13118.985875 13121.415336 0.000000 0.000000
0.000000 0.000000 15888.525233 15879.074790 15873.750312 15861.615963 15843.874669 15821.682279 15820.946373 15819.464191 15812.460011 15817.228250 15820.930221 15819.715333 15829.386164 15853.415901 15863.770045 15869.065005 15868.168677 0.000000 0.000000
0.000000 0.000000 19005.651246 19001.812722 18996.623480 18955.740872 18954.559363 18921.713461 18931.586608 18912.127819 18916.519591 18911.746593 18902.859058 18915.483347 18933.732520 18940.360971 18959.299578 18964.199080 18984.398579 0.000000 0.000000
0.000000 0.000000 22556.615024 22541.075976 22516.830679 22512.406573 22496.692642 22458.159571 22456.331711 22460.721141 22466.072669 22448.070771 22458.126044 22452.944785 22488.129792 22507.677076 22511.288533 22519.224222 22548.149292 0.000000 0.000000
0.000000 0.000000 26353.548024 26343.966180 26346.127157 26317.429764 26293.942677 26197.564437 26192.384705 26189.706840 26141.170286 26174.061579 26174.938508 26184.801206 26256.480441 26267.768242 26312.489969 26313.140402 26314.636649 0.000000 0.000000
0.000000 0.000000 30794.426487 30796.932370 30760.354247 30743.040928 30611.688071 30695.661521 30663.601839 30666.931911 30694.374411 30668.179236 30666.206307 30646.543627 30567.812565 30721.066201 30717.523983 30756.498040 30774.215621 0.000000 0.000000
0.000000 0.000000 34988.194066 34977.880242 34961.226346 34827.393878 34919.384730 34821.578800 34805.262095 34797.872914 34761.513257 34753.374934 34767.508081 34772.038213 34858.750691 34761.705763 34950.062318 34898.404916 34883.720302 0.000000 0.000000
0.000000 0.000000 37886.968956 37881.851819 37772.242879 37844.401829 37825.179343 37834.562334 37893.262733 37877.086850 37905.768692 37900.816537 37879.436953 37906.216341 37885.614389 37910.345410 37755.318145 37934.284315 37925.978836 0.000000 0.000000
0.000000 0.000000 40100.488980 40027.014019 40059.856919 40033.334447 39991.604000 39993.468709 39969.542838 39978.452406 39952.781492 39957.041298 39969.765416 39958.776955 39968.581101 39990.370834 40055.019863 39996.430099 40074.649239 0.000000 0.000000
0.000000 0.000000 40970.333618 41023.826964 41074.847471 41081.077837 41077.995467 41033.340261 41042.843073 41027.563533 41048.822371 41045.426834 41045.511779 41046.980328 41087.776182 41085.864608 41080.208985 41035.718421 40983.656948 0.000000 0.000000
0.000000 0.000000 0.000000 0.000000 0.000000 0.000000 0.000000 0.000000 0.000000 0.000000 0.000000 0.000000 0.000000 0.000000 0.000000 0.000000 0.000000 0.000000 0.000000 0.000000 0.000000
0.000000 0.000000 0.000000 0.000000 0.000000 0.000000 0.000000 0.000000 0.000000 0.000000 0.000000 0.000000 0.000000 0.000000 0.000000 0.000000 0.000000 0.000000 0.000000 0.000000 0.000000