geotop/1.0zi/1.0Montebello/Templates/testdem/maps/_Erotot9792.asc
ncols         21
nrows         20
xllcorner     100.000000
yllcorner     100.000000
cellsize      50.000000
NODATA_value  -9999.0
0.000000 0.000000 0.000000 0.000000 0.000000 0.000000 0.000000 0.000000 0.000000 0.000000 0.000000 0.000000 0.000000 0.000000 0.000000 0.000000 0.000000 0.000000 0.000000 0.000000 0.000000
0.000000 0.000000 812.026191 812.176592 810.996305 810.533361 808.960760 808.522974 808.619235 808.677979 809.031697 808.471034 808.330062 808.364046 809.329429 809.912223 811.272984 812.507852 813.158240 0.000000 0.000000
0.000000 0.000000 61.269732 59.921112 60.215121 59.993393 60.727634 60.235241 59.872324 59.718165 59.954750 60.110558 60.281351 60.354767 60.240840 59.755154 58.731203 57.834381 58.621964 0.000000 0.000000
0.000000 0.000000 536.533646 540.383296 525.967147 518.503708 517.933482 509.931961 517.000081 518.945872 515.048927 515.963755 520.264906 519.670781 528.503840 539.043964 541.948232 540.462448 545.913757 0.000000 0.000000
0.000000 0.000000 4537.376976 4530.952783 4527.092875 4488.119916 4462.005334 4446.446693 4438.923105 4432.642193 4438.532278 4444.083810 4444.032579 4437.710261 4458.718311 4465.327460 4484.385051 4495.654108 4496.816297 0.000000 0.000000
0.000000 0.000000 6753.867460 6747.568787 6742.840453 6745.102714 6716.937928 6704.191574 6707.939592 6706.752452 6701.314430 6694.751467 6692.578498 6696.905993 6698.612629 6725.916340 6726.037490 6733.510750 6735.363066 0.000000 0.000000
0.000000 0.000000 8294.404569 8288.253874 8284.394445 8271.309744 8264.458923 8227.717657 8227.035045 8223.707001 8222.125045 8226.130234 8226.650234 8227.735473 8263.515350 8267.888687 8277.530493 8280.477085 8285.596505 0.000000 0.000000
0.000000 0.000000 9941.630101 9937.469753 9930.726510 9914.912967 9904.377870 9900.162766 9900.757900 9898.211211 9897.118628 9893.078415 9892.401491 9899.419239 9898.271985 9909.905684 9925.744064 9923.347907 9929.625208 0.000000 0.000000
0.000000 0.000000 12033.469872 12027.011607 12018.083519 12012.118797 11994.462708 11971.284748 11974.485457 11970.059873 11965.861121 11965.389118 11968.676012 11961.959725 11989.534475 12005.353128 12008.278057 12012.083620 12014.614445 0.000000 0.000000
0.000000 0.000000 14482.328923 14471.881692 14467.453478 14458.050342 14442.057633 14421.963257 14420.838295 14418.334001 14412.720511 14417.101001 14420.529666 14419.596194 14428.825130 14450.846803 14459.419653 14463.602266 14462.832508 0.000000 0.000000
0.000000 0.000000 17228.974437 17223.660983 17219.828664 17183.971871 17183.408831 17153.956865 17162.431657 17143.443656 17148.426639 17144.002205 17135.892376 17147.500179 17164.763012 17170.507281 17186.951262 17190.357523 17209.255958 0.000000 0.000000
0.000000 0.000000 20319.885291 20303.838694 20283.009000 20279.845485 20266.989465 20232.658668 20230.978566 20232.580899 20238.699728 20222.351290 20230.896281 20227.174283 20259.117584 20275.763226 20278.097873 20284.413771 20311.145838 0.000000 0.000000
0.000000 0.000000 23622.617984 23611.077142 23612.635169 23589.205169 23568.812353 23487.318420 23481.554968 23478.476985 23437.978608 23465.005784 23466.392903 23474.596363 23537.046208 23547.112703 23584.539933 23583.978915 23588.576761 0.000000 0.000000
0.000000 0.000000 27565.971745 27564.417760 27533.571656 27517.422564 27405.410111 27468.874863 27439.999272 27440.726702 27460.791511 27441.206642 27439.291323 27423.790015 27362.605046 27494.660443 27494.252374 27527.118478 27543.002316 0.000000 0.000000
0.000000 0.000000 31736.682407 31724.056922 31704.059091 31572.772836 31649.106882 31560.199767 31539.839338 31531.306537 31499.491695 31488.110225 31502.341323 31504.454657 31584.808055 31504.518177 31689.141226 31640.250210 31628.358374 0.000000 0.000000
0.000000 0.000000 35238.712994 35230.741944 35088.304960 35180.014320 35155.965897 35167.730607 35241.114756 35219.953070 35257.368035 35250.772675 35222.816776 35257.958409 35232.638542 35261.823080 35067.422448 35297.105102 35288.163819 0.000000 0.000000
0.000000 0.000000 38224.607427 38105.924956 38169.563401 38116.359968 38054.124990 38038.604617 37992.570261 38006.476591 37961.798403 37968.524253 37993.237796 37969.184288 38003.581217 38039.633156 38163.590586 38047.395448 38173.695162 0.000000 0.000000
0.000000 0.000000 39133.642032 39208.683130 39287.842520 39281.113049 39277.562369 39212.789099 39221.243412 39199.306569 39229.262326 39223.897525 39224.864599 39227.231905 39279.708381 39285.497266 39296.501152 39222.772036 39149.311447 0.000000 0.000000
0.000000 0.000000 0.000000 0.000000 0.000000 0.000000 0.000000 0.000000 0.000000 0.000000 0.000000 0.000000 0.000000 0.000000 0.000000 0.000000 0.000000 0.000000 0.000000 0.000000 0.000000
0.000000 0.000000 0.000000 0.000000 0.000000 0.000000 0.000000 0.000000 0.000000 0.000000 0.000000 0.000000 0.000000 0.000000 0.000000 0.000000 0.000000 0.000000 0.000000 0.000000 0.000000