geotop/1.0zi/1.0Montebello/Templates/testdem/maps/_Erotot1298.asc
ncols         21
nrows         20
xllcorner     100.000000
yllcorner     100.000000
cellsize      50.000000
NODATA_value  -9999.0
0.000000 0.000000 0.000000 0.000000 0.000000 0.000000 0.000000 0.000000 0.000000 0.000000 0.000000 0.000000 0.000000 0.000000 0.000000 0.000000 0.000000 0.000000 0.000000 0.000000 0.000000
0.000000 0.000000 149.078160 149.079559 149.114418 149.089779 149.071125 149.079575 149.081160 149.075973 149.076642 149.075973 149.081160 149.079575 149.071125 149.089779 149.114418 149.079559 149.078160 0.000000 0.000000
0.000000 0.000000 9.056179 8.837095 7.060862 8.917953 9.099488 9.083745 9.094055 9.101117 9.099374 9.101117 9.094055 9.083745 9.099488 8.917953 7.060862 8.837095 9.056179 0.000000 0.000000
0.000000 0.000000 1075.098395 1074.894482 1074.922125 1072.928132 1075.271414 1074.840825 1074.780545 1075.305220 1075.248901 1075.305220 1074.780545 1074.840825 1075.271414 1072.928132 1074.922125 1074.894482 1075.098395 0.000000 0.000000
0.000000 0.000000 1916.612599 1916.388756 1915.638101 1916.335174 1916.785959 1916.595078 1916.548015 1916.695321 1916.650067 1916.695321 1916.548015 1916.595078 1916.785959 1916.335174 1915.638101 1916.388756 1916.612599 0.000000 0.000000
0.000000 0.000000 2520.578989 2520.405916 2519.657041 2519.851759 2520.765685 2520.514615 2520.482842 2520.698381 2520.671537 2520.698381 2520.482842 2520.514615 2520.765685 2519.851759 2519.657041 2520.405916 2520.578989 0.000000 0.000000
0.000000 0.000000 3286.374418 3286.236600 3285.560892 3285.753629 3286.537874 3286.325854 3286.302989 3286.480416 3286.457243 3286.480416 3286.302989 3286.325854 3286.537874 3285.753629 3285.560892 3286.236600 3286.374418 0.000000 0.000000
0.000000 0.000000 4015.251049 4015.132233 4014.507437 4014.698671 4015.393030 4015.209364 4015.191242 4015.346986 4015.327001 4015.346986 4015.191242 4015.209364 4015.393030 4014.698671 4014.507437 4015.132233 4015.251049 0.000000 0.000000
0.000000 0.000000 4706.354059 4706.245465 4705.651667 4705.837347 4706.484696 4706.315146 4706.299835 4706.444423 4706.425071 4706.444423 4706.299835 4706.315146 4706.484696 4705.837347 4705.651667 4706.245465 4706.354059 0.000000 0.000000
0.000000 0.000000 5368.098515 5368.017055 5367.435573 5367.658127 5368.217142 5368.066401 5368.058297 5368.185462 5368.166008 5368.185462 5368.058297 5368.066401 5368.217142 5367.658127 5367.435573 5368.017055 5368.098515 0.000000 0.000000
0.000000 0.000000 6004.607692 6004.516605 6003.953481 6004.149218 6004.725593 6004.572869 6004.561921 6004.691436 6004.670972 6004.691436 6004.561921 6004.572869 6004.725593 6004.149218 6003.953481 6004.516605 6004.607692 0.000000 0.000000
0.000000 0.000000 6621.436189 6621.342289 6620.793390 6620.979154 6621.547735 6621.399233 6621.389162 6621.517206 6621.497915 6621.517206 6621.389162 6621.399233 6621.547735 6620.979154 6620.793390 6621.342289 6621.436189 0.000000 0.000000
0.000000 0.000000 7224.199229 7224.107543 7223.565943 7223.752623 7224.307325 7224.161295 7224.152071 7224.277985 7224.258213 7224.277985 7224.152071 7224.161295 7224.307325 7223.752623 7223.565943 7224.107543 7224.199229 0.000000 0.000000
0.000000 0.000000 7813.544578 7813.459475 7812.923240 7813.130040 7813.649527 7813.508243 7813.501740 7813.623108 7813.602749 7813.623108 7813.501740 7813.508243 7813.649527 7813.130040 7812.923240 7813.459475 7813.544578 0.000000 0.000000
0.000000 0.000000 8391.979992 8391.892398 8391.357792 8391.553787 8392.084096 8391.942062 8391.934705 8392.058207 8392.037202 8392.058207 8391.934705 8391.942062 8392.084096 8391.553787 8391.357792 8391.892398 8391.979992 0.000000 0.000000
0.000000 0.000000 8961.175808 8961.089007 8960.567750 8960.756044 8961.278089 8961.139525 8961.132206 8961.252621 8961.231855 8961.252621 8961.132206 8961.139525 8961.278089 8960.756044 8960.567750 8961.089006 8961.175805 0.000000 0.000000
0.000000 0.000000 9519.331427 9519.245092 9518.722150 9518.913787 9519.434031 9519.293460 9519.286378 9519.408537 9519.386795 9519.408537 9519.286378 9519.293460 9519.434031 9518.913787 9518.722149 9519.245074 9519.331148 0.000000 0.000000
0.000000 0.000000 10097.158712 10097.347840 10096.827582 10097.010280 10097.534039 10097.392068 10097.385200 10097.509396 10097.487386 10097.509396 10097.385200 10097.392068 10097.534039 10097.010280 10096.827565 10097.344886 10097.431670 0.000000 0.000000
0.000000 0.000000 0.000000 0.000000 0.000000 0.000000 0.000000 0.000000 0.000000 0.000000 0.000000 0.000000 0.000000 0.000000 0.000000 0.000000 0.000000 0.000000 0.000000 0.000000 0.000000
0.000000 0.000000 0.000000 0.000000 0.000000 0.000000 0.000000 0.000000 0.000000 0.000000 0.000000 0.000000 0.000000 0.000000 0.000000 0.000000 0.000000 0.000000 0.000000 0.000000 0.000000