geotop/1.0zi/1.0Montebello/Templates/testdem/maps/_Erotot5953.asc
ncols         21
nrows         20
xllcorner     100.000000
yllcorner     100.000000
cellsize      50.000000
NODATA_value  -9999.0
0.000000 0.000000 0.000000 0.000000 0.000000 0.000000 0.000000 0.000000 0.000000 0.000000 0.000000 0.000000 0.000000 0.000000 0.000000 0.000000 0.000000 0.000000 0.000000 0.000000 0.000000
0.000000 0.000000 461.826403 461.022403 460.834534 460.619324 460.579861 460.678584 460.622487 460.800602 460.703614 460.501574 460.439862 460.519340 460.634854 460.542946 460.744013 460.942664 461.368766 0.000000 0.000000
0.000000 0.000000 34.590582 35.266007 35.564174 36.736474 36.474615 36.235281 36.062602 35.840944 36.054942 36.414924 36.225722 35.969212 36.409261 36.182724 35.343086 34.506628 33.889028 0.000000 0.000000
0.000000 0.000000 192.043250 193.257728 185.657242 182.815718 184.205030 179.107755 178.705517 178.319508 177.568571 175.138044 177.600914 175.801702 179.148284 184.824592 184.734939 187.551751 191.694966 0.000000 0.000000
0.000000 0.000000 1863.212798 1867.354683 1871.083983 1851.955659 1836.576767 1826.060263 1828.687906 1825.834231 1829.375305 1833.556895 1830.435120 1828.631849 1839.196631 1839.794430 1847.557374 1855.279818 1857.025238 0.000000 0.000000
0.000000 0.000000 3331.258608 3325.735018 3323.182611 3318.488792 3310.273522 3302.630266 3300.863410 3300.937636 3299.782504 3297.630024 3294.977708 3297.233885 3297.528610 3312.930682 3317.994914 3321.318818 3323.389935 0.000000 0.000000
0.000000 0.000000 4407.208166 4404.496057 4401.238702 4396.710074 4383.649442 4366.884377 4366.951922 4363.409750 4365.145039 4367.903988 4369.810058 4371.045767 4391.183098 4400.877225 4405.875907 4407.468688 4412.894523 0.000000 0.000000
0.000000 0.000000 5074.087217 5075.364718 5073.998130 5067.449518 5066.750845 5059.653615 5060.203461 5060.587933 5059.309397 5056.885926 5056.661813 5060.274556 5060.477115 5063.224830 5071.687433 5070.009789 5073.273136 0.000000 0.000000
0.000000 0.000000 5984.297317 5981.527982 5976.978793 5977.710024 5970.952724 5960.436622 5960.890954 5958.250371 5955.758485 5956.941431 5958.186822 5953.079590 5966.407083 5974.652992 5976.959490 5977.885650 5979.521749 0.000000 0.000000
0.000000 0.000000 7037.976441 7035.501920 7037.204275 7036.322104 7021.407203 7014.342478 7015.757601 7014.850843 7012.768000 7015.870321 7018.872055 7017.328073 7020.691052 7031.225615 7035.277403 7035.546894 7036.479684 0.000000 0.000000
0.000000 0.000000 8174.689260 8174.792608 8174.464294 8159.951500 8157.199970 8146.388156 8149.946495 8140.843333 8143.249947 8142.278009 8137.602304 8145.003811 8149.551427 8151.176524 8158.015100 8164.003750 8171.496338 0.000000 0.000000
0.000000 0.000000 9364.746799 9360.061721 9354.661298 9352.676096 9348.588983 9333.689048 9332.690200 9331.811122 9338.474374 9331.357881 9333.454161 9333.028478 9348.751487 9352.259069 9353.902062 9354.488157 9374.149863 0.000000 0.000000
0.000000 0.000000 10570.807612 10568.806332 10569.456621 10561.766712 10557.553557 10530.407091 10529.176484 10528.855130 10514.330540 10523.375243 10527.379009 10529.415253 10546.038239 10550.146012 10564.381712 10563.818323 10570.842735 0.000000 0.000000
0.000000 0.000000 11894.242301 11895.536616 11888.166895 11886.832167 11858.627366 11867.105419 11856.521238 11857.986789 11859.220824 11858.722592 11857.238836 11853.879772 11843.830219 11874.284567 11879.918968 11890.726522 11897.986443 0.000000 0.000000
0.000000 0.000000 13325.127407 13320.002608 13316.416502 13291.381368 13291.178924 13275.475670 13262.474953 13260.879481 13255.815512 13249.501160 13252.819432 13251.038442 13266.196512 13270.022794 13312.231324 13303.275277 13303.569697 0.000000 0.000000
0.000000 0.000000 14797.306735 14796.532498 14759.161157 14758.794290 14763.808726 14756.363822 14773.920444 14766.240777 14772.361620 14767.768828 14762.356635 14771.263812 14774.903923 14774.399728 14753.166203 14806.003588 14799.173018 0.000000 0.000000
0.000000 0.000000 16472.862661 16427.311271 16425.160834 16414.975621 16388.805002 16381.876311 16373.272546 16376.555933 16362.227359 16362.640374 16368.040103 16367.560885 16379.683484 16391.486586 16424.027097 16416.988953 16468.130547 0.000000 0.000000
0.000000 0.000000 17626.949620 17641.455821 17689.025283 17682.093085 17667.914697 17629.308495 17630.573532 17616.170971 17628.625134 17626.559118 17632.295457 17627.865942 17661.610471 17673.559047 17697.291131 17648.407063 17633.992457 0.000000 0.000000
0.000000 0.000000 0.000000 0.000000 0.000000 0.000000 0.000000 0.000000 0.000000 0.000000 0.000000 0.000000 0.000000 0.000000 0.000000 0.000000 0.000000 0.000000 0.000000 0.000000 0.000000
0.000000 0.000000 0.000000 0.000000 0.000000 0.000000 0.000000 0.000000 0.000000 0.000000 0.000000 0.000000 0.000000 0.000000 0.000000 0.000000 0.000000 0.000000 0.000000 0.000000 0.000000