geotop/1.0zi/1.0Montebello/Templates/testdem/maps/_Erotot6720.asc
ncols         21
nrows         20
xllcorner     100.000000
yllcorner     100.000000
cellsize      50.000000
NODATA_value  -9999.0
0.000000 0.000000 0.000000 0.000000 0.000000 0.000000 0.000000 0.000000 0.000000 0.000000 0.000000 0.000000 0.000000 0.000000 0.000000 0.000000 0.000000 0.000000 0.000000 0.000000 0.000000
0.000000 0.000000 535.298845 536.103453 535.769398 536.022614 535.423225 535.426562 535.386046 535.549346 535.957059 535.297953 535.188715 535.281736 535.542863 535.492398 536.212761 536.465382 536.514947 0.000000 0.000000
0.000000 0.000000 41.580890 40.442570 40.530665 40.676187 40.919661 40.755741 40.570178 40.355511 40.598222 40.868479 40.761837 40.986743 40.782465 40.573740 39.295793 38.509680 39.188270 0.000000 0.000000
0.000000 0.000000 225.604278 227.768292 216.782750 214.070883 213.909952 208.516921 207.882303 207.699680 206.798634 205.946262 208.055129 206.757105 213.257585 219.200187 220.104534 221.210239 226.441813 0.000000 0.000000
0.000000 0.000000 2241.861953 2245.143046 2249.965398 2229.399156 2215.031656 2202.194411 2205.057729 2201.865525 2206.272534 2211.996519 2207.371725 2206.404628 2218.156477 2220.020596 2228.087914 2235.806747 2237.327725 0.000000 0.000000
0.000000 0.000000 3946.336447 3940.725581 3937.207720 3930.618634 3918.081182 3910.567086 3909.273406 3908.924789 3905.809331 3900.122060 3898.976316 3901.894810 3901.487377 3919.346186 3927.774398 3934.209334 3936.227288 0.000000 0.000000
0.000000 0.000000 5108.100656 5105.320296 5101.534638 5096.338519 5083.225092 5065.672671 5065.019178 5061.120698 5063.117289 5066.779872 5068.353092 5068.834362 5091.925808 5101.396078 5105.516744 5107.293850 5112.750805 0.000000 0.000000
0.000000 0.000000 5903.302951 5904.382860 5902.166281 5894.099673 5893.182464 5885.260394 5885.846585 5886.105730 5884.952515 5881.874598 5881.195618 5886.357675 5886.798176 5890.147205 5900.564942 5898.563012 5903.197818 0.000000 0.000000
0.000000 0.000000 6998.707889 6995.207966 6989.831995 6990.396176 6981.824707 6969.776547 6970.624868 6967.086628 6964.821170 6965.210780 6967.176416 6961.620203 6976.993743 6989.376732 6989.825779 6992.109279 6993.705252 0.000000 0.000000
0.000000 0.000000 8260.691688 8258.009537 8259.193888 8256.709442 8239.782652 8232.361902 8232.814005 8232.250572 8229.596741 8232.707790 8235.846173 8234.576484 8239.030489 8250.882577 8256.847109 8257.663055 8258.893607 0.000000 0.000000
0.000000 0.000000 9628.001115 9627.491358 9626.034776 9609.422595 9606.361091 9593.568024 9598.151082 9587.209414 9590.362023 9589.424229 9583.486290 9591.847940 9597.957945 9600.000275 9609.803045 9615.454252 9624.947019 0.000000 0.000000
0.000000 0.000000 11074.480676 11068.569460 11062.736252 11059.993306 11053.290796 11037.353688 11035.301395 11035.082225 11041.857457 11033.121744 11035.940436 11035.829937 11053.475051 11059.240119 11061.022906 11063.350476 11084.250494 0.000000 0.000000
0.000000 0.000000 12555.166965 12552.018911 12552.323107 12542.699870 12537.781847 12504.183427 12502.615076 12502.103334 12485.282411 12494.870953 12499.259236 12502.267280 12524.395784 12529.947030 12547.369249 12546.456852 12554.435125 0.000000 0.000000
0.000000 0.000000 14201.636010 14203.816608 14194.339735 14191.139971 14154.623072 14165.361807 14153.538152 14154.744898 14157.732211 14155.862264 14154.299628 14150.581437 14136.683685 14178.105902 14183.641354 14197.853417 14206.205007 0.000000 0.000000
0.000000 0.000000 16003.946369 15997.763954 15992.499644 15956.382896 15958.302501 15940.234099 15924.620909 15923.087355 15915.687566 15908.190673 15911.758884 15909.978025 15931.103007 15932.197873 15988.505526 15977.087615 15976.677507 0.000000 0.000000
0.000000 0.000000 17878.729305 17877.224080 17824.704502 17829.099332 17834.188592 17824.988914 17849.143150 17838.515782 17848.316877 17841.691689 17834.834161 17848.013140 17850.780891 17850.983707 17818.417170 17891.977872 17885.571664 0.000000 0.000000
0.000000 0.000000 20060.660864 19991.501457 19994.501535 19976.809633 19938.609856 19930.737849 19916.023067 19921.081745 19899.961831 19901.104507 19910.000127 19905.845981 19922.650793 19943.716294 19992.876985 19974.067398 20049.578973 0.000000 0.000000
0.000000 0.000000 21397.419390 21434.416956 21505.927278 21497.653949 21484.871404 21426.635108 21429.451303 21410.151688 21430.958207 21426.776703 21431.663006 21429.958481 21480.535766 21492.456378 21518.096254 21448.687936 21413.334955 0.000000 0.000000
0.000000 0.000000 0.000000 0.000000 0.000000 0.000000 0.000000 0.000000 0.000000 0.000000 0.000000 0.000000 0.000000 0.000000 0.000000 0.000000 0.000000 0.000000 0.000000 0.000000 0.000000
0.000000 0.000000 0.000000 0.000000 0.000000 0.000000 0.000000 0.000000 0.000000 0.000000 0.000000 0.000000 0.000000 0.000000 0.000000 0.000000 0.000000 0.000000 0.000000 0.000000 0.000000