geotop/1.0zi/1.0Montebello/Templates/testdem/maps/_Erotot8451.asc
ncols         21
nrows         20
xllcorner     100.000000
yllcorner     100.000000
cellsize      50.000000
NODATA_value  -9999.0
0.000000 0.000000 0.000000 0.000000 0.000000 0.000000 0.000000 0.000000 0.000000 0.000000 0.000000 0.000000 0.000000 0.000000 0.000000 0.000000 0.000000 0.000000 0.000000 0.000000 0.000000
0.000000 0.000000 681.213205 682.030102 681.473015 681.561416 680.553414 680.714374 680.687769 680.766608 681.189408 680.519564 680.401129 680.453548 680.818538 680.974099 681.813414 682.361826 682.577358 0.000000 0.000000
0.000000 0.000000 52.737776 51.734648 51.985253 52.062516 52.689826 52.369403 52.086483 51.940551 52.120969 52.475975 52.543418 52.643815 52.452221 51.940644 50.665764 49.812577 50.336057 0.000000 0.000000
0.000000 0.000000 354.837485 355.984438 343.628122 338.367349 338.928171 327.607532 327.691029 328.521393 324.884692 323.079516 325.254872 325.441123 335.652848 342.737039 347.334848 350.233161 355.462470 0.000000 0.000000
0.000000 0.000000 3393.173500 3393.668674 3398.598684 3374.277594 3354.475824 3342.593664 3340.491642 3336.307713 3343.163363 3348.551958 3344.004066 3342.543241 3358.710644 3362.208913 3374.522721 3385.106608 3384.801474 0.000000 0.000000
0.000000 0.000000 5468.163361 5463.624695 5458.146347 5452.786790 5436.268093 5426.480551 5428.503492 5426.594669 5423.478435 5417.919655 5416.978902 5420.195526 5419.728118 5440.972298 5447.391801 5452.931483 5455.924714 0.000000 0.000000
0.000000 0.000000 6786.449170 6781.733930 6779.223800 6771.456092 6757.125565 6732.075431 6731.370207 6728.758347 6728.889401 6733.556816 6734.430349 6735.050485 6764.180501 6773.878384 6779.579245 6782.801584 6787.950056 0.000000 0.000000
0.000000 0.000000 8015.080331 8015.219730 8011.861441 8000.767920 7998.482171 7989.373471 7989.541000 7987.332849 7987.601533 7983.503498 7982.259415 7989.141535 7991.087432 7996.118095 8009.667745 8007.577243 8013.209910 0.000000 0.000000
0.000000 0.000000 9624.637706 9619.457111 9613.454815 9612.798710 9599.465936 9583.027966 9584.904960 9581.286398 9578.574830 9578.235169 9580.737454 9574.695515 9594.773851 9609.221866 9611.083648 9615.379072 9617.171974 0.000000 0.000000
0.000000 0.000000 11469.359344 11465.181921 11465.342615 11461.209341 11439.431527 11428.862733 11427.756390 11427.611986 11423.665257 11427.967967 11430.556189 11430.249838 11437.523873 11453.552804 11461.312290 11464.012624 11464.540762 0.000000 0.000000
0.000000 0.000000 13501.956547 13501.766055 13499.976493 13475.647251 13470.599359 13451.100372 13459.226589 13443.134391 13449.246326 13445.914497 13438.634711 13448.880572 13460.858154 13463.200146 13477.630533 13484.373859 13496.432832 0.000000 0.000000
0.000000 0.000000 15721.789893 15711.710745 15703.149271 15701.387025 15687.459251 15667.813725 15661.559758 15664.562130 15670.686859 15659.059433 15664.842977 15663.563982 15687.714588 15699.028457 15701.021086 15706.614792 15730.186417 0.000000 0.000000
0.000000 0.000000 18051.124574 18044.859682 18048.368393 18029.568139 18023.402261 17966.520416 17964.191015 17964.073703 17938.953241 17954.947186 17957.007546 17963.349129 18003.917646 18010.517807 18037.831869 18036.251797 18044.795809 0.000000 0.000000
0.000000 0.000000 20753.173752 20756.613401 20741.087777 20735.804487 20666.193911 20691.646981 20674.775047 20675.434207 20684.865720 20676.281449 20675.221015 20666.761057 20640.850755 20718.310693 20722.769129 20747.201018 20757.759077 0.000000 0.000000
0.000000 0.000000 23801.734751 23791.698668 23780.365635 23701.691309 23723.887098 23683.200255 23660.860988 23657.980628 23641.739620 23631.035025 23638.135069 23638.193013 23682.348127 23661.929181 23776.223719 23751.298741 23747.399347 0.000000 0.000000
0.000000 0.000000 26951.601539 26947.471014 26835.296954 26878.512010 26875.765360 26868.604851 26921.971605 26904.194947 26930.686363 26921.812096 26902.287219 26931.388266 26928.970033 26932.557244 26823.230811 26995.495386 26986.548304 0.000000 0.000000
0.000000 0.000000 30645.742649 30482.595441 30540.172812 30479.499214 30395.368964 30375.030129 30323.075683 30338.025768 30283.567838 30290.383324 30319.320540 30291.737756 30333.733807 30388.400412 30535.891484 30419.295863 30593.150360 0.000000 0.000000
0.000000 0.000000 31753.019819 31921.824546 32060.238332 32066.474692 32080.127694 31957.577413 31982.626825 31941.084606 32008.921314 31996.661886 31988.489780 32005.246008 32104.259901 32095.673584 32085.883096 31980.405916 31812.796710 0.000000 0.000000
0.000000 0.000000 0.000000 0.000000 0.000000 0.000000 0.000000 0.000000 0.000000 0.000000 0.000000 0.000000 0.000000 0.000000 0.000000 0.000000 0.000000 0.000000 0.000000 0.000000 0.000000
0.000000 0.000000 0.000000 0.000000 0.000000 0.000000 0.000000 0.000000 0.000000 0.000000 0.000000 0.000000 0.000000 0.000000 0.000000 0.000000 0.000000 0.000000 0.000000 0.000000 0.000000