geotop/1.0zi/1.0Montebello/Templates/testdem/maps/_Erotot1495.asc
ncols         21
nrows         20
xllcorner     100.000000
yllcorner     100.000000
cellsize      50.000000
NODATA_value  -9999.0
0.000000 0.000000 0.000000 0.000000 0.000000 0.000000 0.000000 0.000000 0.000000 0.000000 0.000000 0.000000 0.000000 0.000000 0.000000 0.000000 0.000000 0.000000 0.000000 0.000000 0.000000
0.000000 0.000000 168.864121 168.865566 168.900548 168.876276 168.856752 168.865611 168.867234 168.861827 168.862536 168.861827 168.867234 168.865611 168.856752 168.876276 168.900548 168.865566 168.864121 0.000000 0.000000
0.000000 0.000000 10.406252 10.186529 8.410079 10.267309 10.449593 10.432729 10.442048 10.450010 10.447844 10.450010 10.442048 10.432729 10.449593 10.267309 8.410079 10.186529 10.406252 0.000000 0.000000
0.000000 0.000000 1174.998766 1174.782097 1174.947794 1172.966737 1175.296612 1174.876157 1174.824178 1175.422815 1175.378136 1175.422815 1174.824178 1174.876157 1175.296612 1172.966737 1174.947794 1174.782097 1174.998766 0.000000 0.000000
0.000000 0.000000 2199.642186 2199.427590 2198.824641 2199.519554 2199.970740 2199.774241 2199.729474 2199.885111 2199.838363 2199.885111 2199.729474 2199.774241 2199.970740 2199.519554 2198.824641 2199.427590 2199.642186 0.000000 0.000000
0.000000 0.000000 2881.988712 2881.816944 2881.190603 2881.388285 2882.295177 2882.044808 2882.017979 2882.259580 2882.235675 2882.259580 2882.017979 2882.044808 2882.295177 2881.388285 2881.190603 2881.816944 2881.988712 0.000000 0.000000
0.000000 0.000000 3759.701678 3759.562911 3758.976269 3759.169070 3759.948796 3759.734785 3759.718789 3759.919493 3759.899343 3759.919493 3759.718789 3759.734785 3759.948796 3759.169070 3758.976269 3759.562911 3759.701678 0.000000 0.000000
0.000000 0.000000 4593.052450 4592.937202 4592.380571 4592.570461 4593.253808 4593.070377 4593.056233 4593.231977 4593.212734 4593.231977 4593.056233 4593.070377 4593.253808 4592.570460 4592.380571 4592.937202 4593.052450 0.000000 0.000000
0.000000 0.000000 5381.043118 5380.935851 5380.397014 5380.580674 5381.221740 5381.050980 5381.038428 5381.204962 5381.187147 5381.204962 5381.038428 5381.050980 5381.221740 5380.580674 5380.397014 5380.935851 5381.043118 0.000000 0.000000
0.000000 0.000000 6133.176060 6133.095541 6132.560612 6132.780251 6133.333087 6133.181061 6133.175422 6133.323702 6133.305787 6133.323702 6133.175422 6133.181061 6133.333087 6132.780251 6132.560612 6133.095541 6133.176060 0.000000 0.000000
0.000000 0.000000 6853.393047 6853.302832 6852.780346 6852.972708 6853.542364 6853.388449 6853.379783 6853.529607 6853.510735 6853.529607 6853.379783 6853.388449 6853.542364 6852.972708 6852.780346 6853.302832 6853.393047 0.000000 0.000000
0.000000 0.000000 7548.957920 7548.864977 7548.352368 7548.534642 7549.095529 7548.945961 7548.938041 7549.085572 7549.067897 7549.085572 7548.938041 7548.945961 7549.095529 7548.534642 7548.352368 7548.864977 7548.957920 0.000000 0.000000
0.000000 0.000000 8227.380605 8227.289856 8226.777788 8226.960611 8227.506898 8227.360006 8227.352676 8227.497460 8227.479273 8227.497460 8227.352676 8227.360006 8227.506898 8226.960611 8226.777788 8227.289856 8227.380605 0.000000 0.000000
0.000000 0.000000 8887.521495 8887.437187 8886.927658 8887.129766 8887.640839 8887.498725 8887.493920 8887.633592 8887.614918 8887.633592 8887.493920 8887.498725 8887.640839 8887.129766 8886.927658 8887.437187 8887.521495 0.000000 0.000000
0.000000 0.000000 9533.400539 9533.313284 9532.799756 9532.990816 9533.511781 9533.369307 9533.363469 9533.504627 9533.485471 9533.504627 9533.363469 9533.369307 9533.511781 9532.990816 9532.799756 9533.313284 9533.400539 0.000000 0.000000
0.000000 0.000000 10166.065169 10165.978660 10165.472556 10165.655876 10166.168052 10166.029015 10166.023277 10166.161108 10166.142191 10166.161108 10166.023277 10166.029015 10166.168052 10165.655876 10165.472556 10165.978659 10166.065165 0.000000 0.000000
0.000000 0.000000 10785.128616 10785.042860 10784.536408 10784.722976 10785.232061 10785.091657 10785.085834 10785.222660 10785.202817 10785.222660 10785.085834 10785.091657 10785.232061 10784.722976 10784.536408 10785.042841 10785.128321 0.000000 0.000000
0.000000 0.000000 11423.791559 11424.014226 11423.510693 11423.688635 11424.199665 11424.058223 11424.052503 11424.191428 11424.171448 11424.191428 11424.052503 11424.058223 11424.199665 11423.688635 11423.510675 11424.011102 11424.097169 0.000000 0.000000
0.000000 0.000000 0.000000 0.000000 0.000000 0.000000 0.000000 0.000000 0.000000 0.000000 0.000000 0.000000 0.000000 0.000000 0.000000 0.000000 0.000000 0.000000 0.000000 0.000000 0.000000
0.000000 0.000000 0.000000 0.000000 0.000000 0.000000 0.000000 0.000000 0.000000 0.000000 0.000000 0.000000 0.000000 0.000000 0.000000 0.000000 0.000000 0.000000 0.000000 0.000000 0.000000