geotop/1.0zi/1.0Montebello/Templates/testdem/maps/_Erotot4816.asc
ncols         21
nrows         20
xllcorner     100.000000
yllcorner     100.000000
cellsize      50.000000
NODATA_value  -9999.0
0.000000 0.000000 0.000000 0.000000 0.000000 0.000000 0.000000 0.000000 0.000000 0.000000 0.000000 0.000000 0.000000 0.000000 0.000000 0.000000 0.000000 0.000000 0.000000 0.000000 0.000000
0.000000 0.000000 360.890728 359.971375 359.686579 359.489455 359.464499 359.473829 359.513758 359.673650 359.628260 359.500254 359.581834 359.657337 359.535550 359.578048 359.771029 359.739303 360.303750 0.000000 0.000000
0.000000 0.000000 28.267404 29.215947 29.662114 30.702340 30.219351 30.336521 30.015734 29.811226 29.883052 30.225629 29.887588 29.683196 30.292454 29.911497 29.093980 28.485110 27.814129 0.000000 0.000000
0.000000 0.000000 137.055088 138.452735 131.347256 129.308906 130.526394 125.730809 124.955479 124.840904 123.668794 122.730172 123.783465 122.334896 124.932664 129.908212 130.389150 132.664676 135.299707 0.000000 0.000000
0.000000 0.000000 1428.407146 1432.671551 1437.869441 1420.463546 1409.467662 1401.257258 1403.899814 1398.312303 1402.223547 1406.410877 1406.751284 1407.101941 1416.531868 1415.511113 1421.049802 1426.807401 1428.637812 0.000000 0.000000
0.000000 0.000000 2708.926563 2703.278248 2699.414183 2696.234243 2689.946353 2686.678448 2684.041711 2685.780690 2685.330907 2682.701811 2679.089406 2680.972804 2680.888554 2693.920182 2698.094807 2698.181323 2701.052826 0.000000 0.000000
0.000000 0.000000 3473.230372 3468.624916 3463.828360 3459.937495 3448.999462 3433.460723 3434.825203 3431.318640 3434.333361 3433.583888 3436.475319 3438.746651 3453.433506 3462.688927 3469.037133 3472.767792 3476.326960 0.000000 0.000000
0.000000 0.000000 4015.935448 4016.073246 4016.683888 4012.111751 4010.204737 4005.305823 4006.017192 4006.199781 4003.713060 4004.598197 4003.619590 4002.815254 4006.279126 4009.828379 4012.013945 4011.449738 4012.687902 0.000000 0.000000
0.000000 0.000000 4698.079879 4697.756080 4695.051482 4692.643969 4687.862903 4679.066695 4679.365630 4677.451524 4677.894231 4678.483724 4677.862487 4678.868088 4684.408566 4692.439072 4692.569877 4694.084976 4697.826173 0.000000 0.000000
0.000000 0.000000 5502.118652 5500.181266 5500.301990 5496.221695 5487.025182 5481.790116 5483.448460 5482.448420 5482.496744 5482.448972 5481.731171 5480.492642 5488.245512 5495.183110 5497.567673 5498.610921 5500.010197 0.000000 0.000000
0.000000 0.000000 6353.271192 6351.267873 6349.726366 6347.364629 6344.214626 6333.391039 6333.725452 6331.120972 6331.165810 6332.169848 6331.356544 6331.656194 6337.093549 6340.120310 6345.026671 6347.142134 6350.246912 0.000000 0.000000
0.000000 0.000000 7239.866107 7238.945264 7236.335505 7229.291332 7224.039761 7215.635724 7214.681962 7214.228357 7214.285390 7213.370923 7213.298931 7213.610776 7223.165470 7229.472235 7233.006588 7234.213209 7251.428382 0.000000 0.000000
0.000000 0.000000 8133.874951 8131.771806 8129.402093 8126.324114 8118.274330 8098.169641 8098.485323 8096.598644 8096.447741 8097.016038 8095.745953 8096.694162 8113.820364 8122.364939 8125.767566 8127.317923 8129.726294 0.000000 0.000000
0.000000 0.000000 9090.158694 9086.843541 9084.557868 9080.331285 9059.255727 9067.482303 9061.547615 9060.543729 9060.909955 9061.166502 9060.240652 9060.459858 9054.727389 9074.610771 9078.705278 9084.115370 9084.043543 0.000000 0.000000
0.000000 0.000000 10112.379150 10107.396753 10102.406814 10088.235623 10085.074720 10068.295183 10059.992700 10058.175628 10053.701024 10053.319452 10054.827542 10052.916676 10064.607714 10073.074900 10096.198838 10091.685083 10093.167653 0.000000 0.000000
0.000000 0.000000 11134.986106 11134.358350 11111.779635 11115.050277 11113.866359 11112.680654 11115.724234 11115.712236 11118.654165 11118.378827 11115.350407 11121.291682 11119.227200 11118.118408 11106.202574 11132.341424 11137.225023 0.000000 0.000000
0.000000 0.000000 12296.874489 12269.867162 12261.040222 12252.384344 12235.982182 12229.142567 12227.388936 12226.423881 12222.351732 12222.591222 12223.379598 12220.787665 12226.258766 12244.419863 12258.907112 12259.286247 12286.490354 0.000000 0.000000
0.000000 0.000000 13149.986710 13154.133292 13178.376365 13167.886608 13160.546233 13134.746188 13132.997062 13129.985169 13131.930673 13131.582148 13130.189126 13132.421811 13156.995668 13166.404425 13179.063147 13150.517913 13152.039741 0.000000 0.000000
0.000000 0.000000 0.000000 0.000000 0.000000 0.000000 0.000000 0.000000 0.000000 0.000000 0.000000 0.000000 0.000000 0.000000 0.000000 0.000000 0.000000 0.000000 0.000000 0.000000 0.000000
0.000000 0.000000 0.000000 0.000000 0.000000 0.000000 0.000000 0.000000 0.000000 0.000000 0.000000 0.000000 0.000000 0.000000 0.000000 0.000000 0.000000 0.000000 0.000000 0.000000 0.000000