geotop/1.0zi/1.0Montebello/Templates/testdem/maps/_Erotot077$.asc
ncols         21
nrows         20
xllcorner     100.000000
yllcorner     100.000000
cellsize      50.000000
NODATA_value  -9999.0
0.000000 0.000000 0.000000 0.000000 0.000000 0.000000 0.000000 0.000000 0.000000 0.000000 0.000000 0.000000 0.000000 0.000000 0.000000 0.000000 0.000000 0.000000 0.000000 0.000000 0.000000
0.000000 0.000000 900.047832 900.018287 898.731831 896.995656 895.313324 894.505846 894.766047 894.714003 895.168306 894.553887 894.316649 894.403655 895.716638 896.336555 898.961162 900.236968 901.031560 0.000000 0.000000
0.000000 0.000000 64.383895 63.205052 63.482980 64.377412 65.253987 64.969620 64.542617 64.463763 64.619906 64.835374 65.055216 65.089058 64.703431 64.221588 62.153240 61.327442 62.009272 0.000000 0.000000
0.000000 0.000000 781.808044 785.789406 768.562859 757.222120 756.062683 747.084899 754.365641 755.550442 751.598519 753.160689 757.406951 756.424969 766.358456 778.457246 783.261946 781.676493 787.899570 0.000000 0.000000
0.000000 0.000000 5482.297304 5472.166020 5472.022502 5429.245977 5401.442843 5384.359148 5377.302219 5373.485229 5378.279826 5383.359622 5383.142995 5377.336350 5397.390412 5404.177566 5425.438527 5439.033048 5439.528326 0.000000 0.000000
0.000000 0.000000 7759.021605 7754.097018 7745.086553 7746.223584 7715.667356 7701.558097 7705.672077 7705.138707 7698.541303 7692.263265 7689.455222 7693.617805 7696.871467 7726.301195 7726.855286 7734.725233 7736.456614 0.000000 0.000000
0.000000 0.000000 9561.855472 9554.808684 9550.115106 9533.858108 9526.143944 9483.826815 9483.816685 9480.769231 9478.754728 9482.047512 9482.825754 9483.874660 9521.829290 9527.179486 9538.186060 9542.284519 9547.390923 0.000000 0.000000
0.000000 0.000000 11591.441128 11585.564310 11576.192669 11551.794528 11539.712346 11532.960068 11532.980050 11531.184425 11529.186979 11525.414451 11524.327855 11531.536124 11531.294335 11544.850705 11563.038740 11561.460392 11567.923425 0.000000 0.000000
0.000000 0.000000 14143.761844 14135.858264 14123.262928 14115.682282 14094.821958 14068.923862 14073.088988 14069.422900 14063.963367 14063.383042 14066.672590 14059.437984 14089.569514 14107.982222 14112.812250 14117.963767 14120.450303 0.000000 0.000000
0.000000 0.000000 17181.716839 17168.846685 17160.591744 17146.322955 17127.219238 17102.419613 17101.059838 17100.345132 17093.064109 17097.793920 17101.091848 17100.029956 17110.870686 17136.518775 17147.964211 17153.698945 17152.681490 0.000000 0.000000
0.000000 0.000000 20661.962811 20654.512740 20649.159755 20602.592035 20600.999121 20564.412460 20575.077206 20553.761785 20558.558161 20553.158666 20543.015482 20556.841142 20577.025895 20584.485105 20605.064082 20610.300348 20632.182270 0.000000 0.000000
0.000000 0.000000 24667.648177 24645.984360 24616.367109 24609.823359 24591.175023 24547.966530 24539.028460 24544.389360 24550.171663 24537.457949 24544.403848 24534.874329 24574.510183 24596.555708 24600.461051 24608.684854 24639.985624 0.000000 0.000000
0.000000 0.000000 28893.498006 28874.724923 28872.855768 28837.833864 28812.680911 28703.020045 28699.664417 28696.243332 28641.259278 28676.384681 28677.648960 28690.618236 28771.071822 28783.173472 28833.190909 28833.701077 28832.104924 0.000000 0.000000
0.000000 0.000000 33595.810835 33595.639559 33556.563318 33539.004834 33399.349746 33497.960752 33463.488119 33462.925480 33492.557586 33461.756405 33458.704388 33436.736908 33346.209294 33509.194453 33501.287755 33541.961844 33560.593187 0.000000 0.000000
0.000000 0.000000 37362.540289 37348.017564 37334.927947 37219.896023 37304.598044 37216.248219 37203.365388 37198.999477 37168.610180 37162.718587 37174.256388 37179.094869 37256.758484 37165.385697 37328.532917 37282.226759 37268.098244 0.000000 0.000000
0.000000 0.000000 39670.604500 39666.583031 39586.093134 39630.297593 39624.289238 39623.625678 39666.077214 39653.041532 39670.968752 39666.782623 39652.850512 39671.802458 39661.325107 39670.709260 39569.168688 39692.251522 39684.079184 0.000000 0.000000
0.000000 0.000000 41445.314052 41388.536609 41417.911404 41394.443898 41364.576108 41365.043361 41346.131961 41352.932332 41332.878599 41335.471615 41344.310929 41337.562967 41345.565638 41358.413575 41410.604297 41363.437874 41419.950984 0.000000 0.000000
0.000000 0.000000 42162.552437 42226.045030 42256.222779 42268.427071 42272.052444 42234.840402 42250.641797 42235.811444 42259.893955 42256.166627 42253.007120 42257.937845 42287.680021 42283.417416 42258.676696 42240.359876 42179.282291 0.000000 0.000000
0.000000 0.000000 0.000000 0.000000 0.000000 0.000000 0.000000 0.000000 0.000000 0.000000 0.000000 0.000000 0.000000 0.000000 0.000000 0.000000 0.000000 0.000000 0.000000 0.000000 0.000000
0.000000 0.000000 0.000000 0.000000 0.000000 0.000000 0.000000 0.000000 0.000000 0.000000 0.000000 0.000000 0.000000 0.000000 0.000000 0.000000 0.000000 0.000000 0.000000 0.000000 0.000000