geotop/1.0zi/1.0Montebello/Templates/testdem/maps/_Erotot0324.asc
ncols         21
nrows         20
xllcorner     100.000000
yllcorner     100.000000
cellsize      50.000000
NODATA_value  -9999.0
0.000000 0.000000 0.000000 0.000000 0.000000 0.000000 0.000000 0.000000 0.000000 0.000000 0.000000 0.000000 0.000000 0.000000 0.000000 0.000000 0.000000 0.000000 0.000000 0.000000 0.000000
0.000000 0.000000 30.739365 30.740074 30.772676 30.740236 30.739483 30.739858 30.739652 30.739587 30.739563 30.739587 30.739652 30.739858 30.739483 30.740236 30.772676 30.740074 30.739365 0.000000 0.000000
0.000000 0.000000 8.651092 8.411231 6.617741 8.406560 8.655218 8.639899 8.656636 8.661272 8.662945 8.661272 8.656636 8.639899 8.655218 8.406560 6.617741 8.411231 8.651092 0.000000 0.000000
0.000000 0.000000 431.938787 432.097332 432.289790 432.016574 431.899420 431.982900 431.939877 431.926229 431.921233 431.926229 431.939877 431.982900 431.899420 432.016574 432.289790 432.097332 431.938787 0.000000 0.000000
0.000000 0.000000 551.930794 551.885846 551.119386 551.849379 551.917800 551.935867 551.934796 551.935475 551.934760 551.935475 551.934796 551.935867 551.917800 551.849379 551.119386 551.885846 551.930794 0.000000 0.000000
0.000000 0.000000 762.521399 762.489497 761.808293 762.447662 762.504993 762.534737 762.525111 762.521936 762.520279 762.521936 762.525111 762.534737 762.504993 762.447662 761.808293 762.489497 762.521399 0.000000 0.000000
0.000000 0.000000 971.796608 971.768600 971.161334 971.729810 971.781617 971.811141 971.800811 971.797289 971.795503 971.797289 971.800811 971.811141 971.781617 971.729810 971.161334 971.768600 971.796608 0.000000 0.000000
0.000000 0.000000 1169.266644 1169.239032 1168.675922 1169.203610 1169.252610 1169.281168 1169.270794 1169.267143 1169.265356 1169.267143 1169.270794 1169.281168 1169.252610 1169.203610 1168.675922 1169.239032 1169.266644 0.000000 0.000000
0.000000 0.000000 1357.164743 1357.137676 1356.600088 1357.103596 1357.151025 1357.178939 1357.168691 1357.164997 1357.163223 1357.164997 1357.168691 1357.178939 1357.151025 1357.103596 1356.600088 1357.137676 1357.164743 0.000000 0.000000
0.000000 0.000000 1539.068706 1539.041362 1538.518389 1539.008440 1539.055154 1539.082648 1539.072467 1539.068722 1539.066957 1539.068722 1539.072467 1539.082648 1539.055154 1539.008440 1538.518389 1539.041362 1539.068706 0.000000 0.000000
0.000000 0.000000 1715.212198 1715.184359 1714.669326 1715.152221 1715.198706 1715.225972 1715.215814 1715.212016 1715.210255 1715.212016 1715.215814 1715.225972 1715.198706 1715.152221 1714.669326 1715.184359 1715.212198 0.000000 0.000000
0.000000 0.000000 1887.194025 1887.165872 1886.657577 1887.134842 1887.180928 1887.207474 1887.197574 1887.193788 1887.192048 1887.193788 1887.197574 1887.207474 1887.180928 1887.134842 1886.657577 1887.165872 1887.194025 0.000000 0.000000
0.000000 0.000000 2054.809049 2054.781319 2054.275180 2054.751577 2054.796362 2054.822654 2054.812572 2054.808675 2054.806916 2054.808675 2054.812572 2054.822654 2054.796362 2054.751577 2054.275180 2054.781319 2054.809049 0.000000 0.000000
0.000000 0.000000 2219.921537 2219.892259 2219.388863 2219.862553 2219.908596 2219.935007 2219.924981 2219.921063 2219.919308 2219.921063 2219.924981 2219.935007 2219.908596 2219.862553 2219.388863 2219.892259 2219.921537 0.000000 0.000000
0.000000 0.000000 2383.728844 2383.699531 2383.193134 2383.669395 2383.715828 2383.742269 2383.732317 2383.728385 2383.726632 2383.728385 2383.732317 2383.742269 2383.715828 2383.669395 2383.193134 2383.699531 2383.728844 0.000000 0.000000
0.000000 0.000000 2545.965909 2545.937039 2545.440278 2545.906935 2545.952896 2545.979318 2545.969396 2545.965437 2545.963682 2545.965437 2545.969396 2545.979318 2545.952896 2545.906935 2545.440278 2545.937039 2545.965908 0.000000 0.000000
0.000000 0.000000 2705.775522 2705.744885 2705.243322 2705.715889 2705.762702 2705.788746 2705.778937 2705.774948 2705.773194 2705.774948 2705.778937 2705.788746 2705.762702 2705.715889 2705.243322 2705.744876 2705.775400 0.000000 0.000000
0.000000 0.000000 2876.302231 2876.376432 2875.874980 2876.345312 2876.392374 2876.418464 2876.408823 2876.404847 2876.403100 2876.404847 2876.408823 2876.418464 2876.392374 2876.345312 2875.874969 2876.375246 2876.405454 0.000000 0.000000
0.000000 0.000000 0.000000 0.000000 0.000000 0.000000 0.000000 0.000000 0.000000 0.000000 0.000000 0.000000 0.000000 0.000000 0.000000 0.000000 0.000000 0.000000 0.000000 0.000000 0.000000
0.000000 0.000000 0.000000 0.000000 0.000000 0.000000 0.000000 0.000000 0.000000 0.000000 0.000000 0.000000 0.000000 0.000000 0.000000 0.000000 0.000000 0.000000 0.000000 0.000000 0.000000