geotop/1.0zi/1.0Montebello/Templates/testdem/maps/_Erotot6734.asc
ncols         21
nrows         20
xllcorner     100.000000
yllcorner     100.000000
cellsize      50.000000
NODATA_value  -9999.0
0.000000 0.000000 0.000000 0.000000 0.000000 0.000000 0.000000 0.000000 0.000000 0.000000 0.000000 0.000000 0.000000 0.000000 0.000000 0.000000 0.000000 0.000000 0.000000 0.000000 0.000000
0.000000 0.000000 535.298845 536.103453 535.769398 536.022614 535.423225 535.426562 535.386046 535.549346 535.957059 535.297953 535.188715 535.281736 535.542863 535.492398 536.212761 536.465382 536.514947 0.000000 0.000000
0.000000 0.000000 41.580890 40.442570 40.530665 40.676187 40.919661 40.755741 40.570178 40.355511 40.598222 40.868479 40.761837 40.986743 40.782465 40.573740 39.295793 38.509680 39.188270 0.000000 0.000000
0.000000 0.000000 225.662155 227.818847 216.828820 214.114064 213.950327 208.556400 207.920190 207.739238 206.842753 205.995283 208.100288 206.810331 213.319426 219.262977 220.163910 221.269049 226.501966 0.000000 0.000000
0.000000 0.000000 2242.928407 2246.190645 2250.991640 2230.412565 2216.039723 2203.199007 2206.057346 2202.870631 2207.286164 2213.028801 2208.386802 2207.452535 2219.217807 2221.086586 2229.156519 2236.874394 2238.387996 0.000000 0.000000
0.000000 0.000000 3947.228378 3941.616218 3938.096083 3931.506695 3918.961724 3911.448318 3910.153456 3909.805906 3906.698488 3901.010030 3899.864766 3902.787623 3902.392967 3920.254470 3928.671787 3935.104634 3937.130553 0.000000 0.000000
0.000000 0.000000 5109.590549 5106.783043 5102.968316 5097.758481 5084.627030 5067.064640 5066.404784 5062.512863 5064.528724 5068.212390 5069.766710 5070.292617 5093.431311 5102.913547 5107.019347 5108.791137 5114.251062 0.000000 0.000000
0.000000 0.000000 5905.660364 5906.712829 5904.472067 5896.391439 5895.451451 5887.518823 5888.093942 5888.364334 5887.231573 5884.185071 5883.484213 5888.693649 5889.179543 5892.537286 5902.935741 5900.928210 5905.567921 0.000000 0.000000
0.000000 0.000000 7001.765281 6998.233481 6992.828237 6993.380210 6984.801632 6972.753799 6973.604991 6970.063996 6967.818250 6968.227149 6970.175831 6964.663151 6980.090254 6992.479238 6992.900876 6995.176602 6996.778990 0.000000 0.000000
0.000000 0.000000 8264.805513 8262.082905 8263.228886 8260.726497 8243.779485 8236.350479 8236.797689 8236.239439 8233.612140 8236.756437 8239.866714 8238.663210 8243.189327 8255.053734 8260.985220 8261.789886 8263.028216 0.000000 0.000000
0.000000 0.000000 9633.426832 9632.870661 9631.368590 9614.734855 9611.653065 9598.849677 9603.428054 9592.490357 9595.672950 9594.773181 9588.802663 9597.241263 9603.437192 9605.493585 9615.255203 9620.894143 9630.396827 0.000000 0.000000
0.000000 0.000000 11081.462942 11075.496578 11069.611063 11066.845160 11060.119262 11044.169270 11042.110587 11041.897902 11048.707854 11040.014562 11042.796893 11042.773154 11060.522648 11066.304748 11068.037157 11070.348819 11091.263670 0.000000 0.000000
0.000000 0.000000 12563.932215 12560.721494 12560.969062 12551.318642 12546.375231 12512.738918 12511.164555 12510.658671 12493.868852 12503.512398 12507.859221 12510.966992 12533.233750 12538.803965 12556.172872 12555.240460 12563.231362 0.000000 0.000000
0.000000 0.000000 14212.559225 14214.670448 14205.124913 14201.896761 14165.314183 14176.042034 14164.206371 14165.420987 14168.452013 14166.639610 14165.027152 14161.418074 14147.653364 14189.138044 14194.604737 14208.800079 14217.169000 0.000000 0.000000
0.000000 0.000000 16017.479386 16011.215769 16005.873643 15969.670092 15971.562892 15953.466697 15937.839427 15936.311856 15928.950722 15921.517725 15925.035357 15923.378373 15944.673541 15945.791656 16002.086484 15990.630011 15990.234846 0.000000 0.000000
0.000000 0.000000 17895.260262 17893.664286 17840.977472 17845.352293 17850.411896 17841.200607 17865.374659 17854.749283 17864.613889 17858.063813 17851.131829 17864.469131 17867.406932 17867.632196 17834.921385 17908.567597 17902.177487 0.000000 0.000000
0.000000 0.000000 20080.969188 20011.566221 20014.487219 19996.726868 19958.439433 19950.545224 19935.792816 19940.869368 19919.771181 19921.007869 19929.852166 19925.836216 19942.862416 19963.997642 20013.129275 19994.229899 20069.910921 0.000000 0.000000
0.000000 0.000000 21419.460160 21456.464516 21528.007847 21519.701425 21506.922327 21448.596604 21451.419890 21432.101289 21453.012962 21448.914637 21453.721295 21452.193230 21503.040700 21514.959238 21540.473413 21470.920580 21435.483386 0.000000 0.000000
0.000000 0.000000 0.000000 0.000000 0.000000 0.000000 0.000000 0.000000 0.000000 0.000000 0.000000 0.000000 0.000000 0.000000 0.000000 0.000000 0.000000 0.000000 0.000000 0.000000 0.000000
0.000000 0.000000 0.000000 0.000000 0.000000 0.000000 0.000000 0.000000 0.000000 0.000000 0.000000 0.000000 0.000000 0.000000 0.000000 0.000000 0.000000 0.000000 0.000000 0.000000 0.000000