geotop/1.0zi/1.0Montebello/Templates/testdem/maps/_Erotot2058.asc
ncols         21
nrows         20
xllcorner     100.000000
yllcorner     100.000000
cellsize      50.000000
NODATA_value  -9999.0
0.000000 0.000000 0.000000 0.000000 0.000000 0.000000 0.000000 0.000000 0.000000 0.000000 0.000000 0.000000 0.000000 0.000000 0.000000 0.000000 0.000000 0.000000 0.000000 0.000000 0.000000
0.000000 0.000000 206.341860 206.344189 206.381682 206.371620 206.328953 206.345080 206.347763 206.336851 206.339035 206.336851 206.347763 206.345080 206.328953 206.371620 206.381682 206.344189 206.341860 0.000000 0.000000
0.000000 0.000000 11.115168 10.894073 9.113046 10.954910 11.163167 11.138531 11.146063 11.158140 11.154050 11.158140 11.146063 11.138531 11.163167 10.954910 9.113046 10.894073 11.115168 0.000000 0.000000
0.000000 0.000000 1424.706287 1424.497490 1424.689991 1422.624665 1424.867291 1424.410152 1424.438951 1425.175098 1425.193856 1425.175098 1424.438951 1424.410152 1424.867291 1422.624665 1424.689991 1424.497490 1424.706287 0.000000 0.000000
0.000000 0.000000 2885.603368 2885.391304 2884.790447 2885.475134 2885.920848 2885.724974 2885.681524 2885.846029 2885.816097 2885.846029 2885.681524 2885.724974 2885.920848 2885.475134 2884.790447 2885.391304 2885.603368 0.000000 0.000000
0.000000 0.000000 3751.435980 3751.269168 3750.658022 3750.774787 3751.649852 3751.378260 3751.404984 3751.724027 3751.765645 3751.724027 3751.404984 3751.378260 3751.649852 3750.774787 3750.658022 3751.269168 3751.435980 0.000000 0.000000
0.000000 0.000000 4909.336989 4909.203327 4908.639138 4908.756819 4909.503271 4909.270878 4909.303317 4909.585867 4909.640372 4909.585867 4909.303317 4909.270878 4909.503271 4908.756819 4908.639138 4909.203327 4909.336989 0.000000 0.000000
0.000000 0.000000 6009.549607 6009.439577 6008.912130 6009.033981 6009.682826 6009.483605 6009.512770 6009.765547 6009.820770 6009.765547 6009.512770 6009.483605 6009.682826 6009.033981 6008.912130 6009.439577 6009.549607 0.000000 0.000000
0.000000 0.000000 7045.265479 7045.164176 7044.660824 7044.781013 7045.385675 7045.201317 7045.228676 7045.467168 7045.521993 7045.467168 7045.228676 7045.201317 7045.385675 7044.781013 7044.660824 7045.164176 7045.265479 0.000000 0.000000
0.000000 0.000000 8028.433802 8028.359150 8027.865901 8028.023768 8028.540266 8028.375943 8028.407837 8028.624482 8028.677615 8028.624482 8028.407837 8028.375943 8028.540266 8028.023768 8027.865901 8028.359150 8028.433802 0.000000 0.000000
0.000000 0.000000 8964.771615 8964.687869 8964.212787 8964.344838 8964.876260 8964.711507 8964.738901 8964.953847 8965.004726 8964.953847 8964.738901 8964.711507 8964.876260 8964.344838 8964.212787 8964.687869 8964.771615 0.000000 0.000000
0.000000 0.000000 9863.083897 9862.998170 9862.538417 9862.663289 9863.183629 9863.024942 9863.051011 9863.259703 9863.310505 9863.259703 9863.051011 9863.024942 9863.183629 9862.663289 9862.538417 9862.998170 9863.083897 0.000000 0.000000
0.000000 0.000000 10732.493851 10732.411301 10731.957042 10732.082548 10732.586388 10732.431186 10732.457290 10732.661314 10732.710592 10732.661314 10732.457290 10732.431186 10732.586388 10732.082548 10731.957042 10732.411301 10732.493851 0.000000 0.000000
0.000000 0.000000 11575.932232 11575.856358 11575.409971 11575.554223 11576.022068 11575.872608 11575.900318 11576.097082 11576.145141 11576.097082 11575.900318 11575.872608 11576.022068 11575.554223 11575.409971 11575.856358 11575.932232 0.000000 0.000000
0.000000 0.000000 12396.317720 12396.239008 12395.794181 12395.927036 12396.402730 12396.253783 12396.280110 12396.476498 12396.523462 12396.476498 12396.280110 12396.253783 12396.402730 12395.927036 12395.794181 12396.239008 12396.317720 0.000000 0.000000
0.000000 0.000000 13196.048746 13195.971253 13195.536937 13195.662681 13196.128064 13195.983232 13196.009308 13196.201156 13196.247659 13196.201156 13196.009308 13195.983232 13196.128064 13195.662681 13195.536937 13195.971253 13196.048741 0.000000 0.000000
0.000000 0.000000 13974.843878 13974.767101 13974.333215 13974.462212 13974.921203 13974.776835 13974.802310 13974.990921 13975.036044 13974.990921 13974.802310 13974.776835 13974.921203 13974.462212 13974.333214 13974.767080 13974.843405 0.000000 0.000000
0.000000 0.000000 14766.118910 14766.380805 14765.954533 14766.078566 14766.535707 14766.392340 14766.415607 14766.602190 14766.646206 14766.602190 14766.415607 14766.392340 14766.535707 14766.078566 14765.954514 14766.377351 14766.453315 0.000000 0.000000
0.000000 0.000000 0.000000 0.000000 0.000000 0.000000 0.000000 0.000000 0.000000 0.000000 0.000000 0.000000 0.000000 0.000000 0.000000 0.000000 0.000000 0.000000 0.000000 0.000000 0.000000
0.000000 0.000000 0.000000 0.000000 0.000000 0.000000 0.000000 0.000000 0.000000 0.000000 0.000000 0.000000 0.000000 0.000000 0.000000 0.000000 0.000000 0.000000 0.000000 0.000000 0.000000