geotop/1.0zi/1.0Montebello/Templates/testdem/maps/_Erotot1249.asc
ncols         21
nrows         20
xllcorner     100.000000
yllcorner     100.000000
cellsize      50.000000
NODATA_value  -9999.0
0.000000 0.000000 0.000000 0.000000 0.000000 0.000000 0.000000 0.000000 0.000000 0.000000 0.000000 0.000000 0.000000 0.000000 0.000000 0.000000 0.000000 0.000000 0.000000 0.000000 0.000000
0.000000 0.000000 148.954781 148.956180 148.991037 148.966393 148.947752 148.956196 148.957780 148.952596 148.953265 148.952596 148.957780 148.956196 148.947752 148.966393 148.991037 148.956180 148.954781 0.000000 0.000000
0.000000 0.000000 9.094410 8.875607 7.099756 8.957169 9.130955 9.121666 9.132277 9.138375 9.136498 9.138375 9.132277 9.121666 9.130955 8.957169 7.099756 8.875607 9.094410 0.000000 0.000000
0.000000 0.000000 1061.200050 1060.996294 1061.021522 1059.002609 1061.247453 1060.910978 1060.875872 1061.401390 1061.344184 1061.401390 1060.875872 1060.910978 1061.247453 1059.002609 1061.021522 1060.996294 1061.200050 0.000000 0.000000
0.000000 0.000000 1885.874417 1885.650741 1884.899331 1885.589441 1886.014557 1885.849624 1885.807971 1885.954991 1885.909364 1885.954991 1885.807971 1885.849624 1886.014557 1885.589441 1884.899331 1885.650741 1885.874417 0.000000 0.000000
0.000000 0.000000 2478.471251 2478.298569 2477.547799 2477.723347 2478.553182 2478.382690 2478.370049 2478.585237 2478.557519 2478.585237 2478.370049 2478.382690 2478.553182 2477.723347 2477.547799 2478.298569 2478.471251 0.000000 0.000000
0.000000 0.000000 3224.803560 3224.666093 3223.988273 3224.161838 3224.860036 3224.730647 3224.727065 3224.904193 3224.880149 3224.904193 3224.727065 3224.730647 3224.860036 3224.161838 3223.988273 3224.666093 3224.803560 0.000000 0.000000
0.000000 0.000000 3933.767075 3933.648536 3933.021468 3933.194352 3933.806457 3933.702012 3933.702396 3933.857962 3933.837150 3933.857962 3933.702396 3933.702012 3933.806457 3933.194352 3933.021468 3933.648536 3933.767075 0.000000 0.000000
0.000000 0.000000 4605.433037 4605.324645 4604.728401 4604.896415 4605.465327 4605.371556 4605.374089 4605.518624 4605.498477 4605.518624 4605.374089 4605.371556 4605.465327 4604.896415 4604.728401 4605.324645 4605.433037 0.000000 0.000000
0.000000 0.000000 5248.296655 5248.215362 5247.631228 5247.836679 5248.320313 5248.242557 5248.251825 5248.379035 5248.358806 5248.379035 5248.251825 5248.242557 5248.320313 5247.836679 5247.631228 5248.215362 5248.296655 0.000000 0.000000
0.000000 0.000000 5866.390497 5866.299513 5865.733531 5865.912538 5866.416014 5866.334081 5866.340170 5866.469833 5866.448603 5866.469833 5866.340170 5866.334081 5866.416014 5865.912538 5865.733531 5866.299513 5866.390497 0.000000 0.000000
0.000000 0.000000 6465.205125 6465.111256 6464.559290 6464.728576 6465.226267 6465.146839 6465.153564 6465.281859 6465.261810 6465.281859 6465.153564 6465.146839 6465.226267 6464.728576 6464.559290 6465.111256 6465.205125 0.000000 0.000000
0.000000 0.000000 7050.301205 7050.209466 7049.664601 7049.835022 7050.320447 7050.242118 7050.249516 7050.375757 7050.355238 7050.375757 7050.249516 7050.242118 7050.320447 7049.835022 7049.664601 7050.209466 7050.301205 0.000000 0.000000
0.000000 0.000000 7622.251045 7622.165863 7621.626137 7621.816937 7622.268378 7622.193700 7622.203696 7622.325466 7622.304351 7622.325466 7622.203696 7622.193700 7622.268378 7621.816937 7621.626137 7622.165863 7622.251045 0.000000 0.000000
0.000000 0.000000 8183.570365 8183.482675 8182.944314 8183.124481 8183.587898 8183.511543 8183.520575 8183.644569 8183.622797 8183.644569 8183.520575 8183.511543 8183.587898 8183.124481 8182.944314 8183.482675 8183.570365 0.000000 0.000000
0.000000 0.000000 8735.924945 8735.837993 8735.312848 8735.485414 8735.941551 8735.867887 8735.876853 8735.997787 8735.976255 8735.997787 8735.876853 8735.867887 8735.941551 8735.485414 8735.312848 8735.837992 8735.924942 0.000000 0.000000
0.000000 0.000000 9277.482790 9277.396319 9276.869183 9277.045246 9277.500584 9277.424129 9277.433243 9277.556061 9277.533530 9277.556061 9277.433243 9277.424129 9277.500584 9277.045246 9276.869182 9277.396301 9277.482560 0.000000 0.000000
0.000000 0.000000 9840.320343 9840.516631 9839.992024 9840.159216 9840.618879 9840.540496 9840.549752 9840.674684 9840.651884 9840.674684 9840.549752 9840.540496 9840.618879 9840.159215 9839.992007 9840.513734 9840.600772 0.000000 0.000000
0.000000 0.000000 0.000000 0.000000 0.000000 0.000000 0.000000 0.000000 0.000000 0.000000 0.000000 0.000000 0.000000 0.000000 0.000000 0.000000 0.000000 0.000000 0.000000 0.000000 0.000000
0.000000 0.000000 0.000000 0.000000 0.000000 0.000000 0.000000 0.000000 0.000000 0.000000 0.000000 0.000000 0.000000 0.000000 0.000000 0.000000 0.000000 0.000000 0.000000 0.000000 0.000000