geotop/1.0zi/1.0Montebello/Templates/testdem/maps/_Erotot8149.asc
ncols         21
nrows         20
xllcorner     100.000000
yllcorner     100.000000
cellsize      50.000000
NODATA_value  -9999.0
0.000000 0.000000 0.000000 0.000000 0.000000 0.000000 0.000000 0.000000 0.000000 0.000000 0.000000 0.000000 0.000000 0.000000 0.000000 0.000000 0.000000 0.000000 0.000000 0.000000 0.000000
0.000000 0.000000 675.909083 676.707618 676.158148 676.263906 675.253601 675.413049 675.399725 675.462974 675.896003 675.221323 675.099668 675.151800 675.526355 675.680199 676.515330 677.062590 677.277394 0.000000 0.000000
0.000000 0.000000 52.204196 51.221096 51.462866 51.526517 52.160680 51.838266 51.545080 51.407315 51.636383 51.995643 52.015182 52.164623 51.919453 51.408021 50.135368 49.280806 49.805073 0.000000 0.000000
0.000000 0.000000 354.801321 355.934570 343.577567 338.317589 338.882124 327.565382 327.665897 328.501586 324.849792 323.069004 325.221273 325.367500 335.627428 342.695627 347.303991 350.207765 355.426283 0.000000 0.000000
0.000000 0.000000 3340.177496 3342.599729 3344.746978 3321.758684 3302.030947 3290.476302 3289.693462 3284.953979 3291.848964 3296.984193 3292.504383 3291.063956 3306.144183 3309.973203 3321.282471 3331.088304 3331.334762 0.000000 0.000000
0.000000 0.000000 5283.152294 5277.751778 5274.281216 5268.094427 5252.457939 5242.700739 5243.559602 5242.528275 5239.203393 5233.490880 5232.525844 5235.745601 5235.286155 5255.596316 5263.462963 5269.693782 5272.694223 0.000000 0.000000
0.000000 0.000000 6607.314742 6604.339650 6599.707319 6592.688420 6578.599629 6556.135365 6555.061127 6551.260947 6552.688904 6556.403090 6557.917682 6558.415546 6586.667167 6596.957423 6602.734999 6605.568212 6610.912104 0.000000 0.000000
0.000000 0.000000 7783.803646 7784.122334 7780.975533 7770.810513 7767.930809 7758.089621 7758.267365 7758.070308 7757.087678 7753.123627 7752.436490 7758.696398 7760.855905 7766.067824 7778.880524 7777.509025 7782.684270 0.000000 0.000000
0.000000 0.000000 9321.241028 9316.736519 9310.158912 9309.585171 9297.977260 9282.086865 9283.362334 9278.716783 9276.663322 9276.383378 9278.899125 9273.072978 9292.193160 9306.546556 9308.748740 9312.602540 9314.196955 0.000000 0.000000
0.000000 0.000000 11081.055369 11077.634286 11077.649008 11073.002787 11051.888674 11041.569705 11041.134687 11040.873366 11037.393124 11040.897071 11044.107185 11043.374335 11050.660337 11065.648138 11073.755130 11075.885153 11077.214261 0.000000 0.000000
0.000000 0.000000 13013.798534 13013.064374 13009.820489 12988.799677 12982.416195 12965.753439 12971.658576 12957.918598 12962.172365 12960.318645 12953.192081 12963.460179 12973.407060 12976.672877 12989.873908 12997.273870 13008.487385 0.000000 0.000000
0.000000 0.000000 15114.221044 15106.052240 15097.358777 15093.607755 15082.413120 15061.295979 15057.398312 15058.227276 15065.785859 15054.300781 15058.748427 15058.434481 15082.155169 15091.496191 15094.819197 15099.037895 15123.398236 0.000000 0.000000
0.000000 0.000000 17307.156618 17302.296292 17302.495097 17287.727788 17279.926718 17227.171387 17225.480137 17224.351811 17201.696388 17214.992664 17219.417181 17224.492164 17261.347789 17269.288239 17294.141322 17293.949014 17301.567099 0.000000 0.000000
0.000000 0.000000 19834.353038 19837.154646 19822.335546 19817.274387 19752.685577 19775.955924 19759.017981 19760.385220 19768.152601 19762.482469 19759.975354 19754.552753 19730.799700 19800.230805 19806.971387 19828.847058 19839.380936 0.000000 0.000000
0.000000 0.000000 22681.047772 22672.293278 22662.288154 22589.465794 22607.505239 22570.886752 22550.668473 22546.889382 22533.422147 22522.145399 22529.486026 22528.247618 22568.634342 22553.770132 22657.601924 22636.383251 22633.539144 0.000000 0.000000
0.000000 0.000000 25637.651086 25634.551868 25529.420319 25565.948630 25565.206567 25556.758166 25605.093289 25589.062024 25612.116384 25603.751409 25586.454164 25613.735385 25612.824518 25614.907322 25520.229605 25676.115817 25667.598195 0.000000 0.000000
0.000000 0.000000 29148.103989 28996.406444 29043.068788 28990.039337 28910.654041 28893.540270 28847.621044 28860.896808 28811.537827 28816.961919 28843.436982 28819.646241 28856.717881 28907.553003 29040.317975 28940.621603 29103.050474 0.000000 0.000000
0.000000 0.000000 30330.785667 30485.447154 30619.837477 30625.594149 30635.104477 30516.521083 30538.757194 30498.622407 30561.810817 30550.431899 30544.293622 30559.174530 30655.603452 30649.809785 30645.325394 30539.105217 30386.231598 0.000000 0.000000
0.000000 0.000000 0.000000 0.000000 0.000000 0.000000 0.000000 0.000000 0.000000 0.000000 0.000000 0.000000 0.000000 0.000000 0.000000 0.000000 0.000000 0.000000 0.000000 0.000000 0.000000
0.000000 0.000000 0.000000 0.000000 0.000000 0.000000 0.000000 0.000000 0.000000 0.000000 0.000000 0.000000 0.000000 0.000000 0.000000 0.000000 0.000000 0.000000 0.000000 0.000000 0.000000