geotop/1.0zi/1.0Montebello/Templates/testdem/maps/_Erotot9025.asc
ncols         21
nrows         20
xllcorner     100.000000
yllcorner     100.000000
cellsize      50.000000
NODATA_value  -9999.0
0.000000 0.000000 0.000000 0.000000 0.000000 0.000000 0.000000 0.000000 0.000000 0.000000 0.000000 0.000000 0.000000 0.000000 0.000000 0.000000 0.000000 0.000000 0.000000 0.000000 0.000000
0.000000 0.000000 719.026669 719.664411 719.095213 719.181169 718.162851 718.287097 718.369747 718.443932 718.825227 718.191172 718.080767 718.118947 718.525405 718.653688 719.477309 720.066501 720.226316 0.000000 0.000000
0.000000 0.000000 55.997193 55.013977 55.311572 55.244412 56.068563 55.742646 55.371519 55.238350 55.442509 55.771458 55.829271 55.946752 55.719859 55.115526 53.843957 52.997355 53.607062 0.000000 0.000000
0.000000 0.000000 429.745060 431.480935 418.429876 412.197716 411.627392 405.762335 410.756833 412.433154 408.483595 406.885173 410.301856 409.808373 418.298888 426.772283 430.582628 424.983926 432.256747 0.000000 0.000000
0.000000 0.000000 3937.096458 3930.751604 3928.526655 3894.242686 3869.938268 3858.097410 3850.562333 3843.288994 3851.952750 3858.762470 3857.152250 3852.123730 3871.813933 3876.306191 3892.005636 3903.111084 3903.286445 0.000000 0.000000
0.000000 0.000000 6009.564388 6004.222766 5999.194990 6001.428045 5979.454331 5966.286672 5971.039211 5970.799435 5966.484375 5960.374746 5958.633824 5962.809721 5962.949332 5987.935970 5989.239885 5995.361282 5997.669280 0.000000 0.000000
0.000000 0.000000 7431.720986 7426.105806 7422.803433 7411.912986 7403.160159 7370.376891 7370.726324 7368.125935 7367.863089 7372.196427 7372.736847 7373.698475 7406.529263 7412.336712 7420.674028 7423.082893 7428.090461 0.000000 0.000000
0.000000 0.000000 8828.260928 8825.704727 8821.571818 8809.394042 8803.519237 8799.899724 8800.599011 8798.611393 8798.860754 8794.685925 8793.469111 8800.854725 8799.144331 8807.749483 8821.938153 8817.952568 8824.079755 0.000000 0.000000
0.000000 0.000000 10631.255484 10626.149361 10618.892576 10616.218263 10601.039173 10582.208011 10584.952649 10580.791100 10577.742222 10577.299219 10580.057583 10573.830075 10597.883031 10611.849266 10613.284652 10615.283146 10618.810220 0.000000 0.000000
0.000000 0.000000 12721.771761 12714.211038 12713.024952 12706.403734 12682.938965 12672.005171 12671.338443 12669.991921 12666.093551 12670.473840 12673.442999 12673.075229 12680.370973 12699.102877 12706.670178 12708.915898 12708.112769 0.000000 0.000000
0.000000 0.000000 15036.893154 15034.350480 15031.141947 15003.012859 14996.729087 14976.142754 14984.271575 14967.048392 14973.031684 14969.248007 14961.612080 14972.444435 14986.843653 14990.329674 15005.375751 15008.836710 15023.772722 0.000000 0.000000
0.000000 0.000000 17597.561131 17587.643181 17572.819862 17569.861530 17553.562445 17530.638042 17528.701224 17531.674081 17537.802987 17524.946054 17531.971144 17529.887336 17556.199491 17568.728085 17569.102073 17572.802796 17597.993396 0.000000 0.000000
0.000000 0.000000 20308.019091 20297.702865 20300.922006 20277.373752 20268.048921 20201.378629 20198.742011 20197.582292 20168.318006 20187.206612 20189.504706 20196.654889 20245.965764 20254.674060 20284.634669 20281.636380 20288.537877 0.000000 0.000000
0.000000 0.000000 23508.828259 23509.951005 23488.292750 23480.827142 23392.507534 23432.120382 23411.929682 23413.313533 23426.765988 23414.985403 23413.718513 23402.704221 23365.124164 23463.987557 23466.316124 23490.580955 23503.711413 0.000000 0.000000
0.000000 0.000000 27088.582023 27073.278669 27057.176491 26954.687141 26995.982529 26939.829548 26917.440059 26912.756917 26890.740481 26878.990716 26889.250364 26889.931467 26947.726825 26907.891063 27052.895257 27014.295498 27007.626307 0.000000 0.000000
0.000000 0.000000 30627.117427 30620.225103 30480.521666 30548.654204 30535.649451 30537.066646 30606.810439 30585.323085 30619.629264 30611.299049 30585.884967 30621.056379 30609.338004 30623.849061 30463.666055 30677.729673 30668.172955 0.000000 0.000000
0.000000 0.000000 34427.079613 34253.727465 34332.232305 34257.610525 34169.167131 34148.090277 34084.460074 34102.945084 34041.060926 34049.519313 34084.238263 34049.482825 34096.230722 34151.733000 34326.774514 34172.866740 34354.694731 0.000000 0.000000
0.000000 0.000000 35294.424056 35457.594481 35581.904399 35586.793737 35600.928609 35488.287150 35515.186874 35475.616300 35541.065266 35529.394144 35521.074257 35537.381262 35625.906184 35618.326017 35602.690405 35506.474950 35343.887415 0.000000 0.000000
0.000000 0.000000 0.000000 0.000000 0.000000 0.000000 0.000000 0.000000 0.000000 0.000000 0.000000 0.000000 0.000000 0.000000 0.000000 0.000000 0.000000 0.000000 0.000000 0.000000 0.000000
0.000000 0.000000 0.000000 0.000000 0.000000 0.000000 0.000000 0.000000 0.000000 0.000000 0.000000 0.000000 0.000000 0.000000 0.000000 0.000000 0.000000 0.000000 0.000000 0.000000 0.000000