geotop/1.0zi/1.0Montebello/Templates/testdem/maps/_Erotot5761.asc
ncols         21
nrows         20
xllcorner     100.000000
yllcorner     100.000000
cellsize      50.000000
NODATA_value  -9999.0
0.000000 0.000000 0.000000 0.000000 0.000000 0.000000 0.000000 0.000000 0.000000 0.000000 0.000000 0.000000 0.000000 0.000000 0.000000 0.000000 0.000000 0.000000 0.000000 0.000000 0.000000
0.000000 0.000000 437.113084 436.316095 436.138036 435.929757 435.894045 435.999011 435.948883 436.123070 436.029984 435.827343 435.767034 435.846379 435.952443 435.854276 436.047641 436.241446 436.656716 0.000000 0.000000
0.000000 0.000000 33.001155 33.664112 33.953359 35.121314 34.867029 34.627214 34.449488 34.226201 34.436990 34.789775 34.605923 34.363245 34.817424 34.583642 33.755903 32.921166 32.324669 0.000000 0.000000
0.000000 0.000000 184.708310 186.047947 178.428044 175.652736 177.036974 171.982682 171.598346 171.148904 170.430035 168.052380 170.623971 168.762937 172.128111 177.717632 177.386596 180.623275 183.909319 0.000000 0.000000
0.000000 0.000000 1780.639797 1785.518521 1791.490266 1773.277567 1758.266987 1747.504291 1750.120126 1747.565336 1751.263571 1755.508671 1751.912748 1749.844775 1759.823199 1759.067842 1766.288950 1773.354407 1774.597985 0.000000 0.000000
0.000000 0.000000 3185.786612 3179.737217 3177.034166 3172.699957 3164.857056 3157.494471 3155.957417 3155.765164 3154.868344 3152.821469 3150.109875 3152.160853 3151.662290 3167.059792 3172.003754 3175.257966 3177.706244 0.000000 0.000000
0.000000 0.000000 4205.808965 4203.302171 4200.319201 4195.976754 4183.075679 4166.725560 4166.796841 4163.452984 4165.128498 4167.874547 4169.770909 4170.837790 4190.560916 4199.803354 4204.575502 4206.238520 4211.427216 0.000000 0.000000
0.000000 0.000000 4840.777280 4842.195620 4841.429265 4835.234211 4834.786538 4827.880547 4828.499347 4828.908355 4827.735110 4825.379972 4825.039025 4828.453209 4828.179340 4830.406867 4838.584765 4836.839305 4839.847840 0.000000 0.000000
0.000000 0.000000 5695.002097 5692.407516 5688.519634 5689.616055 5683.139654 5672.829275 5673.358399 5670.783963 5668.396204 5669.633418 5670.748654 5665.464124 5678.259657 5685.935499 5687.925031 5688.737959 5690.153010 0.000000 0.000000
0.000000 0.000000 6684.138230 6681.850779 6684.176282 6683.678751 6669.140033 6662.296115 6663.777285 6662.924971 6660.955609 6664.091922 6666.943422 6665.205422 6668.070465 6677.974894 6681.677999 6681.856856 6682.539921 0.000000 0.000000
0.000000 0.000000 7750.958063 7751.230688 7751.543547 7737.585034 7735.094159 7724.583304 7728.171872 7719.235139 7721.703085 7720.824438 7716.079216 7723.167052 7727.198178 7728.265237 7734.727007 7740.529099 7747.700324 0.000000 0.000000
0.000000 0.000000 8864.836665 8860.409755 8855.783384 8854.210595 8850.435126 8835.919050 8835.052598 8834.197261 8840.853846 8833.940448 8835.844157 8835.225655 8850.174934 8853.062302 8854.372541 8854.865522 8873.952887 0.000000 0.000000
0.000000 0.000000 9990.841534 9989.023988 9990.195492 9982.990977 9979.075464 9953.327044 9952.197856 9951.924165 9937.877257 9946.735460 9950.520428 9952.298086 9967.550920 9971.095691 9984.703502 9984.057309 9990.864056 0.000000 0.000000
0.000000 0.000000 11224.126860 11225.599843 11219.087794 11218.171594 11191.978516 11199.912524 11189.757365 11191.207914 11192.416856 11192.087486 11190.524697 11187.053117 11177.119822 11205.180155 11210.396882 11220.742812 11227.612552 0.000000 0.000000
0.000000 0.000000 12551.505547 12546.648364 12544.025597 12521.636792 12521.026655 12506.137746 12493.638802 12492.212960 12487.507194 12481.523610 12484.469778 12482.543713 12496.605511 12500.240819 12539.248350 12530.737777 12530.867821 0.000000 0.000000
0.000000 0.000000 13910.451739 13909.931544 13876.569410 13875.590159 13880.448860 13872.863879 13889.272764 13881.927533 13887.589157 13883.241035 13878.197748 13886.097761 13889.587956 13889.005390 13869.941741 13918.028811 13911.148738 0.000000 0.000000
0.000000 0.000000 15449.974755 15409.924901 15407.712508 15398.930173 15375.004104 15368.558587 15360.982304 15364.094337 15351.122367 15351.457877 15355.952023 15355.893918 15366.704336 15376.512980 15405.767284 15400.862615 15446.302068 0.000000 0.000000
0.000000 0.000000 16536.312421 16546.844035 16589.084532 16582.570209 16568.425662 16533.637859 16534.746260 16521.471395 16532.419001 16530.625016 16536.240363 16531.221410 16561.297890 16572.879129 16595.509132 16552.259980 16541.488299 0.000000 0.000000
0.000000 0.000000 0.000000 0.000000 0.000000 0.000000 0.000000 0.000000 0.000000 0.000000 0.000000 0.000000 0.000000 0.000000 0.000000 0.000000 0.000000 0.000000 0.000000 0.000000 0.000000
0.000000 0.000000 0.000000 0.000000 0.000000 0.000000 0.000000 0.000000 0.000000 0.000000 0.000000 0.000000 0.000000 0.000000 0.000000 0.000000 0.000000 0.000000 0.000000 0.000000 0.000000