geotop/1.0zi/1.0Montebello/Templates/testdem/maps/_Erotot2751.asc
ncols         21
nrows         20
xllcorner     100.000000
yllcorner     100.000000
cellsize      50.000000
NODATA_value  -9999.0
0.000000 0.000000 0.000000 0.000000 0.000000 0.000000 0.000000 0.000000 0.000000 0.000000 0.000000 0.000000 0.000000 0.000000 0.000000 0.000000 0.000000 0.000000 0.000000 0.000000 0.000000
0.000000 0.000000 250.522744 250.525634 250.529026 250.650445 250.517436 250.521364 250.495797 250.538398 250.556757 250.538398 250.495797 250.521364 250.517436 250.650445 250.529026 250.525634 250.522744 0.000000 0.000000
0.000000 0.000000 13.172745 12.951310 11.200232 12.919470 13.213986 13.200569 13.233857 13.197042 13.181036 13.197042 13.233857 13.200569 13.213986 12.919470 11.200232 12.951310 13.172745 0.000000 0.000000
0.000000 0.000000 1932.225971 1931.905141 1932.241302 1930.368567 1932.373219 1931.815286 1931.808356 1932.644341 1932.852156 1932.644341 1931.808356 1931.815286 1932.373219 1930.368567 1932.241302 1931.905141 1932.225971 0.000000 0.000000
0.000000 0.000000 3922.019687 3921.850632 3921.192674 3921.784807 3922.326539 3922.184788 3922.150493 3922.302758 3922.258456 3922.302758 3922.150493 3922.184788 3922.326539 3921.784807 3921.192674 3921.850632 3922.019687 0.000000 0.000000
0.000000 0.000000 5104.279739 5104.076000 5103.517771 5103.667349 5104.474354 5104.181909 5104.200532 5104.547746 5104.661481 5104.547746 5104.200532 5104.181909 5104.474354 5103.667349 5103.517771 5104.076000 5104.279739 0.000000 0.000000
0.000000 0.000000 6657.696921 6657.527664 6657.018509 6657.156654 6657.845363 6657.592713 6657.616655 6657.924631 6658.044207 6657.924631 6657.616655 6657.592713 6657.845363 6657.156654 6657.018509 6657.527664 6657.696921 0.000000 0.000000
0.000000 0.000000 8115.352102 8115.210295 8114.737688 8114.877973 8115.468966 8115.252208 8115.273708 8115.548826 8115.661292 8115.548826 8115.273708 8115.252208 8115.468966 8114.877973 8114.737688 8115.210295 8115.352102 0.000000 0.000000
0.000000 0.000000 9467.213443 9467.084250 9466.636726 9466.776362 9467.317969 9467.118756 9467.138868 9467.396401 9467.502421 9467.396401 9467.138868 9467.118756 9467.317969 9466.776362 9466.636726 9467.084250 9467.213443 0.000000 0.000000
0.000000 0.000000 10736.653402 10736.552775 10736.117250 10736.294520 10736.745048 10736.567528 10736.592125 10736.825592 10736.924713 10736.825592 10736.592125 10736.567528 10736.745048 10736.294520 10736.117250 10736.552775 10736.653402 0.000000 0.000000
0.000000 0.000000 11929.877883 11929.770842 11929.356233 11929.508796 11929.968457 11929.792220 11929.812673 11930.042024 11930.135072 11930.042024 11929.812673 11929.792220 11929.968457 11929.508796 11929.356233 11929.770842 11929.877883 0.000000 0.000000
0.000000 0.000000 13065.582053 13065.475114 13065.077432 13065.223908 13065.667642 13065.499324 13065.518537 13065.739467 13065.829775 13065.739467 13065.518537 13065.499324 13065.667642 13065.223908 13065.077432 13065.475114 13065.582053 0.000000 0.000000
0.000000 0.000000 14152.683641 14152.582095 14152.191862 14152.339557 14152.762540 14152.599155 14152.618457 14152.832792 14152.918807 14152.832792 14152.618457 14152.599155 14152.762540 14152.339557 14152.191862 14152.582095 14152.683641 0.000000 0.000000
0.000000 0.000000 15197.482842 15197.389261 15197.009372 15197.174500 15197.559383 15197.403082 15197.423865 15197.629134 15197.711922 15197.629134 15197.423865 15197.403082 15197.559383 15197.174500 15197.009372 15197.389261 15197.482842 0.000000 0.000000
0.000000 0.000000 16203.132603 16203.037255 16202.662453 16202.816000 16203.205072 16203.050600 16203.069904 16203.272585 16203.352472 16203.272585 16203.069904 16203.050600 16203.205072 16202.816000 16202.662453 16203.037255 16203.132603 0.000000 0.000000
0.000000 0.000000 17173.224654 17173.131654 17172.768529 17172.915148 17173.291148 17173.141729 17173.160856 17173.357634 17173.435034 17173.357634 17173.160856 17173.141729 17173.291148 17172.915148 17172.768529 17173.131654 17173.224650 0.000000 0.000000
0.000000 0.000000 18110.111572 18110.020372 18109.660588 18109.810065 18110.175927 18110.029032 18110.047625 18110.239045 18110.313297 18110.239045 18110.047625 18110.029032 18110.175927 18109.810065 18109.660588 18110.020350 18110.111171 0.000000 0.000000
0.000000 0.000000 19056.257347 19056.593576 19056.241174 19056.386324 19056.746183 19056.603033 19056.619679 19056.807032 19056.878304 19056.807032 19056.619679 19056.603033 19056.746183 19056.386323 19056.241156 19056.590085 19056.677757 0.000000 0.000000
0.000000 0.000000 0.000000 0.000000 0.000000 0.000000 0.000000 0.000000 0.000000 0.000000 0.000000 0.000000 0.000000 0.000000 0.000000 0.000000 0.000000 0.000000 0.000000 0.000000 0.000000
0.000000 0.000000 0.000000 0.000000 0.000000 0.000000 0.000000 0.000000 0.000000 0.000000 0.000000 0.000000 0.000000 0.000000 0.000000 0.000000 0.000000 0.000000 0.000000 0.000000 0.000000