geotop/1.0zi/1.0Montebello/Templates/testdem/maps/_Erotot9945.asc
ncols         21
nrows         20
xllcorner     100.000000
yllcorner     100.000000
cellsize      50.000000
NODATA_value  -9999.0
0.000000 0.000000 0.000000 0.000000 0.000000 0.000000 0.000000 0.000000 0.000000 0.000000 0.000000 0.000000 0.000000 0.000000 0.000000 0.000000 0.000000 0.000000 0.000000 0.000000 0.000000
0.000000 0.000000 828.600249 828.752012 827.560252 827.155852 825.541535 825.048158 825.230340 825.221139 825.619962 825.059756 824.871281 824.913644 825.922845 826.504897 827.861909 829.038193 829.737996 0.000000 0.000000
0.000000 0.000000 62.042113 60.719208 61.075439 60.804729 61.651988 61.195954 60.765286 60.681947 60.865566 61.045977 61.238198 61.293438 61.146051 60.631352 59.610763 58.729403 59.459641 0.000000 0.000000
0.000000 0.000000 543.251886 546.871736 531.932266 523.468617 522.721585 514.781868 521.989912 523.902236 519.590877 520.895066 525.253974 524.648406 533.391092 544.090138 546.808232 545.142454 550.545584 0.000000 0.000000
0.000000 0.000000 4595.715336 4589.346528 4585.328112 4544.119829 4517.927566 4502.191452 4494.325369 4489.428627 4494.068968 4499.603228 4499.426596 4493.142727 4514.477518 4520.758080 4540.190907 4552.113517 4552.915972 0.000000 0.000000
0.000000 0.000000 6907.655713 6901.074164 6895.438002 6896.744143 6867.459834 6853.968564 6858.019786 6857.219156 6850.885854 6844.193973 6841.762578 6846.007156 6848.778891 6876.419293 6876.690288 6884.201737 6885.720176 0.000000 0.000000
0.000000 0.000000 8485.803862 8479.453883 8475.369482 8460.987407 8454.501885 8416.434268 8415.865449 8413.006635 8410.788141 8414.874187 8415.260032 8416.347359 8452.653830 8456.810540 8466.646941 8469.834870 8474.762954 0.000000 0.000000
0.000000 0.000000 10183.878318 10179.586040 10172.206482 10154.826883 10143.805983 10140.056134 10140.445588 10138.549075 10136.578639 10132.639499 10131.886639 10138.931936 10137.868164 10149.681593 10165.773088 10163.561205 10169.598849 0.000000 0.000000
0.000000 0.000000 12347.836001 12341.096221 12331.348130 12323.836278 12305.636173 12281.860809 12285.085626 12281.265075 12276.095696 12275.604278 12278.851929 12272.043582 12300.348000 12316.383978 12319.444234 12323.508479 12325.764099 0.000000 0.000000
0.000000 0.000000 14885.201631 14874.373166 14869.464011 14858.091521 14841.559691 14820.773093 14819.570165 14817.774545 14810.940047 14815.488717 14818.887502 14817.758242 14827.675595 14850.177976 14859.055036 14863.328357 14862.391543 0.000000 0.000000
0.000000 0.000000 17741.817010 17736.047978 17731.466925 17692.902005 17692.049007 17661.500457 17670.183223 17651.524632 17655.453814 17650.952031 17642.526503 17654.374468 17672.501549 17678.349705 17695.238748 17698.852925 17717.879389 0.000000 0.000000
0.000000 0.000000 20968.565808 20951.769656 20929.499889 20924.621896 20910.828118 20875.088549 20873.183883 20876.012770 20880.943879 20864.162066 20872.925266 20868.784370 20902.346119 20919.559639 20922.012054 20928.638755 20955.644945 0.000000 0.000000
0.000000 0.000000 24421.575834 24409.488435 24410.659605 24384.674780 24362.863667 24277.137981 24271.240051 24268.750949 24225.058843 24253.706032 24254.781059 24263.374055 24329.185658 24339.309729 24378.527050 24378.131157 24381.623655 0.000000 0.000000
0.000000 0.000000 28532.735297 28531.461849 28498.038955 28479.825495 28361.504318 28431.107306 28400.808774 28402.903535 28424.182213 28402.410834 28400.666727 28383.558033 28317.842333 28456.176464 28454.611311 28489.104063 28505.289060 0.000000 0.000000
0.000000 0.000000 32774.342377 32761.152297 32741.777733 32605.414462 32688.845574 32595.468134 32575.790513 32568.021245 32532.732153 32522.643032 32536.527075 32539.833854 32623.849234 32536.550331 32725.523784 32674.754839 32661.485869 0.000000 0.000000
0.000000 0.000000 36143.074847 36135.507136 36000.398381 36089.111658 36064.782406 36077.397270 36147.779410 36128.333064 36163.525434 36157.511743 36130.699793 36163.898201 36138.698120 36168.049067 35979.351565 36198.126815 36189.241366 0.000000 0.000000
0.000000 0.000000 38878.793131 38775.765836 38829.497248 38785.225329 38729.922921 38728.741963 38690.094631 38702.473314 38663.995753 38669.886184 38690.518471 38670.834066 38688.681803 38719.955609 38823.441579 38726.197548 38835.739772 0.000000 0.000000
0.000000 0.000000 39797.696000 39860.172037 39937.535823 39931.691564 39927.281057 39866.393309 39873.270415 39854.649188 39879.242819 39874.849404 39876.471079 39877.302241 39927.903593 39934.174549 39944.051653 39870.226210 39809.143359 0.000000 0.000000
0.000000 0.000000 0.000000 0.000000 0.000000 0.000000 0.000000 0.000000 0.000000 0.000000 0.000000 0.000000 0.000000 0.000000 0.000000 0.000000 0.000000 0.000000 0.000000 0.000000 0.000000
0.000000 0.000000 0.000000 0.000000 0.000000 0.000000 0.000000 0.000000 0.000000 0.000000 0.000000 0.000000 0.000000 0.000000 0.000000 0.000000 0.000000 0.000000 0.000000 0.000000 0.000000