geotop/1.0zi/1.0Montebello/Templates/testdem/maps/_Erotot9638.asc
ncols         21
nrows         20
xllcorner     100.000000
yllcorner     100.000000
cellsize      50.000000
NODATA_value  -9999.0
0.000000 0.000000 0.000000 0.000000 0.000000 0.000000 0.000000 0.000000 0.000000 0.000000 0.000000 0.000000 0.000000 0.000000 0.000000 0.000000 0.000000 0.000000 0.000000 0.000000 0.000000
0.000000 0.000000 800.770625 800.912401 799.727799 799.262643 797.688014 797.233198 797.329909 797.388330 797.742186 797.181463 797.040378 797.074298 798.057001 798.641101 800.004843 801.243355 801.902284 0.000000 0.000000
0.000000 0.000000 60.065118 58.724284 59.022984 58.804468 59.542054 59.062090 58.698898 58.545055 58.781625 58.937537 59.108462 59.182052 59.051124 58.566790 57.538962 56.637841 57.417547 0.000000 0.000000
0.000000 0.000000 524.636982 528.414910 514.031993 506.642803 506.136464 498.338440 505.391059 507.196175 503.272555 504.180669 508.477121 507.891042 516.770303 527.150841 530.006361 528.481591 534.003027 0.000000 0.000000
0.000000 0.000000 4465.400742 4459.762042 4456.142580 4417.759593 4391.551304 4376.165999 4368.623786 4362.778330 4368.616956 4374.246716 4374.266851 4368.533246 4388.257401 4394.465237 4413.135349 4424.505100 4425.387820 0.000000 0.000000
0.000000 0.000000 6669.941847 6663.398557 6658.609401 6660.734384 6632.864057 6620.184852 6623.922181 6622.647020 6617.231914 6610.657531 6608.467838 6612.710716 6614.538347 6641.741382 6641.942234 6649.350918 6651.282252 0.000000 0.000000
0.000000 0.000000 8204.038202 8197.978330 8194.170965 8181.174306 8174.314520 8137.845805 8137.172379 8133.880316 8132.279571 8136.300328 8136.838194 8138.009958 8173.386336 8177.694873 8187.278185 8190.233217 8195.309558 0.000000 0.000000
0.000000 0.000000 9828.254663 9824.246055 9817.599267 9801.970334 9791.524479 9787.449004 9788.024062 9785.559322 9784.455735 9780.437901 9779.785103 9786.949965 9785.434342 9796.867257 9812.555328 9810.166457 9816.391081 0.000000 0.000000
0.000000 0.000000 11888.573042 11882.319265 11873.514977 11867.731502 11850.194340 11827.273384 11830.449487 11826.134039 11821.925521 11821.479083 11824.780255 11818.265585 11845.295867 11860.848281 11863.655370 11867.450961 11869.922352 0.000000 0.000000
0.000000 0.000000 14297.970202 14287.784129 14283.475787 14274.316974 14258.481586 14238.683287 14237.555828 14235.160011 14229.552513 14233.933268 14237.368713 14236.652866 14245.312999 14266.983935 14275.370447 14279.539670 14278.721063 0.000000 0.000000
0.000000 0.000000 16995.106261 16990.048478 16986.370070 16951.020272 16950.478056 16921.476954 16929.851595 16911.167344 16916.058747 16911.713397 16903.739313 16915.462845 16932.005606 16937.490603 16953.658750 16957.033292 16975.699204 0.000000 0.000000
0.000000 0.000000 20024.190830 20008.601208 19988.147455 19985.105869 19972.507722 19938.742785 19937.141833 19938.738212 19944.754948 19928.653297 19937.070128 19933.773367 19964.632620 19980.760906 19982.956697 19989.269511 20015.610618 0.000000 0.000000
0.000000 0.000000 23257.126090 23245.939696 23247.467398 23224.675001 23204.542140 23125.113827 23119.361990 23116.544100 23076.793892 23103.214928 23104.697324 23113.015618 23173.354941 23183.025569 23219.622896 23219.113777 23223.903305 0.000000 0.000000
0.000000 0.000000 27118.067977 27116.720023 27086.594592 27070.672346 26961.564499 27022.629788 26994.286834 26995.079299 27014.116532 26995.320896 26993.566207 26978.870017 26918.994739 27047.538478 27047.436728 27079.643656 27095.136497 0.000000 0.000000
0.000000 0.000000 31238.497583 31226.248914 31206.154338 31077.095755 31150.448828 31063.738186 31043.092698 31034.862948 31003.722745 30992.202465 31006.221085 31008.444699 31086.171683 31008.825679 31190.494037 31142.749872 31131.207518 0.000000 0.000000
0.000000 0.000000 34775.679882 34767.707649 34623.136409 34714.999134 34691.239140 34702.428798 34776.716225 34755.279072 34792.923201 34786.126498 34757.893406 34793.972791 34768.382533 34797.060403 34601.479838 34834.171356 34825.009695 0.000000 0.000000
0.000000 0.000000 37866.463754 37740.934853 37809.101244 37751.731542 37686.072754 37669.564646 37620.269929 37635.065779 37587.396707 37594.515346 37621.071665 37595.251601 37631.318683 37669.601427 37802.697107 37677.939571 37811.577784 0.000000 0.000000
0.000000 0.000000 38765.200574 38848.377523 38933.571354 38927.373959 38925.135087 38855.444629 38865.203372 38841.647467 38874.636418 38868.697506 38869.078201 38872.688963 38928.641805 38933.309342 38943.001104 38864.833300 38783.298792 0.000000 0.000000
0.000000 0.000000 0.000000 0.000000 0.000000 0.000000 0.000000 0.000000 0.000000 0.000000 0.000000 0.000000 0.000000 0.000000 0.000000 0.000000 0.000000 0.000000 0.000000 0.000000 0.000000
0.000000 0.000000 0.000000 0.000000 0.000000 0.000000 0.000000 0.000000 0.000000 0.000000 0.000000 0.000000 0.000000 0.000000 0.000000 0.000000 0.000000 0.000000 0.000000 0.000000 0.000000