geotop/1.0zi/1.0Montebello/Templates/testdem/maps/_Erotot6808.asc
ncols         21
nrows         20
xllcorner     100.000000
yllcorner     100.000000
cellsize      50.000000
NODATA_value  -9999.0
0.000000 0.000000 0.000000 0.000000 0.000000 0.000000 0.000000 0.000000 0.000000 0.000000 0.000000 0.000000 0.000000 0.000000 0.000000 0.000000 0.000000 0.000000 0.000000 0.000000 0.000000
0.000000 0.000000 544.575511 545.375450 545.036519 545.284772 544.680378 544.678751 544.638204 544.801553 545.209174 544.550073 544.440881 544.533920 544.799861 544.754465 545.479846 545.737399 545.791652 0.000000 0.000000
0.000000 0.000000 42.459426 41.318949 41.406187 41.550390 41.792649 41.623470 41.437995 41.223287 41.466077 41.736297 41.629599 41.854556 41.655680 41.448033 40.171263 39.386047 40.066719 0.000000 0.000000
0.000000 0.000000 225.965184 228.128188 217.122098 214.419480 214.273985 208.888118 208.234103 208.044794 207.157096 206.323146 208.430443 207.115910 213.622128 219.587671 220.492719 221.586706 226.824777 0.000000 0.000000
0.000000 0.000000 2295.279771 2298.423797 2301.952332 2281.859520 2267.570861 2254.362123 2257.497444 2253.249638 2258.795215 2264.211850 2259.609284 2257.979929 2270.123953 2272.659536 2280.560945 2288.382134 2290.219780 0.000000 0.000000
0.000000 0.000000 4017.227892 4011.600932 4008.545039 4001.748991 3988.977546 3981.473584 3979.984035 3980.001336 3976.545049 3971.031950 3969.905227 3973.048469 3972.621137 3990.208145 3998.804964 4005.156375 4007.052950 0.000000 0.000000
0.000000 0.000000 5185.577861 5182.748031 5178.813378 5173.637982 5160.481616 5142.500348 5142.088791 5138.123469 5139.976930 5143.886804 5145.450241 5145.919092 5169.249408 5178.797114 5182.915242 5184.712949 5190.205087 0.000000 0.000000
0.000000 0.000000 5999.278457 6000.251438 5997.826314 5989.772414 5988.770898 5980.785834 5981.328730 5981.455709 5980.508077 5977.424755 5976.739526 5981.844714 5982.412448 5985.921504 5996.380875 5994.362296 5999.049752 0.000000 0.000000
0.000000 0.000000 7114.462004 7110.929385 7105.321732 7105.983415 7097.328270 7085.033162 7085.934805 7082.240444 7080.119687 7080.597856 7082.565863 7076.934466 7092.500757 7104.819849 7105.278658 7107.549990 7109.198229 0.000000 0.000000
0.000000 0.000000 8398.726661 8395.960382 8396.908816 8394.483023 8377.422426 8369.626572 8370.132521 8369.445294 8367.017213 8370.273927 8373.416024 8372.073923 8376.730167 8388.690925 8394.687254 8395.475700 8396.764659 0.000000 0.000000
0.000000 0.000000 9790.783606 9790.197863 9788.460017 9771.845529 9768.710472 9755.585012 9760.274429 9749.114452 9752.475222 9751.641130 9745.647986 9754.004324 9760.335332 9762.454526 9772.284745 9777.949582 9787.544973 0.000000 0.000000
0.000000 0.000000 11264.979856 11258.939611 11252.771169 11250.102385 11243.275082 11226.955654 11224.952076 11224.591965 11231.628593 11222.936729 11225.765545 11225.581191 11243.592344 11249.476149 11251.239528 11253.541654 11274.657542 0.000000 0.000000
0.000000 0.000000 12774.938392 12771.664693 12771.691275 12762.092466 12757.041729 12722.543342 12721.043392 12720.356870 12703.566896 12713.410819 12717.803472 12720.811590 12743.651357 12749.311193 12766.890818 12765.929314 12773.955090 0.000000 0.000000
0.000000 0.000000 14456.226447 14458.331216 14448.459216 14445.310856 14407.815573 14418.823106 14406.859455 14407.951098 14411.313314 14409.465913 14407.820559 14404.013222 14389.913533 14432.354958 14437.858650 14452.247561 14460.738819 0.000000 0.000000
0.000000 0.000000 16298.428447 16292.087055 16286.360747 16249.114865 16251.497931 16232.693725 16216.950177 16215.176473 16207.904798 16200.406136 16204.068967 16202.210126 16224.085479 16224.782636 16282.665708 16270.870950 16270.464041 0.000000 0.000000
0.000000 0.000000 18216.912441 18215.249021 18160.531951 18165.961899 18171.059077 18161.675856 18186.653983 18175.648684 18186.188592 18179.614902 18172.385053 18185.975992 18188.837453 18188.990573 18154.528290 18230.691131 18224.271214 0.000000 0.000000
0.000000 0.000000 20454.550955 20382.206972 20385.894904 20367.476098 20327.801541 20319.324607 20303.859059 20308.937516 20287.319930 20288.760612 20298.118740 20293.356076 20311.111151 20333.300125 20384.630495 20363.670855 20442.440960 0.000000 0.000000
0.000000 0.000000 21801.318195 21841.722746 21915.992207 21908.045486 21895.773681 21834.592982 21837.861315 21817.657760 21840.118186 21835.889013 21840.509935 21839.161445 21892.281089 21903.876352 21929.198490 21857.082968 21818.357819 0.000000 0.000000
0.000000 0.000000 0.000000 0.000000 0.000000 0.000000 0.000000 0.000000 0.000000 0.000000 0.000000 0.000000 0.000000 0.000000 0.000000 0.000000 0.000000 0.000000 0.000000 0.000000 0.000000
0.000000 0.000000 0.000000 0.000000 0.000000 0.000000 0.000000 0.000000 0.000000 0.000000 0.000000 0.000000 0.000000 0.000000 0.000000 0.000000 0.000000 0.000000 0.000000 0.000000 0.000000