geotop/1.0zi/1.0Montebello/Templates/testdem/maps/_Erotot8712.asc
ncols         21
nrows         20
xllcorner     100.000000
yllcorner     100.000000
cellsize      50.000000
NODATA_value  -9999.0
0.000000 0.000000 0.000000 0.000000 0.000000 0.000000 0.000000 0.000000 0.000000 0.000000 0.000000 0.000000 0.000000 0.000000 0.000000 0.000000 0.000000 0.000000 0.000000 0.000000 0.000000
0.000000 0.000000 699.991138 700.806617 700.238258 700.328951 699.304387 699.453369 699.440024 699.515887 699.890996 699.267551 699.149283 699.196613 699.577393 699.737153 700.579804 701.137221 701.358079 0.000000 0.000000
0.000000 0.000000 54.625605 53.565390 53.870629 53.841488 54.483286 54.138377 53.825592 53.652378 53.861158 54.176941 54.240915 54.354549 54.197368 53.686177 52.419958 51.601902 52.131048 0.000000 0.000000
0.000000 0.000000 422.022121 422.733915 408.833407 400.904048 399.597951 393.496368 393.491173 395.434639 391.987146 390.262827 393.651868 392.111483 402.957225 411.068890 416.143729 416.748208 423.847316 0.000000 0.000000
0.000000 0.000000 3732.172782 3729.090402 3730.321327 3703.724289 3680.922131 3668.848411 3668.172713 3661.981389 3671.051328 3678.108803 3676.891736 3672.628570 3688.798659 3691.249297 3705.268689 3714.745267 3715.259335 0.000000 0.000000
0.000000 0.000000 5810.048415 5806.149449 5800.994970 5795.934199 5780.061883 5769.487698 5771.080619 5769.787626 5765.968276 5760.021613 5758.428280 5762.425464 5762.046292 5784.098952 5790.360358 5796.588503 5799.246578 0.000000 0.000000
0.000000 0.000000 7191.699905 7186.862928 7184.114249 7175.891938 7161.243026 7135.965891 7135.195486 7132.793359 7132.876062 7137.414086 7138.167617 7138.994340 7168.813128 7179.015371 7184.970659 7188.305438 7193.612352 0.000000 0.000000
0.000000 0.000000 8521.638135 8521.496951 8517.595355 8505.588615 8502.603388 8493.814101 8494.029451 8491.894960 8492.296167 8488.159191 8487.040463 8493.979899 8496.357734 8501.910818 8515.957253 8513.796430 8519.757591 0.000000 0.000000
0.000000 0.000000 10249.977837 10244.213051 10237.290661 10235.658949 10221.318368 10205.246922 10207.265782 10203.629201 10201.093823 10200.830556 10203.740458 10197.392495 10218.099074 10233.240463 10235.571944 10239.756908 10241.930772 0.000000 0.000000
0.000000 0.000000 12232.723883 12227.860508 12227.140933 12221.772657 12198.575607 12188.511406 12187.485362 12187.427584 12183.645281 12188.171026 12191.322404 12190.684456 12198.476096 12215.326967 12223.762481 12226.256931 12227.189779 0.000000 0.000000
0.000000 0.000000 14427.487260 14426.677063 14423.794656 14397.406840 14391.416717 14372.130695 14380.725890 14364.042157 14370.717007 14367.346384 14360.261712 14370.640391 14383.303035 14386.035959 14401.403742 14408.137300 14421.105303 0.000000 0.000000
0.000000 0.000000 16838.792948 16827.425578 16817.279772 16814.411056 16798.719822 16779.325075 16772.696090 16776.321497 16783.041122 16770.904663 16777.825406 16775.754467 16801.584155 16814.008392 16816.442810 16821.755168 16847.048487 0.000000 0.000000
0.000000 0.000000 19381.503561 19374.193321 19376.954735 19355.523340 19348.112435 19286.722013 19284.608040 19284.424913 19257.418993 19275.307513 19278.051996 19284.499349 19329.467133 19336.898327 19366.761737 19364.587010 19373.115581 0.000000 0.000000
0.000000 0.000000 22356.815072 22359.771382 22341.314164 22334.608496 22254.215697 22287.790477 22269.297919 22270.343571 22282.652171 22272.488124 22271.805008 22261.547109 22230.628126 22318.796325 22322.958792 22349.459827 22361.524081 0.000000 0.000000
0.000000 0.000000 25710.464137 25698.498816 25684.952463 25591.447466 25622.327705 25575.038213 25551.867536 25548.401676 25529.573132 25518.399422 25528.002130 25527.867934 25580.397257 25550.606192 25682.884259 25652.100221 25647.431967 0.000000 0.000000
0.000000 0.000000 29097.238268 29092.177003 28962.790508 29020.407623 29012.407904 29011.115513 29073.570487 29054.553580 29087.040286 29078.655963 29056.017524 29088.658662 29081.243784 29088.284147 28951.670757 29151.121989 29142.436841 0.000000 0.000000
0.000000 0.000000 32905.577991 32731.713058 32803.536485 32731.941295 32642.181950 32621.720206 32561.298726 32578.715294 32518.444660 32526.743547 32560.888321 32527.254419 32573.378699 32632.214825 32801.399395 32658.330306 32844.237100 0.000000 0.000000
0.000000 0.000000 33831.865493 34006.926721 34140.311625 34147.618106 34163.476949 34043.059918 34070.877496 34028.962421 34099.672122 34087.417690 34078.286482 34096.195369 34193.304568 34182.893380 34166.923088 34067.944369 33893.606520 0.000000 0.000000
0.000000 0.000000 0.000000 0.000000 0.000000 0.000000 0.000000 0.000000 0.000000 0.000000 0.000000 0.000000 0.000000 0.000000 0.000000 0.000000 0.000000 0.000000 0.000000 0.000000 0.000000
0.000000 0.000000 0.000000 0.000000 0.000000 0.000000 0.000000 0.000000 0.000000 0.000000 0.000000 0.000000 0.000000 0.000000 0.000000 0.000000 0.000000 0.000000 0.000000 0.000000 0.000000