geotop/1.0zi/1.0Montebello/Templates/testdem/maps/_Erotot176Y.asc
ncols         21
nrows         20
xllcorner     100.000000
yllcorner     100.000000
cellsize      50.000000
NODATA_value  -9999.0
0.000000 0.000000 0.000000 0.000000 0.000000 0.000000 0.000000 0.000000 0.000000 0.000000 0.000000 0.000000 0.000000 0.000000 0.000000 0.000000 0.000000 0.000000 0.000000 0.000000 0.000000
0.000000 0.000000 987.589772 987.076526 985.766084 983.846623 982.466701 981.604910 982.124901 982.822350 982.702559 981.880890 981.829973 981.924931 983.554295 984.066630 986.881442 987.581142 988.166663 0.000000 0.000000
0.000000 0.000000 68.984995 70.117405 68.715095 71.569018 70.959774 70.340569 70.590119 69.426109 70.420450 72.586380 70.368253 70.456810 69.950834 69.488935 67.211620 66.433187 69.471256 0.000000 0.000000
0.000000 0.000000 940.556524 942.857151 920.008684 908.838013 912.670799 901.906729 901.125144 902.517922 895.915031 897.056318 901.927184 905.338743 908.926408 921.050614 929.193672 929.900039 933.729566 0.000000 0.000000
0.000000 0.000000 6282.467946 6266.299124 6269.847271 6224.240530 6189.114709 6171.881574 6166.135465 6159.211568 6166.111275 6172.839820 6174.754897 6163.334790 6186.650737 6196.468486 6214.812978 6227.988142 6229.922660 0.000000 0.000000
0.000000 0.000000 8708.397344 8705.604501 8694.038098 8695.661436 8669.727350 8651.485031 8653.848500 8651.909944 8644.084130 8637.801518 8635.476206 8638.674181 8641.885961 8674.261663 8673.218872 8683.855893 8683.759914 0.000000 0.000000
0.000000 0.000000 10688.147456 10680.928695 10673.776491 10657.394582 10647.106429 10598.845975 10594.611636 10589.315982 10593.482310 10595.107457 10594.193455 10595.285058 10636.518072 10642.332069 10654.700504 10660.750940 10664.946719 0.000000 0.000000
0.000000 0.000000 13085.240590 13079.157660 13069.410991 13042.473160 13029.890626 13022.470885 13018.643711 13015.836725 13011.769056 13010.489503 13008.659073 13015.639370 13012.688868 13028.272904 13047.800750 13045.622560 13052.204337 0.000000 0.000000
0.000000 0.000000 16121.449660 16111.394746 16096.848988 16087.848622 16065.859353 16031.668515 16031.198695 16022.132006 16022.339677 16017.315665 16020.455128 16012.183200 16045.022377 16066.768118 16071.837090 16081.341908 16083.557295 0.000000 0.000000
0.000000 0.000000 19791.552956 19774.481768 19759.665886 19748.653219 19725.214766 19696.524953 19688.195462 19685.701949 19679.279099 19683.855090 19691.230411 19688.218593 19699.294603 19728.806999 19741.292145 19748.586594 19746.866068 0.000000 0.000000
0.000000 0.000000 24070.521207 24057.368925 24053.998115 23995.452736 23994.880799 23948.649093 23962.792233 23931.506647 23944.270342 23936.402666 23918.771212 23934.891187 23957.823421 23965.424932 23988.472624 23995.900395 24020.454822 0.000000 0.000000
0.000000 0.000000 29013.362276 28984.947347 28947.805910 28944.345012 28924.696461 28869.986655 28854.590437 28861.122334 28869.415931 28850.429097 28859.850883 28849.490854 28893.972413 28921.499080 28923.459830 28934.946936 28969.499843 0.000000 0.000000
0.000000 0.000000 33826.395227 33805.799103 33810.316420 33773.800334 33743.914861 33624.209276 33609.402045 33600.768248 33543.433056 33585.319811 33586.464893 33596.550078 33684.183831 33698.761312 33753.302115 33761.230322 33744.535490 0.000000 0.000000
0.000000 0.000000 38076.126545 38082.152736 38045.683638 38033.785242 37921.747517 38020.633019 37989.363859 37986.411868 38018.252508 37986.941479 37982.999395 37963.465686 37877.835652 38011.495802 38001.648391 38032.947924 38047.728008 0.000000 0.000000
0.000000 0.000000 40582.386148 40572.701734 40560.914248 40502.167468 40546.583875 40504.567271 40494.558441 40495.588446 40479.540517 40476.725227 40484.416047 40485.607621 40517.348304 40466.934991 40554.966410 40529.979433 40522.358522 0.000000 0.000000
0.000000 0.000000 42181.614941 42178.553094 42129.805084 42160.003435 42155.210921 42156.044590 42180.046088 42168.508415 42182.123899 42175.193816 42166.353331 42177.489236 42170.863163 42182.841152 42116.991322 42188.040550 42183.615669 0.000000 0.000000
0.000000 0.000000 43507.011754 43460.725868 43507.747369 43468.004235 43446.732558 43442.345346 43417.528040 43425.190634 43401.894711 43405.099096 43416.470220 43406.633149 43418.630328 43423.474119 43496.804551 43425.608710 43471.272265 0.000000 0.000000
0.000000 0.000000 43973.937383 44050.665364 44078.379271 44083.562427 44097.763709 44059.634613 44073.282343 44058.554339 44081.770504 44077.454959 44074.282074 44079.544084 44110.213999 44096.425847 44080.830775 44060.721605 43988.567423 0.000000 0.000000
0.000000 0.000000 0.000000 0.000000 0.000000 0.000000 0.000000 0.000000 0.000000 0.000000 0.000000 0.000000 0.000000 0.000000 0.000000 0.000000 0.000000 0.000000 0.000000 0.000000 0.000000
0.000000 0.000000 0.000000 0.000000 0.000000 0.000000 0.000000 0.000000 0.000000 0.000000 0.000000 0.000000 0.000000 0.000000 0.000000 0.000000 0.000000 0.000000 0.000000 0.000000 0.000000