geotop/1.0zi/1.0Montebello/Templates/testdem/maps/_Erotot5452.asc
ncols         21
nrows         20
xllcorner     100.000000
yllcorner     100.000000
cellsize      50.000000
NODATA_value  -9999.0
0.000000 0.000000 0.000000 0.000000 0.000000 0.000000 0.000000 0.000000 0.000000 0.000000 0.000000 0.000000 0.000000 0.000000 0.000000 0.000000 0.000000 0.000000 0.000000 0.000000 0.000000
0.000000 0.000000 403.660478 402.865454 402.706074 402.499033 402.471676 402.548658 402.504336 402.677208 402.589604 402.392044 402.335232 402.395835 402.513657 402.404356 402.609023 402.790972 403.198440 0.000000 0.000000
0.000000 0.000000 31.247614 31.935569 32.162200 33.347705 33.086048 32.913578 32.727940 32.508478 32.672339 33.017102 32.830404 32.647716 33.065645 32.852729 32.012611 31.172897 30.532726 0.000000 0.000000
0.000000 0.000000 152.838430 154.314000 147.415356 144.638451 146.466374 141.325916 140.696143 141.091876 139.700216 138.356623 139.933159 138.007492 140.725754 145.494848 144.974631 148.310135 151.064596 0.000000 0.000000
0.000000 0.000000 1580.894723 1585.596714 1591.783417 1574.073925 1559.286383 1548.594182 1551.275803 1548.529642 1552.158147 1556.395178 1552.910792 1550.647554 1560.814160 1559.751699 1566.995004 1573.792513 1574.831806 0.000000 0.000000
0.000000 0.000000 2975.490113 2969.513562 2966.868744 2962.616844 2955.448497 2948.602439 2946.740103 2946.851114 2946.132119 2943.857116 2941.260214 2943.384881 2942.293519 2957.075746 2961.814926 2964.895131 2967.289669 0.000000 0.000000
0.000000 0.000000 3952.937853 3950.502749 3947.683234 3943.453922 3930.932787 3915.166386 3915.328131 3912.067713 3913.718777 3916.594113 3918.398584 3919.405771 3938.215107 3947.125774 3951.797128 3953.247599 3958.205258 0.000000 0.000000
0.000000 0.000000 4547.155632 4548.647198 4548.096609 4542.158670 4541.907014 4535.362897 4535.905240 4536.442454 4535.190204 4532.948942 4532.566710 4535.845139 4535.239991 4537.169025 4545.059585 4543.262539 4545.854459 0.000000 0.000000
0.000000 0.000000 5344.402849 5341.978283 5338.341679 5339.602861 5333.520319 5323.655702 5324.032624 5321.659239 5319.198401 5320.568299 5321.528405 5316.330118 5328.536449 5335.835411 5337.650336 5338.191978 5339.330030 0.000000 0.000000
0.000000 0.000000 6271.084349 6268.880545 6271.428155 6271.173274 6257.263191 6250.635549 6252.159376 6251.334490 6249.449092 6252.540172 6255.356998 6253.544739 6256.085604 6265.350834 6268.934878 6268.867057 6269.322935 0.000000 0.000000
0.000000 0.000000 7269.950380 7270.275432 7270.833398 7257.475777 7255.223926 7245.344049 7248.680135 7240.144694 7242.383672 7241.712897 7237.043333 7243.938646 7247.293720 7248.118522 7254.179141 7259.866645 7266.439163 0.000000 0.000000
0.000000 0.000000 8308.515804 8304.370454 8300.307947 8298.807707 8295.769447 8281.589317 8280.926073 8280.015452 8286.562053 8279.993666 8281.588228 8280.907607 8295.359755 8297.444359 8298.738584 8298.835696 8317.434894 0.000000 0.000000
0.000000 0.000000 9353.848813 9352.186087 9353.535784 9346.890073 9343.365640 9319.572896 9318.428709 9318.291235 9304.593087 9313.213763 9317.048689 9318.701885 9331.935786 9335.225400 9348.180570 9347.479849 9353.634824 0.000000 0.000000
0.000000 0.000000 10493.609267 10495.131300 10489.159612 10488.560392 10464.868749 10472.427273 10462.496502 10464.039623 10465.063418 10464.991683 10463.334688 10459.959171 10450.248857 10475.592505 10480.632118 10490.328678 10496.867459 0.000000 0.000000
0.000000 0.000000 11715.321381 11711.149481 11708.684616 11689.032271 11688.763562 11674.669804 11662.542855 11661.348816 11656.902225 11651.322325 11653.939648 11652.031714 11665.039994 11668.317328 11704.357078 11696.136797 11695.948787 0.000000 0.000000
0.000000 0.000000 12962.259339 12961.627911 12932.412694 12930.766421 12935.423541 12928.279929 12943.340146 12936.429711 12941.377404 12937.309062 12932.936841 12940.024306 12943.017866 12942.554908 12925.527926 12968.514388 12961.489019 0.000000 0.000000
0.000000 0.000000 14365.449820 14330.887888 14328.566481 14321.093400 14299.797627 14294.210388 14287.445658 14290.469101 14278.656539 14279.001041 14282.601456 14283.127314 14292.434797 14300.230787 14326.505030 14323.156641 14362.624164 0.000000 0.000000
0.000000 0.000000 15379.009061 15386.436703 15423.341889 15417.685716 15404.762853 15374.387230 15375.212927 15363.043973 15372.480485 15371.156835 15376.521240 15371.236567 15397.178610 15407.582377 15428.689558 15390.391222 15382.524572 0.000000 0.000000
0.000000 0.000000 0.000000 0.000000 0.000000 0.000000 0.000000 0.000000 0.000000 0.000000 0.000000 0.000000 0.000000 0.000000 0.000000 0.000000 0.000000 0.000000 0.000000 0.000000 0.000000
0.000000 0.000000 0.000000 0.000000 0.000000 0.000000 0.000000 0.000000 0.000000 0.000000 0.000000 0.000000 0.000000 0.000000 0.000000 0.000000 0.000000 0.000000 0.000000 0.000000 0.000000