geotop/1.0zi/1.0Montebello/Templates/testdem/maps/_Erotot3900.asc
ncols         21
nrows         20
xllcorner     100.000000
yllcorner     100.000000
cellsize      50.000000
NODATA_value  -9999.0
0.000000 0.000000 0.000000 0.000000 0.000000 0.000000 0.000000 0.000000 0.000000 0.000000 0.000000 0.000000 0.000000 0.000000 0.000000 0.000000 0.000000 0.000000 0.000000 0.000000 0.000000
0.000000 0.000000 291.938920 291.504568 291.321064 291.177997 291.211719 291.274630 291.308978 291.307715 291.293190 291.299052 291.298631 291.341265 291.205960 291.219800 291.390814 291.292888 291.381105 0.000000 0.000000
0.000000 0.000000 23.434706 23.988032 24.266392 25.006848 24.652610 24.659085 24.243532 24.169324 24.233117 24.591814 24.341093 24.166051 24.598682 24.365741 23.524119 22.972006 22.844901 0.000000 0.000000
0.000000 0.000000 137.246774 138.307402 131.541843 129.039747 130.081227 124.992196 124.162415 123.782321 122.974802 122.550301 123.687970 122.225830 124.699116 129.754762 130.593104 132.763581 135.653105 0.000000 0.000000
0.000000 0.000000 1255.696777 1261.824341 1267.867396 1259.648926 1250.277848 1244.317296 1247.618558 1241.577215 1246.991755 1249.080337 1249.340935 1250.213374 1258.700938 1256.141055 1255.594097 1256.799224 1255.815169 0.000000 0.000000
0.000000 0.000000 2340.294926 2335.289518 2329.765121 2327.439864 2320.875644 2315.933787 2313.440140 2315.331319 2313.848948 2312.701359 2310.738021 2312.971931 2313.703313 2325.756991 2331.131297 2330.499039 2333.575931 0.000000 0.000000
0.000000 0.000000 2855.339191 2850.657887 2845.793509 2837.191083 2825.741724 2812.016517 2813.229917 2810.083226 2813.120363 2812.377699 2815.369559 2820.188807 2835.603563 2841.935824 2848.584197 2852.125090 2855.203543 0.000000 0.000000
0.000000 0.000000 3277.303191 3278.138101 3277.800708 3272.405146 3270.343575 3266.478784 3267.006663 3267.455281 3265.140924 3265.312214 3265.123363 3265.057276 3269.151586 3273.231671 3274.057851 3273.058503 3273.838042 0.000000 0.000000
0.000000 0.000000 3837.669811 3837.522983 3833.735209 3831.578825 3825.803838 3816.258472 3816.318270 3814.373443 3815.216039 3815.830256 3815.857520 3818.196419 3824.793727 3832.277391 3831.605435 3832.319103 3835.643870 0.000000 0.000000
0.000000 0.000000 4470.487993 4469.416969 4468.318348 4463.684108 4453.969768 4448.906211 4450.180878 4449.310679 4449.408473 4449.402627 4449.830264 4450.040507 4458.421509 4464.522638 4466.146410 4466.424938 4467.434830 0.000000 0.000000
0.000000 0.000000 5135.952402 5134.754002 5132.045648 5128.928450 5125.394655 5115.043589 5115.167228 5112.636252 5113.043081 5113.777483 5114.053180 5115.566027 5121.443077 5123.850912 5127.500773 5128.900633 5131.527347 0.000000 0.000000
0.000000 0.000000 5825.330777 5824.526693 5821.522634 5814.005831 5807.764430 5799.753048 5798.641892 5798.096851 5798.332818 5797.551664 5798.594640 5800.452254 5810.530710 5816.086088 5818.579100 5819.009038 5835.081836 0.000000 0.000000
0.000000 0.000000 6512.101892 6510.738078 6507.501293 6503.669098 6495.353209 6478.392297 6478.419281 6476.724036 6476.754615 6477.263412 6477.206309 6479.595721 6494.427469 6502.038491 6504.190273 6505.078081 6507.007470 0.000000 0.000000
0.000000 0.000000 7242.965554 7240.770342 7237.337403 7232.654313 7215.313056 7221.742446 7216.420099 7215.321850 7215.894833 7216.002643 7216.339892 7217.945599 7214.132079 7229.550969 7232.400489 7236.687973 7236.270409 0.000000 0.000000
0.000000 0.000000 8018.198880 8013.650773 8008.605857 7998.389884 7993.945287 7978.746614 7971.261504 7969.658936 7965.890760 7965.278353 7967.568540 7967.191045 7978.525032 7986.292517 8003.054609 7998.567567 7999.469242 0.000000 0.000000
0.000000 0.000000 8783.082679 8783.235126 8765.611878 8766.874914 8764.923486 8763.252466 8765.142083 8764.934602 8767.492733 8767.424673 8766.193825 8772.417060 8771.844311 8770.962822 8760.741544 8778.744922 8782.415081 0.000000 0.000000
0.000000 0.000000 9647.845714 9630.589104 9622.120484 9614.219309 9599.794340 9593.708818 9591.979242 9591.268901 9588.230928 9588.450379 9589.863991 9589.879446 9595.250453 9609.626057 9620.430642 9620.564021 9638.633343 0.000000 0.000000
0.000000 0.000000 10298.529889 10300.501370 10315.935781 10306.211535 10298.937986 10281.057059 10279.534985 10277.006805 10278.270207 10278.028339 10278.330976 10281.077702 10298.661961 10306.617980 10315.956936 10294.869073 10297.418440 0.000000 0.000000
0.000000 0.000000 0.000000 0.000000 0.000000 0.000000 0.000000 0.000000 0.000000 0.000000 0.000000 0.000000 0.000000 0.000000 0.000000 0.000000 0.000000 0.000000 0.000000 0.000000 0.000000
0.000000 0.000000 0.000000 0.000000 0.000000 0.000000 0.000000 0.000000 0.000000 0.000000 0.000000 0.000000 0.000000 0.000000 0.000000 0.000000 0.000000 0.000000 0.000000 0.000000 0.000000