geotop/1.0zi/1.0Montebello/Templates/testdem/maps/_Erotot3206.asc
ncols         21
nrows         20
xllcorner     100.000000
yllcorner     100.000000
cellsize      50.000000
NODATA_value  -9999.0
0.000000 0.000000 0.000000 0.000000 0.000000 0.000000 0.000000 0.000000 0.000000 0.000000 0.000000 0.000000 0.000000 0.000000 0.000000 0.000000 0.000000 0.000000 0.000000 0.000000 0.000000
0.000000 0.000000 351.253013 351.255867 351.259422 351.378201 351.247493 351.251820 351.225660 351.266258 351.281424 351.266258 351.225660 351.251820 351.247493 351.378201 351.259422 351.255867 351.253013 0.000000 0.000000
0.000000 0.000000 11.495414 11.256756 9.499684 11.181385 11.493859 11.424407 11.539147 11.438175 11.805412 11.438175 11.539147 11.424407 11.493859 11.181385 9.499684 11.256756 11.495414 0.000000 0.000000
0.000000 0.000000 2588.777294 2588.407541 2588.564900 2586.730357 2588.576811 2588.108318 2588.074199 2588.878441 2589.020425 2588.878441 2588.074199 2588.108318 2588.576811 2586.730357 2588.564900 2588.407541 2588.777294 0.000000 0.000000
0.000000 0.000000 4832.314860 4832.136571 4831.466258 4832.043437 4832.566070 4832.437351 4832.413591 4832.519896 4832.540589 4832.519896 4832.413591 4832.437351 4832.566070 4832.043437 4831.466258 4832.136571 4832.314860 0.000000 0.000000
0.000000 0.000000 6270.812288 6270.588074 6269.976095 6270.110637 6270.878204 6270.603965 6270.637380 6270.923737 6271.147047 6270.923737 6270.637380 6270.603965 6270.878204 6270.110637 6269.976095 6270.588074 6270.812288 0.000000 0.000000
0.000000 0.000000 8076.142722 8075.953101 8075.394591 8075.513539 8076.168483 8075.932620 8075.968096 8076.216496 8076.438770 8076.216496 8075.968096 8075.932620 8076.168483 8075.513539 8075.394591 8075.953101 8076.142722 0.000000 0.000000
0.000000 0.000000 9746.112424 9745.951942 9745.438744 9745.561163 9746.116839 9745.915193 9745.949223 9746.168225 9746.369202 9746.168225 9745.949223 9745.915193 9746.116839 9745.561163 9745.438744 9745.951942 9746.112424 0.000000 0.000000
0.000000 0.000000 11285.508448 11285.362929 11284.879857 11285.001054 11285.508872 11285.325183 11285.354974 11285.557561 11285.747305 11285.557561 11285.354974 11285.325183 11285.508872 11285.001054 11284.879857 11285.362929 11285.508448 0.000000 0.000000
0.000000 0.000000 12717.978424 12717.863193 12717.398510 12717.556845 12717.976239 12717.813288 12717.845139 12718.026423 12718.199689 12718.026423 12717.845139 12717.813288 12717.976239 12717.556845 12717.398510 12717.863193 12717.978424 0.000000 0.000000
0.000000 0.000000 14052.277889 14052.157932 14051.719209 14051.853003 14052.279349 14052.118386 14052.145793 14052.324867 14052.488365 14052.324867 14052.145793 14052.118386 14052.279349 14051.853003 14051.719209 14052.157932 14052.277889 0.000000 0.000000
0.000000 0.000000 15313.069993 15312.955146 15312.544483 15312.673713 15313.086629 15312.933358 15312.955984 15313.133678 15313.286901 15313.133678 15312.955984 15312.933358 15313.086629 15312.673713 15312.544483 15312.955146 15313.069993 0.000000 0.000000
0.000000 0.000000 16507.754338 16507.646995 16507.247889 16507.378297 16507.769857 16507.621643 16507.643213 16507.816021 16507.960146 16507.816021 16507.643213 16507.621643 16507.769857 16507.378297 16507.247889 16507.646995 16507.754338 0.000000 0.000000
0.000000 0.000000 17650.527391 17650.429241 17650.044176 17650.191097 17650.544889 17650.403857 17650.426069 17650.590877 17650.727782 17650.590877 17650.426069 17650.403857 17650.544889 17650.191097 17650.044176 17650.429241 17650.527391 0.000000 0.000000
0.000000 0.000000 18742.655498 18742.557153 18742.182761 18742.317762 18742.676601 18742.537425 18742.557078 18742.720468 18742.850774 18742.720468 18742.557078 18742.537425 18742.676601 18742.317762 18742.182761 18742.557153 18742.655498 0.000000 0.000000
0.000000 0.000000 19788.298634 19788.202691 19787.840631 19787.967916 19788.312616 19788.178891 19788.198590 19788.354885 19788.481061 19788.354885 19788.198590 19788.178891 19788.312616 19787.967916 19787.840631 19788.202690 19788.298630 0.000000 0.000000
0.000000 0.000000 20793.458146 20793.365040 20793.009470 20793.140431 20793.472061 20793.341324 20793.360841 20793.512908 20793.631897 20793.512908 20793.360841 20793.341324 20793.472061 20793.140431 20793.009470 20793.365020 20793.458104 0.000000 0.000000
0.000000 0.000000 21812.838040 21813.287909 21812.941252 21813.067867 21813.390852 21813.264821 21813.282731 21813.430137 21813.545471 21813.430137 21813.282731 21813.264821 21813.390852 21813.067867 21812.941234 21813.284571 21813.374055 0.000000 0.000000
0.000000 0.000000 0.000000 0.000000 0.000000 0.000000 0.000000 0.000000 0.000000 0.000000 0.000000 0.000000 0.000000 0.000000 0.000000 0.000000 0.000000 0.000000 0.000000 0.000000 0.000000
0.000000 0.000000 0.000000 0.000000 0.000000 0.000000 0.000000 0.000000 0.000000 0.000000 0.000000 0.000000 0.000000 0.000000 0.000000 0.000000 0.000000 0.000000 0.000000 0.000000 0.000000