geotop/1.0zi/1.0Montebello/Templates/testdem/maps/_Erotot5630.asc
ncols         21
nrows         20
xllcorner     100.000000
yllcorner     100.000000
cellsize      50.000000
NODATA_value  -9999.0
0.000000 0.000000 0.000000 0.000000 0.000000 0.000000 0.000000 0.000000 0.000000 0.000000 0.000000 0.000000 0.000000 0.000000 0.000000 0.000000 0.000000 0.000000 0.000000 0.000000 0.000000
0.000000 0.000000 423.968899 423.168203 422.986228 422.774081 422.732685 422.832396 422.782615 422.956185 422.864773 422.663724 422.603386 422.678396 422.788226 422.695858 422.892791 423.092750 423.510281 0.000000 0.000000
0.000000 0.000000 31.698584 32.358544 32.644791 33.809396 33.553863 33.313460 33.135733 32.913076 33.122210 33.473788 33.289371 33.049213 33.506544 33.274973 32.449176 31.615560 31.023112 0.000000 0.000000
0.000000 0.000000 183.507033 184.753111 177.120192 174.500693 176.019288 170.876526 170.397410 169.933340 169.252113 166.834158 169.560145 168.053036 171.161988 176.362871 176.312763 179.520269 182.952692 0.000000 0.000000
0.000000 0.000000 1759.435589 1764.249913 1770.434132 1752.333835 1737.302469 1726.484363 1729.239532 1726.615325 1730.079604 1734.618326 1730.785700 1728.398567 1738.690290 1737.989215 1745.201937 1752.239650 1753.267015 0.000000 0.000000
0.000000 0.000000 3134.644613 3128.641921 3125.898704 3121.617424 3114.061748 3106.948274 3105.286560 3105.234164 3104.499879 3102.189470 3099.702299 3101.947041 3101.023437 3116.074524 3120.915248 3124.190689 3126.805890 0.000000 0.000000
0.000000 0.000000 4140.445853 4137.941635 4134.948998 4130.563718 4117.764839 4101.766833 4101.899546 4098.512820 4100.243586 4103.013158 4104.905597 4105.918894 4125.241573 4134.407463 4139.158834 4140.812613 4145.990645 0.000000 0.000000
0.000000 0.000000 4775.412485 4776.824415 4776.079545 4769.902441 4769.496940 4762.632274 4763.244855 4763.658089 4762.483586 4760.119708 4759.778312 4763.223511 4762.890560 4765.053165 4773.244272 4771.491441 4774.510539 0.000000 0.000000
0.000000 0.000000 5616.546948 5613.943309 5610.093562 5611.241085 5604.848016 5594.658131 5595.196811 5592.628428 5590.257170 5591.493567 5592.621986 5587.349511 5599.983898 5607.530228 5609.531806 5610.336933 5611.757846 0.000000 0.000000
0.000000 0.000000 6590.822963 6588.519761 6590.875267 6590.424684 6575.970699 6569.207217 6570.697792 6569.847109 6567.893788 6571.027319 6573.891183 6572.169925 6574.908562 6584.698505 6588.403020 6588.578092 6589.267078 0.000000 0.000000
0.000000 0.000000 7640.941472 7641.193019 7641.540029 7627.672953 7625.290114 7614.930130 7618.527953 7609.616448 7612.090020 7611.219699 7606.503985 7613.581330 7617.428722 7618.340453 7624.806684 7630.577897 7637.748313 0.000000 0.000000
0.000000 0.000000 8735.731996 8731.303607 8726.739922 8725.227538 8721.574689 8707.231827 8706.399215 8705.534842 8712.184448 8705.302133 8707.208711 8706.608423 8721.311283 8724.025613 8725.347680 8725.836151 8744.865319 0.000000 0.000000
0.000000 0.000000 9841.520859 9839.684818 9840.881243 9833.754557 9829.968121 9804.833390 9803.732737 9803.459511 9789.512285 9798.316332 9802.102433 9803.871808 9818.527424 9821.893192 9835.437923 9834.789415 9841.604621 0.000000 0.000000
0.000000 0.000000 11051.419743 11052.861572 11046.429297 11045.573659 11020.089196 11028.006968 11017.942595 11019.377895 11020.569768 11020.269367 11018.741467 11015.305687 11005.318050 11032.605690 11037.824715 11048.086672 11054.941778 0.000000 0.000000
0.000000 0.000000 12352.641929 12347.772032 12345.245573 12323.653039 12323.076523 12308.495544 12296.110237 12294.703604 12290.067337 12284.148533 12287.065399 12285.171158 12298.875650 12302.369243 12340.529765 12332.134848 12332.306439 0.000000 0.000000
0.000000 0.000000 13683.893758 13683.356367 13651.005138 13649.953153 13654.946796 13647.555950 13663.722558 13656.428991 13661.984195 13657.682433 13652.774324 13660.516693 13663.774073 13663.037065 13644.433965 13691.247864 13684.435103 0.000000 0.000000
0.000000 0.000000 15189.805729 15151.174797 15149.031272 15140.661237 15117.474171 15111.448393 15104.081128 15107.136363 15094.444206 15094.743532 15099.119780 15099.219381 15109.451735 15118.603921 15147.122582 15142.476890 15186.455706 0.000000 0.000000
0.000000 0.000000 16258.217948 16268.089522 16309.220887 16303.011889 16289.268674 16255.754701 16256.840378 16243.781022 16254.411339 16252.664034 16258.305006 16253.249240 16282.092918 16293.228738 16315.454284 16273.292035 16263.117506 0.000000 0.000000
0.000000 0.000000 0.000000 0.000000 0.000000 0.000000 0.000000 0.000000 0.000000 0.000000 0.000000 0.000000 0.000000 0.000000 0.000000 0.000000 0.000000 0.000000 0.000000 0.000000 0.000000
0.000000 0.000000 0.000000 0.000000 0.000000 0.000000 0.000000 0.000000 0.000000 0.000000 0.000000 0.000000 0.000000 0.000000 0.000000 0.000000 0.000000 0.000000 0.000000 0.000000 0.000000