geotop/1.0zi/1.0Montebello/Templates/testdem/maps/_Erotot6776.asc
ncols         21
nrows         20
xllcorner     100.000000
yllcorner     100.000000
cellsize      50.000000
NODATA_value  -9999.0
0.000000 0.000000 0.000000 0.000000 0.000000 0.000000 0.000000 0.000000 0.000000 0.000000 0.000000 0.000000 0.000000 0.000000 0.000000 0.000000 0.000000 0.000000 0.000000 0.000000 0.000000
0.000000 0.000000 540.342969 541.144345 540.806850 541.056679 540.453903 540.453972 540.413469 540.576751 540.984442 540.325332 540.216070 540.309086 540.573612 540.526506 541.250231 541.506266 541.559051 0.000000 0.000000
0.000000 0.000000 42.075087 40.935155 41.022726 41.167316 41.409884 41.240945 41.055428 40.840792 41.083513 41.353744 41.247104 41.472087 41.272706 41.064806 39.787748 39.002268 39.682437 0.000000 0.000000
0.000000 0.000000 225.884837 228.043952 217.035350 214.332288 214.185000 208.797637 208.142511 207.955089 207.066277 206.232366 208.341437 207.029073 213.536100 219.499361 220.403745 221.500145 226.741364 0.000000 0.000000
0.000000 0.000000 2251.392909 2254.446147 2258.190485 2238.595774 2223.933057 2210.948577 2214.146815 2210.025691 2215.395391 2220.800153 2216.134913 2214.601713 2226.510684 2229.012356 2237.280390 2244.760190 2246.504671 0.000000 0.000000
0.000000 0.000000 3967.191810 3961.665468 3958.598179 3951.597377 3939.115355 3931.610411 3930.105707 3930.106527 3926.669719 3921.173605 3920.044427 3923.162918 3922.765676 3940.243497 3948.655147 3955.125023 3957.020524 0.000000 0.000000
0.000000 0.000000 5128.066138 5125.257174 5121.414016 5116.226001 5103.090177 5085.237666 5084.824793 5080.912565 5082.707231 5086.625937 5088.178160 5088.680243 5111.885575 5121.392332 5125.495780 5127.273681 5132.737480 0.000000 0.000000
0.000000 0.000000 5927.861556 5928.856889 5926.541161 5918.483720 5917.517975 5909.591571 5910.131634 5910.330690 5909.304938 5906.235788 5905.536207 5910.687228 5911.201454 5914.634450 5925.080469 5923.033676 5927.684449 0.000000 0.000000
0.000000 0.000000 7027.551551 7024.044950 7018.572710 7019.211487 7010.594769 6998.394609 6999.288470 6995.676545 6993.473533 6993.968353 6995.918190 6990.346904 7005.827258 7018.042193 7018.501760 7020.738209 7022.350199 0.000000 0.000000
0.000000 0.000000 8294.843756 8292.108759 8293.190359 8290.741850 8273.747234 8266.046897 8266.546107 8265.951501 8263.428165 8266.693054 8269.807961 8268.542055 8273.114185 8284.955126 8290.933957 8291.696268 8292.945395 0.000000 0.000000
0.000000 0.000000 9668.093291 9667.529440 9665.957441 9649.359376 9646.245666 9633.244118 9637.904663 9626.902503 9630.132275 9629.319582 9623.339680 9631.733051 9637.977527 9639.998345 9649.805016 9655.413500 9664.934111 0.000000 0.000000
0.000000 0.000000 11121.229436 11115.247272 11109.287189 11106.567243 11099.794030 11083.630976 11081.640289 11081.383650 11088.248541 11079.633134 11082.420710 11082.345046 11100.171650 11105.915258 11107.684295 11109.958635 11130.913555 0.000000 0.000000
0.000000 0.000000 12609.058265 12605.836595 12606.025263 12596.406545 12591.407005 12557.430501 12555.923865 12555.369886 12538.591752 12548.356456 12552.708305 12555.779202 12578.216223 12583.733467 12601.182684 12600.209570 12608.205604 0.000000 0.000000
0.000000 0.000000 14263.984058 14266.097331 14256.468389 14253.283796 14216.458368 14227.156734 14215.317922 14216.498299 14219.644294 14217.868008 14216.243931 14212.579344 14198.749614 14240.396058 14245.904452 14260.110223 14268.502940 0.000000 0.000000
0.000000 0.000000 16075.732187 16069.456801 16064.026853 16027.599694 16029.559438 16011.172924 15995.560783 15993.982285 15986.673249 15979.300769 15982.843332 15981.132311 16002.571487 16003.524500 16060.260206 16048.700917 16048.299634 0.000000 0.000000
0.000000 0.000000 17961.068541 17959.466043 17906.328222 17910.926844 17915.965273 17906.590641 17930.957688 17920.260689 17930.306218 17923.812920 17916.814135 17930.197796 17933.136405 17933.263859 17900.248134 17974.382610 17967.981655 0.000000 0.000000
0.000000 0.000000 20156.257357 20086.229177 20089.321208 20071.410688 20032.787745 20024.595964 20009.734315 20014.821418 19993.658174 19995.009895 20003.951743 19999.784484 20017.001428 20038.277782 20087.934396 20068.588781 20144.920853 0.000000 0.000000
0.000000 0.000000 21495.436843 21533.102202 21605.192082 21597.036137 21584.379866 21525.112114 21528.054499 21508.578864 21529.832899 21525.783122 21530.547480 21529.061804 21580.607642 21592.325590 21617.826936 21547.677602 21511.593745 0.000000 0.000000
0.000000 0.000000 0.000000 0.000000 0.000000 0.000000 0.000000 0.000000 0.000000 0.000000 0.000000 0.000000 0.000000 0.000000 0.000000 0.000000 0.000000 0.000000 0.000000 0.000000 0.000000
0.000000 0.000000 0.000000 0.000000 0.000000 0.000000 0.000000 0.000000 0.000000 0.000000 0.000000 0.000000 0.000000 0.000000 0.000000 0.000000 0.000000 0.000000 0.000000 0.000000 0.000000