geotop/1.0zi/1.0Montebello/Templates/testdem/maps/_Erotot5273.asc
ncols         21
nrows         20
xllcorner     100.000000
yllcorner     100.000000
cellsize      50.000000
NODATA_value  -9999.0
0.000000 0.000000 0.000000 0.000000 0.000000 0.000000 0.000000 0.000000 0.000000 0.000000 0.000000 0.000000 0.000000 0.000000 0.000000 0.000000 0.000000 0.000000 0.000000 0.000000 0.000000
0.000000 0.000000 393.751094 392.959021 392.805882 392.604075 392.576989 392.654789 392.611035 392.781665 392.698235 392.479612 392.455931 392.500374 392.613632 392.500401 392.702996 392.885711 393.284621 0.000000 0.000000
0.000000 0.000000 30.725586 31.447594 31.668973 32.850402 32.590565 32.449059 32.262738 32.045838 32.175634 32.552178 32.318636 32.184754 32.577385 32.366728 31.526697 30.650024 30.013183 0.000000 0.000000
0.000000 0.000000 152.987448 154.455965 147.490331 144.725168 146.518160 141.296908 140.706468 141.094013 139.747912 138.405960 139.946519 138.008984 140.736457 145.518195 145.030928 148.442929 151.194608 0.000000 0.000000
0.000000 0.000000 1571.028463 1576.371466 1582.854297 1565.558025 1551.018046 1540.441400 1543.160241 1540.423082 1544.001583 1548.242720 1545.098670 1542.871829 1553.042787 1551.579341 1558.698644 1565.390807 1566.224326 0.000000 0.000000
0.000000 0.000000 2908.507203 2902.447496 2899.832267 2895.740295 2889.712137 2885.477873 2883.047131 2883.458494 2883.029976 2880.686556 2878.766013 2881.379770 2879.972378 2894.361129 2899.528107 2902.757903 2905.311067 0.000000 0.000000
0.000000 0.000000 3784.314678 3781.669578 3778.654681 3774.064558 3761.830832 3745.682452 3746.286540 3742.707867 3744.452847 3747.469765 3749.191250 3750.206233 3768.511715 3777.300106 3781.879274 3783.245010 3788.202048 0.000000 0.000000
0.000000 0.000000 4375.825012 4377.382686 4376.884279 4371.104104 4370.911181 4364.627642 4365.128016 4365.673238 4364.447335 4362.209115 4361.915658 4365.224781 4364.467246 4366.300430 4374.187087 4372.388121 4374.955129 0.000000 0.000000
0.000000 0.000000 5138.756301 5136.372680 5132.731651 5133.996447 5128.211349 5118.845748 5119.185655 5116.826270 5114.442976 5115.818152 5116.957913 5111.880548 5123.848232 5130.919848 5132.789524 5133.323928 5134.510986 0.000000 0.000000
0.000000 0.000000 6025.751137 6023.536765 6026.027916 6025.788166 6012.269650 6006.186757 6007.707346 6006.881341 6005.086008 6008.157101 6011.093821 6009.414111 6011.708738 6020.776379 6024.394293 6024.347080 6024.811094 0.000000 0.000000
0.000000 0.000000 6979.971277 6980.266528 6980.763196 6967.517039 6965.581037 6956.320902 6959.607074 6951.131361 6953.436537 6952.793727 6948.325710 6955.277355 6958.396556 6959.054576 6965.140078 6970.793625 6977.333285 0.000000 0.000000
0.000000 0.000000 7970.385578 7966.243347 7962.184447 7960.678380 7957.999033 7944.508670 7943.880301 7942.946843 7949.517521 7943.038849 7944.763899 7944.243213 7958.282631 7960.172326 7961.534153 7961.652918 7980.100580 0.000000 0.000000
0.000000 0.000000 8964.893633 8963.200425 8964.452304 8957.851900 8954.724311 8932.344376 8931.216106 8931.069059 8917.684870 8926.169714 8930.139104 8931.909794 8944.238796 8947.307582 8960.161613 8959.483859 8965.677335 0.000000 0.000000
0.000000 0.000000 10047.420988 10048.874109 10042.896631 10042.263343 10020.058104 10027.897221 10018.159877 10019.655346 10020.722726 10020.698451 10019.271459 10016.127456 10006.451675 10030.476052 10035.554755 10045.072356 10051.590316 0.000000 0.000000
0.000000 0.000000 11205.204877 11200.976912 11198.570148 11180.283167 11180.130456 11167.054070 11155.173842 11154.021339 11149.814538 11144.381356 11147.098289 11145.428575 11157.843184 11161.033363 11195.440023 11187.526011 11187.459900 0.000000 0.000000
0.000000 0.000000 12383.336783 12382.704341 12355.254528 12353.194662 12358.121839 12351.616319 12366.054143 12359.265644 12364.053324 12360.099557 12356.206733 12363.088382 12365.909471 12365.461318 12349.685055 12390.089973 12383.263773 0.000000 0.000000
0.000000 0.000000 13705.012618 13673.321138 13670.774984 13663.689878 13643.889853 13639.246784 13632.861119 13635.759920 13624.671351 13624.946426 13628.443322 13629.485287 13638.060181 13644.947103 13669.989178 13667.363200 13703.929992 0.000000 0.000000
0.000000 0.000000 14672.006143 14677.812260 14711.592946 14706.048694 14697.897259 14670.433978 14671.227890 14659.545416 14668.415361 14667.151287 14672.717748 14667.555170 14691.270536 14697.271619 14717.726434 14682.396024 14675.972747 0.000000 0.000000
0.000000 0.000000 0.000000 0.000000 0.000000 0.000000 0.000000 0.000000 0.000000 0.000000 0.000000 0.000000 0.000000 0.000000 0.000000 0.000000 0.000000 0.000000 0.000000 0.000000 0.000000
0.000000 0.000000 0.000000 0.000000 0.000000 0.000000 0.000000 0.000000 0.000000 0.000000 0.000000 0.000000 0.000000 0.000000 0.000000 0.000000 0.000000 0.000000 0.000000 0.000000 0.000000