geotop/1.0zi/1.0Montebello/Templates/testdem/maps/_Erotot0095.asc
ncols         21
nrows         20
xllcorner     100.000000
yllcorner     100.000000
cellsize      50.000000
NODATA_value  -9999.0
0.000000 0.000000 0.000000 0.000000 0.000000 0.000000 0.000000 0.000000 0.000000 0.000000 0.000000 0.000000 0.000000 0.000000 0.000000 0.000000 0.000000 0.000000 0.000000 0.000000 0.000000
0.000000 0.000000 1.236685 1.236684 1.236685 1.236685 1.236685 1.236685 1.236685 1.236685 1.236685 1.236685 1.236685 1.236685 1.236685 1.236685 1.236685 1.236684 1.236685 0.000000 0.000000
0.000000 0.000000 2.885585 2.885461 2.885520 2.885532 2.885534 2.885534 2.885534 2.885534 2.885534 2.885534 2.885534 2.885534 2.885534 2.885532 2.885520 2.885461 2.885585 0.000000 0.000000
0.000000 0.000000 59.360783 59.360330 59.360495 59.360578 59.360598 59.360602 59.360602 59.360602 59.360603 59.360602 59.360602 59.360602 59.360598 59.360578 59.360495 59.360330 59.360783 0.000000 0.000000
0.000000 0.000000 70.099379 70.099197 70.099251 70.099285 70.099294 70.099295 70.099296 70.099296 70.099296 70.099296 70.099296 70.099295 70.099294 70.099285 70.099251 70.099197 70.099379 0.000000 0.000000
0.000000 0.000000 100.714522 100.714226 100.714351 100.714402 100.714414 100.714417 100.714417 100.714417 100.714417 100.714417 100.714417 100.714417 100.714414 100.714402 100.714351 100.714226 100.714522 0.000000 0.000000
0.000000 0.000000 134.058958 134.058673 134.058783 134.058832 134.058843 134.058845 134.058846 134.058846 134.058846 134.058846 134.058846 134.058845 134.058843 134.058832 134.058783 134.058673 134.058958 0.000000 0.000000
0.000000 0.000000 166.749927 166.749651 166.749751 166.749798 166.749809 166.749811 166.749811 166.749811 166.749811 166.749811 166.749811 166.749811 166.749809 166.749798 166.749751 166.749651 166.749927 0.000000 0.000000
0.000000 0.000000 198.754754 198.754482 198.754575 198.754619 198.754629 198.754631 198.754632 198.754632 198.754632 198.754632 198.754632 198.754631 198.754629 198.754619 198.754575 198.754482 198.754754 0.000000 0.000000
0.000000 0.000000 230.179911 230.179640 230.179727 230.179769 230.179780 230.179782 230.179782 230.179782 230.179782 230.179782 230.179782 230.179782 230.179780 230.179769 230.179727 230.179640 230.179911 0.000000 0.000000
0.000000 0.000000 261.251164 261.250892 261.250974 261.251016 261.251026 261.251028 261.251028 261.251028 261.251028 261.251028 261.251028 261.251028 261.251026 261.251016 261.250974 261.250892 261.251164 0.000000 0.000000
0.000000 0.000000 292.168303 292.168028 292.168106 292.168147 292.168157 292.168159 292.168160 292.168160 292.168160 292.168160 292.168160 292.168159 292.168157 292.168147 292.168106 292.168028 292.168303 0.000000 0.000000
0.000000 0.000000 322.945740 322.945464 322.945538 322.945579 322.945589 322.945591 322.945591 322.945591 322.945591 322.945591 322.945591 322.945591 322.945589 322.945579 322.945538 322.945464 322.945740 0.000000 0.000000
0.000000 0.000000 353.867555 353.867276 353.867348 353.867387 353.867397 353.867399 353.867399 353.867399 353.867399 353.867399 353.867399 353.867399 353.867397 353.867387 353.867348 353.867276 353.867555 0.000000 0.000000
0.000000 0.000000 384.338140 384.337866 384.337931 384.337968 384.337978 384.337980 384.337980 384.337980 384.337980 384.337980 384.337980 384.337980 384.337978 384.337968 384.337931 384.337866 384.338140 0.000000 0.000000
0.000000 0.000000 414.568758 414.568479 414.568542 414.568580 414.568590 414.568592 414.568592 414.568592 414.568592 414.568592 414.568592 414.568592 414.568590 414.568580 414.568542 414.568479 414.568757 0.000000 0.000000
0.000000 0.000000 445.130867 445.130474 445.130530 445.130567 445.130576 445.130578 445.130578 445.130579 445.130579 445.130579 445.130578 445.130578 445.130576 445.130567 445.130530 445.130470 445.130750 0.000000 0.000000
0.000000 0.000000 475.644634 475.641643 475.641358 475.641385 475.641394 475.641396 475.641396 475.641396 475.641396 475.641396 475.641396 475.641396 475.641394 475.641384 475.641350 475.641326 475.641680 0.000000 0.000000
0.000000 0.000000 0.000000 0.000000 0.000000 0.000000 0.000000 0.000000 0.000000 0.000000 0.000000 0.000000 0.000000 0.000000 0.000000 0.000000 0.000000 0.000000 0.000000 0.000000 0.000000
0.000000 0.000000 0.000000 0.000000 0.000000 0.000000 0.000000 0.000000 0.000000 0.000000 0.000000 0.000000 0.000000 0.000000 0.000000 0.000000 0.000000 0.000000 0.000000 0.000000 0.000000