geotop/1.0zi/1.0Montebello/Templates/testdem/maps/_Erotot0882.asc
ncols         21
nrows         20
xllcorner     100.000000
yllcorner     100.000000
cellsize      50.000000
NODATA_value  -9999.0
0.000000 0.000000 0.000000 0.000000 0.000000 0.000000 0.000000 0.000000 0.000000 0.000000 0.000000 0.000000 0.000000 0.000000 0.000000 0.000000 0.000000 0.000000 0.000000 0.000000 0.000000
0.000000 0.000000 78.745167 78.746404 78.780814 78.754874 78.740107 78.746439 78.747760 78.743436 78.743944 78.743436 78.747760 78.746439 78.740107 78.754874 78.780814 78.746404 78.745167 0.000000 0.000000
0.000000 0.000000 7.330058 7.112395 5.339083 7.198519 7.361508 7.355993 7.368988 7.375429 7.374627 7.375429 7.368988 7.355993 7.361508 7.198519 5.339083 7.112395 7.330058 0.000000 0.000000
0.000000 0.000000 755.997220 755.557672 755.805604 753.498212 755.997324 755.812848 755.650123 755.932815 755.870587 755.932815 755.650123 755.812848 755.997324 753.498212 755.805604 755.557672 755.997220 0.000000 0.000000
0.000000 0.000000 1329.342580 1329.075525 1328.375482 1329.027707 1329.458555 1329.318561 1329.274012 1329.387607 1329.376449 1329.387607 1329.274012 1329.318561 1329.458555 1329.027707 1328.375482 1329.075525 1329.342580 0.000000 0.000000
0.000000 0.000000 1771.935923 1771.660266 1771.003400 1771.064100 1771.986660 1771.882730 1771.825438 1771.939169 1771.921965 1771.939169 1771.825438 1771.882730 1771.986660 1771.064100 1771.003400 1771.660266 1771.935923 0.000000 0.000000
0.000000 0.000000 2311.883845 2311.658963 2311.055498 2311.133655 2311.916500 2311.841986 2311.799262 2311.890161 2311.873151 2311.890161 2311.799262 2311.841986 2311.916500 2311.133655 2311.055498 2311.658963 2311.883845 0.000000 0.000000
0.000000 0.000000 2824.087778 2823.889451 2823.324957 2823.412304 2824.107584 2824.051671 2824.015126 2824.091755 2824.076586 2824.091755 2824.015126 2824.051671 2824.107584 2823.412304 2823.324957 2823.889451 2824.087778 0.000000 0.000000
0.000000 0.000000 3309.103226 3308.918489 3308.379527 3308.466502 3309.117208 3309.069485 3309.036447 3309.105966 3309.091625 3309.105966 3309.036447 3309.069485 3309.117208 3308.466502 3308.379527 3308.918489 3309.103226 0.000000 0.000000
0.000000 0.000000 3774.723077 3774.567653 3774.037615 3774.164879 3774.729274 3774.696655 3774.670875 3774.725004 3774.711049 3774.725004 3774.670875 3774.696655 3774.729274 3774.164879 3774.037615 3774.567653 3774.723077 0.000000 0.000000
0.000000 0.000000 4222.378130 4222.212805 4221.699466 4221.801136 4222.385545 4222.348786 4222.320336 4222.377748 4222.363242 4222.377748 4222.320336 4222.348786 4222.385545 4221.801136 4221.699466 4222.212805 4222.378130 0.000000 0.000000
0.000000 0.000000 4656.643310 4656.475037 4655.973684 4656.066159 4656.646548 4656.611808 4656.584008 4656.641113 4656.627906 4656.641113 4656.584008 4656.611808 4656.646548 4656.066159 4655.973684 4656.475037 4656.643310 0.000000 0.000000
0.000000 0.000000 5081.420985 5081.254541 5080.758884 5080.852982 5081.422404 5081.388633 5081.361384 5081.417042 5081.403814 5081.417042 5081.361384 5081.388633 5081.422404 5080.852982 5080.758884 5081.254541 5081.420985 0.000000 0.000000
0.000000 0.000000 5498.191083 5498.030492 5497.539388 5497.654357 5498.189977 5498.160739 5498.135982 5498.186779 5498.173488 5498.186779 5498.135982 5498.160739 5498.189977 5497.654357 5497.539388 5498.030492 5498.191083 0.000000 0.000000
0.000000 0.000000 5909.049064 5908.884643 5908.394050 5908.497604 5909.046945 5909.017106 5908.991393 5909.044078 5909.030264 5909.044078 5908.991393 5909.017106 5909.046945 5908.497604 5908.394050 5908.884643 5909.049064 0.000000 0.000000
0.000000 0.000000 6314.992135 6314.830152 6314.350128 6314.448331 6314.990153 6314.961634 6314.936372 6314.987691 6314.973354 6314.987691 6314.936372 6314.961634 6314.990153 6314.448331 6314.350128 6314.830152 6314.992132 0.000000 0.000000
0.000000 0.000000 6713.949386 6713.785104 6713.303175 6713.402608 6713.947241 6713.916943 6713.891251 6713.943587 6713.928876 6713.943587 6713.891251 6713.916943 6713.947241 6713.402608 6713.303174 6713.785089 6713.949174 0.000000 0.000000
0.000000 0.000000 7129.433245 7129.484041 7129.004554 7129.093560 7129.646744 7129.615021 7129.588835 7129.642448 7129.627550 7129.642448 7129.588835 7129.615021 7129.646744 7129.093560 7129.004539 7129.481656 7129.648685 0.000000 0.000000
0.000000 0.000000 0.000000 0.000000 0.000000 0.000000 0.000000 0.000000 0.000000 0.000000 0.000000 0.000000 0.000000 0.000000 0.000000 0.000000 0.000000 0.000000 0.000000 0.000000 0.000000
0.000000 0.000000 0.000000 0.000000 0.000000 0.000000 0.000000 0.000000 0.000000 0.000000 0.000000 0.000000 0.000000 0.000000 0.000000 0.000000 0.000000 0.000000 0.000000 0.000000 0.000000