geotop/1.0zi/1.0Montebello/Templates/testdem/maps/_Erotot3930.asc
ncols         21
nrows         20
xllcorner     100.000000
yllcorner     100.000000
cellsize      50.000000
NODATA_value  -9999.0
0.000000 0.000000 0.000000 0.000000 0.000000 0.000000 0.000000 0.000000 0.000000 0.000000 0.000000 0.000000 0.000000 0.000000 0.000000 0.000000 0.000000 0.000000 0.000000 0.000000 0.000000
0.000000 0.000000 299.357752 298.920276 298.733716 298.587517 298.618284 298.678076 298.712496 298.711087 298.696709 298.702475 298.702028 298.744623 298.612148 298.629107 298.803466 298.708638 298.799977 0.000000 0.000000
0.000000 0.000000 23.768538 24.325798 24.593170 25.301577 24.931189 24.943956 24.518201 24.450581 24.503405 24.878417 24.646185 24.478683 24.970820 24.731985 23.847866 23.290052 23.164306 0.000000 0.000000
0.000000 0.000000 137.217178 138.714324 131.636749 128.995498 129.719663 124.480536 123.653400 123.242146 122.483891 122.003830 123.131273 122.056949 125.169394 130.247918 130.918282 133.234887 135.896128 0.000000 0.000000
0.000000 0.000000 1256.129969 1262.087632 1268.338664 1260.089039 1250.715829 1244.753527 1248.046060 1241.981653 1247.388064 1249.477704 1249.784618 1250.623077 1259.061667 1256.577278 1255.824754 1256.976961 1256.130343 0.000000 0.000000
0.000000 0.000000 2341.076532 2335.879177 2330.452200 2328.349319 2322.463351 2317.602088 2315.086329 2317.001822 2315.456735 2314.434273 2312.480805 2313.939274 2314.216989 2326.171511 2331.780858 2331.147846 2334.244132 0.000000 0.000000
0.000000 0.000000 2904.562008 2899.775174 2894.674294 2886.754519 2876.093450 2862.589149 2863.914321 2860.762017 2863.950769 2862.867149 2865.106579 2869.346481 2884.363027 2890.992819 2897.956513 2901.525560 2904.617341 0.000000 0.000000
0.000000 0.000000 3320.619473 3321.451277 3321.134130 3315.688004 3313.444209 3309.577491 3310.109897 3310.554053 3308.238906 3308.397614 3308.202619 3308.339007 3312.484380 3316.540768 3317.353898 3316.360540 3317.139097 0.000000 0.000000
0.000000 0.000000 3885.581939 3885.423312 3881.611785 3879.523640 3873.792539 3864.262538 3864.342471 3862.389077 3863.246780 3863.818842 3863.741456 3866.088977 3872.659434 3880.169981 3879.526968 3880.244684 3883.572934 0.000000 0.000000
0.000000 0.000000 4526.801008 4525.717835 4524.584016 4520.067741 4510.431430 4505.381010 4506.674000 4505.790456 4505.912645 4505.852966 4506.185801 4506.313698 4514.661181 4520.813729 4522.485814 4522.776811 4523.789674 0.000000 0.000000
0.000000 0.000000 5201.929629 5200.718888 5197.970760 5194.986011 5191.593338 5181.243777 5181.382941 5178.843394 5179.267264 5179.948538 5180.089554 5181.497293 5187.335417 5189.795243 5193.502797 5194.918012 5197.550811 0.000000 0.000000
0.000000 0.000000 5901.578528 5900.759114 5897.711321 5890.324589 5884.234289 5876.222779 5875.128224 5874.573874 5874.831227 5873.987108 5874.890539 5876.626617 5886.679588 5892.300196 5894.853283 5895.298394 5911.404505 0.000000 0.000000
0.000000 0.000000 6598.729006 6597.347966 6594.068940 6590.373343 6582.206635 6565.110279 6565.159228 6563.449550 6563.498945 6563.949739 6563.747258 6566.018032 6580.942457 6588.624609 6590.836948 6591.742055 6593.669474 0.000000 0.000000
0.000000 0.000000 7340.522411 7338.301011 7334.826681 7330.283225 7312.939333 7319.459344 7314.139228 7313.028634 7313.625757 7313.666499 7313.849262 7315.321845 7311.398105 7327.051889 7329.969995 7334.289465 7333.866505 0.000000 0.000000
0.000000 0.000000 8127.592823 8123.031459 8117.912028 8107.634941 8103.432356 8088.223071 8080.726882 8079.104799 8075.332514 8074.657923 8076.827197 8076.307388 8087.585968 8095.372945 8112.431793 8107.934481 8108.837412 0.000000 0.000000
0.000000 0.000000 8903.958259 8904.089120 8886.156568 8887.685039 8885.983235 8884.382652 8886.327301 8886.114905 8888.720203 8888.581557 8887.157020 8893.282441 8892.591542 8891.694571 8881.371712 8899.707196 8903.405922 0.000000 0.000000
0.000000 0.000000 9782.468665 9764.811899 9756.289334 9748.540242 9734.290373 9728.243931 9726.534031 9725.804288 9722.755009 9722.903518 9724.156762 9723.975319 9729.274612 9743.775808 9754.700884 9754.789674 9773.222663 0.000000 0.000000
0.000000 0.000000 10443.251899 10445.365788 10461.136144 10451.576390 10444.550698 10426.515353 10425.006649 10422.442804 10423.763888 10423.440537 10423.539682 10426.165111 10443.857153 10451.852551 10461.308244 10439.829466 10442.276342 0.000000 0.000000
0.000000 0.000000 0.000000 0.000000 0.000000 0.000000 0.000000 0.000000 0.000000 0.000000 0.000000 0.000000 0.000000 0.000000 0.000000 0.000000 0.000000 0.000000 0.000000 0.000000 0.000000
0.000000 0.000000 0.000000 0.000000 0.000000 0.000000 0.000000 0.000000 0.000000 0.000000 0.000000 0.000000 0.000000 0.000000 0.000000 0.000000 0.000000 0.000000 0.000000 0.000000 0.000000