geotop/1.0zi/1.0Montebello/Templates/testdem/maps/_Erotot4849.asc
ncols         21
nrows         20
xllcorner     100.000000
yllcorner     100.000000
cellsize      50.000000
NODATA_value  -9999.0
0.000000 0.000000 0.000000 0.000000 0.000000 0.000000 0.000000 0.000000 0.000000 0.000000 0.000000 0.000000 0.000000 0.000000 0.000000 0.000000 0.000000 0.000000 0.000000 0.000000 0.000000
0.000000 0.000000 361.265345 360.340617 360.055907 359.864026 359.833821 359.843123 359.883091 360.043065 359.997582 359.869619 359.951039 360.026421 359.904866 359.953065 360.140269 360.108473 360.678286 0.000000 0.000000
0.000000 0.000000 28.278583 29.226769 29.672364 30.712499 30.228237 30.345463 30.024690 29.820012 29.892062 30.234587 29.896598 29.692300 30.301304 29.921173 29.102930 28.495744 27.825338 0.000000 0.000000
0.000000 0.000000 150.352421 151.721099 144.532196 142.543555 143.739079 139.016511 138.241780 138.340328 136.946548 135.808768 136.924503 135.476029 138.027865 142.875416 142.373866 145.745298 148.452547 0.000000 0.000000
0.000000 0.000000 1455.523715 1459.798188 1465.029810 1447.584442 1436.563752 1428.338338 1430.985976 1425.431872 1429.303934 1433.475260 1433.809905 1434.156552 1443.616150 1442.620912 1448.702964 1453.962473 1455.770695 0.000000 0.000000
0.000000 0.000000 2736.532602 2730.882058 2726.996439 2723.845338 2717.501720 2714.244596 2711.611735 2713.484933 2712.891886 2710.156162 2706.564979 2708.449296 2708.379123 2721.401013 2725.397301 2725.708885 2728.598248 0.000000 0.000000
0.000000 0.000000 3510.074723 3505.466564 3500.643050 3496.771936 3485.806401 3470.237569 3471.607363 3468.256269 3471.104242 3470.232701 3473.146805 3475.419306 3490.170537 3499.373918 3505.536272 3509.525128 3513.104906 0.000000 0.000000
0.000000 0.000000 4063.658433 4063.796257 4064.383572 4059.831293 4057.891276 4053.016846 4053.735536 4054.080750 4051.417344 4052.176472 4051.218166 4050.413285 4053.887966 4057.394844 4059.395200 4059.090570 4060.348651 0.000000 0.000000
0.000000 0.000000 4757.045754 4756.717830 4753.982421 4751.597324 4746.783673 4737.992725 4738.301618 4736.550523 4736.813629 4737.278061 4736.677051 4737.683341 4743.248060 4751.242641 4751.184362 4752.961805 4756.725859 0.000000 0.000000
0.000000 0.000000 5572.947818 5571.007274 5571.102500 5567.041815 5557.800210 5552.571316 5554.241204 5553.409849 5553.275619 5553.098726 5552.400111 5551.157647 5558.945991 5565.846827 5568.046962 5569.352678 5570.771858 0.000000 0.000000
0.000000 0.000000 6436.680505 6434.673952 6433.105425 6430.770171 6427.585437 6416.755475 6417.098010 6414.660041 6414.518686 6415.391572 6414.597638 6414.898779 6420.364372 6423.344878 6428.071983 6430.455010 6433.585431 0.000000 0.000000
0.000000 0.000000 7336.749713 7335.825434 7333.178105 7326.140639 7320.844335 7312.440040 7311.487675 7311.215637 7311.079485 7310.023279 7309.975157 7310.286183 7319.895146 7326.167384 7329.511415 7330.990601 7348.282860 0.000000 0.000000
0.000000 0.000000 8244.823120 8242.714799 8240.313588 8237.262967 8229.154336 8208.870283 8209.197617 8207.487404 8207.135814 8207.569097 8206.312598 8207.268349 8224.591948 8233.113273 8236.323463 8238.158300 8240.574136 0.000000 0.000000
0.000000 0.000000 9216.922683 9213.589404 9211.277514 9207.066914 9185.696619 9194.112537 9188.150473 9187.340079 9187.501109 9187.607422 9186.699970 9186.917610 9181.063155 9201.143478 9205.043088 9210.775429 9210.713009 0.000000 0.000000
0.000000 0.000000 10256.321920 10251.339795 10246.259778 10231.815186 10228.773612 10211.959792 10203.612895 10201.981454 10197.248763 10196.718435 10198.274325 10196.335642 10208.058909 10216.381143 10239.664899 10235.384275 10236.891560 0.000000 0.000000
0.000000 0.000000 11297.124554 11296.488351 11273.467194 11277.004194 11275.853353 11274.797380 11277.922997 11278.139630 11280.909873 11280.472832 11277.406537 11283.444747 11281.281306 11279.982628 11267.495364 11294.473787 11299.432269 0.000000 0.000000
0.000000 0.000000 12480.429620 12452.761462 12443.951607 12435.263976 12418.660268 12411.830647 12410.058403 12409.300625 12404.907749 12404.990724 12405.856694 12403.159239 12408.676334 12426.988592 12441.420666 12441.916382 12469.758815 0.000000 0.000000
0.000000 0.000000 13346.845858 13351.445643 13376.415051 13365.906998 13358.564475 13332.339465 13330.575934 13327.742566 13329.539688 13329.018384 13327.605890 13329.929077 13354.949026 13364.261166 13376.808419 13347.809501 13349.010998 0.000000 0.000000
0.000000 0.000000 0.000000 0.000000 0.000000 0.000000 0.000000 0.000000 0.000000 0.000000 0.000000 0.000000 0.000000 0.000000 0.000000 0.000000 0.000000 0.000000 0.000000 0.000000 0.000000
0.000000 0.000000 0.000000 0.000000 0.000000 0.000000 0.000000 0.000000 0.000000 0.000000 0.000000 0.000000 0.000000 0.000000 0.000000 0.000000 0.000000 0.000000 0.000000 0.000000 0.000000