geotop/1.0zi/1.0Montebello/Templates/testdem/maps/_Erotot3015.asc
ncols         21
nrows         20
xllcorner     100.000000
yllcorner     100.000000
cellsize      50.000000
NODATA_value  -9999.0
0.000000 0.000000 0.000000 0.000000 0.000000 0.000000 0.000000 0.000000 0.000000 0.000000 0.000000 0.000000 0.000000 0.000000 0.000000 0.000000 0.000000 0.000000 0.000000 0.000000 0.000000
0.000000 0.000000 291.716188 291.719003 291.722524 291.841250 291.710481 291.714687 291.689302 291.729230 291.745749 291.729230 291.689302 291.714687 291.710481 291.841250 291.722524 291.719003 291.716188 0.000000 0.000000
0.000000 0.000000 13.008527 12.786559 11.036392 12.752863 13.043804 13.030112 13.061175 13.009334 12.959950 13.009334 13.061175 13.030112 13.043804 12.752863 11.036392 12.786559 13.008527 0.000000 0.000000
0.000000 0.000000 2335.767146 2335.446463 2335.764530 2333.952153 2335.918924 2335.365258 2335.345271 2336.233149 2336.523894 2336.233149 2335.345271 2335.365258 2335.918924 2333.952153 2335.764530 2335.446463 2335.767146 0.000000 0.000000
0.000000 0.000000 4489.508764 4489.341699 4488.683680 4489.267889 4489.814223 4489.676072 4489.638260 4489.783887 4489.769735 4489.783887 4489.638260 4489.676072 4489.814223 4489.267889 4488.683680 4489.341699 4489.508764 0.000000 0.000000
0.000000 0.000000 5845.646438 5845.444857 5844.882757 5845.032714 5845.838762 5845.551898 5845.563283 5845.908007 5846.067815 5845.908007 5845.563283 5845.551898 5845.838762 5845.032714 5844.882757 5845.444857 5845.646438 0.000000 0.000000
0.000000 0.000000 7565.889935 7565.722572 7565.211702 7565.346702 7566.036535 7565.789167 7565.805705 7566.109633 7566.273619 7566.109633 7565.805705 7565.789167 7566.036535 7565.346702 7565.211702 7565.722572 7565.889935 0.000000 0.000000
0.000000 0.000000 9162.030979 9161.891036 9161.418956 9161.555470 9162.145922 9161.934358 9161.949257 9162.219636 9162.370990 9162.219636 9161.949257 9161.934358 9162.145922 9161.555470 9161.418956 9161.891036 9162.030979 0.000000 0.000000
0.000000 0.000000 10635.840340 10635.713548 10635.268571 10635.404683 10635.942845 10635.749187 10635.763374 10636.016130 10636.157250 10636.016130 10635.763374 10635.749187 10635.942845 10635.404683 10635.268571 10635.713548 10635.840340 0.000000 0.000000
0.000000 0.000000 12010.305527 12010.207227 12009.776272 12009.949607 12010.395166 12010.223340 12010.242425 12010.471417 12010.602097 12010.471417 12010.242425 12010.223340 12010.395166 12009.949607 12009.776272 12010.207227 12010.305527 0.000000 0.000000
0.000000 0.000000 13292.268466 13292.164123 13291.755749 13291.904409 13292.356738 13292.186647 13292.201959 13292.426547 13292.548204 13292.426547 13292.201959 13292.186647 13292.356738 13291.904409 13291.755749 13292.164123 13292.268466 0.000000 0.000000
0.000000 0.000000 14506.975622 14506.871830 14506.481767 14506.624340 14507.058670 14506.896883 14506.911238 14507.126957 14507.243524 14507.126957 14506.911238 14506.896883 14507.058670 14506.624340 14506.481767 14506.871830 14506.975622 0.000000 0.000000
0.000000 0.000000 15662.189724 15662.091854 15661.710513 15661.854270 15662.266106 15662.109588 15662.124264 15662.333111 15662.443412 15662.333111 15662.124264 15662.109588 15662.266106 15661.854270 15661.710513 15662.091854 15662.189724 0.000000 0.000000
0.000000 0.000000 16768.917852 16768.828150 16768.458544 16768.619114 16768.991919 16768.842767 16768.859076 16769.058677 16769.163924 16769.058677 16768.859076 16768.842767 16768.991919 16768.619114 16768.458544 16768.828150 16768.917852 0.000000 0.000000
0.000000 0.000000 17828.824973 17828.733647 17828.370879 17828.519178 17828.895158 17828.748145 17828.763153 17828.959370 17829.060369 17828.959370 17828.763153 17828.748145 17828.895158 17828.519178 17828.370879 17828.733647 17828.824973 0.000000 0.000000
0.000000 0.000000 18846.011472 18845.922603 18845.572274 18845.713059 18846.075428 18845.933718 18845.948676 18846.138408 18846.235942 18846.138408 18845.948676 18845.933718 18846.075428 18845.713059 18845.572274 18845.922602 18846.011468 0.000000 0.000000
0.000000 0.000000 19826.426684 19826.340047 19825.994323 19826.138403 19826.488571 19826.349869 19826.364429 19826.548715 19826.641447 19826.548715 19826.364429 19826.349869 19826.488571 19826.138403 19825.994322 19826.340026 19826.426547 0.000000 0.000000
0.000000 0.000000 20820.763544 20821.185120 20820.847773 20820.987654 20821.329982 20821.195557 20821.208279 20821.387948 20821.476620 20821.387948 20821.208279 20821.195557 20821.329982 20820.987654 20820.847755 20821.181737 20821.264849 0.000000 0.000000
0.000000 0.000000 0.000000 0.000000 0.000000 0.000000 0.000000 0.000000 0.000000 0.000000 0.000000 0.000000 0.000000 0.000000 0.000000 0.000000 0.000000 0.000000 0.000000 0.000000 0.000000
0.000000 0.000000 0.000000 0.000000 0.000000 0.000000 0.000000 0.000000 0.000000 0.000000 0.000000 0.000000 0.000000 0.000000 0.000000 0.000000 0.000000 0.000000 0.000000 0.000000 0.000000