geotop/1.0zi/1.0Montebello/Templates/testdem/maps/_Erotot0333.asc
ncols         21
nrows         20
xllcorner     100.000000
yllcorner     100.000000
cellsize      50.000000
NODATA_value  -9999.0
0.000000 0.000000 0.000000 0.000000 0.000000 0.000000 0.000000 0.000000 0.000000 0.000000 0.000000 0.000000 0.000000 0.000000 0.000000 0.000000 0.000000 0.000000 0.000000 0.000000 0.000000
0.000000 0.000000 30.739365 30.740074 30.772676 30.740236 30.739483 30.739858 30.739652 30.739587 30.739563 30.739587 30.739652 30.739858 30.739483 30.740236 30.772676 30.740074 30.739365 0.000000 0.000000
0.000000 0.000000 8.651092 8.411231 6.617741 8.406560 8.655218 8.639899 8.656636 8.661272 8.662945 8.661272 8.656636 8.639899 8.655218 8.406560 6.617741 8.411231 8.651092 0.000000 0.000000
0.000000 0.000000 432.523468 432.718248 432.877583 432.615804 432.496063 432.582326 432.536416 432.522773 432.514856 432.522773 432.536416 432.582326 432.496063 432.615804 432.877583 432.718248 432.523468 0.000000 0.000000
0.000000 0.000000 555.034207 554.963177 554.220802 554.943582 555.013693 555.029989 555.030750 555.031412 555.032616 555.031412 555.030750 555.029989 555.013693 554.943582 554.220802 554.963177 555.034207 0.000000 0.000000
0.000000 0.000000 765.825325 765.798445 765.112795 765.753881 765.810845 765.841055 765.830949 765.827775 765.825721 765.827775 765.830949 765.841055 765.810845 765.753881 765.112795 765.798445 765.825325 0.000000 0.000000
0.000000 0.000000 977.129044 977.107129 976.494491 977.065342 977.116753 977.146825 977.135934 977.132419 977.130145 977.132419 977.135934 977.146825 977.116753 977.065342 976.494491 977.107129 977.129044 0.000000 0.000000
0.000000 0.000000 1176.985490 1176.963693 1176.395489 1176.925761 1176.974437 1177.003500 1176.992615 1176.988977 1176.986749 1176.988977 1176.992615 1177.003500 1176.974437 1176.925761 1176.395489 1176.963693 1176.985490 0.000000 0.000000
0.000000 0.000000 1367.329768 1367.307986 1366.765804 1367.271944 1367.319129 1367.347486 1367.336795 1367.333120 1367.330968 1367.333120 1367.336795 1367.347486 1367.319129 1367.271944 1366.765804 1367.307986 1367.329768 0.000000 0.000000
0.000000 0.000000 1551.673153 1551.650570 1551.123496 1551.616159 1551.662692 1551.690572 1551.680009 1551.676286 1551.674198 1551.676286 1551.680009 1551.690572 1551.662692 1551.616159 1551.123496 1551.650570 1551.673153 0.000000 0.000000
0.000000 0.000000 1730.235904 1730.212366 1729.693672 1730.179122 1730.225468 1730.253078 1730.242583 1730.238809 1730.236767 1730.238809 1730.242583 1730.253078 1730.225468 1730.179122 1729.693672 1730.212366 1730.235904 0.000000 0.000000
0.000000 0.000000 1904.616252 1904.592006 1904.080432 1904.560173 1904.606147 1904.633005 1904.622802 1904.619040 1904.617049 1904.619040 1904.622802 1904.633005 1904.606147 1904.560173 1904.080432 1904.592006 1904.616252 0.000000 0.000000
0.000000 0.000000 2074.611984 2074.587821 2074.078738 2074.557516 2074.602201 2074.628784 2074.618420 2074.614550 2074.612560 2074.614550 2074.618420 2074.628784 2074.602201 2074.557516 2074.078738 2074.587821 2074.611984 0.000000 0.000000
0.000000 0.000000 2242.091280 2242.065280 2241.559228 2242.035196 2242.081143 2242.107830 2242.097537 2242.093647 2242.091675 2242.093647 2242.097537 2242.107830 2242.081143 2242.035196 2241.559228 2242.065280 2242.091280 0.000000 0.000000
0.000000 0.000000 2408.252675 2408.226390 2407.717592 2408.196019 2408.242352 2408.269060 2408.258850 2408.254947 2408.252984 2408.254947 2408.258850 2408.269060 2408.242352 2408.196019 2407.717592 2408.226390 2408.252675 0.000000 0.000000
0.000000 0.000000 2572.832735 2572.806677 2572.307728 2572.776443 2572.822297 2572.848980 2572.838804 2572.834876 2572.832916 2572.834876 2572.838804 2572.848980 2572.822297 2572.776443 2572.307728 2572.806677 2572.832734 0.000000 0.000000
0.000000 0.000000 2734.978294 2734.950274 2734.446726 2734.921224 2734.967919 2734.994219 2734.984160 2734.980201 2734.978246 2734.980201 2734.984160 2734.994219 2734.967919 2734.921224 2734.446725 2734.950265 2734.978163 0.000000 0.000000
0.000000 0.000000 2907.539227 2907.614436 2907.111164 2907.583305 2907.630235 2907.656577 2907.646689 2907.642743 2907.640797 2907.642743 2907.646689 2907.656577 2907.630235 2907.583304 2907.111153 2907.613235 2907.640991 0.000000 0.000000
0.000000 0.000000 0.000000 0.000000 0.000000 0.000000 0.000000 0.000000 0.000000 0.000000 0.000000 0.000000 0.000000 0.000000 0.000000 0.000000 0.000000 0.000000 0.000000 0.000000 0.000000
0.000000 0.000000 0.000000 0.000000 0.000000 0.000000 0.000000 0.000000 0.000000 0.000000 0.000000 0.000000 0.000000 0.000000 0.000000 0.000000 0.000000 0.000000 0.000000 0.000000 0.000000