geotop/1.0zi/1.0Montebello/Templates/testdem/maps/_Erotot4143.asc
ncols         21
nrows         20
xllcorner     100.000000
yllcorner     100.000000
cellsize      50.000000
NODATA_value  -9999.0
0.000000 0.000000 0.000000 0.000000 0.000000 0.000000 0.000000 0.000000 0.000000 0.000000 0.000000 0.000000 0.000000 0.000000 0.000000 0.000000 0.000000 0.000000 0.000000 0.000000 0.000000
0.000000 0.000000 306.036056 305.596353 305.405834 305.258867 305.285484 305.339777 305.377470 305.375913 305.362326 305.365710 305.367235 305.411100 305.282654 305.301826 305.475960 305.385572 305.478806 0.000000 0.000000
0.000000 0.000000 24.164453 24.715625 24.988343 25.695100 25.331926 25.350627 24.923840 24.854419 24.909014 25.283199 25.048884 24.878016 25.365753 25.127424 24.246968 23.684482 23.558587 0.000000 0.000000
0.000000 0.000000 137.803433 139.188706 132.128517 129.502519 130.268786 125.117633 124.286961 123.873391 123.112197 122.639927 123.763175 122.580154 125.461700 130.477018 131.215745 133.595211 136.279220 0.000000 0.000000
0.000000 0.000000 1311.826933 1316.194145 1322.019145 1316.687160 1310.289126 1306.279994 1309.900810 1304.380379 1307.823456 1311.303358 1309.764180 1305.690075 1309.976988 1306.822163 1307.391062 1308.928891 1309.669588 0.000000 0.000000
0.000000 0.000000 2447.328360 2440.797368 2436.167556 2434.328093 2430.343899 2427.110853 2424.586656 2426.941867 2426.151967 2423.114776 2418.887515 2419.050876 2418.942747 2430.807763 2436.863242 2436.442872 2439.582470 0.000000 0.000000
0.000000 0.000000 3033.767972 3028.593558 3023.688725 3017.040850 3008.399173 2993.883067 2995.190456 2991.731590 2994.812387 2994.437250 2997.015975 2998.948796 3012.518936 3019.578852 3026.638572 3031.076668 3033.897795 0.000000 0.000000
0.000000 0.000000 3477.602003 3477.723374 3477.777247 3473.493376 3473.227516 3470.027011 3470.870906 3471.460098 3468.863992 3469.837885 3467.810562 3465.526186 3467.953770 3471.451078 3473.157182 3472.204550 3473.659681 0.000000 0.000000
0.000000 0.000000 4082.293766 4081.340225 4077.792646 4077.068441 4073.526661 4064.793142 4065.161924 4063.372488 4063.883735 4064.128793 4063.077899 4062.767395 4067.573315 4074.947589 4074.832050 4075.972547 4079.655496 0.000000 0.000000
0.000000 0.000000 4767.058471 4765.103379 4764.243014 4761.069848 4753.765581 4749.623588 4751.209650 4750.470407 4750.366158 4750.391730 4749.083394 4746.489399 4752.972386 4758.928079 4761.298965 4762.001671 4763.409144 0.000000 0.000000
0.000000 0.000000 5488.377520 5486.271799 5483.757205 5482.214660 5481.174323 5471.689350 5472.119207 5469.746400 5469.865040 5470.638709 5469.135991 5467.768621 5471.727403 5474.014157 5478.388712 5480.214099 5483.288743 0.000000 0.000000
0.000000 0.000000 6237.194129 6235.484755 6232.677214 6226.659232 6222.956080 6215.869612 6215.028099 6214.683511 6214.644997 6213.824214 6213.062894 6211.964627 6220.153240 6225.623768 6228.889722 6229.731247 6246.448329 0.000000 0.000000
0.000000 0.000000 6985.055352 6982.709209 6979.660269 6977.435937 6971.664716 6954.898324 6955.282088 6953.732993 6953.485512 6953.966312 6952.037041 6951.422380 6965.008813 6972.537755 6975.494015 6976.787988 6979.175423 0.000000 0.000000
0.000000 0.000000 7781.602275 7778.429552 7775.140908 7771.792288 7755.832885 7763.614637 7758.485930 7757.535862 7757.837627 7757.872433 7756.341147 7755.122807 7749.309100 7765.621674 7769.235803 7774.046968 7774.073162 0.000000 0.000000
0.000000 0.000000 8628.388432 8622.871231 8617.765017 8607.909081 8606.156414 8591.616869 8584.247742 8582.823034 8578.616337 8577.945640 8578.517245 8575.172389 8584.649475 8592.298777 8611.239928 8607.011634 8608.413475 0.000000 0.000000
0.000000 0.000000 9467.134550 9466.238646 9447.246875 9450.473451 9451.464910 9451.147960 9453.603676 9453.663144 9456.073900 9455.908616 9452.493296 9455.860278 9452.798440 9451.457974 9441.380714 9461.692756 9466.050919 0.000000 0.000000
0.000000 0.000000 10416.158951 10395.531047 10386.879062 10380.455201 10368.398619 10363.379390 10362.019006 10361.469767 10357.888597 10358.057086 10357.536297 10354.014133 10357.237830 10372.106669 10384.232078 10384.791056 10405.544103 0.000000 0.000000
0.000000 0.000000 11126.243152 11127.861980 11145.451835 11137.193177 11132.745806 11114.662054 11113.472467 11111.025547 11112.187882 11111.818186 11109.896267 11109.558316 11126.232862 11134.079049 11144.795026 11121.996472 11124.726754 0.000000 0.000000
0.000000 0.000000 0.000000 0.000000 0.000000 0.000000 0.000000 0.000000 0.000000 0.000000 0.000000 0.000000 0.000000 0.000000 0.000000 0.000000 0.000000 0.000000 0.000000 0.000000 0.000000
0.000000 0.000000 0.000000 0.000000 0.000000 0.000000 0.000000 0.000000 0.000000 0.000000 0.000000 0.000000 0.000000 0.000000 0.000000 0.000000 0.000000 0.000000 0.000000 0.000000 0.000000