geotop/1.0zi/1.0Montebello/Templates/testdem/maps/_Erotot188 .asc
ncols         21
nrows         20
xllcorner     100.000000
yllcorner     100.000000
cellsize      50.000000
NODATA_value  -9999.0
0.000000 0.000000 0.000000 0.000000 0.000000 0.000000 0.000000 0.000000 0.000000 0.000000 0.000000 0.000000 0.000000 0.000000 0.000000 0.000000 0.000000 0.000000 0.000000 0.000000 0.000000
0.000000 0.000000 988.931610 988.422189 987.112467 985.187035 983.799372 982.923885 983.451323 984.151092 984.022462 983.200525 983.149367 983.245275 984.888375 985.406646 988.226910 988.940157 989.530875 0.000000 0.000000
0.000000 0.000000 69.102109 70.228213 68.820656 71.674541 71.066569 70.453883 70.696554 69.530450 70.533484 72.699608 70.481874 70.569620 70.057595 69.596896 67.320588 66.535095 69.573568 0.000000 0.000000
0.000000 0.000000 950.281192 952.491612 929.265902 916.735030 920.369370 909.214851 908.423011 909.812598 903.193910 904.596502 909.534644 913.002908 916.581573 928.688392 937.171869 938.825840 941.635659 0.000000 0.000000
0.000000 0.000000 6372.977298 6356.599934 6360.037978 6314.346747 6279.143729 6261.876352 6256.110938 6249.211685 6256.121228 6262.804405 6264.686635 6253.233308 6276.698235 6286.640603 6305.196750 6318.244503 6320.261474 0.000000 0.000000
0.000000 0.000000 8794.461653 8791.499295 8779.767446 8781.143471 8755.017013 8736.682530 8739.044723 8737.097239 8729.260232 8723.011513 8720.677205 8723.879250 8727.152138 8759.649556 8758.737473 8769.512203 8769.223703 0.000000 0.000000
0.000000 0.000000 10796.579622 10788.984907 10781.483884 10764.617211 10754.174874 10705.635571 10701.379148 10696.080820 10700.230901 10701.918919 10700.992071 10702.082017 10743.534912 10749.405229 10762.052067 10768.332489 10772.221355 0.000000 0.000000
0.000000 0.000000 13233.146774 13226.522833 13216.272634 13188.651790 13175.826110 13168.240137 13164.378446 13161.563197 13157.457735 13156.256142 13154.396300 13161.390574 13158.543222 13174.246953 13194.201068 13192.275123 13198.495586 0.000000 0.000000
0.000000 0.000000 16320.972270 16310.151597 16294.901402 16285.118667 16262.766174 16228.233612 16227.736746 16218.616307 16218.796732 16213.844855 16216.971114 16208.651627 16241.785231 16263.747007 16269.294477 16279.157675 16280.912852 0.000000 0.000000
0.000000 0.000000 20059.438818 20041.321185 20025.638942 20013.655352 19989.716370 19960.635394 19952.192402 19949.705382 19943.195823 19947.928257 19955.332465 19952.297234 19963.585002 19993.446228 20006.592223 20014.301903 20011.984085 0.000000 0.000000
0.000000 0.000000 24425.475849 24411.103639 24406.784111 24346.505346 24345.727775 24298.816930 24313.147268 24281.434075 24294.366840 24286.493074 24268.536425 24284.910675 24308.240147 24315.902848 24339.829710 24347.756554 24371.973691 0.000000 0.000000
0.000000 0.000000 29461.494266 29431.464652 29392.826040 29388.740561 29368.424110 29313.235963 29297.463998 29304.488359 29312.753025 29293.666661 29303.378190 29292.650689 29337.766270 29365.741093 29368.214846 29380.190651 29414.229931 0.000000 0.000000
0.000000 0.000000 34296.205064 34274.805873 34278.830973 34241.530346 34211.667866 34092.418388 34077.747661 34069.089596 34011.567182 34053.903983 34054.855398 34065.062463 34152.425044 34166.654999 34221.717051 34229.881671 34211.988638 0.000000 0.000000
0.000000 0.000000 38433.386542 38438.745229 38403.169576 38391.296455 38283.971940 38379.564716 38349.581979 38346.699961 38377.234089 38347.166081 38343.355075 38324.603410 38241.695037 38369.930393 38360.680795 38390.760347 38404.525169 0.000000 0.000000
0.000000 0.000000 40841.080522 40831.287917 40819.465301 40764.124284 40804.768579 40766.174509 40756.239750 40757.377564 40742.957328 40739.855532 40746.942704 40747.810768 40776.834075 40730.347341 40813.491275 40790.286230 40782.950930 0.000000 0.000000
0.000000 0.000000 42393.728169 42390.560951 42342.736616 42373.463612 42366.814792 42369.371995 42392.756185 42381.482345 42395.489719 42388.536969 42379.708692 42390.330185 42382.373771 42396.271821 42329.800229 42400.187535 42395.800597 0.000000 0.000000
0.000000 0.000000 43692.010888 43645.677276 43693.403021 43653.411952 43631.620634 43627.748811 43602.337910 43610.146921 43586.897624 43590.073816 43601.595008 43591.390635 43603.010763 43608.476180 43682.680652 43610.114734 43655.792354 0.000000 0.000000
0.000000 0.000000 44140.863905 44217.526537 44245.875132 44250.373329 44264.463007 44226.338587 44239.456596 44224.798150 44247.905441 44243.566907 44240.551533 44245.558126 44276.325228 44262.784026 44248.382981 44226.921913 44154.655195 0.000000 0.000000
0.000000 0.000000 0.000000 0.000000 0.000000 0.000000 0.000000 0.000000 0.000000 0.000000 0.000000 0.000000 0.000000 0.000000 0.000000 0.000000 0.000000 0.000000 0.000000 0.000000 0.000000
0.000000 0.000000 0.000000 0.000000 0.000000 0.000000 0.000000 0.000000 0.000000 0.000000 0.000000 0.000000 0.000000 0.000000 0.000000 0.000000 0.000000 0.000000 0.000000 0.000000 0.000000