geotop/1.0zi/1.0Montebello/Templates/testdem/maps/_Erotot0942.asc
ncols         21
nrows         20
xllcorner     100.000000
yllcorner     100.000000
cellsize      50.000000
NODATA_value  -9999.0
0.000000 0.000000 0.000000 0.000000 0.000000 0.000000 0.000000 0.000000 0.000000 0.000000 0.000000 0.000000 0.000000 0.000000 0.000000 0.000000 0.000000 0.000000 0.000000 0.000000 0.000000
0.000000 0.000000 90.227376 90.228624 90.263069 90.237241 90.222157 90.228659 90.230003 90.225606 90.226126 90.225606 90.230003 90.228659 90.222157 90.237241 90.263069 90.228624 90.227376 0.000000 0.000000
0.000000 0.000000 7.639919 7.422162 5.648740 7.508244 7.673212 7.666589 7.678568 7.684467 7.683293 7.684467 7.678568 7.666589 7.673212 7.508244 5.648740 7.422162 7.639919 0.000000 0.000000
0.000000 0.000000 817.854509 817.416545 817.665862 815.354322 817.820318 817.654833 817.512494 817.809580 817.817818 817.809580 817.512494 817.654833 817.820318 815.354322 817.665862 817.416545 817.854509 0.000000 0.000000
0.000000 0.000000 1424.113718 1423.847446 1423.148310 1423.799857 1424.222628 1424.086681 1424.046351 1424.162423 1424.136176 1424.162423 1424.046351 1424.086681 1424.222628 1423.799856 1423.148310 1423.847446 1424.113718 0.000000 0.000000
0.000000 0.000000 1900.675141 1900.400475 1899.744967 1899.803672 1900.712244 1900.615855 1900.566738 1900.686439 1900.685936 1900.686439 1900.566738 1900.615855 1900.712244 1899.803672 1899.744967 1900.400475 1900.675141 0.000000 0.000000
0.000000 0.000000 2479.240508 2479.016542 2478.414640 2478.490518 2479.260798 2479.193061 2479.157785 2479.254364 2479.251835 2479.254364 2479.157785 2479.193061 2479.260798 2478.490518 2478.414640 2479.016542 2479.240508 0.000000 0.000000
0.000000 0.000000 3026.432248 3026.234917 3025.672233 3025.757261 3026.439965 3026.390674 3026.361460 3026.443659 3026.440945 3026.443659 3026.361460 3026.390674 3026.439965 3025.757261 3025.672233 3026.234917 3026.432248 0.000000 0.000000
0.000000 0.000000 3545.932418 3545.748770 3545.211873 3545.296544 3545.934810 3545.893443 3545.867485 3545.942377 3545.939205 3545.942377 3545.867485 3545.893443 3545.934810 3545.296544 3545.211873 3545.748770 3545.932418 0.000000 0.000000
0.000000 0.000000 4044.669619 4044.515299 4043.987634 4044.112437 4044.664642 4044.638134 4044.619213 4044.678594 4044.675106 4044.678594 4044.619213 4044.638134 4044.664642 4044.112437 4043.987634 4044.515299 4044.669619 0.000000 0.000000
0.000000 0.000000 4524.323698 4524.159590 4523.648896 4523.748099 4524.320448 4524.289544 4524.267673 4524.330148 4524.325744 4524.330148 4524.267673 4524.289544 4524.320448 4523.748099 4523.648896 4524.159590 4524.323698 0.000000 0.000000
0.000000 0.000000 4989.390569 4989.223675 4988.725252 4988.815304 4989.383290 4989.354357 4989.333098 4989.395178 4989.391977 4989.395178 4989.333098 4989.354357 4989.383290 4988.815304 4988.725252 4989.223675 4989.390569 0.000000 0.000000
0.000000 0.000000 5444.720805 5444.555907 5444.063454 5444.155084 5444.711907 5444.683873 5444.663089 5444.723633 5444.720212 5444.723633 5444.663089 5444.683873 5444.711907 5444.155084 5444.063454 5444.555907 5444.720805 0.000000 0.000000
0.000000 0.000000 5891.335409 5891.176425 5890.688823 5890.801131 5891.324215 5891.300573 5891.282164 5891.337762 5891.334074 5891.337762 5891.282164 5891.300573 5891.324215 5890.801131 5890.688823 5891.176425 5891.335409 0.000000 0.000000
0.000000 0.000000 6331.230334 6331.067584 6330.580873 6330.681815 6331.218622 6331.194109 6331.174487 6331.231720 6331.227677 6331.231720 6331.174487 6331.194109 6331.218622 6330.681815 6330.580873 6331.067584 6331.230334 0.000000 0.000000
0.000000 0.000000 6765.639557 6765.479304 6765.003316 6765.098850 6765.627950 6765.604765 6765.585611 6765.641564 6765.637213 6765.641564 6765.585611 6765.604765 6765.627950 6765.098850 6765.003316 6765.479304 6765.639554 0.000000 0.000000
0.000000 0.000000 7192.936161 7192.773809 7192.296300 7192.393145 7192.924719 7192.899682 7192.879971 7192.936767 7192.932090 7192.936767 7192.879971 7192.899682 7192.924719 7192.393145 7192.296299 7192.773793 7192.935925 0.000000 0.000000
0.000000 0.000000 7638.458681 7638.522082 7638.047242 7638.133663 7638.672715 7638.646518 7638.626633 7638.684925 7638.680400 7638.684925 7638.626633 7638.646518 7638.672715 7638.133663 7638.047226 7638.519590 7638.684412 0.000000 0.000000
0.000000 0.000000 0.000000 0.000000 0.000000 0.000000 0.000000 0.000000 0.000000 0.000000 0.000000 0.000000 0.000000 0.000000 0.000000 0.000000 0.000000 0.000000 0.000000 0.000000 0.000000
0.000000 0.000000 0.000000 0.000000 0.000000 0.000000 0.000000 0.000000 0.000000 0.000000 0.000000 0.000000 0.000000 0.000000 0.000000 0.000000 0.000000 0.000000 0.000000 0.000000 0.000000