geotop/1.0zi/1.0Montebello/Templates/testdem/maps/_Erotot1003.asc
ncols         21
nrows         20
xllcorner     100.000000
yllcorner     100.000000
cellsize      50.000000
NODATA_value  -9999.0
0.000000 0.000000 0.000000 0.000000 0.000000 0.000000 0.000000 0.000000 0.000000 0.000000 0.000000 0.000000 0.000000 0.000000 0.000000 0.000000 0.000000 0.000000 0.000000 0.000000 0.000000
0.000000 0.000000 120.904196 120.905513 120.940153 120.914896 120.898178 120.905541 120.906998 120.902247 120.902836 120.902247 120.906998 120.905541 120.898178 120.914896 120.940153 120.905513 120.904196 0.000000 0.000000
0.000000 0.000000 8.574289 8.355594 6.580286 8.438739 8.609135 8.601227 8.612233 8.617751 8.615831 8.617751 8.612233 8.601227 8.609135 8.438739 6.580286 8.355594 8.574289 0.000000 0.000000
0.000000 0.000000 885.869004 885.448262 885.744952 883.448858 885.815320 885.660341 885.537986 885.858916 885.889260 885.858916 885.537986 885.660341 885.815320 883.448858 885.744952 885.448262 885.869004 0.000000 0.000000
0.000000 0.000000 1536.138653 1535.869469 1535.154844 1535.803613 1536.250750 1536.113657 1536.069275 1536.177553 1536.141211 1536.177553 1536.069275 1536.113657 1536.250750 1535.803613 1535.154844 1535.869469 1536.138653 0.000000 0.000000
0.000000 0.000000 2037.835509 2037.565197 2036.922212 2036.983619 2037.866831 2037.773532 2037.729880 2037.856106 2037.860868 2037.856106 2037.729880 2037.773532 2037.866831 2036.983619 2036.922212 2037.565197 2037.835509 0.000000 0.000000
0.000000 0.000000 2649.964858 2649.744940 2649.155242 2649.233422 2649.979096 2649.914689 2649.884727 2649.987366 2649.989850 2649.987366 2649.884727 2649.914689 2649.979096 2649.233422 2649.155242 2649.744940 2649.964858 0.000000 0.000000
0.000000 0.000000 3232.093955 3231.901003 3231.351319 3231.438675 3232.095368 3232.049501 3232.025970 3232.114629 3232.117209 3232.114629 3232.025970 3232.049501 3232.095368 3231.438675 3231.351319 3231.901003 3232.093955 0.000000 0.000000
0.000000 0.000000 3785.359903 3785.180584 3784.656484 3784.743343 3785.356113 3785.318132 3785.297731 3785.378789 3785.380711 3785.378789 3785.297731 3785.318132 3785.356113 3784.743343 3784.656484 3785.180584 3785.359903 0.000000 0.000000
0.000000 0.000000 4316.411035 4316.260927 4315.745933 4315.872627 4316.400022 4316.376825 4316.363306 4316.428610 4316.430023 4316.428610 4316.363306 4316.376825 4316.400022 4315.872627 4315.745933 4316.260927 4316.411035 0.000000 0.000000
0.000000 0.000000 4826.927596 4826.767617 4826.269356 4826.370248 4826.918523 4826.890834 4826.874165 4826.942286 4826.942574 4826.942286 4826.874165 4826.890834 4826.918523 4826.370248 4826.269356 4826.767617 4826.927596 0.000000 0.000000
0.000000 0.000000 5321.235472 5321.072835 5320.586934 5320.678680 5321.222413 5321.196729 5321.180647 5321.248159 5321.249540 5321.248159 5321.180647 5321.196729 5321.222413 5320.678680 5320.586934 5321.072835 5321.235472 0.000000 0.000000
0.000000 0.000000 5805.599437 5805.438886 5804.958985 5805.052188 5805.584867 5805.560070 5805.544393 5805.610200 5805.611243 5805.610200 5805.544393 5805.560070 5805.584867 5805.052188 5804.958985 5805.438886 5805.599437 0.000000 0.000000
0.000000 0.000000 6280.566397 6280.411741 6279.936739 6280.050339 6280.549629 6280.529157 6280.515768 6280.576507 6280.577196 6280.576507 6280.515768 6280.529157 6280.549629 6280.050339 6279.936739 6280.411741 6280.566397 0.000000 0.000000
0.000000 0.000000 6748.160604 6748.002218 6747.528314 6747.630481 6748.143360 6748.122001 6748.107374 6748.169604 6748.169875 6748.169604 6748.107374 6748.122001 6748.143360 6747.630481 6747.528314 6748.002218 6748.160604 0.000000 0.000000
0.000000 0.000000 7209.318290 7209.162320 7208.698999 7208.795651 7209.301259 7209.281155 7209.266876 7209.327707 7209.327572 7209.327707 7209.266876 7209.281155 7209.301259 7208.795651 7208.698999 7209.162320 7209.318287 0.000000 0.000000
0.000000 0.000000 7662.181664 7662.023746 7661.559129 7661.657134 7662.164813 7662.142979 7662.128146 7662.189596 7662.189064 7662.189596 7662.128146 7662.142979 7662.164813 7661.657134 7661.559128 7662.023729 7662.181414 0.000000 0.000000
0.000000 0.000000 8134.399489 8134.481687 8134.019951 8134.107629 8134.622188 8134.599181 8134.584192 8134.647111 8134.646729 8134.647111 8134.584192 8134.599181 8134.622188 8134.107629 8134.019935 8134.479097 8134.639262 0.000000 0.000000
0.000000 0.000000 0.000000 0.000000 0.000000 0.000000 0.000000 0.000000 0.000000 0.000000 0.000000 0.000000 0.000000 0.000000 0.000000 0.000000 0.000000 0.000000 0.000000 0.000000 0.000000
0.000000 0.000000 0.000000 0.000000 0.000000 0.000000 0.000000 0.000000 0.000000 0.000000 0.000000 0.000000 0.000000 0.000000 0.000000 0.000000 0.000000 0.000000 0.000000 0.000000 0.000000