geotop/1.0zi/1.0Montebello/Templates/testdem/maps/_Erotot9405.asc
ncols         21
nrows         20
xllcorner     100.000000
yllcorner     100.000000
cellsize      50.000000
NODATA_value  -9999.0
0.000000 0.000000 0.000000 0.000000 0.000000 0.000000 0.000000 0.000000 0.000000 0.000000 0.000000 0.000000 0.000000 0.000000 0.000000 0.000000 0.000000 0.000000 0.000000 0.000000 0.000000
0.000000 0.000000 757.374024 757.877976 757.302930 757.384326 756.383089 756.488727 756.576630 756.650246 757.038829 756.404838 756.296684 756.344914 756.749234 756.870755 757.687092 758.297520 758.522583 0.000000 0.000000
0.000000 0.000000 57.283621 56.237533 56.554406 56.488274 57.360900 57.059827 56.660929 56.516959 56.713869 57.030174 57.083833 57.190579 56.959506 56.308529 55.049723 54.154753 54.703207 0.000000 0.000000
0.000000 0.000000 462.632891 465.273581 451.228916 445.541551 444.813381 437.193605 444.018862 446.120386 442.564591 442.786343 447.511611 446.973372 455.528459 464.093889 466.954814 465.205164 472.113262 0.000000 0.000000
0.000000 0.000000 4219.095723 4213.283100 4207.546785 4172.138546 4144.766778 4131.260454 4123.668497 4117.370773 4124.838925 4131.294226 4129.534149 4124.643663 4144.492521 4150.985576 4169.076676 4180.721618 4181.482855 0.000000 0.000000
0.000000 0.000000 6428.754845 6423.380845 6418.622271 6420.853259 6396.090708 6384.003268 6387.588992 6386.848507 6382.310891 6375.996233 6374.452923 6378.957703 6378.984227 6405.302666 6406.277085 6413.924199 6416.185968 0.000000 0.000000
0.000000 0.000000 7892.047229 7886.865246 7882.947028 7871.280409 7863.232406 7825.161891 7828.159510 7825.527644 7824.886707 7829.391246 7830.156750 7831.874693 7865.227300 7870.627670 7880.174629 7882.908844 7888.246400 0.000000 0.000000
0.000000 0.000000 9416.062212 9413.396878 9408.132516 9395.388370 9387.802254 9384.665255 9384.674300 9382.714026 9382.667813 9378.673848 9377.782970 9385.145136 9383.644493 9393.780597 9408.972504 9406.434235 9412.819949 0.000000 0.000000
0.000000 0.000000 11370.247569 11365.147701 11357.825102 11354.216058 11337.235586 11315.428869 11318.849502 11314.649255 11311.156070 11310.897267 11314.084491 11308.038259 11333.557808 11348.260947 11350.822918 11354.424580 11357.257967 0.000000 0.000000
0.000000 0.000000 13643.879519 13636.464098 13633.107214 13625.195252 13600.991271 13587.120813 13587.021408 13585.278750 13580.951253 13585.670546 13589.185807 13589.086742 13596.663341 13617.351741 13626.145103 13630.122096 13629.898787 0.000000 0.000000
0.000000 0.000000 16177.962877 16175.425922 16173.215347 16141.180328 16134.293329 16110.018136 16118.733503 16101.298653 16107.034944 16103.225789 16095.661106 16107.469116 16122.751428 16127.560474 16143.636088 16148.974051 16165.502375 0.000000 0.000000
0.000000 0.000000 19005.970955 18994.135633 18976.254005 18974.396528 18955.507246 18927.978548 18927.634668 18929.447559 18936.609310 18921.800286 18930.386775 18928.190307 18956.689559 18971.364869 18973.558448 18979.090525 19005.460253 0.000000 0.000000
0.000000 0.000000 22016.283291 22008.729940 22011.221386 21982.670483 21970.963632 21894.667176 21891.922281 21890.870702 21857.183938 21879.426381 21882.189246 21890.663894 21945.998361 21956.524289 21989.356692 21989.749673 21995.986293 0.000000 0.000000
0.000000 0.000000 25598.283709 25599.557295 25574.130009 25565.240266 25462.697956 25512.556660 25488.748997 25490.331382 25507.225709 25492.629890 25491.522159 25479.406923 25430.766165 25546.784101 25548.952863 25578.668053 25593.141228 0.000000 0.000000
0.000000 0.000000 29523.375907 29508.388056 29490.239599 29371.213670 29427.679216 29354.050469 29331.583780 29325.679317 29298.631474 29286.938543 29300.020829 29302.085545 29373.573152 29317.009797 29485.688315 29443.030777 29434.259458 0.000000 0.000000
0.000000 0.000000 33143.076926 33137.012083 32988.647214 33073.053966 33052.769593 33060.110297 33136.650293 33114.511556 33152.659250 33145.298685 33117.581255 33155.214625 33134.459433 33154.928173 32969.003733 33203.342396 33194.050337 0.000000 0.000000
0.000000 0.000000 36613.181337 36463.141936 36540.022365 36471.186136 36393.324931 36372.997627 36313.829757 36330.902859 36274.309174 36282.493213 36314.461248 36283.065371 36325.738397 36374.107202 36534.850913 36389.273419 36548.693541 0.000000 0.000000
0.000000 0.000000 37466.503232 37582.244987 37682.611610 37680.410207 37683.914330 37594.511187 37611.409970 37580.940648 37627.811643 37619.422082 37616.486519 37625.637897 37696.170919 37696.523062 37696.945863 37613.093858 37498.501103 0.000000 0.000000
0.000000 0.000000 0.000000 0.000000 0.000000 0.000000 0.000000 0.000000 0.000000 0.000000 0.000000 0.000000 0.000000 0.000000 0.000000 0.000000 0.000000 0.000000 0.000000 0.000000 0.000000
0.000000 0.000000 0.000000 0.000000 0.000000 0.000000 0.000000 0.000000 0.000000 0.000000 0.000000 0.000000 0.000000 0.000000 0.000000 0.000000 0.000000 0.000000 0.000000 0.000000 0.000000