geotop/1.0zi/1.0Montebello/Templates/testdem/maps/_Erotot9804.asc
ncols         21
nrows         20
xllcorner     100.000000
yllcorner     100.000000
cellsize      50.000000
NODATA_value  -9999.0
0.000000 0.000000 0.000000 0.000000 0.000000 0.000000 0.000000 0.000000 0.000000 0.000000 0.000000 0.000000 0.000000 0.000000 0.000000 0.000000 0.000000 0.000000 0.000000 0.000000 0.000000
0.000000 0.000000 812.026191 812.176592 810.996305 810.533361 808.960760 808.522974 808.619235 808.677979 809.031697 808.471034 808.330062 808.364046 809.329429 809.912223 811.272984 812.507852 813.158240 0.000000 0.000000
0.000000 0.000000 61.269732 59.921112 60.215121 59.993393 60.727634 60.235241 59.872324 59.718165 59.954750 60.110558 60.281351 60.354767 60.240840 59.755154 58.731203 57.834381 58.621964 0.000000 0.000000
0.000000 0.000000 536.533646 540.383296 525.967147 518.503708 517.933482 509.931961 517.000081 518.945872 515.048927 515.963755 520.264906 519.670781 528.503840 539.043964 541.948232 540.462448 545.913757 0.000000 0.000000
0.000000 0.000000 4537.376976 4530.952783 4527.092875 4488.119916 4462.005334 4446.446693 4438.923105 4432.642193 4438.532278 4444.083810 4444.032579 4437.710261 4458.718311 4465.327460 4484.385051 4495.654108 4496.816297 0.000000 0.000000
0.000000 0.000000 6754.026363 6747.726053 6742.994577 6745.254629 6717.089838 6704.339598 6708.089211 6706.902370 6701.462039 6694.897567 6692.724431 6697.050094 6698.762732 6726.068586 6726.191702 6733.665144 6735.515354 0.000000 0.000000
0.000000 0.000000 8296.024508 8289.870521 8286.004855 8272.918554 8266.059460 8229.306019 8228.625617 8225.299059 8223.711142 8227.715416 8228.236545 8229.315848 8265.115054 8269.497962 8279.141057 8282.091336 8287.206730 0.000000 0.000000
0.000000 0.000000 9942.916767 9938.756326 9932.016205 9916.204085 9905.673226 9901.462044 9902.054891 9899.507591 9898.419198 9894.379813 9893.702476 9900.723399 9899.568163 9911.196658 9927.033795 9924.636204 9930.915935 0.000000 0.000000
0.000000 0.000000 12034.663639 12028.206584 12019.276638 12013.311275 11995.655068 11972.475089 11975.676249 11971.251011 11967.051046 11966.578750 11969.865912 11963.148517 11990.726333 12006.545697 12009.471183 12013.277595 12015.807439 0.000000 0.000000
0.000000 0.000000 14483.839681 14473.390273 14468.959093 14459.554842 14443.561523 14423.462018 14422.337784 14419.834035 14414.218446 14418.598554 14422.027659 14421.092395 14430.328104 14452.351289 14460.925238 14465.109303 14464.337903 0.000000 0.000000
0.000000 0.000000 17231.019239 17225.702881 17221.866434 17186.007303 17185.443622 17155.983971 17164.460055 17145.472215 17150.452537 17146.027343 17137.917715 17149.523443 17166.795983 17172.542154 17188.988121 17192.396496 17211.293226 0.000000 0.000000
0.000000 0.000000 20322.683942 20306.632969 20285.797280 20282.632451 20269.774516 20235.433274 20233.754090 20235.357607 20241.473212 20225.122963 20233.669288 20229.943734 20261.900672 20278.549833 20280.886534 20287.204998 20313.935892 0.000000 0.000000
0.000000 0.000000 23626.371813 23614.826466 23616.379492 23592.945270 23572.549679 23491.027346 23485.265150 23482.187512 23441.680836 23468.710171 23470.098120 23478.299120 23540.778607 23550.848766 23588.281859 23587.723739 23592.317409 0.000000 0.000000
0.000000 0.000000 27570.914241 27569.356328 27538.500590 27522.348778 27410.306251 27473.763159 27444.885950 27445.615101 27465.680028 27446.090085 27444.175241 27428.667591 27367.497108 27499.586055 27499.178469 27532.052344 27547.934278 0.000000 0.000000
0.000000 0.000000 31742.719167 31730.088831 31710.086436 31578.773065 31655.106990 31566.171347 31545.814317 31537.281828 31505.457696 31494.076352 31508.309896 31510.420890 31590.806496 31510.516784 31695.172096 31646.279183 31634.381091 0.000000 0.000000
0.000000 0.000000 35245.162005 35237.188880 35094.756776 35186.437681 35162.383049 35174.136063 35247.509256 35226.352332 35263.757209 35257.162800 35229.212724 35264.344051 35239.043385 35268.235687 35073.880210 35303.543217 35294.600161 0.000000 0.000000
0.000000 0.000000 38230.667725 38112.034456 38175.606666 38122.440889 38060.234156 38044.714869 37998.714103 38012.612693 37967.960973 37974.682491 37999.378389 37975.342763 38009.731252 38045.766654 38169.637096 38053.549404 38179.791000 0.000000 0.000000
0.000000 0.000000 39139.891745 39214.839255 39293.928934 39287.194174 39283.629620 39218.901393 39227.345796 39205.425610 39235.350468 39229.990863 39230.962979 39233.319777 39285.764363 39291.566090 39302.579697 39228.908245 39155.536608 0.000000 0.000000
0.000000 0.000000 0.000000 0.000000 0.000000 0.000000 0.000000 0.000000 0.000000 0.000000 0.000000 0.000000 0.000000 0.000000 0.000000 0.000000 0.000000 0.000000 0.000000 0.000000 0.000000
0.000000 0.000000 0.000000 0.000000 0.000000 0.000000 0.000000 0.000000 0.000000 0.000000 0.000000 0.000000 0.000000 0.000000 0.000000 0.000000 0.000000 0.000000 0.000000 0.000000 0.000000