geotop/1.0zi/1.0Montebello/Templates/testdem/maps/_Erotot8566.asc
ncols         21
nrows         20
xllcorner     100.000000
yllcorner     100.000000
cellsize      50.000000
NODATA_value  -9999.0
0.000000 0.000000 0.000000 0.000000 0.000000 0.000000 0.000000 0.000000 0.000000 0.000000 0.000000 0.000000 0.000000 0.000000 0.000000 0.000000 0.000000 0.000000 0.000000 0.000000 0.000000
0.000000 0.000000 686.621147 687.439315 686.874507 686.967031 685.944931 686.101164 686.086995 686.163418 686.539056 685.914696 685.796567 685.844675 686.220220 686.377235 687.217371 687.769619 687.988236 0.000000 0.000000
0.000000 0.000000 53.429011 52.426898 52.686670 52.760870 53.400674 53.046694 52.752617 52.607843 52.828798 53.141699 53.209224 53.311381 53.148608 52.634154 51.358460 50.502702 51.025423 0.000000 0.000000
0.000000 0.000000 354.321676 355.425662 343.042564 337.800441 338.341346 327.035659 327.132496 327.964996 324.311812 322.507541 324.665992 324.857868 335.045964 342.181534 346.799112 349.790088 355.003806 0.000000 0.000000
0.000000 0.000000 3510.959067 3508.055336 3509.016604 3481.700630 3458.766742 3448.727364 3447.916093 3441.993599 3451.024723 3458.197613 3457.389432 3452.422176 3468.826339 3471.188580 3484.669589 3493.338880 3494.228394 0.000000 0.000000
0.000000 0.000000 5602.171438 5598.296499 5593.385259 5588.735849 5573.132312 5562.548535 5564.188028 5562.868027 5559.006021 5553.115165 5551.574816 5555.435690 5554.890756 5576.547070 5582.712087 5588.772050 5591.460791 0.000000 0.000000
0.000000 0.000000 6938.096027 6933.405940 6930.963318 6923.291787 6908.948505 6883.573151 6882.837259 6880.307369 6880.323745 6884.918088 6885.593622 6886.463043 6915.798214 6925.711549 6931.430791 6934.844484 6939.937787 0.000000 0.000000
0.000000 0.000000 8204.382232 8204.435141 8200.897229 8189.640547 8187.072232 8177.835515 8178.074379 8175.807810 8176.126744 8172.086454 8170.890519 8177.815791 8179.914722 8185.102483 8198.791253 8196.739634 8202.427156 0.000000 0.000000
0.000000 0.000000 9859.591888 9854.105296 9847.662454 9846.763202 9832.990129 9816.440774 9818.453828 9814.694929 9812.097832 9811.915197 9814.687920 9808.449357 9828.744815 9843.362535 9845.375364 9849.658124 9851.545716 0.000000 0.000000
0.000000 0.000000 11757.656719 11753.104441 11752.785710 11748.305587 11725.914129 11715.262431 11714.286553 11714.008599 11710.194446 11714.735189 11717.692551 11717.140001 11724.599463 11740.824282 11748.818851 11751.458804 11752.094743 0.000000 0.000000
0.000000 0.000000 13852.626389 13852.070045 13849.714453 13824.763369 13819.263147 13799.541281 13807.943422 13791.463338 13797.851978 13794.679888 13787.658808 13797.807708 13810.030875 13812.409094 13827.165339 13833.926327 13846.262797 0.000000 0.000000
0.000000 0.000000 16145.258500 16134.550221 16125.210018 16123.160479 16108.474135 16088.580004 16082.318531 16085.334327 16091.766151 16080.154536 16086.562997 16084.830764 16109.587536 16121.172965 16123.320677 16128.836501 16152.976856 0.000000 0.000000
0.000000 0.000000 18556.094748 18549.261415 18552.264689 18532.649428 18525.898353 18467.052327 18464.932449 18464.573810 18438.880344 18455.764733 18458.321797 18464.497002 18506.630509 18513.395818 18541.614705 18539.841564 18548.340495 0.000000 0.000000
0.000000 0.000000 21362.240854 21365.278118 21348.430663 21342.759484 21269.145486 21297.029105 21279.728247 21280.268414 21290.821356 21281.945616 21281.308309 21271.978514 21244.320156 21325.439428 21329.813194 21355.009768 21366.045428 0.000000 0.000000
0.000000 0.000000 24530.334298 24519.348760 24506.865410 24422.943174 24447.993586 24404.466102 24381.954869 24378.575137 24361.551259 24350.925095 24359.259067 24358.966916 24406.159058 24382.300376 24503.138174 24476.134239 24471.901334 0.000000 0.000000
0.000000 0.000000 27781.794309 27777.024178 27657.859942 27706.454174 27701.588502 27695.894067 27752.928944 27734.342273 27763.229572 27754.803665 27734.443455 27764.662047 27760.617662 27765.273770 27645.825781 27828.532251 27819.585626 0.000000 0.000000
0.000000 0.000000 31547.246775 31378.247035 31441.336794 31375.962716 31288.539298 31267.403186 31211.964071 31227.695428 31170.720502 31178.456431 31209.994285 31179.527253 31223.610152 31280.418609 31437.564097 31309.917034 31489.860774 0.000000 0.000000
0.000000 0.000000 32585.881922 32760.042483 32897.424668 32904.476139 32919.321513 32795.535112 32822.443516 32779.976451 32850.202514 32838.001072 32829.387618 32846.846667 32946.455908 32936.741528 32923.602056 32820.283032 32646.902457 0.000000 0.000000
0.000000 0.000000 0.000000 0.000000 0.000000 0.000000 0.000000 0.000000 0.000000 0.000000 0.000000 0.000000 0.000000 0.000000 0.000000 0.000000 0.000000 0.000000 0.000000 0.000000 0.000000
0.000000 0.000000 0.000000 0.000000 0.000000 0.000000 0.000000 0.000000 0.000000 0.000000 0.000000 0.000000 0.000000 0.000000 0.000000 0.000000 0.000000 0.000000 0.000000 0.000000 0.000000