geotop/1.0zi/1.0Montebello/Templates/testdem/maps/_Erotot7121.asc
ncols         21
nrows         20
xllcorner     100.000000
yllcorner     100.000000
cellsize      50.000000
NODATA_value  -9999.0
0.000000 0.000000 0.000000 0.000000 0.000000 0.000000 0.000000 0.000000 0.000000 0.000000 0.000000 0.000000 0.000000 0.000000 0.000000 0.000000 0.000000 0.000000 0.000000 0.000000 0.000000
0.000000 0.000000 569.876692 570.679089 570.332180 570.554707 569.941509 569.977438 569.923984 570.027043 570.453121 569.779713 569.669170 569.750690 570.041899 570.001313 570.762257 571.032432 571.102554 0.000000 0.000000
0.000000 0.000000 44.792262 43.566823 43.549048 43.702829 43.942073 43.787821 43.531927 43.371982 43.610650 43.899044 43.906903 44.035239 43.810079 43.610085 42.325354 41.597163 42.337152 0.000000 0.000000
0.000000 0.000000 250.010157 251.692578 239.692474 236.965998 235.486406 228.580866 229.222607 227.789605 226.567618 224.344739 226.652608 226.657047 234.846123 240.944700 242.334798 244.191608 249.841379 0.000000 0.000000
0.000000 0.000000 2551.836707 2555.048976 2558.521350 2537.149405 2522.159195 2509.177676 2511.107087 2508.172281 2513.720792 2519.863808 2514.502843 2512.721765 2524.492342 2527.385124 2536.149433 2543.935732 2545.936690 0.000000 0.000000
0.000000 0.000000 4302.437009 4296.736502 4293.393261 4287.185307 4272.859503 4264.686632 4264.019074 4263.118221 4259.711171 4253.912328 4253.036825 4256.353602 4256.373322 4274.599491 4282.885651 4289.657849 4291.577691 0.000000 0.000000
0.000000 0.000000 5509.078841 5506.185374 5501.946412 5496.125878 5482.725792 5463.745051 5463.209800 5459.390570 5460.958127 5464.757448 5466.149748 5466.678606 5491.191094 5500.769245 5505.255906 5507.462042 5513.072132 0.000000 0.000000
0.000000 0.000000 6403.102337 6403.647925 6400.971947 6392.380942 6390.928103 6382.445635 6383.081462 6382.950853 6382.120292 6378.366266 6377.601477 6383.480080 6384.334721 6388.120580 6399.142695 6397.229673 6402.354512 0.000000 0.000000
0.000000 0.000000 7610.278668 7606.276201 7600.510792 7601.016810 7591.191505 7577.665507 7579.111477 7574.895472 7572.890595 7572.802653 7574.955089 7569.347502 7585.992373 7598.672059 7599.413917 7602.277958 7604.008840 0.000000 0.000000
0.000000 0.000000 8996.694139 8993.669327 8994.213005 8991.250774 8972.685576 8964.505374 8964.706679 8964.294863 8961.311432 8964.566161 8967.474117 8966.665417 8971.871732 8984.645154 8990.898981 8992.152879 8993.567251 0.000000 0.000000
0.000000 0.000000 10501.838803 10501.284377 10498.850315 10481.117824 10477.515889 10462.663949 10468.207462 10456.056210 10459.814671 10458.329289 10451.873718 10461.038644 10468.432293 10470.577109 10481.196677 10487.182456 10497.454763 0.000000 0.000000
0.000000 0.000000 12104.522540 12097.643131 12090.754357 12088.209187 12079.509743 12062.369187 12059.951096 12059.953093 12066.942652 12057.087123 12060.409543 12060.459371 12079.609638 12086.458487 12088.176586 12091.301309 12113.008223 0.000000 0.000000
0.000000 0.000000 13755.191564 13751.259769 13751.486081 13740.317349 13734.698009 13696.020631 13694.683785 13693.867768 13675.728834 13686.162121 13690.100039 13693.965890 13719.911306 13725.761768 13744.863440 13743.980723 13752.443413 0.000000 0.000000
0.000000 0.000000 15606.349457 15608.584122 15597.330249 15593.984708 15550.714530 15563.305910 15550.928329 15551.778209 15555.875904 15552.782926 15551.055583 15547.292859 15531.832742 15579.339949 15585.008684 15601.115200 15610.137871 0.000000 0.000000
0.000000 0.000000 17650.893602 17643.927411 17637.167291 17593.666197 17597.825227 17575.633778 17559.205723 17556.918339 17548.599021 17539.955046 17544.061298 17542.693099 17568.018782 17566.408359 17632.312319 17619.314196 17618.782600 0.000000 0.000000
0.000000 0.000000 19782.580352 19780.337949 19716.412576 19726.779387 19730.544204 19719.080996 19748.366581 19736.220721 19748.639578 19741.098779 19732.061508 19748.531834 19752.772826 19752.942682 19708.780971 19798.650672 19792.107467 0.000000 0.000000
0.000000 0.000000 22296.678800 22208.946447 22217.943367 22193.569891 22145.349575 22135.436114 22115.909332 22121.986994 22095.695608 22097.223416 22109.127224 22102.012938 22122.824035 22150.608842 22215.121926 22183.462447 22278.240775 0.000000 0.000000
0.000000 0.000000 23683.741157 23743.860822 23831.235602 23824.540650 23813.332122 23738.856841 23744.860557 23720.777767 23750.010507 23744.004917 23747.194373 23748.661365 23812.583568 23822.005327 23846.021551 23764.137335 23706.069642 0.000000 0.000000
0.000000 0.000000 0.000000 0.000000 0.000000 0.000000 0.000000 0.000000 0.000000 0.000000 0.000000 0.000000 0.000000 0.000000 0.000000 0.000000 0.000000 0.000000 0.000000 0.000000 0.000000
0.000000 0.000000 0.000000 0.000000 0.000000 0.000000 0.000000 0.000000 0.000000 0.000000 0.000000 0.000000 0.000000 0.000000 0.000000 0.000000 0.000000 0.000000 0.000000 0.000000 0.000000