geotop/1.0zi/1.0Montebello/Templates/testdem/maps/_Erotot8976.asc
ncols         21
nrows         20
xllcorner     100.000000
yllcorner     100.000000
cellsize      50.000000
NODATA_value  -9999.0
0.000000 0.000000 0.000000 0.000000 0.000000 0.000000 0.000000 0.000000 0.000000 0.000000 0.000000 0.000000 0.000000 0.000000 0.000000 0.000000 0.000000 0.000000 0.000000 0.000000 0.000000
0.000000 0.000000 718.783575 719.422121 718.853887 718.940808 717.923442 718.048639 718.131271 718.205447 718.586715 717.952659 717.842252 717.880407 718.285932 718.413261 719.235941 719.824041 719.982928 0.000000 0.000000
0.000000 0.000000 55.975828 54.992799 55.290704 55.223706 56.047983 55.722160 55.351049 55.217888 55.422073 55.751018 55.808832 55.926342 55.699339 55.094902 53.823202 52.976556 53.586193 0.000000 0.000000
0.000000 0.000000 429.777785 431.507934 418.446574 412.208948 411.636662 405.769295 410.762536 412.437247 408.484425 406.884993 410.300548 409.804712 418.297708 426.771620 430.581772 424.978994 432.256594 0.000000 0.000000
0.000000 0.000000 3931.466115 3925.364960 3924.198796 3890.808109 3866.840379 3854.130995 3848.569183 3841.191771 3850.110784 3857.004518 3855.468164 3850.535780 3870.102772 3874.536497 3890.224783 3901.450321 3901.539037 0.000000 0.000000
0.000000 0.000000 5991.240307 5985.888659 5980.555034 5982.361279 5960.312986 5947.884558 5951.468893 5951.316349 5947.033431 5940.958140 5939.226259 5943.387092 5943.470896 5968.379604 5969.654663 5975.748970 5978.078659 0.000000 0.000000
0.000000 0.000000 7415.483906 7409.941728 7406.694784 7395.832301 7387.093206 7354.333354 7354.706396 7352.094547 7351.822366 7356.148940 7356.700194 7357.660294 7390.425320 7396.221333 7404.554334 7406.969535 7411.967075 0.000000 0.000000
0.000000 0.000000 8808.051266 8805.573945 8801.627219 8789.553088 8783.732283 8780.104024 8780.974234 8778.977042 8779.283491 8775.125283 8773.928112 8781.332995 8779.574033 8788.149213 8802.324487 8798.365089 8804.471211 0.000000 0.000000
0.000000 0.000000 10605.425969 10600.480452 10593.489201 10590.957109 10575.865058 10557.055946 10560.009273 10555.844667 10552.884736 10552.474107 10555.259827 10549.059228 10573.018092 10586.924006 10588.340922 10590.372039 10593.871783 0.000000 0.000000
0.000000 0.000000 12688.629000 12681.225389 12680.326462 12673.869393 12650.510831 12639.597885 12639.175149 12637.824004 12634.027154 12638.441430 12641.440195 12641.101981 12648.303705 12666.959675 12674.502367 12676.784571 12675.954375 0.000000 0.000000
0.000000 0.000000 14994.907374 14992.552565 14989.689609 14961.779977 14955.601717 14935.047783 14943.445218 14926.239502 14932.329741 14928.593990 14921.007865 14931.858560 14946.138742 14949.564039 14964.574191 14968.073200 14982.957241 0.000000 0.000000
0.000000 0.000000 17544.642300 17534.973036 17520.577023 17517.825589 17501.675067 17478.799801 17477.197487 17480.140060 17486.392939 17473.609867 17480.659877 17478.632250 17504.777254 17517.205864 17517.562040 17521.312983 17546.420006 0.000000 0.000000
0.000000 0.000000 20242.504433 20232.478968 20236.135146 20212.884354 20203.703394 20137.343374 20135.070811 20133.911171 20104.891247 20123.762509 20126.112868 20133.283994 20182.236129 20190.845659 20220.698804 20217.768123 20224.651739 0.000000 0.000000
0.000000 0.000000 23427.434735 23428.869085 23407.816712 23400.621471 23312.946206 23352.323187 23332.632757 23333.991091 23347.504727 23335.871619 23334.681132 23323.776406 23286.230619 23384.480868 23386.827758 23411.062045 23424.097631 0.000000 0.000000
0.000000 0.000000 26990.218554 26975.338964 26959.852971 26858.311873 26899.391536 26843.717566 26821.821241 26817.158268 26795.476871 26783.813297 26794.071139 26794.787971 26851.979771 26812.416868 26956.577022 26918.294963 26911.637344 0.000000 0.000000
0.000000 0.000000 30517.643973 30511.135521 30372.604126 30440.560297 30428.035349 30429.360789 30499.297622 30477.830181 30512.140201 30503.858427 30478.647912 30513.769957 30502.007751 30516.131638 30356.803516 30569.958741 30560.347602 0.000000 0.000000
0.000000 0.000000 34319.215205 34145.901844 34224.921367 34150.699750 34062.307623 34041.356794 33978.175735 33996.636426 33934.881702 33943.396534 33978.177088 33943.497037 33989.999335 34045.428205 34220.319360 34066.495476 34248.547187 0.000000 0.000000
0.000000 0.000000 35188.478920 35353.586069 35479.270464 35484.750547 35499.453206 35386.316541 35413.815815 35373.980093 35440.066830 35428.356559 35419.967277 35436.511018 35525.253315 35517.227125 35500.993417 35404.260329 35240.066459 0.000000 0.000000
0.000000 0.000000 0.000000 0.000000 0.000000 0.000000 0.000000 0.000000 0.000000 0.000000 0.000000 0.000000 0.000000 0.000000 0.000000 0.000000 0.000000 0.000000 0.000000 0.000000 0.000000
0.000000 0.000000 0.000000 0.000000 0.000000 0.000000 0.000000 0.000000 0.000000 0.000000 0.000000 0.000000 0.000000 0.000000 0.000000 0.000000 0.000000 0.000000 0.000000 0.000000 0.000000