geotop/1.0zi/1.0Montebello/Templates/testdem/maps/_Erotot0616.asc
ncols         21
nrows         20
xllcorner     100.000000
yllcorner     100.000000
cellsize      50.000000
NODATA_value  -9999.0
0.000000 0.000000 0.000000 0.000000 0.000000 0.000000 0.000000 0.000000 0.000000 0.000000 0.000000 0.000000 0.000000 0.000000 0.000000 0.000000 0.000000 0.000000 0.000000 0.000000 0.000000
0.000000 0.000000 48.249717 48.250398 48.283031 48.250565 48.249821 48.250206 48.250016 48.249930 48.249903 48.249930 48.250016 48.250206 48.249821 48.250565 48.283031 48.250398 48.249717 0.000000 0.000000
0.000000 0.000000 7.957361 7.740911 5.923712 7.735957 7.983788 7.967936 7.982444 7.989287 7.990351 7.989287 7.982444 7.967936 7.983788 7.735957 5.923712 7.740911 7.957361 0.000000 0.000000
0.000000 0.000000 564.541698 564.792570 564.917691 564.703963 564.608331 564.719417 564.717008 564.652934 564.582601 564.652934 564.717008 564.719417 564.608331 564.703963 564.917691 564.792570 564.541698 0.000000 0.000000
0.000000 0.000000 889.137142 889.089742 888.332753 889.068487 889.137652 889.159371 889.154020 889.158113 889.153439 889.158113 889.154020 889.159371 889.137652 889.068487 888.332753 889.089742 889.137142 0.000000 0.000000
0.000000 0.000000 1204.407778 1204.414249 1203.709524 1204.373258 1204.440553 1204.485463 1204.490134 1204.469283 1204.448533 1204.469283 1204.490134 1204.485463 1204.440553 1204.373258 1203.709524 1204.414249 1204.407778 0.000000 0.000000
0.000000 0.000000 1576.190686 1576.199529 1575.571363 1576.160329 1576.222579 1576.268890 1576.274658 1576.251756 1576.233370 1576.251756 1576.274658 1576.268890 1576.222579 1576.160329 1575.571363 1576.199529 1576.190686 0.000000 0.000000
0.000000 0.000000 1933.472123 1933.480037 1932.898201 1933.443669 1933.502771 1933.548356 1933.554149 1933.531177 1933.514343 1933.531177 1933.554149 1933.548356 1933.502771 1933.443669 1932.898201 1933.480037 1933.472123 0.000000 0.000000
0.000000 0.000000 2274.726451 2274.734220 2274.179569 2274.698981 2274.756145 2274.800992 2274.806799 2274.784004 2274.767811 2274.784004 2274.806799 2274.800992 2274.756145 2274.698981 2274.179569 2274.734220 2274.726451 0.000000 0.000000
0.000000 0.000000 2604.862418 2604.869563 2604.330972 2604.835442 2604.891580 2604.935821 2604.941601 2604.918944 2604.902923 2604.918944 2604.941601 2604.935821 2604.891580 2604.835442 2604.330972 2604.869563 2604.862418 0.000000 0.000000
0.000000 0.000000 2925.625111 2925.631621 2925.102355 2925.598310 2925.653958 2925.697759 2925.703516 2925.680937 2925.664863 2925.680937 2925.703516 2925.697759 2925.653958 2925.598310 2925.102355 2925.631621 2925.625111 0.000000 0.000000
0.000000 0.000000 3238.231970 3238.235570 3237.716489 3238.203940 3238.259016 3238.301602 3238.307808 3238.285386 3238.270337 3238.285386 3238.307808 3238.301602 3238.259016 3238.203940 3237.716489 3238.235570 3238.231970 0.000000 0.000000
0.000000 0.000000 3543.822867 3543.824945 3543.311029 3543.795585 3543.849433 3543.891417 3543.897738 3543.875257 3543.860313 3543.875257 3543.897738 3543.891417 3543.849433 3543.795585 3543.311029 3543.824945 3543.822867 0.000000 0.000000
0.000000 0.000000 3845.989828 3845.990070 3845.480381 3845.961078 3846.016074 3846.057966 3846.064426 3846.041933 3846.026861 3846.041933 3846.064426 3846.057966 3846.016074 3845.961078 3845.480381 3845.990070 3845.989828 0.000000 0.000000
0.000000 0.000000 4143.884430 4143.885073 4143.373316 4143.855851 4143.910885 4143.952354 4143.958897 4143.936359 4143.920513 4143.936359 4143.958897 4143.952354 4143.910885 4143.855851 4143.373316 4143.885073 4143.884430 0.000000 0.000000
0.000000 0.000000 4439.317551 4439.319456 4438.817196 4439.290274 4439.344776 4439.386180 4439.392733 4439.370126 4439.353703 4439.370126 4439.392733 4439.386180 4439.344776 4439.290274 4438.817196 4439.319456 4439.317548 0.000000 0.000000
0.000000 0.000000 4730.473892 4730.474069 4729.968666 4730.446041 4730.501048 4730.541798 4730.548454 4730.525789 4730.509064 4730.525789 4730.548454 4730.541798 4730.501048 4730.446041 4729.968666 4730.474057 4730.473512 0.000000 0.000000
0.000000 0.000000 5029.068305 5029.190198 5028.685557 5029.159693 5029.214923 5029.255642 5029.262611 5029.239871 5029.222900 5029.239871 5029.262611 5029.255642 5029.214923 5029.159692 5028.685544 5029.188314 5029.187454 0.000000 0.000000
0.000000 0.000000 0.000000 0.000000 0.000000 0.000000 0.000000 0.000000 0.000000 0.000000 0.000000 0.000000 0.000000 0.000000 0.000000 0.000000 0.000000 0.000000 0.000000 0.000000 0.000000
0.000000 0.000000 0.000000 0.000000 0.000000 0.000000 0.000000 0.000000 0.000000 0.000000 0.000000 0.000000 0.000000 0.000000 0.000000 0.000000 0.000000 0.000000 0.000000 0.000000 0.000000