geotop/1.0zi/1.0Montebello/Templates/testdem/maps/_Erotot3324.asc
ncols         21
nrows         20
xllcorner     100.000000
yllcorner     100.000000
cellsize      50.000000
NODATA_value  -9999.0
0.000000 0.000000 0.000000 0.000000 0.000000 0.000000 0.000000 0.000000 0.000000 0.000000 0.000000 0.000000 0.000000 0.000000 0.000000 0.000000 0.000000 0.000000 0.000000 0.000000 0.000000
0.000000 0.000000 355.544272 355.547125 355.550679 355.669476 355.538601 355.543072 355.516886 355.557434 355.572556 355.557434 355.516886 355.543072 355.538601 355.669476 355.550679 355.547125 355.544272 0.000000 0.000000
0.000000 0.000000 11.697470 11.458732 9.702126 11.383389 11.697091 11.624173 11.742893 11.637930 12.004632 11.637930 11.742893 11.624173 11.697091 11.383389 9.702126 11.458732 11.697470 0.000000 0.000000
0.000000 0.000000 2599.934898 2599.683226 2599.910349 2598.098395 2600.096144 2599.518342 2599.412117 2600.233331 2600.377821 2600.233331 2599.412117 2599.518342 2600.096144 2598.098395 2599.910349 2599.683226 2599.934898 0.000000 0.000000
0.000000 0.000000 4931.518061 4931.343737 4930.665702 4931.243370 4931.789183 4931.641092 4931.632118 4931.735608 4931.764286 4931.735608 4931.632118 4931.641092 4931.789183 4931.243370 4930.665702 4931.343737 4931.518061 0.000000 0.000000
0.000000 0.000000 6380.609796 6380.432757 6379.851145 6379.992885 6380.838593 6380.499571 6380.517262 6380.807586 6381.039136 6380.807586 6380.517262 6380.499571 6380.838593 6379.992885 6379.851145 6380.432757 6380.609796 0.000000 0.000000
0.000000 0.000000 8226.988270 8226.848698 8226.318686 8226.445933 8227.178510 8226.879460 8226.896999 8227.149271 8227.378648 8227.149271 8226.896999 8226.879460 8227.178510 8226.445933 8226.318686 8226.848698 8226.988270 0.000000 0.000000
0.000000 0.000000 9936.676096 9936.564323 9936.079459 9936.209873 9936.837621 9936.577476 9936.593256 9936.815863 9937.022675 9936.815863 9936.593256 9936.577476 9936.837621 9936.209873 9936.079459 9936.564323 9936.676096 0.000000 0.000000
0.000000 0.000000 11511.985387 11511.886916 11511.431867 11511.560746 11512.135706 11511.897368 11511.909083 11512.114962 11512.309571 11512.114962 11511.909083 11511.897368 11512.135706 11511.560746 11511.431867 11511.886916 11511.985387 0.000000 0.000000
0.000000 0.000000 12976.788447 12976.718542 12976.281530 12976.447126 12976.929782 12976.715315 12976.729487 12976.913819 12977.091251 12976.913819 12976.729487 12976.715315 12976.929782 12976.447126 12976.281530 12976.718542 12976.788447 0.000000 0.000000
0.000000 0.000000 14340.390771 14340.314555 14339.903089 14340.043818 14340.529961 14340.320259 14340.330522 14340.512362 14340.679509 14340.512362 14340.330522 14340.320259 14340.529961 14340.043818 14339.903089 14340.314555 14340.390771 0.000000 0.000000
0.000000 0.000000 15627.855407 15627.782768 15627.398863 15627.534709 15628.003866 15627.804742 15627.810723 15627.990848 15628.147205 15627.990848 15627.810723 15627.804742 15628.003866 15627.534709 15627.398863 15627.782768 15627.855407 0.000000 0.000000
0.000000 0.000000 16845.952247 16845.885670 16845.512847 16845.649525 16846.092829 16845.902590 16845.907574 16846.082561 16846.228963 16846.082561 16845.907574 16845.902590 16846.092829 16845.649525 16845.512847 16845.885670 16845.952247 0.000000 0.000000
0.000000 0.000000 18010.031247 18009.972359 18009.613043 18009.765814 18010.169707 18009.988054 18009.994727 18010.161429 18010.300676 18010.161429 18009.994727 18009.988054 18010.169707 18009.765814 18009.613043 18009.972359 18010.031247 0.000000 0.000000
0.000000 0.000000 19121.559603 19121.495921 19121.144884 19121.284941 19121.686828 19121.513620 19121.520577 19121.684967 19121.817195 19121.684967 19121.520577 19121.513620 19121.686828 19121.284941 19121.144884 19121.495921 19121.559603 0.000000 0.000000
0.000000 0.000000 20185.027248 20184.965988 20184.627696 20184.759956 20185.147555 20184.979711 20184.986455 20185.143864 20185.271804 20185.143864 20184.986455 20184.979711 20185.147555 20184.759956 20184.627696 20184.965988 20185.027244 0.000000 0.000000
0.000000 0.000000 21205.973401 21205.913220 21205.580937 21205.716532 21206.087080 21205.925723 21205.932638 21206.085448 21206.205824 21206.085448 21205.932638 21205.925723 21206.087080 21205.716532 21205.580937 21205.913200 21205.973304 0.000000 0.000000
0.000000 0.000000 22237.720842 22238.193982 22237.870322 22238.001378 22238.362616 22238.206341 22238.212156 22238.360195 22238.476788 22238.360195 22238.212156 22238.206341 22238.362616 22238.001378 22237.870304 22238.190626 22238.247832 0.000000 0.000000
0.000000 0.000000 0.000000 0.000000 0.000000 0.000000 0.000000 0.000000 0.000000 0.000000 0.000000 0.000000 0.000000 0.000000 0.000000 0.000000 0.000000 0.000000 0.000000 0.000000 0.000000
0.000000 0.000000 0.000000 0.000000 0.000000 0.000000 0.000000 0.000000 0.000000 0.000000 0.000000 0.000000 0.000000 0.000000 0.000000 0.000000 0.000000 0.000000 0.000000 0.000000 0.000000