geotop/1.0zi/1.0Montebello/Templates/testdem/maps/_Erotot153t.asc
ncols         21
nrows         20
xllcorner     100.000000
yllcorner     100.000000
cellsize      50.000000
NODATA_value  -9999.0
0.000000 0.000000 0.000000 0.000000 0.000000 0.000000 0.000000 0.000000 0.000000 0.000000 0.000000 0.000000 0.000000 0.000000 0.000000 0.000000 0.000000 0.000000 0.000000 0.000000 0.000000
0.000000 0.000000 974.410156 973.757840 972.394546 970.478533 969.112090 968.320447 968.789192 969.472961 969.390735 968.568736 968.526289 968.602157 970.186107 970.709053 973.522862 974.170659 974.758303 0.000000 0.000000
0.000000 0.000000 69.063867 70.064876 68.559748 71.509186 70.833209 70.135324 70.476710 69.297812 70.234891 72.473174 70.211365 70.256501 69.779078 69.295977 67.081441 66.388324 69.454508 0.000000 0.000000
0.000000 0.000000 916.310099 923.680755 902.706537 893.229729 896.777202 886.169678 885.741929 888.634914 880.446228 881.024965 886.110348 890.255272 893.814261 907.029512 912.445475 913.079500 917.804631 0.000000 0.000000
0.000000 0.000000 6039.478742 6021.889204 6023.312291 5978.916145 5945.124775 5928.466037 5923.073794 5916.781066 5922.866075 5929.167002 5931.093510 5919.793364 5943.680525 5952.037618 5971.540399 5984.975306 5986.921405 0.000000 0.000000
0.000000 0.000000 8483.272022 8480.927728 8471.969800 8472.309724 8443.067729 8428.258223 8431.331876 8430.301589 8421.908791 8415.764974 8413.587165 8417.217586 8420.137114 8451.401572 8451.436928 8461.028750 8461.340097 0.000000 0.000000
0.000000 0.000000 10388.808718 10382.326818 10375.332382 10360.015034 10351.882415 10306.117393 10302.846527 10299.036755 10297.677590 10301.259680 10300.688121 10302.205385 10341.657005 10347.437440 10358.765635 10364.606748 10369.131492 0.000000 0.000000
0.000000 0.000000 12683.841780 12678.537898 12668.860631 12643.648922 12630.906519 12622.284621 12618.829457 12616.856520 12613.622642 12610.910416 12609.304386 12616.590090 12615.730913 12630.822792 12649.548308 12647.509301 12654.199488 0.000000 0.000000
0.000000 0.000000 15590.042464 15581.267135 15567.153942 15558.714147 15537.474112 15507.054191 15507.383078 15502.429818 15497.158895 15495.584681 15498.796939 15491.314006 15522.879271 15543.290291 15548.390536 15554.631486 15557.253685 0.000000 0.000000
0.000000 0.000000 19081.510402 19066.064547 19055.384174 19041.871167 19019.935610 18992.926034 18986.656624 18985.253986 18976.223524 18981.093266 18988.380678 18986.219783 18997.163446 19025.437075 19037.575674 19044.231930 19043.038109 0.000000 0.000000
0.000000 0.000000 23147.014431 23135.607992 23129.222649 23077.367425 23076.410739 23033.767031 23044.637956 23018.899239 23025.477212 23019.804079 23006.756038 23022.746139 23042.671019 23052.272553 23074.298219 23080.623860 23104.777070 0.000000 0.000000
0.000000 0.000000 27845.179703 27819.148651 27784.609389 27780.047775 27761.489049 27710.385665 27696.873777 27705.566900 27708.621948 27692.532778 27701.925024 27693.428267 27736.115676 27762.705355 27764.995660 27774.436701 27808.782390 0.000000 0.000000
0.000000 0.000000 32580.577943 32560.154111 32560.765698 32524.441662 32497.960098 32376.524346 32366.106046 32360.670838 32299.782088 32342.017387 32342.223171 32355.341688 32442.421865 32455.840476 32509.783013 32515.327637 32504.802616 0.000000 0.000000
0.000000 0.000000 37093.082170 37098.497369 37058.861647 37046.709873 36921.667482 37024.652546 36991.343440 36991.006033 37021.780820 36990.028319 36987.300513 36966.489232 36877.805272 37026.997564 37015.262334 37048.965820 37065.808599 0.000000 0.000000
0.000000 0.000000 39914.020413 39903.257917 39891.820278 39820.868718 39870.408774 39817.632355 39806.599932 39804.442049 39787.395299 39781.602502 39790.112602 39791.190050 39837.227521 39778.211165 39884.361860 39855.432443 39845.620292 0.000000 0.000000
0.000000 0.000000 41651.714015 41647.708623 41595.734475 41620.755588 41621.103426 41618.382027 41645.057218 41633.438739 41645.465200 41639.715678 41630.565784 41643.588998 41638.467314 41644.779694 41580.752785 41659.386437 41651.769420 0.000000 0.000000
0.000000 0.000000 43066.598501 43018.730850 43058.714694 43022.868121 43002.267541 42997.203424 42974.837843 42982.094303 42959.617670 42962.835887 42973.566087 42964.765836 42976.323423 42980.368728 43049.199318 42985.471296 43032.447912 0.000000 0.000000
0.000000 0.000000 43581.510854 43655.459007 43682.750054 43690.324871 43703.726351 43665.497135 43680.512436 43665.505868 43689.484321 43685.115958 43681.411973 43687.165154 43717.534624 43704.765214 43684.549124 43666.673292 43596.467055 0.000000 0.000000
0.000000 0.000000 0.000000 0.000000 0.000000 0.000000 0.000000 0.000000 0.000000 0.000000 0.000000 0.000000 0.000000 0.000000 0.000000 0.000000 0.000000 0.000000 0.000000 0.000000 0.000000
0.000000 0.000000 0.000000 0.000000 0.000000 0.000000 0.000000 0.000000 0.000000 0.000000 0.000000 0.000000 0.000000 0.000000 0.000000 0.000000 0.000000 0.000000 0.000000 0.000000 0.000000