geotop/1.0zi/1.0Montebello/Templates/testdem/maps/_Erotot3693.asc
ncols         21
nrows         20
xllcorner     100.000000
yllcorner     100.000000
cellsize      50.000000
NODATA_value  -9999.0
0.000000 0.000000 0.000000 0.000000 0.000000 0.000000 0.000000 0.000000 0.000000 0.000000 0.000000 0.000000 0.000000 0.000000 0.000000 0.000000 0.000000 0.000000 0.000000 0.000000 0.000000
0.000000 0.000000 271.796621 271.310642 271.055981 270.908937 270.937282 270.995490 271.027405 271.025746 271.011622 271.018248 271.019316 271.060449 270.931526 270.950769 271.125665 271.098793 271.238099 0.000000 0.000000
0.000000 0.000000 21.610867 22.152614 22.427608 23.191000 23.249251 22.950961 23.094739 23.015149 23.081468 23.286868 22.922800 22.795023 22.703708 22.561041 21.760030 21.227376 21.110490 0.000000 0.000000
0.000000 0.000000 135.719459 136.944019 130.258985 127.955458 128.296697 123.391924 122.040686 121.667477 120.948972 120.675247 121.991022 120.709944 123.304834 128.264944 129.029097 131.487428 134.393310 0.000000 0.000000
0.000000 0.000000 1235.797245 1236.587431 1236.121049 1221.591280 1210.098451 1205.928809 1210.401332 1205.370477 1211.130709 1212.347505 1211.642224 1211.318552 1223.128072 1227.237013 1236.889762 1238.834958 1237.502813 0.000000 0.000000
0.000000 0.000000 2260.799895 2258.230780 2255.574506 2255.112188 2246.567231 2241.490388 2238.781860 2240.742477 2239.132697 2238.134661 2238.543614 2241.184829 2241.571082 2250.389071 2251.534280 2251.015596 2254.372353 0.000000 0.000000
0.000000 0.000000 2738.209289 2733.713501 2728.526138 2719.919095 2709.944001 2696.700658 2697.849839 2694.812368 2697.837678 2697.177883 2699.282523 2704.069266 2718.749809 2724.281302 2731.419072 2735.407227 2738.649093 0.000000 0.000000
0.000000 0.000000 3157.364365 3157.771624 3157.066208 3151.778949 3149.935381 3146.288671 3146.876160 3147.362430 3145.098205 3145.363008 3145.200561 3144.821966 3148.372101 3152.399120 3154.456865 3153.698973 3154.502084 0.000000 0.000000
0.000000 0.000000 3706.613083 3706.166651 3702.051076 3699.773076 3693.867964 3684.650138 3684.844633 3683.011985 3683.903298 3684.453798 3684.473190 3686.527014 3693.106509 3700.445986 3700.838131 3701.815551 3705.158210 0.000000 0.000000
0.000000 0.000000 4321.681352 4320.179891 4318.618782 4313.712793 4303.807820 4299.142555 4300.567563 4299.845758 4300.007378 4299.918621 4300.373873 4300.279035 4308.639138 4314.811049 4317.677059 4318.358611 4319.450913 0.000000 0.000000
0.000000 0.000000 4965.733819 4964.065988 4960.871526 4957.439986 4953.690896 4943.794527 4944.072047 4941.723671 4942.191132 4942.833220 4943.148935 4944.347856 4950.211028 4952.715951 4957.634627 4959.483702 4962.187605 0.000000 0.000000
0.000000 0.000000 5630.992330 5629.683935 5626.176674 5618.368703 5611.925954 5604.394917 5603.463355 5603.103499 5603.384521 5602.521784 5603.609846 5605.155056 5615.144104 5620.777893 5624.613486 5625.537790 5641.640846 0.000000 0.000000
0.000000 0.000000 6292.897859 6290.985301 6287.233516 6283.065030 6274.578926 6258.542040 6258.745350 6257.248989 6257.348738 6257.766345 6258.087792 6260.105203 6274.120506 6281.835228 6285.399040 6286.827412 6288.897210 0.000000 0.000000
0.000000 0.000000 6995.885129 6993.124439 6989.133935 6984.114957 6967.147653 6973.877245 6968.800537 6967.909363 6968.537476 6968.550193 6968.878138 6970.106760 6966.436006 6981.457600 6985.777350 6990.594205 6990.332962 0.000000 0.000000
0.000000 0.000000 7740.851461 7735.597335 7730.106488 7719.767595 7715.024167 7700.398613 7693.205541 7691.834175 7688.188990 7687.467072 7689.784439 7689.056729 7700.296771 7708.330519 7726.301247 7722.481585 7723.543121 0.000000 0.000000
0.000000 0.000000 8472.401210 8471.867766 8454.464765 8455.242819 8452.915494 8451.677473 8453.705318 8453.707991 8456.259239 8456.072600 8454.986096 8460.678900 8460.182230 8459.727774 8451.388633 8469.097886 8472.870066 0.000000 0.000000
0.000000 0.000000 9300.098907 9283.333272 9274.473720 9266.097829 9251.538621 9245.982598 9244.492147 9244.046822 9241.163107 9241.243068 9242.630234 9242.329696 9247.735242 9262.165026 9274.661432 9275.429969 9292.495439 0.000000 0.000000
0.000000 0.000000 9925.056393 9926.124763 9939.995308 9929.806246 9922.348010 9905.609660 9904.362032 9902.141314 9903.387725 9903.025140 9903.368795 9905.588221 9922.605288 9930.807253 9941.816668 9922.449339 9925.191723 0.000000 0.000000
0.000000 0.000000 0.000000 0.000000 0.000000 0.000000 0.000000 0.000000 0.000000 0.000000 0.000000 0.000000 0.000000 0.000000 0.000000 0.000000 0.000000 0.000000 0.000000 0.000000 0.000000
0.000000 0.000000 0.000000 0.000000 0.000000 0.000000 0.000000 0.000000 0.000000 0.000000 0.000000 0.000000 0.000000 0.000000 0.000000 0.000000 0.000000 0.000000 0.000000 0.000000 0.000000