geotop/1.0zi/1.0Montebello/Templates/testdem/maps/_Erotot3804.asc
ncols         21
nrows         20
xllcorner     100.000000
yllcorner     100.000000
cellsize      50.000000
NODATA_value  -9999.0
0.000000 0.000000 0.000000 0.000000 0.000000 0.000000 0.000000 0.000000 0.000000 0.000000 0.000000 0.000000 0.000000 0.000000 0.000000 0.000000 0.000000 0.000000 0.000000 0.000000 0.000000
0.000000 0.000000 281.533548 281.094393 280.905824 280.758221 280.787559 280.845370 280.879747 280.878413 280.863959 280.869825 280.869430 280.911837 280.781512 280.799939 280.975649 280.882759 280.975741 0.000000 0.000000
0.000000 0.000000 22.427425 22.979636 23.257321 23.996747 23.641614 23.647906 23.232293 23.158266 23.221891 23.580633 23.329840 23.154854 23.587731 23.355668 22.515007 21.963570 21.837575 0.000000 0.000000
0.000000 0.000000 136.442094 137.507647 130.741415 128.238539 129.279200 124.189370 123.359645 122.979383 122.172020 121.747421 122.885076 121.422928 123.897123 128.953598 129.792677 131.963877 134.848529 0.000000 0.000000
0.000000 0.000000 1254.740966 1260.881819 1266.918523 1258.696976 1249.311911 1243.346892 1246.644783 1240.614756 1246.021853 1248.113493 1248.380602 1249.283809 1257.758515 1255.183932 1254.641668 1255.853501 1254.858520 0.000000 0.000000
0.000000 0.000000 2339.759019 2334.809078 2329.305102 2326.956483 2318.210290 2313.190020 2310.588664 2312.635099 2311.008172 2310.065029 2310.302231 2312.923172 2313.630382 2325.300778 2330.507924 2329.929280 2332.924731 0.000000 0.000000
0.000000 0.000000 2807.859834 2803.353708 2798.313094 2789.501726 2779.492883 2765.916765 2767.086635 2764.019150 2767.017382 2766.324839 2768.181971 2773.206828 2788.340464 2794.416961 2800.968778 2804.574851 2807.701389 0.000000 0.000000
0.000000 0.000000 3237.164014 3237.967304 3237.665708 3232.305845 3230.339347 3226.523242 3227.053531 3227.497870 3225.179151 3225.427210 3225.069988 3224.976329 3228.962530 3233.105618 3233.968391 3232.914308 3233.675694 0.000000 0.000000
0.000000 0.000000 3798.596049 3798.468362 3794.665324 3792.564274 3786.877815 3777.353273 3777.405682 3775.476014 3776.303315 3776.918472 3776.893905 3779.229590 3785.787655 3793.210233 3792.545582 3793.283596 3796.612633 0.000000 0.000000
0.000000 0.000000 4427.399359 4426.351179 4425.240093 4420.600372 4410.876216 4405.827324 4407.085751 4406.239194 4406.316494 4406.338215 4406.811214 4407.074207 4415.404435 4421.443425 4423.063401 4423.345645 4424.345143 0.000000 0.000000
0.000000 0.000000 5087.536542 5086.376515 5083.645834 5080.520137 5076.956856 5066.630702 5066.730807 5064.239274 5064.616235 5065.390822 5065.741186 5067.328797 5073.139619 5075.454174 5079.080495 5080.491133 5083.099303 0.000000 0.000000
0.000000 0.000000 5770.143403 5769.388788 5766.357175 5758.839050 5752.558289 5744.574662 5743.439940 5742.943366 5743.133556 5742.399401 5743.558625 5745.515206 5755.487669 5760.917828 5763.380929 5763.824238 5779.863713 0.000000 0.000000
0.000000 0.000000 6450.037366 6448.719164 6445.460495 6441.619389 6433.282243 6416.509164 6416.511899 6414.858646 6414.858286 6415.429321 6415.825847 6418.288877 6432.506183 6439.996561 6442.122482 6443.038556 6444.958230 0.000000 0.000000
0.000000 0.000000 7173.247816 7171.116234 7167.650783 7162.966565 7145.822521 7152.275608 7146.939472 7145.889558 7146.420913 7146.588640 7147.010051 7148.704843 7144.798248 7159.871258 7162.682173 7166.975577 7166.542699 0.000000 0.000000
0.000000 0.000000 7940.002544 7935.513511 7930.492323 7920.122976 7915.666941 7900.539375 7893.047770 7891.500479 7887.705192 7887.161452 7889.658559 7889.389792 7900.484362 7908.057646 7924.907993 7920.420651 7921.298380 0.000000 0.000000
0.000000 0.000000 8694.440944 8694.661987 8677.312652 8678.676072 8676.685646 8675.069025 8676.910833 8676.752226 8679.240469 8679.241519 8678.240803 8684.543301 8683.763897 8682.742549 8672.404012 8690.082219 8693.718111 0.000000 0.000000
0.000000 0.000000 9548.609439 9531.927627 9523.621501 9515.655434 9501.191990 9495.198869 9493.437107 9492.791901 9489.724473 9490.012423 9491.598172 9491.766055 9496.974906 9511.098558 9521.877925 9521.880984 9539.434357 0.000000 0.000000
0.000000 0.000000 10192.573762 10194.743684 10209.994223 10200.236116 10193.008663 10175.394234 10173.849181 10171.392845 10172.581280 10172.416860 10172.904549 10175.749563 10192.934640 10200.636796 10209.898049 10189.025418 10191.399290 0.000000 0.000000
0.000000 0.000000 0.000000 0.000000 0.000000 0.000000 0.000000 0.000000 0.000000 0.000000 0.000000 0.000000 0.000000 0.000000 0.000000 0.000000 0.000000 0.000000 0.000000 0.000000 0.000000
0.000000 0.000000 0.000000 0.000000 0.000000 0.000000 0.000000 0.000000 0.000000 0.000000 0.000000 0.000000 0.000000 0.000000 0.000000 0.000000 0.000000 0.000000 0.000000 0.000000 0.000000