geotop/1.0zi/1.0Montebello/Templates/testdem/maps/_Erotot0964.asc
ncols         21
nrows         20
xllcorner     100.000000
yllcorner     100.000000
cellsize      50.000000
NODATA_value  -9999.0
0.000000 0.000000 0.000000 0.000000 0.000000 0.000000 0.000000 0.000000 0.000000 0.000000 0.000000 0.000000 0.000000 0.000000 0.000000 0.000000 0.000000 0.000000 0.000000 0.000000 0.000000
0.000000 0.000000 90.267354 90.268603 90.303048 90.277220 90.262135 90.268638 90.269981 90.265585 90.266105 90.265585 90.269981 90.268638 90.262135 90.277220 90.303048 90.268603 90.267354 0.000000 0.000000
0.000000 0.000000 7.627429 7.409668 5.636120 7.495595 7.660744 7.654108 7.666074 7.671880 7.670644 7.671880 7.666074 7.654108 7.660744 7.495595 5.636120 7.409668 7.627429 0.000000 0.000000
0.000000 0.000000 820.501765 820.064558 820.318358 818.007778 820.464919 820.300851 820.160350 820.460486 820.470978 820.460486 820.160350 820.300851 820.464919 818.007778 820.318358 820.064558 820.501765 0.000000 0.000000
0.000000 0.000000 1434.748448 1434.482109 1433.782340 1434.433755 1434.857113 1434.721357 1434.681064 1434.796657 1434.770104 1434.796657 1434.681064 1434.721357 1434.857113 1434.433755 1433.782340 1434.482109 1434.748448 0.000000 0.000000
0.000000 0.000000 1913.174432 1912.900244 1912.247066 1912.306255 1913.209316 1913.114193 1913.066449 1913.187635 1913.188298 1913.187635 1913.066449 1913.114193 1913.209316 1912.306255 1912.247066 1912.900244 1913.174432 0.000000 0.000000
0.000000 0.000000 2498.320241 2498.096845 2497.497640 2497.574035 2498.337833 2498.271637 2498.238022 2498.336292 2498.335099 2498.336292 2498.238022 2498.271637 2498.337833 2497.574035 2497.497640 2498.096845 2498.320241 0.000000 0.000000
0.000000 0.000000 3052.839116 3052.642350 3052.082218 3052.167699 3052.844011 3052.796348 3052.768838 3052.852586 3052.851119 3052.852586 3052.768838 3052.796348 3052.844011 3052.167699 3052.082218 3052.642350 3052.839116 0.000000 0.000000
0.000000 0.000000 3579.739132 3579.556030 3579.021472 3579.106525 3579.738704 3579.698981 3579.674700 3579.750949 3579.748897 3579.750949 3579.674700 3579.698981 3579.738704 3579.106525 3579.021472 3579.556030 3579.739132 0.000000 0.000000
0.000000 0.000000 4085.806925 4085.653127 4085.127615 4085.252716 4085.799174 4085.774296 4085.757003 4085.817572 4085.815085 4085.817572 4085.757003 4085.774296 4085.799174 4085.252716 4085.127615 4085.653127 4085.806925 0.000000 0.000000
0.000000 0.000000 4572.700991 4572.537396 4572.028706 4572.128145 4572.695016 4572.665726 4572.645439 4572.708952 4572.705448 4572.708952 4572.645439 4572.665726 4572.695016 4572.128145 4572.028706 4572.537396 4572.700991 0.000000 0.000000
0.000000 0.000000 5044.917694 5044.751313 5044.254781 5044.345026 5044.907742 5044.880406 5044.860690 5044.923680 5044.921292 5044.923680 5044.860690 5044.880406 5044.907742 5044.345026 5044.254781 5044.751313 5044.917694 0.000000 0.000000
0.000000 0.000000 5507.316208 5507.151833 5506.661182 5506.752959 5507.304687 5507.278235 5507.258960 5507.320307 5507.317625 5507.320307 5507.258960 5507.278235 5507.304687 5506.752959 5506.661182 5507.151833 5507.316208 0.000000 0.000000
0.000000 0.000000 5960.938647 5960.780185 5960.294325 5960.406714 5960.924868 5960.902791 5960.885861 5960.942176 5960.939170 5960.942176 5960.885861 5960.902791 5960.924868 5960.406714 5960.294325 5960.780185 5960.938647 0.000000 0.000000
0.000000 0.000000 6407.778685 6407.616462 6407.131465 6407.232453 6407.764422 6407.741459 6407.723295 6407.781166 6407.777755 6407.781166 6407.723295 6407.741459 6407.764422 6407.232453 6407.131465 6407.616462 6407.778685 0.000000 0.000000
0.000000 0.000000 6849.074574 6848.914850 6848.440534 6848.536085 6849.060436 6849.038793 6849.021079 6849.077607 6849.073847 6849.077607 6849.021079 6849.038793 6849.060436 6848.536085 6848.440534 6848.914850 6849.074571 0.000000 0.000000
0.000000 0.000000 7283.216262 7283.054448 7282.578617 7282.675467 7283.202291 7283.178807 7283.160528 7283.217827 7283.213705 7283.217827 7283.160528 7283.178807 7283.202291 7282.675467 7282.578617 7283.054433 7283.216004 0.000000 0.000000
0.000000 0.000000 7734.848388 7734.908776 7734.435579 7734.522005 7735.056305 7735.031654 7735.013185 7735.071923 7735.067919 7735.071923 7735.013185 7735.031654 7735.056305 7734.522005 7734.435564 7734.906254 7735.070488 0.000000 0.000000
0.000000 0.000000 0.000000 0.000000 0.000000 0.000000 0.000000 0.000000 0.000000 0.000000 0.000000 0.000000 0.000000 0.000000 0.000000 0.000000 0.000000 0.000000 0.000000 0.000000 0.000000
0.000000 0.000000 0.000000 0.000000 0.000000 0.000000 0.000000 0.000000 0.000000 0.000000 0.000000 0.000000 0.000000 0.000000 0.000000 0.000000 0.000000 0.000000 0.000000 0.000000 0.000000