geotop/1.0zi/1.0Montebello/Templates/testdem/maps/_Erotot8838.asc
ncols         21
nrows         20
xllcorner     100.000000
yllcorner     100.000000
cellsize      50.000000
NODATA_value  -9999.0
0.000000 0.000000 0.000000 0.000000 0.000000 0.000000 0.000000 0.000000 0.000000 0.000000 0.000000 0.000000 0.000000 0.000000 0.000000 0.000000 0.000000 0.000000 0.000000 0.000000 0.000000
0.000000 0.000000 702.157896 702.809959 702.255557 702.349128 701.338957 701.471933 701.554293 701.628357 702.009520 701.375473 701.265075 701.303026 701.701049 701.821217 702.637477 703.220228 703.372600 0.000000 0.000000
0.000000 0.000000 54.586928 53.616893 53.909241 53.838527 54.496527 54.134916 53.758996 53.626950 53.831190 54.157369 54.214592 54.336523 54.141081 53.698177 52.423327 51.571131 52.173341 0.000000 0.000000
0.000000 0.000000 429.731080 431.059637 418.129196 411.699528 411.100916 405.397604 410.374319 412.222890 408.408150 406.738515 410.182136 409.883810 418.208653 426.480365 430.322194 424.954045 431.928775 0.000000 0.000000
0.000000 0.000000 3830.900128 3827.873637 3829.518379 3797.423101 3774.513278 3762.479938 3756.864870 3749.701388 3758.782838 3765.683433 3764.323530 3759.478738 3778.791452 3783.011229 3798.496023 3810.048879 3809.736043 0.000000 0.000000
0.000000 0.000000 5893.889122 5888.487818 5882.517888 5884.107050 5862.350864 5850.129667 5853.661275 5853.499439 5849.356323 5843.366950 5841.683331 5845.768476 5845.730966 5870.384999 5871.656711 5877.704048 5880.123288 0.000000 0.000000
0.000000 0.000000 7302.809215 7297.704181 7294.925679 7284.303993 7275.602097 7243.367472 7243.779877 7241.250636 7241.102558 7245.454301 7246.067651 7247.002708 7279.470431 7285.238948 7293.504722 7295.986651 7300.897100 0.000000 0.000000
0.000000 0.000000 8663.267035 8661.309236 8657.892803 8646.128942 8640.719566 8637.264316 8638.094908 8636.269904 8636.688792 8632.573644 8631.462093 8638.845057 8637.026704 8645.451680 8659.524484 8655.696103 8661.671458 0.000000 0.000000
0.000000 0.000000 10422.753813 10418.639685 10412.432243 10410.234663 10395.634436 10377.377109 10380.213675 10376.209629 10373.456625 10373.088662 10375.962923 10369.798737 10393.466998 10407.204422 10408.518612 10410.671751 10413.997512 0.000000 0.000000
0.000000 0.000000 12458.889560 12452.416238 12452.293942 12446.391141 12423.586088 12413.192442 12412.748154 12411.666296 12408.081046 12412.523414 12415.616176 12415.317376 12422.267175 12440.618774 12448.036116 12450.464654 12449.587897 0.000000 0.000000
0.000000 0.000000 14708.800609 14707.682468 14705.713541 14678.515090 14672.806354 14652.984543 14661.374484 14644.432473 14650.738418 14647.114021 14639.760485 14650.517270 14664.453861 14667.730336 14682.528306 14686.261565 14700.699196 0.000000 0.000000
0.000000 0.000000 17190.175904 17181.833701 17168.751837 17166.416576 17151.009818 17129.093499 17127.440219 17130.544209 17136.971710 17124.535130 17131.538321 17129.693341 17155.180396 17167.246573 17167.558426 17171.514934 17196.124216 0.000000 0.000000
0.000000 0.000000 19810.209161 19801.585740 19806.138689 19784.036851 19775.619419 19711.794983 19709.582837 19708.736899 19680.817600 19699.211083 19701.783361 19708.850321 19756.206752 19764.556018 19793.702102 19791.028187 19797.939780 0.000000 0.000000
0.000000 0.000000 22896.760172 22899.597251 22880.349837 22873.786677 22789.818659 22827.220944 22808.083433 22809.575031 22822.553335 22811.636272 22810.745654 22800.443871 22764.708044 22859.342375 22861.938580 22885.701848 22898.186905 0.000000 0.000000
0.000000 0.000000 26355.781113 26342.878524 26329.023452 26232.316729 26270.200300 26217.922530 26196.221444 26192.087923 26171.827023 26160.404687 26170.350419 26170.921272 26225.473097 26189.493081 26328.066615 26291.901499 26285.540323 0.000000 0.000000
0.000000 0.000000 29819.891493 29814.907785 29681.452233 29744.932592 29734.412267 29734.612942 29802.292766 29781.392039 29814.549800 29806.218956 29782.286800 29816.562191 29806.597561 29819.498546 29668.458114 29874.814739 29865.071157 0.000000 0.000000
0.000000 0.000000 33638.306411 33464.541001 33541.990357 33468.785821 33379.546828 33358.837291 33296.579394 33315.022489 33253.808279 33262.302544 33296.960062 33262.883822 33309.447032 33365.735129 33539.310781 33389.173902 33572.509983 0.000000 0.000000
0.000000 0.000000 34530.783816 34704.152713 34835.071086 34841.746198 34857.938109 34740.846920 34769.674023 34728.575063 34797.619169 34785.476878 34776.623469 34794.241058 34886.405217 34877.584456 34859.605221 34760.501103 34589.183309 0.000000 0.000000
0.000000 0.000000 0.000000 0.000000 0.000000 0.000000 0.000000 0.000000 0.000000 0.000000 0.000000 0.000000 0.000000 0.000000 0.000000 0.000000 0.000000 0.000000 0.000000 0.000000 0.000000
0.000000 0.000000 0.000000 0.000000 0.000000 0.000000 0.000000 0.000000 0.000000 0.000000 0.000000 0.000000 0.000000 0.000000 0.000000 0.000000 0.000000 0.000000 0.000000 0.000000 0.000000