geotop/1.0zi/1.0Montebello/Templates/testdem/maps/_Erotot6188.asc
ncols         21
nrows         20
xllcorner     100.000000
yllcorner     100.000000
cellsize      50.000000
NODATA_value  -9999.0
0.000000 0.000000 0.000000 0.000000 0.000000 0.000000 0.000000 0.000000 0.000000 0.000000 0.000000 0.000000 0.000000 0.000000 0.000000 0.000000 0.000000 0.000000 0.000000 0.000000 0.000000
0.000000 0.000000 473.760444 472.891701 472.689697 472.960156 472.418828 472.483966 472.427839 472.606008 472.994435 472.306739 472.245222 472.324901 472.474059 472.390513 473.096870 473.310726 473.301991 0.000000 0.000000
0.000000 0.000000 35.290816 36.018910 36.323855 37.038480 37.240201 37.023749 36.852504 36.630873 36.906153 37.206819 37.013750 37.251081 37.171377 36.946653 35.632144 34.786919 35.110494 0.000000 0.000000
0.000000 0.000000 193.172560 193.873518 186.289612 183.937593 185.308110 180.225960 179.329642 179.456401 177.746480 175.799822 178.244468 175.984088 180.269969 185.945437 185.849872 188.170694 192.372518 0.000000 0.000000
0.000000 0.000000 1890.292408 1894.537647 1898.498831 1878.573631 1863.547449 1852.116490 1855.167308 1851.706617 1855.675867 1860.332670 1857.119632 1855.504485 1865.405339 1866.135965 1874.630673 1882.586639 1884.007655 0.000000 0.000000
0.000000 0.000000 3431.904413 3426.637783 3423.559418 3418.531486 3409.422601 3402.077979 3400.098879 3400.177764 3398.541098 3395.712334 3392.896195 3395.391092 3397.394327 3413.646999 3419.088003 3423.359302 3425.768560 0.000000 0.000000
0.000000 0.000000 4580.805604 4578.149871 4574.810350 4570.543528 4557.475803 4540.167915 4540.269502 4536.683422 4538.661383 4541.450571 4543.534587 4544.724304 4564.899576 4574.583476 4579.119730 4580.526575 4585.952165 0.000000 0.000000
0.000000 0.000000 5256.505326 5257.755216 5256.295020 5249.636463 5248.826308 5241.366907 5241.866013 5242.210607 5240.858086 5238.364934 5238.110483 5241.856514 5242.551906 5245.497414 5254.140227 5252.570780 5255.997055 0.000000 0.000000
0.000000 0.000000 6212.695264 6209.860068 6205.205562 6205.811015 6198.867434 6187.963426 6188.357980 6185.659900 6183.063127 6184.162712 6185.295150 6180.405744 6194.289495 6202.897221 6205.376601 6206.430151 6208.306064 0.000000 0.000000
0.000000 0.000000 7319.357056 7316.808342 7318.432363 7317.403154 7302.267319 7294.564764 7295.914843 7294.956442 7292.762972 7295.824433 7299.128850 7297.409867 7301.315495 7312.361172 7316.677974 7317.080268 7318.177794 0.000000 0.000000
0.000000 0.000000 8514.606846 8514.650173 8514.233920 8499.452928 8496.586442 8485.397182 8488.916043 8479.667678 8481.996504 8480.911323 8476.035080 8483.794222 8488.955380 8490.731963 8497.815526 8504.002569 8511.780808 0.000000 0.000000
0.000000 0.000000 9769.153858 9764.344752 9758.763936 9756.614845 9752.283496 9736.823601 9735.685876 9734.779856 9741.418634 9734.107890 9736.203010 9735.948640 9752.472139 9756.351463 9758.240557 9758.956730 9779.102427 0.000000 0.000000
0.000000 0.000000 11043.238243 11041.144729 11041.745468 11033.789890 11029.367775 11000.709655 10999.195411 10998.774892 10983.808811 10992.959161 10996.984104 10999.482607 11017.603897 11021.928057 11036.784023 11036.364616 11043.622982 0.000000 0.000000
0.000000 0.000000 12444.754520 12445.983252 12438.377584 12436.885431 12406.943611 12415.589644 12404.735236 12406.208065 12407.273763 12406.588223 12405.169218 12401.777950 12391.862846 12424.363814 12430.196487 12441.443968 12449.074981 0.000000 0.000000
0.000000 0.000000 13965.803354 13960.543582 13956.676024 13929.426096 13929.598635 13912.848947 13899.361085 13897.603234 13892.279221 13885.648014 13889.014410 13887.419005 13903.782673 13907.591592 13952.643663 13943.383916 13943.872378 0.000000 0.000000
0.000000 0.000000 15535.439375 15534.548390 15494.050333 15494.427923 15499.580701 15491.831709 15510.285273 15502.318253 15508.762958 15503.927131 15498.035875 15507.839290 15511.919854 15511.432103 15488.332110 15545.450844 15538.752566 0.000000 0.000000
0.000000 0.000000 17330.773079 17280.277072 17278.809611 17267.488933 17239.496317 17231.638478 17221.935594 17225.371713 17209.730087 17210.158958 17216.234919 17215.426070 17229.142718 17242.307209 17277.932868 17269.084256 17325.515049 0.000000 0.000000
0.000000 0.000000 18539.282414 18557.556933 18610.168251 18602.935590 18588.577594 18546.036909 18547.357263 18531.921626 18545.673828 18543.302288 18548.966381 18545.201648 18582.624440 18594.906706 18619.647257 18566.223630 18548.470576 0.000000 0.000000
0.000000 0.000000 0.000000 0.000000 0.000000 0.000000 0.000000 0.000000 0.000000 0.000000 0.000000 0.000000 0.000000 0.000000 0.000000 0.000000 0.000000 0.000000 0.000000 0.000000 0.000000
0.000000 0.000000 0.000000 0.000000 0.000000 0.000000 0.000000 0.000000 0.000000 0.000000 0.000000 0.000000 0.000000 0.000000 0.000000 0.000000 0.000000 0.000000 0.000000 0.000000 0.000000