geotop/1.0zi/1.0Montebello/Templates/testdem/maps/_Erotot1651.asc
ncols         21
nrows         20
xllcorner     100.000000
yllcorner     100.000000
cellsize      50.000000
NODATA_value  -9999.0
0.000000 0.000000 0.000000 0.000000 0.000000 0.000000 0.000000 0.000000 0.000000 0.000000 0.000000 0.000000 0.000000 0.000000 0.000000 0.000000 0.000000 0.000000 0.000000 0.000000 0.000000
0.000000 0.000000 183.969590 183.971518 184.007857 183.991544 183.959770 183.971820 183.973811 183.966417 183.967439 183.966417 183.973811 183.971820 183.959770 183.991544 184.007857 183.971518 183.969590 0.000000 0.000000
0.000000 0.000000 9.690010 9.469661 7.691537 9.541228 9.735266 9.715445 9.724377 9.734293 9.731849 9.734293 9.724377 9.715445 9.735266 9.541228 7.691537 9.469661 9.690010 0.000000 0.000000
0.000000 0.000000 1307.337383 1307.125711 1307.315805 1305.361977 1307.643899 1307.227615 1307.176922 1307.770623 1307.725803 1307.770623 1307.176922 1307.227615 1307.643899 1305.361977 1307.315805 1307.125711 1307.337383 0.000000 0.000000
0.000000 0.000000 2437.773106 2437.560686 2436.964161 2437.656726 2438.112086 2437.915861 2437.871665 2438.024626 2437.978220 2438.024626 2437.871665 2437.915861 2438.112086 2437.656726 2436.964161 2437.560686 2437.773106 0.000000 0.000000
0.000000 0.000000 3196.572652 3196.404139 3195.796258 3195.999045 3196.892791 3196.644778 3196.618750 3196.857480 3196.833656 3196.857480 3196.618750 3196.644778 3196.892791 3195.999045 3195.796258 3196.404139 3196.572652 0.000000 0.000000
0.000000 0.000000 4167.883925 4167.748478 4167.185208 4167.382292 4168.149087 4167.937406 4167.922084 4168.119880 4168.099847 4168.119880 4167.922084 4167.937406 4168.149087 4167.382292 4167.185208 4167.748478 4167.883925 0.000000 0.000000
0.000000 0.000000 5088.923777 5088.811890 5088.283013 5088.476663 5089.147216 5088.966113 5088.952689 5089.125528 5089.106477 5089.125528 5088.952689 5088.966113 5089.147216 5088.476663 5088.283013 5088.811890 5088.923777 0.000000 0.000000
0.000000 0.000000 5958.334474 5958.230885 5957.724104 5957.911169 5958.538899 5958.370648 5958.358815 5958.522204 5958.504591 5958.522204 5958.358815 5958.370648 5958.538899 5957.911169 5957.724104 5958.230885 5958.334474 0.000000 0.000000
0.000000 0.000000 6786.704486 6786.627663 6786.129021 6786.351363 6786.890973 6786.741518 6786.736547 6786.881661 6786.864015 6786.881661 6786.736547 6786.741518 6786.890973 6786.351363 6786.129021 6786.627663 6786.704486 0.000000 0.000000
0.000000 0.000000 7578.186333 7578.100087 7577.617868 7577.812580 7578.368389 7578.217290 7578.209312 7578.355791 7578.337250 7578.355791 7578.209312 7578.217290 7578.368389 7577.812580 7577.617868 7578.100087 7578.186333 0.000000 0.000000
0.000000 0.000000 8341.421858 8341.333181 8340.864484 8341.048893 8341.595205 8341.448639 8341.441410 8341.585372 8341.568051 8341.585372 8341.441410 8341.448639 8341.595205 8341.048893 8340.864484 8341.333181 8341.421858 0.000000 0.000000
0.000000 0.000000 9083.224082 9083.137990 9082.673283 9082.857902 9083.389101 9083.245377 9083.238741 9083.379823 9083.361996 9083.379823 9083.238741 9083.245377 9083.389101 9082.857902 9082.673283 9083.137990 9083.224082 0.000000 0.000000
0.000000 0.000000 9803.848060 9803.768524 9803.309806 9803.513066 9804.008774 9803.869994 9803.865846 9804.001625 9803.983384 9804.001625 9803.865846 9803.869994 9804.008774 9803.513066 9803.309806 9803.768524 9803.848060 0.000000 0.000000
0.000000 0.000000 10507.821422 10507.739014 10507.279698 10507.471561 10507.976424 10507.837488 10507.832326 10507.969318 10507.950667 10507.969318 10507.832326 10507.837488 10507.976424 10507.471561 10507.279698 10507.739014 10507.821422 0.000000 0.000000
0.000000 0.000000 11196.502737 11196.421305 11195.971706 11196.155748 11196.651295 11196.515894 11196.510874 11196.644533 11196.626142 11196.644533 11196.510874 11196.515894 11196.651295 11196.155748 11195.971706 11196.421305 11196.502733 0.000000 0.000000
0.000000 0.000000 11869.142796 11869.061998 11868.610485 11868.797342 11869.288606 11869.152382 11869.147255 11869.279484 11869.260262 11869.279484 11869.147255 11869.152382 11869.288606 11868.797342 11868.610485 11869.061978 11869.142447 0.000000 0.000000
0.000000 0.000000 12560.279427 12560.523645 12560.078578 12560.256921 12560.748881 12560.611918 12560.606895 12560.740831 12560.721485 12560.740831 12560.606895 12560.611918 12560.748881 12560.256921 12560.078560 12560.520400 12560.601010 0.000000 0.000000
0.000000 0.000000 0.000000 0.000000 0.000000 0.000000 0.000000 0.000000 0.000000 0.000000 0.000000 0.000000 0.000000 0.000000 0.000000 0.000000 0.000000 0.000000 0.000000 0.000000 0.000000
0.000000 0.000000 0.000000 0.000000 0.000000 0.000000 0.000000 0.000000 0.000000 0.000000 0.000000 0.000000 0.000000 0.000000 0.000000 0.000000 0.000000 0.000000 0.000000 0.000000 0.000000