geotop/1.0zi/1.0Montebello/Templates/testdem/maps/_Erotot6337.asc
ncols         21
nrows         20
xllcorner     100.000000
yllcorner     100.000000
cellsize      50.000000
NODATA_value  -9999.0
0.000000 0.000000 0.000000 0.000000 0.000000 0.000000 0.000000 0.000000 0.000000 0.000000 0.000000 0.000000 0.000000 0.000000 0.000000 0.000000 0.000000 0.000000 0.000000 0.000000 0.000000
0.000000 0.000000 491.393563 492.253052 491.975989 492.273597 491.720001 491.779596 491.737742 491.904026 492.305010 491.609486 491.537113 491.628723 491.781094 491.686112 492.414657 492.614413 492.604126 0.000000 0.000000
0.000000 0.000000 37.057338 35.915391 35.995753 36.138457 36.393371 36.204741 36.017886 35.802268 36.049309 36.378936 36.196061 36.408028 36.282377 36.033250 34.720563 33.960489 34.650956 0.000000 0.000000
0.000000 0.000000 222.479862 225.303619 215.164675 212.756287 212.984333 207.795318 207.332450 206.847647 205.238057 203.199318 205.820968 203.693764 208.511678 214.535228 216.464531 217.877535 222.935554 0.000000 0.000000
0.000000 0.000000 2056.587516 2059.969142 2064.978459 2043.749990 2028.763873 2016.967701 2019.595522 2016.614912 2020.453556 2025.141416 2021.811694 2020.412419 2030.691261 2031.616097 2040.134613 2048.666312 2049.855206 0.000000 0.000000
0.000000 0.000000 3581.141159 3575.902101 3572.682668 3567.825634 3557.533477 3549.622861 3548.150634 3547.674108 3545.910496 3543.298958 3540.340578 3543.019929 3545.265108 3561.846137 3567.204481 3571.773478 3574.212711 0.000000 0.000000
0.000000 0.000000 4761.359435 4758.967402 4755.246158 4750.438188 4737.376578 4720.064316 4719.620260 4716.155666 4718.017222 4720.867733 4722.951246 4724.002022 4744.797848 4754.559555 4759.425370 4761.026522 4766.510823 0.000000 0.000000
0.000000 0.000000 5477.502730 5478.957906 5477.028443 5469.827798 5468.952555 5461.191369 5461.742812 5462.144758 5460.819655 5458.231361 5457.973462 5462.010014 5462.928830 5465.969144 5475.274296 5473.619697 5477.508208 0.000000 0.000000
0.000000 0.000000 6477.407103 6474.567305 6469.380214 6469.865444 6462.387188 6451.032525 6451.656365 6448.487358 6446.077157 6446.996853 6448.090999 6443.335880 6457.811541 6466.625658 6469.621356 6470.903271 6472.959702 0.000000 0.000000
0.000000 0.000000 7632.128098 7629.775906 7631.094461 7629.445716 7613.454132 7605.831930 7606.814796 7606.059496 7603.790585 7606.813966 7610.330189 7608.485512 7612.935970 7624.507934 7629.197092 7629.764491 7631.014583 0.000000 0.000000
0.000000 0.000000 8879.807074 8880.199460 8878.997387 8863.622110 8860.645953 8848.838353 8852.804252 8842.889377 8845.417054 8844.435151 8839.404225 8847.429663 8852.804557 8854.636667 8862.587345 8868.709536 8877.075448 0.000000 0.000000
0.000000 0.000000 10193.016656 10188.736643 10182.499886 10179.892940 10174.593832 10158.844158 10157.432533 10156.818827 10163.321813 10155.741371 10157.919134 10157.833461 10175.067324 10179.270067 10181.347228 10182.522819 10203.116003 0.000000 0.000000
0.000000 0.000000 11530.212929 11527.451105 11527.901765 11519.128346 11514.592341 11484.238047 11482.630876 11482.126190 11466.631167 11476.202903 11480.197373 11482.899221 11502.247573 11506.816029 11522.903445 11522.198034 11529.943949 0.000000 0.000000
0.000000 0.000000 13003.174245 13004.711284 12996.286180 12994.089699 12962.270778 12971.196731 12960.113672 12961.497263 12962.747502 12962.274728 12960.288931 12956.818154 12946.611707 12981.480976 12987.737429 12999.599164 13007.615020 0.000000 0.000000
0.000000 0.000000 14607.282271 14602.688715 14597.976025 14567.995086 14568.095314 14550.603898 14536.701924 14534.700174 14529.066117 14521.753970 14525.990892 14524.340685 14541.768137 14545.042866 14593.561001 14583.753372 14584.479092 0.000000 0.000000
0.000000 0.000000 16267.271273 16266.567070 16222.159845 16223.239427 16228.132603 16220.191787 16240.025101 16231.245378 16238.820241 16233.381387 16226.919516 16238.100962 16242.277550 16241.633449 16216.386569 16278.090597 16271.332259 0.000000 0.000000
0.000000 0.000000 18176.612465 18121.200196 18120.322553 18106.998068 18075.585022 18067.807206 18056.966268 18060.937545 18043.404240 18044.490193 18051.435571 18049.437235 18063.818225 18079.382403 18118.927577 18107.773401 18170.308896 0.000000 0.000000
0.000000 0.000000 19426.127272 19449.719225 19507.704712 19499.781133 19485.872212 19438.227599 19439.836751 19423.086126 19438.902884 19436.086062 19441.634675 19438.442831 19480.709075 19492.317404 19518.100289 19459.799679 19437.291780 0.000000 0.000000
0.000000 0.000000 0.000000 0.000000 0.000000 0.000000 0.000000 0.000000 0.000000 0.000000 0.000000 0.000000 0.000000 0.000000 0.000000 0.000000 0.000000 0.000000 0.000000 0.000000 0.000000
0.000000 0.000000 0.000000 0.000000 0.000000 0.000000 0.000000 0.000000 0.000000 0.000000 0.000000 0.000000 0.000000 0.000000 0.000000 0.000000 0.000000 0.000000 0.000000 0.000000 0.000000