geotop/1.0zi/1.0Montebello/Templates/testdem/maps/_Erotot1640.asc
ncols         21
nrows         20
xllcorner     100.000000
yllcorner     100.000000
cellsize      50.000000
NODATA_value  -9999.0
0.000000 0.000000 0.000000 0.000000 0.000000 0.000000 0.000000 0.000000 0.000000 0.000000 0.000000 0.000000 0.000000 0.000000 0.000000 0.000000 0.000000 0.000000 0.000000 0.000000 0.000000
0.000000 0.000000 183.769806 183.771731 183.808065 183.791728 183.759999 183.772032 183.774021 183.766637 183.767657 183.766637 183.774021 183.772032 183.759999 183.791728 183.808065 183.771731 183.769806 0.000000 0.000000
0.000000 0.000000 9.725472 9.505130 7.727021 9.576747 9.770711 9.750910 9.759843 9.769743 9.767300 9.769743 9.759843 9.750910 9.770711 9.576747 7.727021 9.505130 9.725472 0.000000 0.000000
0.000000 0.000000 1297.532392 1297.320489 1297.510092 1295.555656 1297.839078 1297.422615 1297.371919 1297.965992 1297.921212 1297.965992 1297.371919 1297.422615 1297.839078 1295.555656 1297.510092 1297.320489 1297.532392 0.000000 0.000000
0.000000 0.000000 2421.079174 2420.866666 2420.269930 2420.962366 2421.418243 2421.221934 2421.177734 2421.330838 2421.284432 2421.330838 2421.177734 2421.221934 2421.418243 2420.962366 2420.269930 2420.866666 2421.079174 0.000000 0.000000
0.000000 0.000000 3172.318944 3172.150278 3171.542006 3171.744576 3172.639249 3172.391089 3172.365051 3172.604008 3172.580198 3172.604008 3172.365051 3172.391089 3172.639249 3171.744576 3171.542006 3172.150278 3172.318944 0.000000 0.000000
0.000000 0.000000 4135.035176 4134.899584 4134.335868 4134.532832 4135.300494 4135.088670 4135.073345 4135.271358 4135.251335 4135.271358 4135.073345 4135.088670 4135.300494 4134.532832 4134.335868 4134.899584 4135.035176 0.000000 0.000000
0.000000 0.000000 5048.241866 5048.129841 5047.600472 5047.794058 5048.465460 5048.284213 5048.270782 5048.443835 5048.424788 5048.443835 5048.270782 5048.284213 5048.465460 5047.794058 5047.600472 5048.129841 5048.241866 0.000000 0.000000
0.000000 0.000000 5910.573240 5910.469498 5909.962171 5910.149207 5910.777836 5910.609425 5910.597586 5910.761207 5910.743597 5910.761207 5910.597586 5910.609425 5910.777836 5910.149207 5909.962171 5910.469498 5910.573240 0.000000 0.000000
0.000000 0.000000 6732.484874 6732.407906 6731.908652 6732.131024 6732.671544 6732.521920 6732.516946 6732.662299 6732.644650 6732.662299 6732.516946 6732.521920 6732.671544 6732.131024 6731.908652 6732.407906 6732.484874 0.000000 0.000000
0.000000 0.000000 7517.987785 7517.901380 7517.418488 7517.613260 7518.170047 7518.018757 7518.010776 7518.157511 7518.138963 7518.157511 7518.010776 7518.018757 7518.170047 7517.613260 7517.418488 7517.901380 7517.987785 0.000000 0.000000
0.000000 0.000000 8275.626954 8275.538099 8275.068670 8275.253154 8275.800523 8275.653749 8275.646514 8275.790754 8275.773425 8275.790754 8275.646514 8275.653749 8275.800523 8275.253154 8275.068670 8275.538099 8275.626954 0.000000 0.000000
0.000000 0.000000 9012.144617 9012.058322 9011.592828 9011.777547 9012.309868 9012.165917 9012.159276 9012.300652 9012.282816 9012.300652 9012.159276 9012.165917 9012.309868 9011.777547 9011.592828 9012.058322 9012.144617 0.000000 0.000000
0.000000 0.000000 9727.720052 9727.640311 9727.180734 9727.384152 9727.881006 9727.741985 9727.737834 9727.873922 9727.855666 9727.873922 9727.737834 9727.741985 9727.881006 9727.384152 9727.180734 9727.640311 9727.720052 0.000000 0.000000
0.000000 0.000000 10426.863909 10426.781296 10426.321032 10426.513085 10427.019161 10426.879964 10426.874799 10427.012123 10426.993452 10427.012123 10426.874799 10426.879964 10427.019161 10426.513085 10426.321032 10426.781296 10426.863909 0.000000 0.000000
0.000000 0.000000 11110.912286 11110.830637 11110.380068 11110.564309 11111.061121 11110.925449 11110.920423 11111.054416 11111.036003 11111.054416 11110.920423 11110.925449 11111.061121 11110.564309 11110.380068 11110.830637 11110.912282 0.000000 0.000000
0.000000 0.000000 11779.088576 11779.007562 11778.554981 11778.742062 11779.234685 11779.098146 11779.093010 11779.225607 11779.206353 11779.225607 11779.093010 11779.098146 11779.234685 11778.742062 11778.554981 11779.007542 11779.088236 0.000000 0.000000
0.000000 0.000000 12466.079345 12466.323250 12465.877104 12466.055686 12466.549078 12466.411777 12466.406747 12466.541075 12466.521696 12466.541075 12466.406747 12466.411777 12466.549078 12466.055686 12465.877086 12466.320013 12466.400862 0.000000 0.000000
0.000000 0.000000 0.000000 0.000000 0.000000 0.000000 0.000000 0.000000 0.000000 0.000000 0.000000 0.000000 0.000000 0.000000 0.000000 0.000000 0.000000 0.000000 0.000000 0.000000 0.000000
0.000000 0.000000 0.000000 0.000000 0.000000 0.000000 0.000000 0.000000 0.000000 0.000000 0.000000 0.000000 0.000000 0.000000 0.000000 0.000000 0.000000 0.000000 0.000000 0.000000 0.000000