geotop/1.0zi/1.0Montebello/Templates/testdem/maps/_Erotot034G.asc
ncols         21
nrows         20
xllcorner     100.000000
yllcorner     100.000000
cellsize      50.000000
NODATA_value  -9999.0
0.000000 0.000000 0.000000 0.000000 0.000000 0.000000 0.000000 0.000000 0.000000 0.000000 0.000000 0.000000 0.000000 0.000000 0.000000 0.000000 0.000000 0.000000 0.000000 0.000000 0.000000
0.000000 0.000000 857.460461 857.598644 856.393692 855.973987 854.348133 853.840919 854.021910 854.012286 854.411194 853.852271 853.662086 853.703124 854.730887 855.323631 856.691841 857.876857 858.590200 0.000000 0.000000
0.000000 0.000000 62.138564 60.832763 61.199461 60.931783 61.772144 61.324682 60.884397 60.792829 60.982492 61.159156 61.348084 61.407415 61.263856 60.759406 59.742915 58.849365 59.572324 0.000000 0.000000
0.000000 0.000000 685.650112 692.622750 675.828132 666.463633 665.039271 656.379032 664.206291 665.770148 662.232903 664.029357 667.982515 667.040046 675.549634 687.109114 691.510895 689.481159 695.317142 0.000000 0.000000
0.000000 0.000000 5032.219596 5025.602725 5022.399364 4980.385014 4953.523168 4937.141880 4929.739876 4925.619073 4929.872490 4934.955344 4935.342506 4929.239665 4949.493788 4956.367515 4976.992198 4990.696194 4991.181768 0.000000 0.000000
0.000000 0.000000 7338.313075 7331.717609 7325.140114 7326.588250 7296.734312 7282.577141 7286.703948 7286.193300 7279.662465 7273.421946 7270.640504 7274.803154 7277.576623 7306.063991 7306.500224 7314.176336 7315.847388 0.000000 0.000000
0.000000 0.000000 9031.700634 9025.662400 9021.316613 9006.055908 8998.725093 8957.369878 8957.375123 8954.379938 8952.369454 8955.785701 8956.597730 8957.593214 8994.502194 8999.351867 9009.911972 9013.775757 9018.750187 0.000000 0.000000
0.000000 0.000000 10894.936870 10890.998152 10883.202940 10862.490009 10850.854939 10846.887980 10847.490195 10845.773137 10843.792185 10840.121369 10839.162572 10846.198121 10845.115616 10857.974197 10875.477627 10873.689800 10879.911716 0.000000 0.000000
0.000000 0.000000 13258.910203 13252.453067 13239.884393 13232.603373 13212.820991 13187.005039 13190.768264 13187.270334 13181.918653 13181.446412 13184.770713 13177.628860 13206.298537 13223.725902 13227.954515 13232.756689 13235.032392 0.000000 0.000000
0.000000 0.000000 16041.021084 16030.292553 16023.333530 16010.308687 15992.441946 15969.187362 15968.520411 15967.141190 15960.067026 15964.727170 15968.033052 15966.932495 15976.645109 16000.821676 16011.301836 16016.573152 16015.490751 0.000000 0.000000
0.000000 0.000000 19201.642873 19196.328337 19191.529806 19149.307574 19147.779560 19113.694261 19123.579643 19103.913712 19108.220638 19103.354912 19094.240764 19106.858062 19125.213033 19132.175341 19151.247106 19155.909860 19176.264578 0.000000 0.000000
0.000000 0.000000 22807.101387 22789.939704 22765.014821 22759.371089 22742.740371 22703.156288 22701.257473 22705.960525 22711.266970 22692.257711 22702.753761 22696.618402 22732.396077 22752.165988 22755.891017 22763.629850 22792.691184 0.000000 0.000000
0.000000 0.000000 26660.359012 26648.585990 26649.593423 26620.007929 26595.433335 26495.957866 26490.650277 26487.913140 26438.435113 26472.003898 26472.271821 26482.368535 26554.985209 26566.598409 26611.847018 26612.321038 26613.357078 0.000000 0.000000
0.000000 0.000000 31148.634086 31149.336114 31111.348064 31092.652650 30959.674871 31044.733032 31012.546319 31016.452208 31044.063558 31017.036553 31014.718886 30994.530269 30913.308626 31068.836667 31064.711172 31103.743763 31121.442277 0.000000 0.000000
0.000000 0.000000 35318.881834 35307.407642 35290.400383 35157.102728 35249.455557 35150.855225 35134.827118 35127.541276 35091.369648 35083.373708 35097.148636 35101.674687 35187.636838 35089.453811 35276.495313 35224.864069 35209.973074 0.000000 0.000000
0.000000 0.000000 38145.090900 38139.290051 38033.275327 38101.755104 38083.756448 38091.579442 38148.603360 38132.724247 38159.934699 38154.991196 38134.421668 38160.106048 38140.817491 38164.164823 38014.733370 38186.827849 38178.474561 0.000000 0.000000
0.000000 0.000000 40295.562105 40225.065572 40255.859906 40230.658180 40190.634868 40192.483949 40169.876471 40178.600957 40154.188839 40158.181667 40170.029895 40159.898502 40168.645413 40189.158065 40249.934918 40194.717100 40269.440888 0.000000 0.000000
0.000000 0.000000 41148.305664 41202.114040 41249.691732 41256.725059 41254.414031 41211.154590 41221.445311 41206.379132 41227.755299 41224.300526 41223.889126 41225.723403 41264.465278 41262.537688 41254.015365 41213.835145 41160.961156 0.000000 0.000000
0.000000 0.000000 0.000000 0.000000 0.000000 0.000000 0.000000 0.000000 0.000000 0.000000 0.000000 0.000000 0.000000 0.000000 0.000000 0.000000 0.000000 0.000000 0.000000 0.000000 0.000000
0.000000 0.000000 0.000000 0.000000 0.000000 0.000000 0.000000 0.000000 0.000000 0.000000 0.000000 0.000000 0.000000 0.000000 0.000000 0.000000 0.000000 0.000000 0.000000 0.000000 0.000000