geotop/1.0zi/1.0Montebello/Templates/testdem/maps/_Erotot7611.asc
ncols         21
nrows         20
xllcorner     100.000000
yllcorner     100.000000
cellsize      50.000000
NODATA_value  -9999.0
0.000000 0.000000 0.000000 0.000000 0.000000 0.000000 0.000000 0.000000 0.000000 0.000000 0.000000 0.000000 0.000000 0.000000 0.000000 0.000000 0.000000 0.000000 0.000000 0.000000 0.000000
0.000000 0.000000 643.968588 644.909383 644.304261 644.462952 643.589058 643.787551 643.734320 643.839121 644.262387 643.594557 643.478145 643.519402 643.866561 643.911049 644.713287 645.298552 645.373477 0.000000 0.000000
0.000000 0.000000 50.192294 48.970319 49.117390 49.493703 49.907819 49.584597 49.319449 49.157284 49.399033 49.734533 49.756161 49.920480 49.669921 49.343943 47.934245 46.997416 47.750305 0.000000 0.000000
0.000000 0.000000 353.350456 354.638016 342.480079 336.723871 337.529909 326.148949 326.218938 327.095112 323.434675 321.600607 323.803057 323.950875 334.259315 341.117480 345.750166 348.702123 353.605350 0.000000 0.000000
0.000000 0.000000 3001.112358 3004.313424 3008.050737 2986.332821 2967.725952 2957.886866 2957.400793 2953.586654 2959.781825 2965.977550 2960.554418 2958.989245 2973.532919 2976.381108 2986.078856 2994.654874 2994.164179 0.000000 0.000000
0.000000 0.000000 4800.116326 4794.374302 4790.814201 4784.920116 4770.466227 4760.808309 4761.590857 4760.458775 4757.197290 4751.423615 4750.588693 4753.791269 4752.968412 4772.406300 4780.356975 4787.228247 4790.266991 0.000000 0.000000
0.000000 0.000000 6073.123063 6070.149396 6065.850832 6059.235663 6045.734065 6024.621306 6023.639951 6019.998902 6021.328213 6025.203555 6026.571262 6027.112327 6054.173586 6063.910909 6069.314291 6072.033287 6077.221206 0.000000 0.000000
0.000000 0.000000 7108.087236 7108.565016 7105.800636 7096.328649 7094.179260 7085.244781 7085.527915 7085.535743 7084.440911 7080.750065 7079.924915 7086.019692 7087.554514 7092.072884 7104.255214 7102.831946 7107.670414 0.000000 0.000000
0.000000 0.000000 8476.190814 8472.011633 8466.026385 8465.967066 8455.382970 8440.616479 8441.832876 8437.584695 8435.357817 8435.343618 8437.578785 8431.886605 8450.075821 8463.568457 8465.231714 8468.835000 8470.157138 0.000000 0.000000
0.000000 0.000000 10044.158508 10040.967261 10041.491290 10037.643854 10017.993300 10008.707942 10008.473618 10008.284589 10004.892237 10008.412590 10011.388496 10010.661042 10017.180526 10030.993319 10038.408814 10040.321324 10041.361999 0.000000 0.000000
0.000000 0.000000 11755.996283 11755.362670 11752.833978 11733.477673 11727.891305 11712.942428 11718.485962 11705.774098 11709.548747 11708.084310 11701.207608 11710.895134 11719.856328 11722.504879 11734.641773 11741.579892 11751.927890 0.000000 0.000000
0.000000 0.000000 13602.431157 13595.052899 13587.595340 13584.346204 13574.874439 13555.576793 13552.328419 13552.914584 13559.956352 13549.510095 13553.245604 13553.226617 13574.852482 13582.818220 13585.616223 13589.551382 13612.114562 0.000000 0.000000
0.000000 0.000000 15512.638151 15508.292779 15508.776521 15495.920891 15489.281109 15443.991559 15442.356084 15441.629422 15421.184306 15433.026368 15437.117544 15441.599709 15473.159560 15479.867682 15502.056523 15501.807815 15509.494581 0.000000 0.000000
0.000000 0.000000 17687.328124 17689.871974 17677.380221 17673.109924 17619.929652 17637.639351 17622.887508 17624.195773 17629.618343 17625.693248 17623.516382 17619.094121 17600.017852 17657.727929 17664.320393 17683.343639 17692.540467 0.000000 0.000000
0.000000 0.000000 20114.598336 20106.983752 20098.797847 20041.853987 20052.287483 20023.762954 20005.284302 20002.645783 19991.815605 19982.132858 19987.435643 19986.129822 20018.784015 20011.181646 20094.921017 20078.609920 20076.549247 0.000000 0.000000
0.000000 0.000000 22651.384000 22648.747609 22566.260206 22587.809338 22589.796927 22579.677811 22617.180461 22603.427524 22620.166206 22612.319843 22599.583508 22621.071200 22623.718002 22624.355936 22558.656721 22678.864876 22670.736431 0.000000 0.000000
0.000000 0.000000 25681.959364 25562.685283 25587.815371 25550.688664 25487.400601 25474.323941 25443.021485 25452.582830 25415.435911 25418.974950 25437.273707 25422.885419 25451.791359 25490.468992 25585.838885 25525.657267 25653.006559 0.000000 0.000000
0.000000 0.000000 27035.560217 27141.463428 27256.611306 27254.437572 27252.106444 27153.940985 27166.565849 27134.712387 27179.912467 27171.510234 27170.677020 27178.229310 27260.914625 27263.681695 27277.985615 27178.921541 27074.713511 0.000000 0.000000
0.000000 0.000000 0.000000 0.000000 0.000000 0.000000 0.000000 0.000000 0.000000 0.000000 0.000000 0.000000 0.000000 0.000000 0.000000 0.000000 0.000000 0.000000 0.000000 0.000000 0.000000
0.000000 0.000000 0.000000 0.000000 0.000000 0.000000 0.000000 0.000000 0.000000 0.000000 0.000000 0.000000 0.000000 0.000000 0.000000 0.000000 0.000000 0.000000 0.000000 0.000000 0.000000