geotop/1.0zi/1.0Montebello/Templates/testdem/maps/_Erotot9718.asc
ncols         21
nrows         20
xllcorner     100.000000
yllcorner     100.000000
cellsize      50.000000
NODATA_value  -9999.0
0.000000 0.000000 0.000000 0.000000 0.000000 0.000000 0.000000 0.000000 0.000000 0.000000 0.000000 0.000000 0.000000 0.000000 0.000000 0.000000 0.000000 0.000000 0.000000 0.000000 0.000000
0.000000 0.000000 811.930143 812.080788 810.900813 810.438124 808.865778 808.428246 808.524506 808.583250 808.936968 808.376304 808.235334 808.269315 809.234447 809.816987 811.177493 812.412050 813.062192 0.000000 0.000000
0.000000 0.000000 61.261950 59.913355 60.207400 59.985690 60.719949 60.227586 59.864671 59.710514 59.947099 60.102907 60.273702 60.347109 60.233157 59.747449 58.723481 57.826623 58.614186 0.000000 0.000000
0.000000 0.000000 536.546360 540.394175 525.977353 518.513225 517.943607 509.941903 517.010019 518.954980 515.058071 515.972651 520.273575 519.686449 528.513629 539.054657 541.959129 540.472997 545.924949 0.000000 0.000000
0.000000 0.000000 4523.574369 4517.731015 4514.062951 4475.410736 4449.139920 4433.684274 4426.179437 4420.146416 4426.016564 4431.628253 4431.639299 4425.695643 4445.908694 4452.204542 4471.105425 4482.479124 4483.519459 0.000000 0.000000
0.000000 0.000000 6727.955352 6721.466512 6716.687665 6718.866251 6690.834165 6678.070472 6681.801821 6680.546665 6675.128792 6668.557578 6666.365893 6670.627951 6672.499638 6699.840221 6699.989662 6707.401340 6709.302688 0.000000 0.000000
0.000000 0.000000 8265.690055 8259.598893 8255.772482 8242.731028 8235.877158 8199.209554 8198.530920 8195.238428 8193.645347 8197.661976 8198.194819 8199.339343 8234.942528 8239.255876 8248.876573 8251.844684 8256.937622 0.000000 0.000000
0.000000 0.000000 9905.205886 9901.160650 9894.471626 9878.749162 9868.218917 9864.074578 9864.669431 9862.186169 9861.089674 9857.070528 9856.411121 9863.526918 9862.128816 9873.667439 9889.443393 9887.063881 9893.310297 0.000000 0.000000
0.000000 0.000000 11985.217384 11978.902230 11970.042109 11964.171393 11946.527444 11923.433876 11926.632313 11922.284724 11918.084282 11917.634167 11920.937633 11914.342696 11941.622555 11957.313753 11960.188220 11964.007707 11966.503866 0.000000 0.000000
0.000000 0.000000 14419.084690 14408.809762 14404.453278 14395.172089 14379.203051 14359.210341 14358.089454 14355.670074 14350.060364 14354.457674 14357.901843 14357.103090 14366.006617 14387.865944 14396.363340 14400.560239 14399.756482 0.000000 0.000000
0.000000 0.000000 17146.782806 17141.655303 17137.911420 17102.266374 17101.683849 17072.385974 17080.835756 17062.000846 17066.958655 17062.577217 17054.523855 17066.245603 17083.112418 17088.710786 17105.046011 17108.463076 17127.268414 0.000000 0.000000
0.000000 0.000000 20213.893022 20198.113822 20177.451022 20174.389748 20161.584145 20127.451327 20125.802870 20127.472556 20133.561136 20117.314400 20125.835717 20122.335963 20153.737144 20170.144602 20172.408145 20178.746740 20205.326937 0.000000 0.000000
0.000000 0.000000 23489.330676 23478.041240 23479.640636 23456.489339 23436.146140 23355.392018 23349.640659 23346.723856 23306.476926 23333.328881 23334.765176 23343.101259 23404.600403 23414.456982 23451.581136 23451.064182 23455.695674 0.000000 0.000000
0.000000 0.000000 27400.680194 27399.342740 27368.794883 27352.795785 27241.767658 27304.578430 27275.892278 27276.724485 27296.449135 27277.156999 27275.315880 27260.190675 27199.073961 27329.812703 27329.477035 27362.151066 27377.872960 0.000000 0.000000
0.000000 0.000000 31550.427164 31538.068841 31518.086233 31387.646011 31463.108759 31375.038458 31354.586988 31346.235409 31314.646551 31303.241682 31317.425176 31319.678695 31398.832770 31319.277776 31502.859222 31454.373371 31442.569956 0.000000 0.000000
0.000000 0.000000 35062.249299 35054.381557 34911.188153 35003.294893 34979.364030 34991.069141 35064.838740 35043.629697 35081.167935 35074.523462 35046.456938 35082.029046 35056.308663 35085.202004 34889.986172 35120.882076 35111.843147 0.000000 0.000000
0.000000 0.000000 38083.539191 37962.476051 38028.001785 37973.394927 37909.999576 37894.199621 37846.967478 37861.234898 37815.461606 37822.344909 37847.744625 37823.080860 37857.922071 37894.647222 38021.857185 37902.320461 38031.231208 0.000000 0.000000
0.000000 0.000000 38989.184118 39067.288620 39148.744758 39142.232362 39139.152776 39072.674921 39081.565163 39059.086406 39090.098122 39084.543050 39085.328239 39088.155811 39141.752278 39147.076233 39157.655380 39082.185073 39005.737975 0.000000 0.000000
0.000000 0.000000 0.000000 0.000000 0.000000 0.000000 0.000000 0.000000 0.000000 0.000000 0.000000 0.000000 0.000000 0.000000 0.000000 0.000000 0.000000 0.000000 0.000000 0.000000 0.000000
0.000000 0.000000 0.000000 0.000000 0.000000 0.000000 0.000000 0.000000 0.000000 0.000000 0.000000 0.000000 0.000000 0.000000 0.000000 0.000000 0.000000 0.000000 0.000000 0.000000 0.000000