geotop/1.0zi/1.0Montebello/Templates/testdem/maps/_Erotot5087.asc
ncols         21
nrows         20
xllcorner     100.000000
yllcorner     100.000000
cellsize      50.000000
NODATA_value  -9999.0
0.000000 0.000000 0.000000 0.000000 0.000000 0.000000 0.000000 0.000000 0.000000 0.000000 0.000000 0.000000 0.000000 0.000000 0.000000 0.000000 0.000000 0.000000 0.000000 0.000000 0.000000
0.000000 0.000000 374.982065 374.079115 373.791096 373.594660 373.563322 373.652670 373.610897 373.771760 373.725113 373.598002 373.666556 373.707080 373.634105 373.684167 373.873936 373.842976 374.393587 0.000000 0.000000
0.000000 0.000000 28.838229 29.794213 30.186466 31.253874 30.803576 30.784536 30.603032 30.389224 30.469667 30.804241 30.484556 30.314547 30.866328 30.501443 29.665921 28.969624 28.323740 0.000000 0.000000
0.000000 0.000000 152.170307 153.520668 146.304763 144.309609 145.498787 140.805272 140.008939 140.102262 138.710340 137.577098 138.693221 137.242834 139.844591 144.627460 144.150759 147.587010 150.306192 0.000000 0.000000
0.000000 0.000000 1517.317233 1521.294199 1526.672856 1508.943026 1497.820744 1489.493863 1492.054368 1486.595922 1490.430713 1494.546095 1494.897782 1495.251220 1504.593902 1503.769297 1510.338499 1515.739400 1517.549001 0.000000 0.000000
0.000000 0.000000 2801.903667 2796.338459 2792.383291 2789.316146 2782.855326 2779.560007 2776.953271 2778.797079 2778.203497 2775.479487 2771.881965 2773.762098 2773.730287 2786.874643 2790.828930 2791.062990 2793.940724 0.000000 0.000000
0.000000 0.000000 3673.952943 3671.470474 3667.389842 3663.875754 3651.437423 3634.891743 3635.548451 3632.473894 3635.047440 3634.880725 3637.796285 3640.134421 3655.302443 3664.186104 3670.505223 3674.548992 3679.990369 0.000000 0.000000
0.000000 0.000000 4253.823337 4253.127538 4253.795917 4248.482083 4247.590246 4242.175681 4242.806568 4243.154972 4240.487037 4241.179487 4240.361160 4239.344691 4242.353407 4246.242999 4249.175090 4249.371081 4249.784363 0.000000 0.000000
0.000000 0.000000 4986.316966 4986.421576 4984.070539 4980.759799 4975.531962 4967.049419 4967.094177 4965.515968 4965.553201 4966.398895 4965.752222 4966.570986 4972.134728 4979.971189 4980.493906 4982.466423 4986.566541 0.000000 0.000000
0.000000 0.000000 5846.661743 5845.663007 5846.125795 5844.935428 5835.548964 5828.950992 5830.528641 5829.590334 5829.542489 5829.331222 5828.813094 5827.447596 5836.911815 5842.374305 5841.825647 5844.126306 5845.107967 0.000000 0.000000
0.000000 0.000000 6766.357948 6764.891952 6764.395555 6756.026583 6752.923273 6742.481491 6742.551536 6740.343922 6740.019608 6741.160111 6740.324443 6740.702453 6745.077650 6749.318405 6758.181723 6759.954201 6763.764738 0.000000 0.000000
0.000000 0.000000 7719.766494 7719.011199 7717.321310 7712.977909 7707.280374 7698.097786 7696.879714 7696.623393 7696.435334 7695.487048 7695.470098 7695.890661 7706.008578 7711.986647 7712.363434 7714.180431 7731.974002 0.000000 0.000000
0.000000 0.000000 8679.239427 8677.554042 8674.840196 8671.299331 8662.869603 8641.038313 8641.368869 8639.684323 8639.270558 8639.865361 8638.630079 8639.393517 8657.933026 8666.273656 8670.824066 8672.614922 8675.550179 0.000000 0.000000
0.000000 0.000000 9718.818338 9715.808829 9714.011265 9709.463052 9687.949202 9695.879681 9689.434197 9688.685576 9688.792739 9689.023870 9688.172585 9688.470771 9681.612816 9702.745286 9706.742312 9712.883903 9713.220601 0.000000 0.000000
0.000000 0.000000 10826.306689 10821.964780 10817.021520 10801.191925 10797.866375 10781.160738 10772.430439 10770.815334 10765.844268 10765.452872 10767.127794 10765.126891 10776.899246 10784.476525 10809.672976 10805.236730 10806.931410 0.000000 0.000000
0.000000 0.000000 11944.069837 11943.862882 11919.562682 11918.120066 11917.439153 11914.881600 11918.061934 11918.437793 11921.319341 11921.004076 11917.785557 11924.494606 11923.200364 11922.186715 11912.606353 11942.146281 11947.719963 0.000000 0.000000
0.000000 0.000000 13207.445464 13177.676606 13167.722543 13161.669693 13142.827748 13134.658799 13132.528498 13131.776022 13127.001512 13127.276649 13128.373557 13125.118814 13131.716164 13151.556359 13165.222450 13165.651367 13196.651057 0.000000 0.000000
0.000000 0.000000 14126.556154 14132.828500 14162.304229 14151.750433 14144.634752 14115.849322 14113.751604 14110.831913 14112.915362 14112.502510 14110.958038 14113.672789 14140.668749 14149.531768 14160.962404 14129.436609 14130.292006 0.000000 0.000000
0.000000 0.000000 0.000000 0.000000 0.000000 0.000000 0.000000 0.000000 0.000000 0.000000 0.000000 0.000000 0.000000 0.000000 0.000000 0.000000 0.000000 0.000000 0.000000 0.000000 0.000000
0.000000 0.000000 0.000000 0.000000 0.000000 0.000000 0.000000 0.000000 0.000000 0.000000 0.000000 0.000000 0.000000 0.000000 0.000000 0.000000 0.000000 0.000000 0.000000 0.000000 0.000000