geotop/1.0zi/1.0Montebello/Templates/testdem/maps/_Erotot4318.asc
ncols         21
nrows         20
xllcorner     100.000000
yllcorner     100.000000
cellsize      50.000000
NODATA_value  -9999.0
0.000000 0.000000 0.000000 0.000000 0.000000 0.000000 0.000000 0.000000 0.000000 0.000000 0.000000 0.000000 0.000000 0.000000 0.000000 0.000000 0.000000 0.000000 0.000000 0.000000 0.000000
0.000000 0.000000 321.694172 321.257459 321.066680 320.922755 320.952185 321.012300 321.050043 321.048522 321.034906 321.038284 321.039782 321.083523 320.949161 320.965598 321.136918 321.046603 321.136970 0.000000 0.000000
0.000000 0.000000 25.787270 26.339669 26.616335 27.322666 26.952850 26.973857 26.539105 26.470065 26.524981 26.908250 26.672135 26.505457 26.995367 26.756025 25.874638 25.308182 25.180749 0.000000 0.000000
0.000000 0.000000 138.989725 140.367803 133.296338 130.673946 131.441201 126.277700 125.456890 125.042084 124.282671 123.801161 124.923023 123.744820 126.629165 131.644744 132.381883 134.763318 137.465108 0.000000 0.000000
0.000000 0.000000 1312.668161 1315.628503 1321.462712 1316.241829 1309.902557 1305.957110 1309.559288 1304.047591 1307.479221 1310.992492 1309.457880 1305.338441 1309.561365 1306.387024 1306.938732 1308.456577 1309.170675 0.000000 0.000000
0.000000 0.000000 2515.058097 2508.018093 2499.288876 2491.479156 2484.204808 2480.275432 2477.546968 2479.460813 2479.076410 2476.262584 2472.309197 2474.616818 2475.093809 2488.067116 2494.239285 2495.028068 2498.875298 0.000000 0.000000
0.000000 0.000000 3136.001461 3131.502973 3127.781872 3123.103672 3114.847829 3100.394802 3101.884491 3098.499602 3101.384410 3100.812433 3103.210238 3104.986306 3118.738274 3125.607880 3132.662636 3136.692094 3139.100764 0.000000 0.000000
0.000000 0.000000 3585.588455 3585.247808 3585.304914 3580.328507 3579.581864 3575.915835 3576.722204 3577.052749 3574.583104 3575.753448 3573.945674 3572.146979 3574.764905 3578.484969 3579.979112 3579.035221 3580.528146 0.000000 0.000000
0.000000 0.000000 4206.266710 4205.293837 4201.419537 4199.819368 4195.819272 4187.222611 4187.622147 4185.748005 4186.364324 4186.767145 4185.696311 4185.937037 4190.402279 4197.808442 4197.717601 4198.943395 4202.621423 0.000000 0.000000
0.000000 0.000000 4913.124279 4910.898075 4909.609181 4905.481847 4897.522053 4893.236685 4894.863681 4893.974106 4893.971652 4894.096386 4892.815462 4890.759009 4897.287290 4903.415160 4905.770141 4906.565614 4908.023161 0.000000 0.000000
0.000000 0.000000 5660.432317 5658.067149 5655.073736 5652.577942 5650.882398 5641.182496 5641.643536 5639.106562 5639.331359 5640.190656 5638.732280 5637.912349 5641.948330 5644.409944 5648.781353 5650.703469 5653.840765 0.000000 0.000000
0.000000 0.000000 6437.455039 6435.489061 6432.146083 6425.087593 6420.693998 6413.363439 6412.533733 6412.028966 6412.097331 6411.343744 6410.634602 6410.094023 6418.433455 6424.125279 6427.392996 6428.329778 6445.198070 0.000000 0.000000
0.000000 0.000000 7214.229394 7211.606428 7207.996768 7204.783779 7198.288883 7180.765514 7181.175240 7179.453803 7179.314097 7179.874821 7177.980290 7177.948502 7192.134673 7199.911189 7202.883854 7204.278066 7206.726004 0.000000 0.000000
0.000000 0.000000 8042.718870 8039.217900 8035.341765 8030.964004 8013.626340 8021.273199 8016.009258 8014.966243 8015.311398 8015.490577 8014.008307 8013.381484 8007.632863 8024.810263 8028.377402 8033.334180 8033.430071 0.000000 0.000000
0.000000 0.000000 8924.819308 8918.984932 8913.166062 8901.368984 8898.777207 8883.761779 8876.304623 8874.667816 8870.525042 8869.904579 8870.578008 8867.801913 8877.608214 8885.653645 8905.494929 8901.306110 8902.799540 0.000000 0.000000
0.000000 0.000000 9800.395703 9799.139389 9778.503526 9780.518329 9780.594655 9779.943858 9782.504103 9782.393998 9785.011766 9784.916760 9781.476661 9785.615680 9782.739203 9781.674223 9771.470778 9793.044673 9797.580915 0.000000 0.000000
0.000000 0.000000 10791.733783 10769.321415 10759.535132 10751.488549 10738.035090 10732.362335 10730.946633 10730.180095 10726.622572 10726.875121 10726.496576 10723.494057 10727.280226 10743.037054 10755.697044 10756.608852 10778.797227 0.000000 0.000000
0.000000 0.000000 11531.324535 11532.529626 11550.118641 11540.126112 11534.376340 11514.949228 11513.674415 11510.962194 11512.368776 11512.053646 11510.150505 11510.595601 11528.490078 11537.066175 11548.364940 11524.927766 11527.954476 0.000000 0.000000
0.000000 0.000000 0.000000 0.000000 0.000000 0.000000 0.000000 0.000000 0.000000 0.000000 0.000000 0.000000 0.000000 0.000000 0.000000 0.000000 0.000000 0.000000 0.000000 0.000000 0.000000
0.000000 0.000000 0.000000 0.000000 0.000000 0.000000 0.000000 0.000000 0.000000 0.000000 0.000000 0.000000 0.000000 0.000000 0.000000 0.000000 0.000000 0.000000 0.000000 0.000000 0.000000