geotop/1.0zi/1.0Montebello/Templates/testdem/maps/_Erotot9175.asc
ncols         21
nrows         20
xllcorner     100.000000
yllcorner     100.000000
cellsize      50.000000
NODATA_value  -9999.0
0.000000 0.000000 0.000000 0.000000 0.000000 0.000000 0.000000 0.000000 0.000000 0.000000 0.000000 0.000000 0.000000 0.000000 0.000000 0.000000 0.000000 0.000000 0.000000 0.000000 0.000000
0.000000 0.000000 723.136431 723.708751 723.131132 723.213270 722.180733 722.291573 722.377056 722.449690 722.837046 722.201785 722.093978 722.140335 722.540153 722.693279 723.513176 724.119014 724.277545 0.000000 0.000000
0.000000 0.000000 56.388279 55.312392 55.627193 55.559333 56.376544 56.071383 55.695027 55.564153 55.763995 56.090559 56.147993 56.260122 56.023618 55.418615 54.152568 53.283195 53.889097 0.000000 0.000000
0.000000 0.000000 428.240583 430.052666 416.970390 410.740831 410.175454 404.315229 409.314111 410.990937 407.042864 405.447476 408.865790 408.373270 416.863750 425.333784 429.147602 423.562113 430.840066 0.000000 0.000000
0.000000 0.000000 3999.346632 3992.822370 3986.840405 3953.476385 3927.571354 3914.955875 3907.478683 3900.883947 3908.400527 3914.785341 3913.132440 3908.117726 3927.809194 3932.261954 3948.235982 3959.324315 3959.441804 0.000000 0.000000
0.000000 0.000000 6162.870373 6157.558133 6152.854132 6155.036620 6130.706934 6118.760150 6122.302848 6121.575940 6117.172030 6110.805529 6109.110014 6113.376019 6113.182069 6139.353486 6140.247219 6147.436786 6149.594999 0.000000 0.000000
0.000000 0.000000 7594.457152 7589.069221 7585.288123 7574.021806 7566.387079 7529.447592 7532.183691 7529.448051 7528.806210 7532.976117 7533.512294 7535.186946 7567.996314 7572.778301 7581.964301 7583.794647 7589.001209 0.000000 0.000000
0.000000 0.000000 9039.708555 9036.798105 9031.664126 9019.488456 9012.576412 9010.305702 9010.046391 9007.971371 9007.940935 9003.567981 9002.430369 9009.648178 9007.834855 9017.182274 9031.772218 9028.190670 9034.352425 0.000000 0.000000
0.000000 0.000000 10897.735818 10892.379411 10885.292214 10882.235120 10866.080567 10845.392923 10848.436986 10844.153878 10840.697774 10840.041214 10842.892479 10836.792200 10861.761453 10875.535511 10877.515261 10879.982353 10882.573101 0.000000 0.000000
0.000000 0.000000 13055.775171 13048.129940 13044.929528 13037.743051 13014.644565 13001.916774 13001.482149 12999.583003 12995.331921 12999.499323 13002.571411 13002.354592 13009.530849 13029.073217 13037.102191 13039.751418 13039.324660 0.000000 0.000000
0.000000 0.000000 15452.147883 15449.282936 15447.234061 15416.645497 15410.432664 15387.706698 15395.838501 15378.800642 15384.338564 15380.157550 15372.474377 15383.728780 15398.393322 15402.399722 15417.455836 15421.208902 15437.044836 0.000000 0.000000
0.000000 0.000000 18111.118750 18099.324745 18082.214635 18080.737584 18063.318986 18037.650585 18037.166263 18038.366493 18045.294404 18030.513331 18038.126683 18036.128608 18063.178309 18076.349850 18077.921418 18081.812183 18106.946953 0.000000 0.000000
0.000000 0.000000 20929.951781 20922.074796 20924.162222 20897.652635 20886.947965 20816.877810 20813.744613 20812.691714 20781.163002 20801.032148 20803.354773 20811.041216 20862.379831 20871.672318 20901.955704 20900.670303 20907.373089 0.000000 0.000000
0.000000 0.000000 24275.150490 24275.569698 24251.840317 24243.399439 24150.389205 24194.289138 24171.776558 24172.825651 24187.046668 24173.672200 24172.337612 24161.252048 24117.975119 24223.501059 24226.013755 24251.605650 24264.919500 0.000000 0.000000
0.000000 0.000000 27991.858594 27977.047229 27958.945322 27850.249689 27897.514639 27832.883893 27810.085801 27804.550277 27780.329649 27767.874012 27779.090364 27780.262719 27844.024643 27796.855485 27951.584067 27911.552549 27904.027172 0.000000 0.000000
0.000000 0.000000 31587.213587 31580.147725 31434.970381 31510.814661 31494.976594 31499.042262 31572.407880 31550.022953 31585.681000 31577.031948 31550.377309 31587.014032 31570.051609 31586.344541 31413.547157 31637.566189 31627.919506 0.000000 0.000000
0.000000 0.000000 35307.196667 35139.982466 35220.745039 35146.486156 35060.929353 35039.284223 34975.851391 34993.794086 34932.324825 34940.596624 34974.898450 34940.750942 34986.456869 35039.856595 35213.231372 35056.618261 35232.848036 0.000000 0.000000
0.000000 0.000000 36154.537339 36303.698518 36419.925331 36423.453552 36434.487013 36329.396576 36353.166318 36316.283350 36375.675224 36364.638055 36358.023420 36372.182349 36454.082121 36448.778511 36436.814172 36344.641581 36196.146394 0.000000 0.000000
0.000000 0.000000 0.000000 0.000000 0.000000 0.000000 0.000000 0.000000 0.000000 0.000000 0.000000 0.000000 0.000000 0.000000 0.000000 0.000000 0.000000 0.000000 0.000000 0.000000 0.000000
0.000000 0.000000 0.000000 0.000000 0.000000 0.000000 0.000000 0.000000 0.000000 0.000000 0.000000 0.000000 0.000000 0.000000 0.000000 0.000000 0.000000 0.000000 0.000000 0.000000 0.000000