geotop/1.0zi/1.0Montebello/Templates/testdem/maps/_Erotot3071.asc
ncols         21
nrows         20
xllcorner     100.000000
yllcorner     100.000000
cellsize      50.000000
NODATA_value  -9999.0
0.000000 0.000000 0.000000 0.000000 0.000000 0.000000 0.000000 0.000000 0.000000 0.000000 0.000000 0.000000 0.000000 0.000000 0.000000 0.000000 0.000000 0.000000 0.000000 0.000000 0.000000
0.000000 0.000000 333.699643 333.702474 333.706008 333.824814 333.694080 333.698427 333.672777 333.712820 333.728474 333.712820 333.672777 333.698427 333.694080 333.824814 333.706008 333.702474 333.699643 0.000000 0.000000
0.000000 0.000000 12.141058 11.902664 10.145566 11.827016 12.139490 12.069828 12.171740 12.080692 12.437997 12.080692 12.171740 12.069828 12.139490 11.827016 10.145566 11.902664 12.141058 0.000000 0.000000
0.000000 0.000000 2456.503182 2456.138678 2456.323805 2454.493286 2456.363656 2455.893800 2455.864636 2456.702674 2456.850956 2456.702674 2455.864636 2455.893800 2456.363656 2454.493286 2456.323805 2456.138678 2456.503182 0.000000 0.000000
0.000000 0.000000 4632.424325 4632.253824 4631.610919 4632.194983 4632.737518 4632.606351 4632.574908 4632.712613 4632.730599 4632.712613 4632.574908 4632.606351 4632.737518 4632.194983 4631.610919 4632.253824 4632.424325 0.000000 0.000000
0.000000 0.000000 6010.421468 6010.206357 6009.624907 6009.766544 6010.557570 6010.280590 6010.306579 6010.627180 6010.849194 6010.627180 6010.306579 6010.280590 6010.557570 6009.766544 6009.624907 6010.206357 6010.421468 0.000000 0.000000
0.000000 0.000000 7752.858869 7752.679191 7752.148834 7752.274856 7752.951850 7752.713535 7752.743493 7753.023637 7753.245200 7753.023637 7752.743493 7752.713535 7752.951850 7752.274856 7752.148834 7752.679191 7752.858869 0.000000 0.000000
0.000000 0.000000 9368.448302 9368.298170 9367.811191 9367.940296 9368.517412 9368.313315 9368.341459 9368.592291 9368.791186 9368.592291 9368.341459 9368.313315 9368.517412 9367.940296 9367.811191 9368.298170 9368.448302 0.000000 0.000000
0.000000 0.000000 10858.750602 10858.615438 10858.156699 10858.284228 10858.813199 10858.626959 10858.650956 10858.884914 10859.071823 10858.884914 10858.650956 10858.626959 10858.813199 10858.284228 10858.156699 10858.615438 10858.750602 0.000000 0.000000
0.000000 0.000000 12247.812072 12247.707248 12247.265241 12247.429932 12247.869930 12247.704382 12247.730527 12247.942735 12248.112606 12247.942735 12247.730527 12247.704382 12247.869930 12247.429932 12247.265241 12247.707248 12247.812072 0.000000 0.000000
0.000000 0.000000 13543.216558 13543.106774 13542.689287 13542.829330 13543.276221 13543.112501 13543.134265 13543.343949 13543.503714 13543.343949 13543.134265 13543.112501 13543.276221 13542.829330 13542.689287 13543.106774 13543.216558 0.000000 0.000000
0.000000 0.000000 14769.729649 14769.623202 14769.228691 14769.363179 14769.794778 14769.638840 14769.656988 14769.862080 14770.012020 14769.862080 14769.656988 14769.638840 14769.794778 14769.363179 14769.228691 14769.623202 14769.729649 0.000000 0.000000
0.000000 0.000000 15934.643246 15934.544279 15934.161147 15934.297021 15934.707801 15934.556741 15934.573617 15934.774316 15934.915002 15934.774316 15934.573617 15934.556741 15934.707801 15934.297021 15934.161147 15934.544279 15934.643246 0.000000 0.000000
0.000000 0.000000 17049.684824 17049.593958 17049.222419 17049.374895 17049.747069 17049.603129 17049.621339 17049.812449 17049.946520 17049.812449 17049.621339 17049.603129 17049.747069 17049.374895 17049.222419 17049.593958 17049.684824 0.000000 0.000000
0.000000 0.000000 18117.469219 18117.376105 18117.010194 18117.150145 18117.525335 18117.383340 18117.400451 18117.586528 18117.715202 18117.586528 18117.400451 18117.383340 18117.525335 18117.150145 18117.010194 18117.376105 18117.469219 0.000000 0.000000
0.000000 0.000000 19141.591119 19141.500552 19141.147137 19141.279573 19141.641146 19141.504427 19141.521336 19141.700869 19141.825304 19141.700869 19141.521336 19141.504427 19141.641146 19141.279573 19141.147137 19141.500552 19141.591116 0.000000 0.000000
0.000000 0.000000 20127.453477 20127.365426 20127.017591 20127.153851 20127.502435 20127.368494 20127.385270 20127.560223 20127.677506 20127.560223 20127.385270 20127.368494 20127.502435 20127.153851 20127.017591 20127.365405 20127.453422 0.000000 0.000000
0.000000 0.000000 21129.554538 21130.000093 21129.660746 21129.792732 21130.133010 21130.003538 21130.018575 21130.189005 21130.302694 21130.189005 21130.018575 21130.003538 21130.133010 21129.792732 21129.660728 21129.996737 21130.081333 0.000000 0.000000
0.000000 0.000000 0.000000 0.000000 0.000000 0.000000 0.000000 0.000000 0.000000 0.000000 0.000000 0.000000 0.000000 0.000000 0.000000 0.000000 0.000000 0.000000 0.000000 0.000000 0.000000
0.000000 0.000000 0.000000 0.000000 0.000000 0.000000 0.000000 0.000000 0.000000 0.000000 0.000000 0.000000 0.000000 0.000000 0.000000 0.000000 0.000000 0.000000 0.000000 0.000000 0.000000