geotop/1.0zi/1.0Montebello/Templates/testdem/maps/_Erotot5341.asc
ncols         21
nrows         20
xllcorner     100.000000
yllcorner     100.000000
cellsize      50.000000
NODATA_value  -9999.0
0.000000 0.000000 0.000000 0.000000 0.000000 0.000000 0.000000 0.000000 0.000000 0.000000 0.000000 0.000000 0.000000 0.000000 0.000000 0.000000 0.000000 0.000000 0.000000 0.000000 0.000000
0.000000 0.000000 394.397203 393.605105 393.451764 393.249816 393.222777 393.300112 393.256384 393.427059 393.343546 393.124876 393.101184 393.145769 393.259495 393.146340 393.349010 393.531750 393.930791 0.000000 0.000000
0.000000 0.000000 30.776994 31.498957 31.720513 32.902009 32.642030 32.500856 32.314506 32.097563 32.227435 32.604024 32.370491 32.236482 32.628790 32.418154 31.578117 30.701439 30.064548 0.000000 0.000000
0.000000 0.000000 153.031526 154.500101 147.534429 144.769260 146.562262 141.341012 140.750578 141.138121 139.792024 138.450069 139.990639 138.053106 140.780558 145.562300 145.075037 148.487068 151.238688 0.000000 0.000000
0.000000 0.000000 1571.052843 1576.396047 1582.877723 1565.580165 1551.042178 1540.465701 1543.184866 1540.447928 1544.026359 1548.267983 1545.122855 1542.893662 1553.066565 1551.602346 1558.721293 1565.413884 1566.245034 0.000000 0.000000
0.000000 0.000000 2912.106925 2906.096893 2903.504232 2899.481289 2893.378192 2889.109258 2886.678135 2887.056741 2886.640652 2884.286550 2882.305965 2884.880290 2883.520159 2897.901493 2903.070733 2906.316441 2908.827928 0.000000 0.000000
0.000000 0.000000 3809.561690 3806.953423 3803.980637 3799.645931 3787.156759 3770.794162 3771.333740 3767.783287 3769.507103 3772.531653 3774.185053 3775.207343 3793.611360 3802.505999 3807.071614 3808.424318 3813.368175 0.000000 0.000000
0.000000 0.000000 4397.175949 4398.714275 4398.210616 4392.336811 4392.227207 4385.958326 4386.477128 4387.021102 4385.795756 4383.558631 4383.263030 4386.566923 4385.851382 4387.662093 4395.553631 4393.756503 4396.331750 0.000000 0.000000
0.000000 0.000000 5161.709773 5159.359456 5155.744099 5157.056503 5151.220433 5141.772272 5142.118785 5139.754178 5137.367979 5138.742920 5139.829917 5134.734259 5146.741003 5153.860369 5155.726074 5156.263990 5157.399722 0.000000 0.000000
0.000000 0.000000 6051.161403 6048.973672 6051.490225 6051.287015 6037.711330 6031.573887 6033.057960 6032.226545 6030.431474 6033.522793 6036.461649 6034.763689 6037.109937 6046.175131 6049.798279 6049.743124 6050.197771 0.000000 0.000000
0.000000 0.000000 7009.293966 7009.607387 7010.126882 6996.912396 6994.932445 6985.604795 6988.889257 6980.405393 6982.712766 6982.068556 6977.567201 6984.522059 6987.674740 6988.344875 6994.435289 7000.093220 7006.626659 0.000000 0.000000
0.000000 0.000000 8004.459393 8000.336448 7996.299767 7994.844065 7992.106571 7978.528226 7977.870267 7976.935168 7983.509694 7977.032548 7978.735111 7978.195274 7992.302042 7994.210708 7995.574489 7995.691187 8014.121345 0.000000 0.000000
0.000000 0.000000 9004.500778 9002.828102 9004.111268 8997.558549 8994.367129 8971.782378 8970.629587 8970.476257 8957.076497 8965.579314 8969.518762 8971.271653 8983.773682 8986.866825 8999.736357 8999.057258 9005.220838 0.000000 0.000000
0.000000 0.000000 10093.330973 10094.812080 10088.867268 10088.288663 10065.852391 10073.605268 10063.827884 10065.316748 10066.391229 10066.373622 10064.909419 10061.741908 10052.130531 10076.340866 10081.425261 10090.955233 10097.442136 0.000000 0.000000
0.000000 0.000000 11258.451887 11254.251500 11251.872919 11233.444772 11233.219628 11220.026573 11208.099583 11206.934177 11202.720137 11197.285710 11199.974154 11198.278602 11210.780722 11214.007320 11248.638351 11240.703889 11240.591843 0.000000 0.000000
0.000000 0.000000 12444.456352 12443.843985 12416.186036 12414.179685 12419.030566 12412.416535 12426.866569 12420.059101 12424.868943 12420.917822 12416.967539 12423.856128 12426.751657 12426.325072 12410.505675 12451.213939 12444.338020 0.000000 0.000000
0.000000 0.000000 13775.385389 13743.364255 13740.817754 13733.737909 13713.754068 13708.974180 13702.523651 13705.421131 13694.285665 13694.581850 13698.064554 13699.055798 13707.750633 13714.734877 13739.908238 13737.286655 13774.169174 0.000000 0.000000
0.000000 0.000000 14747.724396 14753.587788 14787.604561 14782.068274 14773.750271 14745.948857 14746.706790 14734.974552 14743.896510 14742.643658 14748.175105 14742.986767 14766.989547 14773.083008 14793.668816 14758.139093 14751.641714 0.000000 0.000000
0.000000 0.000000 0.000000 0.000000 0.000000 0.000000 0.000000 0.000000 0.000000 0.000000 0.000000 0.000000 0.000000 0.000000 0.000000 0.000000 0.000000 0.000000 0.000000 0.000000 0.000000
0.000000 0.000000 0.000000 0.000000 0.000000 0.000000 0.000000 0.000000 0.000000 0.000000 0.000000 0.000000 0.000000 0.000000 0.000000 0.000000 0.000000 0.000000 0.000000 0.000000 0.000000