geotop/1.0zi/1.0Montebello/Templates/testdem/maps/_Erotot3079.asc
ncols         21
nrows         20
xllcorner     100.000000
yllcorner     100.000000
cellsize      50.000000
NODATA_value  -9999.0
0.000000 0.000000 0.000000 0.000000 0.000000 0.000000 0.000000 0.000000 0.000000 0.000000 0.000000 0.000000 0.000000 0.000000 0.000000 0.000000 0.000000 0.000000 0.000000 0.000000 0.000000
0.000000 0.000000 333.809725 333.812552 333.816084 333.934893 333.804155 333.808504 333.782906 333.822890 333.838595 333.822890 333.782906 333.808504 333.804155 333.934893 333.816084 333.812552 333.809725 0.000000 0.000000
0.000000 0.000000 12.066862 11.828390 10.071313 11.752810 12.065289 11.995655 12.097797 12.006500 12.364090 12.006500 12.097797 11.995655 12.065289 11.752810 10.071313 11.828390 12.066862 0.000000 0.000000
0.000000 0.000000 2475.654230 2475.287329 2475.461752 2473.627216 2475.492426 2475.023085 2474.999839 2475.827742 2475.977456 2475.827742 2474.999839 2475.023085 2475.492426 2473.627216 2475.461752 2475.287329 2475.654230 0.000000 0.000000
0.000000 0.000000 4662.927832 4662.751010 4662.086191 4662.663300 4663.194632 4663.064648 4663.036222 4663.161537 4663.177371 4663.161537 4663.036222 4663.064648 4663.194632 4662.663300 4662.086191 4662.751010 4662.927832 0.000000 0.000000
0.000000 0.000000 6053.986930 6053.764055 6053.158708 6053.293471 6054.072015 6053.796526 6053.826857 6054.132500 6054.354265 6054.132500 6053.826857 6053.796526 6054.072015 6053.293471 6053.158708 6053.764055 6053.986930 0.000000 0.000000
0.000000 0.000000 7806.261066 7806.073010 7805.519678 7805.639544 7806.304406 7806.067602 7806.102754 7806.367039 7806.590287 7806.367039 7806.102754 7806.067602 7806.304406 7805.639544 7805.519678 7806.073010 7806.261066 0.000000 0.000000
0.000000 0.000000 9429.471899 9429.313010 9428.804219 9428.927913 9429.493321 9429.290726 9429.324892 9429.559184 9429.761463 9429.559184 9429.324892 9429.290726 9429.493321 9428.927913 9428.804219 9429.313010 9429.471899 0.000000 0.000000
0.000000 0.000000 10925.867377 10925.723238 10925.243647 10925.366336 10925.883885 10925.699147 10925.729793 10925.946693 10926.138235 10925.946693 10925.729793 10925.699147 10925.883885 10925.366336 10925.243647 10925.723238 10925.867377 0.000000 0.000000
0.000000 0.000000 12319.910778 12319.796869 12319.334831 12319.495054 12319.923944 12319.759875 12319.793054 12319.987966 12320.163289 12319.987966 12319.793054 12319.759875 12319.923944 12319.495054 12319.334831 12319.796869 12319.910778 0.000000 0.000000
0.000000 0.000000 13619.498955 13619.380142 13618.943389 13619.079267 13619.515295 13619.353040 13619.382017 13619.574407 13619.740095 13619.574407 13619.382017 13619.353040 13619.515295 13619.079267 13618.943389 13619.380142 13619.498955 0.000000 0.000000
0.000000 0.000000 14849.054055 14848.940196 14848.530847 14848.662271 14849.085079 14848.930354 14848.954647 14849.145394 14849.300818 14849.145394 14848.954647 14848.930354 14849.085079 14848.662271 14848.530847 14848.940196 14849.054055 0.000000 0.000000
0.000000 0.000000 16015.860940 16015.754417 16015.356288 16015.489071 16015.890902 16015.741072 16015.764265 16015.950323 16016.096700 16015.950323 16015.764265 16015.741072 16015.890902 16015.489071 16015.356288 16015.754417 16015.860940 0.000000 0.000000
0.000000 0.000000 17132.872950 17132.775477 17132.390836 17132.540453 17132.904585 17132.761787 17132.785575 17132.963624 17133.102727 17132.963624 17132.785575 17132.761787 17132.904585 17132.540453 17132.390836 17132.775477 17132.872950 0.000000 0.000000
0.000000 0.000000 18201.593247 18201.495490 18201.120863 18201.258757 18201.628094 18201.487001 18201.508089 18201.684797 18201.817158 18201.684797 18201.508089 18201.487001 18201.628094 18201.258757 18201.120863 18201.495490 18201.593247 0.000000 0.000000
0.000000 0.000000 19225.808663 19225.713138 19225.350405 19225.480691 19225.836061 19225.700316 19225.721534 19225.891014 19226.019511 19225.891014 19225.721534 19225.700316 19225.836061 19225.480691 19225.350405 19225.713137 19225.808660 0.000000 0.000000
0.000000 0.000000 20211.596232 20211.503486 20211.146710 20211.280790 20211.623312 20211.490350 20211.511230 20211.676515 20211.797614 20211.676515 20211.511230 20211.490350 20211.623312 20211.280790 20211.146710 20211.503465 20211.596201 0.000000 0.000000
0.000000 0.000000 21214.865658 21215.313302 21214.964847 21215.094591 21215.428634 21215.300195 21215.319458 21215.479927 21215.597548 21215.479927 21215.319458 21215.300195 21215.428634 21215.094591 21214.964829 21215.309958 21215.399343 0.000000 0.000000
0.000000 0.000000 0.000000 0.000000 0.000000 0.000000 0.000000 0.000000 0.000000 0.000000 0.000000 0.000000 0.000000 0.000000 0.000000 0.000000 0.000000 0.000000 0.000000 0.000000 0.000000
0.000000 0.000000 0.000000 0.000000 0.000000 0.000000 0.000000 0.000000 0.000000 0.000000 0.000000 0.000000 0.000000 0.000000 0.000000 0.000000 0.000000 0.000000 0.000000 0.000000 0.000000