geotop/1.0zi/1.0Montebello/Templates/testdem/maps/_Erotot1024.asc
ncols         21
nrows         20
xllcorner     100.000000
yllcorner     100.000000
cellsize      50.000000
NODATA_value  -9999.0
0.000000 0.000000 0.000000 0.000000 0.000000 0.000000 0.000000 0.000000 0.000000 0.000000 0.000000 0.000000 0.000000 0.000000 0.000000 0.000000 0.000000 0.000000 0.000000 0.000000 0.000000
0.000000 0.000000 120.933884 120.935201 120.969841 120.944584 120.927867 120.935229 120.936686 120.931935 120.932524 120.931935 120.936686 120.935229 120.927867 120.944584 120.969841 120.935201 120.933884 0.000000 0.000000
0.000000 0.000000 8.571582 8.352884 6.577572 8.436021 8.606438 8.598523 8.609526 8.615048 8.613128 8.615048 8.609526 8.598523 8.606438 8.436021 6.577572 8.352884 8.571582 0.000000 0.000000
0.000000 0.000000 886.177946 885.757292 886.054140 883.758171 886.123989 885.969231 885.846972 886.167799 886.198157 886.167799 885.846972 885.969231 886.123989 883.758171 886.054140 885.757292 886.177946 0.000000 0.000000
0.000000 0.000000 1541.704167 1541.435039 1540.720501 1541.369322 1541.816123 1541.679141 1541.634812 1541.743036 1541.706700 1541.743036 1541.634812 1541.679141 1541.816123 1541.369322 1540.720501 1541.435039 1541.704167 0.000000 0.000000
0.000000 0.000000 2041.996478 2041.726258 2041.083444 2041.144982 2042.027555 2041.934465 2041.890906 2042.017045 2042.021829 2042.017045 2041.890906 2041.934465 2042.027555 2041.144982 2041.083444 2041.726258 2041.996478 0.000000 0.000000
0.000000 0.000000 2655.939446 2655.719690 2655.130292 2655.208672 2655.953264 2655.889205 2655.859402 2655.961889 2655.964405 2655.961889 2655.859402 2655.889205 2655.953264 2655.208672 2655.130292 2655.719690 2655.939446 0.000000 0.000000
0.000000 0.000000 3240.944659 3240.751905 3240.202593 3240.290174 3240.945585 3240.900121 3240.876777 3240.965260 3240.967877 3240.965260 3240.876777 3240.900121 3240.945585 3240.290174 3240.202593 3240.751905 3240.944659 0.000000 0.000000
0.000000 0.000000 3797.539181 3797.360083 3796.836405 3796.923495 3797.534878 3797.497321 3797.477121 3797.557993 3797.559954 3797.557993 3797.477121 3797.497321 3797.534878 3796.923495 3796.836405 3797.360083 3797.539181 0.000000 0.000000
0.000000 0.000000 4332.189488 4332.039617 4331.525090 4331.652010 4332.177950 4332.155187 4332.141878 4332.206990 4332.208445 4332.206990 4332.141878 4332.155187 4332.177950 4331.652010 4331.525090 4332.039617 4332.189488 0.000000 0.000000
0.000000 0.000000 4846.495108 4846.335383 4845.837633 4845.938746 4846.485503 4846.458255 4846.441803 4846.509728 4846.510059 4846.509728 4846.441803 4846.458255 4846.485503 4845.938746 4845.837633 4846.335383 4846.495108 0.000000 0.000000
0.000000 0.000000 5344.738749 5344.576385 5344.091039 5344.183005 5344.725154 5344.699917 5344.684058 5344.751369 5344.752796 5344.751369 5344.684058 5344.699917 5344.725154 5344.183005 5344.091039 5344.576385 5344.738749 0.000000 0.000000
0.000000 0.000000 5833.159605 5832.999350 5832.520046 5832.613464 5833.144500 5833.120154 5833.104705 5833.170308 5833.171397 5833.170308 5833.104705 5833.120154 5833.144500 5832.613464 5832.520046 5832.999350 5833.159605 0.000000 0.000000
0.000000 0.000000 6312.291896 6312.137552 6311.663194 6311.776994 6312.274592 6312.254573 6312.241417 6312.301949 6312.302687 6312.301949 6312.241417 6312.254573 6312.274592 6311.776994 6311.663194 6312.137552 6312.291896 0.000000 0.000000
0.000000 0.000000 6784.143438 6783.985381 6783.512174 6783.614533 6784.125657 6784.104753 6784.090364 6784.152383 6784.152706 6784.152383 6784.090364 6784.104753 6784.125657 6783.614533 6783.512174 6783.985381 6784.143438 0.000000 0.000000
0.000000 0.000000 7249.638781 7249.483156 7249.020573 7249.117413 7249.621209 7249.601564 7249.587529 7249.648147 7249.648066 7249.648147 7249.587529 7249.601564 7249.621209 7249.117413 7249.020573 7249.483156 7249.638778 0.000000 0.000000
0.000000 0.000000 7706.915637 7706.758076 7706.294253 7706.392446 7706.898231 7706.876865 7706.862283 7706.923511 7706.923035 7706.923511 7706.862283 7706.876865 7706.898231 7706.392446 7706.294252 7706.758060 7706.915373 0.000000 0.000000
0.000000 0.000000 8183.062248 8183.142234 8182.681317 8182.769187 8183.281784 8183.259246 8183.244509 8183.307202 8183.306876 8183.307202 8183.244509 8183.259246 8183.281784 8182.769187 8182.681301 8183.139626 8183.299395 0.000000 0.000000
0.000000 0.000000 0.000000 0.000000 0.000000 0.000000 0.000000 0.000000 0.000000 0.000000 0.000000 0.000000 0.000000 0.000000 0.000000 0.000000 0.000000 0.000000 0.000000 0.000000 0.000000
0.000000 0.000000 0.000000 0.000000 0.000000 0.000000 0.000000 0.000000 0.000000 0.000000 0.000000 0.000000 0.000000 0.000000 0.000000 0.000000 0.000000 0.000000 0.000000 0.000000 0.000000