geotop/1.0zi/1.0Montebello/Templates/testdem/maps/_Erotot8319.asc
ncols         21
nrows         20
xllcorner     100.000000
yllcorner     100.000000
cellsize      50.000000
NODATA_value  -9999.0
0.000000 0.000000 0.000000 0.000000 0.000000 0.000000 0.000000 0.000000 0.000000 0.000000 0.000000 0.000000 0.000000 0.000000 0.000000 0.000000 0.000000 0.000000 0.000000 0.000000 0.000000
0.000000 0.000000 680.468487 681.265780 680.714765 680.819151 679.807457 679.965544 679.952398 680.015528 680.448553 679.773891 679.652254 679.704336 680.080336 680.235452 681.071995 681.620583 681.836736 0.000000 0.000000
0.000000 0.000000 52.616415 51.633197 51.875063 51.938736 52.572746 52.250310 51.956935 51.819301 52.048388 52.407641 52.427166 52.576656 52.331413 51.820266 50.547670 49.693087 50.217432 0.000000 0.000000
0.000000 0.000000 354.817487 355.952237 343.584181 338.329360 338.892044 327.579008 327.671823 328.518562 324.862363 323.078903 325.232011 325.376782 335.637927 342.706105 347.311810 350.212055 355.429694 0.000000 0.000000
0.000000 0.000000 3390.784905 3393.272768 3397.107278 3374.143478 3354.548266 3342.640617 3340.481572 3336.142507 3343.009423 3348.384438 3343.845657 3342.512028 3357.596854 3361.983525 3374.285803 3384.908160 3384.757352 0.000000 0.000000
0.000000 0.000000 5384.007849 5378.577546 5374.322631 5368.028336 5352.052060 5342.246601 5343.872296 5342.649462 5339.416147 5333.556038 5332.598748 5335.799760 5335.483947 5355.878089 5363.271228 5369.368219 5372.383063 0.000000 0.000000
0.000000 0.000000 6708.294173 6705.318186 6700.774692 6693.761674 6679.704298 6656.928750 6655.774994 6652.004457 6653.457308 6657.183465 6658.684135 6659.201238 6687.723800 6698.056049 6703.868004 6706.791953 6712.087921 0.000000 0.000000
0.000000 0.000000 7912.757527 7913.090491 7910.167344 7899.951972 7896.989743 7886.997078 7887.007609 7886.861253 7885.892707 7881.928354 7881.220217 7887.516730 7889.760902 7895.184340 7908.176457 7906.942210 7912.077545 0.000000 0.000000
0.000000 0.000000 9487.881018 9483.372478 9477.036847 9476.428912 9464.695766 9448.544500 9449.631258 9445.037462 9442.995729 9442.715957 9445.224000 9439.412558 9458.727876 9473.357524 9475.758994 9479.855532 9481.326264 0.000000 0.000000
0.000000 0.000000 11291.203006 11287.778944 11288.097065 11283.388484 11262.065585 11251.486315 11250.827570 11250.640865 11247.158933 11250.681263 11253.895683 11253.187286 11260.646680 11275.968694 11284.330800 11286.740214 11287.910872 0.000000 0.000000
0.000000 0.000000 13275.501609 13274.788670 13271.853814 13250.628284 13244.127332 13227.093000 13232.813403 13219.018504 13223.337135 13221.461726 13214.233413 13224.649807 13234.812562 13238.359318 13251.884795 13259.663395 13270.785247 0.000000 0.000000
0.000000 0.000000 15437.828378 15429.586191 15421.160863 15417.387768 15405.954178 15384.347018 15380.090521 15381.091325 15388.760523 15377.113278 15381.631587 15381.293970 15405.503180 15415.280091 15418.862137 15423.431075 15447.889271 0.000000 0.000000
0.000000 0.000000 17701.075286 17696.203645 17696.874414 17681.871346 17673.872576 17619.334390 17617.348583 17616.270472 17593.128785 17606.779807 17611.223221 17616.463251 17654.616985 17663.013489 17688.584226 17688.754775 17696.013340 0.000000 0.000000
0.000000 0.000000 20318.103236 20321.034923 20306.353905 20301.275686 20234.070489 20258.688529 20240.932807 20242.501978 20250.808273 20244.788438 20242.106620 20236.504627 20211.589369 20284.007674 20290.932085 20313.826401 20324.319763 0.000000 0.000000
0.000000 0.000000 23269.965940 23261.069770 23251.402015 23174.942782 23195.275575 23156.588558 23135.661587 23131.810119 23117.676683 23106.116816 23113.851415 23112.698538 23155.014894 23138.271586 23247.071777 23225.105235 23221.634578 0.000000 0.000000
0.000000 0.000000 26328.024649 26324.983910 26215.337502 26256.106495 26254.626319 26246.907191 26297.315676 26281.010332 26305.539888 26297.160734 26278.702742 26307.324799 26305.227949 26308.108477 26206.344941 26371.046009 26362.020305 0.000000 0.000000
0.000000 0.000000 29938.147011 29780.384722 29832.958162 29776.582472 29694.508107 29676.546123 29627.024187 29641.300024 29589.403057 29595.267218 29623.393260 29597.626364 29636.356754 29689.574896 29830.674535 29722.397118 29891.171584 0.000000 0.000000
0.000000 0.000000 31079.518977 31242.653773 31379.644235 31387.097548 31398.966702 31277.410678 31301.202117 31259.912002 31326.165880 31314.326352 31307.054139 31323.356957 31421.534240 31414.346767 31406.124165 31300.697080 31138.979968 0.000000 0.000000
0.000000 0.000000 0.000000 0.000000 0.000000 0.000000 0.000000 0.000000 0.000000 0.000000 0.000000 0.000000 0.000000 0.000000 0.000000 0.000000 0.000000 0.000000 0.000000 0.000000 0.000000
0.000000 0.000000 0.000000 0.000000 0.000000 0.000000 0.000000 0.000000 0.000000 0.000000 0.000000 0.000000 0.000000 0.000000 0.000000 0.000000 0.000000 0.000000 0.000000 0.000000 0.000000