geotop/1.0zi/1.0Montebello/Templates/testdem/maps/_Erotot0462.asc
ncols         21
nrows         20
xllcorner     100.000000
yllcorner     100.000000
cellsize      50.000000
NODATA_value  -9999.0
0.000000 0.000000 0.000000 0.000000 0.000000 0.000000 0.000000 0.000000 0.000000 0.000000 0.000000 0.000000 0.000000 0.000000 0.000000 0.000000 0.000000 0.000000 0.000000 0.000000 0.000000
0.000000 0.000000 39.861528 39.862209 39.894841 39.862375 39.861631 39.862016 39.861826 39.861740 39.861713 39.861740 39.861826 39.862016 39.861631 39.862375 39.894841 39.862209 39.861528 0.000000 0.000000
0.000000 0.000000 7.582174 7.365742 5.548658 7.361080 7.609156 7.593511 7.608134 7.614959 7.616011 7.614959 7.608134 7.593511 7.609156 7.361080 5.548658 7.365742 7.582174 0.000000 0.000000
0.000000 0.000000 522.252880 522.503472 522.626570 522.410297 522.310913 522.418504 522.414034 522.350346 522.280177 522.350346 522.414034 522.418504 522.310913 522.410297 522.626570 522.503472 522.252880 0.000000 0.000000
0.000000 0.000000 730.852625 730.805029 730.046383 730.781517 730.848948 730.869198 730.862989 730.867137 730.862496 730.867137 730.862989 730.869198 730.848948 730.781517 730.046383 730.805029 730.852625 0.000000 0.000000
0.000000 0.000000 1005.539285 1005.545533 1004.837817 1005.501031 1005.565679 1005.608180 1005.611397 1005.590744 1005.570065 1005.590744 1005.611397 1005.608180 1005.565679 1005.501031 1004.837817 1005.545533 1005.539285 0.000000 0.000000
0.000000 0.000000 1298.521876 1298.530484 1297.898730 1298.487748 1298.547434 1298.591412 1298.595744 1298.573010 1298.554682 1298.573010 1298.595744 1298.591412 1298.547434 1298.487748 1297.898730 1298.530484 1298.521876 0.000000 0.000000
0.000000 0.000000 1576.827499 1576.835178 1576.249222 1576.795347 1576.852039 1576.895431 1576.899846 1576.877006 1576.860212 1576.877006 1576.899846 1576.895431 1576.852039 1576.795347 1576.249222 1576.835178 1576.827499 0.000000 0.000000
0.000000 0.000000 1842.037677 1842.045210 1841.485876 1842.006574 1842.061480 1842.104264 1842.108748 1842.086048 1842.069873 1842.086048 1842.108748 1842.104264 1842.061480 1842.006574 1841.485876 1842.045210 1842.037677 0.000000 0.000000
0.000000 0.000000 2098.613864 2098.620778 2098.076898 2098.583298 2098.637317 2098.679610 2098.684109 2098.661513 2098.645484 2098.661513 2098.684109 2098.679610 2098.637317 2098.583298 2098.076898 2098.620778 2098.613864 0.000000 0.000000
0.000000 0.000000 2347.650402 2347.656672 2347.121469 2347.620028 2347.673680 2347.715630 2347.720138 2347.697587 2347.681478 2347.697587 2347.720138 2347.715630 2347.673680 2347.620028 2347.121469 2347.656672 2347.650402 0.000000 0.000000
0.000000 0.000000 2589.982064 2589.985399 2589.459777 2589.950501 2590.003745 2590.044603 2590.049612 2590.027182 2590.012083 2590.027182 2590.049612 2590.044603 2590.003745 2589.950501 2589.459777 2589.985399 2589.982064 0.000000 0.000000
0.000000 0.000000 2826.581267 2826.582968 2826.061905 2826.550371 2826.602471 2826.642769 2826.647919 2826.625400 2826.610415 2826.625400 2826.647919 2826.642769 2826.602471 2826.550371 2826.061905 2826.582968 2826.581267 0.000000 0.000000
0.000000 0.000000 3060.301745 3060.301623 3059.784147 3060.269366 3060.322692 3060.362963 3060.368264 3060.345699 3060.330546 3060.345699 3060.368264 3060.362963 3060.322692 3060.269366 3059.784147 3060.301623 3060.301745 0.000000 0.000000
0.000000 0.000000 3290.969113 3290.969499 3290.449150 3290.936945 3290.990401 3291.030329 3291.035726 3291.013082 3290.997087 3291.013082 3291.035726 3291.030329 3290.990401 3290.936945 3290.449150 3290.969499 3290.969113 0.000000 0.000000
0.000000 0.000000 3520.029448 3520.031162 3519.519956 3519.998647 3520.051670 3520.091626 3520.097059 3520.074308 3520.057685 3520.074308 3520.097059 3520.091626 3520.051670 3519.998647 3519.519956 3520.031162 3520.029446 0.000000 0.000000
0.000000 0.000000 3746.195518 3746.195549 3745.680390 3746.164310 3746.218047 3746.257460 3746.263059 3746.240208 3746.223277 3746.240208 3746.263059 3746.257460 3746.218047 3746.164310 3745.680389 3746.195538 3746.195280 0.000000 0.000000
0.000000 0.000000 3982.094764 3982.215364 3981.700549 3982.181779 3982.235726 3982.275090 3982.280977 3982.258028 3982.240829 3982.258028 3982.280977 3982.275090 3982.235726 3982.181778 3981.700537 3982.213812 3982.213201 0.000000 0.000000
0.000000 0.000000 0.000000 0.000000 0.000000 0.000000 0.000000 0.000000 0.000000 0.000000 0.000000 0.000000 0.000000 0.000000 0.000000 0.000000 0.000000 0.000000 0.000000 0.000000 0.000000
0.000000 0.000000 0.000000 0.000000 0.000000 0.000000 0.000000 0.000000 0.000000 0.000000 0.000000 0.000000 0.000000 0.000000 0.000000 0.000000 0.000000 0.000000 0.000000 0.000000 0.000000