geotop/1.0zi/1.0Montebello/Templates/testdem/maps/_Erotot5003.asc
ncols         21
nrows         20
xllcorner     100.000000
yllcorner     100.000000
cellsize      50.000000
NODATA_value  -9999.0
0.000000 0.000000 0.000000 0.000000 0.000000 0.000000 0.000000 0.000000 0.000000 0.000000 0.000000 0.000000 0.000000 0.000000 0.000000 0.000000 0.000000 0.000000 0.000000 0.000000 0.000000
0.000000 0.000000 367.428117 366.504482 366.220478 366.028420 365.999318 366.008916 366.049369 366.209986 366.163859 366.036168 366.116090 366.190485 366.070439 366.116905 366.303801 366.270950 366.840213 0.000000 0.000000
0.000000 0.000000 28.888980 29.836306 30.281688 31.322234 30.838025 30.955429 30.634162 30.428921 30.501556 30.843818 30.507232 30.303868 30.910833 30.531295 29.713224 29.106661 28.436455 0.000000 0.000000
0.000000 0.000000 151.077342 152.458043 145.194016 143.207635 144.413113 139.686752 138.923330 139.019475 137.624115 136.486730 137.598030 136.150830 138.748401 143.544420 143.048737 146.430413 149.144150 0.000000 0.000000
0.000000 0.000000 1517.433343 1521.437584 1526.867614 1509.130315 1497.953054 1489.665441 1492.231311 1486.763049 1490.599719 1494.744280 1495.096906 1495.404866 1504.682870 1503.854734 1510.508436 1515.930823 1517.732822 0.000000 0.000000
0.000000 0.000000 2802.643543 2797.059930 2793.137483 2790.043397 2783.585715 2780.263595 2777.641134 2779.489185 2778.903317 2776.180867 2772.586595 2774.480574 2774.509639 2787.663676 2791.534435 2791.830278 2794.735727 0.000000 0.000000
0.000000 0.000000 3578.697924 3574.079394 3569.237881 3565.339967 3554.228686 3538.493356 3539.857881 3536.510612 3539.359808 3538.485529 3541.401387 3543.675496 3558.587401 3567.935224 3574.126083 3578.120212 3581.707874 0.000000 0.000000
0.000000 0.000000 4146.419525 4146.500193 4147.120414 4142.499903 4140.477745 4135.490710 4136.190466 4136.540974 4133.868221 4134.626633 4133.665496 4132.849104 4136.437718 4139.986230 4142.119212 4141.860421 4143.125123 0.000000 0.000000
0.000000 0.000000 4856.411417 4856.044229 4853.293004 4850.839002 4845.956840 4837.104691 4837.412351 4835.663179 4835.923250 4836.388711 4835.787766 4836.794964 4842.380540 4850.480718 4850.493998 4852.293322 4856.072413 0.000000 0.000000
0.000000 0.000000 5688.597763 5686.597254 5686.709059 5682.575258 5673.227664 5667.936433 5669.574999 5668.742064 5668.613749 5668.422933 5667.722452 5666.461690 5674.369416 5681.323689 5683.642740 5685.009957 5686.438153 0.000000 0.000000
0.000000 0.000000 6570.737568 6568.691256 6567.103175 6564.702298 6561.417356 6550.450707 6550.806985 6548.374564 6548.226161 6549.104911 6548.312862 6548.623389 6554.104956 6557.220205 6562.054500 6564.448653 6567.601985 0.000000 0.000000
0.000000 0.000000 7490.634438 7489.654112 7486.990256 7479.848037 7474.434211 7465.891226 7464.915951 7464.657347 7464.517813 7463.450430 7463.408230 7463.714482 7473.452500 7479.841255 7483.309903 7484.825121 7502.215229 0.000000 0.000000
0.000000 0.000000 8419.943463 8417.772310 8415.358438 8412.212658 8403.936965 8383.092165 8383.408353 8381.694860 8381.338527 8381.776968 8380.510215 8381.475235 8399.292943 8407.977473 8411.341011 8413.222402 8415.630983 0.000000 0.000000
0.000000 0.000000 9416.167163 9412.751084 9410.424190 9406.100987 9384.011299 9392.414905 9386.370746 9385.567800 9385.730810 9385.827729 9384.918981 9385.141904 9379.301141 9400.081273 9404.143618 9409.975789 9409.908952 0.000000 0.000000
0.000000 0.000000 10482.192339 10477.218831 10472.051555 10456.910248 10453.860352 10436.807835 10428.379572 10426.744081 10421.939474 10421.403241 10422.998962 10420.998281 10432.852095 10441.270083 10465.400148 10461.066867 10462.524832 0.000000 0.000000
0.000000 0.000000 11550.869053 11550.119647 11526.299769 11529.856787 11528.525152 11527.332141 11530.554129 11530.811984 11533.662861 11533.215467 11530.056676 11536.235057 11534.156449 11532.928087 11520.293025 11548.296335 11553.386797 0.000000 0.000000
0.000000 0.000000 12767.334566 12738.370997 12729.303986 12720.091215 12702.754865 12695.390475 12693.556854 12692.799555 12688.277201 12688.368618 12689.309975 12686.441306 12692.465352 12711.572184 12726.765074 12727.316365 12756.329802 0.000000 0.000000
0.000000 0.000000 13654.626322 13659.490602 13685.316584 13674.216035 13666.367123 13638.850402 13637.036763 13634.156961 13636.083993 13635.541036 13634.064841 13636.518753 13662.750368 13672.553791 13685.842661 13656.015364 13657.066926 0.000000 0.000000
0.000000 0.000000 0.000000 0.000000 0.000000 0.000000 0.000000 0.000000 0.000000 0.000000 0.000000 0.000000 0.000000 0.000000 0.000000 0.000000 0.000000 0.000000 0.000000 0.000000 0.000000
0.000000 0.000000 0.000000 0.000000 0.000000 0.000000 0.000000 0.000000 0.000000 0.000000 0.000000 0.000000 0.000000 0.000000 0.000000 0.000000 0.000000 0.000000 0.000000 0.000000 0.000000