geotop/1.0zi/1.0Montebello/Templates/testdem/maps/_Erotot9135.asc
ncols         21
nrows         20
xllcorner     100.000000
yllcorner     100.000000
cellsize      50.000000
NODATA_value  -9999.0
0.000000 0.000000 0.000000 0.000000 0.000000 0.000000 0.000000 0.000000 0.000000 0.000000 0.000000 0.000000 0.000000 0.000000 0.000000 0.000000 0.000000 0.000000 0.000000 0.000000 0.000000
0.000000 0.000000 722.974668 723.547584 722.969982 723.052294 722.019925 722.130852 722.216279 722.288939 722.676358 722.041081 721.933249 721.979602 722.379268 722.532304 723.351280 723.958063 724.116346 0.000000 0.000000
0.000000 0.000000 56.375832 55.299874 55.614506 55.546396 56.363704 56.059117 55.682072 55.551270 55.751760 56.077650 56.135776 56.247978 56.010899 55.405924 54.139547 53.270248 53.876567 0.000000 0.000000
0.000000 0.000000 428.234769 430.047462 416.966123 410.735991 410.170007 404.310711 409.310105 410.987096 407.039152 405.446518 408.862482 408.368815 416.859460 425.329367 429.143611 423.558890 430.835781 0.000000 0.000000
0.000000 0.000000 3999.426072 3992.788179 3986.858937 3953.534894 3927.634343 3915.027705 3907.546095 3900.955417 3908.472033 3914.856240 3913.203557 3908.189233 3927.880581 3932.334221 3948.254208 3959.330396 3959.490194 0.000000 0.000000
0.000000 0.000000 6131.090476 6125.535206 6121.006437 6123.444859 6099.766600 6088.674704 6091.903314 6091.523614 6087.305972 6081.137518 6079.354228 6083.532987 6083.011681 6108.821099 6109.364835 6116.418903 6118.669664 0.000000 0.000000
0.000000 0.000000 7565.465843 7559.909553 7556.208158 7544.879890 7536.899443 7500.712549 7503.255403 7500.519318 7500.005730 7504.220242 7504.752524 7506.352318 7539.129409 7544.084661 7553.093105 7554.941345 7560.194454 0.000000 0.000000
0.000000 0.000000 9002.477341 8999.451144 8994.396566 8982.290115 8975.605126 8973.140853 8972.797472 8970.995113 8970.970507 8966.668926 8965.478361 8972.668554 8971.055167 8980.245661 8994.558727 8990.921199 8997.178201 0.000000 0.000000
0.000000 0.000000 10849.540432 10843.998476 10837.015205 10834.097128 10818.163365 10798.012254 10800.802911 10796.770736 10793.417167 10792.873440 10795.663835 10789.502350 10814.314453 10827.997133 10829.664748 10832.066023 10834.777937 0.000000 0.000000
0.000000 0.000000 12993.482815 12985.656842 12982.630052 12975.578215 12952.695556 12940.608717 12939.902581 12938.258591 12934.255583 12938.504228 12941.506916 12941.213987 12948.269449 12967.571201 12975.303643 12977.904825 12977.542839 0.000000 0.000000
0.000000 0.000000 15372.437096 15369.444307 15367.387611 15337.102223 15331.098143 15309.041846 15316.960642 15300.284308 15305.878944 15301.883297 15294.147355 15305.267214 15319.774866 15323.584297 15338.277835 15342.023119 15357.856665 0.000000 0.000000
0.000000 0.000000 18010.399786 17998.488295 17981.739819 17980.227423 17963.172701 17938.438045 17937.473658 17939.186394 17946.156739 17931.710811 17939.140143 17937.069023 17963.877410 17976.812081 17977.969466 17981.802132 18007.041700 0.000000 0.000000
0.000000 0.000000 20805.211706 20796.898061 20799.242980 20773.107542 20762.752753 20693.915667 20690.461959 20689.823960 20658.756463 20678.601984 20680.863841 20688.412407 20739.234586 20748.299138 20778.055503 20776.625430 20783.525420 0.000000 0.000000
0.000000 0.000000 24119.428567 24119.487952 24096.009489 24087.892192 23996.016470 24039.325018 24016.727787 24018.231616 24032.375766 24019.401738 24017.972831 24006.860908 23964.784619 24068.956768 24071.093200 24096.458109 24109.840148 0.000000 0.000000
0.000000 0.000000 27805.957580 27790.824989 27772.988941 27665.582285 27711.682670 27648.811923 27625.541874 27620.642838 27596.935918 27584.728139 27595.657762 27596.602403 27659.461978 27613.535227 27766.112200 27726.522969 27719.339035 0.000000 0.000000
0.000000 0.000000 31388.022725 31380.553753 31236.199325 31310.729932 31295.582087 31300.033986 31372.340081 31350.543448 31386.058564 31377.571547 31351.022365 31387.347646 31370.827285 31386.462997 31215.514927 31438.025804 31428.535921 0.000000 0.000000
0.000000 0.000000 35124.581745 34955.551591 35035.771672 34961.626004 34875.398687 34854.196403 34790.212261 34808.630649 34746.974822 34755.454970 34789.796534 34755.409740 34801.359752 34855.129917 35028.748450 34872.335215 35050.153897 0.000000 0.000000
0.000000 0.000000 35972.189995 36124.267970 36242.369132 36246.507247 36258.427996 36152.153567 36176.339079 36139.147792 36199.964760 36188.833027 36181.781694 36196.375829 36279.489240 36273.429938 36260.029563 36166.982770 36015.457217 0.000000 0.000000
0.000000 0.000000 0.000000 0.000000 0.000000 0.000000 0.000000 0.000000 0.000000 0.000000 0.000000 0.000000 0.000000 0.000000 0.000000 0.000000 0.000000 0.000000 0.000000 0.000000 0.000000
0.000000 0.000000 0.000000 0.000000 0.000000 0.000000 0.000000 0.000000 0.000000 0.000000 0.000000 0.000000 0.000000 0.000000 0.000000 0.000000 0.000000 0.000000 0.000000 0.000000 0.000000