geotop/1.0zi/1.0Montebello/Templates/testdem/maps/_Erotot7207.asc
ncols         21
nrows         20
xllcorner     100.000000
yllcorner     100.000000
cellsize      50.000000
NODATA_value  -9999.0
0.000000 0.000000 0.000000 0.000000 0.000000 0.000000 0.000000 0.000000 0.000000 0.000000 0.000000 0.000000 0.000000 0.000000 0.000000 0.000000 0.000000 0.000000 0.000000 0.000000 0.000000
0.000000 0.000000 572.797071 573.599188 573.242565 573.454608 572.835092 572.866479 572.814311 572.916242 573.342094 572.671021 572.556126 572.640194 572.934830 572.899625 573.670057 573.939304 574.017687 0.000000 0.000000
0.000000 0.000000 45.006830 43.778535 43.810442 43.963117 44.204038 44.050458 43.793596 43.634708 43.873812 44.160012 44.171948 44.297621 44.072673 43.871585 42.588544 41.820673 42.555664 0.000000 0.000000
0.000000 0.000000 249.232652 250.917691 238.872113 236.138757 234.651589 227.763714 228.402691 226.973128 225.749845 223.548200 225.836348 225.838216 234.005715 240.106205 241.469833 243.294526 249.000631 0.000000 0.000000
0.000000 0.000000 2637.795320 2640.936807 2644.494664 2623.136667 2608.029020 2594.806926 2596.760754 2593.766173 2599.300061 2605.188097 2600.061464 2598.359265 2610.564693 2613.369507 2622.626186 2631.025921 2632.717403 0.000000 0.000000
0.000000 0.000000 4396.138649 4390.456681 4387.077179 4380.806133 4366.258508 4357.996673 4357.312888 4356.427914 4353.019225 4347.253224 4346.347902 4349.652724 4349.698557 4368.213589 4376.496036 4383.218555 4385.160667 0.000000 0.000000
0.000000 0.000000 5611.898257 5608.985151 5604.759833 5598.909529 5585.441271 5566.131922 5565.595601 5561.764828 5563.330881 5567.075293 5568.512722 5569.058839 5593.933590 5603.557191 5608.143925 5610.455168 5616.034669 0.000000 0.000000
0.000000 0.000000 6531.221695 6531.750293 6529.089384 6520.456361 6518.888496 6510.287160 6510.923590 6510.777172 6509.942628 6506.114883 6505.405782 6511.316863 6512.314910 6516.183744 6527.342567 6525.554164 6530.644513 0.000000 0.000000
0.000000 0.000000 7766.034442 7761.997010 7756.225352 7756.705443 7746.728746 7733.004303 7734.456814 7730.210166 7728.197948 7728.032943 7730.253801 7724.654006 7741.541341 7754.353515 7755.228556 7758.242224 7759.926794 0.000000 0.000000
0.000000 0.000000 9184.153027 9181.091230 9181.661854 9178.652672 9159.866449 9151.482392 9151.679519 9151.258928 9148.256730 9151.445257 9154.441682 9153.647626 9159.083468 9172.018239 9178.436715 9179.834983 9181.201328 0.000000 0.000000
0.000000 0.000000 10724.056742 10723.484619 10721.050597 10703.165747 10699.432364 10684.309606 10689.895383 10677.629853 10681.419557 10679.832602 10673.388796 10682.668612 10690.300271 10692.545413 10703.355695 10709.543659 10719.833456 0.000000 0.000000
0.000000 0.000000 12366.932853 12359.962191 12353.026886 12350.448811 12341.531357 12324.059155 12321.587169 12321.623403 12328.681987 12318.615498 12322.072936 12322.115698 12341.703191 12348.730385 12350.583064 12353.871584 12375.749155 0.000000 0.000000
0.000000 0.000000 14061.059293 14057.065065 14057.345969 14046.038136 14040.227496 14000.380485 13999.030962 13998.186121 13979.732741 13990.280020 13994.341631 13998.307168 14025.226373 14031.256537 14050.763735 14050.033574 14058.391005 0.000000 0.000000
0.000000 0.000000 15965.782848 15968.038030 15956.628794 15953.246107 15908.325045 15921.635977 15908.980325 15909.868930 15914.185818 15910.838194 15909.118638 15905.269529 15889.256616 15938.445694 15944.254170 15960.881971 15969.949744 0.000000 0.000000
0.000000 0.000000 18073.477194 18066.407202 18059.505582 18013.918303 18019.011331 17995.949676 17979.236089 17976.841316 17968.215083 17959.239952 17963.666923 17962.301193 17988.592714 17986.107002 18054.783695 18041.394225 18040.645427 0.000000 0.000000
0.000000 0.000000 20272.737607 20270.415323 20203.460896 20215.685408 20219.372715 20207.955801 20238.583034 20226.141924 20239.262067 20231.496670 20221.989924 20239.263104 20243.328213 20243.421048 20195.929435 20290.626364 20283.851153 0.000000 0.000000
0.000000 0.000000 22873.208609 22780.277496 22791.611048 22765.548335 22714.855000 22704.380142 22683.241861 22689.773094 22661.901338 22663.560779 22676.539628 22668.377620 22690.414253 22720.008907 22788.979437 22753.281690 22853.406451 0.000000 0.000000
0.000000 0.000000 24263.138860 24330.218309 24422.430943 24416.365082 24406.295263 24327.754883 24334.705253 24309.373316 24341.072447 24334.543895 24337.316530 24339.639291 24406.841554 24415.417891 24438.358288 24353.183704 24288.145572 0.000000 0.000000
0.000000 0.000000 0.000000 0.000000 0.000000 0.000000 0.000000 0.000000 0.000000 0.000000 0.000000 0.000000 0.000000 0.000000 0.000000 0.000000 0.000000 0.000000 0.000000 0.000000 0.000000
0.000000 0.000000 0.000000 0.000000 0.000000 0.000000 0.000000 0.000000 0.000000 0.000000 0.000000 0.000000 0.000000 0.000000 0.000000 0.000000 0.000000 0.000000 0.000000 0.000000 0.000000