geotop/1.0zi/1.0Montebello/Templates/testdem/maps/_Erotot0966.asc
ncols         21
nrows         20
xllcorner     100.000000
yllcorner     100.000000
cellsize      50.000000
NODATA_value  -9999.0
0.000000 0.000000 0.000000 0.000000 0.000000 0.000000 0.000000 0.000000 0.000000 0.000000 0.000000 0.000000 0.000000 0.000000 0.000000 0.000000 0.000000 0.000000 0.000000 0.000000 0.000000
0.000000 0.000000 90.341488 90.342739 90.377192 90.351375 90.336254 90.342773 90.344119 90.339720 90.340243 90.339720 90.344119 90.342773 90.336254 90.351375 90.377192 90.342739 90.341488 0.000000 0.000000
0.000000 0.000000 7.624655 7.406882 5.633293 7.492751 7.657992 7.651340 7.663290 7.669076 7.667820 7.669076 7.663290 7.651340 7.657992 7.492751 5.633293 7.406882 7.624655 0.000000 0.000000
0.000000 0.000000 822.999089 822.567498 822.843248 820.536589 822.957276 822.794699 822.661432 822.975278 822.997789 822.975278 822.661432 822.794699 822.957276 820.536589 822.843248 822.567498 822.999089 0.000000 0.000000
0.000000 0.000000 1441.779993 1441.509961 1440.792749 1441.441548 1441.891932 1441.755188 1441.710136 1441.816677 1441.779199 1441.816677 1441.710136 1441.755188 1441.891932 1441.441548 1440.792749 1441.509961 1441.779993 0.000000 0.000000
0.000000 0.000000 1921.618837 1921.344861 1920.692663 1920.752037 1921.653416 1921.558421 1921.510995 1921.632841 1921.633956 1921.632841 1921.510995 1921.558421 1921.653416 1920.752037 1920.692663 1921.344861 1921.618837 0.000000 0.000000
0.000000 0.000000 2508.507535 2508.284257 2507.685837 2507.762359 2508.524853 2508.458788 2508.425395 2508.524168 2508.523338 2508.524168 2508.425395 2508.458788 2508.524853 2507.762359 2507.685837 2508.284257 2508.507535 0.000000 0.000000
0.000000 0.000000 3064.263578 3064.066935 3063.507644 3063.593258 3064.268165 3064.220653 3064.193384 3064.277668 3064.276588 3064.277668 3064.193384 3064.220653 3064.268165 3063.593258 3063.507644 3064.066935 3064.263578 0.000000 0.000000
0.000000 0.000000 3592.168772 3591.985824 3591.452224 3591.537432 3592.167993 3592.128440 3592.104443 3592.181303 3592.179692 3592.181303 3592.104443 3592.128440 3592.167993 3591.537432 3591.452224 3591.985824 3592.168772 0.000000 0.000000
0.000000 0.000000 4099.148942 4098.995317 4098.470847 4098.596111 4099.140808 4099.116113 4099.099136 4099.160367 4099.158356 4099.160367 4099.099136 4099.116113 4099.140808 4098.596111 4098.470847 4098.995317 4099.148942 0.000000 0.000000
0.000000 0.000000 4586.924510 4586.761103 4586.253491 4586.353097 4586.918134 4586.889038 4586.869083 4586.933272 4586.930258 4586.933272 4586.869083 4586.889038 4586.918134 4586.353097 4586.253491 4586.761103 4586.924510 0.000000 0.000000
0.000000 0.000000 5060.012884 5059.846699 5059.351242 5059.441655 5060.002527 5059.975390 5059.956010 5060.019664 5060.017760 5060.019664 5059.956010 5059.975390 5060.002527 5059.441655 5059.351242 5059.846699 5060.012884 0.000000 0.000000
0.000000 0.000000 5523.279528 5523.115348 5522.625748 5522.717684 5523.267604 5523.241353 5523.222407 5523.284392 5523.282178 5523.284392 5523.222407 5523.241353 5523.267604 5522.717684 5522.625748 5523.115348 5523.279528 0.000000 0.000000
0.000000 0.000000 5977.770435 5977.612163 5977.127317 5977.239848 5977.756261 5977.734382 5977.717771 5977.774692 5977.772129 5977.774692 5977.717771 5977.734382 5977.756261 5977.239848 5977.127317 5977.612163 5977.770435 0.000000 0.000000
0.000000 0.000000 6425.474300 6425.312260 6424.828238 6424.929357 6425.459649 6425.436883 6425.419026 6425.477463 6425.474471 6425.477463 6425.419026 6425.436883 6425.459649 6424.929357 6424.828238 6425.312260 6425.474299 0.000000 0.000000
0.000000 0.000000 6867.627160 6867.467610 6866.994220 6867.089892 6867.612641 6867.591194 6867.573774 6867.630828 6867.627462 6867.630828 6867.573774 6867.591194 6867.612641 6867.089892 6866.994220 6867.467610 6867.627157 0.000000 0.000000
0.000000 0.000000 7302.621274 7302.459634 7301.984688 7302.081653 7302.606931 7302.583645 7302.565650 7302.623433 7302.619677 7302.623433 7302.565650 7302.583645 7302.606931 7302.081653 7301.984687 7302.459618 7302.621015 0.000000 0.000000
0.000000 0.000000 7755.139968 7755.201191 7754.728844 7754.815382 7755.348175 7755.323722 7755.305528 7755.364717 7755.361057 7755.364717 7755.305528 7755.323722 7755.348175 7754.815381 7754.728829 7755.198665 7755.362722 0.000000 0.000000
0.000000 0.000000 0.000000 0.000000 0.000000 0.000000 0.000000 0.000000 0.000000 0.000000 0.000000 0.000000 0.000000 0.000000 0.000000 0.000000 0.000000 0.000000 0.000000 0.000000 0.000000
0.000000 0.000000 0.000000 0.000000 0.000000 0.000000 0.000000 0.000000 0.000000 0.000000 0.000000 0.000000 0.000000 0.000000 0.000000 0.000000 0.000000 0.000000 0.000000 0.000000 0.000000