geotop/1.0zi/1.0Montebello/Templates/testdem/maps/_Erotot1737.asc
ncols         21
nrows         20
xllcorner     100.000000
yllcorner     100.000000
cellsize      50.000000
NODATA_value  -9999.0
0.000000 0.000000 0.000000 0.000000 0.000000 0.000000 0.000000 0.000000 0.000000 0.000000 0.000000 0.000000 0.000000 0.000000 0.000000 0.000000 0.000000 0.000000 0.000000 0.000000 0.000000
0.000000 0.000000 187.671418 187.673383 187.709822 187.693946 187.661349 187.673712 187.675732 187.668168 187.669221 187.668168 187.675732 187.673712 187.661349 187.693946 187.709822 187.673383 187.671418 0.000000 0.000000
0.000000 0.000000 10.127599 9.907281 8.129191 9.978494 10.173169 10.152974 10.161951 10.171958 10.169469 10.171958 10.161951 10.152974 10.173169 9.978494 8.129191 9.907281 10.127599 0.000000 0.000000
0.000000 0.000000 1316.788407 1316.576919 1316.771553 1314.817656 1317.093931 1316.678663 1316.627688 1317.220464 1317.175612 1317.220464 1316.627688 1316.678663 1317.093931 1314.817656 1316.771553 1316.576919 1316.788407 0.000000 0.000000
0.000000 0.000000 2533.513129 2533.300699 2532.702327 2533.393566 2533.851506 2533.655876 2533.611585 2533.764200 2533.717860 2533.764200 2533.611585 2533.655876 2533.851506 2533.393566 2532.702327 2533.300699 2533.513129 0.000000 0.000000
0.000000 0.000000 3309.643290 3309.475174 3308.868511 3309.071835 3309.962483 3309.715338 3309.689231 3309.927125 3309.903300 3309.927125 3309.689231 3309.715338 3309.962483 3309.071835 3308.868511 3309.475174 3309.643290 0.000000 0.000000
0.000000 0.000000 4317.235900 4317.100939 4316.539348 4316.736714 4317.500236 4317.289332 4317.273955 4317.470880 4317.450838 4317.470880 4317.273955 4317.289332 4317.500236 4316.736714 4316.539348 4317.100939 4317.235900 0.000000 0.000000
0.000000 0.000000 5273.397034 5273.285666 5272.758782 5272.952532 5273.619711 5273.439322 5273.425903 5273.597861 5273.578819 5273.597861 5273.425903 5273.439322 5273.619711 5272.952532 5272.758782 5273.285666 5273.397034 0.000000 0.000000
0.000000 0.000000 6175.423481 6175.320511 6174.816023 6175.003052 6175.627110 6175.459605 6175.447801 6175.610217 6175.592612 6175.610217 6175.447801 6175.459605 6175.627110 6175.003052 6174.816023 6175.320511 6175.423481 0.000000 0.000000
0.000000 0.000000 7034.174967 7034.098744 7033.602715 7033.824758 7034.360632 7034.211936 7034.206986 7034.351108 7034.333490 7034.351108 7034.206986 7034.211936 7034.360632 7033.824758 7033.602715 7034.098744 7034.174967 0.000000 0.000000
0.000000 0.000000 7853.672301 7853.586722 7853.107408 7853.301676 7853.853437 7853.703185 7853.695240 7853.840648 7853.822157 7853.840648 7853.695240 7853.703185 7853.853437 7853.301676 7853.107408 7853.586722 7853.672301 0.000000 0.000000
0.000000 0.000000 8642.573181 8642.485247 8642.019710 8642.203582 8642.745533 8642.599894 8642.592705 8642.735513 8642.718252 8642.735513 8642.592705 8642.599894 8642.745533 8642.203582 8642.019710 8642.485247 8642.573181 0.000000 0.000000
0.000000 0.000000 9408.930444 9408.845222 9408.383963 9408.567955 9409.094427 9408.951710 9408.945116 9409.084957 9409.067188 9409.084957 9408.945116 9408.951710 9409.094427 9408.567955 9408.383963 9408.845222 9408.930444 0.000000 0.000000
0.000000 0.000000 10153.581829 10153.503184 10153.048260 10153.250632 10153.741461 10153.603764 10153.599644 10153.734103 10153.715946 10153.734103 10153.599644 10153.603764 10153.741461 10153.250632 10153.048260 10153.503184 10153.581829 0.000000 0.000000
0.000000 0.000000 10880.638947 10880.557435 10880.102335 10880.293164 10880.792810 10880.655046 10880.649919 10880.785478 10880.766937 10880.785478 10880.649919 10880.655046 10880.792810 10880.293164 10880.102335 10880.557435 10880.638947 0.000000 0.000000
0.000000 0.000000 11591.465747 11591.385261 11590.939999 11591.122959 11591.613034 11591.478857 11591.473885 11591.606094 11591.587824 11591.606094 11591.473885 11591.478857 11591.613034 11591.122959 11590.939999 11591.385261 11591.465743 0.000000 0.000000
0.000000 0.000000 12285.705303 12285.625471 12285.178767 12285.364438 12285.849746 12285.714958 12285.709887 12285.840507 12285.821447 12285.840507 12285.709887 12285.714958 12285.849746 12285.364438 12285.178767 12285.625451 12285.704933 0.000000 0.000000
0.000000 0.000000 12997.129094 12997.378691 12996.938535 12997.115659 12997.601197 12997.465792 12997.460815 12997.592991 12997.573812 12997.592991 12997.460815 12997.465792 12997.601197 12997.115659 12996.938517 12997.375395 12997.454925 0.000000 0.000000
0.000000 0.000000 0.000000 0.000000 0.000000 0.000000 0.000000 0.000000 0.000000 0.000000 0.000000 0.000000 0.000000 0.000000 0.000000 0.000000 0.000000 0.000000 0.000000 0.000000 0.000000
0.000000 0.000000 0.000000 0.000000 0.000000 0.000000 0.000000 0.000000 0.000000 0.000000 0.000000 0.000000 0.000000 0.000000 0.000000 0.000000 0.000000 0.000000 0.000000 0.000000 0.000000