geotop/1.0zi/1.0Montebello/Templates/testdem/maps/_Erotot1788.asc
ncols         21
nrows         20
xllcorner     100.000000
yllcorner     100.000000
cellsize      50.000000
NODATA_value  -9999.0
0.000000 0.000000 0.000000 0.000000 0.000000 0.000000 0.000000 0.000000 0.000000 0.000000 0.000000 0.000000 0.000000 0.000000 0.000000 0.000000 0.000000 0.000000 0.000000 0.000000 0.000000
0.000000 0.000000 193.696258 193.698268 193.734823 193.719542 193.685843 193.698638 193.700697 193.692913 193.694013 193.692913 193.700697 193.698638 193.685843 193.719542 193.734823 193.698268 193.696258 0.000000 0.000000
0.000000 0.000000 10.212456 9.992018 8.213613 10.062146 10.258800 10.238258 10.247621 10.258152 10.255698 10.258152 10.247621 10.238258 10.258800 10.062146 8.213613 9.992018 10.212456 0.000000 0.000000
0.000000 0.000000 1368.544548 1368.334060 1368.531555 1366.580103 1368.844634 1368.428375 1368.372495 1368.961226 1368.915435 1368.961226 1368.372495 1368.428375 1368.844634 1366.580103 1368.531555 1368.334060 1368.544548 0.000000 0.000000
0.000000 0.000000 2612.501463 2612.289635 2611.692998 2612.385563 2612.836877 2612.641521 2612.594919 2612.745379 2612.698715 2612.745379 2612.594919 2612.641521 2612.836877 2612.385563 2611.692998 2612.289635 2612.501463 0.000000 0.000000
0.000000 0.000000 3418.942415 3418.774923 3418.170378 3418.375097 3419.258082 3419.011390 3418.982707 3419.218263 3419.194033 3419.218263 3418.982707 3419.011390 3419.258082 3418.375097 3418.170378 3418.774923 3418.942415 0.000000 0.000000
0.000000 0.000000 4455.578276 4455.443764 4454.884192 4455.082345 4455.839796 4455.629556 4455.612228 4455.807294 4455.786992 4455.807294 4455.612228 4455.629556 4455.839796 4455.082345 4454.884192 4455.443764 4455.578276 0.000000 0.000000
0.000000 0.000000 5438.335000 5438.224065 5437.699422 5437.893849 5438.554810 5438.375139 5438.359793 5438.529829 5438.510551 5438.529829 5438.359793 5438.375139 5438.554810 5437.893849 5437.699422 5438.224065 5438.335000 0.000000 0.000000
0.000000 0.000000 6365.363524 6365.261038 6364.758951 6364.946506 6365.564336 6365.397658 6365.384069 6365.544542 6365.526724 6365.544542 6365.384069 6365.397658 6365.564336 6364.946506 6364.758951 6365.261038 6365.363524 0.000000 0.000000
0.000000 0.000000 7247.423683 7247.347895 7246.854471 7247.076765 7247.606606 7247.458781 7247.452147 7247.594376 7247.576585 7247.594376 7247.452147 7247.458781 7247.606606 7247.076765 7246.854471 7247.347895 7247.423683 0.000000 0.000000
0.000000 0.000000 8088.955182 8088.870084 8088.393573 8088.587940 8089.133566 8088.984277 8088.974738 8089.118233 8089.099599 8089.118233 8088.974738 8088.984277 8089.133566 8088.587940 8088.393573 8088.870084 8088.955182 0.000000 0.000000
0.000000 0.000000 8898.732499 8898.645112 8898.182554 8898.366424 8898.902143 8898.757547 8898.748869 8898.889748 8898.872366 8898.889748 8898.748869 8898.757547 8898.902143 8898.366424 8898.182554 8898.645112 8898.732499 0.000000 0.000000
0.000000 0.000000 9684.426492 9684.341914 9683.883838 9684.067713 9684.587782 9684.446158 9684.438118 9684.575992 9684.558106 9684.575992 9684.438118 9684.446158 9684.587782 9684.067713 9683.883838 9684.341914 9684.426492 0.000000 0.000000
0.000000 0.000000 10448.047748 10447.969756 10447.518277 10447.720274 10448.204711 10448.068155 10448.062624 10448.195088 10448.176842 10448.195088 10448.062624 10448.068155 10448.204711 10447.720274 10447.518277 10447.969756 10448.047748 0.000000 0.000000
0.000000 0.000000 11192.882633 11192.801762 11192.350403 11192.540683 11193.033897 11192.897352 11192.890920 11193.024469 11193.005878 11193.024469 11192.890920 11192.897352 11193.033897 11192.540683 11192.350403 11192.801762 11192.882633 0.000000 0.000000
0.000000 0.000000 11920.328486 11920.248658 11919.807150 11919.989455 11920.473236 11920.340324 11920.334211 11920.464514 11920.446227 11920.464514 11920.334211 11920.340324 11920.473236 11919.989455 11919.807150 11920.248658 11920.328482 0.000000 0.000000
0.000000 0.000000 12629.608432 12629.529302 12629.086694 12629.271603 12629.750357 12629.616993 12629.610835 12629.739460 12629.720424 12629.739460 12629.610835 12629.616993 12629.750357 12629.271603 12629.086694 12629.529282 12629.608082 0.000000 0.000000
0.000000 0.000000 13357.296252 13357.558566 13357.122641 13357.299006 13357.777492 13357.643596 13357.637481 13357.767502 13357.748340 13357.767502 13357.637481 13357.643596 13357.777492 13357.299006 13357.122622 13357.555249 13357.634002 0.000000 0.000000
0.000000 0.000000 0.000000 0.000000 0.000000 0.000000 0.000000 0.000000 0.000000 0.000000 0.000000 0.000000 0.000000 0.000000 0.000000 0.000000 0.000000 0.000000 0.000000 0.000000 0.000000
0.000000 0.000000 0.000000 0.000000 0.000000 0.000000 0.000000 0.000000 0.000000 0.000000 0.000000 0.000000 0.000000 0.000000 0.000000 0.000000 0.000000 0.000000 0.000000 0.000000 0.000000