geotop/1.0zi/1.0Montebello/Templates/testdem/maps/_Erotot8810.asc
ncols         21
nrows         20
xllcorner     100.000000
yllcorner     100.000000
cellsize      50.000000
NODATA_value  -9999.0
0.000000 0.000000 0.000000 0.000000 0.000000 0.000000 0.000000 0.000000 0.000000 0.000000 0.000000 0.000000 0.000000 0.000000 0.000000 0.000000 0.000000 0.000000 0.000000 0.000000 0.000000
0.000000 0.000000 701.826318 702.478921 701.924819 702.018733 701.008901 701.142592 701.224651 701.298729 701.680016 701.045887 700.933703 700.973512 701.370946 701.490800 702.306963 702.888657 703.041283 0.000000 0.000000
0.000000 0.000000 54.589859 53.619985 53.912833 53.842544 54.500775 54.138562 53.763025 53.630923 53.835020 54.161322 54.220221 54.340480 54.145460 53.702380 52.423360 51.575293 52.173068 0.000000 0.000000
0.000000 0.000000 426.981923 428.238413 415.256576 408.778758 408.165611 402.467215 407.437785 409.285505 405.471368 403.800838 407.240071 406.913397 415.252050 423.533004 427.417920 422.098013 429.087719 0.000000 0.000000
0.000000 0.000000 3814.379523 3811.309552 3812.975351 3780.932635 3757.994423 3745.984695 3740.358460 3733.199037 3742.315351 3749.172074 3747.826749 3742.972247 3762.272907 3766.482281 3781.943372 3793.506294 3793.230426 0.000000 0.000000
0.000000 0.000000 5880.933006 5875.504443 5869.507912 5871.048812 5849.275840 5837.075740 5840.612230 5840.437013 5836.284176 5830.309983 5828.614405 5832.683905 5832.636442 5857.331275 5858.633712 5864.712807 5867.118496 0.000000 0.000000
0.000000 0.000000 7287.124690 7281.961800 7279.157511 7268.509707 7259.808734 7227.618094 7228.014528 7225.490405 7225.346442 7229.696854 7230.306933 7231.203710 7263.664004 7269.427068 7277.710586 7280.245037 7285.159125 0.000000 0.000000
0.000000 0.000000 8642.564694 8640.525732 8637.069956 8625.268674 8619.858539 8616.409886 8617.235877 8615.412103 8615.829999 8611.712559 8610.596344 8617.934396 8616.139091 8624.557994 8638.660826 8634.900686 8640.879883 0.000000 0.000000
0.000000 0.000000 10395.756597 10391.544192 10385.297032 10383.049488 10368.445573 10350.224614 10353.045796 10349.042574 10346.295111 10345.922196 10348.788759 10342.574055 10366.244734 10379.985145 10381.340287 10383.574338 10386.905539 0.000000 0.000000
0.000000 0.000000 12424.264076 12417.678711 12417.500119 12411.544259 12388.737838 12378.375842 12377.920464 12376.838594 12373.258728 12377.690709 12380.771835 12380.408453 12387.380956 12405.725892 12413.189589 12415.715804 12414.853340 0.000000 0.000000
0.000000 0.000000 14664.918192 14663.662451 14661.624511 14634.393799 14628.659770 14608.889549 14617.252254 14600.328591 14606.633318 14603.007702 14595.658213 14606.315941 14620.274532 14623.568610 14638.417735 14642.262495 14656.682332 0.000000 0.000000
0.000000 0.000000 17134.978812 17126.398619 17113.269634 17110.827309 17095.511745 17073.574057 17071.999473 17074.993416 17081.501755 17069.003214 17075.966611 17074.044947 17099.524422 17111.579953 17112.069151 17116.164039 17140.644260 0.000000 0.000000
0.000000 0.000000 19742.001459 19733.223806 19737.660014 19715.510851 19707.045856 19643.546831 19641.294486 19640.472208 19612.647305 19630.964405 19633.527485 19640.450986 19687.660012 19696.022257 19725.153717 19722.645481 19729.627420 0.000000 0.000000
0.000000 0.000000 22811.752002 22814.334317 22795.128140 22788.349972 22704.823669 22741.978492 22722.915522 22724.372647 22737.246570 22726.396857 22725.509219 22715.016997 22679.674494 22773.823020 22776.599920 22800.448894 22812.888192 0.000000 0.000000
0.000000 0.000000 26252.482684 26239.496669 26225.528596 26129.328169 26166.460178 26114.551954 26092.867742 26088.751907 26068.670230 26057.246182 26067.094297 26067.502951 26121.800901 26086.413839 26224.281587 26188.752963 26182.479512 0.000000 0.000000
0.000000 0.000000 29703.103761 29697.796155 29564.852171 29627.361328 29617.107835 29617.026024 29684.318710 29663.448345 29696.383322 29688.006507 29664.227407 29698.154952 29688.646651 29701.349061 29551.790058 29757.168679 29747.446820 0.000000 0.000000
0.000000 0.000000 33519.039687 33344.888222 33421.729708 33348.593620 33258.902529 33238.061625 33176.119126 33194.488314 33133.245185 33141.828474 33176.249366 33142.110483 33188.909603 33245.446492 33418.866513 33269.650465 33453.080030 0.000000 0.000000
0.000000 0.000000 34413.778842 34587.755194 34719.276676 34725.754413 34741.931964 34624.063025 34652.982916 34611.675429 34681.116324 34668.854735 34659.953695 34677.529389 34770.490902 34761.605061 34743.823439 34644.414812 34472.289625 0.000000 0.000000
0.000000 0.000000 0.000000 0.000000 0.000000 0.000000 0.000000 0.000000 0.000000 0.000000 0.000000 0.000000 0.000000 0.000000 0.000000 0.000000 0.000000 0.000000 0.000000 0.000000 0.000000
0.000000 0.000000 0.000000 0.000000 0.000000 0.000000 0.000000 0.000000 0.000000 0.000000 0.000000 0.000000 0.000000 0.000000 0.000000 0.000000 0.000000 0.000000 0.000000 0.000000 0.000000