geotop/1.0zi/1.0Montebello/Templates/testdem/maps/_Erotot6069.asc
ncols         21
nrows         20
xllcorner     100.000000
yllcorner     100.000000
cellsize      50.000000
NODATA_value  -9999.0
0.000000 0.000000 0.000000 0.000000 0.000000 0.000000 0.000000 0.000000 0.000000 0.000000 0.000000 0.000000 0.000000 0.000000 0.000000 0.000000 0.000000 0.000000 0.000000 0.000000 0.000000
0.000000 0.000000 464.572597 463.768686 463.579599 463.364503 463.324980 463.398025 463.341908 463.520053 463.422979 463.220866 463.159271 463.238978 463.380148 463.288394 463.490154 463.687883 464.114183 0.000000 0.000000
0.000000 0.000000 34.821164 35.496616 35.795556 36.974118 36.711953 36.495896 36.323230 36.101529 36.315582 36.675637 36.486460 36.229683 36.646424 36.420113 35.573461 34.738189 34.131624 0.000000 0.000000
0.000000 0.000000 191.991912 193.186285 185.604676 182.757799 184.132688 179.052121 178.648478 178.285085 177.553377 175.121388 177.561598 175.765225 179.089825 184.762704 184.665758 187.480459 191.642460 0.000000 0.000000
0.000000 0.000000 1889.908708 1894.248738 1897.799200 1878.886068 1863.334276 1852.442848 1855.038685 1852.032549 1855.551424 1859.710921 1856.500858 1854.870568 1865.690550 1866.408101 1874.321538 1882.251856 1884.141033 0.000000 0.000000
0.000000 0.000000 3371.653522 3365.994049 3363.458196 3358.418056 3349.904746 3342.191127 3340.564891 3340.667747 3339.243878 3336.947908 3334.227827 3336.427936 3337.118843 3353.098155 3358.756248 3362.448281 3364.496065 0.000000 0.000000
0.000000 0.000000 4466.525595 4463.906230 4460.645409 4456.259164 4443.276433 4426.202024 4426.147485 4422.613836 4424.530521 4427.402220 4429.429243 4430.616478 4450.755176 4460.375852 4464.932711 4466.276100 4471.790668 0.000000 0.000000
0.000000 0.000000 5138.239451 5139.559122 5138.159094 5131.613649 5130.877411 5123.563901 5124.100135 5124.475376 5123.183793 5120.755588 5120.514128 5124.150932 5124.537580 5127.379485 5135.879337 5134.258764 5137.583286 0.000000 0.000000
0.000000 0.000000 6061.905720 6059.158674 6054.579439 6055.320161 6048.473007 6037.753893 6038.202476 6035.545887 6033.030076 6034.201806 6035.352392 6030.346973 6043.824353 6052.284407 6054.607672 6055.591502 6057.344179 0.000000 0.000000
0.000000 0.000000 7129.607502 7127.155391 7128.839610 7127.961346 7112.968384 7105.467952 7106.873723 7105.952536 7103.852427 7106.986268 7110.300621 7108.455029 7111.933316 7122.796530 7126.937580 7127.264147 7128.232979 0.000000 0.000000
0.000000 0.000000 8281.722223 8281.854654 8281.505578 8266.961945 8264.188731 8253.242395 8256.797592 8247.649263 8250.051144 8249.063282 8244.248987 8251.811344 8256.520466 8258.149541 8265.036253 8271.100160 8278.702989 0.000000 0.000000
0.000000 0.000000 9489.228440 9484.553779 9479.104169 9477.120782 9472.911806 9457.749421 9456.700263 9455.825096 9462.498059 9455.352345 9457.447151 9457.056545 9472.986687 9476.678798 9478.386914 9479.025137 9498.853701 0.000000 0.000000
0.000000 0.000000 10713.189572 10711.209020 10711.854258 10704.135681 10699.842653 10672.122805 10670.690274 10670.314905 10655.660402 10664.769180 10668.784156 10671.084704 10688.151218 10692.279819 10706.776498 10706.269069 10713.379853 0.000000 0.000000
0.000000 0.000000 12056.911669 12058.241410 12050.812926 12049.494736 12020.728826 12029.196483 12018.613057 12020.088004 12021.188967 12020.662594 12019.318386 12015.829790 12005.735527 12036.951805 12042.547598 12053.493392 12060.884167 0.000000 0.000000
0.000000 0.000000 13511.469372 13506.362552 13502.713110 13477.074130 13476.979347 13460.882353 13447.706167 13446.056158 13441.004124 13434.627643 13437.908965 13436.185270 13451.625855 13455.453344 13498.518607 13489.484580 13489.859617 0.000000 0.000000
0.000000 0.000000 15009.031039 15008.281497 14969.961017 14969.926596 14975.033828 14967.416227 14985.185278 14977.419702 14983.636372 14979.007704 14973.493780 14982.657690 14986.316850 14985.867090 14964.065352 15018.114652 15011.371698 0.000000 0.000000
0.000000 0.000000 16716.141742 16669.208962 16667.313993 16656.911978 16630.375339 16623.055520 16614.082711 16617.399439 16602.691558 16603.144708 16608.787430 16608.244595 16620.778461 16632.776183 16666.161146 16658.626563 16711.332917 0.000000 0.000000
0.000000 0.000000 17882.797817 17898.472557 17947.480844 17940.549880 17926.222726 17886.414038 17887.600246 17872.897304 17885.679416 17883.564342 17889.353420 17885.157823 17919.857667 17931.991738 17956.036839 17905.855940 17890.487959 0.000000 0.000000
0.000000 0.000000 0.000000 0.000000 0.000000 0.000000 0.000000 0.000000 0.000000 0.000000 0.000000 0.000000 0.000000 0.000000 0.000000 0.000000 0.000000 0.000000 0.000000 0.000000 0.000000
0.000000 0.000000 0.000000 0.000000 0.000000 0.000000 0.000000 0.000000 0.000000 0.000000 0.000000 0.000000 0.000000 0.000000 0.000000 0.000000 0.000000 0.000000 0.000000 0.000000 0.000000