geotop/1.0zi/1.0Montebello/Templates/testdem/maps/_Erotot9232.asc
ncols         21
nrows         20
xllcorner     100.000000
yllcorner     100.000000
cellsize      50.000000
NODATA_value  -9999.0
0.000000 0.000000 0.000000 0.000000 0.000000 0.000000 0.000000 0.000000 0.000000 0.000000 0.000000 0.000000 0.000000 0.000000 0.000000 0.000000 0.000000 0.000000 0.000000 0.000000 0.000000
0.000000 0.000000 723.432855 724.004985 723.427134 723.509026 722.476225 722.586810 722.672305 722.744955 723.132247 722.496991 722.389258 722.435625 722.835703 722.989089 723.809183 724.415372 724.574015 0.000000 0.000000
0.000000 0.000000 56.409671 55.333935 55.648709 55.580772 56.398091 56.092827 55.716466 55.585577 55.785472 56.111979 56.169350 56.281463 56.045110 55.440107 54.173979 53.304552 53.910462 0.000000 0.000000
0.000000 0.000000 428.248003 430.059730 416.977398 410.748119 410.181918 404.321207 409.319630 410.995938 407.047452 405.451838 408.870187 408.377546 416.868271 425.338757 429.153392 423.567550 430.846610 0.000000 0.000000
0.000000 0.000000 3999.177051 3992.709349 3986.727847 3953.364948 3927.418584 3914.868077 3907.368879 3900.783103 3908.362659 3914.774894 3913.093356 3908.035037 3927.712412 3932.146408 3948.085289 3959.195598 3959.308526 0.000000 0.000000
0.000000 0.000000 6199.115405 6193.848191 6189.161954 6191.306377 6166.805454 6154.616498 6158.237106 6157.472331 6152.786182 6146.312763 6144.730774 6149.212076 6149.093027 6175.377545 6176.425570 6183.847899 6186.156111 0.000000 0.000000
0.000000 0.000000 7624.072138 7618.692285 7614.916699 7603.637086 7595.962000 7558.937644 7561.688016 7558.943464 7558.294300 7562.447897 7563.001607 7564.674476 7597.534912 7602.352715 7611.563718 7613.436732 7618.664336 0.000000 0.000000
0.000000 0.000000 9078.819497 9075.925430 9070.799901 9058.596339 9051.611367 9049.216383 9048.980315 9046.887994 9046.789656 9042.378549 9041.280670 9048.548660 9046.798857 9056.206246 9070.855927 9067.363165 9073.577310 0.000000 0.000000
0.000000 0.000000 10950.198228 10944.861229 10937.777490 10934.690894 10918.437886 10897.593501 10900.670873 10896.361814 10892.819058 10892.115664 10895.018465 10888.972305 10914.021758 10927.874568 10929.925238 10932.505689 10935.161258 0.000000 0.000000
0.000000 0.000000 13124.948551 13117.322275 13114.133696 13106.903941 13083.671319 13070.764658 13070.362731 13068.437827 13064.082528 13068.203240 13071.339340 13071.187996 13078.441893 13098.089447 13106.211983 13108.993300 13108.633671 0.000000 0.000000
0.000000 0.000000 15541.728417 15538.897513 15536.862062 15506.160499 15499.836244 15476.870625 15485.067305 15467.948380 15473.394194 15469.137811 15461.493347 15472.862591 15487.630721 15491.717258 15506.899688 15510.816255 15526.769342 0.000000 0.000000
0.000000 0.000000 18225.799759 18214.004034 18196.846871 18195.358940 18177.746447 18151.785113 18151.323860 18152.529145 18159.355338 18144.438003 18152.176993 18150.231627 18177.478239 18190.798314 18192.467438 18196.531481 18221.850076 0.000000 0.000000
0.000000 0.000000 21073.808957 21065.968089 21068.129891 21041.439242 21030.572921 20959.685462 20956.603918 20955.489436 20923.585039 20943.551457 20945.955823 20953.804020 21005.650410 21015.076635 21045.674862 21044.573209 21051.296291 0.000000 0.000000
0.000000 0.000000 24455.449406 24455.967631 24432.087187 24423.633307 24329.462473 24373.853367 24351.203264 24352.237629 24366.577698 24352.893984 24351.619582 24340.509369 24296.719246 24403.450324 24405.984111 24432.040236 24445.551831 0.000000 0.000000
0.000000 0.000000 28209.071630 28194.246249 28176.157361 28066.186009 28114.431754 28048.597247 28025.829130 28020.165573 27995.422473 27982.841841 27994.325550 27995.690983 28060.403221 28012.176994 28168.739415 28128.387547 28120.789552 0.000000 0.000000
0.000000 0.000000 31822.980751 31816.054845 31670.220285 31747.303153 31730.860441 31735.210184 31809.129841 31786.666690 31822.518284 31813.836307 31787.045172 31823.968407 31806.512913 31823.311275 31648.664810 31874.434987 31864.883634 0.000000 0.000000
0.000000 0.000000 35526.206043 35360.928262 35441.538242 35367.813485 35283.124817 35261.480302 35198.435621 35216.264263 35155.120030 35163.273422 35197.430539 35163.584874 35208.998141 35261.802051 35434.108332 35278.400441 35452.879664 0.000000 0.000000
0.000000 0.000000 36377.299179 36522.227549 36636.455173 36639.340235 36649.446310 36546.318631 36569.270341 36533.153930 36590.840575 36580.028723 36573.912672 36587.505025 36667.863485 36663.215238 36652.805736 36561.757613 36417.612107 0.000000 0.000000
0.000000 0.000000 0.000000 0.000000 0.000000 0.000000 0.000000 0.000000 0.000000 0.000000 0.000000 0.000000 0.000000 0.000000 0.000000 0.000000 0.000000 0.000000 0.000000 0.000000 0.000000
0.000000 0.000000 0.000000 0.000000 0.000000 0.000000 0.000000 0.000000 0.000000 0.000000 0.000000 0.000000 0.000000 0.000000 0.000000 0.000000 0.000000 0.000000 0.000000 0.000000 0.000000