geotop/1.0zi/1.0Montebello/Templates/testdem/maps/_Erotot8105.asc
ncols         21
nrows         20
xllcorner     100.000000
yllcorner     100.000000
cellsize      50.000000
NODATA_value  -9999.0
0.000000 0.000000 0.000000 0.000000 0.000000 0.000000 0.000000 0.000000 0.000000 0.000000 0.000000 0.000000 0.000000 0.000000 0.000000 0.000000 0.000000 0.000000 0.000000 0.000000 0.000000
0.000000 0.000000 675.047843 675.846924 675.299050 675.405395 674.396159 674.555992 674.542578 674.605918 675.038962 674.364263 674.242615 674.294760 674.668896 674.821746 675.656257 676.201925 676.416235 0.000000 0.000000
0.000000 0.000000 52.149499 51.166746 51.410376 51.472668 52.106412 51.785061 51.489267 51.354227 51.584005 51.943306 51.962670 52.112225 51.865770 51.356902 50.082283 49.229195 49.752750 0.000000 0.000000
0.000000 0.000000 354.814404 355.940453 343.580541 338.314014 338.866748 327.549117 327.667700 328.486776 324.828129 323.053985 325.201677 325.342181 335.610404 342.665760 347.290862 350.200127 355.399449 0.000000 0.000000
0.000000 0.000000 3293.109925 3295.402415 3297.591636 3274.562559 3254.822916 3243.308993 3242.615723 3237.790359 3244.663974 3249.828066 3245.329206 3243.864506 3258.929751 3262.660867 3273.953215 3283.741041 3283.837296 0.000000 0.000000
0.000000 0.000000 5234.669693 5229.264004 5225.785394 5219.598320 5204.025643 5194.313933 5195.188405 5194.144271 5190.812664 5185.105868 5184.136430 5187.351760 5186.855676 5207.086601 5214.966307 5221.194614 5224.188749 0.000000 0.000000
0.000000 0.000000 6551.047905 6548.030893 6543.419340 6536.394458 6522.321876 6499.968749 6498.917315 6495.099063 6496.518141 6500.243240 6501.750902 6502.238945 6530.387825 6540.628051 6546.394086 6549.204095 6554.471103 0.000000 0.000000
0.000000 0.000000 7714.277846 7714.554026 7711.426172 7701.263955 7698.414993 7688.606481 7688.806380 7688.592086 7687.612682 7683.653202 7682.969149 7689.212771 7691.341632 7696.483246 7709.278531 7707.878533 7712.981593 0.000000 0.000000
0.000000 0.000000 9236.831997 9232.292407 9225.751328 9225.166341 9213.604891 9197.787354 9199.078862 9194.428500 9192.366320 9192.102579 9194.601693 9188.775819 9207.828602 9222.092413 9224.277765 9228.083729 9229.584726 0.000000 0.000000
0.000000 0.000000 10979.430493 10975.971939 10976.004980 10971.362047 10950.337218 10940.092716 10939.679576 10939.400320 10935.922404 10939.427475 10942.616154 10941.878545 10949.102475 10963.984275 10972.053845 10974.128205 10975.354596 0.000000 0.000000
0.000000 0.000000 12892.972184 12892.192276 12888.985640 12868.043878 12861.694481 12845.142749 12851.028942 12837.349888 12841.573770 12839.739409 12832.647572 12842.849708 12852.724436 12855.933891 12869.072148 12876.368622 12887.423866 0.000000 0.000000
0.000000 0.000000 14971.344343 14963.179800 14954.563819 14950.796956 14939.694659 14918.729295 14914.883113 14915.663448 14923.173971 14911.774067 14916.167833 14915.880605 14939.402242 14948.625232 14951.930472 14956.063909 14980.150171 0.000000 0.000000
0.000000 0.000000 17140.470976 17135.584010 17135.778224 17121.095493 17113.362718 17061.271523 17059.584080 17058.472634 17036.052364 17049.182846 17053.580919 17058.594320 17094.963065 17102.791782 17127.420301 17127.134597 17134.673924 0.000000 0.000000
0.000000 0.000000 19638.072674 19640.788677 19626.142958 19621.067604 19557.535691 19580.115834 19563.387993 19564.718923 19572.251179 19566.737152 19564.292126 19558.969649 19535.764374 19604.066295 19610.842139 19632.328106 19642.604413 0.000000 0.000000
0.000000 0.000000 22450.181477 22441.455007 22431.559100 22360.170000 22377.195148 22341.403512 22321.327568 22317.632052 22304.457259 22293.303731 22300.455539 22299.199598 22338.754986 22324.824147 22426.752700 22405.914097 22403.018145 0.000000 0.000000
0.000000 0.000000 25374.029193 25370.873605 25267.792451 25302.533558 25302.094161 25293.238547 25340.518235 25324.659317 25347.098223 25338.736697 25321.911375 25348.640149 25348.267291 25350.125976 25258.551215 25410.878534 25402.215876 0.000000 0.000000
0.000000 0.000000 28851.332111 28702.149998 28746.563714 28694.910304 28616.711508 28599.854761 28555.300742 28568.201482 28519.949570 28525.176234 28550.921685 28528.000291 28564.395693 28614.302125 28743.659768 28647.652840 28807.025804 0.000000 0.000000
0.000000 0.000000 30058.006008 30208.699697 30341.941005 30346.870325 30355.207221 30237.828378 30259.217446 30219.677431 30281.467361 30270.293350 30264.640027 30278.903644 30374.622714 30369.675335 30367.001158 30260.669739 30111.534116 0.000000 0.000000
0.000000 0.000000 0.000000 0.000000 0.000000 0.000000 0.000000 0.000000 0.000000 0.000000 0.000000 0.000000 0.000000 0.000000 0.000000 0.000000 0.000000 0.000000 0.000000 0.000000 0.000000
0.000000 0.000000 0.000000 0.000000 0.000000 0.000000 0.000000 0.000000 0.000000 0.000000 0.000000 0.000000 0.000000 0.000000 0.000000 0.000000 0.000000 0.000000 0.000000 0.000000 0.000000