geotop/1.0zi/1.0Montebello/Templates/testdem/maps/_Erotot4855.asc
ncols         21
nrows         20
xllcorner     100.000000
yllcorner     100.000000
cellsize      50.000000
NODATA_value  -9999.0
0.000000 0.000000 0.000000 0.000000 0.000000 0.000000 0.000000 0.000000 0.000000 0.000000 0.000000 0.000000 0.000000 0.000000 0.000000 0.000000 0.000000 0.000000 0.000000 0.000000 0.000000
0.000000 0.000000 361.265345 360.340617 360.055907 359.864026 359.833821 359.843123 359.883091 360.043065 359.997582 359.869619 359.951039 360.026421 359.904866 359.953065 360.140269 360.108473 360.678286 0.000000 0.000000
0.000000 0.000000 28.278583 29.226769 29.672364 30.712499 30.228237 30.345463 30.024690 29.820012 29.892062 30.234587 29.896598 29.692300 30.301304 29.921173 29.102930 28.495744 27.825338 0.000000 0.000000
0.000000 0.000000 150.970015 152.335625 145.124459 143.134411 144.338753 139.617551 138.843234 138.949718 137.551204 136.410277 137.525445 136.076277 138.627474 143.466176 142.974576 146.356068 149.067529 0.000000 0.000000
0.000000 0.000000 1459.350149 1463.624564 1468.860127 1451.408708 1440.378765 1432.149656 1434.797436 1429.243456 1433.115555 1437.286873 1437.621198 1437.967231 1447.430670 1446.444891 1452.527151 1457.788365 1459.597497 0.000000 0.000000
0.000000 0.000000 2739.784666 2734.132652 2730.242121 2727.087985 2720.739075 2717.478889 2714.846166 2716.719304 2716.126282 2713.390652 2709.799260 2711.683379 2711.616491 2724.643612 2728.643610 2728.956737 2731.848841 0.000000 0.000000
0.000000 0.000000 3514.601622 3509.991462 3505.161474 3501.285613 3490.316488 3474.738197 3476.107893 3472.756911 3475.604972 3474.733456 3477.647346 3479.919627 3494.681092 3503.887389 3510.055520 3514.046678 3517.629982 0.000000 0.000000
0.000000 0.000000 4069.720633 4069.856526 4070.437384 4065.879766 4063.936450 4059.055439 4059.774189 4060.119631 4057.455967 4058.215100 4057.256302 4056.450945 4059.932862 4063.443122 4065.450056 4065.147737 4066.409587 0.000000 0.000000
0.000000 0.000000 4764.736757 4764.406193 4761.663177 4759.272536 4754.455320 4745.657277 4745.966500 4744.215317 4744.478213 4744.942930 4744.341492 4745.347477 4750.919144 4758.918271 4758.866266 4760.646569 4764.415002 0.000000 0.000000
0.000000 0.000000 5582.368504 5580.425342 5580.513411 5576.446474 5567.199328 5561.962782 5563.633075 5562.801924 5562.667586 5562.490728 5561.791589 5560.548225 5568.345476 5575.251196 5577.458660 5578.767194 5580.190572 0.000000 0.000000
0.000000 0.000000 6447.938226 6445.928954 6444.352951 6442.011852 6438.822378 6427.982589 6428.324980 6425.886398 6425.745124 6426.618107 6425.823685 6426.124625 6431.598775 6434.583547 6439.319379 6441.705439 6444.840922 0.000000 0.000000
0.000000 0.000000 7349.974407 7349.047206 7346.390873 7339.344572 7334.041859 7325.627717 7324.674281 7324.402804 7324.266614 7323.209689 7323.161585 7323.472154 7333.093621 7339.372123 7342.724394 7344.206612 7361.510636 0.000000 0.000000
0.000000 0.000000 8260.091123 8257.979672 8255.570078 8252.512722 8244.395442 8224.074117 8224.401619 8222.690552 8222.338796 8222.772743 8221.514875 8222.471253 8239.829952 8248.359791 8251.578965 8253.417559 8255.836391 0.000000 0.000000
0.000000 0.000000 9234.467650 9231.129508 9228.809774 9224.590403 9203.175978 9211.600280 9205.633276 9204.823161 9204.984566 9205.090342 9204.182040 9204.399156 9198.540167 9218.662896 9222.572578 9228.312423 9228.253335 0.000000 0.000000
0.000000 0.000000 10276.376923 10271.391982 10266.295378 10251.798424 10248.763443 10231.927878 10223.573638 10221.941062 10217.202109 10216.671595 10218.230675 10216.287983 10228.027616 10236.350789 10259.696634 10255.412109 10256.924924 0.000000 0.000000
0.000000 0.000000 11319.817983 11319.177713 11296.087024 11299.636321 11298.482900 11297.425064 11300.560020 11300.779646 11303.556907 11303.119311 11300.044494 11306.095468 11303.932535 11302.628067 11290.113047 11317.172301 11322.143109 0.000000 0.000000
0.000000 0.000000 12506.194328 12478.427388 12469.600301 12460.887827 12444.243939 12437.390031 12435.613499 12434.854398 12430.449996 12430.534128 12431.406975 12428.695073 12434.238147 12452.595642 12467.069500 12467.555838 12495.493431 0.000000 0.000000
0.000000 0.000000 13374.472794 13379.112589 13404.165664 13393.636013 13386.309009 13360.031777 13358.264670 13355.426614 13357.235033 13356.712178 13355.293646 13357.628999 13382.698237 13391.993337 13404.571512 13375.482724 13376.661083 0.000000 0.000000
0.000000 0.000000 0.000000 0.000000 0.000000 0.000000 0.000000 0.000000 0.000000 0.000000 0.000000 0.000000 0.000000 0.000000 0.000000 0.000000 0.000000 0.000000 0.000000 0.000000 0.000000
0.000000 0.000000 0.000000 0.000000 0.000000 0.000000 0.000000 0.000000 0.000000 0.000000 0.000000 0.000000 0.000000 0.000000 0.000000 0.000000 0.000000 0.000000 0.000000 0.000000 0.000000