geotop/1.0zi/1.0Montebello/Templates/testdem/maps/_Erotot7596.asc
ncols         21
nrows         20
xllcorner     100.000000
yllcorner     100.000000
cellsize      50.000000
NODATA_value  -9999.0
0.000000 0.000000 0.000000 0.000000 0.000000 0.000000 0.000000 0.000000 0.000000 0.000000 0.000000 0.000000 0.000000 0.000000 0.000000 0.000000 0.000000 0.000000 0.000000 0.000000 0.000000
0.000000 0.000000 643.962955 644.903779 644.298685 644.457403 643.583538 643.782059 643.728828 643.833629 644.256895 643.589065 643.472653 643.513910 643.861040 643.905500 644.707710 645.292946 645.367843 0.000000 0.000000
0.000000 0.000000 50.191746 48.969774 49.116848 49.493164 49.907281 49.584061 49.318913 49.156748 49.398497 49.733998 49.755625 49.919945 49.669384 49.343404 47.933703 46.996872 47.749759 0.000000 0.000000
0.000000 0.000000 353.350710 354.638237 342.480293 336.724083 337.530123 326.149162 326.219145 327.095302 323.434873 321.600802 323.803262 323.951088 334.259531 341.117700 345.750389 348.702343 353.605598 0.000000 0.000000
0.000000 0.000000 3000.855386 3004.057768 3007.797950 2986.083019 2967.476779 2957.633902 2957.151636 2953.354868 2959.536870 2965.745222 2960.305618 2958.736319 2973.283406 2976.129463 2985.824096 2994.399645 2993.904614 0.000000 0.000000
0.000000 0.000000 4792.924994 4787.182212 4783.621250 4777.731003 4763.286605 4753.636069 4754.416444 4753.277592 4750.024738 4744.241519 4743.413989 4746.618810 4745.788956 4765.217707 4773.164325 4780.035733 4783.074855 0.000000 0.000000
0.000000 0.000000 6068.449010 6065.475312 6061.177399 6054.563362 6041.065928 6019.965599 6018.984226 6015.341243 6016.672990 6020.545208 6021.915465 6022.456598 6049.505448 6059.238300 6064.640326 6067.359144 6072.546307 0.000000 0.000000
0.000000 0.000000 7102.481974 7102.959893 7100.197048 7090.728175 7088.584074 7079.658418 7079.942153 7079.950767 7078.856594 7075.163675 7074.339395 7080.433233 7081.959274 7086.471829 7098.650563 7097.226939 7102.063465 0.000000 0.000000
0.000000 0.000000 8468.654507 8464.475928 8458.493576 8458.438014 8447.860936 8433.104896 8434.322039 8430.076328 8427.849819 8427.833140 8430.068562 8424.375632 8442.554091 8456.038469 8457.696945 8461.299447 8462.619425 0.000000 0.000000
0.000000 0.000000 10034.075377 10030.884998 10031.412002 10027.569650 10007.929127 9998.655527 9998.422747 9998.236613 9994.844997 9998.361582 10001.336733 10000.608257 10007.116311 10020.918586 10028.327433 10030.239203 10031.277679 0.000000 0.000000
0.000000 0.000000 11742.767473 11742.134182 11739.610118 11720.264012 11714.685703 11699.751720 11705.294947 11692.591339 11696.364852 11694.896752 11688.022325 11697.704777 11706.653087 11709.292779 11721.420350 11728.355599 11738.698635 0.000000 0.000000
0.000000 0.000000 13585.388989 13578.014512 13570.564991 13567.321811 13557.861733 13538.583751 13535.339380 13535.928635 13542.967245 13532.521264 13536.253950 13536.234737 13557.837540 13565.790395 13568.580327 13572.514529 13595.064437 0.000000 0.000000
0.000000 0.000000 15491.162562 15486.820031 15487.307274 15474.464706 15467.836183 15422.628434 15420.995282 15420.276425 15399.849111 15411.672724 15415.761296 15420.237079 15451.728223 15458.422125 15480.586775 15480.337964 15488.024797 0.000000 0.000000
0.000000 0.000000 17660.360320 17662.901798 17650.428390 17646.165769 17593.105309 17610.793955 17596.063154 17597.376228 17602.783742 17598.860757 17596.687693 17592.270662 17573.206500 17630.789630 17637.373846 17656.374758 17665.561177 0.000000 0.000000
0.000000 0.000000 20080.948476 20073.340308 20065.173223 20008.400591 20018.801476 19990.373514 19971.916040 19969.293968 19958.488241 19948.809131 19954.094977 19952.786879 19985.343770 19977.763926 20061.288126 20045.019814 20042.967338 0.000000 0.000000
0.000000 0.000000 22610.287164 22607.654094 22525.428416 22546.880950 22548.909320 22538.793301 22576.195902 22562.474677 22579.157617 22571.304696 22558.612974 22580.040175 22582.697232 22583.300893 22517.820460 22637.649442 22629.528777 0.000000 0.000000
0.000000 0.000000 25631.702873 25512.844066 25537.825060 25500.882811 25437.792403 25424.775718 25393.621283 25403.155031 25366.138953 25369.642609 25387.858746 25373.561825 25402.356337 25440.877411 25535.834362 25475.984307 25602.892986 0.000000 0.000000
0.000000 0.000000 26983.738157 27089.117285 27203.989492 27201.764106 27199.320269 27101.451083 27113.978528 27082.238469 27127.228947 27118.846348 27118.068667 27125.537425 27207.998163 27210.838593 27225.281666 27126.368862 27022.684569 0.000000 0.000000
0.000000 0.000000 0.000000 0.000000 0.000000 0.000000 0.000000 0.000000 0.000000 0.000000 0.000000 0.000000 0.000000 0.000000 0.000000 0.000000 0.000000 0.000000 0.000000 0.000000 0.000000
0.000000 0.000000 0.000000 0.000000 0.000000 0.000000 0.000000 0.000000 0.000000 0.000000 0.000000 0.000000 0.000000 0.000000 0.000000 0.000000 0.000000 0.000000 0.000000 0.000000 0.000000