geotop/1.0zi/1.0Montebello/Templates/testdem/maps/_Erotot6097.asc
ncols         21
nrows         20
xllcorner     100.000000
yllcorner     100.000000
cellsize      50.000000
NODATA_value  -9999.0
0.000000 0.000000 0.000000 0.000000 0.000000 0.000000 0.000000 0.000000 0.000000 0.000000 0.000000 0.000000 0.000000 0.000000 0.000000 0.000000 0.000000 0.000000 0.000000 0.000000 0.000000
0.000000 0.000000 464.586704 463.782706 463.593533 463.378352 463.338745 463.411700 463.355583 463.533729 463.436654 463.234540 463.172946 463.252654 463.393914 463.302243 463.504089 463.701903 464.128291 0.000000 0.000000
0.000000 0.000000 34.821598 35.497049 35.795989 36.974550 36.712392 36.496337 36.323672 36.101971 36.316024 36.676079 36.486902 36.230124 36.646862 36.420545 35.573893 34.738622 34.132057 0.000000 0.000000
0.000000 0.000000 191.992629 193.187081 185.605456 182.758570 184.133443 179.052870 178.649226 178.285833 177.554126 175.122136 177.562346 175.765974 179.090580 184.763474 184.666539 187.481256 191.643178 0.000000 0.000000
0.000000 0.000000 1889.902586 1894.242662 1897.793279 1878.880245 1863.328512 1852.437116 1855.032885 1852.026794 1855.545793 1859.705360 1856.495355 1854.865034 1865.684840 1866.402195 1874.315415 1882.245536 1884.134668 0.000000 0.000000
0.000000 0.000000 3373.736294 3368.065778 3365.520919 3360.452113 3351.925057 3344.199483 3342.592539 3342.689133 3341.225315 3338.892284 3336.134696 3338.346472 3339.124670 3355.155787 3360.864920 3364.584678 3366.638460 0.000000 0.000000
0.000000 0.000000 4476.908139 4474.287713 4471.025950 4466.626496 4453.642509 4436.528681 4436.473459 4432.939806 4434.856496 4437.721295 4439.739898 4440.935148 4461.124575 4470.755102 4475.298870 4476.665661 4482.181119 0.000000 0.000000
0.000000 0.000000 5147.160430 5148.473278 5147.070048 5140.516158 5139.770458 5132.451993 5132.998713 5133.371665 5132.056275 5129.608245 5129.342739 5132.985565 5133.423291 5136.285808 5144.817589 5143.215564 5146.542408 0.000000 0.000000
0.000000 0.000000 6072.888620 6070.132839 6065.548754 6066.269666 6059.410142 6048.671856 6049.134103 6046.474202 6043.928383 6045.074357 6046.195506 6041.194851 6054.751760 6063.247579 6065.605466 6066.620467 6068.376839 0.000000 0.000000
0.000000 0.000000 7144.288311 7141.825798 7143.504955 7142.603063 7127.593046 7120.067069 7121.488869 7120.563960 7118.428436 7121.531450 7124.812165 7122.975223 7126.546856 7137.454020 7141.637687 7142.000084 7142.973676 0.000000 0.000000
0.000000 0.000000 8300.930003 8301.051461 8300.696596 8286.122075 8283.331767 8272.354169 8275.928333 8266.772251 8269.136716 8268.114407 8263.260720 8270.836403 8275.648148 8277.324948 8284.260069 8290.366293 8297.976687 0.000000 0.000000
0.000000 0.000000 9513.660155 9508.970837 9503.511161 9501.498403 9497.268523 9482.067803 9481.035866 9480.156401 9486.791174 9479.604761 9481.661163 9481.281550 9497.330942 9501.077583 9502.838379 9503.519824 9523.366405 0.000000 0.000000
0.000000 0.000000 10743.369190 10741.374596 10742.014880 10734.260329 10729.944246 10702.106329 10700.692630 10700.311812 10685.596937 10694.676914 10698.652725 10700.968705 10718.225469 10722.413773 10736.980635 10736.520055 10743.639459 0.000000 0.000000
0.000000 0.000000 12093.849794 12095.165796 12087.722542 12086.369791 12057.460609 12065.936168 12055.360333 12056.832271 12057.887677 12057.316704 12055.924636 12052.444512 12042.435404 12073.838698 12079.502437 12090.514396 12097.920532 0.000000 0.000000
0.000000 0.000000 13556.157815 13551.032447 13547.363702 13521.530114 13521.445916 13505.282860 13492.112142 13490.451208 13485.332186 13478.900761 13482.142691 13480.428754 13496.028447 13499.902799 13543.225000 13534.221965 13534.603186 0.000000 0.000000
0.000000 0.000000 15062.339674 15061.570861 15023.012398 15022.983391 15028.065579 15020.406530 15038.262280 15030.477232 15036.661907 15031.978174 15026.384549 15035.598318 15039.399906 15039.017890 15017.178866 15071.586604 15064.844794 0.000000 0.000000
0.000000 0.000000 16779.810576 16732.499819 16730.617932 16720.101492 16693.412208 16686.010900 16677.016651 16680.339294 16665.500030 16665.910456 16671.533673 16670.968867 16683.720490 16695.893402 16729.541720 16721.977347 16775.063927 0.000000 0.000000
0.000000 0.000000 17952.232294 17968.088798 18017.375587 18010.354281 17995.954823 17955.835369 17957.068070 17942.299748 17955.105546 17952.928186 17958.654385 17954.492533 17989.586894 18001.848755 18026.067292 17975.691316 17960.145833 0.000000 0.000000
0.000000 0.000000 0.000000 0.000000 0.000000 0.000000 0.000000 0.000000 0.000000 0.000000 0.000000 0.000000 0.000000 0.000000 0.000000 0.000000 0.000000 0.000000 0.000000 0.000000 0.000000
0.000000 0.000000 0.000000 0.000000 0.000000 0.000000 0.000000 0.000000 0.000000 0.000000 0.000000 0.000000 0.000000 0.000000 0.000000 0.000000 0.000000 0.000000 0.000000 0.000000 0.000000