geotop/1.0zi/1.0Montebello/Templates/testdem/maps/_Erotot8355.asc
ncols         21
nrows         20
xllcorner     100.000000
yllcorner     100.000000
cellsize      50.000000
NODATA_value  -9999.0
0.000000 0.000000 0.000000 0.000000 0.000000 0.000000 0.000000 0.000000 0.000000 0.000000 0.000000 0.000000 0.000000 0.000000 0.000000 0.000000 0.000000 0.000000 0.000000 0.000000 0.000000
0.000000 0.000000 680.583460 681.380426 680.829094 680.933081 679.921145 680.078953 680.065805 680.128935 680.561961 679.887297 679.765660 679.817742 680.194020 680.349381 681.186322 681.735233 681.951710 0.000000 0.000000
0.000000 0.000000 52.625212 51.641966 51.883799 51.947527 52.581402 52.258904 51.965532 51.827898 52.056984 52.416239 52.435766 52.585256 52.340072 51.829057 50.556409 49.701851 50.226227 0.000000 0.000000
0.000000 0.000000 354.824349 355.959408 343.591410 338.336604 338.899385 327.586329 327.679151 328.525995 324.869820 323.086382 325.239572 325.384322 335.645464 342.713461 347.319062 350.219172 355.436483 0.000000 0.000000
0.000000 0.000000 3390.783903 3393.291253 3397.105497 3374.138714 3354.545183 3342.640002 3340.469334 3336.137832 3343.002756 3348.368186 3343.829674 3342.495861 3357.590071 3361.980300 3374.282939 3384.906111 3384.755216 0.000000 0.000000
0.000000 0.000000 5408.630932 5403.194903 5398.942497 5392.631784 5376.603392 5366.780260 5368.352213 5367.170632 5363.935795 5358.024488 5357.053117 5360.255250 5360.011954 5380.470608 5387.891064 5394.001165 5397.029594 0.000000 0.000000
0.000000 0.000000 6729.020279 6726.047086 6721.498239 6714.477293 6700.400951 6677.592549 6676.435322 6672.661034 6674.113123 6677.838464 6679.347214 6679.865632 6708.410754 6718.767580 6724.590086 6727.518335 6732.817915 0.000000 0.000000
0.000000 0.000000 7941.381151 7941.718771 7938.787538 7928.555962 7925.565830 7915.524167 7915.512372 7915.376882 7914.406193 7910.423677 7909.712119 7916.011377 7918.318870 7923.779486 7936.794053 7935.568612 7940.714604 0.000000 0.000000
0.000000 0.000000 9527.183130 9522.676634 9516.326650 9515.704077 9503.932260 9487.732920 9488.794602 9484.209809 9482.164537 9481.864555 9484.369184 9478.557216 9497.939653 9512.621029 9515.048349 9519.158078 9520.641098 0.000000 0.000000
0.000000 0.000000 11342.969749 11339.547137 11339.856857 11335.127421 11313.744023 11303.110809 11302.421089 11302.249008 11298.759721 11302.265009 11305.479122 11304.771491 11312.301396 11327.687941 11336.087215 11338.510505 11339.693850 0.000000 0.000000
0.000000 0.000000 13341.835581 13341.129292 13338.178611 13316.897803 13310.354824 13293.243797 13298.944501 13285.133112 13289.458612 13287.556168 13280.303304 13290.748996 13300.992040 13304.589458 13318.167044 13325.975883 13337.132843 0.000000 0.000000
0.000000 0.000000 15521.382590 15513.123490 15504.661710 15500.875250 15489.368490 15467.656159 15463.341288 15464.378004 15472.064806 15460.354522 15464.889205 15464.539698 15488.898630 15498.760835 15502.377886 15506.963073 15531.511603 0.000000 0.000000
0.000000 0.000000 17804.193821 17799.319489 17799.996126 17784.925665 17776.861810 17721.896448 17719.869678 17718.797540 17695.522368 17709.239323 17713.686524 17718.961212 17757.468662 17765.953694 17791.673569 17791.855811 17799.099316 0.000000 0.000000
0.000000 0.000000 20445.466954 20448.430140 20433.654716 20428.563849 20360.675002 20385.554051 20367.628533 20369.239608 20377.672053 20371.536691 20368.808774 20363.151521 20338.079572 20411.226947 20418.161674 20441.225553 20451.794134 0.000000 0.000000
0.000000 0.000000 23425.821266 23416.889424 23407.161788 23329.759103 23350.556534 23311.328099 23290.264085 23286.382674 23272.057667 23260.399793 23268.236185 23267.096602 23309.979844 23292.820868 23402.861406 23380.592183 23377.054524 0.000000 0.000000
0.000000 0.000000 26511.288187 26508.262175 26397.314721 26439.099541 26437.336428 26429.782709 26480.775302 26464.389791 26489.286446 26480.879570 26462.118707 26491.074447 26488.761802 26491.879106 26388.307792 26555.155166 26546.105815 0.000000 0.000000
0.000000 0.000000 30146.919907 29987.733429 30041.533161 29984.259369 29901.494083 29882.788976 29832.406853 29846.922812 29794.379742 29800.328807 29828.864657 29802.592323 29842.331995 29896.115995 30039.304194 29928.857091 30099.232944 0.000000 0.000000
0.000000 0.000000 31278.219719 31443.142443 31580.475940 31587.753014 31600.105549 31478.095377 31502.286234 31460.739355 31527.665046 31515.705749 31508.163016 31524.787044 31623.194789 31615.700204 31607.115074 31501.917085 31338.412438 0.000000 0.000000
0.000000 0.000000 0.000000 0.000000 0.000000 0.000000 0.000000 0.000000 0.000000 0.000000 0.000000 0.000000 0.000000 0.000000 0.000000 0.000000 0.000000 0.000000 0.000000 0.000000 0.000000
0.000000 0.000000 0.000000 0.000000 0.000000 0.000000 0.000000 0.000000 0.000000 0.000000 0.000000 0.000000 0.000000 0.000000 0.000000 0.000000 0.000000 0.000000 0.000000 0.000000 0.000000