geotop/1.0zi/1.0Montebello/Templates/testdem/maps/_Erotot5587.asc
ncols         21
nrows         20
xllcorner     100.000000
yllcorner     100.000000
cellsize      50.000000
NODATA_value  -9999.0
0.000000 0.000000 0.000000 0.000000 0.000000 0.000000 0.000000 0.000000 0.000000 0.000000 0.000000 0.000000 0.000000 0.000000 0.000000 0.000000 0.000000 0.000000 0.000000 0.000000 0.000000
0.000000 0.000000 422.957875 422.157000 421.974962 421.762819 421.720654 421.819524 421.769859 421.943136 421.852442 421.651839 421.591676 421.665137 421.775132 421.683098 421.880492 422.081514 422.498490 0.000000 0.000000
0.000000 0.000000 31.626941 32.286427 32.572200 33.736233 33.480861 33.240670 33.062834 32.840441 33.048973 33.400047 33.215475 32.976779 33.434532 33.203342 32.377567 31.543554 30.952181 0.000000 0.000000
0.000000 0.000000 183.504397 184.749708 177.117771 174.499133 176.018841 170.875504 170.395887 169.930637 169.250024 166.830732 169.557854 168.054264 171.163432 176.361244 176.311884 179.517963 182.953723 0.000000 0.000000
0.000000 0.000000 1726.257795 1730.938982 1737.251315 1719.300493 1704.402978 1693.609514 1696.255872 1693.631608 1697.126926 1701.615587 1697.800104 1695.588886 1705.815668 1704.789011 1712.094187 1719.088316 1720.322198 0.000000 0.000000
0.000000 0.000000 3105.844659 3099.862996 3097.099020 3092.810666 3085.311420 3078.235733 3076.618276 3076.546940 3075.816152 3073.498920 3071.026468 3073.225033 3072.282738 3087.317204 3092.115730 3095.383165 3097.943429 0.000000 0.000000
0.000000 0.000000 4108.943242 4106.420186 4103.450315 4099.087432 4086.329988 4070.420075 4070.541892 4067.152336 4068.889824 4071.647767 4073.545032 4074.581542 4093.809784 4102.910355 4107.671110 4109.313960 4114.520520 0.000000 0.000000
0.000000 0.000000 4737.437050 4738.819387 4738.107145 4731.969958 4731.620850 4724.807430 4725.401673 4725.812706 4724.648476 4722.270515 4721.933405 4725.409537 4725.021770 4727.088917 4735.286948 4733.523257 4736.581457 0.000000 0.000000
0.000000 0.000000 5570.986545 5568.355613 5564.543700 5565.728123 5559.378466 5549.237201 5549.753961 5547.186196 5544.828269 5546.046985 5547.179605 5541.940919 5554.525053 5561.984155 5563.995274 5564.789925 5566.247064 0.000000 0.000000
0.000000 0.000000 6536.875531 6534.543804 6536.931104 6536.522175 6522.146294 6515.436619 6516.905258 6516.052271 6514.113449 6517.225730 6520.091694 6518.403583 6521.089555 6530.764631 6534.473928 6534.641608 6535.365206 0.000000 0.000000
0.000000 0.000000 7577.660470 7577.880171 7578.260789 7564.461588 7562.142620 7551.849926 7555.422079 7546.523743 7549.004326 7548.120305 7543.418212 7550.514144 7554.302499 7555.106755 7561.576578 7567.323610 7574.523237 0.000000 0.000000
0.000000 0.000000 8662.094572 8657.646471 8653.133140 8651.669347 8648.086811 8633.827540 8632.984082 8632.110918 8638.760637 8631.876426 8633.779922 8633.219008 8647.821238 8650.420622 8651.749735 8652.230907 8671.253639 0.000000 0.000000
0.000000 0.000000 9756.926007 9755.059763 9756.286327 9749.224099 9745.511424 9720.643127 9719.526643 9719.250985 9705.369131 9714.117592 9717.899878 9719.694311 9734.121379 9737.365659 9750.872490 9750.217412 9757.067672 0.000000 0.000000
0.000000 0.000000 10954.343129 10955.749015 10949.377148 10948.567075 10923.425924 10931.308893 10921.265776 10922.690186 10923.876509 10923.570825 10922.058254 10918.674651 10908.706006 10935.595481 10940.812544 10951.019945 10957.894246 0.000000 0.000000
0.000000 0.000000 12241.625132 12236.727431 12234.273384 12213.078412 12212.510342 12198.116839 12185.763028 12184.365410 12179.775404 12173.869249 12176.764393 12174.922520 12188.438429 12191.840791 12229.584641 12221.251441 12221.477932 0.000000 0.000000
0.000000 0.000000 13557.719256 13557.149619 13525.323561 13524.230572 13529.323633 13522.050160 13538.038996 13530.773283 13536.273091 13531.970869 13527.137258 13534.825985 13537.969959 13537.101738 13518.782057 13564.930326 13558.189263 0.000000 0.000000
0.000000 0.000000 15045.344518 15007.411510 15005.287519 14997.191256 14974.457848 14968.686142 14961.398935 14964.419136 14951.894180 14952.142546 14956.446745 14956.673300 14966.592096 14975.318296 15003.393767 14998.926636 15042.193297 0.000000 0.000000
0.000000 0.000000 16104.326039 16113.761701 16154.328271 16148.356081 16134.907661 16102.161461 16103.199129 16090.259225 16100.718501 16098.967264 16104.615939 16099.576522 16127.706200 16138.503996 16160.445688 16118.849943 16109.081582 0.000000 0.000000
0.000000 0.000000 0.000000 0.000000 0.000000 0.000000 0.000000 0.000000 0.000000 0.000000 0.000000 0.000000 0.000000 0.000000 0.000000 0.000000 0.000000 0.000000 0.000000 0.000000 0.000000
0.000000 0.000000 0.000000 0.000000 0.000000 0.000000 0.000000 0.000000 0.000000 0.000000 0.000000 0.000000 0.000000 0.000000 0.000000 0.000000 0.000000 0.000000 0.000000 0.000000 0.000000