geotop/1.0zi/1.0Montebello/Templates/testdem/maps/_Erotot6839.asc
ncols         21
nrows         20
xllcorner     100.000000
yllcorner     100.000000
cellsize      50.000000
NODATA_value  -9999.0
0.000000 0.000000 0.000000 0.000000 0.000000 0.000000 0.000000 0.000000 0.000000 0.000000 0.000000 0.000000 0.000000 0.000000 0.000000 0.000000 0.000000 0.000000 0.000000 0.000000 0.000000
0.000000 0.000000 548.842797 549.638568 549.295539 549.539769 548.931467 548.926141 548.885592 549.048949 549.456574 548.797474 548.688288 548.781332 549.050941 549.009445 549.738862 550.000513 550.058938 0.000000 0.000000
0.000000 0.000000 42.893615 41.752142 41.838376 41.981444 42.222806 42.052536 41.867063 41.652345 41.895136 42.165356 42.058659 42.283611 42.085849 41.879104 40.603446 39.819236 40.500898 0.000000 0.000000
0.000000 0.000000 226.031135 228.199805 217.197790 214.497465 214.358223 208.975553 208.322546 208.131694 207.243514 206.408612 208.514933 207.198622 213.704780 219.671129 220.571976 221.663649 226.893862 0.000000 0.000000
0.000000 0.000000 2300.115292 2303.265005 2306.726629 2286.570125 2272.088166 2258.822077 2261.944891 2257.706151 2263.268402 2268.696341 2264.104708 2262.493948 2274.654623 2277.212698 2285.284591 2293.151246 2295.054237 0.000000 0.000000
0.000000 0.000000 4036.210887 4030.573701 4027.539119 4020.752067 4008.005923 4000.484394 3998.999570 3999.023755 3995.558950 3990.039598 3988.911063 3992.047444 3991.642091 4009.281025 4017.815992 4024.149115 4026.020711 0.000000 0.000000
0.000000 0.000000 5202.283032 5199.447339 5195.505216 5190.310433 5177.136387 5159.082960 5158.669446 5154.710952 5156.565180 5160.476109 5162.041115 5162.513521 5185.906242 5195.460310 5199.594883 5201.404122 5206.902710 0.000000 0.000000
0.000000 0.000000 6019.568116 6020.533658 6018.099627 6010.035221 6008.999218 6000.985926 6001.527015 6001.653908 6000.707233 5997.624149 5996.941612 6002.051130 6002.642273 6006.170895 6016.652149 6014.634480 6019.329942 0.000000 0.000000
0.000000 0.000000 7139.709571 7136.167243 7130.545418 7131.193110 7122.495054 7110.153618 7111.053954 7107.362282 7105.242975 7105.720979 7107.693181 7102.063707 7117.667103 7130.014583 7130.496575 7132.775396 7134.432331 0.000000 0.000000
0.000000 0.000000 8429.775806 8426.999525 8427.936924 8425.492561 8408.379716 8400.534147 8401.037920 8400.356702 8397.927720 8401.187582 8404.336795 8402.997081 8407.689727 8419.681247 8425.708287 8426.502436 8427.801413 0.000000 0.000000
0.000000 0.000000 9828.762956 9828.170800 9826.415415 9809.766178 9806.587626 9793.401793 9798.094127 9786.927460 9790.292403 9789.459285 9783.462667 9791.836124 9798.204906 9800.347988 9810.211586 9815.893226 9825.507867 0.000000 0.000000
0.000000 0.000000 11311.005157 11304.948033 11298.754202 11296.062933 11289.180307 11272.788014 11270.774575 11270.428257 11277.476956 11268.770352 11271.610941 11271.428420 11289.506811 11295.423753 11297.214570 11299.527405 11320.688250 0.000000 0.000000
0.000000 0.000000 12829.908127 12826.618698 12826.633821 12816.997857 12811.891058 12777.173792 12775.668993 12774.988646 12758.155488 12768.031179 12772.436376 12775.461166 12798.468975 12804.163156 12821.813052 12820.859064 12828.893415 0.000000 0.000000
0.000000 0.000000 14522.105244 14524.205636 14514.290311 14511.114816 14473.324570 14484.398973 14472.389801 14473.498668 14476.889397 14475.027938 14473.376918 14469.559689 14455.388694 14498.111536 14503.651932 14518.100316 14526.622836 0.000000 0.000000
0.000000 0.000000 16377.169018 16370.806621 16365.032748 16327.422994 16329.886324 16310.937108 16295.141487 16293.365123 16286.051907 16278.523662 16282.226013 16280.365113 16302.374150 16302.980621 16361.321031 16349.456028 16349.045933 0.000000 0.000000
0.000000 0.000000 18309.945530 18308.262868 18253.018576 18258.632932 18263.690327 18254.275000 18279.442288 18268.404082 18279.045084 18272.456101 18265.151550 18278.863984 18281.710008 18281.858704 18246.992335 18323.891367 18317.462863 0.000000 0.000000
0.000000 0.000000 20565.720254 20492.518447 20496.422232 20477.756559 20437.675732 20429.093720 20413.412293 20418.565145 20396.724283 20398.207016 20407.707493 20402.806027 20420.729701 20443.195749 20495.144873 20473.695735 20553.361586 0.000000 0.000000
0.000000 0.000000 21917.947543 21959.233470 22034.313291 22026.392646 22014.220685 21952.387289 21955.757526 21935.380821 21958.187044 21953.907442 21958.481071 21957.242862 22010.878012 22022.381592 22047.662654 21974.884259 21935.302036 0.000000 0.000000
0.000000 0.000000 0.000000 0.000000 0.000000 0.000000 0.000000 0.000000 0.000000 0.000000 0.000000 0.000000 0.000000 0.000000 0.000000 0.000000 0.000000 0.000000 0.000000 0.000000 0.000000
0.000000 0.000000 0.000000 0.000000 0.000000 0.000000 0.000000 0.000000 0.000000 0.000000 0.000000 0.000000 0.000000 0.000000 0.000000 0.000000 0.000000 0.000000 0.000000 0.000000 0.000000