geotop/1.0zi/1.0Montebello/Templates/testdem/maps/_Erotot0727.asc
ncols         21
nrows         20
xllcorner     100.000000
yllcorner     100.000000
cellsize      50.000000
NODATA_value  -9999.0
0.000000 0.000000 0.000000 0.000000 0.000000 0.000000 0.000000 0.000000 0.000000 0.000000 0.000000 0.000000 0.000000 0.000000 0.000000 0.000000 0.000000 0.000000 0.000000 0.000000 0.000000
0.000000 0.000000 58.811933 58.812883 58.846420 58.817489 58.811092 58.812851 58.813619 58.811229 58.811434 58.811229 58.813619 58.812851 58.811092 58.817489 58.846420 58.812883 58.811933 0.000000 0.000000
0.000000 0.000000 6.437089 6.220033 4.447633 6.313228 6.479354 6.464297 6.480478 6.484745 6.484302 6.484745 6.480478 6.464297 6.479354 6.313228 4.447633 6.220033 6.437089 0.000000 0.000000
0.000000 0.000000 660.222149 659.789174 660.072635 657.773143 660.241920 660.083287 659.911026 660.191232 660.126943 660.191232 659.911026 660.083287 660.241920 657.773143 660.072635 659.789174 660.222149 0.000000 0.000000
0.000000 0.000000 1080.382651 1080.118739 1079.424574 1080.060808 1080.440214 1080.361767 1080.297518 1080.419408 1080.411474 1080.419408 1080.297518 1080.361767 1080.440214 1080.060808 1079.424574 1080.118739 1080.382651 0.000000 0.000000
0.000000 0.000000 1460.183120 1459.915333 1459.284445 1459.333613 1460.221247 1460.147459 1460.081534 1460.206467 1460.186479 1460.206467 1460.081534 1460.147459 1460.221247 1459.333613 1459.284445 1459.915333 1460.183120 0.000000 0.000000
0.000000 0.000000 1910.712774 1910.497399 1909.926341 1909.991124 1910.738171 1910.687021 1910.634579 1910.732001 1910.714787 1910.732001 1910.634579 1910.687021 1910.738171 1909.991124 1909.926341 1910.497399 1910.712774 0.000000 0.000000
0.000000 0.000000 2340.313843 2340.124953 2339.592593 2339.668212 2340.332208 2340.293255 2340.247952 2340.330406 2340.314973 2340.330406 2340.247952 2340.293255 2340.332208 2339.668212 2339.592593 2340.124953 2340.313843 0.000000 0.000000
0.000000 0.000000 2749.470535 2749.294926 2748.787065 2748.863063 2749.484998 2749.452031 2749.410280 2749.484992 2749.470252 2749.484992 2749.410280 2749.452031 2749.484998 2748.863063 2748.787065 2749.294926 2749.470535 0.000000 0.000000
0.000000 0.000000 3142.512459 3142.366086 3141.866030 3141.983386 3142.520747 3142.501156 3142.467066 3142.526185 3142.511809 3142.526185 3142.467066 3142.501156 3142.520747 3141.983386 3141.866030 3142.366086 3142.512459 0.000000 0.000000
0.000000 0.000000 3522.229197 3522.072595 3521.588354 3521.680902 3522.239693 3522.215080 3522.178484 3522.240678 3522.225688 3522.240678 3522.178484 3522.215080 3522.239693 3521.680902 3521.588354 3522.072595 3522.229197 0.000000 0.000000
0.000000 0.000000 3891.888951 3891.729032 3891.256028 3891.339839 3891.896769 3891.872801 3891.836879 3891.898600 3891.884864 3891.898600 3891.836879 3891.872801 3891.896769 3891.339839 3891.256028 3891.729032 3891.888951 0.000000 0.000000
0.000000 0.000000 4253.458625 4253.300202 4252.832257 4252.918152 4253.465367 4253.441463 4253.406227 4253.466331 4253.452552 4253.466331 4253.406227 4253.441463 4253.465367 4252.918152 4252.832257 4253.300202 4253.458625 0.000000 0.000000
0.000000 0.000000 4609.472434 4609.319800 4608.855812 4608.963528 4609.477794 4609.457701 4609.424913 4609.479983 4609.466078 4609.479983 4609.424913 4609.457701 4609.477794 4608.963528 4608.855812 4609.319800 4609.472434 0.000000 0.000000
0.000000 0.000000 4960.580900 4960.424339 4959.960083 4960.056811 4960.586205 4960.564816 4960.531092 4960.588027 4960.573518 4960.588027 4960.531092 4960.564816 4960.586205 4960.056811 4959.960083 4960.424339 4960.580900 0.000000 0.000000
0.000000 0.000000 5307.726498 5307.572357 5307.118445 5307.210079 5307.732513 5307.712140 5307.678837 5307.734294 5307.719177 5307.734294 5307.678837 5307.712140 5307.732513 5307.210079 5307.118445 5307.572357 5307.726495 0.000000 0.000000
0.000000 0.000000 5649.391515 5649.234519 5648.777916 5648.870824 5649.397620 5649.374925 5649.341133 5649.397831 5649.382325 5649.397831 5649.341133 5649.374925 5649.397620 5648.870824 5648.777916 5649.234506 5649.391163 0.000000 0.000000
0.000000 0.000000 6002.820404 6002.821700 6002.367262 6002.449310 6002.985758 6002.961942 6002.927592 6002.985858 6002.970189 6002.985858 6002.927592 6002.961942 6002.985758 6002.449310 6002.367247 6002.819576 6002.979488 0.000000 0.000000
0.000000 0.000000 0.000000 0.000000 0.000000 0.000000 0.000000 0.000000 0.000000 0.000000 0.000000 0.000000 0.000000 0.000000 0.000000 0.000000 0.000000 0.000000 0.000000 0.000000 0.000000
0.000000 0.000000 0.000000 0.000000 0.000000 0.000000 0.000000 0.000000 0.000000 0.000000 0.000000 0.000000 0.000000 0.000000 0.000000 0.000000 0.000000 0.000000 0.000000 0.000000 0.000000