geotop/1.0zi/1.0Montebello/Templates/testdem/maps/_Erotot6522.asc
ncols         21
nrows         20
xllcorner     100.000000
yllcorner     100.000000
cellsize      50.000000
NODATA_value  -9999.0
0.000000 0.000000 0.000000 0.000000 0.000000 0.000000 0.000000 0.000000 0.000000 0.000000 0.000000 0.000000 0.000000 0.000000 0.000000 0.000000 0.000000 0.000000 0.000000 0.000000 0.000000
0.000000 0.000000 493.301408 494.160926 493.882468 494.179516 493.621960 493.680766 493.638964 493.805266 494.206276 493.510609 493.438403 493.530013 493.683155 493.591977 494.321252 494.522166 494.511877 0.000000 0.000000
0.000000 0.000000 37.203240 36.060263 36.140952 36.284735 36.539545 36.350808 36.163906 35.948273 36.195290 36.525011 36.342016 36.553979 36.428448 36.179602 34.865664 34.105482 34.796954 0.000000 0.000000
0.000000 0.000000 222.464532 225.289613 215.150160 212.741700 212.971871 207.782849 207.320425 206.835081 205.226108 203.189289 205.811220 203.684941 208.504087 214.524845 216.450653 217.863306 222.920660 0.000000 0.000000
0.000000 0.000000 2084.577226 2088.014585 2092.923225 2071.580494 2056.706752 2044.677314 2047.298889 2044.288262 2048.317789 2053.109049 2049.729911 2048.320701 2058.821283 2059.983810 2068.438365 2076.888061 2078.197517 0.000000 0.000000
0.000000 0.000000 3704.270352 3699.030469 3695.696012 3690.128098 3678.428213 3670.954378 3669.600005 3669.189605 3666.532270 3661.980887 3660.791370 3663.314737 3663.155831 3680.379237 3688.775572 3694.092554 3696.123340 0.000000 0.000000
0.000000 0.000000 4866.067824 4863.662835 4859.933854 4855.124011 4842.005436 4824.267599 4823.825188 4820.358196 4822.278420 4825.298559 4827.218805 4828.305279 4849.834802 4859.647411 4864.175460 4865.761275 4871.221577 0.000000 0.000000
0.000000 0.000000 5604.252288 5605.717762 5603.739182 5596.297110 5595.084241 5587.276939 5587.849808 5588.264620 5586.730184 5583.726680 5583.857175 5587.860448 5588.400086 5591.647516 5601.661639 5600.177956 5604.016234 0.000000 0.000000
0.000000 0.000000 6636.426893 6633.584928 6628.320324 6628.540999 6620.619244 6609.145815 6609.811564 6606.652331 6604.001074 6604.401334 6605.972765 6601.159477 6615.229309 6624.340994 6628.197436 6629.697115 6631.667992 0.000000 0.000000
0.000000 0.000000 7827.924412 7825.582038 7826.834097 7824.926572 7808.417607 7800.659402 7801.679249 7800.959175 7798.422571 7800.905721 7804.938944 7803.026872 7807.042445 7818.948932 7824.551961 7825.351886 7826.514171 0.000000 0.000000
0.000000 0.000000 9115.640222 9116.039900 9114.771777 9099.009831 9095.555556 9083.589184 9087.607716 9077.655342 9079.927822 9078.376381 9073.822774 9081.847035 9086.756303 9088.899877 9097.824679 9104.236773 9112.558657 0.000000 0.000000
0.000000 0.000000 10474.037855 10469.741421 10463.370778 10460.416697 10454.573417 10438.606549 10437.205904 10436.636849 10442.922947 10434.664554 10437.418084 10437.246363 10454.140475 10458.710345 10461.790462 10463.226736 10483.884513 0.000000 0.000000
0.000000 0.000000 11859.693838 11856.913605 11857.311442 11848.163069 11843.052194 11811.661885 11810.073170 11809.591509 11793.577021 11802.674971 11807.288696 11809.969477 11829.550677 11834.501328 11851.799438 11851.368491 11858.989866 0.000000 0.000000
0.000000 0.000000 13390.346495 13391.919111 13383.290469 13380.729115 13347.007717 13356.318948 13345.054799 13346.515367 13347.543233 13346.346120 13344.914463 13341.294721 13330.093712 13366.724462 13374.137321 13386.517497 13394.506296 0.000000 0.000000
0.000000 0.000000 15060.886012 15056.301287 15051.349755 15019.200847 15019.236970 15001.181583 14987.077296 14985.040291 14978.882837 14970.674719 14975.755350 14973.967211 14991.182115 14994.451878 15046.344640 15036.489082 15037.027792 0.000000 0.000000
0.000000 0.000000 16793.470788 16792.748203 16745.672307 16747.170465 16751.527702 16743.543112 16764.282956 16755.355949 16762.992541 16756.684842 16750.540917 16762.169655 16765.525138 16765.112434 16739.315748 16804.898276 16797.848816 0.000000 0.000000
0.000000 0.000000 18793.371748 18733.878877 18733.614962 18718.813326 18684.963980 18676.604356 18664.993307 18669.254189 18650.341330 18650.751446 18659.060005 18656.355954 18670.768431 18688.088874 18731.619967 18719.018343 18785.657171 0.000000 0.000000
0.000000 0.000000 20077.735440 20104.788066 20166.506880 20157.982702 20143.532658 20092.722817 20094.712627 20077.183495 20094.015689 20090.158982 20096.329139 20093.402443 20137.517534 20149.520534 20177.066757 20115.809697 20089.813238 0.000000 0.000000
0.000000 0.000000 0.000000 0.000000 0.000000 0.000000 0.000000 0.000000 0.000000 0.000000 0.000000 0.000000 0.000000 0.000000 0.000000 0.000000 0.000000 0.000000 0.000000 0.000000 0.000000
0.000000 0.000000 0.000000 0.000000 0.000000 0.000000 0.000000 0.000000 0.000000 0.000000 0.000000 0.000000 0.000000 0.000000 0.000000 0.000000 0.000000 0.000000 0.000000 0.000000 0.000000