geotop/1.0zi/1.0Montebello/Templates/testdem/maps/_Erotot0786.asc
ncols         21
nrows         20
xllcorner     100.000000
yllcorner     100.000000
cellsize      50.000000
NODATA_value  -9999.0
0.000000 0.000000 0.000000 0.000000 0.000000 0.000000 0.000000 0.000000 0.000000 0.000000 0.000000 0.000000 0.000000 0.000000 0.000000 0.000000 0.000000 0.000000 0.000000 0.000000 0.000000
0.000000 0.000000 58.907923 58.908873 58.942410 58.913485 58.907079 58.908841 58.909610 58.907218 58.907423 58.907218 58.909610 58.908841 58.907079 58.913485 58.942410 58.908873 58.907923 0.000000 0.000000
0.000000 0.000000 6.405111 6.188131 4.415856 6.281456 6.447562 6.432396 6.448530 6.452736 6.452270 6.452736 6.448530 6.432396 6.447562 6.281456 4.415856 6.188131 6.405111 0.000000 0.000000
0.000000 0.000000 665.427143 664.984436 665.233681 662.941710 665.404895 665.278447 665.113102 665.398895 665.336666 665.398895 665.113102 665.278447 665.404895 662.941710 665.233681 664.984436 665.427143 0.000000 0.000000
0.000000 0.000000 1110.457812 1110.193104 1109.490512 1110.125787 1110.505535 1110.436110 1110.372670 1110.494461 1110.486648 1110.494461 1110.372670 1110.436110 1110.505535 1110.125787 1109.490512 1110.193104 1110.457812 0.000000 0.000000
0.000000 0.000000 1495.495060 1495.220093 1494.561750 1494.617031 1495.499277 1495.452089 1495.391639 1495.520072 1495.501339 1495.520072 1495.391639 1495.452089 1495.499277 1494.617031 1494.561750 1495.220093 1495.495060 0.000000 0.000000
0.000000 0.000000 1965.558830 1965.335096 1964.729515 1964.800520 1965.541978 1965.524563 1965.478674 1965.580092 1965.564301 1965.580092 1965.478674 1965.524563 1965.541978 1964.800520 1964.729515 1965.335096 1965.558830 0.000000 0.000000
0.000000 0.000000 2416.265282 2416.067893 2415.501141 2415.582740 2416.241237 2416.236001 2416.197383 2416.283961 2416.269994 2416.283961 2416.197383 2416.236001 2416.241237 2415.582740 2415.501141 2416.067893 2416.265282 0.000000 0.000000
0.000000 0.000000 2846.332069 2846.147999 2845.606649 2845.688375 2846.304879 2846.304862 2846.269789 2846.348669 2846.335416 2846.348669 2846.269789 2846.304862 2846.304879 2845.688375 2845.606649 2846.147999 2846.332069 0.000000 0.000000
0.000000 0.000000 3259.919542 3259.764742 3259.232085 3259.354938 3259.886926 3259.899540 3259.872095 3259.935422 3259.922550 3259.935422 3259.872095 3259.899540 3259.886926 3259.354938 3259.232085 3259.764742 3259.919542 0.000000 0.000000
0.000000 0.000000 3659.880002 3659.715030 3659.198917 3659.296830 3659.850168 3659.857183 3659.827221 3659.893650 3659.880184 3659.893650 3659.827221 3659.857183 3659.850168 3659.296830 3659.198917 3659.715030 3659.880002 0.000000 0.000000
0.000000 0.000000 4049.556648 4049.388412 4048.884133 4048.973233 4049.524571 4049.531783 4049.502495 4049.568480 4049.556286 4049.568480 4049.502495 4049.531783 4049.524571 4048.973233 4048.884133 4049.388412 4049.556648 0.000000 0.000000
0.000000 0.000000 4430.998487 4430.831791 4430.333058 4430.424147 4430.965655 4430.972587 4430.943994 4431.008403 4430.996185 4431.008403 4430.943994 4430.972587 4430.965655 4430.424147 4430.333058 4430.831791 4430.998487 0.000000 0.000000
0.000000 0.000000 4806.792182 4806.631261 4806.136913 4806.249664 4806.758197 4806.768647 4806.742514 4806.801952 4806.789637 4806.801952 4806.742514 4806.768647 4806.758197 4806.249664 4806.136913 4806.631261 4806.792182 0.000000 0.000000
0.000000 0.000000 5177.607623 5177.442763 5176.948570 5177.050256 5177.573753 5177.582670 5177.555627 5177.616975 5177.604091 5177.616975 5177.555627 5177.582670 5177.573753 5177.050256 5176.948570 5177.442763 5177.607623 0.000000 0.000000
0.000000 0.000000 5544.407540 5544.245071 5543.761509 5543.858039 5544.374506 5544.384232 5544.357637 5544.417569 5544.404114 5544.417569 5544.357637 5544.384232 5544.374506 5543.858039 5543.761509 5544.245071 5544.407536 0.000000 0.000000
0.000000 0.000000 5905.707291 5905.541963 5905.056088 5905.153871 5905.674398 5905.681687 5905.654649 5905.715831 5905.702014 5905.715831 5905.654649 5905.681687 5905.674398 5905.153871 5905.056087 5905.541949 5905.706881 0.000000 0.000000
0.000000 0.000000 6277.129810 6277.114736 6276.631189 6276.718136 6277.248049 6277.254091 6277.226532 6277.289323 6277.275370 6277.289323 6277.226532 6277.254091 6277.248049 6276.718136 6276.631175 6277.112521 6277.280676 0.000000 0.000000
0.000000 0.000000 0.000000 0.000000 0.000000 0.000000 0.000000 0.000000 0.000000 0.000000 0.000000 0.000000 0.000000 0.000000 0.000000 0.000000 0.000000 0.000000 0.000000 0.000000 0.000000
0.000000 0.000000 0.000000 0.000000 0.000000 0.000000 0.000000 0.000000 0.000000 0.000000 0.000000 0.000000 0.000000 0.000000 0.000000 0.000000 0.000000 0.000000 0.000000 0.000000 0.000000