geotop/1.0zi/1.0Montebello/Templates/testdem/maps/_Erotot6073.asc
ncols         21
nrows         20
xllcorner     100.000000
yllcorner     100.000000
cellsize      50.000000
NODATA_value  -9999.0
0.000000 0.000000 0.000000 0.000000 0.000000 0.000000 0.000000 0.000000 0.000000 0.000000 0.000000 0.000000 0.000000 0.000000 0.000000 0.000000 0.000000 0.000000 0.000000 0.000000 0.000000
0.000000 0.000000 464.586704 463.782706 463.593533 463.378352 463.338745 463.411700 463.355583 463.533729 463.436654 463.234540 463.172946 463.252654 463.393914 463.302243 463.504089 463.701903 464.128291 0.000000 0.000000
0.000000 0.000000 34.821598 35.497049 35.795989 36.974550 36.712392 36.496337 36.323672 36.101971 36.316024 36.676079 36.486902 36.230124 36.646862 36.420545 35.573893 34.738622 34.132057 0.000000 0.000000
0.000000 0.000000 191.992629 193.187081 185.605456 182.758570 184.133443 179.052870 178.649226 178.285833 177.554126 175.122136 177.562346 175.765974 179.090580 184.763474 184.666539 187.481256 191.643178 0.000000 0.000000
0.000000 0.000000 1889.902586 1894.242662 1897.793279 1878.880245 1863.328512 1852.437116 1855.032885 1852.026794 1855.545793 1859.705360 1856.495355 1854.865034 1865.684840 1866.402195 1874.315415 1882.245536 1884.134668 0.000000 0.000000
0.000000 0.000000 3373.674845 3368.004545 3365.460325 3360.399835 3351.869176 3344.143733 3342.536319 3342.633139 3341.170448 3338.841459 3336.086220 3338.293670 3339.069058 3355.095142 3360.799432 3364.520681 3366.573981 0.000000 0.000000
0.000000 0.000000 4469.780469 4467.162140 4463.904133 4459.520752 4446.540820 4429.462082 4429.403635 4425.871846 4427.793781 4430.668889 4432.698515 4433.884098 4454.023447 4463.634287 4468.186081 4469.529599 4475.042690 0.000000 0.000000
0.000000 0.000000 5141.393873 5142.709553 5141.308311 5134.755677 5134.014425 5126.697760 5127.240343 5127.614679 5126.308490 5123.866114 5123.610466 5127.249206 5127.670472 5130.525488 5139.042724 5137.436633 5140.762187 0.000000 0.000000
0.000000 0.000000 6066.066147 6063.314290 6058.733342 6059.465497 6052.611481 6041.884970 6042.341357 6039.683521 6037.150181 6038.306815 6039.441601 6034.438100 6047.957481 6056.434501 6058.778605 6059.779937 6061.534167 0.000000 0.000000
0.000000 0.000000 7135.037480 7132.580575 7134.263574 7133.376614 7118.375361 7110.866552 7112.280171 7111.357898 7109.240259 7112.360425 7115.660470 7113.816535 7117.335027 7128.216319 7132.378399 7132.722635 7133.693194 0.000000 0.000000
0.000000 0.000000 8288.579226 8288.707400 8288.357242 8273.803291 8271.022539 8260.066496 8263.629713 8254.478917 8256.864746 8255.864648 8251.036752 8258.601975 8263.347992 8264.994319 8271.901501 8277.983525 8285.589197 0.000000 0.000000
0.000000 0.000000 9497.656215 9492.976586 9487.524610 9485.532865 9481.315468 9466.141489 9465.098687 9464.222725 9470.881585 9463.723996 9465.808504 9465.419098 9481.385940 9485.096042 9486.823314 9487.477815 9507.313090 0.000000 0.000000
0.000000 0.000000 10723.289867 10721.305255 10721.950485 10714.222123 10709.920400 10682.168089 10680.741710 10680.365273 10665.690469 10674.794482 10678.801361 10681.104255 10698.219716 10702.366486 10716.886113 10716.394364 10723.507971 0.000000 0.000000
0.000000 0.000000 12068.923747 12070.250121 12062.818432 12061.492231 12032.684937 12041.157523 12030.575267 12032.050255 12033.138448 12032.603789 12031.250643 12027.761325 12017.681541 12048.950007 12054.565239 12065.531886 12072.928006 0.000000 0.000000
0.000000 0.000000 13525.629210 13520.517938 13516.864285 13491.173708 13491.083556 13474.961923 13461.785591 13460.132930 13455.062295 13448.676216 13451.953907 13450.229587 13465.709369 13469.547102 13512.683960 13503.656478 13504.033657 0.000000 0.000000
0.000000 0.000000 15025.523092 15024.769578 14986.385192 14986.352047 14991.441537 14983.803147 15001.599177 14993.828304 15000.040083 14995.404105 14989.874937 14999.051614 15002.744393 15002.321264 14980.504282 15034.656127 15027.913620 0.000000 0.000000
0.000000 0.000000 16735.421227 16688.382819 16686.490921 16676.047523 16649.451734 16642.098689 16633.115109 16636.435286 16621.690835 16622.142837 16627.792990 16627.237920 16639.825389 16651.883564 16685.356104 16677.809359 16730.625454 0.000000 0.000000
0.000000 0.000000 17903.499683 17919.232962 17968.327567 17961.364455 17947.004444 17907.086516 17908.284015 17893.561141 17906.359525 17904.238358 17910.021508 17905.832146 17940.641032 17952.820178 17976.919455 17926.675538 17911.254910 0.000000 0.000000
0.000000 0.000000 0.000000 0.000000 0.000000 0.000000 0.000000 0.000000 0.000000 0.000000 0.000000 0.000000 0.000000 0.000000 0.000000 0.000000 0.000000 0.000000 0.000000 0.000000 0.000000
0.000000 0.000000 0.000000 0.000000 0.000000 0.000000 0.000000 0.000000 0.000000 0.000000 0.000000 0.000000 0.000000 0.000000 0.000000 0.000000 0.000000 0.000000 0.000000 0.000000 0.000000