geotop/1.0zi/1.0Montebello/Templates/testdem/maps/_Erotot7866.asc
ncols         21
nrows         20
xllcorner     100.000000
yllcorner     100.000000
cellsize      50.000000
NODATA_value  -9999.0
0.000000 0.000000 0.000000 0.000000 0.000000 0.000000 0.000000 0.000000 0.000000 0.000000 0.000000 0.000000 0.000000 0.000000 0.000000 0.000000 0.000000 0.000000 0.000000 0.000000 0.000000
0.000000 0.000000 662.207194 663.020438 662.486783 662.608462 661.613924 661.787808 661.775026 661.838433 662.270614 661.596011 661.474393 661.526669 661.886242 662.024902 662.843911 663.375167 663.574911 0.000000 0.000000
0.000000 0.000000 51.228979 50.252032 50.175489 50.565028 51.200434 50.882781 50.587158 50.450153 50.681655 51.042110 51.061228 51.211803 50.962388 50.450288 49.173052 48.317832 48.835775 0.000000 0.000000
0.000000 0.000000 354.540631 355.629723 343.559912 337.926647 338.475576 327.148971 327.251681 328.081464 324.422717 322.625640 324.777889 324.910622 335.183986 342.254542 346.889650 349.785241 354.687465 0.000000 0.000000
0.000000 0.000000 3173.513791 3174.770098 3177.502192 3154.484954 3135.158831 3124.666390 3123.959699 3119.240793 3126.080913 3131.290449 3126.739925 3125.384016 3140.315121 3143.569750 3154.018225 3162.932755 3162.623226 0.000000 0.000000
0.000000 0.000000 5053.118496 5047.902212 5044.423023 5038.378227 5023.476025 5013.528630 5014.419645 5013.341322 5010.036006 5004.331621 5003.361191 5006.550259 5005.943169 5025.857410 5033.684076 5040.502819 5043.619317 0.000000 0.000000
0.000000 0.000000 6352.171480 6348.987103 6344.483814 6337.496308 6323.719479 6301.923496 6300.881844 6297.076093 6298.498632 6302.244093 6303.739915 6304.235816 6331.935858 6341.921400 6347.507131 6350.305026 6355.543275 0.000000 0.000000
0.000000 0.000000 7457.440178 7457.520006 7454.522739 7444.514161 7442.059918 7432.742867 7432.938267 7432.754398 7431.786910 7427.849977 7427.154781 7433.389123 7435.187964 7440.025505 7452.489968 7451.088297 7456.045231 0.000000 0.000000
0.000000 0.000000 8909.392884 8904.663432 8898.333143 8897.808755 8886.739758 8871.360831 8872.634056 8868.053082 8866.003867 8865.744425 8868.206981 8862.433716 8881.144554 8895.044025 8896.930622 8900.663115 8902.035510 0.000000 0.000000
0.000000 0.000000 10571.671815 10568.006388 10568.188331 10563.702776 10543.324084 10533.592530 10533.188551 10532.929730 10529.493077 10532.968574 10536.087464 10535.385657 10542.273477 10556.683805 10564.359236 10566.384934 10567.464382 0.000000 0.000000
0.000000 0.000000 12390.606604 12389.560778 12386.583064 12366.061191 12360.208635 12344.348278 12350.118992 12336.728443 12340.864231 12339.076866 12332.113453 12342.116483 12351.612190 12354.498958 12367.126185 12374.249120 12384.936186 0.000000 0.000000
0.000000 0.000000 14360.547127 14352.293103 14344.073101 14340.396510 14330.019807 14309.944851 14306.259462 14306.911717 14314.251486 14303.164882 14307.350116 14307.205448 14329.845370 14338.497198 14341.441961 14345.531560 14368.831542 0.000000 0.000000
0.000000 0.000000 16407.395123 16402.284644 16402.575147 16388.364361 16381.301704 16332.337492 16330.652409 16329.647991 16308.170320 16320.640883 16324.916406 16329.736483 16363.884676 16371.138260 16394.573054 16394.295589 16401.849592 0.000000 0.000000
0.000000 0.000000 18753.399406 18755.611977 18741.786226 18736.798142 18678.187253 18698.624009 18682.759267 18683.968153 18690.604186 18685.685710 18683.466032 18678.587510 18657.232881 18720.576741 18727.135540 18747.527288 18757.190978 0.000000 0.000000
0.000000 0.000000 21383.238765 21374.459148 21365.204791 21300.253906 21314.647748 21282.000622 21262.572146 21259.256668 21247.287007 21236.668367 21243.020112 21241.771713 21278.428031 21267.166744 21360.428203 21341.760498 21339.151757 0.000000 0.000000
0.000000 0.000000 24127.314414 24123.795189 24030.133397 24058.709003 24059.394227 24050.035624 24092.761211 24077.730296 24097.583292 24089.284094 24074.446949 24098.818794 24099.815936 24101.135865 24021.183777 24158.543997 24150.015847 0.000000 0.000000
0.000000 0.000000 27405.557120 27268.876649 27304.088792 27258.187771 27186.395495 27171.306572 27132.856930 27144.106669 27100.974698 27105.303175 27127.700821 27108.756485 27141.795969 27186.939817 27301.078804 27221.813301 27366.936682 0.000000 0.000000
0.000000 0.000000 28683.783621 28814.955029 28941.122235 28942.439030 28945.641761 28835.705299 28853.045042 28816.664180 28871.341003 28861.240645 28857.860453 28869.153378 28960.230113 28959.111351 28964.298912 28860.042932 28729.970770 0.000000 0.000000
0.000000 0.000000 0.000000 0.000000 0.000000 0.000000 0.000000 0.000000 0.000000 0.000000 0.000000 0.000000 0.000000 0.000000 0.000000 0.000000 0.000000 0.000000 0.000000 0.000000 0.000000
0.000000 0.000000 0.000000 0.000000 0.000000 0.000000 0.000000 0.000000 0.000000 0.000000 0.000000 0.000000 0.000000 0.000000 0.000000 0.000000 0.000000 0.000000 0.000000 0.000000 0.000000