geotop/1.0zi/1.0Montebello/Templates/testdem/maps/_Erotot2663.asc
ncols         21
nrows         20
xllcorner     100.000000
yllcorner     100.000000
cellsize      50.000000
NODATA_value  -9999.0
0.000000 0.000000 0.000000 0.000000 0.000000 0.000000 0.000000 0.000000 0.000000 0.000000 0.000000 0.000000 0.000000 0.000000 0.000000 0.000000 0.000000 0.000000 0.000000 0.000000 0.000000
0.000000 0.000000 247.892154 247.894856 247.898896 248.018782 247.886339 247.890505 247.865664 247.906726 247.918835 247.906726 247.865664 247.890505 247.886339 248.018782 247.898896 247.894856 247.892154 0.000000 0.000000
0.000000 0.000000 13.873960 13.652303 11.901147 13.621779 13.915366 13.901725 13.934408 13.899844 13.887278 13.899844 13.934408 13.901725 13.915366 13.621779 11.901147 13.652303 13.873960 0.000000 0.000000
0.000000 0.000000 1817.260883 1816.939775 1817.273130 1815.406627 1817.411944 1816.854210 1816.848212 1817.679620 1817.840134 1817.679620 1816.848212 1816.854210 1817.411944 1815.406627 1817.273130 1816.939775 1817.260883 0.000000 0.000000
0.000000 0.000000 3749.728184 3749.557752 3748.898612 3749.492333 3750.035876 3749.893540 3749.859821 3750.010922 3749.977014 3750.010922 3749.859821 3749.893540 3750.035876 3749.492333 3748.898612 3749.557752 3749.728184 0.000000 0.000000
0.000000 0.000000 4855.075303 4854.870202 4854.309192 4854.462482 4855.272314 4854.978873 4854.998125 4855.343808 4855.437396 4855.343808 4854.998125 4854.978873 4855.272314 4854.462482 4854.309192 4854.870202 4855.075303 0.000000 0.000000
0.000000 0.000000 6337.378065 6337.207633 6336.694936 6336.837298 6337.528812 6337.275130 6337.299757 6337.606814 6337.709018 6337.606814 6337.299757 6337.275130 6337.528812 6336.837298 6336.694936 6337.207633 6337.378065 0.000000 0.000000
0.000000 0.000000 7734.311807 7734.168895 7733.692275 7733.836796 7734.430871 7734.212977 7734.235074 7734.509810 7734.607309 7734.509810 7734.235074 7734.212977 7734.430871 7733.836796 7733.692275 7734.168895 7734.311807 0.000000 0.000000
0.000000 0.000000 9033.488403 9033.357959 9032.905976 9033.049816 9033.595150 9033.394572 9033.415257 9033.672986 9033.765872 9033.672986 9033.415257 9033.394572 9033.595150 9033.049816 9032.905976 9033.357959 9033.488403 0.000000 0.000000
0.000000 0.000000 10257.236115 10257.134292 10256.693812 10256.875611 10257.329981 10257.150956 10257.176179 10257.410396 10257.498460 10257.410396 10257.176179 10257.150956 10257.329981 10256.875611 10256.693812 10257.134292 10257.236115 0.000000 0.000000
0.000000 0.000000 11410.311885 11410.203523 11409.783540 11409.940673 11410.404729 11410.226744 11410.247817 11410.478240 11410.561089 11410.478240 11410.247817 11410.226744 11410.404729 11409.940673 11409.783540 11410.203523 11410.311885 0.000000 0.000000
0.000000 0.000000 12509.555456 12509.447022 12509.043606 12509.194561 12509.643240 12509.472968 12509.492780 12509.715145 12509.796227 12509.715145 12509.492780 12509.472968 12509.643240 12509.194561 12509.043606 12509.447022 12509.555456 0.000000 0.000000
0.000000 0.000000 13564.478326 13564.375095 13563.978763 13564.130945 13564.559346 13564.393820 13564.413705 13564.629796 13564.707451 13564.629796 13564.413705 13564.393820 13564.559346 13564.130945 13563.978763 13564.375095 13564.478326 0.000000 0.000000
0.000000 0.000000 14580.078554 14579.983239 14579.596768 14579.766800 14580.157301 14579.998710 14580.020122 14580.227504 14580.302786 14580.227504 14580.020122 14579.998710 14580.157301 14579.766800 14579.596768 14579.983239 14580.078554 0.000000 0.000000
0.000000 0.000000 15560.359437 15560.262335 15559.880391 15560.038977 15560.434078 15560.277132 15560.297094 15560.502253 15560.575270 15560.502253 15560.297094 15560.277132 15560.434078 15560.038977 15559.880391 15560.262335 15560.359436 0.000000 0.000000
0.000000 0.000000 16507.721510 16507.626705 16507.256242 16507.407865 16507.790196 16507.638178 16507.657954 16507.857421 16507.928564 16507.857421 16507.657954 16507.638178 16507.790196 16507.407865 16507.256241 16507.626705 16507.721505 0.000000 0.000000
0.000000 0.000000 17424.862129 17424.769013 17424.401425 17424.555957 17424.928657 17424.778925 17424.798156 17424.992585 17425.061476 17424.992585 17424.798156 17424.778925 17424.928657 17424.555957 17424.401425 17424.768991 17424.861695 0.000000 0.000000
0.000000 0.000000 18351.038191 18351.354229 18350.993687 18351.143890 18351.511211 18351.364989 18351.382263 18351.572916 18351.639033 18351.572916 18351.382263 18351.364989 18351.511211 18351.143890 18350.993668 18351.350700 18351.440351 0.000000 0.000000
0.000000 0.000000 0.000000 0.000000 0.000000 0.000000 0.000000 0.000000 0.000000 0.000000 0.000000 0.000000 0.000000 0.000000 0.000000 0.000000 0.000000 0.000000 0.000000 0.000000 0.000000
0.000000 0.000000 0.000000 0.000000 0.000000 0.000000 0.000000 0.000000 0.000000 0.000000 0.000000 0.000000 0.000000 0.000000 0.000000 0.000000 0.000000 0.000000 0.000000 0.000000 0.000000