geotop/1.0zi/1.0Montebello/Templates/testdem/maps/_Erotot8162.asc
ncols         21
nrows         20
xllcorner     100.000000
yllcorner     100.000000
cellsize      50.000000
NODATA_value  -9999.0
0.000000 0.000000 0.000000 0.000000 0.000000 0.000000 0.000000 0.000000 0.000000 0.000000 0.000000 0.000000 0.000000 0.000000 0.000000 0.000000 0.000000 0.000000 0.000000 0.000000 0.000000
0.000000 0.000000 675.909083 676.707618 676.158148 676.263906 675.253601 675.413049 675.399725 675.462974 675.896003 675.221323 675.099668 675.151800 675.526355 675.680199 676.515330 677.062590 677.277394 0.000000 0.000000
0.000000 0.000000 52.204196 51.221096 51.462866 51.526517 52.160680 51.838266 51.545080 51.407315 51.636383 51.995643 52.015182 52.164623 51.919453 51.408021 50.135368 49.280806 49.805073 0.000000 0.000000
0.000000 0.000000 354.801321 355.934570 343.577567 338.317589 338.882124 327.565382 327.665897 328.501586 324.849792 323.069004 325.221273 325.367500 335.627428 342.695627 347.303991 350.207765 355.426283 0.000000 0.000000
0.000000 0.000000 3342.561668 3344.991939 3347.140910 3324.131841 3304.397030 3292.824478 3292.015594 3287.302530 3294.201318 3299.334405 3294.854676 3293.417481 3308.510376 3312.362640 3323.691284 3333.502793 3333.757427 0.000000 0.000000
0.000000 0.000000 5288.045899 5282.643341 5279.172443 5272.996218 5257.344029 5247.579703 5248.447832 5247.406933 5244.080856 5238.368997 5237.404017 5240.622772 5240.172141 5260.492760 5268.348879 5274.577502 5277.575679 0.000000 0.000000
0.000000 0.000000 6613.365097 6610.392892 6605.761245 6598.741053 6584.658164 6562.179188 6561.098132 6557.304459 6558.733584 6562.447054 6563.961756 6564.460847 6592.725528 6603.014559 6608.791807 6611.626217 6616.973279 0.000000 0.000000
0.000000 0.000000 7793.149956 7793.472895 7790.327174 7780.159800 7777.275360 7767.430325 7767.598547 7767.410548 7766.429300 7762.463764 7761.776822 7768.039252 7770.199837 7775.423154 7788.237326 7786.866860 7792.047600 0.000000 0.000000
0.000000 0.000000 9334.798038 9330.297793 9323.719502 9323.145941 9311.532072 9295.626153 9296.890518 9292.254637 9290.202713 9289.920962 9292.437914 9286.612822 9305.746274 9320.115427 9322.317258 9326.172926 9327.774240 0.000000 0.000000
0.000000 0.000000 11099.717030 11096.301418 11096.318457 11091.671722 11070.545938 11060.210320 11059.760893 11059.513396 11056.033932 11059.537369 11062.750537 11062.019644 11069.317662 11084.325002 11092.433385 11094.564684 11095.902176 0.000000 0.000000
0.000000 0.000000 13038.589176 13037.864181 13034.620255 13013.587088 13007.202415 12990.515507 12996.409419 12982.673211 12986.934342 12985.076087 12977.943628 12988.225521 12998.185246 13001.464115 13014.669423 13022.076324 13033.308779 0.000000 0.000000
0.000000 0.000000 15146.475218 15138.308873 15129.607781 15125.863406 15114.658865 15093.507385 15089.580680 15090.437721 15098.009354 15086.504965 15090.963796 15090.648209 15114.406205 15123.773845 15127.090603 15131.309658 15155.714104 0.000000 0.000000
0.000000 0.000000 17348.494393 17343.646907 17343.855624 17329.077729 17321.273876 17268.360219 17266.641238 17265.535677 17242.834695 17256.162045 17260.594544 17265.687858 17302.654615 17310.625658 17335.513148 17335.317688 17342.944042 0.000000 0.000000
0.000000 0.000000 19888.250518 19891.086523 19876.237717 19871.192893 19806.360197 19829.782030 19812.755904 19814.169048 19821.997448 19816.284719 19813.767110 19808.328796 19784.443077 19854.164232 19860.878138 19882.813534 19893.399739 0.000000 0.000000
0.000000 0.000000 22749.691972 22740.943644 22730.920616 22657.732588 22676.038931 22639.204875 22618.909867 22615.146086 22601.611234 22590.295323 22597.688105 22596.460525 22637.050544 22621.968593 22726.280997 22704.924286 22702.074996 0.000000 0.000000
0.000000 0.000000 25720.862907 25717.793727 25612.098347 25649.127201 25648.321627 25639.963911 25688.546211 25672.505869 25695.735436 25687.359616 25669.938540 25697.378853 25696.326853 25698.482670 25602.939984 25759.757420 25751.251060 0.000000 0.000000
0.000000 0.000000 29246.467110 29094.061712 29141.366062 29087.952805 29008.246527 28991.046817 28944.700602 28958.123101 28908.458752 28913.928908 28940.615961 28916.588385 28953.849412 29004.965532 29138.682704 29037.885029 29201.159326 0.000000 0.000000
0.000000 0.000000 30427.050543 30582.877749 30717.599260 30723.593894 30733.438135 30614.471284 30636.917473 30596.646252 30660.249367 30648.801801 30642.528080 30657.596728 30754.250633 30748.248204 30743.236486 30636.996791 30483.007918 0.000000 0.000000
0.000000 0.000000 0.000000 0.000000 0.000000 0.000000 0.000000 0.000000 0.000000 0.000000 0.000000 0.000000 0.000000 0.000000 0.000000 0.000000 0.000000 0.000000 0.000000 0.000000 0.000000
0.000000 0.000000 0.000000 0.000000 0.000000 0.000000 0.000000 0.000000 0.000000 0.000000 0.000000 0.000000 0.000000 0.000000 0.000000 0.000000 0.000000 0.000000 0.000000 0.000000 0.000000