geotop/1.0zi/1.0Montebello/Templates/testdem/maps/_Erotot8013.asc
ncols         21
nrows         20
xllcorner     100.000000
yllcorner     100.000000
cellsize      50.000000
NODATA_value  -9999.0
0.000000 0.000000 0.000000 0.000000 0.000000 0.000000 0.000000 0.000000 0.000000 0.000000 0.000000 0.000000 0.000000 0.000000 0.000000 0.000000 0.000000 0.000000 0.000000 0.000000 0.000000
0.000000 0.000000 666.322730 667.134739 666.600340 666.719764 665.723851 665.897258 665.883675 665.947074 666.380063 665.705512 665.583868 665.636006 665.996196 666.136168 666.957463 667.489468 667.690464 0.000000 0.000000
0.000000 0.000000 51.515671 50.538900 50.462039 50.852017 51.487258 51.169405 50.874342 50.737348 50.968091 51.328506 51.347649 51.498190 51.248783 50.737117 49.459261 48.604302 49.122630 0.000000 0.000000
0.000000 0.000000 354.522450 355.640878 343.578717 338.020935 338.566879 327.251929 327.374821 328.189270 324.529564 322.759877 324.906730 325.048167 335.311790 342.366311 346.989291 349.907361 354.782336 0.000000 0.000000
0.000000 0.000000 3233.171083 3235.025387 3237.346365 3214.156014 3193.964155 3183.043236 3182.272248 3177.609929 3184.448193 3189.489035 3184.983111 3183.483080 3198.602906 3202.318225 3213.568452 3221.954299 3221.606101 0.000000 0.000000
0.000000 0.000000 5162.309184 5157.015944 5153.535811 5147.396033 5132.262399 5122.193547 5123.076625 5121.997851 5118.690389 5113.000672 5112.030525 5115.247524 5114.742204 5134.903339 5142.776317 5149.627568 5152.825882 0.000000 0.000000
0.000000 0.000000 6468.779262 6465.698542 6461.118144 6454.090786 6440.082837 6417.919438 6416.851298 6413.064893 6414.483881 6418.181175 6419.685274 6420.164259 6448.194663 6458.347216 6464.085770 6466.808710 6472.031724 0.000000 0.000000
0.000000 0.000000 7608.416008 7608.619646 7605.527946 7595.374874 7592.576568 7582.940139 7583.122122 7582.943164 7581.966094 7577.980785 7577.294422 7583.517370 7585.551863 7590.627905 7603.373412 7601.845623 7606.856157 0.000000 0.000000
0.000000 0.000000 9101.896216 9097.286375 9090.807754 9090.199288 9078.738096 9063.077978 9064.342402 9059.747667 9057.688879 9057.392158 9059.877549 9054.057207 9073.003905 9087.165840 9089.301667 9092.940513 9094.328397 0.000000 0.000000
0.000000 0.000000 10811.377939 10807.840438 10807.909810 10803.291768 10782.397714 10772.319461 10771.887913 10771.646293 10768.183656 10771.636253 10774.796830 10774.055879 10781.192665 10795.948462 10803.954184 10805.848531 10806.961065 0.000000 0.000000
0.000000 0.000000 12685.847842 12684.961886 12681.820939 12660.985552 12654.710357 12638.394335 12644.206429 12630.682773 12634.866345 12633.009103 12625.973868 12636.070990 12645.845872 12649.000592 12662.031031 12669.078246 12679.906535 0.000000 0.000000
0.000000 0.000000 14718.799926 14710.601112 14702.120766 14698.316572 14687.367432 14666.717744 14662.911980 14663.671767 14671.107257 14659.793651 14664.099319 14663.852538 14687.066727 14696.136009 14699.406219 14703.332838 14727.016908 0.000000 0.000000
0.000000 0.000000 16836.214724 16831.234287 16831.432389 16816.871307 16809.254746 16758.377810 16756.659869 16755.634163 16733.613427 16746.409254 16750.757707 16755.664374 16791.211268 16798.891384 16823.140450 16822.649796 16830.124214 0.000000 0.000000
0.000000 0.000000 19270.709307 19273.214756 19258.874205 19253.748659 19192.059264 19213.704808 19197.309021 19198.633900 19205.772615 19200.457436 19198.111254 19192.952548 19170.562301 19236.926735 19243.758545 19264.547983 19274.480776 0.000000 0.000000
0.000000 0.000000 22005.043409 21996.285036 21986.621689 21917.776741 21933.848652 21898.966476 21879.117785 21875.633717 21862.976771 21851.979710 21858.791111 21857.505141 21896.271984 21883.286021 21981.718972 21961.584040 21958.706679 0.000000 0.000000
0.000000 0.000000 24853.820885 24850.503285 24751.247496 24783.692383 24783.163846 24774.246813 24819.552669 24804.093467 24825.424979 24817.008634 24801.031369 24826.735363 24826.799851 24828.851498 24741.998883 24887.795688 24879.110861 0.000000 0.000000
0.000000 0.000000 28251.541830 28107.296802 28147.749058 28097.808020 28021.831423 28005.648153 27963.611443 27975.879176 27929.748590 27934.524707 27958.874670 27937.585205 27972.677114 28020.905062 28144.663527 28055.451767 28209.045566 0.000000 0.000000
0.000000 0.000000 29489.003543 29632.155553 29762.711408 29765.966108 29771.930223 29657.181118 29676.860250 29638.620267 29697.554392 29686.740688 29682.027564 29695.050209 29789.292229 29786.091445 29786.935130 29680.973439 29539.126799 0.000000 0.000000
0.000000 0.000000 0.000000 0.000000 0.000000 0.000000 0.000000 0.000000 0.000000 0.000000 0.000000 0.000000 0.000000 0.000000 0.000000 0.000000 0.000000 0.000000 0.000000 0.000000 0.000000
0.000000 0.000000 0.000000 0.000000 0.000000 0.000000 0.000000 0.000000 0.000000 0.000000 0.000000 0.000000 0.000000 0.000000 0.000000 0.000000 0.000000 0.000000 0.000000 0.000000 0.000000