geotop/1.0zi/1.0Montebello/Templates/testdem/maps/_Erotot0695.asc
ncols         21
nrows         20
xllcorner     100.000000
yllcorner     100.000000
cellsize      50.000000
NODATA_value  -9999.0
0.000000 0.000000 0.000000 0.000000 0.000000 0.000000 0.000000 0.000000 0.000000 0.000000 0.000000 0.000000 0.000000 0.000000 0.000000 0.000000 0.000000 0.000000 0.000000 0.000000 0.000000
0.000000 0.000000 51.201728 51.202421 51.235111 51.202816 51.201800 51.202269 51.202137 51.201915 51.201900 51.201915 51.202137 51.202269 51.201800 51.202816 51.235111 51.202421 51.201728 0.000000 0.000000
0.000000 0.000000 7.199072 6.983055 5.165952 6.979090 7.242503 7.227101 7.241954 7.247893 7.248902 7.247893 7.241954 7.227101 7.242503 6.979090 5.165952 6.983055 7.199072 0.000000 0.000000
0.000000 0.000000 594.715716 594.913184 595.056210 594.736113 594.675356 594.743183 594.727060 594.689258 594.617493 594.689258 594.727060 594.743183 594.675356 594.736113 595.056210 594.913184 594.715716 0.000000 0.000000
0.000000 0.000000 982.529948 982.489922 981.719916 982.453999 982.551295 982.570557 982.562179 982.574606 982.569224 982.574606 982.562179 982.570557 982.551295 982.453999 981.719916 982.489922 982.529948 0.000000 0.000000
0.000000 0.000000 1320.939275 1320.954207 1320.240477 1320.903181 1320.945215 1320.982141 1320.986217 1320.968636 1320.947591 1320.968636 1320.986217 1320.982141 1320.945215 1320.903181 1320.240477 1320.954207 1320.939275 0.000000 0.000000
0.000000 0.000000 1731.314112 1731.329849 1730.695382 1731.283487 1731.315414 1731.354442 1731.359847 1731.338105 1731.319558 1731.338105 1731.359847 1731.354442 1731.315414 1731.283487 1730.695382 1731.329849 1731.314112 0.000000 0.000000
0.000000 0.000000 2126.195121 2126.207373 2125.622640 2126.166004 2126.193875 2126.233546 2126.239148 2126.215959 2126.199110 2126.215959 2126.239148 2126.233546 2126.193875 2126.166004 2125.622640 2126.207373 2126.195121 0.000000 0.000000
0.000000 0.000000 2503.371990 2503.382347 2502.827326 2503.343784 2503.368888 2503.408958 2503.414720 2503.390729 2503.374623 2503.390729 2503.414720 2503.408958 2503.368888 2503.343784 2502.827326 2503.382347 2503.371990 0.000000 0.000000
0.000000 0.000000 2868.219873 2868.228634 2867.691337 2868.192450 2868.215502 2868.255799 2868.261641 2868.237155 2868.221284 2868.237155 2868.261641 2868.255799 2868.215502 2868.192450 2867.691337 2868.228634 2868.219873 0.000000 0.000000
0.000000 0.000000 3222.901123 3222.908727 3222.381807 3222.874080 3222.895843 3222.936196 3222.942053 3222.917354 3222.901462 3222.917354 3222.942053 3222.936196 3222.895843 3222.874080 3222.381807 3222.908727 3222.901123 0.000000 0.000000
0.000000 0.000000 3567.505226 3567.509879 3566.994397 3567.479622 3567.497840 3567.538496 3567.545076 3567.519711 3567.504904 3567.519711 3567.545076 3567.538496 3567.497840 3567.479622 3566.994397 3567.509879 3567.505226 0.000000 0.000000
0.000000 0.000000 3904.710389 3904.713280 3904.203120 3904.684305 3904.702143 3904.741769 3904.748262 3904.723344 3904.708601 3904.723344 3904.748262 3904.741769 3904.702143 3904.684305 3904.203120 3904.713280 3904.710389 0.000000 0.000000
0.000000 0.000000 4237.968473 4237.969587 4237.464398 4237.942617 4237.959659 4238.000085 4238.006864 4237.981581 4237.966755 4237.981581 4238.006864 4238.000085 4237.959659 4237.942617 4237.464398 4237.969587 4237.968473 0.000000 0.000000
0.000000 0.000000 4566.170020 4566.171174 4565.663784 4566.141920 4566.161277 4566.200229 4566.206762 4566.182369 4566.166742 4566.182369 4566.206762 4566.200229 4566.161277 4566.141920 4565.663784 4566.171174 4566.170020 0.000000 0.000000
0.000000 0.000000 4892.591973 4892.594064 4892.095751 4892.562502 4892.583911 4892.621560 4892.627765 4892.604255 4892.588014 4892.604256 4892.627765 4892.621560 4892.583911 4892.562502 4892.095751 4892.594064 4892.591969 0.000000 0.000000
0.000000 0.000000 5214.253378 5214.253639 5213.752362 5214.222335 5214.245104 5214.281625 5214.287799 5214.264630 5214.248065 5214.264630 5214.287799 5214.281625 5214.245104 5214.222335 5213.752361 5214.253626 5214.252951 0.000000 0.000000
0.000000 0.000000 5543.281313 5543.409830 5542.909395 5543.375440 5543.398672 5543.434866 5543.441280 5543.418261 5543.401451 5543.418261 5543.441280 5543.434866 5543.398672 5543.375440 5542.909381 5543.407798 5543.406881 0.000000 0.000000
0.000000 0.000000 0.000000 0.000000 0.000000 0.000000 0.000000 0.000000 0.000000 0.000000 0.000000 0.000000 0.000000 0.000000 0.000000 0.000000 0.000000 0.000000 0.000000 0.000000 0.000000
0.000000 0.000000 0.000000 0.000000 0.000000 0.000000 0.000000 0.000000 0.000000 0.000000 0.000000 0.000000 0.000000 0.000000 0.000000 0.000000 0.000000 0.000000 0.000000 0.000000 0.000000