geotop/1.0zi/1.0Montebello/Templates/testdem/maps/_Erotot1078.asc
ncols         21
nrows         20
xllcorner     100.000000
yllcorner     100.000000
cellsize      50.000000
NODATA_value  -9999.0
0.000000 0.000000 0.000000 0.000000 0.000000 0.000000 0.000000 0.000000 0.000000 0.000000 0.000000 0.000000 0.000000 0.000000 0.000000 0.000000 0.000000 0.000000 0.000000 0.000000 0.000000
0.000000 0.000000 122.918467 122.919842 122.954632 122.929809 122.911732 122.919864 122.921409 122.916349 122.916996 122.916349 122.921409 122.919864 122.911732 122.929809 122.954632 122.919842 122.918467 0.000000 0.000000
0.000000 0.000000 8.644970 8.426305 6.650740 8.508503 8.680750 8.672114 8.682882 8.688635 8.686764 8.688635 8.682882 8.672114 8.680750 8.508503 6.650740 8.426305 8.644970 0.000000 0.000000
0.000000 0.000000 895.787785 895.582568 895.603850 893.580876 895.843753 895.499431 895.462145 895.991772 895.934529 895.991772 895.462145 895.499431 895.843753 893.580876 895.603850 895.582568 895.787785 0.000000 0.000000
0.000000 0.000000 1600.862289 1600.637469 1599.882852 1600.571607 1601.004871 1600.836993 1600.794710 1600.943892 1600.898016 1600.943892 1600.794710 1600.836993 1601.004871 1600.571607 1599.882852 1600.637469 1600.862289 0.000000 0.000000
0.000000 0.000000 2118.807827 2118.633774 2117.878402 2118.052382 2118.893755 2118.719094 2118.705389 2118.923148 2118.895341 2118.923148 2118.705389 2118.719094 2118.893755 2118.052382 2117.878402 2118.633774 2118.807827 0.000000 0.000000
0.000000 0.000000 2762.045093 2761.906286 2761.222974 2761.395930 2762.105285 2761.971988 2761.967481 2762.147225 2762.123042 2762.147225 2761.967481 2761.971988 2762.105285 2761.395930 2761.222974 2761.906286 2762.045093 0.000000 0.000000
0.000000 0.000000 3374.717857 3374.597901 3373.964634 3374.137328 3374.760600 3374.652446 3374.651994 3374.810168 3374.789180 3374.810168 3374.651994 3374.652446 3374.760600 3374.137328 3373.964634 3374.597901 3374.717857 0.000000 0.000000
0.000000 0.000000 3957.073160 3956.963226 3956.360032 3956.528153 3957.108473 3957.011122 3957.012906 3957.160141 3957.139759 3957.160141 3957.012906 3957.011122 3957.108473 3956.528153 3956.360032 3956.963226 3957.073160 0.000000 0.000000
0.000000 0.000000 4515.514323 4515.431545 4514.839510 4515.045762 4515.540817 4515.459569 4515.468188 4515.598145 4515.577624 4515.598145 4515.468188 4515.459569 4515.540817 4515.045762 4514.839510 4515.431545 4515.514323 0.000000 0.000000
0.000000 0.000000 5052.105112 5052.012421 5051.437657 5051.617773 5052.133401 5052.047880 5052.053356 5052.185934 5052.164345 5052.185934 5052.053356 5052.047880 5052.133401 5051.617773 5051.437657 5052.012421 5052.105112 0.000000 0.000000
0.000000 0.000000 5572.212345 5572.116465 5571.554872 5571.725349 5572.236077 5572.153027 5572.159176 5572.290601 5572.270168 5572.290601 5572.159176 5572.153027 5572.236077 5571.725349 5571.554872 5572.116465 5572.212345 0.000000 0.000000
0.000000 0.000000 6081.098743 6081.004598 6080.449346 6080.621217 6081.120366 6081.038400 6081.045265 6081.174747 6081.153844 6081.174747 6081.045265 6081.038400 6081.120366 6080.621217 6080.449346 6081.004598 6081.098743 0.000000 0.000000
0.000000 0.000000 6579.541962 6579.454355 6578.903333 6579.096392 6579.561547 6579.483286 6579.492858 6579.617969 6579.596370 6579.617969 6579.492858 6579.483286 6579.561547 6579.096392 6578.903333 6579.454355 6579.541962 0.000000 0.000000
0.000000 0.000000 7070.659440 7070.569314 7070.018535 7070.201248 7070.679230 7070.599232 7070.607860 7070.735444 7070.713099 7070.735444 7070.607860 7070.599232 7070.679230 7070.201248 7070.018535 7070.569314 7070.659440 0.000000 0.000000
0.000000 0.000000 7555.053219 7554.963568 7554.425765 7554.600800 7555.071917 7554.994784 7555.003351 7555.127710 7555.105585 7555.127710 7555.003351 7554.994784 7555.071917 7554.600800 7554.425765 7554.963568 7555.053216 0.000000 0.000000
0.000000 0.000000 8030.824733 8030.735349 8030.194143 8030.372960 8030.844708 8030.764228 8030.772957 8030.899829 8030.876554 8030.899829 8030.772957 8030.764228 8030.844708 8030.372960 8030.194143 8030.735332 8030.824450 0.000000 0.000000
0.000000 0.000000 8525.608855 8525.761700 8525.222329 8525.392085 8525.869746 8525.787258 8525.796185 8525.925466 8525.901939 8525.925466 8525.796185 8525.787258 8525.869746 8525.392084 8525.222313 8525.759018 8525.849408 0.000000 0.000000
0.000000 0.000000 0.000000 0.000000 0.000000 0.000000 0.000000 0.000000 0.000000 0.000000 0.000000 0.000000 0.000000 0.000000 0.000000 0.000000 0.000000 0.000000 0.000000 0.000000 0.000000
0.000000 0.000000 0.000000 0.000000 0.000000 0.000000 0.000000 0.000000 0.000000 0.000000 0.000000 0.000000 0.000000 0.000000 0.000000 0.000000 0.000000 0.000000 0.000000 0.000000 0.000000