geotop/1.0zi/1.0Montebello/Templates/testdem/maps/_Erotot7337.asc
ncols         21
nrows         20
xllcorner     100.000000
yllcorner     100.000000
cellsize      50.000000
NODATA_value  -9999.0
0.000000 0.000000 0.000000 0.000000 0.000000 0.000000 0.000000 0.000000 0.000000 0.000000 0.000000 0.000000 0.000000 0.000000 0.000000 0.000000 0.000000 0.000000 0.000000 0.000000 0.000000
0.000000 0.000000 605.487078 606.451965 606.084645 606.276171 605.442787 605.646683 605.593379 605.698160 606.121690 605.452840 605.337813 605.418247 605.721829 605.721308 606.493854 606.815788 606.869367 0.000000 0.000000
0.000000 0.000000 46.957167 45.732336 45.685436 46.004079 46.398258 46.133449 45.865715 45.706445 45.948220 46.230361 46.244737 46.372276 46.153597 45.897294 44.455361 43.746618 44.498317 0.000000 0.000000
0.000000 0.000000 302.703500 304.114506 291.908536 286.194994 287.110206 277.773778 278.083365 278.955301 275.303052 273.471970 275.740939 275.677173 284.078046 290.609385 295.458313 298.032079 302.834887 0.000000 0.000000
0.000000 0.000000 2795.527957 2798.648373 2802.513979 2781.429343 2763.090120 2753.011314 2752.431938 2748.834292 2754.946205 2760.724156 2755.592773 2754.020585 2768.742598 2771.687437 2780.405740 2788.599960 2788.250691 0.000000 0.000000
0.000000 0.000000 4544.943937 4539.273463 4535.729653 4529.872543 4515.919962 4506.471369 4507.146822 4505.994175 4502.741235 4497.030821 4496.157236 4499.455855 4498.477618 4517.256048 4525.285894 4532.196118 4535.191718 0.000000 0.000000
0.000000 0.000000 5797.752439 5794.827775 5790.587399 5784.154329 5770.840639 5750.572355 5749.580113 5745.954706 5747.283660 5751.112349 5752.520700 5753.063406 5779.309832 5788.900800 5794.143241 5796.696160 5801.872492 0.000000 0.000000
0.000000 0.000000 6765.737263 6766.251393 6763.577879 6754.398332 6752.584791 6744.158713 6744.450811 6744.508503 6743.394038 6739.642096 6738.894024 6744.922038 6745.990958 6750.250847 6762.102033 6760.477324 6765.275409 0.000000 0.000000
0.000000 0.000000 8054.045816 8049.949254 8044.129852 8044.273691 8034.080954 8020.032717 8021.255628 8017.111908 8014.870448 8014.761392 8017.058019 8011.368993 8028.849703 8041.972576 8043.368121 8046.711299 8048.015668 0.000000 0.000000
0.000000 0.000000 9530.647565 9527.541017 9528.134324 9524.586631 9505.522996 9496.981791 9496.805283 9496.655917 9493.279164 9496.640167 9499.631565 9498.879021 9504.730116 9518.103255 9525.134291 9526.792865 9527.821732 0.000000 0.000000
0.000000 0.000000 11138.948526 11138.346937 11135.982103 11117.263777 11112.026715 11098.012961 11103.468182 11091.118657 11094.752705 11093.212381 11086.607518 11095.977091 11104.208878 11106.623017 11118.255467 11124.759937 11134.891899 0.000000 0.000000
0.000000 0.000000 12864.541207 12857.410068 12850.276616 12847.284204 12838.384609 12820.265508 12817.228673 12817.710894 12824.506807 12814.277128 12817.929395 12817.970895 12838.262461 12845.753802 12848.218786 12851.865762 12873.744087 0.000000 0.000000
0.000000 0.000000 14642.055221 14637.865078 14638.332994 14626.123529 14619.989422 14578.293624 14576.723138 14576.123055 14556.631090 14567.636143 14571.715900 14575.907294 14604.675898 14610.902438 14631.885566 14631.376670 14639.251017 0.000000 0.000000
0.000000 0.000000 16651.156765 16653.589443 16641.799191 16637.847056 16589.594246 16605.197170 16591.424460 16592.636947 16597.202643 16593.633907 16591.821858 16587.731377 16570.360022 16623.002232 16629.341385 16646.935822 16655.756591 0.000000 0.000000
0.000000 0.000000 18882.473973 18875.173971 18867.604653 18817.401345 18824.356163 18799.345007 18781.747379 18779.504382 18769.717023 18760.484176 18765.167864 18763.813875 18792.973330 18788.633413 18863.703454 18849.082348 18847.536778 0.000000 0.000000
0.000000 0.000000 21213.212870 21210.744856 21138.048537 21153.191666 21155.783549 21145.233025 21178.227716 21165.445875 21179.662533 21171.816521 21161.220479 21180.100202 21183.847229 21184.456368 21130.639740 21235.285701 21227.621449 0.000000 0.000000
0.000000 0.000000 23983.580152 23880.385205 23896.524378 23865.834997 23809.940336 23798.752034 23773.514755 23781.447498 23749.706282 23752.066996 23767.117145 23756.610478 23781.604504 23814.933847 23894.431468 23850.117109 23960.440233 0.000000 0.000000
0.000000 0.000000 25366.926860 25448.475331 25550.141524 25545.042680 25537.554737 25451.583163 25460.313509 25432.649986 25469.200241 25461.930542 25463.485535 25467.766119 25541.297875 25547.904176 25568.524536 25477.372188 25397.431957 0.000000 0.000000
0.000000 0.000000 0.000000 0.000000 0.000000 0.000000 0.000000 0.000000 0.000000 0.000000 0.000000 0.000000 0.000000 0.000000 0.000000 0.000000 0.000000 0.000000 0.000000 0.000000 0.000000
0.000000 0.000000 0.000000 0.000000 0.000000 0.000000 0.000000 0.000000 0.000000 0.000000 0.000000 0.000000 0.000000 0.000000 0.000000 0.000000 0.000000 0.000000 0.000000 0.000000 0.000000