geotop/1.0zi/1.0Montebello/Templates/testdem/maps/_Erotot139[.asc
ncols         21
nrows         20
xllcorner     100.000000
yllcorner     100.000000
cellsize      50.000000
NODATA_value  -9999.0
0.000000 0.000000 0.000000 0.000000 0.000000 0.000000 0.000000 0.000000 0.000000 0.000000 0.000000 0.000000 0.000000 0.000000 0.000000 0.000000 0.000000 0.000000 0.000000 0.000000 0.000000
0.000000 0.000000 965.516162 964.945654 963.584135 961.669506 960.304946 959.515348 959.984011 960.667765 960.585490 959.763663 959.721038 959.796915 961.378743 961.900014 964.712482 965.358806 965.944614 0.000000 0.000000
0.000000 0.000000 68.015982 68.936128 67.424053 70.370224 69.691405 68.991465 69.332565 68.153552 69.091683 71.330451 69.069382 69.114080 68.637539 68.156165 65.944152 65.257868 68.400484 0.000000 0.000000
0.000000 0.000000 915.874805 923.377451 902.565910 893.112503 896.643610 886.037588 885.603273 888.506673 880.331831 880.909790 885.993433 890.141673 893.689195 906.904790 912.308720 912.913643 917.573728 0.000000 0.000000
0.000000 0.000000 5934.819024 5919.829319 5924.074016 5881.320692 5848.539603 5831.219081 5826.239120 5819.582646 5824.869363 5831.108027 5832.227587 5821.215486 5846.354198 5854.311264 5874.154313 5888.474337 5889.602086 0.000000 0.000000
0.000000 0.000000 8375.665204 8372.848547 8363.001137 8362.926009 8333.655130 8319.166121 8322.185103 8321.179244 8312.991735 8306.881325 8304.980953 8308.571070 8310.976141 8342.216220 8342.115183 8351.608661 8352.285550 0.000000 0.000000
0.000000 0.000000 10264.278299 10258.393814 10251.924553 10236.940406 10229.157347 10183.437201 10180.274306 10176.396922 10174.875488 10178.464295 10177.754278 10179.329733 10218.840767 10224.431724 10235.774797 10241.813019 10246.205725 0.000000 0.000000
0.000000 0.000000 12518.318881 12513.869746 12504.972070 12480.272520 12467.977937 12459.387653 12456.088127 12454.013055 12450.562218 12447.864292 12446.062326 12453.414516 12452.680569 12467.536633 12486.245351 12484.493571 12490.974110 0.000000 0.000000
0.000000 0.000000 15368.821626 15361.117970 15348.015216 15340.142340 15319.486859 15289.122304 15289.618016 15284.568939 15279.043311 15277.487204 15280.433879 15273.097037 15304.771025 15324.847704 15329.975867 15336.523668 15338.905431 0.000000 0.000000
0.000000 0.000000 18788.308755 18774.205413 18764.695845 18751.914107 18730.717574 18703.762531 18697.758177 18696.192200 18686.904274 18691.738824 18698.659889 18696.635588 18707.852802 18735.641731 18747.744393 18754.758177 18753.315909 0.000000 0.000000
0.000000 0.000000 22759.817657 22749.937872 22744.935963 22694.477228 22694.018937 22651.674762 22662.587710 22637.065637 22643.099322 22637.553837 22624.389325 22640.246923 22660.371673 22669.710285 22691.601183 22698.335813 22721.802726 0.000000 0.000000
0.000000 0.000000 27348.785788 27324.775593 27292.259481 27288.043535 27270.543539 27219.625693 27206.731393 27214.717431 27217.286433 27201.515211 27210.132909 27202.169044 27244.753976 27270.627453 27273.247469 27283.227426 27316.792349 0.000000 0.000000
0.000000 0.000000 32021.809931 32002.720248 32004.273333 31968.868701 31942.934810 31821.992355 31811.765611 31806.318216 31745.605927 31787.106118 31787.104340 31800.116990 31887.161932 31900.627179 31954.326912 31960.510476 31950.352221 0.000000 0.000000
0.000000 0.000000 36609.192659 36615.455774 36575.525697 36563.122231 36434.384505 36539.064093 36504.810953 36504.317716 36535.206312 36502.900781 36499.751661 36478.539088 36388.426065 36542.059943 36530.648999 36565.949761 36583.093184 0.000000 0.000000
0.000000 0.000000 39568.215401 39557.372883 39546.085391 39469.814730 39525.121704 39467.153219 39455.998966 39453.353437 39434.035393 39428.442324 39437.596077 39439.116258 39489.664693 39424.505491 39538.500007 39507.188008 39496.498865 0.000000 0.000000
0.000000 0.000000 41371.416019 41367.354096 41313.278283 41339.412611 41341.253440 41337.817627 41365.849041 41353.792444 41366.044636 41360.247996 41350.566309 41364.420283 41359.542434 41364.417423 41298.028811 41380.099027 41372.127580 0.000000 0.000000
0.000000 0.000000 42827.655970 42779.466770 42818.234694 42784.290452 42763.522832 42759.065187 42737.686254 42744.810974 42722.679528 42725.918235 42736.228260 42727.848007 42738.572068 42742.621631 42808.429318 42747.296570 42794.565967 0.000000 0.000000
0.000000 0.000000 43367.523836 43441.511362 43468.727206 43477.920684 43491.222244 43453.678397 43469.254104 43454.213336 43478.432856 43474.079536 43470.127491 43476.055167 43505.671966 43492.796259 43470.289228 43453.468952 43383.441754 0.000000 0.000000
0.000000 0.000000 0.000000 0.000000 0.000000 0.000000 0.000000 0.000000 0.000000 0.000000 0.000000 0.000000 0.000000 0.000000 0.000000 0.000000 0.000000 0.000000 0.000000 0.000000 0.000000
0.000000 0.000000 0.000000 0.000000 0.000000 0.000000 0.000000 0.000000 0.000000 0.000000 0.000000 0.000000 0.000000 0.000000 0.000000 0.000000 0.000000 0.000000 0.000000 0.000000 0.000000