geotop/1.0zi/1.0Montebello/Templates/testdem/maps/_Erotot0337.asc
ncols         21
nrows         20
xllcorner     100.000000
yllcorner     100.000000
cellsize      50.000000
NODATA_value  -9999.0
0.000000 0.000000 0.000000 0.000000 0.000000 0.000000 0.000000 0.000000 0.000000 0.000000 0.000000 0.000000 0.000000 0.000000 0.000000 0.000000 0.000000 0.000000 0.000000 0.000000 0.000000
0.000000 0.000000 31.079448 31.080133 31.112759 31.080294 31.079540 31.079916 31.079710 31.079645 31.079623 31.079645 31.079710 31.079916 31.079540 31.080294 31.112759 31.080133 31.079448 0.000000 0.000000
0.000000 0.000000 8.636458 8.420027 6.603055 8.415627 8.664466 8.649033 8.665874 8.670480 8.670881 8.670480 8.665874 8.649033 8.664466 8.415627 6.603055 8.420027 8.636458 0.000000 0.000000
0.000000 0.000000 441.894768 442.125697 442.257106 442.024765 441.905485 441.994313 441.945084 441.929267 441.877133 441.929267 441.945084 441.994313 441.905485 442.024765 442.257106 442.125697 441.894768 0.000000 0.000000
0.000000 0.000000 568.718236 568.636816 567.903233 568.615509 568.685153 568.701126 568.702396 568.703625 568.714276 568.703625 568.702396 568.701126 568.685153 568.615509 567.903233 568.636816 568.718236 0.000000 0.000000
0.000000 0.000000 779.195660 779.169010 778.483086 779.121956 779.178242 779.208864 779.198376 779.195405 779.196605 779.195405 779.198376 779.208864 779.178242 779.121956 778.483086 779.169010 779.195660 0.000000 0.000000
0.000000 0.000000 991.610869 991.590194 990.976828 991.544978 991.595480 991.626282 991.614650 991.611280 991.613065 991.611280 991.614650 991.626282 991.595480 991.544978 990.976828 991.590194 991.610869 0.000000 0.000000
0.000000 0.000000 1192.511717 1192.492827 1191.922577 1192.450960 1192.498675 1192.528616 1192.516815 1192.513260 1192.514412 1192.513260 1192.516815 1192.528616 1192.498675 1192.450960 1191.922577 1192.492827 1192.511717 0.000000 0.000000
0.000000 0.000000 1383.910601 1383.893094 1383.347643 1383.852928 1383.899201 1383.928453 1383.916819 1383.913183 1383.913373 1383.913183 1383.916819 1383.928453 1383.899201 1383.852928 1383.347643 1383.893094 1383.910601 0.000000 0.000000
0.000000 0.000000 1569.371302 1569.353804 1568.822660 1569.315285 1569.361001 1569.389719 1569.378270 1569.374564 1569.373907 1569.374564 1569.378270 1569.389719 1569.361001 1569.315285 1568.822660 1569.353804 1569.371302 0.000000 0.000000
0.000000 0.000000 1749.131014 1749.112888 1748.589736 1749.075678 1749.121318 1749.149672 1749.138391 1749.134623 1749.133345 1749.134623 1749.138391 1749.149672 1749.121318 1749.075678 1748.589736 1749.112888 1749.131014 0.000000 0.000000
0.000000 0.000000 1924.778042 1924.758792 1924.243026 1924.723390 1924.768808 1924.796256 1924.785433 1924.781681 1924.780090 1924.781681 1924.785433 1924.796256 1924.768808 1924.723390 1924.243026 1924.758792 1924.778042 0.000000 0.000000
0.000000 0.000000 2095.476235 2095.454022 2094.943230 2095.421632 2095.466127 2095.492872 2095.482355 2095.478530 2095.477151 2095.478530 2095.482355 2095.492872 2095.466127 2095.421632 2094.943230 2095.454022 2095.476235 0.000000 0.000000
0.000000 0.000000 2263.463580 2263.440106 2262.931840 2263.407931 2263.453696 2263.480565 2263.470094 2263.466238 2263.464503 2263.466238 2263.470094 2263.480565 2263.453696 2263.407931 2262.931840 2263.440106 2263.463580 0.000000 0.000000
0.000000 0.000000 2430.691497 2430.668926 2430.156921 2430.636124 2430.682202 2430.709203 2430.698691 2430.694802 2430.692724 2430.694802 2430.698691 2430.709203 2430.682202 2430.636124 2430.156921 2430.668926 2430.691497 0.000000 0.000000
0.000000 0.000000 2596.532806 2596.510416 2596.008303 2596.477903 2596.523529 2596.550487 2596.540029 2596.536113 2596.533979 2596.536113 2596.540029 2596.550487 2596.523529 2596.477903 2596.008303 2596.510416 2596.532804 0.000000 0.000000
0.000000 0.000000 2759.986244 2759.961675 2759.455178 2759.930570 2759.977074 2760.003617 2759.993309 2759.989363 2759.987232 2759.989363 2759.993309 2760.003617 2759.977074 2759.930570 2759.455178 2759.961666 2759.986115 0.000000 0.000000
0.000000 0.000000 2934.103939 2934.185234 2933.679177 2934.152240 2934.199007 2934.225573 2934.215457 2934.211525 2934.209405 2934.211525 2934.215457 2934.225573 2934.199007 2934.152240 2933.679166 2934.184025 2934.208499 0.000000 0.000000
0.000000 0.000000 0.000000 0.000000 0.000000 0.000000 0.000000 0.000000 0.000000 0.000000 0.000000 0.000000 0.000000 0.000000 0.000000 0.000000 0.000000 0.000000 0.000000 0.000000 0.000000
0.000000 0.000000 0.000000 0.000000 0.000000 0.000000 0.000000 0.000000 0.000000 0.000000 0.000000 0.000000 0.000000 0.000000 0.000000 0.000000 0.000000 0.000000 0.000000 0.000000 0.000000