geotop/1.0zi/1.0Montebello/Templates/testdem/maps/_Erotot7403.asc
ncols         21
nrows         20
xllcorner     100.000000
yllcorner     100.000000
cellsize      50.000000
NODATA_value  -9999.0
0.000000 0.000000 0.000000 0.000000 0.000000 0.000000 0.000000 0.000000 0.000000 0.000000 0.000000 0.000000 0.000000 0.000000 0.000000 0.000000 0.000000 0.000000 0.000000 0.000000 0.000000
0.000000 0.000000 638.470358 639.417635 638.817338 638.980617 638.110456 638.313306 638.259979 638.364709 638.788049 638.119971 638.003909 638.045189 638.388509 638.428894 639.226574 639.809097 639.877306 0.000000 0.000000
0.000000 0.000000 49.680263 48.456935 48.602481 48.979138 49.394515 49.071505 48.806405 48.644296 48.885979 49.221736 49.243023 49.407348 49.156064 48.829189 47.419085 46.481546 47.235999 0.000000 0.000000
0.000000 0.000000 347.676126 349.013306 337.011390 331.469027 332.235728 321.007546 321.099368 321.977891 318.314510 316.466195 318.666507 318.809244 329.069277 335.870251 340.438530 343.184824 347.997317 0.000000 0.000000
0.000000 0.000000 2902.430631 2905.575176 2909.372551 2888.043436 2869.639090 2860.353978 2859.876324 2856.276486 2862.395208 2868.141521 2863.047092 2861.378459 2875.340488 2878.311230 2887.288760 2895.474438 2895.118569 0.000000 0.000000
0.000000 0.000000 4643.855401 4638.173918 4634.637664 4628.721576 4614.636957 4605.234816 4605.924768 4604.768848 4601.519952 4595.799137 4594.931893 4598.216643 4597.166448 4616.088717 4624.169694 4631.103530 4634.102542 0.000000 0.000000
0.000000 0.000000 5910.328977 5907.382350 5903.136435 5896.647643 5883.248821 5862.711048 5861.706727 5858.081777 5859.409515 5863.231585 5864.633408 5865.188410 5891.698533 5901.376565 5906.672812 5909.266256 5914.454200 0.000000 0.000000
0.000000 0.000000 6902.047506 6902.543476 6899.861270 6890.608784 6888.687813 6880.083435 6880.363130 6880.418035 6879.299782 6875.534518 6874.779499 6880.837237 6882.066430 6886.435544 6898.368803 6896.775731 6901.598024 0.000000 0.000000
0.000000 0.000000 8217.180054 8213.040952 8207.181307 8207.292696 8196.972460 8182.668965 8183.886477 8179.718067 8177.468603 8177.353882 8179.655562 8173.958553 8191.696095 8204.971059 8206.418461 8209.814511 8211.131300 0.000000 0.000000
0.000000 0.000000 9723.532414 9720.383968 9720.992019 9717.382330 9698.118754 9689.325010 9689.122944 9688.981353 9685.582124 9688.963202 9691.981130 9691.233574 9697.308487 9710.851215 9717.968491 9719.667088 9720.707042 0.000000 0.000000
0.000000 0.000000 11364.927734 11364.306438 11361.919442 11343.005986 11337.679672 11323.336338 11328.828675 11316.353167 11320.030202 11318.468042 11311.782804 11321.279925 11329.759594 11332.253671 11344.010309 11350.620814 11360.849371 0.000000 0.000000
0.000000 0.000000 13129.688868 13122.450365 13115.228011 13112.209990 13103.134051 13084.596411 13081.472926 13082.027375 13088.904216 13078.530826 13082.254023 13082.262586 13103.041264 13110.711428 13113.217129 13116.905898 13139.064093 0.000000 0.000000
0.000000 0.000000 14949.083076 14944.824290 14945.348571 14932.969050 14926.693717 14883.774389 14882.179833 14881.561101 14861.677341 14872.951915 14877.073589 14881.368312 14911.052838 14917.455683 14938.811175 14938.324157 14946.126062 0.000000 0.000000
0.000000 0.000000 17011.149791 17013.613833 17001.617150 16997.630315 16947.706001 16964.160994 16950.019668 16951.299931 16956.168453 16952.404115 16950.492666 16946.267764 16928.201059 16982.615077 16988.945997 17006.996677 17015.960008 0.000000 0.000000
0.000000 0.000000 19305.000635 19297.574897 19289.836172 19237.395506 19245.703551 19219.447899 19201.525569 19199.170126 19188.982444 19179.512362 19184.465052 19183.116936 19213.523293 19207.962411 19285.957818 19270.625872 19268.895343 0.000000 0.000000
0.000000 0.000000 21700.978727 21698.433501 21622.440805 21640.003211 21642.478061 21632.132932 21666.767779 21653.665209 21668.769297 21660.847269 21649.523386 21669.344901 21672.655347 21673.220068 21614.981225 21724.975215 21717.144299 0.000000 0.000000
0.000000 0.000000 24555.430612 24446.612968 24466.080114 24433.284480 24374.839536 24363.072833 24335.690035 24344.241003 24310.540190 24313.249277 24329.505777 24317.609339 24343.904118 24379.103043 24464.041854 24413.943187 24530.215695 0.000000 0.000000
0.000000 0.000000 25924.531686 26014.892446 26121.811135 26117.960779 26112.487387 26022.244803 26032.315227 26003.180103 26042.789719 26035.047638 26035.822385 26041.235134 26117.959104 26123.058974 26141.302282 26046.806229 25958.111855 0.000000 0.000000
0.000000 0.000000 0.000000 0.000000 0.000000 0.000000 0.000000 0.000000 0.000000 0.000000 0.000000 0.000000 0.000000 0.000000 0.000000 0.000000 0.000000 0.000000 0.000000 0.000000 0.000000
0.000000 0.000000 0.000000 0.000000 0.000000 0.000000 0.000000 0.000000 0.000000 0.000000 0.000000 0.000000 0.000000 0.000000 0.000000 0.000000 0.000000 0.000000 0.000000 0.000000 0.000000