geotop/1.0zi/1.0Montebello/Templates/testdem/maps/_Erotot9168.asc
ncols         21
nrows         20
xllcorner     100.000000
yllcorner     100.000000
cellsize      50.000000
NODATA_value  -9999.0
0.000000 0.000000 0.000000 0.000000 0.000000 0.000000 0.000000 0.000000 0.000000 0.000000 0.000000 0.000000 0.000000 0.000000 0.000000 0.000000 0.000000 0.000000 0.000000 0.000000 0.000000
0.000000 0.000000 723.087956 723.660309 723.082726 723.164921 722.132441 722.243326 722.328813 722.401438 722.788806 722.153538 722.045707 722.092067 722.491836 722.644893 723.464723 724.070498 724.228993 0.000000 0.000000
0.000000 0.000000 56.384587 55.308709 55.623633 55.555757 56.372963 56.067808 55.691464 55.560595 55.760421 56.086994 56.144445 56.256576 56.020063 55.415067 54.149034 53.279577 53.885454 0.000000 0.000000
0.000000 0.000000 428.237996 430.050000 416.967626 410.738043 410.172863 404.313857 409.312414 410.989798 407.042018 405.446895 408.864927 408.372282 416.862666 425.332315 429.145136 423.559744 430.837555 0.000000 0.000000
0.000000 0.000000 3999.384507 3992.861762 3986.880635 3953.515575 3927.608562 3914.989712 3907.512978 3900.917408 3908.433779 3914.818776 3913.165697 3908.151009 3927.842618 3932.295935 3948.272666 3959.364998 3959.482518 0.000000 0.000000
0.000000 0.000000 6159.514394 6154.184722 6149.473568 6151.665243 6127.362681 6115.461033 6118.997361 6118.282200 6113.891795 6107.537709 6105.829478 6110.088260 6109.888032 6136.043420 6136.902391 6144.050069 6146.206723 0.000000 0.000000
0.000000 0.000000 7592.271479 7586.879669 7583.097518 7571.832823 7564.198406 7527.277190 7530.009250 7527.279846 7526.642185 7530.814962 7531.348256 7533.020815 7565.825020 7570.602649 7579.774845 7581.602855 7586.809186 0.000000 0.000000
0.000000 0.000000 9036.629559 9033.709390 9028.573202 9016.401719 9009.501348 9007.269147 9007.000779 9004.940636 9004.922990 9000.560184 8999.412437 9006.623672 9004.802345 9014.134939 9028.693360 9025.097204 9031.258103 0.000000 0.000000
0.000000 0.000000 10893.201445 10887.832062 10880.742474 10877.691006 10861.552078 10840.917411 10843.947215 10839.687219 10836.250797 10835.609411 10838.445581 10832.335835 10857.293665 10871.044336 10872.980271 10875.429959 10878.019571 0.000000 0.000000
0.000000 0.000000 13049.406488 13041.746025 13038.542519 13031.363353 13008.285055 12995.622183 12995.168839 12993.300218 12989.075335 12993.261923 12996.314239 12996.084785 13003.247568 13022.757570 13030.731632 13033.362367 13032.934728 0.000000 0.000000
0.000000 0.000000 15443.558656 15440.675105 15438.623139 15408.048574 15401.855109 15379.208767 15387.314366 15370.319419 15375.887280 15371.732118 15364.027701 15375.262982 15389.909867 15393.879374 15408.869566 15412.602352 15428.433654 0.000000 0.000000
0.000000 0.000000 18099.847856 18088.036362 18070.929168 18069.457585 18052.066506 18026.491865 18025.980033 18027.223634 18034.186901 18019.442099 18027.022471 18025.008486 18052.030031 18065.151698 18066.652113 18070.522902 18095.647567 0.000000 0.000000
0.000000 0.000000 20915.608798 20907.708962 20909.788417 20883.300662 20872.621018 20802.704088 20799.535386 20798.539906 20767.076566 20786.965343 20789.254734 20796.913356 20848.191533 20857.428773 20887.613639 20886.309087 20893.017862 0.000000 0.000000
0.000000 0.000000 24256.974397 24257.362225 24233.646831 24225.212662 24132.324565 24176.251321 24153.715883 24154.827722 24169.073038 24155.762450 24154.391575 24143.293249 24100.062466 24205.422514 24207.856150 24233.403582 24246.708214 0.000000 0.000000
0.000000 0.000000 27969.777118 27954.943426 27936.840700 27828.278035 27875.443175 27811.001028 27788.158922 27782.705001 27758.573581 27746.170190 27757.326087 27758.463496 27822.138406 27775.029489 27929.495333 27889.497835 27881.990666 0.000000 0.000000
0.000000 0.000000 31562.989774 31555.887739 31410.781735 31486.485579 31470.694536 31474.812222 31548.076575 31525.770191 31561.450295 31552.843629 31526.167097 31562.761151 31545.840468 31562.047957 31389.380910 31613.226105 31603.581847 0.000000 0.000000
0.000000 0.000000 35284.334261 35116.915666 35197.594140 35123.354772 35037.702980 35016.099807 34952.596262 34970.609379 34909.139357 34917.461652 34951.745783 34917.553252 34963.303164 35016.728905 35190.093912 35033.487647 35209.894270 0.000000 0.000000
0.000000 0.000000 36131.343052 36280.823843 36397.353089 36400.838982 36411.940731 36306.677174 36330.492996 36293.587821 36353.174615 36342.148291 36335.457673 36349.659462 36431.738807 36426.357393 36414.290647 36321.914233 36173.089897 0.000000 0.000000
0.000000 0.000000 0.000000 0.000000 0.000000 0.000000 0.000000 0.000000 0.000000 0.000000 0.000000 0.000000 0.000000 0.000000 0.000000 0.000000 0.000000 0.000000 0.000000 0.000000 0.000000
0.000000 0.000000 0.000000 0.000000 0.000000 0.000000 0.000000 0.000000 0.000000 0.000000 0.000000 0.000000 0.000000 0.000000 0.000000 0.000000 0.000000 0.000000 0.000000 0.000000 0.000000