geotop/1.0zi/1.0Montebello/Templates/testdem/maps/_Erotot5683.asc
ncols         21
nrows         20
xllcorner     100.000000
yllcorner     100.000000
cellsize      50.000000
NODATA_value  -9999.0
0.000000 0.000000 0.000000 0.000000 0.000000 0.000000 0.000000 0.000000 0.000000 0.000000 0.000000 0.000000 0.000000 0.000000 0.000000 0.000000 0.000000 0.000000 0.000000 0.000000 0.000000
0.000000 0.000000 436.888286 436.091880 435.914601 435.706750 435.671730 435.777392 435.727266 435.901451 435.808372 435.605740 435.545428 435.624755 435.730119 435.631259 435.824203 436.017225 436.431911 0.000000 0.000000
0.000000 0.000000 32.982666 33.645901 33.935084 35.103451 34.849423 34.609906 34.432179 34.208894 34.419675 34.772452 34.588594 34.345942 34.799831 34.565796 33.737630 32.902962 32.306186 0.000000 0.000000
0.000000 0.000000 184.693918 186.032777 178.412352 175.636846 177.020893 171.966534 171.582209 171.132786 170.413900 168.036234 170.607810 168.746771 172.112027 177.701759 177.370864 180.607721 183.894510 0.000000 0.000000
0.000000 0.000000 1780.627682 1785.506680 1791.492212 1773.279786 1758.272333 1747.509076 1750.123961 1747.566358 1751.266784 1755.511943 1751.916353 1749.845859 1759.825089 1759.067229 1766.292640 1773.357096 1774.601090 0.000000 0.000000
0.000000 0.000000 3180.636031 3174.578625 3171.924629 3167.612503 3159.798365 3152.483404 3150.986014 3150.865291 3149.931288 3147.879411 3145.164325 3147.204151 3146.628936 3161.966428 3166.899020 3170.149549 3172.599298 0.000000 0.000000
0.000000 0.000000 4180.795882 4178.283993 4175.297411 4170.942869 4158.114579 4141.954958 4142.083618 4138.693580 4140.426437 4143.198284 4145.104668 4146.114864 4165.599059 4174.766403 4179.528986 4181.192278 4186.380809 0.000000 0.000000
0.000000 0.000000 4820.379612 4821.796774 4821.045316 4814.841183 4814.418823 4807.513362 4808.132332 4808.546321 4807.371251 4805.006253 4804.655447 4808.077405 4807.807876 4810.006746 4818.190219 4816.444745 4819.453141 0.000000 0.000000
0.000000 0.000000 5668.068882 5665.470208 5661.603454 5662.715628 5656.261882 5646.016196 5646.569350 5644.000302 5641.623322 5642.863453 5643.975403 5638.668147 5651.385458 5659.028646 5661.016298 5661.828365 5663.240944 0.000000 0.000000
0.000000 0.000000 6650.636200 6648.344048 6650.692749 6650.202576 6635.697436 6628.895280 6630.398642 6629.550525 6627.591041 6630.731595 6633.581333 6631.824589 6634.630358 6644.492455 6648.190912 6648.370466 6649.048943 0.000000 0.000000
0.000000 0.000000 7709.451671 7709.718602 7710.056301 7696.116425 7693.665261 7683.239268 7686.856461 7677.930363 7680.405765 7679.534334 7674.789965 7681.847110 7685.778597 7686.793870 7693.251456 7699.045470 7706.210555 0.000000 0.000000
0.000000 0.000000 8814.096514 8809.670792 8805.080524 8803.518267 8799.789061 8785.372343 8784.543367 8783.688664 8790.348333 8783.451058 8785.347337 8784.704082 8799.526783 8802.352762 8803.660349 8804.152931 8823.213834 0.000000 0.000000
0.000000 0.000000 9930.245867 9928.423825 9929.617250 9922.423465 9918.558864 9893.129023 9892.037874 9891.767588 9877.759496 9886.606683 9890.382576 9892.123850 9907.062810 9910.545117 9924.121765 9923.476766 9930.275427 0.000000 0.000000
0.000000 0.000000 11152.178276 11153.641845 11147.173348 11146.268995 11120.390647 11128.341742 11118.247196 11119.695614 11120.902419 11120.592281 11119.031714 11115.537659 11105.563207 11133.292348 11138.502937 11148.821184 11155.674412 0.000000 0.000000
0.000000 0.000000 12466.994157 12462.135063 12459.563964 12437.523698 12436.914465 12422.135279 12409.710735 12408.294402 12403.619635 12397.669995 12400.593306 12398.641638 12412.575981 12416.178241 12454.795890 12446.331559 12446.465316 0.000000 0.000000
0.000000 0.000000 13812.393103 13811.869346 13778.971120 13777.925960 13782.816139 13775.301332 13791.648779 13784.325887 13789.950732 13785.631496 13780.628888 13788.428498 13791.834323 13791.220877 13772.347138 13819.884685 13813.018094 0.000000 0.000000
0.000000 0.000000 15335.696382 15296.281652 15294.114352 15285.447090 15261.758398 15255.451837 15247.993521 15251.085439 15238.229427 15238.562019 15242.995722 15242.956028 15253.568309 15263.183509 15292.160726 15287.361724 15332.138519 0.000000 0.000000
0.000000 0.000000 16413.032526 16423.295710 16465.041053 16458.568462 16444.507024 16410.182234 16411.315042 16398.130898 16408.951824 16407.189946 16412.800546 16407.721368 16437.357240 16448.849352 16471.362408 16428.618613 16418.084818 0.000000 0.000000
0.000000 0.000000 0.000000 0.000000 0.000000 0.000000 0.000000 0.000000 0.000000 0.000000 0.000000 0.000000 0.000000 0.000000 0.000000 0.000000 0.000000 0.000000 0.000000 0.000000 0.000000
0.000000 0.000000 0.000000 0.000000 0.000000 0.000000 0.000000 0.000000 0.000000 0.000000 0.000000 0.000000 0.000000 0.000000 0.000000 0.000000 0.000000 0.000000 0.000000 0.000000 0.000000