geotop/1.0zi/1.0Montebello/Templates/testdem/maps/_Erotot8040.asc
ncols         21
nrows         20
xllcorner     100.000000
yllcorner     100.000000
cellsize      50.000000
NODATA_value  -9999.0
0.000000 0.000000 0.000000 0.000000 0.000000 0.000000 0.000000 0.000000 0.000000 0.000000 0.000000 0.000000 0.000000 0.000000 0.000000 0.000000 0.000000 0.000000 0.000000 0.000000 0.000000
0.000000 0.000000 670.826163 671.633938 671.094763 671.209751 670.209165 670.377666 670.364253 670.427592 670.860636 670.185936 670.064290 670.116435 670.481844 670.626104 671.451976 671.988956 672.194584 0.000000 0.000000
0.000000 0.000000 51.853253 50.871491 51.119726 51.183001 51.819586 51.499580 51.203347 51.068712 51.298922 51.657731 51.677237 51.826818 51.579392 51.068851 49.793138 48.934828 49.455026 0.000000 0.000000
0.000000 0.000000 354.432245 355.550517 343.188381 337.923515 338.475772 327.159028 327.277985 328.096695 324.437712 322.663960 324.811518 324.952059 335.219139 342.273837 346.899007 349.810797 355.020313 0.000000 0.000000
0.000000 0.000000 3269.238516 3271.343717 3273.586438 3250.556936 3230.868170 3219.355593 3218.647648 3213.874633 3220.706624 3225.850755 3221.338924 3219.870029 3234.909419 3238.609078 3249.823579 3258.448052 3257.812573 0.000000 0.000000
0.000000 0.000000 5207.911930 5202.601385 5199.115046 5192.929111 5177.374253 5167.679098 5168.558626 5167.483893 5164.179073 5158.483217 5157.513651 5160.729255 5160.239175 5180.447729 5188.351012 5195.186974 5198.382049 0.000000 0.000000
0.000000 0.000000 6521.239037 6518.201980 6513.604448 6506.585715 6492.557644 6470.274292 6469.218673 6465.408234 6466.825700 6470.543905 6472.045769 6472.532732 6500.612772 6510.819044 6516.566175 6519.341555 6524.571508 0.000000 0.000000
0.000000 0.000000 7674.761556 7675.017532 7671.907350 7661.758221 7658.951656 7649.188465 7649.384029 7649.178896 7648.198083 7644.233292 7643.544791 7649.781600 7651.870195 7656.980904 7669.747232 7668.274253 7673.298034 0.000000 0.000000
0.000000 0.000000 9184.890512 9180.326787 9173.815226 9173.237149 9161.735695 9145.973448 9147.256824 9142.623874 9140.560028 9140.287776 9142.776967 9136.953753 9155.948857 9170.164013 9172.319413 9176.023602 9177.419997 0.000000 0.000000
0.000000 0.000000 10912.474297 10908.987288 10909.043266 10904.414188 10883.479480 10873.293117 10872.874410 10872.607253 10869.131681 10872.621252 10875.793974 10875.055919 10882.224612 10897.045467 10905.071366 10907.030561 10908.135976 0.000000 0.000000
0.000000 0.000000 12808.101300 12807.281488 12804.110215 12783.226314 12776.941757 12760.475319 12766.334934 12752.712127 12756.917700 12755.078089 12748.000627 12758.164413 12767.975660 12771.146897 12784.224748 12791.373574 12802.265040 0.000000 0.000000
0.000000 0.000000 14865.052150 14856.873357 14848.322227 14844.556746 14833.561728 14812.713387 14808.883704 14809.655768 14817.133383 14805.770203 14810.123408 14809.851594 14833.225316 14842.369554 14845.638761 14849.633065 14873.472367 0.000000 0.000000
0.000000 0.000000 17009.687465 17004.763972 17004.974615 16990.357058 16982.725455 16931.137999 16929.439418 16928.360069 16906.093191 16919.096679 16923.466925 16928.438501 16964.419039 16972.167483 16996.621268 16996.194377 17003.607338 0.000000 0.000000
0.000000 0.000000 19476.618545 19479.251809 19464.742937 19459.667310 19396.980312 19419.130958 19402.539349 19403.866766 19411.235985 19405.806456 19403.391632 19398.135482 19375.265943 19442.726035 19449.494458 19470.635317 19480.663533 0.000000 0.000000
0.000000 0.000000 22252.135325 22243.400970 22233.613763 22163.338305 22179.752958 22144.539395 22124.560877 22120.947875 22107.983489 22096.899854 22103.901059 22102.634011 22141.606173 22128.287467 22228.735365 22208.104213 22205.112523 0.000000 0.000000
0.000000 0.000000 25138.760341 25135.531965 25034.130712 25067.557576 25067.319738 25058.127883 25104.589281 25088.893768 25110.866243 25102.489029 25086.005627 25112.309057 25112.370600 25114.154328 25024.863151 25174.358045 25165.550558 0.000000 0.000000
0.000000 0.000000 28576.602433 28429.527179 28472.251252 28421.622634 28344.369992 28327.633217 28284.130072 28296.764277 28249.389616 28254.435511 28279.587996 28257.347339 28293.285494 28342.535830 28469.238600 28376.059225 28532.848232 0.000000 0.000000
0.000000 0.000000 29792.233583 29939.566415 30071.687157 30075.848721 30083.189639 29966.813675 29987.492759 29948.483774 30009.094880 29998.072145 29992.798664 30006.549416 30101.677187 30097.526263 30096.378479 29990.174784 29844.200442 0.000000 0.000000
0.000000 0.000000 0.000000 0.000000 0.000000 0.000000 0.000000 0.000000 0.000000 0.000000 0.000000 0.000000 0.000000 0.000000 0.000000 0.000000 0.000000 0.000000 0.000000 0.000000 0.000000
0.000000 0.000000 0.000000 0.000000 0.000000 0.000000 0.000000 0.000000 0.000000 0.000000 0.000000 0.000000 0.000000 0.000000 0.000000 0.000000 0.000000 0.000000 0.000000 0.000000 0.000000