geotop/1.0zi/1.0Montebello/Templates/testdem/maps/_Erotot6597.asc
ncols         21
nrows         20
xllcorner     100.000000
yllcorner     100.000000
cellsize      50.000000
NODATA_value  -9999.0
0.000000 0.000000 0.000000 0.000000 0.000000 0.000000 0.000000 0.000000 0.000000 0.000000 0.000000 0.000000 0.000000 0.000000 0.000000 0.000000 0.000000 0.000000 0.000000 0.000000 0.000000
0.000000 0.000000 502.984970 503.837914 503.552238 503.839924 503.278557 503.330335 503.289466 503.454684 503.856746 503.160140 503.088037 503.180203 503.340590 503.253252 503.990307 504.200716 504.194836 0.000000 0.000000
0.000000 0.000000 38.043461 36.896583 36.968528 37.119193 37.354406 37.168481 36.982191 36.766940 37.012290 37.314280 37.159156 37.371239 37.218691 36.984168 35.695925 34.937720 35.638182 0.000000 0.000000
0.000000 0.000000 223.096767 225.926610 215.804516 213.388066 213.634071 208.460752 207.983585 207.506357 205.892575 203.888144 206.489525 204.360966 209.195474 215.203058 217.112467 218.507040 223.551572 0.000000 0.000000
0.000000 0.000000 2080.615632 2084.124908 2089.271362 2068.952066 2054.429141 2042.251295 2044.840554 2041.878098 2046.158970 2051.248376 2047.767050 2046.507939 2057.272835 2058.395843 2066.696461 2074.545164 2076.020132 0.000000 0.000000
0.000000 0.000000 3793.273101 3787.800495 3784.188305 3777.579681 3765.314917 3757.757942 3756.518502 3756.152866 3753.175179 3747.666743 3746.349138 3749.287282 3748.564185 3766.195426 3774.953924 3781.371313 3783.180705 0.000000 0.000000
0.000000 0.000000 4935.998201 4933.433833 4929.834122 4924.755644 4911.716201 4894.562880 4893.895799 4889.994194 4891.911706 4895.310177 4897.167897 4897.430710 4919.636946 4928.951583 4933.403582 4935.265396 4940.571851 0.000000 0.000000
0.000000 0.000000 5691.675698 5692.975889 5690.974184 5683.051211 5682.272842 5674.572968 5675.138825 5675.391297 5674.087253 5670.704606 5670.342664 5675.263245 5675.023294 5678.148159 5688.864977 5686.959320 5691.460367 0.000000 0.000000
0.000000 0.000000 6743.497098 6740.220194 6735.101527 6735.771891 6727.346565 6715.630801 6716.452970 6712.919019 6710.505721 6710.562029 6712.816392 6707.082973 6721.665375 6733.795038 6734.551212 6736.902860 6738.416296 0.000000 0.000000
0.000000 0.000000 7958.878774 7956.444918 7957.835517 7955.495301 7938.808766 7931.729988 7932.157063 7931.582496 7928.789449 7931.499994 7934.948675 7933.487038 7937.119805 7948.680219 7954.915357 7955.844354 7956.981956 0.000000 0.000000
0.000000 0.000000 9273.222577 9272.933363 9271.742820 9255.430667 9252.473285 9240.107153 9244.602469 9233.810709 9236.752835 9235.424658 9229.947316 9237.942994 9243.209348 9245.028924 9255.126729 9260.794334 9270.092369 0.000000 0.000000
0.000000 0.000000 10661.121425 10655.520427 10650.027911 10647.441991 10640.914757 10625.490535 10623.479310 10623.186285 10629.684134 10620.713842 10623.850904 10623.552435 10640.061472 10645.510910 10647.683514 10650.114190 10670.575961 0.000000 0.000000
0.000000 0.000000 12077.569394 12074.727960 12075.239900 12065.886975 12061.139890 12029.065669 12027.479848 12026.974405 12010.404409 12019.259612 12023.998107 12026.662831 12047.030770 12052.253156 12069.703715 12068.946321 12076.866104 0.000000 0.000000
0.000000 0.000000 13647.564576 13649.933734 13640.951630 13637.903073 13603.274800 13613.174540 13601.707485 13602.817443 13605.365724 13603.161624 13602.137986 13598.337221 13584.580727 13623.861483 13629.785280 13643.686110 13651.800151 0.000000 0.000000
0.000000 0.000000 15362.389476 15356.563599 15351.832030 15318.310690 15318.933065 15301.953823 15286.732329 15285.288616 15278.046222 15270.328584 15274.082996 15272.120599 15291.457505 15293.537737 15347.116271 15336.567021 15336.225295 0.000000 0.000000
0.000000 0.000000 17141.692167 17140.534787 17092.003153 17094.465347 17099.324129 17090.126341 17112.578986 17102.307307 17111.037537 17104.017018 17098.372607 17110.299202 17112.618751 17113.000967 17084.943726 17153.162684 17146.890697 0.000000 0.000000
0.000000 0.000000 19201.427549 19138.816249 19139.803757 19123.735212 19088.273063 19081.067515 19067.963991 19072.496128 19052.951679 19053.168819 19061.547229 19058.279592 19072.986868 19091.912937 19137.249812 19123.063724 19191.952848 0.000000 0.000000
0.000000 0.000000 20507.074823 20536.788730 20601.475773 20592.868798 20578.975480 20525.868300 20527.884238 20510.025888 20527.904370 20523.536417 20529.365345 20526.624821 20572.245976 20584.812706 20611.471822 20548.264536 20520.143334 0.000000 0.000000
0.000000 0.000000 0.000000 0.000000 0.000000 0.000000 0.000000 0.000000 0.000000 0.000000 0.000000 0.000000 0.000000 0.000000 0.000000 0.000000 0.000000 0.000000 0.000000 0.000000 0.000000
0.000000 0.000000 0.000000 0.000000 0.000000 0.000000 0.000000 0.000000 0.000000 0.000000 0.000000 0.000000 0.000000 0.000000 0.000000 0.000000 0.000000 0.000000 0.000000 0.000000 0.000000