geotop/1.0zi/1.0Montebello/Templates/testdem/maps/_Erotot8660.asc
ncols         21
nrows         20
xllcorner     100.000000
yllcorner     100.000000
cellsize      50.000000
NODATA_value  -9999.0
0.000000 0.000000 0.000000 0.000000 0.000000 0.000000 0.000000 0.000000 0.000000 0.000000 0.000000 0.000000 0.000000 0.000000 0.000000 0.000000 0.000000 0.000000 0.000000 0.000000 0.000000
0.000000 0.000000 690.827496 691.644007 691.076832 691.167643 690.143667 690.296910 690.282848 690.359199 690.734782 690.110584 689.992461 690.040342 690.418496 690.577539 691.419500 691.974317 692.194681 0.000000 0.000000
0.000000 0.000000 54.250428 53.207125 53.494751 53.462714 54.123934 53.779490 53.454493 53.289217 53.506923 53.822881 53.888039 53.992371 53.840067 53.332027 52.068334 51.248263 51.784194 0.000000 0.000000
0.000000 0.000000 370.026601 370.806448 357.014653 349.291674 349.837398 341.531181 341.410839 342.729055 339.248930 337.190556 339.513711 339.710238 350.074685 357.507277 362.273547 364.962398 370.597981 0.000000 0.000000
0.000000 0.000000 3618.900745 3615.713780 3617.058915 3590.522639 3566.994141 3555.872724 3555.255881 3549.240955 3558.264837 3565.429001 3564.523366 3559.740730 3575.981720 3578.584449 3592.557669 3601.315299 3602.283542 0.000000 0.000000
0.000000 0.000000 5697.768214 5693.843227 5688.743917 5683.740607 5667.858333 5657.528378 5659.134115 5657.889670 5654.051178 5648.120624 5646.606805 5650.483093 5650.054790 5672.018152 5678.246434 5684.284666 5687.035502 0.000000 0.000000
0.000000 0.000000 7055.465752 7050.628767 7047.933584 7039.791913 7025.292398 7000.166475 6999.391837 6996.966198 6997.030841 7001.552098 7002.264867 7003.164727 7032.768355 7042.822262 7048.695855 7052.071634 7057.300375 0.000000 0.000000
0.000000 0.000000 8353.620130 8353.470148 8349.631865 8337.749683 8334.906529 8326.227258 8326.433685 8324.280013 8324.659090 8320.517786 8319.353307 8326.353937 8328.538911 8333.968346 8347.881023 8345.789089 8351.642988 0.000000 0.000000
0.000000 0.000000 10046.500225 10040.763571 10033.953391 10032.395571 10018.283826 10002.288460 10004.278533 10000.631102 9998.086192 9997.801770 10000.624011 9994.428677 10014.905165 10029.836616 10032.070412 10036.324916 10038.386041 0.000000 0.000000
0.000000 0.000000 11988.221621 11983.382262 11982.716785 11977.477358 11954.641992 11944.613688 11943.587933 11943.466253 11939.694151 11944.152900 11947.184508 11946.695625 11954.304379 11970.897738 11979.169217 11981.773731 11982.587408 0.000000 0.000000
0.000000 0.000000 14134.764981 14133.929719 14131.152466 14105.156866 14099.337407 14080.207552 14088.663762 14072.157347 14078.703072 14075.359692 14068.297595 14078.664426 14091.085913 14093.725044 14108.846369 14115.630380 14128.298339 0.000000 0.000000
0.000000 0.000000 16489.010706 16477.823978 16467.912441 16465.038808 16449.797144 16430.558936 16424.097857 16427.453482 16434.051212 16422.107916 16428.727791 16426.979307 16452.221880 16464.295503 16466.676131 16472.147153 16496.862888 0.000000 0.000000
0.000000 0.000000 18969.339903 18962.085952 18964.751426 18943.813061 18936.650671 18877.014541 18874.856352 18874.653212 18848.399019 18865.635041 18868.260285 18874.705494 18918.234215 18925.426610 18954.507087 18952.601684 18961.180215 0.000000 0.000000
0.000000 0.000000 21863.800802 21866.574012 21848.736230 21842.035121 21765.061101 21796.096973 21778.196843 21779.050194 21790.438263 21780.863474 21780.178348 21770.596278 21741.406039 21826.030625 21830.442144 21856.307690 21867.877437 0.000000 0.000000
0.000000 0.000000 25129.919133 25118.229693 25104.954744 25015.783598 25043.421748 24998.717017 24975.819594 24972.485495 24954.669928 24943.643931 24952.541718 24952.506859 25002.176669 24975.707908 25102.214712 25073.528111 25069.156227 0.000000 0.000000
0.000000 0.000000 28459.999417 28454.831552 28330.201061 28382.472879 28375.999366 28372.870548 28432.493442 28413.764117 28444.427553 28435.877484 28414.379747 28445.991727 28440.417880 28446.339630 28318.827353 28509.952356 28501.176939 0.000000 0.000000
0.000000 0.000000 32265.283409 32092.888984 32160.160811 32090.900871 32001.817810 31981.373104 31923.287653 31939.972652 31881.258114 31889.179691 31922.070989 31890.113477 31935.436313 31993.683233 32157.410811 32021.897838 32205.621430 0.000000 0.000000
0.000000 0.000000 33251.655357 33427.236191 33562.802269 33569.614326 33585.017420 33462.663473 33490.235456 33447.903644 33518.835702 33506.444455 33497.420961 33515.426513 33614.291528 33604.268750 33589.498261 33488.349688 33313.355410 0.000000 0.000000
0.000000 0.000000 0.000000 0.000000 0.000000 0.000000 0.000000 0.000000 0.000000 0.000000 0.000000 0.000000 0.000000 0.000000 0.000000 0.000000 0.000000 0.000000 0.000000 0.000000 0.000000
0.000000 0.000000 0.000000 0.000000 0.000000 0.000000 0.000000 0.000000 0.000000 0.000000 0.000000 0.000000 0.000000 0.000000 0.000000 0.000000 0.000000 0.000000 0.000000 0.000000 0.000000