geotop/1.0zi/1.0Montebello/Templates/testdem/maps/_Erotot4303.asc
ncols         21
nrows         20
xllcorner     100.000000
yllcorner     100.000000
cellsize      50.000000
NODATA_value  -9999.0
0.000000 0.000000 0.000000 0.000000 0.000000 0.000000 0.000000 0.000000 0.000000 0.000000 0.000000 0.000000 0.000000 0.000000 0.000000 0.000000 0.000000 0.000000 0.000000 0.000000 0.000000
0.000000 0.000000 321.649154 321.212601 321.021977 320.878189 320.907791 320.968059 321.005802 321.004287 320.990667 320.994045 320.995539 321.039290 320.904765 320.921036 321.092194 321.001718 321.091930 0.000000 0.000000
0.000000 0.000000 25.784195 26.336644 26.613429 27.319698 26.949891 26.970919 26.536166 26.467118 26.522041 26.905313 26.669207 26.502531 26.992434 26.753059 25.871646 25.305272 25.177900 0.000000 0.000000
0.000000 0.000000 138.987131 140.365021 133.293486 130.671213 131.438479 126.274996 125.454187 125.039381 124.279970 123.798453 124.920306 123.742092 126.626411 131.642003 132.379138 134.760461 137.462327 0.000000 0.000000
0.000000 0.000000 1312.665661 1315.626005 1321.460027 1316.239348 1309.900052 1305.954877 1309.557328 1304.045686 1307.477010 1310.990242 1309.455523 1305.336038 1309.559011 1306.384564 1306.936157 1308.454196 1309.168190 0.000000 0.000000
0.000000 0.000000 2515.048094 2508.008776 2499.286534 2491.480969 2484.207999 2480.277659 2477.547481 2479.460008 2479.078476 2476.265123 2472.312168 2474.619242 2475.095449 2488.068741 2494.240215 2495.027838 2498.873525 0.000000 0.000000
0.000000 0.000000 3125.687628 3121.072237 3117.244959 3112.456831 3104.153931 3089.609580 3090.978432 3087.544414 3090.583637 3090.070543 3092.541530 3094.351732 3108.097450 3114.965348 3122.048700 3126.107314 3128.551267 0.000000 0.000000
0.000000 0.000000 3575.697387 3575.335645 3575.341897 3570.320609 3569.556066 3565.886565 3566.685681 3567.011669 3564.551981 3565.732058 3563.936466 3562.144020 3564.758376 3568.480274 3569.991687 3569.067820 3570.573298 0.000000 0.000000
0.000000 0.000000 4193.171774 4192.125194 4188.146935 4186.442170 4182.400175 4173.769495 4174.124961 4172.234221 4172.902694 4173.336918 4172.303821 4172.564499 4177.028540 4184.437222 4184.380593 4185.646511 4189.354665 0.000000 0.000000
0.000000 0.000000 4895.361095 4893.046915 4891.632377 4887.375484 4879.364382 4875.039141 4876.617261 4875.709617 4875.763747 4875.925497 4874.690433 4872.659512 4879.184700 4885.316311 4887.713925 4888.559478 4890.054629 0.000000 0.000000
0.000000 0.000000 5637.556301 5635.097298 5631.968871 5629.328111 5627.572448 5617.834311 5618.246574 5615.692852 5615.973104 5616.871476 5615.462919 5614.671120 5618.704193 5621.172475 5625.590240 5627.568265 5630.746592 0.000000 0.000000
0.000000 0.000000 6409.170394 6407.107839 6403.625190 6396.414998 6391.958684 6384.590133 6383.714065 6383.191548 6383.314078 6382.602158 6381.944346 6381.434689 6389.765803 6395.460843 6398.779628 6399.777415 6416.679544 0.000000 0.000000
0.000000 0.000000 7180.384180 7177.663945 7173.911634 7170.534915 7163.976137 7146.476882 7146.839943 7145.102509 7145.015856 7145.617114 7143.777553 7143.776773 7157.899954 7165.677250 7168.702776 7170.161360 7172.658367 0.000000 0.000000
0.000000 0.000000 8002.870314 7999.273227 7995.249464 7990.703733 7973.377650 7980.964377 7975.662495 7974.602885 7974.998823 7975.220875 7973.794673 7973.202918 7967.464375 7984.566812 7988.187751 7993.206732 7993.355837 0.000000 0.000000
0.000000 0.000000 8878.508075 8872.570579 8866.614796 8854.739540 8852.061545 8837.020353 8829.530297 8827.880226 8823.798911 8823.222354 8823.946849 8821.214039 8831.011256 8839.060031 8858.845207 8854.741022 8856.287881 0.000000 0.000000
0.000000 0.000000 9747.336533 9745.976673 9725.320505 9727.123230 9727.103652 9726.389667 9728.888847 9728.758487 9731.415749 9731.365695 9727.997589 9732.154319 9729.301080 9728.273295 9718.182210 9739.674828 9744.255545 0.000000 0.000000
0.000000 0.000000 10731.132590 10708.807803 10698.890956 10690.663556 10677.164305 10671.430626 10669.972795 10669.192534 10665.704851 10666.000350 10665.670584 10662.731586 10666.533388 10682.250012 10694.937637 10695.936178 10717.997624 0.000000 0.000000
0.000000 0.000000 11465.329747 11466.375408 11483.629635 11473.422801 11467.584828 11448.212161 11446.898002 11444.180239 11445.618937 11445.351609 11443.517844 11443.985942 11461.789366 11470.375983 11481.735227 11458.568171 11461.681960 0.000000 0.000000
0.000000 0.000000 0.000000 0.000000 0.000000 0.000000 0.000000 0.000000 0.000000 0.000000 0.000000 0.000000 0.000000 0.000000 0.000000 0.000000 0.000000 0.000000 0.000000 0.000000 0.000000
0.000000 0.000000 0.000000 0.000000 0.000000 0.000000 0.000000 0.000000 0.000000 0.000000 0.000000 0.000000 0.000000 0.000000 0.000000 0.000000 0.000000 0.000000 0.000000 0.000000 0.000000