geotop/1.0zi/1.0Montebello/Templates/testdem/maps/_Erotot2241.asc
ncols         21
nrows         20
xllcorner     100.000000
yllcorner     100.000000
cellsize      50.000000
NODATA_value  -9999.0
0.000000 0.000000 0.000000 0.000000 0.000000 0.000000 0.000000 0.000000 0.000000 0.000000 0.000000 0.000000 0.000000 0.000000 0.000000 0.000000 0.000000 0.000000 0.000000 0.000000 0.000000
0.000000 0.000000 210.801014 210.804791 210.846611 210.879727 210.777559 210.807955 210.813046 210.786871 210.796578 210.786871 210.813046 210.807955 210.777559 210.879727 210.846611 210.804791 210.801014 0.000000 0.000000
0.000000 0.000000 12.807627 12.584941 10.799079 12.598992 12.864964 12.827344 12.832559 12.859371 12.849008 12.859371 12.832559 12.827344 12.864964 12.598992 10.799079 12.584941 12.807627 0.000000 0.000000
0.000000 0.000000 1491.118128 1490.797815 1491.133716 1489.258279 1491.266453 1490.709631 1490.704066 1491.468309 1491.573032 1491.468309 1490.704066 1490.709631 1491.266453 1489.258279 1491.133716 1490.797815 1491.118128 0.000000 0.000000
0.000000 0.000000 3124.370775 3124.197190 3123.537380 3124.119031 3124.670009 3124.530564 3124.494419 3124.641541 3124.588452 3124.641541 3124.494419 3124.530564 3124.670009 3124.119031 3123.537380 3124.197190 3124.370775 0.000000 0.000000
0.000000 0.000000 4043.511638 4043.304158 4042.739318 4042.886933 4043.707207 4043.412329 4043.431448 4043.754568 4043.818721 4043.754568 4043.431448 4043.412329 4043.707207 4042.886933 4042.739318 4043.304158 4043.511638 0.000000 0.000000
0.000000 0.000000 5293.279470 5293.106689 5292.587711 5292.726801 5293.428570 5293.173259 5293.198052 5293.482853 5293.558856 5293.482853 5293.198052 5293.173259 5293.428570 5292.726801 5292.587711 5293.106689 5293.279470 0.000000 0.000000
0.000000 0.000000 6478.788202 6478.642851 6478.157964 6478.300782 6478.905968 6478.685888 6478.708007 6478.962524 6479.037050 6478.962524 6478.708007 6478.685888 6478.905968 6478.300782 6478.157964 6478.642851 6478.788202 0.000000 0.000000
0.000000 0.000000 7592.204896 7592.071317 7591.609143 7591.752464 7592.310998 7592.107301 7592.128042 7592.368109 7592.440625 7592.368109 7592.128042 7592.107301 7592.310998 7591.752464 7591.609143 7592.071317 7592.204896 0.000000 0.000000
0.000000 0.000000 8646.789622 8646.684718 8646.232057 8646.415134 8646.883138 8646.700461 8646.725997 8646.944350 8647.014055 8646.944350 8646.725997 8646.700461 8646.883138 8646.415134 8646.232057 8646.684718 8646.789622 0.000000 0.000000
0.000000 0.000000 9648.898142 9648.786160 9648.352177 9648.511810 9648.991325 9648.808643 9648.830047 9649.046833 9649.113602 9649.046833 9648.830047 9648.808643 9648.991325 9648.511810 9648.352177 9648.786160 9648.898142 0.000000 0.000000
0.000000 0.000000 10608.902815 10608.790105 10608.371084 10608.525136 10608.991342 10608.815615 10608.835804 10609.046233 10609.112160 10609.046233 10608.835804 10608.815615 10608.991342 10608.525136 10608.371084 10608.790105 10608.902815 0.000000 0.000000
0.000000 0.000000 11535.520714 11535.412433 11534.998972 11535.154976 11535.602619 11535.430963 11535.451315 11535.657018 11535.720756 11535.657018 11535.451315 11535.430963 11535.602619 11535.154976 11534.998972 11535.412433 11535.520714 0.000000 0.000000
0.000000 0.000000 12432.489350 12432.388709 12431.983281 12432.158707 12432.569051 12432.403739 12432.425795 12432.624148 12432.686166 12432.624148 12432.425795 12432.403739 12432.569051 12432.158707 12431.983281 12432.388709 12432.489350 0.000000 0.000000
0.000000 0.000000 13302.842923 13302.740349 13302.337202 13302.502030 13302.918536 13302.754128 13302.774902 13302.972651 13303.033161 13302.972651 13302.774902 13302.754128 13302.918536 13302.502030 13302.337202 13302.740349 13302.842922 0.000000 0.000000
0.000000 0.000000 14147.838010 14147.737435 14147.344868 14147.503187 14147.908197 14147.748221 14147.768853 14147.962010 14148.021637 14147.962010 14147.768853 14147.748221 14147.908197 14147.503187 14147.344868 14147.737435 14147.838005 0.000000 0.000000
0.000000 0.000000 14969.767071 14969.667755 14969.275949 14969.437787 14969.835259 14969.676542 14969.696620 14969.886177 14969.944010 14969.886177 14969.696620 14969.676542 14969.835259 14969.437787 14969.275949 14969.667734 14969.766566 0.000000 0.000000
0.000000 0.000000 15802.703740 15802.959051 15802.573165 15802.730907 15803.125409 15802.969301 15802.987459 15803.174541 15803.230055 15803.174541 15802.987459 15802.969301 15803.125409 15802.730907 15802.573146 15802.955545 15803.051829 0.000000 0.000000
0.000000 0.000000 0.000000 0.000000 0.000000 0.000000 0.000000 0.000000 0.000000 0.000000 0.000000 0.000000 0.000000 0.000000 0.000000 0.000000 0.000000 0.000000 0.000000 0.000000 0.000000
0.000000 0.000000 0.000000 0.000000 0.000000 0.000000 0.000000 0.000000 0.000000 0.000000 0.000000 0.000000 0.000000 0.000000 0.000000 0.000000 0.000000 0.000000 0.000000 0.000000 0.000000