geotop/1.0zi/1.0Montebello/Templates/testdem/maps/_Erotot3503.asc
ncols         21
nrows         20
xllcorner     100.000000
yllcorner     100.000000
cellsize      50.000000
NODATA_value  -9999.0
0.000000 0.000000 0.000000 0.000000 0.000000 0.000000 0.000000 0.000000 0.000000 0.000000 0.000000 0.000000 0.000000 0.000000 0.000000 0.000000 0.000000 0.000000 0.000000 0.000000 0.000000
0.000000 0.000000 373.149502 373.152358 373.155903 373.274886 373.142416 373.148189 373.121842 373.161812 373.176511 373.161812 373.121842 373.148189 373.142416 373.274886 373.155903 373.152358 373.149502 0.000000 0.000000
0.000000 0.000000 11.459760 11.221196 9.465132 11.146830 11.463080 11.388583 11.507803 11.404096 11.771631 11.404096 11.507803 11.388583 11.463080 11.146830 9.465132 11.221196 11.459760 0.000000 0.000000
0.000000 0.000000 2751.710047 2751.444793 2751.587962 2749.756149 2751.629234 2750.915941 2750.727758 2751.518335 2751.651458 2751.518335 2750.727758 2750.915941 2751.629234 2749.756149 2751.587962 2751.444793 2751.710047 0.000000 0.000000
0.000000 0.000000 5215.000638 5214.824337 5214.125295 5214.703041 5215.238936 5215.071194 5215.051574 5215.153625 5215.180145 5215.153625 5215.051574 5215.071194 5215.238936 5214.703041 5214.125295 5214.824337 5215.000638 0.000000 0.000000
0.000000 0.000000 6751.790813 6751.611022 6751.003405 6751.138183 6751.928323 6751.518535 6751.498780 6751.775512 6752.000984 6751.775512 6751.498780 6751.518535 6751.928323 6751.138183 6751.003405 6751.611022 6751.790813 0.000000 0.000000
0.000000 0.000000 8696.884043 8696.742405 8696.193814 8696.314065 8696.997626 8696.636175 8696.622175 8696.862504 8697.086069 8696.862504 8696.622175 8696.636175 8696.997626 8696.314065 8696.193814 8696.742405 8696.884043 0.000000 0.000000
0.000000 0.000000 10491.305288 10491.191958 10490.694111 10490.817647 10491.402052 10491.089049 10491.078349 10491.290285 10491.491641 10491.290285 10491.078349 10491.089049 10491.402052 10490.817647 10490.694111 10491.191958 10491.305288 0.000000 0.000000
0.000000 0.000000 12137.414240 12137.314902 12136.852375 12136.974214 12137.509153 12137.224875 12137.213430 12137.409245 12137.598569 12137.409245 12137.213430 12137.224875 12137.509153 12136.974214 12136.852375 12137.314902 12137.414240 0.000000 0.000000
0.000000 0.000000 13663.514020 13663.443202 13662.999792 13663.158124 13663.603515 13663.347887 13663.341083 13663.515849 13663.688120 13663.515849 13663.341083 13663.347887 13663.603515 13663.158124 13662.999792 13663.443202 13663.514020 0.000000 0.000000
0.000000 0.000000 15080.208944 15080.132261 15079.717822 15079.851080 15080.301451 15080.054240 15080.045132 15080.217656 15080.379719 15080.217656 15080.045132 15080.054240 15080.301451 15079.851080 15079.717822 15080.132261 15080.208944 0.000000 0.000000
0.000000 0.000000 16413.566447 16413.493436 16413.107042 16413.235385 16413.669471 16413.435733 16413.423582 16413.594286 16413.745581 16413.594286 16413.423582 16413.435733 16413.669471 16413.235385 16413.107042 16413.493436 16413.566447 0.000000 0.000000
0.000000 0.000000 17672.409797 17672.343179 17671.969481 17672.098722 17672.508529 17672.287593 17672.276301 17672.441892 17672.583240 17672.441892 17672.276301 17672.287593 17672.508529 17672.098722 17671.969481 17672.343179 17672.409797 0.000000 0.000000
0.000000 0.000000 18870.830968 18870.772188 18870.413416 18870.558255 18870.929163 18870.718669 18870.709667 18870.866963 18871.001137 18870.866963 18870.709667 18870.718669 18870.929163 18870.558255 18870.413416 18870.772188 18870.830968 0.000000 0.000000
0.000000 0.000000 20013.095661 20013.032270 20012.682067 20012.814536 20013.186112 20012.989423 20012.983029 20013.138375 20013.265598 20013.138375 20012.983029 20012.989423 20013.186112 20012.814536 20012.682067 20013.032270 20013.095661 0.000000 0.000000
0.000000 0.000000 21101.795119 21101.734379 21101.397993 21101.522599 21101.879557 21101.688214 21101.681267 21101.829759 21101.952387 21101.829759 21101.681267 21101.688214 21101.879557 21101.522599 21101.397993 21101.734379 21101.795115 0.000000 0.000000
0.000000 0.000000 22145.594337 22145.534667 22145.204686 22145.332465 22145.672077 22145.487541 22145.480852 22145.624506 22145.739711 22145.624506 22145.480852 22145.487541 22145.672077 22145.332465 22145.204685 22145.534647 22145.594238 0.000000 0.000000
0.000000 0.000000 23197.746155 23198.232251 23197.912266 23198.035530 23198.366027 23198.188216 23198.180889 23198.319778 23198.430886 23198.319778 23198.180889 23198.188216 23198.366027 23198.035529 23197.912248 23198.228942 23198.285380 0.000000 0.000000
0.000000 0.000000 0.000000 0.000000 0.000000 0.000000 0.000000 0.000000 0.000000 0.000000 0.000000 0.000000 0.000000 0.000000 0.000000 0.000000 0.000000 0.000000 0.000000 0.000000 0.000000
0.000000 0.000000 0.000000 0.000000 0.000000 0.000000 0.000000 0.000000 0.000000 0.000000 0.000000 0.000000 0.000000 0.000000 0.000000 0.000000 0.000000 0.000000 0.000000 0.000000 0.000000