geotop/1.0zi/1.0Montebello/Templates/testdem/maps/_Erotot2599.asc
ncols         21
nrows         20
xllcorner     100.000000
yllcorner     100.000000
cellsize      50.000000
NODATA_value  -9999.0
0.000000 0.000000 0.000000 0.000000 0.000000 0.000000 0.000000 0.000000 0.000000 0.000000 0.000000 0.000000 0.000000 0.000000 0.000000 0.000000 0.000000 0.000000 0.000000 0.000000 0.000000
0.000000 0.000000 247.733649 247.736345 247.740404 247.860247 247.727819 247.731993 247.707171 247.748191 247.760131 247.748191 247.707171 247.731993 247.727819 247.860247 247.740404 247.736345 247.733649 0.000000 0.000000
0.000000 0.000000 13.877079 13.655428 11.904254 13.624932 13.918504 13.904856 13.937520 13.903009 13.890626 13.903009 13.937520 13.904856 13.918504 13.624932 11.904254 13.655428 13.877079 0.000000 0.000000
0.000000 0.000000 1815.802513 1815.481411 1815.814786 1813.948096 1815.953434 1815.395740 1815.389713 1816.220447 1816.378328 1816.220447 1815.389713 1815.395740 1815.953434 1813.948096 1815.814786 1815.481411 1815.802513 0.000000 0.000000
0.000000 0.000000 3710.403149 3710.232617 3709.573424 3710.167140 3710.710779 3710.568416 3710.534701 3710.685890 3710.651991 3710.685890 3710.534701 3710.568416 3710.710779 3710.167140 3709.573424 3710.232617 3710.403149 0.000000 0.000000
0.000000 0.000000 4813.989440 4813.784202 4813.222981 4813.376155 4814.186398 4813.892851 4813.912099 4814.257649 4814.350486 4814.257649 4813.912099 4813.892851 4814.186398 4813.376155 4813.222981 4813.784202 4813.989440 0.000000 0.000000
0.000000 0.000000 6276.779713 6276.609085 6276.095993 6276.238272 6276.930373 6276.676530 6276.701166 6277.008041 6277.109575 6277.008041 6276.701166 6276.676530 6276.930373 6276.238272 6276.095993 6276.609085 6276.779713 0.000000 0.000000
0.000000 0.000000 7654.037940 7653.894810 7653.417622 7653.562129 7654.156925 7653.938823 7653.960931 7654.235525 7654.332497 7654.235525 7653.960931 7653.938823 7654.156925 7653.562129 7653.417622 7653.894810 7654.037940 0.000000 0.000000
0.000000 0.000000 8934.755929 8934.625218 8934.172499 8934.316394 8934.862629 8934.661777 8934.682480 8934.940157 8935.032591 8934.940157 8934.682480 8934.661777 8934.862629 8934.316394 8934.172499 8934.625218 8934.755929 0.000000 0.000000
0.000000 0.000000 10141.315775 10141.213675 10140.772281 10140.954256 10141.409618 10141.230266 10141.255524 10141.489762 10141.577392 10141.489762 10141.255524 10141.230266 10141.409618 10140.954256 10140.772281 10141.213675 10141.315775 0.000000 0.000000
0.000000 0.000000 11278.277617 11278.168938 11277.747873 11277.905263 11278.370480 11278.192095 11278.213212 11278.443747 11278.526157 11278.443747 11278.213212 11278.192095 11278.370480 11277.905263 11277.747873 11278.168938 11278.277617 0.000000 0.000000
0.000000 0.000000 12362.325194 12362.216393 12361.811732 12361.963008 12362.413035 12362.242292 12362.262156 12362.484732 12362.565372 12362.484732 12362.262156 12362.242292 12362.413035 12361.963008 12361.811732 12362.216393 12362.325194 0.000000 0.000000
0.000000 0.000000 13402.865704 13402.762043 13402.364305 13402.516881 13402.946800 13402.780736 13402.800681 13403.017075 13403.094296 13403.017075 13402.800681 13402.780736 13402.946800 13402.516881 13402.364305 13402.762043 13402.865704 0.000000 0.000000
0.000000 0.000000 14404.819735 14404.723955 14404.335900 14404.506454 14404.898573 14404.739382 14404.760867 14404.968643 14405.043507 14404.968643 14404.760867 14404.739382 14404.898573 14404.506454 14404.335900 14404.723955 14404.819735 0.000000 0.000000
0.000000 0.000000 15372.134882 15372.037288 15371.653551 15371.812742 15372.209621 15372.052003 15372.072053 15372.277712 15372.350327 15372.277712 15372.072053 15372.052003 15372.209621 15371.812742 15371.653551 15372.037288 15372.134882 0.000000 0.000000
0.000000 0.000000 16307.170335 16307.075006 16306.702620 16306.854908 16307.239159 16307.086411 16307.106283 16307.306328 16307.377095 16307.306328 16307.106283 16307.086411 16307.239159 16306.854908 16306.702620 16307.075006 16307.170330 0.000000 0.000000
0.000000 0.000000 17212.596627 17212.502987 17212.133278 17212.288540 17212.663355 17212.512804 17212.532132 17212.727237 17212.795772 17212.727237 17212.532132 17212.512804 17212.663355 17212.288540 17212.133277 17212.502965 17212.596231 0.000000 0.000000
0.000000 0.000000 18129.061513 18129.384422 18129.021651 18129.172623 18129.542269 18129.395145 18129.412520 18129.603957 18129.669751 18129.603957 18129.412520 18129.395145 18129.542269 18129.172622 18129.021632 18129.380916 18129.471174 0.000000 0.000000
0.000000 0.000000 0.000000 0.000000 0.000000 0.000000 0.000000 0.000000 0.000000 0.000000 0.000000 0.000000 0.000000 0.000000 0.000000 0.000000 0.000000 0.000000 0.000000 0.000000 0.000000
0.000000 0.000000 0.000000 0.000000 0.000000 0.000000 0.000000 0.000000 0.000000 0.000000 0.000000 0.000000 0.000000 0.000000 0.000000 0.000000 0.000000 0.000000 0.000000 0.000000 0.000000