geotop/1.0zi/1.0Montebello/Templates/testdem/maps/_Erotot7861.asc
ncols         21
nrows         20
xllcorner     100.000000
yllcorner     100.000000
cellsize      50.000000
NODATA_value  -9999.0
0.000000 0.000000 0.000000 0.000000 0.000000 0.000000 0.000000 0.000000 0.000000 0.000000 0.000000 0.000000 0.000000 0.000000 0.000000 0.000000 0.000000 0.000000 0.000000 0.000000 0.000000
0.000000 0.000000 662.207194 663.020438 662.486783 662.608462 661.613924 661.787808 661.775026 661.838433 662.270614 661.596011 661.474393 661.526669 661.886242 662.024902 662.843911 663.375167 663.574911 0.000000 0.000000
0.000000 0.000000 51.228979 50.252032 50.175489 50.565028 51.200434 50.882781 50.587158 50.450153 50.681655 51.042110 51.061228 51.211803 50.962388 50.450288 49.173052 48.317832 48.835775 0.000000 0.000000
0.000000 0.000000 354.538685 355.627160 343.557339 337.925703 338.474467 327.148082 327.251174 328.080640 324.421851 322.625147 324.777379 324.910140 335.183503 342.253804 346.888616 349.784744 354.686421 0.000000 0.000000
0.000000 0.000000 3168.141518 3169.435267 3172.169728 3149.185164 3129.858360 3119.377593 3118.685342 3113.954540 3120.793224 3126.025210 3121.466526 3120.119998 3135.037367 3138.278333 3148.709310 3157.641152 3157.312150 0.000000 0.000000
0.000000 0.000000 5046.103731 5040.925880 5037.448650 5031.417474 5016.522463 5006.584138 5007.479986 5006.398141 5003.091895 4997.395325 4996.421720 4999.614165 4998.998298 5018.899806 5026.718868 5033.542209 5036.651869 0.000000 0.000000
0.000000 0.000000 6341.144111 6338.005158 6333.504409 6326.534971 6312.764274 6290.989570 6289.953546 6286.143790 6287.565671 6291.319809 6292.812772 6293.311798 6320.990172 6330.964374 6336.538840 6339.340906 6344.570992 0.000000 0.000000
0.000000 0.000000 7441.883502 7442.008240 7439.013458 7429.024778 7426.579320 7417.279574 7417.480304 7417.292634 7416.325093 7412.396962 7411.699245 7417.934972 7419.717279 7424.541230 7436.990870 7435.593761 7440.541465 0.000000 0.000000
0.000000 0.000000 8888.980431 8884.295891 8877.971981 8877.463256 8866.406024 8851.048946 8852.326027 8847.744374 8845.695375 8845.443701 8847.902224 8842.134717 8860.822355 8874.702924 8876.577042 8880.312049 8881.676384 0.000000 0.000000
0.000000 0.000000 10545.961799 10542.338786 10542.521887 10538.055349 10517.699073 10507.988993 10507.590728 10507.327427 10503.893079 10507.373397 10510.486016 10509.788565 10516.656440 10531.044610 10538.702461 10540.731734 10541.803720 0.000000 0.000000
0.000000 0.000000 12358.916473 12357.908686 12354.936464 12334.453788 12328.607286 12312.779021 12318.546593 12305.170704 12309.299320 12307.522677 12300.567549 12310.557859 12320.031690 12322.909250 12335.512868 12342.630862 12353.297581 0.000000 0.000000
0.000000 0.000000 14322.171194 14313.965027 14305.761243 14302.097304 14291.740129 14271.707034 14268.038192 14268.675080 14276.001957 14264.944661 14269.114316 14268.981340 14291.566895 14300.194675 14303.129299 14307.223731 14330.474864 0.000000 0.000000
0.000000 0.000000 16361.587224 16356.520659 16356.805106 16342.635828 16335.585920 16286.801741 16285.122784 16284.118193 16262.705159 16275.138380 16279.404092 16284.212993 16318.230485 16325.460289 16348.827201 16348.559304 16356.120182 0.000000 0.000000
0.000000 0.000000 18697.522696 18699.766011 18685.983100 18681.014294 18622.685131 18642.955064 18627.157114 18628.348669 18634.923374 18630.055259 18627.849640 18623.004092 18601.781945 18664.821085 18671.378646 18691.706115 18701.333282 0.000000 0.000000
0.000000 0.000000 21315.702213 21306.986243 21297.760610 21233.234249 21247.363013 21214.950225 21195.574737 21192.276320 21180.385726 21169.815013 21176.111555 21174.867019 21211.287503 21200.265824 21292.984654 21274.471961 21271.891570 0.000000 0.000000
0.000000 0.000000 24048.697001 24045.223488 23952.163336 23980.269641 23981.020895 23971.581158 24014.001252 23999.019202 24018.695670 24010.413014 23995.710296 24019.921137 24021.041492 24022.319295 23943.233020 24079.612633 24071.100776 0.000000 0.000000
0.000000 0.000000 27314.155465 27178.427093 27212.976338 27167.550859 27096.192633 27081.199540 27043.180670 27054.305238 27011.533889 27015.809250 27037.971603 27019.306752 27052.116494 27096.926322 27209.959342 27131.872540 27276.003648 0.000000 0.000000
0.000000 0.000000 28598.116944 28727.820841 28853.385774 28854.469438 28857.281358 28747.937861 28764.995945 28728.847230 28782.992481 28772.981562 28769.762306 28780.842183 28871.515324 28870.674578 28876.409967 28772.391741 28643.808971 0.000000 0.000000
0.000000 0.000000 0.000000 0.000000 0.000000 0.000000 0.000000 0.000000 0.000000 0.000000 0.000000 0.000000 0.000000 0.000000 0.000000 0.000000 0.000000 0.000000 0.000000 0.000000 0.000000
0.000000 0.000000 0.000000 0.000000 0.000000 0.000000 0.000000 0.000000 0.000000 0.000000 0.000000 0.000000 0.000000 0.000000 0.000000 0.000000 0.000000 0.000000 0.000000 0.000000 0.000000