geotop/1.0zi/1.0Montebello/Templates/testdem/maps/_Erotot0583.asc
ncols         21
nrows         20
xllcorner     100.000000
yllcorner     100.000000
cellsize      50.000000
NODATA_value  -9999.0
0.000000 0.000000 0.000000 0.000000 0.000000 0.000000 0.000000 0.000000 0.000000 0.000000 0.000000 0.000000 0.000000 0.000000 0.000000 0.000000 0.000000 0.000000 0.000000 0.000000 0.000000
0.000000 0.000000 45.336608 45.337289 45.369922 45.337456 45.336713 45.337099 45.336910 45.336823 45.336797 45.336823 45.336910 45.337099 45.336713 45.337456 45.369922 45.337289 45.336608 0.000000 0.000000
0.000000 0.000000 7.682549 7.466100 5.648901 7.461148 7.708981 7.693131 7.707640 7.714483 7.715547 7.714483 7.707640 7.693131 7.708981 7.461148 5.648901 7.466100 7.682549 0.000000 0.000000
0.000000 0.000000 566.203662 566.454536 566.579640 566.365882 566.270208 566.381247 566.378812 566.314753 566.244425 566.314753 566.378812 566.381247 566.270208 566.365882 566.579640 566.454536 566.203662 0.000000 0.000000
0.000000 0.000000 856.634366 856.586942 855.829826 856.565622 856.634741 856.656407 856.651024 856.655132 856.650463 856.655132 856.651024 856.656407 856.634741 856.565622 855.829826 856.586942 856.634366 0.000000 0.000000
0.000000 0.000000 1170.851342 1170.857812 1170.152814 1170.816751 1170.884023 1170.928899 1170.933544 1170.912701 1170.891948 1170.912701 1170.933544 1170.928899 1170.884023 1170.816751 1170.152814 1170.857812 1170.851342 0.000000 0.000000
0.000000 0.000000 1528.911105 1528.919940 1528.291383 1528.880656 1528.942892 1528.989176 1528.994917 1528.972018 1528.953629 1528.972018 1528.994917 1528.989176 1528.942892 1528.880656 1528.291383 1528.919940 1528.911105 0.000000 0.000000
0.000000 0.000000 1871.666966 1871.674870 1871.092535 1871.638415 1871.697516 1871.743088 1871.748856 1871.725882 1871.709041 1871.725882 1871.748856 1871.743088 1871.697516 1871.638415 1871.092535 1871.674870 1871.666966 0.000000 0.000000
0.000000 0.000000 2198.888565 2198.896322 2198.341059 2198.860988 2198.918165 2198.963009 2198.968793 2198.945991 2198.929787 2198.945991 2198.968793 2198.963009 2198.918165 2198.860988 2198.341059 2198.896322 2198.888565 0.000000 0.000000
0.000000 0.000000 2515.428154 2515.435287 2514.895966 2515.401064 2515.457229 2515.501477 2515.507237 2515.484566 2515.468530 2515.484566 2515.507237 2515.501477 2515.457229 2515.401064 2514.895966 2515.435287 2515.428154 0.000000 0.000000
0.000000 0.000000 2822.941697 2822.948192 2822.418073 2822.914775 2822.970464 2823.014282 2823.020020 2822.997423 2822.981330 2822.997423 2823.020020 2823.014282 2822.970464 2822.914775 2822.418073 2822.948192 2822.941697 0.000000 0.000000
0.000000 0.000000 3122.546658 3122.550238 3122.030185 3122.518494 3122.573626 3122.616240 3122.622430 3122.599983 3122.584913 3122.599983 3122.622430 3122.616240 3122.573626 3122.518494 3122.030185 3122.550238 3122.546658 0.000000 0.000000
0.000000 0.000000 3415.299401 3415.301440 3414.786438 3415.271970 3415.325888 3415.367907 3415.374215 3415.351705 3415.336740 3415.351705 3415.374215 3415.367907 3415.325888 3415.271970 3414.786438 3415.301440 3415.299401 0.000000 0.000000
0.000000 0.000000 3704.736872 3704.737076 3704.226180 3704.707967 3704.763048 3704.804987 3704.811437 3704.788907 3704.773808 3704.788907 3704.811437 3704.804987 3704.763048 3704.707967 3704.226180 3704.737076 3704.736872 0.000000 0.000000
0.000000 0.000000 3990.402879 3990.403502 3989.890390 3990.374150 3990.429285 3990.470815 3990.477349 3990.454768 3990.438882 3990.454768 3990.477349 3990.470815 3990.429285 3990.374150 3989.890390 3990.403502 3990.402879 0.000000 0.000000
0.000000 0.000000 4273.672046 4273.673942 4273.170252 4273.644619 4273.699231 4273.740707 4273.747252 4273.724596 4273.708125 4273.724596 4273.747252 4273.740707 4273.699231 4273.644619 4273.170252 4273.673942 4273.672043 0.000000 0.000000
0.000000 0.000000 4552.589603 4552.589780 4552.082790 4552.561610 4552.616747 4552.657575 4552.664227 4552.641506 4552.624732 4552.641506 4552.664227 4552.657575 4552.616747 4552.561610 4552.082789 4552.589768 4552.589250 0.000000 0.000000
0.000000 0.000000 4839.661479 4839.783173 4839.276875 4839.752575 4839.807957 4839.848768 4839.855739 4839.832936 4839.815911 4839.832936 4839.855739 4839.848768 4839.807957 4839.752575 4839.276862 4839.781348 4839.780506 0.000000 0.000000
0.000000 0.000000 0.000000 0.000000 0.000000 0.000000 0.000000 0.000000 0.000000 0.000000 0.000000 0.000000 0.000000 0.000000 0.000000 0.000000 0.000000 0.000000 0.000000 0.000000 0.000000
0.000000 0.000000 0.000000 0.000000 0.000000 0.000000 0.000000 0.000000 0.000000 0.000000 0.000000 0.000000 0.000000 0.000000 0.000000 0.000000 0.000000 0.000000 0.000000 0.000000 0.000000