geotop/1.0zi/1.0Montebello/Templates/testdem/maps/_Erotot7560.asc
ncols         21
nrows         20
xllcorner     100.000000
yllcorner     100.000000
cellsize      50.000000
NODATA_value  -9999.0
0.000000 0.000000 0.000000 0.000000 0.000000 0.000000 0.000000 0.000000 0.000000 0.000000 0.000000 0.000000 0.000000 0.000000 0.000000 0.000000 0.000000 0.000000 0.000000 0.000000 0.000000
0.000000 0.000000 642.433089 643.378063 642.775613 642.936844 642.065362 642.266200 642.212950 642.317733 642.741005 642.073165 641.956771 641.998050 642.342919 642.384973 643.184688 643.768043 643.838196 0.000000 0.000000
0.000000 0.000000 50.027025 48.804054 48.949743 49.326539 49.741212 49.418577 49.153457 48.991317 49.233063 49.568556 49.590183 49.754466 49.503265 49.176736 47.766529 46.830280 47.584840 0.000000 0.000000
0.000000 0.000000 353.331116 354.616084 342.455127 336.696054 337.499577 326.115549 326.184809 327.060305 323.399798 321.566430 323.768760 323.917560 334.229465 341.091045 345.727220 348.681669 353.587588 0.000000 0.000000
0.000000 0.000000 2976.518331 2979.720931 2983.591021 2962.029410 2943.438880 2933.628472 2933.178502 2929.472062 2935.655155 2941.773793 2936.326237 2934.724869 2949.243336 2952.143399 2961.617111 2970.065726 2969.701918 0.000000 0.000000
0.000000 0.000000 4744.022026 4738.278920 4734.708816 4728.772898 4714.393083 4704.757225 4705.532792 4704.375001 4701.118937 4695.357067 4694.530127 4697.739035 4696.896861 4716.260739 4724.247284 4731.129438 4734.138820 0.000000 0.000000
0.000000 0.000000 6016.925283 6013.952455 6009.676285 6003.095879 5989.650644 5968.645582 5967.671865 5964.037117 5965.366045 5969.232698 5970.602331 5971.135482 5998.092614 6007.808516 6013.171202 6015.838451 6021.055217 0.000000 0.000000
0.000000 0.000000 7036.473942 7036.951242 7034.223925 7024.804248 7022.712721 7013.872173 7014.165712 7014.188535 7013.091378 7009.391073 7008.566416 7014.644476 7016.092224 7020.599518 7032.709073 7031.223182 7036.089922 0.000000 0.000000
0.000000 0.000000 8385.506610 8381.335584 8375.403278 8375.388002 8364.874041 8350.204428 8351.429122 8347.208264 8344.979225 8344.951883 8347.182241 8341.486195 8359.578763 8373.048149 8374.639603 8378.163759 8379.519842 0.000000 0.000000
0.000000 0.000000 9931.769868 9928.587677 9929.149432 9925.361024 9905.820681 9896.633388 9896.416549 9896.244218 9892.855161 9896.350520 9899.310947 9898.575457 9905.008427 9918.790896 9926.113183 9927.940874 9929.019607 0.000000 0.000000
0.000000 0.000000 11619.337655 11618.701536 11616.228041 11596.999571 11591.471558 11576.653865 11582.184781 11569.558293 11573.302988 11571.830954 11564.989516 11574.608500 11583.478305 11586.150867 11598.170525 11604.982873 11615.328266 0.000000 0.000000
0.000000 0.000000 13437.292278 13429.956502 13422.593945 13419.393875 13410.029845 13390.914106 13387.718647 13388.293389 13395.280493 13384.890624 13388.582533 13388.575047 13409.982680 13417.927665 13420.642403 13424.472993 13446.934068 0.000000 0.000000
0.000000 0.000000 15315.746396 15311.422055 15311.929803 15299.209458 15292.662137 15248.098899 15246.484676 15245.798796 15225.563585 15237.230135 15241.291699 15245.707255 15276.715250 15283.411470 15305.322049 15304.968360 15312.747328 0.000000 0.000000
0.000000 0.000000 17451.376947 17453.880856 17441.578333 17437.366829 17385.286422 17402.541701 17388.018085 17389.317774 17394.538772 17390.710417 17388.587493 17384.240285 17365.519773 17422.185544 17428.713864 17447.360132 17456.524660 0.000000 0.000000
0.000000 0.000000 19832.172753 19824.617460 19816.601247 19761.205657 19770.953151 19743.216892 19724.943324 19722.412089 19711.823397 19702.254687 19707.379900 19706.061416 19737.924830 19731.061533 19812.784533 19796.807399 19794.928398 0.000000 0.000000
0.000000 0.000000 22320.387703 22317.769425 22237.591719 22257.754154 22259.956922 22249.690747 22286.151303 22272.637436 22288.776034 22280.941519 22268.666892 22289.550287 22292.496400 22293.163497 22230.111815 22346.617497 22338.661194 0.000000 0.000000
0.000000 0.000000 25290.818717 25175.218867 25198.407026 25162.892008 25101.369310 25088.694063 25058.846870 25068.041758 25032.156680 25035.438563 25052.926728 25039.457100 25067.482039 25104.987903 25196.488104 25139.849833 25263.350994 0.000000 0.000000
0.000000 0.000000 26653.000991 26753.388060 26865.704613 26862.846005 26859.265621 26763.757245 26775.439436 26744.570764 26787.739311 26779.618838 26779.326807 26786.094553 26866.832620 26870.642829 26886.489986 26788.873521 26690.215814 0.000000 0.000000
0.000000 0.000000 0.000000 0.000000 0.000000 0.000000 0.000000 0.000000 0.000000 0.000000 0.000000 0.000000 0.000000 0.000000 0.000000 0.000000 0.000000 0.000000 0.000000 0.000000 0.000000
0.000000 0.000000 0.000000 0.000000 0.000000 0.000000 0.000000 0.000000 0.000000 0.000000 0.000000 0.000000 0.000000 0.000000 0.000000 0.000000 0.000000 0.000000 0.000000 0.000000 0.000000