geotop/1.0zi/1.0Montebello/Templates/testdem/maps/_Erotot9489.asc
ncols         21
nrows         20
xllcorner     100.000000
yllcorner     100.000000
cellsize      50.000000
NODATA_value  -9999.0
0.000000 0.000000 0.000000 0.000000 0.000000 0.000000 0.000000 0.000000 0.000000 0.000000 0.000000 0.000000 0.000000 0.000000 0.000000 0.000000 0.000000 0.000000 0.000000 0.000000 0.000000
0.000000 0.000000 792.060320 792.156435 790.925432 790.462069 788.927681 788.435150 788.573606 788.598994 789.012888 788.393306 788.241946 788.279598 789.260460 789.908542 791.260923 792.500232 793.143810 0.000000 0.000000
0.000000 0.000000 59.381016 58.001416 58.352595 58.111224 58.826839 58.383267 57.987955 57.877668 58.046269 58.352637 58.435263 58.518994 58.412263 57.926146 56.837969 55.917790 56.789532 0.000000 0.000000
0.000000 0.000000 514.588716 518.337311 504.260808 498.669957 497.964777 490.304981 497.075106 499.169139 495.613249 495.839690 500.706891 500.107590 508.685782 517.255809 520.032116 518.346494 524.184160 0.000000 0.000000
0.000000 0.000000 4319.227560 4313.115236 4308.113289 4272.733417 4245.437094 4232.104715 4224.588647 4218.282501 4225.751342 4232.215822 4230.377225 4225.508121 4245.212800 4251.568527 4269.608981 4280.464467 4281.515982 0.000000 0.000000
0.000000 0.000000 6528.561354 6523.161954 6518.159406 6520.836563 6495.932420 6483.721104 6487.326888 6486.592445 6482.057342 6475.737046 6474.233951 6478.732149 6478.831971 6505.309972 6505.790144 6513.655024 6515.964677 0.000000 0.000000
0.000000 0.000000 8021.315996 8016.132923 8012.093547 8000.201997 7992.336619 7953.883940 7956.956554 7954.329725 7953.683318 7958.190062 7958.967243 7960.686211 7994.332537 7999.523449 8009.288404 8012.120505 8017.486332 0.000000 0.000000
0.000000 0.000000 9583.838214 9581.190562 9575.810822 9562.922350 9555.043769 9551.856268 9551.936141 9549.975995 9549.924659 9545.925478 9545.040617 9552.430011 9550.890104 9561.302676 9576.628666 9574.148570 9580.577454 0.000000 0.000000
0.000000 0.000000 11582.887425 11577.788475 11570.296664 11566.615914 11549.375740 11527.101222 11530.640311 11526.417560 11522.902542 11522.642062 11525.858384 11519.779261 11545.689453 11560.629710 11563.255015 11566.943052 11569.814656 0.000000 0.000000
0.000000 0.000000 13910.697370 13903.268559 13899.766976 13891.729158 13867.152347 13852.863033 13852.870348 13851.146412 13846.775045 13851.540085 13855.104233 13855.005983 13862.822109 13883.827357 13892.739474 13896.813331 13896.604052 0.000000 0.000000
0.000000 0.000000 16510.424509 16507.949087 16505.557334 16473.057881 16466.027661 16441.103262 16450.104744 16432.417648 16438.256994 16434.376510 16426.669397 16438.698298 16454.331943 16459.255944 16475.534279 16481.038990 16497.831505 0.000000 0.000000
0.000000 0.000000 19419.009060 19407.024020 19388.630919 19386.923840 19367.515641 19339.199591 19338.907358 19340.986657 19348.259179 19333.141696 19342.001117 19339.622865 19368.889077 19384.003932 19386.138626 19391.776594 19418.663484 0.000000 0.000000
0.000000 0.000000 22519.248647 22511.751215 22514.310334 22485.079553 22473.115448 22393.872740 22391.346686 22390.228338 22355.433015 22378.567225 22381.286930 22390.088968 22447.381009 22458.176397 22491.901129 22492.366253 22498.241018 0.000000 0.000000
0.000000 0.000000 26211.835027 26213.420708 26186.954161 26178.327818 26071.470486 26124.709824 26100.305858 26102.101531 26120.390335 26104.762485 26103.484304 26090.758979 26039.186586 26159.923627 26161.378106 26192.221592 26207.200751 0.000000 0.000000
0.000000 0.000000 30221.086976 30205.963857 30187.692186 30064.766527 30126.111850 30048.375604 30026.302159 30020.196282 29991.812040 29980.216821 29993.846074 29996.289243 30071.355898 30009.652499 30183.757262 30139.127749 30129.643300 0.000000 0.000000
0.000000 0.000000 33821.344040 33815.776725 33667.669293 33755.257014 33733.615495 33742.445418 33819.657894 33797.839152 33836.620825 33829.581768 33801.521145 33839.028790 33816.663208 33838.342894 33648.331299 33883.556120 33874.430691 0.000000 0.000000
0.000000 0.000000 37148.008278 37007.981144 37080.728562 37016.613801 36943.514027 36924.372200 36868.890929 36885.218378 36831.992477 36839.768439 36869.745980 36840.420399 36880.514234 36925.505587 37076.111582 36938.974024 37088.348086 0.000000 0.000000
0.000000 0.000000 38019.838733 38120.208090 38214.291139 38210.378131 38211.151736 38129.912636 38143.816313 38116.449281 38157.362954 38150.061293 38148.673327 38155.434320 38219.787424 38222.033884 38227.036245 38145.444774 38046.406923 0.000000 0.000000
0.000000 0.000000 0.000000 0.000000 0.000000 0.000000 0.000000 0.000000 0.000000 0.000000 0.000000 0.000000 0.000000 0.000000 0.000000 0.000000 0.000000 0.000000 0.000000 0.000000 0.000000
0.000000 0.000000 0.000000 0.000000 0.000000 0.000000 0.000000 0.000000 0.000000 0.000000 0.000000 0.000000 0.000000 0.000000 0.000000 0.000000 0.000000 0.000000 0.000000 0.000000 0.000000