geotop/1.0zi/1.0Montebello/Templates/testdem/maps/_Erotot9021.asc
ncols         21
nrows         20
xllcorner     100.000000
yllcorner     100.000000
cellsize      50.000000
NODATA_value  -9999.0
0.000000 0.000000 0.000000 0.000000 0.000000 0.000000 0.000000 0.000000 0.000000 0.000000 0.000000 0.000000 0.000000 0.000000 0.000000 0.000000 0.000000 0.000000 0.000000 0.000000 0.000000
0.000000 0.000000 719.026669 719.664411 719.095213 719.181169 718.162851 718.287097 718.369747 718.443932 718.825227 718.191172 718.080767 718.118947 718.525405 718.653688 719.477309 720.066501 720.226316 0.000000 0.000000
0.000000 0.000000 55.997193 55.013977 55.311572 55.244412 56.068563 55.742646 55.371519 55.238350 55.442509 55.771458 55.829271 55.946752 55.719859 55.115526 53.843957 52.997355 53.607062 0.000000 0.000000
0.000000 0.000000 429.745060 431.480935 418.429876 412.197716 411.627392 405.762335 410.756833 412.433154 408.483595 406.885173 410.301856 409.808373 418.298888 426.772283 430.582628 424.983926 432.256747 0.000000 0.000000
0.000000 0.000000 3937.096458 3930.751604 3928.526655 3894.242686 3869.938268 3858.097410 3850.562333 3843.288994 3851.952750 3858.762470 3857.152250 3852.123730 3871.813933 3876.306191 3892.005636 3903.111084 3903.286445 0.000000 0.000000
0.000000 0.000000 6009.564388 6004.222766 5999.194990 6001.428045 5979.454331 5966.286672 5971.039211 5970.799435 5966.484375 5960.374746 5958.633824 5962.809721 5962.949332 5987.935970 5989.239885 5995.361282 5997.669280 0.000000 0.000000
0.000000 0.000000 7431.720986 7426.105806 7422.803433 7411.912986 7403.160158 7370.376891 7370.726324 7368.125935 7367.863089 7372.196427 7372.736847 7373.698475 7406.529263 7412.336712 7420.674028 7423.082893 7428.090461 0.000000 0.000000
0.000000 0.000000 8828.259281 8825.703249 8821.570472 8809.392779 8803.518035 8799.898576 8800.597886 8798.610289 8798.859692 8794.684886 8793.468075 8800.853689 8799.143272 8807.748403 8821.937061 8817.951473 8824.078663 0.000000 0.000000
0.000000 0.000000 10631.233801 10626.128805 10618.872949 10616.199226 10601.020561 10582.189777 10584.934580 10580.773189 10577.724604 10577.281765 10580.040151 10573.812644 10597.865422 10611.831499 10613.266803 10615.265274 10618.792368 0.000000 0.000000
0.000000 0.000000 12721.683479 12714.125640 12712.941980 12706.322296 12682.858631 12671.925798 12671.259484 12669.913378 12666.015733 12670.396430 12673.365656 12672.997886 12680.293141 12699.024624 12706.591713 12708.837375 12708.034293 0.000000 0.000000
0.000000 0.000000 15036.668846 15034.131301 15030.927155 15002.800908 14996.519056 14975.934462 14984.063964 14966.841594 14972.826105 14969.043174 14961.407438 14972.239735 14986.638012 14990.123327 15005.169003 15008.629837 15023.565856 0.000000 0.000000
0.000000 0.000000 17597.112329 17587.202178 17572.385642 17569.431415 17553.135328 17530.213591 17528.277901 17531.251787 17537.382449 17524.526761 17531.552062 17529.468309 17555.778761 17568.306170 17568.679645 17572.380187 17597.570619 0.000000 0.000000
0.000000 0.000000 20307.247017 20296.941400 20300.169451 20276.627201 20267.306321 20200.643351 20198.008213 20196.850079 20167.588908 20186.478526 20188.777102 20195.927041 20245.232438 20253.939145 20283.898395 20280.899964 20287.801698 0.000000 0.000000
0.000000 0.000000 23507.603094 23508.739227 23487.093488 23479.635160 23391.328074 23430.944925 23410.757003 23412.142703 23425.597365 23413.819574 23412.553602 23401.539707 23363.956746 23462.810472 23465.138410 23489.401993 23502.532117 0.000000 0.000000
0.000000 0.000000 27086.773505 27071.487232 27055.400078 26952.931383 26994.231403 26938.089107 26915.702659 26911.022416 26889.011667 26877.264807 26887.524728 26888.205509 26945.992337 26906.155538 27051.144861 27012.547563 27005.879313 0.000000 0.000000
0.000000 0.000000 30624.708858 30617.834741 30478.160706 30546.300123 30533.306429 30534.728661 30604.471843 30582.987868 30617.296234 30608.968914 30583.558071 30618.727883 30607.006560 30621.511162 30461.335346 30675.380367 30665.823984 0.000000 0.000000
0.000000 0.000000 34424.262669 34250.925326 34329.451507 34254.838994 34166.399785 34145.331067 34081.703121 34100.191254 34038.309989 34046.771879 34081.493378 34046.737102 34093.479227 34148.980021 34324.023543 34170.108540 34351.938859 0.000000 0.000000
0.000000 0.000000 35291.308959 35454.534633 35578.879278 35583.785060 35597.936941 35485.289607 35512.198442 35472.624696 35538.090204 35526.420365 35518.099419 35534.410614 35622.939102 35615.347783 35599.699032 35503.472245 35340.847293 0.000000 0.000000
0.000000 0.000000 0.000000 0.000000 0.000000 0.000000 0.000000 0.000000 0.000000 0.000000 0.000000 0.000000 0.000000 0.000000 0.000000 0.000000 0.000000 0.000000 0.000000 0.000000 0.000000
0.000000 0.000000 0.000000 0.000000 0.000000 0.000000 0.000000 0.000000 0.000000 0.000000 0.000000 0.000000 0.000000 0.000000 0.000000 0.000000 0.000000 0.000000 0.000000 0.000000 0.000000