geotop/1.0zi/1.0Montebello/Templates/testdem/maps/_Erotot9302.asc
ncols         21
nrows         20
xllcorner     100.000000
yllcorner     100.000000
cellsize      50.000000
NODATA_value  -9999.0
0.000000 0.000000 0.000000 0.000000 0.000000 0.000000 0.000000 0.000000 0.000000 0.000000 0.000000 0.000000 0.000000 0.000000 0.000000 0.000000 0.000000 0.000000 0.000000 0.000000 0.000000
0.000000 0.000000 727.974902 728.548933 727.969598 728.047899 727.012323 727.121529 727.209437 727.282983 727.671644 727.037618 726.929375 726.977642 727.378403 727.534299 728.353569 728.968551 729.123046 0.000000 0.000000
0.000000 0.000000 56.696257 55.594431 55.908131 55.846568 56.672712 56.360352 55.974744 55.835101 56.030604 56.349970 56.405965 56.513000 56.280720 55.675246 54.413026 53.522460 54.139510 0.000000 0.000000
0.000000 0.000000 428.123463 429.977352 416.898219 410.646335 410.057562 404.205212 409.226829 410.929263 406.997331 405.429129 408.850655 408.386409 416.857215 425.333919 429.133962 423.681500 430.880838 0.000000 0.000000
0.000000 0.000000 4055.715499 4049.914701 4043.876120 4009.463072 3982.514477 3968.371679 3961.187149 3954.787693 3962.119993 3968.732886 3967.381318 3962.399512 3982.095636 3988.341027 4005.525292 4017.940607 4018.548703 0.000000 0.000000
0.000000 0.000000 6282.834894 6277.403721 6272.724528 6275.061763 6250.558468 6238.644932 6242.163475 6241.384274 6236.769642 6230.255135 6228.607082 6233.095329 6233.017440 6259.078071 6259.987108 6267.225711 6269.512489 0.000000 0.000000
0.000000 0.000000 7716.372979 7711.093446 7707.311604 7695.806619 7687.913138 7650.374103 7653.172593 7650.448558 7649.736378 7653.924535 7654.549916 7656.247864 7689.226272 7694.486234 7703.966868 7706.155137 7711.499189 0.000000 0.000000
0.000000 0.000000 9197.038228 9194.275461 9189.127325 9176.631818 9169.276745 9166.430805 9166.247365 9164.191918 9164.031654 9159.663213 9158.642234 9165.955949 9164.261046 9174.200559 9189.248215 9186.118187 9192.487996 0.000000 0.000000
0.000000 0.000000 11100.513073 11095.304558 11088.174791 11084.801872 11068.134571 11046.756597 11049.910407 11045.627436 11042.017318 11041.362406 11044.364469 11038.339187 11063.523278 11077.959492 11080.394897 11083.390119 11086.211563 0.000000 0.000000
0.000000 0.000000 13313.304296 13305.801415 13302.590955 13295.023611 13271.284161 13257.826931 13257.487886 13255.611822 13251.172412 13255.371404 13258.623336 13258.511609 13265.858044 13286.171320 13294.733844 13297.960048 13297.763635 0.000000 0.000000
0.000000 0.000000 15773.899015 15771.236964 15769.172545 15737.910156 15731.197085 15707.535331 15715.885288 15698.655512 15704.097755 15699.855783 15692.222775 15703.762607 15718.682475 15723.348929 15739.050001 15743.477514 15759.754669 0.000000 0.000000
0.000000 0.000000 18512.935790 18501.198521 18483.827339 18482.089261 18463.820577 18437.041296 18436.590162 18437.984976 18444.810505 18429.766699 18437.770632 18435.770288 18463.421859 18477.576607 18479.673647 18484.268966 18510.101072 0.000000 0.000000
0.000000 0.000000 21423.049646 21415.376280 21417.680510 21390.244391 21378.866377 21305.826061 21302.829390 21301.720831 21269.072982 21289.634733 21292.133961 21300.225933 21353.251035 21363.427103 21395.030096 21394.442676 21401.155841 0.000000 0.000000
0.000000 0.000000 24881.054953 24881.920294 24857.527977 24848.796087 24751.425980 24797.345702 24774.249012 24775.452826 24790.524209 24776.312151 24775.054290 24763.626609 24718.157657 24828.580819 24831.265868 24858.605541 24872.631202 0.000000 0.000000
0.000000 0.000000 28703.991746 28689.184850 28671.067927 28557.641949 28608.543432 28539.500866 28516.779579 28511.001973 28485.275230 28472.749451 28484.764890 28486.403062 28553.608784 28502.865881 28664.155834 28622.909642 28615.058970 0.000000 0.000000
0.000000 0.000000 32331.596710 32325.060695 32177.863422 32257.813580 32239.607112 32244.656636 32319.779007 32297.366163 32334.051481 32325.641326 32298.369860 32335.708703 32317.098713 32335.702440 32156.564770 32386.185303 32376.850948 0.000000 0.000000
0.000000 0.000000 35961.505183 35801.432006 35881.145736 35808.606509 35725.900284 35704.262332 35642.321581 35659.975804 35600.132490 35608.224257 35641.743538 35608.592381 35653.367028 35705.068765 35874.340630 35721.425487 35891.014480 0.000000 0.000000
0.000000 0.000000 36812.091420 36946.388577 37055.411207 37056.204689 37063.557403 36964.943915 36985.764262 36951.681562 37005.415943 36995.373901 36990.366236 37002.383533 37079.458141 37077.007314 37070.810038 36982.543553 36849.293978 0.000000 0.000000
0.000000 0.000000 0.000000 0.000000 0.000000 0.000000 0.000000 0.000000 0.000000 0.000000 0.000000 0.000000 0.000000 0.000000 0.000000 0.000000 0.000000 0.000000 0.000000 0.000000 0.000000
0.000000 0.000000 0.000000 0.000000 0.000000 0.000000 0.000000 0.000000 0.000000 0.000000 0.000000 0.000000 0.000000 0.000000 0.000000 0.000000 0.000000 0.000000 0.000000 0.000000 0.000000