geotop/1.0zi/1.0Montebello/Templates/testdem/maps/_Erotot4191.asc
ncols         21
nrows         20
xllcorner     100.000000
yllcorner     100.000000
cellsize      50.000000
NODATA_value  -9999.0
0.000000 0.000000 0.000000 0.000000 0.000000 0.000000 0.000000 0.000000 0.000000 0.000000 0.000000 0.000000 0.000000 0.000000 0.000000 0.000000 0.000000 0.000000 0.000000 0.000000 0.000000
0.000000 0.000000 321.014012 320.576953 320.385681 320.241227 320.270150 320.329810 320.367537 320.366021 320.352402 320.355798 320.357290 320.401072 320.267179 320.284091 320.455856 320.366064 320.456802 0.000000 0.000000
0.000000 0.000000 25.745590 26.297780 26.574419 27.281692 26.919352 26.935684 26.509034 26.439508 26.494196 26.868190 26.633972 26.463040 26.953155 26.713971 25.832804 25.266599 25.139435 0.000000 0.000000
0.000000 0.000000 138.974868 140.357923 133.280804 130.662751 131.429982 126.279896 125.449070 125.035570 124.274295 123.802153 124.925302 123.742435 126.623022 131.637357 132.368278 134.753063 137.446556 0.000000 0.000000
0.000000 0.000000 1312.846897 1315.803008 1321.616415 1316.344360 1309.979843 1306.038622 1309.626134 1304.113724 1307.546644 1311.076023 1309.543319 1305.459299 1309.673231 1306.495773 1307.051239 1308.571785 1309.289185 0.000000 0.000000
0.000000 0.000000 2484.297094 2477.510593 2470.859116 2467.531161 2462.135198 2457.641895 2455.881721 2457.714862 2457.428064 2453.597413 2449.218922 2449.624254 2450.609350 2463.597691 2469.644547 2470.080817 2473.741930 0.000000 0.000000
0.000000 0.000000 3080.841023 3075.955539 3071.431299 3065.253919 3056.785581 3042.438278 3043.608582 3040.213470 3043.240954 3042.946965 3045.567821 3047.425683 3060.952095 3067.825529 3075.060930 3079.227999 3081.867272 0.000000 0.000000
0.000000 0.000000 3525.487447 3525.299442 3525.707659 3521.562736 3521.248233 3517.852808 3518.865466 3519.310142 3516.865546 3517.875677 3515.855542 3513.563565 3515.974352 3519.614743 3521.107798 3520.118681 3521.565219 0.000000 0.000000
0.000000 0.000000 4134.566524 4133.499019 4129.843678 4129.071303 4125.458268 4116.479992 4117.042657 4115.091040 4115.769312 4116.027983 4114.974173 4114.667897 4119.494715 4126.935529 4126.829708 4128.001355 4131.699576 0.000000 0.000000
0.000000 0.000000 4825.671356 4823.437757 4822.449922 4819.226518 4811.729517 4807.360591 4809.143368 4808.241625 4808.304279 4808.288262 4806.972001 4804.386361 4810.962026 4817.055539 4819.392188 4820.154367 4821.590276 0.000000 0.000000
0.000000 0.000000 5554.809818 5552.436484 5549.760715 5548.154204 5546.936361 5537.195145 5537.813051 5535.271270 5535.559933 5536.285106 5534.776129 5533.422501 5537.483224 5539.904530 5544.263218 5546.150446 5549.259985 0.000000 0.000000
0.000000 0.000000 6312.038565 6310.079848 6307.089481 6300.980875 6297.098532 6289.744060 6289.082527 6288.571331 6288.705100 6287.828061 6287.065570 6285.981640 6294.298374 6299.916950 6303.173875 6304.075299 6320.861751 0.000000 0.000000
0.000000 0.000000 7068.210629 7065.618014 7062.386229 7060.132160 7054.180591 7036.972786 7037.553125 7035.831127 7035.758166 7036.192622 7034.253807 7033.657996 7047.506299 7055.186071 7058.141989 7059.496561 7061.908935 0.000000 0.000000
0.000000 0.000000 7873.767646 7870.323681 7866.846473 7863.486565 7847.131984 7854.710583 7849.660067 7848.614139 7849.020505 7849.080188 7847.546839 7846.340375 7840.596371 7857.263643 7860.802771 7865.691022 7865.745143 0.000000 0.000000
0.000000 0.000000 8730.864467 8725.079927 8719.752416 8709.523949 8707.552747 8692.618751 8685.403357 8683.779976 8679.743850 8679.004915 8679.599481 8676.251242 8685.946331 8693.814152 8713.075187 8708.874997 8710.312700 0.000000 0.000000
0.000000 0.000000 9579.648407 9578.464621 9558.957620 9562.099755 9562.820228 9562.124714 9564.827623 9564.704480 9567.342991 9567.125338 9563.678859 9567.108750 9564.230422 9563.090140 9552.948272 9573.693188 9578.119677 0.000000 0.000000
0.000000 0.000000 10540.429300 10519.050048 10509.998145 10503.282187 10490.760015 10485.199917 10484.012538 10483.260510 10479.842102 10479.963574 10479.474809 10475.914656 10479.517125 10494.836926 10507.211866 10507.947060 10529.165745 0.000000 0.000000
0.000000 0.000000 11258.242592 11259.518984 11277.072052 11268.433854 11263.508128 11244.598376 11243.567103 11240.900801 11242.305665 11241.879762 11239.946555 11239.662411 11256.988836 11265.279270 11276.326208 11253.392439 11256.260299 0.000000 0.000000
0.000000 0.000000 0.000000 0.000000 0.000000 0.000000 0.000000 0.000000 0.000000 0.000000 0.000000 0.000000 0.000000 0.000000 0.000000 0.000000 0.000000 0.000000 0.000000 0.000000 0.000000
0.000000 0.000000 0.000000 0.000000 0.000000 0.000000 0.000000 0.000000 0.000000 0.000000 0.000000 0.000000 0.000000 0.000000 0.000000 0.000000 0.000000 0.000000 0.000000 0.000000 0.000000