geotop/1.0zi/1.0Montebello/Templates/testdem/maps/_Erotot0050.asc
ncols         21
nrows         20
xllcorner     100.000000
yllcorner     100.000000
cellsize      50.000000
NODATA_value  -9999.0
0.000000 0.000000 0.000000 0.000000 0.000000 0.000000 0.000000 0.000000 0.000000 0.000000 0.000000 0.000000 0.000000 0.000000 0.000000 0.000000 0.000000 0.000000 0.000000 0.000000 0.000000
0.000000 0.000000 0.701565 0.701565 0.701565 0.701565 0.701565 0.701565 0.701565 0.701565 0.701565 0.701565 0.701565 0.701565 0.701565 0.701565 0.701565 0.701565 0.701565 0.000000 0.000000
0.000000 0.000000 2.902738 2.902610 2.902672 2.902683 2.902685 2.902685 2.902685 2.902685 2.902685 2.902685 2.902685 2.902685 2.902685 2.902683 2.902672 2.902610 2.902738 0.000000 0.000000
0.000000 0.000000 26.098860 26.098954 26.098924 26.098917 26.098915 26.098915 26.098915 26.098915 26.098915 26.098915 26.098915 26.098915 26.098915 26.098917 26.098924 26.098954 26.098860 0.000000 0.000000
0.000000 0.000000 30.004995 30.005014 30.004994 30.004993 30.004993 30.004993 30.004993 30.004993 30.004993 30.004993 30.004993 30.004993 30.004993 30.004993 30.004994 30.005014 30.004995 0.000000 0.000000
0.000000 0.000000 40.660363 40.660356 40.660371 40.660372 40.660372 40.660372 40.660372 40.660372 40.660372 40.660372 40.660372 40.660372 40.660372 40.660372 40.660371 40.660356 40.660363 0.000000 0.000000
0.000000 0.000000 51.949007 51.949002 51.949002 51.949002 51.949002 51.949002 51.949002 51.949002 51.949002 51.949002 51.949002 51.949002 51.949002 51.949002 51.949002 51.949002 51.949007 0.000000 0.000000
0.000000 0.000000 62.721102 62.721091 62.721084 62.721083 62.721083 62.721083 62.721083 62.721083 62.721083 62.721083 62.721083 62.721083 62.721083 62.721083 62.721084 62.721091 62.721102 0.000000 0.000000
0.000000 0.000000 73.033708 73.033690 73.033677 73.033675 73.033675 73.033675 73.033675 73.033675 73.033675 73.033675 73.033675 73.033675 73.033675 73.033675 73.033677 73.033690 73.033708 0.000000 0.000000
0.000000 0.000000 82.925659 82.925636 82.925616 82.925613 82.925613 82.925613 82.925613 82.925613 82.925613 82.925613 82.925613 82.925613 82.925613 82.925613 82.925616 82.925636 82.925659 0.000000 0.000000
0.000000 0.000000 92.515323 92.515293 92.515268 92.515265 92.515265 92.515265 92.515265 92.515265 92.515265 92.515265 92.515265 92.515265 92.515265 92.515265 92.515268 92.515293 92.515323 0.000000 0.000000
0.000000 0.000000 101.915784 101.915749 101.915718 101.915715 101.915715 101.915715 101.915715 101.915715 101.915715 101.915715 101.915715 101.915715 101.915715 101.915715 101.915718 101.915749 101.915784 0.000000 0.000000
0.000000 0.000000 111.076927 111.076887 111.076852 111.076848 111.076847 111.076847 111.076847 111.076847 111.076847 111.076847 111.076847 111.076847 111.076847 111.076848 111.076852 111.076887 111.076927 0.000000 0.000000
0.000000 0.000000 120.241678 120.241633 120.241593 120.241588 120.241588 120.241588 120.241588 120.241588 120.241588 120.241588 120.241588 120.241588 120.241588 120.241588 120.241593 120.241633 120.241678 0.000000 0.000000
0.000000 0.000000 128.928379 128.928327 128.928282 128.928277 128.928277 128.928277 128.928277 128.928277 128.928277 128.928277 128.928277 128.928277 128.928277 128.928277 128.928282 128.928327 128.928379 0.000000 0.000000
0.000000 0.000000 137.516483 137.516427 137.516378 137.516372 137.516372 137.516372 137.516372 137.516372 137.516372 137.516372 137.516372 137.516372 137.516372 137.516372 137.516378 137.516427 137.516482 0.000000 0.000000
0.000000 0.000000 146.127929 146.127814 146.127756 146.127750 146.127749 146.127749 146.127749 146.127749 146.127749 146.127749 146.127749 146.127749 146.127749 146.127750 146.127756 146.127811 146.127871 0.000000 0.000000
0.000000 0.000000 155.144065 155.142849 155.142588 155.142572 155.142571 155.142571 155.142571 155.142571 155.142571 155.142571 155.142571 155.142571 155.142571 155.142572 155.142581 155.142675 155.142800 0.000000 0.000000
0.000000 0.000000 0.000000 0.000000 0.000000 0.000000 0.000000 0.000000 0.000000 0.000000 0.000000 0.000000 0.000000 0.000000 0.000000 0.000000 0.000000 0.000000 0.000000 0.000000 0.000000
0.000000 0.000000 0.000000 0.000000 0.000000 0.000000 0.000000 0.000000 0.000000 0.000000 0.000000 0.000000 0.000000 0.000000 0.000000 0.000000 0.000000 0.000000 0.000000 0.000000 0.000000