geotop/1.0zi/1.0Montebello/Templates/testdem/maps/_Erotot5572.asc
ncols         21
nrows         20
xllcorner     100.000000
yllcorner     100.000000
cellsize      50.000000
NODATA_value  -9999.0
0.000000 0.000000 0.000000 0.000000 0.000000 0.000000 0.000000 0.000000 0.000000 0.000000 0.000000 0.000000 0.000000 0.000000 0.000000 0.000000 0.000000 0.000000 0.000000 0.000000 0.000000
0.000000 0.000000 422.952958 422.152084 421.970046 421.757903 421.715738 421.814608 421.764943 421.938219 421.847526 421.646922 421.586759 421.660221 421.770216 421.678182 421.875576 422.076598 422.493573 0.000000 0.000000
0.000000 0.000000 31.626628 32.286114 32.571888 33.735921 33.480549 33.240358 33.062523 32.840130 33.048660 33.399736 33.215165 32.976468 33.434220 33.203030 32.377255 31.543240 30.951867 0.000000 0.000000
0.000000 0.000000 183.504459 184.749796 177.117833 174.499186 176.018891 170.875556 170.395939 169.930689 169.250024 166.830780 169.557903 168.054317 171.163492 176.361331 176.311964 179.517963 182.953823 0.000000 0.000000
0.000000 0.000000 1723.746004 1728.423713 1734.745016 1716.811066 1701.922616 1691.138871 1693.784843 1691.160383 1694.661423 1699.145047 1695.329377 1693.117473 1703.334000 1702.293715 1709.585103 1716.581859 1717.805988 0.000000 0.000000
0.000000 0.000000 3103.402594 3097.422083 3094.664088 3090.385036 3082.910506 3075.848632 3074.231045 3074.160144 3073.426745 3071.112466 3068.639976 3070.837471 3069.879087 3084.890340 3089.679255 3092.946117 3095.499788 0.000000 0.000000
0.000000 0.000000 4106.634177 4104.111683 4101.137527 4096.766757 4084.004283 4068.111186 4068.233472 4064.843900 4066.580420 4069.339448 4071.236687 4072.272464 4091.483221 4100.587130 4105.356092 4106.996803 4112.210520 0.000000 0.000000
0.000000 0.000000 4734.912939 4736.295770 4735.585098 4729.449296 4729.099140 4722.276720 4722.871102 4723.282175 4722.118305 4719.740263 4719.402861 4722.878449 4722.499400 4724.568066 4732.763612 4731.000067 4734.056886 0.000000 0.000000
0.000000 0.000000 5567.987162 5565.356992 5561.548472 5562.736967 5556.392811 5546.257704 5546.774333 5544.206749 5541.849572 5543.068067 5544.200553 5538.960686 5551.538053 5558.990346 5560.997495 5561.791383 5563.245631 0.000000 0.000000
0.000000 0.000000 6533.141180 6530.810543 6533.201811 6532.797638 6518.428977 6511.726284 6513.194809 6512.341901 6510.403905 6513.515897 6516.381735 6514.691929 6517.370143 6527.036886 6530.741273 6530.907791 6531.627796 0.000000 0.000000
0.000000 0.000000 7573.020364 7573.241805 7573.627006 7559.834163 7557.522475 7547.237490 7550.809784 7541.911781 7544.392851 7543.509320 7538.807245 7545.900702 7549.680291 7550.475714 7556.940485 7562.684263 7569.880953 0.000000 0.000000
0.000000 0.000000 8656.370227 8651.925389 8647.417887 8645.960462 8642.385454 8628.135052 8627.292621 8626.418761 8633.069269 8626.185650 8628.088381 8627.525333 8642.116075 8644.706509 8646.029379 8646.507738 8665.525289 0.000000 0.000000
0.000000 0.000000 9749.971814 9748.108487 9749.340871 9742.285970 9738.581305 9713.741955 9712.626120 9712.350605 9698.472212 9707.219026 9711.000642 9712.791346 9727.190528 9730.424595 9743.921943 9743.263856 9750.109299 0.000000 0.000000
0.000000 0.000000 10945.824211 10947.232937 10940.869769 10940.067194 10914.962650 10922.817219 10912.775804 10914.200162 10915.385781 10915.081901 10913.569571 10910.183028 10900.241252 10927.090531 10932.299807 10942.500719 10949.369833 0.000000 0.000000
0.000000 0.000000 12231.288500 12226.395551 12223.951655 12202.800582 12202.204730 12187.802089 12175.451490 12174.054704 12169.467529 12163.564446 12166.457023 12164.611766 12178.134315 12181.560860 12219.255394 12210.922318 12211.145077 0.000000 0.000000
0.000000 0.000000 13545.304246 13544.739895 13512.974116 13511.849700 13516.932800 13509.639704 13525.618906 13518.355240 13523.851556 13519.551840 13514.722035 13522.399635 13525.561672 13524.702790 13506.424948 13552.505691 13545.760763 0.000000 0.000000
0.000000 0.000000 15030.431822 14992.579510 14990.428550 14982.329061 14959.601791 14953.825511 14946.545035 14949.563097 14937.050127 14937.295981 14941.595795 14941.822452 14951.740057 14960.463595 14988.524230 14984.101036 15027.283376 0.000000 0.000000
0.000000 0.000000 16087.707006 16097.090683 16137.601292 16131.627799 16118.177949 16085.459350 16086.494808 16073.564301 16084.011131 16082.262635 16087.910004 16082.863647 16110.967337 16121.764743 16143.696554 16102.160567 16092.441897 0.000000 0.000000
0.000000 0.000000 0.000000 0.000000 0.000000 0.000000 0.000000 0.000000 0.000000 0.000000 0.000000 0.000000 0.000000 0.000000 0.000000 0.000000 0.000000 0.000000 0.000000 0.000000 0.000000
0.000000 0.000000 0.000000 0.000000 0.000000 0.000000 0.000000 0.000000 0.000000 0.000000 0.000000 0.000000 0.000000 0.000000 0.000000 0.000000 0.000000 0.000000 0.000000 0.000000 0.000000