geotop/1.0zi/1.0Montebello/Templates/testdem/maps/_Erotot5064.asc
ncols         21
nrows         20
xllcorner     100.000000
yllcorner     100.000000
cellsize      50.000000
NODATA_value  -9999.0
0.000000 0.000000 0.000000 0.000000 0.000000 0.000000 0.000000 0.000000 0.000000 0.000000 0.000000 0.000000 0.000000 0.000000 0.000000 0.000000 0.000000 0.000000 0.000000 0.000000 0.000000
0.000000 0.000000 372.094555 371.190521 370.905015 370.710884 370.680087 370.687658 370.728203 370.888866 370.842680 370.715033 370.794768 370.869070 370.751204 370.799476 370.988242 370.957164 371.506561 0.000000 0.000000
0.000000 0.000000 29.330886 30.260825 30.703228 31.744087 31.260337 31.376508 31.056679 30.850909 30.923808 31.266074 30.929155 30.726301 31.332107 30.954590 30.136019 29.527373 28.877669 0.000000 0.000000
0.000000 0.000000 151.434592 152.792803 145.530806 143.565253 144.769785 140.043494 139.278618 139.375235 137.979664 136.842260 137.954042 136.506432 139.106055 143.900607 143.406312 146.768568 149.501640 0.000000 0.000000
0.000000 0.000000 1517.777391 1521.777212 1527.205981 1509.451113 1498.298672 1489.984698 1492.552581 1487.082873 1490.921557 1495.063169 1495.414232 1495.728176 1505.029780 1504.180594 1510.828726 1516.269992 1518.073240 0.000000 0.000000
0.000000 0.000000 2802.789881 2797.219396 2793.283625 2790.195912 2783.736618 2780.432480 2777.814033 2779.661689 2779.076218 2776.350803 2772.758520 2774.646454 2774.660999 2787.834947 2791.701673 2791.975214 2794.843939 0.000000 0.000000
0.000000 0.000000 3620.862101 3618.092137 3613.732612 3610.461338 3598.380154 3581.605604 3582.484357 3579.283935 3582.005704 3581.562357 3584.440843 3587.078599 3602.366786 3611.244245 3617.225142 3620.992947 3626.330946 0.000000 0.000000
0.000000 0.000000 4201.187688 4200.376431 4200.978800 4195.731882 4194.973492 4189.486717 4190.211128 4190.503012 4187.902297 4188.483331 4187.653196 4186.750456 4189.792158 4193.676929 4196.462882 4196.606394 4196.974100 0.000000 0.000000
0.000000 0.000000 4919.449756 4919.441977 4917.002253 4913.772156 4908.701348 4900.127858 4900.268843 4898.634730 4898.741233 4899.469421 4898.808983 4899.746423 4905.352660 4913.178352 4913.553945 4915.444392 4919.498517 0.000000 0.000000
0.000000 0.000000 5764.017830 5762.905139 5763.299186 5762.188556 5752.963190 5746.285096 5747.952378 5746.960524 5746.988911 5746.655407 5746.124132 5744.878165 5754.369594 5759.825058 5759.109785 5761.332010 5762.262647 0.000000 0.000000
0.000000 0.000000 6667.399246 6665.818098 6665.208952 6656.943638 6653.990638 6643.479475 6643.643189 6641.381953 6641.118441 6642.150549 6641.302229 6641.793015 6646.212007 6650.420862 6659.159892 6660.850889 6664.608456 0.000000 0.000000
0.000000 0.000000 7604.605994 7603.765047 7602.019502 7597.761688 7592.196009 7582.957444 7581.828605 7581.525459 7581.388915 7580.357948 7580.328546 7580.841882 7590.961695 7596.934439 7597.168346 7598.921587 7616.611745 0.000000 0.000000
0.000000 0.000000 8548.127169 8546.359253 8543.575573 8540.097067 8531.817030 8510.126417 8510.529533 8508.808993 8508.451898 8508.951828 8507.712089 8508.556498 8526.941015 8535.243564 8539.682629 8541.406994 8544.315123 0.000000 0.000000
0.000000 0.000000 9570.342460 9567.263180 9565.385795 9560.926089 9539.817829 9547.596947 9541.278139 9540.482171 9540.641060 9540.781683 9539.922011 9540.316135 9533.545790 9554.400110 9558.261711 9564.299256 9564.605650 0.000000 0.000000
0.000000 0.000000 10658.924761 10654.480157 10649.532217 10634.122384 10630.815281 10614.235117 10605.655844 10604.005735 10599.146920 10598.659302 10600.289911 10598.418878 10610.077390 10617.691274 10642.338806 10637.906120 10639.551158 0.000000 0.000000
0.000000 0.000000 11756.249183 11755.945005 11732.038228 11730.584404 11730.035173 11727.342745 11730.522600 11730.819960 11733.694349 11733.277312 11730.120145 11736.813068 11735.629426 11734.693239 11725.232531 11754.058905 11759.516051 0.000000 0.000000
0.000000 0.000000 12995.149060 12966.070087 12956.119934 12950.271955 12931.953555 12923.726601 12921.738175 12920.947751 12916.349755 12916.498918 12917.506830 12914.511722 12921.100139 12940.514779 12953.747480 12954.224716 12984.422749 0.000000 0.000000
0.000000 0.000000 13898.717820 13904.409361 13932.843654 13922.490630 13915.495806 13887.252241 13885.285755 13882.356354 13884.388642 13883.876556 13882.379151 13885.077054 13911.530619 13920.420040 13931.534010 13900.860994 13901.969153 0.000000 0.000000
0.000000 0.000000 0.000000 0.000000 0.000000 0.000000 0.000000 0.000000 0.000000 0.000000 0.000000 0.000000 0.000000 0.000000 0.000000 0.000000 0.000000 0.000000 0.000000 0.000000 0.000000
0.000000 0.000000 0.000000 0.000000 0.000000 0.000000 0.000000 0.000000 0.000000 0.000000 0.000000 0.000000 0.000000 0.000000 0.000000 0.000000 0.000000 0.000000 0.000000 0.000000 0.000000