geotop/1.0zi/1.0Montebello/Templates/testdem/maps/_Erotot8878.asc
ncols         21
nrows         20
xllcorner     100.000000
yllcorner     100.000000
cellsize      50.000000
NODATA_value  -9999.0
0.000000 0.000000 0.000000 0.000000 0.000000 0.000000 0.000000 0.000000 0.000000 0.000000 0.000000 0.000000 0.000000 0.000000 0.000000 0.000000 0.000000 0.000000 0.000000 0.000000 0.000000
0.000000 0.000000 702.461957 703.104909 702.541783 702.634143 701.622877 701.754722 701.837086 701.911196 702.292388 701.658324 701.547924 701.585919 701.985086 702.106400 702.923842 703.507876 703.661366 0.000000 0.000000
0.000000 0.000000 54.616236 53.654107 53.952468 53.881629 54.536969 54.171766 53.797821 53.661144 53.861735 54.190758 54.247959 54.363892 54.171260 53.728751 52.454455 51.602524 52.211983 0.000000 0.000000
0.000000 0.000000 429.596972 430.918691 418.014007 411.593711 411.014628 405.315450 410.294119 412.150959 408.340105 406.666549 410.118931 409.829856 418.147817 426.418086 430.259464 424.896714 431.861502 0.000000 0.000000
0.000000 0.000000 3850.478369 3847.415921 3848.419485 3815.905060 3792.662047 3780.443863 3774.885760 3767.549944 3776.559922 3783.424035 3781.957002 3777.213383 3796.547101 3800.832392 3816.421253 3827.879518 3827.597005 0.000000 0.000000
0.000000 0.000000 5912.557614 5907.079099 5901.459554 5903.187134 5881.288587 5868.936766 5872.530218 5872.351508 5868.058938 5861.987722 5860.255395 5864.365088 5864.373261 5889.087724 5890.357111 5896.410203 5898.802727 0.000000 0.000000
0.000000 0.000000 7325.830531 7320.695242 7317.756591 7307.022222 7298.357784 7265.911453 7266.286374 7263.713743 7263.474429 7267.782173 7268.348628 7269.359372 7301.861167 7307.639272 7315.948370 7318.412108 7323.316967 0.000000 0.000000
0.000000 0.000000 8694.298267 8692.278604 8688.748006 8676.861314 8671.227186 8667.709001 8668.576049 8666.632168 8666.979197 8662.804593 8661.635787 8669.093510 8667.284390 8675.761358 8689.879140 8686.008828 8691.975133 0.000000 0.000000
0.000000 0.000000 10463.459382 10459.242721 10452.882585 10450.535137 10435.711518 10417.189976 10420.132244 10416.043721 10413.152244 10412.714683 10415.525558 10409.429844 10433.160551 10446.911920 10448.285792 10450.417691 10453.740931 0.000000 0.000000
0.000000 0.000000 12511.311745 12504.767169 12504.533830 12498.332171 12475.334635 12464.724645 12464.309264 12463.022972 12459.308640 12463.668567 12466.684905 12466.448812 12473.450337 12491.897000 12499.359031 12501.756332 12500.751623 0.000000 0.000000
0.000000 0.000000 14775.035537 14773.616324 14771.532504 14744.073951 14738.161888 14718.036911 14726.359336 14709.377640 14715.483470 14711.750535 14704.285377 14715.135443 14729.142598 14732.454212 14747.328754 14750.925682 14765.486686 0.000000 0.000000
0.000000 0.000000 17273.042784 17264.530722 17251.137862 17248.593463 17232.912151 17210.548888 17209.022420 17211.918670 17218.194938 17205.528923 17212.500887 17210.693182 17236.321007 17248.466170 17248.822624 17252.725728 17277.332349 0.000000 0.000000
0.000000 0.000000 19912.688587 19903.899353 19908.335978 19885.678882 19876.859777 19812.264206 19809.988389 19808.971301 19780.602740 19798.991716 19801.405301 19808.554344 19856.251181 19864.638381 19893.965872 19891.258998 19898.069556 0.000000 0.000000
0.000000 0.000000 23023.500471 23026.136014 23006.537575 22999.586369 22914.708541 22952.316162 22933.085549 22934.455052 22947.395669 22936.207486 22935.180860 22924.749363 22888.719534 22984.184839 22986.778027 23010.623627 23023.147022 0.000000 0.000000
0.000000 0.000000 26508.897887 26495.674513 26481.412840 26383.374036 26421.770312 26368.478877 26346.736836 26342.360250 26321.597601 26309.981515 26319.913791 26320.639654 26375.706029 26339.027643 26478.921423 26442.245734 26435.701938 0.000000 0.000000
0.000000 0.000000 29991.143276 29985.912739 29851.308673 29915.553644 29904.378547 29904.614414 29972.835988 29951.673296 29984.929393 29976.470025 29952.152390 29986.711639 29976.308219 29989.462203 29836.561737 30044.508382 30034.656852 0.000000 0.000000
0.000000 0.000000 33810.022126 33636.302491 33714.184395 33640.436346 33551.205870 33530.237840 33467.699185 33486.048113 33424.508601 33432.897948 33467.535869 33433.343184 33479.922023 33536.057504 33710.123020 33559.023005 33742.107361 0.000000 0.000000
0.000000 0.000000 34697.344700 34868.986584 34998.746706 35004.981487 35020.758477 34904.319990 34932.870396 34891.941568 34960.259881 34948.108405 34939.285431 34956.732099 35048.174193 35039.523308 35021.879557 34923.318406 34753.431657 0.000000 0.000000
0.000000 0.000000 0.000000 0.000000 0.000000 0.000000 0.000000 0.000000 0.000000 0.000000 0.000000 0.000000 0.000000 0.000000 0.000000 0.000000 0.000000 0.000000 0.000000 0.000000 0.000000
0.000000 0.000000 0.000000 0.000000 0.000000 0.000000 0.000000 0.000000 0.000000 0.000000 0.000000 0.000000 0.000000 0.000000 0.000000 0.000000 0.000000 0.000000 0.000000 0.000000 0.000000