geotop/1.0zi/1.0Montebello/Templates/testdem/maps/_Erotot4682.asc
ncols         21
nrows         20
xllcorner     100.000000
yllcorner     100.000000
cellsize      50.000000
NODATA_value  -9999.0
0.000000 0.000000 0.000000 0.000000 0.000000 0.000000 0.000000 0.000000 0.000000 0.000000 0.000000 0.000000 0.000000 0.000000 0.000000 0.000000 0.000000 0.000000 0.000000 0.000000 0.000000
0.000000 0.000000 353.203329 352.742479 352.528242 352.358774 352.363418 352.403099 352.440933 352.440117 352.425582 352.428407 352.429448 352.472412 352.360397 352.400075 352.595446 352.528569 352.643768 0.000000 0.000000
0.000000 0.000000 27.869615 28.426323 28.816973 29.923557 29.414056 29.509939 29.103561 29.016036 29.059179 29.385095 29.132696 28.932296 29.454780 29.160016 28.259593 27.666637 27.499381 0.000000 0.000000
0.000000 0.000000 136.128468 137.397517 130.314856 127.935485 129.108715 124.127785 123.385255 123.048423 122.177031 121.611121 122.624911 121.219665 123.913973 128.905207 129.474252 131.738174 134.342077 0.000000 0.000000
0.000000 0.000000 1344.507877 1348.672513 1354.023482 1336.891234 1325.778797 1317.813786 1320.301732 1314.490585 1318.731411 1322.964333 1323.243548 1323.695925 1332.987537 1331.956726 1337.379690 1343.128033 1344.984703 0.000000 0.000000
0.000000 0.000000 2627.191057 2622.445371 2618.977317 2616.295134 2611.025660 2607.928520 2605.249362 2606.984042 2606.578142 2603.993805 2600.149439 2601.319952 2600.840563 2613.762703 2617.901722 2617.970537 2620.837816 0.000000 0.000000
0.000000 0.000000 3355.767912 3350.825845 3346.257181 3342.492728 3331.559208 3316.396975 3317.756553 3314.190868 3317.331575 3316.670384 3319.274744 3321.697834 3336.212605 3345.349430 3351.585091 3355.333826 3358.854398 0.000000 0.000000
0.000000 0.000000 3878.318301 3878.586348 3879.397861 3874.991465 3873.252466 3868.513966 3869.190252 3869.334171 3866.928655 3867.954628 3866.819965 3865.940785 3869.216554 3872.677937 3874.793068 3874.222346 3875.473656 0.000000 0.000000
0.000000 0.000000 4528.961125 4528.869224 4526.495763 4524.353048 4519.905440 4511.356726 4511.602463 4509.625205 4510.215955 4510.912984 4510.100139 4510.906338 4516.195146 4524.118641 4524.171239 4525.671858 4529.410376 0.000000 0.000000
0.000000 0.000000 5297.965412 5296.288861 5296.769130 5292.985555 5284.299066 5279.310753 5280.919553 5279.874924 5280.028212 5280.143769 5279.159602 5277.673507 5285.109320 5291.944221 5294.220827 5295.258580 5296.651839 0.000000 0.000000
0.000000 0.000000 6112.029072 6110.298988 6109.167908 6107.154092 6104.492372 6093.983864 6094.281288 6091.627741 6091.846827 6092.927890 6091.837750 6091.825784 6096.961250 6099.891205 6104.678581 6106.770753 6109.859950 0.000000 0.000000
0.000000 0.000000 6958.964600 6958.343248 6956.193241 6949.561923 6944.852632 6936.799858 6935.820855 6935.284776 6935.476619 6934.719811 6934.338770 6934.353906 6943.505653 6949.669078 6953.087823 6954.278263 6971.341431 0.000000 0.000000
0.000000 0.000000 7810.976734 7809.145091 7807.243664 7804.541316 7797.120100 7777.851165 7778.114431 7776.209196 7776.201854 7776.891263 7775.326624 7775.932137 7792.235473 7800.584312 7803.843841 7805.384448 7807.811767 0.000000 0.000000
0.000000 0.000000 8720.648286 8717.825264 8716.003672 8712.194319 8692.500718 8700.762798 8694.847778 8693.813754 8694.312735 8694.718714 8693.460157 8693.341230 8687.425284 8706.520924 8710.458152 8715.766179 8715.724055 0.000000 0.000000
0.000000 0.000000 9692.150700 9687.506688 9683.196087 9670.371439 9667.602096 9651.271208 9643.224350 9641.355237 9637.151347 9636.835753 9637.923980 9635.700272 9646.977668 9655.352929 9677.289573 9672.939437 9674.396139 0.000000 0.000000
0.000000 0.000000 10661.090908 10660.869434 10640.028127 10643.355993 10642.593425 10641.609603 10644.399005 10644.274093 10647.214579 10647.123794 10643.910999 10649.162056 10646.866634 10646.066915 10634.743256 10659.356875 10664.099589 0.000000 0.000000
0.000000 0.000000 11760.999193 11736.251007 11728.171033 11720.266150 11705.281408 11698.851834 11697.071805 11696.143765 11692.415238 11692.820017 11693.044420 11690.339332 11695.307603 11712.553075 11726.286841 11727.015407 11752.361873 0.000000 0.000000
0.000000 0.000000 12573.560206 12577.411666 12600.232574 12590.495033 12583.773445 12559.677676 12557.979196 12554.962927 12556.881879 12556.712151 12555.039093 12556.589727 12579.460294 12588.787809 12600.915249 12574.333978 12576.386996 0.000000 0.000000
0.000000 0.000000 0.000000 0.000000 0.000000 0.000000 0.000000 0.000000 0.000000 0.000000 0.000000 0.000000 0.000000 0.000000 0.000000 0.000000 0.000000 0.000000 0.000000 0.000000 0.000000
0.000000 0.000000 0.000000 0.000000 0.000000 0.000000 0.000000 0.000000 0.000000 0.000000 0.000000 0.000000 0.000000 0.000000 0.000000 0.000000 0.000000 0.000000 0.000000 0.000000 0.000000