geotop/1.0zi/1.0Montebello/Templates/testdem/maps/_Erotot8935.asc
ncols         21
nrows         20
xllcorner     100.000000
yllcorner     100.000000
cellsize      50.000000
NODATA_value  -9999.0
0.000000 0.000000 0.000000 0.000000 0.000000 0.000000 0.000000 0.000000 0.000000 0.000000 0.000000 0.000000 0.000000 0.000000 0.000000 0.000000 0.000000 0.000000 0.000000 0.000000 0.000000
0.000000 0.000000 713.889292 714.528176 713.961672 714.051356 713.036631 713.164770 713.247256 713.321357 713.702541 713.068499 712.958093 712.996067 713.398796 713.523392 714.343450 714.927932 715.084640 0.000000 0.000000
0.000000 0.000000 55.535311 54.574293 54.874069 54.801668 55.619869 55.287446 54.913770 54.776392 54.976798 55.306012 55.363344 55.479265 55.253262 54.649080 53.376372 52.528239 53.139719 0.000000 0.000000
0.000000 0.000000 429.779956 431.471683 418.189955 411.808687 411.117408 405.422004 410.400546 412.267361 408.468380 406.787716 410.246896 409.977057 418.318979 426.726795 430.580649 425.244099 432.167409 0.000000 0.000000
0.000000 0.000000 3911.771280 3906.258945 3905.704458 3872.613707 3848.925976 3836.266875 3830.717818 3823.288844 3832.189290 3839.115009 3837.574565 3832.643670 3852.152433 3856.573811 3872.203719 3883.442959 3883.532103 0.000000 0.000000
0.000000 0.000000 5969.232535 5963.997165 5958.708211 5960.515090 5938.529961 5926.139063 5929.725908 5929.556803 5925.273891 5919.197561 5917.470777 5921.598821 5921.671438 5946.511987 5947.773113 5953.841891 5956.196123 0.000000 0.000000
0.000000 0.000000 7392.229337 7386.876144 7383.709762 7372.889476 7364.180399 7331.527522 7331.902046 7329.311820 7329.056832 7333.373925 7333.928059 7334.914523 7367.589896 7373.372050 7381.700181 7384.137370 7389.098761 0.000000 0.000000
0.000000 0.000000 8778.371178 8775.965229 8772.106749 8760.084565 8754.325995 8750.746178 8751.616464 8749.647360 8749.979082 8745.810435 8744.621957 8752.058175 8750.266515 8758.804165 8772.961827 8769.048983 8775.092538 0.000000 0.000000
0.000000 0.000000 10568.192046 10563.465496 10556.623475 10554.150558 10539.142142 10520.431974 10523.383546 10519.254202 10516.330929 10515.906866 10518.700610 10512.546407 10536.419449 10550.270712 10551.672471 10553.756144 10557.179058 0.000000 0.000000
0.000000 0.000000 12641.766113 12634.599137 12633.856753 12627.473706 12604.224705 12593.418854 12592.998855 12591.682551 12587.924229 12592.317405 12595.322465 12595.032827 12602.155158 12620.740272 12628.258027 12630.600087 12629.688854 0.000000 0.000000
0.000000 0.000000 14936.211791 14934.123879 14931.448182 14903.663966 14897.574192 14877.163689 14885.542864 14868.414845 14874.532164 14870.788712 14863.235110 14874.111759 14888.287076 14891.662957 14906.633779 14910.192411 14924.952398 0.000000 0.000000
0.000000 0.000000 17471.357544 17462.018374 17447.868523 17445.182837 17429.176121 17406.471299 17404.889229 17407.843728 17414.128350 17401.365910 17408.398083 17406.456614 17432.428501 17444.761383 17445.112180 17448.941387 17473.872044 0.000000 0.000000
0.000000 0.000000 20152.371790 20142.701999 20146.546916 20123.464712 20114.402921 20048.568225 20046.295679 20045.199769 20016.377585 20035.113021 20037.482141 20044.680606 20093.238843 20101.765360 20131.475852 20128.647297 20135.458157 0.000000 0.000000
0.000000 0.000000 23316.361371 23318.144310 23297.446916 23290.325399 23203.433904 23242.397995 23222.829524 23224.217426 23237.609945 23226.083630 23224.937549 23214.191326 23176.987564 23274.455310 23276.862708 23301.040259 23313.885424 0.000000 0.000000
0.000000 0.000000 26856.496235 26842.095135 26826.912087 26726.346886 26766.774623 26711.803545 26689.948493 26685.392456 26663.988406 26652.323383 26662.497631 26663.257099 26719.813448 26680.953533 26823.947837 26786.142319 26779.450275 0.000000 0.000000
0.000000 0.000000 30369.763954 30363.635714 30226.145696 30293.186544 30281.080092 30282.193141 30351.692849 30330.333350 30364.404921 30356.062003 30331.084090 30366.107438 30354.623508 30368.427085 30210.726830 30422.554403 30412.813428 0.000000 0.000000
0.000000 0.000000 34174.550046 34001.092223 34079.915955 34005.797758 33917.168949 33896.270888 33833.210068 33851.679840 33789.964067 33798.442007 33833.214088 33798.664932 33845.144561 33900.757308 34075.540476 33922.295309 34104.641208 0.000000 0.000000
0.000000 0.000000 35046.493053 35213.644144 35340.530763 35346.317806 35361.433496 35247.419145 35275.249700 35235.103507 35301.890652 35290.039557 35281.509437 35298.357042 35387.785479 35379.479341 35362.720205 35265.468855 35099.442192 0.000000 0.000000
0.000000 0.000000 0.000000 0.000000 0.000000 0.000000 0.000000 0.000000 0.000000 0.000000 0.000000 0.000000 0.000000 0.000000 0.000000 0.000000 0.000000 0.000000 0.000000 0.000000 0.000000
0.000000 0.000000 0.000000 0.000000 0.000000 0.000000 0.000000 0.000000 0.000000 0.000000 0.000000 0.000000 0.000000 0.000000 0.000000 0.000000 0.000000 0.000000 0.000000 0.000000 0.000000