geotop/1.0zi/1.0Montebello/Templates/testdem/maps/_Erotot9903.asc
ncols         21
nrows         20
xllcorner     100.000000
yllcorner     100.000000
cellsize      50.000000
NODATA_value  -9999.0
0.000000 0.000000 0.000000 0.000000 0.000000 0.000000 0.000000 0.000000 0.000000 0.000000 0.000000 0.000000 0.000000 0.000000 0.000000 0.000000 0.000000 0.000000 0.000000 0.000000 0.000000
0.000000 0.000000 823.072902 823.224892 822.033383 821.629201 819.988312 819.521979 819.704265 819.694936 820.093840 819.533611 819.345164 819.387388 820.369572 820.978357 822.335104 823.511205 824.183788 0.000000 0.000000
0.000000 0.000000 62.154939 60.816539 61.127178 60.872349 61.706321 61.242062 60.805830 60.725266 60.909732 61.067624 61.285027 61.345311 61.209451 60.692152 59.645573 58.770332 59.531950 0.000000 0.000000
0.000000 0.000000 537.443851 541.251622 526.793022 519.333977 518.723076 510.690332 517.753493 519.706616 515.793386 516.704599 521.002421 520.426136 529.296648 539.834291 542.743388 541.283503 546.739095 0.000000 0.000000
0.000000 0.000000 4553.634869 4547.206424 4543.286440 4502.170134 4476.174804 4460.636840 4453.032072 4448.082163 4452.643708 4458.243163 4458.127407 4451.801394 4472.879367 4479.388493 4498.414432 4509.727585 4510.856431 0.000000 0.000000
0.000000 0.000000 6869.795550 6863.248170 6857.855907 6859.614467 6830.488302 6817.059391 6821.165682 6820.352632 6814.126641 6807.324677 6804.903692 6809.143298 6811.844739 6839.495803 6839.643178 6846.971566 6848.652428 0.000000 0.000000
0.000000 0.000000 8436.528545 8430.224640 8426.382480 8412.507960 8406.192206 8368.241388 8367.733575 8364.856112 8362.764658 8366.725701 8367.127393 8368.206906 8404.389186 8408.551576 8418.255760 8421.243544 8426.353824 0.000000 0.000000
0.000000 0.000000 10118.720077 10114.478704 10107.382771 10090.595533 10079.765394 10076.132934 10076.598456 10074.677149 10072.855294 10068.779614 10068.047681 10075.076840 10073.880637 10085.711024 10101.627758 10099.189530 10105.427408 0.000000 0.000000
0.000000 0.000000 12263.369725 12256.696664 12247.260440 12240.384426 12222.403021 12198.762163 12202.060320 12198.208902 12193.224691 12192.581659 12195.837715 12189.039959 12217.177843 12233.209424 12236.100738 12239.919041 12242.387994 0.000000 0.000000
0.000000 0.000000 14778.653040 14767.915499 14763.333171 14752.680562 14736.397398 14715.763357 14714.642305 14712.793774 14706.175675 14710.547206 14713.947757 14712.815009 14722.601078 14745.063963 14753.750765 14757.760669 14757.069474 0.000000 0.000000
0.000000 0.000000 17606.394578 17600.697628 17596.508023 17558.935400 17558.267124 17527.969728 17536.695238 17518.071490 17522.202967 17517.543384 17509.208756 17520.961719 17538.883584 17544.795487 17561.417805 17564.702174 17583.909890 0.000000 0.000000
0.000000 0.000000 20797.122539 20780.507039 20758.805780 20754.787504 20741.350560 20705.919230 20704.186819 20706.803185 20711.992970 20695.126151 20703.811243 20699.750115 20732.922630 20750.070559 20752.337269 20758.608931 20785.749750 0.000000 0.000000
0.000000 0.000000 24210.179227 24198.193798 24199.685402 24175.004838 24153.550156 24068.930484 24063.173234 24060.604338 24017.769313 24045.757028 24046.914469 24055.351586 24120.321652 24130.484715 24169.072046 24168.322005 24172.363552 0.000000 0.000000
0.000000 0.000000 28277.360455 28276.065437 28243.472316 28226.361705 28109.792111 28177.875685 28148.032435 28149.869390 28170.926709 28149.373474 28147.717632 28130.872583 28066.289651 28203.061151 28201.596783 28235.294806 28251.698055 0.000000 0.000000
0.000000 0.000000 32504.050058 32490.900838 32471.729574 32336.905633 32419.027464 32326.607838 32306.830002 32298.902508 32264.345383 32253.855224 32267.682605 32270.810775 32353.896145 32268.394710 32456.389306 32405.755838 32393.073706 0.000000 0.000000
0.000000 0.000000 35911.302719 35903.609607 35766.455565 35856.814602 35832.395474 35844.891769 35916.338401 35896.396098 35932.349378 35926.050690 35898.862909 35932.622717 35907.263456 35936.898913 35745.921801 35967.865548 35959.125565 0.000000 0.000000
0.000000 0.000000 38711.226825 38604.158875 38660.754438 38614.342334 38557.204318 38555.479165 38514.916891 38527.613834 38487.632190 38493.670097 38515.392096 38494.535808 38513.503163 38546.145146 38655.074417 38552.569532 38666.509431 0.000000 0.000000
0.000000 0.000000 39628.554439 39693.834738 39774.755411 39768.848253 39764.602460 39700.971839 39708.109290 39688.637652 39714.534947 39709.854084 39711.403781 39712.509377 39765.400577 39771.613617 39782.102061 39704.979127 39641.207818 0.000000 0.000000
0.000000 0.000000 0.000000 0.000000 0.000000 0.000000 0.000000 0.000000 0.000000 0.000000 0.000000 0.000000 0.000000 0.000000 0.000000 0.000000 0.000000 0.000000 0.000000 0.000000 0.000000
0.000000 0.000000 0.000000 0.000000 0.000000 0.000000 0.000000 0.000000 0.000000 0.000000 0.000000 0.000000 0.000000 0.000000 0.000000 0.000000 0.000000 0.000000 0.000000 0.000000 0.000000