geotop/1.0zi/1.0Montebello/Templates/testdem/maps/_Erotot6237.asc
ncols         21
nrows         20
xllcorner     100.000000
yllcorner     100.000000
cellsize      50.000000
NODATA_value  -9999.0
0.000000 0.000000 0.000000 0.000000 0.000000 0.000000 0.000000 0.000000 0.000000 0.000000 0.000000 0.000000 0.000000 0.000000 0.000000 0.000000 0.000000 0.000000 0.000000 0.000000 0.000000
0.000000 0.000000 489.433958 490.299598 490.043147 490.320369 489.776543 489.836743 489.790727 489.958805 490.360227 489.663117 489.592443 489.684709 489.834832 489.750753 490.460567 490.678400 490.646906 0.000000 0.000000
0.000000 0.000000 37.044353 35.902137 35.982272 36.130412 36.376350 36.188488 36.005707 35.787476 36.033421 36.366036 36.180497 36.392575 36.269419 36.005380 34.708917 33.931994 34.640723 0.000000 0.000000
0.000000 0.000000 198.569970 200.593669 191.297836 189.329620 189.735934 184.798758 184.318395 183.901975 182.263688 180.268203 182.765504 180.503182 185.223130 191.050210 192.529862 193.850177 198.882129 0.000000 0.000000
0.000000 0.000000 1971.331273 1975.021801 1979.699594 1958.669055 1943.791335 1932.109649 1934.750902 1931.743824 1935.584989 1940.271163 1936.960576 1935.573763 1945.733789 1946.558389 1954.901508 1963.399731 1964.606653 0.000000 0.000000
0.000000 0.000000 3503.518090 3498.123016 3494.995715 3490.231384 3480.149077 3472.359292 3470.877840 3470.411281 3468.651083 3466.038614 3463.072786 3465.734587 3467.897310 3484.266805 3489.557905 3494.099206 3496.551122 0.000000 0.000000
0.000000 0.000000 4664.568197 4661.976711 4658.407503 4653.741101 4640.793067 4623.731732 4623.285332 4619.842301 4621.708761 4624.557522 4626.623547 4627.654021 4648.215447 4657.881406 4662.610717 4664.176283 4669.666678 0.000000 0.000000
0.000000 0.000000 5355.836167 5357.073346 5355.317856 5348.304897 5347.574429 5339.949264 5340.499278 5340.930634 5339.609162 5337.021192 5336.741410 5340.747799 5341.549228 5344.459573 5353.589830 5351.901155 5355.773185 0.000000 0.000000
0.000000 0.000000 6328.734194 6325.701352 6320.709159 6321.354397 6314.019737 6302.849172 6303.452695 6300.339405 6297.931720 6298.848080 6299.916686 6295.158505 6309.451017 6318.115290 6320.935037 6322.180685 6324.226863 0.000000 0.000000
0.000000 0.000000 7453.481122 7450.936455 7452.426756 7450.946178 7435.177624 7427.777650 7428.751282 7427.994488 7425.741512 7428.778604 7432.227323 7430.368085 7434.684335 7446.056210 7450.534283 7451.062615 7452.328477 0.000000 0.000000
0.000000 0.000000 8667.979993 8668.145096 8667.138979 8652.044398 8649.217529 8637.654938 8641.590341 8631.768760 8634.280668 8633.312754 8628.293991 8636.227546 8641.456689 8643.139550 8650.862468 8656.898379 8665.213319 0.000000 0.000000
0.000000 0.000000 9944.706239 9940.212560 9934.249931 9931.842299 9926.749001 9911.294247 9909.905197 9909.293388 9915.725348 9908.242960 9910.358209 9910.270155 9927.190115 9931.197132 9933.091821 9934.226963 9954.642301 0.000000 0.000000
0.000000 0.000000 11242.768132 11239.811648 11240.480950 11231.956777 11227.612968 11198.111604 11196.537808 11196.059823 11180.790370 11190.220176 11194.117165 11196.743528 11215.432366 11219.832590 11235.510771 11234.784734 11242.534224 0.000000 0.000000
0.000000 0.000000 12669.780490 12670.999812 12662.895876 12660.932945 12630.289217 12638.820912 12627.927999 12629.283438 12630.446255 12630.035748 12628.110824 12624.673592 12614.828301 12648.474397 12654.506377 12666.090608 12674.044509 0.000000 0.000000
0.000000 0.000000 14221.707863 14216.826358 14212.501048 14184.036603 14183.756835 14166.850377 14153.170678 14151.254681 14145.789922 14138.654159 14142.687397 14141.068193 14157.969609 14161.507344 14208.151525 14198.635163 14199.424670 0.000000 0.000000
0.000000 0.000000 15825.173762 15824.184949 15781.977791 15782.411402 15787.263431 15779.357620 15798.400507 15789.813845 15796.997824 15791.654455 15785.509882 15796.183426 15800.442928 15799.903936 15776.217352 15835.076768 15828.489527 0.000000 0.000000
0.000000 0.000000 17663.172884 17610.583344 17609.101959 17596.675777 17566.814811 17559.464038 17549.315746 17553.095083 17536.419627 17537.367361 17543.765458 17542.263768 17555.948152 17570.447038 17607.690280 17598.333620 17657.544232 0.000000 0.000000
0.000000 0.000000 18886.270406 18906.264275 18960.926734 18953.215416 18939.196948 18894.326879 18895.666122 18879.647683 18894.269142 18891.639045 18897.251946 18893.740343 18933.641891 18945.268554 18970.627772 18915.497797 18896.142752 0.000000 0.000000
0.000000 0.000000 0.000000 0.000000 0.000000 0.000000 0.000000 0.000000 0.000000 0.000000 0.000000 0.000000 0.000000 0.000000 0.000000 0.000000 0.000000 0.000000 0.000000 0.000000 0.000000
0.000000 0.000000 0.000000 0.000000 0.000000 0.000000 0.000000 0.000000 0.000000 0.000000 0.000000 0.000000 0.000000 0.000000 0.000000 0.000000 0.000000 0.000000 0.000000 0.000000 0.000000