geotop/1.0zi/1.0Montebello/Templates/testdem/maps/_Erotot5557.asc
ncols         21
nrows         20
xllcorner     100.000000
yllcorner     100.000000
cellsize      50.000000
NODATA_value  -9999.0
0.000000 0.000000 0.000000 0.000000 0.000000 0.000000 0.000000 0.000000 0.000000 0.000000 0.000000 0.000000 0.000000 0.000000 0.000000 0.000000 0.000000 0.000000 0.000000 0.000000 0.000000
0.000000 0.000000 415.918111 415.120314 414.941881 414.733316 414.691721 414.791350 414.742248 414.914095 414.825833 414.626678 414.567268 414.635887 414.742887 414.647726 414.843994 415.045182 415.456719 0.000000 0.000000
0.000000 0.000000 31.055721 31.714108 31.997328 33.160328 32.907674 32.671389 32.493062 32.272070 32.477202 32.826234 32.641527 32.410023 32.868991 32.640155 31.812778 30.976118 30.388577 0.000000 0.000000
0.000000 0.000000 176.460739 177.848699 170.418236 167.843404 169.461577 164.313475 163.833055 163.365559 162.691472 160.276814 163.000353 161.394409 164.491089 169.501714 169.314616 172.465310 175.780706 0.000000 0.000000
0.000000 0.000000 1697.628641 1702.208628 1708.447797 1690.546963 1675.650316 1664.907312 1667.554257 1664.918263 1668.420558 1672.910372 1669.088193 1666.921248 1677.099007 1676.111919 1683.417827 1690.453670 1691.688737 0.000000 0.000000
0.000000 0.000000 3081.314449 3075.339447 3072.600962 3068.331804 3060.921928 3053.897525 3052.281577 3052.205503 3051.472690 3049.162550 3046.684630 3048.873651 3047.874826 3062.817695 3067.585630 3070.852143 3073.382982 0.000000 0.000000
0.000000 0.000000 4080.955279 4078.443774 4075.500348 4071.147748 4058.411032 4042.584167 4042.709809 4039.314123 4041.050513 4043.814970 4045.707916 4046.728964 4065.863388 4074.936305 4079.689625 4081.328952 4086.511749 0.000000 0.000000
0.000000 0.000000 4704.162597 4705.556067 4704.878182 4698.766882 4698.447401 4691.641579 4692.238665 4692.643456 4691.480558 4689.109058 4688.766267 4692.224371 4691.821031 4693.850650 4702.007735 4700.244214 4703.267944 0.000000 0.000000
0.000000 0.000000 5531.640837 5529.024670 5525.255404 5526.464267 5520.154327 5510.048173 5510.565536 5507.993592 5505.639695 5506.862238 5507.988229 5502.736526 5515.274753 5522.680381 5524.645622 5525.439042 5526.856669 0.000000 0.000000
0.000000 0.000000 6490.630931 6488.313868 6490.738166 6490.357753 6476.037197 6469.362442 6470.832104 6469.971105 6468.036776 6471.150629 6474.007263 6472.302902 6474.947062 6484.561034 6488.219453 6488.388147 6489.069445 0.000000 0.000000
0.000000 0.000000 7523.795368 7524.027317 7524.448076 7510.702106 7508.421036 7498.173933 7501.743538 7492.851730 7495.328918 7494.454938 7489.754308 7496.818218 7500.560863 7501.314970 7507.731985 7513.464183 7520.613150 0.000000 0.000000
0.000000 0.000000 8600.468630 8596.046250 8591.585705 8590.148798 8586.607317 8572.400818 8571.567725 8570.683068 8577.321867 8570.458138 8572.348689 8571.774558 8586.303685 8588.849668 8590.138082 8590.618402 8609.565619 0.000000 0.000000
0.000000 0.000000 9686.664688 9684.815436 9686.079522 9679.063157 9675.396673 9650.712061 9649.602700 9649.317690 9635.485210 9644.207396 9647.973322 9649.739387 9664.009170 9667.192825 9680.609133 9679.955244 9686.760230 0.000000 0.000000
0.000000 0.000000 10873.731152 10875.149110 10868.845106 10868.064655 10843.174228 10850.922347 10840.921145 10842.326811 10843.498048 10843.211807 10841.700313 10838.311015 10828.454824 10855.072395 10860.229329 10870.393142 10877.204967 0.000000 0.000000
0.000000 0.000000 12149.325686 12144.451174 12142.074517 12121.173299 12120.483865 12106.139484 12093.836785 12092.438930 12087.878049 12082.010748 12084.872207 12083.020549 12096.478070 12099.957236 12137.315862 12129.046002 12129.235530 0.000000 0.000000
0.000000 0.000000 13452.868036 13452.319533 13420.915397 13419.640898 13424.683115 13417.362910 13433.217630 13425.967499 13431.405630 13427.132093 13422.348851 13429.930445 13433.115813 13432.300055 13414.300439 13459.925242 13453.158282 0.000000 0.000000
0.000000 0.000000 14925.211292 14887.877868 14885.627853 14877.610724 14855.084720 14849.331593 14842.138870 14845.118710 14832.726535 14832.962271 14837.185564 14837.460363 14847.298063 14855.873982 14883.639703 14879.496064 14922.106716 0.000000 0.000000
0.000000 0.000000 15976.055530 15984.987228 16024.904982 16018.932796 16005.516330 15973.176880 15974.198525 15961.352468 15971.649453 15969.926333 15975.563697 15970.476388 15998.235655 16008.997323 16030.813188 15989.895272 15980.557179 0.000000 0.000000
0.000000 0.000000 0.000000 0.000000 0.000000 0.000000 0.000000 0.000000 0.000000 0.000000 0.000000 0.000000 0.000000 0.000000 0.000000 0.000000 0.000000 0.000000 0.000000 0.000000 0.000000
0.000000 0.000000 0.000000 0.000000 0.000000 0.000000 0.000000 0.000000 0.000000 0.000000 0.000000 0.000000 0.000000 0.000000 0.000000 0.000000 0.000000 0.000000 0.000000 0.000000 0.000000