geotop/1.0zi/1.0Montebello/Templates/testdem/maps/_Erotot8511.asc
ncols         21
nrows         20
xllcorner     100.000000
yllcorner     100.000000
cellsize      50.000000
NODATA_value  -9999.0
0.000000 0.000000 0.000000 0.000000 0.000000 0.000000 0.000000 0.000000 0.000000 0.000000 0.000000 0.000000 0.000000 0.000000 0.000000 0.000000 0.000000 0.000000 0.000000 0.000000 0.000000
0.000000 0.000000 686.578038 687.396437 686.831803 686.924504 685.902578 686.058978 686.044809 686.121233 686.496870 685.872510 685.754380 685.802488 686.177867 686.334707 687.174665 687.726741 687.945128 0.000000 0.000000
0.000000 0.000000 53.444666 52.442269 52.701720 52.775771 53.415519 53.061453 52.767440 52.622779 52.843760 53.156635 53.224366 53.326457 53.163764 52.649563 51.373944 50.518312 51.041194 0.000000 0.000000
0.000000 0.000000 354.129615 355.303176 342.970810 337.730706 338.297716 326.996176 327.092872 327.923094 324.270928 322.464922 324.620353 324.808692 334.982100 342.069355 346.672178 349.574305 354.797122 0.000000 0.000000
0.000000 0.000000 3483.218470 3480.367040 3481.441009 3454.246676 3431.551231 3421.602952 3420.787820 3414.859777 3423.851655 3431.060166 3430.261622 3425.284769 3441.514769 3443.637412 3457.003946 3465.588888 3466.465823 0.000000 0.000000
0.000000 0.000000 5579.895469 5576.015689 5571.089794 5566.421149 5550.819521 5540.249280 5541.882314 5540.560193 5536.750775 5530.806122 5529.251169 5533.107046 5532.598737 5554.243337 5560.427540 5566.500093 5569.185362 0.000000 0.000000
0.000000 0.000000 6908.879066 6904.223318 6901.833241 6894.196498 6879.890501 6854.608389 6853.868121 6851.334231 6851.352510 6855.941645 6856.611845 6857.476457 6886.704472 6896.571825 6902.253499 6905.624390 6910.711874 0.000000 0.000000
0.000000 0.000000 8164.179512 8164.279280 8160.805499 8149.601701 8147.122761 8137.918118 8138.149159 8135.880646 8136.200382 8132.156583 8130.952693 8137.868966 8139.916187 8145.006996 8158.642565 8156.535114 8162.212687 0.000000 0.000000
0.000000 0.000000 9806.587829 9801.161223 9794.801221 9793.951854 9780.285134 9763.815654 9765.816745 9762.057512 9759.467638 9759.276425 9762.034561 9755.797135 9775.994222 9790.486552 9792.447396 9796.659695 9798.538214 0.000000 0.000000
0.000000 0.000000 11689.511833 11685.025524 11684.788001 11680.372590 11658.126746 11647.564277 11646.581279 11646.295445 11642.493319 11647.015512 11649.953357 11649.396880 11656.749984 11672.825911 11680.749848 11683.315896 11683.943391 0.000000 0.000000
0.000000 0.000000 13766.521448 13766.030825 13763.775321 13738.949409 13733.568134 13713.975098 13722.339712 13705.903272 13712.276803 13709.104903 13702.089547 13712.198294 13724.294441 13726.543460 13741.205092 13747.866471 13760.158718 0.000000 0.000000
0.000000 0.000000 16037.666807 16027.077371 16017.879654 16015.879780 16001.382671 15981.638741 15975.405632 15978.370894 15984.787443 15973.214505 15979.561764 15977.852117 16002.390237 16013.776070 16015.864057 16021.285912 16045.317857 0.000000 0.000000
0.000000 0.000000 18423.960977 18417.230439 18420.311157 18400.868256 18394.271129 18336.058748 18333.919155 18333.563889 18308.063510 18324.789433 18327.321755 18333.444151 18375.054363 18381.625872 18409.606642 18407.754872 18416.285197 0.000000 0.000000
0.000000 0.000000 21198.979492 21202.075499 21185.491717 21179.886491 21107.328656 21134.730866 21117.569071 21118.073277 21128.431881 21119.683226 21119.053305 21109.821056 21082.502673 21162.487472 21166.851552 21191.721664 21202.668789 0.000000 0.000000
0.000000 0.000000 24331.341366 24320.539781 24308.273551 24225.700759 24250.059721 24207.418987 24184.991679 24181.660306 24164.914402 24154.332457 24162.490187 24162.154658 24208.443598 24185.232425 24304.337575 24277.680495 24273.562660 0.000000 0.000000
0.000000 0.000000 27551.085747 27546.418340 27429.009063 27476.302092 27472.096229 27466.320805 27522.503629 27504.036627 27532.427910 27523.960136 27503.940208 27533.750376 27529.856280 27533.905869 27416.852665 27596.719441 27587.807400 0.000000 0.000000
0.000000 0.000000 31293.943389 31126.289719 31188.154123 31124.028164 31037.536747 31016.960194 30962.365973 30977.843028 30921.525447 30929.111363 30960.173964 30930.243356 30973.502650 31029.438435 31184.133411 31058.779995 31237.305505 0.000000 0.000000
0.000000 0.000000 32345.528193 32518.953995 32656.980107 32664.125882 32679.115321 32555.941995 32582.508330 32540.122604 32609.994034 32597.809498 32589.363745 32606.603060 32705.725146 32695.714629 32682.975931 32578.654870 32406.122038 0.000000 0.000000
0.000000 0.000000 0.000000 0.000000 0.000000 0.000000 0.000000 0.000000 0.000000 0.000000 0.000000 0.000000 0.000000 0.000000 0.000000 0.000000 0.000000 0.000000 0.000000 0.000000 0.000000
0.000000 0.000000 0.000000 0.000000 0.000000 0.000000 0.000000 0.000000 0.000000 0.000000 0.000000 0.000000 0.000000 0.000000 0.000000 0.000000 0.000000 0.000000 0.000000 0.000000 0.000000