geotop/1.0zi/1.0Montebello/Templates/testdem/maps/_Erotot5556.asc
ncols         21
nrows         20
xllcorner     100.000000
yllcorner     100.000000
cellsize      50.000000
NODATA_value  -9999.0
0.000000 0.000000 0.000000 0.000000 0.000000 0.000000 0.000000 0.000000 0.000000 0.000000 0.000000 0.000000 0.000000 0.000000 0.000000 0.000000 0.000000 0.000000 0.000000 0.000000 0.000000
0.000000 0.000000 415.918111 415.120314 414.941881 414.733316 414.691721 414.791350 414.742248 414.914095 414.825833 414.626678 414.567268 414.635887 414.742887 414.647726 414.843994 415.045182 415.456719 0.000000 0.000000
0.000000 0.000000 31.055721 31.714108 31.997328 33.160328 32.907674 32.671389 32.493062 32.272070 32.477202 32.826234 32.641527 32.410023 32.868991 32.640155 31.812778 30.976118 30.388577 0.000000 0.000000
0.000000 0.000000 176.460739 177.848699 170.418236 167.843404 169.461577 164.313475 163.833055 163.365559 162.691472 160.276814 163.000353 161.394409 164.491089 169.501714 169.314616 172.465310 175.780706 0.000000 0.000000
0.000000 0.000000 1697.628641 1702.208628 1708.447797 1690.546963 1675.650316 1664.907312 1667.554257 1664.918263 1668.420558 1672.910372 1669.088193 1666.921248 1677.099007 1676.111919 1683.417827 1690.453670 1691.688737 0.000000 0.000000
0.000000 0.000000 3081.314449 3075.339447 3072.600962 3068.331804 3060.921928 3053.897525 3052.281577 3052.205503 3051.472690 3049.162550 3046.684630 3048.873651 3047.874826 3062.817695 3067.585630 3070.852143 3073.382982 0.000000 0.000000
0.000000 0.000000 4080.955279 4078.443773 4075.500348 4071.147747 4058.411031 4042.584167 4042.709809 4039.314123 4041.050513 4043.814970 4045.707915 4046.728964 4065.863387 4074.936304 4079.689625 4081.328951 4086.511748 0.000000 0.000000
0.000000 0.000000 4704.162159 4705.555628 4704.877751 4698.766462 4698.446989 4691.641178 4692.238267 4692.643052 4691.480154 4689.108658 4688.765862 4692.223966 4691.820607 4693.850218 4702.007284 4700.243767 4703.267479 0.000000 0.000000
0.000000 0.000000 5531.635474 5529.019297 5525.250079 5526.459013 5520.149110 5510.043016 5510.560392 5507.988410 5505.634513 5506.857083 5507.983047 5502.731338 5515.269464 5522.675050 5524.640183 5525.433626 5526.851137 0.000000 0.000000
0.000000 0.000000 6490.610190 6488.293102 6490.717506 6490.337260 6476.016787 6469.342155 6470.811849 6469.950760 6468.016431 6471.130345 6473.986918 6472.282543 6474.926478 6484.540359 6488.198528 6488.367283 6489.048297 0.000000 0.000000
0.000000 0.000000 7523.745529 7523.977438 7524.398364 7510.652678 7508.371729 7498.124823 7501.694487 7492.802528 7495.279712 7494.405842 7489.705111 7496.768999 7500.511273 7501.265242 7507.681865 7513.414144 7520.562656 0.000000 0.000000
0.000000 0.000000 8600.374295 8595.951879 8591.491565 8590.055050 8586.513714 8572.307505 8571.474513 8570.589628 8577.228433 8570.364849 8572.255248 8571.681099 8586.209665 8588.755492 8590.043346 8590.523801 8609.470346 0.000000 0.000000
0.000000 0.000000 9686.510266 9684.660940 9685.925303 9678.909436 9675.243122 9650.559397 9649.450156 9649.164880 9635.332454 9644.054778 9647.820516 9649.586531 9663.855186 9667.038633 9680.454175 9679.800475 9686.604598 0.000000 0.000000
0.000000 0.000000 10873.497733 10874.915573 10868.611958 10867.832064 10842.942700 10850.691375 10840.690328 10842.095672 10843.266859 10842.980883 10841.469183 10838.079858 10828.222768 10854.839225 10859.995307 10870.159275 10876.970044 0.000000 0.000000
0.000000 0.000000 12148.991419 12144.116814 12141.740623 12120.841260 12120.152350 12105.808535 12093.506084 12092.107869 12087.547038 12081.680083 12084.541209 12082.689532 12096.146035 12099.624637 12136.980910 12128.711452 12128.899828 0.000000 0.000000
0.000000 0.000000 13452.410582 13451.861965 13420.460197 13419.186634 13424.229109 13416.909534 13432.764110 13425.513607 13430.951577 13426.678419 13421.895019 13429.476346 13432.660623 13431.844664 13413.844086 13459.466890 13452.698622 0.000000 0.000000
0.000000 0.000000 14924.601264 14887.270704 14885.021743 14877.005921 14854.481164 14848.729325 14841.537029 14844.516291 14832.124515 14832.360450 14836.583298 14836.858240 14846.693991 14855.268890 14883.032220 14878.888845 14921.494808 0.000000 0.000000
0.000000 0.000000 15975.318086 15984.249229 16024.165361 16018.194585 16004.779271 15972.442951 15973.464711 15960.618517 15970.914944 15969.192285 15974.829234 15969.741846 15997.497572 16008.258138 16030.071664 15989.156239 15979.816905 0.000000 0.000000
0.000000 0.000000 0.000000 0.000000 0.000000 0.000000 0.000000 0.000000 0.000000 0.000000 0.000000 0.000000 0.000000 0.000000 0.000000 0.000000 0.000000 0.000000 0.000000 0.000000 0.000000
0.000000 0.000000 0.000000 0.000000 0.000000 0.000000 0.000000 0.000000 0.000000 0.000000 0.000000 0.000000 0.000000 0.000000 0.000000 0.000000 0.000000 0.000000 0.000000 0.000000 0.000000