geotop/1.0zi/1.0Montebello/Templates/testdem/maps/_Erotot6658.asc
ncols         21
nrows         20
xllcorner     100.000000
yllcorner     100.000000
cellsize      50.000000
NODATA_value  -9999.0
0.000000 0.000000 0.000000 0.000000 0.000000 0.000000 0.000000 0.000000 0.000000 0.000000 0.000000 0.000000 0.000000 0.000000 0.000000 0.000000 0.000000 0.000000 0.000000 0.000000 0.000000
0.000000 0.000000 506.115861 506.930120 506.607516 506.871406 506.281951 506.294939 506.254405 506.417730 506.825479 506.166417 506.057233 506.150293 506.401594 506.341312 507.050974 507.292178 507.332067 0.000000 0.000000
0.000000 0.000000 38.616573 37.486841 37.578894 37.723915 37.966051 37.804970 37.618317 37.404675 37.643791 37.903301 37.790295 38.001712 37.768383 37.557027 36.301176 35.529272 36.205451 0.000000 0.000000
0.000000 0.000000 221.822172 224.705216 214.595974 212.193479 212.432968 207.278319 206.799464 206.321476 204.696431 202.644759 205.292389 203.156004 208.036780 213.894023 215.870268 217.276185 222.269715 0.000000 0.000000
0.000000 0.000000 2127.607976 2130.947729 2135.710442 2115.195141 2100.749353 2088.035364 2090.843527 2087.715610 2092.321966 2098.125772 2093.517868 2092.597565 2104.206988 2105.922567 2113.886908 2121.563977 2123.106348 0.000000 0.000000
0.000000 0.000000 3854.496840 3848.912482 3845.389457 3838.806190 3826.404263 3818.968635 3817.673348 3817.347484 3814.237844 3808.559203 3807.431940 3810.318846 3809.673482 3827.352812 3835.908931 3842.363597 3844.372156 0.000000 0.000000
0.000000 0.000000 5005.395179 5002.752747 4999.103009 4993.982309 4980.926479 4963.607464 4962.966639 4959.047352 4960.962684 4964.443063 4966.135573 4966.457169 4988.994563 4998.402842 5002.724620 5004.565486 5009.964883 0.000000 0.000000
0.000000 0.000000 5778.935291 5780.168319 5778.110272 5770.137527 5769.329903 5761.519295 5762.117305 5762.348100 5761.096930 5757.806302 5757.259714 5762.243970 5762.228642 5765.465904 5776.094213 5774.164262 5778.733605 0.000000 0.000000
0.000000 0.000000 6849.820947 6846.493973 6841.305983 6841.941811 6833.491262 6821.627867 6822.481436 6818.924636 6816.553065 6816.714878 6818.813669 6813.104372 6827.928902 6840.160070 6840.854584 6843.199673 6844.741642 0.000000 0.000000
0.000000 0.000000 8084.671933 8082.162417 8083.507045 8081.116307 8064.360919 8057.126978 8057.590526 8056.987185 8054.235688 8057.082844 8060.346561 8058.916715 8062.831047 8074.521927 8080.701227 8081.600621 8082.777980 0.000000 0.000000
0.000000 0.000000 9421.647027 9421.286388 9420.027679 9403.601077 9400.626842 9388.070676 9392.629731 9381.737542 9384.751523 9383.555495 9377.823644 9385.931151 9391.490511 9393.427977 9403.446142 9409.124279 9418.512599 0.000000 0.000000
0.000000 0.000000 10835.303097 10829.594998 10823.993477 10821.338758 10814.773207 10799.121196 10797.121887 10796.826932 10803.416756 10794.520333 10797.453463 10797.197069 10814.129969 10819.737728 10821.787321 10824.192730 10844.851851 0.000000 0.000000
0.000000 0.000000 12279.593317 12276.646149 12277.112828 12267.654394 12262.865305 12230.156586 12228.609551 12228.064813 12211.366776 12220.488760 12225.007734 12227.777034 12248.813631 12254.199263 12271.678111 12270.875479 12278.843779 0.000000 0.000000
0.000000 0.000000 13882.002928 13884.324537 13875.184998 13872.085664 13836.721705 13846.954157 13835.368776 13836.482794 13839.178127 13837.073695 13835.763883 13831.946327 13818.067650 13858.238343 13864.057366 13878.108955 13886.337997 0.000000 0.000000
0.000000 0.000000 15633.039241 15627.088051 15622.186021 15587.612153 15588.741088 15571.314538 15555.962198 15554.441744 15547.100089 15539.425812 15543.028473 15541.097333 15561.091710 15562.855623 15617.589271 15606.712020 15606.370676 0.000000 0.000000
0.000000 0.000000 17452.382738 17451.102261 17400.990057 17404.236193 17409.263818 17400.036804 17423.227012 17412.763808 17421.894701 17414.981005 17408.756687 17421.152464 17423.611548 17423.911911 17394.071885 17464.497104 17458.199041 0.000000 0.000000
0.000000 0.000000 19563.225687 19497.942506 19499.751840 19483.015533 19446.454058 19438.973492 19425.258627 19429.956868 19409.722146 19410.257149 19418.757201 19415.082316 19430.580041 19450.428597 19497.375229 19481.393177 19553.048572 0.000000 0.000000
0.000000 0.000000 20882.713270 20915.357524 20982.954051 20974.499899 20961.100163 20905.908050 20908.279129 20889.782314 20908.807298 20904.454821 20909.817699 20907.452419 20955.035449 20967.361411 20993.650215 20927.858497 20896.894609 0.000000 0.000000
0.000000 0.000000 0.000000 0.000000 0.000000 0.000000 0.000000 0.000000 0.000000 0.000000 0.000000 0.000000 0.000000 0.000000 0.000000 0.000000 0.000000 0.000000 0.000000 0.000000 0.000000
0.000000 0.000000 0.000000 0.000000 0.000000 0.000000 0.000000 0.000000 0.000000 0.000000 0.000000 0.000000 0.000000 0.000000 0.000000 0.000000 0.000000 0.000000 0.000000 0.000000 0.000000